all	0	20521	1600000	0.0128256
all	1	6342	1600000	0.0039637
all	2	9163	1600000	0.0057269
all	3	8854	1600000	0.0055338
all	4	10678	1600000	0.0066738
all	5	10791	1600000	0.0067444
all	6	12627	1600000	0.0078919
all	7	13524	1600000	0.0084525
all	8	15915	1600000	0.0099469
all	9	15923	1600000	0.0099519
all	10	17459	1600000	0.0109119
all	11	17330	1600000	0.0108312
all	12	17890	1600000	0.0111813
all	13	20082	1600000	0.0125512
all	14	20396	1600000	0.0127475
all	15	19562	1600000	0.0122263
all	16	21479	1600000	0.0134244
all	17	22154	1600000	0.0138463
all	18	23701	1600000	0.0148131
all	19	25685	1600000	0.0160531
all	20	25565	1600000	0.0159781
all	21	25196	1600000	0.0157475
all	22	26267	1600000	0.0164169
all	23	26697	1600000	0.0166856
all	24	27077	1600000	0.0169231
all	25	26728	1600000	0.0167050
all	26	27286	1600000	0.0170537
all	27	28363	1600000	0.0177269
all	28	26188	1600000	0.0163675
all	29	26366	1600000	0.0164788
all	30	27022	1600000	0.0168888
all	31	24871	1600000	0.0155444
all	32	25534	1600000	0.0159588
all	33	23460	1600000	0.0146625
all	34	24470	1600000	0.0152937
all	35	23566	1600000	0.0147288
all	36	24081	1600000	0.0150506
all	37	24613	1600000	0.0153831
all	38	23731	1600000	0.0148319
all	39	21315	1600000	0.0133219
all	40	21839	1600000	0.0136494
all	41	21530	1600000	0.0134562
all	42	21937	1600000	0.0137106
all	43	21505	1600000	0.0134406
all	44	19880	1600000	0.0124250
all	45	20101	1600000	0.0125631
all	46	18809	1600000	0.0117556
all	47	19858	1600000	0.0124112
all	48	19037	1600000	0.0118981
all	49	18106	1600000	0.0113163
all	50	18587	1600000	0.0116169
all	51	16896	1600000	0.0105600
all	52	15745	1600000	0.0098406
all	53	15756	1600000	0.0098475
all	54	15749	1600000	0.0098431
all	55	14203	1600000	0.0088769
all	56	14480	1600000	0.0090500
all	57	13728	1600000	0.0085800
all	58	14778	1600000	0.0092363
all	59	13189	1600000	0.0082431
all	60	12034	1600000	0.0075212
all	61	11617	1600000	0.0072606
all	62	11312	1600000	0.0070700
all	63	10941	1600000	0.0068381
all	64	11350	1600000	0.0070937
all	65	10731	1600000	0.0067069
all	66	11074	1600000	0.0069212
all	67	11098	1600000	0.0069362
all	68	9670	1600000	0.0060437
all	69	9123	1600000	0.0057019
all	70	9012	1600000	0.0056325
all	71	9085	1600000	0.0056781
all	72	9164	1600000	0.0057275
all	73	8550	1600000	0.0053438
all	74	7799	1600000	0.0048744
all	75	7644	1600000	0.0047775
all	76	7307	1600000	0.0045669
all	77	7406	1600000	0.0046288
all	78	7035	1600000	0.0043969
all	79	6278	1600000	0.0039238
all	80	6390	1600000	0.0039938
all	81	6834	1600000	0.0042713
all	82	6348	1600000	0.0039675
all	83	5721	1600000	0.0035756
all	84	5642	1600000	0.0035262
all	85	5061	1600000	0.0031631
all	86	5243	1600000	0.0032769
all	87	4983	1600000	0.0031144
all	88	4434	1600000	0.0027712
all	89	4614	1600000	0.0028838
all	90	3935	1600000	0.0024594
all	91	4379	1600000	0.0027369
all	92	4052	1600000	0.0025325
all	93	3670	1600000	0.0022937
all	94	3611	1600000	0.0022569
all	95	3512	1600000	0.0021950
all	96	3675	1600000	0.0022969
all	97	3121	1600000	0.0019506
all	98	3307	1600000	0.0020669
all	99	3146	1600000	0.0019662
all	100	2842	1600000	0.0017762
all	101	2952	1600000	0.0018450
all	102	2616	1600000	0.0016350
all	103	3288	1600000	0.0020550
all	104	2518	1600000	0.0015738
all	105	2746	1600000	0.0017162
all	106	3043	1600000	0.0019019
all	107	2630	1600000	0.0016438
all	108	2411	1600000	0.0015069
all	109	2069	1600000	0.0012931
all	110	2661	1600000	0.0016631
all	111	2455	1600000	0.0015344
all	112	1953	1600000	0.0012206
all	113	1817	1600000	0.0011356
all	114	2076	1600000	0.0012975
all	115	1756	1600000	0.0010975
all	116	2046	1600000	0.0012788
all	117	1735	1600000	0.0010844
all	118	1781	1600000	0.0011131
all	119	1796	1600000	0.0011225
all	120	1547	1600000	0.0009669
all	121	1499	1600000	0.0009369
all	122	1762	1600000	0.0011012
all	123	1653	1600000	0.0010331
all	124	1550	1600000	0.0009687
all	125	1209	1600000	0.0007556
all	126	1243	1600000	0.0007769
all	127	1609	1600000	0.0010056
all	128	1503	1600000	0.0009394
all	129	1345	1600000	0.0008406
all	130	1367	1600000	0.0008544
all	131	1500	1600000	0.0009375
all	132	1310	1600000	0.0008188
all	133	1422	1600000	0.0008888
all	134	1260	1600000	0.0007875
all	135	1391	1600000	0.0008694
all	136	1162	1600000	0.0007263
all	137	1106	1600000	0.0006913
all	138	1037	1600000	0.0006481
all	139	949	1600000	0.0005931
all	140	1001	1600000	0.0006256
all	141	807	1600000	0.0005044
all	142	941	1600000	0.0005881
all	143	856	1600000	0.0005350
all	144	907	1600000	0.0005669
all	145	1015	1600000	0.0006344
all	146	881	1600000	0.0005506
all	147	1016	1600000	0.0006350
all	148	708	1600000	0.0004425
all	149	972	1600000	0.0006075
all	150	710	1600000	0.0004438
all	151	873	1600000	0.0005456
all	152	990	1600000	0.0006187
all	153	907	1600000	0.0005669
all	154	810	1600000	0.0005063
all	155	728	1600000	0.0004550
all	156	832	1600000	0.0005200
all	157	739	1600000	0.0004619
all	158	747	1600000	0.0004669
all	159	639	1600000	0.0003994
all	160	687	1600000	0.0004294
all	161	534	1600000	0.0003338
all	162	649	1600000	0.0004056
all	163	609	1600000	0.0003806
all	164	688	1600000	0.0004300
all	165	635	1600000	0.0003969
all	166	519	1600000	0.0003244
all	167	368	1600000	0.0002300
all	168	475	1600000	0.0002969
all	169	485	1600000	0.0003031
all	170	651	1600000	0.0004069
all	171	550	1600000	0.0003437
all	172	517	1600000	0.0003231
all	173	488	1600000	0.0003050
all	174	481	1600000	0.0003006
all	175	435	1600000	0.0002719
all	176	407	1600000	0.0002544
all	177	534	1600000	0.0003338
all	178	551	1600000	0.0003444
all	179	312	1600000	0.0001950
all	180	412	1600000	0.0002575
all	181	402	1600000	0.0002512
all	182	502	1600000	0.0003138
all	183	382	1600000	0.0002387
all	184	420	1600000	0.0002625
all	185	286	1600000	0.0001787
all	186	346	1600000	0.0002163
all	187	373	1600000	0.0002331
all	188	399	1600000	0.0002494
all	189	287	1600000	0.0001794
all	190	257	1600000	0.0001606
all	191	344	1600000	0.0002150
all	192	297	1600000	0.0001856
all	193	251	1600000	0.0001569
all	194	323	1600000	0.0002019
all	195	413	1600000	0.0002581
all	196	279	1600000	0.0001744
all	197	338	1600000	0.0002112
all	198	303	1600000	0.0001894
all	199	296	1600000	0.0001850
all	200	331	1600000	0.0002069
all	201	230	1600000	0.0001438
all	202	202	1600000	0.0001263
all	203	190	1600000	0.0001188
all	204	276	1600000	0.0001725
all	205	279	1600000	0.0001744
all	206	282	1600000	0.0001763
all	207	178	1600000	0.0001113
all	208	203	1600000	0.0001269
all	209	228	1600000	0.0001425
all	210	271	1600000	0.0001694
all	211	238	1600000	0.0001487
all	212	260	1600000	0.0001625
all	213	279	1600000	0.0001744
all	214	246	1600000	0.0001538
all	215	250	1600000	0.0001562
all	216	254	1600000	0.0001588
all	217	252	1600000	0.0001575
all	218	206	1600000	0.0001288
all	219	143	1600000	0.0000894
all	220	170	1600000	0.0001063
all	221	113	1600000	0.0000706
all	222	121	1600000	0.0000756
all	223	182	1600000	0.0001138
all	224	156	1600000	0.0000975
all	225	211	1600000	0.0001319
all	226	191	1600000	0.0001194
all	227	149	1600000	0.0000931
all	228	173	1600000	0.0001081
all	229	153	1600000	0.0000956
all	230	212	1600000	0.0001325
all	231	224	1600000	0.0001400
all	232	146	1600000	0.0000913
all	233	140	1600000	0.0000875
all	234	179	1600000	0.0001119
all	235	147	1600000	0.0000919
all	236	250	1600000	0.0001562
all	237	220	1600000	0.0001375
all	238	217	1600000	0.0001356
all	239	139	1600000	0.0000869
all	240	154	1600000	0.0000962
all	241	72	1600000	0.0000450
all	242	147	1600000	0.0000919
all	243	133	1600000	0.0000831
all	244	153	1600000	0.0000956
all	245	163	1600000	0.0001019
all	246	111	1600000	0.0000694
all	247	136	1600000	0.0000850
all	248	96	1600000	0.0000600
all	249	92	1600000	0.0000575
all	250	75	1600000	0.0000469
all	251	103	1600000	0.0000644
all	252	84	1600000	0.0000525
all	253	93	1600000	0.0000581
all	254	75	1600000	0.0000469
all	255	101	1600000	0.0000631
all	256	80	1600000	0.0000500
all	257	82	1600000	0.0000513
all	258	162	1600000	0.0001012
all	259	109	1600000	0.0000681
all	260	123	1600000	0.0000769
all	261	123	1600000	0.0000769
all	262	140	1600000	0.0000875
all	263	175	1600000	0.0001094
all	264	166	1600000	0.0001037
all	265	118	1600000	0.0000738
all	266	95	1600000	0.0000594
all	267	101	1600000	0.0000631
all	268	96	1600000	0.0000600
all	269	82	1600000	0.0000513
all	270	50	1600000	0.0000313
all	271	111	1600000	0.0000694
all	272	81	1600000	0.0000506
all	273	69	1600000	0.0000431
all	274	96	1600000	0.0000600
all	275	43	1600000	0.0000269
all	276	80	1600000	0.0000500
all	277	113	1600000	0.0000706
all	278	78	1600000	0.0000488
all	279	57	1600000	0.0000356
all	280	35	1600000	0.0000219
all	281	45	1600000	0.0000281
all	282	32	1600000	0.0000200
all	283	50	1600000	0.0000313
all	284	57	1600000	0.0000356
all	285	87	1600000	0.0000544
all	286	72	1600000	0.0000450
all	287	42	1600000	0.0000262
all	288	66	1600000	0.0000413
all	289	38	1600000	0.0000238
all	290	21	1600000	0.0000131
all	291	32	1600000	0.0000200
all	292	89	1600000	0.0000556
all	293	45	1600000	0.0000281
all	294	37	1600000	0.0000231
all	295	32	1600000	0.0000200
all	296	43	1600000	0.0000269
all	297	22	1600000	0.0000138
all	298	30	1600000	0.0000188
all	299	20	1600000	0.0000125
all	300	26	1600000	0.0000163
all	301	45	1600000	0.0000281
all	302	80	1600000	0.0000500
all	303	47	1600000	0.0000294
all	304	54	1600000	0.0000337
all	305	100	1600000	0.0000625
all	306	59	1600000	0.0000369
all	307	38	1600000	0.0000238
all	308	100	1600000	0.0000625
all	309	31	1600000	0.0000194
all	310	37	1600000	0.0000231
all	311	21	1600000	0.0000131
all	312	24	1600000	0.0000150
all	313	31	1600000	0.0000194
all	314	27	1600000	0.0000169
all	315	27	1600000	0.0000169
all	316	44	1600000	0.0000275
all	317	17	1600000	0.0000106
all	318	70	1600000	0.0000437
all	319	39	1600000	0.0000244
all	320	43	1600000	0.0000269
all	321	75	1600000	0.0000469
all	322	44	1600000	0.0000275
all	323	13	1600000	0.0000081
all	324	47	1600000	0.0000294
all	325	4	1600000	0.0000025
all	326	30	1600000	0.0000188
all	327	45	1600000	0.0000281
all	328	11	1600000	0.0000069
all	329	22	1600000	0.0000138
all	330	27	1600000	0.0000169
all	331	8	1600000	0.0000050
all	332	11	1600000	0.0000069
all	333	3	1600000	0.0000019
all	334	13	1600000	0.0000081
all	335	13	1600000	0.0000081
all	336	10	1600000	0.0000062
all	337	20	1600000	0.0000125
all	338	23	1600000	0.0000144
all	339	20	1600000	0.0000125
all	340	19	1600000	0.0000119
all	341	13	1600000	0.0000081
all	342	39	1600000	0.0000244
all	343	35	1600000	0.0000219
all	344	22	1600000	0.0000138
all	345	25	1600000	0.0000156
all	346	33	1600000	0.0000206
all	347	11	1600000	0.0000069
all	348	17	1600000	0.0000106
all	349	25	1600000	0.0000156
all	350	13	1600000	0.0000081
all	351	18	1600000	0.0000113
all	352	29	1600000	0.0000181
all	353	10	1600000	0.0000062
all	354	73	1600000	0.0000456
all	355	15	1600000	0.0000094
all	356	47	1600000	0.0000294
all	357	7	1600000	0.0000044
all	358	8	1600000	0.0000050
all	359	13	1600000	0.0000081
all	360	8	1600000	0.0000050
all	361	14	1600000	0.0000088
all	362	4	1600000	0.0000025
all	363	3	1600000	0.0000019
all	364	11	1600000	0.0000069
all	365	20	1600000	0.0000125
all	366	7	1600000	0.0000044
all	367	23	1600000	0.0000144
all	368	23	1600000	0.0000144
all	369	59	1600000	0.0000369
all	370	14	1600000	0.0000088
all	371	17	1600000	0.0000106
all	372	10	1600000	0.0000062
all	373	22	1600000	0.0000138
all	374	13	1600000	0.0000081
all	375	9	1600000	0.0000056
all	376	11	1600000	0.0000069
all	377	11	1600000	0.0000069
all	378	16	1600000	0.0000100
all	379	24	1600000	0.0000150
all	380	29	1600000	0.0000181
all	381	8	1600000	0.0000050
all	382	20	1600000	0.0000125
all	383	15	1600000	0.0000094
all	384	7	1600000	0.0000044
all	385	11	1600000	0.0000069
all	386	16	1600000	0.0000100
all	387	11	1600000	0.0000069
all	388	29	1600000	0.0000181
all	389	1	1600000	0.0000006
all	390	1	1600000	0.0000006
all	391	23	1600000	0.0000144
all	392	15	1600000	0.0000094
all	393	3	1600000	0.0000019
all	394	17	1600000	0.0000106
all	395	11	1600000	0.0000069
all	396	11	1600000	0.0000069
all	397	23	1600000	0.0000144
all	398	16	1600000	0.0000100
all	399	26	1600000	0.0000163
all	400	16	1600000	0.0000100
all	401	23	1600000	0.0000144
all	402	38	1600000	0.0000238
all	403	4	1600000	0.0000025
all	404	10	1600000	0.0000062
all	405	18	1600000	0.0000113
all	406	8	1600000	0.0000050
all	407	5	1600000	0.0000031
all	408	8	1600000	0.0000050
all	409	10	1600000	0.0000062
all	410	20	1600000	0.0000125
all	411	8	1600000	0.0000050
all	412	15	1600000	0.0000094
all	413	11	1600000	0.0000069
all	414	51	1600000	0.0000319
all	415	1	1600000	0.0000006
all	416	1	1600000	0.0000006
all	417	6	1600000	0.0000037
all	418	5	1600000	0.0000031
all	420	7	1600000	0.0000044
all	421	3	1600000	0.0000019
all	422	16	1600000	0.0000100
all	423	4	1600000	0.0000025
all	424	6	1600000	0.0000037
all	426	4	1600000	0.0000025
all	427	3	1600000	0.0000019
all	428	2	1600000	0.0000012
all	429	2	1600000	0.0000012
all	430	4	1600000	0.0000025
all	431	5	1600000	0.0000031
all	432	19	1600000	0.0000119
all	433	5	1600000	0.0000031
all	434	2	1600000	0.0000012
all	436	3	1600000	0.0000019
all	437	5	1600000	0.0000031
all	438	5	1600000	0.0000031
all	440	2	1600000	0.0000012
all	441	1	1600000	0.0000006
all	442	11	1600000	0.0000069
all	443	2	1600000	0.0000012
all	444	5	1600000	0.0000031
all	445	1	1600000	0.0000006
all	446	8	1600000	0.0000050
all	447	30	1600000	0.0000188
all	450	5	1600000	0.0000031
all	451	6	1600000	0.0000037
all	452	2	1600000	0.0000012
all	453	9	1600000	0.0000056
all	454	4	1600000	0.0000025
all	455	1	1600000	0.0000006
all	456	2	1600000	0.0000012
all	457	1	1600000	0.0000006
all	458	8	1600000	0.0000050
all	459	4	1600000	0.0000025
all	460	1	1600000	0.0000006
all	463	11	1600000	0.0000069
all	464	6	1600000	0.0000037
all	465	1	1600000	0.0000006
all	466	4	1600000	0.0000025
all	467	3	1600000	0.0000019
all	469	4	1600000	0.0000025
all	470	13	1600000	0.0000081
all	471	20	1600000	0.0000125
all	472	3	1600000	0.0000019
all	473	1	1600000	0.0000006
all	477	2	1600000	0.0000012
all	478	1	1600000	0.0000006
all	480	7	1600000	0.0000044
all	482	4	1600000	0.0000025
all	483	2	1600000	0.0000012
all	485	4	1600000	0.0000025
all	487	4	1600000	0.0000025
all	488	4	1600000	0.0000025
all	489	2	1600000	0.0000012
all	490	2	1600000	0.0000012
all	491	5	1600000	0.0000031
all	492	3	1600000	0.0000019
all	494	4	1600000	0.0000025
all	496	3	1600000	0.0000019
all	497	5	1600000	0.0000031
all	498	6	1600000	0.0000037
all	499	8	1600000	0.0000050
all	500	8	1600000	0.0000050
all	501	12	1600000	0.0000075
all	502	2	1600000	0.0000012
all	503	6	1600000	0.0000037
all	504	4	1600000	0.0000025
all	505	8	1600000	0.0000050
all	507	3	1600000	0.0000019
all	508	2	1600000	0.0000012
all	509	5	1600000	0.0000031
all	510	7	1600000	0.0000044
all	511	2	1600000	0.0000012
all	514	4	1600000	0.0000025
all	520	2	1600000	0.0000012
all	521	1	1600000	0.0000006
all	528	1	1600000	0.0000006
all	530	1	1600000	0.0000006
all	531	1	1600000	0.0000006
all	533	1	1600000	0.0000006
all	534	4	1600000	0.0000025
all	535	2	1600000	0.0000012
all	536	2	1600000	0.0000012
all	537	30	1600000	0.0000188
all	538	2	1600000	0.0000012
all	539	1	1600000	0.0000006
all	540	7	1600000	0.0000044
all	542	12	1600000	0.0000075
all	543	2	1600000	0.0000012
all	544	3	1600000	0.0000019
all	545	6	1600000	0.0000037
all	546	1	1600000	0.0000006
all	547	2	1600000	0.0000012
all	566	4	1600000	0.0000025
all	569	1	1600000	0.0000006
all	571	2	1600000	0.0000012
all	573	2	1600000	0.0000012
all	588	2	1600000	0.0000012
all	590	8	1600000	0.0000050
all	591	7	1600000	0.0000044
all	592	6	1600000	0.0000037
all	593	6	1600000	0.0000037
all	594	22	1600000	0.0000138
all	595	12	1600000	0.0000075
all	597	16	1600000	0.0000100
all	598	2	1600000	0.0000012
all	601	2	1600000	0.0000012
all	602	6	1600000	0.0000037
all	603	3	1600000	0.0000019
all	611	2	1600000	0.0000012
all	642	2	1600000	0.0000012
all	643	2	1600000	0.0000012
all	645	2	1600000	0.0000012
