all	0	9213	1600000	0.0057581
all	1	1837	1600000	0.0011481
all	2	3132	1600000	0.0019575
all	3	2928	1600000	0.0018300
all	4	3150	1600000	0.0019688
all	5	3508	1600000	0.0021925
all	6	3742	1600000	0.0023388
all	7	3965	1600000	0.0024781
all	8	4325	1600000	0.0027031
all	9	4703	1600000	0.0029394
all	10	5914	1600000	0.0036963
all	11	6299	1600000	0.0039369
all	12	6148	1600000	0.0038425
all	13	7372	1600000	0.0046075
all	14	7476	1600000	0.0046725
all	15	8019	1600000	0.0050119
all	16	8874	1600000	0.0055462
all	17	9351	1600000	0.0058444
all	18	9535	1600000	0.0059594
all	19	10682	1600000	0.0066763
all	20	11465	1600000	0.0071656
all	21	11865	1600000	0.0074156
all	22	11216	1600000	0.0070100
all	23	12194	1600000	0.0076213
all	24	12565	1600000	0.0078531
all	25	11980	1600000	0.0074875
all	26	12938	1600000	0.0080863
all	27	14121	1600000	0.0088256
all	28	14195	1600000	0.0088719
all	29	15358	1600000	0.0095987
all	30	14743	1600000	0.0092144
all	31	17025	1600000	0.0106406
all	32	15964	1600000	0.0099775
all	33	18023	1600000	0.0112644
all	34	17832	1600000	0.0111450
all	35	17370	1600000	0.0108563
all	36	18600	1600000	0.0116250
all	37	18205	1600000	0.0113781
all	38	18379	1600000	0.0114869
all	39	18862	1600000	0.0117888
all	40	19863	1600000	0.0124144
all	41	19603	1600000	0.0122519
all	42	19409	1600000	0.0121306
all	43	19834	1600000	0.0123962
all	44	19295	1600000	0.0120594
all	45	20848	1600000	0.0130300
all	46	20145	1600000	0.0125906
all	47	20087	1600000	0.0125544
all	48	19905	1600000	0.0124406
all	49	20044	1600000	0.0125275
all	50	19852	1600000	0.0124075
all	51	19985	1600000	0.0124906
all	52	19845	1600000	0.0124031
all	53	19969	1600000	0.0124806
all	54	19422	1600000	0.0121388
all	55	19043	1600000	0.0119019
all	56	19331	1600000	0.0120819
all	57	18182	1600000	0.0113638
all	58	18502	1600000	0.0115637
all	59	17296	1600000	0.0108100
all	60	18208	1600000	0.0113800
all	61	17337	1600000	0.0108356
all	62	16910	1600000	0.0105688
all	63	17001	1600000	0.0106256
all	64	16709	1600000	0.0104431
all	65	16171	1600000	0.0101069
all	66	16138	1600000	0.0100862
all	67	15964	1600000	0.0099775
all	68	15385	1600000	0.0096156
all	69	15194	1600000	0.0094963
all	70	15491	1600000	0.0096819
all	71	15399	1600000	0.0096244
all	72	15695	1600000	0.0098094
all	73	15153	1600000	0.0094706
all	74	14129	1600000	0.0088306
all	75	14543	1600000	0.0090894
all	76	13025	1600000	0.0081406
all	77	12547	1600000	0.0078419
all	78	12802	1600000	0.0080013
all	79	12784	1600000	0.0079900
all	80	12746	1600000	0.0079663
all	81	12090	1600000	0.0075562
all	82	12079	1600000	0.0075494
all	83	11054	1600000	0.0069088
all	84	11196	1600000	0.0069975
all	85	11316	1600000	0.0070725
all	86	10116	1600000	0.0063225
all	87	9998	1600000	0.0062487
all	88	9355	1600000	0.0058469
all	89	9320	1600000	0.0058250
all	90	9683	1600000	0.0060519
all	91	9078	1600000	0.0056737
all	92	9248	1600000	0.0057800
all	93	8807	1600000	0.0055044
all	94	8331	1600000	0.0052069
all	95	8688	1600000	0.0054300
all	96	8127	1600000	0.0050794
all	97	8306	1600000	0.0051912
all	98	7618	1600000	0.0047613
all	99	7597	1600000	0.0047481
all	100	6972	1600000	0.0043575
all	101	6832	1600000	0.0042700
all	102	7260	1600000	0.0045375
all	103	6894	1600000	0.0043087
all	104	6454	1600000	0.0040337
all	105	6041	1600000	0.0037756
all	106	5668	1600000	0.0035425
all	107	6200	1600000	0.0038750
all	108	5775	1600000	0.0036094
all	109	5445	1600000	0.0034031
all	110	5420	1600000	0.0033875
all	111	5149	1600000	0.0032181
all	112	4967	1600000	0.0031044
all	113	4779	1600000	0.0029869
all	114	4513	1600000	0.0028206
all	115	4725	1600000	0.0029531
all	116	4267	1600000	0.0026669
all	117	4274	1600000	0.0026712
all	118	4395	1600000	0.0027469
all	119	4370	1600000	0.0027312
all	120	4458	1600000	0.0027863
all	121	3874	1600000	0.0024213
all	122	3878	1600000	0.0024238
all	123	3943	1600000	0.0024644
all	124	3873	1600000	0.0024206
all	125	3346	1600000	0.0020912
all	126	3404	1600000	0.0021275
all	127	3147	1600000	0.0019669
all	128	3148	1600000	0.0019675
all	129	2921	1600000	0.0018256
all	130	2961	1600000	0.0018506
all	131	2709	1600000	0.0016931
all	132	2643	1600000	0.0016519
all	133	2522	1600000	0.0015762
all	134	2440	1600000	0.0015250
all	135	2418	1600000	0.0015113
all	136	2489	1600000	0.0015556
all	137	2351	1600000	0.0014694
all	138	2327	1600000	0.0014544
all	139	2256	1600000	0.0014100
all	140	2338	1600000	0.0014613
all	141	2192	1600000	0.0013700
all	142	2265	1600000	0.0014156
all	143	2189	1600000	0.0013681
all	144	1952	1600000	0.0012200
all	145	1889	1600000	0.0011806
all	146	1994	1600000	0.0012463
all	147	1952	1600000	0.0012200
all	148	1988	1600000	0.0012425
all	149	1913	1600000	0.0011956
all	150	1887	1600000	0.0011794
all	151	1741	1600000	0.0010881
all	152	1645	1600000	0.0010281
all	153	1539	1600000	0.0009619
all	154	1685	1600000	0.0010531
all	155	1490	1600000	0.0009312
all	156	1372	1600000	0.0008575
all	157	1363	1600000	0.0008519
all	158	1264	1600000	0.0007900
all	159	1361	1600000	0.0008506
all	160	1451	1600000	0.0009069
all	161	1358	1600000	0.0008488
all	162	1395	1600000	0.0008719
all	163	1486	1600000	0.0009288
all	164	1234	1600000	0.0007712
all	165	1073	1600000	0.0006706
all	166	1183	1600000	0.0007394
all	167	1187	1600000	0.0007419
all	168	1379	1600000	0.0008619
all	169	1368	1600000	0.0008550
all	170	1264	1600000	0.0007900
all	171	1058	1600000	0.0006612
all	172	1260	1600000	0.0007875
all	173	1155	1600000	0.0007219
all	174	1199	1600000	0.0007494
all	175	1041	1600000	0.0006506
all	176	1019	1600000	0.0006369
all	177	1139	1600000	0.0007119
all	178	963	1600000	0.0006019
all	179	931	1600000	0.0005819
all	180	878	1600000	0.0005487
all	181	817	1600000	0.0005106
all	182	997	1600000	0.0006231
all	183	880	1600000	0.0005500
all	184	825	1600000	0.0005156
all	185	940	1600000	0.0005875
all	186	826	1600000	0.0005162
all	187	823	1600000	0.0005144
all	188	810	1600000	0.0005063
all	189	876	1600000	0.0005475
all	190	655	1600000	0.0004094
all	191	721	1600000	0.0004506
all	192	728	1600000	0.0004550
all	193	564	1600000	0.0003525
all	194	698	1600000	0.0004363
all	195	551	1600000	0.0003444
all	196	638	1600000	0.0003988
all	197	607	1600000	0.0003794
all	198	601	1600000	0.0003756
all	199	688	1600000	0.0004300
all	200	565	1600000	0.0003531
all	201	455	1600000	0.0002844
all	202	558	1600000	0.0003488
all	203	505	1600000	0.0003156
all	204	487	1600000	0.0003044
all	205	544	1600000	0.0003400
all	206	548	1600000	0.0003425
all	207	573	1600000	0.0003581
all	208	524	1600000	0.0003275
all	209	544	1600000	0.0003400
all	210	512	1600000	0.0003200
all	211	553	1600000	0.0003456
all	212	486	1600000	0.0003038
all	213	519	1600000	0.0003244
all	214	435	1600000	0.0002719
all	215	462	1600000	0.0002887
all	216	429	1600000	0.0002681
all	217	393	1600000	0.0002456
all	218	470	1600000	0.0002937
all	219	443	1600000	0.0002769
all	220	460	1600000	0.0002875
all	221	420	1600000	0.0002625
all	222	418	1600000	0.0002613
all	223	431	1600000	0.0002694
all	224	379	1600000	0.0002369
all	225	483	1600000	0.0003019
all	226	419	1600000	0.0002619
all	227	350	1600000	0.0002188
all	228	387	1600000	0.0002419
all	229	365	1600000	0.0002281
all	230	322	1600000	0.0002013
all	231	333	1600000	0.0002081
all	232	347	1600000	0.0002169
all	233	421	1600000	0.0002631
all	234	353	1600000	0.0002206
all	235	347	1600000	0.0002169
all	236	302	1600000	0.0001887
all	237	270	1600000	0.0001688
all	238	382	1600000	0.0002387
all	239	334	1600000	0.0002088
all	240	300	1600000	0.0001875
all	241	267	1600000	0.0001669
all	242	326	1600000	0.0002037
all	243	292	1600000	0.0001825
all	244	360	1600000	0.0002250
all	245	436	1600000	0.0002725
all	246	282	1600000	0.0001763
all	247	365	1600000	0.0002281
all	248	318	1600000	0.0001987
all	249	375	1600000	0.0002344
all	250	292	1600000	0.0001825
all	251	327	1600000	0.0002044
all	252	326	1600000	0.0002037
all	253	247	1600000	0.0001544
all	254	279	1600000	0.0001744
all	255	205	1600000	0.0001281
all	256	218	1600000	0.0001363
all	257	217	1600000	0.0001356
all	258	311	1600000	0.0001944
all	259	267	1600000	0.0001669
all	260	249	1600000	0.0001556
all	261	301	1600000	0.0001881
all	262	251	1600000	0.0001569
all	263	243	1600000	0.0001519
all	264	227	1600000	0.0001419
all	265	210	1600000	0.0001312
all	266	216	1600000	0.0001350
all	267	140	1600000	0.0000875
all	268	158	1600000	0.0000988
all	269	170	1600000	0.0001063
all	270	247	1600000	0.0001544
all	271	196	1600000	0.0001225
all	272	163	1600000	0.0001019
all	273	170	1600000	0.0001063
all	274	215	1600000	0.0001344
all	275	201	1600000	0.0001256
all	276	161	1600000	0.0001006
all	277	161	1600000	0.0001006
all	278	149	1600000	0.0000931
all	279	170	1600000	0.0001063
all	280	211	1600000	0.0001319
all	281	253	1600000	0.0001581
all	282	164	1600000	0.0001025
all	283	201	1600000	0.0001256
all	284	184	1600000	0.0001150
all	285	141	1600000	0.0000881
all	286	94	1600000	0.0000587
all	287	190	1600000	0.0001188
all	288	128	1600000	0.0000800
all	289	123	1600000	0.0000769
all	290	154	1600000	0.0000962
all	291	172	1600000	0.0001075
all	292	113	1600000	0.0000706
all	293	117	1600000	0.0000731
all	294	172	1600000	0.0001075
all	295	122	1600000	0.0000762
all	296	152	1600000	0.0000950
all	297	98	1600000	0.0000613
all	298	109	1600000	0.0000681
all	299	115	1600000	0.0000719
all	300	123	1600000	0.0000769
all	301	115	1600000	0.0000719
all	302	87	1600000	0.0000544
all	303	140	1600000	0.0000875
all	304	96	1600000	0.0000600
all	305	65	1600000	0.0000406
all	306	69	1600000	0.0000431
all	307	48	1600000	0.0000300
all	308	84	1600000	0.0000525
all	309	102	1600000	0.0000637
all	310	60	1600000	0.0000375
all	311	112	1600000	0.0000700
all	312	96	1600000	0.0000600
all	313	89	1600000	0.0000556
all	314	106	1600000	0.0000663
all	315	78	1600000	0.0000488
all	316	115	1600000	0.0000719
all	317	78	1600000	0.0000488
all	318	108	1600000	0.0000675
all	319	94	1600000	0.0000587
all	320	75	1600000	0.0000469
all	321	120	1600000	0.0000750
all	322	127	1600000	0.0000794
all	323	107	1600000	0.0000669
all	324	101	1600000	0.0000631
all	325	98	1600000	0.0000613
all	326	65	1600000	0.0000406
all	327	105	1600000	0.0000656
all	328	77	1600000	0.0000481
all	329	67	1600000	0.0000419
all	330	43	1600000	0.0000269
all	331	39	1600000	0.0000244
all	332	52	1600000	0.0000325
all	333	58	1600000	0.0000362
all	334	70	1600000	0.0000437
all	335	36	1600000	0.0000225
all	336	48	1600000	0.0000300
all	337	66	1600000	0.0000413
all	338	54	1600000	0.0000337
all	339	47	1600000	0.0000294
all	340	73	1600000	0.0000456
all	341	67	1600000	0.0000419
all	342	62	1600000	0.0000388
all	343	71	1600000	0.0000444
all	344	50	1600000	0.0000313
all	345	86	1600000	0.0000537
all	346	33	1600000	0.0000206
all	347	35	1600000	0.0000219
all	348	53	1600000	0.0000331
all	349	39	1600000	0.0000244
all	350	27	1600000	0.0000169
all	351	67	1600000	0.0000419
all	352	27	1600000	0.0000169
all	353	44	1600000	0.0000275
all	354	28	1600000	0.0000175
all	355	51	1600000	0.0000319
all	356	32	1600000	0.0000200
all	357	41	1600000	0.0000256
all	358	38	1600000	0.0000238
all	359	41	1600000	0.0000256
all	360	35	1600000	0.0000219
all	361	42	1600000	0.0000262
all	362	21	1600000	0.0000131
all	363	73	1600000	0.0000456
all	364	22	1600000	0.0000138
all	365	24	1600000	0.0000150
all	366	24	1600000	0.0000150
all	367	45	1600000	0.0000281
all	368	16	1600000	0.0000100
all	369	22	1600000	0.0000138
all	370	23	1600000	0.0000144
all	371	17	1600000	0.0000106
all	372	38	1600000	0.0000238
all	373	32	1600000	0.0000200
all	374	28	1600000	0.0000175
all	375	63	1600000	0.0000394
all	376	17	1600000	0.0000106
all	377	29	1600000	0.0000181
all	378	32	1600000	0.0000200
all	379	8	1600000	0.0000050
all	380	54	1600000	0.0000337
all	381	26	1600000	0.0000163
all	382	36	1600000	0.0000225
all	383	46	1600000	0.0000288
all	384	40	1600000	0.0000250
all	385	22	1600000	0.0000138
all	386	40	1600000	0.0000250
all	387	40	1600000	0.0000250
all	388	40	1600000	0.0000250
all	389	19	1600000	0.0000119
all	390	34	1600000	0.0000212
all	391	25	1600000	0.0000156
all	392	17	1600000	0.0000106
all	393	5	1600000	0.0000031
all	394	13	1600000	0.0000081
all	395	31	1600000	0.0000194
all	396	31	1600000	0.0000194
all	397	30	1600000	0.0000188
all	398	24	1600000	0.0000150
all	399	21	1600000	0.0000131
all	400	28	1600000	0.0000175
all	401	25	1600000	0.0000156
all	402	26	1600000	0.0000163
all	403	13	1600000	0.0000081
all	404	22	1600000	0.0000138
all	405	13	1600000	0.0000081
all	406	29	1600000	0.0000181
all	407	12	1600000	0.0000075
all	408	9	1600000	0.0000056
all	409	44	1600000	0.0000275
all	410	8	1600000	0.0000050
all	411	7	1600000	0.0000044
all	412	13	1600000	0.0000081
all	413	27	1600000	0.0000169
all	414	8	1600000	0.0000050
all	415	20	1600000	0.0000125
all	416	17	1600000	0.0000106
all	417	15	1600000	0.0000094
all	418	27	1600000	0.0000169
all	419	24	1600000	0.0000150
all	420	12	1600000	0.0000075
all	421	17	1600000	0.0000106
all	422	17	1600000	0.0000106
all	423	22	1600000	0.0000138
all	424	8	1600000	0.0000050
all	425	12	1600000	0.0000075
all	426	40	1600000	0.0000250
all	427	33	1600000	0.0000206
all	428	43	1600000	0.0000269
all	429	17	1600000	0.0000106
all	430	17	1600000	0.0000106
all	431	23	1600000	0.0000144
all	432	20	1600000	0.0000125
all	433	5	1600000	0.0000031
all	434	4	1600000	0.0000025
all	435	27	1600000	0.0000169
all	436	13	1600000	0.0000081
all	437	21	1600000	0.0000131
all	438	17	1600000	0.0000106
all	439	12	1600000	0.0000075
all	440	6	1600000	0.0000037
all	441	8	1600000	0.0000050
all	442	18	1600000	0.0000113
all	443	17	1600000	0.0000106
all	444	17	1600000	0.0000106
all	445	25	1600000	0.0000156
all	446	14	1600000	0.0000088
all	447	23	1600000	0.0000144
all	448	17	1600000	0.0000106
all	449	3	1600000	0.0000019
all	450	9	1600000	0.0000056
all	451	15	1600000	0.0000094
all	452	28	1600000	0.0000175
all	453	37	1600000	0.0000231
all	454	14	1600000	0.0000088
all	455	17	1600000	0.0000106
all	456	10	1600000	0.0000062
all	457	15	1600000	0.0000094
all	458	23	1600000	0.0000144
all	459	8	1600000	0.0000050
all	460	11	1600000	0.0000069
all	461	6	1600000	0.0000037
all	462	8	1600000	0.0000050
all	463	9	1600000	0.0000056
all	464	12	1600000	0.0000075
all	465	9	1600000	0.0000056
all	466	20	1600000	0.0000125
all	467	5	1600000	0.0000031
all	468	10	1600000	0.0000062
all	469	7	1600000	0.0000044
all	470	10	1600000	0.0000062
all	471	1	1600000	0.0000006
all	472	8	1600000	0.0000050
all	473	6	1600000	0.0000037
all	474	8	1600000	0.0000050
all	475	7	1600000	0.0000044
all	476	3	1600000	0.0000019
all	477	3	1600000	0.0000019
all	478	5	1600000	0.0000031
all	479	6	1600000	0.0000037
all	480	10	1600000	0.0000062
all	481	16	1600000	0.0000100
all	482	12	1600000	0.0000075
all	483	1	1600000	0.0000006
all	484	9	1600000	0.0000056
all	485	12	1600000	0.0000075
all	486	1	1600000	0.0000006
all	487	20	1600000	0.0000125
all	488	24	1600000	0.0000150
all	489	1	1600000	0.0000006
all	490	15	1600000	0.0000094
all	491	54	1600000	0.0000337
all	492	5	1600000	0.0000031
all	493	9	1600000	0.0000056
all	494	4	1600000	0.0000025
all	495	10	1600000	0.0000062
all	496	12	1600000	0.0000075
all	497	12	1600000	0.0000075
all	498	9	1600000	0.0000056
all	499	7	1600000	0.0000044
all	500	9	1600000	0.0000056
all	501	8	1600000	0.0000050
all	502	5	1600000	0.0000031
all	503	7	1600000	0.0000044
all	504	11	1600000	0.0000069
all	505	7	1600000	0.0000044
all	506	9	1600000	0.0000056
all	508	4	1600000	0.0000025
all	509	9	1600000	0.0000056
all	510	12	1600000	0.0000075
all	511	3	1600000	0.0000019
all	512	2	1600000	0.0000012
all	513	2	1600000	0.0000012
all	514	8	1600000	0.0000050
all	515	1	1600000	0.0000006
all	516	8	1600000	0.0000050
all	517	2	1600000	0.0000012
all	518	11	1600000	0.0000069
all	519	1	1600000	0.0000006
all	520	4	1600000	0.0000025
all	521	12	1600000	0.0000075
all	522	4	1600000	0.0000025
all	523	7	1600000	0.0000044
all	524	4	1600000	0.0000025
all	525	6	1600000	0.0000037
all	526	8	1600000	0.0000050
all	527	3	1600000	0.0000019
all	528	6	1600000	0.0000037
all	529	12	1600000	0.0000075
all	530	2	1600000	0.0000012
all	531	8	1600000	0.0000050
all	532	8	1600000	0.0000050
all	533	7	1600000	0.0000044
all	534	10	1600000	0.0000062
all	535	6	1600000	0.0000037
all	536	3	1600000	0.0000019
all	537	1	1600000	0.0000006
all	538	3	1600000	0.0000019
all	539	1	1600000	0.0000006
all	540	2	1600000	0.0000012
all	541	5	1600000	0.0000031
all	542	8	1600000	0.0000050
all	543	11	1600000	0.0000069
all	544	6	1600000	0.0000037
all	545	1	1600000	0.0000006
all	546	12	1600000	0.0000075
all	548	2	1600000	0.0000012
all	550	3	1600000	0.0000019
all	551	1	1600000	0.0000006
all	552	11	1600000	0.0000069
all	553	6	1600000	0.0000037
all	554	1	1600000	0.0000006
all	555	13	1600000	0.0000081
all	556	1	1600000	0.0000006
all	557	4	1600000	0.0000025
all	558	16	1600000	0.0000100
all	559	12	1600000	0.0000075
all	560	1	1600000	0.0000006
all	561	5	1600000	0.0000031
all	562	4	1600000	0.0000025
all	563	3	1600000	0.0000019
all	564	12	1600000	0.0000075
all	565	4	1600000	0.0000025
all	566	8	1600000	0.0000050
all	567	1	1600000	0.0000006
all	568	3	1600000	0.0000019
all	569	8	1600000	0.0000050
all	570	2	1600000	0.0000012
all	571	11	1600000	0.0000069
all	572	5	1600000	0.0000031
all	573	5	1600000	0.0000031
all	574	1	1600000	0.0000006
all	575	1	1600000	0.0000006
all	576	3	1600000	0.0000019
all	577	8	1600000	0.0000050
all	578	3	1600000	0.0000019
all	579	5	1600000	0.0000031
all	580	3	1600000	0.0000019
all	582	3	1600000	0.0000019
all	584	2	1600000	0.0000012
all	585	2	1600000	0.0000012
all	587	2	1600000	0.0000012
all	589	2	1600000	0.0000012
all	591	1	1600000	0.0000006
all	592	1	1600000	0.0000006
all	593	1	1600000	0.0000006
all	594	3	1600000	0.0000019
all	595	3	1600000	0.0000019
all	596	1	1600000	0.0000006
all	599	2	1600000	0.0000012
all	601	8	1600000	0.0000050
all	602	2	1600000	0.0000012
all	603	1	1600000	0.0000006
all	604	4	1600000	0.0000025
all	605	2	1600000	0.0000012
all	606	4	1600000	0.0000025
all	607	2	1600000	0.0000012
all	608	2	1600000	0.0000012
all	609	4	1600000	0.0000025
all	610	3	1600000	0.0000019
all	611	6	1600000	0.0000037
all	612	2	1600000	0.0000012
all	613	7	1600000	0.0000044
all	614	1	1600000	0.0000006
all	615	4	1600000	0.0000025
all	617	1	1600000	0.0000006
all	618	13	1600000	0.0000081
all	619	5	1600000	0.0000031
all	620	2	1600000	0.0000012
all	621	1	1600000	0.0000006
all	622	7	1600000	0.0000044
all	623	1	1600000	0.0000006
all	624	2	1600000	0.0000012
all	625	1	1600000	0.0000006
all	626	4	1600000	0.0000025
all	627	3	1600000	0.0000019
all	628	2	1600000	0.0000012
all	629	1	1600000	0.0000006
all	630	3	1600000	0.0000019
all	631	1	1600000	0.0000006
all	632	7	1600000	0.0000044
all	633	7	1600000	0.0000044
all	635	2	1600000	0.0000012
all	636	5	1600000	0.0000031
all	637	8	1600000	0.0000050
all	638	11	1600000	0.0000069
all	642	1	1600000	0.0000006
all	643	6	1600000	0.0000037
all	644	2	1600000	0.0000012
all	646	3	1600000	0.0000019
all	647	3	1600000	0.0000019
all	648	3	1600000	0.0000019
all	649	9	1600000	0.0000056
all	650	1	1600000	0.0000006
all	651	3	1600000	0.0000019
all	653	2	1600000	0.0000012
all	659	4	1600000	0.0000025
all	660	2	1600000	0.0000012
all	661	13	1600000	0.0000081
all	664	1	1600000	0.0000006
all	666	4	1600000	0.0000025
all	667	2	1600000	0.0000012
all	668	3	1600000	0.0000019
all	669	10	1600000	0.0000062
all	670	6	1600000	0.0000037
all	671	5	1600000	0.0000031
all	672	1	1600000	0.0000006
all	673	9	1600000	0.0000056
all	674	6	1600000	0.0000037
all	677	4	1600000	0.0000025
all	678	1	1600000	0.0000006
all	679	8	1600000	0.0000050
all	680	3	1600000	0.0000019
all	681	7	1600000	0.0000044
all	683	4	1600000	0.0000025
all	684	4	1600000	0.0000025
all	685	3	1600000	0.0000019
all	686	3	1600000	0.0000019
all	687	2	1600000	0.0000012
all	688	6	1600000	0.0000037
all	689	8	1600000	0.0000050
all	690	2	1600000	0.0000012
all	691	8	1600000	0.0000050
all	692	4	1600000	0.0000025
all	700	2	1600000	0.0000012
all	701	10	1600000	0.0000062
all	702	6	1600000	0.0000037
all	732	2	1600000	0.0000012
all	739	2	1600000	0.0000012
all	740	2	1600000	0.0000012
all	746	2	1600000	0.0000012
all	758	2	1600000	0.0000012
all	759	6	1600000	0.0000037
all	760	2	1600000	0.0000012
