all	0	9869	1600000	0.0061681
all	1	1726	1600000	0.0010788
all	2	1682	1600000	0.0010513
all	3	1826	1600000	0.0011413
all	4	2495	1600000	0.0015594
all	5	2744	1600000	0.0017150
all	6	3386	1600000	0.0021163
all	7	3506	1600000	0.0021912
all	8	2764	1600000	0.0017275
all	9	2931	1600000	0.0018319
all	10	4711	1600000	0.0029444
all	11	4360	1600000	0.0027250
all	12	5114	1600000	0.0031962
all	13	5048	1600000	0.0031550
all	14	5528	1600000	0.0034550
all	15	5905	1600000	0.0036906
all	16	7227	1600000	0.0045169
all	17	8171	1600000	0.0051069
all	18	8082	1600000	0.0050513
all	19	8312	1600000	0.0051950
all	20	8515	1600000	0.0053219
all	21	8038	1600000	0.0050238
all	22	10062	1600000	0.0062888
all	23	10041	1600000	0.0062756
all	24	10550	1600000	0.0065937
all	25	11145	1600000	0.0069656
all	26	11327	1600000	0.0070794
all	27	12735	1600000	0.0079594
all	28	12662	1600000	0.0079137
all	29	12731	1600000	0.0079569
all	30	14122	1600000	0.0088263
all	31	14049	1600000	0.0087806
all	32	14546	1600000	0.0090912
all	33	14586	1600000	0.0091163
all	34	14775	1600000	0.0092344
all	35	15752	1600000	0.0098450
all	36	16978	1600000	0.0106113
all	37	16792	1600000	0.0104950
all	38	16525	1600000	0.0103281
all	39	17411	1600000	0.0108819
all	40	15607	1600000	0.0097544
all	41	17073	1600000	0.0106706
all	42	17751	1600000	0.0110944
all	43	17799	1600000	0.0111244
all	44	18419	1600000	0.0115119
all	45	18774	1600000	0.0117337
all	46	18108	1600000	0.0113175
all	47	18355	1600000	0.0114719
all	48	18559	1600000	0.0115994
all	49	19024	1600000	0.0118900
all	50	18011	1600000	0.0112569
all	51	18266	1600000	0.0114162
all	52	18035	1600000	0.0112719
all	53	18804	1600000	0.0117525
all	54	18113	1600000	0.0113206
all	55	18339	1600000	0.0114619
all	56	18034	1600000	0.0112713
all	57	17866	1600000	0.0111663
all	58	17424	1600000	0.0108900
all	59	17596	1600000	0.0109975
all	60	17425	1600000	0.0108906
all	61	17623	1600000	0.0110144
all	62	17089	1600000	0.0106806
all	63	17577	1600000	0.0109856
all	64	16541	1600000	0.0103381
all	65	15773	1600000	0.0098581
all	66	16549	1600000	0.0103431
all	67	16916	1600000	0.0105725
all	68	16759	1600000	0.0104744
all	69	15255	1600000	0.0095344
all	70	15827	1600000	0.0098919
all	71	14825	1600000	0.0092656
all	72	15484	1600000	0.0096775
all	73	14762	1600000	0.0092263
all	74	14609	1600000	0.0091306
all	75	13587	1600000	0.0084919
all	76	13224	1600000	0.0082650
all	77	13740	1600000	0.0085875
all	78	13890	1600000	0.0086812
all	79	13325	1600000	0.0083281
all	80	13070	1600000	0.0081688
all	81	11960	1600000	0.0074750
all	82	12230	1600000	0.0076437
all	83	11541	1600000	0.0072131
all	84	11761	1600000	0.0073506
all	85	10996	1600000	0.0068725
all	86	11539	1600000	0.0072119
all	87	10922	1600000	0.0068262
all	88	11385	1600000	0.0071156
all	89	11180	1600000	0.0069875
all	90	10356	1600000	0.0064725
all	91	10123	1600000	0.0063269
all	92	10244	1600000	0.0064025
all	93	9531	1600000	0.0059569
all	94	9614	1600000	0.0060087
all	95	9333	1600000	0.0058331
all	96	8631	1600000	0.0053944
all	97	8537	1600000	0.0053356
all	98	8160	1600000	0.0051000
all	99	8186	1600000	0.0051162
all	100	8153	1600000	0.0050956
all	101	7979	1600000	0.0049869
all	102	7577	1600000	0.0047356
all	103	7755	1600000	0.0048469
all	104	7196	1600000	0.0044975
all	105	7047	1600000	0.0044044
all	106	6610	1600000	0.0041313
all	107	6583	1600000	0.0041144
all	108	6484	1600000	0.0040525
all	109	6555	1600000	0.0040969
all	110	6113	1600000	0.0038206
all	111	6479	1600000	0.0040494
all	112	6212	1600000	0.0038825
all	113	6114	1600000	0.0038213
all	114	5808	1600000	0.0036300
all	115	5744	1600000	0.0035900
all	116	5664	1600000	0.0035400
all	117	5435	1600000	0.0033969
all	118	5161	1600000	0.0032256
all	119	4974	1600000	0.0031088
all	120	4852	1600000	0.0030325
all	121	4464	1600000	0.0027900
all	122	4332	1600000	0.0027075
all	123	4182	1600000	0.0026138
all	124	4497	1600000	0.0028106
all	125	4802	1600000	0.0030013
all	126	4281	1600000	0.0026756
all	127	4044	1600000	0.0025275
all	128	4155	1600000	0.0025969
all	129	4049	1600000	0.0025306
all	130	3726	1600000	0.0023287
all	131	3667	1600000	0.0022919
all	132	3633	1600000	0.0022706
all	133	3794	1600000	0.0023712
all	134	3744	1600000	0.0023400
all	135	3552	1600000	0.0022200
all	136	3647	1600000	0.0022794
all	137	3135	1600000	0.0019594
all	138	3427	1600000	0.0021419
all	139	3098	1600000	0.0019363
all	140	2886	1600000	0.0018038
all	141	3173	1600000	0.0019831
all	142	2786	1600000	0.0017413
all	143	2656	1600000	0.0016600
all	144	2421	1600000	0.0015131
all	145	2613	1600000	0.0016331
all	146	2687	1600000	0.0016794
all	147	2340	1600000	0.0014625
all	148	2276	1600000	0.0014225
all	149	2318	1600000	0.0014488
all	150	2029	1600000	0.0012681
all	151	2171	1600000	0.0013569
all	152	2349	1600000	0.0014681
all	153	2322	1600000	0.0014513
all	154	2152	1600000	0.0013450
all	155	1903	1600000	0.0011894
all	156	1889	1600000	0.0011806
all	157	2199	1600000	0.0013744
all	158	1862	1600000	0.0011637
all	159	1737	1600000	0.0010856
all	160	1794	1600000	0.0011212
all	161	1684	1600000	0.0010525
all	162	1626	1600000	0.0010162
all	163	1568	1600000	0.0009800
all	164	1896	1600000	0.0011850
all	165	1565	1600000	0.0009781
all	166	1343	1600000	0.0008394
all	167	1571	1600000	0.0009819
all	168	1655	1600000	0.0010344
all	169	1447	1600000	0.0009044
all	170	1550	1600000	0.0009687
all	171	1509	1600000	0.0009431
all	172	1417	1600000	0.0008856
all	173	1506	1600000	0.0009413
all	174	1389	1600000	0.0008681
all	175	1450	1600000	0.0009062
all	176	1268	1600000	0.0007925
all	177	1218	1600000	0.0007612
all	178	1344	1600000	0.0008400
all	179	1302	1600000	0.0008138
all	180	1268	1600000	0.0007925
all	181	1046	1600000	0.0006537
all	182	1311	1600000	0.0008194
all	183	1199	1600000	0.0007494
all	184	1191	1600000	0.0007444
all	185	1109	1600000	0.0006931
all	186	1171	1600000	0.0007319
all	187	949	1600000	0.0005931
all	188	1011	1600000	0.0006319
all	189	928	1600000	0.0005800
all	190	853	1600000	0.0005331
all	191	913	1600000	0.0005706
all	192	1072	1600000	0.0006700
all	193	914	1600000	0.0005712
all	194	890	1600000	0.0005562
all	195	871	1600000	0.0005444
all	196	930	1600000	0.0005813
all	197	829	1600000	0.0005181
all	198	912	1600000	0.0005700
all	199	818	1600000	0.0005112
all	200	888	1600000	0.0005550
all	201	821	1600000	0.0005131
all	202	832	1600000	0.0005200
all	203	778	1600000	0.0004863
all	204	722	1600000	0.0004513
all	205	775	1600000	0.0004844
all	206	777	1600000	0.0004856
all	207	764	1600000	0.0004775
all	208	832	1600000	0.0005200
all	209	753	1600000	0.0004706
all	210	656	1600000	0.0004100
all	211	744	1600000	0.0004650
all	212	648	1600000	0.0004050
all	213	680	1600000	0.0004250
all	214	600	1600000	0.0003750
all	215	744	1600000	0.0004650
all	216	538	1600000	0.0003362
all	217	628	1600000	0.0003925
all	218	572	1600000	0.0003575
all	219	511	1600000	0.0003194
all	220	538	1600000	0.0003362
all	221	589	1600000	0.0003681
all	222	576	1600000	0.0003600
all	223	517	1600000	0.0003231
all	224	514	1600000	0.0003213
all	225	489	1600000	0.0003056
all	226	490	1600000	0.0003063
all	227	466	1600000	0.0002913
all	228	544	1600000	0.0003400
all	229	542	1600000	0.0003387
all	230	544	1600000	0.0003400
all	231	427	1600000	0.0002669
all	232	456	1600000	0.0002850
all	233	443	1600000	0.0002769
all	234	422	1600000	0.0002638
all	235	457	1600000	0.0002856
all	236	490	1600000	0.0003063
all	237	397	1600000	0.0002481
all	238	402	1600000	0.0002512
all	239	402	1600000	0.0002512
all	240	499	1600000	0.0003119
all	241	342	1600000	0.0002137
all	242	423	1600000	0.0002644
all	243	333	1600000	0.0002081
all	244	335	1600000	0.0002094
all	245	347	1600000	0.0002169
all	246	359	1600000	0.0002244
all	247	388	1600000	0.0002425
all	248	340	1600000	0.0002125
all	249	269	1600000	0.0001681
all	250	400	1600000	0.0002500
all	251	322	1600000	0.0002013
all	252	313	1600000	0.0001956
all	253	358	1600000	0.0002238
all	254	331	1600000	0.0002069
all	255	362	1600000	0.0002263
all	256	362	1600000	0.0002263
all	257	387	1600000	0.0002419
all	258	361	1600000	0.0002256
all	259	386	1600000	0.0002413
all	260	326	1600000	0.0002037
all	261	376	1600000	0.0002350
all	262	379	1600000	0.0002369
all	263	412	1600000	0.0002575
all	264	282	1600000	0.0001763
all	265	281	1600000	0.0001756
all	266	287	1600000	0.0001794
all	267	334	1600000	0.0002088
all	268	284	1600000	0.0001775
all	269	315	1600000	0.0001969
all	270	269	1600000	0.0001681
all	271	257	1600000	0.0001606
all	272	227	1600000	0.0001419
all	273	270	1600000	0.0001688
all	274	279	1600000	0.0001744
all	275	223	1600000	0.0001394
all	276	278	1600000	0.0001737
all	277	287	1600000	0.0001794
all	278	252	1600000	0.0001575
all	279	233	1600000	0.0001456
all	280	230	1600000	0.0001438
all	281	220	1600000	0.0001375
all	282	294	1600000	0.0001838
all	283	205	1600000	0.0001281
all	284	239	1600000	0.0001494
all	285	235	1600000	0.0001469
all	286	205	1600000	0.0001281
all	287	185	1600000	0.0001156
all	288	186	1600000	0.0001162
all	289	206	1600000	0.0001288
all	290	230	1600000	0.0001438
all	291	233	1600000	0.0001456
all	292	211	1600000	0.0001319
all	293	166	1600000	0.0001037
all	294	192	1600000	0.0001200
all	295	185	1600000	0.0001156
all	296	191	1600000	0.0001194
all	297	207	1600000	0.0001294
all	298	206	1600000	0.0001288
all	299	229	1600000	0.0001431
all	300	177	1600000	0.0001106
all	301	258	1600000	0.0001613
all	302	140	1600000	0.0000875
all	303	163	1600000	0.0001019
all	304	162	1600000	0.0001012
all	305	128	1600000	0.0000800
all	306	184	1600000	0.0001150
all	307	149	1600000	0.0000931
all	308	199	1600000	0.0001244
all	309	195	1600000	0.0001219
all	310	182	1600000	0.0001138
all	311	115	1600000	0.0000719
all	312	167	1600000	0.0001044
all	313	159	1600000	0.0000994
all	314	197	1600000	0.0001231
all	315	212	1600000	0.0001325
all	316	212	1600000	0.0001325
all	317	142	1600000	0.0000887
all	318	104	1600000	0.0000650
all	319	149	1600000	0.0000931
all	320	173	1600000	0.0001081
all	321	141	1600000	0.0000881
all	322	152	1600000	0.0000950
all	323	173	1600000	0.0001081
all	324	81	1600000	0.0000506
all	325	82	1600000	0.0000513
all	326	105	1600000	0.0000656
all	327	115	1600000	0.0000719
all	328	100	1600000	0.0000625
all	329	124	1600000	0.0000775
all	330	114	1600000	0.0000712
all	331	116	1600000	0.0000725
all	332	87	1600000	0.0000544
all	333	102	1600000	0.0000637
all	334	106	1600000	0.0000663
all	335	82	1600000	0.0000513
all	336	78	1600000	0.0000488
all	337	93	1600000	0.0000581
all	338	89	1600000	0.0000556
all	339	63	1600000	0.0000394
all	340	142	1600000	0.0000887
all	341	91	1600000	0.0000569
all	342	102	1600000	0.0000637
all	343	94	1600000	0.0000587
all	344	102	1600000	0.0000637
all	345	110	1600000	0.0000687
all	346	73	1600000	0.0000456
all	347	64	1600000	0.0000400
all	348	96	1600000	0.0000600
all	349	76	1600000	0.0000475
all	350	109	1600000	0.0000681
all	351	79	1600000	0.0000494
all	352	66	1600000	0.0000413
all	353	64	1600000	0.0000400
all	354	118	1600000	0.0000738
all	355	77	1600000	0.0000481
all	356	166	1600000	0.0001037
all	357	82	1600000	0.0000513
all	358	76	1600000	0.0000475
all	359	61	1600000	0.0000381
all	360	66	1600000	0.0000413
all	361	91	1600000	0.0000569
all	362	84	1600000	0.0000525
all	363	57	1600000	0.0000356
all	364	87	1600000	0.0000544
all	365	110	1600000	0.0000687
all	366	71	1600000	0.0000444
all	367	64	1600000	0.0000400
all	368	89	1600000	0.0000556
all	369	73	1600000	0.0000456
all	370	77	1600000	0.0000481
all	371	62	1600000	0.0000388
all	372	63	1600000	0.0000394
all	373	68	1600000	0.0000425
all	374	67	1600000	0.0000419
all	375	53	1600000	0.0000331
all	376	61	1600000	0.0000381
all	377	69	1600000	0.0000431
all	378	56	1600000	0.0000350
all	379	41	1600000	0.0000256
all	380	93	1600000	0.0000581
all	381	49	1600000	0.0000306
all	382	45	1600000	0.0000281
all	383	64	1600000	0.0000400
all	384	35	1600000	0.0000219
all	385	25	1600000	0.0000156
all	386	48	1600000	0.0000300
all	387	80	1600000	0.0000500
all	388	36	1600000	0.0000225
all	389	49	1600000	0.0000306
all	390	44	1600000	0.0000275
all	391	53	1600000	0.0000331
all	392	51	1600000	0.0000319
all	393	53	1600000	0.0000331
all	394	54	1600000	0.0000337
all	395	47	1600000	0.0000294
all	396	40	1600000	0.0000250
all	397	41	1600000	0.0000256
all	398	31	1600000	0.0000194
all	399	33	1600000	0.0000206
all	400	25	1600000	0.0000156
all	401	25	1600000	0.0000156
all	402	33	1600000	0.0000206
all	403	36	1600000	0.0000225
all	404	30	1600000	0.0000188
all	405	38	1600000	0.0000238
all	406	70	1600000	0.0000437
all	407	52	1600000	0.0000325
all	408	61	1600000	0.0000381
all	409	36	1600000	0.0000225
all	410	35	1600000	0.0000219
all	411	34	1600000	0.0000212
all	412	40	1600000	0.0000250
all	413	35	1600000	0.0000219
all	414	54	1600000	0.0000337
all	415	30	1600000	0.0000188
all	416	21	1600000	0.0000131
all	417	55	1600000	0.0000344
all	418	32	1600000	0.0000200
all	419	22	1600000	0.0000138
all	420	34	1600000	0.0000212
all	421	46	1600000	0.0000288
all	422	17	1600000	0.0000106
all	423	28	1600000	0.0000175
all	424	57	1600000	0.0000356
all	425	46	1600000	0.0000288
all	426	73	1600000	0.0000456
all	427	79	1600000	0.0000494
all	428	31	1600000	0.0000194
all	429	37	1600000	0.0000231
all	430	43	1600000	0.0000269
all	431	38	1600000	0.0000238
all	432	57	1600000	0.0000356
all	433	36	1600000	0.0000225
all	434	25	1600000	0.0000156
all	435	32	1600000	0.0000200
all	436	30	1600000	0.0000188
all	437	37	1600000	0.0000231
all	438	13	1600000	0.0000081
all	439	23	1600000	0.0000144
all	440	32	1600000	0.0000200
all	441	15	1600000	0.0000094
all	442	28	1600000	0.0000175
all	443	33	1600000	0.0000206
all	444	22	1600000	0.0000138
all	445	38	1600000	0.0000238
all	446	31	1600000	0.0000194
all	447	33	1600000	0.0000206
all	448	29	1600000	0.0000181
all	449	39	1600000	0.0000244
all	450	60	1600000	0.0000375
all	451	60	1600000	0.0000375
all	452	41	1600000	0.0000256
all	453	31	1600000	0.0000194
all	454	53	1600000	0.0000331
all	455	14	1600000	0.0000088
all	456	54	1600000	0.0000337
all	457	35	1600000	0.0000219
all	458	38	1600000	0.0000238
all	459	35	1600000	0.0000219
all	460	40	1600000	0.0000250
all	461	44	1600000	0.0000275
all	462	19	1600000	0.0000119
all	463	7	1600000	0.0000044
all	464	11	1600000	0.0000069
all	465	14	1600000	0.0000088
all	466	30	1600000	0.0000188
all	467	16	1600000	0.0000100
all	468	8	1600000	0.0000050
all	469	40	1600000	0.0000250
all	470	22	1600000	0.0000138
all	471	38	1600000	0.0000238
all	472	29	1600000	0.0000181
all	473	24	1600000	0.0000150
all	474	28	1600000	0.0000175
all	475	26	1600000	0.0000163
all	476	30	1600000	0.0000188
all	477	36	1600000	0.0000225
all	478	11	1600000	0.0000069
all	479	47	1600000	0.0000294
all	480	15	1600000	0.0000094
all	481	41	1600000	0.0000256
all	482	15	1600000	0.0000094
all	483	7	1600000	0.0000044
all	484	8	1600000	0.0000050
all	485	36	1600000	0.0000225
all	486	26	1600000	0.0000163
all	487	11	1600000	0.0000069
all	488	33	1600000	0.0000206
all	489	35	1600000	0.0000219
all	490	17	1600000	0.0000106
all	491	24	1600000	0.0000150
all	492	47	1600000	0.0000294
all	493	23	1600000	0.0000144
all	494	24	1600000	0.0000150
all	495	23	1600000	0.0000144
all	496	14	1600000	0.0000088
all	497	26	1600000	0.0000163
all	498	21	1600000	0.0000131
all	499	8	1600000	0.0000050
all	500	16	1600000	0.0000100
all	502	13	1600000	0.0000081
all	503	11	1600000	0.0000069
all	504	18	1600000	0.0000113
all	505	10	1600000	0.0000062
all	506	8	1600000	0.0000050
all	507	11	1600000	0.0000069
all	508	15	1600000	0.0000094
all	509	23	1600000	0.0000144
all	510	10	1600000	0.0000062
all	511	11	1600000	0.0000069
all	512	6	1600000	0.0000037
all	513	8	1600000	0.0000050
all	514	8	1600000	0.0000050
all	515	11	1600000	0.0000069
all	516	7	1600000	0.0000044
all	517	13	1600000	0.0000081
all	518	5	1600000	0.0000031
all	519	4	1600000	0.0000025
all	520	10	1600000	0.0000062
all	521	13	1600000	0.0000081
all	522	6	1600000	0.0000037
all	523	1	1600000	0.0000006
all	524	8	1600000	0.0000050
all	525	2	1600000	0.0000012
all	526	2	1600000	0.0000012
all	527	5	1600000	0.0000031
all	528	18	1600000	0.0000113
all	529	8	1600000	0.0000050
all	530	15	1600000	0.0000094
all	531	9	1600000	0.0000056
all	532	8	1600000	0.0000050
all	533	13	1600000	0.0000081
all	534	6	1600000	0.0000037
all	536	5	1600000	0.0000031
all	537	7	1600000	0.0000044
all	538	5	1600000	0.0000031
all	539	6	1600000	0.0000037
all	540	6	1600000	0.0000037
all	541	11	1600000	0.0000069
all	542	2	1600000	0.0000012
all	544	2	1600000	0.0000012
all	545	5	1600000	0.0000031
all	546	31	1600000	0.0000194
all	547	10	1600000	0.0000062
all	548	14	1600000	0.0000088
all	549	11	1600000	0.0000069
all	550	2	1600000	0.0000012
all	551	2	1600000	0.0000012
all	556	3	1600000	0.0000019
all	557	33	1600000	0.0000206
all	558	6	1600000	0.0000037
all	559	10	1600000	0.0000062
all	560	5	1600000	0.0000031
all	562	6	1600000	0.0000037
all	563	16	1600000	0.0000100
all	564	10	1600000	0.0000062
all	565	1	1600000	0.0000006
all	566	4	1600000	0.0000025
all	567	2	1600000	0.0000012
all	568	4	1600000	0.0000025
all	569	12	1600000	0.0000075
all	570	7	1600000	0.0000044
all	571	4	1600000	0.0000025
all	572	8	1600000	0.0000050
all	573	10	1600000	0.0000062
all	574	7	1600000	0.0000044
all	575	9	1600000	0.0000056
all	576	5	1600000	0.0000031
all	577	9	1600000	0.0000056
all	578	3	1600000	0.0000019
all	580	2	1600000	0.0000012
all	581	10	1600000	0.0000062
all	582	1	1600000	0.0000006
all	583	2	1600000	0.0000012
all	584	4	1600000	0.0000025
all	585	6	1600000	0.0000037
all	586	5	1600000	0.0000031
all	587	1	1600000	0.0000006
all	588	6	1600000	0.0000037
all	589	4	1600000	0.0000025
all	590	4	1600000	0.0000025
all	591	4	1600000	0.0000025
all	592	6	1600000	0.0000037
all	593	3	1600000	0.0000019
all	594	5	1600000	0.0000031
all	595	1	1600000	0.0000006
all	596	1	1600000	0.0000006
all	597	3	1600000	0.0000019
all	598	1	1600000	0.0000006
all	600	2	1600000	0.0000012
all	601	2	1600000	0.0000012
all	603	3	1600000	0.0000019
all	606	1	1600000	0.0000006
all	607	1	1600000	0.0000006
all	608	5	1600000	0.0000031
all	614	4	1600000	0.0000025
all	616	2	1600000	0.0000012
all	619	1	1600000	0.0000006
all	624	4	1600000	0.0000025
all	625	1	1600000	0.0000006
all	626	1	1600000	0.0000006
all	627	6	1600000	0.0000037
all	629	2	1600000	0.0000012
all	652	6	1600000	0.0000037
all	654	4	1600000	0.0000025
all	657	2	1600000	0.0000012
all	660	2	1600000	0.0000012
all	661	6	1600000	0.0000037
all	663	4	1600000	0.0000025
all	667	2	1600000	0.0000012
all	673	1	1600000	0.0000006
all	674	1	1600000	0.0000006
all	677	4	1600000	0.0000025
all	683	1	1600000	0.0000006
all	684	2	1600000	0.0000012
all	687	3	1600000	0.0000019
all	690	6	1600000	0.0000037
all	691	2	1600000	0.0000012
all	694	1	1600000	0.0000006
all	695	7	1600000	0.0000044
all	696	2	1600000	0.0000012
all	697	7	1600000	0.0000044
all	698	2	1600000	0.0000012
all	699	1	1600000	0.0000006
all	700	7	1600000	0.0000044
all	701	3	1600000	0.0000019
all	703	5	1600000	0.0000031
all	705	1	1600000	0.0000006
all	708	1	1600000	0.0000006
all	709	1	1600000	0.0000006
all	710	3	1600000	0.0000019
all	711	3	1600000	0.0000019
all	712	3	1600000	0.0000019
all	714	3	1600000	0.0000019
all	715	2	1600000	0.0000012
all	717	2	1600000	0.0000012
all	718	3	1600000	0.0000019
all	719	5	1600000	0.0000031
all	720	2	1600000	0.0000012
all	723	2	1600000	0.0000012
all	728	1	1600000	0.0000006
all	729	1	1600000	0.0000006
all	734	1	1600000	0.0000006
all	735	2	1600000	0.0000012
all	737	4	1600000	0.0000025
all	738	1	1600000	0.0000006
all	740	5	1600000	0.0000031
all	741	6	1600000	0.0000037
all	742	6	1600000	0.0000037
all	743	4	1600000	0.0000025
all	745	4	1600000	0.0000025
all	746	5	1600000	0.0000031
all	747	4	1600000	0.0000025
all	748	12	1600000	0.0000075
all	749	8	1600000	0.0000050
all	750	3	1600000	0.0000019
all	751	5	1600000	0.0000031
all	752	3	1600000	0.0000019
all	753	2	1600000	0.0000012
all	754	2	1600000	0.0000012
all	755	3	1600000	0.0000019
all	763	2	1600000	0.0000012
all	765	7	1600000	0.0000044
all	766	1	1600000	0.0000006
all	768	2	1600000	0.0000012
all	769	8	1600000	0.0000050
all	771	5	1600000	0.0000031
all	774	1	1600000	0.0000006
all	782	1	1600000	0.0000006
all	784	1	1600000	0.0000006
all	785	2	1600000	0.0000012
all	786	7	1600000	0.0000044
all	787	1	1600000	0.0000006
all	788	1	1600000	0.0000006
all	789	4	1600000	0.0000025
all	790	8	1600000	0.0000050
all	791	9	1600000	0.0000056
all	793	7	1600000	0.0000044
all	795	2	1600000	0.0000012
all	800	2	1600000	0.0000012
all	805	3	1600000	0.0000019
all	807	2	1600000	0.0000012
all	808	3	1600000	0.0000019
all	809	1	1600000	0.0000006
all	812	1	1600000	0.0000006
all	819	1	1600000	0.0000006
all	821	8	1600000	0.0000050
all	822	6	1600000	0.0000037
all	823	6	1600000	0.0000037
all	825	11	1600000	0.0000069
all	826	4	1600000	0.0000025
all	828	5	1600000	0.0000031
all	837	1	1600000	0.0000006
all	838	1	1600000	0.0000006
all	839	1	1600000	0.0000006
all	840	1	1600000	0.0000006
all	841	1	1600000	0.0000006
all	845	1	1600000	0.0000006
all	849	1	1600000	0.0000006
all	856	1	1600000	0.0000006
all	862	2	1600000	0.0000012
all	864	3	1600000	0.0000019
all	866	4	1600000	0.0000025
all	869	1	1600000	0.0000006
all	876	2	1600000	0.0000012
all	922	1	1600000	0.0000006
all	924	2	1600000	0.0000012
all	926	3	1600000	0.0000019
all	928	1	1600000	0.0000006
all	935	2	1600000	0.0000012
all	937	3	1600000	0.0000019
all	938	1	1600000	0.0000006
all	943	1	1600000	0.0000006
all	945	1	1600000	0.0000006
all	962	1	1600000	0.0000006
all	981	2	1600000	0.0000012
all	986	1	1600000	0.0000006
all	988	2	1600000	0.0000012
all	995	12	1600000	0.0000075
all	997	1	1600000	0.0000006
all	1009	2	1600000	0.0000012
all	1045	6	1600000	0.0000037
all	1064	1	1600000	0.0000006
all	1065	1	1600000	0.0000006
all	1066	3	1600000	0.0000019
all	1067	1	1600000	0.0000006
all	1072	2	1600000	0.0000012
all	1073	3	1600000	0.0000019
all	1074	1	1600000	0.0000006
all	1075	1	1600000	0.0000006
all	1076	3	1600000	0.0000019
all	1082	2	1600000	0.0000012
