all	0	6991	1600000	0.0043694
all	1	1806	1600000	0.0011288
all	2	2834	1600000	0.0017713
all	3	2065	1600000	0.0012906
all	4	3367	1600000	0.0021044
all	5	3584	1600000	0.0022400
all	6	4358	1600000	0.0027237
all	7	3868	1600000	0.0024175
all	8	5187	1600000	0.0032419
all	9	5984	1600000	0.0037400
all	10	6433	1600000	0.0040206
all	11	6703	1600000	0.0041894
all	12	6860	1600000	0.0042875
all	13	8115	1600000	0.0050719
all	14	7647	1600000	0.0047794
all	15	8838	1600000	0.0055238
all	16	9419	1600000	0.0058869
all	17	9889	1600000	0.0061806
all	18	10536	1600000	0.0065850
all	19	11842	1600000	0.0074012
all	20	12708	1600000	0.0079425
all	21	12169	1600000	0.0076056
all	22	12877	1600000	0.0080481
all	23	12222	1600000	0.0076388
all	24	13936	1600000	0.0087100
all	25	14267	1600000	0.0089169
all	26	15211	1600000	0.0095069
all	27	14979	1600000	0.0093619
all	28	16365	1600000	0.0102281
all	29	15963	1600000	0.0099769
all	30	18073	1600000	0.0112956
all	31	17392	1600000	0.0108700
all	32	18006	1600000	0.0112537
all	33	18612	1600000	0.0116325
all	34	19291	1600000	0.0120569
all	35	19213	1600000	0.0120081
all	36	18342	1600000	0.0114638
all	37	20482	1600000	0.0128013
all	38	19698	1600000	0.0123112
all	39	19869	1600000	0.0124181
all	40	19516	1600000	0.0121975
all	41	20536	1600000	0.0128350
all	42	21030	1600000	0.0131437
all	43	21023	1600000	0.0131394
all	44	21581	1600000	0.0134881
all	45	20342	1600000	0.0127137
all	46	20761	1600000	0.0129756
all	47	20498	1600000	0.0128113
all	48	21342	1600000	0.0133388
all	49	20717	1600000	0.0129481
all	50	20161	1600000	0.0126006
all	51	20306	1600000	0.0126913
all	52	18987	1600000	0.0118669
all	53	19154	1600000	0.0119713
all	54	19089	1600000	0.0119306
all	55	19439	1600000	0.0121494
all	56	19511	1600000	0.0121944
all	57	18288	1600000	0.0114300
all	58	18211	1600000	0.0113819
all	59	18524	1600000	0.0115775
all	60	18419	1600000	0.0115119
all	61	17265	1600000	0.0107906
all	62	17151	1600000	0.0107194
all	63	16713	1600000	0.0104456
all	64	16688	1600000	0.0104300
all	65	15174	1600000	0.0094837
all	66	16694	1600000	0.0104338
all	67	16525	1600000	0.0103281
all	68	15539	1600000	0.0097119
all	69	14882	1600000	0.0093012
all	70	14821	1600000	0.0092631
all	71	13760	1600000	0.0086000
all	72	14139	1600000	0.0088369
all	73	13153	1600000	0.0082206
all	74	13265	1600000	0.0082906
all	75	12379	1600000	0.0077369
all	76	12525	1600000	0.0078281
all	77	12564	1600000	0.0078525
all	78	11737	1600000	0.0073356
all	79	11985	1600000	0.0074906
all	80	11683	1600000	0.0073019
all	81	11996	1600000	0.0074975
all	82	11519	1600000	0.0071994
all	83	11414	1600000	0.0071337
all	84	10406	1600000	0.0065038
all	85	10688	1600000	0.0066800
all	86	10102	1600000	0.0063138
all	87	9808	1600000	0.0061300
all	88	9122	1600000	0.0057012
all	89	9161	1600000	0.0057256
all	90	9262	1600000	0.0057888
all	91	8517	1600000	0.0053231
all	92	8445	1600000	0.0052781
all	93	8142	1600000	0.0050887
all	94	7761	1600000	0.0048506
all	95	7560	1600000	0.0047250
all	96	7328	1600000	0.0045800
all	97	6744	1600000	0.0042150
all	98	6451	1600000	0.0040319
all	99	6555	1600000	0.0040969
all	100	6278	1600000	0.0039238
all	101	6436	1600000	0.0040225
all	102	6048	1600000	0.0037800
all	103	6030	1600000	0.0037688
all	104	5694	1600000	0.0035588
all	105	5305	1600000	0.0033156
all	106	5224	1600000	0.0032650
all	107	4653	1600000	0.0029081
all	108	4485	1600000	0.0028031
all	109	4803	1600000	0.0030019
all	110	4894	1600000	0.0030587
all	111	4582	1600000	0.0028638
all	112	4697	1600000	0.0029356
all	113	4492	1600000	0.0028075
all	114	4364	1600000	0.0027275
all	115	3547	1600000	0.0022169
all	116	4149	1600000	0.0025931
all	117	3610	1600000	0.0022563
all	118	3851	1600000	0.0024069
all	119	3767	1600000	0.0023544
all	120	3476	1600000	0.0021725
all	121	3390	1600000	0.0021188
all	122	3363	1600000	0.0021019
all	123	3331	1600000	0.0020819
all	124	3073	1600000	0.0019206
all	125	3093	1600000	0.0019331
all	126	3088	1600000	0.0019300
all	127	3304	1600000	0.0020650
all	128	3197	1600000	0.0019981
all	129	2943	1600000	0.0018394
all	130	2878	1600000	0.0017988
all	131	3131	1600000	0.0019569
all	132	2573	1600000	0.0016081
all	133	2592	1600000	0.0016200
all	134	2591	1600000	0.0016194
all	135	2460	1600000	0.0015375
all	136	2457	1600000	0.0015356
all	137	2489	1600000	0.0015556
all	138	2401	1600000	0.0015006
all	139	2424	1600000	0.0015150
all	140	2184	1600000	0.0013650
all	141	2374	1600000	0.0014837
all	142	1888	1600000	0.0011800
all	143	1951	1600000	0.0012194
all	144	1861	1600000	0.0011631
all	145	1816	1600000	0.0011350
all	146	1661	1600000	0.0010381
all	147	1663	1600000	0.0010394
all	148	1697	1600000	0.0010606
all	149	1677	1600000	0.0010481
all	150	1779	1600000	0.0011119
all	151	1638	1600000	0.0010238
all	152	1411	1600000	0.0008819
all	153	1379	1600000	0.0008619
all	154	1276	1600000	0.0007975
all	155	1424	1600000	0.0008900
all	156	1432	1600000	0.0008950
all	157	1409	1600000	0.0008806
all	158	1555	1600000	0.0009719
all	159	1243	1600000	0.0007769
all	160	1376	1600000	0.0008600
all	161	1203	1600000	0.0007519
all	162	1311	1600000	0.0008194
all	163	1144	1600000	0.0007150
all	164	1110	1600000	0.0006937
all	165	1049	1600000	0.0006556
all	166	1157	1600000	0.0007231
all	167	1035	1600000	0.0006469
all	168	1097	1600000	0.0006856
all	169	958	1600000	0.0005988
all	170	935	1600000	0.0005844
all	171	1044	1600000	0.0006525
all	172	809	1600000	0.0005056
all	173	923	1600000	0.0005769
all	174	1050	1600000	0.0006562
all	175	870	1600000	0.0005438
all	176	832	1600000	0.0005200
all	177	911	1600000	0.0005694
all	178	877	1600000	0.0005481
all	179	654	1600000	0.0004087
all	180	758	1600000	0.0004737
all	181	835	1600000	0.0005219
all	182	900	1600000	0.0005625
all	183	861	1600000	0.0005381
all	184	793	1600000	0.0004956
all	185	686	1600000	0.0004288
all	186	649	1600000	0.0004056
all	187	643	1600000	0.0004019
all	188	531	1600000	0.0003319
all	189	730	1600000	0.0004563
all	190	653	1600000	0.0004081
all	191	610	1600000	0.0003812
all	192	536	1600000	0.0003350
all	193	600	1600000	0.0003750
all	194	671	1600000	0.0004194
all	195	586	1600000	0.0003662
all	196	604	1600000	0.0003775
all	197	659	1600000	0.0004119
all	198	648	1600000	0.0004050
all	199	615	1600000	0.0003844
all	200	620	1600000	0.0003875
all	201	552	1600000	0.0003450
all	202	648	1600000	0.0004050
all	203	601	1600000	0.0003756
all	204	602	1600000	0.0003763
all	205	417	1600000	0.0002606
all	206	555	1600000	0.0003469
all	207	493	1600000	0.0003081
all	208	580	1600000	0.0003625
all	209	405	1600000	0.0002531
all	210	449	1600000	0.0002806
all	211	447	1600000	0.0002794
all	212	516	1600000	0.0003225
all	213	555	1600000	0.0003469
all	214	565	1600000	0.0003531
all	215	536	1600000	0.0003350
all	216	522	1600000	0.0003263
all	217	416	1600000	0.0002600
all	218	366	1600000	0.0002287
all	219	462	1600000	0.0002887
all	220	581	1600000	0.0003631
all	221	557	1600000	0.0003481
all	222	475	1600000	0.0002969
all	223	473	1600000	0.0002956
all	224	431	1600000	0.0002694
all	225	368	1600000	0.0002300
all	226	289	1600000	0.0001806
all	227	413	1600000	0.0002581
all	228	404	1600000	0.0002525
all	229	511	1600000	0.0003194
all	230	444	1600000	0.0002775
all	231	464	1600000	0.0002900
all	232	448	1600000	0.0002800
all	233	362	1600000	0.0002263
all	234	296	1600000	0.0001850
all	235	374	1600000	0.0002338
all	236	319	1600000	0.0001994
all	237	323	1600000	0.0002019
all	238	268	1600000	0.0001675
all	239	232	1600000	0.0001450
all	240	280	1600000	0.0001750
all	241	320	1600000	0.0002000
all	242	344	1600000	0.0002150
all	243	338	1600000	0.0002112
all	244	309	1600000	0.0001931
all	245	275	1600000	0.0001719
all	246	336	1600000	0.0002100
all	247	302	1600000	0.0001887
all	248	258	1600000	0.0001613
all	249	307	1600000	0.0001919
all	250	245	1600000	0.0001531
all	251	263	1600000	0.0001644
all	252	273	1600000	0.0001706
all	253	265	1600000	0.0001656
all	254	425	1600000	0.0002656
all	255	261	1600000	0.0001631
all	256	338	1600000	0.0002112
all	257	279	1600000	0.0001744
all	258	310	1600000	0.0001938
all	259	279	1600000	0.0001744
all	260	291	1600000	0.0001819
all	261	303	1600000	0.0001894
all	262	335	1600000	0.0002094
all	263	206	1600000	0.0001288
all	264	261	1600000	0.0001631
all	265	249	1600000	0.0001556
all	266	249	1600000	0.0001556
all	267	242	1600000	0.0001513
all	268	268	1600000	0.0001675
all	269	209	1600000	0.0001306
all	270	232	1600000	0.0001450
all	271	231	1600000	0.0001444
all	272	180	1600000	0.0001125
all	273	229	1600000	0.0001431
all	274	190	1600000	0.0001188
all	275	153	1600000	0.0000956
all	276	208	1600000	0.0001300
all	277	233	1600000	0.0001456
all	278	210	1600000	0.0001312
all	279	173	1600000	0.0001081
all	280	205	1600000	0.0001281
all	281	242	1600000	0.0001513
all	282	153	1600000	0.0000956
all	283	209	1600000	0.0001306
all	284	201	1600000	0.0001256
all	285	230	1600000	0.0001438
all	286	222	1600000	0.0001387
all	287	198	1600000	0.0001237
all	288	285	1600000	0.0001781
all	289	178	1600000	0.0001113
all	290	238	1600000	0.0001487
all	291	231	1600000	0.0001444
all	292	232	1600000	0.0001450
all	293	218	1600000	0.0001363
all	294	216	1600000	0.0001350
all	295	173	1600000	0.0001081
all	296	170	1600000	0.0001063
all	297	188	1600000	0.0001175
all	298	168	1600000	0.0001050
all	299	156	1600000	0.0000975
all	300	145	1600000	0.0000906
all	301	163	1600000	0.0001019
all	302	123	1600000	0.0000769
all	303	142	1600000	0.0000887
all	304	190	1600000	0.0001188
all	305	109	1600000	0.0000681
all	306	152	1600000	0.0000950
all	307	139	1600000	0.0000869
all	308	89	1600000	0.0000556
all	309	146	1600000	0.0000913
all	310	147	1600000	0.0000919
all	311	134	1600000	0.0000837
all	312	139	1600000	0.0000869
all	313	140	1600000	0.0000875
all	314	146	1600000	0.0000913
all	315	121	1600000	0.0000756
all	316	149	1600000	0.0000931
all	317	172	1600000	0.0001075
all	318	199	1600000	0.0001244
all	319	164	1600000	0.0001025
all	320	113	1600000	0.0000706
all	321	116	1600000	0.0000725
all	322	100	1600000	0.0000625
all	323	131	1600000	0.0000819
all	324	102	1600000	0.0000637
all	325	126	1600000	0.0000788
all	326	97	1600000	0.0000606
all	327	150	1600000	0.0000938
all	328	116	1600000	0.0000725
all	329	97	1600000	0.0000606
all	330	92	1600000	0.0000575
all	331	114	1600000	0.0000712
all	332	94	1600000	0.0000587
all	333	72	1600000	0.0000450
all	334	112	1600000	0.0000700
all	335	106	1600000	0.0000663
all	336	125	1600000	0.0000781
all	337	82	1600000	0.0000513
all	338	113	1600000	0.0000706
all	339	72	1600000	0.0000450
all	340	97	1600000	0.0000606
all	341	70	1600000	0.0000437
all	342	80	1600000	0.0000500
all	343	82	1600000	0.0000513
all	344	53	1600000	0.0000331
all	345	60	1600000	0.0000375
all	346	76	1600000	0.0000475
all	347	35	1600000	0.0000219
all	348	91	1600000	0.0000569
all	349	76	1600000	0.0000475
all	350	49	1600000	0.0000306
all	351	73	1600000	0.0000456
all	352	61	1600000	0.0000381
all	353	62	1600000	0.0000388
all	354	38	1600000	0.0000238
all	355	112	1600000	0.0000700
all	356	68	1600000	0.0000425
all	357	109	1600000	0.0000681
all	358	54	1600000	0.0000337
all	359	73	1600000	0.0000456
all	360	79	1600000	0.0000494
all	361	70	1600000	0.0000437
all	362	36	1600000	0.0000225
all	363	73	1600000	0.0000456
all	364	81	1600000	0.0000506
all	365	78	1600000	0.0000488
all	366	54	1600000	0.0000337
all	367	42	1600000	0.0000262
all	368	122	1600000	0.0000762
all	369	58	1600000	0.0000362
all	370	40	1600000	0.0000250
all	371	50	1600000	0.0000313
all	372	48	1600000	0.0000300
all	373	42	1600000	0.0000262
all	374	53	1600000	0.0000331
all	375	79	1600000	0.0000494
all	376	58	1600000	0.0000362
all	377	74	1600000	0.0000462
all	378	36	1600000	0.0000225
all	379	42	1600000	0.0000262
all	380	28	1600000	0.0000175
all	381	38	1600000	0.0000238
all	382	49	1600000	0.0000306
all	383	23	1600000	0.0000144
all	384	39	1600000	0.0000244
all	385	30	1600000	0.0000188
all	386	54	1600000	0.0000337
all	387	41	1600000	0.0000256
all	388	38	1600000	0.0000238
all	389	37	1600000	0.0000231
all	390	47	1600000	0.0000294
all	391	73	1600000	0.0000456
all	392	31	1600000	0.0000194
all	393	38	1600000	0.0000238
all	394	22	1600000	0.0000138
all	395	47	1600000	0.0000294
all	396	45	1600000	0.0000281
all	397	23	1600000	0.0000144
all	398	28	1600000	0.0000175
all	399	49	1600000	0.0000306
all	400	26	1600000	0.0000163
all	401	53	1600000	0.0000331
all	402	49	1600000	0.0000306
all	403	51	1600000	0.0000319
all	404	39	1600000	0.0000244
all	405	54	1600000	0.0000337
all	406	48	1600000	0.0000300
all	407	29	1600000	0.0000181
all	408	33	1600000	0.0000206
all	409	22	1600000	0.0000138
all	410	40	1600000	0.0000250
all	411	33	1600000	0.0000206
all	412	21	1600000	0.0000131
all	413	48	1600000	0.0000300
all	414	44	1600000	0.0000275
all	415	23	1600000	0.0000144
all	416	60	1600000	0.0000375
all	417	42	1600000	0.0000262
all	418	25	1600000	0.0000156
all	419	38	1600000	0.0000238
all	420	26	1600000	0.0000163
all	421	30	1600000	0.0000188
all	422	22	1600000	0.0000138
all	423	22	1600000	0.0000138
all	424	16	1600000	0.0000100
all	425	12	1600000	0.0000075
all	426	29	1600000	0.0000181
all	427	26	1600000	0.0000163
all	428	9	1600000	0.0000056
all	429	22	1600000	0.0000138
all	430	18	1600000	0.0000113
all	431	75	1600000	0.0000469
all	432	40	1600000	0.0000250
all	433	11	1600000	0.0000069
all	434	23	1600000	0.0000144
all	435	27	1600000	0.0000169
all	436	12	1600000	0.0000075
all	437	35	1600000	0.0000219
all	438	16	1600000	0.0000100
all	439	16	1600000	0.0000100
all	440	28	1600000	0.0000175
all	441	23	1600000	0.0000144
all	442	28	1600000	0.0000175
all	443	24	1600000	0.0000150
all	444	6	1600000	0.0000037
all	445	15	1600000	0.0000094
all	446	29	1600000	0.0000181
all	447	20	1600000	0.0000125
all	448	18	1600000	0.0000113
all	449	41	1600000	0.0000256
all	450	34	1600000	0.0000212
all	451	12	1600000	0.0000075
all	452	2	1600000	0.0000012
all	453	13	1600000	0.0000081
all	454	13	1600000	0.0000081
all	455	17	1600000	0.0000106
all	456	6	1600000	0.0000037
all	457	15	1600000	0.0000094
all	458	30	1600000	0.0000188
all	459	6	1600000	0.0000037
all	460	1	1600000	0.0000006
all	461	27	1600000	0.0000169
all	462	3	1600000	0.0000019
all	463	7	1600000	0.0000044
all	464	13	1600000	0.0000081
all	465	3	1600000	0.0000019
all	466	6	1600000	0.0000037
all	467	6	1600000	0.0000037
all	468	5	1600000	0.0000031
all	469	5	1600000	0.0000031
all	470	13	1600000	0.0000081
all	471	8	1600000	0.0000050
all	472	5	1600000	0.0000031
all	473	3	1600000	0.0000019
all	474	20	1600000	0.0000125
all	475	26	1600000	0.0000163
all	476	3	1600000	0.0000019
all	477	6	1600000	0.0000037
all	478	12	1600000	0.0000075
all	479	2	1600000	0.0000012
all	480	3	1600000	0.0000019
all	481	10	1600000	0.0000062
all	482	35	1600000	0.0000219
all	483	3	1600000	0.0000019
all	484	7	1600000	0.0000044
all	485	2	1600000	0.0000012
all	486	5	1600000	0.0000031
all	487	11	1600000	0.0000069
all	488	3	1600000	0.0000019
all	489	2	1600000	0.0000012
all	490	13	1600000	0.0000081
all	491	2	1600000	0.0000012
all	492	13	1600000	0.0000081
all	493	6	1600000	0.0000037
all	494	3	1600000	0.0000019
all	495	3	1600000	0.0000019
all	496	5	1600000	0.0000031
all	497	9	1600000	0.0000056
all	498	13	1600000	0.0000081
all	499	12	1600000	0.0000075
all	500	15	1600000	0.0000094
all	501	15	1600000	0.0000094
all	502	12	1600000	0.0000075
all	503	1	1600000	0.0000006
all	504	4	1600000	0.0000025
all	505	6	1600000	0.0000037
all	506	9	1600000	0.0000056
all	507	3	1600000	0.0000019
all	509	3	1600000	0.0000019
all	510	15	1600000	0.0000094
all	511	2	1600000	0.0000012
all	512	22	1600000	0.0000138
all	513	4	1600000	0.0000025
all	514	1	1600000	0.0000006
all	515	2	1600000	0.0000012
all	516	54	1600000	0.0000337
all	517	9	1600000	0.0000056
all	518	17	1600000	0.0000106
all	519	2	1600000	0.0000012
all	520	3	1600000	0.0000019
all	521	5	1600000	0.0000031
all	522	4	1600000	0.0000025
all	523	2	1600000	0.0000012
all	524	3	1600000	0.0000019
all	525	18	1600000	0.0000113
all	526	7	1600000	0.0000044
all	527	17	1600000	0.0000106
all	528	7	1600000	0.0000044
all	529	1	1600000	0.0000006
all	530	5	1600000	0.0000031
all	531	3	1600000	0.0000019
all	532	4	1600000	0.0000025
all	533	1	1600000	0.0000006
all	534	4	1600000	0.0000025
all	535	1	1600000	0.0000006
all	536	2	1600000	0.0000012
all	537	3	1600000	0.0000019
all	538	4	1600000	0.0000025
all	539	2	1600000	0.0000012
all	541	4	1600000	0.0000025
all	543	9	1600000	0.0000056
all	544	3	1600000	0.0000019
all	545	2	1600000	0.0000012
all	546	4	1600000	0.0000025
all	548	2	1600000	0.0000012
all	549	13	1600000	0.0000081
all	550	8	1600000	0.0000050
all	552	9	1600000	0.0000056
all	553	6	1600000	0.0000037
all	554	17	1600000	0.0000106
all	555	5	1600000	0.0000031
all	556	4	1600000	0.0000025
all	557	3	1600000	0.0000019
all	558	4	1600000	0.0000025
all	559	3	1600000	0.0000019
all	560	1	1600000	0.0000006
all	561	13	1600000	0.0000081
all	562	1	1600000	0.0000006
all	563	5	1600000	0.0000031
all	564	2	1600000	0.0000012
all	565	12	1600000	0.0000075
all	566	1	1600000	0.0000006
all	568	6	1600000	0.0000037
all	569	6	1600000	0.0000037
all	570	13	1600000	0.0000081
all	571	3	1600000	0.0000019
all	572	10	1600000	0.0000062
all	573	2	1600000	0.0000012
all	574	4	1600000	0.0000025
all	575	5	1600000	0.0000031
all	577	4	1600000	0.0000025
all	578	1	1600000	0.0000006
all	579	3	1600000	0.0000019
all	580	2	1600000	0.0000012
all	581	6	1600000	0.0000037
all	582	6	1600000	0.0000037
all	583	6	1600000	0.0000037
all	586	2	1600000	0.0000012
all	587	2	1600000	0.0000012
all	588	6	1600000	0.0000037
all	589	6	1600000	0.0000037
all	590	10	1600000	0.0000062
all	591	12	1600000	0.0000075
all	592	9	1600000	0.0000056
all	593	4	1600000	0.0000025
all	594	3	1600000	0.0000019
all	595	5	1600000	0.0000031
all	596	13	1600000	0.0000081
all	597	6	1600000	0.0000037
all	598	10	1600000	0.0000062
all	599	5	1600000	0.0000031
all	600	5	1600000	0.0000031
all	601	7	1600000	0.0000044
all	602	12	1600000	0.0000075
all	603	2	1600000	0.0000012
all	605	1	1600000	0.0000006
all	606	3	1600000	0.0000019
all	607	1	1600000	0.0000006
all	609	3	1600000	0.0000019
all	610	1	1600000	0.0000006
all	611	2	1600000	0.0000012
all	612	7	1600000	0.0000044
all	613	2	1600000	0.0000012
all	614	2	1600000	0.0000012
all	615	2	1600000	0.0000012
all	617	4	1600000	0.0000025
all	618	8	1600000	0.0000050
all	619	5	1600000	0.0000031
all	620	2	1600000	0.0000012
all	621	6	1600000	0.0000037
all	622	2	1600000	0.0000012
all	623	7	1600000	0.0000044
all	625	6	1600000	0.0000037
all	626	4	1600000	0.0000025
all	627	36	1600000	0.0000225
all	628	6	1600000	0.0000037
all	629	2	1600000	0.0000012
all	630	2	1600000	0.0000012
all	632	8	1600000	0.0000050
all	633	2	1600000	0.0000012
all	634	7	1600000	0.0000044
all	635	2	1600000	0.0000012
all	636	4	1600000	0.0000025
all	637	2	1600000	0.0000012
all	638	2	1600000	0.0000012
all	639	2	1600000	0.0000012
all	640	1	1600000	0.0000006
all	643	1	1600000	0.0000006
all	644	2	1600000	0.0000012
all	645	2	1600000	0.0000012
all	646	3	1600000	0.0000019
all	648	2	1600000	0.0000012
all	651	3	1600000	0.0000019
all	652	2	1600000	0.0000012
all	654	3	1600000	0.0000019
all	655	6	1600000	0.0000037
all	656	1	1600000	0.0000006
all	658	5	1600000	0.0000031
all	659	1	1600000	0.0000006
all	660	5	1600000	0.0000031
all	661	1	1600000	0.0000006
all	662	2	1600000	0.0000012
all	663	2	1600000	0.0000012
all	666	5	1600000	0.0000031
all	667	2	1600000	0.0000012
all	668	3	1600000	0.0000019
all	671	3	1600000	0.0000019
all	672	4	1600000	0.0000025
all	673	1	1600000	0.0000006
all	676	2	1600000	0.0000012
all	679	2	1600000	0.0000012
all	680	2	1600000	0.0000012
all	681	1	1600000	0.0000006
all	682	2	1600000	0.0000012
all	683	2	1600000	0.0000012
all	684	1	1600000	0.0000006
all	686	4	1600000	0.0000025
all	687	2	1600000	0.0000012
all	688	1	1600000	0.0000006
all	689	2	1600000	0.0000012
all	690	1	1600000	0.0000006
all	691	1	1600000	0.0000006
all	693	2	1600000	0.0000012
all	696	1	1600000	0.0000006
all	697	1	1600000	0.0000006
all	698	1	1600000	0.0000006
all	699	1	1600000	0.0000006
all	700	3	1600000	0.0000019
all	701	2	1600000	0.0000012
all	702	3	1600000	0.0000019
all	703	4	1600000	0.0000025
all	704	5	1600000	0.0000031
all	706	5	1600000	0.0000031
all	707	9	1600000	0.0000056
all	708	6	1600000	0.0000037
all	710	2	1600000	0.0000012
all	711	1	1600000	0.0000006
all	712	4	1600000	0.0000025
all	713	1	1600000	0.0000006
all	714	5	1600000	0.0000031
all	716	4	1600000	0.0000025
all	718	5	1600000	0.0000031
all	720	3	1600000	0.0000019
all	721	9	1600000	0.0000056
all	722	4	1600000	0.0000025
all	723	4	1600000	0.0000025
all	724	2	1600000	0.0000012
all	727	1	1600000	0.0000006
all	728	11	1600000	0.0000069
all	729	3	1600000	0.0000019
all	730	2	1600000	0.0000012
all	731	4	1600000	0.0000025
all	733	2	1600000	0.0000012
all	734	1	1600000	0.0000006
all	738	2	1600000	0.0000012
all	745	1	1600000	0.0000006
all	746	4	1600000	0.0000025
all	767	3	1600000	0.0000019
all	768	2	1600000	0.0000012
all	779	1	1600000	0.0000006
all	797	1	1600000	0.0000006
all	799	1	1600000	0.0000006
all	811	2	1600000	0.0000012
all	824	2	1600000	0.0000012
all	827	2	1600000	0.0000012
all	828	2	1600000	0.0000012
all	829	25	1600000	0.0000156
