all	0	14885	1600000	0.0093031
all	1	5443	1600000	0.0034019
all	2	6317	1600000	0.0039481
all	3	6427	1600000	0.0040169
all	4	8150	1600000	0.0050938
all	5	10171	1600000	0.0063569
all	6	10108	1600000	0.0063175
all	7	10904	1600000	0.0068150
all	8	12701	1600000	0.0079381
all	9	13672	1600000	0.0085450
all	10	14595	1600000	0.0091219
all	11	16181	1600000	0.0101131
all	12	17372	1600000	0.0108575
all	13	18286	1600000	0.0114288
all	14	19073	1600000	0.0119206
all	15	20392	1600000	0.0127450
all	16	20518	1600000	0.0128238
all	17	22626	1600000	0.0141413
all	18	23552	1600000	0.0147200
all	19	23998	1600000	0.0149987
all	20	24250	1600000	0.0151563
all	21	25747	1600000	0.0160919
all	22	25990	1600000	0.0162438
all	23	26782	1600000	0.0167388
all	24	28218	1600000	0.0176363
all	25	27497	1600000	0.0171856
all	26	28432	1600000	0.0177700
all	27	27485	1600000	0.0171781
all	28	27668	1600000	0.0172925
all	29	29532	1600000	0.0184575
all	30	29221	1600000	0.0182631
all	31	29144	1600000	0.0182150
all	32	27527	1600000	0.0172044
all	33	27029	1600000	0.0168931
all	34	26269	1600000	0.0164181
all	35	27094	1600000	0.0169338
all	36	26206	1600000	0.0163787
all	37	25662	1600000	0.0160387
all	38	25747	1600000	0.0160919
all	39	25458	1600000	0.0159112
all	40	24088	1600000	0.0150550
all	41	23267	1600000	0.0145419
all	42	23932	1600000	0.0149575
all	43	22731	1600000	0.0142069
all	44	21376	1600000	0.0133600
all	45	21753	1600000	0.0135956
all	46	20475	1600000	0.0127969
all	47	20638	1600000	0.0128987
all	48	19503	1600000	0.0121894
all	49	20045	1600000	0.0125281
all	50	18202	1600000	0.0113762
all	51	17694	1600000	0.0110587
all	52	16895	1600000	0.0105594
all	53	16762	1600000	0.0104763
all	54	15988	1600000	0.0099925
all	55	16017	1600000	0.0100106
all	56	14735	1600000	0.0092094
all	57	14171	1600000	0.0088569
all	58	13822	1600000	0.0086387
all	59	13347	1600000	0.0083419
all	60	12225	1600000	0.0076406
all	61	12177	1600000	0.0076106
all	62	10850	1600000	0.0067812
all	63	11787	1600000	0.0073669
all	64	10946	1600000	0.0068413
all	65	11488	1600000	0.0071800
all	66	10329	1600000	0.0064556
all	67	10380	1600000	0.0064875
all	68	10062	1600000	0.0062888
all	69	9454	1600000	0.0059087
all	70	9309	1600000	0.0058181
all	71	9080	1600000	0.0056750
all	72	9073	1600000	0.0056706
all	73	8582	1600000	0.0053637
all	74	7890	1600000	0.0049313
all	75	8449	1600000	0.0052806
all	76	7754	1600000	0.0048463
all	77	7560	1600000	0.0047250
all	78	7320	1600000	0.0045750
all	79	6530	1600000	0.0040813
all	80	6243	1600000	0.0039019
all	81	5807	1600000	0.0036294
all	82	5828	1600000	0.0036425
all	83	5724	1600000	0.0035775
all	84	5016	1600000	0.0031350
all	85	4953	1600000	0.0030956
all	86	5061	1600000	0.0031631
all	87	4575	1600000	0.0028594
all	88	4135	1600000	0.0025844
all	89	4508	1600000	0.0028175
all	90	4337	1600000	0.0027106
all	91	3778	1600000	0.0023613
all	92	4052	1600000	0.0025325
all	93	3428	1600000	0.0021425
all	94	3702	1600000	0.0023138
all	95	3538	1600000	0.0022112
all	96	3028	1600000	0.0018925
all	97	3065	1600000	0.0019156
all	98	3337	1600000	0.0020856
all	99	2964	1600000	0.0018525
all	100	2748	1600000	0.0017175
all	101	2843	1600000	0.0017769
all	102	2749	1600000	0.0017181
all	103	2428	1600000	0.0015175
all	104	2563	1600000	0.0016019
all	105	2389	1600000	0.0014931
all	106	2502	1600000	0.0015637
all	107	2222	1600000	0.0013888
all	108	2092	1600000	0.0013075
all	109	2164	1600000	0.0013525
all	110	2156	1600000	0.0013475
all	111	2333	1600000	0.0014581
all	112	2185	1600000	0.0013656
all	113	1649	1600000	0.0010306
all	114	1686	1600000	0.0010538
all	115	1803	1600000	0.0011269
all	116	1792	1600000	0.0011200
all	117	1756	1600000	0.0010975
all	118	1874	1600000	0.0011713
all	119	1690	1600000	0.0010562
all	120	1472	1600000	0.0009200
all	121	1507	1600000	0.0009419
all	122	1483	1600000	0.0009269
all	123	1477	1600000	0.0009231
all	124	1417	1600000	0.0008856
all	125	1446	1600000	0.0009038
all	126	1278	1600000	0.0007988
all	127	1288	1600000	0.0008050
all	128	1394	1600000	0.0008712
all	129	1184	1600000	0.0007400
all	130	1185	1600000	0.0007406
all	131	1108	1600000	0.0006925
all	132	1022	1600000	0.0006387
all	133	1229	1600000	0.0007681
all	134	1156	1600000	0.0007225
all	135	966	1600000	0.0006037
all	136	1076	1600000	0.0006725
all	137	903	1600000	0.0005644
all	138	944	1600000	0.0005900
all	139	970	1600000	0.0006063
all	140	864	1600000	0.0005400
all	141	848	1600000	0.0005300
all	142	830	1600000	0.0005187
all	143	829	1600000	0.0005181
all	144	783	1600000	0.0004894
all	145	954	1600000	0.0005962
all	146	1072	1600000	0.0006700
all	147	782	1600000	0.0004887
all	148	827	1600000	0.0005169
all	149	875	1600000	0.0005469
all	150	636	1600000	0.0003975
all	151	759	1600000	0.0004744
all	152	773	1600000	0.0004831
all	153	691	1600000	0.0004319
all	154	675	1600000	0.0004219
all	155	654	1600000	0.0004087
all	156	501	1600000	0.0003131
all	157	530	1600000	0.0003312
all	158	542	1600000	0.0003387
all	159	449	1600000	0.0002806
all	160	492	1600000	0.0003075
all	161	488	1600000	0.0003050
all	162	578	1600000	0.0003612
all	163	455	1600000	0.0002844
all	164	528	1600000	0.0003300
all	165	424	1600000	0.0002650
all	166	512	1600000	0.0003200
all	167	519	1600000	0.0003244
all	168	502	1600000	0.0003138
all	169	445	1600000	0.0002781
all	170	415	1600000	0.0002594
all	171	439	1600000	0.0002744
all	172	411	1600000	0.0002569
all	173	428	1600000	0.0002675
all	174	577	1600000	0.0003606
all	175	518	1600000	0.0003237
all	176	394	1600000	0.0002463
all	177	600	1600000	0.0003750
all	178	453	1600000	0.0002831
all	179	402	1600000	0.0002512
all	180	444	1600000	0.0002775
all	181	481	1600000	0.0003006
all	182	329	1600000	0.0002056
all	183	481	1600000	0.0003006
all	184	455	1600000	0.0002844
all	185	331	1600000	0.0002069
all	186	424	1600000	0.0002650
all	187	353	1600000	0.0002206
all	188	304	1600000	0.0001900
all	189	372	1600000	0.0002325
all	190	215	1600000	0.0001344
all	191	333	1600000	0.0002081
all	192	267	1600000	0.0001669
all	193	325	1600000	0.0002031
all	194	234	1600000	0.0001462
all	195	227	1600000	0.0001419
all	196	293	1600000	0.0001831
all	197	190	1600000	0.0001188
all	198	218	1600000	0.0001363
all	199	228	1600000	0.0001425
all	200	200	1600000	0.0001250
all	201	136	1600000	0.0000850
all	202	290	1600000	0.0001812
all	203	148	1600000	0.0000925
all	204	209	1600000	0.0001306
all	205	166	1600000	0.0001037
all	206	179	1600000	0.0001119
all	207	192	1600000	0.0001200
all	208	188	1600000	0.0001175
all	209	182	1600000	0.0001138
all	210	172	1600000	0.0001075
all	211	252	1600000	0.0001575
all	212	169	1600000	0.0001056
all	213	145	1600000	0.0000906
all	214	108	1600000	0.0000675
all	215	112	1600000	0.0000700
all	216	177	1600000	0.0001106
all	217	107	1600000	0.0000669
all	218	85	1600000	0.0000531
all	219	126	1600000	0.0000788
all	220	139	1600000	0.0000869
all	221	122	1600000	0.0000762
all	222	142	1600000	0.0000887
all	223	114	1600000	0.0000712
all	224	164	1600000	0.0001025
all	225	99	1600000	0.0000619
all	226	51	1600000	0.0000319
all	227	134	1600000	0.0000837
all	228	130	1600000	0.0000813
all	229	90	1600000	0.0000562
all	230	141	1600000	0.0000881
all	231	127	1600000	0.0000794
all	232	87	1600000	0.0000544
all	233	124	1600000	0.0000775
all	234	122	1600000	0.0000762
all	235	122	1600000	0.0000762
all	236	128	1600000	0.0000800
all	237	149	1600000	0.0000931
all	238	119	1600000	0.0000744
all	239	88	1600000	0.0000550
all	240	136	1600000	0.0000850
all	241	111	1600000	0.0000694
all	242	70	1600000	0.0000437
all	243	70	1600000	0.0000437
all	244	81	1600000	0.0000506
all	245	82	1600000	0.0000513
all	246	113	1600000	0.0000706
all	247	56	1600000	0.0000350
all	248	97	1600000	0.0000606
all	249	161	1600000	0.0001006
all	250	118	1600000	0.0000738
all	251	101	1600000	0.0000631
all	252	95	1600000	0.0000594
all	253	124	1600000	0.0000775
all	254	125	1600000	0.0000781
all	255	93	1600000	0.0000581
all	256	57	1600000	0.0000356
all	257	61	1600000	0.0000381
all	258	112	1600000	0.0000700
all	259	53	1600000	0.0000331
all	260	74	1600000	0.0000462
all	261	88	1600000	0.0000550
all	262	69	1600000	0.0000431
all	263	82	1600000	0.0000513
all	264	57	1600000	0.0000356
all	265	55	1600000	0.0000344
all	266	13	1600000	0.0000081
all	267	29	1600000	0.0000181
all	268	68	1600000	0.0000425
all	269	44	1600000	0.0000275
all	270	47	1600000	0.0000294
all	271	35	1600000	0.0000219
all	272	53	1600000	0.0000331
all	273	61	1600000	0.0000381
all	274	36	1600000	0.0000225
all	275	52	1600000	0.0000325
all	276	56	1600000	0.0000350
all	277	42	1600000	0.0000262
all	278	81	1600000	0.0000506
all	279	40	1600000	0.0000250
all	280	59	1600000	0.0000369
all	281	21	1600000	0.0000131
all	282	52	1600000	0.0000325
all	283	59	1600000	0.0000369
all	284	62	1600000	0.0000388
all	285	50	1600000	0.0000313
all	286	67	1600000	0.0000419
all	287	26	1600000	0.0000163
all	288	32	1600000	0.0000200
all	289	35	1600000	0.0000219
all	290	20	1600000	0.0000125
all	291	21	1600000	0.0000131
all	292	29	1600000	0.0000181
all	293	16	1600000	0.0000100
all	294	24	1600000	0.0000150
all	295	34	1600000	0.0000212
all	296	30	1600000	0.0000188
all	297	24	1600000	0.0000150
all	298	59	1600000	0.0000369
all	299	21	1600000	0.0000131
all	300	15	1600000	0.0000094
all	301	24	1600000	0.0000150
all	302	21	1600000	0.0000131
all	303	21	1600000	0.0000131
all	304	18	1600000	0.0000113
all	305	10	1600000	0.0000062
all	306	19	1600000	0.0000119
all	307	13	1600000	0.0000081
all	308	43	1600000	0.0000269
all	309	21	1600000	0.0000131
all	310	43	1600000	0.0000269
all	311	74	1600000	0.0000462
all	312	65	1600000	0.0000406
all	313	28	1600000	0.0000175
all	314	15	1600000	0.0000094
all	315	22	1600000	0.0000138
all	316	6	1600000	0.0000037
all	317	8	1600000	0.0000050
all	318	32	1600000	0.0000200
all	319	16	1600000	0.0000100
all	320	7	1600000	0.0000044
all	321	41	1600000	0.0000256
all	322	21	1600000	0.0000131
all	323	23	1600000	0.0000144
all	324	37	1600000	0.0000231
all	325	28	1600000	0.0000175
all	326	12	1600000	0.0000075
all	327	7	1600000	0.0000044
all	328	4	1600000	0.0000025
all	329	10	1600000	0.0000062
all	330	8	1600000	0.0000050
all	331	29	1600000	0.0000181
all	332	10	1600000	0.0000062
all	334	7	1600000	0.0000044
all	335	5	1600000	0.0000031
all	336	7	1600000	0.0000044
all	337	4	1600000	0.0000025
all	338	8	1600000	0.0000050
all	339	2	1600000	0.0000012
all	340	4	1600000	0.0000025
all	341	2	1600000	0.0000012
all	342	9	1600000	0.0000056
all	343	5	1600000	0.0000031
all	344	12	1600000	0.0000075
all	345	7	1600000	0.0000044
all	346	23	1600000	0.0000144
all	347	5	1600000	0.0000031
all	348	4	1600000	0.0000025
all	349	8	1600000	0.0000050
all	350	7	1600000	0.0000044
all	351	10	1600000	0.0000062
all	352	5	1600000	0.0000031
all	353	2	1600000	0.0000012
all	354	13	1600000	0.0000081
all	355	5	1600000	0.0000031
all	358	9	1600000	0.0000056
all	359	4	1600000	0.0000025
all	360	4	1600000	0.0000025
all	361	2	1600000	0.0000012
all	362	2	1600000	0.0000012
all	363	3	1600000	0.0000019
all	364	6	1600000	0.0000037
all	365	8	1600000	0.0000050
all	366	2	1600000	0.0000012
all	368	8	1600000	0.0000050
all	369	2	1600000	0.0000012
all	370	5	1600000	0.0000031
all	371	2	1600000	0.0000012
all	373	1	1600000	0.0000006
all	374	2	1600000	0.0000012
all	375	18	1600000	0.0000113
all	376	13	1600000	0.0000081
all	377	11	1600000	0.0000069
all	378	6	1600000	0.0000037
all	379	5	1600000	0.0000031
all	381	2	1600000	0.0000012
all	382	8	1600000	0.0000050
all	383	11	1600000	0.0000069
all	384	9	1600000	0.0000056
all	385	6	1600000	0.0000037
all	386	14	1600000	0.0000088
all	387	9	1600000	0.0000056
all	388	1	1600000	0.0000006
all	390	2	1600000	0.0000012
all	391	21	1600000	0.0000131
all	392	1	1600000	0.0000006
all	393	1	1600000	0.0000006
all	394	1	1600000	0.0000006
all	396	1	1600000	0.0000006
all	397	4	1600000	0.0000025
all	398	5	1600000	0.0000031
all	399	2	1600000	0.0000012
all	402	1	1600000	0.0000006
all	403	2	1600000	0.0000012
all	404	1	1600000	0.0000006
all	405	7	1600000	0.0000044
all	406	6	1600000	0.0000037
all	407	3	1600000	0.0000019
all	408	2	1600000	0.0000012
all	409	1	1600000	0.0000006
all	410	8	1600000	0.0000050
all	411	6	1600000	0.0000037
all	412	6	1600000	0.0000037
all	413	2	1600000	0.0000012
all	417	2	1600000	0.0000012
all	418	2	1600000	0.0000012
all	419	2	1600000	0.0000012
all	420	4	1600000	0.0000025
all	423	1	1600000	0.0000006
all	424	1	1600000	0.0000006
all	426	4	1600000	0.0000025
all	427	1	1600000	0.0000006
all	429	8	1600000	0.0000050
all	430	9	1600000	0.0000056
all	434	2	1600000	0.0000012
all	435	2	1600000	0.0000012
all	436	6	1600000	0.0000037
all	437	6	1600000	0.0000037
all	438	14	1600000	0.0000088
all	439	16	1600000	0.0000100
all	443	2	1600000	0.0000012
all	444	2	1600000	0.0000012
all	445	4	1600000	0.0000025
all	448	2	1600000	0.0000012
all	449	7	1600000	0.0000044
all	450	2	1600000	0.0000012
all	451	2	1600000	0.0000012
all	452	2	1600000	0.0000012
all	454	2	1600000	0.0000012
all	460	2	1600000	0.0000012
all	461	4	1600000	0.0000025
all	463	2	1600000	0.0000012
all	474	2	1600000	0.0000012
all	479	2	1600000	0.0000012
all	483	4	1600000	0.0000025
all	491	1	1600000	0.0000006
all	495	2	1600000	0.0000012
all	498	3	1600000	0.0000019
all	499	6	1600000	0.0000037
all	502	8	1600000	0.0000050
all	505	1	1600000	0.0000006
all	513	2	1600000	0.0000012
all	516	2	1600000	0.0000012
all	545	2	1600000	0.0000012
all	548	1	1600000	0.0000006
all	549	1	1600000	0.0000006
all	550	4	1600000	0.0000025
all	552	2	1600000	0.0000012
all	554	2	1600000	0.0000012
all	557	8	1600000	0.0000050
all	559	2	1600000	0.0000012
all	561	2	1600000	0.0000012
all	562	2	1600000	0.0000012
all	563	1	1600000	0.0000006
all	564	3	1600000	0.0000019
all	565	4	1600000	0.0000025
all	567	4	1600000	0.0000025
