all	0	759583	1600000	0.4747394
all	1	68800	1600000	0.0430000
all	2	125862	1600000	0.0786638
all	3	59372	1600000	0.0371075
all	4	66952	1600000	0.0418450
all	5	52505	1600000	0.0328156
all	6	52645	1600000	0.0329031
all	7	42644	1600000	0.0266525
all	8	43158	1600000	0.0269738
all	9	36792	1600000	0.0229950
all	10	35844	1600000	0.0224025
all	11	27515	1600000	0.0171969
all	12	25289	1600000	0.0158056
all	13	21414	1600000	0.0133837
all	14	21413	1600000	0.0133831
all	15	17768	1600000	0.0111050
all	16	14858	1600000	0.0092862
all	17	12284	1600000	0.0076775
all	18	10814	1600000	0.0067587
all	19	10501	1600000	0.0065631
all	20	9796	1600000	0.0061225
all	21	7547	1600000	0.0047169
all	22	7254	1600000	0.0045338
all	23	5597	1600000	0.0034981
all	24	6041	1600000	0.0037756
all	25	5483	1600000	0.0034269
all	26	4766	1600000	0.0029788
all	27	3611	1600000	0.0022569
all	28	3905	1600000	0.0024406
all	29	3175	1600000	0.0019844
all	30	2840	1600000	0.0017750
all	31	2021	1600000	0.0012631
all	32	2838	1600000	0.0017737
all	33	1907	1600000	0.0011919
all	34	1576	1600000	0.0009850
all	35	1499	1600000	0.0009369
all	36	1287	1600000	0.0008044
all	37	810	1600000	0.0005063
all	38	791	1600000	0.0004944
all	39	886	1600000	0.0005538
all	40	713	1600000	0.0004456
all	41	821	1600000	0.0005131
all	42	949	1600000	0.0005931
all	43	872	1600000	0.0005450
all	44	739	1600000	0.0004619
all	45	378	1600000	0.0002362
all	46	703	1600000	0.0004394
all	47	630	1600000	0.0003938
all	48	551	1600000	0.0003444
all	49	337	1600000	0.0002106
all	50	420	1600000	0.0002625
all	51	488	1600000	0.0003050
all	52	769	1600000	0.0004806
all	53	485	1600000	0.0003031
all	54	270	1600000	0.0001688
all	55	222	1600000	0.0001387
all	56	305	1600000	0.0001906
all	57	412	1600000	0.0002575
all	58	336	1600000	0.0002100
all	59	403	1600000	0.0002519
all	60	497	1600000	0.0003106
all	61	362	1600000	0.0002263
all	62	324	1600000	0.0002025
all	63	221	1600000	0.0001381
all	64	256	1600000	0.0001600
all	65	180	1600000	0.0001125
all	66	139	1600000	0.0000869
all	67	101	1600000	0.0000631
all	68	30	1600000	0.0000188
all	69	133	1600000	0.0000831
all	70	151	1600000	0.0000944
all	71	303	1600000	0.0001894
all	72	182	1600000	0.0001138
all	73	290	1600000	0.0001812
all	74	86	1600000	0.0000537
all	75	134	1600000	0.0000837
all	76	270	1600000	0.0001688
all	77	102	1600000	0.0000637
all	78	125	1600000	0.0000781
all	79	209	1600000	0.0001306
all	80	281	1600000	0.0001756
all	81	118	1600000	0.0000738
all	82	117	1600000	0.0000731
all	83	110	1600000	0.0000687
all	84	140	1600000	0.0000875
all	85	99	1600000	0.0000619
all	86	155	1600000	0.0000969
all	87	152	1600000	0.0000950
all	88	69	1600000	0.0000431
all	89	58	1600000	0.0000362
all	90	120	1600000	0.0000750
all	91	138	1600000	0.0000863
all	92	215	1600000	0.0001344
all	93	94	1600000	0.0000587
all	94	139	1600000	0.0000869
all	95	45	1600000	0.0000281
all	96	108	1600000	0.0000675
all	97	66	1600000	0.0000413
all	98	117	1600000	0.0000731
all	99	45	1600000	0.0000281
all	100	91	1600000	0.0000569
all	101	83	1600000	0.0000519
all	102	21	1600000	0.0000131
all	103	129	1600000	0.0000806
all	104	17	1600000	0.0000106
all	105	83	1600000	0.0000519
all	106	18	1600000	0.0000113
all	107	11	1600000	0.0000069
all	108	7	1600000	0.0000044
all	109	45	1600000	0.0000281
all	110	40	1600000	0.0000250
all	111	25	1600000	0.0000156
all	112	59	1600000	0.0000369
all	113	31	1600000	0.0000194
all	114	56	1600000	0.0000350
all	115	67	1600000	0.0000419
all	116	147	1600000	0.0000919
all	117	49	1600000	0.0000306
all	118	163	1600000	0.0001019
all	119	36	1600000	0.0000225
all	120	32	1600000	0.0000200
all	121	13	1600000	0.0000081
all	122	10	1600000	0.0000062
all	123	29	1600000	0.0000181
all	124	8	1600000	0.0000050
all	125	136	1600000	0.0000850
all	126	19	1600000	0.0000119
all	127	21	1600000	0.0000131
all	129	3	1600000	0.0000019
all	130	14	1600000	0.0000088
all	131	54	1600000	0.0000337
all	132	31	1600000	0.0000194
all	133	7	1600000	0.0000044
all	134	144	1600000	0.0000900
all	135	46	1600000	0.0000288
all	136	8	1600000	0.0000050
all	137	20	1600000	0.0000125
all	138	8	1600000	0.0000050
all	139	48	1600000	0.0000300
all	140	95	1600000	0.0000594
all	141	19	1600000	0.0000119
all	142	15	1600000	0.0000094
all	143	1	1600000	0.0000006
all	144	7	1600000	0.0000044
all	145	47	1600000	0.0000294
all	146	78	1600000	0.0000488
all	147	28	1600000	0.0000175
all	148	11	1600000	0.0000069
all	149	5	1600000	0.0000031
all	150	8	1600000	0.0000050
all	151	24	1600000	0.0000150
all	152	8	1600000	0.0000050
all	153	10	1600000	0.0000062
all	154	3	1600000	0.0000019
all	156	12	1600000	0.0000075
all	157	7	1600000	0.0000044
all	158	16	1600000	0.0000100
all	159	16	1600000	0.0000100
all	160	10	1600000	0.0000062
all	161	23	1600000	0.0000144
all	162	22	1600000	0.0000138
all	163	45	1600000	0.0000281
all	164	33	1600000	0.0000206
all	166	18	1600000	0.0000113
all	167	8	1600000	0.0000050
all	168	21	1600000	0.0000131
all	169	45	1600000	0.0000281
all	170	16	1600000	0.0000100
all	171	28	1600000	0.0000175
all	172	26	1600000	0.0000163
all	174	30	1600000	0.0000188
all	175	1	1600000	0.0000006
all	176	16	1600000	0.0000100
all	177	26	1600000	0.0000163
all	178	8	1600000	0.0000050
all	179	4	1600000	0.0000025
all	180	15	1600000	0.0000094
all	181	21	1600000	0.0000131
all	182	9	1600000	0.0000056
all	183	1	1600000	0.0000006
all	184	6	1600000	0.0000037
all	185	25	1600000	0.0000156
all	186	22	1600000	0.0000138
all	187	18	1600000	0.0000113
all	188	4	1600000	0.0000025
all	189	1	1600000	0.0000006
all	190	2	1600000	0.0000012
all	191	7	1600000	0.0000044
all	192	3	1600000	0.0000019
all	193	4	1600000	0.0000025
all	194	4	1600000	0.0000025
all	195	8	1600000	0.0000050
all	197	4	1600000	0.0000025
all	198	8	1600000	0.0000050
all	200	2	1600000	0.0000012
all	201	1	1600000	0.0000006
all	202	7	1600000	0.0000044
all	203	7	1600000	0.0000044
all	204	22	1600000	0.0000138
all	205	7	1600000	0.0000044
all	206	4	1600000	0.0000025
all	207	7	1600000	0.0000044
all	208	13	1600000	0.0000081
all	209	10	1600000	0.0000062
all	211	4	1600000	0.0000025
all	217	2	1600000	0.0000012
all	218	4	1600000	0.0000025
all	219	2	1600000	0.0000012
all	222	3	1600000	0.0000019
all	223	2	1600000	0.0000012
all	224	9	1600000	0.0000056
all	225	14	1600000	0.0000088
all	227	2	1600000	0.0000012
all	229	6	1600000	0.0000037
all	233	2	1600000	0.0000012
all	238	12	1600000	0.0000075
all	240	16	1600000	0.0000100
all	241	4	1600000	0.0000025
all	242	2	1600000	0.0000012
all	243	2	1600000	0.0000012
all	244	2	1600000	0.0000012
all	246	2	1600000	0.0000012
all	248	2	1600000	0.0000012
all	250	2	1600000	0.0000012
all	251	5	1600000	0.0000031
all	252	2	1600000	0.0000012
all	253	2	1600000	0.0000012
all	255	8	1600000	0.0000050
all	257	18	1600000	0.0000113
all	266	1	1600000	0.0000006
all	267	2	1600000	0.0000012
all	268	3	1600000	0.0000019
all	270	2	1600000	0.0000012
all	271	2	1600000	0.0000012
all	273	2	1600000	0.0000012
all	274	1	1600000	0.0000006
all	275	9	1600000	0.0000056
all	276	5	1600000	0.0000031
all	278	8	1600000	0.0000050
all	279	4	1600000	0.0000025
all	280	1	1600000	0.0000006
all	281	3	1600000	0.0000019
all	282	2	1600000	0.0000012
all	287	2	1600000	0.0000012
all	289	1	1600000	0.0000006
all	294	2	1600000	0.0000012
all	298	1	1600000	0.0000006
all	302	1	1600000	0.0000006
all	303	1	1600000	0.0000006
all	306	2	1600000	0.0000012
all	307	1	1600000	0.0000006
all	308	6	1600000	0.0000037
all	309	3	1600000	0.0000019
all	311	2	1600000	0.0000012
all	315	1	1600000	0.0000006
all	332	2	1600000	0.0000012
all	333	1	1600000	0.0000006
all	335	4	1600000	0.0000025
all	338	4	1600000	0.0000025
all	340	2	1600000	0.0000012
all	341	2	1600000	0.0000012
