all	0	249004	1600000	0.1556275
all	1	35865	1600000	0.0224156
all	2	60147	1600000	0.0375919
all	3	35997	1600000	0.0224981
all	4	46348	1600000	0.0289675
all	5	41270	1600000	0.0257937
all	6	43099	1600000	0.0269369
all	7	41504	1600000	0.0259400
all	8	43567	1600000	0.0272294
all	9	43604	1600000	0.0272525
all	10	41910	1600000	0.0261937
all	11	39821	1600000	0.0248881
all	12	39310	1600000	0.0245687
all	13	38123	1600000	0.0238269
all	14	37274	1600000	0.0232963
all	15	36778	1600000	0.0229862
all	16	33208	1600000	0.0207550
all	17	30109	1600000	0.0188181
all	18	34091	1600000	0.0213069
all	19	30420	1600000	0.0190125
all	20	28428	1600000	0.0177675
all	21	27003	1600000	0.0168769
all	22	28056	1600000	0.0175350
all	23	24344	1600000	0.0152150
all	24	25380	1600000	0.0158625
all	25	21704	1600000	0.0135650
all	26	22017	1600000	0.0137606
all	27	21765	1600000	0.0136031
all	28	20949	1600000	0.0130931
all	29	17191	1600000	0.0107444
all	30	18072	1600000	0.0112950
all	31	16015	1600000	0.0100094
all	32	15445	1600000	0.0096531
all	33	15345	1600000	0.0095906
all	34	14980	1600000	0.0093625
all	35	13046	1600000	0.0081537
all	36	11392	1600000	0.0071200
all	37	14073	1600000	0.0087956
all	38	11784	1600000	0.0073650
all	39	10844	1600000	0.0067775
all	40	9327	1600000	0.0058294
all	41	9874	1600000	0.0061712
all	42	8333	1600000	0.0052081
all	43	8073	1600000	0.0050456
all	44	7566	1600000	0.0047287
all	45	7020	1600000	0.0043875
all	46	6789	1600000	0.0042431
all	47	6672	1600000	0.0041700
all	48	6930	1600000	0.0043313
all	49	5600	1600000	0.0035000
all	50	6138	1600000	0.0038362
all	51	5538	1600000	0.0034613
all	52	4128	1600000	0.0025800
all	53	4982	1600000	0.0031137
all	54	4084	1600000	0.0025525
all	55	4155	1600000	0.0025969
all	56	4829	1600000	0.0030181
all	57	4145	1600000	0.0025906
all	58	3753	1600000	0.0023456
all	59	2919	1600000	0.0018244
all	60	3767	1600000	0.0023544
all	61	4071	1600000	0.0025444
all	62	3379	1600000	0.0021119
all	63	3299	1600000	0.0020619
all	64	3229	1600000	0.0020181
all	65	2157	1600000	0.0013481
all	66	2867	1600000	0.0017919
all	67	2449	1600000	0.0015306
all	68	2400	1600000	0.0015000
all	69	2559	1600000	0.0015994
all	70	1628	1600000	0.0010175
all	71	2387	1600000	0.0014919
all	72	2679	1600000	0.0016744
all	73	1938	1600000	0.0012112
all	74	1978	1600000	0.0012363
all	75	1979	1600000	0.0012369
all	76	1410	1600000	0.0008813
all	77	1558	1600000	0.0009738
all	78	1560	1600000	0.0009750
all	79	1425	1600000	0.0008906
all	80	1245	1600000	0.0007781
all	81	1259	1600000	0.0007869
all	82	1271	1600000	0.0007944
all	83	1309	1600000	0.0008181
all	84	1106	1600000	0.0006913
all	85	1124	1600000	0.0007025
all	86	1164	1600000	0.0007275
all	87	1147	1600000	0.0007169
all	88	1071	1600000	0.0006694
all	89	1047	1600000	0.0006544
all	90	890	1600000	0.0005562
all	91	889	1600000	0.0005556
all	92	746	1600000	0.0004662
all	93	760	1600000	0.0004750
all	94	798	1600000	0.0004988
all	95	1032	1600000	0.0006450
all	96	698	1600000	0.0004363
all	97	872	1600000	0.0005450
all	98	723	1600000	0.0004519
all	99	850	1600000	0.0005313
all	100	531	1600000	0.0003319
all	101	670	1600000	0.0004187
all	102	762	1600000	0.0004762
all	103	657	1600000	0.0004106
all	104	968	1600000	0.0006050
all	105	515	1600000	0.0003219
all	106	587	1600000	0.0003669
all	107	531	1600000	0.0003319
all	108	494	1600000	0.0003087
all	109	516	1600000	0.0003225
all	110	593	1600000	0.0003706
all	111	629	1600000	0.0003931
all	112	430	1600000	0.0002688
all	113	628	1600000	0.0003925
all	114	489	1600000	0.0003056
all	115	302	1600000	0.0001887
all	116	345	1600000	0.0002156
all	117	391	1600000	0.0002444
all	118	315	1600000	0.0001969
all	119	275	1600000	0.0001719
all	120	345	1600000	0.0002156
all	121	192	1600000	0.0001200
all	122	222	1600000	0.0001387
all	123	362	1600000	0.0002263
all	124	203	1600000	0.0001269
all	125	385	1600000	0.0002406
all	126	221	1600000	0.0001381
all	127	305	1600000	0.0001906
all	128	322	1600000	0.0002013
all	129	289	1600000	0.0001806
all	130	382	1600000	0.0002387
all	131	207	1600000	0.0001294
all	132	189	1600000	0.0001181
all	133	179	1600000	0.0001119
all	134	266	1600000	0.0001662
all	135	373	1600000	0.0002331
all	136	203	1600000	0.0001269
all	137	330	1600000	0.0002062
all	138	281	1600000	0.0001756
all	139	242	1600000	0.0001513
all	140	325	1600000	0.0002031
all	141	209	1600000	0.0001306
all	142	207	1600000	0.0001294
all	143	158	1600000	0.0000988
all	144	109	1600000	0.0000681
all	145	158	1600000	0.0000988
all	146	240	1600000	0.0001500
all	147	133	1600000	0.0000831
all	148	62	1600000	0.0000388
all	149	151	1600000	0.0000944
all	150	199	1600000	0.0001244
all	151	68	1600000	0.0000425
all	152	197	1600000	0.0001231
all	153	127	1600000	0.0000794
all	154	227	1600000	0.0001419
all	155	128	1600000	0.0000800
all	156	105	1600000	0.0000656
all	157	105	1600000	0.0000656
all	158	154	1600000	0.0000962
all	159	187	1600000	0.0001169
all	160	81	1600000	0.0000506
all	161	168	1600000	0.0001050
all	162	94	1600000	0.0000587
all	163	119	1600000	0.0000744
all	164	186	1600000	0.0001162
all	165	181	1600000	0.0001131
all	166	156	1600000	0.0000975
all	167	173	1600000	0.0001081
all	168	88	1600000	0.0000550
all	169	248	1600000	0.0001550
all	170	127	1600000	0.0000794
all	171	64	1600000	0.0000400
all	172	91	1600000	0.0000569
all	173	113	1600000	0.0000706
all	174	86	1600000	0.0000537
all	175	63	1600000	0.0000394
all	176	119	1600000	0.0000744
all	177	147	1600000	0.0000919
all	178	106	1600000	0.0000663
all	179	104	1600000	0.0000650
all	180	69	1600000	0.0000431
all	181	182	1600000	0.0001138
all	182	235	1600000	0.0001469
all	183	297	1600000	0.0001856
all	184	192	1600000	0.0001200
all	185	111	1600000	0.0000694
all	186	90	1600000	0.0000562
all	187	120	1600000	0.0000750
all	188	73	1600000	0.0000456
all	189	91	1600000	0.0000569
all	190	73	1600000	0.0000456
all	191	128	1600000	0.0000800
all	192	59	1600000	0.0000369
all	193	177	1600000	0.0001106
all	194	43	1600000	0.0000269
all	195	32	1600000	0.0000200
all	196	64	1600000	0.0000400
all	197	62	1600000	0.0000388
all	198	63	1600000	0.0000394
all	199	81	1600000	0.0000506
all	200	69	1600000	0.0000431
all	201	33	1600000	0.0000206
all	202	84	1600000	0.0000525
all	203	28	1600000	0.0000175
all	204	36	1600000	0.0000225
all	205	49	1600000	0.0000306
all	206	30	1600000	0.0000188
all	207	46	1600000	0.0000288
all	208	35	1600000	0.0000219
all	209	68	1600000	0.0000425
all	210	108	1600000	0.0000675
all	211	56	1600000	0.0000350
all	212	40	1600000	0.0000250
all	213	56	1600000	0.0000350
all	214	75	1600000	0.0000469
all	215	27	1600000	0.0000169
all	216	65	1600000	0.0000406
all	217	60	1600000	0.0000375
all	218	55	1600000	0.0000344
all	219	38	1600000	0.0000238
all	220	56	1600000	0.0000350
all	221	84	1600000	0.0000525
all	222	11	1600000	0.0000069
all	223	3	1600000	0.0000019
all	224	17	1600000	0.0000106
all	225	15	1600000	0.0000094
all	226	67	1600000	0.0000419
all	227	62	1600000	0.0000388
all	228	77	1600000	0.0000481
all	229	25	1600000	0.0000156
all	230	14	1600000	0.0000088
all	231	36	1600000	0.0000225
all	232	18	1600000	0.0000113
all	233	50	1600000	0.0000313
all	234	45	1600000	0.0000281
all	235	45	1600000	0.0000281
all	236	164	1600000	0.0001025
all	237	33	1600000	0.0000206
all	238	51	1600000	0.0000319
all	239	52	1600000	0.0000325
all	240	107	1600000	0.0000669
all	241	30	1600000	0.0000188
all	242	73	1600000	0.0000456
all	243	48	1600000	0.0000300
all	244	87	1600000	0.0000544
all	245	24	1600000	0.0000150
all	246	85	1600000	0.0000531
all	247	29	1600000	0.0000181
all	248	26	1600000	0.0000163
all	249	80	1600000	0.0000500
all	250	31	1600000	0.0000194
all	251	36	1600000	0.0000225
all	252	92	1600000	0.0000575
all	253	103	1600000	0.0000644
all	254	19	1600000	0.0000119
all	255	15	1600000	0.0000094
all	256	13	1600000	0.0000081
all	257	4	1600000	0.0000025
all	258	23	1600000	0.0000144
all	259	39	1600000	0.0000244
all	260	61	1600000	0.0000381
all	261	25	1600000	0.0000156
all	262	29	1600000	0.0000181
all	263	24	1600000	0.0000150
all	264	26	1600000	0.0000163
all	265	40	1600000	0.0000250
all	266	28	1600000	0.0000175
all	267	9	1600000	0.0000056
all	268	18	1600000	0.0000113
all	269	15	1600000	0.0000094
all	270	21	1600000	0.0000131
all	271	41	1600000	0.0000256
all	272	50	1600000	0.0000313
all	273	17	1600000	0.0000106
all	274	12	1600000	0.0000075
all	275	21	1600000	0.0000131
all	276	26	1600000	0.0000163
all	277	30	1600000	0.0000188
all	278	36	1600000	0.0000225
all	279	41	1600000	0.0000256
all	280	43	1600000	0.0000269
all	281	34	1600000	0.0000212
all	282	68	1600000	0.0000425
all	283	18	1600000	0.0000113
all	284	46	1600000	0.0000288
all	285	55	1600000	0.0000344
all	286	39	1600000	0.0000244
all	287	20	1600000	0.0000125
all	288	31	1600000	0.0000194
all	289	30	1600000	0.0000188
all	290	44	1600000	0.0000275
all	291	18	1600000	0.0000113
all	292	49	1600000	0.0000306
all	293	14	1600000	0.0000088
all	294	32	1600000	0.0000200
all	295	35	1600000	0.0000219
all	296	12	1600000	0.0000075
all	297	12	1600000	0.0000075
all	298	9	1600000	0.0000056
all	299	7	1600000	0.0000044
all	300	11	1600000	0.0000069
all	301	9	1600000	0.0000056
all	302	10	1600000	0.0000062
all	303	37	1600000	0.0000231
all	304	42	1600000	0.0000262
all	305	4	1600000	0.0000025
all	306	10	1600000	0.0000062
all	307	28	1600000	0.0000175
all	308	3	1600000	0.0000019
all	309	17	1600000	0.0000106
all	310	2	1600000	0.0000012
all	311	18	1600000	0.0000113
all	312	16	1600000	0.0000100
all	313	6	1600000	0.0000037
all	314	12	1600000	0.0000075
all	315	25	1600000	0.0000156
all	316	15	1600000	0.0000094
all	317	7	1600000	0.0000044
all	318	11	1600000	0.0000069
all	319	5	1600000	0.0000031
all	320	10	1600000	0.0000062
all	321	13	1600000	0.0000081
all	322	7	1600000	0.0000044
all	323	5	1600000	0.0000031
all	324	11	1600000	0.0000069
all	325	5	1600000	0.0000031
all	326	11	1600000	0.0000069
all	327	14	1600000	0.0000088
all	328	12	1600000	0.0000075
all	329	11	1600000	0.0000069
all	330	34	1600000	0.0000212
all	331	17	1600000	0.0000106
all	332	4	1600000	0.0000025
all	333	18	1600000	0.0000113
all	334	13	1600000	0.0000081
all	335	1	1600000	0.0000006
all	336	34	1600000	0.0000212
all	337	30	1600000	0.0000188
all	338	7	1600000	0.0000044
all	339	6	1600000	0.0000037
all	340	32	1600000	0.0000200
all	341	4	1600000	0.0000025
all	342	32	1600000	0.0000200
all	343	17	1600000	0.0000106
all	344	10	1600000	0.0000062
all	345	20	1600000	0.0000125
all	346	13	1600000	0.0000081
all	347	13	1600000	0.0000081
all	348	5	1600000	0.0000031
all	349	38	1600000	0.0000238
all	350	9	1600000	0.0000056
all	351	1	1600000	0.0000006
all	352	14	1600000	0.0000088
all	353	13	1600000	0.0000081
all	354	4	1600000	0.0000025
all	355	4	1600000	0.0000025
all	356	10	1600000	0.0000062
all	357	3	1600000	0.0000019
all	358	17	1600000	0.0000106
all	359	15	1600000	0.0000094
all	360	19	1600000	0.0000119
all	361	28	1600000	0.0000175
all	362	18	1600000	0.0000113
all	363	15	1600000	0.0000094
all	364	16	1600000	0.0000100
all	365	13	1600000	0.0000081
all	366	5	1600000	0.0000031
all	367	14	1600000	0.0000088
all	368	13	1600000	0.0000081
all	369	6	1600000	0.0000037
all	370	18	1600000	0.0000113
all	371	11	1600000	0.0000069
all	372	13	1600000	0.0000081
all	373	6	1600000	0.0000037
all	374	33	1600000	0.0000206
all	375	18	1600000	0.0000113
all	376	10	1600000	0.0000062
all	377	9	1600000	0.0000056
all	378	12	1600000	0.0000075
all	379	6	1600000	0.0000037
all	380	12	1600000	0.0000075
all	381	30	1600000	0.0000188
all	382	11	1600000	0.0000069
all	383	10	1600000	0.0000062
all	384	13	1600000	0.0000081
all	385	6	1600000	0.0000037
all	386	2	1600000	0.0000012
all	387	14	1600000	0.0000088
all	388	3	1600000	0.0000019
all	389	18	1600000	0.0000113
all	390	2	1600000	0.0000012
all	391	5	1600000	0.0000031
all	392	5	1600000	0.0000031
all	393	6	1600000	0.0000037
all	394	22	1600000	0.0000138
all	395	18	1600000	0.0000113
all	396	23	1600000	0.0000144
all	397	5	1600000	0.0000031
all	398	11	1600000	0.0000069
all	399	2	1600000	0.0000012
all	401	5	1600000	0.0000031
all	402	7	1600000	0.0000044
all	403	3	1600000	0.0000019
all	404	4	1600000	0.0000025
all	405	14	1600000	0.0000088
all	406	3	1600000	0.0000019
all	407	1	1600000	0.0000006
all	408	11	1600000	0.0000069
all	409	3	1600000	0.0000019
all	410	4	1600000	0.0000025
all	411	2	1600000	0.0000012
all	412	15	1600000	0.0000094
all	413	7	1600000	0.0000044
all	414	10	1600000	0.0000062
all	415	5	1600000	0.0000031
all	416	10	1600000	0.0000062
all	417	50	1600000	0.0000313
all	418	3	1600000	0.0000019
all	419	8	1600000	0.0000050
all	420	4	1600000	0.0000025
all	421	45	1600000	0.0000281
all	422	2	1600000	0.0000012
all	423	6	1600000	0.0000037
all	425	7	1600000	0.0000044
all	426	2	1600000	0.0000012
all	427	2	1600000	0.0000012
all	430	3	1600000	0.0000019
all	432	2	1600000	0.0000012
all	435	1	1600000	0.0000006
all	436	5	1600000	0.0000031
all	437	1	1600000	0.0000006
all	438	2	1600000	0.0000012
all	439	8	1600000	0.0000050
all	440	4	1600000	0.0000025
all	441	2	1600000	0.0000012
all	442	3	1600000	0.0000019
all	443	2	1600000	0.0000012
all	444	4	1600000	0.0000025
all	445	2	1600000	0.0000012
all	446	40	1600000	0.0000250
all	447	4	1600000	0.0000025
all	448	12	1600000	0.0000075
all	449	12	1600000	0.0000075
all	450	10	1600000	0.0000062
all	451	2	1600000	0.0000012
all	452	7	1600000	0.0000044
all	453	11	1600000	0.0000069
all	454	5	1600000	0.0000031
all	455	4	1600000	0.0000025
all	456	5	1600000	0.0000031
all	457	30	1600000	0.0000188
all	458	11	1600000	0.0000069
all	459	7	1600000	0.0000044
all	460	2	1600000	0.0000012
all	461	7	1600000	0.0000044
all	462	7	1600000	0.0000044
all	465	1	1600000	0.0000006
all	467	2	1600000	0.0000012
all	469	2	1600000	0.0000012
all	470	4	1600000	0.0000025
all	473	1	1600000	0.0000006
all	474	3	1600000	0.0000019
all	475	2	1600000	0.0000012
all	476	2	1600000	0.0000012
all	481	8	1600000	0.0000050
all	484	3	1600000	0.0000019
all	485	2	1600000	0.0000012
all	486	6	1600000	0.0000037
all	487	5	1600000	0.0000031
all	488	2	1600000	0.0000012
all	489	4	1600000	0.0000025
all	490	11	1600000	0.0000069
all	491	17	1600000	0.0000106
all	492	22	1600000	0.0000138
all	493	1	1600000	0.0000006
all	494	10	1600000	0.0000062
all	495	2	1600000	0.0000012
all	496	8	1600000	0.0000050
all	497	12	1600000	0.0000075
all	498	1	1600000	0.0000006
all	499	4	1600000	0.0000025
all	500	11	1600000	0.0000069
all	501	9	1600000	0.0000056
all	503	8	1600000	0.0000050
all	504	20	1600000	0.0000125
all	505	1	1600000	0.0000006
all	506	3	1600000	0.0000019
all	507	6	1600000	0.0000037
all	508	15	1600000	0.0000094
all	509	6	1600000	0.0000037
all	510	12	1600000	0.0000075
all	511	2	1600000	0.0000012
all	512	12	1600000	0.0000075
all	513	9	1600000	0.0000056
all	514	23	1600000	0.0000144
all	515	22	1600000	0.0000138
all	516	5	1600000	0.0000031
all	517	6	1600000	0.0000037
all	518	16	1600000	0.0000100
all	520	3	1600000	0.0000019
all	521	1	1600000	0.0000006
all	522	3	1600000	0.0000019
all	523	2	1600000	0.0000012
all	524	14	1600000	0.0000088
all	525	6	1600000	0.0000037
all	526	5	1600000	0.0000031
all	527	5	1600000	0.0000031
all	528	2	1600000	0.0000012
all	529	7	1600000	0.0000044
all	530	5	1600000	0.0000031
all	531	9	1600000	0.0000056
all	532	13	1600000	0.0000081
all	534	8	1600000	0.0000050
all	535	7	1600000	0.0000044
all	536	6	1600000	0.0000037
all	538	4	1600000	0.0000025
all	541	1	1600000	0.0000006
all	542	9	1600000	0.0000056
all	543	11	1600000	0.0000069
all	545	4	1600000	0.0000025
all	547	2	1600000	0.0000012
all	548	1	1600000	0.0000006
all	554	2	1600000	0.0000012
all	555	4	1600000	0.0000025
all	556	1	1600000	0.0000006
all	557	7	1600000	0.0000044
all	558	20	1600000	0.0000125
all	559	2	1600000	0.0000012
all	560	6	1600000	0.0000037
all	562	1	1600000	0.0000006
all	563	2	1600000	0.0000012
all	564	5	1600000	0.0000031
all	565	3	1600000	0.0000019
all	566	2	1600000	0.0000012
all	567	2	1600000	0.0000012
all	568	2	1600000	0.0000012
all	570	2	1600000	0.0000012
all	571	2	1600000	0.0000012
all	572	1	1600000	0.0000006
all	575	1	1600000	0.0000006
all	576	2	1600000	0.0000012
all	581	1	1600000	0.0000006
all	583	2	1600000	0.0000012
all	586	9	1600000	0.0000056
all	587	7	1600000	0.0000044
all	590	2	1600000	0.0000012
all	593	4	1600000	0.0000025
all	594	19	1600000	0.0000119
all	595	5	1600000	0.0000031
all	598	33	1600000	0.0000206
all	599	5	1600000	0.0000031
all	600	6	1600000	0.0000037
all	601	8	1600000	0.0000050
all	602	1	1600000	0.0000006
all	604	2	1600000	0.0000012
all	605	7	1600000	0.0000044
all	606	1	1600000	0.0000006
all	607	4	1600000	0.0000025
all	608	1	1600000	0.0000006
all	609	1	1600000	0.0000006
all	612	1	1600000	0.0000006
all	615	2	1600000	0.0000012
all	616	1	1600000	0.0000006
all	617	17	1600000	0.0000106
all	619	1	1600000	0.0000006
all	622	2	1600000	0.0000012
all	623	1	1600000	0.0000006
all	624	1	1600000	0.0000006
all	631	1	1600000	0.0000006
all	632	1	1600000	0.0000006
all	636	1	1600000	0.0000006
all	637	2	1600000	0.0000012
all	640	1	1600000	0.0000006
all	641	3	1600000	0.0000019
all	642	2	1600000	0.0000012
all	643	1	1600000	0.0000006
all	644	1	1600000	0.0000006
all	647	1	1600000	0.0000006
all	648	1	1600000	0.0000006
all	653	1	1600000	0.0000006
all	656	1	1600000	0.0000006
all	658	1	1600000	0.0000006
all	659	1	1600000	0.0000006
all	660	1	1600000	0.0000006
all	662	1	1600000	0.0000006
all	663	1	1600000	0.0000006
all	665	1	1600000	0.0000006
all	668	2	1600000	0.0000012
all	671	1	1600000	0.0000006
all	675	1	1600000	0.0000006
all	677	1	1600000	0.0000006
all	681	1	1600000	0.0000006
all	682	1	1600000	0.0000006
all	683	3	1600000	0.0000019
all	699	1	1600000	0.0000006
all	700	4	1600000	0.0000025
all	703	1	1600000	0.0000006
all	706	1	1600000	0.0000006
all	707	2	1600000	0.0000012
all	710	3	1600000	0.0000019
all	712	1	1600000	0.0000006
all	718	2	1600000	0.0000012
all	721	1	1600000	0.0000006
all	722	1	1600000	0.0000006
all	726	4	1600000	0.0000025
all	727	3	1600000	0.0000019
all	728	2	1600000	0.0000012
all	729	2	1600000	0.0000012
all	730	3	1600000	0.0000019
all	737	2	1600000	0.0000012
all	739	1	1600000	0.0000006
all	740	2	1600000	0.0000012
all	741	1	1600000	0.0000006
all	742	1	1600000	0.0000006
all	749	1	1600000	0.0000006
all	753	1	1600000	0.0000006
all	757	2	1600000	0.0000012
all	758	4	1600000	0.0000025
all	760	4	1600000	0.0000025
all	762	3	1600000	0.0000019
all	765	1	1600000	0.0000006
all	766	1	1600000	0.0000006
all	767	1	1600000	0.0000006
all	768	1	1600000	0.0000006
all	769	3	1600000	0.0000019
all	770	3	1600000	0.0000019
all	772	1	1600000	0.0000006
all	773	2	1600000	0.0000012
all	774	1	1600000	0.0000006
all	775	2	1600000	0.0000012
all	776	5	1600000	0.0000031
all	777	1	1600000	0.0000006
all	778	2	1600000	0.0000012
all	779	2	1600000	0.0000012
all	780	2	1600000	0.0000012
all	782	1	1600000	0.0000006
all	785	2	1600000	0.0000012
all	787	4	1600000	0.0000025
all	790	3	1600000	0.0000019
all	792	3	1600000	0.0000019
all	794	2	1600000	0.0000012
all	797	3	1600000	0.0000019
all	798	4	1600000	0.0000025
all	801	9	1600000	0.0000056
all	802	2	1600000	0.0000012
all	803	2	1600000	0.0000012
all	805	1	1600000	0.0000006
all	806	2	1600000	0.0000012
all	807	2	1600000	0.0000012
all	808	2	1600000	0.0000012
all	809	5	1600000	0.0000031
all	810	1	1600000	0.0000006
all	811	3	1600000	0.0000019
all	813	2	1600000	0.0000012
all	814	10	1600000	0.0000062
all	815	3	1600000	0.0000019
all	816	9	1600000	0.0000056
all	817	2	1600000	0.0000012
all	818	2	1600000	0.0000012
all	819	1	1600000	0.0000006
all	820	1	1600000	0.0000006
all	821	1	1600000	0.0000006
all	822	2	1600000	0.0000012
all	823	5	1600000	0.0000031
all	826	2	1600000	0.0000012
all	827	2	1600000	0.0000012
all	828	1	1600000	0.0000006
all	829	2	1600000	0.0000012
all	830	2	1600000	0.0000012
all	831	1	1600000	0.0000006
all	833	1	1600000	0.0000006
all	834	3	1600000	0.0000019
all	837	2	1600000	0.0000012
all	838	1	1600000	0.0000006
all	839	1	1600000	0.0000006
all	841	3	1600000	0.0000019
all	842	11	1600000	0.0000069
all	843	7	1600000	0.0000044
all	844	3	1600000	0.0000019
all	845	2	1600000	0.0000012
all	847	4	1600000	0.0000025
all	848	2	1600000	0.0000012
all	849	2	1600000	0.0000012
all	851	1	1600000	0.0000006
all	852	3	1600000	0.0000019
all	853	4	1600000	0.0000025
all	855	1	1600000	0.0000006
all	856	1	1600000	0.0000006
all	858	2	1600000	0.0000012
all	859	2	1600000	0.0000012
all	860	1	1600000	0.0000006
all	861	2	1600000	0.0000012
all	863	2	1600000	0.0000012
all	866	2	1600000	0.0000012
all	871	3	1600000	0.0000019
all	872	3	1600000	0.0000019
all	874	5	1600000	0.0000031
all	875	5	1600000	0.0000031
all	876	4	1600000	0.0000025
all	877	2	1600000	0.0000012
all	881	2	1600000	0.0000012
all	882	2	1600000	0.0000012
all	884	3	1600000	0.0000019
all	887	2	1600000	0.0000012
all	889	2	1600000	0.0000012
all	890	6	1600000	0.0000037
all	891	2	1600000	0.0000012
all	892	4	1600000	0.0000025
all	893	6	1600000	0.0000037
all	896	1	1600000	0.0000006
all	898	2	1600000	0.0000012
all	900	2	1600000	0.0000012
all	901	4	1600000	0.0000025
all	905	2	1600000	0.0000012
all	908	6	1600000	0.0000037
all	909	8	1600000	0.0000050
all	911	4	1600000	0.0000025
all	912	2	1600000	0.0000012
all	913	6	1600000	0.0000037
all	914	4	1600000	0.0000025
all	915	2	1600000	0.0000012
all	918	1	1600000	0.0000006
all	919	1	1600000	0.0000006
all	922	2	1600000	0.0000012
all	923	2	1600000	0.0000012
all	928	4	1600000	0.0000025
all	929	3	1600000	0.0000019
all	930	2	1600000	0.0000012
all	932	1	1600000	0.0000006
all	941	2	1600000	0.0000012
all	943	2	1600000	0.0000012
all	945	1	1600000	0.0000006
all	947	2	1600000	0.0000012
all	949	2	1600000	0.0000012
all	950	2	1600000	0.0000012
all	951	6	1600000	0.0000037
all	953	4	1600000	0.0000025
all	954	2	1600000	0.0000012
all	955	2	1600000	0.0000012
all	958	3	1600000	0.0000019
all	959	1	1600000	0.0000006
all	960	3	1600000	0.0000019
all	961	1	1600000	0.0000006
all	962	2	1600000	0.0000012
all	963	1	1600000	0.0000006
all	964	1	1600000	0.0000006
all	965	1	1600000	0.0000006
all	967	3	1600000	0.0000019
all	968	1	1600000	0.0000006
all	969	2	1600000	0.0000012
all	970	7	1600000	0.0000044
all	974	2	1600000	0.0000012
all	979	1	1600000	0.0000006
all	982	2	1600000	0.0000012
all	984	3	1600000	0.0000019
