all	0	1393811	1600000	0.8711319
all	1	78588	1600000	0.0491175
all	2	84508	1600000	0.0528175
all	3	16613	1600000	0.0103831
all	4	13619	1600000	0.0085119
all	5	4817	1600000	0.0030106
all	6	2373	1600000	0.0014831
all	7	1365	1600000	0.0008531
all	8	909	1600000	0.0005681
all	9	467	1600000	0.0002919
all	10	638	1600000	0.0003988
all	11	279	1600000	0.0001744
all	12	257	1600000	0.0001606
all	13	216	1600000	0.0001350
all	14	132	1600000	0.0000825
all	15	98	1600000	0.0000613
all	16	199	1600000	0.0001244
all	17	43	1600000	0.0000269
all	18	32	1600000	0.0000200
all	19	51	1600000	0.0000319
all	20	85	1600000	0.0000531
all	21	85	1600000	0.0000531
all	22	69	1600000	0.0000431
all	23	72	1600000	0.0000450
all	24	43	1600000	0.0000269
all	25	10	1600000	0.0000062
all	26	11	1600000	0.0000069
all	27	39	1600000	0.0000244
all	28	12	1600000	0.0000075
all	29	21	1600000	0.0000131
all	30	7	1600000	0.0000044
all	31	9	1600000	0.0000056
all	32	2	1600000	0.0000012
all	35	4	1600000	0.0000025
all	36	3	1600000	0.0000019
all	39	4	1600000	0.0000025
all	40	5	1600000	0.0000031
all	41	4	1600000	0.0000025
all	42	6	1600000	0.0000037
all	43	2	1600000	0.0000012
all	44	4	1600000	0.0000025
all	45	6	1600000	0.0000037
all	46	3	1600000	0.0000019
all	47	30	1600000	0.0000188
all	48	20	1600000	0.0000125
all	49	23	1600000	0.0000144
all	50	13	1600000	0.0000081
all	51	3	1600000	0.0000019
all	52	8	1600000	0.0000050
all	53	7	1600000	0.0000044
all	54	2	1600000	0.0000012
all	55	5	1600000	0.0000031
all	56	8	1600000	0.0000050
all	57	18	1600000	0.0000113
all	58	6	1600000	0.0000037
all	59	4	1600000	0.0000025
all	60	8	1600000	0.0000050
all	61	1	1600000	0.0000006
all	63	2	1600000	0.0000012
all	65	1	1600000	0.0000006
all	66	7	1600000	0.0000044
all	67	1	1600000	0.0000006
all	68	3	1600000	0.0000019
all	71	4	1600000	0.0000025
all	73	2	1600000	0.0000012
all	74	1	1600000	0.0000006
all	75	2	1600000	0.0000012
all	77	7	1600000	0.0000044
all	78	3	1600000	0.0000019
all	80	1	1600000	0.0000006
all	81	1	1600000	0.0000006
all	82	1	1600000	0.0000006
all	83	1	1600000	0.0000006
all	84	2	1600000	0.0000012
all	85	2	1600000	0.0000012
all	88	1	1600000	0.0000006
all	89	2	1600000	0.0000012
all	90	3	1600000	0.0000019
all	91	2	1600000	0.0000012
all	93	3	1600000	0.0000019
all	94	2	1600000	0.0000012
all	95	1	1600000	0.0000006
all	99	1	1600000	0.0000006
all	101	2	1600000	0.0000012
all	102	2	1600000	0.0000012
all	104	3	1600000	0.0000019
all	105	2	1600000	0.0000012
all	108	1	1600000	0.0000006
all	109	1	1600000	0.0000006
all	110	2	1600000	0.0000012
all	111	4	1600000	0.0000025
all	112	2	1600000	0.0000012
all	116	2	1600000	0.0000012
all	117	6	1600000	0.0000037
all	118	1	1600000	0.0000006
all	119	1	1600000	0.0000006
all	120	3	1600000	0.0000019
all	121	4	1600000	0.0000025
all	122	3	1600000	0.0000019
all	123	1	1600000	0.0000006
all	125	1	1600000	0.0000006
all	126	1	1600000	0.0000006
all	127	2	1600000	0.0000012
all	128	3	1600000	0.0000019
all	129	1	1600000	0.0000006
all	130	1	1600000	0.0000006
all	132	2	1600000	0.0000012
all	133	9	1600000	0.0000056
all	134	1	1600000	0.0000006
all	135	1	1600000	0.0000006
all	136	1	1600000	0.0000006
all	139	1	1600000	0.0000006
all	140	2	1600000	0.0000012
all	141	2	1600000	0.0000012
all	142	6	1600000	0.0000037
all	143	4	1600000	0.0000025
all	144	8	1600000	0.0000050
all	145	4	1600000	0.0000025
all	146	4	1600000	0.0000025
all	147	5	1600000	0.0000031
all	148	2	1600000	0.0000012
all	149	8	1600000	0.0000050
all	150	9	1600000	0.0000056
all	151	4	1600000	0.0000025
all	152	1	1600000	0.0000006
all	153	1	1600000	0.0000006
all	155	1	1600000	0.0000006
all	158	2	1600000	0.0000012
all	159	6	1600000	0.0000037
all	160	12	1600000	0.0000075
all	161	9	1600000	0.0000056
all	162	11	1600000	0.0000069
all	163	10	1600000	0.0000062
all	164	8	1600000	0.0000050
all	165	4	1600000	0.0000025
all	166	5	1600000	0.0000031
all	167	3	1600000	0.0000019
all	168	4	1600000	0.0000025
all	169	10	1600000	0.0000062
all	170	4	1600000	0.0000025
all	171	4	1600000	0.0000025
all	172	2	1600000	0.0000012
all	180	2	1600000	0.0000012
all	190	2	1600000	0.0000012
all	195	2	1600000	0.0000012
all	197	1	1600000	0.0000006
all	199	1	1600000	0.0000006
all	200	1	1600000	0.0000006
all	210	2	1600000	0.0000012
all	213	1	1600000	0.0000006
all	214	1	1600000	0.0000006
all	215	2	1600000	0.0000012
all	218	1	1600000	0.0000006
all	219	1	1600000	0.0000006
all	224	1	1600000	0.0000006
all	225	1	1600000	0.0000006
all	226	1	1600000	0.0000006
all	227	2	1600000	0.0000012
all	230	6	1600000	0.0000037
all	232	3	1600000	0.0000019
all	233	4	1600000	0.0000025
all	234	2	1600000	0.0000012
all	235	4	1600000	0.0000025
all	236	2	1600000	0.0000012
all	237	5	1600000	0.0000031
