all	0	1279778	1600000	0.7998613
all	1	59676	1600000	0.0372975
all	2	63995	1600000	0.0399969
all	3	19131	1600000	0.0119569
all	4	18809	1600000	0.0117556
all	5	15412	1600000	0.0096325
all	6	13454	1600000	0.0084088
all	7	11503	1600000	0.0071894
all	8	10945	1600000	0.0068406
all	9	8824	1600000	0.0055150
all	10	8391	1600000	0.0052444
all	11	7770	1600000	0.0048562
all	12	7480	1600000	0.0046750
all	13	5937	1600000	0.0037106
all	14	5438	1600000	0.0033987
all	15	4601	1600000	0.0028756
all	16	5083	1600000	0.0031769
all	17	4287	1600000	0.0026794
all	18	4737	1600000	0.0029606
all	19	2763	1600000	0.0017269
all	20	2583	1600000	0.0016144
all	21	2698	1600000	0.0016862
all	22	2726	1600000	0.0017037
all	23	2397	1600000	0.0014981
all	24	2423	1600000	0.0015144
all	25	2021	1600000	0.0012631
all	26	1684	1600000	0.0010525
all	27	1643	1600000	0.0010269
all	28	1362	1600000	0.0008513
all	29	1449	1600000	0.0009056
all	30	1422	1600000	0.0008888
all	31	1770	1600000	0.0011062
all	32	953	1600000	0.0005956
all	33	781	1600000	0.0004881
all	34	946	1600000	0.0005913
all	35	638	1600000	0.0003988
all	36	771	1600000	0.0004819
all	37	381	1600000	0.0002381
all	38	977	1600000	0.0006106
all	39	569	1600000	0.0003556
all	40	416	1600000	0.0002600
all	41	513	1600000	0.0003206
all	42	576	1600000	0.0003600
all	43	560	1600000	0.0003500
all	44	317	1600000	0.0001981
all	45	466	1600000	0.0002913
all	46	178	1600000	0.0001113
all	47	376	1600000	0.0002350
all	48	89	1600000	0.0000556
all	49	383	1600000	0.0002394
all	50	165	1600000	0.0001031
all	51	259	1600000	0.0001619
all	52	377	1600000	0.0002356
all	53	429	1600000	0.0002681
all	54	277	1600000	0.0001731
all	55	433	1600000	0.0002706
all	56	188	1600000	0.0001175
all	57	146	1600000	0.0000913
all	58	198	1600000	0.0001237
all	59	122	1600000	0.0000762
all	60	165	1600000	0.0001031
all	61	145	1600000	0.0000906
all	62	118	1600000	0.0000738
all	63	153	1600000	0.0000956
all	64	64	1600000	0.0000400
all	65	177	1600000	0.0001106
all	66	72	1600000	0.0000450
all	67	42	1600000	0.0000262
all	68	136	1600000	0.0000850
all	69	60	1600000	0.0000375
all	70	140	1600000	0.0000875
all	71	111	1600000	0.0000694
all	72	103	1600000	0.0000644
all	73	162	1600000	0.0001012
all	74	64	1600000	0.0000400
all	75	44	1600000	0.0000275
all	76	146	1600000	0.0000913
all	77	78	1600000	0.0000488
all	78	198	1600000	0.0001237
all	79	190	1600000	0.0001188
all	80	67	1600000	0.0000419
all	81	44	1600000	0.0000275
all	82	134	1600000	0.0000837
all	83	106	1600000	0.0000663
all	84	18	1600000	0.0000113
all	85	40	1600000	0.0000250
all	86	50	1600000	0.0000313
all	87	28	1600000	0.0000175
all	88	38	1600000	0.0000238
all	89	6	1600000	0.0000037
all	90	68	1600000	0.0000425
all	91	14	1600000	0.0000088
all	92	10	1600000	0.0000062
all	93	4	1600000	0.0000025
all	94	10	1600000	0.0000062
all	95	77	1600000	0.0000481
all	96	57	1600000	0.0000356
all	97	49	1600000	0.0000306
all	98	84	1600000	0.0000525
all	99	35	1600000	0.0000219
all	100	74	1600000	0.0000462
all	101	57	1600000	0.0000356
all	102	42	1600000	0.0000262
all	103	26	1600000	0.0000163
all	104	50	1600000	0.0000313
all	105	31	1600000	0.0000194
all	106	10	1600000	0.0000062
all	107	32	1600000	0.0000200
all	108	39	1600000	0.0000244
all	109	91	1600000	0.0000569
all	110	40	1600000	0.0000250
all	111	14	1600000	0.0000088
all	112	16	1600000	0.0000100
all	113	37	1600000	0.0000231
all	114	23	1600000	0.0000144
all	115	14	1600000	0.0000088
all	116	148	1600000	0.0000925
all	117	13	1600000	0.0000081
all	118	66	1600000	0.0000413
all	119	8	1600000	0.0000050
all	120	58	1600000	0.0000362
all	121	8	1600000	0.0000050
all	122	17	1600000	0.0000106
all	123	9	1600000	0.0000056
all	124	2	1600000	0.0000012
all	125	26	1600000	0.0000163
all	126	17	1600000	0.0000106
all	127	18	1600000	0.0000113
all	128	28	1600000	0.0000175
all	129	1	1600000	0.0000006
all	130	8	1600000	0.0000050
all	131	11	1600000	0.0000069
all	132	12	1600000	0.0000075
all	133	2	1600000	0.0000012
all	134	20	1600000	0.0000125
all	135	22	1600000	0.0000138
all	136	18	1600000	0.0000113
all	137	49	1600000	0.0000306
all	138	53	1600000	0.0000331
all	139	17	1600000	0.0000106
all	140	2	1600000	0.0000012
all	141	6	1600000	0.0000037
all	142	7	1600000	0.0000044
all	143	2	1600000	0.0000012
all	144	10	1600000	0.0000062
all	145	2	1600000	0.0000012
all	146	20	1600000	0.0000125
all	150	1	1600000	0.0000006
all	152	66	1600000	0.0000413
all	154	3	1600000	0.0000019
all	155	17	1600000	0.0000106
all	156	1	1600000	0.0000006
all	157	20	1600000	0.0000125
all	158	1	1600000	0.0000006
all	160	9	1600000	0.0000056
all	162	3	1600000	0.0000019
all	163	9	1600000	0.0000056
all	164	5	1600000	0.0000031
all	165	5	1600000	0.0000031
all	166	8	1600000	0.0000050
all	167	22	1600000	0.0000138
all	168	8	1600000	0.0000050
all	169	4	1600000	0.0000025
all	170	6	1600000	0.0000037
all	171	2	1600000	0.0000012
all	172	9	1600000	0.0000056
all	173	5	1600000	0.0000031
all	174	5	1600000	0.0000031
all	175	19	1600000	0.0000119
all	176	14	1600000	0.0000088
all	177	20	1600000	0.0000125
all	178	6	1600000	0.0000037
all	179	2	1600000	0.0000012
all	180	4	1600000	0.0000025
all	182	6	1600000	0.0000037
all	183	4	1600000	0.0000025
all	184	2	1600000	0.0000012
all	185	6	1600000	0.0000037
all	186	1	1600000	0.0000006
all	187	2	1600000	0.0000012
all	188	5	1600000	0.0000031
all	191	5	1600000	0.0000031
all	192	1	1600000	0.0000006
all	193	5	1600000	0.0000031
all	198	2	1600000	0.0000012
all	200	2	1600000	0.0000012
all	201	1	1600000	0.0000006
all	202	1	1600000	0.0000006
all	204	1	1600000	0.0000006
all	206	2	1600000	0.0000012
all	207	1	1600000	0.0000006
all	208	1	1600000	0.0000006
all	209	5	1600000	0.0000031
all	210	6	1600000	0.0000037
all	212	9	1600000	0.0000056
all	213	3	1600000	0.0000019
all	214	6	1600000	0.0000037
all	215	4	1600000	0.0000025
all	216	4	1600000	0.0000025
all	217	10	1600000	0.0000062
all	218	4	1600000	0.0000025
all	219	2	1600000	0.0000012
all	220	17	1600000	0.0000106
all	221	8	1600000	0.0000050
all	222	14	1600000	0.0000088
all	223	10	1600000	0.0000062
all	224	16	1600000	0.0000100
all	225	5	1600000	0.0000031
all	226	3	1600000	0.0000019
all	227	2	1600000	0.0000012
all	228	4	1600000	0.0000025
all	229	6	1600000	0.0000037
all	230	10	1600000	0.0000062
all	231	1	1600000	0.0000006
all	232	4	1600000	0.0000025
all	234	2	1600000	0.0000012
all	235	2	1600000	0.0000012
all	236	4	1600000	0.0000025
all	237	3	1600000	0.0000019
all	238	4	1600000	0.0000025
all	239	6	1600000	0.0000037
all	240	4	1600000	0.0000025
all	241	10	1600000	0.0000062
all	242	3	1600000	0.0000019
all	243	1	1600000	0.0000006
all	244	2	1600000	0.0000012
all	248	4	1600000	0.0000025
all	251	15	1600000	0.0000094
all	252	3	1600000	0.0000019
all	256	3	1600000	0.0000019
all	257	1	1600000	0.0000006
all	258	1	1600000	0.0000006
all	260	6	1600000	0.0000037
all	261	3	1600000	0.0000019
all	262	4	1600000	0.0000025
all	264	2	1600000	0.0000012
all	265	3	1600000	0.0000019
all	266	14	1600000	0.0000088
all	267	2	1600000	0.0000012
all	268	6	1600000	0.0000037
all	269	6	1600000	0.0000037
all	270	4	1600000	0.0000025
all	271	3	1600000	0.0000019
all	273	11	1600000	0.0000069
all	274	4	1600000	0.0000025
all	275	4	1600000	0.0000025
all	283	2	1600000	0.0000012
all	318	1	1600000	0.0000006
all	327	3	1600000	0.0000019
all	361	1	1600000	0.0000006
all	363	7	1600000	0.0000044
all	401	6	1600000	0.0000037
all	413	2	1600000	0.0000012
all	415	8	1600000	0.0000050
all	417	2	1600000	0.0000012
all	499	2	1600000	0.0000012
all	500	30	1600000	0.0000188
all	501	4	1600000	0.0000025
all	569	4	1600000	0.0000025
all	570	14	1600000	0.0000088
all	587	2	1600000	0.0000012
all	589	2	1600000	0.0000012
all	590	1	1600000	0.0000006
all	595	1	1600000	0.0000006
all	605	1	1600000	0.0000006
all	609	1	1600000	0.0000006
all	610	1	1600000	0.0000006
all	618	3	1600000	0.0000019
all	624	23	1600000	0.0000144
all	625	1	1600000	0.0000006
all	627	2	1600000	0.0000012
all	628	1	1600000	0.0000006
all	629	1	1600000	0.0000006
