all	0	157552	1600000	0.0984700
all	1	22058	1600000	0.0137862
all	2	32257	1600000	0.0201606
all	3	22417	1600000	0.0140106
all	4	29196	1600000	0.0182475
all	5	26728	1600000	0.0167050
all	6	30651	1600000	0.0191569
all	7	31468	1600000	0.0196675
all	8	33049	1600000	0.0206556
all	9	32276	1600000	0.0201725
all	10	31597	1600000	0.0197481
all	11	30725	1600000	0.0192031
all	12	32321	1600000	0.0202006
all	13	32466	1600000	0.0202913
all	14	32723	1600000	0.0204519
all	15	29517	1600000	0.0184481
all	16	31722	1600000	0.0198263
all	17	28720	1600000	0.0179500
all	18	29348	1600000	0.0183425
all	19	30413	1600000	0.0190081
all	20	28612	1600000	0.0178825
all	21	26973	1600000	0.0168581
all	22	26051	1600000	0.0162819
all	23	28030	1600000	0.0175187
all	24	27899	1600000	0.0174369
all	25	26525	1600000	0.0165781
all	26	24145	1600000	0.0150906
all	27	26669	1600000	0.0166681
all	28	23071	1600000	0.0144194
all	29	23654	1600000	0.0147838
all	30	22321	1600000	0.0139506
all	31	22465	1600000	0.0140406
all	32	20038	1600000	0.0125237
all	33	19328	1600000	0.0120800
all	34	19539	1600000	0.0122119
all	35	19096	1600000	0.0119350
all	36	18739	1600000	0.0117119
all	37	18054	1600000	0.0112837
all	38	15855	1600000	0.0099094
all	39	16837	1600000	0.0105231
all	40	15753	1600000	0.0098456
all	41	14064	1600000	0.0087900
all	42	14633	1600000	0.0091456
all	43	12337	1600000	0.0077106
all	44	13440	1600000	0.0084000
all	45	11878	1600000	0.0074238
all	46	12604	1600000	0.0078775
all	47	12398	1600000	0.0077488
all	48	10796	1600000	0.0067475
all	49	10328	1600000	0.0064550
all	50	10161	1600000	0.0063506
all	51	9199	1600000	0.0057494
all	52	9528	1600000	0.0059550
all	53	9200	1600000	0.0057500
all	54	8504	1600000	0.0053150
all	55	8512	1600000	0.0053200
all	56	8312	1600000	0.0051950
all	57	7682	1600000	0.0048013
all	58	7604	1600000	0.0047525
all	59	7948	1600000	0.0049675
all	60	6810	1600000	0.0042562
all	61	7141	1600000	0.0044631
all	62	5837	1600000	0.0036481
all	63	6703	1600000	0.0041894
all	64	6674	1600000	0.0041712
all	65	5954	1600000	0.0037212
all	66	5744	1600000	0.0035900
all	67	5382	1600000	0.0033637
all	68	4633	1600000	0.0028956
all	69	4404	1600000	0.0027525
all	70	4038	1600000	0.0025238
all	71	4383	1600000	0.0027394
all	72	4341	1600000	0.0027131
all	73	4217	1600000	0.0026356
all	74	4204	1600000	0.0026275
all	75	3784	1600000	0.0023650
all	76	3931	1600000	0.0024569
all	77	3032	1600000	0.0018950
all	78	3291	1600000	0.0020569
all	79	3030	1600000	0.0018938
all	80	2925	1600000	0.0018281
all	81	3023	1600000	0.0018894
all	82	2796	1600000	0.0017475
all	83	2382	1600000	0.0014887
all	84	2820	1600000	0.0017625
all	85	2296	1600000	0.0014350
all	86	2453	1600000	0.0015331
all	87	2777	1600000	0.0017356
all	88	2060	1600000	0.0012875
all	89	2144	1600000	0.0013400
all	90	1989	1600000	0.0012431
all	91	2172	1600000	0.0013575
all	92	2001	1600000	0.0012506
all	93	2044	1600000	0.0012775
all	94	2322	1600000	0.0014513
all	95	1790	1600000	0.0011187
all	96	1885	1600000	0.0011781
all	97	1604	1600000	0.0010025
all	98	1764	1600000	0.0011025
all	99	1491	1600000	0.0009319
all	100	1357	1600000	0.0008481
all	101	1150	1600000	0.0007188
all	102	1387	1600000	0.0008669
all	103	1283	1600000	0.0008019
all	104	1190	1600000	0.0007438
all	105	1616	1600000	0.0010100
all	106	1117	1600000	0.0006981
all	107	1236	1600000	0.0007725
all	108	1321	1600000	0.0008256
all	109	1168	1600000	0.0007300
all	110	1029	1600000	0.0006431
all	111	1305	1600000	0.0008156
all	112	1021	1600000	0.0006381
all	113	1113	1600000	0.0006956
all	114	759	1600000	0.0004744
all	115	777	1600000	0.0004856
all	116	826	1600000	0.0005162
all	117	834	1600000	0.0005213
all	118	1047	1600000	0.0006544
all	119	667	1600000	0.0004169
all	120	774	1600000	0.0004837
all	121	773	1600000	0.0004831
all	122	641	1600000	0.0004006
all	123	878	1600000	0.0005487
all	124	598	1600000	0.0003737
all	125	626	1600000	0.0003913
all	126	597	1600000	0.0003731
all	127	656	1600000	0.0004100
all	128	548	1600000	0.0003425
all	129	622	1600000	0.0003887
all	130	645	1600000	0.0004031
all	131	545	1600000	0.0003406
all	132	532	1600000	0.0003325
all	133	439	1600000	0.0002744
all	134	457	1600000	0.0002856
all	135	386	1600000	0.0002413
all	136	568	1600000	0.0003550
all	137	377	1600000	0.0002356
all	138	347	1600000	0.0002169
all	139	457	1600000	0.0002856
all	140	409	1600000	0.0002556
all	141	431	1600000	0.0002694
all	142	357	1600000	0.0002231
all	143	361	1600000	0.0002256
all	144	407	1600000	0.0002544
all	145	285	1600000	0.0001781
all	146	380	1600000	0.0002375
all	147	483	1600000	0.0003019
all	148	463	1600000	0.0002894
all	149	357	1600000	0.0002231
all	150	293	1600000	0.0001831
all	151	313	1600000	0.0001956
all	152	318	1600000	0.0001987
all	153	322	1600000	0.0002013
all	154	344	1600000	0.0002150
all	155	292	1600000	0.0001825
all	156	282	1600000	0.0001763
all	157	337	1600000	0.0002106
all	158	290	1600000	0.0001812
all	159	383	1600000	0.0002394
all	160	224	1600000	0.0001400
all	161	214	1600000	0.0001337
all	162	247	1600000	0.0001544
all	163	260	1600000	0.0001625
all	164	291	1600000	0.0001819
all	165	228	1600000	0.0001425
all	166	145	1600000	0.0000906
all	167	185	1600000	0.0001156
all	168	188	1600000	0.0001175
all	169	201	1600000	0.0001256
all	170	163	1600000	0.0001019
all	171	186	1600000	0.0001162
all	172	259	1600000	0.0001619
all	173	193	1600000	0.0001206
all	174	169	1600000	0.0001056
all	175	202	1600000	0.0001263
all	176	118	1600000	0.0000738
all	177	153	1600000	0.0000956
all	178	139	1600000	0.0000869
all	179	122	1600000	0.0000762
all	180	222	1600000	0.0001387
all	181	176	1600000	0.0001100
all	182	216	1600000	0.0001350
all	183	120	1600000	0.0000750
all	184	143	1600000	0.0000894
all	185	213	1600000	0.0001331
all	186	120	1600000	0.0000750
all	187	142	1600000	0.0000887
all	188	159	1600000	0.0000994
all	189	119	1600000	0.0000744
all	190	163	1600000	0.0001019
all	191	111	1600000	0.0000694
all	192	143	1600000	0.0000894
all	193	106	1600000	0.0000663
all	194	131	1600000	0.0000819
all	195	256	1600000	0.0001600
all	196	114	1600000	0.0000712
all	197	231	1600000	0.0001444
all	198	91	1600000	0.0000569
all	199	145	1600000	0.0000906
all	200	190	1600000	0.0001188
all	201	235	1600000	0.0001469
all	202	160	1600000	0.0001000
all	203	108	1600000	0.0000675
all	204	92	1600000	0.0000575
all	205	74	1600000	0.0000462
all	206	129	1600000	0.0000806
all	207	96	1600000	0.0000600
all	208	73	1600000	0.0000456
all	209	162	1600000	0.0001012
all	210	120	1600000	0.0000750
all	211	175	1600000	0.0001094
all	212	106	1600000	0.0000663
all	213	90	1600000	0.0000562
all	214	115	1600000	0.0000719
all	215	82	1600000	0.0000513
all	216	127	1600000	0.0000794
all	217	66	1600000	0.0000413
all	218	156	1600000	0.0000975
all	219	240	1600000	0.0001500
all	220	119	1600000	0.0000744
all	221	100	1600000	0.0000625
all	222	74	1600000	0.0000462
all	223	141	1600000	0.0000881
all	224	109	1600000	0.0000681
all	225	92	1600000	0.0000575
all	226	99	1600000	0.0000619
all	227	83	1600000	0.0000519
all	228	90	1600000	0.0000562
all	229	90	1600000	0.0000562
all	230	101	1600000	0.0000631
all	231	108	1600000	0.0000675
all	232	72	1600000	0.0000450
all	233	57	1600000	0.0000356
all	234	156	1600000	0.0000975
all	235	72	1600000	0.0000450
all	236	75	1600000	0.0000469
all	237	59	1600000	0.0000369
all	238	36	1600000	0.0000225
all	239	72	1600000	0.0000450
all	240	71	1600000	0.0000444
all	241	63	1600000	0.0000394
all	242	33	1600000	0.0000206
all	243	78	1600000	0.0000488
all	244	80	1600000	0.0000500
all	245	65	1600000	0.0000406
all	246	121	1600000	0.0000756
all	247	50	1600000	0.0000313
all	248	58	1600000	0.0000362
all	249	114	1600000	0.0000712
all	250	47	1600000	0.0000294
all	251	38	1600000	0.0000238
all	252	13	1600000	0.0000081
all	253	74	1600000	0.0000462
all	254	116	1600000	0.0000725
all	255	42	1600000	0.0000262
all	256	101	1600000	0.0000631
all	257	52	1600000	0.0000325
all	258	47	1600000	0.0000294
all	259	35	1600000	0.0000219
all	260	74	1600000	0.0000462
all	261	30	1600000	0.0000188
all	262	27	1600000	0.0000169
all	263	29	1600000	0.0000181
all	264	37	1600000	0.0000231
all	265	24	1600000	0.0000150
all	266	68	1600000	0.0000425
all	267	60	1600000	0.0000375
all	268	38	1600000	0.0000238
all	269	40	1600000	0.0000250
all	270	20	1600000	0.0000125
all	271	19	1600000	0.0000119
all	272	20	1600000	0.0000125
all	273	67	1600000	0.0000419
all	274	88	1600000	0.0000550
all	275	46	1600000	0.0000288
all	276	18	1600000	0.0000113
all	277	40	1600000	0.0000250
all	278	6	1600000	0.0000037
all	279	46	1600000	0.0000288
all	280	12	1600000	0.0000075
all	281	25	1600000	0.0000156
all	282	18	1600000	0.0000113
all	283	35	1600000	0.0000219
all	284	30	1600000	0.0000188
all	285	17	1600000	0.0000106
all	286	67	1600000	0.0000419
all	287	28	1600000	0.0000175
all	288	23	1600000	0.0000144
all	289	25	1600000	0.0000156
all	290	15	1600000	0.0000094
all	291	46	1600000	0.0000288
all	292	56	1600000	0.0000350
all	293	27	1600000	0.0000169
all	294	27	1600000	0.0000169
all	295	28	1600000	0.0000175
all	296	31	1600000	0.0000194
all	297	13	1600000	0.0000081
all	298	47	1600000	0.0000294
all	299	72	1600000	0.0000450
all	300	97	1600000	0.0000606
all	301	28	1600000	0.0000175
all	302	21	1600000	0.0000131
all	303	22	1600000	0.0000138
all	304	35	1600000	0.0000219
all	305	16	1600000	0.0000100
all	306	19	1600000	0.0000119
all	307	62	1600000	0.0000388
all	308	27	1600000	0.0000169
all	309	65	1600000	0.0000406
all	310	53	1600000	0.0000331
all	311	39	1600000	0.0000244
all	312	58	1600000	0.0000362
all	313	33	1600000	0.0000206
all	314	33	1600000	0.0000206
all	315	33	1600000	0.0000206
all	316	57	1600000	0.0000356
all	317	66	1600000	0.0000413
all	318	49	1600000	0.0000306
all	319	34	1600000	0.0000212
all	320	31	1600000	0.0000194
all	321	36	1600000	0.0000225
all	322	53	1600000	0.0000331
all	323	47	1600000	0.0000294
all	324	37	1600000	0.0000231
all	325	14	1600000	0.0000088
all	326	32	1600000	0.0000200
all	327	26	1600000	0.0000163
all	328	40	1600000	0.0000250
all	329	24	1600000	0.0000150
all	330	38	1600000	0.0000238
all	331	25	1600000	0.0000156
all	332	29	1600000	0.0000181
all	333	21	1600000	0.0000131
all	334	26	1600000	0.0000163
all	335	14	1600000	0.0000088
all	336	17	1600000	0.0000106
all	337	26	1600000	0.0000163
all	338	20	1600000	0.0000125
all	339	32	1600000	0.0000200
all	340	54	1600000	0.0000337
all	341	63	1600000	0.0000394
all	342	28	1600000	0.0000175
all	343	7	1600000	0.0000044
all	344	20	1600000	0.0000125
all	345	42	1600000	0.0000262
all	346	14	1600000	0.0000088
all	347	42	1600000	0.0000262
all	348	37	1600000	0.0000231
all	349	30	1600000	0.0000188
all	350	33	1600000	0.0000206
all	351	20	1600000	0.0000125
all	352	25	1600000	0.0000156
all	353	30	1600000	0.0000188
all	354	22	1600000	0.0000138
all	355	30	1600000	0.0000188
all	356	15	1600000	0.0000094
all	357	16	1600000	0.0000100
all	358	19	1600000	0.0000119
all	359	15	1600000	0.0000094
all	360	19	1600000	0.0000119
all	361	42	1600000	0.0000262
all	362	26	1600000	0.0000163
all	363	15	1600000	0.0000094
all	364	10	1600000	0.0000062
all	365	18	1600000	0.0000113
all	366	25	1600000	0.0000156
all	367	29	1600000	0.0000181
all	368	28	1600000	0.0000175
all	369	28	1600000	0.0000175
all	370	33	1600000	0.0000206
all	371	11	1600000	0.0000069
all	372	28	1600000	0.0000175
all	373	33	1600000	0.0000206
all	374	49	1600000	0.0000306
all	375	18	1600000	0.0000113
all	376	23	1600000	0.0000144
all	377	26	1600000	0.0000163
all	378	35	1600000	0.0000219
all	379	29	1600000	0.0000181
all	380	26	1600000	0.0000163
all	381	38	1600000	0.0000238
all	382	43	1600000	0.0000269
all	383	41	1600000	0.0000256
all	384	23	1600000	0.0000144
all	385	30	1600000	0.0000188
all	386	24	1600000	0.0000150
all	387	31	1600000	0.0000194
all	388	21	1600000	0.0000131
all	389	5	1600000	0.0000031
all	390	17	1600000	0.0000106
all	391	46	1600000	0.0000288
all	392	14	1600000	0.0000088
all	393	20	1600000	0.0000125
all	394	36	1600000	0.0000225
all	395	16	1600000	0.0000100
all	396	18	1600000	0.0000113
all	397	32	1600000	0.0000200
all	398	26	1600000	0.0000163
all	399	12	1600000	0.0000075
all	400	20	1600000	0.0000125
all	401	12	1600000	0.0000075
all	402	23	1600000	0.0000144
all	403	15	1600000	0.0000094
all	404	41	1600000	0.0000256
all	405	34	1600000	0.0000212
all	406	48	1600000	0.0000300
all	407	34	1600000	0.0000212
all	408	5	1600000	0.0000031
all	409	15	1600000	0.0000094
all	410	22	1600000	0.0000138
all	411	29	1600000	0.0000181
all	412	26	1600000	0.0000163
all	413	12	1600000	0.0000075
all	414	34	1600000	0.0000212
all	415	10	1600000	0.0000062
all	416	34	1600000	0.0000212
all	417	18	1600000	0.0000113
all	418	7	1600000	0.0000044
all	419	38	1600000	0.0000238
all	420	12	1600000	0.0000075
all	421	14	1600000	0.0000088
all	422	20	1600000	0.0000125
all	423	29	1600000	0.0000181
all	424	6	1600000	0.0000037
all	425	5	1600000	0.0000031
all	426	12	1600000	0.0000075
all	427	8	1600000	0.0000050
all	428	28	1600000	0.0000175
all	429	5	1600000	0.0000031
all	430	7	1600000	0.0000044
all	431	19	1600000	0.0000119
all	432	13	1600000	0.0000081
all	433	16	1600000	0.0000100
all	434	9	1600000	0.0000056
all	435	10	1600000	0.0000062
all	436	9	1600000	0.0000056
all	437	35	1600000	0.0000219
all	438	11	1600000	0.0000069
all	439	12	1600000	0.0000075
all	440	24	1600000	0.0000150
all	441	14	1600000	0.0000088
all	442	31	1600000	0.0000194
all	443	34	1600000	0.0000212
all	444	47	1600000	0.0000294
all	445	11	1600000	0.0000069
all	446	16	1600000	0.0000100
all	447	14	1600000	0.0000088
all	448	8	1600000	0.0000050
all	449	15	1600000	0.0000094
all	450	19	1600000	0.0000119
all	451	9	1600000	0.0000056
all	452	16	1600000	0.0000100
all	453	26	1600000	0.0000163
all	454	19	1600000	0.0000119
all	455	5	1600000	0.0000031
all	456	14	1600000	0.0000088
all	457	6	1600000	0.0000037
all	458	33	1600000	0.0000206
all	459	3	1600000	0.0000019
all	460	9	1600000	0.0000056
all	461	7	1600000	0.0000044
all	462	11	1600000	0.0000069
all	463	16	1600000	0.0000100
all	464	12	1600000	0.0000075
all	465	3	1600000	0.0000019
all	466	21	1600000	0.0000131
all	467	4	1600000	0.0000025
all	468	47	1600000	0.0000294
all	469	6	1600000	0.0000037
all	470	5	1600000	0.0000031
all	471	11	1600000	0.0000069
all	472	7	1600000	0.0000044
all	473	27	1600000	0.0000169
all	474	9	1600000	0.0000056
all	475	19	1600000	0.0000119
all	476	6	1600000	0.0000037
all	477	18	1600000	0.0000113
all	478	17	1600000	0.0000106
all	479	8	1600000	0.0000050
all	480	12	1600000	0.0000075
all	481	16	1600000	0.0000100
all	482	13	1600000	0.0000081
all	483	14	1600000	0.0000088
all	484	14	1600000	0.0000088
all	485	4	1600000	0.0000025
all	486	20	1600000	0.0000125
all	487	13	1600000	0.0000081
all	488	16	1600000	0.0000100
all	489	11	1600000	0.0000069
all	490	12	1600000	0.0000075
all	491	15	1600000	0.0000094
all	492	8	1600000	0.0000050
all	493	8	1600000	0.0000050
all	494	9	1600000	0.0000056
all	495	17	1600000	0.0000106
all	496	16	1600000	0.0000100
all	497	22	1600000	0.0000138
all	498	14	1600000	0.0000088
all	499	7	1600000	0.0000044
all	500	22	1600000	0.0000138
all	501	26	1600000	0.0000163
all	502	26	1600000	0.0000163
all	503	9	1600000	0.0000056
all	504	2	1600000	0.0000012
all	505	21	1600000	0.0000131
all	506	6	1600000	0.0000037
all	507	11	1600000	0.0000069
all	508	14	1600000	0.0000088
all	509	7	1600000	0.0000044
all	510	6	1600000	0.0000037
all	511	7	1600000	0.0000044
all	512	5	1600000	0.0000031
all	513	3	1600000	0.0000019
all	514	7	1600000	0.0000044
all	515	13	1600000	0.0000081
all	516	7	1600000	0.0000044
all	517	12	1600000	0.0000075
all	518	16	1600000	0.0000100
all	519	15	1600000	0.0000094
all	520	10	1600000	0.0000062
all	521	12	1600000	0.0000075
all	522	19	1600000	0.0000119
all	523	3	1600000	0.0000019
all	524	2	1600000	0.0000012
all	525	8	1600000	0.0000050
all	526	14	1600000	0.0000088
all	527	12	1600000	0.0000075
all	528	13	1600000	0.0000081
all	529	18	1600000	0.0000113
all	530	17	1600000	0.0000106
all	531	12	1600000	0.0000075
all	532	9	1600000	0.0000056
all	533	15	1600000	0.0000094
all	534	12	1600000	0.0000075
all	535	13	1600000	0.0000081
all	536	12	1600000	0.0000075
all	537	47	1600000	0.0000294
all	538	17	1600000	0.0000106
all	539	8	1600000	0.0000050
all	540	32	1600000	0.0000200
all	541	27	1600000	0.0000169
all	542	15	1600000	0.0000094
all	543	3	1600000	0.0000019
all	544	9	1600000	0.0000056
all	545	7	1600000	0.0000044
all	546	16	1600000	0.0000100
all	547	27	1600000	0.0000169
all	548	29	1600000	0.0000181
all	549	8	1600000	0.0000050
all	550	14	1600000	0.0000088
all	551	22	1600000	0.0000138
all	552	35	1600000	0.0000219
all	553	14	1600000	0.0000088
all	554	4	1600000	0.0000025
all	555	11	1600000	0.0000069
all	556	9	1600000	0.0000056
all	557	15	1600000	0.0000094
all	558	12	1600000	0.0000075
all	559	20	1600000	0.0000125
all	560	13	1600000	0.0000081
all	561	7	1600000	0.0000044
all	562	16	1600000	0.0000100
all	563	18	1600000	0.0000113
all	564	23	1600000	0.0000144
all	565	20	1600000	0.0000125
all	566	13	1600000	0.0000081
all	567	6	1600000	0.0000037
all	568	15	1600000	0.0000094
all	570	2	1600000	0.0000012
all	572	6	1600000	0.0000037
all	573	32	1600000	0.0000200
all	574	1	1600000	0.0000006
all	575	2	1600000	0.0000012
all	576	1	1600000	0.0000006
all	577	3	1600000	0.0000019
all	578	1	1600000	0.0000006
all	579	2	1600000	0.0000012
all	580	3	1600000	0.0000019
all	582	2	1600000	0.0000012
all	583	3	1600000	0.0000019
all	584	19	1600000	0.0000119
all	585	1	1600000	0.0000006
all	586	3	1600000	0.0000019
all	589	1	1600000	0.0000006
all	590	2	1600000	0.0000012
all	591	6	1600000	0.0000037
all	593	2	1600000	0.0000012
all	594	1	1600000	0.0000006
all	596	2	1600000	0.0000012
all	597	7	1600000	0.0000044
all	598	3	1600000	0.0000019
all	599	2	1600000	0.0000012
all	600	2	1600000	0.0000012
all	601	1	1600000	0.0000006
all	602	1	1600000	0.0000006
all	603	1	1600000	0.0000006
all	605	1	1600000	0.0000006
all	606	2	1600000	0.0000012
all	607	7	1600000	0.0000044
all	608	5	1600000	0.0000031
all	609	1	1600000	0.0000006
all	610	1	1600000	0.0000006
all	611	5	1600000	0.0000031
all	612	8	1600000	0.0000050
all	613	5	1600000	0.0000031
all	615	2	1600000	0.0000012
all	616	5	1600000	0.0000031
all	617	1	1600000	0.0000006
all	618	7	1600000	0.0000044
all	619	1	1600000	0.0000006
all	620	4	1600000	0.0000025
all	621	3	1600000	0.0000019
all	622	2	1600000	0.0000012
all	623	8	1600000	0.0000050
all	626	12	1600000	0.0000075
all	627	3	1600000	0.0000019
all	628	2	1600000	0.0000012
all	629	2	1600000	0.0000012
all	630	4	1600000	0.0000025
all	631	9	1600000	0.0000056
all	632	7	1600000	0.0000044
all	633	1	1600000	0.0000006
all	634	3	1600000	0.0000019
all	635	3	1600000	0.0000019
all	636	1	1600000	0.0000006
all	638	1	1600000	0.0000006
all	639	8	1600000	0.0000050
all	641	2	1600000	0.0000012
all	642	9	1600000	0.0000056
all	643	2	1600000	0.0000012
all	644	1	1600000	0.0000006
all	645	4	1600000	0.0000025
all	646	7	1600000	0.0000044
all	647	4	1600000	0.0000025
all	648	8	1600000	0.0000050
all	649	7	1600000	0.0000044
all	650	5	1600000	0.0000031
all	651	3	1600000	0.0000019
all	652	5	1600000	0.0000031
all	653	6	1600000	0.0000037
all	655	4	1600000	0.0000025
all	656	6	1600000	0.0000037
all	657	10	1600000	0.0000062
all	658	5	1600000	0.0000031
all	659	3	1600000	0.0000019
all	660	8	1600000	0.0000050
all	661	12	1600000	0.0000075
all	662	4	1600000	0.0000025
all	663	2	1600000	0.0000012
all	664	6	1600000	0.0000037
all	665	3	1600000	0.0000019
all	666	6	1600000	0.0000037
all	667	17	1600000	0.0000106
all	668	2	1600000	0.0000012
all	669	2	1600000	0.0000012
all	670	4	1600000	0.0000025
all	671	1	1600000	0.0000006
all	672	4	1600000	0.0000025
all	673	1	1600000	0.0000006
all	674	6	1600000	0.0000037
all	675	2	1600000	0.0000012
all	676	4	1600000	0.0000025
all	677	2	1600000	0.0000012
all	678	2	1600000	0.0000012
all	679	3	1600000	0.0000019
all	680	2	1600000	0.0000012
all	681	6	1600000	0.0000037
all	682	1	1600000	0.0000006
all	683	1	1600000	0.0000006
all	684	2	1600000	0.0000012
all	686	2	1600000	0.0000012
all	687	2	1600000	0.0000012
all	688	2	1600000	0.0000012
all	690	5	1600000	0.0000031
all	691	3	1600000	0.0000019
all	692	3	1600000	0.0000019
all	693	5	1600000	0.0000031
all	695	1	1600000	0.0000006
all	696	3	1600000	0.0000019
all	697	5	1600000	0.0000031
all	698	3	1600000	0.0000019
all	699	4	1600000	0.0000025
all	700	1	1600000	0.0000006
all	701	17	1600000	0.0000106
all	702	3	1600000	0.0000019
all	703	3	1600000	0.0000019
all	704	8	1600000	0.0000050
all	705	7	1600000	0.0000044
all	706	3	1600000	0.0000019
all	707	1	1600000	0.0000006
all	708	6	1600000	0.0000037
all	711	4	1600000	0.0000025
all	713	5	1600000	0.0000031
all	715	3	1600000	0.0000019
all	717	1	1600000	0.0000006
all	718	2	1600000	0.0000012
all	719	4	1600000	0.0000025
all	720	5	1600000	0.0000031
all	721	1	1600000	0.0000006
all	722	4	1600000	0.0000025
all	723	6	1600000	0.0000037
all	725	1	1600000	0.0000006
all	727	1	1600000	0.0000006
all	728	5	1600000	0.0000031
all	730	5	1600000	0.0000031
all	731	2	1600000	0.0000012
all	732	1	1600000	0.0000006
all	733	3	1600000	0.0000019
all	734	4	1600000	0.0000025
all	735	3	1600000	0.0000019
all	736	1	1600000	0.0000006
all	742	2	1600000	0.0000012
all	745	1	1600000	0.0000006
all	746	1	1600000	0.0000006
all	747	5	1600000	0.0000031
all	748	1	1600000	0.0000006
all	749	2	1600000	0.0000012
all	752	1	1600000	0.0000006
all	753	7	1600000	0.0000044
all	754	2	1600000	0.0000012
all	755	1	1600000	0.0000006
all	756	3	1600000	0.0000019
all	759	1	1600000	0.0000006
all	760	2	1600000	0.0000012
all	762	1	1600000	0.0000006
all	765	2	1600000	0.0000012
all	767	1	1600000	0.0000006
all	768	2	1600000	0.0000012
all	771	1	1600000	0.0000006
all	772	2	1600000	0.0000012
all	776	2	1600000	0.0000012
all	777	2	1600000	0.0000012
all	778	3	1600000	0.0000019
all	779	4	1600000	0.0000025
all	786	1	1600000	0.0000006
all	792	1	1600000	0.0000006
all	793	1	1600000	0.0000006
all	797	1	1600000	0.0000006
all	801	1	1600000	0.0000006
all	806	2	1600000	0.0000012
all	817	1	1600000	0.0000006
all	818	1	1600000	0.0000006
all	819	1	1600000	0.0000006
all	820	1	1600000	0.0000006
all	827	2	1600000	0.0000012
all	828	1	1600000	0.0000006
all	830	1	1600000	0.0000006
all	834	1	1600000	0.0000006
all	836	2	1600000	0.0000012
all	837	1	1600000	0.0000006
all	841	1	1600000	0.0000006
all	842	2	1600000	0.0000012
all	843	1	1600000	0.0000006
all	844	1	1600000	0.0000006
all	846	1	1600000	0.0000006
all	847	3	1600000	0.0000019
all	848	5	1600000	0.0000031
all	849	2	1600000	0.0000012
all	851	3	1600000	0.0000019
all	856	1	1600000	0.0000006
all	857	2	1600000	0.0000012
all	859	1	1600000	0.0000006
all	866	1	1600000	0.0000006
all	867	4	1600000	0.0000025
all	870	4	1600000	0.0000025
all	874	1	1600000	0.0000006
all	875	2	1600000	0.0000012
all	876	1	1600000	0.0000006
all	878	5	1600000	0.0000031
all	880	1	1600000	0.0000006
all	881	1	1600000	0.0000006
all	882	1	1600000	0.0000006
all	883	5	1600000	0.0000031
all	888	10	1600000	0.0000062
all	889	6	1600000	0.0000037
all	890	1	1600000	0.0000006
all	892	7	1600000	0.0000044
all	893	2	1600000	0.0000012
all	894	3	1600000	0.0000019
all	896	1	1600000	0.0000006
all	897	1	1600000	0.0000006
all	898	2	1600000	0.0000012
all	899	2	1600000	0.0000012
all	906	2	1600000	0.0000012
all	908	1	1600000	0.0000006
all	909	5	1600000	0.0000031
all	912	1	1600000	0.0000006
all	913	1	1600000	0.0000006
all	914	4	1600000	0.0000025
all	915	1	1600000	0.0000006
all	919	1	1600000	0.0000006
all	927	1	1600000	0.0000006
all	928	3	1600000	0.0000019
all	929	1	1600000	0.0000006
all	930	3	1600000	0.0000019
all	931	4	1600000	0.0000025
all	933	1	1600000	0.0000006
all	935	1	1600000	0.0000006
all	936	2	1600000	0.0000012
all	937	2	1600000	0.0000012
all	939	2	1600000	0.0000012
all	941	8	1600000	0.0000050
all	942	4	1600000	0.0000025
all	943	4	1600000	0.0000025
all	947	3	1600000	0.0000019
all	948	4	1600000	0.0000025
all	949	2	1600000	0.0000012
all	951	6	1600000	0.0000037
all	952	2	1600000	0.0000012
all	960	2	1600000	0.0000012
all	962	2	1600000	0.0000012
all	966	1	1600000	0.0000006
all	970	1	1600000	0.0000006
all	972	2	1600000	0.0000012
all	974	1	1600000	0.0000006
all	975	2	1600000	0.0000012
all	977	1	1600000	0.0000006
all	979	4	1600000	0.0000025
all	983	4	1600000	0.0000025
all	989	2	1600000	0.0000012
all	997	1	1600000	0.0000006
all	998	1	1600000	0.0000006
all	1002	1	1600000	0.0000006
all	1004	2	1600000	0.0000012
all	1007	1	1600000	0.0000006
all	1008	2	1600000	0.0000012
all	1009	4	1600000	0.0000025
all	1010	1	1600000	0.0000006
all	1011	2	1600000	0.0000012
all	1012	1	1600000	0.0000006
all	1013	3	1600000	0.0000019
all	1014	3	1600000	0.0000019
all	1015	3	1600000	0.0000019
all	1017	2	1600000	0.0000012
all	1018	2	1600000	0.0000012
all	1019	2	1600000	0.0000012
all	1022	4	1600000	0.0000025
all	1025	6	1600000	0.0000037
all	1028	2	1600000	0.0000012
all	1030	3	1600000	0.0000019
all	1031	1	1600000	0.0000006
all	1034	2	1600000	0.0000012
all	1038	4	1600000	0.0000025
all	1039	2	1600000	0.0000012
all	1040	4	1600000	0.0000025
all	1041	11	1600000	0.0000069
all	1042	2	1600000	0.0000012
all	1044	2	1600000	0.0000012
all	1045	2	1600000	0.0000012
all	1047	2	1600000	0.0000012
all	1049	1	1600000	0.0000006
all	1051	2	1600000	0.0000012
all	1053	2	1600000	0.0000012
all	1056	2	1600000	0.0000012
all	1057	2	1600000	0.0000012
all	1061	5	1600000	0.0000031
all	1062	2	1600000	0.0000012
all	1063	2	1600000	0.0000012
all	1065	2	1600000	0.0000012
all	1070	1	1600000	0.0000006
all	1072	1	1600000	0.0000006
all	1075	1	1600000	0.0000006
all	1092	1	1600000	0.0000006
all	1095	2	1600000	0.0000012
all	1100	1	1600000	0.0000006
all	1106	3	1600000	0.0000019
all	1108	1	1600000	0.0000006
all	1114	1	1600000	0.0000006
all	1120	1	1600000	0.0000006
all	1123	1	1600000	0.0000006
all	1124	1	1600000	0.0000006
all	1125	1	1600000	0.0000006
all	1129	1	1600000	0.0000006
all	1132	1	1600000	0.0000006
all	1133	1	1600000	0.0000006
all	1134	2	1600000	0.0000012
all	1135	3	1600000	0.0000019
all	1144	1	1600000	0.0000006
all	1147	3	1600000	0.0000019
all	1150	1	1600000	0.0000006
all	1152	1	1600000	0.0000006
all	1157	1	1600000	0.0000006
all	1161	2	1600000	0.0000012
all	1165	1	1600000	0.0000006
all	1168	2	1600000	0.0000012
all	1171	1	1600000	0.0000006
all	1175	1	1600000	0.0000006
all	1177	1	1600000	0.0000006
all	1180	1	1600000	0.0000006
all	1190	1	1600000	0.0000006
all	1193	2	1600000	0.0000012
all	1197	1	1600000	0.0000006
all	1198	1	1600000	0.0000006
all	1199	1	1600000	0.0000006
all	1202	1	1600000	0.0000006
all	1205	2	1600000	0.0000012
all	1207	1	1600000	0.0000006
all	1208	4	1600000	0.0000025
all	1209	2	1600000	0.0000012
all	1213	2	1600000	0.0000012
all	1214	1	1600000	0.0000006
all	1215	2	1600000	0.0000012
all	1218	2	1600000	0.0000012
all	1222	3	1600000	0.0000019
all	1223	1	1600000	0.0000006
all	1224	1	1600000	0.0000006
all	1231	1	1600000	0.0000006
all	1233	2	1600000	0.0000012
all	1234	2	1600000	0.0000012
all	1237	3	1600000	0.0000019
all	1240	2	1600000	0.0000012
all	1241	2	1600000	0.0000012
all	1249	2	1600000	0.0000012
all	1251	2	1600000	0.0000012
all	1252	2	1600000	0.0000012
all	1253	2	1600000	0.0000012
all	1255	4	1600000	0.0000025
all	1257	2	1600000	0.0000012
all	1260	2	1600000	0.0000012
all	1263	2	1600000	0.0000012
all	1265	6	1600000	0.0000037
all	1267	2	1600000	0.0000012
all	1268	3	1600000	0.0000019
all	1269	4	1600000	0.0000025
all	1270	6	1600000	0.0000037
all	1271	2	1600000	0.0000012
all	1272	2	1600000	0.0000012
all	1273	6	1600000	0.0000037
all	1274	6	1600000	0.0000037
all	1277	2	1600000	0.0000012
all	1281	1	1600000	0.0000006
all	1283	2	1600000	0.0000012
all	1291	1	1600000	0.0000006
all	1295	1	1600000	0.0000006
all	1296	1	1600000	0.0000006
all	1297	2	1600000	0.0000012
all	1301	1	1600000	0.0000006
all	1303	1	1600000	0.0000006
all	1305	1	1600000	0.0000006
all	1309	2	1600000	0.0000012
all	1311	1	1600000	0.0000006
all	1328	1	1600000	0.0000006
all	1340	2	1600000	0.0000012
all	1349	1	1600000	0.0000006
all	1354	1	1600000	0.0000006
all	1360	2	1600000	0.0000012
all	1361	4	1600000	0.0000025
all	1367	2	1600000	0.0000012
all	1370	1	1600000	0.0000006
all	1372	1	1600000	0.0000006
all	1373	2	1600000	0.0000012
all	1374	1	1600000	0.0000006
all	1379	2	1600000	0.0000012
all	1380	1	1600000	0.0000006
all	1381	1	1600000	0.0000006
all	1382	2	1600000	0.0000012
all	1386	3	1600000	0.0000019
all	1387	1	1600000	0.0000006
all	1388	2	1600000	0.0000012
all	1389	2	1600000	0.0000012
all	1392	1	1600000	0.0000006
all	1395	2	1600000	0.0000012
all	1398	2	1600000	0.0000012
all	1400	2	1600000	0.0000012
all	1403	2	1600000	0.0000012
all	1405	4	1600000	0.0000025
all	1406	1	1600000	0.0000006
all	1407	6	1600000	0.0000037
all	1408	2	1600000	0.0000012
all	1409	1	1600000	0.0000006
all	1413	2	1600000	0.0000012
all	1414	2	1600000	0.0000012
all	1415	2	1600000	0.0000012
all	1420	3	1600000	0.0000019
all	1421	2	1600000	0.0000012
all	1423	1	1600000	0.0000006
all	1426	1	1600000	0.0000006
all	1427	3	1600000	0.0000019
all	1430	2	1600000	0.0000012
all	1433	2	1600000	0.0000012
all	1435	2	1600000	0.0000012
all	1439	2	1600000	0.0000012
all	1444	4	1600000	0.0000025
all	1445	2	1600000	0.0000012
all	1446	2	1600000	0.0000012
all	1447	2	1600000	0.0000012
all	1450	1	1600000	0.0000006
all	1452	1	1600000	0.0000006
all	1455	2	1600000	0.0000012
all	1458	2	1600000	0.0000012
all	1472	1	1600000	0.0000006
all	1482	1	1600000	0.0000006
