all	0	1221536	1600000	0.7634600
all	1	71193	1600000	0.0444956
all	2	84076	1600000	0.0525475
all	3	21962	1600000	0.0137263
all	4	22298	1600000	0.0139362
all	5	14574	1600000	0.0091088
all	6	13414	1600000	0.0083837
all	7	11268	1600000	0.0070425
all	8	10596	1600000	0.0066225
all	9	10344	1600000	0.0064650
all	10	9911	1600000	0.0061944
all	11	7969	1600000	0.0049806
all	12	7269	1600000	0.0045431
all	13	6783	1600000	0.0042394
all	14	7473	1600000	0.0046706
all	15	6482	1600000	0.0040512
all	16	5050	1600000	0.0031563
all	17	3987	1600000	0.0024919
all	18	4305	1600000	0.0026906
all	19	4234	1600000	0.0026462
all	20	3568	1600000	0.0022300
all	21	3304	1600000	0.0020650
all	22	3074	1600000	0.0019213
all	23	3351	1600000	0.0020944
all	24	2904	1600000	0.0018150
all	25	2639	1600000	0.0016494
all	26	2333	1600000	0.0014581
all	27	1996	1600000	0.0012475
all	28	1749	1600000	0.0010931
all	29	1918	1600000	0.0011987
all	30	1734	1600000	0.0010838
all	31	1219	1600000	0.0007619
all	32	1826	1600000	0.0011413
all	33	1161	1600000	0.0007256
all	34	862	1600000	0.0005388
all	35	778	1600000	0.0004863
all	36	897	1600000	0.0005606
all	37	1141	1600000	0.0007131
all	38	1259	1600000	0.0007869
all	39	742	1600000	0.0004638
all	40	785	1600000	0.0004906
all	41	416	1600000	0.0002600
all	42	805	1600000	0.0005031
all	43	703	1600000	0.0004394
all	44	631	1600000	0.0003944
all	45	635	1600000	0.0003969
all	46	511	1600000	0.0003194
all	47	396	1600000	0.0002475
all	48	488	1600000	0.0003050
all	49	383	1600000	0.0002394
all	50	373	1600000	0.0002331
all	51	506	1600000	0.0003162
all	52	330	1600000	0.0002062
all	53	417	1600000	0.0002606
all	54	222	1600000	0.0001387
all	55	281	1600000	0.0001756
all	56	256	1600000	0.0001600
all	57	291	1600000	0.0001819
all	58	200	1600000	0.0001250
all	59	261	1600000	0.0001631
all	60	169	1600000	0.0001056
all	61	188	1600000	0.0001175
all	62	218	1600000	0.0001363
all	63	373	1600000	0.0002331
all	64	206	1600000	0.0001288
all	65	133	1600000	0.0000831
all	66	209	1600000	0.0001306
all	67	198	1600000	0.0001237
all	68	308	1600000	0.0001925
all	69	215	1600000	0.0001344
all	70	170	1600000	0.0001063
all	71	192	1600000	0.0001200
all	72	100	1600000	0.0000625
all	73	135	1600000	0.0000844
all	74	31	1600000	0.0000194
all	75	62	1600000	0.0000388
all	76	58	1600000	0.0000362
all	77	83	1600000	0.0000519
all	78	110	1600000	0.0000687
all	79	186	1600000	0.0001162
all	80	100	1600000	0.0000625
all	81	82	1600000	0.0000513
all	82	112	1600000	0.0000700
all	83	75	1600000	0.0000469
all	84	103	1600000	0.0000644
all	85	61	1600000	0.0000381
all	86	90	1600000	0.0000562
all	87	58	1600000	0.0000362
all	88	73	1600000	0.0000456
all	89	101	1600000	0.0000631
all	90	13	1600000	0.0000081
all	91	91	1600000	0.0000569
all	92	45	1600000	0.0000281
all	93	33	1600000	0.0000206
all	94	60	1600000	0.0000375
all	95	42	1600000	0.0000262
all	96	97	1600000	0.0000606
all	97	41	1600000	0.0000256
all	98	70	1600000	0.0000437
all	99	52	1600000	0.0000325
all	100	22	1600000	0.0000138
all	101	20	1600000	0.0000125
all	102	25	1600000	0.0000156
all	103	35	1600000	0.0000219
all	104	36	1600000	0.0000225
all	105	104	1600000	0.0000650
all	106	8	1600000	0.0000050
all	107	13	1600000	0.0000081
all	108	35	1600000	0.0000219
all	109	35	1600000	0.0000219
all	110	23	1600000	0.0000144
all	111	27	1600000	0.0000169
all	112	29	1600000	0.0000181
all	113	57	1600000	0.0000356
all	114	21	1600000	0.0000131
all	115	53	1600000	0.0000331
all	116	14	1600000	0.0000088
all	117	44	1600000	0.0000275
all	118	25	1600000	0.0000156
all	119	27	1600000	0.0000169
all	120	27	1600000	0.0000169
all	121	16	1600000	0.0000100
all	122	32	1600000	0.0000200
all	123	32	1600000	0.0000200
all	124	31	1600000	0.0000194
all	125	32	1600000	0.0000200
all	126	15	1600000	0.0000094
all	127	7	1600000	0.0000044
all	128	23	1600000	0.0000144
all	129	64	1600000	0.0000400
all	130	73	1600000	0.0000456
all	131	85	1600000	0.0000531
all	132	31	1600000	0.0000194
all	133	21	1600000	0.0000131
all	134	23	1600000	0.0000144
all	135	12	1600000	0.0000075
all	136	1	1600000	0.0000006
all	137	25	1600000	0.0000156
all	138	28	1600000	0.0000175
all	139	116	1600000	0.0000725
all	140	92	1600000	0.0000575
all	141	6	1600000	0.0000037
all	142	29	1600000	0.0000181
all	143	31	1600000	0.0000194
all	144	25	1600000	0.0000156
all	145	25	1600000	0.0000156
all	146	7	1600000	0.0000044
all	147	9	1600000	0.0000056
all	148	46	1600000	0.0000288
all	149	26	1600000	0.0000163
all	150	22	1600000	0.0000138
all	151	21	1600000	0.0000131
all	152	22	1600000	0.0000138
all	153	19	1600000	0.0000119
all	154	35	1600000	0.0000219
all	155	31	1600000	0.0000194
all	156	55	1600000	0.0000344
all	157	20	1600000	0.0000125
all	158	26	1600000	0.0000163
all	159	3	1600000	0.0000019
all	160	37	1600000	0.0000231
all	161	32	1600000	0.0000200
all	162	22	1600000	0.0000138
all	163	8	1600000	0.0000050
all	164	47	1600000	0.0000294
all	165	14	1600000	0.0000088
all	166	13	1600000	0.0000081
all	167	19	1600000	0.0000119
all	168	60	1600000	0.0000375
all	169	20	1600000	0.0000125
all	170	18	1600000	0.0000113
all	171	9	1600000	0.0000056
all	172	12	1600000	0.0000075
all	174	3	1600000	0.0000019
all	175	5	1600000	0.0000031
all	176	7	1600000	0.0000044
all	177	4	1600000	0.0000025
all	179	8	1600000	0.0000050
all	180	7	1600000	0.0000044
all	181	5	1600000	0.0000031
all	182	27	1600000	0.0000169
all	183	22	1600000	0.0000138
all	184	10	1600000	0.0000062
all	185	17	1600000	0.0000106
all	186	11	1600000	0.0000069
all	187	7	1600000	0.0000044
all	188	2	1600000	0.0000012
all	189	6	1600000	0.0000037
all	190	11	1600000	0.0000069
all	191	9	1600000	0.0000056
all	192	6	1600000	0.0000037
all	193	12	1600000	0.0000075
all	194	8	1600000	0.0000050
all	195	4	1600000	0.0000025
all	197	14	1600000	0.0000088
all	198	3	1600000	0.0000019
all	200	18	1600000	0.0000113
all	201	54	1600000	0.0000337
all	202	15	1600000	0.0000094
all	203	4	1600000	0.0000025
all	207	3	1600000	0.0000019
all	208	7	1600000	0.0000044
all	210	6	1600000	0.0000037
all	211	11	1600000	0.0000069
all	212	2	1600000	0.0000012
all	213	21	1600000	0.0000131
all	214	8	1600000	0.0000050
all	215	23	1600000	0.0000144
all	216	6	1600000	0.0000037
all	217	9	1600000	0.0000056
all	218	12	1600000	0.0000075
all	219	12	1600000	0.0000075
all	220	2	1600000	0.0000012
all	221	4	1600000	0.0000025
all	222	10	1600000	0.0000062
all	223	4	1600000	0.0000025
all	224	6	1600000	0.0000037
all	226	8	1600000	0.0000050
all	227	6	1600000	0.0000037
all	228	2	1600000	0.0000012
all	230	8	1600000	0.0000050
all	231	19	1600000	0.0000119
all	232	1	1600000	0.0000006
all	233	11	1600000	0.0000069
all	234	5	1600000	0.0000031
all	235	3	1600000	0.0000019
all	236	10	1600000	0.0000062
all	237	12	1600000	0.0000075
all	238	2	1600000	0.0000012
all	239	2	1600000	0.0000012
all	240	4	1600000	0.0000025
all	241	10	1600000	0.0000062
all	242	4	1600000	0.0000025
all	243	24	1600000	0.0000150
all	244	28	1600000	0.0000175
all	245	9	1600000	0.0000056
all	246	1	1600000	0.0000006
all	247	2	1600000	0.0000012
all	248	2	1600000	0.0000012
all	251	2	1600000	0.0000012
all	252	4	1600000	0.0000025
all	253	4	1600000	0.0000025
all	255	2	1600000	0.0000012
all	257	10	1600000	0.0000062
all	259	2	1600000	0.0000012
all	260	1	1600000	0.0000006
all	261	11	1600000	0.0000069
all	262	7	1600000	0.0000044
all	264	2	1600000	0.0000012
all	265	1	1600000	0.0000006
all	266	1	1600000	0.0000006
all	267	2	1600000	0.0000012
all	268	2	1600000	0.0000012
all	269	2	1600000	0.0000012
all	274	4	1600000	0.0000025
all	275	1	1600000	0.0000006
all	277	1	1600000	0.0000006
all	278	8	1600000	0.0000050
all	279	3	1600000	0.0000019
all	280	8	1600000	0.0000050
all	281	4	1600000	0.0000025
all	282	8	1600000	0.0000050
all	283	2	1600000	0.0000012
all	284	9	1600000	0.0000056
all	285	4	1600000	0.0000025
all	286	2	1600000	0.0000012
all	287	4	1600000	0.0000025
all	295	1	1600000	0.0000006
all	300	1	1600000	0.0000006
all	306	1	1600000	0.0000006
all	317	1	1600000	0.0000006
all	319	2	1600000	0.0000012
all	324	2	1600000	0.0000012
all	325	3	1600000	0.0000019
all	326	2	1600000	0.0000012
all	327	2	1600000	0.0000012
all	328	3	1600000	0.0000019
all	329	3	1600000	0.0000019
all	332	1	1600000	0.0000006
all	336	1	1600000	0.0000006
all	337	2	1600000	0.0000012
all	338	1	1600000	0.0000006
all	341	1	1600000	0.0000006
all	342	1	1600000	0.0000006
all	343	3	1600000	0.0000019
all	344	3	1600000	0.0000019
all	345	2	1600000	0.0000012
all	347	3	1600000	0.0000019
all	349	1	1600000	0.0000006
all	350	1	1600000	0.0000006
all	351	1	1600000	0.0000006
all	354	1	1600000	0.0000006
all	356	4	1600000	0.0000025
all	357	1	1600000	0.0000006
all	362	1	1600000	0.0000006
all	363	6	1600000	0.0000037
all	364	1	1600000	0.0000006
all	365	1	1600000	0.0000006
all	368	6	1600000	0.0000037
all	369	1	1600000	0.0000006
all	371	1	1600000	0.0000006
all	372	2	1600000	0.0000012
all	373	14	1600000	0.0000088
all	374	7	1600000	0.0000044
all	375	5	1600000	0.0000031
all	378	2	1600000	0.0000012
all	380	2	1600000	0.0000012
all	384	2	1600000	0.0000012
all	386	2	1600000	0.0000012
all	387	2	1600000	0.0000012
all	398	4	1600000	0.0000025
all	399	2	1600000	0.0000012
all	400	2	1600000	0.0000012
all	402	2	1600000	0.0000012
all	403	2	1600000	0.0000012
all	404	20	1600000	0.0000125
all	405	2	1600000	0.0000012
all	411	4	1600000	0.0000025
all	412	2	1600000	0.0000012
all	415	4	1600000	0.0000025
all	417	4	1600000	0.0000025
all	418	6	1600000	0.0000037
all	419	6	1600000	0.0000037
all	420	6	1600000	0.0000037
all	421	4	1600000	0.0000025
all	450	1	1600000	0.0000006
all	451	2	1600000	0.0000012
all	453	1	1600000	0.0000006
all	454	1	1600000	0.0000006
all	456	1	1600000	0.0000006
all	458	1	1600000	0.0000006
all	459	3	1600000	0.0000019
all	460	8	1600000	0.0000050
all	465	9	1600000	0.0000056
all	468	2	1600000	0.0000012
all	469	4	1600000	0.0000025
all	478	2	1600000	0.0000012
all	479	6	1600000	0.0000037
all	480	7	1600000	0.0000044
all	481	13	1600000	0.0000081
all	485	12	1600000	0.0000075
all	494	5	1600000	0.0000031
