NODE_100029_length_2239_cov_2.924766	827	960	4	19	133	0.1428571
NODE_100029_length_2239_cov_2.924766	827	960	5	16	133	0.1203008
NODE_100029_length_2239_cov_2.924766	827	960	6	17	133	0.1278196
NODE_100029_length_2239_cov_2.924766	827	960	7	34	133	0.2556391
NODE_100029_length_2239_cov_2.924766	827	960	8	41	133	0.3082707
NODE_100029_length_2239_cov_2.924766	827	960	9	6	133	0.0451128
NODE_100054_length_2238_cov_4.719963	1205	1338	12	7	133	0.0526316
NODE_100054_length_2238_cov_4.719963	1205	1338	13	8	133	0.0601504
NODE_100054_length_2238_cov_4.719963	1205	1338	14	2	133	0.0150376
NODE_100054_length_2238_cov_4.719963	1205	1338	15	6	133	0.0451128
NODE_100054_length_2238_cov_4.719963	1205	1338	17	8	133	0.0601504
NODE_100054_length_2238_cov_4.719963	1205	1338	18	6	133	0.0451128
NODE_100054_length_2238_cov_4.719963	1205	1338	19	2	133	0.0150376
NODE_100054_length_2238_cov_4.719963	1205	1338	20	2	133	0.0150376
NODE_100054_length_2238_cov_4.719963	1205	1338	21	7	133	0.0526316
NODE_100054_length_2238_cov_4.719963	1205	1338	22	3	133	0.0225564
NODE_100054_length_2238_cov_4.719963	1205	1338	23	1	133	0.0075188
NODE_100054_length_2238_cov_4.719963	1205	1338	24	9	133	0.0676692
NODE_100054_length_2238_cov_4.719963	1205	1338	26	2	133	0.0150376
NODE_100054_length_2238_cov_4.719963	1205	1338	27	23	133	0.1729323
NODE_100054_length_2238_cov_4.719963	1205	1338	28	2	133	0.0150376
NODE_100054_length_2238_cov_4.719963	1205	1338	29	8	133	0.0601504
NODE_100054_length_2238_cov_4.719963	1205	1338	30	5	133	0.0375940
NODE_100054_length_2238_cov_4.719963	1205	1338	31	10	133	0.0751880
NODE_100054_length_2238_cov_4.719963	1205	1338	32	2	133	0.0150376
NODE_100054_length_2238_cov_4.719963	1205	1338	33	1	133	0.0075188
NODE_100054_length_2238_cov_4.719963	1205	1338	35	4	133	0.0300752
NODE_100054_length_2238_cov_4.719963	1205	1338	38	4	133	0.0300752
NODE_100054_length_2238_cov_4.719963	1205	1338	39	11	133	0.0827068
NODE_100115_length_2237_cov_4.516370	819	952	14	4	133	0.0300752
NODE_100115_length_2237_cov_4.516370	819	952	15	22	133	0.1654135
NODE_100115_length_2237_cov_4.516370	819	952	16	26	133	0.1954887
NODE_100115_length_2237_cov_4.516370	819	952	17	5	133	0.0375940
NODE_100115_length_2237_cov_4.516370	819	952	18	6	133	0.0451128
NODE_100115_length_2237_cov_4.516370	819	952	19	11	133	0.0827068
NODE_100115_length_2237_cov_4.516370	819	952	20	2	133	0.0150376
NODE_100115_length_2237_cov_4.516370	819	952	21	8	133	0.0601504
NODE_100115_length_2237_cov_4.516370	819	952	22	45	133	0.3383459
NODE_100115_length_2237_cov_4.516370	819	952	23	4	133	0.0300752
NODE_10016_length_7401_cov_5.952068	5213	5346	12	4	133	0.0300752
NODE_10016_length_7401_cov_5.952068	5213	5346	13	4	133	0.0300752
NODE_10016_length_7401_cov_5.952068	5213	5346	14	10	133	0.0751880
NODE_10016_length_7401_cov_5.952068	5213	5346	15	12	133	0.0902256
NODE_10016_length_7401_cov_5.952068	5213	5346	16	11	133	0.0827068
NODE_10016_length_7401_cov_5.952068	5213	5346	17	30	133	0.2255639
NODE_10016_length_7401_cov_5.952068	5213	5346	18	7	133	0.0526316
NODE_10016_length_7401_cov_5.952068	5213	5346	19	48	133	0.3609022
NODE_10016_length_7401_cov_5.952068	5213	5346	20	7	133	0.0526316
NODE_10019_length_7400_cov_9.406520	639	772	0	15	133	0.1127820
NODE_10019_length_7400_cov_9.406520	639	772	2	41	133	0.3082707
NODE_10019_length_7400_cov_9.406520	639	772	3	4	133	0.0300752
NODE_10019_length_7400_cov_9.406520	639	772	5	73	133	0.5488722
NODE_100205_length_2236_cov_3.732803	1494	1627	20	4	133	0.0300752
NODE_100205_length_2236_cov_3.732803	1494	1627	22	12	133	0.0902256
NODE_100205_length_2236_cov_3.732803	1494	1627	23	6	133	0.0451128
NODE_100205_length_2236_cov_3.732803	1494	1627	24	9	133	0.0676692
NODE_100205_length_2236_cov_3.732803	1494	1627	26	18	133	0.1353384
NODE_100205_length_2236_cov_3.732803	1494	1627	27	43	133	0.3233083
NODE_100205_length_2236_cov_3.732803	1494	1627	28	14	133	0.1052632
NODE_100205_length_2236_cov_3.732803	1494	1627	29	24	133	0.1804511
NODE_100205_length_2236_cov_3.732803	1494	1627	30	3	133	0.0225564
NODE_10022_length_7400_cov_4.480345	5776	5909	8	6	133	0.0451128
NODE_10022_length_7400_cov_4.480345	5776	5909	10	20	133	0.1503759
NODE_10022_length_7400_cov_4.480345	5776	5909	11	10	133	0.0751880
NODE_10022_length_7400_cov_4.480345	5776	5909	12	6	133	0.0451128
NODE_10022_length_7400_cov_4.480345	5776	5909	13	9	133	0.0676692
NODE_10022_length_7400_cov_4.480345	5776	5909	14	2	133	0.0150376
NODE_10022_length_7400_cov_4.480345	5776	5909	15	2	133	0.0150376
NODE_10022_length_7400_cov_4.480345	5776	5909	19	4	133	0.0300752
NODE_10022_length_7400_cov_4.480345	5776	5909	20	22	133	0.1654135
NODE_10022_length_7400_cov_4.480345	5776	5909	21	12	133	0.0902256
NODE_10022_length_7400_cov_4.480345	5776	5909	22	40	133	0.3007519
NODE_10026_length_7399_cov_4.219178	3938	4071	8	2	133	0.0150376
NODE_10026_length_7399_cov_4.219178	3938	4071	9	15	133	0.1127820
NODE_10026_length_7399_cov_4.219178	3938	4071	10	46	133	0.3458647
NODE_10026_length_7399_cov_4.219178	3938	4071	11	70	133	0.5263158
NODE_100306_length_2235_cov_2.911049	2070	2203	2	17	133	0.1278196
NODE_100306_length_2235_cov_2.911049	2070	2203	4	44	133	0.3308271
NODE_100306_length_2235_cov_2.911049	2070	2203	5	25	133	0.1879699
NODE_100306_length_2235_cov_2.911049	2070	2203	6	47	133	0.3533835
NODE_100397_length_2233_cov_4.554827	202	335	4	18	133	0.1353384
NODE_100397_length_2233_cov_4.554827	202	335	5	50	133	0.3759398
NODE_100397_length_2233_cov_4.554827	202	335	6	19	133	0.1428571
NODE_100397_length_2233_cov_4.554827	202	335	7	46	133	0.3458647
NODE_10039_length_7396_cov_4.188434	470	603	11	7	133	0.0526316
NODE_10039_length_7396_cov_4.188434	470	603	12	3	133	0.0225564
NODE_10039_length_7396_cov_4.188434	470	603	13	5	133	0.0375940
NODE_10039_length_7396_cov_4.188434	470	603	14	8	133	0.0601504
NODE_10039_length_7396_cov_4.188434	470	603	15	19	133	0.1428571
NODE_10039_length_7396_cov_4.188434	470	603	16	2	133	0.0150376
NODE_10039_length_7396_cov_4.188434	470	603	17	1	133	0.0075188
NODE_10039_length_7396_cov_4.188434	470	603	21	1	133	0.0075188
NODE_10039_length_7396_cov_4.188434	470	603	22	3	133	0.0225564
NODE_10039_length_7396_cov_4.188434	470	603	23	3	133	0.0225564
NODE_10039_length_7396_cov_4.188434	470	603	24	1	133	0.0075188
NODE_10039_length_7396_cov_4.188434	470	603	25	20	133	0.1503759
NODE_10039_length_7396_cov_4.188434	470	603	26	9	133	0.0676692
NODE_10039_length_7396_cov_4.188434	470	603	27	24	133	0.1804511
NODE_10039_length_7396_cov_4.188434	470	603	28	14	133	0.1052632
NODE_10039_length_7396_cov_4.188434	470	603	29	13	133	0.0977444
NODE_100400_length_2233_cov_4.448922	851	984	1	29	133	0.2180451
NODE_100400_length_2233_cov_4.448922	851	984	3	6	133	0.0451128
NODE_100400_length_2233_cov_4.448922	851	984	4	6	133	0.0451128
NODE_100400_length_2233_cov_4.448922	851	984	5	19	133	0.1428571
NODE_100400_length_2233_cov_4.448922	851	984	6	72	133	0.5413534
NODE_100400_length_2233_cov_4.448922	851	984	7	1	133	0.0075188
NODE_100411_length_2233_cov_4.028116	846	979	10	8	133	0.0601504
NODE_100411_length_2233_cov_4.028116	846	979	11	4	133	0.0300752
NODE_100411_length_2233_cov_4.028116	846	979	12	16	133	0.1203008
NODE_100411_length_2233_cov_4.028116	846	979	13	7	133	0.0526316
NODE_100411_length_2233_cov_4.028116	846	979	14	4	133	0.0300752
NODE_100411_length_2233_cov_4.028116	846	979	15	11	133	0.0827068
NODE_100411_length_2233_cov_4.028116	846	979	16	8	133	0.0601504
NODE_100411_length_2233_cov_4.028116	846	979	17	8	133	0.0601504
NODE_100411_length_2233_cov_4.028116	846	979	18	10	133	0.0751880
NODE_100411_length_2233_cov_4.028116	846	979	19	34	133	0.2556391
NODE_100411_length_2233_cov_4.028116	846	979	20	23	133	0.1729323
NODE_100430_length_2233_cov_3.507498	1577	1710	21	6	133	0.0451128
NODE_100430_length_2233_cov_3.507498	1577	1710	22	1	133	0.0075188
NODE_100430_length_2233_cov_3.507498	1577	1710	23	10	133	0.0751880
NODE_100430_length_2233_cov_3.507498	1577	1710	24	14	133	0.1052632
NODE_100430_length_2233_cov_3.507498	1577	1710	25	8	133	0.0601504
NODE_100430_length_2233_cov_3.507498	1577	1710	26	2	133	0.0150376
NODE_100430_length_2233_cov_3.507498	1577	1710	27	9	133	0.0676692
NODE_100430_length_2233_cov_3.507498	1577	1710	28	8	133	0.0601504
NODE_100430_length_2233_cov_3.507498	1577	1710	29	5	133	0.0375940
NODE_100430_length_2233_cov_3.507498	1577	1710	30	18	133	0.1353384
NODE_100430_length_2233_cov_3.507498	1577	1710	31	10	133	0.0751880
NODE_100430_length_2233_cov_3.507498	1577	1710	32	25	133	0.1879699
NODE_100430_length_2233_cov_3.507498	1577	1710	33	15	133	0.1127820
NODE_100430_length_2233_cov_3.507498	1577	1710	34	2	133	0.0150376
NODE_100459_length_2232_cov_4.889358	1462	1595	15	1	133	0.0075188
NODE_100459_length_2232_cov_4.889358	1462	1595	16	15	133	0.1127820
NODE_100459_length_2232_cov_4.889358	1462	1595	17	4	133	0.0300752
NODE_100459_length_2232_cov_4.889358	1462	1595	18	7	133	0.0526316
NODE_100459_length_2232_cov_4.889358	1462	1595	19	11	133	0.0827068
NODE_100459_length_2232_cov_4.889358	1462	1595	20	35	133	0.2631579
NODE_100459_length_2232_cov_4.889358	1462	1595	21	22	133	0.1654135
NODE_100459_length_2232_cov_4.889358	1462	1595	22	20	133	0.1503759
NODE_100459_length_2232_cov_4.889358	1462	1595	23	18	133	0.1353384
NODE_10048_length_7394_cov_5.143934	3186	3319	12	6	133	0.0451128
NODE_10048_length_7394_cov_5.143934	3186	3319	14	35	133	0.2631579
NODE_10048_length_7394_cov_5.143934	3186	3319	15	39	133	0.2932331
NODE_10048_length_7394_cov_5.143934	3186	3319	16	8	133	0.0601504
NODE_10048_length_7394_cov_5.143934	3186	3319	17	27	133	0.2030075
NODE_10048_length_7394_cov_5.143934	3186	3319	18	7	133	0.0526316
NODE_10048_length_7394_cov_5.143934	3186	3319	19	11	133	0.0827068
NODE_10049_length_7394_cov_3.873064	3013	3146	13	6	133	0.0451128
NODE_10049_length_7394_cov_3.873064	3013	3146	14	3	133	0.0225564
NODE_10049_length_7394_cov_3.873064	3013	3146	15	6	133	0.0451128
NODE_10049_length_7394_cov_3.873064	3013	3146	17	2	133	0.0150376
NODE_10049_length_7394_cov_3.873064	3013	3146	19	14	133	0.1052632
NODE_10049_length_7394_cov_3.873064	3013	3146	20	16	133	0.1203008
NODE_10049_length_7394_cov_3.873064	3013	3146	21	10	133	0.0751880
NODE_10049_length_7394_cov_3.873064	3013	3146	22	19	133	0.1428571
NODE_10049_length_7394_cov_3.873064	3013	3146	23	20	133	0.1503759
NODE_10049_length_7394_cov_3.873064	3013	3146	24	24	133	0.1804511
NODE_10049_length_7394_cov_3.873064	3013	3146	25	13	133	0.0977444
NODE_1004_length_14871_cov_4.891145	9102	9235	6	4	133	0.0300752
NODE_1004_length_14871_cov_4.891145	9102	9235	7	15	133	0.1127820
NODE_1004_length_14871_cov_4.891145	9102	9235	8	30	133	0.2255639
NODE_1004_length_14871_cov_4.891145	9102	9235	9	3	133	0.0225564
NODE_1004_length_14871_cov_4.891145	9102	9235	10	33	133	0.2481203
NODE_1004_length_14871_cov_4.891145	9102	9235	11	29	133	0.2180451
NODE_1004_length_14871_cov_4.891145	9102	9235	12	19	133	0.1428571
NODE_100636_length_2230_cov_2.541061	444	577	1	45	133	0.3383459
NODE_100636_length_2230_cov_2.541061	444	577	3	66	133	0.4962406
NODE_100636_length_2230_cov_2.541061	444	577	4	5	133	0.0375940
NODE_100636_length_2230_cov_2.541061	444	577	5	17	133	0.1278196
NODE_100665_length_2229_cov_4.193427	113	246	0	78	133	0.5864662
NODE_100665_length_2229_cov_4.193427	113	246	4	13	133	0.0977444
NODE_100665_length_2229_cov_4.193427	113	246	5	2	133	0.0150376
NODE_100665_length_2229_cov_4.193427	113	246	6	1	133	0.0075188
NODE_100665_length_2229_cov_4.193427	113	246	8	39	133	0.2932331
NODE_100717_length_2228_cov_4.196806	531	664	4	2	133	0.0150376
NODE_100717_length_2228_cov_4.196806	531	664	5	1	133	0.0075188
NODE_100717_length_2228_cov_4.196806	531	664	7	1	133	0.0075188
NODE_100717_length_2228_cov_4.196806	531	664	9	10	133	0.0751880
NODE_100717_length_2228_cov_4.196806	531	664	10	8	133	0.0601504
NODE_100717_length_2228_cov_4.196806	531	664	11	57	133	0.4285714
NODE_100717_length_2228_cov_4.196806	531	664	12	3	133	0.0225564
NODE_100717_length_2228_cov_4.196806	531	664	13	46	133	0.3458647
NODE_100717_length_2228_cov_4.196806	531	664	14	5	133	0.0375940
NODE_100752_length_2227_cov_5.196898	1603	1736	32	1	133	0.0075188
NODE_100752_length_2227_cov_5.196898	1603	1736	33	3	133	0.0225564
NODE_100752_length_2227_cov_5.196898	1603	1736	34	3	133	0.0225564
NODE_100752_length_2227_cov_5.196898	1603	1736	36	10	133	0.0751880
NODE_100752_length_2227_cov_5.196898	1603	1736	37	5	133	0.0375940
NODE_100752_length_2227_cov_5.196898	1603	1736	39	2	133	0.0150376
NODE_100752_length_2227_cov_5.196898	1603	1736	40	6	133	0.0451128
NODE_100752_length_2227_cov_5.196898	1603	1736	41	3	133	0.0225564
NODE_100752_length_2227_cov_5.196898	1603	1736	42	14	133	0.1052632
NODE_100752_length_2227_cov_5.196898	1603	1736	43	4	133	0.0300752
NODE_100752_length_2227_cov_5.196898	1603	1736	44	4	133	0.0300752
NODE_100752_length_2227_cov_5.196898	1603	1736	45	2	133	0.0150376
NODE_100752_length_2227_cov_5.196898	1603	1736	46	3	133	0.0225564
NODE_100752_length_2227_cov_5.196898	1603	1736	47	10	133	0.0751880
NODE_100752_length_2227_cov_5.196898	1603	1736	48	7	133	0.0526316
NODE_100752_length_2227_cov_5.196898	1603	1736	49	3	133	0.0225564
NODE_100752_length_2227_cov_5.196898	1603	1736	50	12	133	0.0902256
NODE_100752_length_2227_cov_5.196898	1603	1736	51	25	133	0.1879699
NODE_100752_length_2227_cov_5.196898	1603	1736	52	6	133	0.0451128
NODE_100752_length_2227_cov_5.196898	1603	1736	53	5	133	0.0375940
NODE_100752_length_2227_cov_5.196898	1603	1736	54	5	133	0.0375940
NODE_100758_length_2227_cov_4.762688	1015	1148	21	4	133	0.0300752
NODE_100758_length_2227_cov_4.762688	1015	1148	22	13	133	0.0977444
NODE_100758_length_2227_cov_4.762688	1015	1148	23	22	133	0.1654135
NODE_100758_length_2227_cov_4.762688	1015	1148	24	26	133	0.1954887
NODE_100758_length_2227_cov_4.762688	1015	1148	25	24	133	0.1804511
NODE_100758_length_2227_cov_4.762688	1015	1148	26	6	133	0.0451128
NODE_100758_length_2227_cov_4.762688	1015	1148	27	7	133	0.0526316
NODE_100758_length_2227_cov_4.762688	1015	1148	29	7	133	0.0526316
NODE_100758_length_2227_cov_4.762688	1015	1148	30	2	133	0.0150376
NODE_100758_length_2227_cov_4.762688	1015	1148	31	3	133	0.0225564
NODE_100758_length_2227_cov_4.762688	1015	1148	32	6	133	0.0451128
NODE_100758_length_2227_cov_4.762688	1015	1148	33	6	133	0.0451128
NODE_100758_length_2227_cov_4.762688	1015	1148	34	4	133	0.0300752
NODE_100758_length_2227_cov_4.762688	1015	1148	36	3	133	0.0225564
NODE_10078_length_7385_cov_5.123662	4906	5039	0	10	133	0.0751880
NODE_10078_length_7385_cov_5.123662	4906	5039	2	15	133	0.1127820
NODE_10078_length_7385_cov_5.123662	4906	5039	3	5	133	0.0375940
NODE_10078_length_7385_cov_5.123662	4906	5039	4	2	133	0.0150376
NODE_10078_length_7385_cov_5.123662	4906	5039	6	24	133	0.1804511
NODE_10078_length_7385_cov_5.123662	4906	5039	7	29	133	0.2180451
NODE_10078_length_7385_cov_5.123662	4906	5039	8	48	133	0.3609022
NODE_10079_length_7385_cov_4.177601	5515	5648	11	4	133	0.0300752
NODE_10079_length_7385_cov_4.177601	5515	5648	13	4	133	0.0300752
NODE_10079_length_7385_cov_4.177601	5515	5648	15	4	133	0.0300752
NODE_10079_length_7385_cov_4.177601	5515	5648	16	7	133	0.0526316
NODE_10079_length_7385_cov_4.177601	5515	5648	17	3	133	0.0225564
NODE_10079_length_7385_cov_4.177601	5515	5648	18	83	133	0.6240602
NODE_10079_length_7385_cov_4.177601	5515	5648	19	21	133	0.1578947
NODE_10079_length_7385_cov_4.177601	5515	5648	20	7	133	0.0526316
NODE_100820_length_2226_cov_5.340856	786	919	16	7	133	0.0526316
NODE_100820_length_2226_cov_5.340856	786	919	18	4	133	0.0300752
NODE_100820_length_2226_cov_5.340856	786	919	20	13	133	0.0977444
NODE_100820_length_2226_cov_5.340856	786	919	21	4	133	0.0300752
NODE_100820_length_2226_cov_5.340856	786	919	22	17	133	0.1278196
NODE_100820_length_2226_cov_5.340856	786	919	23	11	133	0.0827068
NODE_100820_length_2226_cov_5.340856	786	919	24	30	133	0.2255639
NODE_100820_length_2226_cov_5.340856	786	919	25	16	133	0.1203008
NODE_100820_length_2226_cov_5.340856	786	919	26	17	133	0.1278196
NODE_100820_length_2226_cov_5.340856	786	919	27	14	133	0.1052632
NODE_100831_length_2226_cov_4.594734	1008	1141	13	2	133	0.0150376
NODE_100831_length_2226_cov_4.594734	1008	1141	14	4	133	0.0300752
NODE_100831_length_2226_cov_4.594734	1008	1141	15	2	133	0.0150376
NODE_100831_length_2226_cov_4.594734	1008	1141	16	5	133	0.0375940
NODE_100831_length_2226_cov_4.594734	1008	1141	17	12	133	0.0902256
NODE_100831_length_2226_cov_4.594734	1008	1141	18	5	133	0.0375940
NODE_100831_length_2226_cov_4.594734	1008	1141	19	6	133	0.0451128
NODE_100831_length_2226_cov_4.594734	1008	1141	20	4	133	0.0300752
NODE_100831_length_2226_cov_4.594734	1008	1141	21	7	133	0.0526316
NODE_100831_length_2226_cov_4.594734	1008	1141	22	10	133	0.0751880
NODE_100831_length_2226_cov_4.594734	1008	1141	24	1	133	0.0075188
NODE_100831_length_2226_cov_4.594734	1008	1141	25	5	133	0.0375940
NODE_100831_length_2226_cov_4.594734	1008	1141	26	7	133	0.0526316
NODE_100831_length_2226_cov_4.594734	1008	1141	27	11	133	0.0827068
NODE_100831_length_2226_cov_4.594734	1008	1141	28	11	133	0.0827068
NODE_100831_length_2226_cov_4.594734	1008	1141	29	6	133	0.0451128
NODE_100831_length_2226_cov_4.594734	1008	1141	30	8	133	0.0601504
NODE_100831_length_2226_cov_4.594734	1008	1141	31	3	133	0.0225564
NODE_100831_length_2226_cov_4.594734	1008	1141	32	1	133	0.0075188
NODE_100831_length_2226_cov_4.594734	1008	1141	33	8	133	0.0601504
NODE_100831_length_2226_cov_4.594734	1008	1141	34	5	133	0.0375940
NODE_100831_length_2226_cov_4.594734	1008	1141	35	10	133	0.0751880
NODE_10091_length_7382_cov_5.302897	5978	6111	8	7	133	0.0526316
NODE_10091_length_7382_cov_5.302897	5978	6111	9	29	133	0.2180451
NODE_10091_length_7382_cov_5.302897	5978	6111	10	11	133	0.0827068
NODE_10091_length_7382_cov_5.302897	5978	6111	11	8	133	0.0601504
NODE_10091_length_7382_cov_5.302897	5978	6111	12	20	133	0.1503759
NODE_10091_length_7382_cov_5.302897	5978	6111	13	11	133	0.0827068
NODE_10091_length_7382_cov_5.302897	5978	6111	14	15	133	0.1127820
NODE_10091_length_7382_cov_5.302897	5978	6111	15	6	133	0.0451128
NODE_10091_length_7382_cov_5.302897	5978	6111	16	25	133	0.1879699
NODE_10091_length_7382_cov_5.302897	5978	6111	17	1	133	0.0075188
NODE_100954_length_2224_cov_6.321412	126	259	1	11	133	0.0827068
NODE_100954_length_2224_cov_6.321412	126	259	2	12	133	0.0902256
NODE_100954_length_2224_cov_6.321412	126	259	4	19	133	0.1428571
NODE_100954_length_2224_cov_6.321412	126	259	5	5	133	0.0375940
NODE_100954_length_2224_cov_6.321412	126	259	6	7	133	0.0526316
NODE_100954_length_2224_cov_6.321412	126	259	8	45	133	0.3383459
NODE_100954_length_2224_cov_6.321412	126	259	9	34	133	0.2556391
NODE_100970_length_2224_cov_4.256000	418	551	2	7	133	0.0526316
NODE_100970_length_2224_cov_4.256000	418	551	4	18	133	0.1353384
NODE_100970_length_2224_cov_4.256000	418	551	6	3	133	0.0225564
NODE_100970_length_2224_cov_4.256000	418	551	7	19	133	0.1428571
NODE_100970_length_2224_cov_4.256000	418	551	8	10	133	0.0751880
NODE_100970_length_2224_cov_4.256000	418	551	9	9	133	0.0676692
NODE_100970_length_2224_cov_4.256000	418	551	10	29	133	0.2180451
NODE_100970_length_2224_cov_4.256000	418	551	11	1	133	0.0075188
NODE_100970_length_2224_cov_4.256000	418	551	12	1	133	0.0075188
NODE_100970_length_2224_cov_4.256000	418	551	13	36	133	0.2706767
NODE_100_length_24567_cov_4.982549	4612	4745	1	12	133	0.0902256
NODE_100_length_24567_cov_4.982549	4612	4745	2	46	133	0.3458647
NODE_100_length_24567_cov_4.982549	4612	4745	4	75	133	0.5639098
NODE_101071_length_2222_cov_5.234574	1743	1876	7	12	133	0.0902256
NODE_101071_length_2222_cov_5.234574	1743	1876	8	1	133	0.0075188
NODE_101071_length_2222_cov_5.234574	1743	1876	9	7	133	0.0526316
NODE_101071_length_2222_cov_5.234574	1743	1876	11	6	133	0.0451128
NODE_101071_length_2222_cov_5.234574	1743	1876	13	10	133	0.0751880
NODE_101071_length_2222_cov_5.234574	1743	1876	14	7	133	0.0526316
NODE_101071_length_2222_cov_5.234574	1743	1876	18	30	133	0.2255639
NODE_101071_length_2222_cov_5.234574	1743	1876	19	33	133	0.2481203
NODE_101071_length_2222_cov_5.234574	1743	1876	20	22	133	0.1654135
NODE_101071_length_2222_cov_5.234574	1743	1876	21	5	133	0.0375940
NODE_1010_length_14843_cov_4.699200	5147	5280	0	5	133	0.0375940
NODE_1010_length_14843_cov_4.699200	5147	5280	2	11	133	0.0827068
NODE_1010_length_14843_cov_4.699200	5147	5280	3	11	133	0.0827068
NODE_1010_length_14843_cov_4.699200	5147	5280	4	51	133	0.3834586
NODE_1010_length_14843_cov_4.699200	5147	5280	6	10	133	0.0751880
NODE_1010_length_14843_cov_4.699200	5147	5280	8	42	133	0.3157895
NODE_1010_length_14843_cov_4.699200	5147	5280	9	3	133	0.0225564
NODE_101101_length_2222_cov_4.057937	222	355	8	26	133	0.1954887
NODE_101101_length_2222_cov_4.057937	222	355	9	71	133	0.5338346
NODE_101101_length_2222_cov_4.057937	222	355	10	23	133	0.1729323
NODE_101101_length_2222_cov_4.057937	222	355	11	1	133	0.0075188
NODE_101101_length_2222_cov_4.057937	222	355	12	3	133	0.0225564
NODE_101101_length_2222_cov_4.057937	222	355	13	9	133	0.0676692
NODE_101164_length_2221_cov_3.842601	137	270	4	3	133	0.0225564
NODE_101164_length_2221_cov_3.842601	137	270	5	8	133	0.0601504
NODE_101164_length_2221_cov_3.842601	137	270	6	1	133	0.0075188
NODE_101164_length_2221_cov_3.842601	137	270	8	19	133	0.1428571
NODE_101164_length_2221_cov_3.842601	137	270	9	2	133	0.0150376
NODE_101164_length_2221_cov_3.842601	137	270	12	2	133	0.0150376
NODE_101164_length_2221_cov_3.842601	137	270	13	1	133	0.0075188
NODE_101164_length_2221_cov_3.842601	137	270	16	4	133	0.0300752
NODE_101164_length_2221_cov_3.842601	137	270	17	10	133	0.0751880
NODE_101164_length_2221_cov_3.842601	137	270	19	7	133	0.0526316
NODE_101164_length_2221_cov_3.842601	137	270	22	4	133	0.0300752
NODE_101164_length_2221_cov_3.842601	137	270	24	1	133	0.0075188
NODE_101164_length_2221_cov_3.842601	137	270	25	7	133	0.0526316
NODE_101164_length_2221_cov_3.842601	137	270	26	10	133	0.0751880
NODE_101164_length_2221_cov_3.842601	137	270	28	29	133	0.2180451
NODE_101164_length_2221_cov_3.842601	137	270	29	25	133	0.1879699
NODE_1011_length_14842_cov_11.107848	11271	11404	7	7	133	0.0526316
NODE_1011_length_14842_cov_11.107848	11271	11404	8	16	133	0.1203008
NODE_1011_length_14842_cov_11.107848	11271	11404	9	15	133	0.1127820
NODE_1011_length_14842_cov_11.107848	11271	11404	10	58	133	0.4360902
NODE_1011_length_14842_cov_11.107848	11271	11404	11	15	133	0.1127820
NODE_1011_length_14842_cov_11.107848	11271	11404	12	22	133	0.1654135
NODE_10125_length_7374_cov_4.139107	3950	4083	18	3	133	0.0225564
NODE_10125_length_7374_cov_4.139107	3950	4083	19	1	133	0.0075188
NODE_10125_length_7374_cov_4.139107	3950	4083	22	17	133	0.1278196
NODE_10125_length_7374_cov_4.139107	3950	4083	23	5	133	0.0375940
NODE_10125_length_7374_cov_4.139107	3950	4083	24	7	133	0.0526316
NODE_10125_length_7374_cov_4.139107	3950	4083	25	1	133	0.0075188
NODE_10125_length_7374_cov_4.139107	3950	4083	26	4	133	0.0300752
NODE_10125_length_7374_cov_4.139107	3950	4083	27	3	133	0.0225564
NODE_10125_length_7374_cov_4.139107	3950	4083	29	6	133	0.0451128
NODE_10125_length_7374_cov_4.139107	3950	4083	30	4	133	0.0300752
NODE_10125_length_7374_cov_4.139107	3950	4083	31	12	133	0.0902256
NODE_10125_length_7374_cov_4.139107	3950	4083	32	2	133	0.0150376
NODE_10125_length_7374_cov_4.139107	3950	4083	33	14	133	0.1052632
NODE_10125_length_7374_cov_4.139107	3950	4083	34	14	133	0.1052632
NODE_10125_length_7374_cov_4.139107	3950	4083	35	40	133	0.3007519
NODE_101376_length_2217_cov_4.912181	242	375	9	13	133	0.0977444
NODE_101376_length_2217_cov_4.912181	242	375	10	19	133	0.1428571
NODE_101376_length_2217_cov_4.912181	242	375	11	30	133	0.2255639
NODE_101376_length_2217_cov_4.912181	242	375	12	13	133	0.0977444
NODE_101376_length_2217_cov_4.912181	242	375	13	21	133	0.1578947
NODE_101376_length_2217_cov_4.912181	242	375	14	35	133	0.2631579
NODE_101376_length_2217_cov_4.912181	242	375	15	2	133	0.0150376
NODE_101383_length_2217_cov_4.526440	1310	1443	26	9	133	0.0676692
NODE_101383_length_2217_cov_4.526440	1310	1443	27	5	133	0.0375940
NODE_101383_length_2217_cov_4.526440	1310	1443	28	3	133	0.0225564
NODE_101383_length_2217_cov_4.526440	1310	1443	29	11	133	0.0827068
NODE_101383_length_2217_cov_4.526440	1310	1443	30	14	133	0.1052632
NODE_101383_length_2217_cov_4.526440	1310	1443	31	20	133	0.1503759
NODE_101383_length_2217_cov_4.526440	1310	1443	32	14	133	0.1052632
NODE_101383_length_2217_cov_4.526440	1310	1443	33	11	133	0.0827068
NODE_101383_length_2217_cov_4.526440	1310	1443	34	4	133	0.0300752
NODE_101383_length_2217_cov_4.526440	1310	1443	35	12	133	0.0902256
NODE_101383_length_2217_cov_4.526440	1310	1443	36	6	133	0.0451128
NODE_101383_length_2217_cov_4.526440	1310	1443	37	8	133	0.0601504
NODE_101383_length_2217_cov_4.526440	1310	1443	38	11	133	0.0827068
NODE_101383_length_2217_cov_4.526440	1310	1443	39	3	133	0.0225564
NODE_101383_length_2217_cov_4.526440	1310	1443	40	2	133	0.0150376
NODE_101398_length_2217_cov_3.795090	2012	2145	7	7	133	0.0526316
NODE_101398_length_2217_cov_3.795090	2012	2145	8	7	133	0.0526316
NODE_101398_length_2217_cov_3.795090	2012	2145	9	7	133	0.0526316
NODE_101398_length_2217_cov_3.795090	2012	2145	10	6	133	0.0451128
NODE_101398_length_2217_cov_3.795090	2012	2145	11	18	133	0.1353384
NODE_101398_length_2217_cov_3.795090	2012	2145	12	36	133	0.2706767
NODE_101398_length_2217_cov_3.795090	2012	2145	13	14	133	0.1052632
NODE_101398_length_2217_cov_3.795090	2012	2145	14	6	133	0.0451128
NODE_101398_length_2217_cov_3.795090	2012	2145	15	32	133	0.2406015
NODE_101399_length_2217_cov_3.712937	749	882	20	4	133	0.0300752
NODE_101399_length_2217_cov_3.712937	749	882	21	5	133	0.0375940
NODE_101399_length_2217_cov_3.712937	749	882	22	1	133	0.0075188
NODE_101399_length_2217_cov_3.712937	749	882	23	4	133	0.0300752
NODE_101399_length_2217_cov_3.712937	749	882	24	18	133	0.1353384
NODE_101399_length_2217_cov_3.712937	749	882	25	41	133	0.3082707
NODE_101399_length_2217_cov_3.712937	749	882	26	33	133	0.2481203
NODE_101399_length_2217_cov_3.712937	749	882	27	7	133	0.0526316
NODE_101399_length_2217_cov_3.712937	749	882	28	20	133	0.1503759
NODE_101404_length_2217_cov_3.513692	397	530	0	133	133	1.0000000
NODE_10145_length_7368_cov_7.674233	4906	5039	0	133	133	1.0000000
NODE_101488_length_2215_cov_5.172023	930	1063	12	9	133	0.0676692
NODE_101488_length_2215_cov_5.172023	930	1063	13	12	133	0.0902256
NODE_101488_length_2215_cov_5.172023	930	1063	14	29	133	0.2180451
NODE_101488_length_2215_cov_5.172023	930	1063	15	5	133	0.0375940
NODE_101488_length_2215_cov_5.172023	930	1063	16	5	133	0.0375940
NODE_101488_length_2215_cov_5.172023	930	1063	17	7	133	0.0526316
NODE_101488_length_2215_cov_5.172023	930	1063	18	4	133	0.0300752
NODE_101488_length_2215_cov_5.172023	930	1063	19	25	133	0.1879699
NODE_101488_length_2215_cov_5.172023	930	1063	20	10	133	0.0751880
NODE_101488_length_2215_cov_5.172023	930	1063	21	27	133	0.2030075
NODE_101493_length_2215_cov_4.678639	1321	1454	5	27	133	0.2030075
NODE_101493_length_2215_cov_4.678639	1321	1454	6	29	133	0.2180451
NODE_101493_length_2215_cov_4.678639	1321	1454	7	7	133	0.0526316
NODE_101493_length_2215_cov_4.678639	1321	1454	8	19	133	0.1428571
NODE_101493_length_2215_cov_4.678639	1321	1454	9	15	133	0.1127820
NODE_101493_length_2215_cov_4.678639	1321	1454	10	10	133	0.0751880
NODE_101493_length_2215_cov_4.678639	1321	1454	11	6	133	0.0451128
NODE_101493_length_2215_cov_4.678639	1321	1454	12	14	133	0.1052632
NODE_101493_length_2215_cov_4.678639	1321	1454	13	6	133	0.0451128
NODE_10161_length_7365_cov_18.390449	3947	4080	6	56	133	0.4210526
NODE_10161_length_7365_cov_18.390449	3947	4080	7	14	133	0.1052632
NODE_10161_length_7365_cov_18.390449	3947	4080	9	1	133	0.0075188
NODE_10161_length_7365_cov_18.390449	3947	4080	10	4	133	0.0300752
NODE_10161_length_7365_cov_18.390449	3947	4080	11	39	133	0.2932331
NODE_10161_length_7365_cov_18.390449	3947	4080	12	19	133	0.1428571
NODE_101639_length_2213_cov_3.881741	595	728	3	6	133	0.0451128
NODE_101639_length_2213_cov_3.881741	595	728	4	40	133	0.3007519
NODE_101639_length_2213_cov_3.881741	595	728	5	31	133	0.2330827
NODE_101639_length_2213_cov_3.881741	595	728	6	18	133	0.1353384
NODE_101639_length_2213_cov_3.881741	595	728	7	38	133	0.2857143
NODE_101699_length_2212_cov_4.366304	1293	1426	2	69	133	0.5187970
NODE_101699_length_2212_cov_4.366304	1293	1426	3	64	133	0.4812030
NODE_10171_length_7362_cov_7.823214	3455	3588	28	3	133	0.0225564
NODE_10171_length_7362_cov_7.823214	3455	3588	29	15	133	0.1127820
NODE_10171_length_7362_cov_7.823214	3455	3588	30	10	133	0.0751880
NODE_10171_length_7362_cov_7.823214	3455	3588	33	2	133	0.0150376
NODE_10171_length_7362_cov_7.823214	3455	3588	34	6	133	0.0451128
NODE_10171_length_7362_cov_7.823214	3455	3588	35	5	133	0.0375940
NODE_10171_length_7362_cov_7.823214	3455	3588	36	5	133	0.0375940
NODE_10171_length_7362_cov_7.823214	3455	3588	37	4	133	0.0300752
NODE_10171_length_7362_cov_7.823214	3455	3588	39	6	133	0.0451128
NODE_10171_length_7362_cov_7.823214	3455	3588	40	1	133	0.0075188
NODE_10171_length_7362_cov_7.823214	3455	3588	41	2	133	0.0150376
NODE_10171_length_7362_cov_7.823214	3455	3588	42	2	133	0.0150376
NODE_10171_length_7362_cov_7.823214	3455	3588	44	6	133	0.0451128
NODE_10171_length_7362_cov_7.823214	3455	3588	45	5	133	0.0375940
NODE_10171_length_7362_cov_7.823214	3455	3588	46	3	133	0.0225564
NODE_10171_length_7362_cov_7.823214	3455	3588	47	3	133	0.0225564
NODE_10171_length_7362_cov_7.823214	3455	3588	48	2	133	0.0150376
NODE_10171_length_7362_cov_7.823214	3455	3588	49	16	133	0.1203008
NODE_10171_length_7362_cov_7.823214	3455	3588	50	22	133	0.1654135
NODE_10171_length_7362_cov_7.823214	3455	3588	51	13	133	0.0977444
NODE_10171_length_7362_cov_7.823214	3455	3588	52	2	133	0.0150376
NODE_10188_length_7356_cov_4.116577	6616	6749	6	27	133	0.2030075
NODE_10188_length_7356_cov_4.116577	6616	6749	7	64	133	0.4812030
NODE_10188_length_7356_cov_4.116577	6616	6749	8	42	133	0.3157895
NODE_101974_length_2208_cov_3.437648	1544	1677	5	12	133	0.0902256
NODE_101974_length_2208_cov_3.437648	1544	1677	6	35	133	0.2631579
NODE_101974_length_2208_cov_3.437648	1544	1677	7	14	133	0.1052632
NODE_101974_length_2208_cov_3.437648	1544	1677	8	1	133	0.0075188
NODE_101974_length_2208_cov_3.437648	1544	1677	9	27	133	0.2030075
NODE_101974_length_2208_cov_3.437648	1544	1677	10	1	133	0.0075188
NODE_101974_length_2208_cov_3.437648	1544	1677	11	6	133	0.0451128
NODE_101974_length_2208_cov_3.437648	1544	1677	12	14	133	0.1052632
NODE_101974_length_2208_cov_3.437648	1544	1677	13	9	133	0.0676692
NODE_101974_length_2208_cov_3.437648	1544	1677	14	10	133	0.0751880
NODE_101974_length_2208_cov_3.437648	1544	1677	15	4	133	0.0300752
NODE_101986_length_2208_cov_2.937411	743	876	15	2	133	0.0150376
NODE_101986_length_2208_cov_2.937411	743	876	16	19	133	0.1428571
NODE_101986_length_2208_cov_2.937411	743	876	17	16	133	0.1203008
NODE_101986_length_2208_cov_2.937411	743	876	18	23	133	0.1729323
NODE_101986_length_2208_cov_2.937411	743	876	19	25	133	0.1879699
NODE_101986_length_2208_cov_2.937411	743	876	20	4	133	0.0300752
NODE_101986_length_2208_cov_2.937411	743	876	21	27	133	0.2030075
NODE_101986_length_2208_cov_2.937411	743	876	22	17	133	0.1278196
NODE_101997_length_2207_cov_6.959677	178	311	1	11	133	0.0827068
NODE_101997_length_2207_cov_6.959677	178	311	2	2	133	0.0150376
NODE_101997_length_2207_cov_6.959677	178	311	3	104	133	0.7819549
NODE_101997_length_2207_cov_6.959677	178	311	5	16	133	0.1203008
NODE_102003_length_2207_cov_5.251423	1112	1245	4	21	133	0.1578947
NODE_102003_length_2207_cov_5.251423	1112	1245	5	9	133	0.0676692
NODE_102003_length_2207_cov_5.251423	1112	1245	6	79	133	0.5939850
NODE_102003_length_2207_cov_5.251423	1112	1245	7	22	133	0.1654135
NODE_102003_length_2207_cov_5.251423	1112	1245	8	2	133	0.0150376
NODE_102058_length_2207_cov_2.581120	802	935	9	2	133	0.0150376
NODE_102058_length_2207_cov_2.581120	802	935	10	5	133	0.0375940
NODE_102058_length_2207_cov_2.581120	802	935	11	9	133	0.0676692
NODE_102058_length_2207_cov_2.581120	802	935	12	9	133	0.0676692
NODE_102058_length_2207_cov_2.581120	802	935	13	4	133	0.0300752
NODE_102058_length_2207_cov_2.581120	802	935	14	4	133	0.0300752
NODE_102058_length_2207_cov_2.581120	802	935	16	18	133	0.1353384
NODE_102058_length_2207_cov_2.581120	802	935	17	16	133	0.1203008
NODE_102058_length_2207_cov_2.581120	802	935	18	39	133	0.2932331
NODE_102058_length_2207_cov_2.581120	802	935	19	27	133	0.2030075
NODE_102117_length_2206_cov_2.912197	906	1039	6	20	133	0.1503759
NODE_102117_length_2206_cov_2.912197	906	1039	8	20	133	0.1503759
NODE_102117_length_2206_cov_2.912197	906	1039	9	2	133	0.0150376
NODE_102117_length_2206_cov_2.912197	906	1039	10	2	133	0.0150376
NODE_102117_length_2206_cov_2.912197	906	1039	11	3	133	0.0225564
NODE_102117_length_2206_cov_2.912197	906	1039	12	4	133	0.0300752
NODE_102117_length_2206_cov_2.912197	906	1039	13	18	133	0.1353384
NODE_102117_length_2206_cov_2.912197	906	1039	14	14	133	0.1052632
NODE_102117_length_2206_cov_2.912197	906	1039	15	2	133	0.0150376
NODE_102117_length_2206_cov_2.912197	906	1039	16	10	133	0.0751880
NODE_102117_length_2206_cov_2.912197	906	1039	17	27	133	0.2030075
NODE_102117_length_2206_cov_2.912197	906	1039	19	11	133	0.0827068
NODE_10214_length_7351_cov_3.608522	2422	2555	25	2	133	0.0150376
NODE_10214_length_7351_cov_3.608522	2422	2555	26	5	133	0.0375940
NODE_10214_length_7351_cov_3.608522	2422	2555	27	3	133	0.0225564
NODE_10214_length_7351_cov_3.608522	2422	2555	28	11	133	0.0827068
NODE_10214_length_7351_cov_3.608522	2422	2555	30	6	133	0.0451128
NODE_10214_length_7351_cov_3.608522	2422	2555	31	2	133	0.0150376
NODE_10214_length_7351_cov_3.608522	2422	2555	33	4	133	0.0300752
NODE_10214_length_7351_cov_3.608522	2422	2555	36	5	133	0.0375940
NODE_10214_length_7351_cov_3.608522	2422	2555	38	15	133	0.1127820
NODE_10214_length_7351_cov_3.608522	2422	2555	39	20	133	0.1503759
NODE_10214_length_7351_cov_3.608522	2422	2555	40	8	133	0.0601504
NODE_10214_length_7351_cov_3.608522	2422	2555	41	10	133	0.0751880
NODE_10214_length_7351_cov_3.608522	2422	2555	42	1	133	0.0075188
NODE_10214_length_7351_cov_3.608522	2422	2555	43	2	133	0.0150376
NODE_10214_length_7351_cov_3.608522	2422	2555	44	7	133	0.0526316
NODE_10214_length_7351_cov_3.608522	2422	2555	45	4	133	0.0300752
NODE_10214_length_7351_cov_3.608522	2422	2555	46	3	133	0.0225564
NODE_10214_length_7351_cov_3.608522	2422	2555	47	1	133	0.0075188
NODE_10214_length_7351_cov_3.608522	2422	2555	48	24	133	0.1804511
NODE_10219_length_7349_cov_4.337931	3700	3833	9	5	133	0.0375940
NODE_10219_length_7349_cov_4.337931	3700	3833	10	11	133	0.0827068
NODE_10219_length_7349_cov_4.337931	3700	3833	11	35	133	0.2631579
NODE_10219_length_7349_cov_4.337931	3700	3833	12	25	133	0.1879699
NODE_10219_length_7349_cov_4.337931	3700	3833	13	6	133	0.0451128
NODE_10219_length_7349_cov_4.337931	3700	3833	14	8	133	0.0601504
NODE_10219_length_7349_cov_4.337931	3700	3833	15	13	133	0.0977444
NODE_10219_length_7349_cov_4.337931	3700	3833	16	9	133	0.0676692
NODE_10219_length_7349_cov_4.337931	3700	3833	17	12	133	0.0902256
NODE_10219_length_7349_cov_4.337931	3700	3833	18	9	133	0.0676692
NODE_102221_length_2204_cov_3.436580	474	607	2	7	133	0.0526316
NODE_102221_length_2204_cov_3.436580	474	607	4	70	133	0.5263158
NODE_102221_length_2204_cov_3.436580	474	607	5	15	133	0.1127820
NODE_102221_length_2204_cov_3.436580	474	607	6	11	133	0.0827068
NODE_102221_length_2204_cov_3.436580	474	607	7	30	133	0.2255639
NODE_102247_length_2203_cov_5.132605	1337	1470	10	1	133	0.0075188
NODE_102247_length_2203_cov_5.132605	1337	1470	11	2	133	0.0150376
NODE_102247_length_2203_cov_5.132605	1337	1470	12	1	133	0.0075188
NODE_102247_length_2203_cov_5.132605	1337	1470	13	9	133	0.0676692
NODE_102247_length_2203_cov_5.132605	1337	1470	15	1	133	0.0075188
NODE_102247_length_2203_cov_5.132605	1337	1470	16	3	133	0.0225564
NODE_102247_length_2203_cov_5.132605	1337	1470	17	6	133	0.0451128
NODE_102247_length_2203_cov_5.132605	1337	1470	18	4	133	0.0300752
NODE_102247_length_2203_cov_5.132605	1337	1470	19	1	133	0.0075188
NODE_102247_length_2203_cov_5.132605	1337	1470	20	13	133	0.0977444
NODE_102247_length_2203_cov_5.132605	1337	1470	21	2	133	0.0150376
NODE_102247_length_2203_cov_5.132605	1337	1470	23	1	133	0.0075188
NODE_102247_length_2203_cov_5.132605	1337	1470	24	7	133	0.0526316
NODE_102247_length_2203_cov_5.132605	1337	1470	26	1	133	0.0075188
NODE_102247_length_2203_cov_5.132605	1337	1470	27	1	133	0.0075188
NODE_102247_length_2203_cov_5.132605	1337	1470	28	1	133	0.0075188
NODE_102247_length_2203_cov_5.132605	1337	1470	29	2	133	0.0150376
NODE_102247_length_2203_cov_5.132605	1337	1470	30	8	133	0.0601504
NODE_102247_length_2203_cov_5.132605	1337	1470	31	6	133	0.0451128
NODE_102247_length_2203_cov_5.132605	1337	1470	32	38	133	0.2857143
NODE_102247_length_2203_cov_5.132605	1337	1470	33	23	133	0.1729323
NODE_102247_length_2203_cov_5.132605	1337	1470	34	2	133	0.0150376
NODE_1023_length_14812_cov_4.246789	5929	6062	8	17	133	0.1278196
NODE_1023_length_14812_cov_4.246789	5929	6062	9	16	133	0.1203008
NODE_1023_length_14812_cov_4.246789	5929	6062	10	62	133	0.4661654
NODE_1023_length_14812_cov_4.246789	5929	6062	11	38	133	0.2857143
NODE_102404_length_2201_cov_4.505709	483	616	13	1	133	0.0075188
NODE_102404_length_2201_cov_4.505709	483	616	15	7	133	0.0526316
NODE_102404_length_2201_cov_4.505709	483	616	16	8	133	0.0601504
NODE_102404_length_2201_cov_4.505709	483	616	17	4	133	0.0300752
NODE_102404_length_2201_cov_4.505709	483	616	18	11	133	0.0827068
NODE_102404_length_2201_cov_4.505709	483	616	21	1	133	0.0075188
NODE_102404_length_2201_cov_4.505709	483	616	22	8	133	0.0601504
NODE_102404_length_2201_cov_4.505709	483	616	23	10	133	0.0751880
NODE_102404_length_2201_cov_4.505709	483	616	24	8	133	0.0601504
NODE_102404_length_2201_cov_4.505709	483	616	25	3	133	0.0225564
NODE_102404_length_2201_cov_4.505709	483	616	26	13	133	0.0977444
NODE_102404_length_2201_cov_4.505709	483	616	29	1	133	0.0075188
NODE_102404_length_2201_cov_4.505709	483	616	30	9	133	0.0676692
NODE_102404_length_2201_cov_4.505709	483	616	31	19	133	0.1428571
NODE_102404_length_2201_cov_4.505709	483	616	32	7	133	0.0526316
NODE_102404_length_2201_cov_4.505709	483	616	33	9	133	0.0676692
NODE_102404_length_2201_cov_4.505709	483	616	34	14	133	0.1052632
NODE_102536_length_2199_cov_5.140952	823	956	4	8	133	0.0601504
NODE_102536_length_2199_cov_5.140952	823	956	5	4	133	0.0300752
NODE_102536_length_2199_cov_5.140952	823	956	6	26	133	0.1954887
NODE_102536_length_2199_cov_5.140952	823	956	7	50	133	0.3759398
NODE_102536_length_2199_cov_5.140952	823	956	8	10	133	0.0751880
NODE_102536_length_2199_cov_5.140952	823	956	9	3	133	0.0225564
NODE_102536_length_2199_cov_5.140952	823	956	10	32	133	0.2406015
NODE_10268_length_7334_cov_3.410366	4715	4848	8	16	133	0.1203008
NODE_10268_length_7334_cov_3.410366	4715	4848	10	16	133	0.1203008
NODE_10268_length_7334_cov_3.410366	4715	4848	11	5	133	0.0375940
NODE_10268_length_7334_cov_3.410366	4715	4848	12	19	133	0.1428571
NODE_10268_length_7334_cov_3.410366	4715	4848	13	8	133	0.0601504
NODE_10268_length_7334_cov_3.410366	4715	4848	14	25	133	0.1879699
NODE_10268_length_7334_cov_3.410366	4715	4848	15	10	133	0.0751880
NODE_10268_length_7334_cov_3.410366	4715	4848	16	34	133	0.2556391
NODE_102704_length_2197_cov_3.499523	1354	1487	4	11	133	0.0827068
NODE_102704_length_2197_cov_3.499523	1354	1487	6	23	133	0.1729323
NODE_102704_length_2197_cov_3.499523	1354	1487	7	2	133	0.0150376
NODE_102704_length_2197_cov_3.499523	1354	1487	8	8	133	0.0601504
NODE_102704_length_2197_cov_3.499523	1354	1487	10	4	133	0.0300752
NODE_102704_length_2197_cov_3.499523	1354	1487	11	2	133	0.0150376
NODE_102704_length_2197_cov_3.499523	1354	1487	12	2	133	0.0150376
NODE_102704_length_2197_cov_3.499523	1354	1487	13	17	133	0.1278196
NODE_102704_length_2197_cov_3.499523	1354	1487	14	4	133	0.0300752
NODE_102704_length_2197_cov_3.499523	1354	1487	15	7	133	0.0526316
NODE_102704_length_2197_cov_3.499523	1354	1487	16	28	133	0.2105263
NODE_102704_length_2197_cov_3.499523	1354	1487	17	16	133	0.1203008
NODE_102704_length_2197_cov_3.499523	1354	1487	18	9	133	0.0676692
NODE_10273_length_7332_cov_4.834370	107	240	0	9	133	0.0676692
NODE_10273_length_7332_cov_4.834370	107	240	1	124	133	0.9323308
NODE_102741_length_2196_cov_5.087744	1272	1405	5	20	133	0.1503759
NODE_102741_length_2196_cov_5.087744	1272	1405	6	4	133	0.0300752
NODE_102741_length_2196_cov_5.087744	1272	1405	7	23	133	0.1729323
NODE_102741_length_2196_cov_5.087744	1272	1405	8	70	133	0.5263158
NODE_102741_length_2196_cov_5.087744	1272	1405	9	16	133	0.1203008
NODE_102838_length_2195_cov_3.610687	1052	1185	11	2	133	0.0150376
NODE_102838_length_2195_cov_3.610687	1052	1185	12	7	133	0.0526316
NODE_102838_length_2195_cov_3.610687	1052	1185	13	2	133	0.0150376
NODE_102838_length_2195_cov_3.610687	1052	1185	14	3	133	0.0225564
NODE_102838_length_2195_cov_3.610687	1052	1185	16	2	133	0.0150376
NODE_102838_length_2195_cov_3.610687	1052	1185	17	1	133	0.0075188
NODE_102838_length_2195_cov_3.610687	1052	1185	18	8	133	0.0601504
NODE_102838_length_2195_cov_3.610687	1052	1185	19	4	133	0.0300752
NODE_102838_length_2195_cov_3.610687	1052	1185	20	15	133	0.1127820
NODE_102838_length_2195_cov_3.610687	1052	1185	21	37	133	0.2781955
NODE_102838_length_2195_cov_3.610687	1052	1185	22	9	133	0.0676692
NODE_102838_length_2195_cov_3.610687	1052	1185	23	26	133	0.1954887
NODE_102838_length_2195_cov_3.610687	1052	1185	24	17	133	0.1278196
NODE_10289_length_7328_cov_5.095034	1052	1185	6	3	133	0.0225564
NODE_10289_length_7328_cov_5.095034	1052	1185	7	1	133	0.0075188
NODE_10289_length_7328_cov_5.095034	1052	1185	8	3	133	0.0225564
NODE_10289_length_7328_cov_5.095034	1052	1185	9	76	133	0.5714286
NODE_10289_length_7328_cov_5.095034	1052	1185	10	7	133	0.0526316
NODE_10289_length_7328_cov_5.095034	1052	1185	11	21	133	0.1578947
NODE_10289_length_7328_cov_5.095034	1052	1185	12	22	133	0.1654135
NODE_1028_length_14780_cov_4.683673	2465	2598	25	2	133	0.0150376
NODE_1028_length_14780_cov_4.683673	2465	2598	26	2	133	0.0150376
NODE_1028_length_14780_cov_4.683673	2465	2598	27	12	133	0.0902256
NODE_1028_length_14780_cov_4.683673	2465	2598	28	12	133	0.0902256
NODE_1028_length_14780_cov_4.683673	2465	2598	29	5	133	0.0375940
NODE_1028_length_14780_cov_4.683673	2465	2598	30	9	133	0.0676692
NODE_1028_length_14780_cov_4.683673	2465	2598	31	11	133	0.0827068
NODE_1028_length_14780_cov_4.683673	2465	2598	32	4	133	0.0300752
NODE_1028_length_14780_cov_4.683673	2465	2598	33	16	133	0.1203008
NODE_1028_length_14780_cov_4.683673	2465	2598	34	11	133	0.0827068
NODE_1028_length_14780_cov_4.683673	2465	2598	35	5	133	0.0375940
NODE_1028_length_14780_cov_4.683673	2465	2598	36	13	133	0.0977444
NODE_1028_length_14780_cov_4.683673	2465	2598	37	6	133	0.0451128
NODE_1028_length_14780_cov_4.683673	2465	2598	38	8	133	0.0601504
NODE_1028_length_14780_cov_4.683673	2465	2598	39	17	133	0.1278196
NODE_102902_length_2194_cov_3.908353	1421	1554	6	7	133	0.0526316
NODE_102902_length_2194_cov_3.908353	1421	1554	7	22	133	0.1654135
NODE_102902_length_2194_cov_3.908353	1421	1554	8	62	133	0.4661654
NODE_102902_length_2194_cov_3.908353	1421	1554	9	7	133	0.0526316
NODE_102902_length_2194_cov_3.908353	1421	1554	10	35	133	0.2631579
NODE_102928_length_2193_cov_5.667144	351	484	1	41	133	0.3082707
NODE_102928_length_2193_cov_5.667144	351	484	2	44	133	0.3308271
NODE_102928_length_2193_cov_5.667144	351	484	3	41	133	0.3082707
NODE_102928_length_2193_cov_5.667144	351	484	4	7	133	0.0526316
NODE_103116_length_2190_cov_4.079866	737	870	5	4	133	0.0300752
NODE_103116_length_2190_cov_4.079866	737	870	6	1	133	0.0075188
NODE_103116_length_2190_cov_4.079866	737	870	7	4	133	0.0300752
NODE_103116_length_2190_cov_4.079866	737	870	8	5	133	0.0375940
NODE_103116_length_2190_cov_4.079866	737	870	9	2	133	0.0150376
NODE_103116_length_2190_cov_4.079866	737	870	10	19	133	0.1428571
NODE_103116_length_2190_cov_4.079866	737	870	11	7	133	0.0526316
NODE_103116_length_2190_cov_4.079866	737	870	12	20	133	0.1503759
NODE_103116_length_2190_cov_4.079866	737	870	13	14	133	0.1052632
NODE_103116_length_2190_cov_4.079866	737	870	14	44	133	0.3308271
NODE_103116_length_2190_cov_4.079866	737	870	15	13	133	0.0977444
NODE_103131_length_2190_cov_3.617408	824	957	17	19	133	0.1428571
NODE_103131_length_2190_cov_3.617408	824	957	18	25	133	0.1879699
NODE_103131_length_2190_cov_3.617408	824	957	19	6	133	0.0451128
NODE_103131_length_2190_cov_3.617408	824	957	20	4	133	0.0300752
NODE_103131_length_2190_cov_3.617408	824	957	21	7	133	0.0526316
NODE_103131_length_2190_cov_3.617408	824	957	22	5	133	0.0375940
NODE_103131_length_2190_cov_3.617408	824	957	23	8	133	0.0601504
NODE_103131_length_2190_cov_3.617408	824	957	24	29	133	0.2180451
NODE_103131_length_2190_cov_3.617408	824	957	25	17	133	0.1278196
NODE_103131_length_2190_cov_3.617408	824	957	26	13	133	0.0977444
NODE_10317_length_7321_cov_4.030186	2668	2801	7	1	133	0.0075188
NODE_10317_length_7321_cov_4.030186	2668	2801	9	14	133	0.1052632
NODE_10317_length_7321_cov_4.030186	2668	2801	10	5	133	0.0375940
NODE_10317_length_7321_cov_4.030186	2668	2801	11	12	133	0.0902256
NODE_10317_length_7321_cov_4.030186	2668	2801	13	59	133	0.4436090
NODE_10317_length_7321_cov_4.030186	2668	2801	14	18	133	0.1353384
NODE_10317_length_7321_cov_4.030186	2668	2801	15	11	133	0.0827068
NODE_10317_length_7321_cov_4.030186	2668	2801	16	5	133	0.0375940
NODE_10317_length_7321_cov_4.030186	2668	2801	17	8	133	0.0601504
NODE_103191_length_2189_cov_3.890909	1245	1378	8	4	133	0.0300752
NODE_103191_length_2189_cov_3.890909	1245	1378	10	26	133	0.1954887
NODE_103191_length_2189_cov_3.890909	1245	1378	11	14	133	0.1052632
NODE_103191_length_2189_cov_3.890909	1245	1378	12	30	133	0.2255639
NODE_103191_length_2189_cov_3.890909	1245	1378	13	1	133	0.0075188
NODE_103191_length_2189_cov_3.890909	1245	1378	14	40	133	0.3007519
NODE_103191_length_2189_cov_3.890909	1245	1378	15	18	133	0.1353384
NODE_10321_length_7321_cov_3.836056	6490	6623	2	15	133	0.1127820
NODE_10321_length_7321_cov_3.836056	6490	6623	3	17	133	0.1278196
NODE_10321_length_7321_cov_3.836056	6490	6623	4	8	133	0.0601504
NODE_10321_length_7321_cov_3.836056	6490	6623	5	12	133	0.0902256
NODE_10321_length_7321_cov_3.836056	6490	6623	6	81	133	0.6090226
NODE_103242_length_2188_cov_5.194351	1302	1435	15	8	133	0.0601504
NODE_103242_length_2188_cov_5.194351	1302	1435	16	7	133	0.0526316
NODE_103242_length_2188_cov_5.194351	1302	1435	17	26	133	0.1954887
NODE_103242_length_2188_cov_5.194351	1302	1435	18	7	133	0.0526316
NODE_103242_length_2188_cov_5.194351	1302	1435	19	39	133	0.2932331
NODE_103242_length_2188_cov_5.194351	1302	1435	20	12	133	0.0902256
NODE_103242_length_2188_cov_5.194351	1302	1435	21	17	133	0.1278196
NODE_103242_length_2188_cov_5.194351	1302	1435	22	17	133	0.1278196
NODE_10324_length_7320_cov_4.928265	4946	5079	10	4	133	0.0300752
NODE_10324_length_7320_cov_4.928265	4946	5079	11	2	133	0.0150376
NODE_10324_length_7320_cov_4.928265	4946	5079	12	4	133	0.0300752
NODE_10324_length_7320_cov_4.928265	4946	5079	14	3	133	0.0225564
NODE_10324_length_7320_cov_4.928265	4946	5079	15	16	133	0.1203008
NODE_10324_length_7320_cov_4.928265	4946	5079	17	9	133	0.0676692
NODE_10324_length_7320_cov_4.928265	4946	5079	18	6	133	0.0451128
NODE_10324_length_7320_cov_4.928265	4946	5079	19	2	133	0.0150376
NODE_10324_length_7320_cov_4.928265	4946	5079	20	11	133	0.0827068
NODE_10324_length_7320_cov_4.928265	4946	5079	21	2	133	0.0150376
NODE_10324_length_7320_cov_4.928265	4946	5079	22	6	133	0.0451128
NODE_10324_length_7320_cov_4.928265	4946	5079	23	3	133	0.0225564
NODE_10324_length_7320_cov_4.928265	4946	5079	24	2	133	0.0150376
NODE_10324_length_7320_cov_4.928265	4946	5079	26	4	133	0.0300752
NODE_10324_length_7320_cov_4.928265	4946	5079	27	2	133	0.0150376
NODE_10324_length_7320_cov_4.928265	4946	5079	29	4	133	0.0300752
NODE_10324_length_7320_cov_4.928265	4946	5079	30	18	133	0.1353384
NODE_10324_length_7320_cov_4.928265	4946	5079	31	14	133	0.1052632
NODE_10324_length_7320_cov_4.928265	4946	5079	32	18	133	0.1353384
NODE_10324_length_7320_cov_4.928265	4946	5079	33	3	133	0.0225564
NODE_103251_length_2188_cov_4.868837	1666	1799	13	9	133	0.0676692
NODE_103251_length_2188_cov_4.868837	1666	1799	14	22	133	0.1654135
NODE_103251_length_2188_cov_4.868837	1666	1799	15	17	133	0.1278196
NODE_103251_length_2188_cov_4.868837	1666	1799	16	8	133	0.0601504
NODE_103251_length_2188_cov_4.868837	1666	1799	17	14	133	0.1052632
NODE_103251_length_2188_cov_4.868837	1666	1799	18	15	133	0.1127820
NODE_103251_length_2188_cov_4.868837	1666	1799	19	15	133	0.1127820
NODE_103251_length_2188_cov_4.868837	1666	1799	20	33	133	0.2481203
NODE_103274_length_2188_cov_3.691240	1299	1432	24	1	133	0.0075188
NODE_103274_length_2188_cov_3.691240	1299	1432	26	6	133	0.0451128
NODE_103274_length_2188_cov_3.691240	1299	1432	27	2	133	0.0150376
NODE_103274_length_2188_cov_3.691240	1299	1432	28	7	133	0.0526316
NODE_103274_length_2188_cov_3.691240	1299	1432	29	6	133	0.0451128
NODE_103274_length_2188_cov_3.691240	1299	1432	30	4	133	0.0300752
NODE_103274_length_2188_cov_3.691240	1299	1432	31	3	133	0.0225564
NODE_103274_length_2188_cov_3.691240	1299	1432	32	1	133	0.0075188
NODE_103274_length_2188_cov_3.691240	1299	1432	35	11	133	0.0827068
NODE_103274_length_2188_cov_3.691240	1299	1432	36	3	133	0.0225564
NODE_103274_length_2188_cov_3.691240	1299	1432	38	1	133	0.0075188
NODE_103274_length_2188_cov_3.691240	1299	1432	41	7	133	0.0526316
NODE_103274_length_2188_cov_3.691240	1299	1432	42	9	133	0.0676692
NODE_103274_length_2188_cov_3.691240	1299	1432	43	3	133	0.0225564
NODE_103274_length_2188_cov_3.691240	1299	1432	44	20	133	0.1503759
NODE_103274_length_2188_cov_3.691240	1299	1432	45	30	133	0.2255639
NODE_103274_length_2188_cov_3.691240	1299	1432	46	19	133	0.1428571
NODE_103295_length_2188_cov_2.876496	893	1026	8	22	133	0.1654135
NODE_103295_length_2188_cov_2.876496	893	1026	9	26	133	0.1954887
NODE_103295_length_2188_cov_2.876496	893	1026	10	71	133	0.5338346
NODE_103295_length_2188_cov_2.876496	893	1026	11	2	133	0.0150376
NODE_103295_length_2188_cov_2.876496	893	1026	12	9	133	0.0676692
NODE_103295_length_2188_cov_2.876496	893	1026	13	3	133	0.0225564
NODE_103364_length_2186_cov_5.436991	315	448	4	17	133	0.1278196
NODE_103364_length_2186_cov_5.436991	315	448	6	14	133	0.1052632
NODE_103364_length_2186_cov_5.436991	315	448	8	1	133	0.0075188
NODE_103364_length_2186_cov_5.436991	315	448	9	5	133	0.0375940
NODE_103364_length_2186_cov_5.436991	315	448	11	2	133	0.0150376
NODE_103364_length_2186_cov_5.436991	315	448	12	32	133	0.2406015
NODE_103364_length_2186_cov_5.436991	315	448	13	4	133	0.0300752
NODE_103364_length_2186_cov_5.436991	315	448	14	22	133	0.1654135
NODE_103364_length_2186_cov_5.436991	315	448	15	4	133	0.0300752
NODE_103364_length_2186_cov_5.436991	315	448	16	24	133	0.1804511
NODE_103364_length_2186_cov_5.436991	315	448	18	8	133	0.0601504
NODE_1033_length_14772_cov_4.247529	7530	7663	1	23	133	0.1729323
NODE_1033_length_14772_cov_4.247529	7530	7663	2	46	133	0.3458647
NODE_1033_length_14772_cov_4.247529	7530	7663	3	53	133	0.3984962
NODE_1033_length_14772_cov_4.247529	7530	7663	4	11	133	0.0827068
NODE_103412_length_2186_cov_3.167226	1190	1323	5	5	133	0.0375940
NODE_103412_length_2186_cov_3.167226	1190	1323	7	41	133	0.3082707
NODE_103412_length_2186_cov_3.167226	1190	1323	8	1	133	0.0075188
NODE_103412_length_2186_cov_3.167226	1190	1323	9	31	133	0.2330827
NODE_103412_length_2186_cov_3.167226	1190	1323	10	20	133	0.1503759
NODE_103412_length_2186_cov_3.167226	1190	1323	11	18	133	0.1353384
NODE_103412_length_2186_cov_3.167226	1190	1323	12	17	133	0.1278196
NODE_1034_length_14766_cov_4.577351	6931	7064	11	4	133	0.0300752
NODE_1034_length_14766_cov_4.577351	6931	7064	12	30	133	0.2255639
NODE_1034_length_14766_cov_4.577351	6931	7064	13	53	133	0.3984962
NODE_1034_length_14766_cov_4.577351	6931	7064	14	9	133	0.0676692
NODE_1034_length_14766_cov_4.577351	6931	7064	15	5	133	0.0375940
NODE_1034_length_14766_cov_4.577351	6931	7064	16	11	133	0.0827068
NODE_1034_length_14766_cov_4.577351	6931	7064	17	16	133	0.1203008
NODE_1034_length_14766_cov_4.577351	6931	7064	19	5	133	0.0375940
NODE_10354_length_7312_cov_4.215028	1235	1368	22	2	133	0.0150376
NODE_10354_length_7312_cov_4.215028	1235	1368	24	7	133	0.0526316
NODE_10354_length_7312_cov_4.215028	1235	1368	25	1	133	0.0075188
NODE_10354_length_7312_cov_4.215028	1235	1368	26	14	133	0.1052632
NODE_10354_length_7312_cov_4.215028	1235	1368	27	11	133	0.0827068
NODE_10354_length_7312_cov_4.215028	1235	1368	28	47	133	0.3533835
NODE_10354_length_7312_cov_4.215028	1235	1368	29	7	133	0.0526316
NODE_10354_length_7312_cov_4.215028	1235	1368	30	14	133	0.1052632
NODE_10354_length_7312_cov_4.215028	1235	1368	31	10	133	0.0751880
NODE_10354_length_7312_cov_4.215028	1235	1368	32	8	133	0.0601504
NODE_10354_length_7312_cov_4.215028	1235	1368	33	4	133	0.0300752
NODE_10354_length_7312_cov_4.215028	1235	1368	34	3	133	0.0225564
NODE_10354_length_7312_cov_4.215028	1235	1368	35	5	133	0.0375940
NODE_103669_length_2181_cov_11.507205	782	915	19	4	133	0.0300752
NODE_103669_length_2181_cov_11.507205	782	915	20	2	133	0.0150376
NODE_103669_length_2181_cov_11.507205	782	915	22	4	133	0.0300752
NODE_103669_length_2181_cov_11.507205	782	915	23	9	133	0.0676692
NODE_103669_length_2181_cov_11.507205	782	915	24	14	133	0.1052632
NODE_103669_length_2181_cov_11.507205	782	915	25	27	133	0.2030075
NODE_103669_length_2181_cov_11.507205	782	915	26	16	133	0.1203008
NODE_103669_length_2181_cov_11.507205	782	915	27	10	133	0.0751880
NODE_103669_length_2181_cov_11.507205	782	915	28	29	133	0.2180451
NODE_103669_length_2181_cov_11.507205	782	915	29	14	133	0.1052632
NODE_103669_length_2181_cov_11.507205	782	915	30	4	133	0.0300752
NODE_103692_length_2181_cov_3.988953	1046	1179	36	17	133	0.1278196
NODE_103692_length_2181_cov_3.988953	1046	1179	37	15	133	0.1127820
NODE_103692_length_2181_cov_3.988953	1046	1179	38	13	133	0.0977444
NODE_103692_length_2181_cov_3.988953	1046	1179	39	8	133	0.0601504
NODE_103692_length_2181_cov_3.988953	1046	1179	40	11	133	0.0827068
NODE_103692_length_2181_cov_3.988953	1046	1179	41	9	133	0.0676692
NODE_103692_length_2181_cov_3.988953	1046	1179	42	9	133	0.0676692
NODE_103692_length_2181_cov_3.988953	1046	1179	43	4	133	0.0300752
NODE_103692_length_2181_cov_3.988953	1046	1179	44	12	133	0.0902256
NODE_103692_length_2181_cov_3.988953	1046	1179	45	10	133	0.0751880
NODE_103692_length_2181_cov_3.988953	1046	1179	46	5	133	0.0375940
NODE_103692_length_2181_cov_3.988953	1046	1179	47	13	133	0.0977444
NODE_103692_length_2181_cov_3.988953	1046	1179	48	2	133	0.0150376
NODE_103692_length_2181_cov_3.988953	1046	1179	49	5	133	0.0375940
NODE_103722_length_2180_cov_5.521384	1959	2092	3	24	133	0.1804511
NODE_103722_length_2180_cov_5.521384	1959	2092	4	13	133	0.0977444
NODE_103722_length_2180_cov_5.521384	1959	2092	5	7	133	0.0526316
NODE_103722_length_2180_cov_5.521384	1959	2092	6	43	133	0.3233083
NODE_103722_length_2180_cov_5.521384	1959	2092	7	3	133	0.0225564
NODE_103722_length_2180_cov_5.521384	1959	2092	8	43	133	0.3233083
NODE_103758_length_2180_cov_3.890918	780	913	17	1	133	0.0075188
NODE_103758_length_2180_cov_3.890918	780	913	19	1	133	0.0075188
NODE_103758_length_2180_cov_3.890918	780	913	20	2	133	0.0150376
NODE_103758_length_2180_cov_3.890918	780	913	25	18	133	0.1353384
NODE_103758_length_2180_cov_3.890918	780	913	27	1	133	0.0075188
NODE_103758_length_2180_cov_3.890918	780	913	28	2	133	0.0150376
NODE_103758_length_2180_cov_3.890918	780	913	29	1	133	0.0075188
NODE_103758_length_2180_cov_3.890918	780	913	30	8	133	0.0601504
NODE_103758_length_2180_cov_3.890918	780	913	31	17	133	0.1278196
NODE_103758_length_2180_cov_3.890918	780	913	32	18	133	0.1353384
NODE_103758_length_2180_cov_3.890918	780	913	33	10	133	0.0751880
NODE_103758_length_2180_cov_3.890918	780	913	34	10	133	0.0751880
NODE_103758_length_2180_cov_3.890918	780	913	35	13	133	0.0977444
NODE_103758_length_2180_cov_3.890918	780	913	36	5	133	0.0375940
NODE_103758_length_2180_cov_3.890918	780	913	37	6	133	0.0451128
NODE_103758_length_2180_cov_3.890918	780	913	38	13	133	0.0977444
NODE_103758_length_2180_cov_3.890918	780	913	39	7	133	0.0526316
NODE_103943_length_2177_cov_3.901347	209	342	31	1	133	0.0075188
NODE_103943_length_2177_cov_3.901347	209	342	32	13	133	0.0977444
NODE_103943_length_2177_cov_3.901347	209	342	33	15	133	0.1127820
NODE_103943_length_2177_cov_3.901347	209	342	34	8	133	0.0601504
NODE_103943_length_2177_cov_3.901347	209	342	35	1	133	0.0075188
NODE_103943_length_2177_cov_3.901347	209	342	36	3	133	0.0225564
NODE_103943_length_2177_cov_3.901347	209	342	37	1	133	0.0075188
NODE_103943_length_2177_cov_3.901347	209	342	38	9	133	0.0676692
NODE_103943_length_2177_cov_3.901347	209	342	39	6	133	0.0451128
NODE_103943_length_2177_cov_3.901347	209	342	40	26	133	0.1954887
NODE_103943_length_2177_cov_3.901347	209	342	41	18	133	0.1353384
NODE_103943_length_2177_cov_3.901347	209	342	42	17	133	0.1278196
NODE_103943_length_2177_cov_3.901347	209	342	43	12	133	0.0902256
NODE_103943_length_2177_cov_3.901347	209	342	44	3	133	0.0225564
NODE_103_length_24284_cov_5.988464	9151	9284	5	6	133	0.0451128
NODE_103_length_24284_cov_5.988464	9151	9284	7	2	133	0.0150376
NODE_103_length_24284_cov_5.988464	9151	9284	8	8	133	0.0601504
NODE_103_length_24284_cov_5.988464	9151	9284	9	4	133	0.0300752
NODE_103_length_24284_cov_5.988464	9151	9284	10	18	133	0.1353384
NODE_103_length_24284_cov_5.988464	9151	9284	11	5	133	0.0375940
NODE_103_length_24284_cov_5.988464	9151	9284	12	20	133	0.1503759
NODE_103_length_24284_cov_5.988464	9151	9284	13	3	133	0.0225564
NODE_103_length_24284_cov_5.988464	9151	9284	14	2	133	0.0150376
NODE_103_length_24284_cov_5.988464	9151	9284	15	28	133	0.2105263
NODE_103_length_24284_cov_5.988464	9151	9284	16	25	133	0.1879699
NODE_103_length_24284_cov_5.988464	9151	9284	17	12	133	0.0902256
NODE_10405_length_7295_cov_7.575181	5244	5377	6	5	133	0.0375940
NODE_10405_length_7295_cov_7.575181	5244	5377	8	16	133	0.1203008
NODE_10405_length_7295_cov_7.575181	5244	5377	11	16	133	0.1203008
NODE_10405_length_7295_cov_7.575181	5244	5377	13	1	133	0.0075188
NODE_10405_length_7295_cov_7.575181	5244	5377	14	4	133	0.0300752
NODE_10405_length_7295_cov_7.575181	5244	5377	16	11	133	0.0827068
NODE_10405_length_7295_cov_7.575181	5244	5377	17	2	133	0.0150376
NODE_10405_length_7295_cov_7.575181	5244	5377	18	18	133	0.1353384
NODE_10405_length_7295_cov_7.575181	5244	5377	19	16	133	0.1203008
NODE_10405_length_7295_cov_7.575181	5244	5377	20	28	133	0.2105263
NODE_10405_length_7295_cov_7.575181	5244	5377	21	16	133	0.1203008
NODE_104240_length_2172_cov_17.227689	356	489	11	16	133	0.1203008
NODE_104240_length_2172_cov_17.227689	356	489	12	51	133	0.3834586
NODE_104240_length_2172_cov_17.227689	356	489	13	60	133	0.4511278
NODE_104240_length_2172_cov_17.227689	356	489	14	6	133	0.0451128
NODE_104375_length_2170_cov_5.245292	114	247	7	19	133	0.1428571
NODE_104375_length_2170_cov_5.245292	114	247	8	14	133	0.1052632
NODE_104375_length_2170_cov_5.245292	114	247	9	6	133	0.0451128
NODE_104375_length_2170_cov_5.245292	114	247	10	25	133	0.1879699
NODE_104375_length_2170_cov_5.245292	114	247	11	11	133	0.0827068
NODE_104375_length_2170_cov_5.245292	114	247	12	20	133	0.1503759
NODE_104375_length_2170_cov_5.245292	114	247	13	38	133	0.2857143
NODE_10437_length_7287_cov_4.247078	3736	3869	8	4	133	0.0300752
NODE_10437_length_7287_cov_4.247078	3736	3869	9	5	133	0.0375940
NODE_10437_length_7287_cov_4.247078	3736	3869	10	26	133	0.1954887
NODE_10437_length_7287_cov_4.247078	3736	3869	11	2	133	0.0150376
NODE_10437_length_7287_cov_4.247078	3736	3869	12	10	133	0.0751880
NODE_10437_length_7287_cov_4.247078	3736	3869	14	2	133	0.0150376
NODE_10437_length_7287_cov_4.247078	3736	3869	15	14	133	0.1052632
NODE_10437_length_7287_cov_4.247078	3736	3869	16	11	133	0.0827068
NODE_10437_length_7287_cov_4.247078	3736	3869	17	59	133	0.4436090
NODE_104387_length_2170_cov_4.401738	1440	1573	5	54	133	0.4060150
NODE_104387_length_2170_cov_4.401738	1440	1573	6	45	133	0.3383459
NODE_104387_length_2170_cov_4.401738	1440	1573	7	13	133	0.0977444
NODE_104387_length_2170_cov_4.401738	1440	1573	8	21	133	0.1578947
NODE_10438_length_7286_cov_31.915125	2979	3112	34	2	133	0.0150376
NODE_10438_length_7286_cov_31.915125	2979	3112	35	6	133	0.0451128
NODE_10438_length_7286_cov_31.915125	2979	3112	36	6	133	0.0451128
NODE_10438_length_7286_cov_31.915125	2979	3112	37	8	133	0.0601504
NODE_10438_length_7286_cov_31.915125	2979	3112	38	3	133	0.0225564
NODE_10438_length_7286_cov_31.915125	2979	3112	39	5	133	0.0375940
NODE_10438_length_7286_cov_31.915125	2979	3112	41	1	133	0.0075188
NODE_10438_length_7286_cov_31.915125	2979	3112	44	2	133	0.0150376
NODE_10438_length_7286_cov_31.915125	2979	3112	45	4	133	0.0300752
NODE_10438_length_7286_cov_31.915125	2979	3112	46	1	133	0.0075188
NODE_10438_length_7286_cov_31.915125	2979	3112	47	4	133	0.0300752
NODE_10438_length_7286_cov_31.915125	2979	3112	49	6	133	0.0451128
NODE_10438_length_7286_cov_31.915125	2979	3112	51	2	133	0.0150376
NODE_10438_length_7286_cov_31.915125	2979	3112	53	2	133	0.0150376
NODE_10438_length_7286_cov_31.915125	2979	3112	57	3	133	0.0225564
NODE_10438_length_7286_cov_31.915125	2979	3112	58	2	133	0.0150376
NODE_10438_length_7286_cov_31.915125	2979	3112	59	10	133	0.0751880
NODE_10438_length_7286_cov_31.915125	2979	3112	60	9	133	0.0676692
NODE_10438_length_7286_cov_31.915125	2979	3112	61	8	133	0.0601504
NODE_10438_length_7286_cov_31.915125	2979	3112	63	6	133	0.0451128
NODE_10438_length_7286_cov_31.915125	2979	3112	64	5	133	0.0375940
NODE_10438_length_7286_cov_31.915125	2979	3112	65	3	133	0.0225564
NODE_10438_length_7286_cov_31.915125	2979	3112	66	18	133	0.1353384
NODE_10438_length_7286_cov_31.915125	2979	3112	67	7	133	0.0526316
NODE_10438_length_7286_cov_31.915125	2979	3112	68	7	133	0.0526316
NODE_10438_length_7286_cov_31.915125	2979	3112	69	2	133	0.0150376
NODE_10438_length_7286_cov_31.915125	2979	3112	70	1	133	0.0075188
NODE_10452_length_7283_cov_10.527700	1441	1574	4	52	133	0.3909774
NODE_10452_length_7283_cov_10.527700	1441	1574	5	8	133	0.0601504
NODE_10452_length_7283_cov_10.527700	1441	1574	7	1	133	0.0075188
NODE_10452_length_7283_cov_10.527700	1441	1574	8	30	133	0.2255639
NODE_10452_length_7283_cov_10.527700	1441	1574	9	8	133	0.0601504
NODE_10452_length_7283_cov_10.527700	1441	1574	10	33	133	0.2481203
NODE_10452_length_7283_cov_10.527700	1441	1574	12	1	133	0.0075188
NODE_104722_length_2166_cov_2.531205	264	397	0	9	133	0.0676692
NODE_104722_length_2166_cov_2.531205	264	397	1	4	133	0.0300752
NODE_104722_length_2166_cov_2.531205	264	397	2	18	133	0.1353384
NODE_104722_length_2166_cov_2.531205	264	397	3	102	133	0.7669173
NODE_104756_length_2165_cov_4.137948	1718	1851	7	11	133	0.0827068
NODE_104756_length_2165_cov_4.137948	1718	1851	8	9	133	0.0676692
NODE_104756_length_2165_cov_4.137948	1718	1851	9	24	133	0.1804511
NODE_104756_length_2165_cov_4.137948	1718	1851	10	20	133	0.1503759
NODE_104756_length_2165_cov_4.137948	1718	1851	11	7	133	0.0526316
NODE_104756_length_2165_cov_4.137948	1718	1851	12	62	133	0.4661654
NODE_104760_length_2165_cov_3.997096	508	641	26	6	133	0.0451128
NODE_104760_length_2165_cov_3.997096	508	641	27	16	133	0.1203008
NODE_104760_length_2165_cov_3.997096	508	641	28	19	133	0.1428571
NODE_104760_length_2165_cov_3.997096	508	641	29	32	133	0.2406015
NODE_104760_length_2165_cov_3.997096	508	641	30	22	133	0.1654135
NODE_104760_length_2165_cov_3.997096	508	641	31	14	133	0.1052632
NODE_104760_length_2165_cov_3.997096	508	641	32	19	133	0.1428571
NODE_104760_length_2165_cov_3.997096	508	641	33	5	133	0.0375940
NODE_10481_length_7276_cov_4.494218	2151	2284	13	8	133	0.0601504
NODE_10481_length_7276_cov_4.494218	2151	2284	14	3	133	0.0225564
NODE_10481_length_7276_cov_4.494218	2151	2284	16	45	133	0.3383459
NODE_10481_length_7276_cov_4.494218	2151	2284	17	12	133	0.0902256
NODE_10481_length_7276_cov_4.494218	2151	2284	18	3	133	0.0225564
NODE_10481_length_7276_cov_4.494218	2151	2284	19	3	133	0.0225564
NODE_10481_length_7276_cov_4.494218	2151	2284	20	11	133	0.0827068
NODE_10481_length_7276_cov_4.494218	2151	2284	22	6	133	0.0451128
NODE_10481_length_7276_cov_4.494218	2151	2284	23	1	133	0.0075188
NODE_10481_length_7276_cov_4.494218	2151	2284	24	20	133	0.1503759
NODE_10481_length_7276_cov_4.494218	2151	2284	25	9	133	0.0676692
NODE_10481_length_7276_cov_4.494218	2151	2284	26	10	133	0.0751880
NODE_10481_length_7276_cov_4.494218	2151	2284	27	2	133	0.0150376
NODE_104837_length_2164_cov_4.138499	1052	1185	14	14	133	0.1052632
NODE_104837_length_2164_cov_4.138499	1052	1185	15	3	133	0.0225564
NODE_104837_length_2164_cov_4.138499	1052	1185	22	13	133	0.0977444
NODE_104837_length_2164_cov_4.138499	1052	1185	23	6	133	0.0451128
NODE_104837_length_2164_cov_4.138499	1052	1185	24	1	133	0.0075188
NODE_104837_length_2164_cov_4.138499	1052	1185	25	8	133	0.0601504
NODE_104837_length_2164_cov_4.138499	1052	1185	26	6	133	0.0451128
NODE_104837_length_2164_cov_4.138499	1052	1185	28	10	133	0.0751880
NODE_104837_length_2164_cov_4.138499	1052	1185	29	8	133	0.0601504
NODE_104837_length_2164_cov_4.138499	1052	1185	30	10	133	0.0751880
NODE_104837_length_2164_cov_4.138499	1052	1185	31	5	133	0.0375940
NODE_104837_length_2164_cov_4.138499	1052	1185	32	3	133	0.0225564
NODE_104837_length_2164_cov_4.138499	1052	1185	33	6	133	0.0451128
NODE_104837_length_2164_cov_4.138499	1052	1185	34	23	133	0.1729323
NODE_104837_length_2164_cov_4.138499	1052	1185	35	10	133	0.0751880
NODE_104837_length_2164_cov_4.138499	1052	1185	36	7	133	0.0526316
NODE_10491_length_7273_cov_3.161834	4143	4276	15	12	133	0.0902256
NODE_10491_length_7273_cov_3.161834	4143	4276	16	4	133	0.0300752
NODE_10491_length_7273_cov_3.161834	4143	4276	17	5	133	0.0375940
NODE_10491_length_7273_cov_3.161834	4143	4276	19	2	133	0.0150376
NODE_10491_length_7273_cov_3.161834	4143	4276	20	4	133	0.0300752
NODE_10491_length_7273_cov_3.161834	4143	4276	22	3	133	0.0225564
NODE_10491_length_7273_cov_3.161834	4143	4276	24	3	133	0.0225564
NODE_10491_length_7273_cov_3.161834	4143	4276	25	3	133	0.0225564
NODE_10491_length_7273_cov_3.161834	4143	4276	27	7	133	0.0526316
NODE_10491_length_7273_cov_3.161834	4143	4276	28	24	133	0.1804511
NODE_10491_length_7273_cov_3.161834	4143	4276	29	12	133	0.0902256
NODE_10491_length_7273_cov_3.161834	4143	4276	30	18	133	0.1353384
NODE_10491_length_7273_cov_3.161834	4143	4276	31	24	133	0.1804511
NODE_10491_length_7273_cov_3.161834	4143	4276	32	5	133	0.0375940
NODE_10491_length_7273_cov_3.161834	4143	4276	33	7	133	0.0526316
NODE_104921_length_2163_cov_3.101260	434	567	7	2	133	0.0150376
NODE_104921_length_2163_cov_3.101260	434	567	8	2	133	0.0150376
NODE_104921_length_2163_cov_3.101260	434	567	9	28	133	0.2105263
NODE_104921_length_2163_cov_3.101260	434	567	10	22	133	0.1654135
NODE_104921_length_2163_cov_3.101260	434	567	11	2	133	0.0150376
NODE_104921_length_2163_cov_3.101260	434	567	12	12	133	0.0902256
NODE_104921_length_2163_cov_3.101260	434	567	13	10	133	0.0751880
NODE_104921_length_2163_cov_3.101260	434	567	14	12	133	0.0902256
NODE_104921_length_2163_cov_3.101260	434	567	15	43	133	0.3233083
NODE_10495_length_7272_cov_3.741252	4402	4535	11	4	133	0.0300752
NODE_10495_length_7272_cov_3.741252	4402	4535	12	7	133	0.0526316
NODE_10495_length_7272_cov_3.741252	4402	4535	13	29	133	0.2180451
NODE_10495_length_7272_cov_3.741252	4402	4535	14	8	133	0.0601504
NODE_10495_length_7272_cov_3.741252	4402	4535	15	8	133	0.0601504
NODE_10495_length_7272_cov_3.741252	4402	4535	16	5	133	0.0375940
NODE_10495_length_7272_cov_3.741252	4402	4535	17	16	133	0.1203008
NODE_10495_length_7272_cov_3.741252	4402	4535	18	47	133	0.3533835
NODE_10495_length_7272_cov_3.741252	4402	4535	19	5	133	0.0375940
NODE_10495_length_7272_cov_3.741252	4402	4535	20	4	133	0.0300752
NODE_104981_length_2162_cov_2.961222	256	389	3	4	133	0.0300752
NODE_104981_length_2162_cov_2.961222	256	389	4	12	133	0.0902256
NODE_104981_length_2162_cov_2.961222	256	389	6	18	133	0.1353384
NODE_104981_length_2162_cov_2.961222	256	389	7	52	133	0.3909774
NODE_104981_length_2162_cov_2.961222	256	389	8	47	133	0.3533835
NODE_1049_length_14667_cov_3.771623	4342	4475	13	14	133	0.1052632
NODE_1049_length_14667_cov_3.771623	4342	4475	14	4	133	0.0300752
NODE_1049_length_14667_cov_3.771623	4342	4475	15	7	133	0.0526316
NODE_1049_length_14667_cov_3.771623	4342	4475	16	7	133	0.0526316
NODE_1049_length_14667_cov_3.771623	4342	4475	19	3	133	0.0225564
NODE_1049_length_14667_cov_3.771623	4342	4475	20	6	133	0.0451128
NODE_1049_length_14667_cov_3.771623	4342	4475	21	3	133	0.0225564
NODE_1049_length_14667_cov_3.771623	4342	4475	22	14	133	0.1052632
NODE_1049_length_14667_cov_3.771623	4342	4475	23	1	133	0.0075188
NODE_1049_length_14667_cov_3.771623	4342	4475	24	4	133	0.0300752
NODE_1049_length_14667_cov_3.771623	4342	4475	25	4	133	0.0300752
NODE_1049_length_14667_cov_3.771623	4342	4475	26	9	133	0.0676692
NODE_1049_length_14667_cov_3.771623	4342	4475	27	11	133	0.0827068
NODE_1049_length_14667_cov_3.771623	4342	4475	28	13	133	0.0977444
NODE_1049_length_14667_cov_3.771623	4342	4475	29	12	133	0.0902256
NODE_1049_length_14667_cov_3.771623	4342	4475	30	21	133	0.1578947
NODE_104_length_24192_cov_5.208567	23115	23248	4	5	133	0.0375940
NODE_104_length_24192_cov_5.208567	23115	23248	6	19	133	0.1428571
NODE_104_length_24192_cov_5.208567	23115	23248	7	2	133	0.0150376
NODE_104_length_24192_cov_5.208567	23115	23248	8	25	133	0.1879699
NODE_104_length_24192_cov_5.208567	23115	23248	10	42	133	0.3157895
NODE_104_length_24192_cov_5.208567	23115	23248	11	26	133	0.1954887
NODE_104_length_24192_cov_5.208567	23115	23248	12	14	133	0.1052632
NODE_10506_length_7269_cov_4.052999	3204	3337	0	33	133	0.2481203
NODE_10506_length_7269_cov_4.052999	3204	3337	1	12	133	0.0902256
NODE_10506_length_7269_cov_4.052999	3204	3337	2	44	133	0.3308271
NODE_10506_length_7269_cov_4.052999	3204	3337	3	44	133	0.3308271
NODE_105071_length_2160_cov_6.563319	1400	1533	2	4	133	0.0300752
NODE_105071_length_2160_cov_6.563319	1400	1533	5	2	133	0.0150376
NODE_105071_length_2160_cov_6.563319	1400	1533	6	12	133	0.0902256
NODE_105071_length_2160_cov_6.563319	1400	1533	7	13	133	0.0977444
NODE_105071_length_2160_cov_6.563319	1400	1533	8	18	133	0.1353384
NODE_105071_length_2160_cov_6.563319	1400	1533	9	3	133	0.0225564
NODE_105071_length_2160_cov_6.563319	1400	1533	10	47	133	0.3533835
NODE_105071_length_2160_cov_6.563319	1400	1533	11	34	133	0.2556391
NODE_10512_length_7268_cov_4.343842	3595	3728	15	6	133	0.0451128
NODE_10512_length_7268_cov_4.343842	3595	3728	18	11	133	0.0827068
NODE_10512_length_7268_cov_4.343842	3595	3728	20	8	133	0.0601504
NODE_10512_length_7268_cov_4.343842	3595	3728	21	10	133	0.0751880
NODE_10512_length_7268_cov_4.343842	3595	3728	22	5	133	0.0375940
NODE_10512_length_7268_cov_4.343842	3595	3728	23	4	133	0.0300752
NODE_10512_length_7268_cov_4.343842	3595	3728	24	11	133	0.0827068
NODE_10512_length_7268_cov_4.343842	3595	3728	25	11	133	0.0827068
NODE_10512_length_7268_cov_4.343842	3595	3728	26	3	133	0.0225564
NODE_10512_length_7268_cov_4.343842	3595	3728	27	11	133	0.0827068
NODE_10512_length_7268_cov_4.343842	3595	3728	28	14	133	0.1052632
NODE_10512_length_7268_cov_4.343842	3595	3728	29	2	133	0.0150376
NODE_10512_length_7268_cov_4.343842	3595	3728	31	16	133	0.1203008
NODE_10512_length_7268_cov_4.343842	3595	3728	32	21	133	0.1578947
NODE_105152_length_2159_cov_4.640777	252	385	5	7	133	0.0526316
NODE_105152_length_2159_cov_4.640777	252	385	6	3	133	0.0225564
NODE_105152_length_2159_cov_4.640777	252	385	7	16	133	0.1203008
NODE_105152_length_2159_cov_4.640777	252	385	8	3	133	0.0225564
NODE_105152_length_2159_cov_4.640777	252	385	9	9	133	0.0676692
NODE_105152_length_2159_cov_4.640777	252	385	10	66	133	0.4962406
NODE_105152_length_2159_cov_4.640777	252	385	11	29	133	0.2180451
NODE_10515_length_7267_cov_5.499442	6483	6616	6	9	133	0.0676692
NODE_10515_length_7267_cov_5.499442	6483	6616	8	17	133	0.1278196
NODE_10515_length_7267_cov_5.499442	6483	6616	9	2	133	0.0150376
NODE_10515_length_7267_cov_5.499442	6483	6616	10	4	133	0.0300752
NODE_10515_length_7267_cov_5.499442	6483	6616	11	6	133	0.0451128
NODE_10515_length_7267_cov_5.499442	6483	6616	13	2	133	0.0150376
NODE_10515_length_7267_cov_5.499442	6483	6616	14	45	133	0.3383459
NODE_10515_length_7267_cov_5.499442	6483	6616	15	15	133	0.1127820
NODE_10515_length_7267_cov_5.499442	6483	6616	16	27	133	0.2030075
NODE_10515_length_7267_cov_5.499442	6483	6616	17	6	133	0.0451128
NODE_105225_length_2158_cov_4.562409	484	617	4	13	133	0.0977444
NODE_105225_length_2158_cov_4.562409	484	617	6	22	133	0.1654135
NODE_105225_length_2158_cov_4.562409	484	617	7	67	133	0.5037594
NODE_105225_length_2158_cov_4.562409	484	617	8	12	133	0.0902256
NODE_105225_length_2158_cov_4.562409	484	617	9	13	133	0.0977444
NODE_105225_length_2158_cov_4.562409	484	617	10	6	133	0.0451128
NODE_105248_length_2158_cov_3.624089	1122	1255	1	1	133	0.0075188
NODE_105248_length_2158_cov_3.624089	1122	1255	2	46	133	0.3458647
NODE_105248_length_2158_cov_3.624089	1122	1255	3	30	133	0.2255639
NODE_105248_length_2158_cov_3.624089	1122	1255	4	56	133	0.4210526
NODE_105397_length_2156_cov_3.442392	1408	1541	14	1	133	0.0075188
NODE_105397_length_2156_cov_3.442392	1408	1541	16	1	133	0.0075188
NODE_105397_length_2156_cov_3.442392	1408	1541	18	20	133	0.1503759
NODE_105397_length_2156_cov_3.442392	1408	1541	19	12	133	0.0902256
NODE_105397_length_2156_cov_3.442392	1408	1541	20	1	133	0.0075188
NODE_105397_length_2156_cov_3.442392	1408	1541	21	7	133	0.0526316
NODE_105397_length_2156_cov_3.442392	1408	1541	22	20	133	0.1503759
NODE_105397_length_2156_cov_3.442392	1408	1541	23	4	133	0.0300752
NODE_105397_length_2156_cov_3.442392	1408	1541	24	2	133	0.0150376
NODE_105397_length_2156_cov_3.442392	1408	1541	25	2	133	0.0150376
NODE_105397_length_2156_cov_3.442392	1408	1541	26	32	133	0.2406015
NODE_105397_length_2156_cov_3.442392	1408	1541	27	9	133	0.0676692
NODE_105397_length_2156_cov_3.442392	1408	1541	28	6	133	0.0451128
NODE_105397_length_2156_cov_3.442392	1408	1541	29	14	133	0.1052632
NODE_105397_length_2156_cov_3.442392	1408	1541	30	2	133	0.0150376
NODE_105443_length_2155_cov_4.106518	917	1050	10	8	133	0.0601504
NODE_105443_length_2155_cov_4.106518	917	1050	11	24	133	0.1804511
NODE_105443_length_2155_cov_4.106518	917	1050	12	66	133	0.4962406
NODE_105443_length_2155_cov_4.106518	917	1050	13	12	133	0.0902256
NODE_105443_length_2155_cov_4.106518	917	1050	14	23	133	0.1729323
NODE_10557_length_7257_cov_5.099749	1663	1796	2	63	133	0.4736842
NODE_10557_length_7257_cov_5.099749	1663	1796	5	11	133	0.0827068
NODE_10557_length_7257_cov_5.099749	1663	1796	6	19	133	0.1428571
NODE_10557_length_7257_cov_5.099749	1663	1796	7	40	133	0.3007519
NODE_105634_length_2152_cov_4.333658	876	1009	2	12	133	0.0902256
NODE_105634_length_2152_cov_4.333658	876	1009	3	19	133	0.1428571
NODE_105634_length_2152_cov_4.333658	876	1009	4	56	133	0.4210526
NODE_105634_length_2152_cov_4.333658	876	1009	5	46	133	0.3458647
NODE_1056_length_14639_cov_3.918363	13400	13533	4	18	133	0.1353384
NODE_1056_length_14639_cov_3.918363	13400	13533	5	11	133	0.0827068
NODE_1056_length_14639_cov_3.918363	13400	13533	6	17	133	0.1278196
NODE_1056_length_14639_cov_3.918363	13400	13533	7	65	133	0.4887218
NODE_1056_length_14639_cov_3.918363	13400	13533	8	22	133	0.1654135
NODE_105736_length_2151_cov_3.154971	1912	2045	11	3	133	0.0225564
NODE_105736_length_2151_cov_3.154971	1912	2045	12	16	133	0.1203008
NODE_105736_length_2151_cov_3.154971	1912	2045	13	2	133	0.0150376
NODE_105736_length_2151_cov_3.154971	1912	2045	14	1	133	0.0075188
NODE_105736_length_2151_cov_3.154971	1912	2045	15	1	133	0.0075188
NODE_105736_length_2151_cov_3.154971	1912	2045	16	6	133	0.0451128
NODE_105736_length_2151_cov_3.154971	1912	2045	17	4	133	0.0300752
NODE_105736_length_2151_cov_3.154971	1912	2045	18	21	133	0.1578947
NODE_105736_length_2151_cov_3.154971	1912	2045	19	23	133	0.1729323
NODE_105736_length_2151_cov_3.154971	1912	2045	20	37	133	0.2781955
NODE_105736_length_2151_cov_3.154971	1912	2045	21	12	133	0.0902256
NODE_105736_length_2151_cov_3.154971	1912	2045	22	7	133	0.0526316
NODE_105747_length_2151_cov_2.730019	1021	1154	2	20	133	0.1503759
NODE_105747_length_2151_cov_2.730019	1021	1154	3	62	133	0.4661654
NODE_105747_length_2151_cov_2.730019	1021	1154	4	35	133	0.2631579
NODE_105747_length_2151_cov_2.730019	1021	1154	5	16	133	0.1203008
NODE_105787_length_2150_cov_3.730375	822	955	16	1	133	0.0075188
NODE_105787_length_2150_cov_3.730375	822	955	18	3	133	0.0225564
NODE_105787_length_2150_cov_3.730375	822	955	19	2	133	0.0150376
NODE_105787_length_2150_cov_3.730375	822	955	21	1	133	0.0075188
NODE_105787_length_2150_cov_3.730375	822	955	24	6	133	0.0451128
NODE_105787_length_2150_cov_3.730375	822	955	25	4	133	0.0300752
NODE_105787_length_2150_cov_3.730375	822	955	26	14	133	0.1052632
NODE_105787_length_2150_cov_3.730375	822	955	27	11	133	0.0827068
NODE_105787_length_2150_cov_3.730375	822	955	28	10	133	0.0751880
NODE_105787_length_2150_cov_3.730375	822	955	29	2	133	0.0150376
NODE_105787_length_2150_cov_3.730375	822	955	30	1	133	0.0075188
NODE_105787_length_2150_cov_3.730375	822	955	31	5	133	0.0375940
NODE_105787_length_2150_cov_3.730375	822	955	32	18	133	0.1353384
NODE_105787_length_2150_cov_3.730375	822	955	33	9	133	0.0676692
NODE_105787_length_2150_cov_3.730375	822	955	34	6	133	0.0451128
NODE_105787_length_2150_cov_3.730375	822	955	35	10	133	0.0751880
NODE_105787_length_2150_cov_3.730375	822	955	36	8	133	0.0601504
NODE_105787_length_2150_cov_3.730375	822	955	37	6	133	0.0451128
NODE_105787_length_2150_cov_3.730375	822	955	38	16	133	0.1203008
NODE_105871_length_2149_cov_2.471707	661	794	17	2	133	0.0150376
NODE_105871_length_2149_cov_2.471707	661	794	18	13	133	0.0977444
NODE_105871_length_2149_cov_2.471707	661	794	19	5	133	0.0375940
NODE_105871_length_2149_cov_2.471707	661	794	21	5	133	0.0375940
NODE_105871_length_2149_cov_2.471707	661	794	22	13	133	0.0977444
NODE_105871_length_2149_cov_2.471707	661	794	24	2	133	0.0150376
NODE_105871_length_2149_cov_2.471707	661	794	25	24	133	0.1804511
NODE_105871_length_2149_cov_2.471707	661	794	26	27	133	0.2030075
NODE_105871_length_2149_cov_2.471707	661	794	27	25	133	0.1879699
NODE_105871_length_2149_cov_2.471707	661	794	28	14	133	0.1052632
NODE_105871_length_2149_cov_2.471707	661	794	29	3	133	0.0225564
NODE_10593_length_7249_cov_4.753287	4217	4350	12	2	133	0.0150376
NODE_10593_length_7249_cov_4.753287	4217	4350	13	6	133	0.0451128
NODE_10593_length_7249_cov_4.753287	4217	4350	14	9	133	0.0676692
NODE_10593_length_7249_cov_4.753287	4217	4350	16	3	133	0.0225564
NODE_10593_length_7249_cov_4.753287	4217	4350	17	3	133	0.0225564
NODE_10593_length_7249_cov_4.753287	4217	4350	18	16	133	0.1203008
NODE_10593_length_7249_cov_4.753287	4217	4350	19	3	133	0.0225564
NODE_10593_length_7249_cov_4.753287	4217	4350	20	20	133	0.1503759
NODE_10593_length_7249_cov_4.753287	4217	4350	21	14	133	0.1052632
NODE_10593_length_7249_cov_4.753287	4217	4350	22	2	133	0.0150376
NODE_10593_length_7249_cov_4.753287	4217	4350	23	18	133	0.1353384
NODE_10593_length_7249_cov_4.753287	4217	4350	24	4	133	0.0300752
NODE_10593_length_7249_cov_4.753287	4217	4350	25	4	133	0.0300752
NODE_10593_length_7249_cov_4.753287	4217	4350	26	9	133	0.0676692
NODE_10593_length_7249_cov_4.753287	4217	4350	27	14	133	0.1052632
NODE_10593_length_7249_cov_4.753287	4217	4350	28	6	133	0.0451128
NODE_106052_length_2146_cov_3.380068	1096	1229	6	8	133	0.0601504
NODE_106052_length_2146_cov_3.380068	1096	1229	7	21	133	0.1578947
NODE_106052_length_2146_cov_3.380068	1096	1229	8	17	133	0.1278196
NODE_106052_length_2146_cov_3.380068	1096	1229	9	2	133	0.0150376
NODE_106052_length_2146_cov_3.380068	1096	1229	10	24	133	0.1804511
NODE_106052_length_2146_cov_3.380068	1096	1229	11	6	133	0.0451128
NODE_106052_length_2146_cov_3.380068	1096	1229	12	11	133	0.0827068
NODE_106052_length_2146_cov_3.380068	1096	1229	13	38	133	0.2857143
NODE_106052_length_2146_cov_3.380068	1096	1229	14	6	133	0.0451128
NODE_106096_length_2145_cov_4.781036	780	913	6	26	133	0.1954887
NODE_106096_length_2145_cov_4.781036	780	913	7	6	133	0.0451128
NODE_106096_length_2145_cov_4.781036	780	913	8	7	133	0.0526316
NODE_106096_length_2145_cov_4.781036	780	913	9	22	133	0.1654135
NODE_106096_length_2145_cov_4.781036	780	913	10	7	133	0.0526316
NODE_106096_length_2145_cov_4.781036	780	913	11	65	133	0.4887218
NODE_10609_length_7245_cov_3.579625	2625	2758	27	1	133	0.0075188
NODE_10609_length_7245_cov_3.579625	2625	2758	28	1	133	0.0075188
NODE_10609_length_7245_cov_3.579625	2625	2758	29	2	133	0.0150376
NODE_10609_length_7245_cov_3.579625	2625	2758	30	2	133	0.0150376
NODE_10609_length_7245_cov_3.579625	2625	2758	32	12	133	0.0902256
NODE_10609_length_7245_cov_3.579625	2625	2758	33	8	133	0.0601504
NODE_10609_length_7245_cov_3.579625	2625	2758	34	2	133	0.0150376
NODE_10609_length_7245_cov_3.579625	2625	2758	35	14	133	0.1052632
NODE_10609_length_7245_cov_3.579625	2625	2758	36	12	133	0.0902256
NODE_10609_length_7245_cov_3.579625	2625	2758	37	1	133	0.0075188
NODE_10609_length_7245_cov_3.579625	2625	2758	38	10	133	0.0751880
NODE_10609_length_7245_cov_3.579625	2625	2758	39	7	133	0.0526316
NODE_10609_length_7245_cov_3.579625	2625	2758	40	1	133	0.0075188
NODE_10609_length_7245_cov_3.579625	2625	2758	42	1	133	0.0075188
NODE_10609_length_7245_cov_3.579625	2625	2758	43	19	133	0.1428571
NODE_10609_length_7245_cov_3.579625	2625	2758	44	2	133	0.0150376
NODE_10609_length_7245_cov_3.579625	2625	2758	45	1	133	0.0075188
NODE_10609_length_7245_cov_3.579625	2625	2758	46	7	133	0.0526316
NODE_10609_length_7245_cov_3.579625	2625	2758	47	21	133	0.1578947
NODE_10609_length_7245_cov_3.579625	2625	2758	48	9	133	0.0676692
NODE_106101_length_2145_cov_4.697458	1431	1564	6	32	133	0.2406015
NODE_106101_length_2145_cov_4.697458	1431	1564	7	23	133	0.1729323
NODE_106101_length_2145_cov_4.697458	1431	1564	8	24	133	0.1804511
NODE_106101_length_2145_cov_4.697458	1431	1564	9	23	133	0.1729323
NODE_106101_length_2145_cov_4.697458	1431	1564	10	1	133	0.0075188
NODE_106101_length_2145_cov_4.697458	1431	1564	11	22	133	0.1654135
NODE_106101_length_2145_cov_4.697458	1431	1564	12	8	133	0.0601504
NODE_106106_length_2145_cov_4.581623	155	288	13	6	133	0.0451128
NODE_106106_length_2145_cov_4.581623	155	288	15	3	133	0.0225564
NODE_106106_length_2145_cov_4.581623	155	288	16	6	133	0.0451128
NODE_106106_length_2145_cov_4.581623	155	288	20	1	133	0.0075188
NODE_106106_length_2145_cov_4.581623	155	288	21	1	133	0.0075188
NODE_106106_length_2145_cov_4.581623	155	288	22	1	133	0.0075188
NODE_106106_length_2145_cov_4.581623	155	288	23	6	133	0.0451128
NODE_106106_length_2145_cov_4.581623	155	288	24	11	133	0.0827068
NODE_106106_length_2145_cov_4.581623	155	288	26	3	133	0.0225564
NODE_106106_length_2145_cov_4.581623	155	288	28	2	133	0.0150376
NODE_106106_length_2145_cov_4.581623	155	288	29	11	133	0.0827068
NODE_106106_length_2145_cov_4.581623	155	288	30	3	133	0.0225564
NODE_106106_length_2145_cov_4.581623	155	288	31	2	133	0.0150376
NODE_106106_length_2145_cov_4.581623	155	288	32	9	133	0.0676692
NODE_106106_length_2145_cov_4.581623	155	288	33	15	133	0.1127820
NODE_106106_length_2145_cov_4.581623	155	288	34	5	133	0.0375940
NODE_106106_length_2145_cov_4.581623	155	288	35	43	133	0.3233083
NODE_106106_length_2145_cov_4.581623	155	288	36	5	133	0.0375940
NODE_10611_length_7244_cov_5.231770	203	336	4	11	133	0.0827068
NODE_10611_length_7244_cov_5.231770	203	336	6	5	133	0.0375940
NODE_10611_length_7244_cov_5.231770	203	336	7	2	133	0.0150376
NODE_10611_length_7244_cov_5.231770	203	336	8	11	133	0.0827068
NODE_10611_length_7244_cov_5.231770	203	336	9	4	133	0.0300752
NODE_10611_length_7244_cov_5.231770	203	336	10	2	133	0.0150376
NODE_10611_length_7244_cov_5.231770	203	336	11	4	133	0.0300752
NODE_10611_length_7244_cov_5.231770	203	336	12	19	133	0.1428571
NODE_10611_length_7244_cov_5.231770	203	336	13	2	133	0.0150376
NODE_10611_length_7244_cov_5.231770	203	336	14	19	133	0.1428571
NODE_10611_length_7244_cov_5.231770	203	336	15	24	133	0.1804511
NODE_10611_length_7244_cov_5.231770	203	336	16	5	133	0.0375940
NODE_10611_length_7244_cov_5.231770	203	336	17	14	133	0.1052632
NODE_10611_length_7244_cov_5.231770	203	336	18	11	133	0.0827068
NODE_106138_length_2145_cov_3.009775	1602	1735	13	7	133	0.0526316
NODE_106138_length_2145_cov_3.009775	1602	1735	14	10	133	0.0751880
NODE_106138_length_2145_cov_3.009775	1602	1735	15	11	133	0.0827068
NODE_106138_length_2145_cov_3.009775	1602	1735	16	31	133	0.2330827
NODE_106138_length_2145_cov_3.009775	1602	1735	17	29	133	0.2180451
NODE_106138_length_2145_cov_3.009775	1602	1735	18	5	133	0.0375940
NODE_106138_length_2145_cov_3.009775	1602	1735	19	8	133	0.0601504
NODE_106138_length_2145_cov_3.009775	1602	1735	20	7	133	0.0526316
NODE_106138_length_2145_cov_3.009775	1602	1735	21	25	133	0.1879699
NODE_10619_length_7241_cov_5.668580	3172	3305	19	2	133	0.0150376
NODE_10619_length_7241_cov_5.668580	3172	3305	20	2	133	0.0150376
NODE_10619_length_7241_cov_5.668580	3172	3305	21	8	133	0.0601504
NODE_10619_length_7241_cov_5.668580	3172	3305	22	10	133	0.0751880
NODE_10619_length_7241_cov_5.668580	3172	3305	23	20	133	0.1503759
NODE_10619_length_7241_cov_5.668580	3172	3305	24	14	133	0.1052632
NODE_10619_length_7241_cov_5.668580	3172	3305	25	9	133	0.0676692
NODE_10619_length_7241_cov_5.668580	3172	3305	26	1	133	0.0075188
NODE_10619_length_7241_cov_5.668580	3172	3305	27	1	133	0.0075188
NODE_10619_length_7241_cov_5.668580	3172	3305	28	3	133	0.0225564
NODE_10619_length_7241_cov_5.668580	3172	3305	29	4	133	0.0300752
NODE_10619_length_7241_cov_5.668580	3172	3305	30	2	133	0.0150376
NODE_10619_length_7241_cov_5.668580	3172	3305	31	1	133	0.0075188
NODE_10619_length_7241_cov_5.668580	3172	3305	32	9	133	0.0676692
NODE_10619_length_7241_cov_5.668580	3172	3305	33	15	133	0.1127820
NODE_10619_length_7241_cov_5.668580	3172	3305	34	6	133	0.0451128
NODE_10619_length_7241_cov_5.668580	3172	3305	35	26	133	0.1954887
NODE_1061_length_14623_cov_5.012806	118	251	12	8	133	0.0601504
NODE_1061_length_14623_cov_5.012806	118	251	13	8	133	0.0601504
NODE_1061_length_14623_cov_5.012806	118	251	15	3	133	0.0225564
NODE_1061_length_14623_cov_5.012806	118	251	16	17	133	0.1278196
NODE_1061_length_14623_cov_5.012806	118	251	17	28	133	0.2105263
NODE_1061_length_14623_cov_5.012806	118	251	18	25	133	0.1879699
NODE_1061_length_14623_cov_5.012806	118	251	19	11	133	0.0827068
NODE_1061_length_14623_cov_5.012806	118	251	20	1	133	0.0075188
NODE_1061_length_14623_cov_5.012806	118	251	21	31	133	0.2330827
NODE_1061_length_14623_cov_5.012806	118	251	22	1	133	0.0075188
NODE_106246_length_2143_cov_4.096380	1197	1330	13	2	133	0.0150376
NODE_106246_length_2143_cov_4.096380	1197	1330	14	17	133	0.1278196
NODE_106246_length_2143_cov_4.096380	1197	1330	15	2	133	0.0150376
NODE_106246_length_2143_cov_4.096380	1197	1330	16	4	133	0.0300752
NODE_106246_length_2143_cov_4.096380	1197	1330	17	7	133	0.0526316
NODE_106246_length_2143_cov_4.096380	1197	1330	18	2	133	0.0150376
NODE_106246_length_2143_cov_4.096380	1197	1330	19	9	133	0.0676692
NODE_106246_length_2143_cov_4.096380	1197	1330	20	2	133	0.0150376
NODE_106246_length_2143_cov_4.096380	1197	1330	21	5	133	0.0375940
NODE_106246_length_2143_cov_4.096380	1197	1330	22	17	133	0.1278196
NODE_106246_length_2143_cov_4.096380	1197	1330	23	28	133	0.2105263
NODE_106246_length_2143_cov_4.096380	1197	1330	24	13	133	0.0977444
NODE_106246_length_2143_cov_4.096380	1197	1330	25	15	133	0.1127820
NODE_106246_length_2143_cov_4.096380	1197	1330	26	7	133	0.0526316
NODE_106246_length_2143_cov_4.096380	1197	1330	27	3	133	0.0225564
NODE_106283_length_2142_cov_5.107195	847	980	14	1	133	0.0075188
NODE_106283_length_2142_cov_5.107195	847	980	15	19	133	0.1428571
NODE_106283_length_2142_cov_5.107195	847	980	17	9	133	0.0676692
NODE_106283_length_2142_cov_5.107195	847	980	18	6	133	0.0451128
NODE_106283_length_2142_cov_5.107195	847	980	19	3	133	0.0225564
NODE_106283_length_2142_cov_5.107195	847	980	21	1	133	0.0075188
NODE_106283_length_2142_cov_5.107195	847	980	22	5	133	0.0375940
NODE_106283_length_2142_cov_5.107195	847	980	23	9	133	0.0676692
NODE_106283_length_2142_cov_5.107195	847	980	24	2	133	0.0150376
NODE_106283_length_2142_cov_5.107195	847	980	25	13	133	0.0977444
NODE_106283_length_2142_cov_5.107195	847	980	26	21	133	0.1578947
NODE_106283_length_2142_cov_5.107195	847	980	27	25	133	0.1879699
NODE_106283_length_2142_cov_5.107195	847	980	28	5	133	0.0375940
NODE_106283_length_2142_cov_5.107195	847	980	29	10	133	0.0751880
NODE_106283_length_2142_cov_5.107195	847	980	30	3	133	0.0225564
NODE_106283_length_2142_cov_5.107195	847	980	32	1	133	0.0075188
NODE_106352_length_2142_cov_2.732746	649	782	0	23	133	0.1729323
NODE_106352_length_2142_cov_2.732746	649	782	1	106	133	0.7969925
NODE_106352_length_2142_cov_2.732746	649	782	2	4	133	0.0300752
NODE_106431_length_2141_cov_2.767385	1720	1853	22	13	133	0.0977444
NODE_106431_length_2141_cov_2.767385	1720	1853	23	13	133	0.0977444
NODE_106431_length_2141_cov_2.767385	1720	1853	24	13	133	0.0977444
NODE_106431_length_2141_cov_2.767385	1720	1853	25	7	133	0.0526316
NODE_106431_length_2141_cov_2.767385	1720	1853	26	10	133	0.0751880
NODE_106431_length_2141_cov_2.767385	1720	1853	27	3	133	0.0225564
NODE_106431_length_2141_cov_2.767385	1720	1853	29	19	133	0.1428571
NODE_106431_length_2141_cov_2.767385	1720	1853	30	19	133	0.1428571
NODE_106431_length_2141_cov_2.767385	1720	1853	31	30	133	0.2255639
NODE_106431_length_2141_cov_2.767385	1720	1853	32	6	133	0.0451128
NODE_106504_length_2139_cov_4.944118	1532	1665	19	12	133	0.0902256
NODE_106504_length_2139_cov_4.944118	1532	1665	20	16	133	0.1203008
NODE_106504_length_2139_cov_4.944118	1532	1665	21	1	133	0.0075188
NODE_106504_length_2139_cov_4.944118	1532	1665	22	2	133	0.0150376
NODE_106504_length_2139_cov_4.944118	1532	1665	23	6	133	0.0451128
NODE_106504_length_2139_cov_4.944118	1532	1665	24	6	133	0.0451128
NODE_106504_length_2139_cov_4.944118	1532	1665	25	8	133	0.0601504
NODE_106504_length_2139_cov_4.944118	1532	1665	26	8	133	0.0601504
NODE_106504_length_2139_cov_4.944118	1532	1665	28	8	133	0.0601504
NODE_106504_length_2139_cov_4.944118	1532	1665	31	4	133	0.0300752
NODE_106504_length_2139_cov_4.944118	1532	1665	32	12	133	0.0902256
NODE_106504_length_2139_cov_4.944118	1532	1665	33	20	133	0.1503759
NODE_106504_length_2139_cov_4.944118	1532	1665	34	15	133	0.1127820
NODE_106504_length_2139_cov_4.944118	1532	1665	35	15	133	0.1127820
NODE_10667_length_7232_cov_5.544511	5009	5142	1	29	133	0.2180451
NODE_10667_length_7232_cov_5.544511	5009	5142	2	7	133	0.0526316
NODE_10667_length_7232_cov_5.544511	5009	5142	3	18	133	0.1353384
NODE_10667_length_7232_cov_5.544511	5009	5142	4	55	133	0.4135338
NODE_10667_length_7232_cov_5.544511	5009	5142	5	24	133	0.1804511
NODE_1066_length_14590_cov_5.031192	6719	6852	3	5	133	0.0375940
NODE_1066_length_14590_cov_5.031192	6719	6852	4	6	133	0.0451128
NODE_1066_length_14590_cov_5.031192	6719	6852	5	37	133	0.2781955
NODE_1066_length_14590_cov_5.031192	6719	6852	6	75	133	0.5639098
NODE_1066_length_14590_cov_5.031192	6719	6852	7	10	133	0.0751880
NODE_106732_length_2136_cov_3.951399	1667	1800	18	3	133	0.0225564
NODE_106732_length_2136_cov_3.951399	1667	1800	19	24	133	0.1804511
NODE_106732_length_2136_cov_3.951399	1667	1800	20	2	133	0.0150376
NODE_106732_length_2136_cov_3.951399	1667	1800	21	3	133	0.0225564
NODE_106732_length_2136_cov_3.951399	1667	1800	22	9	133	0.0676692
NODE_106732_length_2136_cov_3.951399	1667	1800	24	10	133	0.0751880
NODE_106732_length_2136_cov_3.951399	1667	1800	26	1	133	0.0075188
NODE_106732_length_2136_cov_3.951399	1667	1800	28	19	133	0.1428571
NODE_106732_length_2136_cov_3.951399	1667	1800	29	33	133	0.2481203
NODE_106732_length_2136_cov_3.951399	1667	1800	30	11	133	0.0827068
NODE_106732_length_2136_cov_3.951399	1667	1800	31	8	133	0.0601504
NODE_106732_length_2136_cov_3.951399	1667	1800	32	5	133	0.0375940
NODE_106732_length_2136_cov_3.951399	1667	1800	33	5	133	0.0375940
NODE_106750_length_2136_cov_3.265587	1401	1534	24	5	133	0.0375940
NODE_106750_length_2136_cov_3.265587	1401	1534	25	4	133	0.0300752
NODE_106750_length_2136_cov_3.265587	1401	1534	26	3	133	0.0225564
NODE_106750_length_2136_cov_3.265587	1401	1534	27	3	133	0.0225564
NODE_106750_length_2136_cov_3.265587	1401	1534	28	2	133	0.0150376
NODE_106750_length_2136_cov_3.265587	1401	1534	29	15	133	0.1127820
NODE_106750_length_2136_cov_3.265587	1401	1534	31	3	133	0.0225564
NODE_106750_length_2136_cov_3.265587	1401	1534	33	16	133	0.1203008
NODE_106750_length_2136_cov_3.265587	1401	1534	34	10	133	0.0751880
NODE_106750_length_2136_cov_3.265587	1401	1534	35	11	133	0.0827068
NODE_106750_length_2136_cov_3.265587	1401	1534	37	12	133	0.0902256
NODE_106750_length_2136_cov_3.265587	1401	1534	38	15	133	0.1127820
NODE_106750_length_2136_cov_3.265587	1401	1534	39	13	133	0.0977444
NODE_106750_length_2136_cov_3.265587	1401	1534	40	2	133	0.0150376
NODE_106750_length_2136_cov_3.265587	1401	1534	42	3	133	0.0225564
NODE_106750_length_2136_cov_3.265587	1401	1534	43	2	133	0.0150376
NODE_106750_length_2136_cov_3.265587	1401	1534	44	2	133	0.0150376
NODE_106750_length_2136_cov_3.265587	1401	1534	45	8	133	0.0601504
NODE_106750_length_2136_cov_3.265587	1401	1534	46	4	133	0.0300752
NODE_10676_length_7231_cov_3.919237	3478	3611	2	14	133	0.1052632
NODE_10676_length_7231_cov_3.919237	3478	3611	3	83	133	0.6240602
NODE_10676_length_7231_cov_3.919237	3478	3611	4	29	133	0.2180451
NODE_10676_length_7231_cov_3.919237	3478	3611	5	7	133	0.0526316
NODE_106858_length_2134_cov_4.228501	403	536	12	6	133	0.0451128
NODE_106858_length_2134_cov_4.228501	403	536	13	2	133	0.0150376
NODE_106858_length_2134_cov_4.228501	403	536	14	12	133	0.0902256
NODE_106858_length_2134_cov_4.228501	403	536	15	1	133	0.0075188
NODE_106858_length_2134_cov_4.228501	403	536	16	18	133	0.1353384
NODE_106858_length_2134_cov_4.228501	403	536	17	3	133	0.0225564
NODE_106858_length_2134_cov_4.228501	403	536	18	1	133	0.0075188
NODE_106858_length_2134_cov_4.228501	403	536	19	1	133	0.0075188
NODE_106858_length_2134_cov_4.228501	403	536	22	9	133	0.0676692
NODE_106858_length_2134_cov_4.228501	403	536	24	8	133	0.0601504
NODE_106858_length_2134_cov_4.228501	403	536	25	31	133	0.2330827
NODE_106858_length_2134_cov_4.228501	403	536	26	18	133	0.1353384
NODE_106858_length_2134_cov_4.228501	403	536	27	22	133	0.1654135
NODE_106858_length_2134_cov_4.228501	403	536	28	1	133	0.0075188
NODE_106861_length_2134_cov_4.058477	834	967	16	1	133	0.0075188
NODE_106861_length_2134_cov_4.058477	834	967	17	6	133	0.0451128
NODE_106861_length_2134_cov_4.058477	834	967	18	8	133	0.0601504
NODE_106861_length_2134_cov_4.058477	834	967	19	5	133	0.0375940
NODE_106861_length_2134_cov_4.058477	834	967	20	32	133	0.2406015
NODE_106861_length_2134_cov_4.058477	834	967	21	19	133	0.1428571
NODE_106861_length_2134_cov_4.058477	834	967	22	5	133	0.0375940
NODE_106861_length_2134_cov_4.058477	834	967	23	46	133	0.3458647
NODE_106861_length_2134_cov_4.058477	834	967	24	11	133	0.0827068
NODE_10687_length_7229_cov_3.899018	1321	1454	2	32	133	0.2406015
NODE_10687_length_7229_cov_3.899018	1321	1454	3	1	133	0.0075188
NODE_10687_length_7229_cov_3.899018	1321	1454	4	5	133	0.0375940
NODE_10687_length_7229_cov_3.899018	1321	1454	5	18	133	0.1353384
NODE_10687_length_7229_cov_3.899018	1321	1454	6	3	133	0.0225564
NODE_10687_length_7229_cov_3.899018	1321	1454	7	74	133	0.5563910
NODE_106894_length_2134_cov_2.960688	482	615	4	1	133	0.0075188
NODE_106894_length_2134_cov_2.960688	482	615	5	4	133	0.0300752
NODE_106894_length_2134_cov_2.960688	482	615	6	17	133	0.1278196
NODE_106894_length_2134_cov_2.960688	482	615	7	8	133	0.0601504
NODE_106894_length_2134_cov_2.960688	482	615	8	7	133	0.0526316
NODE_106894_length_2134_cov_2.960688	482	615	9	9	133	0.0676692
NODE_106894_length_2134_cov_2.960688	482	615	10	38	133	0.2857143
NODE_106894_length_2134_cov_2.960688	482	615	11	49	133	0.3684210
NODE_106925_length_2133_cov_4.353982	618	751	10	3	133	0.0225564
NODE_106925_length_2133_cov_4.353982	618	751	11	4	133	0.0300752
NODE_106925_length_2133_cov_4.353982	618	751	12	5	133	0.0375940
NODE_106925_length_2133_cov_4.353982	618	751	13	12	133	0.0902256
NODE_106925_length_2133_cov_4.353982	618	751	14	22	133	0.1654135
NODE_106925_length_2133_cov_4.353982	618	751	15	11	133	0.0827068
NODE_106925_length_2133_cov_4.353982	618	751	17	56	133	0.4210526
NODE_106925_length_2133_cov_4.353982	618	751	18	19	133	0.1428571
NODE_106925_length_2133_cov_4.353982	618	751	19	1	133	0.0075188
NODE_106967_length_2133_cov_2.729105	1732	1865	16	1	133	0.0075188
NODE_106967_length_2133_cov_2.729105	1732	1865	17	12	133	0.0902256
NODE_106967_length_2133_cov_2.729105	1732	1865	19	2	133	0.0150376
NODE_106967_length_2133_cov_2.729105	1732	1865	21	2	133	0.0150376
NODE_106967_length_2133_cov_2.729105	1732	1865	22	9	133	0.0676692
NODE_106967_length_2133_cov_2.729105	1732	1865	23	5	133	0.0375940
NODE_106967_length_2133_cov_2.729105	1732	1865	25	1	133	0.0075188
NODE_106967_length_2133_cov_2.729105	1732	1865	26	2	133	0.0150376
NODE_106967_length_2133_cov_2.729105	1732	1865	27	5	133	0.0375940
NODE_106967_length_2133_cov_2.729105	1732	1865	28	1	133	0.0075188
NODE_106967_length_2133_cov_2.729105	1732	1865	29	12	133	0.0902256
NODE_106967_length_2133_cov_2.729105	1732	1865	31	3	133	0.0225564
NODE_106967_length_2133_cov_2.729105	1732	1865	32	1	133	0.0075188
NODE_106967_length_2133_cov_2.729105	1732	1865	33	4	133	0.0300752
NODE_106967_length_2133_cov_2.729105	1732	1865	34	7	133	0.0526316
NODE_106967_length_2133_cov_2.729105	1732	1865	35	17	133	0.1278196
NODE_106967_length_2133_cov_2.729105	1732	1865	37	8	133	0.0601504
NODE_106967_length_2133_cov_2.729105	1732	1865	38	12	133	0.0902256
NODE_106967_length_2133_cov_2.729105	1732	1865	39	14	133	0.1052632
NODE_106967_length_2133_cov_2.729105	1732	1865	40	11	133	0.0827068
NODE_106967_length_2133_cov_2.729105	1732	1865	41	4	133	0.0300752
NODE_106978_length_2132_cov_4.866208	151	284	1	1	133	0.0075188
NODE_106978_length_2132_cov_4.866208	151	284	2	6	133	0.0451128
NODE_106978_length_2132_cov_4.866208	151	284	3	23	133	0.1729323
NODE_106978_length_2132_cov_4.866208	151	284	4	20	133	0.1503759
NODE_106978_length_2132_cov_4.866208	151	284	5	7	133	0.0526316
NODE_106978_length_2132_cov_4.866208	151	284	6	9	133	0.0676692
NODE_106978_length_2132_cov_4.866208	151	284	7	32	133	0.2406015
NODE_106978_length_2132_cov_4.866208	151	284	8	35	133	0.2631579
NODE_1069_length_14579_cov_4.380939	9368	9501	16	7	133	0.0526316
NODE_1069_length_14579_cov_4.380939	9368	9501	17	2	133	0.0150376
NODE_1069_length_14579_cov_4.380939	9368	9501	18	8	133	0.0601504
NODE_1069_length_14579_cov_4.380939	9368	9501	19	1	133	0.0075188
NODE_1069_length_14579_cov_4.380939	9368	9501	20	12	133	0.0902256
NODE_1069_length_14579_cov_4.380939	9368	9501	22	10	133	0.0751880
NODE_1069_length_14579_cov_4.380939	9368	9501	23	10	133	0.0751880
NODE_1069_length_14579_cov_4.380939	9368	9501	24	10	133	0.0751880
NODE_1069_length_14579_cov_4.380939	9368	9501	25	9	133	0.0676692
NODE_1069_length_14579_cov_4.380939	9368	9501	26	25	133	0.1879699
NODE_1069_length_14579_cov_4.380939	9368	9501	27	23	133	0.1729323
NODE_1069_length_14579_cov_4.380939	9368	9501	28	16	133	0.1203008
NODE_106_length_24174_cov_10.823884	2372	2505	20	4	133	0.0300752
NODE_106_length_24174_cov_10.823884	2372	2505	21	10	133	0.0751880
NODE_106_length_24174_cov_10.823884	2372	2505	22	19	133	0.1428571
NODE_106_length_24174_cov_10.823884	2372	2505	23	13	133	0.0977444
NODE_106_length_24174_cov_10.823884	2372	2505	24	8	133	0.0601504
NODE_106_length_24174_cov_10.823884	2372	2505	25	28	133	0.2105263
NODE_106_length_24174_cov_10.823884	2372	2505	26	18	133	0.1353384
NODE_106_length_24174_cov_10.823884	2372	2505	27	28	133	0.2105263
NODE_106_length_24174_cov_10.823884	2372	2505	28	4	133	0.0300752
NODE_106_length_24174_cov_10.823884	2372	2505	29	1	133	0.0075188
NODE_10702_length_7226_cov_4.051214	4815	4948	1	4	133	0.0300752
NODE_10702_length_7226_cov_4.051214	4815	4948	2	8	133	0.0601504
NODE_10702_length_7226_cov_4.051214	4815	4948	3	12	133	0.0902256
NODE_10702_length_7226_cov_4.051214	4815	4948	5	97	133	0.7293233
NODE_10702_length_7226_cov_4.051214	4815	4948	6	12	133	0.0902256
NODE_107041_length_2131_cov_5.894193	149	282	0	133	133	1.0000000
NODE_107129_length_2130_cov_4.259478	1554	1687	6	18	133	0.1353384
NODE_107129_length_2130_cov_4.259478	1554	1687	8	30	133	0.2255639
NODE_107129_length_2130_cov_4.259478	1554	1687	9	1	133	0.0075188
NODE_107129_length_2130_cov_4.259478	1554	1687	10	17	133	0.1278196
NODE_107129_length_2130_cov_4.259478	1554	1687	12	49	133	0.3684210
NODE_107129_length_2130_cov_4.259478	1554	1687	13	1	133	0.0075188
NODE_107129_length_2130_cov_4.259478	1554	1687	14	17	133	0.1278196
NODE_10713_length_7224_cov_4.812632	5813	5946	2	2	133	0.0150376
NODE_10713_length_7224_cov_4.812632	5813	5946	3	27	133	0.2030075
NODE_10713_length_7224_cov_4.812632	5813	5946	4	19	133	0.1428571
NODE_10713_length_7224_cov_4.812632	5813	5946	5	27	133	0.2030075
NODE_10713_length_7224_cov_4.812632	5813	5946	6	58	133	0.4360902
NODE_107177_length_2129_cov_4.924138	636	769	17	6	133	0.0451128
NODE_107177_length_2129_cov_4.924138	636	769	18	10	133	0.0751880
NODE_107177_length_2129_cov_4.924138	636	769	19	26	133	0.1954887
NODE_107177_length_2129_cov_4.924138	636	769	20	2	133	0.0150376
NODE_107177_length_2129_cov_4.924138	636	769	23	7	133	0.0526316
NODE_107177_length_2129_cov_4.924138	636	769	25	24	133	0.1804511
NODE_107177_length_2129_cov_4.924138	636	769	26	1	133	0.0075188
NODE_107177_length_2129_cov_4.924138	636	769	29	2	133	0.0150376
NODE_107177_length_2129_cov_4.924138	636	769	30	5	133	0.0375940
NODE_107177_length_2129_cov_4.924138	636	769	31	15	133	0.1127820
NODE_107177_length_2129_cov_4.924138	636	769	32	20	133	0.1503759
NODE_107177_length_2129_cov_4.924138	636	769	33	15	133	0.1127820
NODE_10717_length_7223_cov_4.144301	5576	5709	18	4	133	0.0300752
NODE_10717_length_7223_cov_4.144301	5576	5709	19	4	133	0.0300752
NODE_10717_length_7223_cov_4.144301	5576	5709	21	5	133	0.0375940
NODE_10717_length_7223_cov_4.144301	5576	5709	22	7	133	0.0526316
NODE_10717_length_7223_cov_4.144301	5576	5709	23	1	133	0.0075188
NODE_10717_length_7223_cov_4.144301	5576	5709	24	7	133	0.0526316
NODE_10717_length_7223_cov_4.144301	5576	5709	26	8	133	0.0601504
NODE_10717_length_7223_cov_4.144301	5576	5709	27	6	133	0.0451128
NODE_10717_length_7223_cov_4.144301	5576	5709	28	9	133	0.0676692
NODE_10717_length_7223_cov_4.144301	5576	5709	29	11	133	0.0827068
NODE_10717_length_7223_cov_4.144301	5576	5709	30	5	133	0.0375940
NODE_10717_length_7223_cov_4.144301	5576	5709	31	14	133	0.1052632
NODE_10717_length_7223_cov_4.144301	5576	5709	32	9	133	0.0676692
NODE_10717_length_7223_cov_4.144301	5576	5709	33	4	133	0.0300752
NODE_10717_length_7223_cov_4.144301	5576	5709	34	3	133	0.0225564
NODE_10717_length_7223_cov_4.144301	5576	5709	35	8	133	0.0601504
NODE_10717_length_7223_cov_4.144301	5576	5709	36	20	133	0.1503759
NODE_10717_length_7223_cov_4.144301	5576	5709	37	8	133	0.0601504
NODE_107190_length_2129_cov_4.282266	883	1016	4	12	133	0.0902256
NODE_107190_length_2129_cov_4.282266	883	1016	5	4	133	0.0300752
NODE_107190_length_2129_cov_4.282266	883	1016	7	18	133	0.1353384
NODE_107190_length_2129_cov_4.282266	883	1016	8	17	133	0.1278196
NODE_107190_length_2129_cov_4.282266	883	1016	9	11	133	0.0827068
NODE_107190_length_2129_cov_4.282266	883	1016	10	7	133	0.0526316
NODE_107190_length_2129_cov_4.282266	883	1016	11	22	133	0.1654135
NODE_107190_length_2129_cov_4.282266	883	1016	13	13	133	0.0977444
NODE_107190_length_2129_cov_4.282266	883	1016	14	23	133	0.1729323
NODE_107190_length_2129_cov_4.282266	883	1016	15	6	133	0.0451128
NODE_107223_length_2129_cov_3.187192	1148	1281	3	91	133	0.6842105
NODE_107223_length_2129_cov_3.187192	1148	1281	4	40	133	0.3007519
NODE_107223_length_2129_cov_3.187192	1148	1281	5	2	133	0.0150376
NODE_10729_length_7221_cov_4.017972	1056	1189	17	8	133	0.0601504
NODE_10729_length_7221_cov_4.017972	1056	1189	19	8	133	0.0601504
NODE_10729_length_7221_cov_4.017972	1056	1189	20	4	133	0.0300752
NODE_10729_length_7221_cov_4.017972	1056	1189	21	2	133	0.0150376
NODE_10729_length_7221_cov_4.017972	1056	1189	22	3	133	0.0225564
NODE_10729_length_7221_cov_4.017972	1056	1189	23	18	133	0.1353384
NODE_10729_length_7221_cov_4.017972	1056	1189	24	33	133	0.2481203
NODE_10729_length_7221_cov_4.017972	1056	1189	25	20	133	0.1503759
NODE_10729_length_7221_cov_4.017972	1056	1189	26	24	133	0.1804511
NODE_10729_length_7221_cov_4.017972	1056	1189	27	13	133	0.0977444
NODE_1073_length_14558_cov_4.244969	8142	8275	17	4	133	0.0300752
NODE_1073_length_14558_cov_4.244969	8142	8275	19	10	133	0.0751880
NODE_1073_length_14558_cov_4.244969	8142	8275	21	4	133	0.0300752
NODE_1073_length_14558_cov_4.244969	8142	8275	23	19	133	0.1428571
NODE_1073_length_14558_cov_4.244969	8142	8275	24	19	133	0.1428571
NODE_1073_length_14558_cov_4.244969	8142	8275	25	31	133	0.2330827
NODE_1073_length_14558_cov_4.244969	8142	8275	26	31	133	0.2330827
NODE_1073_length_14558_cov_4.244969	8142	8275	27	9	133	0.0676692
NODE_1073_length_14558_cov_4.244969	8142	8275	28	6	133	0.0451128
NODE_107401_length_2126_cov_4.824371	840	973	9	27	133	0.2030075
NODE_107401_length_2126_cov_4.824371	840	973	10	2	133	0.0150376
NODE_107401_length_2126_cov_4.824371	840	973	12	8	133	0.0601504
NODE_107401_length_2126_cov_4.824371	840	973	13	7	133	0.0526316
NODE_107401_length_2126_cov_4.824371	840	973	14	12	133	0.0902256
NODE_107401_length_2126_cov_4.824371	840	973	15	20	133	0.1503759
NODE_107401_length_2126_cov_4.824371	840	973	16	19	133	0.1428571
NODE_107401_length_2126_cov_4.824371	840	973	17	15	133	0.1127820
NODE_107401_length_2126_cov_4.824371	840	973	18	8	133	0.0601504
NODE_107401_length_2126_cov_4.824371	840	973	19	15	133	0.1127820
NODE_107403_length_2126_cov_4.579181	1939	2072	11	3	133	0.0225564
NODE_107403_length_2126_cov_4.579181	1939	2072	12	5	133	0.0375940
NODE_107403_length_2126_cov_4.579181	1939	2072	13	20	133	0.1503759
NODE_107403_length_2126_cov_4.579181	1939	2072	14	27	133	0.2030075
NODE_107403_length_2126_cov_4.579181	1939	2072	15	12	133	0.0902256
NODE_107403_length_2126_cov_4.579181	1939	2072	16	2	133	0.0150376
NODE_107403_length_2126_cov_4.579181	1939	2072	17	2	133	0.0150376
NODE_107403_length_2126_cov_4.579181	1939	2072	18	9	133	0.0676692
NODE_107403_length_2126_cov_4.579181	1939	2072	19	14	133	0.1052632
NODE_107403_length_2126_cov_4.579181	1939	2072	20	7	133	0.0526316
NODE_107403_length_2126_cov_4.579181	1939	2072	21	18	133	0.1353384
NODE_107403_length_2126_cov_4.579181	1939	2072	22	14	133	0.1052632
NODE_10744_length_7219_cov_3.925983	5516	5649	1	44	133	0.3308271
NODE_10744_length_7219_cov_3.925983	5516	5649	2	36	133	0.2706767
NODE_10744_length_7219_cov_3.925983	5516	5649	3	26	133	0.1954887
NODE_10744_length_7219_cov_3.925983	5516	5649	4	27	133	0.2030075
NODE_10758_length_7215_cov_5.530073	5184	5317	6	9	133	0.0676692
NODE_10758_length_7215_cov_5.530073	5184	5317	9	9	133	0.0676692
NODE_10758_length_7215_cov_5.530073	5184	5317	10	1	133	0.0075188
NODE_10758_length_7215_cov_5.530073	5184	5317	11	6	133	0.0451128
NODE_10758_length_7215_cov_5.530073	5184	5317	12	8	133	0.0601504
NODE_10758_length_7215_cov_5.530073	5184	5317	13	15	133	0.1127820
NODE_10758_length_7215_cov_5.530073	5184	5317	16	8	133	0.0601504
NODE_10758_length_7215_cov_5.530073	5184	5317	17	1	133	0.0075188
NODE_10758_length_7215_cov_5.530073	5184	5317	18	48	133	0.3609022
NODE_10758_length_7215_cov_5.530073	5184	5317	19	28	133	0.2105263
NODE_10760_length_7214_cov_4.739986	1841	1974	0	133	133	1.0000000
NODE_107683_length_2122_cov_3.820069	1971	2104	5	15	133	0.1127820
NODE_107683_length_2122_cov_3.820069	1971	2104	6	7	133	0.0526316
NODE_107683_length_2122_cov_3.820069	1971	2104	7	60	133	0.4511278
NODE_107683_length_2122_cov_3.820069	1971	2104	8	4	133	0.0300752
NODE_107683_length_2122_cov_3.820069	1971	2104	9	47	133	0.3533835
NODE_107734_length_2121_cov_4.478734	1710	1843	7	7	133	0.0526316
NODE_107734_length_2121_cov_4.478734	1710	1843	8	3	133	0.0225564
NODE_107734_length_2121_cov_4.478734	1710	1843	9	26	133	0.1954887
NODE_107734_length_2121_cov_4.478734	1710	1843	10	23	133	0.1729323
NODE_107734_length_2121_cov_4.478734	1710	1843	11	4	133	0.0300752
NODE_107734_length_2121_cov_4.478734	1710	1843	12	22	133	0.1654135
NODE_107734_length_2121_cov_4.478734	1710	1843	13	23	133	0.1729323
NODE_107734_length_2121_cov_4.478734	1710	1843	14	25	133	0.1879699
NODE_107741_length_2121_cov_3.986647	4	137	1	13	133	0.0977444
NODE_107741_length_2121_cov_3.986647	4	137	3	6	133	0.0451128
NODE_107741_length_2121_cov_3.986647	4	137	5	19	133	0.1428571
NODE_107741_length_2121_cov_3.986647	4	137	6	2	133	0.0150376
NODE_107741_length_2121_cov_3.986647	4	137	7	93	133	0.6992481
NODE_107796_length_2120_cov_4.626917	371	504	10	4	133	0.0300752
NODE_107796_length_2120_cov_4.626917	371	504	11	14	133	0.1052632
NODE_107796_length_2120_cov_4.626917	371	504	12	5	133	0.0375940
NODE_107796_length_2120_cov_4.626917	371	504	13	6	133	0.0451128
NODE_107796_length_2120_cov_4.626917	371	504	14	1	133	0.0075188
NODE_107796_length_2120_cov_4.626917	371	504	15	6	133	0.0451128
NODE_107796_length_2120_cov_4.626917	371	504	16	2	133	0.0150376
NODE_107796_length_2120_cov_4.626917	371	504	17	19	133	0.1428571
NODE_107796_length_2120_cov_4.626917	371	504	18	25	133	0.1879699
NODE_107796_length_2120_cov_4.626917	371	504	19	5	133	0.0375940
NODE_107796_length_2120_cov_4.626917	371	504	20	20	133	0.1503759
NODE_107796_length_2120_cov_4.626917	371	504	21	14	133	0.1052632
NODE_107796_length_2120_cov_4.626917	371	504	23	12	133	0.0902256
NODE_107807_length_2120_cov_3.966353	1413	1546	12	2	133	0.0150376
NODE_107807_length_2120_cov_3.966353	1413	1546	13	2	133	0.0150376
NODE_107807_length_2120_cov_3.966353	1413	1546	18	1	133	0.0075188
NODE_107807_length_2120_cov_3.966353	1413	1546	19	37	133	0.2781955
NODE_107807_length_2120_cov_3.966353	1413	1546	20	28	133	0.2105263
NODE_107807_length_2120_cov_3.966353	1413	1546	21	33	133	0.2481203
NODE_107807_length_2120_cov_3.966353	1413	1546	22	27	133	0.2030075
NODE_107807_length_2120_cov_3.966353	1413	1546	23	3	133	0.0225564
NODE_10785_length_7208_cov_4.039387	5170	5303	1	53	133	0.3984962
NODE_10785_length_7208_cov_4.039387	5170	5303	2	19	133	0.1428571
NODE_10785_length_7208_cov_4.039387	5170	5303	3	49	133	0.3684210
NODE_10785_length_7208_cov_4.039387	5170	5303	4	12	133	0.0902256
NODE_107871_length_2119_cov_4.237624	1334	1467	0	133	133	1.0000000
NODE_10791_length_7206_cov_4.900380	3361	3494	14	4	133	0.0300752
NODE_10791_length_7206_cov_4.900380	3361	3494	15	4	133	0.0300752
NODE_10791_length_7206_cov_4.900380	3361	3494	16	14	133	0.1052632
NODE_10791_length_7206_cov_4.900380	3361	3494	17	12	133	0.0902256
NODE_10791_length_7206_cov_4.900380	3361	3494	18	11	133	0.0827068
NODE_10791_length_7206_cov_4.900380	3361	3494	19	27	133	0.2030075
NODE_10791_length_7206_cov_4.900380	3361	3494	20	13	133	0.0977444
NODE_10791_length_7206_cov_4.900380	3361	3494	21	13	133	0.0977444
NODE_10791_length_7206_cov_4.900380	3361	3494	22	14	133	0.1052632
NODE_10791_length_7206_cov_4.900380	3361	3494	23	21	133	0.1578947
NODE_107945_length_2118_cov_3.726102	1009	1142	6	9	133	0.0676692
NODE_107945_length_2118_cov_3.726102	1009	1142	7	30	133	0.2255639
NODE_107945_length_2118_cov_3.726102	1009	1142	8	17	133	0.1278196
NODE_107945_length_2118_cov_3.726102	1009	1142	10	15	133	0.1127820
NODE_107945_length_2118_cov_3.726102	1009	1142	11	1	133	0.0075188
NODE_107945_length_2118_cov_3.726102	1009	1142	12	20	133	0.1503759
NODE_107945_length_2118_cov_3.726102	1009	1142	13	7	133	0.0526316
NODE_107945_length_2118_cov_3.726102	1009	1142	14	21	133	0.1578947
NODE_107945_length_2118_cov_3.726102	1009	1142	15	1	133	0.0075188
NODE_107945_length_2118_cov_3.726102	1009	1142	16	9	133	0.0676692
NODE_107945_length_2118_cov_3.726102	1009	1142	18	3	133	0.0225564
NODE_107950_length_2118_cov_3.586924	300	433	6	5	133	0.0375940
NODE_107950_length_2118_cov_3.586924	300	433	7	3	133	0.0225564
NODE_107950_length_2118_cov_3.586924	300	433	8	7	133	0.0526316
NODE_107950_length_2118_cov_3.586924	300	433	9	6	133	0.0451128
NODE_107950_length_2118_cov_3.586924	300	433	10	42	133	0.3157895
NODE_107950_length_2118_cov_3.586924	300	433	11	8	133	0.0601504
NODE_107950_length_2118_cov_3.586924	300	433	12	62	133	0.4661654
NODE_10800_length_7204_cov_4.622519	607	740	2	67	133	0.5037594
NODE_10800_length_7204_cov_4.622519	607	740	3	29	133	0.2180451
NODE_10800_length_7204_cov_4.622519	607	740	5	9	133	0.0676692
NODE_10800_length_7204_cov_4.622519	607	740	6	1	133	0.0075188
NODE_10800_length_7204_cov_4.622519	607	740	7	20	133	0.1503759
NODE_10800_length_7204_cov_4.622519	607	740	8	2	133	0.0150376
NODE_10800_length_7204_cov_4.622519	607	740	9	3	133	0.0225564
NODE_10800_length_7204_cov_4.622519	607	740	10	2	133	0.0150376
NODE_108025_length_2117_cov_3.744301	1024	1157	0	11	133	0.0827068
NODE_108025_length_2117_cov_3.744301	1024	1157	2	1	133	0.0075188
NODE_108025_length_2117_cov_3.744301	1024	1157	4	29	133	0.2180451
NODE_108025_length_2117_cov_3.744301	1024	1157	5	1	133	0.0075188
NODE_108025_length_2117_cov_3.744301	1024	1157	6	17	133	0.1278196
NODE_108025_length_2117_cov_3.744301	1024	1157	7	65	133	0.4887218
NODE_108025_length_2117_cov_3.744301	1024	1157	8	5	133	0.0375940
NODE_108025_length_2117_cov_3.744301	1024	1157	10	4	133	0.0300752
NODE_108028_length_2117_cov_3.640733	1681	1814	3	33	133	0.2481203
NODE_108028_length_2117_cov_3.640733	1681	1814	4	18	133	0.1353384
NODE_108028_length_2117_cov_3.640733	1681	1814	5	56	133	0.4210526
NODE_108028_length_2117_cov_3.640733	1681	1814	6	26	133	0.1954887
NODE_108135_length_2115_cov_4.372024	750	883	18	6	133	0.0451128
NODE_108135_length_2115_cov_4.372024	750	883	19	1	133	0.0075188
NODE_108135_length_2115_cov_4.372024	750	883	21	1	133	0.0075188
NODE_108135_length_2115_cov_4.372024	750	883	24	5	133	0.0375940
NODE_108135_length_2115_cov_4.372024	750	883	25	13	133	0.0977444
NODE_108135_length_2115_cov_4.372024	750	883	26	3	133	0.0225564
NODE_108135_length_2115_cov_4.372024	750	883	27	12	133	0.0902256
NODE_108135_length_2115_cov_4.372024	750	883	28	10	133	0.0751880
NODE_108135_length_2115_cov_4.372024	750	883	29	13	133	0.0977444
NODE_108135_length_2115_cov_4.372024	750	883	30	33	133	0.2481203
NODE_108135_length_2115_cov_4.372024	750	883	31	19	133	0.1428571
NODE_108135_length_2115_cov_4.372024	750	883	32	4	133	0.0300752
NODE_108135_length_2115_cov_4.372024	750	883	33	5	133	0.0375940
NODE_108135_length_2115_cov_4.372024	750	883	34	4	133	0.0300752
NODE_108135_length_2115_cov_4.372024	750	883	35	4	133	0.0300752
NODE_108153_length_2115_cov_3.831349	1454	1587	10	5	133	0.0375940
NODE_108153_length_2115_cov_3.831349	1454	1587	11	4	133	0.0300752
NODE_108153_length_2115_cov_3.831349	1454	1587	12	3	133	0.0225564
NODE_108153_length_2115_cov_3.831349	1454	1587	13	19	133	0.1428571
NODE_108153_length_2115_cov_3.831349	1454	1587	14	1	133	0.0075188
NODE_108153_length_2115_cov_3.831349	1454	1587	15	14	133	0.1052632
NODE_108153_length_2115_cov_3.831349	1454	1587	16	8	133	0.0601504
NODE_108153_length_2115_cov_3.831349	1454	1587	18	24	133	0.1804511
NODE_108153_length_2115_cov_3.831349	1454	1587	19	30	133	0.2255639
NODE_108153_length_2115_cov_3.831349	1454	1587	20	9	133	0.0676692
NODE_108153_length_2115_cov_3.831349	1454	1587	21	16	133	0.1203008
NODE_108187_length_2114_cov_10.755831	600	733	6	1	133	0.0075188
NODE_108187_length_2114_cov_10.755831	600	733	7	12	133	0.0902256
NODE_108187_length_2114_cov_10.755831	600	733	8	50	133	0.3759398
NODE_108187_length_2114_cov_10.755831	600	733	9	45	133	0.3383459
NODE_108187_length_2114_cov_10.755831	600	733	10	25	133	0.1879699
NODE_108281_length_2113_cov_4.057100	104	237	0	133	133	1.0000000
NODE_108297_length_2113_cov_3.734359	1216	1349	9	1	133	0.0075188
NODE_108297_length_2113_cov_3.734359	1216	1349	12	9	133	0.0676692
NODE_108297_length_2113_cov_3.734359	1216	1349	14	12	133	0.0902256
NODE_108297_length_2113_cov_3.734359	1216	1349	17	11	133	0.0827068
NODE_108297_length_2113_cov_3.734359	1216	1349	18	6	133	0.0451128
NODE_108297_length_2113_cov_3.734359	1216	1349	19	13	133	0.0977444
NODE_108297_length_2113_cov_3.734359	1216	1349	20	10	133	0.0751880
NODE_108297_length_2113_cov_3.734359	1216	1349	21	7	133	0.0526316
NODE_108297_length_2113_cov_3.734359	1216	1349	22	8	133	0.0601504
NODE_108297_length_2113_cov_3.734359	1216	1349	23	9	133	0.0676692
NODE_108297_length_2113_cov_3.734359	1216	1349	24	3	133	0.0225564
NODE_108297_length_2113_cov_3.734359	1216	1349	25	1	133	0.0075188
NODE_108297_length_2113_cov_3.734359	1216	1349	26	4	133	0.0300752
NODE_108297_length_2113_cov_3.734359	1216	1349	27	30	133	0.2255639
NODE_108297_length_2113_cov_3.734359	1216	1349	28	7	133	0.0526316
NODE_108297_length_2113_cov_3.734359	1216	1349	29	2	133	0.0150376
NODE_108347_length_2112_cov_4.394436	1352	1485	4	5	133	0.0375940
NODE_108347_length_2112_cov_4.394436	1352	1485	5	17	133	0.1278196
NODE_108347_length_2112_cov_4.394436	1352	1485	6	5	133	0.0375940
NODE_108347_length_2112_cov_4.394436	1352	1485	7	6	133	0.0451128
NODE_108347_length_2112_cov_4.394436	1352	1485	9	3	133	0.0225564
NODE_108347_length_2112_cov_4.394436	1352	1485	10	11	133	0.0827068
NODE_108347_length_2112_cov_4.394436	1352	1485	12	3	133	0.0225564
NODE_108347_length_2112_cov_4.394436	1352	1485	13	6	133	0.0451128
NODE_108347_length_2112_cov_4.394436	1352	1485	14	18	133	0.1353384
NODE_108347_length_2112_cov_4.394436	1352	1485	15	13	133	0.0977444
NODE_108347_length_2112_cov_4.394436	1352	1485	16	46	133	0.3458647
NODE_10853_length_7189_cov_3.610155	3040	3173	8	5	133	0.0375940
NODE_10853_length_7189_cov_3.610155	3040	3173	9	20	133	0.1503759
NODE_10853_length_7189_cov_3.610155	3040	3173	10	25	133	0.1879699
NODE_10853_length_7189_cov_3.610155	3040	3173	11	4	133	0.0300752
NODE_10853_length_7189_cov_3.610155	3040	3173	12	24	133	0.1804511
NODE_10853_length_7189_cov_3.610155	3040	3173	13	36	133	0.2706767
NODE_10853_length_7189_cov_3.610155	3040	3173	14	19	133	0.1428571
NODE_10860_length_7187_cov_4.796699	4722	4855	12	11	133	0.0827068
NODE_10860_length_7187_cov_4.796699	4722	4855	13	11	133	0.0827068
NODE_10860_length_7187_cov_4.796699	4722	4855	14	4	133	0.0300752
NODE_10860_length_7187_cov_4.796699	4722	4855	15	40	133	0.3007519
NODE_10860_length_7187_cov_4.796699	4722	4855	16	28	133	0.2105263
NODE_10860_length_7187_cov_4.796699	4722	4855	17	24	133	0.1804511
NODE_10860_length_7187_cov_4.796699	4722	4855	18	10	133	0.0751880
NODE_10860_length_7187_cov_4.796699	4722	4855	19	5	133	0.0375940
NODE_10863_length_7186_cov_5.258219	6477	6610	6	3	133	0.0225564
NODE_10863_length_7186_cov_5.258219	6477	6610	7	6	133	0.0451128
NODE_10863_length_7186_cov_5.258219	6477	6610	9	78	133	0.5864662
NODE_10863_length_7186_cov_5.258219	6477	6610	10	40	133	0.3007519
NODE_10863_length_7186_cov_5.258219	6477	6610	11	6	133	0.0451128
NODE_108723_length_2107_cov_3.751992	1256	1389	6	27	133	0.2030075
NODE_108723_length_2107_cov_3.751992	1256	1389	7	3	133	0.0225564
NODE_108723_length_2107_cov_3.751992	1256	1389	8	55	133	0.4135338
NODE_108723_length_2107_cov_3.751992	1256	1389	9	28	133	0.2105263
NODE_108723_length_2107_cov_3.751992	1256	1389	10	20	133	0.1503759
NODE_108763_length_2106_cov_5.688092	739	872	20	2	133	0.0150376
NODE_108763_length_2106_cov_5.688092	739	872	21	5	133	0.0375940
NODE_108763_length_2106_cov_5.688092	739	872	22	1	133	0.0075188
NODE_108763_length_2106_cov_5.688092	739	872	23	1	133	0.0075188
NODE_108763_length_2106_cov_5.688092	739	872	24	10	133	0.0751880
NODE_108763_length_2106_cov_5.688092	739	872	25	17	133	0.1278196
NODE_108763_length_2106_cov_5.688092	739	872	26	7	133	0.0526316
NODE_108763_length_2106_cov_5.688092	739	872	27	7	133	0.0526316
NODE_108763_length_2106_cov_5.688092	739	872	28	17	133	0.1278196
NODE_108763_length_2106_cov_5.688092	739	872	29	8	133	0.0601504
NODE_108763_length_2106_cov_5.688092	739	872	30	24	133	0.1804511
NODE_108763_length_2106_cov_5.688092	739	872	31	3	133	0.0225564
NODE_108763_length_2106_cov_5.688092	739	872	32	17	133	0.1278196
NODE_108763_length_2106_cov_5.688092	739	872	33	10	133	0.0751880
NODE_108763_length_2106_cov_5.688092	739	872	34	4	133	0.0300752
NODE_108777_length_2106_cov_4.691081	269	402	2	18	133	0.1353384
NODE_108777_length_2106_cov_4.691081	269	402	3	7	133	0.0526316
NODE_108777_length_2106_cov_4.691081	269	402	4	47	133	0.3533835
NODE_108777_length_2106_cov_4.691081	269	402	5	59	133	0.4436090
NODE_108777_length_2106_cov_4.691081	269	402	6	2	133	0.0150376
NODE_108802_length_2106_cov_3.543597	408	541	14	7	133	0.0526316
NODE_108802_length_2106_cov_3.543597	408	541	15	2	133	0.0150376
NODE_108802_length_2106_cov_3.543597	408	541	16	12	133	0.0902256
NODE_108802_length_2106_cov_3.543597	408	541	19	3	133	0.0225564
NODE_108802_length_2106_cov_3.543597	408	541	20	14	133	0.1052632
NODE_108802_length_2106_cov_3.543597	408	541	21	17	133	0.1278196
NODE_108802_length_2106_cov_3.543597	408	541	22	31	133	0.2330827
NODE_108802_length_2106_cov_3.543597	408	541	23	15	133	0.1127820
NODE_108802_length_2106_cov_3.543597	408	541	24	10	133	0.0751880
NODE_108802_length_2106_cov_3.543597	408	541	25	15	133	0.1127820
NODE_108802_length_2106_cov_3.543597	408	541	26	4	133	0.0300752
NODE_108802_length_2106_cov_3.543597	408	541	27	3	133	0.0225564
NODE_108832_length_2105_cov_4.228315	938	1071	10	10	133	0.0751880
NODE_108832_length_2105_cov_4.228315	938	1071	11	9	133	0.0676692
NODE_108832_length_2105_cov_4.228315	938	1071	12	6	133	0.0451128
NODE_108832_length_2105_cov_4.228315	938	1071	13	3	133	0.0225564
NODE_108832_length_2105_cov_4.228315	938	1071	14	1	133	0.0075188
NODE_108832_length_2105_cov_4.228315	938	1071	16	8	133	0.0601504
NODE_108832_length_2105_cov_4.228315	938	1071	17	1	133	0.0075188
NODE_108832_length_2105_cov_4.228315	938	1071	19	7	133	0.0526316
NODE_108832_length_2105_cov_4.228315	938	1071	20	35	133	0.2631579
NODE_108832_length_2105_cov_4.228315	938	1071	21	26	133	0.1954887
NODE_108832_length_2105_cov_4.228315	938	1071	22	27	133	0.2030075
NODE_108891_length_2104_cov_5.050873	1454	1587	8	18	133	0.1353384
NODE_108891_length_2104_cov_5.050873	1454	1587	9	7	133	0.0526316
NODE_108891_length_2104_cov_5.050873	1454	1587	10	1	133	0.0075188
NODE_108891_length_2104_cov_5.050873	1454	1587	11	13	133	0.0977444
NODE_108891_length_2104_cov_5.050873	1454	1587	12	1	133	0.0075188
NODE_108891_length_2104_cov_5.050873	1454	1587	13	3	133	0.0225564
NODE_108891_length_2104_cov_5.050873	1454	1587	14	1	133	0.0075188
NODE_108891_length_2104_cov_5.050873	1454	1587	16	5	133	0.0375940
NODE_108891_length_2104_cov_5.050873	1454	1587	17	3	133	0.0225564
NODE_108891_length_2104_cov_5.050873	1454	1587	18	32	133	0.2406015
NODE_108891_length_2104_cov_5.050873	1454	1587	19	21	133	0.1578947
NODE_108891_length_2104_cov_5.050873	1454	1587	20	23	133	0.1729323
NODE_108891_length_2104_cov_5.050873	1454	1587	21	5	133	0.0375940
NODE_108959_length_2103_cov_5.187126	234	367	0	115	133	0.8646616
NODE_108959_length_2103_cov_5.187126	234	367	1	18	133	0.1353384
NODE_109044_length_2102_cov_4.824763	249	382	8	8	133	0.0601504
NODE_109044_length_2102_cov_4.824763	249	382	9	15	133	0.1127820
NODE_109044_length_2102_cov_4.824763	249	382	11	18	133	0.1353384
NODE_109044_length_2102_cov_4.824763	249	382	13	14	133	0.1052632
NODE_109044_length_2102_cov_4.824763	249	382	14	38	133	0.2857143
NODE_109044_length_2102_cov_4.824763	249	382	15	33	133	0.2481203
NODE_109044_length_2102_cov_4.824763	249	382	16	7	133	0.0526316
NODE_109051_length_2102_cov_4.485771	655	788	8	6	133	0.0451128
NODE_109051_length_2102_cov_4.485771	655	788	9	9	133	0.0676692
NODE_109051_length_2102_cov_4.485771	655	788	10	1	133	0.0075188
NODE_109051_length_2102_cov_4.485771	655	788	12	2	133	0.0150376
NODE_109051_length_2102_cov_4.485771	655	788	13	1	133	0.0075188
NODE_109051_length_2102_cov_4.485771	655	788	15	5	133	0.0375940
NODE_109051_length_2102_cov_4.485771	655	788	16	8	133	0.0601504
NODE_109051_length_2102_cov_4.485771	655	788	17	19	133	0.1428571
NODE_109051_length_2102_cov_4.485771	655	788	18	23	133	0.1729323
NODE_109051_length_2102_cov_4.485771	655	788	19	12	133	0.0902256
NODE_109051_length_2102_cov_4.485771	655	788	20	12	133	0.0902256
NODE_109051_length_2102_cov_4.485771	655	788	21	19	133	0.1428571
NODE_109051_length_2102_cov_4.485771	655	788	22	16	133	0.1203008
NODE_10910_length_7170_cov_4.881063	4933	5066	6	3	133	0.0225564
NODE_10910_length_7170_cov_4.881063	4933	5066	7	5	133	0.0375940
NODE_10910_length_7170_cov_4.881063	4933	5066	8	28	133	0.2105263
NODE_10910_length_7170_cov_4.881063	4933	5066	10	13	133	0.0977444
NODE_10910_length_7170_cov_4.881063	4933	5066	12	10	133	0.0751880
NODE_10910_length_7170_cov_4.881063	4933	5066	13	21	133	0.1578947
NODE_10910_length_7170_cov_4.881063	4933	5066	14	53	133	0.3984962
NODE_109160_length_2100_cov_5.215392	1462	1595	16	3	133	0.0225564
NODE_109160_length_2100_cov_5.215392	1462	1595	17	1	133	0.0075188
NODE_109160_length_2100_cov_5.215392	1462	1595	18	13	133	0.0977444
NODE_109160_length_2100_cov_5.215392	1462	1595	20	3	133	0.0225564
NODE_109160_length_2100_cov_5.215392	1462	1595	22	7	133	0.0526316
NODE_109160_length_2100_cov_5.215392	1462	1595	23	23	133	0.1729323
NODE_109160_length_2100_cov_5.215392	1462	1595	24	16	133	0.1203008
NODE_109160_length_2100_cov_5.215392	1462	1595	25	7	133	0.0526316
NODE_109160_length_2100_cov_5.215392	1462	1595	26	20	133	0.1503759
NODE_109160_length_2100_cov_5.215392	1462	1595	27	3	133	0.0225564
NODE_109160_length_2100_cov_5.215392	1462	1595	29	10	133	0.0751880
NODE_109160_length_2100_cov_5.215392	1462	1595	30	14	133	0.1052632
NODE_109160_length_2100_cov_5.215392	1462	1595	31	13	133	0.0977444
NODE_109316_length_2098_cov_3.934467	1731	1864	12	2	133	0.0150376
NODE_109316_length_2098_cov_3.934467	1731	1864	14	15	133	0.1127820
NODE_109316_length_2098_cov_3.934467	1731	1864	15	5	133	0.0375940
NODE_109316_length_2098_cov_3.934467	1731	1864	16	12	133	0.0902256
NODE_109316_length_2098_cov_3.934467	1731	1864	17	7	133	0.0526316
NODE_109316_length_2098_cov_3.934467	1731	1864	18	10	133	0.0751880
NODE_109316_length_2098_cov_3.934467	1731	1864	19	28	133	0.2105263
NODE_109316_length_2098_cov_3.934467	1731	1864	20	38	133	0.2857143
NODE_109316_length_2098_cov_3.934467	1731	1864	21	16	133	0.1203008
NODE_109325_length_2098_cov_3.602301	40	173	22	7	133	0.0526316
NODE_109325_length_2098_cov_3.602301	40	173	23	8	133	0.0601504
NODE_109325_length_2098_cov_3.602301	40	173	28	3	133	0.0225564
NODE_109325_length_2098_cov_3.602301	40	173	35	1	133	0.0075188
NODE_109325_length_2098_cov_3.602301	40	173	38	1	133	0.0075188
NODE_109325_length_2098_cov_3.602301	40	173	39	3	133	0.0225564
NODE_109325_length_2098_cov_3.602301	40	173	40	4	133	0.0300752
NODE_109325_length_2098_cov_3.602301	40	173	45	5	133	0.0375940
NODE_109325_length_2098_cov_3.602301	40	173	46	5	133	0.0375940
NODE_109325_length_2098_cov_3.602301	40	173	47	1	133	0.0075188
NODE_109325_length_2098_cov_3.602301	40	173	48	8	133	0.0601504
NODE_109325_length_2098_cov_3.602301	40	173	50	3	133	0.0225564
NODE_109325_length_2098_cov_3.602301	40	173	51	3	133	0.0225564
NODE_109325_length_2098_cov_3.602301	40	173	52	1	133	0.0075188
NODE_109325_length_2098_cov_3.602301	40	173	53	4	133	0.0300752
NODE_109325_length_2098_cov_3.602301	40	173	54	1	133	0.0075188
NODE_109325_length_2098_cov_3.602301	40	173	55	5	133	0.0375940
NODE_109325_length_2098_cov_3.602301	40	173	56	10	133	0.0751880
NODE_109325_length_2098_cov_3.602301	40	173	57	7	133	0.0526316
NODE_109325_length_2098_cov_3.602301	40	173	58	4	133	0.0300752
NODE_109325_length_2098_cov_3.602301	40	173	59	3	133	0.0225564
NODE_109325_length_2098_cov_3.602301	40	173	60	4	133	0.0300752
NODE_109325_length_2098_cov_3.602301	40	173	61	21	133	0.1578947
NODE_109325_length_2098_cov_3.602301	40	173	63	2	133	0.0150376
NODE_109325_length_2098_cov_3.602301	40	173	64	1	133	0.0075188
NODE_109325_length_2098_cov_3.602301	40	173	65	18	133	0.1353384
NODE_109378_length_2097_cov_4.114615	1104	1237	23	2	133	0.0150376
NODE_109378_length_2097_cov_4.114615	1104	1237	24	7	133	0.0526316
NODE_109378_length_2097_cov_4.114615	1104	1237	25	12	133	0.0902256
NODE_109378_length_2097_cov_4.114615	1104	1237	26	4	133	0.0300752
NODE_109378_length_2097_cov_4.114615	1104	1237	28	9	133	0.0676692
NODE_109378_length_2097_cov_4.114615	1104	1237	29	8	133	0.0601504
NODE_109378_length_2097_cov_4.114615	1104	1237	32	4	133	0.0300752
NODE_109378_length_2097_cov_4.114615	1104	1237	33	4	133	0.0300752
NODE_109378_length_2097_cov_4.114615	1104	1237	34	2	133	0.0150376
NODE_109378_length_2097_cov_4.114615	1104	1237	35	4	133	0.0300752
NODE_109378_length_2097_cov_4.114615	1104	1237	36	18	133	0.1353384
NODE_109378_length_2097_cov_4.114615	1104	1237	37	18	133	0.1353384
NODE_109378_length_2097_cov_4.114615	1104	1237	38	20	133	0.1503759
NODE_109378_length_2097_cov_4.114615	1104	1237	39	18	133	0.1353384
NODE_109378_length_2097_cov_4.114615	1104	1237	40	3	133	0.0225564
NODE_109424_length_2097_cov_2.485485	894	1027	8	17	133	0.1278196
NODE_109424_length_2097_cov_2.485485	894	1027	10	20	133	0.1503759
NODE_109424_length_2097_cov_2.485485	894	1027	11	7	133	0.0526316
NODE_109424_length_2097_cov_2.485485	894	1027	12	26	133	0.1954887
NODE_109424_length_2097_cov_2.485485	894	1027	13	5	133	0.0375940
NODE_109424_length_2097_cov_2.485485	894	1027	14	12	133	0.0902256
NODE_109424_length_2097_cov_2.485485	894	1027	15	38	133	0.2857143
NODE_109424_length_2097_cov_2.485485	894	1027	16	8	133	0.0601504
NODE_109473_length_2096_cov_3.602904	448	581	3	2	133	0.0150376
NODE_109473_length_2096_cov_3.602904	448	581	4	14	133	0.1052632
NODE_109473_length_2096_cov_3.602904	448	581	5	26	133	0.1954887
NODE_109473_length_2096_cov_3.602904	448	581	6	5	133	0.0375940
NODE_109473_length_2096_cov_3.602904	448	581	8	22	133	0.1654135
NODE_109473_length_2096_cov_3.602904	448	581	9	57	133	0.4285714
NODE_109473_length_2096_cov_3.602904	448	581	10	7	133	0.0526316
NODE_1094_length_14476_cov_4.403074	7985	8118	8	7	133	0.0526316
NODE_1094_length_14476_cov_4.403074	7985	8118	9	7	133	0.0526316
NODE_1094_length_14476_cov_4.403074	7985	8118	10	8	133	0.0601504
NODE_1094_length_14476_cov_4.403074	7985	8118	11	22	133	0.1654135
NODE_1094_length_14476_cov_4.403074	7985	8118	12	63	133	0.4736842
NODE_1094_length_14476_cov_4.403074	7985	8118	13	17	133	0.1278196
NODE_1094_length_14476_cov_4.403074	7985	8118	14	9	133	0.0676692
NODE_10961_length_7160_cov_3.595525	7018	7151	13	14	133	0.1052632
NODE_10961_length_7160_cov_3.595525	7018	7151	15	28	133	0.2105263
NODE_10961_length_7160_cov_3.595525	7018	7151	16	2	133	0.0150376
NODE_10961_length_7160_cov_3.595525	7018	7151	17	3	133	0.0225564
NODE_10961_length_7160_cov_3.595525	7018	7151	18	7	133	0.0526316
NODE_10961_length_7160_cov_3.595525	7018	7151	20	37	133	0.2781955
NODE_10961_length_7160_cov_3.595525	7018	7151	21	20	133	0.1503759
NODE_10961_length_7160_cov_3.595525	7018	7151	23	11	133	0.0827068
NODE_10961_length_7160_cov_3.595525	7018	7151	24	11	133	0.0827068
NODE_10962_length_7159_cov_7.817989	5411	5544	43	2	133	0.0150376
NODE_10962_length_7159_cov_7.817989	5411	5544	44	5	133	0.0375940
NODE_10962_length_7159_cov_7.817989	5411	5544	46	5	133	0.0375940
NODE_10962_length_7159_cov_7.817989	5411	5544	47	13	133	0.0977444
NODE_10962_length_7159_cov_7.817989	5411	5544	49	4	133	0.0300752
NODE_10962_length_7159_cov_7.817989	5411	5544	51	4	133	0.0300752
NODE_10962_length_7159_cov_7.817989	5411	5544	52	2	133	0.0150376
NODE_10962_length_7159_cov_7.817989	5411	5544	53	5	133	0.0375940
NODE_10962_length_7159_cov_7.817989	5411	5544	54	6	133	0.0451128
NODE_10962_length_7159_cov_7.817989	5411	5544	57	2	133	0.0150376
NODE_10962_length_7159_cov_7.817989	5411	5544	58	3	133	0.0225564
NODE_10962_length_7159_cov_7.817989	5411	5544	59	2	133	0.0150376
NODE_10962_length_7159_cov_7.817989	5411	5544	60	12	133	0.0902256
NODE_10962_length_7159_cov_7.817989	5411	5544	61	24	133	0.1804511
NODE_10962_length_7159_cov_7.817989	5411	5544	62	12	133	0.0902256
NODE_10962_length_7159_cov_7.817989	5411	5544	63	8	133	0.0601504
NODE_10962_length_7159_cov_7.817989	5411	5544	64	8	133	0.0601504
NODE_10962_length_7159_cov_7.817989	5411	5544	65	12	133	0.0902256
NODE_10962_length_7159_cov_7.817989	5411	5544	66	4	133	0.0300752
NODE_10969_length_7158_cov_4.527978	1148	1281	16	1	133	0.0075188
NODE_10969_length_7158_cov_4.527978	1148	1281	17	5	133	0.0375940
NODE_10969_length_7158_cov_4.527978	1148	1281	19	5	133	0.0375940
NODE_10969_length_7158_cov_4.527978	1148	1281	21	1	133	0.0075188
NODE_10969_length_7158_cov_4.527978	1148	1281	23	17	133	0.1278196
NODE_10969_length_7158_cov_4.527978	1148	1281	24	7	133	0.0526316
NODE_10969_length_7158_cov_4.527978	1148	1281	25	2	133	0.0150376
NODE_10969_length_7158_cov_4.527978	1148	1281	26	10	133	0.0751880
NODE_10969_length_7158_cov_4.527978	1148	1281	27	20	133	0.1503759
NODE_10969_length_7158_cov_4.527978	1148	1281	28	26	133	0.1954887
NODE_10969_length_7158_cov_4.527978	1148	1281	29	22	133	0.1654135
NODE_10969_length_7158_cov_4.527978	1148	1281	30	6	133	0.0451128
NODE_10969_length_7158_cov_4.527978	1148	1281	31	6	133	0.0451128
NODE_10969_length_7158_cov_4.527978	1148	1281	32	5	133	0.0375940
NODE_109784_length_2091_cov_4.986446	124	257	9	13	133	0.0977444
NODE_109784_length_2091_cov_4.986446	124	257	10	7	133	0.0526316
NODE_109784_length_2091_cov_4.986446	124	257	11	7	133	0.0526316
NODE_109784_length_2091_cov_4.986446	124	257	12	34	133	0.2556391
NODE_109784_length_2091_cov_4.986446	124	257	13	41	133	0.3082707
NODE_109784_length_2091_cov_4.986446	124	257	14	31	133	0.2330827
NODE_10984_length_7155_cov_4.141582	5596	5729	10	3	133	0.0225564
NODE_10984_length_7155_cov_4.141582	5596	5729	12	6	133	0.0451128
NODE_10984_length_7155_cov_4.141582	5596	5729	13	9	133	0.0676692
NODE_10984_length_7155_cov_4.141582	5596	5729	14	5	133	0.0375940
NODE_10984_length_7155_cov_4.141582	5596	5729	15	2	133	0.0150376
NODE_10984_length_7155_cov_4.141582	5596	5729	16	2	133	0.0150376
NODE_10984_length_7155_cov_4.141582	5596	5729	17	1	133	0.0075188
NODE_10984_length_7155_cov_4.141582	5596	5729	19	1	133	0.0075188
NODE_10984_length_7155_cov_4.141582	5596	5729	20	5	133	0.0375940
NODE_10984_length_7155_cov_4.141582	5596	5729	22	4	133	0.0300752
NODE_10984_length_7155_cov_4.141582	5596	5729	23	7	133	0.0526316
NODE_10984_length_7155_cov_4.141582	5596	5729	24	4	133	0.0300752
NODE_10984_length_7155_cov_4.141582	5596	5729	25	3	133	0.0225564
NODE_10984_length_7155_cov_4.141582	5596	5729	26	19	133	0.1428571
NODE_10984_length_7155_cov_4.141582	5596	5729	27	21	133	0.1578947
NODE_10984_length_7155_cov_4.141582	5596	5729	28	9	133	0.0676692
NODE_10984_length_7155_cov_4.141582	5596	5729	29	22	133	0.1654135
NODE_10984_length_7155_cov_4.141582	5596	5729	30	10	133	0.0751880
NODE_109971_length_2089_cov_3.672864	1431	1564	4	25	133	0.1879699
NODE_109971_length_2089_cov_3.672864	1431	1564	5	5	133	0.0375940
NODE_109971_length_2089_cov_3.672864	1431	1564	6	11	133	0.0827068
NODE_109971_length_2089_cov_3.672864	1431	1564	7	58	133	0.4360902
NODE_109971_length_2089_cov_3.672864	1431	1564	8	7	133	0.0526316
NODE_109971_length_2089_cov_3.672864	1431	1564	9	25	133	0.1879699
NODE_109971_length_2089_cov_3.672864	1431	1564	11	2	133	0.0150376
NODE_109_length_24152_cov_4.605496	16095	16228	7	7	133	0.0526316
NODE_109_length_24152_cov_4.605496	16095	16228	8	17	133	0.1278196
NODE_109_length_24152_cov_4.605496	16095	16228	9	19	133	0.1428571
NODE_109_length_24152_cov_4.605496	16095	16228	10	2	133	0.0150376
NODE_109_length_24152_cov_4.605496	16095	16228	11	15	133	0.1127820
NODE_109_length_24152_cov_4.605496	16095	16228	12	4	133	0.0300752
NODE_109_length_24152_cov_4.605496	16095	16228	13	1	133	0.0075188
NODE_109_length_24152_cov_4.605496	16095	16228	14	3	133	0.0225564
NODE_109_length_24152_cov_4.605496	16095	16228	15	2	133	0.0150376
NODE_109_length_24152_cov_4.605496	16095	16228	16	32	133	0.2406015
NODE_109_length_24152_cov_4.605496	16095	16228	17	13	133	0.0977444
NODE_109_length_24152_cov_4.605496	16095	16228	18	4	133	0.0300752
NODE_109_length_24152_cov_4.605496	16095	16228	19	6	133	0.0451128
NODE_109_length_24152_cov_4.605496	16095	16228	21	3	133	0.0225564
NODE_109_length_24152_cov_4.605496	16095	16228	22	5	133	0.0375940
NODE_110004_length_2088_cov_6.771745	1685	1818	16	4	133	0.0300752
NODE_110004_length_2088_cov_6.771745	1685	1818	17	1	133	0.0075188
NODE_110004_length_2088_cov_6.771745	1685	1818	20	1	133	0.0075188
NODE_110004_length_2088_cov_6.771745	1685	1818	21	2	133	0.0150376
NODE_110004_length_2088_cov_6.771745	1685	1818	22	11	133	0.0827068
NODE_110004_length_2088_cov_6.771745	1685	1818	23	10	133	0.0751880
NODE_110004_length_2088_cov_6.771745	1685	1818	24	4	133	0.0300752
NODE_110004_length_2088_cov_6.771745	1685	1818	25	11	133	0.0827068
NODE_110004_length_2088_cov_6.771745	1685	1818	28	3	133	0.0225564
NODE_110004_length_2088_cov_6.771745	1685	1818	29	3	133	0.0225564
NODE_110004_length_2088_cov_6.771745	1685	1818	31	1	133	0.0075188
NODE_110004_length_2088_cov_6.771745	1685	1818	34	6	133	0.0451128
NODE_110004_length_2088_cov_6.771745	1685	1818	35	3	133	0.0225564
NODE_110004_length_2088_cov_6.771745	1685	1818	36	2	133	0.0150376
NODE_110004_length_2088_cov_6.771745	1685	1818	37	3	133	0.0225564
NODE_110004_length_2088_cov_6.771745	1685	1818	38	15	133	0.1127820
NODE_110004_length_2088_cov_6.771745	1685	1818	39	3	133	0.0225564
NODE_110004_length_2088_cov_6.771745	1685	1818	40	13	133	0.0977444
NODE_110004_length_2088_cov_6.771745	1685	1818	41	7	133	0.0526316
NODE_110004_length_2088_cov_6.771745	1685	1818	42	2	133	0.0150376
NODE_110004_length_2088_cov_6.771745	1685	1818	43	4	133	0.0300752
NODE_110004_length_2088_cov_6.771745	1685	1818	44	24	133	0.1804511
NODE_110145_length_2086_cov_5.412682	1655	1788	17	9	133	0.0676692
NODE_110145_length_2086_cov_5.412682	1655	1788	18	2	133	0.0150376
NODE_110145_length_2086_cov_5.412682	1655	1788	19	1	133	0.0075188
NODE_110145_length_2086_cov_5.412682	1655	1788	20	5	133	0.0375940
NODE_110145_length_2086_cov_5.412682	1655	1788	21	21	133	0.1578947
NODE_110145_length_2086_cov_5.412682	1655	1788	22	18	133	0.1353384
NODE_110145_length_2086_cov_5.412682	1655	1788	23	6	133	0.0451128
NODE_110145_length_2086_cov_5.412682	1655	1788	24	22	133	0.1654135
NODE_110145_length_2086_cov_5.412682	1655	1788	25	13	133	0.0977444
NODE_110145_length_2086_cov_5.412682	1655	1788	26	16	133	0.1203008
NODE_110145_length_2086_cov_5.412682	1655	1788	27	4	133	0.0300752
NODE_110145_length_2086_cov_5.412682	1655	1788	28	16	133	0.1203008
NODE_11016_length_7148_cov_4.696695	5388	5521	16	10	133	0.0751880
NODE_11016_length_7148_cov_4.696695	5388	5521	17	11	133	0.0827068
NODE_11016_length_7148_cov_4.696695	5388	5521	20	1	133	0.0075188
NODE_11016_length_7148_cov_4.696695	5388	5521	24	28	133	0.2105263
NODE_11016_length_7148_cov_4.696695	5388	5521	25	19	133	0.1428571
NODE_11016_length_7148_cov_4.696695	5388	5521	26	6	133	0.0451128
NODE_11016_length_7148_cov_4.696695	5388	5521	27	4	133	0.0300752
NODE_11016_length_7148_cov_4.696695	5388	5521	28	4	133	0.0300752
NODE_11016_length_7148_cov_4.696695	5388	5521	30	15	133	0.1127820
NODE_11016_length_7148_cov_4.696695	5388	5521	31	17	133	0.1278196
NODE_11016_length_7148_cov_4.696695	5388	5521	32	16	133	0.1203008
NODE_11016_length_7148_cov_4.696695	5388	5521	33	2	133	0.0150376
NODE_110173_length_2086_cov_3.965274	359	492	9	1	133	0.0075188
NODE_110173_length_2086_cov_3.965274	359	492	10	11	133	0.0827068
NODE_110173_length_2086_cov_3.965274	359	492	11	10	133	0.0751880
NODE_110173_length_2086_cov_3.965274	359	492	12	1	133	0.0075188
NODE_110173_length_2086_cov_3.965274	359	492	13	25	133	0.1879699
NODE_110173_length_2086_cov_3.965274	359	492	14	11	133	0.0827068
NODE_110173_length_2086_cov_3.965274	359	492	15	13	133	0.0977444
NODE_110173_length_2086_cov_3.965274	359	492	16	17	133	0.1278196
NODE_110173_length_2086_cov_3.965274	359	492	17	20	133	0.1503759
NODE_110173_length_2086_cov_3.965274	359	492	18	23	133	0.1729323
NODE_110173_length_2086_cov_3.965274	359	492	19	1	133	0.0075188
NODE_110209_length_2086_cov_2.794665	297	430	11	4	133	0.0300752
NODE_110209_length_2086_cov_2.794665	297	430	12	7	133	0.0526316
NODE_110209_length_2086_cov_2.794665	297	430	13	11	133	0.0827068
NODE_110209_length_2086_cov_2.794665	297	430	14	19	133	0.1428571
NODE_110209_length_2086_cov_2.794665	297	430	15	6	133	0.0451128
NODE_110209_length_2086_cov_2.794665	297	430	16	15	133	0.1127820
NODE_110209_length_2086_cov_2.794665	297	430	17	14	133	0.1052632
NODE_110209_length_2086_cov_2.794665	297	430	18	2	133	0.0150376
NODE_110209_length_2086_cov_2.794665	297	430	19	26	133	0.1954887
NODE_110209_length_2086_cov_2.794665	297	430	20	28	133	0.2105263
NODE_110209_length_2086_cov_2.794665	297	430	21	1	133	0.0075188
NODE_110232_length_2085_cov_4.549849	1027	1160	3	5	133	0.0375940
NODE_110232_length_2085_cov_4.549849	1027	1160	4	21	133	0.1578947
NODE_110232_length_2085_cov_4.549849	1027	1160	5	26	133	0.1954887
NODE_110232_length_2085_cov_4.549849	1027	1160	6	3	133	0.0225564
NODE_110232_length_2085_cov_4.549849	1027	1160	7	11	133	0.0827068
NODE_110232_length_2085_cov_4.549849	1027	1160	8	67	133	0.5037594
NODE_1102_length_14464_cov_4.054229	7277	7410	8	6	133	0.0451128
NODE_1102_length_14464_cov_4.054229	7277	7410	9	2	133	0.0150376
NODE_1102_length_14464_cov_4.054229	7277	7410	10	3	133	0.0225564
NODE_1102_length_14464_cov_4.054229	7277	7410	11	27	133	0.2030075
NODE_1102_length_14464_cov_4.054229	7277	7410	12	9	133	0.0676692
NODE_1102_length_14464_cov_4.054229	7277	7410	13	7	133	0.0526316
NODE_1102_length_14464_cov_4.054229	7277	7410	14	9	133	0.0676692
NODE_1102_length_14464_cov_4.054229	7277	7410	15	41	133	0.3082707
NODE_1102_length_14464_cov_4.054229	7277	7410	16	6	133	0.0451128
NODE_1102_length_14464_cov_4.054229	7277	7410	17	11	133	0.0827068
NODE_1102_length_14464_cov_4.054229	7277	7410	18	12	133	0.0902256
NODE_11035_length_7144_cov_3.750603	6721	6854	10	5	133	0.0375940
NODE_11035_length_7144_cov_3.750603	6721	6854	11	16	133	0.1203008
NODE_11035_length_7144_cov_3.750603	6721	6854	12	1	133	0.0075188
NODE_11035_length_7144_cov_3.750603	6721	6854	13	9	133	0.0676692
NODE_11035_length_7144_cov_3.750603	6721	6854	14	6	133	0.0451128
NODE_11035_length_7144_cov_3.750603	6721	6854	15	4	133	0.0300752
NODE_11035_length_7144_cov_3.750603	6721	6854	17	17	133	0.1278196
NODE_11035_length_7144_cov_3.750603	6721	6854	18	9	133	0.0676692
NODE_11035_length_7144_cov_3.750603	6721	6854	19	5	133	0.0375940
NODE_11035_length_7144_cov_3.750603	6721	6854	20	4	133	0.0300752
NODE_11035_length_7144_cov_3.750603	6721	6854	21	39	133	0.2932331
NODE_11035_length_7144_cov_3.750603	6721	6854	22	18	133	0.1353384
NODE_110476_length_2082_cov_4.600101	1070	1203	12	28	133	0.2105263
NODE_110476_length_2082_cov_4.600101	1070	1203	13	20	133	0.1503759
NODE_110476_length_2082_cov_4.600101	1070	1203	14	4	133	0.0300752
NODE_110476_length_2082_cov_4.600101	1070	1203	15	21	133	0.1578947
NODE_110476_length_2082_cov_4.600101	1070	1203	16	29	133	0.2180451
NODE_110476_length_2082_cov_4.600101	1070	1203	17	11	133	0.0827068
NODE_110476_length_2082_cov_4.600101	1070	1203	18	20	133	0.1503759
NODE_110585_length_2081_cov_3.465187	935	1068	19	6	133	0.0451128
NODE_110585_length_2081_cov_3.465187	935	1068	20	2	133	0.0150376
NODE_110585_length_2081_cov_3.465187	935	1068	21	4	133	0.0300752
NODE_110585_length_2081_cov_3.465187	935	1068	22	3	133	0.0225564
NODE_110585_length_2081_cov_3.465187	935	1068	23	24	133	0.1804511
NODE_110585_length_2081_cov_3.465187	935	1068	24	29	133	0.2180451
NODE_110585_length_2081_cov_3.465187	935	1068	25	13	133	0.0977444
NODE_110585_length_2081_cov_3.465187	935	1068	26	16	133	0.1203008
NODE_110585_length_2081_cov_3.465187	935	1068	27	5	133	0.0375940
NODE_110585_length_2081_cov_3.465187	935	1068	28	4	133	0.0300752
NODE_110585_length_2081_cov_3.465187	935	1068	30	6	133	0.0451128
NODE_110585_length_2081_cov_3.465187	935	1068	31	21	133	0.1578947
NODE_110637_length_2080_cov_4.548713	1042	1175	6	9	133	0.0676692
NODE_110637_length_2080_cov_4.548713	1042	1175	7	23	133	0.1729323
NODE_110637_length_2080_cov_4.548713	1042	1175	8	7	133	0.0526316
NODE_110637_length_2080_cov_4.548713	1042	1175	9	6	133	0.0451128
NODE_110637_length_2080_cov_4.548713	1042	1175	11	8	133	0.0601504
NODE_110637_length_2080_cov_4.548713	1042	1175	12	19	133	0.1428571
NODE_110637_length_2080_cov_4.548713	1042	1175	13	3	133	0.0225564
NODE_110637_length_2080_cov_4.548713	1042	1175	16	3	133	0.0225564
NODE_110637_length_2080_cov_4.548713	1042	1175	17	13	133	0.0977444
NODE_110637_length_2080_cov_4.548713	1042	1175	18	1	133	0.0075188
NODE_110637_length_2080_cov_4.548713	1042	1175	19	6	133	0.0451128
NODE_110637_length_2080_cov_4.548713	1042	1175	21	4	133	0.0300752
NODE_110637_length_2080_cov_4.548713	1042	1175	22	1	133	0.0075188
NODE_110637_length_2080_cov_4.548713	1042	1175	24	3	133	0.0225564
NODE_110637_length_2080_cov_4.548713	1042	1175	26	14	133	0.1052632
NODE_110637_length_2080_cov_4.548713	1042	1175	28	13	133	0.0977444
NODE_110790_length_2078_cov_3.555836	461	594	4	20	133	0.1503759
NODE_110790_length_2078_cov_3.555836	461	594	5	35	133	0.2631579
NODE_110790_length_2078_cov_3.555836	461	594	6	12	133	0.0902256
NODE_110790_length_2078_cov_3.555836	461	594	7	62	133	0.4661654
NODE_110790_length_2078_cov_3.555836	461	594	8	4	133	0.0300752
NODE_110804_length_2078_cov_2.912582	61	194	3	4	133	0.0300752
NODE_110804_length_2078_cov_2.912582	61	194	5	17	133	0.1278196
NODE_110804_length_2078_cov_2.912582	61	194	7	4	133	0.0300752
NODE_110804_length_2078_cov_2.912582	61	194	8	9	133	0.0676692
NODE_110804_length_2078_cov_2.912582	61	194	10	41	133	0.3082707
NODE_110804_length_2078_cov_2.912582	61	194	11	58	133	0.4360902
NODE_110852_length_2077_cov_3.821031	154	287	4	6	133	0.0451128
NODE_110852_length_2077_cov_3.821031	154	287	5	8	133	0.0601504
NODE_110852_length_2077_cov_3.821031	154	287	6	39	133	0.2932331
NODE_110852_length_2077_cov_3.821031	154	287	7	49	133	0.3684210
NODE_110852_length_2077_cov_3.821031	154	287	8	15	133	0.1127820
NODE_110852_length_2077_cov_3.821031	154	287	9	16	133	0.1203008
NODE_11085_length_7129_cov_5.105690	5967	6100	2	12	133	0.0902256
NODE_11085_length_7129_cov_5.105690	5967	6100	3	9	133	0.0676692
NODE_11085_length_7129_cov_5.105690	5967	6100	4	9	133	0.0676692
NODE_11085_length_7129_cov_5.105690	5967	6100	6	34	133	0.2556391
NODE_11085_length_7129_cov_5.105690	5967	6100	8	34	133	0.2556391
NODE_11085_length_7129_cov_5.105690	5967	6100	9	35	133	0.2631579
NODE_11092_length_7128_cov_4.495234	1890	2023	7	17	133	0.1278196
NODE_11092_length_7128_cov_4.495234	1890	2023	9	2	133	0.0150376
NODE_11092_length_7128_cov_4.495234	1890	2023	12	3	133	0.0225564
NODE_11092_length_7128_cov_4.495234	1890	2023	13	12	133	0.0902256
NODE_11092_length_7128_cov_4.495234	1890	2023	14	8	133	0.0601504
NODE_11092_length_7128_cov_4.495234	1890	2023	15	2	133	0.0150376
NODE_11092_length_7128_cov_4.495234	1890	2023	16	9	133	0.0676692
NODE_11092_length_7128_cov_4.495234	1890	2023	17	10	133	0.0751880
NODE_11092_length_7128_cov_4.495234	1890	2023	18	32	133	0.2406015
NODE_11092_length_7128_cov_4.495234	1890	2023	19	2	133	0.0150376
NODE_11092_length_7128_cov_4.495234	1890	2023	20	4	133	0.0300752
NODE_11092_length_7128_cov_4.495234	1890	2023	21	32	133	0.2406015
NODE_11093_length_7128_cov_4.238868	3218	3351	3	17	133	0.1278196
NODE_11093_length_7128_cov_4.238868	3218	3351	4	4	133	0.0300752
NODE_11093_length_7128_cov_4.238868	3218	3351	6	13	133	0.0977444
NODE_11093_length_7128_cov_4.238868	3218	3351	7	30	133	0.2255639
NODE_11093_length_7128_cov_4.238868	3218	3351	8	69	133	0.5187970
NODE_110946_length_2076_cov_3.010622	899	1032	4	12	133	0.0902256
NODE_110946_length_2076_cov_3.010622	899	1032	5	71	133	0.5338346
NODE_110946_length_2076_cov_3.010622	899	1032	6	35	133	0.2631579
NODE_110946_length_2076_cov_3.010622	899	1032	7	15	133	0.1127820
NODE_11097_length_7126_cov_4.203074	4125	4258	26	7	133	0.0526316
NODE_11097_length_7126_cov_4.203074	4125	4258	27	6	133	0.0451128
NODE_11097_length_7126_cov_4.203074	4125	4258	28	2	133	0.0150376
NODE_11097_length_7126_cov_4.203074	4125	4258	29	8	133	0.0601504
NODE_11097_length_7126_cov_4.203074	4125	4258	30	3	133	0.0225564
NODE_11097_length_7126_cov_4.203074	4125	4258	31	8	133	0.0601504
NODE_11097_length_7126_cov_4.203074	4125	4258	32	5	133	0.0375940
NODE_11097_length_7126_cov_4.203074	4125	4258	34	5	133	0.0375940
NODE_11097_length_7126_cov_4.203074	4125	4258	35	6	133	0.0451128
NODE_11097_length_7126_cov_4.203074	4125	4258	36	3	133	0.0225564
NODE_11097_length_7126_cov_4.203074	4125	4258	37	2	133	0.0150376
NODE_11097_length_7126_cov_4.203074	4125	4258	38	9	133	0.0676692
NODE_11097_length_7126_cov_4.203074	4125	4258	39	9	133	0.0676692
NODE_11097_length_7126_cov_4.203074	4125	4258	40	4	133	0.0300752
NODE_11097_length_7126_cov_4.203074	4125	4258	41	2	133	0.0150376
NODE_11097_length_7126_cov_4.203074	4125	4258	43	5	133	0.0375940
NODE_11097_length_7126_cov_4.203074	4125	4258	44	15	133	0.1127820
NODE_11097_length_7126_cov_4.203074	4125	4258	45	8	133	0.0601504
NODE_11097_length_7126_cov_4.203074	4125	4258	46	1	133	0.0075188
NODE_11097_length_7126_cov_4.203074	4125	4258	47	22	133	0.1654135
NODE_11097_length_7126_cov_4.203074	4125	4258	48	2	133	0.0150376
NODE_11097_length_7126_cov_4.203074	4125	4258	50	1	133	0.0075188
NODE_111105_length_2073_cov_5.317123	833	966	7	1	133	0.0075188
NODE_111105_length_2073_cov_5.317123	833	966	8	4	133	0.0300752
NODE_111105_length_2073_cov_5.317123	833	966	9	26	133	0.1954887
NODE_111105_length_2073_cov_5.317123	833	966	10	3	133	0.0225564
NODE_111105_length_2073_cov_5.317123	833	966	11	6	133	0.0451128
NODE_111105_length_2073_cov_5.317123	833	966	13	18	133	0.1353384
NODE_111105_length_2073_cov_5.317123	833	966	14	11	133	0.0827068
NODE_111105_length_2073_cov_5.317123	833	966	17	2	133	0.0150376
NODE_111105_length_2073_cov_5.317123	833	966	18	5	133	0.0375940
NODE_111105_length_2073_cov_5.317123	833	966	20	9	133	0.0676692
NODE_111105_length_2073_cov_5.317123	833	966	21	3	133	0.0225564
NODE_111105_length_2073_cov_5.317123	833	966	22	2	133	0.0150376
NODE_111105_length_2073_cov_5.317123	833	966	23	31	133	0.2330827
NODE_111105_length_2073_cov_5.317123	833	966	24	12	133	0.0902256
NODE_111246_length_2071_cov_4.882860	910	1043	18	10	133	0.0751880
NODE_111246_length_2071_cov_4.882860	910	1043	19	1	133	0.0075188
NODE_111246_length_2071_cov_4.882860	910	1043	20	12	133	0.0902256
NODE_111246_length_2071_cov_4.882860	910	1043	21	12	133	0.0902256
NODE_111246_length_2071_cov_4.882860	910	1043	22	14	133	0.1052632
NODE_111246_length_2071_cov_4.882860	910	1043	23	3	133	0.0225564
NODE_111246_length_2071_cov_4.882860	910	1043	24	16	133	0.1203008
NODE_111246_length_2071_cov_4.882860	910	1043	25	34	133	0.2556391
NODE_111246_length_2071_cov_4.882860	910	1043	26	28	133	0.2105263
NODE_111246_length_2071_cov_4.882860	910	1043	27	3	133	0.0225564
NODE_111353_length_2070_cov_3.652968	461	594	7	9	133	0.0676692
NODE_111353_length_2070_cov_3.652968	461	594	8	2	133	0.0150376
NODE_111353_length_2070_cov_3.652968	461	594	9	3	133	0.0225564
NODE_111353_length_2070_cov_3.652968	461	594	11	14	133	0.1052632
NODE_111353_length_2070_cov_3.652968	461	594	12	9	133	0.0676692
NODE_111353_length_2070_cov_3.652968	461	594	13	3	133	0.0225564
NODE_111353_length_2070_cov_3.652968	461	594	15	2	133	0.0150376
NODE_111353_length_2070_cov_3.652968	461	594	16	9	133	0.0676692
NODE_111353_length_2070_cov_3.652968	461	594	17	14	133	0.1052632
NODE_111353_length_2070_cov_3.652968	461	594	18	7	133	0.0526316
NODE_111353_length_2070_cov_3.652968	461	594	19	22	133	0.1654135
NODE_111353_length_2070_cov_3.652968	461	594	20	1	133	0.0075188
NODE_111353_length_2070_cov_3.652968	461	594	21	11	133	0.0827068
NODE_111353_length_2070_cov_3.652968	461	594	22	27	133	0.2030075
NODE_111406_length_2069_cov_4.020305	0	133	1	133	133	1.0000000
NODE_111418_length_2069_cov_3.675127	451	584	7	3	133	0.0225564
NODE_111418_length_2069_cov_3.675127	451	584	8	18	133	0.1353384
NODE_111418_length_2069_cov_3.675127	451	584	9	63	133	0.4736842
NODE_111418_length_2069_cov_3.675127	451	584	10	21	133	0.1578947
NODE_111418_length_2069_cov_3.675127	451	584	11	26	133	0.1954887
NODE_111418_length_2069_cov_3.675127	451	584	12	2	133	0.0150376
NODE_11141_length_7116_cov_4.872310	5841	5974	14	7	133	0.0526316
NODE_11141_length_7116_cov_4.872310	5841	5974	15	14	133	0.1052632
NODE_11141_length_7116_cov_4.872310	5841	5974	16	18	133	0.1353384
NODE_11141_length_7116_cov_4.872310	5841	5974	17	1	133	0.0075188
NODE_11141_length_7116_cov_4.872310	5841	5974	18	6	133	0.0451128
NODE_11141_length_7116_cov_4.872310	5841	5974	19	14	133	0.1052632
NODE_11141_length_7116_cov_4.872310	5841	5974	20	13	133	0.0977444
NODE_11141_length_7116_cov_4.872310	5841	5974	21	4	133	0.0300752
NODE_11141_length_7116_cov_4.872310	5841	5974	22	22	133	0.1654135
NODE_11141_length_7116_cov_4.872310	5841	5974	23	24	133	0.1804511
NODE_11141_length_7116_cov_4.872310	5841	5974	24	10	133	0.0751880
NODE_111476_length_2068_cov_4.681056	661	794	11	8	133	0.0601504
NODE_111476_length_2068_cov_4.681056	661	794	13	10	133	0.0751880
NODE_111476_length_2068_cov_4.681056	661	794	14	27	133	0.2030075
NODE_111476_length_2068_cov_4.681056	661	794	15	55	133	0.4135338
NODE_111476_length_2068_cov_4.681056	661	794	16	29	133	0.2180451
NODE_111476_length_2068_cov_4.681056	661	794	18	4	133	0.0300752
NODE_111532_length_2067_cov_4.950203	1357	1490	8	10	133	0.0751880
NODE_111532_length_2067_cov_4.950203	1357	1490	9	16	133	0.1203008
NODE_111532_length_2067_cov_4.950203	1357	1490	10	9	133	0.0676692
NODE_111532_length_2067_cov_4.950203	1357	1490	11	11	133	0.0827068
NODE_111532_length_2067_cov_4.950203	1357	1490	12	25	133	0.1879699
NODE_111532_length_2067_cov_4.950203	1357	1490	13	22	133	0.1654135
NODE_111532_length_2067_cov_4.950203	1357	1490	14	18	133	0.1353384
NODE_111532_length_2067_cov_4.950203	1357	1490	15	22	133	0.1654135
NODE_11153_length_7114_cov_3.632217	2346	2479	6	19	133	0.1428571
NODE_11153_length_7114_cov_3.632217	2346	2479	7	25	133	0.1879699
NODE_11153_length_7114_cov_3.632217	2346	2479	8	3	133	0.0225564
NODE_11153_length_7114_cov_3.632217	2346	2479	9	3	133	0.0225564
NODE_11153_length_7114_cov_3.632217	2346	2479	10	46	133	0.3458647
NODE_11153_length_7114_cov_3.632217	2346	2479	11	3	133	0.0225564
NODE_11153_length_7114_cov_3.632217	2346	2479	13	34	133	0.2556391
NODE_111573_length_2067_cov_3.205793	1277	1410	0	7	133	0.0526316
NODE_111573_length_2067_cov_3.205793	1277	1410	1	107	133	0.8045112
NODE_111573_length_2067_cov_3.205793	1277	1410	2	1	133	0.0075188
NODE_111573_length_2067_cov_3.205793	1277	1410	3	18	133	0.1353384
NODE_11161_length_7111_cov_6.763833	6563	6696	4	7	133	0.0526316
NODE_11161_length_7111_cov_6.763833	6563	6696	5	44	133	0.3308271
NODE_11161_length_7111_cov_6.763833	6563	6696	6	16	133	0.1203008
NODE_11161_length_7111_cov_6.763833	6563	6696	7	59	133	0.4436090
NODE_11161_length_7111_cov_6.763833	6563	6696	8	7	133	0.0526316
NODE_111691_length_2065_cov_4.137335	453	586	2	4	133	0.0300752
NODE_111691_length_2065_cov_4.137335	453	586	3	19	133	0.1428571
NODE_111691_length_2065_cov_4.137335	453	586	4	16	133	0.1203008
NODE_111691_length_2065_cov_4.137335	453	586	5	11	133	0.0827068
NODE_111691_length_2065_cov_4.137335	453	586	6	60	133	0.4511278
NODE_111691_length_2065_cov_4.137335	453	586	7	23	133	0.1729323
NODE_11178_length_7107_cov_33.860303	1477	1610	40	2	133	0.0150376
NODE_11178_length_7107_cov_33.860303	1477	1610	41	2	133	0.0150376
NODE_11178_length_7107_cov_33.860303	1477	1610	43	1	133	0.0075188
NODE_11178_length_7107_cov_33.860303	1477	1610	44	9	133	0.0676692
NODE_11178_length_7107_cov_33.860303	1477	1610	46	5	133	0.0375940
NODE_11178_length_7107_cov_33.860303	1477	1610	47	2	133	0.0150376
NODE_11178_length_7107_cov_33.860303	1477	1610	48	6	133	0.0451128
NODE_11178_length_7107_cov_33.860303	1477	1610	49	1	133	0.0075188
NODE_11178_length_7107_cov_33.860303	1477	1610	50	8	133	0.0601504
NODE_11178_length_7107_cov_33.860303	1477	1610	51	7	133	0.0526316
NODE_11178_length_7107_cov_33.860303	1477	1610	52	5	133	0.0375940
NODE_11178_length_7107_cov_33.860303	1477	1610	53	15	133	0.1127820
NODE_11178_length_7107_cov_33.860303	1477	1610	54	15	133	0.1127820
NODE_11178_length_7107_cov_33.860303	1477	1610	55	20	133	0.1503759
NODE_11178_length_7107_cov_33.860303	1477	1610	56	6	133	0.0451128
NODE_11178_length_7107_cov_33.860303	1477	1610	57	18	133	0.1353384
NODE_11178_length_7107_cov_33.860303	1477	1610	58	11	133	0.0827068
NODE_11185_length_7106_cov_5.247467	2860	2993	6	8	133	0.0601504
NODE_11185_length_7106_cov_5.247467	2860	2993	7	50	133	0.3759398
NODE_11185_length_7106_cov_5.247467	2860	2993	8	44	133	0.3308271
NODE_11185_length_7106_cov_5.247467	2860	2993	9	31	133	0.2330827
NODE_111861_length_2063_cov_2.672607	749	882	5	12	133	0.0902256
NODE_111861_length_2063_cov_2.672607	749	882	6	14	133	0.1052632
NODE_111861_length_2063_cov_2.672607	749	882	7	21	133	0.1578947
NODE_111861_length_2063_cov_2.672607	749	882	8	46	133	0.3458647
NODE_111861_length_2063_cov_2.672607	749	882	9	38	133	0.2857143
NODE_111861_length_2063_cov_2.672607	749	882	11	2	133	0.0150376
NODE_111893_length_2062_cov_4.314824	1451	1584	18	1	133	0.0075188
NODE_111893_length_2062_cov_4.314824	1451	1584	20	5	133	0.0375940
NODE_111893_length_2062_cov_4.314824	1451	1584	22	10	133	0.0751880
NODE_111893_length_2062_cov_4.314824	1451	1584	23	4	133	0.0300752
NODE_111893_length_2062_cov_4.314824	1451	1584	24	2	133	0.0150376
NODE_111893_length_2062_cov_4.314824	1451	1584	25	15	133	0.1127820
NODE_111893_length_2062_cov_4.314824	1451	1584	26	9	133	0.0676692
NODE_111893_length_2062_cov_4.314824	1451	1584	27	15	133	0.1127820
NODE_111893_length_2062_cov_4.314824	1451	1584	28	18	133	0.1353384
NODE_111893_length_2062_cov_4.314824	1451	1584	29	14	133	0.1052632
NODE_111893_length_2062_cov_4.314824	1451	1584	30	14	133	0.1052632
NODE_111893_length_2062_cov_4.314824	1451	1584	31	2	133	0.0150376
NODE_111893_length_2062_cov_4.314824	1451	1584	32	16	133	0.1203008
NODE_111893_length_2062_cov_4.314824	1451	1584	33	5	133	0.0375940
NODE_111893_length_2062_cov_4.314824	1451	1584	34	3	133	0.0225564
NODE_111924_length_2062_cov_3.379521	894	1027	0	75	133	0.5639098
NODE_111924_length_2062_cov_3.379521	894	1027	1	25	133	0.1879699
NODE_111924_length_2062_cov_3.379521	894	1027	2	10	133	0.0751880
NODE_111924_length_2062_cov_3.379521	894	1027	3	23	133	0.1729323
NODE_111955_length_2061_cov_5.919980	769	902	12	1	133	0.0075188
NODE_111955_length_2061_cov_5.919980	769	902	13	14	133	0.1052632
NODE_111955_length_2061_cov_5.919980	769	902	14	7	133	0.0526316
NODE_111955_length_2061_cov_5.919980	769	902	15	17	133	0.1278196
NODE_111955_length_2061_cov_5.919980	769	902	16	11	133	0.0827068
NODE_111955_length_2061_cov_5.919980	769	902	17	9	133	0.0676692
NODE_111955_length_2061_cov_5.919980	769	902	18	4	133	0.0300752
NODE_111955_length_2061_cov_5.919980	769	902	19	3	133	0.0225564
NODE_111955_length_2061_cov_5.919980	769	902	20	19	133	0.1428571
NODE_111955_length_2061_cov_5.919980	769	902	21	9	133	0.0676692
NODE_111955_length_2061_cov_5.919980	769	902	22	39	133	0.2932331
NODE_112028_length_2060_cov_4.985212	710	843	17	3	133	0.0225564
NODE_112028_length_2060_cov_4.985212	710	843	18	12	133	0.0902256
NODE_112028_length_2060_cov_4.985212	710	843	19	16	133	0.1203008
NODE_112028_length_2060_cov_4.985212	710	843	20	18	133	0.1353384
NODE_112028_length_2060_cov_4.985212	710	843	21	2	133	0.0150376
NODE_112028_length_2060_cov_4.985212	710	843	22	5	133	0.0375940
NODE_112028_length_2060_cov_4.985212	710	843	23	4	133	0.0300752
NODE_112028_length_2060_cov_4.985212	710	843	24	9	133	0.0676692
NODE_112028_length_2060_cov_4.985212	710	843	25	10	133	0.0751880
NODE_112028_length_2060_cov_4.985212	710	843	26	18	133	0.1353384
NODE_112028_length_2060_cov_4.985212	710	843	27	22	133	0.1654135
NODE_112028_length_2060_cov_4.985212	710	843	28	6	133	0.0451128
NODE_112028_length_2060_cov_4.985212	710	843	29	8	133	0.0601504
NODE_11202_length_7102_cov_3.862345	4368	4501	3	38	133	0.2857143
NODE_11202_length_7102_cov_3.862345	4368	4501	4	74	133	0.5563910
NODE_11202_length_7102_cov_3.862345	4368	4501	6	21	133	0.1578947
NODE_11205_length_7101_cov_4.392745	1720	1853	7	16	133	0.1203008
NODE_11205_length_7101_cov_4.392745	1720	1853	8	1	133	0.0075188
NODE_11205_length_7101_cov_4.392745	1720	1853	9	9	133	0.0676692
NODE_11205_length_7101_cov_4.392745	1720	1853	10	10	133	0.0751880
NODE_11205_length_7101_cov_4.392745	1720	1853	11	35	133	0.2631579
NODE_11205_length_7101_cov_4.392745	1720	1853	13	4	133	0.0300752
NODE_11205_length_7101_cov_4.392745	1720	1853	14	12	133	0.0902256
NODE_11205_length_7101_cov_4.392745	1720	1853	15	46	133	0.3458647
NODE_112103_length_2059_cov_4.865816	808	941	6	4	133	0.0300752
NODE_112103_length_2059_cov_4.865816	808	941	7	1	133	0.0075188
NODE_112103_length_2059_cov_4.865816	808	941	8	7	133	0.0526316
NODE_112103_length_2059_cov_4.865816	808	941	9	69	133	0.5187970
NODE_112103_length_2059_cov_4.865816	808	941	10	9	133	0.0676692
NODE_112103_length_2059_cov_4.865816	808	941	11	43	133	0.3233083
NODE_11210_length_7101_cov_3.601114	3347	3480	3	3	133	0.0225564
NODE_11210_length_7101_cov_3.601114	3347	3480	5	54	133	0.4060150
NODE_11210_length_7101_cov_3.601114	3347	3480	6	25	133	0.1879699
NODE_11210_length_7101_cov_3.601114	3347	3480	7	51	133	0.3834586
NODE_112112_length_2059_cov_4.358673	228	361	3	31	133	0.2330827
NODE_112112_length_2059_cov_4.358673	228	361	6	1	133	0.0075188
NODE_112112_length_2059_cov_4.358673	228	361	7	9	133	0.0676692
NODE_112112_length_2059_cov_4.358673	228	361	9	4	133	0.0300752
NODE_112112_length_2059_cov_4.358673	228	361	10	2	133	0.0150376
NODE_112112_length_2059_cov_4.358673	228	361	11	2	133	0.0150376
NODE_112112_length_2059_cov_4.358673	228	361	13	1	133	0.0075188
NODE_112112_length_2059_cov_4.358673	228	361	14	3	133	0.0225564
NODE_112112_length_2059_cov_4.358673	228	361	15	17	133	0.1278196
NODE_112112_length_2059_cov_4.358673	228	361	16	5	133	0.0375940
NODE_112112_length_2059_cov_4.358673	228	361	17	2	133	0.0150376
NODE_112112_length_2059_cov_4.358673	228	361	18	7	133	0.0526316
NODE_112112_length_2059_cov_4.358673	228	361	19	2	133	0.0150376
NODE_112112_length_2059_cov_4.358673	228	361	20	5	133	0.0375940
NODE_112112_length_2059_cov_4.358673	228	361	21	7	133	0.0526316
NODE_112112_length_2059_cov_4.358673	228	361	22	3	133	0.0225564
NODE_112112_length_2059_cov_4.358673	228	361	23	3	133	0.0225564
NODE_112112_length_2059_cov_4.358673	228	361	24	23	133	0.1729323
NODE_112112_length_2059_cov_4.358673	228	361	25	6	133	0.0451128
NODE_112135_length_2059_cov_3.741327	1872	2005	7	1	133	0.0075188
NODE_112135_length_2059_cov_3.741327	1872	2005	8	25	133	0.1879699
NODE_112135_length_2059_cov_3.741327	1872	2005	9	17	133	0.1278196
NODE_112135_length_2059_cov_3.741327	1872	2005	10	49	133	0.3684210
NODE_112135_length_2059_cov_3.741327	1872	2005	11	38	133	0.2857143
NODE_112135_length_2059_cov_3.741327	1872	2005	12	3	133	0.0225564
NODE_112202_length_2058_cov_4.018377	1767	1900	8	7	133	0.0526316
NODE_112202_length_2058_cov_4.018377	1767	1900	9	5	133	0.0375940
NODE_112202_length_2058_cov_4.018377	1767	1900	11	10	133	0.0751880
NODE_112202_length_2058_cov_4.018377	1767	1900	12	5	133	0.0375940
NODE_112202_length_2058_cov_4.018377	1767	1900	13	6	133	0.0451128
NODE_112202_length_2058_cov_4.018377	1767	1900	14	1	133	0.0075188
NODE_112202_length_2058_cov_4.018377	1767	1900	17	8	133	0.0601504
NODE_112202_length_2058_cov_4.018377	1767	1900	18	1	133	0.0075188
NODE_112202_length_2058_cov_4.018377	1767	1900	20	4	133	0.0300752
NODE_112202_length_2058_cov_4.018377	1767	1900	22	1	133	0.0075188
NODE_112202_length_2058_cov_4.018377	1767	1900	23	11	133	0.0827068
NODE_112202_length_2058_cov_4.018377	1767	1900	25	7	133	0.0526316
NODE_112202_length_2058_cov_4.018377	1767	1900	26	8	133	0.0601504
NODE_112202_length_2058_cov_4.018377	1767	1900	28	1	133	0.0075188
NODE_112202_length_2058_cov_4.018377	1767	1900	29	1	133	0.0075188
NODE_112202_length_2058_cov_4.018377	1767	1900	30	3	133	0.0225564
NODE_112202_length_2058_cov_4.018377	1767	1900	31	8	133	0.0601504
NODE_112202_length_2058_cov_4.018377	1767	1900	32	31	133	0.2330827
NODE_112202_length_2058_cov_4.018377	1767	1900	33	7	133	0.0526316
NODE_112202_length_2058_cov_4.018377	1767	1900	34	8	133	0.0601504
NODE_112243_length_2057_cov_5.306435	484	617	4	14	133	0.1052632
NODE_112243_length_2057_cov_5.306435	484	617	5	67	133	0.5037594
NODE_112243_length_2057_cov_5.306435	484	617	6	45	133	0.3383459
NODE_112243_length_2057_cov_5.306435	484	617	7	7	133	0.0526316
NODE_112283_length_2057_cov_3.424413	749	882	10	6	133	0.0451128
NODE_112283_length_2057_cov_3.424413	749	882	12	3	133	0.0225564
NODE_112283_length_2057_cov_3.424413	749	882	13	4	133	0.0300752
NODE_112283_length_2057_cov_3.424413	749	882	14	15	133	0.1127820
NODE_112283_length_2057_cov_3.424413	749	882	17	27	133	0.2030075
NODE_112283_length_2057_cov_3.424413	749	882	18	28	133	0.2105263
NODE_112283_length_2057_cov_3.424413	749	882	19	16	133	0.1203008
NODE_112283_length_2057_cov_3.424413	749	882	20	6	133	0.0451128
NODE_112283_length_2057_cov_3.424413	749	882	21	28	133	0.2105263
NODE_112308_length_2056_cov_5.672969	155	288	1	8	133	0.0601504
NODE_112308_length_2056_cov_5.672969	155	288	2	4	133	0.0300752
NODE_112308_length_2056_cov_5.672969	155	288	4	1	133	0.0075188
NODE_112308_length_2056_cov_5.672969	155	288	5	14	133	0.1052632
NODE_112308_length_2056_cov_5.672969	155	288	6	44	133	0.3308271
NODE_112308_length_2056_cov_5.672969	155	288	7	62	133	0.4661654
NODE_112426_length_2055_cov_2.621166	36	169	4	10	133	0.0751880
NODE_112426_length_2055_cov_2.621166	36	169	6	2	133	0.0150376
NODE_112426_length_2055_cov_2.621166	36	169	7	7	133	0.0526316
NODE_112426_length_2055_cov_2.621166	36	169	8	5	133	0.0375940
NODE_112426_length_2055_cov_2.621166	36	169	9	2	133	0.0150376
NODE_112426_length_2055_cov_2.621166	36	169	11	18	133	0.1353384
NODE_112426_length_2055_cov_2.621166	36	169	12	12	133	0.0902256
NODE_112426_length_2055_cov_2.621166	36	169	13	6	133	0.0451128
NODE_112426_length_2055_cov_2.621166	36	169	14	62	133	0.4661654
NODE_112426_length_2055_cov_2.621166	36	169	15	5	133	0.0375940
NODE_112426_length_2055_cov_2.621166	36	169	16	4	133	0.0300752
NODE_112452_length_2054_cov_4.334527	646	779	0	33	133	0.2481203
NODE_112452_length_2054_cov_4.334527	646	779	1	23	133	0.1729323
NODE_112452_length_2054_cov_4.334527	646	779	3	11	133	0.0827068
NODE_112452_length_2054_cov_4.334527	646	779	4	46	133	0.3458647
NODE_112452_length_2054_cov_4.334527	646	779	5	20	133	0.1503759
NODE_112566_length_2053_cov_2.985159	1511	1644	20	1	133	0.0075188
NODE_112566_length_2053_cov_2.985159	1511	1644	21	1	133	0.0075188
NODE_112566_length_2053_cov_2.985159	1511	1644	22	11	133	0.0827068
NODE_112566_length_2053_cov_2.985159	1511	1644	24	8	133	0.0601504
NODE_112566_length_2053_cov_2.985159	1511	1644	26	2	133	0.0150376
NODE_112566_length_2053_cov_2.985159	1511	1644	27	5	133	0.0375940
NODE_112566_length_2053_cov_2.985159	1511	1644	28	5	133	0.0375940
NODE_112566_length_2053_cov_2.985159	1511	1644	31	5	133	0.0375940
NODE_112566_length_2053_cov_2.985159	1511	1644	32	9	133	0.0676692
NODE_112566_length_2053_cov_2.985159	1511	1644	34	18	133	0.1353384
NODE_112566_length_2053_cov_2.985159	1511	1644	35	3	133	0.0225564
NODE_112566_length_2053_cov_2.985159	1511	1644	36	3	133	0.0225564
NODE_112566_length_2053_cov_2.985159	1511	1644	38	5	133	0.0375940
NODE_112566_length_2053_cov_2.985159	1511	1644	41	9	133	0.0676692
NODE_112566_length_2053_cov_2.985159	1511	1644	42	43	133	0.3233083
NODE_112566_length_2053_cov_2.985159	1511	1644	43	5	133	0.0375940
NODE_112582_length_2052_cov_5.196621	1312	1445	9	1	133	0.0075188
NODE_112582_length_2052_cov_5.196621	1312	1445	10	18	133	0.1353384
NODE_112582_length_2052_cov_5.196621	1312	1445	11	5	133	0.0375940
NODE_112582_length_2052_cov_5.196621	1312	1445	12	20	133	0.1503759
NODE_112582_length_2052_cov_5.196621	1312	1445	13	21	133	0.1578947
NODE_112582_length_2052_cov_5.196621	1312	1445	14	41	133	0.3082707
NODE_112582_length_2052_cov_5.196621	1312	1445	15	20	133	0.1503759
NODE_112582_length_2052_cov_5.196621	1312	1445	17	7	133	0.0526316
NODE_112653_length_2051_cov_5.189037	1450	1583	6	44	133	0.3308271
NODE_112653_length_2051_cov_5.189037	1450	1583	7	59	133	0.4436090
NODE_112653_length_2051_cov_5.189037	1450	1583	8	26	133	0.1954887
NODE_112653_length_2051_cov_5.189037	1450	1583	9	4	133	0.0300752
NODE_112661_length_2051_cov_4.691598	1483	1616	5	12	133	0.0902256
NODE_112661_length_2051_cov_4.691598	1483	1616	6	15	133	0.1127820
NODE_112661_length_2051_cov_4.691598	1483	1616	8	3	133	0.0225564
NODE_112661_length_2051_cov_4.691598	1483	1616	10	1	133	0.0075188
NODE_112661_length_2051_cov_4.691598	1483	1616	12	2	133	0.0150376
NODE_112661_length_2051_cov_4.691598	1483	1616	13	9	133	0.0676692
NODE_112661_length_2051_cov_4.691598	1483	1616	14	39	133	0.2932331
NODE_112661_length_2051_cov_4.691598	1483	1616	15	52	133	0.3909774
NODE_112701_length_2051_cov_3.129611	134	267	12	5	133	0.0375940
NODE_112701_length_2051_cov_3.129611	134	267	14	12	133	0.0902256
NODE_112701_length_2051_cov_3.129611	134	267	16	10	133	0.0751880
NODE_112701_length_2051_cov_3.129611	134	267	17	5	133	0.0375940
NODE_112701_length_2051_cov_3.129611	134	267	19	3	133	0.0225564
NODE_112701_length_2051_cov_3.129611	134	267	21	7	133	0.0526316
NODE_112701_length_2051_cov_3.129611	134	267	23	4	133	0.0300752
NODE_112701_length_2051_cov_3.129611	134	267	24	19	133	0.1428571
NODE_112701_length_2051_cov_3.129611	134	267	25	23	133	0.1729323
NODE_112701_length_2051_cov_3.129611	134	267	26	15	133	0.1127820
NODE_112701_length_2051_cov_3.129611	134	267	27	9	133	0.0676692
NODE_112701_length_2051_cov_3.129611	134	267	28	2	133	0.0150376
NODE_112701_length_2051_cov_3.129611	134	267	29	9	133	0.0676692
NODE_112701_length_2051_cov_3.129611	134	267	30	10	133	0.0751880
NODE_112714_length_2051_cov_2.468238	1278	1411	5	11	133	0.0827068
NODE_112714_length_2051_cov_2.468238	1278	1411	6	28	133	0.2105263
NODE_112714_length_2051_cov_2.468238	1278	1411	7	9	133	0.0676692
NODE_112714_length_2051_cov_2.468238	1278	1411	8	22	133	0.1654135
NODE_112714_length_2051_cov_2.468238	1278	1411	9	17	133	0.1278196
NODE_112714_length_2051_cov_2.468238	1278	1411	11	2	133	0.0150376
NODE_112714_length_2051_cov_2.468238	1278	1411	12	21	133	0.1578947
NODE_112714_length_2051_cov_2.468238	1278	1411	13	23	133	0.1729323
NODE_11273_length_7082_cov_7.462409	3118	3251	2	29	133	0.2180451
NODE_11273_length_7082_cov_7.462409	3118	3251	3	18	133	0.1353384
NODE_11273_length_7082_cov_7.462409	3118	3251	4	15	133	0.1127820
NODE_11273_length_7082_cov_7.462409	3118	3251	5	1	133	0.0075188
NODE_11273_length_7082_cov_7.462409	3118	3251	7	18	133	0.1353384
NODE_11273_length_7082_cov_7.462409	3118	3251	9	52	133	0.3909774
NODE_112829_length_2049_cov_3.765128	568	701	13	6	133	0.0451128
NODE_112829_length_2049_cov_3.765128	568	701	14	6	133	0.0451128
NODE_112829_length_2049_cov_3.765128	568	701	15	37	133	0.2781955
NODE_112829_length_2049_cov_3.765128	568	701	16	9	133	0.0676692
NODE_112829_length_2049_cov_3.765128	568	701	17	30	133	0.2255639
NODE_112829_length_2049_cov_3.765128	568	701	18	17	133	0.1278196
NODE_112829_length_2049_cov_3.765128	568	701	19	16	133	0.1203008
NODE_112829_length_2049_cov_3.765128	568	701	20	12	133	0.0902256
NODE_112884_length_2048_cov_4.371473	1019	1152	10	5	133	0.0375940
NODE_112884_length_2048_cov_4.371473	1019	1152	12	2	133	0.0150376
NODE_112884_length_2048_cov_4.371473	1019	1152	14	2	133	0.0150376
NODE_112884_length_2048_cov_4.371473	1019	1152	15	9	133	0.0676692
NODE_112884_length_2048_cov_4.371473	1019	1152	16	7	133	0.0526316
NODE_112884_length_2048_cov_4.371473	1019	1152	17	2	133	0.0150376
NODE_112884_length_2048_cov_4.371473	1019	1152	19	6	133	0.0451128
NODE_112884_length_2048_cov_4.371473	1019	1152	20	9	133	0.0676692
NODE_112884_length_2048_cov_4.371473	1019	1152	21	3	133	0.0225564
NODE_112884_length_2048_cov_4.371473	1019	1152	23	2	133	0.0150376
NODE_112884_length_2048_cov_4.371473	1019	1152	24	6	133	0.0451128
NODE_112884_length_2048_cov_4.371473	1019	1152	25	2	133	0.0150376
NODE_112884_length_2048_cov_4.371473	1019	1152	26	7	133	0.0526316
NODE_112884_length_2048_cov_4.371473	1019	1152	28	5	133	0.0375940
NODE_112884_length_2048_cov_4.371473	1019	1152	29	19	133	0.1428571
NODE_112884_length_2048_cov_4.371473	1019	1152	30	7	133	0.0526316
NODE_112884_length_2048_cov_4.371473	1019	1152	31	9	133	0.0676692
NODE_112884_length_2048_cov_4.371473	1019	1152	32	22	133	0.1654135
NODE_112884_length_2048_cov_4.371473	1019	1152	33	9	133	0.0676692
NODE_11292_length_7076_cov_5.526157	3923	4056	15	2	133	0.0150376
NODE_11292_length_7076_cov_5.526157	3923	4056	16	8	133	0.0601504
NODE_11292_length_7076_cov_5.526157	3923	4056	17	12	133	0.0902256
NODE_11292_length_7076_cov_5.526157	3923	4056	18	5	133	0.0375940
NODE_11292_length_7076_cov_5.526157	3923	4056	19	2	133	0.0150376
NODE_11292_length_7076_cov_5.526157	3923	4056	25	2	133	0.0150376
NODE_11292_length_7076_cov_5.526157	3923	4056	26	4	133	0.0300752
NODE_11292_length_7076_cov_5.526157	3923	4056	27	8	133	0.0601504
NODE_11292_length_7076_cov_5.526157	3923	4056	28	9	133	0.0676692
NODE_11292_length_7076_cov_5.526157	3923	4056	29	9	133	0.0676692
NODE_11292_length_7076_cov_5.526157	3923	4056	31	9	133	0.0676692
NODE_11292_length_7076_cov_5.526157	3923	4056	32	12	133	0.0902256
NODE_11292_length_7076_cov_5.526157	3923	4056	33	4	133	0.0300752
NODE_11292_length_7076_cov_5.526157	3923	4056	34	22	133	0.1654135
NODE_11292_length_7076_cov_5.526157	3923	4056	35	24	133	0.1804511
NODE_11292_length_7076_cov_5.526157	3923	4056	36	1	133	0.0075188
NODE_113015_length_2046_cov_6.318439	725	858	20	1	133	0.0075188
NODE_113015_length_2046_cov_6.318439	725	858	23	7	133	0.0526316
NODE_113015_length_2046_cov_6.318439	725	858	24	18	133	0.1353384
NODE_113015_length_2046_cov_6.318439	725	858	25	4	133	0.0300752
NODE_113015_length_2046_cov_6.318439	725	858	26	17	133	0.1278196
NODE_113015_length_2046_cov_6.318439	725	858	27	14	133	0.1052632
NODE_113015_length_2046_cov_6.318439	725	858	28	11	133	0.0827068
NODE_113015_length_2046_cov_6.318439	725	858	29	7	133	0.0526316
NODE_113015_length_2046_cov_6.318439	725	858	30	12	133	0.0902256
NODE_113015_length_2046_cov_6.318439	725	858	31	2	133	0.0150376
NODE_113015_length_2046_cov_6.318439	725	858	32	25	133	0.1879699
NODE_113015_length_2046_cov_6.318439	725	858	33	3	133	0.0225564
NODE_113015_length_2046_cov_6.318439	725	858	34	12	133	0.0902256
NODE_113020_length_2046_cov_5.477144	414	547	1	13	133	0.0977444
NODE_113020_length_2046_cov_5.477144	414	547	2	59	133	0.4436090
NODE_113020_length_2046_cov_5.477144	414	547	3	46	133	0.3458647
NODE_113020_length_2046_cov_5.477144	414	547	5	15	133	0.1127820
NODE_113023_length_2046_cov_5.051361	1218	1351	2	20	133	0.1503759
NODE_113023_length_2046_cov_5.051361	1218	1351	4	3	133	0.0225564
NODE_113023_length_2046_cov_5.051361	1218	1351	6	3	133	0.0225564
NODE_113023_length_2046_cov_5.051361	1218	1351	7	49	133	0.3684210
NODE_113023_length_2046_cov_5.051361	1218	1351	8	28	133	0.2105263
NODE_113023_length_2046_cov_5.051361	1218	1351	9	6	133	0.0451128
NODE_113023_length_2046_cov_5.051361	1218	1351	10	24	133	0.1804511
NODE_11302_length_7074_cov_4.614050	5375	5508	10	1	133	0.0075188
NODE_11302_length_7074_cov_4.614050	5375	5508	11	27	133	0.2030075
NODE_11302_length_7074_cov_4.614050	5375	5508	12	16	133	0.1203008
NODE_11302_length_7074_cov_4.614050	5375	5508	13	6	133	0.0451128
NODE_11302_length_7074_cov_4.614050	5375	5508	14	9	133	0.0676692
NODE_11302_length_7074_cov_4.614050	5375	5508	16	8	133	0.0601504
NODE_11302_length_7074_cov_4.614050	5375	5508	17	5	133	0.0375940
NODE_11302_length_7074_cov_4.614050	5375	5508	18	11	133	0.0827068
NODE_11302_length_7074_cov_4.614050	5375	5508	19	22	133	0.1654135
NODE_11302_length_7074_cov_4.614050	5375	5508	20	7	133	0.0526316
NODE_11302_length_7074_cov_4.614050	5375	5508	21	21	133	0.1578947
NODE_11309_length_7073_cov_4.716805	5459	5592	14	8	133	0.0601504
NODE_11309_length_7073_cov_4.716805	5459	5592	15	8	133	0.0601504
NODE_11309_length_7073_cov_4.716805	5459	5592	16	1	133	0.0075188
NODE_11309_length_7073_cov_4.716805	5459	5592	17	16	133	0.1203008
NODE_11309_length_7073_cov_4.716805	5459	5592	19	4	133	0.0300752
NODE_11309_length_7073_cov_4.716805	5459	5592	23	1	133	0.0075188
NODE_11309_length_7073_cov_4.716805	5459	5592	24	17	133	0.1278196
NODE_11309_length_7073_cov_4.716805	5459	5592	25	9	133	0.0676692
NODE_11309_length_7073_cov_4.716805	5459	5592	26	3	133	0.0225564
NODE_11309_length_7073_cov_4.716805	5459	5592	27	7	133	0.0526316
NODE_11309_length_7073_cov_4.716805	5459	5592	28	8	133	0.0601504
NODE_11309_length_7073_cov_4.716805	5459	5592	29	6	133	0.0451128
NODE_11309_length_7073_cov_4.716805	5459	5592	30	4	133	0.0300752
NODE_11309_length_7073_cov_4.716805	5459	5592	31	4	133	0.0300752
NODE_11309_length_7073_cov_4.716805	5459	5592	32	23	133	0.1729323
NODE_11309_length_7073_cov_4.716805	5459	5592	33	13	133	0.0977444
NODE_11309_length_7073_cov_4.716805	5459	5592	34	1	133	0.0075188
NODE_11323_length_7071_cov_5.179862	3786	3919	15	2	133	0.0150376
NODE_11323_length_7071_cov_5.179862	3786	3919	16	5	133	0.0375940
NODE_11323_length_7071_cov_5.179862	3786	3919	17	14	133	0.1052632
NODE_11323_length_7071_cov_5.179862	3786	3919	18	16	133	0.1203008
NODE_11323_length_7071_cov_5.179862	3786	3919	19	4	133	0.0300752
NODE_11323_length_7071_cov_5.179862	3786	3919	20	13	133	0.0977444
NODE_11323_length_7071_cov_5.179862	3786	3919	21	19	133	0.1428571
NODE_11323_length_7071_cov_5.179862	3786	3919	22	6	133	0.0451128
NODE_11323_length_7071_cov_5.179862	3786	3919	23	25	133	0.1879699
NODE_11323_length_7071_cov_5.179862	3786	3919	24	5	133	0.0375940
NODE_11323_length_7071_cov_5.179862	3786	3919	25	13	133	0.0977444
NODE_11323_length_7071_cov_5.179862	3786	3919	26	1	133	0.0075188
NODE_11323_length_7071_cov_5.179862	3786	3919	27	9	133	0.0676692
NODE_11323_length_7071_cov_5.179862	3786	3919	28	1	133	0.0075188
NODE_1132_length_14374_cov_3.934781	2206	2339	0	26	133	0.1954887
NODE_1132_length_14374_cov_3.934781	2206	2339	1	4	133	0.0300752
NODE_1132_length_14374_cov_3.934781	2206	2339	2	13	133	0.0977444
NODE_1132_length_14374_cov_3.934781	2206	2339	3	90	133	0.6766917
NODE_113338_length_2042_cov_2.374678	272	405	3	27	133	0.2030075
NODE_113338_length_2042_cov_2.374678	272	405	4	19	133	0.1428571
NODE_113338_length_2042_cov_2.374678	272	405	5	34	133	0.2556391
NODE_113338_length_2042_cov_2.374678	272	405	6	53	133	0.3984962
NODE_113377_length_2041_cov_3.722966	905	1038	0	21	133	0.1578947
NODE_113377_length_2041_cov_3.722966	905	1038	1	30	133	0.2255639
NODE_113377_length_2041_cov_3.722966	905	1038	2	82	133	0.6165413
NODE_11338_length_7067_cov_4.545063	903	1036	2	2	133	0.0150376
NODE_11338_length_7067_cov_4.545063	903	1036	3	8	133	0.0601504
NODE_11338_length_7067_cov_4.545063	903	1036	4	59	133	0.4436090
NODE_11338_length_7067_cov_4.545063	903	1036	5	37	133	0.2781955
NODE_11338_length_7067_cov_4.545063	903	1036	6	25	133	0.1879699
NODE_11338_length_7067_cov_4.545063	903	1036	7	2	133	0.0150376
NODE_113443_length_2040_cov_3.962391	1407	1540	12	1	133	0.0075188
NODE_113443_length_2040_cov_3.962391	1407	1540	13	12	133	0.0902256
NODE_113443_length_2040_cov_3.962391	1407	1540	14	22	133	0.1654135
NODE_113443_length_2040_cov_3.962391	1407	1540	15	52	133	0.3909774
NODE_113443_length_2040_cov_3.962391	1407	1540	16	3	133	0.0225564
NODE_113443_length_2040_cov_3.962391	1407	1540	17	21	133	0.1578947
NODE_113443_length_2040_cov_3.962391	1407	1540	18	15	133	0.1127820
NODE_113443_length_2040_cov_3.962391	1407	1540	19	5	133	0.0375940
NODE_113443_length_2040_cov_3.962391	1407	1540	20	2	133	0.0150376
NODE_11347_length_7065_cov_4.928510	948	1081	6	29	133	0.2180451
NODE_11347_length_7065_cov_4.928510	948	1081	7	3	133	0.0225564
NODE_11347_length_7065_cov_4.928510	948	1081	8	46	133	0.3458647
NODE_11347_length_7065_cov_4.928510	948	1081	9	23	133	0.1729323
NODE_11347_length_7065_cov_4.928510	948	1081	10	6	133	0.0451128
NODE_11347_length_7065_cov_4.928510	948	1081	11	24	133	0.1804511
NODE_11347_length_7065_cov_4.928510	948	1081	12	2	133	0.0150376
NODE_11350_length_7064_cov_4.799569	5932	6065	1	2	133	0.0150376
NODE_11350_length_7064_cov_4.799569	5932	6065	2	55	133	0.4135338
NODE_11350_length_7064_cov_4.799569	5932	6065	3	40	133	0.3007519
NODE_11350_length_7064_cov_4.799569	5932	6065	5	24	133	0.1804511
NODE_11350_length_7064_cov_4.799569	5932	6065	6	12	133	0.0902256
NODE_1135_length_14366_cov_5.048013	2005	2138	0	133	133	1.0000000
NODE_11361_length_7060_cov_4.815544	2553	2686	4	13	133	0.0977444
NODE_11361_length_7060_cov_4.815544	2553	2686	5	1	133	0.0075188
NODE_11361_length_7060_cov_4.815544	2553	2686	7	5	133	0.0375940
NODE_11361_length_7060_cov_4.815544	2553	2686	8	20	133	0.1503759
NODE_11361_length_7060_cov_4.815544	2553	2686	9	14	133	0.1052632
NODE_11361_length_7060_cov_4.815544	2553	2686	10	80	133	0.6015037
NODE_113682_length_2037_cov_2.520640	872	1005	7	6	133	0.0451128
NODE_113682_length_2037_cov_2.520640	872	1005	8	5	133	0.0375940
NODE_113682_length_2037_cov_2.520640	872	1005	9	1	133	0.0075188
NODE_113682_length_2037_cov_2.520640	872	1005	10	14	133	0.1052632
NODE_113682_length_2037_cov_2.520640	872	1005	12	2	133	0.0150376
NODE_113682_length_2037_cov_2.520640	872	1005	13	29	133	0.2180451
NODE_113682_length_2037_cov_2.520640	872	1005	14	65	133	0.4887218
NODE_113682_length_2037_cov_2.520640	872	1005	15	4	133	0.0300752
NODE_113682_length_2037_cov_2.520640	872	1005	16	7	133	0.0526316
NODE_1136_length_14360_cov_4.693289	4295	4428	17	8	133	0.0601504
NODE_1136_length_14360_cov_4.693289	4295	4428	18	6	133	0.0451128
NODE_1136_length_14360_cov_4.693289	4295	4428	19	13	133	0.0977444
NODE_1136_length_14360_cov_4.693289	4295	4428	21	6	133	0.0451128
NODE_1136_length_14360_cov_4.693289	4295	4428	22	6	133	0.0451128
NODE_1136_length_14360_cov_4.693289	4295	4428	23	1	133	0.0075188
NODE_1136_length_14360_cov_4.693289	4295	4428	29	6	133	0.0451128
NODE_1136_length_14360_cov_4.693289	4295	4428	31	9	133	0.0676692
NODE_1136_length_14360_cov_4.693289	4295	4428	32	5	133	0.0375940
NODE_1136_length_14360_cov_4.693289	4295	4428	33	6	133	0.0451128
NODE_1136_length_14360_cov_4.693289	4295	4428	34	8	133	0.0601504
NODE_1136_length_14360_cov_4.693289	4295	4428	35	9	133	0.0676692
NODE_1136_length_14360_cov_4.693289	4295	4428	36	23	133	0.1729323
NODE_1136_length_14360_cov_4.693289	4295	4428	37	14	133	0.1052632
NODE_1136_length_14360_cov_4.693289	4295	4428	38	13	133	0.0977444
NODE_113703_length_2036_cov_4.738771	499	632	5	20	133	0.1503759
NODE_113703_length_2036_cov_4.738771	499	632	6	1	133	0.0075188
NODE_113703_length_2036_cov_4.738771	499	632	7	27	133	0.2030075
NODE_113703_length_2036_cov_4.738771	499	632	8	52	133	0.3909774
NODE_113703_length_2036_cov_4.738771	499	632	9	33	133	0.2481203
NODE_113724_length_2036_cov_4.111513	1556	1689	2	16	133	0.1203008
NODE_113724_length_2036_cov_4.111513	1556	1689	3	19	133	0.1428571
NODE_113724_length_2036_cov_4.111513	1556	1689	4	8	133	0.0601504
NODE_113724_length_2036_cov_4.111513	1556	1689	5	2	133	0.0150376
NODE_113724_length_2036_cov_4.111513	1556	1689	6	38	133	0.2857143
NODE_113724_length_2036_cov_4.111513	1556	1689	7	31	133	0.2330827
NODE_113724_length_2036_cov_4.111513	1556	1689	8	10	133	0.0751880
NODE_113724_length_2036_cov_4.111513	1556	1689	9	9	133	0.0676692
NODE_1138_length_14350_cov_5.003438	14164	14297	0	9	133	0.0676692
NODE_1138_length_14350_cov_5.003438	14164	14297	1	100	133	0.7518797
NODE_1138_length_14350_cov_5.003438	14164	14297	3	7	133	0.0526316
NODE_1138_length_14350_cov_5.003438	14164	14297	4	17	133	0.1278196
NODE_11404_length_7048_cov_6.486833	2887	3020	2	32	133	0.2406015
NODE_11404_length_7048_cov_6.486833	2887	3020	3	27	133	0.2030075
NODE_11404_length_7048_cov_6.486833	2887	3020	4	14	133	0.1052632
NODE_11404_length_7048_cov_6.486833	2887	3020	5	44	133	0.3308271
NODE_11404_length_7048_cov_6.486833	2887	3020	6	13	133	0.0977444
NODE_11404_length_7048_cov_6.486833	2887	3020	7	3	133	0.0225564
NODE_114055_length_2032_cov_3.286601	817	950	0	43	133	0.3233083
NODE_114055_length_2032_cov_3.286601	817	950	1	21	133	0.1578947
NODE_114055_length_2032_cov_3.286601	817	950	2	69	133	0.5187970
NODE_114144_length_2031_cov_3.563147	1014	1147	5	17	133	0.1278196
NODE_114144_length_2031_cov_3.563147	1014	1147	6	1	133	0.0075188
NODE_114144_length_2031_cov_3.563147	1014	1147	7	3	133	0.0225564
NODE_114144_length_2031_cov_3.563147	1014	1147	8	6	133	0.0451128
NODE_114144_length_2031_cov_3.563147	1014	1147	9	1	133	0.0075188
NODE_114144_length_2031_cov_3.563147	1014	1147	10	36	133	0.2706767
NODE_114144_length_2031_cov_3.563147	1014	1147	11	32	133	0.2406015
NODE_114144_length_2031_cov_3.563147	1014	1147	12	34	133	0.2556391
NODE_114144_length_2031_cov_3.563147	1014	1147	13	3	133	0.0225564
NODE_11423_length_7045_cov_3.539735	419	552	4	21	133	0.1578947
NODE_11423_length_7045_cov_3.539735	419	552	5	22	133	0.1654135
NODE_11423_length_7045_cov_3.539735	419	552	6	5	133	0.0375940
NODE_11423_length_7045_cov_3.539735	419	552	7	44	133	0.3308271
NODE_11423_length_7045_cov_3.539735	419	552	8	30	133	0.2255639
NODE_11423_length_7045_cov_3.539735	419	552	9	11	133	0.0827068
NODE_11433_length_7042_cov_4.771857	3978	4111	17	2	133	0.0150376
NODE_11433_length_7042_cov_4.771857	3978	4111	19	2	133	0.0150376
NODE_11433_length_7042_cov_4.771857	3978	4111	20	4	133	0.0300752
NODE_11433_length_7042_cov_4.771857	3978	4111	21	8	133	0.0601504
NODE_11433_length_7042_cov_4.771857	3978	4111	22	9	133	0.0676692
NODE_11433_length_7042_cov_4.771857	3978	4111	23	8	133	0.0601504
NODE_11433_length_7042_cov_4.771857	3978	4111	24	8	133	0.0601504
NODE_11433_length_7042_cov_4.771857	3978	4111	25	3	133	0.0225564
NODE_11433_length_7042_cov_4.771857	3978	4111	26	8	133	0.0601504
NODE_11433_length_7042_cov_4.771857	3978	4111	27	26	133	0.1954887
NODE_11433_length_7042_cov_4.771857	3978	4111	29	14	133	0.1052632
NODE_11433_length_7042_cov_4.771857	3978	4111	30	28	133	0.2105263
NODE_11433_length_7042_cov_4.771857	3978	4111	31	13	133	0.0977444
NODE_114359_length_2028_cov_3.857439	304	437	5	7	133	0.0526316
NODE_114359_length_2028_cov_3.857439	304	437	6	7	133	0.0526316
NODE_114359_length_2028_cov_3.857439	304	437	7	36	133	0.2706767
NODE_114359_length_2028_cov_3.857439	304	437	8	25	133	0.1879699
NODE_114359_length_2028_cov_3.857439	304	437	9	13	133	0.0977444
NODE_114359_length_2028_cov_3.857439	304	437	10	45	133	0.3383459
NODE_114376_length_2028_cov_3.396060	1371	1504	1	8	133	0.0601504
NODE_114376_length_2028_cov_3.396060	1371	1504	2	96	133	0.7218045
NODE_114376_length_2028_cov_3.396060	1371	1504	3	29	133	0.2180451
NODE_114400_length_2027_cov_5.290975	1786	1919	12	5	133	0.0375940
NODE_114400_length_2027_cov_5.290975	1786	1919	13	25	133	0.1879699
NODE_114400_length_2027_cov_5.290975	1786	1919	17	33	133	0.2481203
NODE_114400_length_2027_cov_5.290975	1786	1919	18	50	133	0.3759398
NODE_114400_length_2027_cov_5.290975	1786	1919	19	14	133	0.1052632
NODE_114400_length_2027_cov_5.290975	1786	1919	20	6	133	0.0451128
NODE_114445_length_2027_cov_2.931017	835	968	11	4	133	0.0300752
NODE_114445_length_2027_cov_2.931017	835	968	12	2	133	0.0150376
NODE_114445_length_2027_cov_2.931017	835	968	13	9	133	0.0676692
NODE_114445_length_2027_cov_2.931017	835	968	14	14	133	0.1052632
NODE_114445_length_2027_cov_2.931017	835	968	15	8	133	0.0601504
NODE_114445_length_2027_cov_2.931017	835	968	16	11	133	0.0827068
NODE_114445_length_2027_cov_2.931017	835	968	17	18	133	0.1353384
NODE_114445_length_2027_cov_2.931017	835	968	18	1	133	0.0075188
NODE_114445_length_2027_cov_2.931017	835	968	19	7	133	0.0526316
NODE_114445_length_2027_cov_2.931017	835	968	20	17	133	0.1278196
NODE_114445_length_2027_cov_2.931017	835	968	21	16	133	0.1203008
NODE_114445_length_2027_cov_2.931017	835	968	22	21	133	0.1578947
NODE_114445_length_2027_cov_2.931017	835	968	23	2	133	0.0150376
NODE_114445_length_2027_cov_2.931017	835	968	24	3	133	0.0225564
NODE_114456_length_2027_cov_2.414938	577	710	7	5	133	0.0375940
NODE_114456_length_2027_cov_2.414938	577	710	8	9	133	0.0676692
NODE_114456_length_2027_cov_2.414938	577	710	12	11	133	0.0827068
NODE_114456_length_2027_cov_2.414938	577	710	13	29	133	0.2180451
NODE_114456_length_2027_cov_2.414938	577	710	15	19	133	0.1428571
NODE_114456_length_2027_cov_2.414938	577	710	16	2	133	0.0150376
NODE_114456_length_2027_cov_2.414938	577	710	17	44	133	0.3308271
NODE_114456_length_2027_cov_2.414938	577	710	18	14	133	0.1052632
NODE_114483_length_2026_cov_4.242346	1070	1203	5	3	133	0.0225564
NODE_114483_length_2026_cov_4.242346	1070	1203	6	12	133	0.0902256
NODE_114483_length_2026_cov_4.242346	1070	1203	7	8	133	0.0601504
NODE_114483_length_2026_cov_4.242346	1070	1203	8	4	133	0.0300752
NODE_114483_length_2026_cov_4.242346	1070	1203	9	18	133	0.1353384
NODE_114483_length_2026_cov_4.242346	1070	1203	10	6	133	0.0451128
NODE_114483_length_2026_cov_4.242346	1070	1203	11	75	133	0.5639098
NODE_114483_length_2026_cov_4.242346	1070	1203	12	7	133	0.0526316
NODE_11457_length_7036_cov_4.255154	441	574	25	5	133	0.0375940
NODE_11457_length_7036_cov_4.255154	441	574	26	13	133	0.0977444
NODE_11457_length_7036_cov_4.255154	441	574	27	2	133	0.0150376
NODE_11457_length_7036_cov_4.255154	441	574	28	8	133	0.0601504
NODE_11457_length_7036_cov_4.255154	441	574	29	19	133	0.1428571
NODE_11457_length_7036_cov_4.255154	441	574	30	13	133	0.0977444
NODE_11457_length_7036_cov_4.255154	441	574	31	15	133	0.1127820
NODE_11457_length_7036_cov_4.255154	441	574	32	21	133	0.1578947
NODE_11457_length_7036_cov_4.255154	441	574	33	11	133	0.0827068
NODE_11457_length_7036_cov_4.255154	441	574	34	15	133	0.1127820
NODE_11457_length_7036_cov_4.255154	441	574	35	11	133	0.0827068
NODE_114641_length_2024_cov_3.558961	814	947	15	20	133	0.1503759
NODE_114641_length_2024_cov_3.558961	814	947	16	8	133	0.0601504
NODE_114641_length_2024_cov_3.558961	814	947	17	9	133	0.0676692
NODE_114641_length_2024_cov_3.558961	814	947	18	17	133	0.1278196
NODE_114641_length_2024_cov_3.558961	814	947	19	11	133	0.0827068
NODE_114641_length_2024_cov_3.558961	814	947	20	15	133	0.1127820
NODE_114641_length_2024_cov_3.558961	814	947	21	13	133	0.0977444
NODE_114641_length_2024_cov_3.558961	814	947	22	31	133	0.2330827
NODE_114641_length_2024_cov_3.558961	814	947	24	9	133	0.0676692
NODE_114672_length_2023_cov_5.940748	52	185	1	8	133	0.0601504
NODE_114672_length_2023_cov_5.940748	52	185	3	2	133	0.0150376
NODE_114672_length_2023_cov_5.940748	52	185	4	4	133	0.0300752
NODE_114672_length_2023_cov_5.940748	52	185	5	7	133	0.0526316
NODE_114672_length_2023_cov_5.940748	52	185	7	4	133	0.0300752
NODE_114672_length_2023_cov_5.940748	52	185	9	17	133	0.1278196
NODE_114672_length_2023_cov_5.940748	52	185	10	18	133	0.1353384
NODE_114672_length_2023_cov_5.940748	52	185	11	41	133	0.3082707
NODE_114672_length_2023_cov_5.940748	52	185	12	32	133	0.2406015
NODE_114679_length_2023_cov_5.116944	1034	1167	7	8	133	0.0601504
NODE_114679_length_2023_cov_5.116944	1034	1167	8	71	133	0.5338346
NODE_114679_length_2023_cov_5.116944	1034	1167	9	33	133	0.2481203
NODE_114679_length_2023_cov_5.116944	1034	1167	10	10	133	0.0751880
NODE_114679_length_2023_cov_5.116944	1034	1167	11	11	133	0.0827068
NODE_114705_length_2023_cov_4.018711	1277	1410	11	7	133	0.0526316
NODE_114705_length_2023_cov_4.018711	1277	1410	12	2	133	0.0150376
NODE_114705_length_2023_cov_4.018711	1277	1410	13	8	133	0.0601504
NODE_114705_length_2023_cov_4.018711	1277	1410	14	17	133	0.1278196
NODE_114705_length_2023_cov_4.018711	1277	1410	15	23	133	0.1729323
NODE_114705_length_2023_cov_4.018711	1277	1410	16	11	133	0.0827068
NODE_114705_length_2023_cov_4.018711	1277	1410	17	26	133	0.1954887
NODE_114705_length_2023_cov_4.018711	1277	1410	18	10	133	0.0751880
NODE_114705_length_2023_cov_4.018711	1277	1410	19	29	133	0.2180451
NODE_11472_length_7033_cov_4.107874	6117	6250	9	1	133	0.0075188
NODE_11472_length_7033_cov_4.107874	6117	6250	10	16	133	0.1203008
NODE_11472_length_7033_cov_4.107874	6117	6250	11	31	133	0.2330827
NODE_11472_length_7033_cov_4.107874	6117	6250	12	14	133	0.1052632
NODE_11472_length_7033_cov_4.107874	6117	6250	13	23	133	0.1729323
NODE_11472_length_7033_cov_4.107874	6117	6250	14	6	133	0.0451128
NODE_11472_length_7033_cov_4.107874	6117	6250	15	8	133	0.0601504
NODE_11472_length_7033_cov_4.107874	6117	6250	16	13	133	0.0977444
NODE_11472_length_7033_cov_4.107874	6117	6250	17	7	133	0.0526316
NODE_11472_length_7033_cov_4.107874	6117	6250	18	2	133	0.0150376
NODE_11472_length_7033_cov_4.107874	6117	6250	20	6	133	0.0451128
NODE_11472_length_7033_cov_4.107874	6117	6250	21	6	133	0.0451128
NODE_114791_length_2022_cov_3.393656	1010	1143	2	1	133	0.0075188
NODE_114791_length_2022_cov_3.393656	1010	1143	3	35	133	0.2631579
NODE_114791_length_2022_cov_3.393656	1010	1143	4	61	133	0.4586466
NODE_114791_length_2022_cov_3.393656	1010	1143	5	14	133	0.1052632
NODE_114791_length_2022_cov_3.393656	1010	1143	8	22	133	0.1654135
NODE_114837_length_2021_cov_4.580125	1797	1930	10	7	133	0.0526316
NODE_114837_length_2021_cov_4.580125	1797	1930	11	7	133	0.0526316
NODE_114837_length_2021_cov_4.580125	1797	1930	13	8	133	0.0601504
NODE_114837_length_2021_cov_4.580125	1797	1930	14	13	133	0.0977444
NODE_114837_length_2021_cov_4.580125	1797	1930	15	5	133	0.0375940
NODE_114837_length_2021_cov_4.580125	1797	1930	17	3	133	0.0225564
NODE_114837_length_2021_cov_4.580125	1797	1930	19	5	133	0.0375940
NODE_114837_length_2021_cov_4.580125	1797	1930	22	21	133	0.1578947
NODE_114837_length_2021_cov_4.580125	1797	1930	23	11	133	0.0827068
NODE_114837_length_2021_cov_4.580125	1797	1930	24	42	133	0.3157895
NODE_114837_length_2021_cov_4.580125	1797	1930	25	11	133	0.0827068
NODE_114844_length_2021_cov_4.233091	272	405	0	4	133	0.0300752
NODE_114844_length_2021_cov_4.233091	272	405	1	14	133	0.1052632
NODE_114844_length_2021_cov_4.233091	272	405	2	2	133	0.0150376
NODE_114844_length_2021_cov_4.233091	272	405	3	23	133	0.1729323
NODE_114844_length_2021_cov_4.233091	272	405	4	73	133	0.5488722
NODE_114844_length_2021_cov_4.233091	272	405	5	14	133	0.1052632
NODE_114844_length_2021_cov_4.233091	272	405	7	3	133	0.0225564
NODE_11485_length_7029_cov_4.785426	612	745	7	23	133	0.1729323
NODE_11485_length_7029_cov_4.785426	612	745	8	8	133	0.0601504
NODE_11485_length_7029_cov_4.785426	612	745	9	50	133	0.3759398
NODE_11485_length_7029_cov_4.785426	612	745	10	14	133	0.1052632
NODE_11485_length_7029_cov_4.785426	612	745	11	8	133	0.0601504
NODE_11485_length_7029_cov_4.785426	612	745	12	30	133	0.2255639
NODE_11487_length_7029_cov_4.399278	4878	5011	6	2	133	0.0150376
NODE_11487_length_7029_cov_4.399278	4878	5011	7	40	133	0.3007519
NODE_11487_length_7029_cov_4.399278	4878	5011	8	58	133	0.4360902
NODE_11487_length_7029_cov_4.399278	4878	5011	9	22	133	0.1654135
NODE_11487_length_7029_cov_4.399278	4878	5011	10	11	133	0.0827068
NODE_114972_length_2019_cov_4.342708	1121	1254	0	24	133	0.1804511
NODE_114972_length_2019_cov_4.342708	1121	1254	2	39	133	0.2932331
NODE_114972_length_2019_cov_4.342708	1121	1254	4	70	133	0.5263158
NODE_114984_length_2019_cov_3.874479	1005	1138	23	1	133	0.0075188
NODE_114984_length_2019_cov_3.874479	1005	1138	24	2	133	0.0150376
NODE_114984_length_2019_cov_3.874479	1005	1138	25	9	133	0.0676692
NODE_114984_length_2019_cov_3.874479	1005	1138	28	3	133	0.0225564
NODE_114984_length_2019_cov_3.874479	1005	1138	30	6	133	0.0451128
NODE_114984_length_2019_cov_3.874479	1005	1138	32	10	133	0.0751880
NODE_114984_length_2019_cov_3.874479	1005	1138	33	8	133	0.0601504
NODE_114984_length_2019_cov_3.874479	1005	1138	34	5	133	0.0375940
NODE_114984_length_2019_cov_3.874479	1005	1138	35	5	133	0.0375940
NODE_114984_length_2019_cov_3.874479	1005	1138	36	5	133	0.0375940
NODE_114984_length_2019_cov_3.874479	1005	1138	37	8	133	0.0601504
NODE_114984_length_2019_cov_3.874479	1005	1138	38	7	133	0.0526316
NODE_114984_length_2019_cov_3.874479	1005	1138	39	11	133	0.0827068
NODE_114984_length_2019_cov_3.874479	1005	1138	40	6	133	0.0451128
NODE_114984_length_2019_cov_3.874479	1005	1138	41	8	133	0.0601504
NODE_114984_length_2019_cov_3.874479	1005	1138	42	33	133	0.2481203
NODE_114984_length_2019_cov_3.874479	1005	1138	43	3	133	0.0225564
NODE_114984_length_2019_cov_3.874479	1005	1138	44	3	133	0.0225564
NODE_114_length_23863_cov_4.603939	6443	6576	2	2	133	0.0150376
NODE_114_length_23863_cov_4.603939	6443	6576	3	87	133	0.6541353
NODE_114_length_23863_cov_4.603939	6443	6576	4	44	133	0.3308271
NODE_115033_length_2018_cov_5.112038	1795	1928	4	13	133	0.0977444
NODE_115033_length_2018_cov_5.112038	1795	1928	5	6	133	0.0451128
NODE_115033_length_2018_cov_5.112038	1795	1928	6	62	133	0.4661654
NODE_115033_length_2018_cov_5.112038	1795	1928	7	52	133	0.3909774
NODE_115114_length_2017_cov_4.397810	1763	1896	8	6	133	0.0451128
NODE_115114_length_2017_cov_4.397810	1763	1896	9	16	133	0.1203008
NODE_115114_length_2017_cov_4.397810	1763	1896	10	63	133	0.4736842
NODE_115114_length_2017_cov_4.397810	1763	1896	11	48	133	0.3609022
NODE_115168_length_2017_cov_2.702294	1386	1519	4	29	133	0.2180451
NODE_115168_length_2017_cov_2.702294	1386	1519	5	7	133	0.0526316
NODE_115168_length_2017_cov_2.702294	1386	1519	6	18	133	0.1353384
NODE_115168_length_2017_cov_2.702294	1386	1519	7	57	133	0.4285714
NODE_115168_length_2017_cov_2.702294	1386	1519	8	22	133	0.1654135
NODE_115197_length_2016_cov_4.362024	901	1034	15	2	133	0.0150376
NODE_115197_length_2016_cov_4.362024	901	1034	16	6	133	0.0451128
NODE_115197_length_2016_cov_4.362024	901	1034	17	17	133	0.1278196
NODE_115197_length_2016_cov_4.362024	901	1034	18	10	133	0.0751880
NODE_115197_length_2016_cov_4.362024	901	1034	19	3	133	0.0225564
NODE_115197_length_2016_cov_4.362024	901	1034	20	7	133	0.0526316
NODE_115197_length_2016_cov_4.362024	901	1034	21	32	133	0.2406015
NODE_115197_length_2016_cov_4.362024	901	1034	22	8	133	0.0601504
NODE_115197_length_2016_cov_4.362024	901	1034	23	5	133	0.0375940
NODE_115197_length_2016_cov_4.362024	901	1034	24	20	133	0.1503759
NODE_115197_length_2016_cov_4.362024	901	1034	25	6	133	0.0451128
NODE_115197_length_2016_cov_4.362024	901	1034	26	17	133	0.1278196
NODE_115219_length_2016_cov_3.572770	1411	1544	8	5	133	0.0375940
NODE_115219_length_2016_cov_3.572770	1411	1544	10	3	133	0.0225564
NODE_115219_length_2016_cov_3.572770	1411	1544	11	2	133	0.0150376
NODE_115219_length_2016_cov_3.572770	1411	1544	13	12	133	0.0902256
NODE_115219_length_2016_cov_3.572770	1411	1544	15	39	133	0.2932331
NODE_115219_length_2016_cov_3.572770	1411	1544	16	3	133	0.0225564
NODE_115219_length_2016_cov_3.572770	1411	1544	17	33	133	0.2481203
NODE_115219_length_2016_cov_3.572770	1411	1544	18	11	133	0.0827068
NODE_115219_length_2016_cov_3.572770	1411	1544	19	25	133	0.1879699
NODE_115268_length_2015_cov_4.457203	311	444	9	3	133	0.0225564
NODE_115268_length_2015_cov_4.457203	311	444	10	31	133	0.2330827
NODE_115268_length_2015_cov_4.457203	311	444	11	11	133	0.0827068
NODE_115268_length_2015_cov_4.457203	311	444	12	8	133	0.0601504
NODE_115268_length_2015_cov_4.457203	311	444	13	23	133	0.1729323
NODE_115268_length_2015_cov_4.457203	311	444	14	22	133	0.1654135
NODE_115268_length_2015_cov_4.457203	311	444	15	34	133	0.2556391
NODE_115268_length_2015_cov_4.457203	311	444	16	1	133	0.0075188
NODE_115280_length_2015_cov_3.998956	45	178	2	11	133	0.0827068
NODE_115280_length_2015_cov_3.998956	45	178	3	28	133	0.2105263
NODE_115280_length_2015_cov_3.998956	45	178	4	94	133	0.7067669
NODE_11528_length_7020_cov_3.334345	3111	3244	11	6	133	0.0451128
NODE_11528_length_7020_cov_3.334345	3111	3244	13	1	133	0.0075188
NODE_11528_length_7020_cov_3.334345	3111	3244	14	13	133	0.0977444
NODE_11528_length_7020_cov_3.334345	3111	3244	15	2	133	0.0150376
NODE_11528_length_7020_cov_3.334345	3111	3244	16	8	133	0.0601504
NODE_11528_length_7020_cov_3.334345	3111	3244	17	2	133	0.0150376
NODE_11528_length_7020_cov_3.334345	3111	3244	18	19	133	0.1428571
NODE_11528_length_7020_cov_3.334345	3111	3244	19	3	133	0.0225564
NODE_11528_length_7020_cov_3.334345	3111	3244	20	34	133	0.2556391
NODE_11528_length_7020_cov_3.334345	3111	3244	21	31	133	0.2330827
NODE_11528_length_7020_cov_3.334345	3111	3244	22	11	133	0.0827068
NODE_11528_length_7020_cov_3.334345	3111	3244	23	3	133	0.0225564
NODE_115304_length_2015_cov_3.283925	233	366	3	12	133	0.0902256
NODE_115304_length_2015_cov_3.283925	233	366	4	35	133	0.2631579
NODE_115304_length_2015_cov_3.283925	233	366	5	14	133	0.1052632
NODE_115304_length_2015_cov_3.283925	233	366	6	8	133	0.0601504
NODE_115304_length_2015_cov_3.283925	233	366	7	11	133	0.0827068
NODE_115304_length_2015_cov_3.283925	233	366	8	53	133	0.3984962
NODE_11530_length_7018_cov_6.880040	686	819	9	4	133	0.0300752
NODE_11530_length_7018_cov_6.880040	686	819	11	13	133	0.0977444
NODE_11530_length_7018_cov_6.880040	686	819	12	34	133	0.2556391
NODE_11530_length_7018_cov_6.880040	686	819	13	14	133	0.1052632
NODE_11530_length_7018_cov_6.880040	686	819	14	11	133	0.0827068
NODE_11530_length_7018_cov_6.880040	686	819	15	16	133	0.1203008
NODE_11530_length_7018_cov_6.880040	686	819	16	22	133	0.1654135
NODE_11530_length_7018_cov_6.880040	686	819	17	19	133	0.1428571
NODE_115324_length_2014_cov_5.766580	673	806	6	2	133	0.0150376
NODE_115324_length_2014_cov_5.766580	673	806	7	5	133	0.0375940
NODE_115324_length_2014_cov_5.766580	673	806	8	16	133	0.1203008
NODE_115324_length_2014_cov_5.766580	673	806	9	4	133	0.0300752
NODE_115324_length_2014_cov_5.766580	673	806	10	16	133	0.1203008
NODE_115324_length_2014_cov_5.766580	673	806	11	36	133	0.2706767
NODE_115324_length_2014_cov_5.766580	673	806	12	20	133	0.1503759
NODE_115324_length_2014_cov_5.766580	673	806	13	26	133	0.1954887
NODE_115324_length_2014_cov_5.766580	673	806	14	8	133	0.0601504
NODE_11536_length_7017_cov_4.075022	3114	3247	23	12	133	0.0902256
NODE_11536_length_7017_cov_4.075022	3114	3247	24	4	133	0.0300752
NODE_11536_length_7017_cov_4.075022	3114	3247	25	5	133	0.0375940
NODE_11536_length_7017_cov_4.075022	3114	3247	26	15	133	0.1127820
NODE_11536_length_7017_cov_4.075022	3114	3247	27	8	133	0.0601504
NODE_11536_length_7017_cov_4.075022	3114	3247	28	2	133	0.0150376
NODE_11536_length_7017_cov_4.075022	3114	3247	29	9	133	0.0676692
NODE_11536_length_7017_cov_4.075022	3114	3247	30	7	133	0.0526316
NODE_11536_length_7017_cov_4.075022	3114	3247	31	2	133	0.0150376
NODE_11536_length_7017_cov_4.075022	3114	3247	32	9	133	0.0676692
NODE_11536_length_7017_cov_4.075022	3114	3247	33	13	133	0.0977444
NODE_11536_length_7017_cov_4.075022	3114	3247	34	16	133	0.1203008
NODE_11536_length_7017_cov_4.075022	3114	3247	35	11	133	0.0827068
NODE_11536_length_7017_cov_4.075022	3114	3247	36	4	133	0.0300752
NODE_11536_length_7017_cov_4.075022	3114	3247	37	16	133	0.1203008
NODE_11538_length_7017_cov_3.308326	5993	6126	1	21	133	0.1578947
NODE_11538_length_7017_cov_3.308326	5993	6126	2	14	133	0.1052632
NODE_11538_length_7017_cov_3.308326	5993	6126	3	11	133	0.0827068
NODE_11538_length_7017_cov_3.308326	5993	6126	4	63	133	0.4736842
NODE_11538_length_7017_cov_3.308326	5993	6126	5	2	133	0.0150376
NODE_11538_length_7017_cov_3.308326	5993	6126	6	22	133	0.1654135
NODE_1153_length_14299_cov_4.423521	4459	4592	5	2	133	0.0150376
NODE_1153_length_14299_cov_4.423521	4459	4592	7	7	133	0.0526316
NODE_1153_length_14299_cov_4.423521	4459	4592	8	14	133	0.1052632
NODE_1153_length_14299_cov_4.423521	4459	4592	9	16	133	0.1203008
NODE_1153_length_14299_cov_4.423521	4459	4592	11	10	133	0.0751880
NODE_1153_length_14299_cov_4.423521	4459	4592	12	11	133	0.0827068
NODE_1153_length_14299_cov_4.423521	4459	4592	13	44	133	0.3308271
NODE_1153_length_14299_cov_4.423521	4459	4592	14	29	133	0.2180451
NODE_1154_length_14299_cov_3.801901	6402	6535	10	2	133	0.0150376
NODE_1154_length_14299_cov_3.801901	6402	6535	11	14	133	0.1052632
NODE_1154_length_14299_cov_3.801901	6402	6535	12	12	133	0.0902256
NODE_1154_length_14299_cov_3.801901	6402	6535	13	3	133	0.0225564
NODE_1154_length_14299_cov_3.801901	6402	6535	14	2	133	0.0150376
NODE_1154_length_14299_cov_3.801901	6402	6535	15	11	133	0.0827068
NODE_1154_length_14299_cov_3.801901	6402	6535	16	14	133	0.1052632
NODE_1154_length_14299_cov_3.801901	6402	6535	17	1	133	0.0075188
NODE_1154_length_14299_cov_3.801901	6402	6535	18	26	133	0.1954887
NODE_1154_length_14299_cov_3.801901	6402	6535	19	4	133	0.0300752
NODE_1154_length_14299_cov_3.801901	6402	6535	20	24	133	0.1804511
NODE_1154_length_14299_cov_3.801901	6402	6535	21	20	133	0.1503759
NODE_115502_length_2012_cov_3.430214	238	371	8	1	133	0.0075188
NODE_115502_length_2012_cov_3.430214	238	371	9	3	133	0.0225564
NODE_115502_length_2012_cov_3.430214	238	371	10	6	133	0.0451128
NODE_115502_length_2012_cov_3.430214	238	371	11	4	133	0.0300752
NODE_115502_length_2012_cov_3.430214	238	371	12	19	133	0.1428571
NODE_115502_length_2012_cov_3.430214	238	371	13	4	133	0.0300752
NODE_115502_length_2012_cov_3.430214	238	371	14	11	133	0.0827068
NODE_115502_length_2012_cov_3.430214	238	371	15	30	133	0.2255639
NODE_115502_length_2012_cov_3.430214	238	371	16	3	133	0.0225564
NODE_115502_length_2012_cov_3.430214	238	371	17	18	133	0.1353384
NODE_115502_length_2012_cov_3.430214	238	371	18	34	133	0.2556391
NODE_115553_length_2011_cov_4.172594	1709	1842	6	22	133	0.1654135
NODE_115553_length_2011_cov_4.172594	1709	1842	7	12	133	0.0902256
NODE_115553_length_2011_cov_4.172594	1709	1842	9	1	133	0.0075188
NODE_115553_length_2011_cov_4.172594	1709	1842	10	1	133	0.0075188
NODE_115553_length_2011_cov_4.172594	1709	1842	11	6	133	0.0451128
NODE_115553_length_2011_cov_4.172594	1709	1842	13	5	133	0.0375940
NODE_115553_length_2011_cov_4.172594	1709	1842	14	24	133	0.1804511
NODE_115553_length_2011_cov_4.172594	1709	1842	15	52	133	0.3909774
NODE_115553_length_2011_cov_4.172594	1709	1842	16	10	133	0.0751880
NODE_115556_length_2011_cov_4.093619	141	274	1	10	133	0.0751880
NODE_115556_length_2011_cov_4.093619	141	274	2	91	133	0.6842105
NODE_115556_length_2011_cov_4.093619	141	274	3	32	133	0.2406015
NODE_115566_length_2011_cov_3.810669	543	676	8	8	133	0.0601504
NODE_115566_length_2011_cov_3.810669	543	676	10	4	133	0.0300752
NODE_115566_length_2011_cov_3.810669	543	676	11	17	133	0.1278196
NODE_115566_length_2011_cov_3.810669	543	676	13	7	133	0.0526316
NODE_115566_length_2011_cov_3.810669	543	676	15	8	133	0.0601504
NODE_115566_length_2011_cov_3.810669	543	676	16	1	133	0.0075188
NODE_115566_length_2011_cov_3.810669	543	676	18	15	133	0.1127820
NODE_115566_length_2011_cov_3.810669	543	676	19	21	133	0.1578947
NODE_115566_length_2011_cov_3.810669	543	676	20	5	133	0.0375940
NODE_115566_length_2011_cov_3.810669	543	676	21	24	133	0.1804511
NODE_115566_length_2011_cov_3.810669	543	676	22	7	133	0.0526316
NODE_115566_length_2011_cov_3.810669	543	676	23	16	133	0.1203008
NODE_11560_length_7012_cov_3.680023	1161	1294	0	1	133	0.0075188
NODE_11560_length_7012_cov_3.680023	1161	1294	1	38	133	0.2857143
NODE_11560_length_7012_cov_3.680023	1161	1294	2	9	133	0.0676692
NODE_11560_length_7012_cov_3.680023	1161	1294	4	2	133	0.0150376
NODE_11560_length_7012_cov_3.680023	1161	1294	5	42	133	0.3157895
NODE_11560_length_7012_cov_3.680023	1161	1294	6	16	133	0.1203008
NODE_11560_length_7012_cov_3.680023	1161	1294	7	25	133	0.1879699
NODE_11567_length_7010_cov_5.164376	4113	4246	3	33	133	0.2481203
NODE_11567_length_7010_cov_5.164376	4113	4246	4	46	133	0.3458647
NODE_11567_length_7010_cov_5.164376	4113	4246	5	8	133	0.0601504
NODE_11567_length_7010_cov_5.164376	4113	4246	6	46	133	0.3458647
NODE_11568_length_7010_cov_4.975980	4823	4956	35	1	133	0.0075188
NODE_11568_length_7010_cov_4.975980	4823	4956	36	3	133	0.0225564
NODE_11568_length_7010_cov_4.975980	4823	4956	37	5	133	0.0375940
NODE_11568_length_7010_cov_4.975980	4823	4956	38	7	133	0.0526316
NODE_11568_length_7010_cov_4.975980	4823	4956	39	9	133	0.0676692
NODE_11568_length_7010_cov_4.975980	4823	4956	40	8	133	0.0601504
NODE_11568_length_7010_cov_4.975980	4823	4956	41	5	133	0.0375940
NODE_11568_length_7010_cov_4.975980	4823	4956	42	10	133	0.0751880
NODE_11568_length_7010_cov_4.975980	4823	4956	43	4	133	0.0300752
NODE_11568_length_7010_cov_4.975980	4823	4956	44	5	133	0.0375940
NODE_11568_length_7010_cov_4.975980	4823	4956	45	2	133	0.0150376
NODE_11568_length_7010_cov_4.975980	4823	4956	46	6	133	0.0451128
NODE_11568_length_7010_cov_4.975980	4823	4956	47	17	133	0.1278196
NODE_11568_length_7010_cov_4.975980	4823	4956	48	5	133	0.0375940
NODE_11568_length_7010_cov_4.975980	4823	4956	49	16	133	0.1203008
NODE_11568_length_7010_cov_4.975980	4823	4956	50	29	133	0.2180451
NODE_11568_length_7010_cov_4.975980	4823	4956	51	1	133	0.0075188
NODE_1157_length_14286_cov_9.731021	12929	13062	0	133	133	1.0000000
NODE_11580_length_7006_cov_5.382366	4139	4272	2	19	133	0.1428571
NODE_11580_length_7006_cov_5.382366	4139	4272	4	3	133	0.0225564
NODE_11580_length_7006_cov_5.382366	4139	4272	6	23	133	0.1729323
NODE_11580_length_7006_cov_5.382366	4139	4272	7	26	133	0.1954887
NODE_11580_length_7006_cov_5.382366	4139	4272	8	20	133	0.1503759
NODE_11580_length_7006_cov_5.382366	4139	4272	9	22	133	0.1654135
NODE_11580_length_7006_cov_5.382366	4139	4272	10	20	133	0.1503759
NODE_115818_length_2008_cov_3.541121	1503	1636	0	22	133	0.1654135
NODE_115818_length_2008_cov_3.541121	1503	1636	1	12	133	0.0902256
NODE_115818_length_2008_cov_3.541121	1503	1636	4	2	133	0.0150376
NODE_115818_length_2008_cov_3.541121	1503	1636	6	2	133	0.0150376
NODE_115818_length_2008_cov_3.541121	1503	1636	7	23	133	0.1729323
NODE_115818_length_2008_cov_3.541121	1503	1636	8	1	133	0.0075188
NODE_115818_length_2008_cov_3.541121	1503	1636	9	20	133	0.1503759
NODE_115818_length_2008_cov_3.541121	1503	1636	10	20	133	0.1503759
NODE_115818_length_2008_cov_3.541121	1503	1636	11	31	133	0.2330827
NODE_115868_length_2007_cov_4.534591	1715	1848	34	1	133	0.0075188
NODE_115868_length_2007_cov_4.534591	1715	1848	35	3	133	0.0225564
NODE_115868_length_2007_cov_4.534591	1715	1848	36	3	133	0.0225564
NODE_115868_length_2007_cov_4.534591	1715	1848	37	4	133	0.0300752
NODE_115868_length_2007_cov_4.534591	1715	1848	38	1	133	0.0075188
NODE_115868_length_2007_cov_4.534591	1715	1848	40	13	133	0.0977444
NODE_115868_length_2007_cov_4.534591	1715	1848	41	3	133	0.0225564
NODE_115868_length_2007_cov_4.534591	1715	1848	42	3	133	0.0225564
NODE_115868_length_2007_cov_4.534591	1715	1848	43	12	133	0.0902256
NODE_115868_length_2007_cov_4.534591	1715	1848	44	9	133	0.0676692
NODE_115868_length_2007_cov_4.534591	1715	1848	45	6	133	0.0451128
NODE_115868_length_2007_cov_4.534591	1715	1848	46	6	133	0.0451128
NODE_115868_length_2007_cov_4.534591	1715	1848	47	12	133	0.0902256
NODE_115868_length_2007_cov_4.534591	1715	1848	48	5	133	0.0375940
NODE_115868_length_2007_cov_4.534591	1715	1848	49	5	133	0.0375940
NODE_115868_length_2007_cov_4.534591	1715	1848	50	11	133	0.0827068
NODE_115868_length_2007_cov_4.534591	1715	1848	51	6	133	0.0451128
NODE_115868_length_2007_cov_4.534591	1715	1848	52	2	133	0.0150376
NODE_115868_length_2007_cov_4.534591	1715	1848	53	20	133	0.1503759
NODE_115868_length_2007_cov_4.534591	1715	1848	54	8	133	0.0601504
NODE_115907_length_2007_cov_3.011530	1831	1964	3	8	133	0.0601504
NODE_115907_length_2007_cov_3.011530	1831	1964	4	30	133	0.2255639
NODE_115907_length_2007_cov_3.011530	1831	1964	6	30	133	0.2255639
NODE_115907_length_2007_cov_3.011530	1831	1964	7	49	133	0.3684210
NODE_115907_length_2007_cov_3.011530	1831	1964	8	16	133	0.1203008
NODE_11594_length_7003_cov_3.796060	5742	5875	8	6	133	0.0451128
NODE_11594_length_7003_cov_3.796060	5742	5875	9	22	133	0.1654135
NODE_11594_length_7003_cov_3.796060	5742	5875	10	2	133	0.0150376
NODE_11594_length_7003_cov_3.796060	5742	5875	11	3	133	0.0225564
NODE_11594_length_7003_cov_3.796060	5742	5875	13	4	133	0.0300752
NODE_11594_length_7003_cov_3.796060	5742	5875	14	41	133	0.3082707
NODE_11594_length_7003_cov_3.796060	5742	5875	15	14	133	0.1052632
NODE_11594_length_7003_cov_3.796060	5742	5875	16	38	133	0.2857143
NODE_11594_length_7003_cov_3.796060	5742	5875	17	3	133	0.0225564
NODE_115977_length_2006_cov_3.716308	260	393	14	3	133	0.0225564
NODE_115977_length_2006_cov_3.716308	260	393	18	5	133	0.0375940
NODE_115977_length_2006_cov_3.716308	260	393	19	2	133	0.0150376
NODE_115977_length_2006_cov_3.716308	260	393	21	3	133	0.0225564
NODE_115977_length_2006_cov_3.716308	260	393	22	4	133	0.0300752
NODE_115977_length_2006_cov_3.716308	260	393	24	10	133	0.0751880
NODE_115977_length_2006_cov_3.716308	260	393	25	5	133	0.0375940
NODE_115977_length_2006_cov_3.716308	260	393	26	11	133	0.0827068
NODE_115977_length_2006_cov_3.716308	260	393	27	21	133	0.1578947
NODE_115977_length_2006_cov_3.716308	260	393	28	17	133	0.1278196
NODE_115977_length_2006_cov_3.716308	260	393	29	5	133	0.0375940
NODE_115977_length_2006_cov_3.716308	260	393	30	4	133	0.0300752
NODE_115977_length_2006_cov_3.716308	260	393	31	7	133	0.0526316
NODE_115977_length_2006_cov_3.716308	260	393	32	28	133	0.2105263
NODE_115977_length_2006_cov_3.716308	260	393	33	8	133	0.0601504
NODE_115986_length_2006_cov_3.479811	1011	1144	8	3	133	0.0225564
NODE_115986_length_2006_cov_3.479811	1011	1144	9	28	133	0.2105263
NODE_115986_length_2006_cov_3.479811	1011	1144	12	5	133	0.0375940
NODE_115986_length_2006_cov_3.479811	1011	1144	13	3	133	0.0225564
NODE_115986_length_2006_cov_3.479811	1011	1144	14	2	133	0.0150376
NODE_115986_length_2006_cov_3.479811	1011	1144	16	31	133	0.2330827
NODE_115986_length_2006_cov_3.479811	1011	1144	17	21	133	0.1578947
NODE_115986_length_2006_cov_3.479811	1011	1144	18	3	133	0.0225564
NODE_115986_length_2006_cov_3.479811	1011	1144	19	20	133	0.1503759
NODE_115986_length_2006_cov_3.479811	1011	1144	20	17	133	0.1278196
NODE_115_length_23833_cov_4.252086	9927	10060	7	20	133	0.1503759
NODE_115_length_23833_cov_4.252086	9927	10060	9	10	133	0.0751880
NODE_115_length_23833_cov_4.252086	9927	10060	10	6	133	0.0451128
NODE_115_length_23833_cov_4.252086	9927	10060	11	21	133	0.1578947
NODE_115_length_23833_cov_4.252086	9927	10060	12	11	133	0.0827068
NODE_115_length_23833_cov_4.252086	9927	10060	13	41	133	0.3082707
NODE_115_length_23833_cov_4.252086	9927	10060	14	24	133	0.1804511
NODE_116000_length_2006_cov_3.110121	350	483	2	2	133	0.0150376
NODE_116000_length_2006_cov_3.110121	350	483	3	2	133	0.0150376
NODE_116000_length_2006_cov_3.110121	350	483	4	2	133	0.0150376
NODE_116000_length_2006_cov_3.110121	350	483	5	8	133	0.0601504
NODE_116000_length_2006_cov_3.110121	350	483	6	15	133	0.1127820
NODE_116000_length_2006_cov_3.110121	350	483	7	7	133	0.0526316
NODE_116000_length_2006_cov_3.110121	350	483	8	1	133	0.0075188
NODE_116000_length_2006_cov_3.110121	350	483	9	39	133	0.2932331
NODE_116000_length_2006_cov_3.110121	350	483	10	9	133	0.0676692
NODE_116000_length_2006_cov_3.110121	350	483	11	21	133	0.1578947
NODE_116000_length_2006_cov_3.110121	350	483	12	27	133	0.2030075
NODE_11620_length_6997_cov_5.368078	6763	6896	3	8	133	0.0601504
NODE_11620_length_6997_cov_5.368078	6763	6896	4	28	133	0.2105263
NODE_11620_length_6997_cov_5.368078	6763	6896	5	2	133	0.0150376
NODE_11620_length_6997_cov_5.368078	6763	6896	7	24	133	0.1804511
NODE_11620_length_6997_cov_5.368078	6763	6896	8	5	133	0.0375940
NODE_11620_length_6997_cov_5.368078	6763	6896	9	48	133	0.3609022
NODE_11620_length_6997_cov_5.368078	6763	6896	10	18	133	0.1353384
NODE_116235_length_2002_cov_5.137677	1355	1488	4	10	133	0.0751880
NODE_116235_length_2002_cov_5.137677	1355	1488	5	3	133	0.0225564
NODE_116235_length_2002_cov_5.137677	1355	1488	6	7	133	0.0526316
NODE_116235_length_2002_cov_5.137677	1355	1488	8	3	133	0.0225564
NODE_116235_length_2002_cov_5.137677	1355	1488	9	1	133	0.0075188
NODE_116235_length_2002_cov_5.137677	1355	1488	10	14	133	0.1052632
NODE_116235_length_2002_cov_5.137677	1355	1488	11	18	133	0.1353384
NODE_116235_length_2002_cov_5.137677	1355	1488	12	46	133	0.3458647
NODE_116235_length_2002_cov_5.137677	1355	1488	13	31	133	0.2330827
NODE_116243_length_2002_cov_4.358907	1637	1770	24	7	133	0.0526316
NODE_116243_length_2002_cov_4.358907	1637	1770	25	12	133	0.0902256
NODE_116243_length_2002_cov_4.358907	1637	1770	26	16	133	0.1203008
NODE_116243_length_2002_cov_4.358907	1637	1770	27	9	133	0.0676692
NODE_116243_length_2002_cov_4.358907	1637	1770	28	32	133	0.2406015
NODE_116243_length_2002_cov_4.358907	1637	1770	29	20	133	0.1503759
NODE_116243_length_2002_cov_4.358907	1637	1770	30	20	133	0.1503759
NODE_116243_length_2002_cov_4.358907	1637	1770	31	16	133	0.1203008
NODE_116243_length_2002_cov_4.358907	1637	1770	32	1	133	0.0075188
NODE_11630_length_6996_cov_3.845875	4202	4335	5	2	133	0.0150376
NODE_11630_length_6996_cov_3.845875	4202	4335	6	13	133	0.0977444
NODE_11630_length_6996_cov_3.845875	4202	4335	8	23	133	0.1729323
NODE_11630_length_6996_cov_3.845875	4202	4335	9	2	133	0.0150376
NODE_11630_length_6996_cov_3.845875	4202	4335	10	19	133	0.1428571
NODE_11630_length_6996_cov_3.845875	4202	4335	13	8	133	0.0601504
NODE_11630_length_6996_cov_3.845875	4202	4335	14	5	133	0.0375940
NODE_11630_length_6996_cov_3.845875	4202	4335	15	23	133	0.1729323
NODE_11630_length_6996_cov_3.845875	4202	4335	16	1	133	0.0075188
NODE_11630_length_6996_cov_3.845875	4202	4335	17	37	133	0.2781955
NODE_11639_length_6994_cov_4.846265	1287	1420	15	3	133	0.0225564
NODE_11639_length_6994_cov_4.846265	1287	1420	17	1	133	0.0075188
NODE_11639_length_6994_cov_4.846265	1287	1420	18	3	133	0.0225564
NODE_11639_length_6994_cov_4.846265	1287	1420	19	2	133	0.0150376
NODE_11639_length_6994_cov_4.846265	1287	1420	20	5	133	0.0375940
NODE_11639_length_6994_cov_4.846265	1287	1420	23	1	133	0.0075188
NODE_11639_length_6994_cov_4.846265	1287	1420	24	4	133	0.0300752
NODE_11639_length_6994_cov_4.846265	1287	1420	27	5	133	0.0375940
NODE_11639_length_6994_cov_4.846265	1287	1420	28	29	133	0.2180451
NODE_11639_length_6994_cov_4.846265	1287	1420	29	14	133	0.1052632
NODE_11639_length_6994_cov_4.846265	1287	1420	30	18	133	0.1353384
NODE_11639_length_6994_cov_4.846265	1287	1420	31	4	133	0.0300752
NODE_11639_length_6994_cov_4.846265	1287	1420	32	16	133	0.1203008
NODE_11639_length_6994_cov_4.846265	1287	1420	33	23	133	0.1729323
NODE_11639_length_6994_cov_4.846265	1287	1420	34	5	133	0.0375940
NODE_11645_length_6993_cov_4.682042	5405	5538	5	5	133	0.0375940
NODE_11645_length_6993_cov_4.682042	5405	5538	6	11	133	0.0827068
NODE_11645_length_6993_cov_4.682042	5405	5538	7	9	133	0.0676692
NODE_11645_length_6993_cov_4.682042	5405	5538	9	1	133	0.0075188
NODE_11645_length_6993_cov_4.682042	5405	5538	11	16	133	0.1203008
NODE_11645_length_6993_cov_4.682042	5405	5538	12	49	133	0.3684210
NODE_11645_length_6993_cov_4.682042	5405	5538	13	26	133	0.1954887
NODE_11645_length_6993_cov_4.682042	5405	5538	14	16	133	0.1203008
NODE_116477_length_1999_cov_3.720000	740	873	11	4	133	0.0300752
NODE_116477_length_1999_cov_3.720000	740	873	12	24	133	0.1804511
NODE_116477_length_1999_cov_3.720000	740	873	13	28	133	0.2105263
NODE_116477_length_1999_cov_3.720000	740	873	14	1	133	0.0075188
NODE_116477_length_1999_cov_3.720000	740	873	16	14	133	0.1052632
NODE_116477_length_1999_cov_3.720000	740	873	17	7	133	0.0526316
NODE_116477_length_1999_cov_3.720000	740	873	19	13	133	0.0977444
NODE_116477_length_1999_cov_3.720000	740	873	20	19	133	0.1428571
NODE_116477_length_1999_cov_3.720000	740	873	21	14	133	0.1052632
NODE_116477_length_1999_cov_3.720000	740	873	22	2	133	0.0150376
NODE_116477_length_1999_cov_3.720000	740	873	23	7	133	0.0526316
NODE_116480_length_1999_cov_3.623684	579	712	3	5	133	0.0375940
NODE_116480_length_1999_cov_3.623684	579	712	6	2	133	0.0150376
NODE_116480_length_1999_cov_3.623684	579	712	7	10	133	0.0751880
NODE_116480_length_1999_cov_3.623684	579	712	8	14	133	0.1052632
NODE_116480_length_1999_cov_3.623684	579	712	10	23	133	0.1729323
NODE_116480_length_1999_cov_3.623684	579	712	13	14	133	0.1052632
NODE_116480_length_1999_cov_3.623684	579	712	14	39	133	0.2932331
NODE_116480_length_1999_cov_3.623684	579	712	15	6	133	0.0451128
NODE_116480_length_1999_cov_3.623684	579	712	16	1	133	0.0075188
NODE_116480_length_1999_cov_3.623684	579	712	17	19	133	0.1428571
NODE_116574_length_1998_cov_3.193260	278	411	0	122	133	0.9172933
NODE_116574_length_1998_cov_3.193260	278	411	1	11	133	0.0827068
NODE_11660_length_6989_cov_6.193759	3466	3599	1	81	133	0.6090226
NODE_11660_length_6989_cov_6.193759	3466	3599	2	52	133	0.3909774
NODE_116660_length_1996_cov_4.810227	1804	1937	1	60	133	0.4511278
NODE_116660_length_1996_cov_4.810227	1804	1937	2	73	133	0.5488722
NODE_116708_length_1996_cov_3.520295	1373	1506	5	21	133	0.1578947
NODE_116708_length_1996_cov_3.520295	1373	1506	6	20	133	0.1503759
NODE_116708_length_1996_cov_3.520295	1373	1506	7	9	133	0.0676692
NODE_116708_length_1996_cov_3.520295	1373	1506	9	4	133	0.0300752
NODE_116708_length_1996_cov_3.520295	1373	1506	11	2	133	0.0150376
NODE_116708_length_1996_cov_3.520295	1373	1506	12	2	133	0.0150376
NODE_116708_length_1996_cov_3.520295	1373	1506	13	7	133	0.0526316
NODE_116708_length_1996_cov_3.520295	1373	1506	14	29	133	0.2180451
NODE_116708_length_1996_cov_3.520295	1373	1506	15	18	133	0.1353384
NODE_116708_length_1996_cov_3.520295	1373	1506	16	15	133	0.1127820
NODE_116708_length_1996_cov_3.520295	1373	1506	17	6	133	0.0451128
NODE_116729_length_1996_cov_2.814444	1646	1779	0	20	133	0.1503759
NODE_116729_length_1996_cov_2.814444	1646	1779	1	9	133	0.0676692
NODE_116729_length_1996_cov_2.814444	1646	1779	3	20	133	0.1503759
NODE_116729_length_1996_cov_2.814444	1646	1779	5	1	133	0.0075188
NODE_116729_length_1996_cov_2.814444	1646	1779	6	49	133	0.3684210
NODE_116729_length_1996_cov_2.814444	1646	1779	8	34	133	0.2556391
NODE_116756_length_1995_cov_4.738924	425	558	11	1	133	0.0075188
NODE_116756_length_1995_cov_4.738924	425	558	12	26	133	0.1954887
NODE_116756_length_1995_cov_4.738924	425	558	13	2	133	0.0150376
NODE_116756_length_1995_cov_4.738924	425	558	14	5	133	0.0375940
NODE_116756_length_1995_cov_4.738924	425	558	15	10	133	0.0751880
NODE_116756_length_1995_cov_4.738924	425	558	16	7	133	0.0526316
NODE_116756_length_1995_cov_4.738924	425	558	17	4	133	0.0300752
NODE_116756_length_1995_cov_4.738924	425	558	18	13	133	0.0977444
NODE_116756_length_1995_cov_4.738924	425	558	19	3	133	0.0225564
NODE_116756_length_1995_cov_4.738924	425	558	20	53	133	0.3984962
NODE_116756_length_1995_cov_4.738924	425	558	21	7	133	0.0526316
NODE_116756_length_1995_cov_4.738924	425	558	22	2	133	0.0150376
NODE_11680_length_6986_cov_4.124147	1980	2113	2	50	133	0.3759398
NODE_11680_length_6986_cov_4.124147	1980	2113	4	83	133	0.6240602
NODE_116824_length_1994_cov_5.517678	1054	1187	25	2	133	0.0150376
NODE_116824_length_1994_cov_5.517678	1054	1187	27	1	133	0.0075188
NODE_116824_length_1994_cov_5.517678	1054	1187	28	12	133	0.0902256
NODE_116824_length_1994_cov_5.517678	1054	1187	29	6	133	0.0451128
NODE_116824_length_1994_cov_5.517678	1054	1187	31	2	133	0.0150376
NODE_116824_length_1994_cov_5.517678	1054	1187	32	18	133	0.1353384
NODE_116824_length_1994_cov_5.517678	1054	1187	33	29	133	0.2180451
NODE_116824_length_1994_cov_5.517678	1054	1187	34	8	133	0.0601504
NODE_116824_length_1994_cov_5.517678	1054	1187	35	9	133	0.0676692
NODE_116824_length_1994_cov_5.517678	1054	1187	36	5	133	0.0375940
NODE_116824_length_1994_cov_5.517678	1054	1187	37	2	133	0.0150376
NODE_116824_length_1994_cov_5.517678	1054	1187	38	8	133	0.0601504
NODE_116824_length_1994_cov_5.517678	1054	1187	39	5	133	0.0375940
NODE_116824_length_1994_cov_5.517678	1054	1187	40	9	133	0.0676692
NODE_116824_length_1994_cov_5.517678	1054	1187	41	17	133	0.1278196
NODE_116841_length_1994_cov_4.680739	823	956	8	17	133	0.1278196
NODE_116841_length_1994_cov_4.680739	823	956	9	19	133	0.1428571
NODE_116841_length_1994_cov_4.680739	823	956	11	21	133	0.1578947
NODE_116841_length_1994_cov_4.680739	823	956	12	1	133	0.0075188
NODE_116841_length_1994_cov_4.680739	823	956	13	3	133	0.0225564
NODE_116841_length_1994_cov_4.680739	823	956	14	27	133	0.2030075
NODE_116841_length_1994_cov_4.680739	823	956	15	8	133	0.0601504
NODE_116841_length_1994_cov_4.680739	823	956	16	37	133	0.2781955
NODE_116940_length_1993_cov_3.911827	1711	1844	6	1	133	0.0075188
NODE_116940_length_1993_cov_3.911827	1711	1844	7	9	133	0.0676692
NODE_116940_length_1993_cov_3.911827	1711	1844	8	45	133	0.3383459
NODE_116940_length_1993_cov_3.911827	1711	1844	9	17	133	0.1278196
NODE_116940_length_1993_cov_3.911827	1711	1844	11	8	133	0.0601504
NODE_116940_length_1993_cov_3.911827	1711	1844	12	12	133	0.0902256
NODE_116940_length_1993_cov_3.911827	1711	1844	13	22	133	0.1654135
NODE_116940_length_1993_cov_3.911827	1711	1844	14	10	133	0.0751880
NODE_116940_length_1993_cov_3.911827	1711	1844	15	9	133	0.0676692
NODE_117053_length_1992_cov_2.398310	561	694	13	13	133	0.0977444
NODE_117053_length_1992_cov_2.398310	561	694	14	10	133	0.0751880
NODE_117053_length_1992_cov_2.398310	561	694	15	64	133	0.4812030
NODE_117053_length_1992_cov_2.398310	561	694	16	1	133	0.0075188
NODE_117053_length_1992_cov_2.398310	561	694	17	1	133	0.0075188
NODE_117053_length_1992_cov_2.398310	561	694	18	20	133	0.1503759
NODE_117053_length_1992_cov_2.398310	561	694	19	23	133	0.1729323
NODE_117053_length_1992_cov_2.398310	561	694	20	1	133	0.0075188
NODE_11714_length_6977_cov_5.266938	6261	6394	9	11	133	0.0827068
NODE_11714_length_6977_cov_5.266938	6261	6394	10	9	133	0.0676692
NODE_11714_length_6977_cov_5.266938	6261	6394	11	3	133	0.0225564
NODE_11714_length_6977_cov_5.266938	6261	6394	12	13	133	0.0977444
NODE_11714_length_6977_cov_5.266938	6261	6394	13	7	133	0.0526316
NODE_11714_length_6977_cov_5.266938	6261	6394	14	24	133	0.1804511
NODE_11714_length_6977_cov_5.266938	6261	6394	15	7	133	0.0526316
NODE_11714_length_6977_cov_5.266938	6261	6394	17	15	133	0.1127820
NODE_11714_length_6977_cov_5.266938	6261	6394	18	13	133	0.0977444
NODE_11714_length_6977_cov_5.266938	6261	6394	19	31	133	0.2330827
NODE_117159_length_1990_cov_4.216816	933	1066	5	4	133	0.0300752
NODE_117159_length_1990_cov_4.216816	933	1066	6	4	133	0.0300752
NODE_117159_length_1990_cov_4.216816	933	1066	7	20	133	0.1503759
NODE_117159_length_1990_cov_4.216816	933	1066	8	49	133	0.3684210
NODE_117159_length_1990_cov_4.216816	933	1066	9	56	133	0.4210526
NODE_117214_length_1989_cov_5.019048	259	392	3	30	133	0.2255639
NODE_117214_length_1989_cov_5.019048	259	392	4	64	133	0.4812030
NODE_117214_length_1989_cov_5.019048	259	392	5	39	133	0.2932331
NODE_11721_length_6976_cov_4.428821	6467	6600	8	15	133	0.1127820
NODE_11721_length_6976_cov_4.428821	6467	6600	10	21	133	0.1578947
NODE_11721_length_6976_cov_4.428821	6467	6600	11	4	133	0.0300752
NODE_11721_length_6976_cov_4.428821	6467	6600	12	16	133	0.1203008
NODE_11721_length_6976_cov_4.428821	6467	6600	13	5	133	0.0375940
NODE_11721_length_6976_cov_4.428821	6467	6600	14	32	133	0.2406015
NODE_11721_length_6976_cov_4.428821	6467	6600	15	40	133	0.3007519
NODE_117264_length_1988_cov_6.194283	1095	1228	4	22	133	0.1654135
NODE_117264_length_1988_cov_6.194283	1095	1228	6	22	133	0.1654135
NODE_117264_length_1988_cov_6.194283	1095	1228	7	1	133	0.0075188
NODE_117264_length_1988_cov_6.194283	1095	1228	8	8	133	0.0601504
NODE_117264_length_1988_cov_6.194283	1095	1228	9	3	133	0.0225564
NODE_117264_length_1988_cov_6.194283	1095	1228	10	53	133	0.3984962
NODE_117264_length_1988_cov_6.194283	1095	1228	11	17	133	0.1278196
NODE_117264_length_1988_cov_6.194283	1095	1228	12	7	133	0.0526316
NODE_11728_length_6975_cov_4.833770	2030	2163	7	9	133	0.0676692
NODE_11728_length_6975_cov_4.833770	2030	2163	9	2	133	0.0150376
NODE_11728_length_6975_cov_4.833770	2030	2163	10	2	133	0.0150376
NODE_11728_length_6975_cov_4.833770	2030	2163	11	11	133	0.0827068
NODE_11728_length_6975_cov_4.833770	2030	2163	12	10	133	0.0751880
NODE_11728_length_6975_cov_4.833770	2030	2163	13	4	133	0.0300752
NODE_11728_length_6975_cov_4.833770	2030	2163	14	16	133	0.1203008
NODE_11728_length_6975_cov_4.833770	2030	2163	15	16	133	0.1203008
NODE_11728_length_6975_cov_4.833770	2030	2163	16	16	133	0.1203008
NODE_11728_length_6975_cov_4.833770	2030	2163	17	31	133	0.2330827
NODE_11728_length_6975_cov_4.833770	2030	2163	19	16	133	0.1203008
NODE_11736_length_6973_cov_10.189409	6707	6840	3	5	133	0.0375940
NODE_11736_length_6973_cov_10.189409	6707	6840	4	24	133	0.1804511
NODE_11736_length_6973_cov_10.189409	6707	6840	5	6	133	0.0451128
NODE_11736_length_6973_cov_10.189409	6707	6840	8	13	133	0.0977444
NODE_11736_length_6973_cov_10.189409	6707	6840	9	30	133	0.2255639
NODE_11736_length_6973_cov_10.189409	6707	6840	10	38	133	0.2857143
NODE_11736_length_6973_cov_10.189409	6707	6840	11	17	133	0.1278196
NODE_1173_length_14256_cov_4.750724	5990	6123	8	11	133	0.0827068
NODE_1173_length_14256_cov_4.750724	5990	6123	9	15	133	0.1127820
NODE_1173_length_14256_cov_4.750724	5990	6123	10	7	133	0.0526316
NODE_1173_length_14256_cov_4.750724	5990	6123	11	34	133	0.2556391
NODE_1173_length_14256_cov_4.750724	5990	6123	12	8	133	0.0601504
NODE_1173_length_14256_cov_4.750724	5990	6123	13	25	133	0.1879699
NODE_1173_length_14256_cov_4.750724	5990	6123	14	8	133	0.0601504
NODE_1173_length_14256_cov_4.750724	5990	6123	15	25	133	0.1879699
NODE_11745_length_6971_cov_4.315483	6425	6558	0	1	133	0.0075188
NODE_11745_length_6971_cov_4.315483	6425	6558	1	15	133	0.1127820
NODE_11745_length_6971_cov_4.315483	6425	6558	2	86	133	0.6466165
NODE_11745_length_6971_cov_4.315483	6425	6558	4	31	133	0.2330827
NODE_117506_length_1985_cov_3.569459	1129	1262	24	1	133	0.0075188
NODE_117506_length_1985_cov_3.569459	1129	1262	25	17	133	0.1278196
NODE_117506_length_1985_cov_3.569459	1129	1262	26	10	133	0.0751880
NODE_117506_length_1985_cov_3.569459	1129	1262	27	6	133	0.0451128
NODE_117506_length_1985_cov_3.569459	1129	1262	28	9	133	0.0676692
NODE_117506_length_1985_cov_3.569459	1129	1262	29	23	133	0.1729323
NODE_117506_length_1985_cov_3.569459	1129	1262	30	29	133	0.2180451
NODE_117506_length_1985_cov_3.569459	1129	1262	31	25	133	0.1879699
NODE_117506_length_1985_cov_3.569459	1129	1262	32	4	133	0.0300752
NODE_117506_length_1985_cov_3.569459	1129	1262	33	7	133	0.0526316
NODE_117506_length_1985_cov_3.569459	1129	1262	35	2	133	0.0150376
NODE_11750_length_6970_cov_3.609809	2352	2485	0	62	133	0.4661654
NODE_11750_length_6970_cov_3.609809	2352	2485	2	19	133	0.1428571
NODE_11750_length_6970_cov_3.609809	2352	2485	3	5	133	0.0375940
NODE_11750_length_6970_cov_3.609809	2352	2485	5	18	133	0.1353384
NODE_11750_length_6970_cov_3.609809	2352	2485	6	29	133	0.2180451
NODE_117544_length_1984_cov_4.328382	1534	1667	3	7	133	0.0526316
NODE_117544_length_1984_cov_4.328382	1534	1667	4	66	133	0.4962406
NODE_117544_length_1984_cov_4.328382	1534	1667	5	8	133	0.0601504
NODE_117544_length_1984_cov_4.328382	1534	1667	6	33	133	0.2481203
NODE_117544_length_1984_cov_4.328382	1534	1667	7	19	133	0.1428571
NODE_117603_length_1983_cov_8.363057	734	867	1	14	133	0.1052632
NODE_117603_length_1983_cov_8.363057	734	867	2	33	133	0.2481203
NODE_117603_length_1983_cov_8.363057	734	867	3	62	133	0.4661654
NODE_117603_length_1983_cov_8.363057	734	867	4	24	133	0.1804511
NODE_11765_length_6966_cov_4.182612	4601	4734	1	31	133	0.2330827
NODE_11765_length_6966_cov_4.182612	4601	4734	3	89	133	0.6691729
NODE_11765_length_6966_cov_4.182612	4601	4734	4	13	133	0.0977444
NODE_117704_length_1982_cov_4.582050	800	933	9	16	133	0.1203008
NODE_117704_length_1982_cov_4.582050	800	933	10	15	133	0.1127820
NODE_117704_length_1982_cov_4.582050	800	933	11	22	133	0.1654135
NODE_117704_length_1982_cov_4.582050	800	933	12	28	133	0.2105263
NODE_117704_length_1982_cov_4.582050	800	933	13	26	133	0.1954887
NODE_117704_length_1982_cov_4.582050	800	933	14	3	133	0.0225564
NODE_117704_length_1982_cov_4.582050	800	933	15	23	133	0.1729323
NODE_117745_length_1982_cov_3.351036	410	543	4	30	133	0.2255639
NODE_117745_length_1982_cov_3.351036	410	543	6	4	133	0.0300752
NODE_117745_length_1982_cov_3.351036	410	543	7	23	133	0.1729323
NODE_117745_length_1982_cov_3.351036	410	543	8	36	133	0.2706767
NODE_117745_length_1982_cov_3.351036	410	543	9	34	133	0.2556391
NODE_117745_length_1982_cov_3.351036	410	543	10	6	133	0.0451128
NODE_11778_length_6964_cov_3.356737	558	691	1	17	133	0.1278196
NODE_11778_length_6964_cov_3.356737	558	691	2	3	133	0.0225564
NODE_11778_length_6964_cov_3.356737	558	691	3	10	133	0.0751880
NODE_11778_length_6964_cov_3.356737	558	691	4	6	133	0.0451128
NODE_11778_length_6964_cov_3.356737	558	691	6	82	133	0.6165413
NODE_11778_length_6964_cov_3.356737	558	691	7	15	133	0.1127820
NODE_117828_length_1981_cov_3.362912	1775	1908	4	2	133	0.0150376
NODE_117828_length_1981_cov_3.362912	1775	1908	5	18	133	0.1353384
NODE_117828_length_1981_cov_3.362912	1775	1908	7	13	133	0.0977444
NODE_117828_length_1981_cov_3.362912	1775	1908	8	13	133	0.0977444
NODE_117828_length_1981_cov_3.362912	1775	1908	9	25	133	0.1879699
NODE_117828_length_1981_cov_3.362912	1775	1908	10	15	133	0.1127820
NODE_117828_length_1981_cov_3.362912	1775	1908	11	47	133	0.3533835
NODE_11784_length_6961_cov_3.852958	4602	4735	4	36	133	0.2706767
NODE_11784_length_6961_cov_3.852958	4602	4735	6	20	133	0.1503759
NODE_11784_length_6961_cov_3.852958	4602	4735	8	4	133	0.0300752
NODE_11784_length_6961_cov_3.852958	4602	4735	9	11	133	0.0827068
NODE_11784_length_6961_cov_3.852958	4602	4735	10	14	133	0.1052632
NODE_11784_length_6961_cov_3.852958	4602	4735	11	48	133	0.3609022
NODE_11786_length_6960_cov_5.246757	1020	1153	17	2	133	0.0150376
NODE_11786_length_6960_cov_5.246757	1020	1153	18	2	133	0.0150376
NODE_11786_length_6960_cov_5.246757	1020	1153	19	1	133	0.0075188
NODE_11786_length_6960_cov_5.246757	1020	1153	20	2	133	0.0150376
NODE_11786_length_6960_cov_5.246757	1020	1153	21	8	133	0.0601504
NODE_11786_length_6960_cov_5.246757	1020	1153	22	10	133	0.0751880
NODE_11786_length_6960_cov_5.246757	1020	1153	23	1	133	0.0075188
NODE_11786_length_6960_cov_5.246757	1020	1153	24	8	133	0.0601504
NODE_11786_length_6960_cov_5.246757	1020	1153	26	8	133	0.0601504
NODE_11786_length_6960_cov_5.246757	1020	1153	27	3	133	0.0225564
NODE_11786_length_6960_cov_5.246757	1020	1153	28	1	133	0.0075188
NODE_11786_length_6960_cov_5.246757	1020	1153	29	2	133	0.0150376
NODE_11786_length_6960_cov_5.246757	1020	1153	30	4	133	0.0300752
NODE_11786_length_6960_cov_5.246757	1020	1153	31	5	133	0.0375940
NODE_11786_length_6960_cov_5.246757	1020	1153	32	4	133	0.0300752
NODE_11786_length_6960_cov_5.246757	1020	1153	33	11	133	0.0827068
NODE_11786_length_6960_cov_5.246757	1020	1153	34	6	133	0.0451128
NODE_11786_length_6960_cov_5.246757	1020	1153	35	5	133	0.0375940
NODE_11786_length_6960_cov_5.246757	1020	1153	36	4	133	0.0300752
NODE_11786_length_6960_cov_5.246757	1020	1153	39	2	133	0.0150376
NODE_11786_length_6960_cov_5.246757	1020	1153	40	12	133	0.0902256
NODE_11786_length_6960_cov_5.246757	1020	1153	41	18	133	0.1353384
NODE_11786_length_6960_cov_5.246757	1020	1153	42	2	133	0.0150376
NODE_11786_length_6960_cov_5.246757	1020	1153	43	7	133	0.0526316
NODE_11786_length_6960_cov_5.246757	1020	1153	44	5	133	0.0375940
NODE_117914_length_1980_cov_3.523126	1354	1487	5	43	133	0.3233083
NODE_117914_length_1980_cov_3.523126	1354	1487	6	50	133	0.3759398
NODE_117914_length_1980_cov_3.523126	1354	1487	7	22	133	0.1654135
NODE_117914_length_1980_cov_3.523126	1354	1487	8	11	133	0.0827068
NODE_117914_length_1980_cov_3.523126	1354	1487	9	7	133	0.0526316
NODE_117929_length_1980_cov_3.062201	1730	1863	21	10	133	0.0751880
NODE_117929_length_1980_cov_3.062201	1730	1863	22	3	133	0.0225564
NODE_117929_length_1980_cov_3.062201	1730	1863	24	1	133	0.0075188
NODE_117929_length_1980_cov_3.062201	1730	1863	25	13	133	0.0977444
NODE_117929_length_1980_cov_3.062201	1730	1863	26	10	133	0.0751880
NODE_117929_length_1980_cov_3.062201	1730	1863	27	19	133	0.1428571
NODE_117929_length_1980_cov_3.062201	1730	1863	28	7	133	0.0526316
NODE_117929_length_1980_cov_3.062201	1730	1863	29	20	133	0.1503759
NODE_117929_length_1980_cov_3.062201	1730	1863	30	16	133	0.1203008
NODE_117929_length_1980_cov_3.062201	1730	1863	31	31	133	0.2330827
NODE_117929_length_1980_cov_3.062201	1730	1863	32	3	133	0.0225564
NODE_117931_length_1980_cov_2.916002	104	237	0	133	133	1.0000000
NODE_117943_length_1979_cov_5.542553	337	470	10	18	133	0.1353384
NODE_117943_length_1979_cov_5.542553	337	470	11	6	133	0.0451128
NODE_117943_length_1979_cov_5.542553	337	470	13	21	133	0.1578947
NODE_117943_length_1979_cov_5.542553	337	470	14	7	133	0.0526316
NODE_117943_length_1979_cov_5.542553	337	470	15	17	133	0.1278196
NODE_117943_length_1979_cov_5.542553	337	470	16	44	133	0.3308271
NODE_117943_length_1979_cov_5.542553	337	470	17	19	133	0.1428571
NODE_117943_length_1979_cov_5.542553	337	470	18	1	133	0.0075188
NODE_118052_length_1978_cov_3.796700	1690	1823	4	18	133	0.1353384
NODE_118052_length_1978_cov_3.796700	1690	1823	5	64	133	0.4812030
NODE_118052_length_1978_cov_3.796700	1690	1823	6	24	133	0.1804511
NODE_118052_length_1978_cov_3.796700	1690	1823	7	27	133	0.2030075
NODE_118180_length_1976_cov_4.906766	1749	1882	5	17	133	0.1278196
NODE_118180_length_1976_cov_4.906766	1749	1882	6	50	133	0.3759398
NODE_118180_length_1976_cov_4.906766	1749	1882	7	20	133	0.1503759
NODE_118180_length_1976_cov_4.906766	1749	1882	8	24	133	0.1804511
NODE_118180_length_1976_cov_4.906766	1749	1882	9	22	133	0.1654135
NODE_118182_length_1976_cov_4.807672	319	452	4	25	133	0.1879699
NODE_118182_length_1976_cov_4.807672	319	452	5	25	133	0.1879699
NODE_118182_length_1976_cov_4.807672	319	452	9	38	133	0.2857143
NODE_118182_length_1976_cov_4.807672	319	452	10	28	133	0.2105263
NODE_118182_length_1976_cov_4.807672	319	452	11	15	133	0.1127820
NODE_118182_length_1976_cov_4.807672	319	452	12	2	133	0.0150376
NODE_118199_length_1976_cov_4.140650	1316	1449	6	6	133	0.0451128
NODE_118199_length_1976_cov_4.140650	1316	1449	10	6	133	0.0451128
NODE_118199_length_1976_cov_4.140650	1316	1449	11	25	133	0.1879699
NODE_118199_length_1976_cov_4.140650	1316	1449	13	2	133	0.0150376
NODE_118199_length_1976_cov_4.140650	1316	1449	14	2	133	0.0150376
NODE_118199_length_1976_cov_4.140650	1316	1449	15	3	133	0.0225564
NODE_118199_length_1976_cov_4.140650	1316	1449	16	7	133	0.0526316
NODE_118199_length_1976_cov_4.140650	1316	1449	17	18	133	0.1353384
NODE_118199_length_1976_cov_4.140650	1316	1449	18	11	133	0.0827068
NODE_118199_length_1976_cov_4.140650	1316	1449	19	53	133	0.3984962
NODE_1181_length_14235_cov_3.222977	5101	5234	6	4	133	0.0300752
NODE_1181_length_14235_cov_3.222977	5101	5234	7	15	133	0.1127820
NODE_1181_length_14235_cov_3.222977	5101	5234	8	66	133	0.4962406
NODE_1181_length_14235_cov_3.222977	5101	5234	9	7	133	0.0526316
NODE_1181_length_14235_cov_3.222977	5101	5234	10	35	133	0.2631579
NODE_1181_length_14235_cov_3.222977	5101	5234	11	6	133	0.0451128
NODE_118292_length_1975_cov_3.115139	1611	1744	10	9	133	0.0676692
NODE_118292_length_1975_cov_3.115139	1611	1744	11	23	133	0.1729323
NODE_118292_length_1975_cov_3.115139	1611	1744	12	8	133	0.0601504
NODE_118292_length_1975_cov_3.115139	1611	1744	13	8	133	0.0601504
NODE_118292_length_1975_cov_3.115139	1611	1744	14	19	133	0.1428571
NODE_118292_length_1975_cov_3.115139	1611	1744	16	9	133	0.0676692
NODE_118292_length_1975_cov_3.115139	1611	1744	17	37	133	0.2781955
NODE_118292_length_1975_cov_3.115139	1611	1744	18	14	133	0.1052632
NODE_118292_length_1975_cov_3.115139	1611	1744	19	6	133	0.0451128
NODE_1182_length_14230_cov_15.171679	8537	8670	3	6	133	0.0451128
NODE_1182_length_14230_cov_15.171679	8537	8670	4	1	133	0.0075188
NODE_1182_length_14230_cov_15.171679	8537	8670	5	3	133	0.0225564
NODE_1182_length_14230_cov_15.171679	8537	8670	6	6	133	0.0451128
NODE_1182_length_14230_cov_15.171679	8537	8670	7	8	133	0.0601504
NODE_1182_length_14230_cov_15.171679	8537	8670	8	9	133	0.0676692
NODE_1182_length_14230_cov_15.171679	8537	8670	9	6	133	0.0451128
NODE_1182_length_14230_cov_15.171679	8537	8670	10	2	133	0.0150376
NODE_1182_length_14230_cov_15.171679	8537	8670	11	3	133	0.0225564
NODE_1182_length_14230_cov_15.171679	8537	8670	12	9	133	0.0676692
NODE_1182_length_14230_cov_15.171679	8537	8670	13	8	133	0.0601504
NODE_1182_length_14230_cov_15.171679	8537	8670	14	27	133	0.2030075
NODE_1182_length_14230_cov_15.171679	8537	8670	16	20	133	0.1503759
NODE_1182_length_14230_cov_15.171679	8537	8670	17	25	133	0.1879699
NODE_118314_length_1974_cov_5.220800	1599	1732	11	7	133	0.0526316
NODE_118314_length_1974_cov_5.220800	1599	1732	13	11	133	0.0827068
NODE_118314_length_1974_cov_5.220800	1599	1732	14	16	133	0.1203008
NODE_118314_length_1974_cov_5.220800	1599	1732	15	5	133	0.0375940
NODE_118314_length_1974_cov_5.220800	1599	1732	16	32	133	0.2406015
NODE_118314_length_1974_cov_5.220800	1599	1732	17	17	133	0.1278196
NODE_118314_length_1974_cov_5.220800	1599	1732	18	24	133	0.1804511
NODE_118314_length_1974_cov_5.220800	1599	1732	19	21	133	0.1578947
NODE_118319_length_1974_cov_4.941333	1508	1641	7	10	133	0.0751880
NODE_118319_length_1974_cov_4.941333	1508	1641	8	8	133	0.0601504
NODE_118319_length_1974_cov_4.941333	1508	1641	9	30	133	0.2255639
NODE_118319_length_1974_cov_4.941333	1508	1641	10	45	133	0.3383459
NODE_118319_length_1974_cov_4.941333	1508	1641	11	7	133	0.0526316
NODE_118319_length_1974_cov_4.941333	1508	1641	12	33	133	0.2481203
NODE_118353_length_1974_cov_3.697067	309	442	8	27	133	0.2030075
NODE_118353_length_1974_cov_3.697067	309	442	9	31	133	0.2330827
NODE_118353_length_1974_cov_3.697067	309	442	10	13	133	0.0977444
NODE_118353_length_1974_cov_3.697067	309	442	11	31	133	0.2330827
NODE_118353_length_1974_cov_3.697067	309	442	13	6	133	0.0451128
NODE_118353_length_1974_cov_3.697067	309	442	14	25	133	0.1879699
NODE_118395_length_1973_cov_6.678228	302	435	45	1	133	0.0075188
NODE_118395_length_1973_cov_6.678228	302	435	46	4	133	0.0300752
NODE_118395_length_1973_cov_6.678228	302	435	48	5	133	0.0375940
NODE_118395_length_1973_cov_6.678228	302	435	49	1	133	0.0075188
NODE_118395_length_1973_cov_6.678228	302	435	50	10	133	0.0751880
NODE_118395_length_1973_cov_6.678228	302	435	51	1	133	0.0075188
NODE_118395_length_1973_cov_6.678228	302	435	52	5	133	0.0375940
NODE_118395_length_1973_cov_6.678228	302	435	53	10	133	0.0751880
NODE_118395_length_1973_cov_6.678228	302	435	54	21	133	0.1578947
NODE_118395_length_1973_cov_6.678228	302	435	55	18	133	0.1353384
NODE_118395_length_1973_cov_6.678228	302	435	56	20	133	0.1503759
NODE_118395_length_1973_cov_6.678228	302	435	57	19	133	0.1428571
NODE_118395_length_1973_cov_6.678228	302	435	58	7	133	0.0526316
NODE_118395_length_1973_cov_6.678228	302	435	59	9	133	0.0676692
NODE_118395_length_1973_cov_6.678228	302	435	60	2	133	0.0150376
NODE_11840_length_6946_cov_4.947860	895	1028	7	3	133	0.0225564
NODE_11840_length_6946_cov_4.947860	895	1028	8	4	133	0.0300752
NODE_11840_length_6946_cov_4.947860	895	1028	11	6	133	0.0451128
NODE_11840_length_6946_cov_4.947860	895	1028	12	2	133	0.0150376
NODE_11840_length_6946_cov_4.947860	895	1028	13	6	133	0.0451128
NODE_11840_length_6946_cov_4.947860	895	1028	14	9	133	0.0676692
NODE_11840_length_6946_cov_4.947860	895	1028	15	14	133	0.1052632
NODE_11840_length_6946_cov_4.947860	895	1028	16	3	133	0.0225564
NODE_11840_length_6946_cov_4.947860	895	1028	17	48	133	0.3609022
NODE_11840_length_6946_cov_4.947860	895	1028	18	10	133	0.0751880
NODE_11840_length_6946_cov_4.947860	895	1028	19	28	133	0.2105263
NODE_118419_length_1973_cov_3.939168	1380	1513	7	3	133	0.0225564
NODE_118419_length_1973_cov_3.939168	1380	1513	8	55	133	0.4135338
NODE_118419_length_1973_cov_3.939168	1380	1513	9	25	133	0.1879699
NODE_118419_length_1973_cov_3.939168	1380	1513	10	44	133	0.3308271
NODE_118419_length_1973_cov_3.939168	1380	1513	11	6	133	0.0451128
NODE_118489_length_1972_cov_4.140950	441	574	6	5	133	0.0375940
NODE_118489_length_1972_cov_4.140950	441	574	7	1	133	0.0075188
NODE_118489_length_1972_cov_4.140950	441	574	9	14	133	0.1052632
NODE_118489_length_1972_cov_4.140950	441	574	10	26	133	0.1954887
NODE_118489_length_1972_cov_4.140950	441	574	11	25	133	0.1879699
NODE_118489_length_1972_cov_4.140950	441	574	13	11	133	0.0827068
NODE_118489_length_1972_cov_4.140950	441	574	14	9	133	0.0676692
NODE_118489_length_1972_cov_4.140950	441	574	15	5	133	0.0375940
NODE_118489_length_1972_cov_4.140950	441	574	16	4	133	0.0300752
NODE_118489_length_1972_cov_4.140950	441	574	17	14	133	0.1052632
NODE_118489_length_1972_cov_4.140950	441	574	18	19	133	0.1428571
NODE_1184_length_14222_cov_4.384621	8199	8332	7	27	133	0.2030075
NODE_1184_length_14222_cov_4.384621	8199	8332	8	17	133	0.1278196
NODE_1184_length_14222_cov_4.384621	8199	8332	9	4	133	0.0300752
NODE_1184_length_14222_cov_4.384621	8199	8332	10	49	133	0.3684210
NODE_1184_length_14222_cov_4.384621	8199	8332	11	21	133	0.1578947
NODE_1184_length_14222_cov_4.384621	8199	8332	12	7	133	0.0526316
NODE_1184_length_14222_cov_4.384621	8199	8332	13	8	133	0.0601504
NODE_1185_length_14221_cov_4.604376	4350	4483	10	1	133	0.0075188
NODE_1185_length_14221_cov_4.604376	4350	4483	11	14	133	0.1052632
NODE_1185_length_14221_cov_4.604376	4350	4483	12	22	133	0.1654135
NODE_1185_length_14221_cov_4.604376	4350	4483	13	2	133	0.0150376
NODE_1185_length_14221_cov_4.604376	4350	4483	14	42	133	0.3157895
NODE_1185_length_14221_cov_4.604376	4350	4483	15	52	133	0.3909774
NODE_11863_length_6942_cov_4.943592	3377	3510	8	6	133	0.0451128
NODE_11863_length_6942_cov_4.943592	3377	3510	9	5	133	0.0375940
NODE_11863_length_6942_cov_4.943592	3377	3510	10	21	133	0.1578947
NODE_11863_length_6942_cov_4.943592	3377	3510	11	28	133	0.2105263
NODE_11863_length_6942_cov_4.943592	3377	3510	12	9	133	0.0676692
NODE_11863_length_6942_cov_4.943592	3377	3510	13	37	133	0.2781955
NODE_11863_length_6942_cov_4.943592	3377	3510	14	27	133	0.2030075
NODE_118708_length_1969_cov_4.512834	232	365	7	1	133	0.0075188
NODE_118708_length_1969_cov_4.512834	232	365	8	8	133	0.0601504
NODE_118708_length_1969_cov_4.512834	232	365	9	7	133	0.0526316
NODE_118708_length_1969_cov_4.512834	232	365	10	2	133	0.0150376
NODE_118708_length_1969_cov_4.512834	232	365	11	3	133	0.0225564
NODE_118708_length_1969_cov_4.512834	232	365	13	6	133	0.0451128
NODE_118708_length_1969_cov_4.512834	232	365	15	10	133	0.0751880
NODE_118708_length_1969_cov_4.512834	232	365	16	15	133	0.1127820
NODE_118708_length_1969_cov_4.512834	232	365	17	4	133	0.0300752
NODE_118708_length_1969_cov_4.512834	232	365	19	1	133	0.0075188
NODE_118708_length_1969_cov_4.512834	232	365	21	7	133	0.0526316
NODE_118708_length_1969_cov_4.512834	232	365	23	5	133	0.0375940
NODE_118708_length_1969_cov_4.512834	232	365	24	2	133	0.0150376
NODE_118708_length_1969_cov_4.512834	232	365	25	2	133	0.0150376
NODE_118708_length_1969_cov_4.512834	232	365	26	27	133	0.2030075
NODE_118708_length_1969_cov_4.512834	232	365	28	10	133	0.0751880
NODE_118708_length_1969_cov_4.512834	232	365	29	17	133	0.1278196
NODE_118708_length_1969_cov_4.512834	232	365	30	6	133	0.0451128
NODE_11873_length_6940_cov_4.233592	1800	1933	18	7	133	0.0526316
NODE_11873_length_6940_cov_4.233592	1800	1933	19	14	133	0.1052632
NODE_11873_length_6940_cov_4.233592	1800	1933	20	4	133	0.0300752
NODE_11873_length_6940_cov_4.233592	1800	1933	21	1	133	0.0075188
NODE_11873_length_6940_cov_4.233592	1800	1933	22	3	133	0.0225564
NODE_11873_length_6940_cov_4.233592	1800	1933	23	2	133	0.0150376
NODE_11873_length_6940_cov_4.233592	1800	1933	24	11	133	0.0827068
NODE_11873_length_6940_cov_4.233592	1800	1933	25	15	133	0.1127820
NODE_11873_length_6940_cov_4.233592	1800	1933	26	19	133	0.1428571
NODE_11873_length_6940_cov_4.233592	1800	1933	27	19	133	0.1428571
NODE_11873_length_6940_cov_4.233592	1800	1933	28	6	133	0.0451128
NODE_11873_length_6940_cov_4.233592	1800	1933	29	13	133	0.0977444
NODE_11873_length_6940_cov_4.233592	1800	1933	30	6	133	0.0451128
NODE_11873_length_6940_cov_4.233592	1800	1933	32	12	133	0.0902256
NODE_11873_length_6940_cov_4.233592	1800	1933	33	1	133	0.0075188
NODE_11876_length_6940_cov_3.588218	1381	1514	10	18	133	0.1353384
NODE_11876_length_6940_cov_3.588218	1381	1514	11	9	133	0.0676692
NODE_11876_length_6940_cov_3.588218	1381	1514	12	17	133	0.1278196
NODE_11876_length_6940_cov_3.588218	1381	1514	13	34	133	0.2556391
NODE_11876_length_6940_cov_3.588218	1381	1514	14	3	133	0.0225564
NODE_11876_length_6940_cov_3.588218	1381	1514	15	20	133	0.1503759
NODE_11876_length_6940_cov_3.588218	1381	1514	16	29	133	0.2180451
NODE_11876_length_6940_cov_3.588218	1381	1514	17	3	133	0.0225564
NODE_11880_length_6939_cov_3.947222	607	740	7	4	133	0.0300752
NODE_11880_length_6939_cov_3.947222	607	740	8	6	133	0.0451128
NODE_11880_length_6939_cov_3.947222	607	740	9	5	133	0.0375940
NODE_11880_length_6939_cov_3.947222	607	740	10	52	133	0.3909774
NODE_11880_length_6939_cov_3.947222	607	740	11	37	133	0.2781955
NODE_11880_length_6939_cov_3.947222	607	740	12	29	133	0.2180451
NODE_118815_length_1968_cov_3.623328	500	633	13	22	133	0.1654135
NODE_118815_length_1968_cov_3.623328	500	633	14	1	133	0.0075188
NODE_118815_length_1968_cov_3.623328	500	633	15	11	133	0.0827068
NODE_118815_length_1968_cov_3.623328	500	633	16	1	133	0.0075188
NODE_118815_length_1968_cov_3.623328	500	633	17	13	133	0.0977444
NODE_118815_length_1968_cov_3.623328	500	633	18	8	133	0.0601504
NODE_118815_length_1968_cov_3.623328	500	633	19	7	133	0.0526316
NODE_118815_length_1968_cov_3.623328	500	633	20	5	133	0.0375940
NODE_118815_length_1968_cov_3.623328	500	633	21	1	133	0.0075188
NODE_118815_length_1968_cov_3.623328	500	633	22	4	133	0.0300752
NODE_118815_length_1968_cov_3.623328	500	633	23	1	133	0.0075188
NODE_118815_length_1968_cov_3.623328	500	633	24	2	133	0.0150376
NODE_118815_length_1968_cov_3.623328	500	633	25	5	133	0.0375940
NODE_118815_length_1968_cov_3.623328	500	633	26	2	133	0.0150376
NODE_118815_length_1968_cov_3.623328	500	633	28	9	133	0.0676692
NODE_118815_length_1968_cov_3.623328	500	633	29	5	133	0.0375940
NODE_118815_length_1968_cov_3.623328	500	633	30	17	133	0.1278196
NODE_118815_length_1968_cov_3.623328	500	633	31	6	133	0.0451128
NODE_118815_length_1968_cov_3.623328	500	633	32	13	133	0.0977444
NODE_118894_length_1967_cov_3.611884	629	762	1	90	133	0.6766917
NODE_118894_length_1967_cov_3.611884	629	762	2	1	133	0.0075188
NODE_118894_length_1967_cov_3.611884	629	762	3	42	133	0.3157895
NODE_118900_length_1967_cov_3.376338	1577	1710	2	15	133	0.1127820
NODE_118900_length_1967_cov_3.376338	1577	1710	4	16	133	0.1203008
NODE_118900_length_1967_cov_3.376338	1577	1710	5	15	133	0.1127820
NODE_118900_length_1967_cov_3.376338	1577	1710	6	58	133	0.4360902
NODE_118900_length_1967_cov_3.376338	1577	1710	7	29	133	0.2180451
NODE_11890_length_6937_cov_4.158965	1046	1179	3	33	133	0.2481203
NODE_11890_length_6937_cov_4.158965	1046	1179	5	8	133	0.0601504
NODE_11890_length_6937_cov_4.158965	1046	1179	6	50	133	0.3759398
NODE_11890_length_6937_cov_4.158965	1046	1179	7	18	133	0.1353384
NODE_11890_length_6937_cov_4.158965	1046	1179	8	6	133	0.0451128
NODE_11890_length_6937_cov_4.158965	1046	1179	9	18	133	0.1353384
NODE_119022_length_1965_cov_4.090032	1308	1441	12	5	133	0.0375940
NODE_119022_length_1965_cov_4.090032	1308	1441	13	6	133	0.0451128
NODE_119022_length_1965_cov_4.090032	1308	1441	14	11	133	0.0827068
NODE_119022_length_1965_cov_4.090032	1308	1441	15	53	133	0.3984962
NODE_119022_length_1965_cov_4.090032	1308	1441	16	32	133	0.2406015
NODE_119022_length_1965_cov_4.090032	1308	1441	17	19	133	0.1428571
NODE_119022_length_1965_cov_4.090032	1308	1441	18	7	133	0.0526316
NODE_11902_length_6934_cov_11.582443	2485	2618	24	1	133	0.0075188
NODE_11902_length_6934_cov_11.582443	2485	2618	25	2	133	0.0150376
NODE_11902_length_6934_cov_11.582443	2485	2618	26	3	133	0.0225564
NODE_11902_length_6934_cov_11.582443	2485	2618	27	21	133	0.1578947
NODE_11902_length_6934_cov_11.582443	2485	2618	28	3	133	0.0225564
NODE_11902_length_6934_cov_11.582443	2485	2618	29	9	133	0.0676692
NODE_11902_length_6934_cov_11.582443	2485	2618	30	5	133	0.0375940
NODE_11902_length_6934_cov_11.582443	2485	2618	31	3	133	0.0225564
NODE_11902_length_6934_cov_11.582443	2485	2618	32	13	133	0.0977444
NODE_11902_length_6934_cov_11.582443	2485	2618	33	1	133	0.0075188
NODE_11902_length_6934_cov_11.582443	2485	2618	35	9	133	0.0676692
NODE_11902_length_6934_cov_11.582443	2485	2618	36	9	133	0.0676692
NODE_11902_length_6934_cov_11.582443	2485	2618	37	15	133	0.1127820
NODE_11902_length_6934_cov_11.582443	2485	2618	38	11	133	0.0827068
NODE_11902_length_6934_cov_11.582443	2485	2618	39	22	133	0.1654135
NODE_11902_length_6934_cov_11.582443	2485	2618	40	5	133	0.0375940
NODE_11902_length_6934_cov_11.582443	2485	2618	41	1	133	0.0075188
NODE_119039_length_1965_cov_3.600750	185	318	15	7	133	0.0526316
NODE_119039_length_1965_cov_3.600750	185	318	16	43	133	0.3233083
NODE_119039_length_1965_cov_3.600750	185	318	17	5	133	0.0375940
NODE_119039_length_1965_cov_3.600750	185	318	18	6	133	0.0451128
NODE_119039_length_1965_cov_3.600750	185	318	19	21	133	0.1578947
NODE_119039_length_1965_cov_3.600750	185	318	20	27	133	0.2030075
NODE_119039_length_1965_cov_3.600750	185	318	21	24	133	0.1804511
NODE_11903_length_6934_cov_9.616971	2962	3095	14	1	133	0.0075188
NODE_11903_length_6934_cov_9.616971	2962	3095	18	3	133	0.0225564
NODE_11903_length_6934_cov_9.616971	2962	3095	19	7	133	0.0526316
NODE_11903_length_6934_cov_9.616971	2962	3095	20	4	133	0.0300752
NODE_11903_length_6934_cov_9.616971	2962	3095	21	5	133	0.0375940
NODE_11903_length_6934_cov_9.616971	2962	3095	22	15	133	0.1127820
NODE_11903_length_6934_cov_9.616971	2962	3095	23	7	133	0.0526316
NODE_11903_length_6934_cov_9.616971	2962	3095	24	47	133	0.3533835
NODE_11903_length_6934_cov_9.616971	2962	3095	25	15	133	0.1127820
NODE_11903_length_6934_cov_9.616971	2962	3095	26	24	133	0.1804511
NODE_11903_length_6934_cov_9.616971	2962	3095	27	5	133	0.0375940
NODE_119044_length_1965_cov_3.487674	1510	1643	4	43	133	0.3233083
NODE_119044_length_1965_cov_3.487674	1510	1643	5	1	133	0.0075188
NODE_119044_length_1965_cov_3.487674	1510	1643	6	8	133	0.0601504
NODE_119044_length_1965_cov_3.487674	1510	1643	7	9	133	0.0676692
NODE_119044_length_1965_cov_3.487674	1510	1643	8	4	133	0.0300752
NODE_119044_length_1965_cov_3.487674	1510	1643	9	49	133	0.3684210
NODE_119044_length_1965_cov_3.487674	1510	1643	10	10	133	0.0751880
NODE_119044_length_1965_cov_3.487674	1510	1643	11	9	133	0.0676692
NODE_119096_length_1964_cov_4.184987	365	498	5	8	133	0.0601504
NODE_119096_length_1964_cov_4.184987	365	498	6	29	133	0.2180451
NODE_119096_length_1964_cov_4.184987	365	498	7	72	133	0.5413534
NODE_119096_length_1964_cov_4.184987	365	498	9	17	133	0.1278196
NODE_119096_length_1964_cov_4.184987	365	498	10	7	133	0.0526316
NODE_119165_length_1963_cov_4.234442	1421	1554	7	17	133	0.1278196
NODE_119165_length_1963_cov_4.234442	1421	1554	8	54	133	0.4060150
NODE_119165_length_1963_cov_4.234442	1421	1554	9	19	133	0.1428571
NODE_119165_length_1963_cov_4.234442	1421	1554	10	37	133	0.2781955
NODE_119165_length_1963_cov_4.234442	1421	1554	11	6	133	0.0451128
NODE_11924_length_6929_cov_4.808638	5476	5609	15	1	133	0.0075188
NODE_11924_length_6929_cov_4.808638	5476	5609	17	4	133	0.0300752
NODE_11924_length_6929_cov_4.808638	5476	5609	18	6	133	0.0451128
NODE_11924_length_6929_cov_4.808638	5476	5609	19	2	133	0.0150376
NODE_11924_length_6929_cov_4.808638	5476	5609	20	3	133	0.0225564
NODE_11924_length_6929_cov_4.808638	5476	5609	22	5	133	0.0375940
NODE_11924_length_6929_cov_4.808638	5476	5609	23	3	133	0.0225564
NODE_11924_length_6929_cov_4.808638	5476	5609	24	3	133	0.0225564
NODE_11924_length_6929_cov_4.808638	5476	5609	26	2	133	0.0150376
NODE_11924_length_6929_cov_4.808638	5476	5609	27	19	133	0.1428571
NODE_11924_length_6929_cov_4.808638	5476	5609	28	24	133	0.1804511
NODE_11924_length_6929_cov_4.808638	5476	5609	29	23	133	0.1729323
NODE_11924_length_6929_cov_4.808638	5476	5609	30	32	133	0.2406015
NODE_11924_length_6929_cov_4.808638	5476	5609	31	6	133	0.0451128
NODE_11927_length_6929_cov_3.925476	3457	3590	11	20	133	0.1503759
NODE_11927_length_6929_cov_3.925476	3457	3590	12	2	133	0.0150376
NODE_11927_length_6929_cov_3.925476	3457	3590	13	10	133	0.0751880
NODE_11927_length_6929_cov_3.925476	3457	3590	14	40	133	0.3007519
NODE_11927_length_6929_cov_3.925476	3457	3590	15	15	133	0.1127820
NODE_11927_length_6929_cov_3.925476	3457	3590	16	19	133	0.1428571
NODE_11927_length_6929_cov_3.925476	3457	3590	17	6	133	0.0451128
NODE_11927_length_6929_cov_3.925476	3457	3590	18	5	133	0.0375940
NODE_11927_length_6929_cov_3.925476	3457	3590	19	3	133	0.0225564
NODE_11927_length_6929_cov_3.925476	3457	3590	20	13	133	0.0977444
NODE_119312_length_1961_cov_4.476907	147	280	9	1	133	0.0075188
NODE_119312_length_1961_cov_4.476907	147	280	10	15	133	0.1127820
NODE_119312_length_1961_cov_4.476907	147	280	11	11	133	0.0827068
NODE_119312_length_1961_cov_4.476907	147	280	12	12	133	0.0902256
NODE_119312_length_1961_cov_4.476907	147	280	13	6	133	0.0451128
NODE_119312_length_1961_cov_4.476907	147	280	14	10	133	0.0751880
NODE_119312_length_1961_cov_4.476907	147	280	17	10	133	0.0751880
NODE_119312_length_1961_cov_4.476907	147	280	18	1	133	0.0075188
NODE_119312_length_1961_cov_4.476907	147	280	20	4	133	0.0300752
NODE_119312_length_1961_cov_4.476907	147	280	21	1	133	0.0075188
NODE_119312_length_1961_cov_4.476907	147	280	22	7	133	0.0526316
NODE_119312_length_1961_cov_4.476907	147	280	23	2	133	0.0150376
NODE_119312_length_1961_cov_4.476907	147	280	24	4	133	0.0300752
NODE_119312_length_1961_cov_4.476907	147	280	25	7	133	0.0526316
NODE_119312_length_1961_cov_4.476907	147	280	26	11	133	0.0827068
NODE_119312_length_1961_cov_4.476907	147	280	27	16	133	0.1203008
NODE_119312_length_1961_cov_4.476907	147	280	28	8	133	0.0601504
NODE_119312_length_1961_cov_4.476907	147	280	29	7	133	0.0526316
NODE_119348_length_1961_cov_3.561224	358	491	1	7	133	0.0526316
NODE_119348_length_1961_cov_3.561224	358	491	3	8	133	0.0601504
NODE_119348_length_1961_cov_3.561224	358	491	4	21	133	0.1578947
NODE_119348_length_1961_cov_3.561224	358	491	5	67	133	0.5037594
NODE_119348_length_1961_cov_3.561224	358	491	6	30	133	0.2255639
NODE_119396_length_1960_cov_4.141859	1401	1534	5	21	133	0.1578947
NODE_119396_length_1960_cov_4.141859	1401	1534	6	46	133	0.3458647
NODE_119396_length_1960_cov_4.141859	1401	1534	7	21	133	0.1578947
NODE_119396_length_1960_cov_4.141859	1401	1534	8	44	133	0.3308271
NODE_119396_length_1960_cov_4.141859	1401	1534	9	1	133	0.0075188
NODE_119456_length_1959_cov_4.713978	1035	1168	12	2	133	0.0150376
NODE_119456_length_1959_cov_4.713978	1035	1168	13	1	133	0.0075188
NODE_119456_length_1959_cov_4.713978	1035	1168	15	10	133	0.0751880
NODE_119456_length_1959_cov_4.713978	1035	1168	16	1	133	0.0075188
NODE_119456_length_1959_cov_4.713978	1035	1168	17	20	133	0.1503759
NODE_119456_length_1959_cov_4.713978	1035	1168	18	4	133	0.0300752
NODE_119456_length_1959_cov_4.713978	1035	1168	19	11	133	0.0827068
NODE_119456_length_1959_cov_4.713978	1035	1168	20	6	133	0.0451128
NODE_119456_length_1959_cov_4.713978	1035	1168	21	1	133	0.0075188
NODE_119456_length_1959_cov_4.713978	1035	1168	22	8	133	0.0601504
NODE_119456_length_1959_cov_4.713978	1035	1168	23	6	133	0.0451128
NODE_119456_length_1959_cov_4.713978	1035	1168	24	6	133	0.0451128
NODE_119456_length_1959_cov_4.713978	1035	1168	25	15	133	0.1127820
NODE_119456_length_1959_cov_4.713978	1035	1168	26	28	133	0.2105263
NODE_119456_length_1959_cov_4.713978	1035	1168	27	14	133	0.1052632
NODE_119533_length_1958_cov_4.775148	594	727	26	4	133	0.0300752
NODE_119533_length_1958_cov_4.775148	594	727	27	5	133	0.0375940
NODE_119533_length_1958_cov_4.775148	594	727	30	3	133	0.0225564
NODE_119533_length_1958_cov_4.775148	594	727	31	3	133	0.0225564
NODE_119533_length_1958_cov_4.775148	594	727	32	2	133	0.0150376
NODE_119533_length_1958_cov_4.775148	594	727	33	12	133	0.0902256
NODE_119533_length_1958_cov_4.775148	594	727	34	5	133	0.0375940
NODE_119533_length_1958_cov_4.775148	594	727	35	13	133	0.0977444
NODE_119533_length_1958_cov_4.775148	594	727	36	35	133	0.2631579
NODE_119533_length_1958_cov_4.775148	594	727	37	34	133	0.2556391
NODE_119533_length_1958_cov_4.775148	594	727	38	9	133	0.0676692
NODE_119533_length_1958_cov_4.775148	594	727	39	1	133	0.0075188
NODE_119533_length_1958_cov_4.775148	594	727	40	6	133	0.0451128
NODE_119533_length_1958_cov_4.775148	594	727	41	1	133	0.0075188
NODE_119554_length_1958_cov_4.237224	693	826	19	1	133	0.0075188
NODE_119554_length_1958_cov_4.237224	693	826	20	5	133	0.0375940
NODE_119554_length_1958_cov_4.237224	693	826	22	1	133	0.0075188
NODE_119554_length_1958_cov_4.237224	693	826	24	5	133	0.0375940
NODE_119554_length_1958_cov_4.237224	693	826	26	4	133	0.0300752
NODE_119554_length_1958_cov_4.237224	693	826	28	3	133	0.0225564
NODE_119554_length_1958_cov_4.237224	693	826	30	5	133	0.0375940
NODE_119554_length_1958_cov_4.237224	693	826	31	13	133	0.0977444
NODE_119554_length_1958_cov_4.237224	693	826	33	9	133	0.0676692
NODE_119554_length_1958_cov_4.237224	693	826	34	3	133	0.0225564
NODE_119554_length_1958_cov_4.237224	693	826	35	20	133	0.1503759
NODE_119554_length_1958_cov_4.237224	693	826	36	13	133	0.0977444
NODE_119554_length_1958_cov_4.237224	693	826	37	13	133	0.0977444
NODE_119554_length_1958_cov_4.237224	693	826	38	29	133	0.2180451
NODE_119554_length_1958_cov_4.237224	693	826	39	9	133	0.0676692
NODE_11956_length_6924_cov_3.292747	1866	1999	6	10	133	0.0751880
NODE_11956_length_6924_cov_3.292747	1866	1999	7	21	133	0.1578947
NODE_11956_length_6924_cov_3.292747	1866	1999	8	1	133	0.0075188
NODE_11956_length_6924_cov_3.292747	1866	1999	9	14	133	0.1052632
NODE_11956_length_6924_cov_3.292747	1866	1999	10	3	133	0.0225564
NODE_11956_length_6924_cov_3.292747	1866	1999	11	14	133	0.1052632
NODE_11956_length_6924_cov_3.292747	1866	1999	12	6	133	0.0451128
NODE_11956_length_6924_cov_3.292747	1866	1999	13	6	133	0.0451128
NODE_11956_length_6924_cov_3.292747	1866	1999	15	5	133	0.0375940
NODE_11956_length_6924_cov_3.292747	1866	1999	16	3	133	0.0225564
NODE_11956_length_6924_cov_3.292747	1866	1999	17	7	133	0.0526316
NODE_11956_length_6924_cov_3.292747	1866	1999	18	12	133	0.0902256
NODE_11956_length_6924_cov_3.292747	1866	1999	19	6	133	0.0451128
NODE_11956_length_6924_cov_3.292747	1866	1999	20	3	133	0.0225564
NODE_11956_length_6924_cov_3.292747	1866	1999	21	13	133	0.0977444
NODE_11956_length_6924_cov_3.292747	1866	1999	22	6	133	0.0451128
NODE_11956_length_6924_cov_3.292747	1866	1999	24	3	133	0.0225564
NODE_11957_length_6924_cov_3.134359	5426	5559	2	23	133	0.1729323
NODE_11957_length_6924_cov_3.134359	5426	5559	4	22	133	0.1654135
NODE_11957_length_6924_cov_3.134359	5426	5559	5	76	133	0.5714286
NODE_11957_length_6924_cov_3.134359	5426	5559	6	12	133	0.0902256
NODE_11959_length_6923_cov_4.418962	1489	1622	7	7	133	0.0526316
NODE_11959_length_6923_cov_4.418962	1489	1622	8	16	133	0.1203008
NODE_11959_length_6923_cov_4.418962	1489	1622	9	14	133	0.1052632
NODE_11959_length_6923_cov_4.418962	1489	1622	10	14	133	0.1052632
NODE_11959_length_6923_cov_4.418962	1489	1622	11	37	133	0.2781955
NODE_11959_length_6923_cov_4.418962	1489	1622	12	45	133	0.3383459
NODE_1196_length_14201_cov_4.483619	12099	12232	3	4	133	0.0300752
NODE_1196_length_14201_cov_4.483619	12099	12232	5	4	133	0.0300752
NODE_1196_length_14201_cov_4.483619	12099	12232	6	5	133	0.0375940
NODE_1196_length_14201_cov_4.483619	12099	12232	10	2	133	0.0150376
NODE_1196_length_14201_cov_4.483619	12099	12232	11	9	133	0.0676692
NODE_1196_length_14201_cov_4.483619	12099	12232	12	11	133	0.0827068
NODE_1196_length_14201_cov_4.483619	12099	12232	13	11	133	0.0827068
NODE_1196_length_14201_cov_4.483619	12099	12232	14	33	133	0.2481203
NODE_1196_length_14201_cov_4.483619	12099	12232	15	54	133	0.4060150
NODE_119758_length_1956_cov_4.235864	893	1026	11	4	133	0.0300752
NODE_119758_length_1956_cov_4.235864	893	1026	12	5	133	0.0375940
NODE_119758_length_1956_cov_4.235864	893	1026	13	18	133	0.1353384
NODE_119758_length_1956_cov_4.235864	893	1026	14	8	133	0.0601504
NODE_119758_length_1956_cov_4.235864	893	1026	15	9	133	0.0676692
NODE_119758_length_1956_cov_4.235864	893	1026	16	1	133	0.0075188
NODE_119758_length_1956_cov_4.235864	893	1026	17	12	133	0.0902256
NODE_119758_length_1956_cov_4.235864	893	1026	18	3	133	0.0225564
NODE_119758_length_1956_cov_4.235864	893	1026	19	14	133	0.1052632
NODE_119758_length_1956_cov_4.235864	893	1026	20	6	133	0.0451128
NODE_119758_length_1956_cov_4.235864	893	1026	21	18	133	0.1353384
NODE_119758_length_1956_cov_4.235864	893	1026	22	16	133	0.1203008
NODE_119758_length_1956_cov_4.235864	893	1026	23	19	133	0.1428571
NODE_119830_length_1955_cov_4.212823	43	176	4	3	133	0.0225564
NODE_119830_length_1955_cov_4.212823	43	176	5	22	133	0.1654135
NODE_119830_length_1955_cov_4.212823	43	176	6	3	133	0.0225564
NODE_119830_length_1955_cov_4.212823	43	176	7	21	133	0.1578947
NODE_119830_length_1955_cov_4.212823	43	176	8	7	133	0.0526316
NODE_119830_length_1955_cov_4.212823	43	176	9	18	133	0.1353384
NODE_119830_length_1955_cov_4.212823	43	176	11	59	133	0.4436090
NODE_119849_length_1955_cov_3.515086	1560	1693	3	19	133	0.1428571
NODE_119849_length_1955_cov_3.515086	1560	1693	4	17	133	0.1278196
NODE_119849_length_1955_cov_3.515086	1560	1693	5	2	133	0.0150376
NODE_119849_length_1955_cov_3.515086	1560	1693	6	2	133	0.0150376
NODE_119849_length_1955_cov_3.515086	1560	1693	7	6	133	0.0451128
NODE_119849_length_1955_cov_3.515086	1560	1693	9	1	133	0.0075188
NODE_119849_length_1955_cov_3.515086	1560	1693	10	1	133	0.0075188
NODE_119849_length_1955_cov_3.515086	1560	1693	11	6	133	0.0451128
NODE_119849_length_1955_cov_3.515086	1560	1693	12	52	133	0.3909774
NODE_119849_length_1955_cov_3.515086	1560	1693	13	20	133	0.1503759
NODE_119849_length_1955_cov_3.515086	1560	1693	14	7	133	0.0526316
NODE_11994_length_6916_cov_8.452105	4063	4196	3	12	133	0.0902256
NODE_11994_length_6916_cov_8.452105	4063	4196	4	3	133	0.0225564
NODE_11994_length_6916_cov_8.452105	4063	4196	5	5	133	0.0375940
NODE_11994_length_6916_cov_8.452105	4063	4196	6	11	133	0.0827068
NODE_11994_length_6916_cov_8.452105	4063	4196	7	23	133	0.1729323
NODE_11994_length_6916_cov_8.452105	4063	4196	8	32	133	0.2406015
NODE_11994_length_6916_cov_8.452105	4063	4196	9	8	133	0.0601504
NODE_11994_length_6916_cov_8.452105	4063	4196	10	39	133	0.2932331
NODE_11998_length_6915_cov_5.147594	1780	1913	2	15	133	0.1127820
NODE_11998_length_6915_cov_5.147594	1780	1913	3	12	133	0.0902256
NODE_11998_length_6915_cov_5.147594	1780	1913	5	3	133	0.0225564
NODE_11998_length_6915_cov_5.147594	1780	1913	7	21	133	0.1578947
NODE_11998_length_6915_cov_5.147594	1780	1913	9	12	133	0.0902256
NODE_11998_length_6915_cov_5.147594	1780	1913	11	1	133	0.0075188
NODE_11998_length_6915_cov_5.147594	1780	1913	12	8	133	0.0601504
NODE_11998_length_6915_cov_5.147594	1780	1913	13	37	133	0.2781955
NODE_11998_length_6915_cov_5.147594	1780	1913	14	20	133	0.1503759
NODE_11998_length_6915_cov_5.147594	1780	1913	16	4	133	0.0300752
NODE_120048_length_1952_cov_5.465192	1426	1559	7	61	133	0.4586466
NODE_120048_length_1952_cov_5.465192	1426	1559	8	3	133	0.0225564
NODE_120048_length_1952_cov_5.465192	1426	1559	9	32	133	0.2406015
NODE_120048_length_1952_cov_5.465192	1426	1559	11	32	133	0.2406015
NODE_120048_length_1952_cov_5.465192	1426	1559	12	5	133	0.0375940
NODE_12004_length_6914_cov_4.062949	6620	6753	13	19	133	0.1428571
NODE_12004_length_6914_cov_4.062949	6620	6753	14	13	133	0.0977444
NODE_12004_length_6914_cov_4.062949	6620	6753	15	8	133	0.0601504
NODE_12004_length_6914_cov_4.062949	6620	6753	16	33	133	0.2481203
NODE_12004_length_6914_cov_4.062949	6620	6753	17	33	133	0.2481203
NODE_12004_length_6914_cov_4.062949	6620	6753	18	25	133	0.1879699
NODE_12004_length_6914_cov_4.062949	6620	6753	19	2	133	0.0150376
NODE_120070_length_1952_cov_4.276848	223	356	9	4	133	0.0300752
NODE_120070_length_1952_cov_4.276848	223	356	10	3	133	0.0225564
NODE_120070_length_1952_cov_4.276848	223	356	11	2	133	0.0150376
NODE_120070_length_1952_cov_4.276848	223	356	14	13	133	0.0977444
NODE_120070_length_1952_cov_4.276848	223	356	16	1	133	0.0075188
NODE_120070_length_1952_cov_4.276848	223	356	17	11	133	0.0827068
NODE_120070_length_1952_cov_4.276848	223	356	18	2	133	0.0150376
NODE_120070_length_1952_cov_4.276848	223	356	19	16	133	0.1203008
NODE_120070_length_1952_cov_4.276848	223	356	20	11	133	0.0827068
NODE_120070_length_1952_cov_4.276848	223	356	21	4	133	0.0300752
NODE_120070_length_1952_cov_4.276848	223	356	22	6	133	0.0451128
NODE_120070_length_1952_cov_4.276848	223	356	23	5	133	0.0375940
NODE_120070_length_1952_cov_4.276848	223	356	24	17	133	0.1278196
NODE_120070_length_1952_cov_4.276848	223	356	25	16	133	0.1203008
NODE_120070_length_1952_cov_4.276848	223	356	26	8	133	0.0601504
NODE_120070_length_1952_cov_4.276848	223	356	27	14	133	0.1052632
NODE_120078_length_1952_cov_3.902860	1567	1700	8	1	133	0.0075188
NODE_120078_length_1952_cov_3.902860	1567	1700	9	1	133	0.0075188
NODE_120078_length_1952_cov_3.902860	1567	1700	10	3	133	0.0225564
NODE_120078_length_1952_cov_3.902860	1567	1700	12	4	133	0.0300752
NODE_120078_length_1952_cov_3.902860	1567	1700	13	4	133	0.0300752
NODE_120078_length_1952_cov_3.902860	1567	1700	15	7	133	0.0526316
NODE_120078_length_1952_cov_3.902860	1567	1700	16	1	133	0.0075188
NODE_120078_length_1952_cov_3.902860	1567	1700	17	1	133	0.0075188
NODE_120078_length_1952_cov_3.902860	1567	1700	18	1	133	0.0075188
NODE_120078_length_1952_cov_3.902860	1567	1700	19	15	133	0.1127820
NODE_120078_length_1952_cov_3.902860	1567	1700	20	8	133	0.0601504
NODE_120078_length_1952_cov_3.902860	1567	1700	21	11	133	0.0827068
NODE_120078_length_1952_cov_3.902860	1567	1700	22	21	133	0.1578947
NODE_120078_length_1952_cov_3.902860	1567	1700	23	32	133	0.2406015
NODE_120078_length_1952_cov_3.902860	1567	1700	24	9	133	0.0676692
NODE_120078_length_1952_cov_3.902860	1567	1700	25	8	133	0.0601504
NODE_120078_length_1952_cov_3.902860	1567	1700	26	6	133	0.0451128
NODE_120126_length_1951_cov_5.035637	770	903	15	5	133	0.0375940
NODE_120126_length_1951_cov_5.035637	770	903	16	1	133	0.0075188
NODE_120126_length_1951_cov_5.035637	770	903	17	6	133	0.0451128
NODE_120126_length_1951_cov_5.035637	770	903	18	3	133	0.0225564
NODE_120126_length_1951_cov_5.035637	770	903	20	1	133	0.0075188
NODE_120126_length_1951_cov_5.035637	770	903	22	9	133	0.0676692
NODE_120126_length_1951_cov_5.035637	770	903	23	1	133	0.0075188
NODE_120126_length_1951_cov_5.035637	770	903	24	7	133	0.0526316
NODE_120126_length_1951_cov_5.035637	770	903	25	6	133	0.0451128
NODE_120126_length_1951_cov_5.035637	770	903	26	2	133	0.0150376
NODE_120126_length_1951_cov_5.035637	770	903	27	7	133	0.0526316
NODE_120126_length_1951_cov_5.035637	770	903	28	3	133	0.0225564
NODE_120126_length_1951_cov_5.035637	770	903	29	2	133	0.0150376
NODE_120126_length_1951_cov_5.035637	770	903	30	7	133	0.0526316
NODE_120126_length_1951_cov_5.035637	770	903	31	6	133	0.0451128
NODE_120126_length_1951_cov_5.035637	770	903	32	8	133	0.0601504
NODE_120126_length_1951_cov_5.035637	770	903	34	1	133	0.0075188
NODE_120126_length_1951_cov_5.035637	770	903	35	7	133	0.0526316
NODE_120126_length_1951_cov_5.035637	770	903	38	3	133	0.0225564
NODE_120126_length_1951_cov_5.035637	770	903	39	11	133	0.0827068
NODE_120126_length_1951_cov_5.035637	770	903	40	7	133	0.0526316
NODE_120126_length_1951_cov_5.035637	770	903	41	15	133	0.1127820
NODE_120126_length_1951_cov_5.035637	770	903	42	15	133	0.1127820
NODE_120193_length_1951_cov_3.150648	594	727	7	1	133	0.0075188
NODE_120193_length_1951_cov_3.150648	594	727	8	37	133	0.2781955
NODE_120193_length_1951_cov_3.150648	594	727	9	14	133	0.1052632
NODE_120193_length_1951_cov_3.150648	594	727	10	78	133	0.5864662
NODE_120193_length_1951_cov_3.150648	594	727	11	3	133	0.0225564
NODE_12019_length_6911_cov_4.230329	1234	1367	12	7	133	0.0526316
NODE_12019_length_6911_cov_4.230329	1234	1367	13	31	133	0.2330827
NODE_12019_length_6911_cov_4.230329	1234	1367	14	34	133	0.2556391
NODE_12019_length_6911_cov_4.230329	1234	1367	15	13	133	0.0977444
NODE_12019_length_6911_cov_4.230329	1234	1367	16	7	133	0.0526316
NODE_12019_length_6911_cov_4.230329	1234	1367	17	13	133	0.0977444
NODE_12019_length_6911_cov_4.230329	1234	1367	18	13	133	0.0977444
NODE_12019_length_6911_cov_4.230329	1234	1367	19	15	133	0.1127820
NODE_120295_length_1949_cov_5.103243	1161	1294	2	13	133	0.0977444
NODE_120295_length_1949_cov_5.103243	1161	1294	3	50	133	0.3759398
NODE_120295_length_1949_cov_5.103243	1161	1294	4	4	133	0.0300752
NODE_120295_length_1949_cov_5.103243	1161	1294	5	30	133	0.2255639
NODE_120295_length_1949_cov_5.103243	1161	1294	6	34	133	0.2556391
NODE_120295_length_1949_cov_5.103243	1161	1294	7	2	133	0.0150376
NODE_120304_length_1949_cov_4.795676	803	936	1	35	133	0.2631579
NODE_120304_length_1949_cov_4.795676	803	936	2	20	133	0.1503759
NODE_120304_length_1949_cov_4.795676	803	936	3	6	133	0.0451128
NODE_120304_length_1949_cov_4.795676	803	936	4	25	133	0.1879699
NODE_120304_length_1949_cov_4.795676	803	936	6	8	133	0.0601504
NODE_120304_length_1949_cov_4.795676	803	936	9	1	133	0.0075188
NODE_120304_length_1949_cov_4.795676	803	936	10	3	133	0.0225564
NODE_120304_length_1949_cov_4.795676	803	936	11	5	133	0.0375940
NODE_120304_length_1949_cov_4.795676	803	936	12	8	133	0.0601504
NODE_120304_length_1949_cov_4.795676	803	936	13	22	133	0.1654135
NODE_120354_length_1949_cov_2.878378	117	250	12	24	133	0.1804511
NODE_120354_length_1949_cov_2.878378	117	250	13	2	133	0.0150376
NODE_120354_length_1949_cov_2.878378	117	250	14	10	133	0.0751880
NODE_120354_length_1949_cov_2.878378	117	250	15	12	133	0.0902256
NODE_120354_length_1949_cov_2.878378	117	250	16	8	133	0.0601504
NODE_120354_length_1949_cov_2.878378	117	250	17	14	133	0.1052632
NODE_120354_length_1949_cov_2.878378	117	250	18	11	133	0.0827068
NODE_120354_length_1949_cov_2.878378	117	250	19	7	133	0.0526316
NODE_120354_length_1949_cov_2.878378	117	250	20	30	133	0.2255639
NODE_120354_length_1949_cov_2.878378	117	250	21	15	133	0.1127820
NODE_12035_length_6906_cov_28.169238	682	815	25	1	133	0.0075188
NODE_12035_length_6906_cov_28.169238	682	815	26	1	133	0.0075188
NODE_12035_length_6906_cov_28.169238	682	815	27	5	133	0.0375940
NODE_12035_length_6906_cov_28.169238	682	815	28	5	133	0.0375940
NODE_12035_length_6906_cov_28.169238	682	815	29	9	133	0.0676692
NODE_12035_length_6906_cov_28.169238	682	815	31	4	133	0.0300752
NODE_12035_length_6906_cov_28.169238	682	815	32	7	133	0.0526316
NODE_12035_length_6906_cov_28.169238	682	815	33	11	133	0.0827068
NODE_12035_length_6906_cov_28.169238	682	815	34	9	133	0.0676692
NODE_12035_length_6906_cov_28.169238	682	815	35	8	133	0.0601504
NODE_12035_length_6906_cov_28.169238	682	815	36	5	133	0.0375940
NODE_12035_length_6906_cov_28.169238	682	815	37	7	133	0.0526316
NODE_12035_length_6906_cov_28.169238	682	815	38	3	133	0.0225564
NODE_12035_length_6906_cov_28.169238	682	815	39	4	133	0.0300752
NODE_12035_length_6906_cov_28.169238	682	815	40	6	133	0.0451128
NODE_12035_length_6906_cov_28.169238	682	815	41	29	133	0.2180451
NODE_12035_length_6906_cov_28.169238	682	815	42	11	133	0.0827068
NODE_12035_length_6906_cov_28.169238	682	815	43	8	133	0.0601504
NODE_12036_length_6906_cov_4.549287	4609	4742	3	4	133	0.0300752
NODE_12036_length_6906_cov_4.549287	4609	4742	4	45	133	0.3383459
NODE_12036_length_6906_cov_4.549287	4609	4742	5	15	133	0.1127820
NODE_12036_length_6906_cov_4.549287	4609	4742	7	57	133	0.4285714
NODE_12036_length_6906_cov_4.549287	4609	4742	9	4	133	0.0300752
NODE_12036_length_6906_cov_4.549287	4609	4742	11	8	133	0.0601504
NODE_120433_length_1948_cov_2.023797	211	344	1	8	133	0.0601504
NODE_120433_length_1948_cov_2.023797	211	344	2	6	133	0.0451128
NODE_120433_length_1948_cov_2.023797	211	344	3	60	133	0.4511278
NODE_120433_length_1948_cov_2.023797	211	344	4	59	133	0.4436090
NODE_120457_length_1947_cov_4.303030	547	680	14	3	133	0.0225564
NODE_120457_length_1947_cov_4.303030	547	680	15	3	133	0.0225564
NODE_120457_length_1947_cov_4.303030	547	680	17	4	133	0.0300752
NODE_120457_length_1947_cov_4.303030	547	680	18	7	133	0.0526316
NODE_120457_length_1947_cov_4.303030	547	680	19	4	133	0.0300752
NODE_120457_length_1947_cov_4.303030	547	680	20	2	133	0.0150376
NODE_120457_length_1947_cov_4.303030	547	680	21	7	133	0.0526316
NODE_120457_length_1947_cov_4.303030	547	680	22	5	133	0.0375940
NODE_120457_length_1947_cov_4.303030	547	680	23	10	133	0.0751880
NODE_120457_length_1947_cov_4.303030	547	680	24	9	133	0.0676692
NODE_120457_length_1947_cov_4.303030	547	680	25	2	133	0.0150376
NODE_120457_length_1947_cov_4.303030	547	680	27	14	133	0.1052632
NODE_120457_length_1947_cov_4.303030	547	680	28	38	133	0.2857143
NODE_120457_length_1947_cov_4.303030	547	680	29	21	133	0.1578947
NODE_120457_length_1947_cov_4.303030	547	680	30	4	133	0.0300752
NODE_120491_length_1947_cov_3.257035	613	746	18	11	133	0.0827068
NODE_120491_length_1947_cov_3.257035	613	746	20	1	133	0.0075188
NODE_120491_length_1947_cov_3.257035	613	746	21	4	133	0.0300752
NODE_120491_length_1947_cov_3.257035	613	746	22	3	133	0.0225564
NODE_120491_length_1947_cov_3.257035	613	746	23	6	133	0.0451128
NODE_120491_length_1947_cov_3.257035	613	746	24	6	133	0.0451128
NODE_120491_length_1947_cov_3.257035	613	746	25	7	133	0.0526316
NODE_120491_length_1947_cov_3.257035	613	746	26	1	133	0.0075188
NODE_120491_length_1947_cov_3.257035	613	746	27	9	133	0.0676692
NODE_120491_length_1947_cov_3.257035	613	746	28	31	133	0.2330827
NODE_120491_length_1947_cov_3.257035	613	746	29	18	133	0.1353384
NODE_120491_length_1947_cov_3.257035	613	746	30	13	133	0.0977444
NODE_120491_length_1947_cov_3.257035	613	746	32	16	133	0.1203008
NODE_120491_length_1947_cov_3.257035	613	746	33	7	133	0.0526316
NODE_120551_length_1946_cov_3.723335	1009	1142	6	1	133	0.0075188
NODE_120551_length_1946_cov_3.723335	1009	1142	8	9	133	0.0676692
NODE_120551_length_1946_cov_3.723335	1009	1142	10	4	133	0.0300752
NODE_120551_length_1946_cov_3.723335	1009	1142	11	35	133	0.2631579
NODE_120551_length_1946_cov_3.723335	1009	1142	12	59	133	0.4436090
NODE_120551_length_1946_cov_3.723335	1009	1142	13	11	133	0.0827068
NODE_120551_length_1946_cov_3.723335	1009	1142	14	9	133	0.0676692
NODE_120551_length_1946_cov_3.723335	1009	1142	15	5	133	0.0375940
NODE_120660_length_1944_cov_5.143631	1018	1151	11	3	133	0.0225564
NODE_120660_length_1944_cov_5.143631	1018	1151	12	3	133	0.0225564
NODE_120660_length_1944_cov_5.143631	1018	1151	13	6	133	0.0451128
NODE_120660_length_1944_cov_5.143631	1018	1151	14	1	133	0.0075188
NODE_120660_length_1944_cov_5.143631	1018	1151	15	9	133	0.0676692
NODE_120660_length_1944_cov_5.143631	1018	1151	16	6	133	0.0451128
NODE_120660_length_1944_cov_5.143631	1018	1151	17	1	133	0.0075188
NODE_120660_length_1944_cov_5.143631	1018	1151	18	5	133	0.0375940
NODE_120660_length_1944_cov_5.143631	1018	1151	20	1	133	0.0075188
NODE_120660_length_1944_cov_5.143631	1018	1151	24	7	133	0.0526316
NODE_120660_length_1944_cov_5.143631	1018	1151	26	1	133	0.0075188
NODE_120660_length_1944_cov_5.143631	1018	1151	28	5	133	0.0375940
NODE_120660_length_1944_cov_5.143631	1018	1151	29	5	133	0.0375940
NODE_120660_length_1944_cov_5.143631	1018	1151	30	4	133	0.0300752
NODE_120660_length_1944_cov_5.143631	1018	1151	31	2	133	0.0150376
NODE_120660_length_1944_cov_5.143631	1018	1151	33	3	133	0.0225564
NODE_120660_length_1944_cov_5.143631	1018	1151	35	2	133	0.0150376
NODE_120660_length_1944_cov_5.143631	1018	1151	36	16	133	0.1203008
NODE_120660_length_1944_cov_5.143631	1018	1151	39	9	133	0.0676692
NODE_120660_length_1944_cov_5.143631	1018	1151	40	3	133	0.0225564
NODE_120660_length_1944_cov_5.143631	1018	1151	41	15	133	0.1127820
NODE_120660_length_1944_cov_5.143631	1018	1151	42	6	133	0.0451128
NODE_120660_length_1944_cov_5.143631	1018	1151	43	3	133	0.0225564
NODE_120660_length_1944_cov_5.143631	1018	1151	44	6	133	0.0451128
NODE_120660_length_1944_cov_5.143631	1018	1151	45	7	133	0.0526316
NODE_120660_length_1944_cov_5.143631	1018	1151	46	4	133	0.0300752
NODE_12076_length_6895_cov_5.070630	3395	3528	25	3	133	0.0225564
NODE_12076_length_6895_cov_5.070630	3395	3528	26	1	133	0.0075188
NODE_12076_length_6895_cov_5.070630	3395	3528	27	27	133	0.2030075
NODE_12076_length_6895_cov_5.070630	3395	3528	28	28	133	0.2105263
NODE_12076_length_6895_cov_5.070630	3395	3528	29	33	133	0.2481203
NODE_12076_length_6895_cov_5.070630	3395	3528	30	26	133	0.1954887
NODE_12076_length_6895_cov_5.070630	3395	3528	31	12	133	0.0902256
NODE_12076_length_6895_cov_5.070630	3395	3528	32	3	133	0.0225564
NODE_120824_length_1942_cov_5.009224	0	133	7	5	133	0.0375940
NODE_120824_length_1942_cov_5.009224	0	133	8	2	133	0.0150376
NODE_120824_length_1942_cov_5.009224	0	133	10	15	133	0.1127820
NODE_120824_length_1942_cov_5.009224	0	133	11	5	133	0.0375940
NODE_120824_length_1942_cov_5.009224	0	133	12	16	133	0.1203008
NODE_120824_length_1942_cov_5.009224	0	133	13	3	133	0.0225564
NODE_120824_length_1942_cov_5.009224	0	133	15	8	133	0.0601504
NODE_120824_length_1942_cov_5.009224	0	133	16	17	133	0.1278196
NODE_120824_length_1942_cov_5.009224	0	133	17	27	133	0.2030075
NODE_120824_length_1942_cov_5.009224	0	133	18	23	133	0.1729323
NODE_120824_length_1942_cov_5.009224	0	133	19	4	133	0.0300752
NODE_120824_length_1942_cov_5.009224	0	133	20	8	133	0.0601504
NODE_12082_length_6894_cov_5.201177	128	261	0	133	133	1.0000000
NODE_120903_length_1941_cov_4.248643	607	740	9	15	133	0.1127820
NODE_120903_length_1941_cov_4.248643	607	740	10	3	133	0.0225564
NODE_120903_length_1941_cov_4.248643	607	740	13	8	133	0.0601504
NODE_120903_length_1941_cov_4.248643	607	740	14	1	133	0.0075188
NODE_120903_length_1941_cov_4.248643	607	740	15	3	133	0.0225564
NODE_120903_length_1941_cov_4.248643	607	740	16	11	133	0.0827068
NODE_120903_length_1941_cov_4.248643	607	740	17	3	133	0.0225564
NODE_120903_length_1941_cov_4.248643	607	740	18	4	133	0.0300752
NODE_120903_length_1941_cov_4.248643	607	740	19	13	133	0.0977444
NODE_120903_length_1941_cov_4.248643	607	740	20	19	133	0.1428571
NODE_120903_length_1941_cov_4.248643	607	740	21	35	133	0.2631579
NODE_120903_length_1941_cov_4.248643	607	740	22	4	133	0.0300752
NODE_120903_length_1941_cov_4.248643	607	740	24	14	133	0.1052632
NODE_121095_length_1939_cov_3.594565	462	595	9	2	133	0.0150376
NODE_121095_length_1939_cov_3.594565	462	595	10	5	133	0.0375940
NODE_121095_length_1939_cov_3.594565	462	595	11	5	133	0.0375940
NODE_121095_length_1939_cov_3.594565	462	595	12	1	133	0.0075188
NODE_121095_length_1939_cov_3.594565	462	595	13	6	133	0.0451128
NODE_121095_length_1939_cov_3.594565	462	595	15	5	133	0.0375940
NODE_121095_length_1939_cov_3.594565	462	595	16	3	133	0.0225564
NODE_121095_length_1939_cov_3.594565	462	595	17	3	133	0.0225564
NODE_121095_length_1939_cov_3.594565	462	595	21	15	133	0.1127820
NODE_121095_length_1939_cov_3.594565	462	595	22	14	133	0.1052632
NODE_121095_length_1939_cov_3.594565	462	595	23	14	133	0.1052632
NODE_121095_length_1939_cov_3.594565	462	595	24	3	133	0.0225564
NODE_121095_length_1939_cov_3.594565	462	595	25	8	133	0.0601504
NODE_121095_length_1939_cov_3.594565	462	595	26	9	133	0.0676692
NODE_121095_length_1939_cov_3.594565	462	595	27	30	133	0.2255639
NODE_121095_length_1939_cov_3.594565	462	595	28	4	133	0.0300752
NODE_121095_length_1939_cov_3.594565	462	595	29	6	133	0.0451128
NODE_121144_length_1938_cov_4.853181	1296	1429	5	12	133	0.0902256
NODE_121144_length_1938_cov_4.853181	1296	1429	7	4	133	0.0300752
NODE_121144_length_1938_cov_4.853181	1296	1429	11	12	133	0.0902256
NODE_121144_length_1938_cov_4.853181	1296	1429	12	14	133	0.1052632
NODE_121144_length_1938_cov_4.853181	1296	1429	13	36	133	0.2706767
NODE_121144_length_1938_cov_4.853181	1296	1429	14	18	133	0.1353384
NODE_121144_length_1938_cov_4.853181	1296	1429	15	37	133	0.2781955
NODE_121195_length_1938_cov_3.013594	1160	1293	10	5	133	0.0375940
NODE_121195_length_1938_cov_3.013594	1160	1293	11	5	133	0.0375940
NODE_121195_length_1938_cov_3.013594	1160	1293	13	1	133	0.0075188
NODE_121195_length_1938_cov_3.013594	1160	1293	14	5	133	0.0375940
NODE_121195_length_1938_cov_3.013594	1160	1293	15	6	133	0.0451128
NODE_121195_length_1938_cov_3.013594	1160	1293	16	10	133	0.0751880
NODE_121195_length_1938_cov_3.013594	1160	1293	18	18	133	0.1353384
NODE_121195_length_1938_cov_3.013594	1160	1293	19	21	133	0.1578947
NODE_121195_length_1938_cov_3.013594	1160	1293	20	38	133	0.2857143
NODE_121195_length_1938_cov_3.013594	1160	1293	21	3	133	0.0225564
NODE_121195_length_1938_cov_3.013594	1160	1293	22	15	133	0.1127820
NODE_121195_length_1938_cov_3.013594	1160	1293	23	6	133	0.0451128
NODE_121204_length_1938_cov_2.804241	1045	1178	7	10	133	0.0751880
NODE_121204_length_1938_cov_2.804241	1045	1178	8	10	133	0.0751880
NODE_121204_length_1938_cov_2.804241	1045	1178	9	5	133	0.0375940
NODE_121204_length_1938_cov_2.804241	1045	1178	11	3	133	0.0225564
NODE_121204_length_1938_cov_2.804241	1045	1178	12	4	133	0.0300752
NODE_121204_length_1938_cov_2.804241	1045	1178	13	4	133	0.0300752
NODE_121204_length_1938_cov_2.804241	1045	1178	14	29	133	0.2180451
NODE_121204_length_1938_cov_2.804241	1045	1178	15	34	133	0.2556391
NODE_121204_length_1938_cov_2.804241	1045	1178	16	12	133	0.0902256
NODE_121204_length_1938_cov_2.804241	1045	1178	17	9	133	0.0676692
NODE_121204_length_1938_cov_2.804241	1045	1178	18	12	133	0.0902256
NODE_121204_length_1938_cov_2.804241	1045	1178	19	1	133	0.0075188
NODE_12124_length_6885_cov_4.351606	4390	4523	8	9	133	0.0676692
NODE_12124_length_6885_cov_4.351606	4390	4523	9	23	133	0.1729323
NODE_12124_length_6885_cov_4.351606	4390	4523	10	35	133	0.2631579
NODE_12124_length_6885_cov_4.351606	4390	4523	11	9	133	0.0676692
NODE_12124_length_6885_cov_4.351606	4390	4523	12	33	133	0.2481203
NODE_12124_length_6885_cov_4.351606	4390	4523	13	15	133	0.1127820
NODE_12124_length_6885_cov_4.351606	4390	4523	14	9	133	0.0676692
NODE_121369_length_1935_cov_5.265795	1299	1432	15	1	133	0.0075188
NODE_121369_length_1935_cov_5.265795	1299	1432	16	4	133	0.0300752
NODE_121369_length_1935_cov_5.265795	1299	1432	17	11	133	0.0827068
NODE_121369_length_1935_cov_5.265795	1299	1432	18	20	133	0.1503759
NODE_121369_length_1935_cov_5.265795	1299	1432	20	3	133	0.0225564
NODE_121369_length_1935_cov_5.265795	1299	1432	21	6	133	0.0451128
NODE_121369_length_1935_cov_5.265795	1299	1432	22	2	133	0.0150376
NODE_121369_length_1935_cov_5.265795	1299	1432	23	8	133	0.0601504
NODE_121369_length_1935_cov_5.265795	1299	1432	24	23	133	0.1729323
NODE_121369_length_1935_cov_5.265795	1299	1432	25	11	133	0.0827068
NODE_121369_length_1935_cov_5.265795	1299	1432	26	2	133	0.0150376
NODE_121369_length_1935_cov_5.265795	1299	1432	27	3	133	0.0225564
NODE_121369_length_1935_cov_5.265795	1299	1432	28	2	133	0.0150376
NODE_121369_length_1935_cov_5.265795	1299	1432	29	3	133	0.0225564
NODE_121369_length_1935_cov_5.265795	1299	1432	32	2	133	0.0150376
NODE_121369_length_1935_cov_5.265795	1299	1432	34	13	133	0.0977444
NODE_121369_length_1935_cov_5.265795	1299	1432	35	1	133	0.0075188
NODE_121369_length_1935_cov_5.265795	1299	1432	36	2	133	0.0150376
NODE_121369_length_1935_cov_5.265795	1299	1432	40	1	133	0.0075188
NODE_121369_length_1935_cov_5.265795	1299	1432	41	3	133	0.0225564
NODE_121369_length_1935_cov_5.265795	1299	1432	43	2	133	0.0150376
NODE_121369_length_1935_cov_5.265795	1299	1432	44	2	133	0.0150376
NODE_121369_length_1935_cov_5.265795	1299	1432	46	5	133	0.0375940
NODE_121369_length_1935_cov_5.265795	1299	1432	47	3	133	0.0225564
NODE_121378_length_1935_cov_4.599129	1023	1156	10	3	133	0.0225564
NODE_121378_length_1935_cov_4.599129	1023	1156	11	7	133	0.0526316
NODE_121378_length_1935_cov_4.599129	1023	1156	12	15	133	0.1127820
NODE_121378_length_1935_cov_4.599129	1023	1156	14	6	133	0.0451128
NODE_121378_length_1935_cov_4.599129	1023	1156	15	8	133	0.0601504
NODE_121378_length_1935_cov_4.599129	1023	1156	16	1	133	0.0075188
NODE_121378_length_1935_cov_4.599129	1023	1156	17	5	133	0.0375940
NODE_121378_length_1935_cov_4.599129	1023	1156	19	5	133	0.0375940
NODE_121378_length_1935_cov_4.599129	1023	1156	20	25	133	0.1879699
NODE_121378_length_1935_cov_4.599129	1023	1156	21	8	133	0.0601504
NODE_121378_length_1935_cov_4.599129	1023	1156	23	17	133	0.1278196
NODE_121378_length_1935_cov_4.599129	1023	1156	24	4	133	0.0300752
NODE_121378_length_1935_cov_4.599129	1023	1156	25	29	133	0.2180451
NODE_121383_length_1935_cov_4.489651	1042	1175	10	1	133	0.0075188
NODE_121383_length_1935_cov_4.489651	1042	1175	11	12	133	0.0902256
NODE_121383_length_1935_cov_4.489651	1042	1175	12	12	133	0.0902256
NODE_121383_length_1935_cov_4.489651	1042	1175	13	3	133	0.0225564
NODE_121383_length_1935_cov_4.489651	1042	1175	14	23	133	0.1729323
NODE_121383_length_1935_cov_4.489651	1042	1175	15	16	133	0.1203008
NODE_121383_length_1935_cov_4.489651	1042	1175	16	9	133	0.0676692
NODE_121383_length_1935_cov_4.489651	1042	1175	17	1	133	0.0075188
NODE_121383_length_1935_cov_4.489651	1042	1175	18	7	133	0.0526316
NODE_121383_length_1935_cov_4.489651	1042	1175	19	8	133	0.0601504
NODE_121383_length_1935_cov_4.489651	1042	1175	20	24	133	0.1804511
NODE_121383_length_1935_cov_4.489651	1042	1175	21	17	133	0.1278196
NODE_121408_length_1935_cov_3.779412	1744	1877	17	24	133	0.1804511
NODE_121408_length_1935_cov_3.779412	1744	1877	19	9	133	0.0676692
NODE_121408_length_1935_cov_3.779412	1744	1877	20	24	133	0.1804511
NODE_121408_length_1935_cov_3.779412	1744	1877	21	1	133	0.0075188
NODE_121408_length_1935_cov_3.779412	1744	1877	22	2	133	0.0150376
NODE_121408_length_1935_cov_3.779412	1744	1877	23	4	133	0.0300752
NODE_121408_length_1935_cov_3.779412	1744	1877	24	4	133	0.0300752
NODE_121408_length_1935_cov_3.779412	1744	1877	25	2	133	0.0150376
NODE_121408_length_1935_cov_3.779412	1744	1877	26	3	133	0.0225564
NODE_121408_length_1935_cov_3.779412	1744	1877	27	13	133	0.0977444
NODE_121408_length_1935_cov_3.779412	1744	1877	28	20	133	0.1503759
NODE_121408_length_1935_cov_3.779412	1744	1877	29	5	133	0.0375940
NODE_121408_length_1935_cov_3.779412	1744	1877	30	14	133	0.1052632
NODE_121408_length_1935_cov_3.779412	1744	1877	31	8	133	0.0601504
NODE_121482_length_1934_cov_3.809264	644	777	8	11	133	0.0827068
NODE_121482_length_1934_cov_3.809264	644	777	9	17	133	0.1278196
NODE_121482_length_1934_cov_3.809264	644	777	10	8	133	0.0601504
NODE_121482_length_1934_cov_3.809264	644	777	11	8	133	0.0601504
NODE_121482_length_1934_cov_3.809264	644	777	12	42	133	0.3157895
NODE_121482_length_1934_cov_3.809264	644	777	13	7	133	0.0526316
NODE_121482_length_1934_cov_3.809264	644	777	14	34	133	0.2556391
NODE_121482_length_1934_cov_3.809264	644	777	15	6	133	0.0451128
NODE_12149_length_6879_cov_4.434366	3886	4019	6	1	133	0.0075188
NODE_12149_length_6879_cov_4.434366	3886	4019	8	4	133	0.0300752
NODE_12149_length_6879_cov_4.434366	3886	4019	9	2	133	0.0150376
NODE_12149_length_6879_cov_4.434366	3886	4019	10	5	133	0.0375940
NODE_12149_length_6879_cov_4.434366	3886	4019	11	1	133	0.0075188
NODE_12149_length_6879_cov_4.434366	3886	4019	12	4	133	0.0300752
NODE_12149_length_6879_cov_4.434366	3886	4019	15	4	133	0.0300752
NODE_12149_length_6879_cov_4.434366	3886	4019	17	6	133	0.0451128
NODE_12149_length_6879_cov_4.434366	3886	4019	19	9	133	0.0676692
NODE_12149_length_6879_cov_4.434366	3886	4019	20	23	133	0.1729323
NODE_12149_length_6879_cov_4.434366	3886	4019	21	13	133	0.0977444
NODE_12149_length_6879_cov_4.434366	3886	4019	22	7	133	0.0526316
NODE_12149_length_6879_cov_4.434366	3886	4019	23	31	133	0.2330827
NODE_12149_length_6879_cov_4.434366	3886	4019	24	19	133	0.1428571
NODE_12149_length_6879_cov_4.434366	3886	4019	25	4	133	0.0300752
NODE_121648_length_1932_cov_3.984724	1124	1257	1	23	133	0.1729323
NODE_121648_length_1932_cov_3.984724	1124	1257	2	25	133	0.1879699
NODE_121648_length_1932_cov_3.984724	1124	1257	3	31	133	0.2330827
NODE_121648_length_1932_cov_3.984724	1124	1257	4	8	133	0.0601504
NODE_121648_length_1932_cov_3.984724	1124	1257	5	6	133	0.0451128
NODE_121648_length_1932_cov_3.984724	1124	1257	6	40	133	0.3007519
NODE_12172_length_6873_cov_6.772365	4320	4453	3	2	133	0.0150376
NODE_12172_length_6873_cov_6.772365	4320	4453	4	41	133	0.3082707
NODE_12172_length_6873_cov_6.772365	4320	4453	5	14	133	0.1052632
NODE_12172_length_6873_cov_6.772365	4320	4453	6	63	133	0.4736842
NODE_12172_length_6873_cov_6.772365	4320	4453	7	13	133	0.0977444
NODE_121746_length_1931_cov_2.649563	172	305	15	15	133	0.1127820
NODE_121746_length_1931_cov_2.649563	172	305	18	3	133	0.0225564
NODE_121746_length_1931_cov_2.649563	172	305	19	24	133	0.1804511
NODE_121746_length_1931_cov_2.649563	172	305	20	2	133	0.0150376
NODE_121746_length_1931_cov_2.649563	172	305	21	8	133	0.0601504
NODE_121746_length_1931_cov_2.649563	172	305	22	2	133	0.0150376
NODE_121746_length_1931_cov_2.649563	172	305	23	7	133	0.0526316
NODE_121746_length_1931_cov_2.649563	172	305	24	5	133	0.0375940
NODE_121746_length_1931_cov_2.649563	172	305	26	9	133	0.0676692
NODE_121746_length_1931_cov_2.649563	172	305	27	3	133	0.0225564
NODE_121746_length_1931_cov_2.649563	172	305	29	4	133	0.0300752
NODE_121746_length_1931_cov_2.649563	172	305	30	7	133	0.0526316
NODE_121746_length_1931_cov_2.649563	172	305	31	11	133	0.0827068
NODE_121746_length_1931_cov_2.649563	172	305	32	21	133	0.1578947
NODE_121746_length_1931_cov_2.649563	172	305	34	11	133	0.0827068
NODE_121746_length_1931_cov_2.649563	172	305	35	1	133	0.0075188
NODE_12175_length_6871_cov_20.441524	1731	1864	12	2	133	0.0150376
NODE_12175_length_6871_cov_20.441524	1731	1864	14	7	133	0.0526316
NODE_12175_length_6871_cov_20.441524	1731	1864	15	6	133	0.0451128
NODE_12175_length_6871_cov_20.441524	1731	1864	16	21	133	0.1578947
NODE_12175_length_6871_cov_20.441524	1731	1864	17	3	133	0.0225564
NODE_12175_length_6871_cov_20.441524	1731	1864	18	42	133	0.3157895
NODE_12175_length_6871_cov_20.441524	1731	1864	19	10	133	0.0751880
NODE_12175_length_6871_cov_20.441524	1731	1864	20	42	133	0.3157895
NODE_121801_length_1930_cov_3.677226	1728	1861	5	9	133	0.0676692
NODE_121801_length_1930_cov_3.677226	1728	1861	7	6	133	0.0451128
NODE_121801_length_1930_cov_3.677226	1728	1861	8	9	133	0.0676692
NODE_121801_length_1930_cov_3.677226	1728	1861	9	6	133	0.0451128
NODE_121801_length_1930_cov_3.677226	1728	1861	10	10	133	0.0751880
NODE_121801_length_1930_cov_3.677226	1728	1861	11	17	133	0.1278196
NODE_121801_length_1930_cov_3.677226	1728	1861	12	22	133	0.1654135
NODE_121801_length_1930_cov_3.677226	1728	1861	13	12	133	0.0902256
NODE_121801_length_1930_cov_3.677226	1728	1861	14	22	133	0.1654135
NODE_121801_length_1930_cov_3.677226	1728	1861	15	15	133	0.1127820
NODE_121801_length_1930_cov_3.677226	1728	1861	16	5	133	0.0375940
NODE_12182_length_6870_cov_4.309260	2729	2862	13	3	133	0.0225564
NODE_12182_length_6870_cov_4.309260	2729	2862	14	14	133	0.1052632
NODE_12182_length_6870_cov_4.309260	2729	2862	15	2	133	0.0150376
NODE_12182_length_6870_cov_4.309260	2729	2862	16	9	133	0.0676692
NODE_12182_length_6870_cov_4.309260	2729	2862	17	10	133	0.0751880
NODE_12182_length_6870_cov_4.309260	2729	2862	18	14	133	0.1052632
NODE_12182_length_6870_cov_4.309260	2729	2862	19	22	133	0.1654135
NODE_12182_length_6870_cov_4.309260	2729	2862	20	27	133	0.2030075
NODE_12182_length_6870_cov_4.309260	2729	2862	21	14	133	0.1052632
NODE_12182_length_6870_cov_4.309260	2729	2862	22	18	133	0.1353384
NODE_121837_length_1929_cov_5.544262	863	996	1	71	133	0.5338346
NODE_121837_length_1929_cov_5.544262	863	996	2	62	133	0.4661654
NODE_12199_length_6866_cov_4.487956	5285	5418	20	12	133	0.0902256
NODE_12199_length_6866_cov_4.487956	5285	5418	21	13	133	0.0977444
NODE_12199_length_6866_cov_4.487956	5285	5418	22	17	133	0.1278196
NODE_12199_length_6866_cov_4.487956	5285	5418	23	12	133	0.0902256
NODE_12199_length_6866_cov_4.487956	5285	5418	24	23	133	0.1729323
NODE_12199_length_6866_cov_4.487956	5285	5418	25	14	133	0.1052632
NODE_12199_length_6866_cov_4.487956	5285	5418	26	3	133	0.0225564
NODE_12199_length_6866_cov_4.487956	5285	5418	27	3	133	0.0225564
NODE_12199_length_6866_cov_4.487956	5285	5418	28	15	133	0.1127820
NODE_12199_length_6866_cov_4.487956	5285	5418	29	21	133	0.1578947
NODE_12214_length_6862_cov_4.316428	777	910	16	19	133	0.1428571
NODE_12214_length_6862_cov_4.316428	777	910	18	11	133	0.0827068
NODE_12214_length_6862_cov_4.316428	777	910	19	21	133	0.1578947
NODE_12214_length_6862_cov_4.316428	777	910	20	14	133	0.1052632
NODE_12214_length_6862_cov_4.316428	777	910	21	19	133	0.1428571
NODE_12214_length_6862_cov_4.316428	777	910	22	24	133	0.1804511
NODE_12214_length_6862_cov_4.316428	777	910	23	8	133	0.0601504
NODE_12214_length_6862_cov_4.316428	777	910	24	2	133	0.0150376
NODE_12214_length_6862_cov_4.316428	777	910	25	15	133	0.1127820
NODE_122200_length_1925_cov_3.424973	1047	1180	2	10	133	0.0751880
NODE_122200_length_1925_cov_3.424973	1047	1180	4	3	133	0.0225564
NODE_122200_length_1925_cov_3.424973	1047	1180	5	17	133	0.1278196
NODE_122200_length_1925_cov_3.424973	1047	1180	6	66	133	0.4962406
NODE_122200_length_1925_cov_3.424973	1047	1180	7	17	133	0.1278196
NODE_122200_length_1925_cov_3.424973	1047	1180	8	20	133	0.1503759
NODE_122251_length_1924_cov_4.455342	1289	1422	4	22	133	0.1654135
NODE_122251_length_1924_cov_4.455342	1289	1422	6	43	133	0.3233083
NODE_122251_length_1924_cov_4.455342	1289	1422	7	39	133	0.2932331
NODE_122251_length_1924_cov_4.455342	1289	1422	8	29	133	0.2180451
NODE_122360_length_1923_cov_3.252193	340	473	27	7	133	0.0526316
NODE_122360_length_1923_cov_3.252193	340	473	28	16	133	0.1203008
NODE_122360_length_1923_cov_3.252193	340	473	29	1	133	0.0075188
NODE_122360_length_1923_cov_3.252193	340	473	30	1	133	0.0075188
NODE_122360_length_1923_cov_3.252193	340	473	31	3	133	0.0225564
NODE_122360_length_1923_cov_3.252193	340	473	32	3	133	0.0225564
NODE_122360_length_1923_cov_3.252193	340	473	33	2	133	0.0150376
NODE_122360_length_1923_cov_3.252193	340	473	34	8	133	0.0601504
NODE_122360_length_1923_cov_3.252193	340	473	36	13	133	0.0977444
NODE_122360_length_1923_cov_3.252193	340	473	37	10	133	0.0751880
NODE_122360_length_1923_cov_3.252193	340	473	38	30	133	0.2255639
NODE_122360_length_1923_cov_3.252193	340	473	39	19	133	0.1428571
NODE_122360_length_1923_cov_3.252193	340	473	40	10	133	0.0751880
NODE_122360_length_1923_cov_3.252193	340	473	41	3	133	0.0225564
NODE_122360_length_1923_cov_3.252193	340	473	42	2	133	0.0150376
NODE_122360_length_1923_cov_3.252193	340	473	43	1	133	0.0075188
NODE_122360_length_1923_cov_3.252193	340	473	44	4	133	0.0300752
NODE_122450_length_1922_cov_2.463522	44	177	5	6	133	0.0451128
NODE_122450_length_1922_cov_2.463522	44	177	6	3	133	0.0225564
NODE_122450_length_1922_cov_2.463522	44	177	7	1	133	0.0075188
NODE_122450_length_1922_cov_2.463522	44	177	9	10	133	0.0751880
NODE_122450_length_1922_cov_2.463522	44	177	10	4	133	0.0300752
NODE_122450_length_1922_cov_2.463522	44	177	11	51	133	0.3834586
NODE_122450_length_1922_cov_2.463522	44	177	12	58	133	0.4360902
NODE_122550_length_1920_cov_4.607908	1057	1190	5	12	133	0.0902256
NODE_122550_length_1920_cov_4.607908	1057	1190	6	14	133	0.1052632
NODE_122550_length_1920_cov_4.607908	1057	1190	8	4	133	0.0300752
NODE_122550_length_1920_cov_4.607908	1057	1190	9	5	133	0.0375940
NODE_122550_length_1920_cov_4.607908	1057	1190	10	6	133	0.0451128
NODE_122550_length_1920_cov_4.607908	1057	1190	11	39	133	0.2932331
NODE_122550_length_1920_cov_4.607908	1057	1190	12	17	133	0.1278196
NODE_122550_length_1920_cov_4.607908	1057	1190	13	36	133	0.2706767
NODE_122588_length_1920_cov_3.478309	945	1078	2	4	133	0.0300752
NODE_122588_length_1920_cov_3.478309	945	1078	3	38	133	0.2857143
NODE_122588_length_1920_cov_3.478309	945	1078	4	8	133	0.0601504
NODE_122588_length_1920_cov_3.478309	945	1078	6	31	133	0.2330827
NODE_122588_length_1920_cov_3.478309	945	1078	7	21	133	0.1578947
NODE_122588_length_1920_cov_3.478309	945	1078	8	22	133	0.1654135
NODE_122588_length_1920_cov_3.478309	945	1078	9	9	133	0.0676692
NODE_122765_length_1918_cov_3.776251	1396	1529	10	1	133	0.0075188
NODE_122765_length_1918_cov_3.776251	1396	1529	11	15	133	0.1127820
NODE_122765_length_1918_cov_3.776251	1396	1529	12	17	133	0.1278196
NODE_122765_length_1918_cov_3.776251	1396	1529	13	55	133	0.4135338
NODE_122765_length_1918_cov_3.776251	1396	1529	14	13	133	0.0977444
NODE_122765_length_1918_cov_3.776251	1396	1529	15	9	133	0.0676692
NODE_122765_length_1918_cov_3.776251	1396	1529	16	23	133	0.1729323
NODE_12278_length_6847_cov_3.614404	4599	4732	2	11	133	0.0827068
NODE_12278_length_6847_cov_3.614404	4599	4732	3	7	133	0.0526316
NODE_12278_length_6847_cov_3.614404	4599	4732	7	26	133	0.1954887
NODE_12278_length_6847_cov_3.614404	4599	4732	9	14	133	0.1052632
NODE_12278_length_6847_cov_3.614404	4599	4732	10	34	133	0.2556391
NODE_12278_length_6847_cov_3.614404	4599	4732	11	41	133	0.3082707
NODE_122911_length_1916_cov_4.346725	1284	1417	7	20	133	0.1503759
NODE_122911_length_1916_cov_4.346725	1284	1417	8	20	133	0.1503759
NODE_122911_length_1916_cov_4.346725	1284	1417	9	11	133	0.0827068
NODE_122911_length_1916_cov_4.346725	1284	1417	10	54	133	0.4060150
NODE_122911_length_1916_cov_4.346725	1284	1417	11	12	133	0.0902256
NODE_122911_length_1916_cov_4.346725	1284	1417	12	11	133	0.0827068
NODE_122911_length_1916_cov_4.346725	1284	1417	13	5	133	0.0375940
NODE_122994_length_1915_cov_3.723018	752	885	9	8	133	0.0601504
NODE_122994_length_1915_cov_3.723018	752	885	10	5	133	0.0375940
NODE_122994_length_1915_cov_3.723018	752	885	11	13	133	0.0977444
NODE_122994_length_1915_cov_3.723018	752	885	12	21	133	0.1578947
NODE_122994_length_1915_cov_3.723018	752	885	13	20	133	0.1503759
NODE_122994_length_1915_cov_3.723018	752	885	14	9	133	0.0676692
NODE_122994_length_1915_cov_3.723018	752	885	15	5	133	0.0375940
NODE_122994_length_1915_cov_3.723018	752	885	16	5	133	0.0375940
NODE_122994_length_1915_cov_3.723018	752	885	17	5	133	0.0375940
NODE_122994_length_1915_cov_3.723018	752	885	18	3	133	0.0225564
NODE_122994_length_1915_cov_3.723018	752	885	19	6	133	0.0451128
NODE_122994_length_1915_cov_3.723018	752	885	20	2	133	0.0150376
NODE_122994_length_1915_cov_3.723018	752	885	21	2	133	0.0150376
NODE_122994_length_1915_cov_3.723018	752	885	22	8	133	0.0601504
NODE_122994_length_1915_cov_3.723018	752	885	23	4	133	0.0300752
NODE_122994_length_1915_cov_3.723018	752	885	24	4	133	0.0300752
NODE_122994_length_1915_cov_3.723018	752	885	25	13	133	0.0977444
NODE_123011_length_1915_cov_3.187225	186	319	13	5	133	0.0375940
NODE_123011_length_1915_cov_3.187225	186	319	14	3	133	0.0225564
NODE_123011_length_1915_cov_3.187225	186	319	15	28	133	0.2105263
NODE_123011_length_1915_cov_3.187225	186	319	16	17	133	0.1278196
NODE_123011_length_1915_cov_3.187225	186	319	17	4	133	0.0300752
NODE_123011_length_1915_cov_3.187225	186	319	19	32	133	0.2406015
NODE_123011_length_1915_cov_3.187225	186	319	20	18	133	0.1353384
NODE_123011_length_1915_cov_3.187225	186	319	21	26	133	0.1954887
NODE_123047_length_1914_cov_4.564187	1130	1263	1	13	133	0.0977444
NODE_123047_length_1914_cov_4.564187	1130	1263	2	12	133	0.0902256
NODE_123047_length_1914_cov_4.564187	1130	1263	3	11	133	0.0827068
NODE_123047_length_1914_cov_4.564187	1130	1263	4	13	133	0.0977444
NODE_123047_length_1914_cov_4.564187	1130	1263	6	2	133	0.0150376
NODE_123047_length_1914_cov_4.564187	1130	1263	7	6	133	0.0451128
NODE_123047_length_1914_cov_4.564187	1130	1263	8	22	133	0.1654135
NODE_123047_length_1914_cov_4.564187	1130	1263	9	51	133	0.3834586
NODE_123047_length_1914_cov_4.564187	1130	1263	10	3	133	0.0225564
NODE_12306_length_6840_cov_4.349058	5885	6018	12	12	133	0.0902256
NODE_12306_length_6840_cov_4.349058	5885	6018	13	32	133	0.2406015
NODE_12306_length_6840_cov_4.349058	5885	6018	14	25	133	0.1879699
NODE_12306_length_6840_cov_4.349058	5885	6018	15	28	133	0.2105263
NODE_12306_length_6840_cov_4.349058	5885	6018	16	34	133	0.2556391
NODE_12306_length_6840_cov_4.349058	5885	6018	17	2	133	0.0150376
NODE_12320_length_6837_cov_3.884535	3135	3268	11	24	133	0.1804511
NODE_12320_length_6837_cov_3.884535	3135	3268	12	1	133	0.0075188
NODE_12320_length_6837_cov_3.884535	3135	3268	14	1	133	0.0075188
NODE_12320_length_6837_cov_3.884535	3135	3268	16	15	133	0.1127820
NODE_12320_length_6837_cov_3.884535	3135	3268	17	14	133	0.1052632
NODE_12320_length_6837_cov_3.884535	3135	3268	18	13	133	0.0977444
NODE_12320_length_6837_cov_3.884535	3135	3268	19	12	133	0.0902256
NODE_12320_length_6837_cov_3.884535	3135	3268	20	31	133	0.2330827
NODE_12320_length_6837_cov_3.884535	3135	3268	21	2	133	0.0150376
NODE_12320_length_6837_cov_3.884535	3135	3268	22	7	133	0.0526316
NODE_12320_length_6837_cov_3.884535	3135	3268	23	13	133	0.0977444
NODE_123290_length_1911_cov_4.874172	1412	1545	16	3	133	0.0225564
NODE_123290_length_1911_cov_4.874172	1412	1545	17	1	133	0.0075188
NODE_123290_length_1911_cov_4.874172	1412	1545	19	3	133	0.0225564
NODE_123290_length_1911_cov_4.874172	1412	1545	20	3	133	0.0225564
NODE_123290_length_1911_cov_4.874172	1412	1545	21	7	133	0.0526316
NODE_123290_length_1911_cov_4.874172	1412	1545	24	1	133	0.0075188
NODE_123290_length_1911_cov_4.874172	1412	1545	26	2	133	0.0150376
NODE_123290_length_1911_cov_4.874172	1412	1545	30	8	133	0.0601504
NODE_123290_length_1911_cov_4.874172	1412	1545	31	6	133	0.0451128
NODE_123290_length_1911_cov_4.874172	1412	1545	32	14	133	0.1052632
NODE_123290_length_1911_cov_4.874172	1412	1545	33	4	133	0.0300752
NODE_123290_length_1911_cov_4.874172	1412	1545	34	2	133	0.0150376
NODE_123290_length_1911_cov_4.874172	1412	1545	35	1	133	0.0075188
NODE_123290_length_1911_cov_4.874172	1412	1545	36	1	133	0.0075188
NODE_123290_length_1911_cov_4.874172	1412	1545	37	3	133	0.0225564
NODE_123290_length_1911_cov_4.874172	1412	1545	38	35	133	0.2631579
NODE_123290_length_1911_cov_4.874172	1412	1545	39	17	133	0.1278196
NODE_123290_length_1911_cov_4.874172	1412	1545	40	22	133	0.1654135
NODE_123327_length_1911_cov_3.645143	267	400	17	8	133	0.0601504
NODE_123327_length_1911_cov_3.645143	267	400	18	13	133	0.0977444
NODE_123327_length_1911_cov_3.645143	267	400	20	1	133	0.0075188
NODE_123327_length_1911_cov_3.645143	267	400	21	7	133	0.0526316
NODE_123327_length_1911_cov_3.645143	267	400	22	1	133	0.0075188
NODE_123327_length_1911_cov_3.645143	267	400	23	1	133	0.0075188
NODE_123327_length_1911_cov_3.645143	267	400	25	9	133	0.0676692
NODE_123327_length_1911_cov_3.645143	267	400	26	23	133	0.1729323
NODE_123327_length_1911_cov_3.645143	267	400	27	15	133	0.1127820
NODE_123327_length_1911_cov_3.645143	267	400	28	24	133	0.1804511
NODE_123327_length_1911_cov_3.645143	267	400	29	15	133	0.1127820
NODE_123327_length_1911_cov_3.645143	267	400	30	1	133	0.0075188
NODE_123327_length_1911_cov_3.645143	267	400	31	8	133	0.0601504
NODE_123327_length_1911_cov_3.645143	267	400	32	7	133	0.0526316
NODE_1233_length_14096_cov_3.872401	7644	7777	4	8	133	0.0601504
NODE_1233_length_14096_cov_3.872401	7644	7777	5	6	133	0.0451128
NODE_1233_length_14096_cov_3.872401	7644	7777	6	3	133	0.0225564
NODE_1233_length_14096_cov_3.872401	7644	7777	7	1	133	0.0075188
NODE_1233_length_14096_cov_3.872401	7644	7777	9	1	133	0.0075188
NODE_1233_length_14096_cov_3.872401	7644	7777	10	16	133	0.1203008
NODE_1233_length_14096_cov_3.872401	7644	7777	11	12	133	0.0902256
NODE_1233_length_14096_cov_3.872401	7644	7777	12	7	133	0.0526316
NODE_1233_length_14096_cov_3.872401	7644	7777	14	7	133	0.0526316
NODE_1233_length_14096_cov_3.872401	7644	7777	15	1	133	0.0075188
NODE_1233_length_14096_cov_3.872401	7644	7777	16	9	133	0.0676692
NODE_1233_length_14096_cov_3.872401	7644	7777	20	5	133	0.0375940
NODE_1233_length_14096_cov_3.872401	7644	7777	21	9	133	0.0676692
NODE_1233_length_14096_cov_3.872401	7644	7777	22	12	133	0.0902256
NODE_1233_length_14096_cov_3.872401	7644	7777	23	9	133	0.0676692
NODE_1233_length_14096_cov_3.872401	7644	7777	24	1	133	0.0075188
NODE_1233_length_14096_cov_3.872401	7644	7777	25	6	133	0.0451128
NODE_1233_length_14096_cov_3.872401	7644	7777	26	3	133	0.0225564
NODE_1233_length_14096_cov_3.872401	7644	7777	28	8	133	0.0601504
NODE_1233_length_14096_cov_3.872401	7644	7777	29	3	133	0.0225564
NODE_1233_length_14096_cov_3.872401	7644	7777	30	3	133	0.0225564
NODE_1233_length_14096_cov_3.872401	7644	7777	31	3	133	0.0225564
NODE_123418_length_1910_cov_3.215351	150	283	9	7	133	0.0526316
NODE_123418_length_1910_cov_3.215351	150	283	10	4	133	0.0300752
NODE_123418_length_1910_cov_3.215351	150	283	11	23	133	0.1729323
NODE_123418_length_1910_cov_3.215351	150	283	16	20	133	0.1503759
NODE_123418_length_1910_cov_3.215351	150	283	17	57	133	0.4285714
NODE_123418_length_1910_cov_3.215351	150	283	18	22	133	0.1654135
NODE_123459_length_1909_cov_4.318232	360	493	28	7	133	0.0526316
NODE_123459_length_1909_cov_4.318232	360	493	29	8	133	0.0601504
NODE_123459_length_1909_cov_4.318232	360	493	30	4	133	0.0300752
NODE_123459_length_1909_cov_4.318232	360	493	31	3	133	0.0225564
NODE_123459_length_1909_cov_4.318232	360	493	32	10	133	0.0751880
NODE_123459_length_1909_cov_4.318232	360	493	33	4	133	0.0300752
NODE_123459_length_1909_cov_4.318232	360	493	34	2	133	0.0150376
NODE_123459_length_1909_cov_4.318232	360	493	35	13	133	0.0977444
NODE_123459_length_1909_cov_4.318232	360	493	36	11	133	0.0827068
NODE_123459_length_1909_cov_4.318232	360	493	38	8	133	0.0601504
NODE_123459_length_1909_cov_4.318232	360	493	40	1	133	0.0075188
NODE_123459_length_1909_cov_4.318232	360	493	41	3	133	0.0225564
NODE_123459_length_1909_cov_4.318232	360	493	42	2	133	0.0150376
NODE_123459_length_1909_cov_4.318232	360	493	43	6	133	0.0451128
NODE_123459_length_1909_cov_4.318232	360	493	44	9	133	0.0676692
NODE_123459_length_1909_cov_4.318232	360	493	45	28	133	0.2105263
NODE_123459_length_1909_cov_4.318232	360	493	46	11	133	0.0827068
NODE_123459_length_1909_cov_4.318232	360	493	47	3	133	0.0225564
NODE_12346_length_6831_cov_4.302288	904	1037	4	19	133	0.1428571
NODE_12346_length_6831_cov_4.302288	904	1037	6	9	133	0.0676692
NODE_12346_length_6831_cov_4.302288	904	1037	7	2	133	0.0150376
NODE_12346_length_6831_cov_4.302288	904	1037	9	5	133	0.0375940
NODE_12346_length_6831_cov_4.302288	904	1037	10	1	133	0.0075188
NODE_12346_length_6831_cov_4.302288	904	1037	12	10	133	0.0751880
NODE_12346_length_6831_cov_4.302288	904	1037	13	4	133	0.0300752
NODE_12346_length_6831_cov_4.302288	904	1037	14	16	133	0.1203008
NODE_12346_length_6831_cov_4.302288	904	1037	15	7	133	0.0526316
NODE_12346_length_6831_cov_4.302288	904	1037	16	10	133	0.0751880
NODE_12346_length_6831_cov_4.302288	904	1037	17	9	133	0.0676692
NODE_12346_length_6831_cov_4.302288	904	1037	18	5	133	0.0375940
NODE_12346_length_6831_cov_4.302288	904	1037	19	9	133	0.0676692
NODE_12346_length_6831_cov_4.302288	904	1037	21	27	133	0.2030075
NODE_123482_length_1909_cov_3.664641	1191	1324	7	8	133	0.0601504
NODE_123482_length_1909_cov_3.664641	1191	1324	8	41	133	0.3082707
NODE_123482_length_1909_cov_3.664641	1191	1324	9	18	133	0.1353384
NODE_123482_length_1909_cov_3.664641	1191	1324	10	14	133	0.1052632
NODE_123482_length_1909_cov_3.664641	1191	1324	11	4	133	0.0300752
NODE_123482_length_1909_cov_3.664641	1191	1324	12	44	133	0.3308271
NODE_123482_length_1909_cov_3.664641	1191	1324	13	4	133	0.0300752
NODE_123505_length_1909_cov_2.837569	775	908	1	25	133	0.1879699
NODE_123505_length_1909_cov_2.837569	775	908	3	14	133	0.1052632
NODE_123505_length_1909_cov_2.837569	775	908	4	39	133	0.2932331
NODE_123505_length_1909_cov_2.837569	775	908	5	55	133	0.4135338
NODE_123543_length_1908_cov_4.176893	1049	1182	5	8	133	0.0601504
NODE_123543_length_1908_cov_4.176893	1049	1182	7	5	133	0.0375940
NODE_123543_length_1908_cov_4.176893	1049	1182	8	4	133	0.0300752
NODE_123543_length_1908_cov_4.176893	1049	1182	10	13	133	0.0977444
NODE_123543_length_1908_cov_4.176893	1049	1182	11	16	133	0.1203008
NODE_123543_length_1908_cov_4.176893	1049	1182	12	24	133	0.1804511
NODE_123543_length_1908_cov_4.176893	1049	1182	13	27	133	0.2030075
NODE_123543_length_1908_cov_4.176893	1049	1182	14	25	133	0.1879699
NODE_123543_length_1908_cov_4.176893	1049	1182	15	11	133	0.0827068
NODE_12356_length_6829_cov_3.286478	3074	3207	4	2	133	0.0150376
NODE_12356_length_6829_cov_3.286478	3074	3207	6	7	133	0.0526316
NODE_12356_length_6829_cov_3.286478	3074	3207	7	34	133	0.2556391
NODE_12356_length_6829_cov_3.286478	3074	3207	9	10	133	0.0751880
NODE_12356_length_6829_cov_3.286478	3074	3207	10	27	133	0.2030075
NODE_12356_length_6829_cov_3.286478	3074	3207	11	6	133	0.0451128
NODE_12356_length_6829_cov_3.286478	3074	3207	12	8	133	0.0601504
NODE_12356_length_6829_cov_3.286478	3074	3207	13	21	133	0.1578947
NODE_12356_length_6829_cov_3.286478	3074	3207	14	18	133	0.1353384
NODE_123582_length_1908_cov_2.951907	40	173	0	133	133	1.0000000
NODE_12362_length_6827_cov_4.308859	6161	6294	18	13	133	0.0977444
NODE_12362_length_6827_cov_4.308859	6161	6294	19	17	133	0.1278196
NODE_12362_length_6827_cov_4.308859	6161	6294	20	15	133	0.1127820
NODE_12362_length_6827_cov_4.308859	6161	6294	21	10	133	0.0751880
NODE_12362_length_6827_cov_4.308859	6161	6294	22	24	133	0.1804511
NODE_12362_length_6827_cov_4.308859	6161	6294	23	8	133	0.0601504
NODE_12362_length_6827_cov_4.308859	6161	6294	24	1	133	0.0075188
NODE_12362_length_6827_cov_4.308859	6161	6294	25	13	133	0.0977444
NODE_12362_length_6827_cov_4.308859	6161	6294	26	4	133	0.0300752
NODE_12362_length_6827_cov_4.308859	6161	6294	28	4	133	0.0300752
NODE_12362_length_6827_cov_4.308859	6161	6294	29	16	133	0.1203008
NODE_12362_length_6827_cov_4.308859	6161	6294	30	8	133	0.0601504
NODE_123632_length_1907_cov_3.962942	0	133	0	8	133	0.0601504
NODE_123632_length_1907_cov_3.962942	0	133	2	10	133	0.0751880
NODE_123632_length_1907_cov_3.962942	0	133	3	7	133	0.0526316
NODE_123632_length_1907_cov_3.962942	0	133	4	26	133	0.1954887
NODE_123632_length_1907_cov_3.962942	0	133	5	8	133	0.0601504
NODE_123632_length_1907_cov_3.962942	0	133	6	74	133	0.5563910
NODE_123673_length_1906_cov_5.937465	1038	1171	7	39	133	0.2932331
NODE_123673_length_1906_cov_5.937465	1038	1171	8	6	133	0.0451128
NODE_123673_length_1906_cov_5.937465	1038	1171	10	11	133	0.0827068
NODE_123673_length_1906_cov_5.937465	1038	1171	11	43	133	0.3233083
NODE_123673_length_1906_cov_5.937465	1038	1171	12	34	133	0.2556391
NODE_123674_length_1906_cov_5.612064	1067	1200	6	12	133	0.0902256
NODE_123674_length_1906_cov_5.612064	1067	1200	7	3	133	0.0225564
NODE_123674_length_1906_cov_5.612064	1067	1200	8	5	133	0.0375940
NODE_123674_length_1906_cov_5.612064	1067	1200	10	9	133	0.0676692
NODE_123674_length_1906_cov_5.612064	1067	1200	11	24	133	0.1804511
NODE_123674_length_1906_cov_5.612064	1067	1200	13	6	133	0.0451128
NODE_123674_length_1906_cov_5.612064	1067	1200	15	11	133	0.0827068
NODE_123674_length_1906_cov_5.612064	1067	1200	16	1	133	0.0075188
NODE_123674_length_1906_cov_5.612064	1067	1200	17	5	133	0.0375940
NODE_123674_length_1906_cov_5.612064	1067	1200	19	29	133	0.2180451
NODE_123674_length_1906_cov_5.612064	1067	1200	20	10	133	0.0751880
NODE_123674_length_1906_cov_5.612064	1067	1200	21	18	133	0.1353384
NODE_123677_length_1906_cov_5.308246	469	602	12	21	133	0.1578947
NODE_123677_length_1906_cov_5.308246	469	602	13	35	133	0.2631579
NODE_123677_length_1906_cov_5.308246	469	602	14	27	133	0.2030075
NODE_123677_length_1906_cov_5.308246	469	602	15	9	133	0.0676692
NODE_123677_length_1906_cov_5.308246	469	602	16	9	133	0.0676692
NODE_123677_length_1906_cov_5.308246	469	602	17	2	133	0.0150376
NODE_123677_length_1906_cov_5.308246	469	602	18	2	133	0.0150376
NODE_123677_length_1906_cov_5.308246	469	602	19	10	133	0.0751880
NODE_123677_length_1906_cov_5.308246	469	602	20	4	133	0.0300752
NODE_123677_length_1906_cov_5.308246	469	602	21	14	133	0.1052632
NODE_123711_length_1906_cov_4.154953	1379	1512	12	5	133	0.0375940
NODE_123711_length_1906_cov_4.154953	1379	1512	13	2	133	0.0150376
NODE_123711_length_1906_cov_4.154953	1379	1512	14	7	133	0.0526316
NODE_123711_length_1906_cov_4.154953	1379	1512	15	16	133	0.1203008
NODE_123711_length_1906_cov_4.154953	1379	1512	16	5	133	0.0375940
NODE_123711_length_1906_cov_4.154953	1379	1512	18	1	133	0.0075188
NODE_123711_length_1906_cov_4.154953	1379	1512	19	17	133	0.1278196
NODE_123711_length_1906_cov_4.154953	1379	1512	20	5	133	0.0375940
NODE_123711_length_1906_cov_4.154953	1379	1512	22	1	133	0.0075188
NODE_123711_length_1906_cov_4.154953	1379	1512	23	8	133	0.0601504
NODE_123711_length_1906_cov_4.154953	1379	1512	24	6	133	0.0451128
NODE_123711_length_1906_cov_4.154953	1379	1512	25	17	133	0.1278196
NODE_123711_length_1906_cov_4.154953	1379	1512	26	7	133	0.0526316
NODE_123711_length_1906_cov_4.154953	1379	1512	27	11	133	0.0827068
NODE_123711_length_1906_cov_4.154953	1379	1512	28	10	133	0.0751880
NODE_123711_length_1906_cov_4.154953	1379	1512	29	5	133	0.0375940
NODE_123711_length_1906_cov_4.154953	1379	1512	30	10	133	0.0751880
NODE_123729_length_1906_cov_3.737133	760	893	13	2	133	0.0150376
NODE_123729_length_1906_cov_3.737133	760	893	15	4	133	0.0300752
NODE_123729_length_1906_cov_3.737133	760	893	16	2	133	0.0150376
NODE_123729_length_1906_cov_3.737133	760	893	18	2	133	0.0150376
NODE_123729_length_1906_cov_3.737133	760	893	19	8	133	0.0601504
NODE_123729_length_1906_cov_3.737133	760	893	20	4	133	0.0300752
NODE_123729_length_1906_cov_3.737133	760	893	21	2	133	0.0150376
NODE_123729_length_1906_cov_3.737133	760	893	22	1	133	0.0075188
NODE_123729_length_1906_cov_3.737133	760	893	25	4	133	0.0300752
NODE_123729_length_1906_cov_3.737133	760	893	26	1	133	0.0075188
NODE_123729_length_1906_cov_3.737133	760	893	29	1	133	0.0075188
NODE_123729_length_1906_cov_3.737133	760	893	31	7	133	0.0526316
NODE_123729_length_1906_cov_3.737133	760	893	32	3	133	0.0225564
NODE_123729_length_1906_cov_3.737133	760	893	33	14	133	0.1052632
NODE_123729_length_1906_cov_3.737133	760	893	34	18	133	0.1353384
NODE_123729_length_1906_cov_3.737133	760	893	35	31	133	0.2330827
NODE_123729_length_1906_cov_3.737133	760	893	36	2	133	0.0150376
NODE_123729_length_1906_cov_3.737133	760	893	37	1	133	0.0075188
NODE_123729_length_1906_cov_3.737133	760	893	38	18	133	0.1353384
NODE_123729_length_1906_cov_3.737133	760	893	39	8	133	0.0601504
NODE_12378_length_6824_cov_3.811450	1783	1916	9	1	133	0.0075188
NODE_12378_length_6824_cov_3.811450	1783	1916	11	2	133	0.0150376
NODE_12378_length_6824_cov_3.811450	1783	1916	13	3	133	0.0225564
NODE_12378_length_6824_cov_3.811450	1783	1916	15	1	133	0.0075188
NODE_12378_length_6824_cov_3.811450	1783	1916	16	1	133	0.0075188
NODE_12378_length_6824_cov_3.811450	1783	1916	18	1	133	0.0075188
NODE_12378_length_6824_cov_3.811450	1783	1916	20	4	133	0.0300752
NODE_12378_length_6824_cov_3.811450	1783	1916	21	4	133	0.0300752
NODE_12378_length_6824_cov_3.811450	1783	1916	22	3	133	0.0225564
NODE_12378_length_6824_cov_3.811450	1783	1916	23	47	133	0.3533835
NODE_12378_length_6824_cov_3.811450	1783	1916	24	4	133	0.0300752
NODE_12378_length_6824_cov_3.811450	1783	1916	25	27	133	0.2030075
NODE_12378_length_6824_cov_3.811450	1783	1916	26	22	133	0.1654135
NODE_12378_length_6824_cov_3.811450	1783	1916	27	13	133	0.0977444
NODE_123806_length_1905_cov_4.012735	1194	1327	15	6	133	0.0451128
NODE_123806_length_1905_cov_4.012735	1194	1327	17	1	133	0.0075188
NODE_123806_length_1905_cov_4.012735	1194	1327	18	2	133	0.0150376
NODE_123806_length_1905_cov_4.012735	1194	1327	19	1	133	0.0075188
NODE_123806_length_1905_cov_4.012735	1194	1327	20	7	133	0.0526316
NODE_123806_length_1905_cov_4.012735	1194	1327	23	5	133	0.0375940
NODE_123806_length_1905_cov_4.012735	1194	1327	24	9	133	0.0676692
NODE_123806_length_1905_cov_4.012735	1194	1327	25	5	133	0.0375940
NODE_123806_length_1905_cov_4.012735	1194	1327	27	2	133	0.0150376
NODE_123806_length_1905_cov_4.012735	1194	1327	30	8	133	0.0601504
NODE_123806_length_1905_cov_4.012735	1194	1327	32	2	133	0.0150376
NODE_123806_length_1905_cov_4.012735	1194	1327	33	1	133	0.0075188
NODE_123806_length_1905_cov_4.012735	1194	1327	34	20	133	0.1503759
NODE_123806_length_1905_cov_4.012735	1194	1327	35	1	133	0.0075188
NODE_123806_length_1905_cov_4.012735	1194	1327	36	25	133	0.1879699
NODE_123806_length_1905_cov_4.012735	1194	1327	37	12	133	0.0902256
NODE_123806_length_1905_cov_4.012735	1194	1327	38	10	133	0.0751880
NODE_123806_length_1905_cov_4.012735	1194	1327	39	3	133	0.0225564
NODE_123806_length_1905_cov_4.012735	1194	1327	40	2	133	0.0150376
NODE_123806_length_1905_cov_4.012735	1194	1327	41	10	133	0.0751880
NODE_123806_length_1905_cov_4.012735	1194	1327	42	1	133	0.0075188
NODE_123861_length_1905_cov_2.393134	141	274	6	16	133	0.1203008
NODE_123861_length_1905_cov_2.393134	141	274	7	3	133	0.0225564
NODE_123861_length_1905_cov_2.393134	141	274	9	19	133	0.1428571
NODE_123861_length_1905_cov_2.393134	141	274	10	7	133	0.0526316
NODE_123861_length_1905_cov_2.393134	141	274	11	21	133	0.1578947
NODE_123861_length_1905_cov_2.393134	141	274	12	7	133	0.0526316
NODE_123861_length_1905_cov_2.393134	141	274	13	51	133	0.3834586
NODE_123861_length_1905_cov_2.393134	141	274	14	9	133	0.0676692
NODE_123981_length_1903_cov_4.307650	1597	1730	9	2	133	0.0150376
NODE_123981_length_1903_cov_4.307650	1597	1730	11	2	133	0.0150376
NODE_123981_length_1903_cov_4.307650	1597	1730	13	4	133	0.0300752
NODE_123981_length_1903_cov_4.307650	1597	1730	14	9	133	0.0676692
NODE_123981_length_1903_cov_4.307650	1597	1730	15	8	133	0.0601504
NODE_123981_length_1903_cov_4.307650	1597	1730	17	18	133	0.1353384
NODE_123981_length_1903_cov_4.307650	1597	1730	18	11	133	0.0827068
NODE_123981_length_1903_cov_4.307650	1597	1730	19	49	133	0.3684210
NODE_123981_length_1903_cov_4.307650	1597	1730	20	28	133	0.2105263
NODE_123981_length_1903_cov_4.307650	1597	1730	21	2	133	0.0150376
NODE_12402_length_6816_cov_4.537591	1782	1915	7	8	133	0.0601504
NODE_12402_length_6816_cov_4.537591	1782	1915	8	6	133	0.0451128
NODE_12402_length_6816_cov_4.537591	1782	1915	9	7	133	0.0526316
NODE_12402_length_6816_cov_4.537591	1782	1915	10	1	133	0.0075188
NODE_12402_length_6816_cov_4.537591	1782	1915	11	6	133	0.0451128
NODE_12402_length_6816_cov_4.537591	1782	1915	12	13	133	0.0977444
NODE_12402_length_6816_cov_4.537591	1782	1915	13	3	133	0.0225564
NODE_12402_length_6816_cov_4.537591	1782	1915	14	1	133	0.0075188
NODE_12402_length_6816_cov_4.537591	1782	1915	15	10	133	0.0751880
NODE_12402_length_6816_cov_4.537591	1782	1915	16	10	133	0.0751880
NODE_12402_length_6816_cov_4.537591	1782	1915	17	56	133	0.4210526
NODE_12402_length_6816_cov_4.537591	1782	1915	18	10	133	0.0751880
NODE_12402_length_6816_cov_4.537591	1782	1915	19	2	133	0.0150376
NODE_12409_length_6814_cov_8.715860	4760	4893	3	34	133	0.2556391
NODE_12409_length_6814_cov_8.715860	4760	4893	4	35	133	0.2631579
NODE_12409_length_6814_cov_8.715860	4760	4893	5	64	133	0.4812030
NODE_124200_length_1900_cov_6.038312	1385	1518	23	1	133	0.0075188
NODE_124200_length_1900_cov_6.038312	1385	1518	25	1	133	0.0075188
NODE_124200_length_1900_cov_6.038312	1385	1518	26	13	133	0.0977444
NODE_124200_length_1900_cov_6.038312	1385	1518	27	3	133	0.0225564
NODE_124200_length_1900_cov_6.038312	1385	1518	28	8	133	0.0601504
NODE_124200_length_1900_cov_6.038312	1385	1518	29	19	133	0.1428571
NODE_124200_length_1900_cov_6.038312	1385	1518	30	6	133	0.0451128
NODE_124200_length_1900_cov_6.038312	1385	1518	31	11	133	0.0827068
NODE_124200_length_1900_cov_6.038312	1385	1518	32	10	133	0.0751880
NODE_124200_length_1900_cov_6.038312	1385	1518	33	4	133	0.0300752
NODE_124200_length_1900_cov_6.038312	1385	1518	34	16	133	0.1203008
NODE_124200_length_1900_cov_6.038312	1385	1518	35	12	133	0.0902256
NODE_124200_length_1900_cov_6.038312	1385	1518	36	13	133	0.0977444
NODE_124200_length_1900_cov_6.038312	1385	1518	37	3	133	0.0225564
NODE_124200_length_1900_cov_6.038312	1385	1518	38	10	133	0.0751880
NODE_124200_length_1900_cov_6.038312	1385	1518	39	3	133	0.0225564
NODE_124212_length_1900_cov_4.826763	1033	1166	0	13	133	0.0977444
NODE_124212_length_1900_cov_4.826763	1033	1166	1	3	133	0.0225564
NODE_124212_length_1900_cov_4.826763	1033	1166	3	8	133	0.0601504
NODE_124212_length_1900_cov_4.826763	1033	1166	4	12	133	0.0902256
NODE_124212_length_1900_cov_4.826763	1033	1166	6	7	133	0.0526316
NODE_124212_length_1900_cov_4.826763	1033	1166	7	4	133	0.0300752
NODE_124212_length_1900_cov_4.826763	1033	1166	8	27	133	0.2030075
NODE_124212_length_1900_cov_4.826763	1033	1166	9	9	133	0.0676692
NODE_124212_length_1900_cov_4.826763	1033	1166	10	1	133	0.0075188
NODE_124212_length_1900_cov_4.826763	1033	1166	11	3	133	0.0225564
NODE_124212_length_1900_cov_4.826763	1033	1166	13	7	133	0.0526316
NODE_124212_length_1900_cov_4.826763	1033	1166	14	5	133	0.0375940
NODE_124212_length_1900_cov_4.826763	1033	1166	16	2	133	0.0150376
NODE_124212_length_1900_cov_4.826763	1033	1166	17	7	133	0.0526316
NODE_124212_length_1900_cov_4.826763	1033	1166	18	25	133	0.1879699
NODE_124214_length_1900_cov_4.783454	642	775	15	8	133	0.0601504
NODE_124214_length_1900_cov_4.783454	642	775	16	3	133	0.0225564
NODE_124214_length_1900_cov_4.783454	642	775	18	11	133	0.0827068
NODE_124214_length_1900_cov_4.783454	642	775	19	1	133	0.0075188
NODE_124214_length_1900_cov_4.783454	642	775	20	7	133	0.0526316
NODE_124214_length_1900_cov_4.783454	642	775	22	3	133	0.0225564
NODE_124214_length_1900_cov_4.783454	642	775	26	5	133	0.0375940
NODE_124214_length_1900_cov_4.783454	642	775	28	3	133	0.0225564
NODE_124214_length_1900_cov_4.783454	642	775	29	9	133	0.0676692
NODE_124214_length_1900_cov_4.783454	642	775	31	3	133	0.0225564
NODE_124214_length_1900_cov_4.783454	642	775	32	2	133	0.0150376
NODE_124214_length_1900_cov_4.783454	642	775	33	3	133	0.0225564
NODE_124214_length_1900_cov_4.783454	642	775	34	7	133	0.0526316
NODE_124214_length_1900_cov_4.783454	642	775	35	13	133	0.0977444
NODE_124214_length_1900_cov_4.783454	642	775	36	18	133	0.1353384
NODE_124214_length_1900_cov_4.783454	642	775	37	31	133	0.2330827
NODE_124214_length_1900_cov_4.783454	642	775	38	6	133	0.0451128
NODE_124218_length_1900_cov_4.747363	658	791	5	1	133	0.0075188
NODE_124218_length_1900_cov_4.747363	658	791	7	1	133	0.0075188
NODE_124218_length_1900_cov_4.747363	658	791	9	5	133	0.0375940
NODE_124218_length_1900_cov_4.747363	658	791	11	4	133	0.0300752
NODE_124218_length_1900_cov_4.747363	658	791	13	5	133	0.0375940
NODE_124218_length_1900_cov_4.747363	658	791	14	7	133	0.0526316
NODE_124218_length_1900_cov_4.747363	658	791	15	4	133	0.0300752
NODE_124218_length_1900_cov_4.747363	658	791	17	4	133	0.0300752
NODE_124218_length_1900_cov_4.747363	658	791	18	22	133	0.1654135
NODE_124218_length_1900_cov_4.747363	658	791	19	7	133	0.0526316
NODE_124218_length_1900_cov_4.747363	658	791	20	23	133	0.1729323
NODE_124218_length_1900_cov_4.747363	658	791	21	2	133	0.0150376
NODE_124218_length_1900_cov_4.747363	658	791	22	8	133	0.0601504
NODE_124218_length_1900_cov_4.747363	658	791	23	8	133	0.0601504
NODE_124218_length_1900_cov_4.747363	658	791	24	14	133	0.1052632
NODE_124218_length_1900_cov_4.747363	658	791	25	18	133	0.1353384
NODE_124244_length_1900_cov_3.571349	520	653	8	18	133	0.1353384
NODE_124244_length_1900_cov_3.571349	520	653	9	29	133	0.2180451
NODE_124244_length_1900_cov_3.571349	520	653	10	17	133	0.1278196
NODE_124244_length_1900_cov_3.571349	520	653	11	12	133	0.0902256
NODE_124244_length_1900_cov_3.571349	520	653	12	14	133	0.1052632
NODE_124244_length_1900_cov_3.571349	520	653	13	6	133	0.0451128
NODE_124244_length_1900_cov_3.571349	520	653	14	22	133	0.1654135
NODE_124244_length_1900_cov_3.571349	520	653	15	15	133	0.1127820
NODE_124246_length_1900_cov_3.483065	792	925	2	24	133	0.1804511
NODE_124246_length_1900_cov_3.483065	792	925	3	10	133	0.0751880
NODE_124246_length_1900_cov_3.483065	792	925	4	41	133	0.3082707
NODE_124246_length_1900_cov_3.483065	792	925	5	15	133	0.1127820
NODE_124246_length_1900_cov_3.483065	792	925	6	40	133	0.3007519
NODE_124246_length_1900_cov_3.483065	792	925	7	3	133	0.0225564
NODE_12430_length_6810_cov_4.431232	5250	5383	3	15	133	0.1127820
NODE_12430_length_6810_cov_4.431232	5250	5383	4	1	133	0.0075188
NODE_12430_length_6810_cov_4.431232	5250	5383	5	16	133	0.1203008
NODE_12430_length_6810_cov_4.431232	5250	5383	6	101	133	0.7593985
NODE_124349_length_1899_cov_2.958333	1499	1632	34	8	133	0.0601504
NODE_124349_length_1899_cov_2.958333	1499	1632	35	4	133	0.0300752
NODE_124349_length_1899_cov_2.958333	1499	1632	36	9	133	0.0676692
NODE_124349_length_1899_cov_2.958333	1499	1632	37	13	133	0.0977444
NODE_124349_length_1899_cov_2.958333	1499	1632	38	1	133	0.0075188
NODE_124349_length_1899_cov_2.958333	1499	1632	39	3	133	0.0225564
NODE_124349_length_1899_cov_2.958333	1499	1632	40	5	133	0.0375940
NODE_124349_length_1899_cov_2.958333	1499	1632	41	5	133	0.0375940
NODE_124349_length_1899_cov_2.958333	1499	1632	42	3	133	0.0225564
NODE_124349_length_1899_cov_2.958333	1499	1632	43	1	133	0.0075188
NODE_124349_length_1899_cov_2.958333	1499	1632	44	16	133	0.1203008
NODE_124349_length_1899_cov_2.958333	1499	1632	45	35	133	0.2631579
NODE_124349_length_1899_cov_2.958333	1499	1632	46	9	133	0.0676692
NODE_124349_length_1899_cov_2.958333	1499	1632	47	14	133	0.1052632
NODE_124349_length_1899_cov_2.958333	1499	1632	48	7	133	0.0526316
NODE_1244_length_14061_cov_25.110156	8256	8389	0	104	133	0.7819549
NODE_1244_length_14061_cov_25.110156	8256	8389	2	29	133	0.2180451
NODE_124658_length_1895_cov_4.204900	939	1072	10	2	133	0.0150376
NODE_124658_length_1895_cov_4.204900	939	1072	11	7	133	0.0526316
NODE_124658_length_1895_cov_4.204900	939	1072	12	6	133	0.0451128
NODE_124658_length_1895_cov_4.204900	939	1072	13	17	133	0.1278196
NODE_124658_length_1895_cov_4.204900	939	1072	14	17	133	0.1278196
NODE_124658_length_1895_cov_4.204900	939	1072	15	44	133	0.3308271
NODE_124658_length_1895_cov_4.204900	939	1072	16	32	133	0.2406015
NODE_124658_length_1895_cov_4.204900	939	1072	17	8	133	0.0601504
NODE_124728_length_1894_cov_4.427855	571	704	9	6	133	0.0451128
NODE_124728_length_1894_cov_4.427855	571	704	10	15	133	0.1127820
NODE_124728_length_1894_cov_4.427855	571	704	11	10	133	0.0751880
NODE_124728_length_1894_cov_4.427855	571	704	12	10	133	0.0751880
NODE_124728_length_1894_cov_4.427855	571	704	13	17	133	0.1278196
NODE_124728_length_1894_cov_4.427855	571	704	14	20	133	0.1503759
NODE_124728_length_1894_cov_4.427855	571	704	15	4	133	0.0300752
NODE_124728_length_1894_cov_4.427855	571	704	16	23	133	0.1729323
NODE_124728_length_1894_cov_4.427855	571	704	18	6	133	0.0451128
NODE_124728_length_1894_cov_4.427855	571	704	20	8	133	0.0601504
NODE_124728_length_1894_cov_4.427855	571	704	21	14	133	0.1052632
NODE_124804_length_1893_cov_4.275362	1695	1828	17	4	133	0.0300752
NODE_124804_length_1893_cov_4.275362	1695	1828	19	4	133	0.0300752
NODE_124804_length_1893_cov_4.275362	1695	1828	20	3	133	0.0225564
NODE_124804_length_1893_cov_4.275362	1695	1828	22	5	133	0.0375940
NODE_124804_length_1893_cov_4.275362	1695	1828	23	17	133	0.1278196
NODE_124804_length_1893_cov_4.275362	1695	1828	24	3	133	0.0225564
NODE_124804_length_1893_cov_4.275362	1695	1828	25	1	133	0.0075188
NODE_124804_length_1893_cov_4.275362	1695	1828	26	4	133	0.0300752
NODE_124804_length_1893_cov_4.275362	1695	1828	27	5	133	0.0375940
NODE_124804_length_1893_cov_4.275362	1695	1828	28	5	133	0.0375940
NODE_124804_length_1893_cov_4.275362	1695	1828	29	3	133	0.0225564
NODE_124804_length_1893_cov_4.275362	1695	1828	30	9	133	0.0676692
NODE_124804_length_1893_cov_4.275362	1695	1828	31	5	133	0.0375940
NODE_124804_length_1893_cov_4.275362	1695	1828	32	17	133	0.1278196
NODE_124804_length_1893_cov_4.275362	1695	1828	33	18	133	0.1353384
NODE_124804_length_1893_cov_4.275362	1695	1828	34	7	133	0.0526316
NODE_124804_length_1893_cov_4.275362	1695	1828	35	18	133	0.1353384
NODE_124804_length_1893_cov_4.275362	1695	1828	36	1	133	0.0075188
NODE_124804_length_1893_cov_4.275362	1695	1828	37	4	133	0.0300752
NODE_12486_length_6796_cov_4.420039	2334	2467	5	4	133	0.0300752
NODE_12486_length_6796_cov_4.420039	2334	2467	6	47	133	0.3533835
NODE_12486_length_6796_cov_4.420039	2334	2467	7	35	133	0.2631579
NODE_12486_length_6796_cov_4.420039	2334	2467	8	29	133	0.2180451
NODE_12486_length_6796_cov_4.420039	2334	2467	9	15	133	0.1127820
NODE_12486_length_6796_cov_4.420039	2334	2467	10	3	133	0.0225564
NODE_124875_length_1892_cov_4.740658	1720	1853	2	57	133	0.4285714
NODE_124875_length_1892_cov_4.740658	1720	1853	3	21	133	0.1578947
NODE_124875_length_1892_cov_4.740658	1720	1853	4	55	133	0.4135338
NODE_124896_length_1892_cov_3.741216	260	393	34	9	133	0.0676692
NODE_124896_length_1892_cov_3.741216	260	393	35	5	133	0.0375940
NODE_124896_length_1892_cov_3.741216	260	393	36	10	133	0.0751880
NODE_124896_length_1892_cov_3.741216	260	393	37	11	133	0.0827068
NODE_124896_length_1892_cov_3.741216	260	393	38	2	133	0.0150376
NODE_124896_length_1892_cov_3.741216	260	393	39	1	133	0.0075188
NODE_124896_length_1892_cov_3.741216	260	393	40	6	133	0.0451128
NODE_124896_length_1892_cov_3.741216	260	393	41	2	133	0.0150376
NODE_124896_length_1892_cov_3.741216	260	393	42	15	133	0.1127820
NODE_124896_length_1892_cov_3.741216	260	393	43	3	133	0.0225564
NODE_124896_length_1892_cov_3.741216	260	393	44	7	133	0.0526316
NODE_124896_length_1892_cov_3.741216	260	393	45	11	133	0.0827068
NODE_124896_length_1892_cov_3.741216	260	393	46	6	133	0.0451128
NODE_124896_length_1892_cov_3.741216	260	393	47	4	133	0.0300752
NODE_124896_length_1892_cov_3.741216	260	393	48	2	133	0.0150376
NODE_124896_length_1892_cov_3.741216	260	393	49	16	133	0.1203008
NODE_124896_length_1892_cov_3.741216	260	393	50	2	133	0.0150376
NODE_124896_length_1892_cov_3.741216	260	393	51	6	133	0.0451128
NODE_124896_length_1892_cov_3.741216	260	393	52	2	133	0.0150376
NODE_124896_length_1892_cov_3.741216	260	393	54	10	133	0.0751880
NODE_124896_length_1892_cov_3.741216	260	393	55	3	133	0.0225564
NODE_124912_length_1892_cov_3.295594	438	571	6	1	133	0.0075188
NODE_124912_length_1892_cov_3.295594	438	571	7	17	133	0.1278196
NODE_124912_length_1892_cov_3.295594	438	571	9	8	133	0.0601504
NODE_124912_length_1892_cov_3.295594	438	571	11	10	133	0.0751880
NODE_124912_length_1892_cov_3.295594	438	571	12	16	133	0.1203008
NODE_124912_length_1892_cov_3.295594	438	571	13	2	133	0.0150376
NODE_124912_length_1892_cov_3.295594	438	571	15	3	133	0.0225564
NODE_124912_length_1892_cov_3.295594	438	571	16	2	133	0.0150376
NODE_124912_length_1892_cov_3.295594	438	571	17	25	133	0.1879699
NODE_124912_length_1892_cov_3.295594	438	571	18	18	133	0.1353384
NODE_124912_length_1892_cov_3.295594	438	571	19	25	133	0.1879699
NODE_124912_length_1892_cov_3.295594	438	571	20	6	133	0.0451128
NODE_12502_length_6793_cov_3.993278	3293	3426	12	12	133	0.0902256
NODE_12502_length_6793_cov_3.993278	3293	3426	13	1	133	0.0075188
NODE_12502_length_6793_cov_3.993278	3293	3426	17	1	133	0.0075188
NODE_12502_length_6793_cov_3.993278	3293	3426	18	26	133	0.1954887
NODE_12502_length_6793_cov_3.993278	3293	3426	19	19	133	0.1428571
NODE_12502_length_6793_cov_3.993278	3293	3426	20	22	133	0.1654135
NODE_12502_length_6793_cov_3.993278	3293	3426	21	29	133	0.2180451
NODE_12502_length_6793_cov_3.993278	3293	3426	22	23	133	0.1729323
NODE_125041_length_1890_cov_5.080960	326	459	18	10	133	0.0751880
NODE_125041_length_1890_cov_5.080960	326	459	19	10	133	0.0751880
NODE_125041_length_1890_cov_5.080960	326	459	20	11	133	0.0827068
NODE_125041_length_1890_cov_5.080960	326	459	21	10	133	0.0751880
NODE_125041_length_1890_cov_5.080960	326	459	26	6	133	0.0451128
NODE_125041_length_1890_cov_5.080960	326	459	27	2	133	0.0150376
NODE_125041_length_1890_cov_5.080960	326	459	28	8	133	0.0601504
NODE_125041_length_1890_cov_5.080960	326	459	29	19	133	0.1428571
NODE_125041_length_1890_cov_5.080960	326	459	30	23	133	0.1729323
NODE_125041_length_1890_cov_5.080960	326	459	31	16	133	0.1203008
NODE_125041_length_1890_cov_5.080960	326	459	32	15	133	0.1127820
NODE_125041_length_1890_cov_5.080960	326	459	33	3	133	0.0225564
NODE_125075_length_1890_cov_3.488554	1003	1136	9	1	133	0.0075188
NODE_125075_length_1890_cov_3.488554	1003	1136	10	4	133	0.0300752
NODE_125075_length_1890_cov_3.488554	1003	1136	11	4	133	0.0300752
NODE_125075_length_1890_cov_3.488554	1003	1136	13	1	133	0.0075188
NODE_125075_length_1890_cov_3.488554	1003	1136	14	1	133	0.0075188
NODE_125075_length_1890_cov_3.488554	1003	1136	15	5	133	0.0375940
NODE_125075_length_1890_cov_3.488554	1003	1136	17	1	133	0.0075188
NODE_125075_length_1890_cov_3.488554	1003	1136	18	10	133	0.0751880
NODE_125075_length_1890_cov_3.488554	1003	1136	20	2	133	0.0150376
NODE_125075_length_1890_cov_3.488554	1003	1136	21	8	133	0.0601504
NODE_125075_length_1890_cov_3.488554	1003	1136	22	17	133	0.1278196
NODE_125075_length_1890_cov_3.488554	1003	1136	23	6	133	0.0451128
NODE_125075_length_1890_cov_3.488554	1003	1136	24	7	133	0.0526316
NODE_125075_length_1890_cov_3.488554	1003	1136	25	29	133	0.2180451
NODE_125075_length_1890_cov_3.488554	1003	1136	26	29	133	0.2180451
NODE_125075_length_1890_cov_3.488554	1003	1136	27	8	133	0.0601504
NODE_1250_length_14040_cov_4.806685	7756	7889	13	30	133	0.2255639
NODE_1250_length_14040_cov_4.806685	7756	7889	14	8	133	0.0601504
NODE_1250_length_14040_cov_4.806685	7756	7889	15	1	133	0.0075188
NODE_1250_length_14040_cov_4.806685	7756	7889	16	1	133	0.0075188
NODE_1250_length_14040_cov_4.806685	7756	7889	17	3	133	0.0225564
NODE_1250_length_14040_cov_4.806685	7756	7889	18	14	133	0.1052632
NODE_1250_length_14040_cov_4.806685	7756	7889	19	1	133	0.0075188
NODE_1250_length_14040_cov_4.806685	7756	7889	20	1	133	0.0075188
NODE_1250_length_14040_cov_4.806685	7756	7889	21	3	133	0.0225564
NODE_1250_length_14040_cov_4.806685	7756	7889	22	1	133	0.0075188
NODE_1250_length_14040_cov_4.806685	7756	7889	23	4	133	0.0300752
NODE_1250_length_14040_cov_4.806685	7756	7889	24	1	133	0.0075188
NODE_1250_length_14040_cov_4.806685	7756	7889	25	5	133	0.0375940
NODE_1250_length_14040_cov_4.806685	7756	7889	26	14	133	0.1052632
NODE_1250_length_14040_cov_4.806685	7756	7889	27	41	133	0.3082707
NODE_1250_length_14040_cov_4.806685	7756	7889	28	5	133	0.0375940
NODE_125231_length_1888_cov_4.014533	1185	1318	3	13	133	0.0977444
NODE_125231_length_1888_cov_4.014533	1185	1318	6	22	133	0.1654135
NODE_125231_length_1888_cov_4.014533	1185	1318	7	64	133	0.4812030
NODE_125231_length_1888_cov_4.014533	1185	1318	8	1	133	0.0075188
NODE_125231_length_1888_cov_4.014533	1185	1318	9	33	133	0.2481203
NODE_12526_length_6788_cov_13.633129	3467	3600	23	1	133	0.0075188
NODE_12526_length_6788_cov_13.633129	3467	3600	25	1	133	0.0075188
NODE_12526_length_6788_cov_13.633129	3467	3600	26	2	133	0.0150376
NODE_12526_length_6788_cov_13.633129	3467	3600	27	7	133	0.0526316
NODE_12526_length_6788_cov_13.633129	3467	3600	28	1	133	0.0075188
NODE_12526_length_6788_cov_13.633129	3467	3600	29	5	133	0.0375940
NODE_12526_length_6788_cov_13.633129	3467	3600	30	8	133	0.0601504
NODE_12526_length_6788_cov_13.633129	3467	3600	31	14	133	0.1052632
NODE_12526_length_6788_cov_13.633129	3467	3600	32	14	133	0.1052632
NODE_12526_length_6788_cov_13.633129	3467	3600	33	18	133	0.1353384
NODE_12526_length_6788_cov_13.633129	3467	3600	34	46	133	0.3458647
NODE_12526_length_6788_cov_13.633129	3467	3600	35	16	133	0.1203008
NODE_125310_length_1887_cov_4.200224	862	995	7	17	133	0.1278196
NODE_125310_length_1887_cov_4.200224	862	995	8	3	133	0.0225564
NODE_125310_length_1887_cov_4.200224	862	995	10	10	133	0.0751880
NODE_125310_length_1887_cov_4.200224	862	995	11	5	133	0.0375940
NODE_125310_length_1887_cov_4.200224	862	995	13	6	133	0.0451128
NODE_125310_length_1887_cov_4.200224	862	995	14	5	133	0.0375940
NODE_125310_length_1887_cov_4.200224	862	995	15	24	133	0.1804511
NODE_125310_length_1887_cov_4.200224	862	995	16	17	133	0.1278196
NODE_125310_length_1887_cov_4.200224	862	995	17	27	133	0.2030075
NODE_125310_length_1887_cov_4.200224	862	995	18	19	133	0.1428571
NODE_12533_length_6787_cov_4.197817	4013	4146	9	16	133	0.1203008
NODE_12533_length_6787_cov_4.197817	4013	4146	10	2	133	0.0150376
NODE_12533_length_6787_cov_4.197817	4013	4146	11	22	133	0.1654135
NODE_12533_length_6787_cov_4.197817	4013	4146	12	23	133	0.1729323
NODE_12533_length_6787_cov_4.197817	4013	4146	13	7	133	0.0526316
NODE_12533_length_6787_cov_4.197817	4013	4146	14	26	133	0.1954887
NODE_12533_length_6787_cov_4.197817	4013	4146	15	1	133	0.0075188
NODE_12533_length_6787_cov_4.197817	4013	4146	16	22	133	0.1654135
NODE_12533_length_6787_cov_4.197817	4013	4146	17	14	133	0.1052632
NODE_125415_length_1886_cov_3.238948	1020	1153	0	29	133	0.2180451
NODE_125415_length_1886_cov_3.238948	1020	1153	4	18	133	0.1353384
NODE_125415_length_1886_cov_3.238948	1020	1153	5	14	133	0.1052632
NODE_125415_length_1886_cov_3.238948	1020	1153	6	5	133	0.0375940
NODE_125415_length_1886_cov_3.238948	1020	1153	7	1	133	0.0075188
NODE_125415_length_1886_cov_3.238948	1020	1153	8	2	133	0.0150376
NODE_125415_length_1886_cov_3.238948	1020	1153	11	32	133	0.2406015
NODE_125415_length_1886_cov_3.238948	1020	1153	12	12	133	0.0902256
NODE_125415_length_1886_cov_3.238948	1020	1153	13	20	133	0.1503759
NODE_125452_length_1885_cov_4.767077	301	434	14	23	133	0.1729323
NODE_125452_length_1885_cov_4.767077	301	434	15	18	133	0.1353384
NODE_125452_length_1885_cov_4.767077	301	434	16	11	133	0.0827068
NODE_125452_length_1885_cov_4.767077	301	434	17	2	133	0.0150376
NODE_125452_length_1885_cov_4.767077	301	434	18	31	133	0.2330827
NODE_125452_length_1885_cov_4.767077	301	434	19	33	133	0.2481203
NODE_125452_length_1885_cov_4.767077	301	434	20	3	133	0.0225564
NODE_125452_length_1885_cov_4.767077	301	434	21	5	133	0.0375940
NODE_125452_length_1885_cov_4.767077	301	434	22	7	133	0.0526316
NODE_12555_length_6781_cov_4.933254	5586	5719	2	76	133	0.5714286
NODE_12555_length_6781_cov_4.933254	5586	5719	3	2	133	0.0150376
NODE_12555_length_6781_cov_4.933254	5586	5719	4	55	133	0.4135338
NODE_125656_length_1883_cov_3.703475	782	915	0	3	133	0.0225564
NODE_125656_length_1883_cov_3.703475	782	915	1	15	133	0.1127820
NODE_125656_length_1883_cov_3.703475	782	915	2	33	133	0.2481203
NODE_125656_length_1883_cov_3.703475	782	915	4	21	133	0.1578947
NODE_125656_length_1883_cov_3.703475	782	915	5	19	133	0.1428571
NODE_125656_length_1883_cov_3.703475	782	915	7	42	133	0.3157895
NODE_125715_length_1882_cov_4.564778	1511	1644	12	5	133	0.0375940
NODE_125715_length_1882_cov_4.564778	1511	1644	13	12	133	0.0902256
NODE_125715_length_1882_cov_4.564778	1511	1644	15	18	133	0.1353384
NODE_125715_length_1882_cov_4.564778	1511	1644	17	13	133	0.0977444
NODE_125715_length_1882_cov_4.564778	1511	1644	18	2	133	0.0150376
NODE_125715_length_1882_cov_4.564778	1511	1644	19	8	133	0.0601504
NODE_125715_length_1882_cov_4.564778	1511	1644	20	3	133	0.0225564
NODE_125715_length_1882_cov_4.564778	1511	1644	21	31	133	0.2330827
NODE_125715_length_1882_cov_4.564778	1511	1644	22	20	133	0.1503759
NODE_125715_length_1882_cov_4.564778	1511	1644	23	11	133	0.0827068
NODE_125715_length_1882_cov_4.564778	1511	1644	24	10	133	0.0751880
NODE_125803_length_1881_cov_4.631313	440	573	11	17	133	0.1278196
NODE_125803_length_1881_cov_4.631313	440	573	12	5	133	0.0375940
NODE_125803_length_1881_cov_4.631313	440	573	13	2	133	0.0150376
NODE_125803_length_1881_cov_4.631313	440	573	14	14	133	0.1052632
NODE_125803_length_1881_cov_4.631313	440	573	16	2	133	0.0150376
NODE_125803_length_1881_cov_4.631313	440	573	18	17	133	0.1278196
NODE_125803_length_1881_cov_4.631313	440	573	19	52	133	0.3909774
NODE_125803_length_1881_cov_4.631313	440	573	20	17	133	0.1278196
NODE_125803_length_1881_cov_4.631313	440	573	21	7	133	0.0526316
NODE_125812_length_1881_cov_4.360269	1406	1539	5	4	133	0.0300752
NODE_125812_length_1881_cov_4.360269	1406	1539	6	29	133	0.2180451
NODE_125812_length_1881_cov_4.360269	1406	1539	8	10	133	0.0751880
NODE_125812_length_1881_cov_4.360269	1406	1539	9	6	133	0.0451128
NODE_125812_length_1881_cov_4.360269	1406	1539	10	1	133	0.0075188
NODE_125812_length_1881_cov_4.360269	1406	1539	11	58	133	0.4360902
NODE_125812_length_1881_cov_4.360269	1406	1539	12	18	133	0.1353384
NODE_125812_length_1881_cov_4.360269	1406	1539	13	7	133	0.0526316
NODE_125826_length_1881_cov_4.128507	436	569	3	12	133	0.0902256
NODE_125826_length_1881_cov_4.128507	436	569	4	65	133	0.4887218
NODE_125826_length_1881_cov_4.128507	436	569	5	56	133	0.4210526
NODE_125_length_23545_cov_4.432910	22148	22281	18	1	133	0.0075188
NODE_125_length_23545_cov_4.432910	22148	22281	20	9	133	0.0676692
NODE_125_length_23545_cov_4.432910	22148	22281	21	12	133	0.0902256
NODE_125_length_23545_cov_4.432910	22148	22281	22	14	133	0.1052632
NODE_125_length_23545_cov_4.432910	22148	22281	23	20	133	0.1503759
NODE_125_length_23545_cov_4.432910	22148	22281	24	10	133	0.0751880
NODE_125_length_23545_cov_4.432910	22148	22281	25	14	133	0.1052632
NODE_125_length_23545_cov_4.432910	22148	22281	26	27	133	0.2030075
NODE_125_length_23545_cov_4.432910	22148	22281	27	16	133	0.1203008
NODE_125_length_23545_cov_4.432910	22148	22281	28	2	133	0.0150376
NODE_125_length_23545_cov_4.432910	22148	22281	29	8	133	0.0601504
NODE_126070_length_1878_cov_4.445194	1407	1540	10	6	133	0.0451128
NODE_126070_length_1878_cov_4.445194	1407	1540	11	9	133	0.0676692
NODE_126070_length_1878_cov_4.445194	1407	1540	12	6	133	0.0451128
NODE_126070_length_1878_cov_4.445194	1407	1540	13	1	133	0.0075188
NODE_126070_length_1878_cov_4.445194	1407	1540	14	1	133	0.0075188
NODE_126070_length_1878_cov_4.445194	1407	1540	15	13	133	0.0977444
NODE_126070_length_1878_cov_4.445194	1407	1540	16	6	133	0.0451128
NODE_126070_length_1878_cov_4.445194	1407	1540	17	8	133	0.0601504
NODE_126070_length_1878_cov_4.445194	1407	1540	18	11	133	0.0827068
NODE_126070_length_1878_cov_4.445194	1407	1540	19	19	133	0.1428571
NODE_126070_length_1878_cov_4.445194	1407	1540	20	2	133	0.0150376
NODE_126070_length_1878_cov_4.445194	1407	1540	21	13	133	0.0977444
NODE_126070_length_1878_cov_4.445194	1407	1540	22	9	133	0.0676692
NODE_126070_length_1878_cov_4.445194	1407	1540	23	19	133	0.1428571
NODE_126070_length_1878_cov_4.445194	1407	1540	24	10	133	0.0751880
NODE_126127_length_1877_cov_5.971316	373	506	13	13	133	0.0977444
NODE_126127_length_1877_cov_5.971316	373	506	14	2	133	0.0150376
NODE_126127_length_1877_cov_5.971316	373	506	15	3	133	0.0225564
NODE_126127_length_1877_cov_5.971316	373	506	16	14	133	0.1052632
NODE_126127_length_1877_cov_5.971316	373	506	17	14	133	0.1052632
NODE_126127_length_1877_cov_5.971316	373	506	18	14	133	0.1052632
NODE_126127_length_1877_cov_5.971316	373	506	19	6	133	0.0451128
NODE_126127_length_1877_cov_5.971316	373	506	20	4	133	0.0300752
NODE_126127_length_1877_cov_5.971316	373	506	21	4	133	0.0300752
NODE_126127_length_1877_cov_5.971316	373	506	22	15	133	0.1127820
NODE_126127_length_1877_cov_5.971316	373	506	23	6	133	0.0451128
NODE_126127_length_1877_cov_5.971316	373	506	24	30	133	0.2255639
NODE_126127_length_1877_cov_5.971316	373	506	25	8	133	0.0601504
NODE_126172_length_1877_cov_3.879640	1036	1169	8	4	133	0.0300752
NODE_126172_length_1877_cov_3.879640	1036	1169	9	62	133	0.4661654
NODE_126172_length_1877_cov_3.879640	1036	1169	10	4	133	0.0300752
NODE_126172_length_1877_cov_3.879640	1036	1169	12	3	133	0.0225564
NODE_126172_length_1877_cov_3.879640	1036	1169	13	1	133	0.0075188
NODE_126172_length_1877_cov_3.879640	1036	1169	14	7	133	0.0526316
NODE_126172_length_1877_cov_3.879640	1036	1169	15	15	133	0.1127820
NODE_126172_length_1877_cov_3.879640	1036	1169	16	9	133	0.0676692
NODE_126172_length_1877_cov_3.879640	1036	1169	17	18	133	0.1353384
NODE_126172_length_1877_cov_3.879640	1036	1169	18	7	133	0.0526316
NODE_126172_length_1877_cov_3.879640	1036	1169	19	3	133	0.0225564
NODE_126245_length_1876_cov_4.329769	1383	1516	13	1	133	0.0075188
NODE_126245_length_1876_cov_4.329769	1383	1516	15	4	133	0.0300752
NODE_126245_length_1876_cov_4.329769	1383	1516	17	14	133	0.1052632
NODE_126245_length_1876_cov_4.329769	1383	1516	18	25	133	0.1879699
NODE_126245_length_1876_cov_4.329769	1383	1516	19	40	133	0.3007519
NODE_126245_length_1876_cov_4.329769	1383	1516	20	12	133	0.0902256
NODE_126245_length_1876_cov_4.329769	1383	1516	21	22	133	0.1654135
NODE_126245_length_1876_cov_4.329769	1383	1516	22	9	133	0.0676692
NODE_126245_length_1876_cov_4.329769	1383	1516	23	6	133	0.0451128
NODE_126311_length_1875_cov_4.775901	1191	1324	10	14	133	0.1052632
NODE_126311_length_1875_cov_4.775901	1191	1324	12	15	133	0.1127820
NODE_126311_length_1875_cov_4.775901	1191	1324	13	5	133	0.0375940
NODE_126311_length_1875_cov_4.775901	1191	1324	14	26	133	0.1954887
NODE_126311_length_1875_cov_4.775901	1191	1324	15	3	133	0.0225564
NODE_126311_length_1875_cov_4.775901	1191	1324	16	12	133	0.0902256
NODE_126311_length_1875_cov_4.775901	1191	1324	17	56	133	0.4210526
NODE_126311_length_1875_cov_4.775901	1191	1324	18	2	133	0.0150376
NODE_12635_length_6763_cov_4.843187	4100	4233	6	20	133	0.1503759
NODE_12635_length_6763_cov_4.843187	4100	4233	7	49	133	0.3684210
NODE_12635_length_6763_cov_4.843187	4100	4233	8	23	133	0.1729323
NODE_12635_length_6763_cov_4.843187	4100	4233	9	24	133	0.1804511
NODE_12635_length_6763_cov_4.843187	4100	4233	10	17	133	0.1278196
NODE_126362_length_1875_cov_3.110923	1145	1278	41	3	133	0.0225564
NODE_126362_length_1875_cov_3.110923	1145	1278	43	7	133	0.0526316
NODE_126362_length_1875_cov_3.110923	1145	1278	44	6	133	0.0451128
NODE_126362_length_1875_cov_3.110923	1145	1278	45	1	133	0.0075188
NODE_126362_length_1875_cov_3.110923	1145	1278	46	1	133	0.0075188
NODE_126362_length_1875_cov_3.110923	1145	1278	47	7	133	0.0526316
NODE_126362_length_1875_cov_3.110923	1145	1278	48	14	133	0.1052632
NODE_126362_length_1875_cov_3.110923	1145	1278	49	5	133	0.0375940
NODE_126362_length_1875_cov_3.110923	1145	1278	50	1	133	0.0075188
NODE_126362_length_1875_cov_3.110923	1145	1278	51	6	133	0.0451128
NODE_126362_length_1875_cov_3.110923	1145	1278	52	1	133	0.0075188
NODE_126362_length_1875_cov_3.110923	1145	1278	53	4	133	0.0300752
NODE_126362_length_1875_cov_3.110923	1145	1278	54	7	133	0.0526316
NODE_126362_length_1875_cov_3.110923	1145	1278	55	12	133	0.0902256
NODE_126362_length_1875_cov_3.110923	1145	1278	56	5	133	0.0375940
NODE_126362_length_1875_cov_3.110923	1145	1278	57	7	133	0.0526316
NODE_126362_length_1875_cov_3.110923	1145	1278	58	3	133	0.0225564
NODE_126362_length_1875_cov_3.110923	1145	1278	59	6	133	0.0451128
NODE_126362_length_1875_cov_3.110923	1145	1278	60	6	133	0.0451128
NODE_126362_length_1875_cov_3.110923	1145	1278	61	7	133	0.0526316
NODE_126362_length_1875_cov_3.110923	1145	1278	62	16	133	0.1203008
NODE_126362_length_1875_cov_3.110923	1145	1278	63	7	133	0.0526316
NODE_126362_length_1875_cov_3.110923	1145	1278	64	1	133	0.0075188
NODE_126370_length_1875_cov_2.826577	1502	1635	7	12	133	0.0902256
NODE_126370_length_1875_cov_2.826577	1502	1635	9	4	133	0.0300752
NODE_126370_length_1875_cov_2.826577	1502	1635	10	6	133	0.0451128
NODE_126370_length_1875_cov_2.826577	1502	1635	12	5	133	0.0375940
NODE_126370_length_1875_cov_2.826577	1502	1635	13	5	133	0.0375940
NODE_126370_length_1875_cov_2.826577	1502	1635	14	20	133	0.1503759
NODE_126370_length_1875_cov_2.826577	1502	1635	15	1	133	0.0075188
NODE_126370_length_1875_cov_2.826577	1502	1635	16	2	133	0.0150376
NODE_126370_length_1875_cov_2.826577	1502	1635	17	10	133	0.0751880
NODE_126370_length_1875_cov_2.826577	1502	1635	19	30	133	0.2255639
NODE_126370_length_1875_cov_2.826577	1502	1635	20	33	133	0.2481203
NODE_126370_length_1875_cov_2.826577	1502	1635	21	4	133	0.0300752
NODE_126370_length_1875_cov_2.826577	1502	1635	22	1	133	0.0075188
NODE_12646_length_6761_cov_3.811318	4980	5113	10	6	133	0.0451128
NODE_12646_length_6761_cov_3.811318	4980	5113	11	11	133	0.0827068
NODE_12646_length_6761_cov_3.811318	4980	5113	12	7	133	0.0526316
NODE_12646_length_6761_cov_3.811318	4980	5113	14	1	133	0.0075188
NODE_12646_length_6761_cov_3.811318	4980	5113	15	3	133	0.0225564
NODE_12646_length_6761_cov_3.811318	4980	5113	16	1	133	0.0075188
NODE_12646_length_6761_cov_3.811318	4980	5113	17	4	133	0.0300752
NODE_12646_length_6761_cov_3.811318	4980	5113	18	2	133	0.0150376
NODE_12646_length_6761_cov_3.811318	4980	5113	19	7	133	0.0526316
NODE_12646_length_6761_cov_3.811318	4980	5113	20	3	133	0.0225564
NODE_12646_length_6761_cov_3.811318	4980	5113	21	5	133	0.0375940
NODE_12646_length_6761_cov_3.811318	4980	5113	22	11	133	0.0827068
NODE_12646_length_6761_cov_3.811318	4980	5113	25	5	133	0.0375940
NODE_12646_length_6761_cov_3.811318	4980	5113	26	8	133	0.0601504
NODE_12646_length_6761_cov_3.811318	4980	5113	27	1	133	0.0075188
NODE_12646_length_6761_cov_3.811318	4980	5113	28	7	133	0.0526316
NODE_12646_length_6761_cov_3.811318	4980	5113	29	19	133	0.1428571
NODE_12646_length_6761_cov_3.811318	4980	5113	30	13	133	0.0977444
NODE_12646_length_6761_cov_3.811318	4980	5113	31	19	133	0.1428571
NODE_126470_length_1873_cov_5.281285	882	1015	5	1	133	0.0075188
NODE_126470_length_1873_cov_5.281285	882	1015	6	11	133	0.0827068
NODE_126470_length_1873_cov_5.281285	882	1015	7	14	133	0.1052632
NODE_126470_length_1873_cov_5.281285	882	1015	9	1	133	0.0075188
NODE_126470_length_1873_cov_5.281285	882	1015	10	2	133	0.0150376
NODE_126470_length_1873_cov_5.281285	882	1015	11	9	133	0.0676692
NODE_126470_length_1873_cov_5.281285	882	1015	13	1	133	0.0075188
NODE_126470_length_1873_cov_5.281285	882	1015	14	24	133	0.1804511
NODE_126470_length_1873_cov_5.281285	882	1015	15	10	133	0.0751880
NODE_126470_length_1873_cov_5.281285	882	1015	16	27	133	0.2030075
NODE_126470_length_1873_cov_5.281285	882	1015	17	5	133	0.0375940
NODE_126470_length_1873_cov_5.281285	882	1015	18	16	133	0.1203008
NODE_126470_length_1873_cov_5.281285	882	1015	19	5	133	0.0375940
NODE_126470_length_1873_cov_5.281285	882	1015	20	2	133	0.0150376
NODE_126470_length_1873_cov_5.281285	882	1015	22	5	133	0.0375940
NODE_12648_length_6760_cov_4.653956	3791	3924	26	4	133	0.0300752
NODE_12648_length_6760_cov_4.653956	3791	3924	27	32	133	0.2406015
NODE_12648_length_6760_cov_4.653956	3791	3924	28	25	133	0.1879699
NODE_12648_length_6760_cov_4.653956	3791	3924	29	34	133	0.2556391
NODE_12648_length_6760_cov_4.653956	3791	3924	30	17	133	0.1278196
NODE_12648_length_6760_cov_4.653956	3791	3924	31	14	133	0.1052632
NODE_12648_length_6760_cov_4.653956	3791	3924	32	7	133	0.0526316
NODE_12652_length_6760_cov_3.405495	6516	6649	1	133	133	1.0000000
NODE_126572_length_1872_cov_3.761421	1115	1248	15	15	133	0.1127820
NODE_126572_length_1872_cov_3.761421	1115	1248	19	7	133	0.0526316
NODE_126572_length_1872_cov_3.761421	1115	1248	20	4	133	0.0300752
NODE_126572_length_1872_cov_3.761421	1115	1248	21	6	133	0.0451128
NODE_126572_length_1872_cov_3.761421	1115	1248	22	4	133	0.0300752
NODE_126572_length_1872_cov_3.761421	1115	1248	23	1	133	0.0075188
NODE_126572_length_1872_cov_3.761421	1115	1248	24	3	133	0.0225564
NODE_126572_length_1872_cov_3.761421	1115	1248	25	15	133	0.1127820
NODE_126572_length_1872_cov_3.761421	1115	1248	26	5	133	0.0375940
NODE_126572_length_1872_cov_3.761421	1115	1248	27	5	133	0.0375940
NODE_126572_length_1872_cov_3.761421	1115	1248	28	9	133	0.0676692
NODE_126572_length_1872_cov_3.761421	1115	1248	29	19	133	0.1428571
NODE_126572_length_1872_cov_3.761421	1115	1248	30	25	133	0.1879699
NODE_126572_length_1872_cov_3.761421	1115	1248	31	4	133	0.0300752
NODE_126572_length_1872_cov_3.761421	1115	1248	32	11	133	0.0827068
NODE_126574_length_1872_cov_3.695995	701	834	4	16	133	0.1203008
NODE_126574_length_1872_cov_3.695995	701	834	5	67	133	0.5037594
NODE_126574_length_1872_cov_3.695995	701	834	6	50	133	0.3759398
NODE_12658_length_6759_cov_4.080180	5578	5711	15	2	133	0.0150376
NODE_12658_length_6759_cov_4.080180	5578	5711	16	9	133	0.0676692
NODE_12658_length_6759_cov_4.080180	5578	5711	18	2	133	0.0150376
NODE_12658_length_6759_cov_4.080180	5578	5711	21	4	133	0.0300752
NODE_12658_length_6759_cov_4.080180	5578	5711	22	3	133	0.0225564
NODE_12658_length_6759_cov_4.080180	5578	5711	23	14	133	0.1052632
NODE_12658_length_6759_cov_4.080180	5578	5711	24	42	133	0.3157895
NODE_12658_length_6759_cov_4.080180	5578	5711	25	9	133	0.0676692
NODE_12658_length_6759_cov_4.080180	5578	5711	26	6	133	0.0451128
NODE_12658_length_6759_cov_4.080180	5578	5711	27	15	133	0.1127820
NODE_12658_length_6759_cov_4.080180	5578	5711	28	22	133	0.1654135
NODE_12658_length_6759_cov_4.080180	5578	5711	29	5	133	0.0375940
NODE_126644_length_1871_cov_4.430023	1034	1167	15	4	133	0.0300752
NODE_126644_length_1871_cov_4.430023	1034	1167	16	27	133	0.2030075
NODE_126644_length_1871_cov_4.430023	1034	1167	17	16	133	0.1203008
NODE_126644_length_1871_cov_4.430023	1034	1167	18	31	133	0.2330827
NODE_126644_length_1871_cov_4.430023	1034	1167	19	6	133	0.0451128
NODE_126644_length_1871_cov_4.430023	1034	1167	20	11	133	0.0827068
NODE_126644_length_1871_cov_4.430023	1034	1167	21	5	133	0.0375940
NODE_126644_length_1871_cov_4.430023	1034	1167	22	11	133	0.0827068
NODE_126644_length_1871_cov_4.430023	1034	1167	23	13	133	0.0977444
NODE_126644_length_1871_cov_4.430023	1034	1167	24	9	133	0.0676692
NODE_126691_length_1871_cov_3.073928	570	703	6	9	133	0.0676692
NODE_126691_length_1871_cov_3.073928	570	703	7	8	133	0.0601504
NODE_126691_length_1871_cov_3.073928	570	703	8	24	133	0.1804511
NODE_126691_length_1871_cov_3.073928	570	703	9	29	133	0.2180451
NODE_126691_length_1871_cov_3.073928	570	703	11	33	133	0.2481203
NODE_126691_length_1871_cov_3.073928	570	703	12	30	133	0.2255639
NODE_126740_length_1870_cov_4.727273	366	499	5	18	133	0.1353384
NODE_126740_length_1870_cov_4.727273	366	499	6	59	133	0.4436090
NODE_126740_length_1870_cov_4.727273	366	499	7	28	133	0.2105263
NODE_126740_length_1870_cov_4.727273	366	499	8	18	133	0.1353384
NODE_126740_length_1870_cov_4.727273	366	499	9	10	133	0.0751880
NODE_126752_length_1870_cov_4.393563	1499	1632	1	12	133	0.0902256
NODE_126752_length_1870_cov_4.393563	1499	1632	2	31	133	0.2330827
NODE_126752_length_1870_cov_4.393563	1499	1632	3	90	133	0.6766917
NODE_126754_length_1870_cov_4.299831	1535	1668	9	7	133	0.0526316
NODE_126754_length_1870_cov_4.299831	1535	1668	10	3	133	0.0225564
NODE_126754_length_1870_cov_4.299831	1535	1668	11	13	133	0.0977444
NODE_126754_length_1870_cov_4.299831	1535	1668	12	66	133	0.4962406
NODE_126754_length_1870_cov_4.299831	1535	1668	13	35	133	0.2631579
NODE_126754_length_1870_cov_4.299831	1535	1668	14	9	133	0.0676692
NODE_126794_length_1870_cov_3.077922	268	401	32	1	133	0.0075188
NODE_126794_length_1870_cov_3.077922	268	401	34	1	133	0.0075188
NODE_126794_length_1870_cov_3.077922	268	401	35	7	133	0.0526316
NODE_126794_length_1870_cov_3.077922	268	401	37	5	133	0.0375940
NODE_126794_length_1870_cov_3.077922	268	401	38	12	133	0.0902256
NODE_126794_length_1870_cov_3.077922	268	401	40	9	133	0.0676692
NODE_126794_length_1870_cov_3.077922	268	401	41	13	133	0.0977444
NODE_126794_length_1870_cov_3.077922	268	401	42	13	133	0.0977444
NODE_126794_length_1870_cov_3.077922	268	401	43	10	133	0.0751880
NODE_126794_length_1870_cov_3.077922	268	401	44	8	133	0.0601504
NODE_126794_length_1870_cov_3.077922	268	401	45	4	133	0.0300752
NODE_126794_length_1870_cov_3.077922	268	401	46	5	133	0.0375940
NODE_126794_length_1870_cov_3.077922	268	401	47	1	133	0.0075188
NODE_126794_length_1870_cov_3.077922	268	401	48	18	133	0.1353384
NODE_126794_length_1870_cov_3.077922	268	401	49	6	133	0.0451128
NODE_126794_length_1870_cov_3.077922	268	401	50	1	133	0.0075188
NODE_126794_length_1870_cov_3.077922	268	401	51	2	133	0.0150376
NODE_126794_length_1870_cov_3.077922	268	401	53	5	133	0.0375940
NODE_126794_length_1870_cov_3.077922	268	401	54	7	133	0.0526316
NODE_126794_length_1870_cov_3.077922	268	401	55	5	133	0.0375940
NODE_126837_length_1869_cov_3.995480	1160	1293	16	38	133	0.2857143
NODE_126837_length_1869_cov_3.995480	1160	1293	17	4	133	0.0300752
NODE_126837_length_1869_cov_3.995480	1160	1293	18	3	133	0.0225564
NODE_126837_length_1869_cov_3.995480	1160	1293	19	11	133	0.0827068
NODE_126837_length_1869_cov_3.995480	1160	1293	20	9	133	0.0676692
NODE_126837_length_1869_cov_3.995480	1160	1293	21	31	133	0.2330827
NODE_126837_length_1869_cov_3.995480	1160	1293	22	21	133	0.1578947
NODE_126837_length_1869_cov_3.995480	1160	1293	23	6	133	0.0451128
NODE_126837_length_1869_cov_3.995480	1160	1293	24	10	133	0.0751880
NODE_12689_length_6753_cov_4.161707	4280	4413	5	4	133	0.0300752
NODE_12689_length_6753_cov_4.161707	4280	4413	7	38	133	0.2857143
NODE_12689_length_6753_cov_4.161707	4280	4413	8	67	133	0.5037594
NODE_12689_length_6753_cov_4.161707	4280	4413	9	24	133	0.1804511
NODE_126925_length_1868_cov_4.012436	871	1004	14	25	133	0.1879699
NODE_126925_length_1868_cov_4.012436	871	1004	15	14	133	0.1052632
NODE_126925_length_1868_cov_4.012436	871	1004	17	1	133	0.0075188
NODE_126925_length_1868_cov_4.012436	871	1004	18	1	133	0.0075188
NODE_126925_length_1868_cov_4.012436	871	1004	20	1	133	0.0075188
NODE_126925_length_1868_cov_4.012436	871	1004	22	1	133	0.0075188
NODE_126925_length_1868_cov_4.012436	871	1004	23	2	133	0.0150376
NODE_126925_length_1868_cov_4.012436	871	1004	24	9	133	0.0676692
NODE_126925_length_1868_cov_4.012436	871	1004	25	25	133	0.1879699
NODE_126925_length_1868_cov_4.012436	871	1004	26	4	133	0.0300752
NODE_126925_length_1868_cov_4.012436	871	1004	27	6	133	0.0451128
NODE_126925_length_1868_cov_4.012436	871	1004	28	12	133	0.0902256
NODE_126925_length_1868_cov_4.012436	871	1004	29	11	133	0.0827068
NODE_126925_length_1868_cov_4.012436	871	1004	30	4	133	0.0300752
NODE_126925_length_1868_cov_4.012436	871	1004	31	17	133	0.1278196
NODE_126934_length_1868_cov_3.854720	1104	1237	6	48	133	0.3609022
NODE_126934_length_1868_cov_3.854720	1104	1237	7	11	133	0.0827068
NODE_126934_length_1868_cov_3.854720	1104	1237	8	53	133	0.3984962
NODE_126934_length_1868_cov_3.854720	1104	1237	9	12	133	0.0902256
NODE_126934_length_1868_cov_3.854720	1104	1237	10	9	133	0.0676692
NODE_12694_length_6752_cov_3.582143	2900	3033	6	5	133	0.0375940
NODE_12694_length_6752_cov_3.582143	2900	3033	8	27	133	0.2030075
NODE_12694_length_6752_cov_3.582143	2900	3033	9	4	133	0.0300752
NODE_12694_length_6752_cov_3.582143	2900	3033	11	2	133	0.0150376
NODE_12694_length_6752_cov_3.582143	2900	3033	12	15	133	0.1127820
NODE_12694_length_6752_cov_3.582143	2900	3033	13	3	133	0.0225564
NODE_12694_length_6752_cov_3.582143	2900	3033	14	25	133	0.1879699
NODE_12694_length_6752_cov_3.582143	2900	3033	15	32	133	0.2406015
NODE_12694_length_6752_cov_3.582143	2900	3033	16	20	133	0.1503759
NODE_126984_length_1867_cov_4.375566	223	356	4	14	133	0.1052632
NODE_126984_length_1867_cov_4.375566	223	356	6	8	133	0.0601504
NODE_126984_length_1867_cov_4.375566	223	356	7	9	133	0.0676692
NODE_126984_length_1867_cov_4.375566	223	356	8	22	133	0.1654135
NODE_126984_length_1867_cov_4.375566	223	356	9	80	133	0.6015037
NODE_127043_length_1866_cov_6.353707	1078	1211	18	11	133	0.0827068
NODE_127043_length_1866_cov_6.353707	1078	1211	19	10	133	0.0751880
NODE_127043_length_1866_cov_6.353707	1078	1211	20	18	133	0.1353384
NODE_127043_length_1866_cov_6.353707	1078	1211	21	29	133	0.2180451
NODE_127043_length_1866_cov_6.353707	1078	1211	22	43	133	0.3233083
NODE_127043_length_1866_cov_6.353707	1078	1211	23	12	133	0.0902256
NODE_127043_length_1866_cov_6.353707	1078	1211	24	10	133	0.0751880
NODE_127112_length_1866_cov_3.039615	1053	1186	19	7	133	0.0526316
NODE_127112_length_1866_cov_3.039615	1053	1186	21	5	133	0.0375940
NODE_127112_length_1866_cov_3.039615	1053	1186	24	4	133	0.0300752
NODE_127112_length_1866_cov_3.039615	1053	1186	25	6	133	0.0451128
NODE_127112_length_1866_cov_3.039615	1053	1186	26	5	133	0.0375940
NODE_127112_length_1866_cov_3.039615	1053	1186	27	14	133	0.1052632
NODE_127112_length_1866_cov_3.039615	1053	1186	28	8	133	0.0601504
NODE_127112_length_1866_cov_3.039615	1053	1186	29	3	133	0.0225564
NODE_127112_length_1866_cov_3.039615	1053	1186	30	13	133	0.0977444
NODE_127112_length_1866_cov_3.039615	1053	1186	31	19	133	0.1428571
NODE_127112_length_1866_cov_3.039615	1053	1186	32	4	133	0.0300752
NODE_127112_length_1866_cov_3.039615	1053	1186	33	7	133	0.0526316
NODE_127112_length_1866_cov_3.039615	1053	1186	34	30	133	0.2255639
NODE_127112_length_1866_cov_3.039615	1053	1186	35	8	133	0.0601504
NODE_12722_length_6747_cov_4.150722	5330	5463	2	20	133	0.1503759
NODE_12722_length_6747_cov_4.150722	5330	5463	3	80	133	0.6015037
NODE_12722_length_6747_cov_4.150722	5330	5463	4	33	133	0.2481203
NODE_127235_length_1864_cov_5.283853	148	281	12	1	133	0.0075188
NODE_127235_length_1864_cov_5.283853	148	281	13	11	133	0.0827068
NODE_127235_length_1864_cov_5.283853	148	281	16	6	133	0.0451128
NODE_127235_length_1864_cov_5.283853	148	281	18	5	133	0.0375940
NODE_127235_length_1864_cov_5.283853	148	281	19	5	133	0.0375940
NODE_127235_length_1864_cov_5.283853	148	281	20	6	133	0.0451128
NODE_127235_length_1864_cov_5.283853	148	281	21	6	133	0.0451128
NODE_127235_length_1864_cov_5.283853	148	281	23	5	133	0.0375940
NODE_127235_length_1864_cov_5.283853	148	281	25	1	133	0.0075188
NODE_127235_length_1864_cov_5.283853	148	281	26	2	133	0.0150376
NODE_127235_length_1864_cov_5.283853	148	281	27	11	133	0.0827068
NODE_127235_length_1864_cov_5.283853	148	281	28	2	133	0.0150376
NODE_127235_length_1864_cov_5.283853	148	281	29	14	133	0.1052632
NODE_127235_length_1864_cov_5.283853	148	281	30	13	133	0.0977444
NODE_127235_length_1864_cov_5.283853	148	281	31	28	133	0.2105263
NODE_127235_length_1864_cov_5.283853	148	281	32	13	133	0.0977444
NODE_127235_length_1864_cov_5.283853	148	281	33	4	133	0.0300752
NODE_127339_length_1863_cov_3.768141	1099	1232	4	13	133	0.0977444
NODE_127339_length_1863_cov_3.768141	1099	1232	5	31	133	0.2330827
NODE_127339_length_1863_cov_3.768141	1099	1232	6	20	133	0.1503759
NODE_127339_length_1863_cov_3.768141	1099	1232	7	26	133	0.1954887
NODE_127339_length_1863_cov_3.768141	1099	1232	8	26	133	0.1954887
NODE_127339_length_1863_cov_3.768141	1099	1232	9	17	133	0.1278196
NODE_127411_length_1862_cov_4.450936	918	1051	9	5	133	0.0375940
NODE_127411_length_1862_cov_4.450936	918	1051	10	32	133	0.2406015
NODE_127411_length_1862_cov_4.450936	918	1051	11	2	133	0.0150376
NODE_127411_length_1862_cov_4.450936	918	1051	12	4	133	0.0300752
NODE_127411_length_1862_cov_4.450936	918	1051	13	12	133	0.0902256
NODE_127411_length_1862_cov_4.450936	918	1051	14	4	133	0.0300752
NODE_127411_length_1862_cov_4.450936	918	1051	15	26	133	0.1954887
NODE_127411_length_1862_cov_4.450936	918	1051	16	48	133	0.3609022
NODE_127484_length_1861_cov_4.506243	1200	1333	11	4	133	0.0300752
NODE_127484_length_1861_cov_4.506243	1200	1333	12	8	133	0.0601504
NODE_127484_length_1861_cov_4.506243	1200	1333	13	20	133	0.1503759
NODE_127484_length_1861_cov_4.506243	1200	1333	14	6	133	0.0451128
NODE_127484_length_1861_cov_4.506243	1200	1333	15	3	133	0.0225564
NODE_127484_length_1861_cov_4.506243	1200	1333	17	3	133	0.0225564
NODE_127484_length_1861_cov_4.506243	1200	1333	18	7	133	0.0526316
NODE_127484_length_1861_cov_4.506243	1200	1333	19	12	133	0.0902256
NODE_127484_length_1861_cov_4.506243	1200	1333	20	19	133	0.1428571
NODE_127484_length_1861_cov_4.506243	1200	1333	21	6	133	0.0451128
NODE_127484_length_1861_cov_4.506243	1200	1333	23	17	133	0.1278196
NODE_127484_length_1861_cov_4.506243	1200	1333	24	6	133	0.0451128
NODE_127484_length_1861_cov_4.506243	1200	1333	25	7	133	0.0526316
NODE_127484_length_1861_cov_4.506243	1200	1333	26	4	133	0.0300752
NODE_127484_length_1861_cov_4.506243	1200	1333	27	11	133	0.0827068
NODE_12754_length_6740_cov_13.973498	1186	1319	0	133	133	1.0000000
NODE_127558_length_1860_cov_4.867121	0	133	1	13	133	0.0977444
NODE_127558_length_1860_cov_4.867121	0	133	2	120	133	0.9022557
NODE_127716_length_1859_cov_2.601136	1579	1712	22	15	133	0.1127820
NODE_127716_length_1859_cov_2.601136	1579	1712	23	2	133	0.0150376
NODE_127716_length_1859_cov_2.601136	1579	1712	24	6	133	0.0451128
NODE_127716_length_1859_cov_2.601136	1579	1712	25	4	133	0.0300752
NODE_127716_length_1859_cov_2.601136	1579	1712	26	13	133	0.0977444
NODE_127716_length_1859_cov_2.601136	1579	1712	28	9	133	0.0676692
NODE_127716_length_1859_cov_2.601136	1579	1712	29	4	133	0.0300752
NODE_127716_length_1859_cov_2.601136	1579	1712	30	19	133	0.1428571
NODE_127716_length_1859_cov_2.601136	1579	1712	31	7	133	0.0526316
NODE_127716_length_1859_cov_2.601136	1579	1712	32	9	133	0.0676692
NODE_127716_length_1859_cov_2.601136	1579	1712	33	12	133	0.0902256
NODE_127716_length_1859_cov_2.601136	1579	1712	34	14	133	0.1052632
NODE_127716_length_1859_cov_2.601136	1579	1712	35	2	133	0.0150376
NODE_127716_length_1859_cov_2.601136	1579	1712	36	4	133	0.0300752
NODE_127716_length_1859_cov_2.601136	1579	1712	37	2	133	0.0150376
NODE_127716_length_1859_cov_2.601136	1579	1712	38	11	133	0.0827068
NODE_12771_length_6735_cov_9.864527	5196	5329	38	4	133	0.0300752
NODE_12771_length_6735_cov_9.864527	5196	5329	39	1	133	0.0075188
NODE_12771_length_6735_cov_9.864527	5196	5329	40	2	133	0.0150376
NODE_12771_length_6735_cov_9.864527	5196	5329	42	1	133	0.0075188
NODE_12771_length_6735_cov_9.864527	5196	5329	43	1	133	0.0075188
NODE_12771_length_6735_cov_9.864527	5196	5329	48	1	133	0.0075188
NODE_12771_length_6735_cov_9.864527	5196	5329	49	2	133	0.0150376
NODE_12771_length_6735_cov_9.864527	5196	5329	50	5	133	0.0375940
NODE_12771_length_6735_cov_9.864527	5196	5329	52	8	133	0.0601504
NODE_12771_length_6735_cov_9.864527	5196	5329	53	3	133	0.0225564
NODE_12771_length_6735_cov_9.864527	5196	5329	55	9	133	0.0676692
NODE_12771_length_6735_cov_9.864527	5196	5329	57	5	133	0.0375940
NODE_12771_length_6735_cov_9.864527	5196	5329	58	1	133	0.0075188
NODE_12771_length_6735_cov_9.864527	5196	5329	60	3	133	0.0225564
NODE_12771_length_6735_cov_9.864527	5196	5329	61	3	133	0.0225564
NODE_12771_length_6735_cov_9.864527	5196	5329	62	3	133	0.0225564
NODE_12771_length_6735_cov_9.864527	5196	5329	63	3	133	0.0225564
NODE_12771_length_6735_cov_9.864527	5196	5329	64	3	133	0.0225564
NODE_12771_length_6735_cov_9.864527	5196	5329	66	8	133	0.0601504
NODE_12771_length_6735_cov_9.864527	5196	5329	67	3	133	0.0225564
NODE_12771_length_6735_cov_9.864527	5196	5329	68	2	133	0.0150376
NODE_12771_length_6735_cov_9.864527	5196	5329	70	7	133	0.0526316
NODE_12771_length_6735_cov_9.864527	5196	5329	71	7	133	0.0526316
NODE_12771_length_6735_cov_9.864527	5196	5329	72	9	133	0.0676692
NODE_12771_length_6735_cov_9.864527	5196	5329	73	5	133	0.0375940
NODE_12771_length_6735_cov_9.864527	5196	5329	74	4	133	0.0300752
NODE_12771_length_6735_cov_9.864527	5196	5329	75	5	133	0.0375940
NODE_12771_length_6735_cov_9.864527	5196	5329	76	12	133	0.0902256
NODE_12771_length_6735_cov_9.864527	5196	5329	77	6	133	0.0451128
NODE_12771_length_6735_cov_9.864527	5196	5329	78	2	133	0.0150376
NODE_12771_length_6735_cov_9.864527	5196	5329	79	5	133	0.0375940
NODE_127830_length_1857_cov_4.240046	806	939	7	3	133	0.0225564
NODE_127830_length_1857_cov_4.240046	806	939	8	2	133	0.0150376
NODE_127830_length_1857_cov_4.240046	806	939	9	19	133	0.1428571
NODE_127830_length_1857_cov_4.240046	806	939	10	13	133	0.0977444
NODE_127830_length_1857_cov_4.240046	806	939	11	13	133	0.0977444
NODE_127830_length_1857_cov_4.240046	806	939	12	7	133	0.0526316
NODE_127830_length_1857_cov_4.240046	806	939	13	31	133	0.2330827
NODE_127830_length_1857_cov_4.240046	806	939	14	45	133	0.3383459
NODE_12784_length_6731_cov_5.092280	1	134	0	21	133	0.1578947
NODE_12784_length_6731_cov_5.092280	1	134	2	3	133	0.0225564
NODE_12784_length_6731_cov_5.092280	1	134	3	37	133	0.2781955
NODE_12784_length_6731_cov_5.092280	1	134	5	7	133	0.0526316
NODE_12784_length_6731_cov_5.092280	1	134	6	1	133	0.0075188
NODE_12784_length_6731_cov_5.092280	1	134	7	4	133	0.0300752
NODE_12784_length_6731_cov_5.092280	1	134	8	5	133	0.0375940
NODE_12784_length_6731_cov_5.092280	1	134	9	10	133	0.0751880
NODE_12784_length_6731_cov_5.092280	1	134	10	16	133	0.1203008
NODE_12784_length_6731_cov_5.092280	1	134	11	29	133	0.2180451
NODE_127964_length_1855_cov_5.691913	415	548	2	19	133	0.1428571
NODE_127964_length_1855_cov_5.691913	415	548	3	91	133	0.6842105
NODE_127964_length_1855_cov_5.691913	415	548	4	4	133	0.0300752
NODE_127964_length_1855_cov_5.691913	415	548	5	19	133	0.1428571
NODE_127966_length_1855_cov_5.570615	763	896	12	3	133	0.0225564
NODE_127966_length_1855_cov_5.570615	763	896	15	1	133	0.0075188
NODE_127966_length_1855_cov_5.570615	763	896	17	4	133	0.0300752
NODE_127966_length_1855_cov_5.570615	763	896	18	10	133	0.0751880
NODE_127966_length_1855_cov_5.570615	763	896	19	6	133	0.0451128
NODE_127966_length_1855_cov_5.570615	763	896	21	2	133	0.0150376
NODE_127966_length_1855_cov_5.570615	763	896	22	9	133	0.0676692
NODE_127966_length_1855_cov_5.570615	763	896	23	2	133	0.0150376
NODE_127966_length_1855_cov_5.570615	763	896	24	17	133	0.1278196
NODE_127966_length_1855_cov_5.570615	763	896	27	9	133	0.0676692
NODE_127966_length_1855_cov_5.570615	763	896	28	7	133	0.0526316
NODE_127966_length_1855_cov_5.570615	763	896	29	2	133	0.0150376
NODE_127966_length_1855_cov_5.570615	763	896	30	4	133	0.0300752
NODE_127966_length_1855_cov_5.570615	763	896	31	35	133	0.2631579
NODE_127966_length_1855_cov_5.570615	763	896	32	20	133	0.1503759
NODE_127966_length_1855_cov_5.570615	763	896	33	2	133	0.0150376
NODE_128060_length_1854_cov_5.332764	149	282	6	7	133	0.0526316
NODE_128060_length_1854_cov_5.332764	149	282	8	5	133	0.0375940
NODE_128060_length_1854_cov_5.332764	149	282	9	14	133	0.1052632
NODE_128060_length_1854_cov_5.332764	149	282	10	16	133	0.1203008
NODE_128060_length_1854_cov_5.332764	149	282	11	2	133	0.0150376
NODE_128060_length_1854_cov_5.332764	149	282	13	9	133	0.0676692
NODE_128060_length_1854_cov_5.332764	149	282	14	18	133	0.1353384
NODE_128060_length_1854_cov_5.332764	149	282	15	15	133	0.1127820
NODE_128060_length_1854_cov_5.332764	149	282	16	7	133	0.0526316
NODE_128060_length_1854_cov_5.332764	149	282	17	16	133	0.1203008
NODE_128060_length_1854_cov_5.332764	149	282	18	24	133	0.1804511
NODE_128197_length_1853_cov_3.942987	568	701	0	18	133	0.1353384
NODE_128197_length_1853_cov_3.942987	568	701	1	5	133	0.0375940
NODE_128197_length_1853_cov_3.942987	568	701	2	10	133	0.0751880
NODE_128197_length_1853_cov_3.942987	568	701	3	11	133	0.0827068
NODE_128197_length_1853_cov_3.942987	568	701	4	29	133	0.2180451
NODE_128197_length_1853_cov_3.942987	568	701	5	36	133	0.2706767
NODE_128197_length_1853_cov_3.942987	568	701	6	17	133	0.1278196
NODE_128197_length_1853_cov_3.942987	568	701	7	5	133	0.0375940
NODE_128197_length_1853_cov_3.942987	568	701	8	2	133	0.0150376
NODE_12829_length_6723_cov_4.407458	3283	3416	16	4	133	0.0300752
NODE_12829_length_6723_cov_4.407458	3283	3416	17	17	133	0.1278196
NODE_12829_length_6723_cov_4.407458	3283	3416	18	19	133	0.1428571
NODE_12829_length_6723_cov_4.407458	3283	3416	19	25	133	0.1879699
NODE_12829_length_6723_cov_4.407458	3283	3416	20	6	133	0.0451128
NODE_12829_length_6723_cov_4.407458	3283	3416	21	24	133	0.1804511
NODE_12829_length_6723_cov_4.407458	3283	3416	22	13	133	0.0977444
NODE_12829_length_6723_cov_4.407458	3283	3416	23	14	133	0.1052632
NODE_12829_length_6723_cov_4.407458	3283	3416	24	11	133	0.0827068
NODE_128306_length_1852_cov_2.869937	402	535	2	12	133	0.0902256
NODE_128306_length_1852_cov_2.869937	402	535	4	10	133	0.0751880
NODE_128306_length_1852_cov_2.869937	402	535	5	1	133	0.0075188
NODE_128306_length_1852_cov_2.869937	402	535	6	1	133	0.0075188
NODE_128306_length_1852_cov_2.869937	402	535	7	37	133	0.2781955
NODE_128306_length_1852_cov_2.869937	402	535	8	14	133	0.1052632
NODE_128306_length_1852_cov_2.869937	402	535	9	32	133	0.2406015
NODE_128306_length_1852_cov_2.869937	402	535	10	26	133	0.1954887
NODE_128350_length_1851_cov_3.987443	1075	1208	5	8	133	0.0601504
NODE_128350_length_1851_cov_3.987443	1075	1208	7	2	133	0.0150376
NODE_128350_length_1851_cov_3.987443	1075	1208	8	11	133	0.0827068
NODE_128350_length_1851_cov_3.987443	1075	1208	9	58	133	0.4360902
NODE_128350_length_1851_cov_3.987443	1075	1208	10	53	133	0.3984962
NODE_128350_length_1851_cov_3.987443	1075	1208	11	1	133	0.0075188
NODE_128420_length_1850_cov_4.541976	1362	1495	8	4	133	0.0300752
NODE_128420_length_1850_cov_4.541976	1362	1495	10	1	133	0.0075188
NODE_128420_length_1850_cov_4.541976	1362	1495	11	3	133	0.0225564
NODE_128420_length_1850_cov_4.541976	1362	1495	13	2	133	0.0150376
NODE_128420_length_1850_cov_4.541976	1362	1495	15	3	133	0.0225564
NODE_128420_length_1850_cov_4.541976	1362	1495	16	9	133	0.0676692
NODE_128420_length_1850_cov_4.541976	1362	1495	17	4	133	0.0300752
NODE_128420_length_1850_cov_4.541976	1362	1495	18	21	133	0.1578947
NODE_128420_length_1850_cov_4.541976	1362	1495	19	35	133	0.2631579
NODE_128420_length_1850_cov_4.541976	1362	1495	20	3	133	0.0225564
NODE_128420_length_1850_cov_4.541976	1362	1495	21	6	133	0.0451128
NODE_128420_length_1850_cov_4.541976	1362	1495	22	25	133	0.1879699
NODE_128420_length_1850_cov_4.541976	1362	1495	23	4	133	0.0300752
NODE_128420_length_1850_cov_4.541976	1362	1495	24	7	133	0.0526316
NODE_128420_length_1850_cov_4.541976	1362	1495	25	6	133	0.0451128
NODE_128494_length_1850_cov_2.196459	1581	1714	3	4	133	0.0300752
NODE_128494_length_1850_cov_2.196459	1581	1714	5	22	133	0.1654135
NODE_128494_length_1850_cov_2.196459	1581	1714	6	2	133	0.0150376
NODE_128494_length_1850_cov_2.196459	1581	1714	7	16	133	0.1203008
NODE_128494_length_1850_cov_2.196459	1581	1714	8	2	133	0.0150376
NODE_128494_length_1850_cov_2.196459	1581	1714	9	25	133	0.1879699
NODE_128494_length_1850_cov_2.196459	1581	1714	11	32	133	0.2406015
NODE_128494_length_1850_cov_2.196459	1581	1714	13	30	133	0.2255639
NODE_12852_length_6719_cov_4.051360	1169	1302	23	2	133	0.0150376
NODE_12852_length_6719_cov_4.051360	1169	1302	24	3	133	0.0225564
NODE_12852_length_6719_cov_4.051360	1169	1302	26	3	133	0.0225564
NODE_12852_length_6719_cov_4.051360	1169	1302	27	4	133	0.0300752
NODE_12852_length_6719_cov_4.051360	1169	1302	28	1	133	0.0075188
NODE_12852_length_6719_cov_4.051360	1169	1302	29	4	133	0.0300752
NODE_12852_length_6719_cov_4.051360	1169	1302	30	7	133	0.0526316
NODE_12852_length_6719_cov_4.051360	1169	1302	31	6	133	0.0451128
NODE_12852_length_6719_cov_4.051360	1169	1302	32	1	133	0.0075188
NODE_12852_length_6719_cov_4.051360	1169	1302	33	19	133	0.1428571
NODE_12852_length_6719_cov_4.051360	1169	1302	34	12	133	0.0902256
NODE_12852_length_6719_cov_4.051360	1169	1302	35	6	133	0.0451128
NODE_12852_length_6719_cov_4.051360	1169	1302	36	9	133	0.0676692
NODE_12852_length_6719_cov_4.051360	1169	1302	37	4	133	0.0300752
NODE_12852_length_6719_cov_4.051360	1169	1302	38	2	133	0.0150376
NODE_12852_length_6719_cov_4.051360	1169	1302	39	2	133	0.0150376
NODE_12852_length_6719_cov_4.051360	1169	1302	41	9	133	0.0676692
NODE_12852_length_6719_cov_4.051360	1169	1302	42	10	133	0.0751880
NODE_12852_length_6719_cov_4.051360	1169	1302	43	8	133	0.0601504
NODE_12852_length_6719_cov_4.051360	1169	1302	44	21	133	0.1578947
NODE_128655_length_1848_cov_3.061750	1628	1761	3	17	133	0.1278196
NODE_128655_length_1848_cov_3.061750	1628	1761	4	47	133	0.3533835
NODE_128655_length_1848_cov_3.061750	1628	1761	6	51	133	0.3834586
NODE_128655_length_1848_cov_3.061750	1628	1761	7	18	133	0.1353384
NODE_128717_length_1847_cov_3.516018	830	963	1	2	133	0.0150376
NODE_128717_length_1847_cov_3.516018	830	963	2	83	133	0.6240602
NODE_128717_length_1847_cov_3.516018	830	963	5	1	133	0.0075188
NODE_128717_length_1847_cov_3.516018	830	963	6	7	133	0.0526316
NODE_128717_length_1847_cov_3.516018	830	963	7	29	133	0.2180451
NODE_128717_length_1847_cov_3.516018	830	963	9	3	133	0.0225564
NODE_128717_length_1847_cov_3.516018	830	963	11	2	133	0.0150376
NODE_128717_length_1847_cov_3.516018	830	963	12	6	133	0.0451128
NODE_128914_length_1844_cov_4.913467	1052	1185	2	7	133	0.0526316
NODE_128914_length_1844_cov_4.913467	1052	1185	3	18	133	0.1353384
NODE_128914_length_1844_cov_4.913467	1052	1185	4	11	133	0.0827068
NODE_128914_length_1844_cov_4.913467	1052	1185	5	1	133	0.0075188
NODE_128914_length_1844_cov_4.913467	1052	1185	7	12	133	0.0902256
NODE_128914_length_1844_cov_4.913467	1052	1185	8	2	133	0.0150376
NODE_128914_length_1844_cov_4.913467	1052	1185	9	64	133	0.4812030
NODE_128914_length_1844_cov_4.913467	1052	1185	10	18	133	0.1353384
NODE_12895_length_6707_cov_12.672367	3007	3140	6	22	133	0.1654135
NODE_12895_length_6707_cov_12.672367	3007	3140	7	10	133	0.0751880
NODE_12895_length_6707_cov_12.672367	3007	3140	8	21	133	0.1578947
NODE_12895_length_6707_cov_12.672367	3007	3140	9	9	133	0.0676692
NODE_12895_length_6707_cov_12.672367	3007	3140	10	42	133	0.3157895
NODE_12895_length_6707_cov_12.672367	3007	3140	11	21	133	0.1578947
NODE_12895_length_6707_cov_12.672367	3007	3140	12	8	133	0.0601504
NODE_129049_length_1843_cov_3.325115	1630	1763	14	7	133	0.0526316
NODE_129049_length_1843_cov_3.325115	1630	1763	15	11	133	0.0827068
NODE_129049_length_1843_cov_3.325115	1630	1763	17	3	133	0.0225564
NODE_129049_length_1843_cov_3.325115	1630	1763	18	1	133	0.0075188
NODE_129049_length_1843_cov_3.325115	1630	1763	20	13	133	0.0977444
NODE_129049_length_1843_cov_3.325115	1630	1763	21	16	133	0.1203008
NODE_129049_length_1843_cov_3.325115	1630	1763	22	38	133	0.2857143
NODE_129049_length_1843_cov_3.325115	1630	1763	23	10	133	0.0751880
NODE_129049_length_1843_cov_3.325115	1630	1763	24	10	133	0.0751880
NODE_129049_length_1843_cov_3.325115	1630	1763	25	1	133	0.0075188
NODE_129049_length_1843_cov_3.325115	1630	1763	26	11	133	0.0827068
NODE_129049_length_1843_cov_3.325115	1630	1763	27	12	133	0.0902256
NODE_12908_length_6705_cov_4.441417	2484	2617	6	4	133	0.0300752
NODE_12908_length_6705_cov_4.441417	2484	2617	7	10	133	0.0751880
NODE_12908_length_6705_cov_4.441417	2484	2617	8	34	133	0.2556391
NODE_12908_length_6705_cov_4.441417	2484	2617	9	6	133	0.0451128
NODE_12908_length_6705_cov_4.441417	2484	2617	10	17	133	0.1278196
NODE_12908_length_6705_cov_4.441417	2484	2617	11	7	133	0.0526316
NODE_12908_length_6705_cov_4.441417	2484	2617	12	32	133	0.2406015
NODE_12908_length_6705_cov_4.441417	2484	2617	13	20	133	0.1503759
NODE_12908_length_6705_cov_4.441417	2484	2617	14	3	133	0.0225564
NODE_129137_length_1842_cov_3.545611	501	634	5	4	133	0.0300752
NODE_129137_length_1842_cov_3.545611	501	634	6	19	133	0.1428571
NODE_129137_length_1842_cov_3.545611	501	634	7	21	133	0.1578947
NODE_129137_length_1842_cov_3.545611	501	634	8	8	133	0.0601504
NODE_129137_length_1842_cov_3.545611	501	634	9	4	133	0.0300752
NODE_129137_length_1842_cov_3.545611	501	634	10	42	133	0.3157895
NODE_129137_length_1842_cov_3.545611	501	634	11	30	133	0.2255639
NODE_129137_length_1842_cov_3.545611	501	634	12	5	133	0.0375940
NODE_129179_length_1841_cov_5.067738	285	418	5	31	133	0.2330827
NODE_129179_length_1841_cov_5.067738	285	418	7	19	133	0.1428571
NODE_129179_length_1841_cov_5.067738	285	418	8	6	133	0.0451128
NODE_129179_length_1841_cov_5.067738	285	418	9	28	133	0.2105263
NODE_129179_length_1841_cov_5.067738	285	418	10	25	133	0.1879699
NODE_129179_length_1841_cov_5.067738	285	418	11	3	133	0.0225564
NODE_129179_length_1841_cov_5.067738	285	418	12	15	133	0.1127820
NODE_129179_length_1841_cov_5.067738	285	418	13	6	133	0.0451128
NODE_129232_length_1841_cov_3.193456	192	325	6	4	133	0.0300752
NODE_129232_length_1841_cov_3.193456	192	325	8	22	133	0.1654135
NODE_129232_length_1841_cov_3.193456	192	325	9	2	133	0.0150376
NODE_129232_length_1841_cov_3.193456	192	325	10	31	133	0.2330827
NODE_129232_length_1841_cov_3.193456	192	325	11	37	133	0.2781955
NODE_129232_length_1841_cov_3.193456	192	325	12	37	133	0.2781955
NODE_12924_length_6701_cov_4.490003	899	1032	7	4	133	0.0300752
NODE_12924_length_6701_cov_4.490003	899	1032	8	1	133	0.0075188
NODE_12924_length_6701_cov_4.490003	899	1032	9	6	133	0.0451128
NODE_12924_length_6701_cov_4.490003	899	1032	10	1	133	0.0075188
NODE_12924_length_6701_cov_4.490003	899	1032	11	6	133	0.0451128
NODE_12924_length_6701_cov_4.490003	899	1032	12	30	133	0.2255639
NODE_12924_length_6701_cov_4.490003	899	1032	13	26	133	0.1954887
NODE_12924_length_6701_cov_4.490003	899	1032	14	21	133	0.1578947
NODE_12924_length_6701_cov_4.490003	899	1032	15	7	133	0.0526316
NODE_12924_length_6701_cov_4.490003	899	1032	16	25	133	0.1879699
NODE_12924_length_6701_cov_4.490003	899	1032	17	6	133	0.0451128
NODE_129408_length_1839_cov_3.431609	1014	1147	8	8	133	0.0601504
NODE_129408_length_1839_cov_3.431609	1014	1147	9	12	133	0.0902256
NODE_129408_length_1839_cov_3.431609	1014	1147	11	30	133	0.2255639
NODE_129408_length_1839_cov_3.431609	1014	1147	12	9	133	0.0676692
NODE_129408_length_1839_cov_3.431609	1014	1147	13	28	133	0.2105263
NODE_129408_length_1839_cov_3.431609	1014	1147	14	12	133	0.0902256
NODE_129408_length_1839_cov_3.431609	1014	1147	15	13	133	0.0977444
NODE_129408_length_1839_cov_3.431609	1014	1147	16	12	133	0.0902256
NODE_129408_length_1839_cov_3.431609	1014	1147	17	4	133	0.0300752
NODE_129408_length_1839_cov_3.431609	1014	1147	18	5	133	0.0375940
NODE_1294_length_13898_cov_4.480832	786	919	9	4	133	0.0300752
NODE_1294_length_13898_cov_4.480832	786	919	10	2	133	0.0150376
NODE_1294_length_13898_cov_4.480832	786	919	11	22	133	0.1654135
NODE_1294_length_13898_cov_4.480832	786	919	12	20	133	0.1503759
NODE_1294_length_13898_cov_4.480832	786	919	13	62	133	0.4661654
NODE_1294_length_13898_cov_4.480832	786	919	14	23	133	0.1729323
NODE_12956_length_6694_cov_3.693707	1115	1248	10	4	133	0.0300752
NODE_12956_length_6694_cov_3.693707	1115	1248	11	3	133	0.0225564
NODE_12956_length_6694_cov_3.693707	1115	1248	12	11	133	0.0827068
NODE_12956_length_6694_cov_3.693707	1115	1248	13	13	133	0.0977444
NODE_12956_length_6694_cov_3.693707	1115	1248	14	6	133	0.0451128
NODE_12956_length_6694_cov_3.693707	1115	1248	16	5	133	0.0375940
NODE_12956_length_6694_cov_3.693707	1115	1248	17	4	133	0.0300752
NODE_12956_length_6694_cov_3.693707	1115	1248	18	35	133	0.2631579
NODE_12956_length_6694_cov_3.693707	1115	1248	19	20	133	0.1503759
NODE_12956_length_6694_cov_3.693707	1115	1248	20	32	133	0.2406015
NODE_129572_length_1837_cov_3.887802	1116	1249	2	4	133	0.0300752
NODE_129572_length_1837_cov_3.887802	1116	1249	3	36	133	0.2706767
NODE_129572_length_1837_cov_3.887802	1116	1249	4	30	133	0.2255639
NODE_129572_length_1837_cov_3.887802	1116	1249	5	63	133	0.4736842
NODE_129589_length_1837_cov_3.186421	1176	1309	7	5	133	0.0375940
NODE_129589_length_1837_cov_3.186421	1176	1309	8	4	133	0.0300752
NODE_129589_length_1837_cov_3.186421	1176	1309	10	2	133	0.0150376
NODE_129589_length_1837_cov_3.186421	1176	1309	12	10	133	0.0751880
NODE_129589_length_1837_cov_3.186421	1176	1309	15	8	133	0.0601504
NODE_129589_length_1837_cov_3.186421	1176	1309	16	10	133	0.0751880
NODE_129589_length_1837_cov_3.186421	1176	1309	18	14	133	0.1052632
NODE_129589_length_1837_cov_3.186421	1176	1309	19	12	133	0.0902256
NODE_129589_length_1837_cov_3.186421	1176	1309	20	33	133	0.2481203
NODE_129589_length_1837_cov_3.186421	1176	1309	21	5	133	0.0375940
NODE_129589_length_1837_cov_3.186421	1176	1309	22	30	133	0.2255639
NODE_129605_length_1837_cov_2.151323	1474	1607	14	3	133	0.0225564
NODE_129605_length_1837_cov_2.151323	1474	1607	15	9	133	0.0676692
NODE_129605_length_1837_cov_2.151323	1474	1607	16	13	133	0.0977444
NODE_129605_length_1837_cov_2.151323	1474	1607	17	16	133	0.1203008
NODE_129605_length_1837_cov_2.151323	1474	1607	19	3	133	0.0225564
NODE_129605_length_1837_cov_2.151323	1474	1607	20	1	133	0.0075188
NODE_129605_length_1837_cov_2.151323	1474	1607	21	11	133	0.0827068
NODE_129605_length_1837_cov_2.151323	1474	1607	22	13	133	0.0977444
NODE_129605_length_1837_cov_2.151323	1474	1607	23	15	133	0.1127820
NODE_129605_length_1837_cov_2.151323	1474	1607	24	15	133	0.1127820
NODE_129605_length_1837_cov_2.151323	1474	1607	25	21	133	0.1578947
NODE_129605_length_1837_cov_2.151323	1474	1607	26	8	133	0.0601504
NODE_129605_length_1837_cov_2.151323	1474	1607	27	5	133	0.0375940
NODE_12964_length_6692_cov_4.821022	4971	5104	7	1	133	0.0075188
NODE_12964_length_6692_cov_4.821022	4971	5104	8	3	133	0.0225564
NODE_12964_length_6692_cov_4.821022	4971	5104	9	5	133	0.0375940
NODE_12964_length_6692_cov_4.821022	4971	5104	10	10	133	0.0751880
NODE_12964_length_6692_cov_4.821022	4971	5104	11	5	133	0.0375940
NODE_12964_length_6692_cov_4.821022	4971	5104	12	33	133	0.2481203
NODE_12964_length_6692_cov_4.821022	4971	5104	13	16	133	0.1203008
NODE_12964_length_6692_cov_4.821022	4971	5104	14	60	133	0.4511278
NODE_1296_length_13895_cov_4.256234	10934	11067	22	1	133	0.0075188
NODE_1296_length_13895_cov_4.256234	10934	11067	26	5	133	0.0375940
NODE_1296_length_13895_cov_4.256234	10934	11067	27	3	133	0.0225564
NODE_1296_length_13895_cov_4.256234	10934	11067	28	2	133	0.0150376
NODE_1296_length_13895_cov_4.256234	10934	11067	32	3	133	0.0225564
NODE_1296_length_13895_cov_4.256234	10934	11067	33	2	133	0.0150376
NODE_1296_length_13895_cov_4.256234	10934	11067	37	2	133	0.0150376
NODE_1296_length_13895_cov_4.256234	10934	11067	38	1	133	0.0075188
NODE_1296_length_13895_cov_4.256234	10934	11067	39	1	133	0.0075188
NODE_1296_length_13895_cov_4.256234	10934	11067	40	6	133	0.0451128
NODE_1296_length_13895_cov_4.256234	10934	11067	41	3	133	0.0225564
NODE_1296_length_13895_cov_4.256234	10934	11067	42	8	133	0.0601504
NODE_1296_length_13895_cov_4.256234	10934	11067	43	16	133	0.1203008
NODE_1296_length_13895_cov_4.256234	10934	11067	45	9	133	0.0676692
NODE_1296_length_13895_cov_4.256234	10934	11067	46	1	133	0.0075188
NODE_1296_length_13895_cov_4.256234	10934	11067	47	7	133	0.0526316
NODE_1296_length_13895_cov_4.256234	10934	11067	48	2	133	0.0150376
NODE_1296_length_13895_cov_4.256234	10934	11067	49	14	133	0.1052632
NODE_1296_length_13895_cov_4.256234	10934	11067	50	4	133	0.0300752
NODE_1296_length_13895_cov_4.256234	10934	11067	51	19	133	0.1428571
NODE_1296_length_13895_cov_4.256234	10934	11067	52	15	133	0.1127820
NODE_1296_length_13895_cov_4.256234	10934	11067	53	3	133	0.0225564
NODE_1296_length_13895_cov_4.256234	10934	11067	54	5	133	0.0375940
NODE_1296_length_13895_cov_4.256234	10934	11067	55	1	133	0.0075188
NODE_129722_length_1835_cov_4.215438	503	636	1	3	133	0.0225564
NODE_129722_length_1835_cov_4.215438	503	636	2	2	133	0.0150376
NODE_129722_length_1835_cov_4.215438	503	636	3	25	133	0.1879699
NODE_129722_length_1835_cov_4.215438	503	636	4	28	133	0.2105263
NODE_129722_length_1835_cov_4.215438	503	636	5	16	133	0.1203008
NODE_129722_length_1835_cov_4.215438	503	636	6	39	133	0.2932331
NODE_129722_length_1835_cov_4.215438	503	636	7	20	133	0.1503759
NODE_129811_length_1834_cov_4.293948	1678	1811	24	3	133	0.0225564
NODE_129811_length_1834_cov_4.293948	1678	1811	25	13	133	0.0977444
NODE_129811_length_1834_cov_4.293948	1678	1811	26	4	133	0.0300752
NODE_129811_length_1834_cov_4.293948	1678	1811	27	4	133	0.0300752
NODE_129811_length_1834_cov_4.293948	1678	1811	28	4	133	0.0300752
NODE_129811_length_1834_cov_4.293948	1678	1811	29	2	133	0.0150376
NODE_129811_length_1834_cov_4.293948	1678	1811	30	15	133	0.1127820
NODE_129811_length_1834_cov_4.293948	1678	1811	31	17	133	0.1278196
NODE_129811_length_1834_cov_4.293948	1678	1811	32	3	133	0.0225564
NODE_129811_length_1834_cov_4.293948	1678	1811	33	9	133	0.0676692
NODE_129811_length_1834_cov_4.293948	1678	1811	34	10	133	0.0751880
NODE_129811_length_1834_cov_4.293948	1678	1811	35	1	133	0.0075188
NODE_129811_length_1834_cov_4.293948	1678	1811	36	2	133	0.0150376
NODE_129811_length_1834_cov_4.293948	1678	1811	37	9	133	0.0676692
NODE_129811_length_1834_cov_4.293948	1678	1811	38	12	133	0.0902256
NODE_129811_length_1834_cov_4.293948	1678	1811	39	2	133	0.0150376
NODE_129811_length_1834_cov_4.293948	1678	1811	40	8	133	0.0601504
NODE_129811_length_1834_cov_4.293948	1678	1811	41	9	133	0.0676692
NODE_129811_length_1834_cov_4.293948	1678	1811	42	6	133	0.0451128
NODE_129834_length_1834_cov_3.616138	1153	1286	5	15	133	0.1127820
NODE_129834_length_1834_cov_3.616138	1153	1286	7	1	133	0.0075188
NODE_129834_length_1834_cov_3.616138	1153	1286	8	1	133	0.0075188
NODE_129834_length_1834_cov_3.616138	1153	1286	10	8	133	0.0601504
NODE_129834_length_1834_cov_3.616138	1153	1286	11	24	133	0.1804511
NODE_129834_length_1834_cov_3.616138	1153	1286	13	2	133	0.0150376
NODE_129834_length_1834_cov_3.616138	1153	1286	29	2	133	0.0150376
NODE_129834_length_1834_cov_3.616138	1153	1286	30	7	133	0.0526316
NODE_129834_length_1834_cov_3.616138	1153	1286	31	5	133	0.0375940
NODE_129834_length_1834_cov_3.616138	1153	1286	32	3	133	0.0225564
NODE_129834_length_1834_cov_3.616138	1153	1286	33	1	133	0.0075188
NODE_129834_length_1834_cov_3.616138	1153	1286	35	1	133	0.0075188
NODE_129834_length_1834_cov_3.616138	1153	1286	37	2	133	0.0150376
NODE_129834_length_1834_cov_3.616138	1153	1286	38	12	133	0.0902256
NODE_129834_length_1834_cov_3.616138	1153	1286	39	12	133	0.0902256
NODE_129834_length_1834_cov_3.616138	1153	1286	40	15	133	0.1127820
NODE_129834_length_1834_cov_3.616138	1153	1286	41	11	133	0.0827068
NODE_129834_length_1834_cov_3.616138	1153	1286	42	4	133	0.0300752
NODE_129834_length_1834_cov_3.616138	1153	1286	43	7	133	0.0526316
NODE_129835_length_1834_cov_3.568876	102	235	6	25	133	0.1879699
NODE_129835_length_1834_cov_3.568876	102	235	7	8	133	0.0601504
NODE_129835_length_1834_cov_3.568876	102	235	8	2	133	0.0150376
NODE_129835_length_1834_cov_3.568876	102	235	9	6	133	0.0451128
NODE_129835_length_1834_cov_3.568876	102	235	11	19	133	0.1428571
NODE_129835_length_1834_cov_3.568876	102	235	13	9	133	0.0676692
NODE_129835_length_1834_cov_3.568876	102	235	14	51	133	0.3834586
NODE_129835_length_1834_cov_3.568876	102	235	15	12	133	0.0902256
NODE_129835_length_1834_cov_3.568876	102	235	16	1	133	0.0075188
NODE_129862_length_1834_cov_2.598847	1249	1382	5	11	133	0.0827068
NODE_129862_length_1834_cov_2.598847	1249	1382	8	25	133	0.1879699
NODE_129862_length_1834_cov_2.598847	1249	1382	10	5	133	0.0375940
NODE_129862_length_1834_cov_2.598847	1249	1382	11	35	133	0.2631579
NODE_129862_length_1834_cov_2.598847	1249	1382	12	43	133	0.3233083
NODE_129862_length_1834_cov_2.598847	1249	1382	13	14	133	0.1052632
NODE_12986_length_6687_cov_3.490134	2127	2260	7	4	133	0.0300752
NODE_12986_length_6687_cov_3.490134	2127	2260	8	8	133	0.0601504
NODE_12986_length_6687_cov_3.490134	2127	2260	9	12	133	0.0902256
NODE_12986_length_6687_cov_3.490134	2127	2260	10	4	133	0.0300752
NODE_12986_length_6687_cov_3.490134	2127	2260	11	4	133	0.0300752
NODE_12986_length_6687_cov_3.490134	2127	2260	13	8	133	0.0601504
NODE_12986_length_6687_cov_3.490134	2127	2260	14	2	133	0.0150376
NODE_12986_length_6687_cov_3.490134	2127	2260	16	6	133	0.0451128
NODE_12986_length_6687_cov_3.490134	2127	2260	17	1	133	0.0075188
NODE_12986_length_6687_cov_3.490134	2127	2260	18	8	133	0.0601504
NODE_12986_length_6687_cov_3.490134	2127	2260	19	7	133	0.0526316
NODE_12986_length_6687_cov_3.490134	2127	2260	20	26	133	0.1954887
NODE_12986_length_6687_cov_3.490134	2127	2260	21	43	133	0.3233083
NODE_129874_length_1833_cov_5.647059	1488	1621	4	1	133	0.0075188
NODE_129874_length_1833_cov_5.647059	1488	1621	5	25	133	0.1879699
NODE_129874_length_1833_cov_5.647059	1488	1621	6	22	133	0.1654135
NODE_129874_length_1833_cov_5.647059	1488	1621	7	48	133	0.3609022
NODE_129874_length_1833_cov_5.647059	1488	1621	8	21	133	0.1578947
NODE_129874_length_1833_cov_5.647059	1488	1621	9	16	133	0.1203008
NODE_129963_length_1832_cov_5.712637	1313	1446	0	18	133	0.1353384
NODE_129963_length_1832_cov_5.712637	1313	1446	2	84	133	0.6315789
NODE_129963_length_1832_cov_5.712637	1313	1446	3	10	133	0.0751880
NODE_129963_length_1832_cov_5.712637	1313	1446	4	21	133	0.1578947
NODE_1299_length_13892_cov_4.008555	6269	6402	13	4	133	0.0300752
NODE_1299_length_13892_cov_4.008555	6269	6402	14	14	133	0.1052632
NODE_1299_length_13892_cov_4.008555	6269	6402	17	2	133	0.0150376
NODE_1299_length_13892_cov_4.008555	6269	6402	18	1	133	0.0075188
NODE_1299_length_13892_cov_4.008555	6269	6402	19	2	133	0.0150376
NODE_1299_length_13892_cov_4.008555	6269	6402	22	10	133	0.0751880
NODE_1299_length_13892_cov_4.008555	6269	6402	25	7	133	0.0526316
NODE_1299_length_13892_cov_4.008555	6269	6402	26	7	133	0.0526316
NODE_1299_length_13892_cov_4.008555	6269	6402	28	1	133	0.0075188
NODE_1299_length_13892_cov_4.008555	6269	6402	29	5	133	0.0375940
NODE_1299_length_13892_cov_4.008555	6269	6402	31	1	133	0.0075188
NODE_1299_length_13892_cov_4.008555	6269	6402	33	3	133	0.0225564
NODE_1299_length_13892_cov_4.008555	6269	6402	34	2	133	0.0150376
NODE_1299_length_13892_cov_4.008555	6269	6402	35	19	133	0.1428571
NODE_1299_length_13892_cov_4.008555	6269	6402	36	9	133	0.0676692
NODE_1299_length_13892_cov_4.008555	6269	6402	37	8	133	0.0601504
NODE_1299_length_13892_cov_4.008555	6269	6402	38	14	133	0.1052632
NODE_1299_length_13892_cov_4.008555	6269	6402	39	6	133	0.0451128
NODE_1299_length_13892_cov_4.008555	6269	6402	40	4	133	0.0300752
NODE_1299_length_13892_cov_4.008555	6269	6402	41	5	133	0.0375940
NODE_1299_length_13892_cov_4.008555	6269	6402	42	9	133	0.0676692
NODE_13013_length_6682_cov_4.150843	1049	1182	22	1	133	0.0075188
NODE_13013_length_6682_cov_4.150843	1049	1182	24	1	133	0.0075188
NODE_13013_length_6682_cov_4.150843	1049	1182	25	10	133	0.0751880
NODE_13013_length_6682_cov_4.150843	1049	1182	26	2	133	0.0150376
NODE_13013_length_6682_cov_4.150843	1049	1182	27	12	133	0.0902256
NODE_13013_length_6682_cov_4.150843	1049	1182	28	2	133	0.0150376
NODE_13013_length_6682_cov_4.150843	1049	1182	32	3	133	0.0225564
NODE_13013_length_6682_cov_4.150843	1049	1182	33	1	133	0.0075188
NODE_13013_length_6682_cov_4.150843	1049	1182	34	2	133	0.0150376
NODE_13013_length_6682_cov_4.150843	1049	1182	35	6	133	0.0451128
NODE_13013_length_6682_cov_4.150843	1049	1182	36	6	133	0.0451128
NODE_13013_length_6682_cov_4.150843	1049	1182	38	14	133	0.1052632
NODE_13013_length_6682_cov_4.150843	1049	1182	39	9	133	0.0676692
NODE_13013_length_6682_cov_4.150843	1049	1182	40	14	133	0.1052632
NODE_13013_length_6682_cov_4.150843	1049	1182	42	19	133	0.1428571
NODE_13013_length_6682_cov_4.150843	1049	1182	43	3	133	0.0225564
NODE_13013_length_6682_cov_4.150843	1049	1182	44	2	133	0.0150376
NODE_13013_length_6682_cov_4.150843	1049	1182	45	26	133	0.1954887
NODE_13021_length_6680_cov_4.390974	6489	6622	4	2	133	0.0150376
NODE_13021_length_6680_cov_4.390974	6489	6622	5	11	133	0.0827068
NODE_13021_length_6680_cov_4.390974	6489	6622	7	3	133	0.0225564
NODE_13021_length_6680_cov_4.390974	6489	6622	8	8	133	0.0601504
NODE_13021_length_6680_cov_4.390974	6489	6622	10	27	133	0.2030075
NODE_13021_length_6680_cov_4.390974	6489	6622	12	8	133	0.0601504
NODE_13021_length_6680_cov_4.390974	6489	6622	13	6	133	0.0451128
NODE_13021_length_6680_cov_4.390974	6489	6622	14	1	133	0.0075188
NODE_13021_length_6680_cov_4.390974	6489	6622	16	55	133	0.4135338
NODE_13021_length_6680_cov_4.390974	6489	6622	17	5	133	0.0375940
NODE_13021_length_6680_cov_4.390974	6489	6622	18	7	133	0.0526316
NODE_130259_length_1829_cov_3.606358	1374	1507	4	47	133	0.3533835
NODE_130259_length_1829_cov_3.606358	1374	1507	5	28	133	0.2105263
NODE_130259_length_1829_cov_3.606358	1374	1507	6	28	133	0.2105263
NODE_130259_length_1829_cov_3.606358	1374	1507	7	30	133	0.2255639
NODE_130463_length_1827_cov_2.571759	108	241	2	51	133	0.3834586
NODE_130463_length_1827_cov_2.571759	108	241	4	21	133	0.1578947
NODE_130463_length_1827_cov_2.571759	108	241	5	37	133	0.2781955
NODE_130463_length_1827_cov_2.571759	108	241	6	24	133	0.1804511
NODE_1305_length_13873_cov_4.670466	5900	6033	22	3	133	0.0225564
NODE_1305_length_13873_cov_4.670466	5900	6033	23	2	133	0.0150376
NODE_1305_length_13873_cov_4.670466	5900	6033	24	2	133	0.0150376
NODE_1305_length_13873_cov_4.670466	5900	6033	25	2	133	0.0150376
NODE_1305_length_13873_cov_4.670466	5900	6033	26	3	133	0.0225564
NODE_1305_length_13873_cov_4.670466	5900	6033	27	5	133	0.0375940
NODE_1305_length_13873_cov_4.670466	5900	6033	28	2	133	0.0150376
NODE_1305_length_13873_cov_4.670466	5900	6033	29	15	133	0.1127820
NODE_1305_length_13873_cov_4.670466	5900	6033	32	1	133	0.0075188
NODE_1305_length_13873_cov_4.670466	5900	6033	33	9	133	0.0676692
NODE_1305_length_13873_cov_4.670466	5900	6033	34	6	133	0.0451128
NODE_1305_length_13873_cov_4.670466	5900	6033	35	17	133	0.1278196
NODE_1305_length_13873_cov_4.670466	5900	6033	36	9	133	0.0676692
NODE_1305_length_13873_cov_4.670466	5900	6033	37	6	133	0.0451128
NODE_1305_length_13873_cov_4.670466	5900	6033	38	6	133	0.0451128
NODE_1305_length_13873_cov_4.670466	5900	6033	39	2	133	0.0150376
NODE_1305_length_13873_cov_4.670466	5900	6033	41	6	133	0.0451128
NODE_1305_length_13873_cov_4.670466	5900	6033	42	4	133	0.0300752
NODE_1305_length_13873_cov_4.670466	5900	6033	43	3	133	0.0225564
NODE_1305_length_13873_cov_4.670466	5900	6033	44	13	133	0.0977444
NODE_1305_length_13873_cov_4.670466	5900	6033	45	3	133	0.0225564
NODE_1305_length_13873_cov_4.670466	5900	6033	46	5	133	0.0375940
NODE_1305_length_13873_cov_4.670466	5900	6033	47	6	133	0.0451128
NODE_1305_length_13873_cov_4.670466	5900	6033	48	3	133	0.0225564
NODE_130612_length_1825_cov_3.582271	902	1035	31	2	133	0.0150376
NODE_130612_length_1825_cov_3.582271	902	1035	32	9	133	0.0676692
NODE_130612_length_1825_cov_3.582271	902	1035	33	4	133	0.0300752
NODE_130612_length_1825_cov_3.582271	902	1035	34	2	133	0.0150376
NODE_130612_length_1825_cov_3.582271	902	1035	35	10	133	0.0751880
NODE_130612_length_1825_cov_3.582271	902	1035	38	1	133	0.0075188
NODE_130612_length_1825_cov_3.582271	902	1035	39	3	133	0.0225564
NODE_130612_length_1825_cov_3.582271	902	1035	40	1	133	0.0075188
NODE_130612_length_1825_cov_3.582271	902	1035	41	11	133	0.0827068
NODE_130612_length_1825_cov_3.582271	902	1035	42	7	133	0.0526316
NODE_130612_length_1825_cov_3.582271	902	1035	43	19	133	0.1428571
NODE_130612_length_1825_cov_3.582271	902	1035	44	13	133	0.0977444
NODE_130612_length_1825_cov_3.582271	902	1035	45	9	133	0.0676692
NODE_130612_length_1825_cov_3.582271	902	1035	46	4	133	0.0300752
NODE_130612_length_1825_cov_3.582271	902	1035	47	12	133	0.0902256
NODE_130612_length_1825_cov_3.582271	902	1035	48	8	133	0.0601504
NODE_130612_length_1825_cov_3.582271	902	1035	49	4	133	0.0300752
NODE_130612_length_1825_cov_3.582271	902	1035	50	6	133	0.0451128
NODE_130612_length_1825_cov_3.582271	902	1035	51	1	133	0.0075188
NODE_130612_length_1825_cov_3.582271	902	1035	52	7	133	0.0526316
NODE_130654_length_1825_cov_2.553882	1357	1490	19	5	133	0.0375940
NODE_130654_length_1825_cov_2.553882	1357	1490	20	13	133	0.0977444
NODE_130654_length_1825_cov_2.553882	1357	1490	21	6	133	0.0451128
NODE_130654_length_1825_cov_2.553882	1357	1490	22	11	133	0.0827068
NODE_130654_length_1825_cov_2.553882	1357	1490	23	11	133	0.0827068
NODE_130654_length_1825_cov_2.553882	1357	1490	24	7	133	0.0526316
NODE_130654_length_1825_cov_2.553882	1357	1490	25	3	133	0.0225564
NODE_130654_length_1825_cov_2.553882	1357	1490	26	3	133	0.0225564
NODE_130654_length_1825_cov_2.553882	1357	1490	27	18	133	0.1353384
NODE_130654_length_1825_cov_2.553882	1357	1490	28	21	133	0.1578947
NODE_130654_length_1825_cov_2.553882	1357	1490	29	7	133	0.0526316
NODE_130654_length_1825_cov_2.553882	1357	1490	30	7	133	0.0526316
NODE_130654_length_1825_cov_2.553882	1357	1490	32	16	133	0.1203008
NODE_130654_length_1825_cov_2.553882	1357	1490	33	5	133	0.0375940
NODE_130698_length_1824_cov_4.088696	360	493	0	88	133	0.6616541
NODE_130698_length_1824_cov_4.088696	360	493	1	35	133	0.2631579
NODE_130698_length_1824_cov_4.088696	360	493	2	10	133	0.0751880
NODE_13072_length_6669_cov_18.702740	4417	4550	36	2	133	0.0150376
NODE_13072_length_6669_cov_18.702740	4417	4550	37	2	133	0.0150376
NODE_13072_length_6669_cov_18.702740	4417	4550	39	2	133	0.0150376
NODE_13072_length_6669_cov_18.702740	4417	4550	40	7	133	0.0526316
NODE_13072_length_6669_cov_18.702740	4417	4550	41	1	133	0.0075188
NODE_13072_length_6669_cov_18.702740	4417	4550	42	1	133	0.0075188
NODE_13072_length_6669_cov_18.702740	4417	4550	43	2	133	0.0150376
NODE_13072_length_6669_cov_18.702740	4417	4550	44	3	133	0.0225564
NODE_13072_length_6669_cov_18.702740	4417	4550	48	9	133	0.0676692
NODE_13072_length_6669_cov_18.702740	4417	4550	49	2	133	0.0150376
NODE_13072_length_6669_cov_18.702740	4417	4550	52	2	133	0.0150376
NODE_13072_length_6669_cov_18.702740	4417	4550	54	4	133	0.0300752
NODE_13072_length_6669_cov_18.702740	4417	4550	56	18	133	0.1353384
NODE_13072_length_6669_cov_18.702740	4417	4550	57	9	133	0.0676692
NODE_13072_length_6669_cov_18.702740	4417	4550	58	7	133	0.0526316
NODE_13072_length_6669_cov_18.702740	4417	4550	59	9	133	0.0676692
NODE_13072_length_6669_cov_18.702740	4417	4550	60	12	133	0.0902256
NODE_13072_length_6669_cov_18.702740	4417	4550	61	12	133	0.0902256
NODE_13072_length_6669_cov_18.702740	4417	4550	62	7	133	0.0526316
NODE_13072_length_6669_cov_18.702740	4417	4550	63	3	133	0.0225564
NODE_13072_length_6669_cov_18.702740	4417	4550	64	5	133	0.0375940
NODE_13072_length_6669_cov_18.702740	4417	4550	65	8	133	0.0601504
NODE_13072_length_6669_cov_18.702740	4417	4550	66	1	133	0.0075188
NODE_13072_length_6669_cov_18.702740	4417	4550	67	5	133	0.0375940
NODE_13085_length_6667_cov_4.310140	4721	4854	50	1	133	0.0075188
NODE_13085_length_6667_cov_4.310140	4721	4854	51	4	133	0.0300752
NODE_13085_length_6667_cov_4.310140	4721	4854	53	3	133	0.0225564
NODE_13085_length_6667_cov_4.310140	4721	4854	54	7	133	0.0526316
NODE_13085_length_6667_cov_4.310140	4721	4854	55	3	133	0.0225564
NODE_13085_length_6667_cov_4.310140	4721	4854	57	1	133	0.0075188
NODE_13085_length_6667_cov_4.310140	4721	4854	59	2	133	0.0150376
NODE_13085_length_6667_cov_4.310140	4721	4854	60	8	133	0.0601504
NODE_13085_length_6667_cov_4.310140	4721	4854	61	10	133	0.0751880
NODE_13085_length_6667_cov_4.310140	4721	4854	62	10	133	0.0751880
NODE_13085_length_6667_cov_4.310140	4721	4854	63	3	133	0.0225564
NODE_13085_length_6667_cov_4.310140	4721	4854	64	1	133	0.0075188
NODE_13085_length_6667_cov_4.310140	4721	4854	65	5	133	0.0375940
NODE_13085_length_6667_cov_4.310140	4721	4854	66	1	133	0.0075188
NODE_13085_length_6667_cov_4.310140	4721	4854	67	9	133	0.0676692
NODE_13085_length_6667_cov_4.310140	4721	4854	68	12	133	0.0902256
NODE_13085_length_6667_cov_4.310140	4721	4854	69	7	133	0.0526316
NODE_13085_length_6667_cov_4.310140	4721	4854	70	27	133	0.2030075
NODE_13085_length_6667_cov_4.310140	4721	4854	71	12	133	0.0902256
NODE_13085_length_6667_cov_4.310140	4721	4854	72	7	133	0.0526316
NODE_130861_length_1822_cov_4.947766	1315	1448	2	65	133	0.4887218
NODE_130861_length_1822_cov_4.947766	1315	1448	3	8	133	0.0601504
NODE_130861_length_1822_cov_4.947766	1315	1448	4	30	133	0.2255639
NODE_130861_length_1822_cov_4.947766	1315	1448	5	30	133	0.2255639
NODE_130883_length_1822_cov_4.089379	779	912	11	13	133	0.0977444
NODE_130883_length_1822_cov_4.089379	779	912	12	6	133	0.0451128
NODE_130883_length_1822_cov_4.089379	779	912	14	6	133	0.0451128
NODE_130883_length_1822_cov_4.089379	779	912	18	2	133	0.0150376
NODE_130883_length_1822_cov_4.089379	779	912	19	15	133	0.1127820
NODE_130883_length_1822_cov_4.089379	779	912	20	14	133	0.1052632
NODE_130883_length_1822_cov_4.089379	779	912	21	23	133	0.1729323
NODE_130883_length_1822_cov_4.089379	779	912	22	25	133	0.1879699
NODE_130883_length_1822_cov_4.089379	779	912	23	16	133	0.1203008
NODE_130883_length_1822_cov_4.089379	779	912	24	13	133	0.0977444
NODE_13090_length_6666_cov_4.969088	4998	5131	16	16	133	0.1203008
NODE_13090_length_6666_cov_4.969088	4998	5131	17	15	133	0.1127820
NODE_13090_length_6666_cov_4.969088	4998	5131	18	30	133	0.2255639
NODE_13090_length_6666_cov_4.969088	4998	5131	19	4	133	0.0300752
NODE_13090_length_6666_cov_4.969088	4998	5131	20	8	133	0.0601504
NODE_13090_length_6666_cov_4.969088	4998	5131	21	22	133	0.1654135
NODE_13090_length_6666_cov_4.969088	4998	5131	22	29	133	0.2180451
NODE_13090_length_6666_cov_4.969088	4998	5131	23	9	133	0.0676692
NODE_130915_length_1822_cov_3.106210	301	434	16	3	133	0.0225564
NODE_130915_length_1822_cov_3.106210	301	434	17	8	133	0.0601504
NODE_130915_length_1822_cov_3.106210	301	434	18	1	133	0.0075188
NODE_130915_length_1822_cov_3.106210	301	434	20	8	133	0.0601504
NODE_130915_length_1822_cov_3.106210	301	434	21	3	133	0.0225564
NODE_130915_length_1822_cov_3.106210	301	434	22	2	133	0.0150376
NODE_130915_length_1822_cov_3.106210	301	434	23	15	133	0.1127820
NODE_130915_length_1822_cov_3.106210	301	434	24	3	133	0.0225564
NODE_130915_length_1822_cov_3.106210	301	434	25	14	133	0.1052632
NODE_130915_length_1822_cov_3.106210	301	434	26	18	133	0.1353384
NODE_130915_length_1822_cov_3.106210	301	434	27	12	133	0.0902256
NODE_130915_length_1822_cov_3.106210	301	434	29	5	133	0.0375940
NODE_130915_length_1822_cov_3.106210	301	434	30	34	133	0.2556391
NODE_130915_length_1822_cov_3.106210	301	434	31	3	133	0.0225564
NODE_130915_length_1822_cov_3.106210	301	434	32	4	133	0.0300752
NODE_13095_length_6666_cov_3.603015	1640	1773	12	1	133	0.0075188
NODE_13095_length_6666_cov_3.603015	1640	1773	13	2	133	0.0150376
NODE_13095_length_6666_cov_3.603015	1640	1773	14	6	133	0.0451128
NODE_13095_length_6666_cov_3.603015	1640	1773	16	2	133	0.0150376
NODE_13095_length_6666_cov_3.603015	1640	1773	17	24	133	0.1804511
NODE_13095_length_6666_cov_3.603015	1640	1773	18	31	133	0.2330827
NODE_13095_length_6666_cov_3.603015	1640	1773	19	30	133	0.2255639
NODE_13095_length_6666_cov_3.603015	1640	1773	20	34	133	0.2556391
NODE_13095_length_6666_cov_3.603015	1640	1773	21	3	133	0.0225564
NODE_131082_length_1820_cov_4.610110	1536	1669	5	28	133	0.2105263
NODE_131082_length_1820_cov_4.610110	1536	1669	6	2	133	0.0150376
NODE_131082_length_1820_cov_4.610110	1536	1669	7	3	133	0.0225564
NODE_131082_length_1820_cov_4.610110	1536	1669	9	3	133	0.0225564
NODE_131082_length_1820_cov_4.610110	1536	1669	10	14	133	0.1052632
NODE_131082_length_1820_cov_4.610110	1536	1669	11	28	133	0.2105263
NODE_131082_length_1820_cov_4.610110	1536	1669	12	34	133	0.2556391
NODE_131082_length_1820_cov_4.610110	1536	1669	13	21	133	0.1578947
NODE_131085_length_1820_cov_4.478210	139	272	1	1	133	0.0075188
NODE_131085_length_1820_cov_4.478210	139	272	2	3	133	0.0225564
NODE_131085_length_1820_cov_4.478210	139	272	4	3	133	0.0225564
NODE_131085_length_1820_cov_4.478210	139	272	5	29	133	0.2180451
NODE_131085_length_1820_cov_4.478210	139	272	7	97	133	0.7293233
NODE_13119_length_6661_cov_4.703139	5439	5572	0	1	133	0.0075188
NODE_13119_length_6661_cov_4.703139	5439	5572	1	1	133	0.0075188
NODE_13119_length_6661_cov_4.703139	5439	5572	6	1	133	0.0075188
NODE_13119_length_6661_cov_4.703139	5439	5572	7	9	133	0.0676692
NODE_13119_length_6661_cov_4.703139	5439	5572	8	8	133	0.0601504
NODE_13119_length_6661_cov_4.703139	5439	5572	11	4	133	0.0300752
NODE_13119_length_6661_cov_4.703139	5439	5572	12	8	133	0.0601504
NODE_13119_length_6661_cov_4.703139	5439	5572	15	1	133	0.0075188
NODE_13119_length_6661_cov_4.703139	5439	5572	16	14	133	0.1052632
NODE_13119_length_6661_cov_4.703139	5439	5572	17	5	133	0.0375940
NODE_13119_length_6661_cov_4.703139	5439	5572	18	60	133	0.4511278
NODE_13119_length_6661_cov_4.703139	5439	5572	19	21	133	0.1578947
NODE_1311_length_13859_cov_5.931177	2312	2445	18	3	133	0.0225564
NODE_1311_length_13859_cov_5.931177	2312	2445	20	4	133	0.0300752
NODE_1311_length_13859_cov_5.931177	2312	2445	22	1	133	0.0075188
NODE_1311_length_13859_cov_5.931177	2312	2445	23	4	133	0.0300752
NODE_1311_length_13859_cov_5.931177	2312	2445	24	17	133	0.1278196
NODE_1311_length_13859_cov_5.931177	2312	2445	25	1	133	0.0075188
NODE_1311_length_13859_cov_5.931177	2312	2445	26	22	133	0.1654135
NODE_1311_length_13859_cov_5.931177	2312	2445	27	22	133	0.1654135
NODE_1311_length_13859_cov_5.931177	2312	2445	28	3	133	0.0225564
NODE_1311_length_13859_cov_5.931177	2312	2445	29	9	133	0.0676692
NODE_1311_length_13859_cov_5.931177	2312	2445	30	9	133	0.0676692
NODE_1311_length_13859_cov_5.931177	2312	2445	31	9	133	0.0676692
NODE_1311_length_13859_cov_5.931177	2312	2445	32	19	133	0.1428571
NODE_1311_length_13859_cov_5.931177	2312	2445	33	10	133	0.0751880
NODE_131213_length_1819_cov_3.187791	1517	1650	21	11	133	0.0827068
NODE_131213_length_1819_cov_3.187791	1517	1650	22	4	133	0.0300752
NODE_131213_length_1819_cov_3.187791	1517	1650	23	9	133	0.0676692
NODE_131213_length_1819_cov_3.187791	1517	1650	24	24	133	0.1804511
NODE_131213_length_1819_cov_3.187791	1517	1650	25	1	133	0.0075188
NODE_131213_length_1819_cov_3.187791	1517	1650	26	12	133	0.0902256
NODE_131213_length_1819_cov_3.187791	1517	1650	28	55	133	0.4135338
NODE_131213_length_1819_cov_3.187791	1517	1650	29	10	133	0.0751880
NODE_131213_length_1819_cov_3.187791	1517	1650	30	7	133	0.0526316
NODE_131220_length_1819_cov_2.860465	1307	1440	12	7	133	0.0526316
NODE_131220_length_1819_cov_2.860465	1307	1440	13	3	133	0.0225564
NODE_131220_length_1819_cov_2.860465	1307	1440	15	2	133	0.0150376
NODE_131220_length_1819_cov_2.860465	1307	1440	16	5	133	0.0375940
NODE_131220_length_1819_cov_2.860465	1307	1440	18	1	133	0.0075188
NODE_131220_length_1819_cov_2.860465	1307	1440	19	1	133	0.0075188
NODE_131220_length_1819_cov_2.860465	1307	1440	20	11	133	0.0827068
NODE_131220_length_1819_cov_2.860465	1307	1440	21	6	133	0.0451128
NODE_131220_length_1819_cov_2.860465	1307	1440	22	11	133	0.0827068
NODE_131220_length_1819_cov_2.860465	1307	1440	23	13	133	0.0977444
NODE_131220_length_1819_cov_2.860465	1307	1440	24	10	133	0.0751880
NODE_131220_length_1819_cov_2.860465	1307	1440	25	2	133	0.0150376
NODE_131220_length_1819_cov_2.860465	1307	1440	26	43	133	0.3233083
NODE_131220_length_1819_cov_2.860465	1307	1440	27	14	133	0.1052632
NODE_131220_length_1819_cov_2.860465	1307	1440	28	4	133	0.0300752
NODE_13124_length_6660_cov_10.975156	3096	3229	10	7	133	0.0526316
NODE_13124_length_6660_cov_10.975156	3096	3229	11	14	133	0.1052632
NODE_13124_length_6660_cov_10.975156	3096	3229	12	71	133	0.5338346
NODE_13124_length_6660_cov_10.975156	3096	3229	13	23	133	0.1729323
NODE_13124_length_6660_cov_10.975156	3096	3229	14	18	133	0.1353384
NODE_131331_length_1817_cov_4.991269	329	462	1	1	133	0.0075188
NODE_131331_length_1817_cov_4.991269	329	462	2	28	133	0.2105263
NODE_131331_length_1817_cov_4.991269	329	462	3	40	133	0.3007519
NODE_131331_length_1817_cov_4.991269	329	462	4	22	133	0.1654135
NODE_131331_length_1817_cov_4.991269	329	462	5	29	133	0.2180451
NODE_131331_length_1817_cov_4.991269	329	462	6	13	133	0.0977444
NODE_13133_length_6660_cov_3.940558	6345	6478	16	1	133	0.0075188
NODE_13133_length_6660_cov_3.940558	6345	6478	19	5	133	0.0375940
NODE_13133_length_6660_cov_3.940558	6345	6478	20	4	133	0.0300752
NODE_13133_length_6660_cov_3.940558	6345	6478	21	4	133	0.0300752
NODE_13133_length_6660_cov_3.940558	6345	6478	22	4	133	0.0300752
NODE_13133_length_6660_cov_3.940558	6345	6478	23	9	133	0.0676692
NODE_13133_length_6660_cov_3.940558	6345	6478	24	12	133	0.0902256
NODE_13133_length_6660_cov_3.940558	6345	6478	25	4	133	0.0300752
NODE_13133_length_6660_cov_3.940558	6345	6478	26	16	133	0.1203008
NODE_13133_length_6660_cov_3.940558	6345	6478	27	1	133	0.0075188
NODE_13133_length_6660_cov_3.940558	6345	6478	28	5	133	0.0375940
NODE_13133_length_6660_cov_3.940558	6345	6478	29	11	133	0.0827068
NODE_13133_length_6660_cov_3.940558	6345	6478	30	27	133	0.2030075
NODE_13133_length_6660_cov_3.940558	6345	6478	31	5	133	0.0375940
NODE_13133_length_6660_cov_3.940558	6345	6478	32	14	133	0.1052632
NODE_13133_length_6660_cov_3.940558	6345	6478	33	11	133	0.0827068
NODE_13145_length_6657_cov_6.414151	3617	3750	10	6	133	0.0451128
NODE_13145_length_6657_cov_6.414151	3617	3750	12	6	133	0.0451128
NODE_13145_length_6657_cov_6.414151	3617	3750	13	34	133	0.2556391
NODE_13145_length_6657_cov_6.414151	3617	3750	14	5	133	0.0375940
NODE_13145_length_6657_cov_6.414151	3617	3750	15	28	133	0.2105263
NODE_13145_length_6657_cov_6.414151	3617	3750	17	19	133	0.1428571
NODE_13145_length_6657_cov_6.414151	3617	3750	18	6	133	0.0451128
NODE_13145_length_6657_cov_6.414151	3617	3750	19	8	133	0.0601504
NODE_13145_length_6657_cov_6.414151	3617	3750	20	7	133	0.0526316
NODE_13145_length_6657_cov_6.414151	3617	3750	21	2	133	0.0150376
NODE_13145_length_6657_cov_6.414151	3617	3750	22	2	133	0.0150376
NODE_13145_length_6657_cov_6.414151	3617	3750	24	6	133	0.0451128
NODE_13145_length_6657_cov_6.414151	3617	3750	26	4	133	0.0300752
NODE_13156_length_6654_cov_5.487567	3370	3503	5	8	133	0.0601504
NODE_13156_length_6654_cov_5.487567	3370	3503	7	18	133	0.1353384
NODE_13156_length_6654_cov_5.487567	3370	3503	8	11	133	0.0827068
NODE_13156_length_6654_cov_5.487567	3370	3503	9	9	133	0.0676692
NODE_13156_length_6654_cov_5.487567	3370	3503	10	17	133	0.1278196
NODE_13156_length_6654_cov_5.487567	3370	3503	11	6	133	0.0451128
NODE_13156_length_6654_cov_5.487567	3370	3503	13	49	133	0.3684210
NODE_13156_length_6654_cov_5.487567	3370	3503	14	15	133	0.1127820
NODE_131757_length_1812_cov_6.048453	125	258	33	1	133	0.0075188
NODE_131757_length_1812_cov_6.048453	125	258	34	2	133	0.0150376
NODE_131757_length_1812_cov_6.048453	125	258	35	4	133	0.0300752
NODE_131757_length_1812_cov_6.048453	125	258	37	1	133	0.0075188
NODE_131757_length_1812_cov_6.048453	125	258	39	4	133	0.0300752
NODE_131757_length_1812_cov_6.048453	125	258	40	1	133	0.0075188
NODE_131757_length_1812_cov_6.048453	125	258	41	4	133	0.0300752
NODE_131757_length_1812_cov_6.048453	125	258	42	9	133	0.0676692
NODE_131757_length_1812_cov_6.048453	125	258	44	8	133	0.0601504
NODE_131757_length_1812_cov_6.048453	125	258	45	13	133	0.0977444
NODE_131757_length_1812_cov_6.048453	125	258	46	8	133	0.0601504
NODE_131757_length_1812_cov_6.048453	125	258	47	7	133	0.0526316
NODE_131757_length_1812_cov_6.048453	125	258	48	3	133	0.0225564
NODE_131757_length_1812_cov_6.048453	125	258	49	9	133	0.0676692
NODE_131757_length_1812_cov_6.048453	125	258	50	6	133	0.0451128
NODE_131757_length_1812_cov_6.048453	125	258	51	3	133	0.0225564
NODE_131757_length_1812_cov_6.048453	125	258	52	11	133	0.0827068
NODE_131757_length_1812_cov_6.048453	125	258	53	14	133	0.1052632
NODE_131757_length_1812_cov_6.048453	125	258	54	9	133	0.0676692
NODE_131757_length_1812_cov_6.048453	125	258	55	6	133	0.0451128
NODE_131757_length_1812_cov_6.048453	125	258	56	10	133	0.0751880
NODE_131784_length_1812_cov_3.979568	145	278	12	2	133	0.0150376
NODE_131784_length_1812_cov_3.979568	145	278	14	13	133	0.0977444
NODE_131784_length_1812_cov_3.979568	145	278	15	9	133	0.0676692
NODE_131784_length_1812_cov_3.979568	145	278	16	2	133	0.0150376
NODE_131784_length_1812_cov_3.979568	145	278	17	14	133	0.1052632
NODE_131784_length_1812_cov_3.979568	145	278	18	12	133	0.0902256
NODE_131784_length_1812_cov_3.979568	145	278	19	22	133	0.1654135
NODE_131784_length_1812_cov_3.979568	145	278	20	30	133	0.2255639
NODE_131784_length_1812_cov_3.979568	145	278	21	8	133	0.0601504
NODE_131784_length_1812_cov_3.979568	145	278	22	5	133	0.0375940
NODE_131784_length_1812_cov_3.979568	145	278	23	12	133	0.0902256
NODE_131784_length_1812_cov_3.979568	145	278	24	4	133	0.0300752
NODE_131837_length_1811_cov_8.042640	1240	1373	13	9	133	0.0676692
NODE_131837_length_1811_cov_8.042640	1240	1373	14	8	133	0.0601504
NODE_131837_length_1811_cov_8.042640	1240	1373	15	5	133	0.0375940
NODE_131837_length_1811_cov_8.042640	1240	1373	16	35	133	0.2631579
NODE_131837_length_1811_cov_8.042640	1240	1373	17	11	133	0.0827068
NODE_131837_length_1811_cov_8.042640	1240	1373	18	5	133	0.0375940
NODE_131837_length_1811_cov_8.042640	1240	1373	19	12	133	0.0902256
NODE_131837_length_1811_cov_8.042640	1240	1373	20	16	133	0.1203008
NODE_131837_length_1811_cov_8.042640	1240	1373	21	32	133	0.2406015
NODE_131894_length_1811_cov_3.614486	1456	1589	8	10	133	0.0751880
NODE_131894_length_1811_cov_3.614486	1456	1589	9	11	133	0.0827068
NODE_131894_length_1811_cov_3.614486	1456	1589	11	1	133	0.0075188
NODE_131894_length_1811_cov_3.614486	1456	1589	13	1	133	0.0075188
NODE_131894_length_1811_cov_3.614486	1456	1589	14	11	133	0.0827068
NODE_131894_length_1811_cov_3.614486	1456	1589	15	11	133	0.0827068
NODE_131894_length_1811_cov_3.614486	1456	1589	16	4	133	0.0300752
NODE_131894_length_1811_cov_3.614486	1456	1589	17	11	133	0.0827068
NODE_131894_length_1811_cov_3.614486	1456	1589	18	7	133	0.0526316
NODE_131894_length_1811_cov_3.614486	1456	1589	19	4	133	0.0300752
NODE_131894_length_1811_cov_3.614486	1456	1589	20	17	133	0.1278196
NODE_131894_length_1811_cov_3.614486	1456	1589	21	1	133	0.0075188
NODE_131894_length_1811_cov_3.614486	1456	1589	22	10	133	0.0751880
NODE_131894_length_1811_cov_3.614486	1456	1589	23	8	133	0.0601504
NODE_131894_length_1811_cov_3.614486	1456	1589	24	10	133	0.0751880
NODE_131894_length_1811_cov_3.614486	1456	1589	25	1	133	0.0075188
NODE_131894_length_1811_cov_3.614486	1456	1589	26	15	133	0.1127820
NODE_131918_length_1811_cov_3.122079	214	347	9	14	133	0.1052632
NODE_131918_length_1811_cov_3.122079	214	347	10	6	133	0.0451128
NODE_131918_length_1811_cov_3.122079	214	347	11	28	133	0.2105263
NODE_131918_length_1811_cov_3.122079	214	347	12	26	133	0.1954887
NODE_131918_length_1811_cov_3.122079	214	347	13	38	133	0.2857143
NODE_131918_length_1811_cov_3.122079	214	347	14	21	133	0.1578947
NODE_13192_length_6648_cov_3.370744	1438	1571	3	2	133	0.0150376
NODE_13192_length_6648_cov_3.370744	1438	1571	4	17	133	0.1278196
NODE_13192_length_6648_cov_3.370744	1438	1571	6	13	133	0.0977444
NODE_13192_length_6648_cov_3.370744	1438	1571	7	4	133	0.0300752
NODE_13192_length_6648_cov_3.370744	1438	1571	8	6	133	0.0451128
NODE_13192_length_6648_cov_3.370744	1438	1571	9	2	133	0.0150376
NODE_13192_length_6648_cov_3.370744	1438	1571	10	2	133	0.0150376
NODE_13192_length_6648_cov_3.370744	1438	1571	11	16	133	0.1203008
NODE_13192_length_6648_cov_3.370744	1438	1571	12	8	133	0.0601504
NODE_13192_length_6648_cov_3.370744	1438	1571	13	1	133	0.0075188
NODE_13192_length_6648_cov_3.370744	1438	1571	14	10	133	0.0751880
NODE_13192_length_6648_cov_3.370744	1438	1571	15	2	133	0.0150376
NODE_13192_length_6648_cov_3.370744	1438	1571	16	5	133	0.0375940
NODE_13192_length_6648_cov_3.370744	1438	1571	17	11	133	0.0827068
NODE_13192_length_6648_cov_3.370744	1438	1571	18	2	133	0.0150376
NODE_13192_length_6648_cov_3.370744	1438	1571	19	4	133	0.0300752
NODE_13192_length_6648_cov_3.370744	1438	1571	20	7	133	0.0526316
NODE_13192_length_6648_cov_3.370744	1438	1571	21	9	133	0.0676692
NODE_13192_length_6648_cov_3.370744	1438	1571	22	8	133	0.0601504
NODE_13192_length_6648_cov_3.370744	1438	1571	23	4	133	0.0300752
NODE_13204_length_6645_cov_3.606630	5223	5356	3	85	133	0.6390978
NODE_13204_length_6645_cov_3.606630	5223	5356	4	35	133	0.2631579
NODE_13204_length_6645_cov_3.606630	5223	5356	5	13	133	0.0977444
NODE_132067_length_1809_cov_4.207602	1318	1451	17	2	133	0.0150376
NODE_132067_length_1809_cov_4.207602	1318	1451	18	27	133	0.2030075
NODE_132067_length_1809_cov_4.207602	1318	1451	19	25	133	0.1879699
NODE_132067_length_1809_cov_4.207602	1318	1451	20	9	133	0.0676692
NODE_132067_length_1809_cov_4.207602	1318	1451	22	3	133	0.0225564
NODE_132067_length_1809_cov_4.207602	1318	1451	24	4	133	0.0300752
NODE_132067_length_1809_cov_4.207602	1318	1451	25	7	133	0.0526316
NODE_132067_length_1809_cov_4.207602	1318	1451	26	7	133	0.0526316
NODE_132067_length_1809_cov_4.207602	1318	1451	27	3	133	0.0225564
NODE_132067_length_1809_cov_4.207602	1318	1451	28	1	133	0.0075188
NODE_132067_length_1809_cov_4.207602	1318	1451	29	3	133	0.0225564
NODE_132067_length_1809_cov_4.207602	1318	1451	30	6	133	0.0451128
NODE_132067_length_1809_cov_4.207602	1318	1451	31	10	133	0.0751880
NODE_132067_length_1809_cov_4.207602	1318	1451	32	1	133	0.0075188
NODE_132067_length_1809_cov_4.207602	1318	1451	33	5	133	0.0375940
NODE_132067_length_1809_cov_4.207602	1318	1451	34	5	133	0.0375940
NODE_132067_length_1809_cov_4.207602	1318	1451	35	15	133	0.1127820
NODE_13212_length_6643_cov_4.389059	3858	3991	2	25	133	0.1879699
NODE_13212_length_6643_cov_4.389059	3858	3991	3	62	133	0.4661654
NODE_13212_length_6643_cov_4.389059	3858	3991	4	46	133	0.3458647
NODE_132218_length_1807_cov_5.231850	1037	1170	9	2	133	0.0150376
NODE_132218_length_1807_cov_5.231850	1037	1170	10	31	133	0.2330827
NODE_132218_length_1807_cov_5.231850	1037	1170	11	15	133	0.1127820
NODE_132218_length_1807_cov_5.231850	1037	1170	12	3	133	0.0225564
NODE_132218_length_1807_cov_5.231850	1037	1170	13	3	133	0.0225564
NODE_132218_length_1807_cov_5.231850	1037	1170	14	2	133	0.0150376
NODE_132218_length_1807_cov_5.231850	1037	1170	15	4	133	0.0300752
NODE_132218_length_1807_cov_5.231850	1037	1170	16	2	133	0.0150376
NODE_132218_length_1807_cov_5.231850	1037	1170	17	7	133	0.0526316
NODE_132218_length_1807_cov_5.231850	1037	1170	18	5	133	0.0375940
NODE_132218_length_1807_cov_5.231850	1037	1170	19	8	133	0.0601504
NODE_132218_length_1807_cov_5.231850	1037	1170	20	12	133	0.0902256
NODE_132218_length_1807_cov_5.231850	1037	1170	21	28	133	0.2105263
NODE_132218_length_1807_cov_5.231850	1037	1170	22	11	133	0.0827068
NODE_132229_length_1807_cov_4.621194	356	489	1	25	133	0.1879699
NODE_132229_length_1807_cov_4.621194	356	489	2	43	133	0.3233083
NODE_132229_length_1807_cov_4.621194	356	489	3	33	133	0.2481203
NODE_132229_length_1807_cov_4.621194	356	489	4	32	133	0.2406015
NODE_132238_length_1807_cov_4.296838	198	331	13	10	133	0.0751880
NODE_132238_length_1807_cov_4.296838	198	331	14	43	133	0.3233083
NODE_132238_length_1807_cov_4.296838	198	331	15	21	133	0.1578947
NODE_132238_length_1807_cov_4.296838	198	331	16	10	133	0.0751880
NODE_132238_length_1807_cov_4.296838	198	331	17	32	133	0.2406015
NODE_132238_length_1807_cov_4.296838	198	331	18	17	133	0.1278196
NODE_132338_length_1806_cov_4.333919	502	635	0	1	133	0.0075188
NODE_132338_length_1806_cov_4.333919	502	635	1	19	133	0.1428571
NODE_132338_length_1806_cov_4.333919	502	635	2	9	133	0.0676692
NODE_132338_length_1806_cov_4.333919	502	635	4	4	133	0.0300752
NODE_132338_length_1806_cov_4.333919	502	635	5	14	133	0.1052632
NODE_132338_length_1806_cov_4.333919	502	635	6	5	133	0.0375940
NODE_132338_length_1806_cov_4.333919	502	635	7	14	133	0.1052632
NODE_132338_length_1806_cov_4.333919	502	635	8	4	133	0.0300752
NODE_132338_length_1806_cov_4.333919	502	635	9	63	133	0.4736842
NODE_13237_length_6637_cov_5.510095	3958	4091	5	49	133	0.3684210
NODE_13237_length_6637_cov_5.510095	3958	4091	6	44	133	0.3308271
NODE_13237_length_6637_cov_5.510095	3958	4091	7	40	133	0.3007519
NODE_132414_length_1805_cov_5.757913	1500	1633	5	14	133	0.1052632
NODE_132414_length_1805_cov_5.757913	1500	1633	7	3	133	0.0225564
NODE_132414_length_1805_cov_5.757913	1500	1633	8	35	133	0.2631579
NODE_132414_length_1805_cov_5.757913	1500	1633	9	18	133	0.1353384
NODE_132414_length_1805_cov_5.757913	1500	1633	11	39	133	0.2932331
NODE_132414_length_1805_cov_5.757913	1500	1633	12	17	133	0.1278196
NODE_132414_length_1805_cov_5.757913	1500	1633	13	7	133	0.0526316
NODE_132416_length_1805_cov_5.515240	1102	1235	14	24	133	0.1804511
NODE_132416_length_1805_cov_5.515240	1102	1235	15	10	133	0.0751880
NODE_132416_length_1805_cov_5.515240	1102	1235	16	10	133	0.0751880
NODE_132416_length_1805_cov_5.515240	1102	1235	17	4	133	0.0300752
NODE_132416_length_1805_cov_5.515240	1102	1235	18	10	133	0.0751880
NODE_132416_length_1805_cov_5.515240	1102	1235	19	9	133	0.0676692
NODE_132416_length_1805_cov_5.515240	1102	1235	20	4	133	0.0300752
NODE_132416_length_1805_cov_5.515240	1102	1235	21	33	133	0.2481203
NODE_132416_length_1805_cov_5.515240	1102	1235	22	5	133	0.0375940
NODE_132416_length_1805_cov_5.515240	1102	1235	23	24	133	0.1804511
NODE_13243_length_6637_cov_3.656011	367	500	26	10	133	0.0751880
NODE_13243_length_6637_cov_3.656011	367	500	27	1	133	0.0075188
NODE_13243_length_6637_cov_3.656011	367	500	30	3	133	0.0225564
NODE_13243_length_6637_cov_3.656011	367	500	31	4	133	0.0300752
NODE_13243_length_6637_cov_3.656011	367	500	32	4	133	0.0300752
NODE_13243_length_6637_cov_3.656011	367	500	33	12	133	0.0902256
NODE_13243_length_6637_cov_3.656011	367	500	34	7	133	0.0526316
NODE_13243_length_6637_cov_3.656011	367	500	35	9	133	0.0676692
NODE_13243_length_6637_cov_3.656011	367	500	36	4	133	0.0300752
NODE_13243_length_6637_cov_3.656011	367	500	37	6	133	0.0451128
NODE_13243_length_6637_cov_3.656011	367	500	38	13	133	0.0977444
NODE_13243_length_6637_cov_3.656011	367	500	39	1	133	0.0075188
NODE_13243_length_6637_cov_3.656011	367	500	40	1	133	0.0075188
NODE_13243_length_6637_cov_3.656011	367	500	41	6	133	0.0451128
NODE_13243_length_6637_cov_3.656011	367	500	42	4	133	0.0300752
NODE_13243_length_6637_cov_3.656011	367	500	43	19	133	0.1428571
NODE_13243_length_6637_cov_3.656011	367	500	44	10	133	0.0751880
NODE_13243_length_6637_cov_3.656011	367	500	45	18	133	0.1353384
NODE_13243_length_6637_cov_3.656011	367	500	46	1	133	0.0075188
NODE_132448_length_1805_cov_4.334701	461	594	4	1	133	0.0075188
NODE_132448_length_1805_cov_4.334701	461	594	5	7	133	0.0526316
NODE_132448_length_1805_cov_4.334701	461	594	7	5	133	0.0375940
NODE_132448_length_1805_cov_4.334701	461	594	9	17	133	0.1278196
NODE_132448_length_1805_cov_4.334701	461	594	10	5	133	0.0375940
NODE_132448_length_1805_cov_4.334701	461	594	11	18	133	0.1353384
NODE_132448_length_1805_cov_4.334701	461	594	12	3	133	0.0225564
NODE_132448_length_1805_cov_4.334701	461	594	13	8	133	0.0601504
NODE_132448_length_1805_cov_4.334701	461	594	15	4	133	0.0300752
NODE_132448_length_1805_cov_4.334701	461	594	16	1	133	0.0075188
NODE_132448_length_1805_cov_4.334701	461	594	17	2	133	0.0150376
NODE_132448_length_1805_cov_4.334701	461	594	18	6	133	0.0451128
NODE_132448_length_1805_cov_4.334701	461	594	19	16	133	0.1203008
NODE_132448_length_1805_cov_4.334701	461	594	20	3	133	0.0225564
NODE_132448_length_1805_cov_4.334701	461	594	21	1	133	0.0075188
NODE_132448_length_1805_cov_4.334701	461	594	22	5	133	0.0375940
NODE_132448_length_1805_cov_4.334701	461	594	23	1	133	0.0075188
NODE_132448_length_1805_cov_4.334701	461	594	24	5	133	0.0375940
NODE_132448_length_1805_cov_4.334701	461	594	25	1	133	0.0075188
NODE_132448_length_1805_cov_4.334701	461	594	26	4	133	0.0300752
NODE_132448_length_1805_cov_4.334701	461	594	27	1	133	0.0075188
NODE_132448_length_1805_cov_4.334701	461	594	28	5	133	0.0375940
NODE_132448_length_1805_cov_4.334701	461	594	29	1	133	0.0075188
NODE_132448_length_1805_cov_4.334701	461	594	30	3	133	0.0225564
NODE_132448_length_1805_cov_4.334701	461	594	31	4	133	0.0300752
NODE_132448_length_1805_cov_4.334701	461	594	32	2	133	0.0150376
NODE_132448_length_1805_cov_4.334701	461	594	33	4	133	0.0300752
NODE_13247_length_6636_cov_3.296619	527	660	6	1	133	0.0075188
NODE_13247_length_6636_cov_3.296619	527	660	7	1	133	0.0075188
NODE_13247_length_6636_cov_3.296619	527	660	8	30	133	0.2255639
NODE_13247_length_6636_cov_3.296619	527	660	9	3	133	0.0225564
NODE_13247_length_6636_cov_3.296619	527	660	10	8	133	0.0601504
NODE_13247_length_6636_cov_3.296619	527	660	11	56	133	0.4210526
NODE_13247_length_6636_cov_3.296619	527	660	12	34	133	0.2556391
NODE_132555_length_1804_cov_4.083284	661	794	13	7	133	0.0526316
NODE_132555_length_1804_cov_4.083284	661	794	14	7	133	0.0526316
NODE_132555_length_1804_cov_4.083284	661	794	15	11	133	0.0827068
NODE_132555_length_1804_cov_4.083284	661	794	18	20	133	0.1503759
NODE_132555_length_1804_cov_4.083284	661	794	19	10	133	0.0751880
NODE_132555_length_1804_cov_4.083284	661	794	20	29	133	0.2180451
NODE_132555_length_1804_cov_4.083284	661	794	21	16	133	0.1203008
NODE_132555_length_1804_cov_4.083284	661	794	22	25	133	0.1879699
NODE_132555_length_1804_cov_4.083284	661	794	23	8	133	0.0601504
NODE_132564_length_1804_cov_3.867449	1020	1153	3	1	133	0.0075188
NODE_132564_length_1804_cov_3.867449	1020	1153	4	58	133	0.4360902
NODE_132564_length_1804_cov_3.867449	1020	1153	5	7	133	0.0526316
NODE_132564_length_1804_cov_3.867449	1020	1153	6	32	133	0.2406015
NODE_132564_length_1804_cov_3.867449	1020	1153	8	8	133	0.0601504
NODE_132564_length_1804_cov_3.867449	1020	1153	9	2	133	0.0150376
NODE_132564_length_1804_cov_3.867449	1020	1153	10	11	133	0.0827068
NODE_132564_length_1804_cov_3.867449	1020	1153	11	14	133	0.1052632
NODE_13259_length_6633_cov_3.986226	1142	1275	3	51	133	0.3834586
NODE_13259_length_6633_cov_3.986226	1142	1275	4	25	133	0.1879699
NODE_13259_length_6633_cov_3.986226	1142	1275	5	36	133	0.2706767
NODE_13259_length_6633_cov_3.986226	1142	1275	6	2	133	0.0150376
NODE_13259_length_6633_cov_3.986226	1142	1275	7	19	133	0.1428571
NODE_132624_length_1803_cov_4.938380	1133	1266	12	22	133	0.1654135
NODE_132624_length_1803_cov_4.938380	1133	1266	13	11	133	0.0827068
NODE_132624_length_1803_cov_4.938380	1133	1266	14	55	133	0.4135338
NODE_132624_length_1803_cov_4.938380	1133	1266	15	17	133	0.1278196
NODE_132624_length_1803_cov_4.938380	1133	1266	16	14	133	0.1052632
NODE_132624_length_1803_cov_4.938380	1133	1266	17	6	133	0.0451128
NODE_132624_length_1803_cov_4.938380	1133	1266	18	8	133	0.0601504
NODE_132658_length_1803_cov_3.845657	724	857	3	18	133	0.1353384
NODE_132658_length_1803_cov_3.845657	724	857	4	12	133	0.0902256
NODE_132658_length_1803_cov_3.845657	724	857	5	48	133	0.3609022
NODE_132658_length_1803_cov_3.845657	724	857	6	55	133	0.4135338
NODE_132676_length_1803_cov_3.255282	1368	1501	13	22	133	0.1654135
NODE_132676_length_1803_cov_3.255282	1368	1501	14	9	133	0.0676692
NODE_132676_length_1803_cov_3.255282	1368	1501	15	3	133	0.0225564
NODE_132676_length_1803_cov_3.255282	1368	1501	16	11	133	0.0827068
NODE_132676_length_1803_cov_3.255282	1368	1501	17	14	133	0.1052632
NODE_132676_length_1803_cov_3.255282	1368	1501	18	3	133	0.0225564
NODE_132676_length_1803_cov_3.255282	1368	1501	20	12	133	0.0902256
NODE_132676_length_1803_cov_3.255282	1368	1501	21	24	133	0.1804511
NODE_132676_length_1803_cov_3.255282	1368	1501	22	7	133	0.0526316
NODE_132676_length_1803_cov_3.255282	1368	1501	24	16	133	0.1203008
NODE_132676_length_1803_cov_3.255282	1368	1501	25	11	133	0.0827068
NODE_132676_length_1803_cov_3.255282	1368	1501	26	1	133	0.0075188
NODE_132681_length_1803_cov_3.075117	1388	1521	9	10	133	0.0751880
NODE_132681_length_1803_cov_3.075117	1388	1521	10	1	133	0.0075188
NODE_132681_length_1803_cov_3.075117	1388	1521	11	16	133	0.1203008
NODE_132681_length_1803_cov_3.075117	1388	1521	12	18	133	0.1353384
NODE_132681_length_1803_cov_3.075117	1388	1521	14	5	133	0.0375940
NODE_132681_length_1803_cov_3.075117	1388	1521	15	6	133	0.0451128
NODE_132681_length_1803_cov_3.075117	1388	1521	16	29	133	0.2180451
NODE_132681_length_1803_cov_3.075117	1388	1521	17	38	133	0.2857143
NODE_132681_length_1803_cov_3.075117	1388	1521	18	9	133	0.0676692
NODE_132681_length_1803_cov_3.075117	1388	1521	19	1	133	0.0075188
NODE_13271_length_6630_cov_5.172102	657	790	4	20	133	0.1503759
NODE_13271_length_6630_cov_5.172102	657	790	5	9	133	0.0676692
NODE_13271_length_6630_cov_5.172102	657	790	7	20	133	0.1503759
NODE_13271_length_6630_cov_5.172102	657	790	8	1	133	0.0075188
NODE_13271_length_6630_cov_5.172102	657	790	9	1	133	0.0075188
NODE_13271_length_6630_cov_5.172102	657	790	10	9	133	0.0676692
NODE_13271_length_6630_cov_5.172102	657	790	11	16	133	0.1203008
NODE_13271_length_6630_cov_5.172102	657	790	12	8	133	0.0601504
NODE_13271_length_6630_cov_5.172102	657	790	13	3	133	0.0225564
NODE_13271_length_6630_cov_5.172102	657	790	14	31	133	0.2330827
NODE_13271_length_6630_cov_5.172102	657	790	15	15	133	0.1127820
NODE_13272_length_6630_cov_4.267340	5937	6070	6	3	133	0.0225564
NODE_13272_length_6630_cov_4.267340	5937	6070	7	6	133	0.0451128
NODE_13272_length_6630_cov_4.267340	5937	6070	8	1	133	0.0075188
NODE_13272_length_6630_cov_4.267340	5937	6070	9	1	133	0.0075188
NODE_13272_length_6630_cov_4.267340	5937	6070	10	16	133	0.1203008
NODE_13272_length_6630_cov_4.267340	5937	6070	11	15	133	0.1127820
NODE_13272_length_6630_cov_4.267340	5937	6070	12	1	133	0.0075188
NODE_13272_length_6630_cov_4.267340	5937	6070	13	6	133	0.0451128
NODE_13272_length_6630_cov_4.267340	5937	6070	15	4	133	0.0300752
NODE_13272_length_6630_cov_4.267340	5937	6070	16	37	133	0.2781955
NODE_13272_length_6630_cov_4.267340	5937	6070	17	34	133	0.2556391
NODE_13272_length_6630_cov_4.267340	5937	6070	18	9	133	0.0676692
NODE_132731_length_1802_cov_4.189078	1435	1568	1	70	133	0.5263158
NODE_132731_length_1802_cov_4.189078	1435	1568	2	15	133	0.1127820
NODE_132731_length_1802_cov_4.189078	1435	1568	3	48	133	0.3609022
NODE_132743_length_1802_cov_3.940106	621	754	8	1	133	0.0075188
NODE_132743_length_1802_cov_3.940106	621	754	9	7	133	0.0526316
NODE_132743_length_1802_cov_3.940106	621	754	11	14	133	0.1052632
NODE_132743_length_1802_cov_3.940106	621	754	12	21	133	0.1578947
NODE_132743_length_1802_cov_3.940106	621	754	13	61	133	0.4586466
NODE_132743_length_1802_cov_3.940106	621	754	14	17	133	0.1278196
NODE_132743_length_1802_cov_3.940106	621	754	15	12	133	0.0902256
NODE_132790_length_1802_cov_2.647681	460	593	5	8	133	0.0601504
NODE_132790_length_1802_cov_2.647681	460	593	6	15	133	0.1127820
NODE_132790_length_1802_cov_2.647681	460	593	7	21	133	0.1578947
NODE_132790_length_1802_cov_2.647681	460	593	8	17	133	0.1278196
NODE_132790_length_1802_cov_2.647681	460	593	9	8	133	0.0601504
NODE_132790_length_1802_cov_2.647681	460	593	10	21	133	0.1578947
NODE_132790_length_1802_cov_2.647681	460	593	11	23	133	0.1729323
NODE_132790_length_1802_cov_2.647681	460	593	12	16	133	0.1203008
NODE_132790_length_1802_cov_2.647681	460	593	13	4	133	0.0300752
NODE_1327_length_13830_cov_5.519627	7928	8061	4	5	133	0.0375940
NODE_1327_length_13830_cov_5.519627	7928	8061	5	12	133	0.0902256
NODE_1327_length_13830_cov_5.519627	7928	8061	6	25	133	0.1879699
NODE_1327_length_13830_cov_5.519627	7928	8061	7	1	133	0.0075188
NODE_1327_length_13830_cov_5.519627	7928	8061	8	2	133	0.0150376
NODE_1327_length_13830_cov_5.519627	7928	8061	9	4	133	0.0300752
NODE_1327_length_13830_cov_5.519627	7928	8061	10	9	133	0.0676692
NODE_1327_length_13830_cov_5.519627	7928	8061	11	26	133	0.1954887
NODE_1327_length_13830_cov_5.519627	7928	8061	12	6	133	0.0451128
NODE_1327_length_13830_cov_5.519627	7928	8061	14	2	133	0.0150376
NODE_1327_length_13830_cov_5.519627	7928	8061	16	4	133	0.0300752
NODE_1327_length_13830_cov_5.519627	7928	8061	17	2	133	0.0150376
NODE_1327_length_13830_cov_5.519627	7928	8061	18	7	133	0.0526316
NODE_1327_length_13830_cov_5.519627	7928	8061	19	5	133	0.0375940
NODE_1327_length_13830_cov_5.519627	7928	8061	21	2	133	0.0150376
NODE_1327_length_13830_cov_5.519627	7928	8061	22	1	133	0.0075188
NODE_1327_length_13830_cov_5.519627	7928	8061	23	3	133	0.0225564
NODE_1327_length_13830_cov_5.519627	7928	8061	24	2	133	0.0150376
NODE_1327_length_13830_cov_5.519627	7928	8061	26	10	133	0.0751880
NODE_1327_length_13830_cov_5.519627	7928	8061	27	5	133	0.0375940
NODE_13280_length_6628_cov_4.383826	3999	4132	11	7	133	0.0526316
NODE_13280_length_6628_cov_4.383826	3999	4132	12	38	133	0.2857143
NODE_13280_length_6628_cov_4.383826	3999	4132	13	13	133	0.0977444
NODE_13280_length_6628_cov_4.383826	3999	4132	14	6	133	0.0451128
NODE_13280_length_6628_cov_4.383826	3999	4132	15	14	133	0.1052632
NODE_13280_length_6628_cov_4.383826	3999	4132	16	5	133	0.0375940
NODE_13280_length_6628_cov_4.383826	3999	4132	17	23	133	0.1729323
NODE_13280_length_6628_cov_4.383826	3999	4132	18	18	133	0.1353384
NODE_13280_length_6628_cov_4.383826	3999	4132	19	9	133	0.0676692
NODE_13302_length_6622_cov_3.705810	1323	1456	11	22	133	0.1654135
NODE_13302_length_6622_cov_3.705810	1323	1456	12	58	133	0.4360902
NODE_13302_length_6622_cov_3.705810	1323	1456	13	21	133	0.1578947
NODE_13302_length_6622_cov_3.705810	1323	1456	14	4	133	0.0300752
NODE_13302_length_6622_cov_3.705810	1323	1456	15	28	133	0.2105263
NODE_133040_length_1799_cov_2.666471	140	273	8	2	133	0.0150376
NODE_133040_length_1799_cov_2.666471	140	273	9	2	133	0.0150376
NODE_133040_length_1799_cov_2.666471	140	273	11	1	133	0.0075188
NODE_133040_length_1799_cov_2.666471	140	273	12	13	133	0.0977444
NODE_133040_length_1799_cov_2.666471	140	273	13	4	133	0.0300752
NODE_133040_length_1799_cov_2.666471	140	273	14	20	133	0.1503759
NODE_133040_length_1799_cov_2.666471	140	273	15	8	133	0.0601504
NODE_133040_length_1799_cov_2.666471	140	273	16	32	133	0.2406015
NODE_133040_length_1799_cov_2.666471	140	273	17	33	133	0.2481203
NODE_133040_length_1799_cov_2.666471	140	273	18	18	133	0.1353384
NODE_13306_length_6620_cov_4.751879	2502	2635	11	20	133	0.1503759
NODE_13306_length_6620_cov_4.751879	2502	2635	12	32	133	0.2406015
NODE_13306_length_6620_cov_4.751879	2502	2635	13	13	133	0.0977444
NODE_13306_length_6620_cov_4.751879	2502	2635	15	15	133	0.1127820
NODE_13306_length_6620_cov_4.751879	2502	2635	16	6	133	0.0451128
NODE_13306_length_6620_cov_4.751879	2502	2635	17	38	133	0.2857143
NODE_13306_length_6620_cov_4.751879	2502	2635	18	9	133	0.0676692
NODE_13315_length_6618_cov_4.850284	874	1007	13	11	133	0.0827068
NODE_13315_length_6618_cov_4.850284	874	1007	14	10	133	0.0751880
NODE_13315_length_6618_cov_4.850284	874	1007	15	2	133	0.0150376
NODE_13315_length_6618_cov_4.850284	874	1007	16	13	133	0.0977444
NODE_13315_length_6618_cov_4.850284	874	1007	18	5	133	0.0375940
NODE_13315_length_6618_cov_4.850284	874	1007	19	8	133	0.0601504
NODE_13315_length_6618_cov_4.850284	874	1007	20	9	133	0.0676692
NODE_13315_length_6618_cov_4.850284	874	1007	22	35	133	0.2631579
NODE_13315_length_6618_cov_4.850284	874	1007	23	36	133	0.2706767
NODE_13315_length_6618_cov_4.850284	874	1007	24	4	133	0.0300752
NODE_133270_length_1796_cov_3.071892	361	494	7	19	133	0.1428571
NODE_133270_length_1796_cov_3.071892	361	494	8	22	133	0.1654135
NODE_133270_length_1796_cov_3.071892	361	494	9	44	133	0.3308271
NODE_133270_length_1796_cov_3.071892	361	494	10	36	133	0.2706767
NODE_133270_length_1796_cov_3.071892	361	494	11	12	133	0.0902256
NODE_13339_length_6614_cov_4.284881	4203	4336	15	4	133	0.0300752
NODE_13339_length_6614_cov_4.284881	4203	4336	17	2	133	0.0150376
NODE_13339_length_6614_cov_4.284881	4203	4336	18	3	133	0.0225564
NODE_13339_length_6614_cov_4.284881	4203	4336	19	12	133	0.0902256
NODE_13339_length_6614_cov_4.284881	4203	4336	20	6	133	0.0451128
NODE_13339_length_6614_cov_4.284881	4203	4336	21	4	133	0.0300752
NODE_13339_length_6614_cov_4.284881	4203	4336	23	21	133	0.1578947
NODE_13339_length_6614_cov_4.284881	4203	4336	24	17	133	0.1278196
NODE_13339_length_6614_cov_4.284881	4203	4336	25	9	133	0.0676692
NODE_13339_length_6614_cov_4.284881	4203	4336	26	19	133	0.1428571
NODE_13339_length_6614_cov_4.284881	4203	4336	27	4	133	0.0300752
NODE_13339_length_6614_cov_4.284881	4203	4336	28	29	133	0.2180451
NODE_13339_length_6614_cov_4.284881	4203	4336	29	3	133	0.0225564
NODE_133464_length_1794_cov_2.693805	493	626	5	8	133	0.0601504
NODE_133464_length_1794_cov_2.693805	493	626	6	1	133	0.0075188
NODE_133464_length_1794_cov_2.693805	493	626	7	2	133	0.0150376
NODE_133464_length_1794_cov_2.693805	493	626	8	9	133	0.0676692
NODE_133464_length_1794_cov_2.693805	493	626	9	19	133	0.1428571
NODE_133464_length_1794_cov_2.693805	493	626	10	2	133	0.0150376
NODE_133464_length_1794_cov_2.693805	493	626	11	24	133	0.1804511
NODE_133464_length_1794_cov_2.693805	493	626	12	17	133	0.1278196
NODE_133464_length_1794_cov_2.693805	493	626	13	29	133	0.2180451
NODE_133464_length_1794_cov_2.693805	493	626	14	21	133	0.1578947
NODE_133464_length_1794_cov_2.693805	493	626	15	1	133	0.0075188
NODE_133506_length_1793_cov_4.180047	1521	1654	3	3	133	0.0225564
NODE_133506_length_1793_cov_4.180047	1521	1654	4	16	133	0.1203008
NODE_133506_length_1793_cov_4.180047	1521	1654	5	1	133	0.0075188
NODE_133506_length_1793_cov_4.180047	1521	1654	6	32	133	0.2406015
NODE_133506_length_1793_cov_4.180047	1521	1654	7	40	133	0.3007519
NODE_133506_length_1793_cov_4.180047	1521	1654	8	41	133	0.3082707
NODE_133539_length_1793_cov_3.220189	213	346	0	133	133	1.0000000
NODE_133586_length_1792_cov_4.320142	1150	1283	7	1	133	0.0075188
NODE_133586_length_1792_cov_4.320142	1150	1283	8	5	133	0.0375940
NODE_133586_length_1792_cov_4.320142	1150	1283	9	6	133	0.0451128
NODE_133586_length_1792_cov_4.320142	1150	1283	10	23	133	0.1729323
NODE_133586_length_1792_cov_4.320142	1150	1283	11	44	133	0.3308271
NODE_133586_length_1792_cov_4.320142	1150	1283	12	22	133	0.1654135
NODE_133586_length_1792_cov_4.320142	1150	1283	13	30	133	0.2255639
NODE_133586_length_1792_cov_4.320142	1150	1283	14	2	133	0.0150376
NODE_13362_length_6610_cov_4.322070	3842	3975	6	7	133	0.0526316
NODE_13362_length_6610_cov_4.322070	3842	3975	7	17	133	0.1278196
NODE_13362_length_6610_cov_4.322070	3842	3975	9	20	133	0.1503759
NODE_13362_length_6610_cov_4.322070	3842	3975	11	9	133	0.0676692
NODE_13362_length_6610_cov_4.322070	3842	3975	12	35	133	0.2631579
NODE_13362_length_6610_cov_4.322070	3842	3975	13	30	133	0.2255639
NODE_13362_length_6610_cov_4.322070	3842	3975	14	10	133	0.0751880
NODE_13362_length_6610_cov_4.322070	3842	3975	15	5	133	0.0375940
NODE_133868_length_1789_cov_4.750296	148	281	16	7	133	0.0526316
NODE_133868_length_1789_cov_4.750296	148	281	17	2	133	0.0150376
NODE_133868_length_1789_cov_4.750296	148	281	20	15	133	0.1127820
NODE_133868_length_1789_cov_4.750296	148	281	21	2	133	0.0150376
NODE_133868_length_1789_cov_4.750296	148	281	22	4	133	0.0300752
NODE_133868_length_1789_cov_4.750296	148	281	23	2	133	0.0150376
NODE_133868_length_1789_cov_4.750296	148	281	24	1	133	0.0075188
NODE_133868_length_1789_cov_4.750296	148	281	25	19	133	0.1428571
NODE_133868_length_1789_cov_4.750296	148	281	27	20	133	0.1503759
NODE_133868_length_1789_cov_4.750296	148	281	28	11	133	0.0827068
NODE_133868_length_1789_cov_4.750296	148	281	29	1	133	0.0075188
NODE_133868_length_1789_cov_4.750296	148	281	30	2	133	0.0150376
NODE_133868_length_1789_cov_4.750296	148	281	32	10	133	0.0751880
NODE_133868_length_1789_cov_4.750296	148	281	33	23	133	0.1729323
NODE_133868_length_1789_cov_4.750296	148	281	34	13	133	0.0977444
NODE_133868_length_1789_cov_4.750296	148	281	35	1	133	0.0075188
NODE_133880_length_1789_cov_4.328402	118	251	13	3	133	0.0225564
NODE_133880_length_1789_cov_4.328402	118	251	15	1	133	0.0075188
NODE_133880_length_1789_cov_4.328402	118	251	16	10	133	0.0751880
NODE_133880_length_1789_cov_4.328402	118	251	17	9	133	0.0676692
NODE_133880_length_1789_cov_4.328402	118	251	18	25	133	0.1879699
NODE_133880_length_1789_cov_4.328402	118	251	19	41	133	0.3082707
NODE_133880_length_1789_cov_4.328402	118	251	20	35	133	0.2631579
NODE_133880_length_1789_cov_4.328402	118	251	21	9	133	0.0676692
NODE_133946_length_1788_cov_5.154529	454	587	4	11	133	0.0827068
NODE_133946_length_1788_cov_5.154529	454	587	6	8	133	0.0601504
NODE_133946_length_1788_cov_5.154529	454	587	7	2	133	0.0150376
NODE_133946_length_1788_cov_5.154529	454	587	8	6	133	0.0451128
NODE_133946_length_1788_cov_5.154529	454	587	9	4	133	0.0300752
NODE_133946_length_1788_cov_5.154529	454	587	10	24	133	0.1804511
NODE_133946_length_1788_cov_5.154529	454	587	11	23	133	0.1729323
NODE_133946_length_1788_cov_5.154529	454	587	12	55	133	0.4135338
NODE_13398_length_6603_cov_3.445264	6054	6187	6	1	133	0.0075188
NODE_13398_length_6603_cov_3.445264	6054	6187	7	4	133	0.0300752
NODE_13398_length_6603_cov_3.445264	6054	6187	8	17	133	0.1278196
NODE_13398_length_6603_cov_3.445264	6054	6187	9	8	133	0.0601504
NODE_13398_length_6603_cov_3.445264	6054	6187	11	5	133	0.0375940
NODE_13398_length_6603_cov_3.445264	6054	6187	13	1	133	0.0075188
NODE_13398_length_6603_cov_3.445264	6054	6187	14	21	133	0.1578947
NODE_13398_length_6603_cov_3.445264	6054	6187	15	5	133	0.0375940
NODE_13398_length_6603_cov_3.445264	6054	6187	16	7	133	0.0526316
NODE_13398_length_6603_cov_3.445264	6054	6187	17	5	133	0.0375940
NODE_13398_length_6603_cov_3.445264	6054	6187	19	29	133	0.2180451
NODE_13398_length_6603_cov_3.445264	6054	6187	20	18	133	0.1353384
NODE_13398_length_6603_cov_3.445264	6054	6187	21	12	133	0.0902256
NODE_1339_length_13800_cov_7.719583	6389	6522	7	17	133	0.1278196
NODE_1339_length_13800_cov_7.719583	6389	6522	8	14	133	0.1052632
NODE_1339_length_13800_cov_7.719583	6389	6522	10	19	133	0.1428571
NODE_1339_length_13800_cov_7.719583	6389	6522	11	5	133	0.0375940
NODE_1339_length_13800_cov_7.719583	6389	6522	12	3	133	0.0225564
NODE_1339_length_13800_cov_7.719583	6389	6522	13	12	133	0.0902256
NODE_1339_length_13800_cov_7.719583	6389	6522	14	3	133	0.0225564
NODE_1339_length_13800_cov_7.719583	6389	6522	15	11	133	0.0827068
NODE_1339_length_13800_cov_7.719583	6389	6522	16	20	133	0.1503759
NODE_1339_length_13800_cov_7.719583	6389	6522	17	1	133	0.0075188
NODE_1339_length_13800_cov_7.719583	6389	6522	18	9	133	0.0676692
NODE_1339_length_13800_cov_7.719583	6389	6522	19	9	133	0.0676692
NODE_1339_length_13800_cov_7.719583	6389	6522	20	10	133	0.0751880
NODE_134032_length_1787_cov_5.042062	893	1026	8	5	133	0.0375940
NODE_134032_length_1787_cov_5.042062	893	1026	9	12	133	0.0902256
NODE_134032_length_1787_cov_5.042062	893	1026	10	10	133	0.0751880
NODE_134032_length_1787_cov_5.042062	893	1026	11	9	133	0.0676692
NODE_134032_length_1787_cov_5.042062	893	1026	12	9	133	0.0676692
NODE_134032_length_1787_cov_5.042062	893	1026	13	8	133	0.0601504
NODE_134032_length_1787_cov_5.042062	893	1026	14	23	133	0.1729323
NODE_134032_length_1787_cov_5.042062	893	1026	15	15	133	0.1127820
NODE_134032_length_1787_cov_5.042062	893	1026	16	42	133	0.3157895
NODE_1340_length_13800_cov_7.361215	3730	3863	21	14	133	0.1052632
NODE_1340_length_13800_cov_7.361215	3730	3863	22	10	133	0.0751880
NODE_1340_length_13800_cov_7.361215	3730	3863	23	16	133	0.1203008
NODE_1340_length_13800_cov_7.361215	3730	3863	24	31	133	0.2330827
NODE_1340_length_13800_cov_7.361215	3730	3863	25	37	133	0.2781955
NODE_1340_length_13800_cov_7.361215	3730	3863	26	20	133	0.1503759
NODE_1340_length_13800_cov_7.361215	3730	3863	27	5	133	0.0375940
NODE_134108_length_1786_cov_5.524600	945	1078	23	4	133	0.0300752
NODE_134108_length_1786_cov_5.524600	945	1078	24	1	133	0.0075188
NODE_134108_length_1786_cov_5.524600	945	1078	25	10	133	0.0751880
NODE_134108_length_1786_cov_5.524600	945	1078	26	7	133	0.0526316
NODE_134108_length_1786_cov_5.524600	945	1078	28	3	133	0.0225564
NODE_134108_length_1786_cov_5.524600	945	1078	29	11	133	0.0827068
NODE_134108_length_1786_cov_5.524600	945	1078	30	2	133	0.0150376
NODE_134108_length_1786_cov_5.524600	945	1078	31	6	133	0.0451128
NODE_134108_length_1786_cov_5.524600	945	1078	32	5	133	0.0375940
NODE_134108_length_1786_cov_5.524600	945	1078	33	12	133	0.0902256
NODE_134108_length_1786_cov_5.524600	945	1078	34	1	133	0.0075188
NODE_134108_length_1786_cov_5.524600	945	1078	35	13	133	0.0977444
NODE_134108_length_1786_cov_5.524600	945	1078	36	2	133	0.0150376
NODE_134108_length_1786_cov_5.524600	945	1078	37	6	133	0.0451128
NODE_134108_length_1786_cov_5.524600	945	1078	38	2	133	0.0150376
NODE_134108_length_1786_cov_5.524600	945	1078	39	33	133	0.2481203
NODE_134108_length_1786_cov_5.524600	945	1078	40	10	133	0.0751880
NODE_134108_length_1786_cov_5.524600	945	1078	41	5	133	0.0375940
NODE_134119_length_1786_cov_4.614701	621	754	0	133	133	1.0000000
NODE_134126_length_1786_cov_4.341434	1379	1512	9	18	133	0.1353384
NODE_134126_length_1786_cov_4.341434	1379	1512	11	1	133	0.0075188
NODE_134126_length_1786_cov_4.341434	1379	1512	12	3	133	0.0225564
NODE_134126_length_1786_cov_4.341434	1379	1512	13	7	133	0.0526316
NODE_134126_length_1786_cov_4.341434	1379	1512	14	16	133	0.1203008
NODE_134126_length_1786_cov_4.341434	1379	1512	15	19	133	0.1428571
NODE_134126_length_1786_cov_4.341434	1379	1512	16	42	133	0.3157895
NODE_134126_length_1786_cov_4.341434	1379	1512	17	27	133	0.2030075
NODE_134129_length_1786_cov_4.195614	389	522	4	36	133	0.2706767
NODE_134129_length_1786_cov_4.195614	389	522	6	4	133	0.0300752
NODE_134129_length_1786_cov_4.195614	389	522	8	39	133	0.2932331
NODE_134129_length_1786_cov_4.195614	389	522	9	18	133	0.1353384
NODE_134129_length_1786_cov_4.195614	389	522	10	10	133	0.0751880
NODE_134129_length_1786_cov_4.195614	389	522	11	26	133	0.1954887
NODE_134209_length_1785_cov_4.933571	117	250	4	6	133	0.0451128
NODE_134209_length_1785_cov_4.933571	117	250	5	25	133	0.1879699
NODE_134209_length_1785_cov_4.933571	117	250	6	3	133	0.0225564
NODE_134209_length_1785_cov_4.933571	117	250	7	67	133	0.5037594
NODE_134209_length_1785_cov_4.933571	117	250	8	3	133	0.0225564
NODE_134209_length_1785_cov_4.933571	117	250	10	29	133	0.2180451
NODE_134222_length_1785_cov_4.255635	1436	1569	7	17	133	0.1278196
NODE_134222_length_1785_cov_4.255635	1436	1569	8	12	133	0.0902256
NODE_134222_length_1785_cov_4.255635	1436	1569	9	4	133	0.0300752
NODE_134222_length_1785_cov_4.255635	1436	1569	10	5	133	0.0375940
NODE_134222_length_1785_cov_4.255635	1436	1569	11	16	133	0.1203008
NODE_134222_length_1785_cov_4.255635	1436	1569	12	14	133	0.1052632
NODE_134222_length_1785_cov_4.255635	1436	1569	13	3	133	0.0225564
NODE_134222_length_1785_cov_4.255635	1436	1569	14	2	133	0.0150376
NODE_134222_length_1785_cov_4.255635	1436	1569	15	58	133	0.4360902
NODE_134222_length_1785_cov_4.255635	1436	1569	16	2	133	0.0150376
NODE_134279_length_1785_cov_2.706406	300	433	0	5	133	0.0375940
NODE_134279_length_1785_cov_2.706406	300	433	1	7	133	0.0526316
NODE_134279_length_1785_cov_2.706406	300	433	2	121	133	0.9097744
NODE_134331_length_1784_cov_3.947774	726	859	11	12	133	0.0902256
NODE_134331_length_1784_cov_3.947774	726	859	12	7	133	0.0526316
NODE_134331_length_1784_cov_3.947774	726	859	13	7	133	0.0526316
NODE_134331_length_1784_cov_3.947774	726	859	14	4	133	0.0300752
NODE_134331_length_1784_cov_3.947774	726	859	16	7	133	0.0526316
NODE_134331_length_1784_cov_3.947774	726	859	17	15	133	0.1127820
NODE_134331_length_1784_cov_3.947774	726	859	18	34	133	0.2556391
NODE_134331_length_1784_cov_3.947774	726	859	19	41	133	0.3082707
NODE_134331_length_1784_cov_3.947774	726	859	20	6	133	0.0451128
NODE_13443_length_6594_cov_3.496998	644	777	4	8	133	0.0601504
NODE_13443_length_6594_cov_3.496998	644	777	5	7	133	0.0526316
NODE_13443_length_6594_cov_3.496998	644	777	6	21	133	0.1578947
NODE_13443_length_6594_cov_3.496998	644	777	7	57	133	0.4285714
NODE_13443_length_6594_cov_3.496998	644	777	8	40	133	0.3007519
NODE_13444_length_6593_cov_4.978750	5739	5872	3	15	133	0.1127820
NODE_13444_length_6593_cov_4.978750	5739	5872	4	11	133	0.0827068
NODE_13444_length_6593_cov_4.978750	5739	5872	5	16	133	0.1203008
NODE_13444_length_6593_cov_4.978750	5739	5872	7	11	133	0.0827068
NODE_13444_length_6593_cov_4.978750	5739	5872	9	11	133	0.0827068
NODE_13444_length_6593_cov_4.978750	5739	5872	10	17	133	0.1278196
NODE_13444_length_6593_cov_4.978750	5739	5872	11	30	133	0.2255639
NODE_13444_length_6593_cov_4.978750	5739	5872	12	22	133	0.1654135
NODE_134462_length_1783_cov_3.179929	1144	1277	3	18	133	0.1353384
NODE_134462_length_1783_cov_3.179929	1144	1277	4	7	133	0.0526316
NODE_134462_length_1783_cov_3.179929	1144	1277	5	2	133	0.0150376
NODE_134462_length_1783_cov_3.179929	1144	1277	6	8	133	0.0601504
NODE_134462_length_1783_cov_3.179929	1144	1277	7	2	133	0.0150376
NODE_134462_length_1783_cov_3.179929	1144	1277	8	68	133	0.5112782
NODE_134462_length_1783_cov_3.179929	1144	1277	9	28	133	0.2105263
NODE_134530_length_1782_cov_3.582888	12	145	6	11	133	0.0827068
NODE_134530_length_1782_cov_3.582888	12	145	7	1	133	0.0075188
NODE_134530_length_1782_cov_3.582888	12	145	8	4	133	0.0300752
NODE_134530_length_1782_cov_3.582888	12	145	9	3	133	0.0225564
NODE_134530_length_1782_cov_3.582888	12	145	11	7	133	0.0526316
NODE_134530_length_1782_cov_3.582888	12	145	12	13	133	0.0977444
NODE_134530_length_1782_cov_3.582888	12	145	13	15	133	0.1127820
NODE_134530_length_1782_cov_3.582888	12	145	14	3	133	0.0225564
NODE_134530_length_1782_cov_3.582888	12	145	15	15	133	0.1127820
NODE_134530_length_1782_cov_3.582888	12	145	16	41	133	0.3082707
NODE_134530_length_1782_cov_3.582888	12	145	17	10	133	0.0751880
NODE_134530_length_1782_cov_3.582888	12	145	18	10	133	0.0751880
NODE_134686_length_1780_cov_4.771565	1337	1470	4	17	133	0.1278196
NODE_134686_length_1780_cov_4.771565	1337	1470	5	20	133	0.1503759
NODE_134686_length_1780_cov_4.771565	1337	1470	8	23	133	0.1729323
NODE_134686_length_1780_cov_4.771565	1337	1470	9	73	133	0.5488722
NODE_134693_length_1780_cov_4.488995	1021	1154	4	7	133	0.0526316
NODE_134693_length_1780_cov_4.488995	1021	1154	5	11	133	0.0827068
NODE_134693_length_1780_cov_4.488995	1021	1154	6	9	133	0.0676692
NODE_134693_length_1780_cov_4.488995	1021	1154	7	1	133	0.0075188
NODE_134693_length_1780_cov_4.488995	1021	1154	10	6	133	0.0451128
NODE_134693_length_1780_cov_4.488995	1021	1154	11	3	133	0.0225564
NODE_134693_length_1780_cov_4.488995	1021	1154	13	1	133	0.0075188
NODE_134693_length_1780_cov_4.488995	1021	1154	14	6	133	0.0451128
NODE_134693_length_1780_cov_4.488995	1021	1154	15	8	133	0.0601504
NODE_134693_length_1780_cov_4.488995	1021	1154	16	7	133	0.0526316
NODE_134693_length_1780_cov_4.488995	1021	1154	18	1	133	0.0075188
NODE_134693_length_1780_cov_4.488995	1021	1154	19	15	133	0.1127820
NODE_134693_length_1780_cov_4.488995	1021	1154	20	5	133	0.0375940
NODE_134693_length_1780_cov_4.488995	1021	1154	21	1	133	0.0075188
NODE_134693_length_1780_cov_4.488995	1021	1154	23	1	133	0.0075188
NODE_134693_length_1780_cov_4.488995	1021	1154	24	6	133	0.0451128
NODE_134693_length_1780_cov_4.488995	1021	1154	25	35	133	0.2631579
NODE_134693_length_1780_cov_4.488995	1021	1154	26	10	133	0.0751880
NODE_134893_length_1778_cov_3.241811	1152	1285	9	27	133	0.2030075
NODE_134893_length_1778_cov_3.241811	1152	1285	10	7	133	0.0526316
NODE_134893_length_1778_cov_3.241811	1152	1285	11	10	133	0.0751880
NODE_134893_length_1778_cov_3.241811	1152	1285	12	14	133	0.1052632
NODE_134893_length_1778_cov_3.241811	1152	1285	13	14	133	0.1052632
NODE_134893_length_1778_cov_3.241811	1152	1285	14	6	133	0.0451128
NODE_134893_length_1778_cov_3.241811	1152	1285	15	31	133	0.2330827
NODE_134893_length_1778_cov_3.241811	1152	1285	16	21	133	0.1578947
NODE_134893_length_1778_cov_3.241811	1152	1285	17	3	133	0.0225564
NODE_1348_length_13788_cov_4.658193	386	519	11	10	133	0.0751880
NODE_1348_length_13788_cov_4.658193	386	519	12	9	133	0.0676692
NODE_1348_length_13788_cov_4.658193	386	519	13	2	133	0.0150376
NODE_1348_length_13788_cov_4.658193	386	519	15	12	133	0.0902256
NODE_1348_length_13788_cov_4.658193	386	519	16	17	133	0.1278196
NODE_1348_length_13788_cov_4.658193	386	519	17	45	133	0.3383459
NODE_1348_length_13788_cov_4.658193	386	519	18	12	133	0.0902256
NODE_1348_length_13788_cov_4.658193	386	519	19	26	133	0.1954887
NODE_13502_length_6582_cov_5.179084	2406	2539	4	7	133	0.0526316
NODE_13502_length_6582_cov_5.179084	2406	2539	5	8	133	0.0601504
NODE_13502_length_6582_cov_5.179084	2406	2539	6	13	133	0.0977444
NODE_13502_length_6582_cov_5.179084	2406	2539	7	7	133	0.0526316
NODE_13502_length_6582_cov_5.179084	2406	2539	9	8	133	0.0601504
NODE_13502_length_6582_cov_5.179084	2406	2539	10	10	133	0.0751880
NODE_13502_length_6582_cov_5.179084	2406	2539	11	32	133	0.2406015
NODE_13502_length_6582_cov_5.179084	2406	2539	12	19	133	0.1428571
NODE_13502_length_6582_cov_5.179084	2406	2539	13	18	133	0.1353384
NODE_13502_length_6582_cov_5.179084	2406	2539	14	11	133	0.0827068
NODE_135034_length_1776_cov_4.673822	176	309	1	19	133	0.1428571
NODE_135034_length_1776_cov_4.673822	176	309	2	39	133	0.2932331
NODE_135034_length_1776_cov_4.673822	176	309	3	75	133	0.5639098
NODE_135043_length_1776_cov_4.372093	1024	1157	28	6	133	0.0451128
NODE_135043_length_1776_cov_4.372093	1024	1157	29	17	133	0.1278196
NODE_135043_length_1776_cov_4.372093	1024	1157	30	17	133	0.1278196
NODE_135043_length_1776_cov_4.372093	1024	1157	31	15	133	0.1127820
NODE_135043_length_1776_cov_4.372093	1024	1157	32	42	133	0.3157895
NODE_135043_length_1776_cov_4.372093	1024	1157	33	21	133	0.1578947
NODE_135043_length_1776_cov_4.372093	1024	1157	34	1	133	0.0075188
NODE_135043_length_1776_cov_4.372093	1024	1157	35	3	133	0.0225564
NODE_135043_length_1776_cov_4.372093	1024	1157	36	5	133	0.0375940
NODE_135043_length_1776_cov_4.372093	1024	1157	37	6	133	0.0451128
NODE_135090_length_1776_cov_2.931425	418	551	3	2	133	0.0150376
NODE_135090_length_1776_cov_2.931425	418	551	4	11	133	0.0827068
NODE_135090_length_1776_cov_2.931425	418	551	5	15	133	0.1127820
NODE_135090_length_1776_cov_2.931425	418	551	6	6	133	0.0451128
NODE_135090_length_1776_cov_2.931425	418	551	7	7	133	0.0526316
NODE_135090_length_1776_cov_2.931425	418	551	8	11	133	0.0827068
NODE_135090_length_1776_cov_2.931425	418	551	10	17	133	0.1278196
NODE_135090_length_1776_cov_2.931425	418	551	11	3	133	0.0225564
NODE_135090_length_1776_cov_2.931425	418	551	14	34	133	0.2556391
NODE_135090_length_1776_cov_2.931425	418	551	15	27	133	0.2030075
NODE_135124_length_1775_cov_4.579952	823	956	6	11	133	0.0827068
NODE_135124_length_1775_cov_4.579952	823	956	7	37	133	0.2781955
NODE_135124_length_1775_cov_4.579952	823	956	8	32	133	0.2406015
NODE_135124_length_1775_cov_4.579952	823	956	9	2	133	0.0150376
NODE_135124_length_1775_cov_4.579952	823	956	10	3	133	0.0225564
NODE_135124_length_1775_cov_4.579952	823	956	12	7	133	0.0526316
NODE_135124_length_1775_cov_4.579952	823	956	13	36	133	0.2706767
NODE_135124_length_1775_cov_4.579952	823	956	14	5	133	0.0375940
NODE_135272_length_1774_cov_3.045373	341	474	10	15	133	0.1127820
NODE_135272_length_1774_cov_3.045373	341	474	11	7	133	0.0526316
NODE_135272_length_1774_cov_3.045373	341	474	12	11	133	0.0827068
NODE_135272_length_1774_cov_3.045373	341	474	13	9	133	0.0676692
NODE_135272_length_1774_cov_3.045373	341	474	14	14	133	0.1052632
NODE_135272_length_1774_cov_3.045373	341	474	15	9	133	0.0676692
NODE_135272_length_1774_cov_3.045373	341	474	16	9	133	0.0676692
NODE_135272_length_1774_cov_3.045373	341	474	18	16	133	0.1203008
NODE_135272_length_1774_cov_3.045373	341	474	19	33	133	0.2481203
NODE_135272_length_1774_cov_3.045373	341	474	20	10	133	0.0751880
NODE_135325_length_1773_cov_4.025687	1053	1186	2	14	133	0.1052632
NODE_135325_length_1773_cov_4.025687	1053	1186	4	3	133	0.0225564
NODE_135325_length_1773_cov_4.025687	1053	1186	5	36	133	0.2706767
NODE_135325_length_1773_cov_4.025687	1053	1186	6	8	133	0.0601504
NODE_135325_length_1773_cov_4.025687	1053	1186	7	46	133	0.3458647
NODE_135325_length_1773_cov_4.025687	1053	1186	8	26	133	0.1954887
NODE_135775_length_1768_cov_5.631516	1035	1168	22	5	133	0.0375940
NODE_135775_length_1768_cov_5.631516	1035	1168	23	1	133	0.0075188
NODE_135775_length_1768_cov_5.631516	1035	1168	25	4	133	0.0300752
NODE_135775_length_1768_cov_5.631516	1035	1168	26	7	133	0.0526316
NODE_135775_length_1768_cov_5.631516	1035	1168	27	3	133	0.0225564
NODE_135775_length_1768_cov_5.631516	1035	1168	28	30	133	0.2255639
NODE_135775_length_1768_cov_5.631516	1035	1168	29	20	133	0.1503759
NODE_135775_length_1768_cov_5.631516	1035	1168	30	1	133	0.0075188
NODE_135775_length_1768_cov_5.631516	1035	1168	31	7	133	0.0526316
NODE_135775_length_1768_cov_5.631516	1035	1168	32	1	133	0.0075188
NODE_135775_length_1768_cov_5.631516	1035	1168	33	20	133	0.1503759
NODE_135775_length_1768_cov_5.631516	1035	1168	34	25	133	0.1879699
NODE_135775_length_1768_cov_5.631516	1035	1168	37	9	133	0.0676692
NODE_135802_length_1768_cov_4.171360	910	1043	3	8	133	0.0601504
NODE_135802_length_1768_cov_4.171360	910	1043	4	50	133	0.3759398
NODE_135802_length_1768_cov_4.171360	910	1043	5	24	133	0.1804511
NODE_135802_length_1768_cov_4.171360	910	1043	6	51	133	0.3834586
NODE_135815_length_1768_cov_3.738766	457	590	7	8	133	0.0601504
NODE_135815_length_1768_cov_3.738766	457	590	9	8	133	0.0601504
NODE_135815_length_1768_cov_3.738766	457	590	10	14	133	0.1052632
NODE_135815_length_1768_cov_3.738766	457	590	11	1	133	0.0075188
NODE_135815_length_1768_cov_3.738766	457	590	12	18	133	0.1353384
NODE_135815_length_1768_cov_3.738766	457	590	13	12	133	0.0902256
NODE_135815_length_1768_cov_3.738766	457	590	14	6	133	0.0451128
NODE_135815_length_1768_cov_3.738766	457	590	15	28	133	0.2105263
NODE_135815_length_1768_cov_3.738766	457	590	16	25	133	0.1879699
NODE_135815_length_1768_cov_3.738766	457	590	17	13	133	0.0977444
NODE_13584_length_6564_cov_5.211910	3086	3219	8	2	133	0.0150376
NODE_13584_length_6564_cov_5.211910	3086	3219	9	3	133	0.0225564
NODE_13584_length_6564_cov_5.211910	3086	3219	12	39	133	0.2932331
NODE_13584_length_6564_cov_5.211910	3086	3219	13	17	133	0.1278196
NODE_13584_length_6564_cov_5.211910	3086	3219	14	67	133	0.5037594
NODE_13584_length_6564_cov_5.211910	3086	3219	15	5	133	0.0375940
NODE_135975_length_1766_cov_4.866827	1013	1146	10	2	133	0.0150376
NODE_135975_length_1766_cov_4.866827	1013	1146	12	2	133	0.0150376
NODE_135975_length_1766_cov_4.866827	1013	1146	13	8	133	0.0601504
NODE_135975_length_1766_cov_4.866827	1013	1146	14	6	133	0.0451128
NODE_135975_length_1766_cov_4.866827	1013	1146	15	7	133	0.0526316
NODE_135975_length_1766_cov_4.866827	1013	1146	18	5	133	0.0375940
NODE_135975_length_1766_cov_4.866827	1013	1146	19	10	133	0.0751880
NODE_135975_length_1766_cov_4.866827	1013	1146	20	14	133	0.1052632
NODE_135975_length_1766_cov_4.866827	1013	1146	21	20	133	0.1503759
NODE_135975_length_1766_cov_4.866827	1013	1146	22	35	133	0.2631579
NODE_135975_length_1766_cov_4.866827	1013	1146	24	11	133	0.0827068
NODE_135975_length_1766_cov_4.866827	1013	1146	25	13	133	0.0977444
NODE_135979_length_1766_cov_4.682064	199	332	6	14	133	0.1052632
NODE_135979_length_1766_cov_4.682064	199	332	11	27	133	0.2030075
NODE_135979_length_1766_cov_4.682064	199	332	13	27	133	0.2030075
NODE_135979_length_1766_cov_4.682064	199	332	14	22	133	0.1654135
NODE_135979_length_1766_cov_4.682064	199	332	15	11	133	0.0827068
NODE_135979_length_1766_cov_4.682064	199	332	16	5	133	0.0375940
NODE_135979_length_1766_cov_4.682064	199	332	17	2	133	0.0150376
NODE_135979_length_1766_cov_4.682064	199	332	18	22	133	0.1654135
NODE_135979_length_1766_cov_4.682064	199	332	19	3	133	0.0225564
NODE_135_length_23277_cov_4.825050	7231	7364	12	13	133	0.0977444
NODE_135_length_23277_cov_4.825050	7231	7364	13	20	133	0.1503759
NODE_135_length_23277_cov_4.825050	7231	7364	14	15	133	0.1127820
NODE_135_length_23277_cov_4.825050	7231	7364	15	8	133	0.0601504
NODE_135_length_23277_cov_4.825050	7231	7364	16	13	133	0.0977444
NODE_135_length_23277_cov_4.825050	7231	7364	17	16	133	0.1203008
NODE_135_length_23277_cov_4.825050	7231	7364	18	18	133	0.1353384
NODE_135_length_23277_cov_4.825050	7231	7364	19	30	133	0.2255639
NODE_136032_length_1766_cov_3.286743	1067	1200	4	31	133	0.2330827
NODE_136032_length_1766_cov_3.286743	1067	1200	5	33	133	0.2481203
NODE_136032_length_1766_cov_3.286743	1067	1200	6	7	133	0.0526316
NODE_136032_length_1766_cov_3.286743	1067	1200	7	19	133	0.1428571
NODE_136032_length_1766_cov_3.286743	1067	1200	8	16	133	0.1203008
NODE_136032_length_1766_cov_3.286743	1067	1200	9	3	133	0.0225564
NODE_136032_length_1766_cov_3.286743	1067	1200	10	15	133	0.1127820
NODE_136032_length_1766_cov_3.286743	1067	1200	11	9	133	0.0676692
NODE_136097_length_1765_cov_4.253902	319	452	13	8	133	0.0601504
NODE_136097_length_1765_cov_4.253902	319	452	14	11	133	0.0827068
NODE_136097_length_1765_cov_4.253902	319	452	15	2	133	0.0150376
NODE_136097_length_1765_cov_4.253902	319	452	16	23	133	0.1729323
NODE_136097_length_1765_cov_4.253902	319	452	17	19	133	0.1428571
NODE_136097_length_1765_cov_4.253902	319	452	18	21	133	0.1578947
NODE_136097_length_1765_cov_4.253902	319	452	19	15	133	0.1127820
NODE_136097_length_1765_cov_4.253902	319	452	20	17	133	0.1278196
NODE_136097_length_1765_cov_4.253902	319	452	21	2	133	0.0150376
NODE_136097_length_1765_cov_4.253902	319	452	22	15	133	0.1127820
NODE_136132_length_1765_cov_3.422569	1346	1479	6	12	133	0.0902256
NODE_136132_length_1765_cov_3.422569	1346	1479	8	9	133	0.0676692
NODE_136132_length_1765_cov_3.422569	1346	1479	9	27	133	0.2030075
NODE_136132_length_1765_cov_3.422569	1346	1479	10	31	133	0.2330827
NODE_136132_length_1765_cov_3.422569	1346	1479	11	20	133	0.1503759
NODE_136132_length_1765_cov_3.422569	1346	1479	12	30	133	0.2255639
NODE_136132_length_1765_cov_3.422569	1346	1479	13	4	133	0.0300752
NODE_136227_length_1764_cov_3.348949	1497	1630	4	19	133	0.1428571
NODE_136227_length_1764_cov_3.348949	1497	1630	5	11	133	0.0827068
NODE_136227_length_1764_cov_3.348949	1497	1630	6	4	133	0.0300752
NODE_136227_length_1764_cov_3.348949	1497	1630	8	1	133	0.0075188
NODE_136227_length_1764_cov_3.348949	1497	1630	10	26	133	0.1954887
NODE_136227_length_1764_cov_3.348949	1497	1630	11	10	133	0.0751880
NODE_136227_length_1764_cov_3.348949	1497	1630	12	43	133	0.3233083
NODE_136227_length_1764_cov_3.348949	1497	1630	13	19	133	0.1428571
NODE_13636_length_6554_cov_3.624322	2536	2669	4	2	133	0.0150376
NODE_13636_length_6554_cov_3.624322	2536	2669	5	10	133	0.0751880
NODE_13636_length_6554_cov_3.624322	2536	2669	6	5	133	0.0375940
NODE_13636_length_6554_cov_3.624322	2536	2669	7	86	133	0.6466165
NODE_13636_length_6554_cov_3.624322	2536	2669	8	30	133	0.2255639
NODE_136404_length_1762_cov_3.766687	1012	1145	5	29	133	0.2180451
NODE_136404_length_1762_cov_3.766687	1012	1145	6	23	133	0.1729323
NODE_136404_length_1762_cov_3.766687	1012	1145	7	11	133	0.0827068
NODE_136404_length_1762_cov_3.766687	1012	1145	8	31	133	0.2330827
NODE_136404_length_1762_cov_3.766687	1012	1145	9	8	133	0.0601504
NODE_136404_length_1762_cov_3.766687	1012	1145	10	13	133	0.0977444
NODE_136404_length_1762_cov_3.766687	1012	1145	14	10	133	0.0751880
NODE_136404_length_1762_cov_3.766687	1012	1145	15	8	133	0.0601504
NODE_13641_length_6553_cov_4.909359	3430	3563	21	3	133	0.0225564
NODE_13641_length_6553_cov_4.909359	3430	3563	22	16	133	0.1203008
NODE_13641_length_6553_cov_4.909359	3430	3563	23	2	133	0.0150376
NODE_13641_length_6553_cov_4.909359	3430	3563	24	6	133	0.0451128
NODE_13641_length_6553_cov_4.909359	3430	3563	25	27	133	0.2030075
NODE_13641_length_6553_cov_4.909359	3430	3563	26	11	133	0.0827068
NODE_13641_length_6553_cov_4.909359	3430	3563	27	21	133	0.1578947
NODE_13641_length_6553_cov_4.909359	3430	3563	28	16	133	0.1203008
NODE_13641_length_6553_cov_4.909359	3430	3563	29	31	133	0.2330827
NODE_136497_length_1761_cov_4.038508	1141	1274	4	2	133	0.0150376
NODE_136497_length_1761_cov_4.038508	1141	1274	6	10	133	0.0751880
NODE_136497_length_1761_cov_4.038508	1141	1274	7	7	133	0.0526316
NODE_136497_length_1761_cov_4.038508	1141	1274	8	28	133	0.2105263
NODE_136497_length_1761_cov_4.038508	1141	1274	9	10	133	0.0751880
NODE_136497_length_1761_cov_4.038508	1141	1274	10	1	133	0.0075188
NODE_136497_length_1761_cov_4.038508	1141	1274	11	9	133	0.0676692
NODE_136497_length_1761_cov_4.038508	1141	1274	12	12	133	0.0902256
NODE_136497_length_1761_cov_4.038508	1141	1274	13	16	133	0.1203008
NODE_136497_length_1761_cov_4.038508	1141	1274	14	34	133	0.2556391
NODE_136497_length_1761_cov_4.038508	1141	1274	15	4	133	0.0300752
NODE_136511_length_1761_cov_3.594465	1253	1386	36	2	133	0.0150376
NODE_136511_length_1761_cov_3.594465	1253	1386	37	3	133	0.0225564
NODE_136511_length_1761_cov_3.594465	1253	1386	39	5	133	0.0375940
NODE_136511_length_1761_cov_3.594465	1253	1386	40	4	133	0.0300752
NODE_136511_length_1761_cov_3.594465	1253	1386	41	8	133	0.0601504
NODE_136511_length_1761_cov_3.594465	1253	1386	42	3	133	0.0225564
NODE_136511_length_1761_cov_3.594465	1253	1386	43	5	133	0.0375940
NODE_136511_length_1761_cov_3.594465	1253	1386	44	1	133	0.0075188
NODE_136511_length_1761_cov_3.594465	1253	1386	47	2	133	0.0150376
NODE_136511_length_1761_cov_3.594465	1253	1386	48	3	133	0.0225564
NODE_136511_length_1761_cov_3.594465	1253	1386	49	1	133	0.0075188
NODE_136511_length_1761_cov_3.594465	1253	1386	50	2	133	0.0150376
NODE_136511_length_1761_cov_3.594465	1253	1386	51	8	133	0.0601504
NODE_136511_length_1761_cov_3.594465	1253	1386	52	2	133	0.0150376
NODE_136511_length_1761_cov_3.594465	1253	1386	54	1	133	0.0075188
NODE_136511_length_1761_cov_3.594465	1253	1386	55	2	133	0.0150376
NODE_136511_length_1761_cov_3.594465	1253	1386	56	13	133	0.0977444
NODE_136511_length_1761_cov_3.594465	1253	1386	59	7	133	0.0526316
NODE_136511_length_1761_cov_3.594465	1253	1386	60	4	133	0.0300752
NODE_136511_length_1761_cov_3.594465	1253	1386	61	4	133	0.0300752
NODE_136511_length_1761_cov_3.594465	1253	1386	62	5	133	0.0375940
NODE_136511_length_1761_cov_3.594465	1253	1386	63	1	133	0.0075188
NODE_136511_length_1761_cov_3.594465	1253	1386	64	11	133	0.0827068
NODE_136511_length_1761_cov_3.594465	1253	1386	65	16	133	0.1203008
NODE_136511_length_1761_cov_3.594465	1253	1386	66	10	133	0.0751880
NODE_136511_length_1761_cov_3.594465	1253	1386	67	8	133	0.0601504
NODE_136511_length_1761_cov_3.594465	1253	1386	68	2	133	0.0150376
NODE_136517_length_1761_cov_3.506017	1428	1561	16	2	133	0.0150376
NODE_136517_length_1761_cov_3.506017	1428	1561	17	17	133	0.1278196
NODE_136517_length_1761_cov_3.506017	1428	1561	18	10	133	0.0751880
NODE_136517_length_1761_cov_3.506017	1428	1561	19	2	133	0.0150376
NODE_136517_length_1761_cov_3.506017	1428	1561	21	5	133	0.0375940
NODE_136517_length_1761_cov_3.506017	1428	1561	22	3	133	0.0225564
NODE_136517_length_1761_cov_3.506017	1428	1561	24	3	133	0.0225564
NODE_136517_length_1761_cov_3.506017	1428	1561	25	7	133	0.0526316
NODE_136517_length_1761_cov_3.506017	1428	1561	26	26	133	0.1954887
NODE_136517_length_1761_cov_3.506017	1428	1561	27	1	133	0.0075188
NODE_136517_length_1761_cov_3.506017	1428	1561	28	5	133	0.0375940
NODE_136517_length_1761_cov_3.506017	1428	1561	29	6	133	0.0451128
NODE_136517_length_1761_cov_3.506017	1428	1561	31	46	133	0.3458647
NODE_1365_length_13749_cov_9.639927	6323	6456	4	11	133	0.0827068
NODE_1365_length_13749_cov_9.639927	6323	6456	5	6	133	0.0451128
NODE_1365_length_13749_cov_9.639927	6323	6456	6	3	133	0.0225564
NODE_1365_length_13749_cov_9.639927	6323	6456	7	26	133	0.1954887
NODE_1365_length_13749_cov_9.639927	6323	6456	8	87	133	0.6541353
NODE_136667_length_1759_cov_6.099398	842	975	15	4	133	0.0300752
NODE_136667_length_1759_cov_6.099398	842	975	16	1	133	0.0075188
NODE_136667_length_1759_cov_6.099398	842	975	17	10	133	0.0751880
NODE_136667_length_1759_cov_6.099398	842	975	20	10	133	0.0751880
NODE_136667_length_1759_cov_6.099398	842	975	21	8	133	0.0601504
NODE_136667_length_1759_cov_6.099398	842	975	22	1	133	0.0075188
NODE_136667_length_1759_cov_6.099398	842	975	23	4	133	0.0300752
NODE_136667_length_1759_cov_6.099398	842	975	24	20	133	0.1503759
NODE_136667_length_1759_cov_6.099398	842	975	26	5	133	0.0375940
NODE_136667_length_1759_cov_6.099398	842	975	27	7	133	0.0526316
NODE_136667_length_1759_cov_6.099398	842	975	28	7	133	0.0526316
NODE_136667_length_1759_cov_6.099398	842	975	29	10	133	0.0751880
NODE_136667_length_1759_cov_6.099398	842	975	30	8	133	0.0601504
NODE_136667_length_1759_cov_6.099398	842	975	31	38	133	0.2857143
NODE_13677_length_6547_cov_4.370968	3394	3527	15	6	133	0.0451128
NODE_13677_length_6547_cov_4.370968	3394	3527	17	4	133	0.0300752
NODE_13677_length_6547_cov_4.370968	3394	3527	18	2	133	0.0150376
NODE_13677_length_6547_cov_4.370968	3394	3527	19	9	133	0.0676692
NODE_13677_length_6547_cov_4.370968	3394	3527	20	14	133	0.1052632
NODE_13677_length_6547_cov_4.370968	3394	3527	23	1	133	0.0075188
NODE_13677_length_6547_cov_4.370968	3394	3527	24	5	133	0.0375940
NODE_13677_length_6547_cov_4.370968	3394	3527	25	5	133	0.0375940
NODE_13677_length_6547_cov_4.370968	3394	3527	26	3	133	0.0225564
NODE_13677_length_6547_cov_4.370968	3394	3527	28	1	133	0.0075188
NODE_13677_length_6547_cov_4.370968	3394	3527	29	5	133	0.0375940
NODE_13677_length_6547_cov_4.370968	3394	3527	30	1	133	0.0075188
NODE_13677_length_6547_cov_4.370968	3394	3527	32	13	133	0.0977444
NODE_13677_length_6547_cov_4.370968	3394	3527	33	5	133	0.0375940
NODE_13677_length_6547_cov_4.370968	3394	3527	34	8	133	0.0601504
NODE_13677_length_6547_cov_4.370968	3394	3527	35	13	133	0.0977444
NODE_13677_length_6547_cov_4.370968	3394	3527	36	15	133	0.1127820
NODE_13677_length_6547_cov_4.370968	3394	3527	37	5	133	0.0375940
NODE_13677_length_6547_cov_4.370968	3394	3527	38	9	133	0.0676692
NODE_13677_length_6547_cov_4.370968	3394	3527	39	9	133	0.0676692
NODE_136788_length_1758_cov_4.246534	336	469	13	21	133	0.1578947
NODE_136788_length_1758_cov_4.246534	336	469	14	2	133	0.0150376
NODE_136788_length_1758_cov_4.246534	336	469	15	3	133	0.0225564
NODE_136788_length_1758_cov_4.246534	336	469	16	21	133	0.1578947
NODE_136788_length_1758_cov_4.246534	336	469	17	18	133	0.1353384
NODE_136788_length_1758_cov_4.246534	336	469	18	17	133	0.1278196
NODE_136788_length_1758_cov_4.246534	336	469	19	8	133	0.0601504
NODE_136788_length_1758_cov_4.246534	336	469	20	14	133	0.1052632
NODE_136788_length_1758_cov_4.246534	336	469	21	7	133	0.0526316
NODE_136788_length_1758_cov_4.246534	336	469	22	22	133	0.1654135
NODE_13682_length_6546_cov_4.141151	3835	3968	2	11	133	0.0827068
NODE_13682_length_6546_cov_4.141151	3835	3968	3	78	133	0.5864662
NODE_13682_length_6546_cov_4.141151	3835	3968	4	44	133	0.3308271
NODE_136872_length_1757_cov_4.980700	1503	1636	3	16	133	0.1203008
NODE_136872_length_1757_cov_4.980700	1503	1636	4	42	133	0.3157895
NODE_136872_length_1757_cov_4.980700	1503	1636	5	24	133	0.1804511
NODE_136872_length_1757_cov_4.980700	1503	1636	6	51	133	0.3834586
NODE_136963_length_1756_cov_4.491853	937	1070	0	50	133	0.3759398
NODE_136963_length_1756_cov_4.491853	937	1070	1	17	133	0.1278196
NODE_136963_length_1756_cov_4.491853	937	1070	2	13	133	0.0977444
NODE_136963_length_1756_cov_4.491853	937	1070	4	53	133	0.3984962
NODE_136966_length_1756_cov_4.373567	887	1020	8	4	133	0.0300752
NODE_136966_length_1756_cov_4.373567	887	1020	9	6	133	0.0451128
NODE_136966_length_1756_cov_4.373567	887	1020	10	20	133	0.1503759
NODE_136966_length_1756_cov_4.373567	887	1020	11	70	133	0.5263158
NODE_136966_length_1756_cov_4.373567	887	1020	12	1	133	0.0075188
NODE_136966_length_1756_cov_4.373567	887	1020	13	32	133	0.2406015
NODE_13699_length_6543_cov_5.611577	1662	1795	13	18	133	0.1353384
NODE_13699_length_6543_cov_5.611577	1662	1795	14	25	133	0.1879699
NODE_13699_length_6543_cov_5.611577	1662	1795	15	34	133	0.2556391
NODE_13699_length_6543_cov_5.611577	1662	1795	16	31	133	0.2330827
NODE_13699_length_6543_cov_5.611577	1662	1795	17	17	133	0.1278196
NODE_13699_length_6543_cov_5.611577	1662	1795	18	8	133	0.0601504
NODE_1369_length_13731_cov_3.951071	8256	8389	6	5	133	0.0375940
NODE_1369_length_13731_cov_3.951071	8256	8389	7	14	133	0.1052632
NODE_1369_length_13731_cov_3.951071	8256	8389	9	4	133	0.0300752
NODE_1369_length_13731_cov_3.951071	8256	8389	10	63	133	0.4736842
NODE_1369_length_13731_cov_3.951071	8256	8389	11	19	133	0.1428571
NODE_1369_length_13731_cov_3.951071	8256	8389	12	7	133	0.0526316
NODE_1369_length_13731_cov_3.951071	8256	8389	13	21	133	0.1578947
NODE_137066_length_1755_cov_3.522343	43	176	3	5	133	0.0375940
NODE_137066_length_1755_cov_3.522343	43	176	4	11	133	0.0827068
NODE_137066_length_1755_cov_3.522343	43	176	6	30	133	0.2255639
NODE_137066_length_1755_cov_3.522343	43	176	7	24	133	0.1804511
NODE_137066_length_1755_cov_3.522343	43	176	8	1	133	0.0075188
NODE_137066_length_1755_cov_3.522343	43	176	9	62	133	0.4661654
NODE_137069_length_1755_cov_3.489130	1468	1601	3	6	133	0.0451128
NODE_137069_length_1755_cov_3.489130	1468	1601	4	27	133	0.2030075
NODE_137069_length_1755_cov_3.489130	1468	1601	5	16	133	0.1203008
NODE_137069_length_1755_cov_3.489130	1468	1601	6	48	133	0.3609022
NODE_137069_length_1755_cov_3.489130	1468	1601	7	34	133	0.2556391
NODE_137069_length_1755_cov_3.489130	1468	1601	8	2	133	0.0150376
NODE_137179_length_1754_cov_2.683384	1252	1385	6	10	133	0.0751880
NODE_137179_length_1754_cov_2.683384	1252	1385	7	16	133	0.1203008
NODE_137179_length_1754_cov_2.683384	1252	1385	10	2	133	0.0150376
NODE_137179_length_1754_cov_2.683384	1252	1385	11	36	133	0.2706767
NODE_137179_length_1754_cov_2.683384	1252	1385	20	1	133	0.0075188
NODE_137179_length_1754_cov_2.683384	1252	1385	22	9	133	0.0676692
NODE_137179_length_1754_cov_2.683384	1252	1385	25	18	133	0.1353384
NODE_137179_length_1754_cov_2.683384	1252	1385	26	2	133	0.0150376
NODE_137179_length_1754_cov_2.683384	1252	1385	27	25	133	0.1879699
NODE_137179_length_1754_cov_2.683384	1252	1385	28	14	133	0.1052632
NODE_13721_length_6540_cov_20.381152	4853	4986	94	1	133	0.0075188
NODE_13721_length_6540_cov_20.381152	4853	4986	95	1	133	0.0075188
NODE_13721_length_6540_cov_20.381152	4853	4986	96	2	133	0.0150376
NODE_13721_length_6540_cov_20.381152	4853	4986	97	2	133	0.0150376
NODE_13721_length_6540_cov_20.381152	4853	4986	99	1	133	0.0075188
NODE_13721_length_6540_cov_20.381152	4853	4986	100	4	133	0.0300752
NODE_13721_length_6540_cov_20.381152	4853	4986	101	1	133	0.0075188
NODE_13721_length_6540_cov_20.381152	4853	4986	102	1	133	0.0075188
NODE_13721_length_6540_cov_20.381152	4853	4986	104	2	133	0.0150376
NODE_13721_length_6540_cov_20.381152	4853	4986	105	1	133	0.0075188
NODE_13721_length_6540_cov_20.381152	4853	4986	106	2	133	0.0150376
NODE_13721_length_6540_cov_20.381152	4853	4986	107	2	133	0.0150376
NODE_13721_length_6540_cov_20.381152	4853	4986	108	1	133	0.0075188
NODE_13721_length_6540_cov_20.381152	4853	4986	109	1	133	0.0075188
NODE_13721_length_6540_cov_20.381152	4853	4986	110	1	133	0.0075188
NODE_13721_length_6540_cov_20.381152	4853	4986	112	1	133	0.0075188
NODE_13721_length_6540_cov_20.381152	4853	4986	113	6	133	0.0451128
NODE_13721_length_6540_cov_20.381152	4853	4986	114	5	133	0.0375940
NODE_13721_length_6540_cov_20.381152	4853	4986	115	3	133	0.0225564
NODE_13721_length_6540_cov_20.381152	4853	4986	116	2	133	0.0150376
NODE_13721_length_6540_cov_20.381152	4853	4986	117	7	133	0.0526316
NODE_13721_length_6540_cov_20.381152	4853	4986	118	5	133	0.0375940
NODE_13721_length_6540_cov_20.381152	4853	4986	119	2	133	0.0150376
NODE_13721_length_6540_cov_20.381152	4853	4986	120	1	133	0.0075188
NODE_13721_length_6540_cov_20.381152	4853	4986	122	7	133	0.0526316
NODE_13721_length_6540_cov_20.381152	4853	4986	123	1	133	0.0075188
NODE_13721_length_6540_cov_20.381152	4853	4986	124	3	133	0.0225564
NODE_13721_length_6540_cov_20.381152	4853	4986	125	2	133	0.0150376
NODE_13721_length_6540_cov_20.381152	4853	4986	126	13	133	0.0977444
NODE_13721_length_6540_cov_20.381152	4853	4986	127	3	133	0.0225564
NODE_13721_length_6540_cov_20.381152	4853	4986	128	12	133	0.0902256
NODE_13721_length_6540_cov_20.381152	4853	4986	129	6	133	0.0451128
NODE_13721_length_6540_cov_20.381152	4853	4986	130	5	133	0.0375940
NODE_13721_length_6540_cov_20.381152	4853	4986	131	4	133	0.0300752
NODE_13721_length_6540_cov_20.381152	4853	4986	132	4	133	0.0300752
NODE_13721_length_6540_cov_20.381152	4853	4986	133	13	133	0.0977444
NODE_13721_length_6540_cov_20.381152	4853	4986	134	3	133	0.0225564
NODE_13721_length_6540_cov_20.381152	4853	4986	135	1	133	0.0075188
NODE_13721_length_6540_cov_20.381152	4853	4986	136	1	133	0.0075188
NODE_137299_length_1752_cov_4.330913	797	930	2	8	133	0.0601504
NODE_137299_length_1752_cov_4.330913	797	930	3	28	133	0.2105263
NODE_137299_length_1752_cov_4.330913	797	930	4	94	133	0.7067669
NODE_137299_length_1752_cov_4.330913	797	930	5	3	133	0.0225564
NODE_1372_length_13723_cov_4.446418	648	781	7	12	133	0.0902256
NODE_1372_length_13723_cov_4.446418	648	781	8	7	133	0.0526316
NODE_1372_length_13723_cov_4.446418	648	781	10	21	133	0.1578947
NODE_1372_length_13723_cov_4.446418	648	781	11	5	133	0.0375940
NODE_1372_length_13723_cov_4.446418	648	781	12	31	133	0.2330827
NODE_1372_length_13723_cov_4.446418	648	781	13	13	133	0.0977444
NODE_1372_length_13723_cov_4.446418	648	781	14	25	133	0.1879699
NODE_1372_length_13723_cov_4.446418	648	781	15	19	133	0.1428571
NODE_137399_length_1751_cov_3.784504	1049	1182	10	3	133	0.0225564
NODE_137399_length_1751_cov_3.784504	1049	1182	12	1	133	0.0075188
NODE_137399_length_1751_cov_3.784504	1049	1182	13	2	133	0.0150376
NODE_137399_length_1751_cov_3.784504	1049	1182	14	3	133	0.0225564
NODE_137399_length_1751_cov_3.784504	1049	1182	16	6	133	0.0451128
NODE_137399_length_1751_cov_3.784504	1049	1182	17	20	133	0.1503759
NODE_137399_length_1751_cov_3.784504	1049	1182	18	25	133	0.1879699
NODE_137399_length_1751_cov_3.784504	1049	1182	19	5	133	0.0375940
NODE_137399_length_1751_cov_3.784504	1049	1182	20	11	133	0.0827068
NODE_137399_length_1751_cov_3.784504	1049	1182	21	14	133	0.1052632
NODE_137399_length_1751_cov_3.784504	1049	1182	22	6	133	0.0451128
NODE_137399_length_1751_cov_3.784504	1049	1182	23	14	133	0.1052632
NODE_137399_length_1751_cov_3.784504	1049	1182	24	13	133	0.0977444
NODE_137399_length_1751_cov_3.784504	1049	1182	25	9	133	0.0676692
NODE_137399_length_1751_cov_3.784504	1049	1182	26	1	133	0.0075188
NODE_137419_length_1751_cov_3.238499	896	1029	0	15	133	0.1127820
NODE_137419_length_1751_cov_3.238499	896	1029	1	11	133	0.0827068
NODE_137419_length_1751_cov_3.238499	896	1029	2	107	133	0.8045112
NODE_137559_length_1749_cov_5.123030	1245	1378	19	9	133	0.0676692
NODE_137559_length_1749_cov_5.123030	1245	1378	20	6	133	0.0451128
NODE_137559_length_1749_cov_5.123030	1245	1378	21	2	133	0.0150376
NODE_137559_length_1749_cov_5.123030	1245	1378	22	6	133	0.0451128
NODE_137559_length_1749_cov_5.123030	1245	1378	23	20	133	0.1503759
NODE_137559_length_1749_cov_5.123030	1245	1378	24	21	133	0.1578947
NODE_137559_length_1749_cov_5.123030	1245	1378	25	2	133	0.0150376
NODE_137559_length_1749_cov_5.123030	1245	1378	26	6	133	0.0451128
NODE_137559_length_1749_cov_5.123030	1245	1378	27	37	133	0.2781955
NODE_137559_length_1749_cov_5.123030	1245	1378	28	2	133	0.0150376
NODE_137559_length_1749_cov_5.123030	1245	1378	29	16	133	0.1203008
NODE_137559_length_1749_cov_5.123030	1245	1378	30	6	133	0.0451128
NODE_137596_length_1749_cov_3.425455	20	153	0	133	133	1.0000000
NODE_137649_length_1748_cov_5.016374	771	904	12	15	133	0.1127820
NODE_137649_length_1748_cov_5.016374	771	904	14	5	133	0.0375940
NODE_137649_length_1748_cov_5.016374	771	904	15	11	133	0.0827068
NODE_137649_length_1748_cov_5.016374	771	904	16	2	133	0.0150376
NODE_137649_length_1748_cov_5.016374	771	904	17	18	133	0.1353384
NODE_137649_length_1748_cov_5.016374	771	904	18	40	133	0.3007519
NODE_137649_length_1748_cov_5.016374	771	904	19	10	133	0.0751880
NODE_137649_length_1748_cov_5.016374	771	904	20	5	133	0.0375940
NODE_137649_length_1748_cov_5.016374	771	904	21	24	133	0.1804511
NODE_137649_length_1748_cov_5.016374	771	904	22	3	133	0.0225564
NODE_137691_length_1748_cov_3.693754	0	133	4	21	133	0.1578947
NODE_137691_length_1748_cov_3.693754	0	133	5	27	133	0.2030075
NODE_137691_length_1748_cov_3.693754	0	133	6	52	133	0.3909774
NODE_137691_length_1748_cov_3.693754	0	133	7	33	133	0.2481203
NODE_137745_length_1747_cov_5.101335	1015	1148	6	24	133	0.1804511
NODE_137745_length_1747_cov_5.101335	1015	1148	7	9	133	0.0676692
NODE_137745_length_1747_cov_5.101335	1015	1148	8	11	133	0.0827068
NODE_137745_length_1747_cov_5.101335	1015	1148	9	59	133	0.4436090
NODE_137745_length_1747_cov_5.101335	1015	1148	10	30	133	0.2255639
NODE_13775_length_6529_cov_16.274650	2909	3042	2	4	133	0.0300752
NODE_13775_length_6529_cov_16.274650	2909	3042	3	91	133	0.6842105
NODE_13775_length_6529_cov_16.274650	2909	3042	4	26	133	0.1954887
NODE_13775_length_6529_cov_16.274650	2909	3042	5	12	133	0.0902256
NODE_137901_length_1746_cov_2.712204	1349	1482	1	41	133	0.3082707
NODE_137901_length_1746_cov_2.712204	1349	1482	2	50	133	0.3759398
NODE_137901_length_1746_cov_2.712204	1349	1482	3	22	133	0.1654135
NODE_137901_length_1746_cov_2.712204	1349	1482	4	20	133	0.1503759
NODE_137984_length_1745_cov_3.465978	524	657	6	19	133	0.1428571
NODE_137984_length_1745_cov_3.465978	524	657	7	10	133	0.0751880
NODE_137984_length_1745_cov_3.465978	524	657	8	17	133	0.1278196
NODE_137984_length_1745_cov_3.465978	524	657	10	11	133	0.0827068
NODE_137984_length_1745_cov_3.465978	524	657	11	6	133	0.0451128
NODE_137984_length_1745_cov_3.465978	524	657	12	4	133	0.0300752
NODE_137984_length_1745_cov_3.465978	524	657	13	3	133	0.0225564
NODE_137984_length_1745_cov_3.465978	524	657	14	5	133	0.0375940
NODE_137984_length_1745_cov_3.465978	524	657	15	6	133	0.0451128
NODE_137984_length_1745_cov_3.465978	524	657	16	30	133	0.2255639
NODE_137984_length_1745_cov_3.465978	524	657	17	17	133	0.1278196
NODE_137984_length_1745_cov_3.465978	524	657	18	4	133	0.0300752
NODE_137984_length_1745_cov_3.465978	524	657	19	1	133	0.0075188
NODE_1379_length_13706_cov_3.663629	10051	10184	1	5	133	0.0375940
NODE_1379_length_13706_cov_3.663629	10051	10184	3	80	133	0.6015037
NODE_1379_length_13706_cov_3.663629	10051	10184	4	4	133	0.0300752
NODE_1379_length_13706_cov_3.663629	10051	10184	5	25	133	0.1879699
NODE_1379_length_13706_cov_3.663629	10051	10184	6	8	133	0.0601504
NODE_1379_length_13706_cov_3.663629	10051	10184	7	11	133	0.0827068
NODE_138047_length_1744_cov_4.189666	1373	1506	14	4	133	0.0300752
NODE_138047_length_1744_cov_4.189666	1373	1506	15	8	133	0.0601504
NODE_138047_length_1744_cov_4.189666	1373	1506	16	19	133	0.1428571
NODE_138047_length_1744_cov_4.189666	1373	1506	17	3	133	0.0225564
NODE_138047_length_1744_cov_4.189666	1373	1506	18	19	133	0.1428571
NODE_138047_length_1744_cov_4.189666	1373	1506	20	4	133	0.0300752
NODE_138047_length_1744_cov_4.189666	1373	1506	21	29	133	0.2180451
NODE_138047_length_1744_cov_4.189666	1373	1506	22	25	133	0.1879699
NODE_138047_length_1744_cov_4.189666	1373	1506	23	20	133	0.1503759
NODE_138047_length_1744_cov_4.189666	1373	1506	24	1	133	0.0075188
NODE_138047_length_1744_cov_4.189666	1373	1506	25	1	133	0.0075188
NODE_138265_length_1742_cov_3.599513	1557	1690	5	19	133	0.1428571
NODE_138265_length_1742_cov_3.599513	1557	1690	6	13	133	0.0977444
NODE_138265_length_1742_cov_3.599513	1557	1690	7	6	133	0.0451128
NODE_138265_length_1742_cov_3.599513	1557	1690	8	9	133	0.0676692
NODE_138265_length_1742_cov_3.599513	1557	1690	9	15	133	0.1127820
NODE_138265_length_1742_cov_3.599513	1557	1690	10	10	133	0.0751880
NODE_138265_length_1742_cov_3.599513	1557	1690	11	41	133	0.3082707
NODE_138265_length_1742_cov_3.599513	1557	1690	12	20	133	0.1503759
NODE_13831_length_6519_cov_3.960280	1299	1432	1	59	133	0.4436090
NODE_13831_length_6519_cov_3.960280	1299	1432	3	12	133	0.0902256
NODE_13831_length_6519_cov_3.960280	1299	1432	4	3	133	0.0225564
NODE_13831_length_6519_cov_3.960280	1299	1432	5	59	133	0.4436090
NODE_13835_length_6518_cov_4.036766	4594	4727	4	3	133	0.0225564
NODE_13835_length_6518_cov_4.036766	4594	4727	5	5	133	0.0375940
NODE_13835_length_6518_cov_4.036766	4594	4727	6	4	133	0.0300752
NODE_13835_length_6518_cov_4.036766	4594	4727	7	25	133	0.1879699
NODE_13835_length_6518_cov_4.036766	4594	4727	8	36	133	0.2706767
NODE_13835_length_6518_cov_4.036766	4594	4727	9	23	133	0.1729323
NODE_13835_length_6518_cov_4.036766	4594	4727	10	4	133	0.0300752
NODE_13835_length_6518_cov_4.036766	4594	4727	11	19	133	0.1428571
NODE_13835_length_6518_cov_4.036766	4594	4727	12	5	133	0.0375940
NODE_13835_length_6518_cov_4.036766	4594	4727	13	9	133	0.0676692
NODE_138468_length_1740_cov_4.078611	1132	1265	6	38	133	0.2857143
NODE_138468_length_1740_cov_4.078611	1132	1265	7	8	133	0.0601504
NODE_138468_length_1740_cov_4.078611	1132	1265	8	70	133	0.5263158
NODE_138468_length_1740_cov_4.078611	1132	1265	9	16	133	0.1203008
NODE_138468_length_1740_cov_4.078611	1132	1265	10	1	133	0.0075188
NODE_13848_length_6516_cov_4.871435	1855	1988	17	1	133	0.0075188
NODE_13848_length_6516_cov_4.871435	1855	1988	18	4	133	0.0300752
NODE_13848_length_6516_cov_4.871435	1855	1988	20	2	133	0.0150376
NODE_13848_length_6516_cov_4.871435	1855	1988	21	1	133	0.0075188
NODE_13848_length_6516_cov_4.871435	1855	1988	22	7	133	0.0526316
NODE_13848_length_6516_cov_4.871435	1855	1988	23	6	133	0.0451128
NODE_13848_length_6516_cov_4.871435	1855	1988	24	6	133	0.0451128
NODE_13848_length_6516_cov_4.871435	1855	1988	26	14	133	0.1052632
NODE_13848_length_6516_cov_4.871435	1855	1988	27	2	133	0.0150376
NODE_13848_length_6516_cov_4.871435	1855	1988	29	1	133	0.0075188
NODE_13848_length_6516_cov_4.871435	1855	1988	30	1	133	0.0075188
NODE_13848_length_6516_cov_4.871435	1855	1988	31	13	133	0.0977444
NODE_13848_length_6516_cov_4.871435	1855	1988	32	4	133	0.0300752
NODE_13848_length_6516_cov_4.871435	1855	1988	33	11	133	0.0827068
NODE_13848_length_6516_cov_4.871435	1855	1988	34	8	133	0.0601504
NODE_13848_length_6516_cov_4.871435	1855	1988	35	6	133	0.0451128
NODE_13848_length_6516_cov_4.871435	1855	1988	36	15	133	0.1127820
NODE_13848_length_6516_cov_4.871435	1855	1988	37	11	133	0.0827068
NODE_13848_length_6516_cov_4.871435	1855	1988	38	17	133	0.1278196
NODE_13848_length_6516_cov_4.871435	1855	1988	39	3	133	0.0225564
NODE_13849_length_6516_cov_4.569892	499	632	12	10	133	0.0751880
NODE_13849_length_6516_cov_4.569892	499	632	13	1	133	0.0075188
NODE_13849_length_6516_cov_4.569892	499	632	14	2	133	0.0150376
NODE_13849_length_6516_cov_4.569892	499	632	15	21	133	0.1578947
NODE_13849_length_6516_cov_4.569892	499	632	16	18	133	0.1353384
NODE_13849_length_6516_cov_4.569892	499	632	18	30	133	0.2255639
NODE_13849_length_6516_cov_4.569892	499	632	19	28	133	0.2105263
NODE_13849_length_6516_cov_4.569892	499	632	20	17	133	0.1278196
NODE_13849_length_6516_cov_4.569892	499	632	21	2	133	0.0150376
NODE_13849_length_6516_cov_4.569892	499	632	22	4	133	0.0300752
NODE_138505_length_1740_cov_3.279707	1572	1705	0	29	133	0.2180451
NODE_138505_length_1740_cov_3.279707	1572	1705	1	104	133	0.7819549
NODE_13855_length_6515_cov_3.251870	703	836	1	14	133	0.1052632
NODE_13855_length_6515_cov_3.251870	703	836	2	114	133	0.8571429
NODE_13855_length_6515_cov_3.251870	703	836	3	5	133	0.0375940
NODE_138632_length_1738_cov_4.964002	261	394	3	10	133	0.0751880
NODE_138632_length_1738_cov_4.964002	261	394	4	2	133	0.0150376
NODE_138632_length_1738_cov_4.964002	261	394	5	29	133	0.2180451
NODE_138632_length_1738_cov_4.964002	261	394	6	3	133	0.0225564
NODE_138632_length_1738_cov_4.964002	261	394	7	89	133	0.6691729
NODE_138672_length_1738_cov_3.548505	360	493	0	85	133	0.6390978
NODE_138672_length_1738_cov_3.548505	360	493	2	48	133	0.3609022
NODE_138697_length_1738_cov_3.121415	1027	1160	0	18	133	0.1353384
NODE_138697_length_1738_cov_3.121415	1027	1160	1	22	133	0.1654135
NODE_138697_length_1738_cov_3.121415	1027	1160	2	18	133	0.1353384
NODE_138697_length_1738_cov_3.121415	1027	1160	4	6	133	0.0451128
NODE_138697_length_1738_cov_3.121415	1027	1160	5	33	133	0.2481203
NODE_138697_length_1738_cov_3.121415	1027	1160	6	8	133	0.0601504
NODE_138697_length_1738_cov_3.121415	1027	1160	7	28	133	0.2105263
NODE_13869_length_6511_cov_5.319401	2457	2590	1	12	133	0.0902256
NODE_13869_length_6511_cov_5.319401	2457	2590	2	31	133	0.2330827
NODE_13869_length_6511_cov_5.319401	2457	2590	3	2	133	0.0150376
NODE_13869_length_6511_cov_5.319401	2457	2590	4	19	133	0.1428571
NODE_13869_length_6511_cov_5.319401	2457	2590	5	41	133	0.3082707
NODE_13869_length_6511_cov_5.319401	2457	2590	6	28	133	0.2105263
NODE_138764_length_1737_cov_4.081197	1404	1537	83	1	133	0.0075188
NODE_138764_length_1737_cov_4.081197	1404	1537	84	3	133	0.0225564
NODE_138764_length_1737_cov_4.081197	1404	1537	85	5	133	0.0375940
NODE_138764_length_1737_cov_4.081197	1404	1537	87	2	133	0.0150376
NODE_138764_length_1737_cov_4.081197	1404	1537	88	1	133	0.0075188
NODE_138764_length_1737_cov_4.081197	1404	1537	89	2	133	0.0150376
NODE_138764_length_1737_cov_4.081197	1404	1537	90	2	133	0.0150376
NODE_138764_length_1737_cov_4.081197	1404	1537	91	18	133	0.1353384
NODE_138764_length_1737_cov_4.081197	1404	1537	92	3	133	0.0225564
NODE_138764_length_1737_cov_4.081197	1404	1537	93	2	133	0.0150376
NODE_138764_length_1737_cov_4.081197	1404	1537	94	1	133	0.0075188
NODE_138764_length_1737_cov_4.081197	1404	1537	95	2	133	0.0150376
NODE_138764_length_1737_cov_4.081197	1404	1537	96	8	133	0.0601504
NODE_138764_length_1737_cov_4.081197	1404	1537	97	3	133	0.0225564
NODE_138764_length_1737_cov_4.081197	1404	1537	98	5	133	0.0375940
NODE_138764_length_1737_cov_4.081197	1404	1537	99	3	133	0.0225564
NODE_138764_length_1737_cov_4.081197	1404	1537	101	1	133	0.0075188
NODE_138764_length_1737_cov_4.081197	1404	1537	103	1	133	0.0075188
NODE_138764_length_1737_cov_4.081197	1404	1537	104	3	133	0.0225564
NODE_138764_length_1737_cov_4.081197	1404	1537	106	3	133	0.0225564
NODE_138764_length_1737_cov_4.081197	1404	1537	107	2	133	0.0150376
NODE_138764_length_1737_cov_4.081197	1404	1537	108	3	133	0.0225564
NODE_138764_length_1737_cov_4.081197	1404	1537	109	1	133	0.0075188
NODE_138764_length_1737_cov_4.081197	1404	1537	113	1	133	0.0075188
NODE_138764_length_1737_cov_4.081197	1404	1537	114	1	133	0.0075188
NODE_138764_length_1737_cov_4.081197	1404	1537	115	11	133	0.0827068
NODE_138764_length_1737_cov_4.081197	1404	1537	116	8	133	0.0601504
NODE_138764_length_1737_cov_4.081197	1404	1537	117	4	133	0.0300752
NODE_138764_length_1737_cov_4.081197	1404	1537	118	5	133	0.0375940
NODE_138764_length_1737_cov_4.081197	1404	1537	119	4	133	0.0300752
NODE_138764_length_1737_cov_4.081197	1404	1537	120	2	133	0.0150376
NODE_138764_length_1737_cov_4.081197	1404	1537	121	6	133	0.0451128
NODE_138764_length_1737_cov_4.081197	1404	1537	122	2	133	0.0150376
NODE_138764_length_1737_cov_4.081197	1404	1537	123	3	133	0.0225564
NODE_138764_length_1737_cov_4.081197	1404	1537	124	5	133	0.0375940
NODE_138764_length_1737_cov_4.081197	1404	1537	125	5	133	0.0375940
NODE_138764_length_1737_cov_4.081197	1404	1537	126	1	133	0.0075188
NODE_138951_length_1735_cov_4.546455	474	607	3	18	133	0.1353384
NODE_138951_length_1735_cov_4.546455	474	607	4	38	133	0.2857143
NODE_138951_length_1735_cov_4.546455	474	607	5	26	133	0.1954887
NODE_138951_length_1735_cov_4.546455	474	607	6	6	133	0.0451128
NODE_138951_length_1735_cov_4.546455	474	607	7	24	133	0.1804511
NODE_138951_length_1735_cov_4.546455	474	607	8	21	133	0.1578947
NODE_138966_length_1735_cov_4.000611	208	341	5	31	133	0.2330827
NODE_138966_length_1735_cov_4.000611	208	341	6	5	133	0.0375940
NODE_138966_length_1735_cov_4.000611	208	341	7	16	133	0.1203008
NODE_138966_length_1735_cov_4.000611	208	341	8	30	133	0.2255639
NODE_138966_length_1735_cov_4.000611	208	341	9	51	133	0.3834586
NODE_13896_length_6506_cov_3.179647	2384	2517	9	43	133	0.3233083
NODE_13896_length_6506_cov_3.179647	2384	2517	10	3	133	0.0225564
NODE_13896_length_6506_cov_3.179647	2384	2517	11	21	133	0.1578947
NODE_13896_length_6506_cov_3.179647	2384	2517	12	6	133	0.0451128
NODE_13896_length_6506_cov_3.179647	2384	2517	13	48	133	0.3609022
NODE_13896_length_6506_cov_3.179647	2384	2517	14	12	133	0.0902256
NODE_139104_length_1734_cov_2.930275	433	566	2	42	133	0.3157895
NODE_139104_length_1734_cov_2.930275	433	566	3	26	133	0.1954887
NODE_139104_length_1734_cov_2.930275	433	566	5	37	133	0.2781955
NODE_139104_length_1734_cov_2.930275	433	566	6	28	133	0.2105263
NODE_139250_length_1732_cov_3.938763	867	1000	4	4	133	0.0300752
NODE_139250_length_1732_cov_3.938763	867	1000	6	15	133	0.1127820
NODE_139250_length_1732_cov_3.938763	867	1000	7	33	133	0.2481203
NODE_139250_length_1732_cov_3.938763	867	1000	8	41	133	0.3082707
NODE_139250_length_1732_cov_3.938763	867	1000	9	21	133	0.1578947
NODE_139250_length_1732_cov_3.938763	867	1000	11	19	133	0.1428571
NODE_13940_length_6497_cov_3.959987	46	179	4	41	133	0.3082707
NODE_13940_length_6497_cov_3.959987	46	179	5	9	133	0.0676692
NODE_13940_length_6497_cov_3.959987	46	179	6	38	133	0.2857143
NODE_13940_length_6497_cov_3.959987	46	179	7	45	133	0.3383459
NODE_139414_length_1730_cov_4.933170	674	807	13	5	133	0.0375940
NODE_139414_length_1730_cov_4.933170	674	807	14	2	133	0.0150376
NODE_139414_length_1730_cov_4.933170	674	807	15	3	133	0.0225564
NODE_139414_length_1730_cov_4.933170	674	807	16	11	133	0.0827068
NODE_139414_length_1730_cov_4.933170	674	807	17	5	133	0.0375940
NODE_139414_length_1730_cov_4.933170	674	807	18	9	133	0.0676692
NODE_139414_length_1730_cov_4.933170	674	807	19	11	133	0.0827068
NODE_139414_length_1730_cov_4.933170	674	807	20	8	133	0.0601504
NODE_139414_length_1730_cov_4.933170	674	807	21	15	133	0.1127820
NODE_139414_length_1730_cov_4.933170	674	807	22	6	133	0.0451128
NODE_139414_length_1730_cov_4.933170	674	807	23	1	133	0.0075188
NODE_139414_length_1730_cov_4.933170	674	807	24	4	133	0.0300752
NODE_139414_length_1730_cov_4.933170	674	807	25	11	133	0.0827068
NODE_139414_length_1730_cov_4.933170	674	807	26	21	133	0.1578947
NODE_139414_length_1730_cov_4.933170	674	807	27	21	133	0.1578947
NODE_13965_length_6493_cov_4.140913	6003	6136	3	4	133	0.0300752
NODE_13965_length_6493_cov_4.140913	6003	6136	4	18	133	0.1353384
NODE_13965_length_6493_cov_4.140913	6003	6136	5	21	133	0.1578947
NODE_13965_length_6493_cov_4.140913	6003	6136	6	5	133	0.0375940
NODE_13965_length_6493_cov_4.140913	6003	6136	7	11	133	0.0827068
NODE_13965_length_6493_cov_4.140913	6003	6136	8	35	133	0.2631579
NODE_13965_length_6493_cov_4.140913	6003	6136	9	25	133	0.1879699
NODE_13965_length_6493_cov_4.140913	6003	6136	10	10	133	0.0751880
NODE_13965_length_6493_cov_4.140913	6003	6136	12	4	133	0.0300752
NODE_13970_length_6492_cov_8.010167	5711	5844	1	8	133	0.0601504
NODE_13970_length_6492_cov_8.010167	5711	5844	3	8	133	0.0601504
NODE_13970_length_6492_cov_8.010167	5711	5844	4	39	133	0.2932331
NODE_13970_length_6492_cov_8.010167	5711	5844	5	6	133	0.0451128
NODE_13970_length_6492_cov_8.010167	5711	5844	6	27	133	0.2030075
NODE_13970_length_6492_cov_8.010167	5711	5844	7	2	133	0.0150376
NODE_13970_length_6492_cov_8.010167	5711	5844	8	43	133	0.3233083
NODE_13975_length_6492_cov_4.356484	4209	4342	9	14	133	0.1052632
NODE_13975_length_6492_cov_4.356484	4209	4342	10	25	133	0.1879699
NODE_13975_length_6492_cov_4.356484	4209	4342	11	13	133	0.0977444
NODE_13975_length_6492_cov_4.356484	4209	4342	12	31	133	0.2330827
NODE_13975_length_6492_cov_4.356484	4209	4342	13	46	133	0.3458647
NODE_13975_length_6492_cov_4.356484	4209	4342	14	4	133	0.0300752
NODE_13979_length_6491_cov_5.298967	3538	3671	11	7	133	0.0526316
NODE_13979_length_6491_cov_5.298967	3538	3671	12	15	133	0.1127820
NODE_13979_length_6491_cov_5.298967	3538	3671	14	11	133	0.0827068
NODE_13979_length_6491_cov_5.298967	3538	3671	15	2	133	0.0150376
NODE_13979_length_6491_cov_5.298967	3538	3671	16	3	133	0.0225564
NODE_13979_length_6491_cov_5.298967	3538	3671	17	3	133	0.0225564
NODE_13979_length_6491_cov_5.298967	3538	3671	18	4	133	0.0300752
NODE_13979_length_6491_cov_5.298967	3538	3671	19	4	133	0.0300752
NODE_13979_length_6491_cov_5.298967	3538	3671	20	6	133	0.0451128
NODE_13979_length_6491_cov_5.298967	3538	3671	21	17	133	0.1278196
NODE_13979_length_6491_cov_5.298967	3538	3671	22	4	133	0.0300752
NODE_13979_length_6491_cov_5.298967	3538	3671	23	14	133	0.1052632
NODE_13979_length_6491_cov_5.298967	3538	3671	24	9	133	0.0676692
NODE_13979_length_6491_cov_5.298967	3538	3671	25	21	133	0.1578947
NODE_13979_length_6491_cov_5.298967	3538	3671	26	13	133	0.0977444
NODE_13981_length_6491_cov_4.419743	1080	1213	3	41	133	0.3082707
NODE_13981_length_6491_cov_4.419743	1080	1213	4	90	133	0.6766917
NODE_13981_length_6491_cov_4.419743	1080	1213	5	2	133	0.0150376
NODE_139877_length_1725_cov_5.252768	1047	1180	2	39	133	0.2932331
NODE_139877_length_1725_cov_5.252768	1047	1180	3	12	133	0.0902256
NODE_139877_length_1725_cov_5.252768	1047	1180	4	75	133	0.5639098
NODE_139877_length_1725_cov_5.252768	1047	1180	5	7	133	0.0526316
NODE_139975_length_1724_cov_6.738462	357	490	2	10	133	0.0751880
NODE_139975_length_1724_cov_6.738462	357	490	3	15	133	0.1127820
NODE_139975_length_1724_cov_6.738462	357	490	5	18	133	0.1353384
NODE_139975_length_1724_cov_6.738462	357	490	6	51	133	0.3834586
NODE_139975_length_1724_cov_6.738462	357	490	7	21	133	0.1578947
NODE_139975_length_1724_cov_6.738462	357	490	8	18	133	0.1353384
NODE_13997_length_6489_cov_3.395775	3949	4082	0	33	133	0.2481203
NODE_13997_length_6489_cov_3.395775	3949	4082	1	59	133	0.4436090
NODE_13997_length_6489_cov_3.395775	3949	4082	3	41	133	0.3082707
NODE_13_length_36121_cov_6.982844	14594	14727	8	18	133	0.1353384
NODE_13_length_36121_cov_6.982844	14594	14727	9	2	133	0.0150376
NODE_13_length_36121_cov_6.982844	14594	14727	10	6	133	0.0451128
NODE_13_length_36121_cov_6.982844	14594	14727	11	27	133	0.2030075
NODE_13_length_36121_cov_6.982844	14594	14727	12	31	133	0.2330827
NODE_13_length_36121_cov_6.982844	14594	14727	13	44	133	0.3308271
NODE_13_length_36121_cov_6.982844	14594	14727	14	5	133	0.0375940
NODE_140027_length_1724_cov_3.865846	1049	1182	12	4	133	0.0300752
NODE_140027_length_1724_cov_3.865846	1049	1182	13	4	133	0.0300752
NODE_140027_length_1724_cov_3.865846	1049	1182	14	4	133	0.0300752
NODE_140027_length_1724_cov_3.865846	1049	1182	16	2	133	0.0150376
NODE_140027_length_1724_cov_3.865846	1049	1182	18	4	133	0.0300752
NODE_140027_length_1724_cov_3.865846	1049	1182	19	2	133	0.0150376
NODE_140027_length_1724_cov_3.865846	1049	1182	20	1	133	0.0075188
NODE_140027_length_1724_cov_3.865846	1049	1182	21	1	133	0.0075188
NODE_140027_length_1724_cov_3.865846	1049	1182	22	6	133	0.0451128
NODE_140027_length_1724_cov_3.865846	1049	1182	23	31	133	0.2330827
NODE_140027_length_1724_cov_3.865846	1049	1182	24	39	133	0.2932331
NODE_140027_length_1724_cov_3.865846	1049	1182	25	29	133	0.2180451
NODE_140027_length_1724_cov_3.865846	1049	1182	26	6	133	0.0451128
NODE_14012_length_6486_cov_3.704400	6245	6378	4	1	133	0.0075188
NODE_14012_length_6486_cov_3.704400	6245	6378	5	33	133	0.2481203
NODE_14012_length_6486_cov_3.704400	6245	6378	6	3	133	0.0225564
NODE_14012_length_6486_cov_3.704400	6245	6378	7	15	133	0.1127820
NODE_14012_length_6486_cov_3.704400	6245	6378	8	5	133	0.0375940
NODE_14012_length_6486_cov_3.704400	6245	6378	9	76	133	0.5714286
NODE_14014_length_6485_cov_4.668337	2491	2624	7	1	133	0.0075188
NODE_14014_length_6485_cov_4.668337	2491	2624	8	9	133	0.0676692
NODE_14014_length_6485_cov_4.668337	2491	2624	9	8	133	0.0601504
NODE_14014_length_6485_cov_4.668337	2491	2624	11	5	133	0.0375940
NODE_14014_length_6485_cov_4.668337	2491	2624	12	9	133	0.0676692
NODE_14014_length_6485_cov_4.668337	2491	2624	13	1	133	0.0075188
NODE_14014_length_6485_cov_4.668337	2491	2624	15	8	133	0.0601504
NODE_14014_length_6485_cov_4.668337	2491	2624	16	11	133	0.0827068
NODE_14014_length_6485_cov_4.668337	2491	2624	17	12	133	0.0902256
NODE_14014_length_6485_cov_4.668337	2491	2624	18	16	133	0.1203008
NODE_14014_length_6485_cov_4.668337	2491	2624	19	8	133	0.0601504
NODE_14014_length_6485_cov_4.668337	2491	2624	20	17	133	0.1278196
NODE_14014_length_6485_cov_4.668337	2491	2624	21	14	133	0.1052632
NODE_14014_length_6485_cov_4.668337	2491	2624	22	14	133	0.1052632
NODE_140170_length_1723_cov_2.983374	151	284	0	23	133	0.1729323
NODE_140170_length_1723_cov_2.983374	151	284	1	54	133	0.4060150
NODE_140170_length_1723_cov_2.983374	151	284	3	21	133	0.1578947
NODE_140170_length_1723_cov_2.983374	151	284	4	35	133	0.2631579
NODE_140408_length_1720_cov_4.732264	1597	1730	0	10	133	0.0751880
NODE_140408_length_1720_cov_4.732264	1597	1730	4	1	133	0.0075188
NODE_140408_length_1720_cov_4.732264	1597	1730	6	13	133	0.0977444
NODE_140408_length_1720_cov_4.732264	1597	1730	8	6	133	0.0451128
NODE_140408_length_1720_cov_4.732264	1597	1730	9	33	133	0.2481203
NODE_140408_length_1720_cov_4.732264	1597	1730	10	39	133	0.2932331
NODE_140408_length_1720_cov_4.732264	1597	1730	11	21	133	0.1578947
NODE_140408_length_1720_cov_4.732264	1597	1730	12	10	133	0.0751880
NODE_140479_length_1719_cov_5.112346	1070	1203	12	1	133	0.0075188
NODE_140479_length_1719_cov_5.112346	1070	1203	13	3	133	0.0225564
NODE_140479_length_1719_cov_5.112346	1070	1203	14	16	133	0.1203008
NODE_140479_length_1719_cov_5.112346	1070	1203	15	34	133	0.2556391
NODE_140479_length_1719_cov_5.112346	1070	1203	16	62	133	0.4661654
NODE_140479_length_1719_cov_5.112346	1070	1203	17	14	133	0.1052632
NODE_140479_length_1719_cov_5.112346	1070	1203	18	3	133	0.0225564
NODE_140565_length_1718_cov_6.537369	903	1036	0	4	133	0.0300752
NODE_140565_length_1718_cov_6.537369	903	1036	1	3	133	0.0225564
NODE_140565_length_1718_cov_6.537369	903	1036	2	45	133	0.3383459
NODE_140565_length_1718_cov_6.537369	903	1036	3	39	133	0.2932331
NODE_140565_length_1718_cov_6.537369	903	1036	4	26	133	0.1954887
NODE_140565_length_1718_cov_6.537369	903	1036	6	16	133	0.1203008
NODE_140573_length_1718_cov_5.134651	704	837	5	25	133	0.1879699
NODE_140573_length_1718_cov_5.134651	704	837	6	68	133	0.5112782
NODE_140573_length_1718_cov_5.134651	704	837	7	11	133	0.0827068
NODE_140573_length_1718_cov_5.134651	704	837	8	20	133	0.1503759
NODE_140573_length_1718_cov_5.134651	704	837	9	6	133	0.0451128
NODE_140573_length_1718_cov_5.134651	704	837	10	3	133	0.0225564
NODE_140616_length_1718_cov_3.877702	250	383	3	14	133	0.1052632
NODE_140616_length_1718_cov_3.877702	250	383	6	27	133	0.2030075
NODE_140616_length_1718_cov_3.877702	250	383	7	8	133	0.0601504
NODE_140616_length_1718_cov_3.877702	250	383	8	9	133	0.0676692
NODE_140616_length_1718_cov_3.877702	250	383	9	35	133	0.2631579
NODE_140616_length_1718_cov_3.877702	250	383	10	40	133	0.3007519
NODE_14072_length_6474_cov_4.805647	5348	5481	2	1	133	0.0075188
NODE_14072_length_6474_cov_4.805647	5348	5481	3	51	133	0.3834586
NODE_14072_length_6474_cov_4.805647	5348	5481	4	2	133	0.0150376
NODE_14072_length_6474_cov_4.805647	5348	5481	5	4	133	0.0300752
NODE_14072_length_6474_cov_4.805647	5348	5481	6	17	133	0.1278196
NODE_14072_length_6474_cov_4.805647	5348	5481	7	58	133	0.4360902
NODE_140793_length_1716_cov_4.568955	326	459	7	5	133	0.0375940
NODE_140793_length_1716_cov_4.568955	326	459	8	5	133	0.0375940
NODE_140793_length_1716_cov_4.568955	326	459	9	41	133	0.3082707
NODE_140793_length_1716_cov_4.568955	326	459	10	44	133	0.3308271
NODE_140793_length_1716_cov_4.568955	326	459	11	38	133	0.2857143
NODE_140831_length_1716_cov_3.581942	593	726	29	5	133	0.0375940
NODE_140831_length_1716_cov_3.581942	593	726	30	8	133	0.0601504
NODE_140831_length_1716_cov_3.581942	593	726	31	11	133	0.0827068
NODE_140831_length_1716_cov_3.581942	593	726	32	26	133	0.1954887
NODE_140831_length_1716_cov_3.581942	593	726	33	21	133	0.1578947
NODE_140831_length_1716_cov_3.581942	593	726	34	24	133	0.1804511
NODE_140831_length_1716_cov_3.581942	593	726	35	13	133	0.0977444
NODE_140831_length_1716_cov_3.581942	593	726	36	6	133	0.0451128
NODE_140831_length_1716_cov_3.581942	593	726	37	11	133	0.0827068
NODE_140831_length_1716_cov_3.581942	593	726	38	2	133	0.0150376
NODE_140831_length_1716_cov_3.581942	593	726	39	6	133	0.0451128
NODE_140912_length_1715_cov_4.025371	1334	1467	0	18	133	0.1353384
NODE_140912_length_1715_cov_4.025371	1334	1467	18	4	133	0.0300752
NODE_140912_length_1715_cov_4.025371	1334	1467	19	2	133	0.0150376
NODE_140912_length_1715_cov_4.025371	1334	1467	21	10	133	0.0751880
NODE_140912_length_1715_cov_4.025371	1334	1467	22	12	133	0.0902256
NODE_140912_length_1715_cov_4.025371	1334	1467	25	2	133	0.0150376
NODE_140912_length_1715_cov_4.025371	1334	1467	27	4	133	0.0300752
NODE_140912_length_1715_cov_4.025371	1334	1467	28	2	133	0.0150376
NODE_140912_length_1715_cov_4.025371	1334	1467	29	2	133	0.0150376
NODE_140912_length_1715_cov_4.025371	1334	1467	30	5	133	0.0375940
NODE_140912_length_1715_cov_4.025371	1334	1467	31	1	133	0.0075188
NODE_140912_length_1715_cov_4.025371	1334	1467	33	2	133	0.0150376
NODE_140912_length_1715_cov_4.025371	1334	1467	34	12	133	0.0902256
NODE_140912_length_1715_cov_4.025371	1334	1467	35	10	133	0.0751880
NODE_140912_length_1715_cov_4.025371	1334	1467	36	5	133	0.0375940
NODE_140912_length_1715_cov_4.025371	1334	1467	37	8	133	0.0601504
NODE_140912_length_1715_cov_4.025371	1334	1467	38	14	133	0.1052632
NODE_140912_length_1715_cov_4.025371	1334	1467	39	20	133	0.1503759
NODE_14098_length_6470_cov_3.080835	4236	4369	0	12	133	0.0902256
NODE_14098_length_6470_cov_3.080835	4236	4369	1	65	133	0.4887218
NODE_14098_length_6470_cov_3.080835	4236	4369	2	56	133	0.4210526
NODE_14104_length_6468_cov_5.977390	4200	4333	7	8	133	0.0601504
NODE_14104_length_6468_cov_5.977390	4200	4333	8	32	133	0.2406015
NODE_14104_length_6468_cov_5.977390	4200	4333	11	10	133	0.0751880
NODE_14104_length_6468_cov_5.977390	4200	4333	12	25	133	0.1879699
NODE_14104_length_6468_cov_5.977390	4200	4333	13	10	133	0.0751880
NODE_14104_length_6468_cov_5.977390	4200	4333	14	20	133	0.1503759
NODE_14104_length_6468_cov_5.977390	4200	4333	15	28	133	0.2105263
NODE_141089_length_1713_cov_4.611524	441	574	4	12	133	0.0902256
NODE_141089_length_1713_cov_4.611524	441	574	5	9	133	0.0676692
NODE_141089_length_1713_cov_4.611524	441	574	6	15	133	0.1127820
NODE_141089_length_1713_cov_4.611524	441	574	7	94	133	0.7067669
NODE_141089_length_1713_cov_4.611524	441	574	8	3	133	0.0225564
NODE_141103_length_1713_cov_4.136307	1027	1160	13	1	133	0.0075188
NODE_141103_length_1713_cov_4.136307	1027	1160	14	1	133	0.0075188
NODE_141103_length_1713_cov_4.136307	1027	1160	16	10	133	0.0751880
NODE_141103_length_1713_cov_4.136307	1027	1160	17	2	133	0.0150376
NODE_141103_length_1713_cov_4.136307	1027	1160	19	7	133	0.0526316
NODE_141103_length_1713_cov_4.136307	1027	1160	21	6	133	0.0451128
NODE_141103_length_1713_cov_4.136307	1027	1160	22	5	133	0.0375940
NODE_141103_length_1713_cov_4.136307	1027	1160	23	6	133	0.0451128
NODE_141103_length_1713_cov_4.136307	1027	1160	24	4	133	0.0300752
NODE_141103_length_1713_cov_4.136307	1027	1160	27	1	133	0.0075188
NODE_141103_length_1713_cov_4.136307	1027	1160	28	5	133	0.0375940
NODE_141103_length_1713_cov_4.136307	1027	1160	29	1	133	0.0075188
NODE_141103_length_1713_cov_4.136307	1027	1160	31	2	133	0.0150376
NODE_141103_length_1713_cov_4.136307	1027	1160	32	7	133	0.0526316
NODE_141103_length_1713_cov_4.136307	1027	1160	33	13	133	0.0977444
NODE_141103_length_1713_cov_4.136307	1027	1160	34	13	133	0.0977444
NODE_141103_length_1713_cov_4.136307	1027	1160	35	13	133	0.0977444
NODE_141103_length_1713_cov_4.136307	1027	1160	36	20	133	0.1503759
NODE_141103_length_1713_cov_4.136307	1027	1160	37	14	133	0.1052632
NODE_141103_length_1713_cov_4.136307	1027	1160	38	2	133	0.0150376
NODE_141226_length_1712_cov_3.030998	647	780	11	5	133	0.0375940
NODE_141226_length_1712_cov_3.030998	647	780	12	8	133	0.0601504
NODE_141226_length_1712_cov_3.030998	647	780	13	14	133	0.1052632
NODE_141226_length_1712_cov_3.030998	647	780	14	4	133	0.0300752
NODE_141226_length_1712_cov_3.030998	647	780	15	59	133	0.4436090
NODE_141226_length_1712_cov_3.030998	647	780	16	20	133	0.1503759
NODE_141226_length_1712_cov_3.030998	647	780	17	6	133	0.0451128
NODE_141226_length_1712_cov_3.030998	647	780	18	17	133	0.1278196
NODE_141279_length_1711_cov_4.586849	385	518	20	2	133	0.0150376
NODE_141279_length_1711_cov_4.586849	385	518	21	2	133	0.0150376
NODE_141279_length_1711_cov_4.586849	385	518	24	6	133	0.0451128
NODE_141279_length_1711_cov_4.586849	385	518	25	5	133	0.0375940
NODE_141279_length_1711_cov_4.586849	385	518	26	2	133	0.0150376
NODE_141279_length_1711_cov_4.586849	385	518	27	22	133	0.1654135
NODE_141279_length_1711_cov_4.586849	385	518	29	3	133	0.0225564
NODE_141279_length_1711_cov_4.586849	385	518	30	6	133	0.0451128
NODE_141279_length_1711_cov_4.586849	385	518	32	5	133	0.0375940
NODE_141279_length_1711_cov_4.586849	385	518	33	2	133	0.0150376
NODE_141279_length_1711_cov_4.586849	385	518	35	16	133	0.1203008
NODE_141279_length_1711_cov_4.586849	385	518	36	26	133	0.1954887
NODE_141279_length_1711_cov_4.586849	385	518	37	4	133	0.0300752
NODE_141279_length_1711_cov_4.586849	385	518	38	10	133	0.0751880
NODE_141279_length_1711_cov_4.586849	385	518	39	3	133	0.0225564
NODE_141279_length_1711_cov_4.586849	385	518	40	7	133	0.0526316
NODE_141279_length_1711_cov_4.586849	385	518	41	4	133	0.0300752
NODE_141279_length_1711_cov_4.586849	385	518	42	8	133	0.0601504
NODE_14129_length_6464_cov_3.984918	1248	1381	0	49	133	0.3684210
NODE_14129_length_6464_cov_3.984918	1248	1381	1	84	133	0.6315789
NODE_1412_length_13621_cov_4.556131	10914	11047	18	2	133	0.0150376
NODE_1412_length_13621_cov_4.556131	10914	11047	19	25	133	0.1879699
NODE_1412_length_13621_cov_4.556131	10914	11047	20	24	133	0.1804511
NODE_1412_length_13621_cov_4.556131	10914	11047	21	29	133	0.2180451
NODE_1412_length_13621_cov_4.556131	10914	11047	22	25	133	0.1879699
NODE_1412_length_13621_cov_4.556131	10914	11047	23	13	133	0.0977444
NODE_1412_length_13621_cov_4.556131	10914	11047	24	15	133	0.1127820
NODE_141424_length_1710_cov_2.728740	641	774	1	6	133	0.0451128
NODE_141424_length_1710_cov_2.728740	641	774	2	1	133	0.0075188
NODE_141424_length_1710_cov_2.728740	641	774	3	2	133	0.0150376
NODE_141424_length_1710_cov_2.728740	641	774	4	6	133	0.0451128
NODE_141424_length_1710_cov_2.728740	641	774	6	6	133	0.0451128
NODE_141424_length_1710_cov_2.728740	641	774	7	4	133	0.0300752
NODE_141424_length_1710_cov_2.728740	641	774	9	26	133	0.1954887
NODE_141424_length_1710_cov_2.728740	641	774	10	5	133	0.0375940
NODE_141424_length_1710_cov_2.728740	641	774	13	12	133	0.0902256
NODE_141424_length_1710_cov_2.728740	641	774	17	65	133	0.4887218
NODE_141428_length_1710_cov_2.550590	1217	1350	16	2	133	0.0150376
NODE_141428_length_1710_cov_2.550590	1217	1350	18	1	133	0.0075188
NODE_141428_length_1710_cov_2.550590	1217	1350	19	1	133	0.0075188
NODE_141428_length_1710_cov_2.550590	1217	1350	20	12	133	0.0902256
NODE_141428_length_1710_cov_2.550590	1217	1350	21	4	133	0.0300752
NODE_141428_length_1710_cov_2.550590	1217	1350	23	3	133	0.0225564
NODE_141428_length_1710_cov_2.550590	1217	1350	24	11	133	0.0827068
NODE_141428_length_1710_cov_2.550590	1217	1350	25	1	133	0.0075188
NODE_141428_length_1710_cov_2.550590	1217	1350	26	3	133	0.0225564
NODE_141428_length_1710_cov_2.550590	1217	1350	27	1	133	0.0075188
NODE_141428_length_1710_cov_2.550590	1217	1350	29	6	133	0.0451128
NODE_141428_length_1710_cov_2.550590	1217	1350	30	15	133	0.1127820
NODE_141428_length_1710_cov_2.550590	1217	1350	31	6	133	0.0451128
NODE_141428_length_1710_cov_2.550590	1217	1350	32	8	133	0.0601504
NODE_141428_length_1710_cov_2.550590	1217	1350	34	13	133	0.0977444
NODE_141428_length_1710_cov_2.550590	1217	1350	35	20	133	0.1503759
NODE_141428_length_1710_cov_2.550590	1217	1350	36	6	133	0.0451128
NODE_141428_length_1710_cov_2.550590	1217	1350	37	11	133	0.0827068
NODE_141428_length_1710_cov_2.550590	1217	1350	38	7	133	0.0526316
NODE_141428_length_1710_cov_2.550590	1217	1350	39	2	133	0.0150376
NODE_141433_length_1710_cov_2.286158	397	530	4	23	133	0.1729323
NODE_141433_length_1710_cov_2.286158	397	530	5	88	133	0.6616541
NODE_141433_length_1710_cov_2.286158	397	530	6	22	133	0.1654135
NODE_141648_length_1707_cov_5.272388	257	390	7	43	133	0.3233083
NODE_141648_length_1707_cov_5.272388	257	390	8	28	133	0.2105263
NODE_141648_length_1707_cov_5.272388	257	390	9	39	133	0.2932331
NODE_141648_length_1707_cov_5.272388	257	390	10	23	133	0.1729323
NODE_141667_length_1707_cov_4.405473	139	272	12	13	133	0.0977444
NODE_141667_length_1707_cov_4.405473	139	272	14	2	133	0.0150376
NODE_141667_length_1707_cov_4.405473	139	272	15	6	133	0.0451128
NODE_141667_length_1707_cov_4.405473	139	272	16	2	133	0.0150376
NODE_141667_length_1707_cov_4.405473	139	272	17	4	133	0.0300752
NODE_141667_length_1707_cov_4.405473	139	272	18	10	133	0.0751880
NODE_141667_length_1707_cov_4.405473	139	272	19	34	133	0.2556391
NODE_141667_length_1707_cov_4.405473	139	272	20	7	133	0.0526316
NODE_141667_length_1707_cov_4.405473	139	272	21	2	133	0.0150376
NODE_141667_length_1707_cov_4.405473	139	272	22	9	133	0.0676692
NODE_141667_length_1707_cov_4.405473	139	272	23	1	133	0.0075188
NODE_141667_length_1707_cov_4.405473	139	272	24	5	133	0.0375940
NODE_141667_length_1707_cov_4.405473	139	272	25	28	133	0.2105263
NODE_141667_length_1707_cov_4.405473	139	272	26	10	133	0.0751880
NODE_141730_length_1706_cov_5.708152	281	414	12	11	133	0.0827068
NODE_141730_length_1706_cov_5.708152	281	414	13	20	133	0.1503759
NODE_141730_length_1706_cov_5.708152	281	414	14	13	133	0.0977444
NODE_141730_length_1706_cov_5.708152	281	414	15	7	133	0.0526316
NODE_141730_length_1706_cov_5.708152	281	414	16	1	133	0.0075188
NODE_141730_length_1706_cov_5.708152	281	414	17	22	133	0.1654135
NODE_141730_length_1706_cov_5.708152	281	414	18	26	133	0.1954887
NODE_141730_length_1706_cov_5.708152	281	414	19	22	133	0.1654135
NODE_141730_length_1706_cov_5.708152	281	414	20	11	133	0.0827068
NODE_14188_length_6453_cov_4.149355	2697	2830	15	20	133	0.1503759
NODE_14188_length_6453_cov_4.149355	2697	2830	16	7	133	0.0526316
NODE_14188_length_6453_cov_4.149355	2697	2830	17	1	133	0.0075188
NODE_14188_length_6453_cov_4.149355	2697	2830	18	12	133	0.0902256
NODE_14188_length_6453_cov_4.149355	2697	2830	19	7	133	0.0526316
NODE_14188_length_6453_cov_4.149355	2697	2830	20	23	133	0.1729323
NODE_14188_length_6453_cov_4.149355	2697	2830	21	52	133	0.3909774
NODE_14188_length_6453_cov_4.149355	2697	2830	22	11	133	0.0827068
NODE_141937_length_1704_cov_4.769470	134	267	5	21	133	0.1578947
NODE_141937_length_1704_cov_4.769470	134	267	6	41	133	0.3082707
NODE_141937_length_1704_cov_4.769470	134	267	7	8	133	0.0601504
NODE_141937_length_1704_cov_4.769470	134	267	8	5	133	0.0375940
NODE_141937_length_1704_cov_4.769470	134	267	9	5	133	0.0375940
NODE_141937_length_1704_cov_4.769470	134	267	10	7	133	0.0526316
NODE_141937_length_1704_cov_4.769470	134	267	11	9	133	0.0676692
NODE_141937_length_1704_cov_4.769470	134	267	12	8	133	0.0601504
NODE_141937_length_1704_cov_4.769470	134	267	13	16	133	0.1203008
NODE_141937_length_1704_cov_4.769470	134	267	14	13	133	0.0977444
NODE_1419_length_13610_cov_5.728888	7742	7875	1	10	133	0.0751880
NODE_1419_length_13610_cov_5.728888	7742	7875	2	25	133	0.1879699
NODE_1419_length_13610_cov_5.728888	7742	7875	4	33	133	0.2481203
NODE_1419_length_13610_cov_5.728888	7742	7875	6	6	133	0.0451128
NODE_1419_length_13610_cov_5.728888	7742	7875	7	33	133	0.2481203
NODE_1419_length_13610_cov_5.728888	7742	7875	8	26	133	0.1954887
NODE_141_length_23108_cov_4.209396	7317	7450	0	6	133	0.0451128
NODE_141_length_23108_cov_4.209396	7317	7450	2	10	133	0.0751880
NODE_141_length_23108_cov_4.209396	7317	7450	3	8	133	0.0601504
NODE_141_length_23108_cov_4.209396	7317	7450	4	13	133	0.0977444
NODE_141_length_23108_cov_4.209396	7317	7450	5	55	133	0.4135338
NODE_141_length_23108_cov_4.209396	7317	7450	6	4	133	0.0300752
NODE_141_length_23108_cov_4.209396	7317	7450	8	37	133	0.2781955
NODE_142051_length_1703_cov_4.663965	371	504	5	21	133	0.1578947
NODE_142051_length_1703_cov_4.663965	371	504	6	4	133	0.0300752
NODE_142051_length_1703_cov_4.663965	371	504	7	50	133	0.3759398
NODE_142051_length_1703_cov_4.663965	371	504	8	30	133	0.2255639
NODE_142051_length_1703_cov_4.663965	371	504	9	28	133	0.2105263
NODE_142075_length_1703_cov_3.817955	1095	1228	10	21	133	0.1578947
NODE_142075_length_1703_cov_3.817955	1095	1228	11	21	133	0.1578947
NODE_142075_length_1703_cov_3.817955	1095	1228	12	19	133	0.1428571
NODE_142075_length_1703_cov_3.817955	1095	1228	13	8	133	0.0601504
NODE_142075_length_1703_cov_3.817955	1095	1228	14	24	133	0.1804511
NODE_142075_length_1703_cov_3.817955	1095	1228	15	6	133	0.0451128
NODE_142075_length_1703_cov_3.817955	1095	1228	16	24	133	0.1804511
NODE_142075_length_1703_cov_3.817955	1095	1228	17	6	133	0.0451128
NODE_142075_length_1703_cov_3.817955	1095	1228	18	4	133	0.0300752
NODE_142161_length_1702_cov_4.353088	816	949	0	13	133	0.0977444
NODE_142161_length_1702_cov_4.353088	816	949	1	67	133	0.5037594
NODE_142161_length_1702_cov_4.353088	816	949	2	53	133	0.3984962
NODE_142169_length_1702_cov_4.025577	1216	1349	21	5	133	0.0375940
NODE_142169_length_1702_cov_4.025577	1216	1349	22	10	133	0.0751880
NODE_142169_length_1702_cov_4.025577	1216	1349	23	11	133	0.0827068
NODE_142169_length_1702_cov_4.025577	1216	1349	24	8	133	0.0601504
NODE_142169_length_1702_cov_4.025577	1216	1349	26	5	133	0.0375940
NODE_142169_length_1702_cov_4.025577	1216	1349	27	17	133	0.1278196
NODE_142169_length_1702_cov_4.025577	1216	1349	28	17	133	0.1278196
NODE_142169_length_1702_cov_4.025577	1216	1349	29	28	133	0.2105263
NODE_142169_length_1702_cov_4.025577	1216	1349	30	23	133	0.1729323
NODE_142169_length_1702_cov_4.025577	1216	1349	31	9	133	0.0676692
NODE_142230_length_1701_cov_5.685393	651	784	5	33	133	0.2481203
NODE_142230_length_1701_cov_5.685393	651	784	6	22	133	0.1654135
NODE_142230_length_1701_cov_5.685393	651	784	8	5	133	0.0375940
NODE_142230_length_1701_cov_5.685393	651	784	9	40	133	0.3007519
NODE_142230_length_1701_cov_5.685393	651	784	10	33	133	0.2481203
NODE_14223_length_6444_cov_5.375571	151	284	3	23	133	0.1729323
NODE_14223_length_6444_cov_5.375571	151	284	5	14	133	0.1052632
NODE_14223_length_6444_cov_5.375571	151	284	6	8	133	0.0601504
NODE_14223_length_6444_cov_5.375571	151	284	7	44	133	0.3308271
NODE_14223_length_6444_cov_5.375571	151	284	8	40	133	0.3007519
NODE_14223_length_6444_cov_5.375571	151	284	9	4	133	0.0300752
NODE_1423_length_13609_cov_9.692376	4161	4294	42	1	133	0.0075188
NODE_1423_length_13609_cov_9.692376	4161	4294	43	1	133	0.0075188
NODE_1423_length_13609_cov_9.692376	4161	4294	44	2	133	0.0150376
NODE_1423_length_13609_cov_9.692376	4161	4294	45	5	133	0.0375940
NODE_1423_length_13609_cov_9.692376	4161	4294	46	3	133	0.0225564
NODE_1423_length_13609_cov_9.692376	4161	4294	47	10	133	0.0751880
NODE_1423_length_13609_cov_9.692376	4161	4294	48	4	133	0.0300752
NODE_1423_length_13609_cov_9.692376	4161	4294	49	4	133	0.0300752
NODE_1423_length_13609_cov_9.692376	4161	4294	50	6	133	0.0451128
NODE_1423_length_13609_cov_9.692376	4161	4294	51	9	133	0.0676692
NODE_1423_length_13609_cov_9.692376	4161	4294	52	4	133	0.0300752
NODE_1423_length_13609_cov_9.692376	4161	4294	53	6	133	0.0451128
NODE_1423_length_13609_cov_9.692376	4161	4294	54	6	133	0.0451128
NODE_1423_length_13609_cov_9.692376	4161	4294	55	9	133	0.0676692
NODE_1423_length_13609_cov_9.692376	4161	4294	56	14	133	0.1052632
NODE_1423_length_13609_cov_9.692376	4161	4294	57	20	133	0.1503759
NODE_1423_length_13609_cov_9.692376	4161	4294	58	10	133	0.0751880
NODE_1423_length_13609_cov_9.692376	4161	4294	59	4	133	0.0300752
NODE_1423_length_13609_cov_9.692376	4161	4294	60	11	133	0.0827068
NODE_1423_length_13609_cov_9.692376	4161	4294	61	4	133	0.0300752
NODE_142446_length_1699_cov_4.206250	1066	1199	4	14	133	0.1052632
NODE_142446_length_1699_cov_4.206250	1066	1199	5	7	133	0.0526316
NODE_142446_length_1699_cov_4.206250	1066	1199	6	79	133	0.5939850
NODE_142446_length_1699_cov_4.206250	1066	1199	7	30	133	0.2255639
NODE_142446_length_1699_cov_4.206250	1066	1199	8	3	133	0.0225564
NODE_142574_length_1698_cov_3.522201	319	452	23	7	133	0.0526316
NODE_142574_length_1698_cov_3.522201	319	452	24	3	133	0.0225564
NODE_142574_length_1698_cov_3.522201	319	452	25	8	133	0.0601504
NODE_142574_length_1698_cov_3.522201	319	452	26	28	133	0.2105263
NODE_142574_length_1698_cov_3.522201	319	452	27	16	133	0.1203008
NODE_142574_length_1698_cov_3.522201	319	452	28	34	133	0.2556391
NODE_142574_length_1698_cov_3.522201	319	452	29	37	133	0.2781955
NODE_1425_length_13607_cov_4.372002	7634	7767	5	8	133	0.0601504
NODE_1425_length_13607_cov_4.372002	7634	7767	6	9	133	0.0676692
NODE_1425_length_13607_cov_4.372002	7634	7767	7	27	133	0.2030075
NODE_1425_length_13607_cov_4.372002	7634	7767	8	67	133	0.5037594
NODE_1425_length_13607_cov_4.372002	7634	7767	9	22	133	0.1654135
NODE_142659_length_1697_cov_4.077597	1011	1144	10	23	133	0.1729323
NODE_142659_length_1697_cov_4.077597	1011	1144	11	13	133	0.0977444
NODE_142659_length_1697_cov_4.077597	1011	1144	12	36	133	0.2706767
NODE_142659_length_1697_cov_4.077597	1011	1144	13	51	133	0.3834586
NODE_142659_length_1697_cov_4.077597	1011	1144	14	8	133	0.0601504
NODE_142659_length_1697_cov_4.077597	1011	1144	15	2	133	0.0150376
NODE_142662_length_1697_cov_4.017522	1504	1637	12	4	133	0.0300752
NODE_142662_length_1697_cov_4.017522	1504	1637	13	1	133	0.0075188
NODE_142662_length_1697_cov_4.017522	1504	1637	15	3	133	0.0225564
NODE_142662_length_1697_cov_4.017522	1504	1637	16	17	133	0.1278196
NODE_142662_length_1697_cov_4.017522	1504	1637	18	8	133	0.0601504
NODE_142662_length_1697_cov_4.017522	1504	1637	19	8	133	0.0601504
NODE_142662_length_1697_cov_4.017522	1504	1637	20	9	133	0.0676692
NODE_142662_length_1697_cov_4.017522	1504	1637	21	1	133	0.0075188
NODE_142662_length_1697_cov_4.017522	1504	1637	22	3	133	0.0225564
NODE_142662_length_1697_cov_4.017522	1504	1637	23	10	133	0.0751880
NODE_142662_length_1697_cov_4.017522	1504	1637	24	3	133	0.0225564
NODE_142662_length_1697_cov_4.017522	1504	1637	26	22	133	0.1654135
NODE_142662_length_1697_cov_4.017522	1504	1637	27	19	133	0.1428571
NODE_142662_length_1697_cov_4.017522	1504	1637	28	25	133	0.1879699
NODE_142719_length_1697_cov_2.274093	1032	1165	8	2	133	0.0150376
NODE_142719_length_1697_cov_2.274093	1032	1165	9	19	133	0.1428571
NODE_142719_length_1697_cov_2.274093	1032	1165	10	38	133	0.2857143
NODE_142719_length_1697_cov_2.274093	1032	1165	11	53	133	0.3984962
NODE_142719_length_1697_cov_2.274093	1032	1165	12	2	133	0.0150376
NODE_142719_length_1697_cov_2.274093	1032	1165	13	19	133	0.1428571
NODE_14272_length_6437_cov_10.926633	4043	4176	9	34	133	0.2556391
NODE_14272_length_6437_cov_10.926633	4043	4176	10	5	133	0.0375940
NODE_14272_length_6437_cov_10.926633	4043	4176	11	34	133	0.2556391
NODE_14272_length_6437_cov_10.926633	4043	4176	12	25	133	0.1879699
NODE_14272_length_6437_cov_10.926633	4043	4176	13	28	133	0.2105263
NODE_14272_length_6437_cov_10.926633	4043	4176	14	7	133	0.0526316
NODE_14275_length_6437_cov_4.143578	5930	6063	8	10	133	0.0751880
NODE_14275_length_6437_cov_4.143578	5930	6063	9	3	133	0.0225564
NODE_14275_length_6437_cov_4.143578	5930	6063	10	10	133	0.0751880
NODE_14275_length_6437_cov_4.143578	5930	6063	11	10	133	0.0751880
NODE_14275_length_6437_cov_4.143578	5930	6063	13	14	133	0.1052632
NODE_14275_length_6437_cov_4.143578	5930	6063	14	4	133	0.0300752
NODE_14275_length_6437_cov_4.143578	5930	6063	15	4	133	0.0300752
NODE_14275_length_6437_cov_4.143578	5930	6063	17	5	133	0.0375940
NODE_14275_length_6437_cov_4.143578	5930	6063	19	4	133	0.0300752
NODE_14275_length_6437_cov_4.143578	5930	6063	20	3	133	0.0225564
NODE_14275_length_6437_cov_4.143578	5930	6063	21	14	133	0.1052632
NODE_14275_length_6437_cov_4.143578	5930	6063	22	52	133	0.3909774
NODE_14277_length_6436_cov_5.171532	5996	6129	12	2	133	0.0150376
NODE_14277_length_6436_cov_5.171532	5996	6129	13	2	133	0.0150376
NODE_14277_length_6436_cov_5.171532	5996	6129	16	4	133	0.0300752
NODE_14277_length_6436_cov_5.171532	5996	6129	17	2	133	0.0150376
NODE_14277_length_6436_cov_5.171532	5996	6129	19	2	133	0.0150376
NODE_14277_length_6436_cov_5.171532	5996	6129	20	2	133	0.0150376
NODE_14277_length_6436_cov_5.171532	5996	6129	21	2	133	0.0150376
NODE_14277_length_6436_cov_5.171532	5996	6129	22	2	133	0.0150376
NODE_14277_length_6436_cov_5.171532	5996	6129	23	14	133	0.1052632
NODE_14277_length_6436_cov_5.171532	5996	6129	24	16	133	0.1203008
NODE_14277_length_6436_cov_5.171532	5996	6129	25	14	133	0.1052632
NODE_14277_length_6436_cov_5.171532	5996	6129	26	31	133	0.2330827
NODE_14277_length_6436_cov_5.171532	5996	6129	27	23	133	0.1729323
NODE_14277_length_6436_cov_5.171532	5996	6129	28	14	133	0.1052632
NODE_14277_length_6436_cov_5.171532	5996	6129	29	3	133	0.0225564
NODE_142822_length_1695_cov_4.810150	313	446	2	61	133	0.4586466
NODE_142822_length_1695_cov_4.810150	313	446	3	29	133	0.2180451
NODE_142822_length_1695_cov_4.810150	313	446	4	43	133	0.3233083
NODE_142839_length_1695_cov_4.323935	176	309	0	26	133	0.1954887
NODE_142839_length_1695_cov_4.323935	176	309	1	13	133	0.0977444
NODE_142839_length_1695_cov_4.323935	176	309	3	34	133	0.2556391
NODE_142839_length_1695_cov_4.323935	176	309	5	9	133	0.0676692
NODE_142839_length_1695_cov_4.323935	176	309	7	8	133	0.0601504
NODE_142839_length_1695_cov_4.323935	176	309	8	43	133	0.3233083
NODE_14288_length_6434_cov_4.575059	2307	2440	11	3	133	0.0225564
NODE_14288_length_6434_cov_4.575059	2307	2440	13	1	133	0.0075188
NODE_14288_length_6434_cov_4.575059	2307	2440	14	3	133	0.0225564
NODE_14288_length_6434_cov_4.575059	2307	2440	16	8	133	0.0601504
NODE_14288_length_6434_cov_4.575059	2307	2440	17	27	133	0.2030075
NODE_14288_length_6434_cov_4.575059	2307	2440	18	9	133	0.0676692
NODE_14288_length_6434_cov_4.575059	2307	2440	19	10	133	0.0751880
NODE_14288_length_6434_cov_4.575059	2307	2440	20	23	133	0.1729323
NODE_14288_length_6434_cov_4.575059	2307	2440	21	26	133	0.1954887
NODE_14288_length_6434_cov_4.575059	2307	2440	22	19	133	0.1428571
NODE_14288_length_6434_cov_4.575059	2307	2440	23	4	133	0.0300752
NODE_1428_length_13603_cov_4.920838	1998	2131	2	47	133	0.3533835
NODE_1428_length_13603_cov_4.920838	1998	2131	3	20	133	0.1503759
NODE_1428_length_13603_cov_4.920838	1998	2131	4	34	133	0.2556391
NODE_1428_length_13603_cov_4.920838	1998	2131	5	14	133	0.1052632
NODE_1428_length_13603_cov_4.920838	1998	2131	6	18	133	0.1353384
NODE_14292_length_6434_cov_4.019100	2687	2820	7	2	133	0.0150376
NODE_14292_length_6434_cov_4.019100	2687	2820	9	8	133	0.0601504
NODE_14292_length_6434_cov_4.019100	2687	2820	10	13	133	0.0977444
NODE_14292_length_6434_cov_4.019100	2687	2820	11	37	133	0.2781955
NODE_14292_length_6434_cov_4.019100	2687	2820	12	3	133	0.0225564
NODE_14292_length_6434_cov_4.019100	2687	2820	13	15	133	0.1127820
NODE_14292_length_6434_cov_4.019100	2687	2820	14	16	133	0.1203008
NODE_14292_length_6434_cov_4.019100	2687	2820	15	13	133	0.0977444
NODE_14292_length_6434_cov_4.019100	2687	2820	16	26	133	0.1954887
NODE_142971_length_1694_cov_4.071473	1015	1148	7	4	133	0.0300752
NODE_142971_length_1694_cov_4.071473	1015	1148	8	22	133	0.1654135
NODE_142971_length_1694_cov_4.071473	1015	1148	9	46	133	0.3458647
NODE_142971_length_1694_cov_4.071473	1015	1148	10	7	133	0.0526316
NODE_142971_length_1694_cov_4.071473	1015	1148	11	13	133	0.0977444
NODE_142971_length_1694_cov_4.071473	1015	1148	12	10	133	0.0751880
NODE_142971_length_1694_cov_4.071473	1015	1148	15	1	133	0.0075188
NODE_142971_length_1694_cov_4.071473	1015	1148	16	5	133	0.0375940
NODE_142971_length_1694_cov_4.071473	1015	1148	17	7	133	0.0526316
NODE_142971_length_1694_cov_4.071473	1015	1148	19	12	133	0.0902256
NODE_142971_length_1694_cov_4.071473	1015	1148	20	6	133	0.0451128
NODE_14300_length_6432_cov_4.981841	2284	2417	13	10	133	0.0751880
NODE_14300_length_6432_cov_4.981841	2284	2417	14	3	133	0.0225564
NODE_14300_length_6432_cov_4.981841	2284	2417	16	3	133	0.0225564
NODE_14300_length_6432_cov_4.981841	2284	2417	17	4	133	0.0300752
NODE_14300_length_6432_cov_4.981841	2284	2417	18	4	133	0.0300752
NODE_14300_length_6432_cov_4.981841	2284	2417	19	6	133	0.0451128
NODE_14300_length_6432_cov_4.981841	2284	2417	20	2	133	0.0150376
NODE_14300_length_6432_cov_4.981841	2284	2417	21	4	133	0.0300752
NODE_14300_length_6432_cov_4.981841	2284	2417	22	15	133	0.1127820
NODE_14300_length_6432_cov_4.981841	2284	2417	23	14	133	0.1052632
NODE_14300_length_6432_cov_4.981841	2284	2417	24	5	133	0.0375940
NODE_14300_length_6432_cov_4.981841	2284	2417	25	25	133	0.1879699
NODE_14300_length_6432_cov_4.981841	2284	2417	26	20	133	0.1503759
NODE_14300_length_6432_cov_4.981841	2284	2417	27	16	133	0.1203008
NODE_14300_length_6432_cov_4.981841	2284	2417	28	2	133	0.0150376
NODE_143040_length_1694_cov_2.160502	1178	1311	0	133	133	1.0000000
NODE_1430_length_13602_cov_4.430941	7162	7295	4	2	133	0.0150376
NODE_1430_length_13602_cov_4.430941	7162	7295	5	26	133	0.1954887
NODE_1430_length_13602_cov_4.430941	7162	7295	6	8	133	0.0601504
NODE_1430_length_13602_cov_4.430941	7162	7295	8	25	133	0.1879699
NODE_1430_length_13602_cov_4.430941	7162	7295	9	72	133	0.5413534
NODE_14312_length_6430_cov_4.453483	2171	2304	13	4	133	0.0300752
NODE_14312_length_6430_cov_4.453483	2171	2304	14	1	133	0.0075188
NODE_14312_length_6430_cov_4.453483	2171	2304	16	3	133	0.0225564
NODE_14312_length_6430_cov_4.453483	2171	2304	18	1	133	0.0075188
NODE_14312_length_6430_cov_4.453483	2171	2304	19	3	133	0.0225564
NODE_14312_length_6430_cov_4.453483	2171	2304	20	2	133	0.0150376
NODE_14312_length_6430_cov_4.453483	2171	2304	21	1	133	0.0075188
NODE_14312_length_6430_cov_4.453483	2171	2304	24	3	133	0.0225564
NODE_14312_length_6430_cov_4.453483	2171	2304	26	6	133	0.0451128
NODE_14312_length_6430_cov_4.453483	2171	2304	28	7	133	0.0526316
NODE_14312_length_6430_cov_4.453483	2171	2304	30	12	133	0.0902256
NODE_14312_length_6430_cov_4.453483	2171	2304	31	2	133	0.0150376
NODE_14312_length_6430_cov_4.453483	2171	2304	32	3	133	0.0225564
NODE_14312_length_6430_cov_4.453483	2171	2304	33	7	133	0.0526316
NODE_14312_length_6430_cov_4.453483	2171	2304	34	3	133	0.0225564
NODE_14312_length_6430_cov_4.453483	2171	2304	35	4	133	0.0300752
NODE_14312_length_6430_cov_4.453483	2171	2304	36	3	133	0.0225564
NODE_14312_length_6430_cov_4.453483	2171	2304	37	1	133	0.0075188
NODE_14312_length_6430_cov_4.453483	2171	2304	38	2	133	0.0150376
NODE_14312_length_6430_cov_4.453483	2171	2304	39	1	133	0.0075188
NODE_14312_length_6430_cov_4.453483	2171	2304	40	19	133	0.1428571
NODE_14312_length_6430_cov_4.453483	2171	2304	41	16	133	0.1203008
NODE_14312_length_6430_cov_4.453483	2171	2304	42	14	133	0.1052632
NODE_14312_length_6430_cov_4.453483	2171	2304	43	8	133	0.0601504
NODE_14312_length_6430_cov_4.453483	2171	2304	44	1	133	0.0075188
NODE_14312_length_6430_cov_4.453483	2171	2304	45	1	133	0.0075188
NODE_14312_length_6430_cov_4.453483	2171	2304	46	5	133	0.0375940
NODE_143181_length_1692_cov_4.269303	454	587	4	52	133	0.3909774
NODE_143181_length_1692_cov_4.269303	454	587	5	48	133	0.3609022
NODE_143181_length_1692_cov_4.269303	454	587	6	24	133	0.1804511
NODE_143181_length_1692_cov_4.269303	454	587	8	3	133	0.0225564
NODE_143181_length_1692_cov_4.269303	454	587	9	6	133	0.0451128
NODE_1431_length_13600_cov_8.155470	1039	1172	6	27	133	0.2030075
NODE_1431_length_13600_cov_8.155470	1039	1172	7	1	133	0.0075188
NODE_1431_length_13600_cov_8.155470	1039	1172	8	5	133	0.0375940
NODE_1431_length_13600_cov_8.155470	1039	1172	9	28	133	0.2105263
NODE_1431_length_13600_cov_8.155470	1039	1172	10	15	133	0.1127820
NODE_1431_length_13600_cov_8.155470	1039	1172	11	17	133	0.1278196
NODE_1431_length_13600_cov_8.155470	1039	1172	12	3	133	0.0225564
NODE_1431_length_13600_cov_8.155470	1039	1172	13	3	133	0.0225564
NODE_1431_length_13600_cov_8.155470	1039	1172	15	34	133	0.2556391
NODE_143203_length_1692_cov_3.635907	119	252	0	52	133	0.3909774
NODE_143203_length_1692_cov_3.635907	119	252	2	81	133	0.6090226
NODE_14323_length_6428_cov_4.960973	4137	4270	22	6	133	0.0451128
NODE_14323_length_6428_cov_4.960973	4137	4270	23	1	133	0.0075188
NODE_14323_length_6428_cov_4.960973	4137	4270	24	5	133	0.0375940
NODE_14323_length_6428_cov_4.960973	4137	4270	26	1	133	0.0075188
NODE_14323_length_6428_cov_4.960973	4137	4270	28	6	133	0.0451128
NODE_14323_length_6428_cov_4.960973	4137	4270	29	2	133	0.0150376
NODE_14323_length_6428_cov_4.960973	4137	4270	30	2	133	0.0150376
NODE_14323_length_6428_cov_4.960973	4137	4270	31	1	133	0.0075188
NODE_14323_length_6428_cov_4.960973	4137	4270	35	1	133	0.0075188
NODE_14323_length_6428_cov_4.960973	4137	4270	37	5	133	0.0375940
NODE_14323_length_6428_cov_4.960973	4137	4270	38	1	133	0.0075188
NODE_14323_length_6428_cov_4.960973	4137	4270	39	2	133	0.0150376
NODE_14323_length_6428_cov_4.960973	4137	4270	40	10	133	0.0751880
NODE_14323_length_6428_cov_4.960973	4137	4270	42	1	133	0.0075188
NODE_14323_length_6428_cov_4.960973	4137	4270	43	2	133	0.0150376
NODE_14323_length_6428_cov_4.960973	4137	4270	45	3	133	0.0225564
NODE_14323_length_6428_cov_4.960973	4137	4270	47	1	133	0.0075188
NODE_14323_length_6428_cov_4.960973	4137	4270	50	17	133	0.1278196
NODE_14323_length_6428_cov_4.960973	4137	4270	51	6	133	0.0451128
NODE_14323_length_6428_cov_4.960973	4137	4270	52	2	133	0.0150376
NODE_14323_length_6428_cov_4.960973	4137	4270	53	15	133	0.1127820
NODE_14323_length_6428_cov_4.960973	4137	4270	54	7	133	0.0526316
NODE_14323_length_6428_cov_4.960973	4137	4270	55	5	133	0.0375940
NODE_14323_length_6428_cov_4.960973	4137	4270	56	17	133	0.1278196
NODE_14323_length_6428_cov_4.960973	4137	4270	57	7	133	0.0526316
NODE_14323_length_6428_cov_4.960973	4137	4270	58	7	133	0.0526316
NODE_143251_length_1691_cov_5.300251	875	1008	16	14	133	0.1052632
NODE_143251_length_1691_cov_5.300251	875	1008	17	20	133	0.1503759
NODE_143251_length_1691_cov_5.300251	875	1008	18	31	133	0.2330827
NODE_143251_length_1691_cov_5.300251	875	1008	19	19	133	0.1428571
NODE_143251_length_1691_cov_5.300251	875	1008	20	37	133	0.2781955
NODE_143251_length_1691_cov_5.300251	875	1008	21	12	133	0.0902256
NODE_14329_length_6428_cov_3.736609	274	407	12	13	133	0.0977444
NODE_14329_length_6428_cov_3.736609	274	407	14	8	133	0.0601504
NODE_14329_length_6428_cov_3.736609	274	407	15	12	133	0.0902256
NODE_14329_length_6428_cov_3.736609	274	407	16	7	133	0.0526316
NODE_14329_length_6428_cov_3.736609	274	407	18	31	133	0.2330827
NODE_14329_length_6428_cov_3.736609	274	407	19	48	133	0.3609022
NODE_14329_length_6428_cov_3.736609	274	407	20	14	133	0.1052632
NODE_143461_length_1689_cov_4.066667	431	564	12	6	133	0.0451128
NODE_143461_length_1689_cov_4.066667	431	564	13	4	133	0.0300752
NODE_143461_length_1689_cov_4.066667	431	564	14	8	133	0.0601504
NODE_143461_length_1689_cov_4.066667	431	564	15	20	133	0.1503759
NODE_143461_length_1689_cov_4.066667	431	564	16	4	133	0.0300752
NODE_143461_length_1689_cov_4.066667	431	564	17	24	133	0.1804511
NODE_143461_length_1689_cov_4.066667	431	564	18	7	133	0.0526316
NODE_143461_length_1689_cov_4.066667	431	564	19	17	133	0.1278196
NODE_143461_length_1689_cov_4.066667	431	564	20	11	133	0.0827068
NODE_143461_length_1689_cov_4.066667	431	564	21	6	133	0.0451128
NODE_143461_length_1689_cov_4.066667	431	564	22	26	133	0.1954887
NODE_143469_length_1689_cov_3.941509	1492	1625	4	23	133	0.1729323
NODE_143469_length_1689_cov_3.941509	1492	1625	7	11	133	0.0827068
NODE_143469_length_1689_cov_3.941509	1492	1625	8	7	133	0.0526316
NODE_143469_length_1689_cov_3.941509	1492	1625	9	5	133	0.0375940
NODE_143469_length_1689_cov_3.941509	1492	1625	10	11	133	0.0827068
NODE_143469_length_1689_cov_3.941509	1492	1625	11	11	133	0.0827068
NODE_143469_length_1689_cov_3.941509	1492	1625	13	2	133	0.0150376
NODE_143469_length_1689_cov_3.941509	1492	1625	15	46	133	0.3458647
NODE_143469_length_1689_cov_3.941509	1492	1625	16	17	133	0.1278196
NODE_143515_length_1689_cov_2.910063	1108	1241	8	22	133	0.1654135
NODE_143515_length_1689_cov_2.910063	1108	1241	9	65	133	0.4887218
NODE_143515_length_1689_cov_2.910063	1108	1241	10	41	133	0.3082707
NODE_143515_length_1689_cov_2.910063	1108	1241	11	5	133	0.0375940
NODE_143575_length_1688_cov_3.570170	800	933	4	18	133	0.1353384
NODE_143575_length_1688_cov_3.570170	800	933	6	18	133	0.1353384
NODE_143575_length_1688_cov_3.570170	800	933	7	1	133	0.0075188
NODE_143575_length_1688_cov_3.570170	800	933	8	9	133	0.0676692
NODE_143575_length_1688_cov_3.570170	800	933	9	11	133	0.0827068
NODE_143575_length_1688_cov_3.570170	800	933	10	12	133	0.0902256
NODE_143575_length_1688_cov_3.570170	800	933	11	28	133	0.2105263
NODE_143575_length_1688_cov_3.570170	800	933	12	36	133	0.2706767
NODE_143581_length_1688_cov_3.374449	727	860	17	3	133	0.0225564
NODE_143581_length_1688_cov_3.374449	727	860	18	18	133	0.1353384
NODE_143581_length_1688_cov_3.374449	727	860	19	17	133	0.1278196
NODE_143581_length_1688_cov_3.374449	727	860	20	10	133	0.0751880
NODE_143581_length_1688_cov_3.374449	727	860	21	3	133	0.0225564
NODE_143581_length_1688_cov_3.374449	727	860	22	8	133	0.0601504
NODE_143581_length_1688_cov_3.374449	727	860	23	16	133	0.1203008
NODE_143581_length_1688_cov_3.374449	727	860	24	24	133	0.1804511
NODE_143581_length_1688_cov_3.374449	727	860	25	6	133	0.0451128
NODE_143581_length_1688_cov_3.374449	727	860	26	8	133	0.0601504
NODE_143581_length_1688_cov_3.374449	727	860	27	9	133	0.0676692
NODE_143581_length_1688_cov_3.374449	727	860	28	11	133	0.0827068
NODE_14361_length_6422_cov_3.969318	3869	4002	15	9	133	0.0676692
NODE_14361_length_6422_cov_3.969318	3869	4002	16	6	133	0.0451128
NODE_14361_length_6422_cov_3.969318	3869	4002	17	2	133	0.0150376
NODE_14361_length_6422_cov_3.969318	3869	4002	19	5	133	0.0375940
NODE_14361_length_6422_cov_3.969318	3869	4002	20	10	133	0.0751880
NODE_14361_length_6422_cov_3.969318	3869	4002	21	17	133	0.1278196
NODE_14361_length_6422_cov_3.969318	3869	4002	22	14	133	0.1052632
NODE_14361_length_6422_cov_3.969318	3869	4002	23	12	133	0.0902256
NODE_14361_length_6422_cov_3.969318	3869	4002	24	4	133	0.0300752
NODE_14361_length_6422_cov_3.969318	3869	4002	25	6	133	0.0451128
NODE_14361_length_6422_cov_3.969318	3869	4002	26	20	133	0.1503759
NODE_14361_length_6422_cov_3.969318	3869	4002	27	22	133	0.1654135
NODE_14361_length_6422_cov_3.969318	3869	4002	28	6	133	0.0451128
NODE_143707_length_1687_cov_3.168766	1476	1609	19	1	133	0.0075188
NODE_143707_length_1687_cov_3.168766	1476	1609	20	5	133	0.0375940
NODE_143707_length_1687_cov_3.168766	1476	1609	22	10	133	0.0751880
NODE_143707_length_1687_cov_3.168766	1476	1609	23	14	133	0.1052632
NODE_143707_length_1687_cov_3.168766	1476	1609	24	12	133	0.0902256
NODE_143707_length_1687_cov_3.168766	1476	1609	26	2	133	0.0150376
NODE_143707_length_1687_cov_3.168766	1476	1609	27	1	133	0.0075188
NODE_143707_length_1687_cov_3.168766	1476	1609	28	9	133	0.0676692
NODE_143707_length_1687_cov_3.168766	1476	1609	29	1	133	0.0075188
NODE_143707_length_1687_cov_3.168766	1476	1609	30	14	133	0.1052632
NODE_143707_length_1687_cov_3.168766	1476	1609	31	3	133	0.0225564
NODE_143707_length_1687_cov_3.168766	1476	1609	32	8	133	0.0601504
NODE_143707_length_1687_cov_3.168766	1476	1609	33	2	133	0.0150376
NODE_143707_length_1687_cov_3.168766	1476	1609	34	11	133	0.0827068
NODE_143707_length_1687_cov_3.168766	1476	1609	35	15	133	0.1127820
NODE_143707_length_1687_cov_3.168766	1476	1609	36	11	133	0.0827068
NODE_143707_length_1687_cov_3.168766	1476	1609	37	14	133	0.1052632
NODE_143773_length_1686_cov_3.773157	1251	1384	1	12	133	0.0902256
NODE_143773_length_1686_cov_3.773157	1251	1384	2	1	133	0.0075188
NODE_143773_length_1686_cov_3.773157	1251	1384	3	51	133	0.3834586
NODE_143773_length_1686_cov_3.773157	1251	1384	4	12	133	0.0902256
NODE_143773_length_1686_cov_3.773157	1251	1384	5	57	133	0.4285714
NODE_1437_length_13581_cov_4.609776	12345	12478	16	2	133	0.0150376
NODE_1437_length_13581_cov_4.609776	12345	12478	19	11	133	0.0827068
NODE_1437_length_13581_cov_4.609776	12345	12478	22	12	133	0.0902256
NODE_1437_length_13581_cov_4.609776	12345	12478	23	29	133	0.2180451
NODE_1437_length_13581_cov_4.609776	12345	12478	24	34	133	0.2556391
NODE_1437_length_13581_cov_4.609776	12345	12478	25	31	133	0.2330827
NODE_1437_length_13581_cov_4.609776	12345	12478	26	11	133	0.0827068
NODE_1437_length_13581_cov_4.609776	12345	12478	27	3	133	0.0225564
NODE_143857_length_1685_cov_3.970366	182	315	9	9	133	0.0676692
NODE_143857_length_1685_cov_3.970366	182	315	10	5	133	0.0375940
NODE_143857_length_1685_cov_3.970366	182	315	12	15	133	0.1127820
NODE_143857_length_1685_cov_3.970366	182	315	13	8	133	0.0601504
NODE_143857_length_1685_cov_3.970366	182	315	14	37	133	0.2781955
NODE_143857_length_1685_cov_3.970366	182	315	15	10	133	0.0751880
NODE_143857_length_1685_cov_3.970366	182	315	16	24	133	0.1804511
NODE_143857_length_1685_cov_3.970366	182	315	17	5	133	0.0375940
NODE_143857_length_1685_cov_3.970366	182	315	18	20	133	0.1503759
NODE_143880_length_1685_cov_3.489912	670	803	7	2	133	0.0150376
NODE_143880_length_1685_cov_3.489912	670	803	9	3	133	0.0225564
NODE_143880_length_1685_cov_3.489912	670	803	10	41	133	0.3082707
NODE_143880_length_1685_cov_3.489912	670	803	11	4	133	0.0300752
NODE_143880_length_1685_cov_3.489912	670	803	13	3	133	0.0225564
NODE_143880_length_1685_cov_3.489912	670	803	14	13	133	0.0977444
NODE_143880_length_1685_cov_3.489912	670	803	15	2	133	0.0150376
NODE_143880_length_1685_cov_3.489912	670	803	17	16	133	0.1203008
NODE_143880_length_1685_cov_3.489912	670	803	18	20	133	0.1503759
NODE_143880_length_1685_cov_3.489912	670	803	19	29	133	0.2180451
NODE_1438_length_13580_cov_3.849121	10563	10696	24	4	133	0.0300752
NODE_1438_length_13580_cov_3.849121	10563	10696	28	7	133	0.0526316
NODE_1438_length_13580_cov_3.849121	10563	10696	29	14	133	0.1052632
NODE_1438_length_13580_cov_3.849121	10563	10696	30	3	133	0.0225564
NODE_1438_length_13580_cov_3.849121	10563	10696	31	3	133	0.0225564
NODE_1438_length_13580_cov_3.849121	10563	10696	32	10	133	0.0751880
NODE_1438_length_13580_cov_3.849121	10563	10696	33	7	133	0.0526316
NODE_1438_length_13580_cov_3.849121	10563	10696	34	6	133	0.0451128
NODE_1438_length_13580_cov_3.849121	10563	10696	35	6	133	0.0451128
NODE_1438_length_13580_cov_3.849121	10563	10696	36	4	133	0.0300752
NODE_1438_length_13580_cov_3.849121	10563	10696	37	7	133	0.0526316
NODE_1438_length_13580_cov_3.849121	10563	10696	38	2	133	0.0150376
NODE_1438_length_13580_cov_3.849121	10563	10696	39	7	133	0.0526316
NODE_1438_length_13580_cov_3.849121	10563	10696	40	4	133	0.0300752
NODE_1438_length_13580_cov_3.849121	10563	10696	41	7	133	0.0526316
NODE_1438_length_13580_cov_3.849121	10563	10696	42	3	133	0.0225564
NODE_1438_length_13580_cov_3.849121	10563	10696	43	33	133	0.2481203
NODE_1438_length_13580_cov_3.849121	10563	10696	44	6	133	0.0451128
NODE_143900_length_1685_cov_3.034048	419	552	8	12	133	0.0902256
NODE_143900_length_1685_cov_3.034048	419	552	10	16	133	0.1203008
NODE_143900_length_1685_cov_3.034048	419	552	11	11	133	0.0827068
NODE_143900_length_1685_cov_3.034048	419	552	12	3	133	0.0225564
NODE_143900_length_1685_cov_3.034048	419	552	13	5	133	0.0375940
NODE_143900_length_1685_cov_3.034048	419	552	14	29	133	0.2180451
NODE_143900_length_1685_cov_3.034048	419	552	15	37	133	0.2781955
NODE_143900_length_1685_cov_3.034048	419	552	16	7	133	0.0526316
NODE_143900_length_1685_cov_3.034048	419	552	17	8	133	0.0601504
NODE_143900_length_1685_cov_3.034048	419	552	18	5	133	0.0375940
NODE_143951_length_1684_cov_4.263091	1089	1222	39	2	133	0.0150376
NODE_143951_length_1684_cov_4.263091	1089	1222	40	17	133	0.1278196
NODE_143951_length_1684_cov_4.263091	1089	1222	42	10	133	0.0751880
NODE_143951_length_1684_cov_4.263091	1089	1222	43	3	133	0.0225564
NODE_143951_length_1684_cov_4.263091	1089	1222	44	15	133	0.1127820
NODE_143951_length_1684_cov_4.263091	1089	1222	45	17	133	0.1278196
NODE_143951_length_1684_cov_4.263091	1089	1222	46	22	133	0.1654135
NODE_143951_length_1684_cov_4.263091	1089	1222	47	13	133	0.0977444
NODE_143951_length_1684_cov_4.263091	1089	1222	48	4	133	0.0300752
NODE_143951_length_1684_cov_4.263091	1089	1222	49	13	133	0.0977444
NODE_143951_length_1684_cov_4.263091	1089	1222	50	11	133	0.0827068
NODE_143951_length_1684_cov_4.263091	1089	1222	51	2	133	0.0150376
NODE_143951_length_1684_cov_4.263091	1089	1222	52	2	133	0.0150376
NODE_143951_length_1684_cov_4.263091	1089	1222	53	1	133	0.0075188
NODE_143951_length_1684_cov_4.263091	1089	1222	54	1	133	0.0075188
NODE_143986_length_1684_cov_3.234069	805	938	0	19	133	0.1428571
NODE_143986_length_1684_cov_3.234069	805	938	2	5	133	0.0375940
NODE_143986_length_1684_cov_3.234069	805	938	3	39	133	0.2932331
NODE_143986_length_1684_cov_3.234069	805	938	4	27	133	0.2030075
NODE_143986_length_1684_cov_3.234069	805	938	5	1	133	0.0075188
NODE_143986_length_1684_cov_3.234069	805	938	6	42	133	0.3157895
NODE_1440_length_13576_cov_4.178526	5557	5690	2	36	133	0.2706767
NODE_1440_length_13576_cov_4.178526	5557	5690	3	49	133	0.3684210
NODE_1440_length_13576_cov_4.178526	5557	5690	4	15	133	0.1127820
NODE_1440_length_13576_cov_4.178526	5557	5690	5	33	133	0.2481203
NODE_144161_length_1682_cov_4.106128	158	291	18	1	133	0.0075188
NODE_144161_length_1682_cov_4.106128	158	291	19	7	133	0.0526316
NODE_144161_length_1682_cov_4.106128	158	291	20	1	133	0.0075188
NODE_144161_length_1682_cov_4.106128	158	291	21	4	133	0.0300752
NODE_144161_length_1682_cov_4.106128	158	291	22	3	133	0.0225564
NODE_144161_length_1682_cov_4.106128	158	291	23	2	133	0.0150376
NODE_144161_length_1682_cov_4.106128	158	291	27	1	133	0.0075188
NODE_144161_length_1682_cov_4.106128	158	291	28	2	133	0.0150376
NODE_144161_length_1682_cov_4.106128	158	291	29	3	133	0.0225564
NODE_144161_length_1682_cov_4.106128	158	291	32	3	133	0.0225564
NODE_144161_length_1682_cov_4.106128	158	291	33	6	133	0.0451128
NODE_144161_length_1682_cov_4.106128	158	291	35	11	133	0.0827068
NODE_144161_length_1682_cov_4.106128	158	291	36	6	133	0.0451128
NODE_144161_length_1682_cov_4.106128	158	291	37	2	133	0.0150376
NODE_144161_length_1682_cov_4.106128	158	291	38	1	133	0.0075188
NODE_144161_length_1682_cov_4.106128	158	291	39	34	133	0.2556391
NODE_144161_length_1682_cov_4.106128	158	291	40	4	133	0.0300752
NODE_144161_length_1682_cov_4.106128	158	291	41	1	133	0.0075188
NODE_144161_length_1682_cov_4.106128	158	291	42	9	133	0.0676692
NODE_144161_length_1682_cov_4.106128	158	291	43	1	133	0.0075188
NODE_144161_length_1682_cov_4.106128	158	291	44	21	133	0.1578947
NODE_144161_length_1682_cov_4.106128	158	291	45	10	133	0.0751880
NODE_14421_length_6411_cov_19.006496	2103	2236	2	12	133	0.0902256
NODE_14421_length_6411_cov_19.006496	2103	2236	3	90	133	0.6766917
NODE_14421_length_6411_cov_19.006496	2103	2236	4	31	133	0.2330827
NODE_144300_length_1681_cov_2.910872	202	335	6	7	133	0.0526316
NODE_144300_length_1681_cov_2.910872	202	335	7	20	133	0.1503759
NODE_144300_length_1681_cov_2.910872	202	335	8	64	133	0.4812030
NODE_144300_length_1681_cov_2.910872	202	335	9	25	133	0.1879699
NODE_144300_length_1681_cov_2.910872	202	335	10	4	133	0.0300752
NODE_144300_length_1681_cov_2.910872	202	335	11	2	133	0.0150376
NODE_144300_length_1681_cov_2.910872	202	335	12	11	133	0.0827068
NODE_144375_length_1680_cov_3.757748	720	853	11	4	133	0.0300752
NODE_144375_length_1680_cov_3.757748	720	853	13	20	133	0.1503759
NODE_144375_length_1680_cov_3.757748	720	853	14	10	133	0.0751880
NODE_144375_length_1680_cov_3.757748	720	853	15	3	133	0.0225564
NODE_144375_length_1680_cov_3.757748	720	853	16	2	133	0.0150376
NODE_144375_length_1680_cov_3.757748	720	853	17	28	133	0.2105263
NODE_144375_length_1680_cov_3.757748	720	853	18	31	133	0.2330827
NODE_144375_length_1680_cov_3.757748	720	853	19	10	133	0.0751880
NODE_144375_length_1680_cov_3.757748	720	853	20	16	133	0.1203008
NODE_144375_length_1680_cov_3.757748	720	853	21	9	133	0.0676692
NODE_144406_length_1680_cov_2.994940	1161	1294	0	32	133	0.2406015
NODE_144406_length_1680_cov_2.994940	1161	1294	1	10	133	0.0751880
NODE_144406_length_1680_cov_2.994940	1161	1294	2	17	133	0.1278196
NODE_144406_length_1680_cov_2.994940	1161	1294	3	59	133	0.4436090
NODE_144406_length_1680_cov_2.994940	1161	1294	5	15	133	0.1127820
NODE_144555_length_1678_cov_3.874604	120	253	16	1	133	0.0075188
NODE_144555_length_1678_cov_3.874604	120	253	17	3	133	0.0225564
NODE_144555_length_1678_cov_3.874604	120	253	18	4	133	0.0300752
NODE_144555_length_1678_cov_3.874604	120	253	20	1	133	0.0075188
NODE_144555_length_1678_cov_3.874604	120	253	22	3	133	0.0225564
NODE_144555_length_1678_cov_3.874604	120	253	23	12	133	0.0902256
NODE_144555_length_1678_cov_3.874604	120	253	24	38	133	0.2857143
NODE_144555_length_1678_cov_3.874604	120	253	25	5	133	0.0375940
NODE_144555_length_1678_cov_3.874604	120	253	26	10	133	0.0751880
NODE_144555_length_1678_cov_3.874604	120	253	27	35	133	0.2631579
NODE_144555_length_1678_cov_3.874604	120	253	28	16	133	0.1203008
NODE_144555_length_1678_cov_3.874604	120	253	29	4	133	0.0300752
NODE_144555_length_1678_cov_3.874604	120	253	30	1	133	0.0075188
NODE_14456_length_6404_cov_3.289770	1722	1855	12	12	133	0.0902256
NODE_14456_length_6404_cov_3.289770	1722	1855	14	4	133	0.0300752
NODE_14456_length_6404_cov_3.289770	1722	1855	15	45	133	0.3383459
NODE_14456_length_6404_cov_3.289770	1722	1855	16	44	133	0.3308271
NODE_14456_length_6404_cov_3.289770	1722	1855	17	13	133	0.0977444
NODE_14456_length_6404_cov_3.289770	1722	1855	19	11	133	0.0827068
NODE_14456_length_6404_cov_3.289770	1722	1855	20	4	133	0.0300752
NODE_144599_length_1678_cov_3.196960	1208	1341	2	29	133	0.2180451
NODE_144599_length_1678_cov_3.196960	1208	1341	3	57	133	0.4285714
NODE_144599_length_1678_cov_3.196960	1208	1341	4	2	133	0.0150376
NODE_144599_length_1678_cov_3.196960	1208	1341	5	45	133	0.3383459
NODE_14460_length_6403_cov_3.993496	3830	3963	9	11	133	0.0827068
NODE_14460_length_6403_cov_3.993496	3830	3963	10	6	133	0.0451128
NODE_14460_length_6403_cov_3.993496	3830	3963	11	11	133	0.0827068
NODE_14460_length_6403_cov_3.993496	3830	3963	12	2	133	0.0150376
NODE_14460_length_6403_cov_3.993496	3830	3963	13	2	133	0.0150376
NODE_14460_length_6403_cov_3.993496	3830	3963	14	6	133	0.0451128
NODE_14460_length_6403_cov_3.993496	3830	3963	15	11	133	0.0827068
NODE_14460_length_6403_cov_3.993496	3830	3963	16	3	133	0.0225564
NODE_14460_length_6403_cov_3.993496	3830	3963	17	16	133	0.1203008
NODE_14460_length_6403_cov_3.993496	3830	3963	18	30	133	0.2255639
NODE_14460_length_6403_cov_3.993496	3830	3963	19	35	133	0.2631579
NODE_144632_length_1677_cov_6.411280	897	1030	7	20	133	0.1503759
NODE_144632_length_1677_cov_6.411280	897	1030	8	8	133	0.0601504
NODE_144632_length_1677_cov_6.411280	897	1030	9	2	133	0.0150376
NODE_144632_length_1677_cov_6.411280	897	1030	10	4	133	0.0300752
NODE_144632_length_1677_cov_6.411280	897	1030	11	10	133	0.0751880
NODE_144632_length_1677_cov_6.411280	897	1030	12	8	133	0.0601504
NODE_144632_length_1677_cov_6.411280	897	1030	13	21	133	0.1578947
NODE_144632_length_1677_cov_6.411280	897	1030	14	21	133	0.1578947
NODE_144632_length_1677_cov_6.411280	897	1030	15	39	133	0.2932331
NODE_14465_length_6402_cov_4.163732	3206	3339	20	3	133	0.0225564
NODE_14465_length_6402_cov_4.163732	3206	3339	21	3	133	0.0225564
NODE_14465_length_6402_cov_4.163732	3206	3339	22	4	133	0.0300752
NODE_14465_length_6402_cov_4.163732	3206	3339	23	12	133	0.0902256
NODE_14465_length_6402_cov_4.163732	3206	3339	24	4	133	0.0300752
NODE_14465_length_6402_cov_4.163732	3206	3339	25	3	133	0.0225564
NODE_14465_length_6402_cov_4.163732	3206	3339	27	1	133	0.0075188
NODE_14465_length_6402_cov_4.163732	3206	3339	28	16	133	0.1203008
NODE_14465_length_6402_cov_4.163732	3206	3339	29	10	133	0.0751880
NODE_14465_length_6402_cov_4.163732	3206	3339	30	11	133	0.0827068
NODE_14465_length_6402_cov_4.163732	3206	3339	31	18	133	0.1353384
NODE_14465_length_6402_cov_4.163732	3206	3339	32	26	133	0.1954887
NODE_14465_length_6402_cov_4.163732	3206	3339	33	18	133	0.1353384
NODE_14465_length_6402_cov_4.163732	3206	3339	34	4	133	0.0300752
NODE_1446_length_13566_cov_5.113166	1230	1363	5	14	133	0.1052632
NODE_1446_length_13566_cov_5.113166	1230	1363	7	12	133	0.0902256
NODE_1446_length_13566_cov_5.113166	1230	1363	8	21	133	0.1578947
NODE_1446_length_13566_cov_5.113166	1230	1363	9	21	133	0.1578947
NODE_1446_length_13566_cov_5.113166	1230	1363	10	24	133	0.1804511
NODE_1446_length_13566_cov_5.113166	1230	1363	11	27	133	0.2030075
NODE_1446_length_13566_cov_5.113166	1230	1363	12	14	133	0.1052632
NODE_144750_length_1676_cov_4.448320	1032	1165	8	26	133	0.1954887
NODE_144750_length_1676_cov_4.448320	1032	1165	9	10	133	0.0751880
NODE_144750_length_1676_cov_4.448320	1032	1165	10	7	133	0.0526316
NODE_144750_length_1676_cov_4.448320	1032	1165	11	8	133	0.0601504
NODE_144750_length_1676_cov_4.448320	1032	1165	12	51	133	0.3834586
NODE_144750_length_1676_cov_4.448320	1032	1165	13	3	133	0.0225564
NODE_144750_length_1676_cov_4.448320	1032	1165	14	28	133	0.2105263
NODE_144873_length_1675_cov_4.103426	1098	1231	2	51	133	0.3834586
NODE_144873_length_1675_cov_4.103426	1098	1231	3	24	133	0.1804511
NODE_144873_length_1675_cov_4.103426	1098	1231	4	58	133	0.4360902
NODE_144894_length_1675_cov_3.612310	179	312	12	9	133	0.0676692
NODE_144894_length_1675_cov_3.612310	179	312	13	6	133	0.0451128
NODE_144894_length_1675_cov_3.612310	179	312	14	1	133	0.0075188
NODE_144894_length_1675_cov_3.612310	179	312	15	20	133	0.1503759
NODE_144894_length_1675_cov_3.612310	179	312	16	2	133	0.0150376
NODE_144894_length_1675_cov_3.612310	179	312	17	1	133	0.0075188
NODE_144894_length_1675_cov_3.612310	179	312	18	35	133	0.2631579
NODE_144894_length_1675_cov_3.612310	179	312	19	17	133	0.1278196
NODE_144894_length_1675_cov_3.612310	179	312	20	17	133	0.1278196
NODE_144894_length_1675_cov_3.612310	179	312	21	19	133	0.1428571
NODE_144894_length_1675_cov_3.612310	179	312	22	6	133	0.0451128
NODE_144939_length_1675_cov_2.454949	1503	1636	2	1	133	0.0075188
NODE_144939_length_1675_cov_2.454949	1503	1636	6	9	133	0.0676692
NODE_144939_length_1675_cov_2.454949	1503	1636	7	19	133	0.1428571
NODE_144939_length_1675_cov_2.454949	1503	1636	9	29	133	0.2180451
NODE_144939_length_1675_cov_2.454949	1503	1636	11	75	133	0.5639098
NODE_144955_length_1674_cov_5.010794	257	390	10	5	133	0.0375940
NODE_144955_length_1674_cov_5.010794	257	390	11	1	133	0.0075188
NODE_144955_length_1674_cov_5.010794	257	390	12	1	133	0.0075188
NODE_144955_length_1674_cov_5.010794	257	390	14	5	133	0.0375940
NODE_144955_length_1674_cov_5.010794	257	390	16	1	133	0.0075188
NODE_144955_length_1674_cov_5.010794	257	390	17	9	133	0.0676692
NODE_144955_length_1674_cov_5.010794	257	390	18	1	133	0.0075188
NODE_144955_length_1674_cov_5.010794	257	390	19	1	133	0.0075188
NODE_144955_length_1674_cov_5.010794	257	390	20	7	133	0.0526316
NODE_144955_length_1674_cov_5.010794	257	390	23	4	133	0.0300752
NODE_144955_length_1674_cov_5.010794	257	390	24	8	133	0.0601504
NODE_144955_length_1674_cov_5.010794	257	390	25	10	133	0.0751880
NODE_144955_length_1674_cov_5.010794	257	390	26	5	133	0.0375940
NODE_144955_length_1674_cov_5.010794	257	390	27	27	133	0.2030075
NODE_144955_length_1674_cov_5.010794	257	390	28	20	133	0.1503759
NODE_144955_length_1674_cov_5.010794	257	390	29	26	133	0.1954887
NODE_144955_length_1674_cov_5.010794	257	390	30	2	133	0.0150376
NODE_144990_length_1674_cov_3.748571	1488	1621	4	4	133	0.0300752
NODE_144990_length_1674_cov_3.748571	1488	1621	5	48	133	0.3609022
NODE_144990_length_1674_cov_3.748571	1488	1621	6	2	133	0.0150376
NODE_144990_length_1674_cov_3.748571	1488	1621	8	35	133	0.2631579
NODE_144990_length_1674_cov_3.748571	1488	1621	9	44	133	0.3308271
NODE_14504_length_6392_cov_4.734467	4613	4746	0	133	133	1.0000000
NODE_145060_length_1673_cov_4.533672	725	858	12	2	133	0.0150376
NODE_145060_length_1673_cov_4.533672	725	858	13	12	133	0.0902256
NODE_145060_length_1673_cov_4.533672	725	858	14	7	133	0.0526316
NODE_145060_length_1673_cov_4.533672	725	858	15	29	133	0.2180451
NODE_145060_length_1673_cov_4.533672	725	858	16	4	133	0.0300752
NODE_145060_length_1673_cov_4.533672	725	858	18	4	133	0.0300752
NODE_145060_length_1673_cov_4.533672	725	858	20	11	133	0.0827068
NODE_145060_length_1673_cov_4.533672	725	858	21	21	133	0.1578947
NODE_145060_length_1673_cov_4.533672	725	858	22	3	133	0.0225564
NODE_145060_length_1673_cov_4.533672	725	858	23	8	133	0.0601504
NODE_145060_length_1673_cov_4.533672	725	858	24	19	133	0.1428571
NODE_145060_length_1673_cov_4.533672	725	858	25	8	133	0.0601504
NODE_145060_length_1673_cov_4.533672	725	858	26	5	133	0.0375940
NODE_145093_length_1673_cov_3.642313	568	701	10	6	133	0.0451128
NODE_145093_length_1673_cov_3.642313	568	701	12	1	133	0.0075188
NODE_145093_length_1673_cov_3.642313	568	701	13	2	133	0.0150376
NODE_145093_length_1673_cov_3.642313	568	701	14	3	133	0.0225564
NODE_145093_length_1673_cov_3.642313	568	701	17	5	133	0.0375940
NODE_145093_length_1673_cov_3.642313	568	701	19	7	133	0.0526316
NODE_145093_length_1673_cov_3.642313	568	701	20	4	133	0.0300752
NODE_145093_length_1673_cov_3.642313	568	701	21	2	133	0.0150376
NODE_145093_length_1673_cov_3.642313	568	701	22	5	133	0.0375940
NODE_145093_length_1673_cov_3.642313	568	701	23	7	133	0.0526316
NODE_145093_length_1673_cov_3.642313	568	701	24	9	133	0.0676692
NODE_145093_length_1673_cov_3.642313	568	701	26	8	133	0.0601504
NODE_145093_length_1673_cov_3.642313	568	701	27	4	133	0.0300752
NODE_145093_length_1673_cov_3.642313	568	701	28	17	133	0.1278196
NODE_145093_length_1673_cov_3.642313	568	701	29	24	133	0.1804511
NODE_145093_length_1673_cov_3.642313	568	701	30	18	133	0.1353384
NODE_145093_length_1673_cov_3.642313	568	701	31	10	133	0.0751880
NODE_145093_length_1673_cov_3.642313	568	701	32	1	133	0.0075188
NODE_145108_length_1673_cov_3.337357	367	500	8	3	133	0.0225564
NODE_145108_length_1673_cov_3.337357	367	500	9	11	133	0.0827068
NODE_145108_length_1673_cov_3.337357	367	500	10	23	133	0.1729323
NODE_145108_length_1673_cov_3.337357	367	500	11	20	133	0.1503759
NODE_145108_length_1673_cov_3.337357	367	500	12	9	133	0.0676692
NODE_145108_length_1673_cov_3.337357	367	500	13	51	133	0.3834586
NODE_145108_length_1673_cov_3.337357	367	500	14	16	133	0.1203008
NODE_145117_length_1673_cov_3.164549	293	426	9	9	133	0.0676692
NODE_145117_length_1673_cov_3.164549	293	426	10	14	133	0.1052632
NODE_145117_length_1673_cov_3.164549	293	426	11	12	133	0.0902256
NODE_145117_length_1673_cov_3.164549	293	426	12	39	133	0.2932331
NODE_145117_length_1673_cov_3.164549	293	426	13	7	133	0.0526316
NODE_145117_length_1673_cov_3.164549	293	426	14	26	133	0.1954887
NODE_145117_length_1673_cov_3.164549	293	426	15	9	133	0.0676692
NODE_145117_length_1673_cov_3.164549	293	426	16	17	133	0.1278196
NODE_145276_length_1671_cov_4.274809	866	999	7	6	133	0.0451128
NODE_145276_length_1671_cov_4.274809	866	999	8	22	133	0.1654135
NODE_145276_length_1671_cov_4.274809	866	999	9	38	133	0.2857143
NODE_145276_length_1671_cov_4.274809	866	999	10	13	133	0.0977444
NODE_145276_length_1671_cov_4.274809	866	999	11	40	133	0.3007519
NODE_145276_length_1671_cov_4.274809	866	999	12	14	133	0.1052632
NODE_14529_length_6388_cov_4.105899	6222	6355	0	20	133	0.1503759
NODE_14529_length_6388_cov_4.105899	6222	6355	2	113	133	0.8496240
NODE_1452_length_13558_cov_4.585036	2282	2415	12	4	133	0.0300752
NODE_1452_length_13558_cov_4.585036	2282	2415	14	4	133	0.0300752
NODE_1452_length_13558_cov_4.585036	2282	2415	15	16	133	0.1203008
NODE_1452_length_13558_cov_4.585036	2282	2415	16	3	133	0.0225564
NODE_1452_length_13558_cov_4.585036	2282	2415	17	2	133	0.0150376
NODE_1452_length_13558_cov_4.585036	2282	2415	18	4	133	0.0300752
NODE_1452_length_13558_cov_4.585036	2282	2415	19	5	133	0.0375940
NODE_1452_length_13558_cov_4.585036	2282	2415	20	4	133	0.0300752
NODE_1452_length_13558_cov_4.585036	2282	2415	21	7	133	0.0526316
NODE_1452_length_13558_cov_4.585036	2282	2415	22	4	133	0.0300752
NODE_1452_length_13558_cov_4.585036	2282	2415	23	16	133	0.1203008
NODE_1452_length_13558_cov_4.585036	2282	2415	24	15	133	0.1127820
NODE_1452_length_13558_cov_4.585036	2282	2415	25	4	133	0.0300752
NODE_1452_length_13558_cov_4.585036	2282	2415	26	1	133	0.0075188
NODE_1452_length_13558_cov_4.585036	2282	2415	27	18	133	0.1353384
NODE_1452_length_13558_cov_4.585036	2282	2415	28	11	133	0.0827068
NODE_1452_length_13558_cov_4.585036	2282	2415	29	11	133	0.0827068
NODE_1452_length_13558_cov_4.585036	2282	2415	30	4	133	0.0300752
NODE_145401_length_1670_cov_3.898154	1489	1622	0	133	133	1.0000000
NODE_145449_length_1670_cov_2.644176	302	435	8	5	133	0.0375940
NODE_145449_length_1670_cov_2.644176	302	435	10	1	133	0.0075188
NODE_145449_length_1670_cov_2.644176	302	435	12	5	133	0.0375940
NODE_145449_length_1670_cov_2.644176	302	435	13	3	133	0.0225564
NODE_145449_length_1670_cov_2.644176	302	435	14	5	133	0.0375940
NODE_145449_length_1670_cov_2.644176	302	435	15	15	133	0.1127820
NODE_145449_length_1670_cov_2.644176	302	435	16	75	133	0.5639098
NODE_145449_length_1670_cov_2.644176	302	435	17	17	133	0.1278196
NODE_145449_length_1670_cov_2.644176	302	435	18	7	133	0.0526316
NODE_145464_length_1669_cov_5.791720	1283	1416	6	9	133	0.0676692
NODE_145464_length_1669_cov_5.791720	1283	1416	8	12	133	0.0902256
NODE_145464_length_1669_cov_5.791720	1283	1416	9	7	133	0.0526316
NODE_145464_length_1669_cov_5.791720	1283	1416	10	11	133	0.0827068
NODE_145464_length_1669_cov_5.791720	1283	1416	11	3	133	0.0225564
NODE_145464_length_1669_cov_5.791720	1283	1416	12	5	133	0.0375940
NODE_145464_length_1669_cov_5.791720	1283	1416	14	9	133	0.0676692
NODE_145464_length_1669_cov_5.791720	1283	1416	15	9	133	0.0676692
NODE_145464_length_1669_cov_5.791720	1283	1416	16	24	133	0.1804511
NODE_145464_length_1669_cov_5.791720	1283	1416	17	8	133	0.0601504
NODE_145464_length_1669_cov_5.791720	1283	1416	18	1	133	0.0075188
NODE_145464_length_1669_cov_5.791720	1283	1416	19	35	133	0.2631579
NODE_14551_length_6383_cov_27.746340	5717	5850	20	2	133	0.0150376
NODE_14551_length_6383_cov_27.746340	5717	5850	21	6	133	0.0451128
NODE_14551_length_6383_cov_27.746340	5717	5850	23	21	133	0.1578947
NODE_14551_length_6383_cov_27.746340	5717	5850	24	13	133	0.0977444
NODE_14551_length_6383_cov_27.746340	5717	5850	25	15	133	0.1127820
NODE_14551_length_6383_cov_27.746340	5717	5850	26	8	133	0.0601504
NODE_14551_length_6383_cov_27.746340	5717	5850	27	21	133	0.1578947
NODE_14551_length_6383_cov_27.746340	5717	5850	28	18	133	0.1353384
NODE_14551_length_6383_cov_27.746340	5717	5850	29	3	133	0.0225564
NODE_14551_length_6383_cov_27.746340	5717	5850	30	17	133	0.1278196
NODE_14551_length_6383_cov_27.746340	5717	5850	31	4	133	0.0300752
NODE_14551_length_6383_cov_27.746340	5717	5850	32	5	133	0.0375940
NODE_145569_length_1668_cov_4.550032	1225	1358	9	30	133	0.2255639
NODE_145569_length_1668_cov_4.550032	1225	1358	11	10	133	0.0751880
NODE_145569_length_1668_cov_4.550032	1225	1358	12	57	133	0.4285714
NODE_145569_length_1668_cov_4.550032	1225	1358	13	6	133	0.0451128
NODE_145569_length_1668_cov_4.550032	1225	1358	15	30	133	0.2255639
NODE_1455_length_13546_cov_4.691976	12683	12816	9	19	133	0.1428571
NODE_1455_length_13546_cov_4.691976	12683	12816	10	7	133	0.0526316
NODE_1455_length_13546_cov_4.691976	12683	12816	11	22	133	0.1654135
NODE_1455_length_13546_cov_4.691976	12683	12816	12	35	133	0.2631579
NODE_1455_length_13546_cov_4.691976	12683	12816	13	7	133	0.0526316
NODE_1455_length_13546_cov_4.691976	12683	12816	14	18	133	0.1353384
NODE_1455_length_13546_cov_4.691976	12683	12816	15	5	133	0.0375940
NODE_1455_length_13546_cov_4.691976	12683	12816	16	8	133	0.0601504
NODE_1455_length_13546_cov_4.691976	12683	12816	17	1	133	0.0075188
NODE_1455_length_13546_cov_4.691976	12683	12816	18	2	133	0.0150376
NODE_1455_length_13546_cov_4.691976	12683	12816	19	3	133	0.0225564
NODE_1455_length_13546_cov_4.691976	12683	12816	22	6	133	0.0451128
NODE_145620_length_1668_cov_3.113448	1039	1172	6	10	133	0.0751880
NODE_145620_length_1668_cov_3.113448	1039	1172	7	49	133	0.3684210
NODE_145620_length_1668_cov_3.113448	1039	1172	8	73	133	0.5488722
NODE_145620_length_1668_cov_3.113448	1039	1172	9	1	133	0.0075188
NODE_145678_length_1667_cov_4.549107	106	239	5	1	133	0.0075188
NODE_145678_length_1667_cov_4.549107	106	239	8	6	133	0.0451128
NODE_145678_length_1667_cov_4.549107	106	239	9	39	133	0.2932331
NODE_145678_length_1667_cov_4.549107	106	239	10	16	133	0.1203008
NODE_145678_length_1667_cov_4.549107	106	239	11	65	133	0.4887218
NODE_145678_length_1667_cov_4.549107	106	239	12	6	133	0.0451128
NODE_14567_length_6381_cov_5.823782	3001	3134	15	13	133	0.0977444
NODE_14567_length_6381_cov_5.823782	3001	3134	17	1	133	0.0075188
NODE_14567_length_6381_cov_5.823782	3001	3134	18	5	133	0.0375940
NODE_14567_length_6381_cov_5.823782	3001	3134	20	1	133	0.0075188
NODE_14567_length_6381_cov_5.823782	3001	3134	21	4	133	0.0300752
NODE_14567_length_6381_cov_5.823782	3001	3134	22	3	133	0.0225564
NODE_14567_length_6381_cov_5.823782	3001	3134	24	5	133	0.0375940
NODE_14567_length_6381_cov_5.823782	3001	3134	25	9	133	0.0676692
NODE_14567_length_6381_cov_5.823782	3001	3134	27	10	133	0.0751880
NODE_14567_length_6381_cov_5.823782	3001	3134	28	24	133	0.1804511
NODE_14567_length_6381_cov_5.823782	3001	3134	29	27	133	0.2030075
NODE_14567_length_6381_cov_5.823782	3001	3134	30	20	133	0.1503759
NODE_14567_length_6381_cov_5.823782	3001	3134	31	7	133	0.0526316
NODE_14567_length_6381_cov_5.823782	3001	3134	32	4	133	0.0300752
NODE_145798_length_1666_cov_3.698149	1018	1151	4	5	133	0.0375940
NODE_145798_length_1666_cov_3.698149	1018	1151	5	1	133	0.0075188
NODE_145798_length_1666_cov_3.698149	1018	1151	6	3	133	0.0225564
NODE_145798_length_1666_cov_3.698149	1018	1151	7	25	133	0.1879699
NODE_145798_length_1666_cov_3.698149	1018	1151	9	1	133	0.0075188
NODE_145798_length_1666_cov_3.698149	1018	1151	10	13	133	0.0977444
NODE_145798_length_1666_cov_3.698149	1018	1151	11	63	133	0.4736842
NODE_145798_length_1666_cov_3.698149	1018	1151	12	1	133	0.0075188
NODE_145798_length_1666_cov_3.698149	1018	1151	13	8	133	0.0601504
NODE_145798_length_1666_cov_3.698149	1018	1151	14	13	133	0.0977444
NODE_14580_length_6380_cov_3.571565	690	823	8	1	133	0.0075188
NODE_14580_length_6380_cov_3.571565	690	823	9	39	133	0.2932331
NODE_14580_length_6380_cov_3.571565	690	823	10	33	133	0.2481203
NODE_14580_length_6380_cov_3.571565	690	823	11	12	133	0.0902256
NODE_14580_length_6380_cov_3.571565	690	823	12	19	133	0.1428571
NODE_14580_length_6380_cov_3.571565	690	823	13	19	133	0.1428571
NODE_14580_length_6380_cov_3.571565	690	823	14	10	133	0.0751880
NODE_145816_length_1666_cov_3.222719	1367	1500	10	4	133	0.0300752
NODE_145816_length_1666_cov_3.222719	1367	1500	11	19	133	0.1428571
NODE_145816_length_1666_cov_3.222719	1367	1500	12	34	133	0.2556391
NODE_145816_length_1666_cov_3.222719	1367	1500	13	2	133	0.0150376
NODE_145816_length_1666_cov_3.222719	1367	1500	14	7	133	0.0526316
NODE_145816_length_1666_cov_3.222719	1367	1500	15	11	133	0.0827068
NODE_145816_length_1666_cov_3.222719	1367	1500	16	12	133	0.0902256
NODE_145816_length_1666_cov_3.222719	1367	1500	17	21	133	0.1578947
NODE_145816_length_1666_cov_3.222719	1367	1500	18	21	133	0.1578947
NODE_145816_length_1666_cov_3.222719	1367	1500	19	2	133	0.0150376
NODE_145874_length_1665_cov_4.293742	1228	1361	7	2	133	0.0150376
NODE_145874_length_1665_cov_4.293742	1228	1361	8	7	133	0.0526316
NODE_145874_length_1665_cov_4.293742	1228	1361	11	3	133	0.0225564
NODE_145874_length_1665_cov_4.293742	1228	1361	12	1	133	0.0075188
NODE_145874_length_1665_cov_4.293742	1228	1361	13	40	133	0.3007519
NODE_145874_length_1665_cov_4.293742	1228	1361	14	22	133	0.1654135
NODE_145874_length_1665_cov_4.293742	1228	1361	15	30	133	0.2255639
NODE_145874_length_1665_cov_4.293742	1228	1361	16	28	133	0.2105263
NODE_145878_length_1665_cov_4.219668	331	464	5	15	133	0.1127820
NODE_145878_length_1665_cov_4.219668	331	464	6	103	133	0.7744361
NODE_145878_length_1665_cov_4.219668	331	464	7	11	133	0.0827068
NODE_145878_length_1665_cov_4.219668	331	464	8	4	133	0.0300752
NODE_14594_length_6377_cov_4.943931	3385	3518	11	6	133	0.0451128
NODE_14594_length_6377_cov_4.943931	3385	3518	12	29	133	0.2180451
NODE_14594_length_6377_cov_4.943931	3385	3518	13	27	133	0.2030075
NODE_14594_length_6377_cov_4.943931	3385	3518	14	11	133	0.0827068
NODE_14594_length_6377_cov_4.943931	3385	3518	15	12	133	0.0902256
NODE_14594_length_6377_cov_4.943931	3385	3518	16	2	133	0.0150376
NODE_14594_length_6377_cov_4.943931	3385	3518	18	40	133	0.3007519
NODE_14594_length_6377_cov_4.943931	3385	3518	19	6	133	0.0451128
NODE_146060_length_1663_cov_4.944373	1053	1186	12	2	133	0.0150376
NODE_146060_length_1663_cov_4.944373	1053	1186	13	10	133	0.0751880
NODE_146060_length_1663_cov_4.944373	1053	1186	14	22	133	0.1654135
NODE_146060_length_1663_cov_4.944373	1053	1186	15	3	133	0.0225564
NODE_146060_length_1663_cov_4.944373	1053	1186	16	4	133	0.0300752
NODE_146060_length_1663_cov_4.944373	1053	1186	17	6	133	0.0451128
NODE_146060_length_1663_cov_4.944373	1053	1186	18	7	133	0.0526316
NODE_146060_length_1663_cov_4.944373	1053	1186	20	29	133	0.2180451
NODE_146060_length_1663_cov_4.944373	1053	1186	21	16	133	0.1203008
NODE_146060_length_1663_cov_4.944373	1053	1186	22	12	133	0.0902256
NODE_146060_length_1663_cov_4.944373	1053	1186	23	22	133	0.1654135
NODE_14608_length_6375_cov_5.020395	2066	2199	8	10	133	0.0751880
NODE_14608_length_6375_cov_5.020395	2066	2199	10	1	133	0.0075188
NODE_14608_length_6375_cov_5.020395	2066	2199	12	11	133	0.0827068
NODE_14608_length_6375_cov_5.020395	2066	2199	13	5	133	0.0375940
NODE_14608_length_6375_cov_5.020395	2066	2199	14	1	133	0.0075188
NODE_14608_length_6375_cov_5.020395	2066	2199	15	2	133	0.0150376
NODE_14608_length_6375_cov_5.020395	2066	2199	16	8	133	0.0601504
NODE_14608_length_6375_cov_5.020395	2066	2199	17	1	133	0.0075188
NODE_14608_length_6375_cov_5.020395	2066	2199	18	1	133	0.0075188
NODE_14608_length_6375_cov_5.020395	2066	2199	20	4	133	0.0300752
NODE_14608_length_6375_cov_5.020395	2066	2199	22	18	133	0.1353384
NODE_14608_length_6375_cov_5.020395	2066	2199	24	2	133	0.0150376
NODE_14608_length_6375_cov_5.020395	2066	2199	26	15	133	0.1127820
NODE_14608_length_6375_cov_5.020395	2066	2199	27	15	133	0.1127820
NODE_14608_length_6375_cov_5.020395	2066	2199	28	27	133	0.2030075
NODE_14608_length_6375_cov_5.020395	2066	2199	29	12	133	0.0902256
NODE_14609_length_6375_cov_4.923040	4902	5035	7	6	133	0.0451128
NODE_14609_length_6375_cov_4.923040	4902	5035	9	3	133	0.0225564
NODE_14609_length_6375_cov_4.923040	4902	5035	10	7	133	0.0526316
NODE_14609_length_6375_cov_4.923040	4902	5035	12	2	133	0.0150376
NODE_14609_length_6375_cov_4.923040	4902	5035	13	5	133	0.0375940
NODE_14609_length_6375_cov_4.923040	4902	5035	14	7	133	0.0526316
NODE_14609_length_6375_cov_4.923040	4902	5035	15	8	133	0.0601504
NODE_14609_length_6375_cov_4.923040	4902	5035	18	6	133	0.0451128
NODE_14609_length_6375_cov_4.923040	4902	5035	19	19	133	0.1428571
NODE_14609_length_6375_cov_4.923040	4902	5035	20	22	133	0.1654135
NODE_14609_length_6375_cov_4.923040	4902	5035	21	12	133	0.0902256
NODE_14609_length_6375_cov_4.923040	4902	5035	22	18	133	0.1353384
NODE_14609_length_6375_cov_4.923040	4902	5035	23	18	133	0.1353384
NODE_14624_length_6372_cov_4.726925	6183	6316	0	27	133	0.2030075
NODE_14624_length_6372_cov_4.726925	6183	6316	7	38	133	0.2857143
NODE_14624_length_6372_cov_4.726925	6183	6316	8	17	133	0.1278196
NODE_14624_length_6372_cov_4.726925	6183	6316	9	11	133	0.0827068
NODE_14624_length_6372_cov_4.726925	6183	6316	11	2	133	0.0150376
NODE_14624_length_6372_cov_4.726925	6183	6316	12	38	133	0.2857143
NODE_146269_length_1661_cov_4.698464	1278	1411	12	4	133	0.0300752
NODE_146269_length_1661_cov_4.698464	1278	1411	13	1	133	0.0075188
NODE_146269_length_1661_cov_4.698464	1278	1411	15	6	133	0.0451128
NODE_146269_length_1661_cov_4.698464	1278	1411	17	6	133	0.0451128
NODE_146269_length_1661_cov_4.698464	1278	1411	18	4	133	0.0300752
NODE_146269_length_1661_cov_4.698464	1278	1411	19	8	133	0.0601504
NODE_146269_length_1661_cov_4.698464	1278	1411	20	3	133	0.0225564
NODE_146269_length_1661_cov_4.698464	1278	1411	21	8	133	0.0601504
NODE_146269_length_1661_cov_4.698464	1278	1411	22	2	133	0.0150376
NODE_146269_length_1661_cov_4.698464	1278	1411	23	18	133	0.1353384
NODE_146269_length_1661_cov_4.698464	1278	1411	24	13	133	0.0977444
NODE_146269_length_1661_cov_4.698464	1278	1411	25	46	133	0.3458647
NODE_146269_length_1661_cov_4.698464	1278	1411	26	14	133	0.1052632
NODE_146288_length_1661_cov_4.109475	738	871	1	7	133	0.0526316
NODE_146288_length_1661_cov_4.109475	738	871	2	36	133	0.2706767
NODE_146288_length_1661_cov_4.109475	738	871	3	20	133	0.1503759
NODE_146288_length_1661_cov_4.109475	738	871	4	6	133	0.0451128
NODE_146288_length_1661_cov_4.109475	738	871	5	6	133	0.0451128
NODE_146288_length_1661_cov_4.109475	738	871	6	5	133	0.0375940
NODE_146288_length_1661_cov_4.109475	738	871	7	3	133	0.0225564
NODE_146288_length_1661_cov_4.109475	738	871	8	50	133	0.3759398
NODE_14629_length_6371_cov_2.955357	2862	2995	5	19	133	0.1428571
NODE_14629_length_6371_cov_2.955357	2862	2995	7	21	133	0.1578947
NODE_14629_length_6371_cov_2.955357	2862	2995	8	12	133	0.0902256
NODE_14629_length_6371_cov_2.955357	2862	2995	9	19	133	0.1428571
NODE_14629_length_6371_cov_2.955357	2862	2995	10	48	133	0.3609022
NODE_14629_length_6371_cov_2.955357	2862	2995	11	14	133	0.1052632
NODE_146380_length_1660_cov_4.089045	222	355	6	3	133	0.0225564
NODE_146380_length_1660_cov_4.089045	222	355	10	4	133	0.0300752
NODE_146380_length_1660_cov_4.089045	222	355	11	5	133	0.0375940
NODE_146380_length_1660_cov_4.089045	222	355	12	20	133	0.1503759
NODE_146380_length_1660_cov_4.089045	222	355	13	1	133	0.0075188
NODE_146380_length_1660_cov_4.089045	222	355	15	3	133	0.0225564
NODE_146380_length_1660_cov_4.089045	222	355	16	1	133	0.0075188
NODE_146380_length_1660_cov_4.089045	222	355	17	3	133	0.0225564
NODE_146380_length_1660_cov_4.089045	222	355	18	2	133	0.0150376
NODE_146380_length_1660_cov_4.089045	222	355	19	19	133	0.1428571
NODE_146380_length_1660_cov_4.089045	222	355	20	5	133	0.0375940
NODE_146380_length_1660_cov_4.089045	222	355	21	29	133	0.2180451
NODE_146380_length_1660_cov_4.089045	222	355	22	12	133	0.0902256
NODE_146380_length_1660_cov_4.089045	222	355	23	26	133	0.1954887
NODE_14640_length_6369_cov_4.433812	5	138	9	9	133	0.0676692
NODE_14640_length_6369_cov_4.433812	5	138	10	3	133	0.0225564
NODE_14640_length_6369_cov_4.433812	5	138	11	19	133	0.1428571
NODE_14640_length_6369_cov_4.433812	5	138	12	1	133	0.0075188
NODE_14640_length_6369_cov_4.433812	5	138	14	19	133	0.1428571
NODE_14640_length_6369_cov_4.433812	5	138	15	3	133	0.0225564
NODE_14640_length_6369_cov_4.433812	5	138	16	5	133	0.0375940
NODE_14640_length_6369_cov_4.433812	5	138	17	7	133	0.0526316
NODE_14640_length_6369_cov_4.433812	5	138	18	23	133	0.1729323
NODE_14640_length_6369_cov_4.433812	5	138	19	38	133	0.2857143
NODE_14640_length_6369_cov_4.433812	5	138	20	5	133	0.0375940
NODE_14640_length_6369_cov_4.433812	5	138	21	1	133	0.0075188
NODE_14645_length_6368_cov_4.164301	4177	4310	10	3	133	0.0225564
NODE_14645_length_6368_cov_4.164301	4177	4310	11	17	133	0.1278196
NODE_14645_length_6368_cov_4.164301	4177	4310	12	6	133	0.0451128
NODE_14645_length_6368_cov_4.164301	4177	4310	15	11	133	0.0827068
NODE_14645_length_6368_cov_4.164301	4177	4310	16	9	133	0.0676692
NODE_14645_length_6368_cov_4.164301	4177	4310	17	4	133	0.0300752
NODE_14645_length_6368_cov_4.164301	4177	4310	18	2	133	0.0150376
NODE_14645_length_6368_cov_4.164301	4177	4310	19	6	133	0.0451128
NODE_14645_length_6368_cov_4.164301	4177	4310	20	5	133	0.0375940
NODE_14645_length_6368_cov_4.164301	4177	4310	21	23	133	0.1729323
NODE_14645_length_6368_cov_4.164301	4177	4310	22	23	133	0.1729323
NODE_14645_length_6368_cov_4.164301	4177	4310	23	7	133	0.0526316
NODE_14645_length_6368_cov_4.164301	4177	4310	24	17	133	0.1278196
NODE_146508_length_1659_cov_3.291026	1407	1540	8	4	133	0.0300752
NODE_146508_length_1659_cov_3.291026	1407	1540	9	2	133	0.0150376
NODE_146508_length_1659_cov_3.291026	1407	1540	11	10	133	0.0751880
NODE_146508_length_1659_cov_3.291026	1407	1540	13	9	133	0.0676692
NODE_146508_length_1659_cov_3.291026	1407	1540	15	1	133	0.0075188
NODE_146508_length_1659_cov_3.291026	1407	1540	16	11	133	0.0827068
NODE_146508_length_1659_cov_3.291026	1407	1540	17	7	133	0.0526316
NODE_146508_length_1659_cov_3.291026	1407	1540	18	3	133	0.0225564
NODE_146508_length_1659_cov_3.291026	1407	1540	19	11	133	0.0827068
NODE_146508_length_1659_cov_3.291026	1407	1540	20	30	133	0.2255639
NODE_146508_length_1659_cov_3.291026	1407	1540	21	10	133	0.0751880
NODE_146508_length_1659_cov_3.291026	1407	1540	22	19	133	0.1428571
NODE_146508_length_1659_cov_3.291026	1407	1540	23	12	133	0.0902256
NODE_146508_length_1659_cov_3.291026	1407	1540	24	4	133	0.0300752
NODE_14650_length_6367_cov_4.165603	1567	1700	18	4	133	0.0300752
NODE_14650_length_6367_cov_4.165603	1567	1700	22	9	133	0.0676692
NODE_14650_length_6367_cov_4.165603	1567	1700	23	22	133	0.1654135
NODE_14650_length_6367_cov_4.165603	1567	1700	24	29	133	0.2180451
NODE_14650_length_6367_cov_4.165603	1567	1700	25	11	133	0.0827068
NODE_14650_length_6367_cov_4.165603	1567	1700	26	4	133	0.0300752
NODE_14650_length_6367_cov_4.165603	1567	1700	27	17	133	0.1278196
NODE_14650_length_6367_cov_4.165603	1567	1700	28	4	133	0.0300752
NODE_14650_length_6367_cov_4.165603	1567	1700	29	13	133	0.0977444
NODE_14650_length_6367_cov_4.165603	1567	1700	30	5	133	0.0375940
NODE_14650_length_6367_cov_4.165603	1567	1700	31	15	133	0.1127820
NODE_146511_length_1659_cov_3.166667	1337	1470	13	6	133	0.0451128
NODE_146511_length_1659_cov_3.166667	1337	1470	14	8	133	0.0601504
NODE_146511_length_1659_cov_3.166667	1337	1470	15	3	133	0.0225564
NODE_146511_length_1659_cov_3.166667	1337	1470	17	4	133	0.0300752
NODE_146511_length_1659_cov_3.166667	1337	1470	18	10	133	0.0751880
NODE_146511_length_1659_cov_3.166667	1337	1470	20	14	133	0.1052632
NODE_146511_length_1659_cov_3.166667	1337	1470	21	1	133	0.0075188
NODE_146511_length_1659_cov_3.166667	1337	1470	22	21	133	0.1578947
NODE_146511_length_1659_cov_3.166667	1337	1470	23	1	133	0.0075188
NODE_146511_length_1659_cov_3.166667	1337	1470	24	12	133	0.0902256
NODE_146511_length_1659_cov_3.166667	1337	1470	25	49	133	0.3684210
NODE_146511_length_1659_cov_3.166667	1337	1470	26	1	133	0.0075188
NODE_146511_length_1659_cov_3.166667	1337	1470	27	3	133	0.0225564
NODE_14661_length_6363_cov_19.712484	202	335	17	16	133	0.1203008
NODE_14661_length_6363_cov_19.712484	202	335	18	2	133	0.0150376
NODE_14661_length_6363_cov_19.712484	202	335	20	2	133	0.0150376
NODE_14661_length_6363_cov_19.712484	202	335	21	2	133	0.0150376
NODE_14661_length_6363_cov_19.712484	202	335	22	1	133	0.0075188
NODE_14661_length_6363_cov_19.712484	202	335	24	6	133	0.0451128
NODE_14661_length_6363_cov_19.712484	202	335	26	1	133	0.0075188
NODE_14661_length_6363_cov_19.712484	202	335	28	1	133	0.0075188
NODE_14661_length_6363_cov_19.712484	202	335	30	6	133	0.0451128
NODE_14661_length_6363_cov_19.712484	202	335	31	5	133	0.0375940
NODE_14661_length_6363_cov_19.712484	202	335	33	9	133	0.0676692
NODE_14661_length_6363_cov_19.712484	202	335	37	2	133	0.0150376
NODE_14661_length_6363_cov_19.712484	202	335	38	2	133	0.0150376
NODE_14661_length_6363_cov_19.712484	202	335	39	4	133	0.0300752
NODE_14661_length_6363_cov_19.712484	202	335	41	5	133	0.0375940
NODE_14661_length_6363_cov_19.712484	202	335	43	1	133	0.0075188
NODE_14661_length_6363_cov_19.712484	202	335	44	2	133	0.0150376
NODE_14661_length_6363_cov_19.712484	202	335	45	14	133	0.1052632
NODE_14661_length_6363_cov_19.712484	202	335	46	16	133	0.1203008
NODE_14661_length_6363_cov_19.712484	202	335	47	2	133	0.0150376
NODE_14661_length_6363_cov_19.712484	202	335	48	11	133	0.0827068
NODE_14661_length_6363_cov_19.712484	202	335	49	1	133	0.0075188
NODE_14661_length_6363_cov_19.712484	202	335	50	7	133	0.0526316
NODE_14661_length_6363_cov_19.712484	202	335	51	12	133	0.0902256
NODE_14661_length_6363_cov_19.712484	202	335	52	3	133	0.0225564
NODE_146642_length_1658_cov_2.810776	1014	1147	2	2	133	0.0150376
NODE_146642_length_1658_cov_2.810776	1014	1147	3	11	133	0.0827068
NODE_146642_length_1658_cov_2.810776	1014	1147	4	26	133	0.1954887
NODE_146642_length_1658_cov_2.810776	1014	1147	5	2	133	0.0150376
NODE_146642_length_1658_cov_2.810776	1014	1147	7	18	133	0.1353384
NODE_146642_length_1658_cov_2.810776	1014	1147	8	22	133	0.1654135
NODE_146642_length_1658_cov_2.810776	1014	1147	9	8	133	0.0601504
NODE_146642_length_1658_cov_2.810776	1014	1147	10	11	133	0.0827068
NODE_146642_length_1658_cov_2.810776	1014	1147	11	27	133	0.2030075
NODE_146642_length_1658_cov_2.810776	1014	1147	12	6	133	0.0451128
NODE_146649_length_1658_cov_2.525978	613	746	3	9	133	0.0676692
NODE_146649_length_1658_cov_2.525978	613	746	5	37	133	0.2781955
NODE_146649_length_1658_cov_2.525978	613	746	6	67	133	0.5037594
NODE_146649_length_1658_cov_2.525978	613	746	7	20	133	0.1503759
NODE_146760_length_1656_cov_8.138728	1015	1148	13	1	133	0.0075188
NODE_146760_length_1656_cov_8.138728	1015	1148	15	16	133	0.1203008
NODE_146760_length_1656_cov_8.138728	1015	1148	16	5	133	0.0375940
NODE_146760_length_1656_cov_8.138728	1015	1148	19	2	133	0.0150376
NODE_146760_length_1656_cov_8.138728	1015	1148	20	1	133	0.0075188
NODE_146760_length_1656_cov_8.138728	1015	1148	21	2	133	0.0150376
NODE_146760_length_1656_cov_8.138728	1015	1148	22	4	133	0.0300752
NODE_146760_length_1656_cov_8.138728	1015	1148	23	4	133	0.0300752
NODE_146760_length_1656_cov_8.138728	1015	1148	24	7	133	0.0526316
NODE_146760_length_1656_cov_8.138728	1015	1148	25	2	133	0.0150376
NODE_146760_length_1656_cov_8.138728	1015	1148	27	3	133	0.0225564
NODE_146760_length_1656_cov_8.138728	1015	1148	30	2	133	0.0150376
NODE_146760_length_1656_cov_8.138728	1015	1148	31	4	133	0.0300752
NODE_146760_length_1656_cov_8.138728	1015	1148	32	1	133	0.0075188
NODE_146760_length_1656_cov_8.138728	1015	1148	33	3	133	0.0225564
NODE_146760_length_1656_cov_8.138728	1015	1148	34	13	133	0.0977444
NODE_146760_length_1656_cov_8.138728	1015	1148	35	6	133	0.0451128
NODE_146760_length_1656_cov_8.138728	1015	1148	38	1	133	0.0075188
NODE_146760_length_1656_cov_8.138728	1015	1148	40	2	133	0.0150376
NODE_146760_length_1656_cov_8.138728	1015	1148	41	3	133	0.0225564
NODE_146760_length_1656_cov_8.138728	1015	1148	43	1	133	0.0075188
NODE_146760_length_1656_cov_8.138728	1015	1148	45	8	133	0.0601504
NODE_146760_length_1656_cov_8.138728	1015	1148	48	2	133	0.0150376
NODE_146760_length_1656_cov_8.138728	1015	1148	49	4	133	0.0300752
NODE_146760_length_1656_cov_8.138728	1015	1148	50	2	133	0.0150376
NODE_146760_length_1656_cov_8.138728	1015	1148	52	1	133	0.0075188
NODE_146760_length_1656_cov_8.138728	1015	1148	53	10	133	0.0751880
NODE_146760_length_1656_cov_8.138728	1015	1148	54	6	133	0.0451128
NODE_146760_length_1656_cov_8.138728	1015	1148	55	1	133	0.0075188
NODE_146760_length_1656_cov_8.138728	1015	1148	56	2	133	0.0150376
NODE_146760_length_1656_cov_8.138728	1015	1148	57	2	133	0.0150376
NODE_146760_length_1656_cov_8.138728	1015	1148	58	5	133	0.0375940
NODE_146760_length_1656_cov_8.138728	1015	1148	59	7	133	0.0526316
NODE_14676_length_6361_cov_4.714788	1341	1474	5	12	133	0.0902256
NODE_14676_length_6361_cov_4.714788	1341	1474	6	8	133	0.0601504
NODE_14676_length_6361_cov_4.714788	1341	1474	7	4	133	0.0300752
NODE_14676_length_6361_cov_4.714788	1341	1474	8	22	133	0.1654135
NODE_14676_length_6361_cov_4.714788	1341	1474	9	8	133	0.0601504
NODE_14676_length_6361_cov_4.714788	1341	1474	10	38	133	0.2857143
NODE_14676_length_6361_cov_4.714788	1341	1474	11	24	133	0.1804511
NODE_14676_length_6361_cov_4.714788	1341	1474	12	17	133	0.1278196
NODE_146820_length_1656_cov_3.448298	424	557	8	10	133	0.0751880
NODE_146820_length_1656_cov_3.448298	424	557	9	10	133	0.0751880
NODE_146820_length_1656_cov_3.448298	424	557	10	19	133	0.1428571
NODE_146820_length_1656_cov_3.448298	424	557	11	1	133	0.0075188
NODE_146820_length_1656_cov_3.448298	424	557	12	2	133	0.0150376
NODE_146820_length_1656_cov_3.448298	424	557	13	5	133	0.0375940
NODE_146820_length_1656_cov_3.448298	424	557	14	13	133	0.0977444
NODE_146820_length_1656_cov_3.448298	424	557	15	11	133	0.0827068
NODE_146820_length_1656_cov_3.448298	424	557	16	15	133	0.1127820
NODE_146820_length_1656_cov_3.448298	424	557	17	12	133	0.0902256
NODE_146820_length_1656_cov_3.448298	424	557	18	35	133	0.2631579
NODE_146872_length_1655_cov_5.323907	717	850	5	12	133	0.0902256
NODE_146872_length_1655_cov_5.323907	717	850	7	3	133	0.0225564
NODE_146872_length_1655_cov_5.323907	717	850	8	1	133	0.0075188
NODE_146872_length_1655_cov_5.323907	717	850	9	32	133	0.2406015
NODE_146872_length_1655_cov_5.323907	717	850	10	9	133	0.0676692
NODE_146872_length_1655_cov_5.323907	717	850	11	1	133	0.0075188
NODE_146872_length_1655_cov_5.323907	717	850	12	2	133	0.0150376
NODE_146872_length_1655_cov_5.323907	717	850	13	7	133	0.0526316
NODE_146872_length_1655_cov_5.323907	717	850	14	38	133	0.2857143
NODE_146872_length_1655_cov_5.323907	717	850	15	24	133	0.1804511
NODE_146872_length_1655_cov_5.323907	717	850	16	4	133	0.0300752
NODE_14691_length_6357_cov_3.931608	1105	1238	0	133	133	1.0000000
NODE_14692_length_6357_cov_3.849952	2566	2699	3	5	133	0.0375940
NODE_14692_length_6357_cov_3.849952	2566	2699	4	69	133	0.5187970
NODE_14692_length_6357_cov_3.849952	2566	2699	5	12	133	0.0902256
NODE_14692_length_6357_cov_3.849952	2566	2699	6	47	133	0.3533835
NODE_146950_length_1655_cov_2.748715	106	239	1	6	133	0.0451128
NODE_146950_length_1655_cov_2.748715	106	239	2	3	133	0.0225564
NODE_146950_length_1655_cov_2.748715	106	239	3	86	133	0.6466165
NODE_146950_length_1655_cov_2.748715	106	239	4	38	133	0.2857143
NODE_147050_length_1654_cov_3.245659	658	791	2	45	133	0.3383459
NODE_147050_length_1654_cov_3.245659	658	791	3	35	133	0.2631579
NODE_147050_length_1654_cov_3.245659	658	791	5	53	133	0.3984962
NODE_14712_length_6354_cov_4.604157	2129	2262	3	22	133	0.1654135
NODE_14712_length_6354_cov_4.604157	2129	2262	4	12	133	0.0902256
NODE_14712_length_6354_cov_4.604157	2129	2262	5	8	133	0.0601504
NODE_14712_length_6354_cov_4.604157	2129	2262	6	10	133	0.0751880
NODE_14712_length_6354_cov_4.604157	2129	2262	7	3	133	0.0225564
NODE_14712_length_6354_cov_4.604157	2129	2262	8	18	133	0.1353384
NODE_14712_length_6354_cov_4.604157	2129	2262	9	9	133	0.0676692
NODE_14712_length_6354_cov_4.604157	2129	2262	10	35	133	0.2631579
NODE_14712_length_6354_cov_4.604157	2129	2262	11	16	133	0.1203008
NODE_147184_length_1653_cov_2.676963	778	911	9	4	133	0.0300752
NODE_147184_length_1653_cov_2.676963	778	911	11	1	133	0.0075188
NODE_147184_length_1653_cov_2.676963	778	911	12	1	133	0.0075188
NODE_147184_length_1653_cov_2.676963	778	911	13	3	133	0.0225564
NODE_147184_length_1653_cov_2.676963	778	911	14	14	133	0.1052632
NODE_147184_length_1653_cov_2.676963	778	911	15	2	133	0.0150376
NODE_147184_length_1653_cov_2.676963	778	911	16	8	133	0.0601504
NODE_147184_length_1653_cov_2.676963	778	911	18	8	133	0.0601504
NODE_147184_length_1653_cov_2.676963	778	911	20	3	133	0.0225564
NODE_147184_length_1653_cov_2.676963	778	911	21	1	133	0.0075188
NODE_147184_length_1653_cov_2.676963	778	911	22	21	133	0.1578947
NODE_147184_length_1653_cov_2.676963	778	911	23	8	133	0.0601504
NODE_147184_length_1653_cov_2.676963	778	911	25	3	133	0.0225564
NODE_147184_length_1653_cov_2.676963	778	911	26	5	133	0.0375940
NODE_147184_length_1653_cov_2.676963	778	911	27	17	133	0.1278196
NODE_147184_length_1653_cov_2.676963	778	911	30	3	133	0.0225564
NODE_147184_length_1653_cov_2.676963	778	911	31	26	133	0.1954887
NODE_147184_length_1653_cov_2.676963	778	911	32	5	133	0.0375940
NODE_1471_length_13495_cov_5.137429	7458	7591	16	2	133	0.0150376
NODE_1471_length_13495_cov_5.137429	7458	7591	17	4	133	0.0300752
NODE_1471_length_13495_cov_5.137429	7458	7591	18	1	133	0.0075188
NODE_1471_length_13495_cov_5.137429	7458	7591	19	13	133	0.0977444
NODE_1471_length_13495_cov_5.137429	7458	7591	20	16	133	0.1203008
NODE_1471_length_13495_cov_5.137429	7458	7591	21	1	133	0.0075188
NODE_1471_length_13495_cov_5.137429	7458	7591	22	25	133	0.1879699
NODE_1471_length_13495_cov_5.137429	7458	7591	23	19	133	0.1428571
NODE_1471_length_13495_cov_5.137429	7458	7591	24	16	133	0.1203008
NODE_1471_length_13495_cov_5.137429	7458	7591	25	17	133	0.1278196
NODE_1471_length_13495_cov_5.137429	7458	7591	26	16	133	0.1203008
NODE_1471_length_13495_cov_5.137429	7458	7591	27	2	133	0.0150376
NODE_1471_length_13495_cov_5.137429	7458	7591	28	1	133	0.0075188
NODE_147202_length_1652_cov_6.097231	158	291	0	133	133	1.0000000
NODE_14725_length_6351_cov_5.503199	4853	4986	22	4	133	0.0300752
NODE_14725_length_6351_cov_5.503199	4853	4986	24	6	133	0.0451128
NODE_14725_length_6351_cov_5.503199	4853	4986	25	3	133	0.0225564
NODE_14725_length_6351_cov_5.503199	4853	4986	26	16	133	0.1203008
NODE_14725_length_6351_cov_5.503199	4853	4986	28	12	133	0.0902256
NODE_14725_length_6351_cov_5.503199	4853	4986	35	1	133	0.0075188
NODE_14725_length_6351_cov_5.503199	4853	4986	36	4	133	0.0300752
NODE_14725_length_6351_cov_5.503199	4853	4986	39	1	133	0.0075188
NODE_14725_length_6351_cov_5.503199	4853	4986	41	5	133	0.0375940
NODE_14725_length_6351_cov_5.503199	4853	4986	42	1	133	0.0075188
NODE_14725_length_6351_cov_5.503199	4853	4986	44	1	133	0.0075188
NODE_14725_length_6351_cov_5.503199	4853	4986	46	2	133	0.0150376
NODE_14725_length_6351_cov_5.503199	4853	4986	47	8	133	0.0601504
NODE_14725_length_6351_cov_5.503199	4853	4986	48	10	133	0.0751880
NODE_14725_length_6351_cov_5.503199	4853	4986	50	2	133	0.0150376
NODE_14725_length_6351_cov_5.503199	4853	4986	51	6	133	0.0451128
NODE_14725_length_6351_cov_5.503199	4853	4986	52	2	133	0.0150376
NODE_14725_length_6351_cov_5.503199	4853	4986	53	2	133	0.0150376
NODE_14725_length_6351_cov_5.503199	4853	4986	55	2	133	0.0150376
NODE_14725_length_6351_cov_5.503199	4853	4986	57	2	133	0.0150376
NODE_14725_length_6351_cov_5.503199	4853	4986	62	2	133	0.0150376
NODE_14725_length_6351_cov_5.503199	4853	4986	64	3	133	0.0225564
NODE_14725_length_6351_cov_5.503199	4853	4986	65	4	133	0.0300752
NODE_14725_length_6351_cov_5.503199	4853	4986	66	4	133	0.0300752
NODE_14725_length_6351_cov_5.503199	4853	4986	67	1	133	0.0075188
NODE_14725_length_6351_cov_5.503199	4853	4986	68	7	133	0.0526316
NODE_14725_length_6351_cov_5.503199	4853	4986	69	14	133	0.1052632
NODE_14725_length_6351_cov_5.503199	4853	4986	70	5	133	0.0375940
NODE_14725_length_6351_cov_5.503199	4853	4986	71	3	133	0.0225564
NODE_14726_length_6351_cov_5.364363	146	279	17	6	133	0.0451128
NODE_14726_length_6351_cov_5.364363	146	279	18	3	133	0.0225564
NODE_14726_length_6351_cov_5.364363	146	279	19	17	133	0.1278196
NODE_14726_length_6351_cov_5.364363	146	279	20	6	133	0.0451128
NODE_14726_length_6351_cov_5.364363	146	279	21	18	133	0.1353384
NODE_14726_length_6351_cov_5.364363	146	279	22	34	133	0.2556391
NODE_14726_length_6351_cov_5.364363	146	279	23	34	133	0.2556391
NODE_14726_length_6351_cov_5.364363	146	279	24	12	133	0.0902256
NODE_14726_length_6351_cov_5.364363	146	279	25	3	133	0.0225564
NODE_14731_length_6350_cov_5.040474	3194	3327	5	2	133	0.0150376
NODE_14731_length_6350_cov_5.040474	3194	3327	7	2	133	0.0150376
NODE_14731_length_6350_cov_5.040474	3194	3327	8	21	133	0.1578947
NODE_14731_length_6350_cov_5.040474	3194	3327	9	20	133	0.1503759
NODE_14731_length_6350_cov_5.040474	3194	3327	10	1	133	0.0075188
NODE_14731_length_6350_cov_5.040474	3194	3327	11	11	133	0.0827068
NODE_14731_length_6350_cov_5.040474	3194	3327	12	29	133	0.2180451
NODE_14731_length_6350_cov_5.040474	3194	3327	13	19	133	0.1428571
NODE_14731_length_6350_cov_5.040474	3194	3327	14	28	133	0.2105263
NODE_147432_length_1650_cov_4.302386	117	250	12	5	133	0.0375940
NODE_147432_length_1650_cov_4.302386	117	250	13	7	133	0.0526316
NODE_147432_length_1650_cov_4.302386	117	250	14	3	133	0.0225564
NODE_147432_length_1650_cov_4.302386	117	250	15	9	133	0.0676692
NODE_147432_length_1650_cov_4.302386	117	250	16	1	133	0.0075188
NODE_147432_length_1650_cov_4.302386	117	250	18	3	133	0.0225564
NODE_147432_length_1650_cov_4.302386	117	250	19	2	133	0.0150376
NODE_147432_length_1650_cov_4.302386	117	250	21	12	133	0.0902256
NODE_147432_length_1650_cov_4.302386	117	250	22	4	133	0.0300752
NODE_147432_length_1650_cov_4.302386	117	250	23	30	133	0.2255639
NODE_147432_length_1650_cov_4.302386	117	250	24	30	133	0.2255639
NODE_147432_length_1650_cov_4.302386	117	250	25	15	133	0.1127820
NODE_147432_length_1650_cov_4.302386	117	250	26	2	133	0.0150376
NODE_147432_length_1650_cov_4.302386	117	250	27	9	133	0.0676692
NODE_147432_length_1650_cov_4.302386	117	250	28	1	133	0.0075188
NODE_14746_length_6348_cov_8.040326	936	1069	1	7	133	0.0526316
NODE_14746_length_6348_cov_8.040326	936	1069	2	6	133	0.0451128
NODE_14746_length_6348_cov_8.040326	936	1069	3	17	133	0.1278196
NODE_14746_length_6348_cov_8.040326	936	1069	4	71	133	0.5338346
NODE_14746_length_6348_cov_8.040326	936	1069	5	19	133	0.1428571
NODE_14746_length_6348_cov_8.040326	936	1069	6	13	133	0.0977444
NODE_14751_length_6347_cov_7.857234	3444	3577	21	13	133	0.0977444
NODE_14751_length_6347_cov_7.857234	3444	3577	22	1	133	0.0075188
NODE_14751_length_6347_cov_7.857234	3444	3577	23	6	133	0.0451128
NODE_14751_length_6347_cov_7.857234	3444	3577	24	5	133	0.0375940
NODE_14751_length_6347_cov_7.857234	3444	3577	25	11	133	0.0827068
NODE_14751_length_6347_cov_7.857234	3444	3577	26	9	133	0.0676692
NODE_14751_length_6347_cov_7.857234	3444	3577	28	8	133	0.0601504
NODE_14751_length_6347_cov_7.857234	3444	3577	29	3	133	0.0225564
NODE_14751_length_6347_cov_7.857234	3444	3577	31	3	133	0.0225564
NODE_14751_length_6347_cov_7.857234	3444	3577	32	4	133	0.0300752
NODE_14751_length_6347_cov_7.857234	3444	3577	33	3	133	0.0225564
NODE_14751_length_6347_cov_7.857234	3444	3577	34	17	133	0.1278196
NODE_14751_length_6347_cov_7.857234	3444	3577	35	4	133	0.0300752
NODE_14751_length_6347_cov_7.857234	3444	3577	36	17	133	0.1278196
NODE_14751_length_6347_cov_7.857234	3444	3577	37	26	133	0.1954887
NODE_14751_length_6347_cov_7.857234	3444	3577	38	3	133	0.0225564
NODE_14752_length_6347_cov_5.654930	2808	2941	0	133	133	1.0000000
NODE_14760_length_6347_cov_3.424456	858	991	4	7	133	0.0526316
NODE_14760_length_6347_cov_3.424456	858	991	5	3	133	0.0225564
NODE_14760_length_6347_cov_3.424456	858	991	7	5	133	0.0375940
NODE_14760_length_6347_cov_3.424456	858	991	8	29	133	0.2180451
NODE_14760_length_6347_cov_3.424456	858	991	9	47	133	0.3533835
NODE_14760_length_6347_cov_3.424456	858	991	10	33	133	0.2481203
NODE_14760_length_6347_cov_3.424456	858	991	12	9	133	0.0676692
NODE_147619_length_1648_cov_5.484829	1377	1510	8	7	133	0.0526316
NODE_147619_length_1648_cov_5.484829	1377	1510	9	2	133	0.0150376
NODE_147619_length_1648_cov_5.484829	1377	1510	10	44	133	0.3308271
NODE_147619_length_1648_cov_5.484829	1377	1510	11	32	133	0.2406015
NODE_147619_length_1648_cov_5.484829	1377	1510	12	11	133	0.0827068
NODE_147619_length_1648_cov_5.484829	1377	1510	13	29	133	0.2180451
NODE_147619_length_1648_cov_5.484829	1377	1510	14	8	133	0.0601504
NODE_14765_length_6346_cov_4.027853	2676	2809	8	14	133	0.1052632
NODE_14765_length_6346_cov_4.027853	2676	2809	9	2	133	0.0150376
NODE_14765_length_6346_cov_4.027853	2676	2809	11	6	133	0.0451128
NODE_14765_length_6346_cov_4.027853	2676	2809	12	18	133	0.1353384
NODE_14765_length_6346_cov_4.027853	2676	2809	13	12	133	0.0902256
NODE_14765_length_6346_cov_4.027853	2676	2809	14	12	133	0.0902256
NODE_14765_length_6346_cov_4.027853	2676	2809	15	8	133	0.0601504
NODE_14765_length_6346_cov_4.027853	2676	2809	16	41	133	0.3082707
NODE_14765_length_6346_cov_4.027853	2676	2809	17	6	133	0.0451128
NODE_14765_length_6346_cov_4.027853	2676	2809	18	14	133	0.1052632
NODE_147751_length_1647_cov_3.967054	330	463	10	8	133	0.0601504
NODE_147751_length_1647_cov_3.967054	330	463	11	5	133	0.0375940
NODE_147751_length_1647_cov_3.967054	330	463	14	3	133	0.0225564
NODE_147751_length_1647_cov_3.967054	330	463	15	13	133	0.0977444
NODE_147751_length_1647_cov_3.967054	330	463	16	2	133	0.0150376
NODE_147751_length_1647_cov_3.967054	330	463	17	62	133	0.4661654
NODE_147751_length_1647_cov_3.967054	330	463	18	30	133	0.2255639
NODE_147751_length_1647_cov_3.967054	330	463	19	10	133	0.0751880
NODE_14790_length_6340_cov_6.400096	5029	5162	8	15	133	0.1127820
NODE_14790_length_6340_cov_6.400096	5029	5162	9	6	133	0.0451128
NODE_14790_length_6340_cov_6.400096	5029	5162	10	6	133	0.0451128
NODE_14790_length_6340_cov_6.400096	5029	5162	11	1	133	0.0075188
NODE_14790_length_6340_cov_6.400096	5029	5162	13	19	133	0.1428571
NODE_14790_length_6340_cov_6.400096	5029	5162	14	11	133	0.0827068
NODE_14790_length_6340_cov_6.400096	5029	5162	15	24	133	0.1804511
NODE_14790_length_6340_cov_6.400096	5029	5162	16	8	133	0.0601504
NODE_14790_length_6340_cov_6.400096	5029	5162	17	6	133	0.0451128
NODE_14790_length_6340_cov_6.400096	5029	5162	18	27	133	0.2030075
NODE_14790_length_6340_cov_6.400096	5029	5162	19	9	133	0.0676692
NODE_14790_length_6340_cov_6.400096	5029	5162	20	1	133	0.0075188
NODE_147920_length_1645_cov_4.683053	1219	1352	11	5	133	0.0375940
NODE_147920_length_1645_cov_4.683053	1219	1352	12	8	133	0.0601504
NODE_147920_length_1645_cov_4.683053	1219	1352	13	7	133	0.0526316
NODE_147920_length_1645_cov_4.683053	1219	1352	14	5	133	0.0375940
NODE_147920_length_1645_cov_4.683053	1219	1352	15	2	133	0.0150376
NODE_147920_length_1645_cov_4.683053	1219	1352	16	12	133	0.0902256
NODE_147920_length_1645_cov_4.683053	1219	1352	17	17	133	0.1278196
NODE_147920_length_1645_cov_4.683053	1219	1352	18	1	133	0.0075188
NODE_147920_length_1645_cov_4.683053	1219	1352	19	22	133	0.1654135
NODE_147920_length_1645_cov_4.683053	1219	1352	20	10	133	0.0751880
NODE_147920_length_1645_cov_4.683053	1219	1352	21	10	133	0.0751880
NODE_147920_length_1645_cov_4.683053	1219	1352	22	3	133	0.0225564
NODE_147920_length_1645_cov_4.683053	1219	1352	23	6	133	0.0451128
NODE_147920_length_1645_cov_4.683053	1219	1352	24	24	133	0.1804511
NODE_147920_length_1645_cov_4.683053	1219	1352	25	1	133	0.0075188
NODE_147924_length_1645_cov_4.576973	624	757	10	5	133	0.0375940
NODE_147924_length_1645_cov_4.576973	624	757	11	8	133	0.0601504
NODE_147924_length_1645_cov_4.576973	624	757	12	70	133	0.5263158
NODE_147924_length_1645_cov_4.576973	624	757	13	9	133	0.0676692
NODE_147924_length_1645_cov_4.576973	624	757	14	11	133	0.0827068
NODE_147924_length_1645_cov_4.576973	624	757	15	30	133	0.2255639
NODE_147981_length_1645_cov_3.193402	1159	1292	2	9	133	0.0676692
NODE_147981_length_1645_cov_3.193402	1159	1292	3	5	133	0.0375940
NODE_147981_length_1645_cov_3.193402	1159	1292	4	20	133	0.1503759
NODE_147981_length_1645_cov_3.193402	1159	1292	5	14	133	0.1052632
NODE_147981_length_1645_cov_3.193402	1159	1292	7	1	133	0.0075188
NODE_147981_length_1645_cov_3.193402	1159	1292	9	2	133	0.0150376
NODE_147981_length_1645_cov_3.193402	1159	1292	10	6	133	0.0451128
NODE_147981_length_1645_cov_3.193402	1159	1292	11	10	133	0.0751880
NODE_147981_length_1645_cov_3.193402	1159	1292	12	19	133	0.1428571
NODE_147981_length_1645_cov_3.193402	1159	1292	14	47	133	0.3533835
NODE_1479_length_13468_cov_23.798788	2432	2565	1	66	133	0.4962406
NODE_1479_length_13468_cov_23.798788	2432	2565	2	43	133	0.3233083
NODE_1479_length_13468_cov_23.798788	2432	2565	3	12	133	0.0902256
NODE_1479_length_13468_cov_23.798788	2432	2565	4	12	133	0.0902256
NODE_147_length_23007_cov_5.050856	17955	18088	3	3	133	0.0225564
NODE_147_length_23007_cov_5.050856	17955	18088	4	1	133	0.0075188
NODE_147_length_23007_cov_5.050856	17955	18088	5	60	133	0.4511278
NODE_147_length_23007_cov_5.050856	17955	18088	6	50	133	0.3759398
NODE_147_length_23007_cov_5.050856	17955	18088	7	19	133	0.1428571
NODE_148217_length_1643_cov_2.626295	824	957	3	4	133	0.0300752
NODE_148217_length_1643_cov_2.626295	824	957	4	14	133	0.1052632
NODE_148217_length_1643_cov_2.626295	824	957	5	3	133	0.0225564
NODE_148217_length_1643_cov_2.626295	824	957	7	6	133	0.0451128
NODE_148217_length_1643_cov_2.626295	824	957	9	53	133	0.3984962
NODE_148217_length_1643_cov_2.626295	824	957	10	48	133	0.3609022
NODE_148217_length_1643_cov_2.626295	824	957	11	2	133	0.0150376
NODE_148217_length_1643_cov_2.626295	824	957	12	3	133	0.0225564
NODE_1482_length_13458_cov_4.514784	4760	4893	16	7	133	0.0526316
NODE_1482_length_13458_cov_4.514784	4760	4893	17	15	133	0.1127820
NODE_1482_length_13458_cov_4.514784	4760	4893	18	39	133	0.2932331
NODE_1482_length_13458_cov_4.514784	4760	4893	19	6	133	0.0451128
NODE_1482_length_13458_cov_4.514784	4760	4893	20	44	133	0.3308271
NODE_1482_length_13458_cov_4.514784	4760	4893	21	11	133	0.0827068
NODE_1482_length_13458_cov_4.514784	4760	4893	22	11	133	0.0827068
NODE_148351_length_1641_cov_4.269131	710	843	4	19	133	0.1428571
NODE_148351_length_1641_cov_4.269131	710	843	6	1	133	0.0075188
NODE_148351_length_1641_cov_4.269131	710	843	8	30	133	0.2255639
NODE_148351_length_1641_cov_4.269131	710	843	9	1	133	0.0075188
NODE_148351_length_1641_cov_4.269131	710	843	10	21	133	0.1578947
NODE_148351_length_1641_cov_4.269131	710	843	11	6	133	0.0451128
NODE_148351_length_1641_cov_4.269131	710	843	12	1	133	0.0075188
NODE_148351_length_1641_cov_4.269131	710	843	13	6	133	0.0451128
NODE_148351_length_1641_cov_4.269131	710	843	14	1	133	0.0075188
NODE_148351_length_1641_cov_4.269131	710	843	15	1	133	0.0075188
NODE_148351_length_1641_cov_4.269131	710	843	16	5	133	0.0375940
NODE_148351_length_1641_cov_4.269131	710	843	17	9	133	0.0676692
NODE_148351_length_1641_cov_4.269131	710	843	18	13	133	0.0977444
NODE_148351_length_1641_cov_4.269131	710	843	19	9	133	0.0676692
NODE_148351_length_1641_cov_4.269131	710	843	20	10	133	0.0751880
NODE_148375_length_1641_cov_3.761997	357	490	20	9	133	0.0676692
NODE_148375_length_1641_cov_3.761997	357	490	21	7	133	0.0526316
NODE_148375_length_1641_cov_3.761997	357	490	22	3	133	0.0225564
NODE_148375_length_1641_cov_3.761997	357	490	23	4	133	0.0300752
NODE_148375_length_1641_cov_3.761997	357	490	24	1	133	0.0075188
NODE_148375_length_1641_cov_3.761997	357	490	25	8	133	0.0601504
NODE_148375_length_1641_cov_3.761997	357	490	26	1	133	0.0075188
NODE_148375_length_1641_cov_3.761997	357	490	27	6	133	0.0451128
NODE_148375_length_1641_cov_3.761997	357	490	28	22	133	0.1654135
NODE_148375_length_1641_cov_3.761997	357	490	29	15	133	0.1127820
NODE_148375_length_1641_cov_3.761997	357	490	31	14	133	0.1052632
NODE_148375_length_1641_cov_3.761997	357	490	32	2	133	0.0150376
NODE_148375_length_1641_cov_3.761997	357	490	33	20	133	0.1503759
NODE_148375_length_1641_cov_3.761997	357	490	34	16	133	0.1203008
NODE_148375_length_1641_cov_3.761997	357	490	35	5	133	0.0375940
NODE_148440_length_1640_cov_4.976639	485	618	10	16	133	0.1203008
NODE_148440_length_1640_cov_4.976639	485	618	11	1	133	0.0075188
NODE_148440_length_1640_cov_4.976639	485	618	12	20	133	0.1503759
NODE_148440_length_1640_cov_4.976639	485	618	13	50	133	0.3759398
NODE_148440_length_1640_cov_4.976639	485	618	14	32	133	0.2406015
NODE_148440_length_1640_cov_4.976639	485	618	15	2	133	0.0150376
NODE_148440_length_1640_cov_4.976639	485	618	17	2	133	0.0150376
NODE_148440_length_1640_cov_4.976639	485	618	18	10	133	0.0751880
NODE_14852_length_6328_cov_4.677637	1342	1475	21	13	133	0.0977444
NODE_14852_length_6328_cov_4.677637	1342	1475	22	1	133	0.0075188
NODE_14852_length_6328_cov_4.677637	1342	1475	24	3	133	0.0225564
NODE_14852_length_6328_cov_4.677637	1342	1475	25	3	133	0.0225564
NODE_14852_length_6328_cov_4.677637	1342	1475	26	17	133	0.1278196
NODE_14852_length_6328_cov_4.677637	1342	1475	27	8	133	0.0601504
NODE_14852_length_6328_cov_4.677637	1342	1475	29	8	133	0.0601504
NODE_14852_length_6328_cov_4.677637	1342	1475	30	7	133	0.0526316
NODE_14852_length_6328_cov_4.677637	1342	1475	31	19	133	0.1428571
NODE_14852_length_6328_cov_4.677637	1342	1475	32	1	133	0.0075188
NODE_14852_length_6328_cov_4.677637	1342	1475	33	3	133	0.0225564
NODE_14852_length_6328_cov_4.677637	1342	1475	35	2	133	0.0150376
NODE_14852_length_6328_cov_4.677637	1342	1475	36	5	133	0.0375940
NODE_14852_length_6328_cov_4.677637	1342	1475	37	2	133	0.0150376
NODE_14852_length_6328_cov_4.677637	1342	1475	38	27	133	0.2030075
NODE_14852_length_6328_cov_4.677637	1342	1475	39	14	133	0.1052632
NODE_14856_length_6327_cov_5.262524	3558	3691	27	14	133	0.1052632
NODE_14856_length_6327_cov_5.262524	3558	3691	28	15	133	0.1127820
NODE_14856_length_6327_cov_5.262524	3558	3691	29	5	133	0.0375940
NODE_14856_length_6327_cov_5.262524	3558	3691	30	1	133	0.0075188
NODE_14856_length_6327_cov_5.262524	3558	3691	31	2	133	0.0150376
NODE_14856_length_6327_cov_5.262524	3558	3691	32	3	133	0.0225564
NODE_14856_length_6327_cov_5.262524	3558	3691	33	10	133	0.0751880
NODE_14856_length_6327_cov_5.262524	3558	3691	34	2	133	0.0150376
NODE_14856_length_6327_cov_5.262524	3558	3691	35	25	133	0.1879699
NODE_14856_length_6327_cov_5.262524	3558	3691	36	7	133	0.0526316
NODE_14856_length_6327_cov_5.262524	3558	3691	37	4	133	0.0300752
NODE_14856_length_6327_cov_5.262524	3558	3691	38	9	133	0.0676692
NODE_14856_length_6327_cov_5.262524	3558	3691	39	23	133	0.1729323
NODE_14856_length_6327_cov_5.262524	3558	3691	40	7	133	0.0526316
NODE_14856_length_6327_cov_5.262524	3558	3691	41	6	133	0.0451128
NODE_14860_length_6327_cov_4.313584	126	259	2	27	133	0.2030075
NODE_14860_length_6327_cov_4.313584	126	259	3	49	133	0.3684210
NODE_14860_length_6327_cov_4.313584	126	259	4	57	133	0.4285714
NODE_148654_length_1638_cov_4.538012	105	238	1	38	133	0.2857143
NODE_148654_length_1638_cov_4.538012	105	238	2	95	133	0.7142857
NODE_148666_length_1638_cov_4.252112	1108	1241	0	133	133	1.0000000
NODE_148671_length_1638_cov_4.205328	1280	1413	9	2	133	0.0150376
NODE_148671_length_1638_cov_4.205328	1280	1413	12	10	133	0.0751880
NODE_148671_length_1638_cov_4.205328	1280	1413	14	1	133	0.0075188
NODE_148671_length_1638_cov_4.205328	1280	1413	16	9	133	0.0676692
NODE_148671_length_1638_cov_4.205328	1280	1413	17	13	133	0.0977444
NODE_148671_length_1638_cov_4.205328	1280	1413	18	9	133	0.0676692
NODE_148671_length_1638_cov_4.205328	1280	1413	19	4	133	0.0300752
NODE_148671_length_1638_cov_4.205328	1280	1413	20	4	133	0.0300752
NODE_148671_length_1638_cov_4.205328	1280	1413	23	12	133	0.0902256
NODE_148671_length_1638_cov_4.205328	1280	1413	24	14	133	0.1052632
NODE_148671_length_1638_cov_4.205328	1280	1413	25	11	133	0.0827068
NODE_148671_length_1638_cov_4.205328	1280	1413	26	19	133	0.1428571
NODE_148671_length_1638_cov_4.205328	1280	1413	27	21	133	0.1578947
NODE_148671_length_1638_cov_4.205328	1280	1413	28	1	133	0.0075188
NODE_148671_length_1638_cov_4.205328	1280	1413	29	3	133	0.0225564
NODE_14867_length_6327_cov_3.338953	2276	2409	0	17	133	0.1278196
NODE_14867_length_6327_cov_3.338953	2276	2409	2	14	133	0.1052632
NODE_14867_length_6327_cov_3.338953	2276	2409	4	5	133	0.0375940
NODE_14867_length_6327_cov_3.338953	2276	2409	6	45	133	0.3383459
NODE_14867_length_6327_cov_3.338953	2276	2409	7	52	133	0.3909774
NODE_14869_length_6326_cov_5.291473	5297	5430	5	18	133	0.1353384
NODE_14869_length_6326_cov_5.291473	5297	5430	7	9	133	0.0676692
NODE_14869_length_6326_cov_5.291473	5297	5430	8	12	133	0.0902256
NODE_14869_length_6326_cov_5.291473	5297	5430	9	5	133	0.0375940
NODE_14869_length_6326_cov_5.291473	5297	5430	10	2	133	0.0150376
NODE_14869_length_6326_cov_5.291473	5297	5430	12	33	133	0.2481203
NODE_14869_length_6326_cov_5.291473	5297	5430	13	2	133	0.0150376
NODE_14869_length_6326_cov_5.291473	5297	5430	14	12	133	0.0902256
NODE_14869_length_6326_cov_5.291473	5297	5430	15	40	133	0.3007519
NODE_14873_length_6326_cov_4.299823	3521	3654	11	3	133	0.0225564
NODE_14873_length_6326_cov_4.299823	3521	3654	12	3	133	0.0225564
NODE_14873_length_6326_cov_4.299823	3521	3654	13	4	133	0.0300752
NODE_14873_length_6326_cov_4.299823	3521	3654	14	3	133	0.0225564
NODE_14873_length_6326_cov_4.299823	3521	3654	15	1	133	0.0075188
NODE_14873_length_6326_cov_4.299823	3521	3654	16	4	133	0.0300752
NODE_14873_length_6326_cov_4.299823	3521	3654	17	4	133	0.0300752
NODE_14873_length_6326_cov_4.299823	3521	3654	19	1	133	0.0075188
NODE_14873_length_6326_cov_4.299823	3521	3654	20	5	133	0.0375940
NODE_14873_length_6326_cov_4.299823	3521	3654	22	2	133	0.0150376
NODE_14873_length_6326_cov_4.299823	3521	3654	23	1	133	0.0075188
NODE_14873_length_6326_cov_4.299823	3521	3654	24	1	133	0.0075188
NODE_14873_length_6326_cov_4.299823	3521	3654	25	2	133	0.0150376
NODE_14873_length_6326_cov_4.299823	3521	3654	26	3	133	0.0225564
NODE_14873_length_6326_cov_4.299823	3521	3654	27	12	133	0.0902256
NODE_14873_length_6326_cov_4.299823	3521	3654	28	15	133	0.1127820
NODE_14873_length_6326_cov_4.299823	3521	3654	29	11	133	0.0827068
NODE_14873_length_6326_cov_4.299823	3521	3654	30	2	133	0.0150376
NODE_14873_length_6326_cov_4.299823	3521	3654	31	14	133	0.1052632
NODE_14873_length_6326_cov_4.299823	3521	3654	32	11	133	0.0827068
NODE_14873_length_6326_cov_4.299823	3521	3654	33	24	133	0.1804511
NODE_14873_length_6326_cov_4.299823	3521	3654	35	7	133	0.0526316
NODE_14879_length_6324_cov_4.551004	3355	3488	12	4	133	0.0300752
NODE_14879_length_6324_cov_4.551004	3355	3488	16	5	133	0.0375940
NODE_14879_length_6324_cov_4.551004	3355	3488	17	19	133	0.1428571
NODE_14879_length_6324_cov_4.551004	3355	3488	18	6	133	0.0451128
NODE_14879_length_6324_cov_4.551004	3355	3488	19	7	133	0.0526316
NODE_14879_length_6324_cov_4.551004	3355	3488	20	1	133	0.0075188
NODE_14879_length_6324_cov_4.551004	3355	3488	21	18	133	0.1353384
NODE_14879_length_6324_cov_4.551004	3355	3488	22	2	133	0.0150376
NODE_14879_length_6324_cov_4.551004	3355	3488	23	8	133	0.0601504
NODE_14879_length_6324_cov_4.551004	3355	3488	24	8	133	0.0601504
NODE_14879_length_6324_cov_4.551004	3355	3488	25	17	133	0.1278196
NODE_14879_length_6324_cov_4.551004	3355	3488	26	25	133	0.1879699
NODE_14879_length_6324_cov_4.551004	3355	3488	27	1	133	0.0075188
NODE_14879_length_6324_cov_4.551004	3355	3488	28	7	133	0.0526316
NODE_14879_length_6324_cov_4.551004	3355	3488	29	5	133	0.0375940
NODE_1487_length_13446_cov_4.274818	5922	6055	19	2	133	0.0150376
NODE_1487_length_13446_cov_4.274818	5922	6055	20	6	133	0.0451128
NODE_1487_length_13446_cov_4.274818	5922	6055	21	4	133	0.0300752
NODE_1487_length_13446_cov_4.274818	5922	6055	23	6	133	0.0451128
NODE_1487_length_13446_cov_4.274818	5922	6055	24	5	133	0.0375940
NODE_1487_length_13446_cov_4.274818	5922	6055	26	5	133	0.0375940
NODE_1487_length_13446_cov_4.274818	5922	6055	28	2	133	0.0150376
NODE_1487_length_13446_cov_4.274818	5922	6055	30	7	133	0.0526316
NODE_1487_length_13446_cov_4.274818	5922	6055	33	7	133	0.0526316
NODE_1487_length_13446_cov_4.274818	5922	6055	34	2	133	0.0150376
NODE_1487_length_13446_cov_4.274818	5922	6055	35	17	133	0.1278196
NODE_1487_length_13446_cov_4.274818	5922	6055	36	10	133	0.0751880
NODE_1487_length_13446_cov_4.274818	5922	6055	37	10	133	0.0751880
NODE_1487_length_13446_cov_4.274818	5922	6055	38	6	133	0.0451128
NODE_1487_length_13446_cov_4.274818	5922	6055	39	13	133	0.0977444
NODE_1487_length_13446_cov_4.274818	5922	6055	40	7	133	0.0526316
NODE_1487_length_13446_cov_4.274818	5922	6055	41	16	133	0.1203008
NODE_1487_length_13446_cov_4.274818	5922	6055	42	1	133	0.0075188
NODE_1487_length_13446_cov_4.274818	5922	6055	43	6	133	0.0451128
NODE_1487_length_13446_cov_4.274818	5922	6055	44	1	133	0.0075188
NODE_148850_length_1636_cov_4.472999	178	311	4	21	133	0.1578947
NODE_148850_length_1636_cov_4.472999	178	311	5	71	133	0.5338346
NODE_148850_length_1636_cov_4.472999	178	311	6	41	133	0.3082707
NODE_1488_length_13445_cov_4.849018	6265	6398	31	7	133	0.0526316
NODE_1488_length_13445_cov_4.849018	6265	6398	32	27	133	0.2030075
NODE_1488_length_13445_cov_4.849018	6265	6398	33	14	133	0.1052632
NODE_1488_length_13445_cov_4.849018	6265	6398	34	27	133	0.2030075
NODE_1488_length_13445_cov_4.849018	6265	6398	35	25	133	0.1879699
NODE_1488_length_13445_cov_4.849018	6265	6398	36	11	133	0.0827068
NODE_1488_length_13445_cov_4.849018	6265	6398	37	16	133	0.1203008
NODE_1488_length_13445_cov_4.849018	6265	6398	38	2	133	0.0150376
NODE_1488_length_13445_cov_4.849018	6265	6398	39	2	133	0.0150376
NODE_1488_length_13445_cov_4.849018	6265	6398	40	1	133	0.0075188
NODE_1488_length_13445_cov_4.849018	6265	6398	41	1	133	0.0075188
NODE_148945_length_1635_cov_5.358073	622	755	9	34	133	0.2556391
NODE_148945_length_1635_cov_5.358073	622	755	10	36	133	0.2706767
NODE_148945_length_1635_cov_5.358073	622	755	11	26	133	0.1954887
NODE_148945_length_1635_cov_5.358073	622	755	12	22	133	0.1654135
NODE_148945_length_1635_cov_5.358073	622	755	13	15	133	0.1127820
NODE_14907_length_6320_cov_3.992123	3959	4092	5	1	133	0.0075188
NODE_14907_length_6320_cov_3.992123	3959	4092	6	1	133	0.0075188
NODE_14907_length_6320_cov_3.992123	3959	4092	7	2	133	0.0150376
NODE_14907_length_6320_cov_3.992123	3959	4092	9	11	133	0.0827068
NODE_14907_length_6320_cov_3.992123	3959	4092	10	36	133	0.2706767
NODE_14907_length_6320_cov_3.992123	3959	4092	11	28	133	0.2105263
NODE_14907_length_6320_cov_3.992123	3959	4092	12	44	133	0.3308271
NODE_14907_length_6320_cov_3.992123	3959	4092	13	10	133	0.0751880
NODE_14912_length_6319_cov_4.938746	1004	1137	5	5	133	0.0375940
NODE_14912_length_6319_cov_4.938746	1004	1137	6	4	133	0.0300752
NODE_14912_length_6319_cov_4.938746	1004	1137	7	4	133	0.0300752
NODE_14912_length_6319_cov_4.938746	1004	1137	9	32	133	0.2406015
NODE_14912_length_6319_cov_4.938746	1004	1137	10	29	133	0.2180451
NODE_14912_length_6319_cov_4.938746	1004	1137	11	10	133	0.0751880
NODE_14912_length_6319_cov_4.938746	1004	1137	12	34	133	0.2556391
NODE_14912_length_6319_cov_4.938746	1004	1137	13	6	133	0.0451128
NODE_14912_length_6319_cov_4.938746	1004	1137	14	9	133	0.0676692
NODE_14913_length_6319_cov_4.692283	3331	3464	14	13	133	0.0977444
NODE_14913_length_6319_cov_4.692283	3331	3464	16	21	133	0.1578947
NODE_14913_length_6319_cov_4.692283	3331	3464	17	8	133	0.0601504
NODE_14913_length_6319_cov_4.692283	3331	3464	18	32	133	0.2406015
NODE_14913_length_6319_cov_4.692283	3331	3464	19	21	133	0.1578947
NODE_14913_length_6319_cov_4.692283	3331	3464	20	25	133	0.1879699
NODE_14913_length_6319_cov_4.692283	3331	3464	21	13	133	0.0977444
NODE_14914_length_6319_cov_3.593248	5301	5434	5	26	133	0.1954887
NODE_14914_length_6319_cov_3.593248	5301	5434	6	17	133	0.1278196
NODE_14914_length_6319_cov_3.593248	5301	5434	7	11	133	0.0827068
NODE_14914_length_6319_cov_3.593248	5301	5434	8	25	133	0.1879699
NODE_14914_length_6319_cov_3.593248	5301	5434	10	54	133	0.4060150
NODE_149153_length_1633_cov_5.116688	1380	1513	6	3	133	0.0225564
NODE_149153_length_1633_cov_5.116688	1380	1513	7	25	133	0.1879699
NODE_149153_length_1633_cov_5.116688	1380	1513	8	60	133	0.4511278
NODE_149153_length_1633_cov_5.116688	1380	1513	9	45	133	0.3383459
NODE_14921_length_6317_cov_5.105179	2520	2653	6	3	133	0.0225564
NODE_14921_length_6317_cov_5.105179	2520	2653	7	6	133	0.0451128
NODE_14921_length_6317_cov_5.105179	2520	2653	9	13	133	0.0977444
NODE_14921_length_6317_cov_5.105179	2520	2653	11	10	133	0.0751880
NODE_14921_length_6317_cov_5.105179	2520	2653	12	10	133	0.0751880
NODE_14921_length_6317_cov_5.105179	2520	2653	13	25	133	0.1879699
NODE_14921_length_6317_cov_5.105179	2520	2653	14	60	133	0.4511278
NODE_14921_length_6317_cov_5.105179	2520	2653	15	6	133	0.0451128
NODE_149222_length_1633_cov_2.749674	1039	1172	8	10	133	0.0751880
NODE_149222_length_1633_cov_2.749674	1039	1172	9	6	133	0.0451128
NODE_149222_length_1633_cov_2.749674	1039	1172	10	10	133	0.0751880
NODE_149222_length_1633_cov_2.749674	1039	1172	11	9	133	0.0676692
NODE_149222_length_1633_cov_2.749674	1039	1172	12	18	133	0.1353384
NODE_149222_length_1633_cov_2.749674	1039	1172	13	6	133	0.0451128
NODE_149222_length_1633_cov_2.749674	1039	1172	14	21	133	0.1578947
NODE_149222_length_1633_cov_2.749674	1039	1172	15	12	133	0.0902256
NODE_149222_length_1633_cov_2.749674	1039	1172	16	15	133	0.1127820
NODE_149222_length_1633_cov_2.749674	1039	1172	17	26	133	0.1954887
NODE_149379_length_1631_cov_4.377937	1471	1604	2	33	133	0.2481203
NODE_149379_length_1631_cov_4.377937	1471	1604	4	6	133	0.0451128
NODE_149379_length_1631_cov_4.377937	1471	1604	5	2	133	0.0150376
NODE_149379_length_1631_cov_4.377937	1471	1604	7	56	133	0.4210526
NODE_149379_length_1631_cov_4.377937	1471	1604	8	36	133	0.2706767
NODE_14941_length_6313_cov_23.566946	466	599	60	2	133	0.0150376
NODE_14941_length_6313_cov_23.566946	466	599	61	6	133	0.0451128
NODE_14941_length_6313_cov_23.566946	466	599	62	1	133	0.0075188
NODE_14941_length_6313_cov_23.566946	466	599	63	1	133	0.0075188
NODE_14941_length_6313_cov_23.566946	466	599	65	1	133	0.0075188
NODE_14941_length_6313_cov_23.566946	466	599	66	4	133	0.0300752
NODE_14941_length_6313_cov_23.566946	466	599	67	2	133	0.0150376
NODE_14941_length_6313_cov_23.566946	466	599	69	2	133	0.0150376
NODE_14941_length_6313_cov_23.566946	466	599	72	2	133	0.0150376
NODE_14941_length_6313_cov_23.566946	466	599	73	3	133	0.0225564
NODE_14941_length_6313_cov_23.566946	466	599	74	7	133	0.0526316
NODE_14941_length_6313_cov_23.566946	466	599	76	2	133	0.0150376
NODE_14941_length_6313_cov_23.566946	466	599	77	4	133	0.0300752
NODE_14941_length_6313_cov_23.566946	466	599	78	3	133	0.0225564
NODE_14941_length_6313_cov_23.566946	466	599	79	5	133	0.0375940
NODE_14941_length_6313_cov_23.566946	466	599	80	5	133	0.0375940
NODE_14941_length_6313_cov_23.566946	466	599	81	4	133	0.0300752
NODE_14941_length_6313_cov_23.566946	466	599	82	1	133	0.0075188
NODE_14941_length_6313_cov_23.566946	466	599	84	3	133	0.0225564
NODE_14941_length_6313_cov_23.566946	466	599	85	5	133	0.0375940
NODE_14941_length_6313_cov_23.566946	466	599	86	12	133	0.0902256
NODE_14941_length_6313_cov_23.566946	466	599	87	6	133	0.0451128
NODE_14941_length_6313_cov_23.566946	466	599	88	1	133	0.0075188
NODE_14941_length_6313_cov_23.566946	466	599	89	5	133	0.0375940
NODE_14941_length_6313_cov_23.566946	466	599	90	6	133	0.0451128
NODE_14941_length_6313_cov_23.566946	466	599	91	7	133	0.0526316
NODE_14941_length_6313_cov_23.566946	466	599	92	7	133	0.0526316
NODE_14941_length_6313_cov_23.566946	466	599	93	14	133	0.1052632
NODE_14941_length_6313_cov_23.566946	466	599	94	3	133	0.0225564
NODE_14941_length_6313_cov_23.566946	466	599	95	7	133	0.0526316
NODE_14941_length_6313_cov_23.566946	466	599	97	2	133	0.0150376
NODE_149432_length_1631_cov_2.954308	1482	1615	15	2	133	0.0150376
NODE_149432_length_1631_cov_2.954308	1482	1615	16	2	133	0.0150376
NODE_149432_length_1631_cov_2.954308	1482	1615	17	3	133	0.0225564
NODE_149432_length_1631_cov_2.954308	1482	1615	19	5	133	0.0375940
NODE_149432_length_1631_cov_2.954308	1482	1615	21	1	133	0.0075188
NODE_149432_length_1631_cov_2.954308	1482	1615	22	4	133	0.0300752
NODE_149432_length_1631_cov_2.954308	1482	1615	23	4	133	0.0300752
NODE_149432_length_1631_cov_2.954308	1482	1615	24	3	133	0.0225564
NODE_149432_length_1631_cov_2.954308	1482	1615	25	6	133	0.0451128
NODE_149432_length_1631_cov_2.954308	1482	1615	26	6	133	0.0451128
NODE_149432_length_1631_cov_2.954308	1482	1615	27	4	133	0.0300752
NODE_149432_length_1631_cov_2.954308	1482	1615	29	1	133	0.0075188
NODE_149432_length_1631_cov_2.954308	1482	1615	30	5	133	0.0375940
NODE_149432_length_1631_cov_2.954308	1482	1615	31	18	133	0.1353384
NODE_149432_length_1631_cov_2.954308	1482	1615	32	12	133	0.0902256
NODE_149432_length_1631_cov_2.954308	1482	1615	33	4	133	0.0300752
NODE_149432_length_1631_cov_2.954308	1482	1615	34	4	133	0.0300752
NODE_149432_length_1631_cov_2.954308	1482	1615	35	40	133	0.3007519
NODE_149432_length_1631_cov_2.954308	1482	1615	36	9	133	0.0676692
NODE_14945_length_6313_cov_4.903766	5970	6103	9	11	133	0.0827068
NODE_14945_length_6313_cov_4.903766	5970	6103	10	4	133	0.0300752
NODE_14945_length_6313_cov_4.903766	5970	6103	12	1	133	0.0075188
NODE_14945_length_6313_cov_4.903766	5970	6103	13	6	133	0.0451128
NODE_14945_length_6313_cov_4.903766	5970	6103	15	6	133	0.0451128
NODE_14945_length_6313_cov_4.903766	5970	6103	16	2	133	0.0150376
NODE_14945_length_6313_cov_4.903766	5970	6103	17	3	133	0.0225564
NODE_14945_length_6313_cov_4.903766	5970	6103	20	7	133	0.0526316
NODE_14945_length_6313_cov_4.903766	5970	6103	22	5	133	0.0375940
NODE_14945_length_6313_cov_4.903766	5970	6103	23	14	133	0.1052632
NODE_14945_length_6313_cov_4.903766	5970	6103	24	40	133	0.3007519
NODE_14945_length_6313_cov_4.903766	5970	6103	25	32	133	0.2406015
NODE_14945_length_6313_cov_4.903766	5970	6103	26	2	133	0.0150376
NODE_149473_length_1630_cov_4.158067	108	241	4	18	133	0.1353384
NODE_149473_length_1630_cov_4.158067	108	241	5	5	133	0.0375940
NODE_149473_length_1630_cov_4.158067	108	241	6	18	133	0.1353384
NODE_149473_length_1630_cov_4.158067	108	241	7	8	133	0.0601504
NODE_149473_length_1630_cov_4.158067	108	241	8	9	133	0.0676692
NODE_149473_length_1630_cov_4.158067	108	241	9	67	133	0.5037594
NODE_149473_length_1630_cov_4.158067	108	241	10	8	133	0.0601504
NODE_149488_length_1630_cov_3.772044	499	632	12	4	133	0.0300752
NODE_149488_length_1630_cov_3.772044	499	632	13	7	133	0.0526316
NODE_149488_length_1630_cov_3.772044	499	632	14	5	133	0.0375940
NODE_149488_length_1630_cov_3.772044	499	632	15	10	133	0.0751880
NODE_149488_length_1630_cov_3.772044	499	632	16	6	133	0.0451128
NODE_149488_length_1630_cov_3.772044	499	632	17	7	133	0.0526316
NODE_149488_length_1630_cov_3.772044	499	632	18	13	133	0.0977444
NODE_149488_length_1630_cov_3.772044	499	632	19	23	133	0.1729323
NODE_149488_length_1630_cov_3.772044	499	632	20	29	133	0.2180451
NODE_149488_length_1630_cov_3.772044	499	632	21	13	133	0.0977444
NODE_149488_length_1630_cov_3.772044	499	632	22	16	133	0.1203008
NODE_1494_length_13437_cov_4.770880	2425	2558	0	47	133	0.3533835
NODE_1494_length_13437_cov_4.770880	2425	2558	2	86	133	0.6466165
NODE_149558_length_1629_cov_4.694118	1366	1499	5	17	133	0.1278196
NODE_149558_length_1629_cov_4.694118	1366	1499	6	19	133	0.1428571
NODE_149558_length_1629_cov_4.694118	1366	1499	7	43	133	0.3233083
NODE_149558_length_1629_cov_4.694118	1366	1499	8	12	133	0.0902256
NODE_149558_length_1629_cov_4.694118	1366	1499	9	36	133	0.2706767
NODE_149558_length_1629_cov_4.694118	1366	1499	10	6	133	0.0451128
NODE_149663_length_1628_cov_5.309353	516	649	2	7	133	0.0526316
NODE_149663_length_1628_cov_5.309353	516	649	3	11	133	0.0827068
NODE_149663_length_1628_cov_5.309353	516	649	4	3	133	0.0225564
NODE_149663_length_1628_cov_5.309353	516	649	5	2	133	0.0150376
NODE_149663_length_1628_cov_5.309353	516	649	6	10	133	0.0751880
NODE_149663_length_1628_cov_5.309353	516	649	7	4	133	0.0300752
NODE_149663_length_1628_cov_5.309353	516	649	8	2	133	0.0150376
NODE_149663_length_1628_cov_5.309353	516	649	9	10	133	0.0751880
NODE_149663_length_1628_cov_5.309353	516	649	11	9	133	0.0676692
NODE_149663_length_1628_cov_5.309353	516	649	12	30	133	0.2255639
NODE_149663_length_1628_cov_5.309353	516	649	13	45	133	0.3383459
NODE_149707_length_1628_cov_3.820798	141	274	15	17	133	0.1278196
NODE_149707_length_1628_cov_3.820798	141	274	16	17	133	0.1278196
NODE_149707_length_1628_cov_3.820798	141	274	17	16	133	0.1203008
NODE_149707_length_1628_cov_3.820798	141	274	18	14	133	0.1052632
NODE_149707_length_1628_cov_3.820798	141	274	19	14	133	0.1052632
NODE_149707_length_1628_cov_3.820798	141	274	20	14	133	0.1052632
NODE_149707_length_1628_cov_3.820798	141	274	21	24	133	0.1804511
NODE_149707_length_1628_cov_3.820798	141	274	22	17	133	0.1278196
NODE_1497_length_13431_cov_4.335134	7317	7450	22	3	133	0.0225564
NODE_1497_length_13431_cov_4.335134	7317	7450	24	2	133	0.0150376
NODE_1497_length_13431_cov_4.335134	7317	7450	25	3	133	0.0225564
NODE_1497_length_13431_cov_4.335134	7317	7450	27	1	133	0.0075188
NODE_1497_length_13431_cov_4.335134	7317	7450	28	2	133	0.0150376
NODE_1497_length_13431_cov_4.335134	7317	7450	30	3	133	0.0225564
NODE_1497_length_13431_cov_4.335134	7317	7450	33	5	133	0.0375940
NODE_1497_length_13431_cov_4.335134	7317	7450	34	6	133	0.0451128
NODE_1497_length_13431_cov_4.335134	7317	7450	35	18	133	0.1353384
NODE_1497_length_13431_cov_4.335134	7317	7450	36	11	133	0.0827068
NODE_1497_length_13431_cov_4.335134	7317	7450	37	14	133	0.1052632
NODE_1497_length_13431_cov_4.335134	7317	7450	38	8	133	0.0601504
NODE_1497_length_13431_cov_4.335134	7317	7450	39	23	133	0.1729323
NODE_1497_length_13431_cov_4.335134	7317	7450	40	10	133	0.0751880
NODE_1497_length_13431_cov_4.335134	7317	7450	41	6	133	0.0451128
NODE_1497_length_13431_cov_4.335134	7317	7450	42	11	133	0.0827068
NODE_1497_length_13431_cov_4.335134	7317	7450	43	5	133	0.0375940
NODE_1497_length_13431_cov_4.335134	7317	7450	44	2	133	0.0150376
NODE_149802_length_1627_cov_4.791885	1048	1181	20	19	133	0.1428571
NODE_149802_length_1627_cov_4.791885	1048	1181	21	2	133	0.0150376
NODE_149802_length_1627_cov_4.791885	1048	1181	22	3	133	0.0225564
NODE_149802_length_1627_cov_4.791885	1048	1181	23	4	133	0.0300752
NODE_149802_length_1627_cov_4.791885	1048	1181	24	1	133	0.0075188
NODE_149802_length_1627_cov_4.791885	1048	1181	26	7	133	0.0526316
NODE_149802_length_1627_cov_4.791885	1048	1181	27	18	133	0.1353384
NODE_149802_length_1627_cov_4.791885	1048	1181	28	10	133	0.0751880
NODE_149802_length_1627_cov_4.791885	1048	1181	29	17	133	0.1278196
NODE_149802_length_1627_cov_4.791885	1048	1181	30	20	133	0.1503759
NODE_149802_length_1627_cov_4.791885	1048	1181	31	2	133	0.0150376
NODE_149802_length_1627_cov_4.791885	1048	1181	33	3	133	0.0225564
NODE_149802_length_1627_cov_4.791885	1048	1181	34	10	133	0.0751880
NODE_149802_length_1627_cov_4.791885	1048	1181	35	8	133	0.0601504
NODE_149802_length_1627_cov_4.791885	1048	1181	36	4	133	0.0300752
NODE_149802_length_1627_cov_4.791885	1048	1181	37	5	133	0.0375940
NODE_149916_length_1626_cov_4.605763	1313	1446	10	8	133	0.0601504
NODE_149916_length_1626_cov_4.605763	1313	1446	11	6	133	0.0451128
NODE_149916_length_1626_cov_4.605763	1313	1446	12	15	133	0.1127820
NODE_149916_length_1626_cov_4.605763	1313	1446	13	11	133	0.0827068
NODE_149916_length_1626_cov_4.605763	1313	1446	14	24	133	0.1804511
NODE_149916_length_1626_cov_4.605763	1313	1446	15	27	133	0.2030075
NODE_149916_length_1626_cov_4.605763	1313	1446	16	30	133	0.2255639
NODE_149916_length_1626_cov_4.605763	1313	1446	17	11	133	0.0827068
NODE_149916_length_1626_cov_4.605763	1313	1446	18	1	133	0.0075188
NODE_150049_length_1625_cov_4.320446	1040	1173	8	7	133	0.0526316
NODE_150049_length_1625_cov_4.320446	1040	1173	9	15	133	0.1127820
NODE_150049_length_1625_cov_4.320446	1040	1173	10	10	133	0.0751880
NODE_150049_length_1625_cov_4.320446	1040	1173	11	8	133	0.0601504
NODE_150049_length_1625_cov_4.320446	1040	1173	12	17	133	0.1278196
NODE_150049_length_1625_cov_4.320446	1040	1173	13	53	133	0.3984962
NODE_150049_length_1625_cov_4.320446	1040	1173	14	1	133	0.0075188
NODE_150049_length_1625_cov_4.320446	1040	1173	15	12	133	0.0902256
NODE_150049_length_1625_cov_4.320446	1040	1173	16	2	133	0.0150376
NODE_150049_length_1625_cov_4.320446	1040	1173	17	8	133	0.0601504
NODE_150056_length_1625_cov_4.142202	1094	1227	0	61	133	0.4586466
NODE_150056_length_1625_cov_4.142202	1094	1227	2	16	133	0.1203008
NODE_150056_length_1625_cov_4.142202	1094	1227	3	56	133	0.4210526
NODE_150114_length_1625_cov_2.802752	310	443	3	1	133	0.0075188
NODE_150114_length_1625_cov_2.802752	310	443	5	7	133	0.0526316
NODE_150114_length_1625_cov_2.802752	310	443	6	7	133	0.0526316
NODE_150114_length_1625_cov_2.802752	310	443	7	1	133	0.0075188
NODE_150114_length_1625_cov_2.802752	310	443	8	3	133	0.0225564
NODE_150114_length_1625_cov_2.802752	310	443	9	4	133	0.0300752
NODE_150114_length_1625_cov_2.802752	310	443	10	12	133	0.0902256
NODE_150114_length_1625_cov_2.802752	310	443	11	5	133	0.0375940
NODE_150114_length_1625_cov_2.802752	310	443	12	15	133	0.1127820
NODE_150114_length_1625_cov_2.802752	310	443	13	8	133	0.0601504
NODE_150114_length_1625_cov_2.802752	310	443	15	25	133	0.1879699
NODE_150114_length_1625_cov_2.802752	310	443	16	1	133	0.0075188
NODE_150114_length_1625_cov_2.802752	310	443	18	27	133	0.2030075
NODE_150114_length_1625_cov_2.802752	310	443	19	17	133	0.1278196
NODE_150115_length_1625_cov_2.798820	1321	1454	2	2	133	0.0150376
NODE_150115_length_1625_cov_2.798820	1321	1454	3	65	133	0.4887218
NODE_150115_length_1625_cov_2.798820	1321	1454	4	38	133	0.2857143
NODE_150115_length_1625_cov_2.798820	1321	1454	5	28	133	0.2105263
NODE_15011_length_6302_cov_4.811865	3771	3904	26	1	133	0.0075188
NODE_15011_length_6302_cov_4.811865	3771	3904	27	8	133	0.0601504
NODE_15011_length_6302_cov_4.811865	3771	3904	28	11	133	0.0827068
NODE_15011_length_6302_cov_4.811865	3771	3904	29	2	133	0.0150376
NODE_15011_length_6302_cov_4.811865	3771	3904	31	3	133	0.0225564
NODE_15011_length_6302_cov_4.811865	3771	3904	32	10	133	0.0751880
NODE_15011_length_6302_cov_4.811865	3771	3904	33	9	133	0.0676692
NODE_15011_length_6302_cov_4.811865	3771	3904	34	3	133	0.0225564
NODE_15011_length_6302_cov_4.811865	3771	3904	35	2	133	0.0150376
NODE_15011_length_6302_cov_4.811865	3771	3904	36	2	133	0.0150376
NODE_15011_length_6302_cov_4.811865	3771	3904	37	1	133	0.0075188
NODE_15011_length_6302_cov_4.811865	3771	3904	38	2	133	0.0150376
NODE_15011_length_6302_cov_4.811865	3771	3904	39	3	133	0.0225564
NODE_15011_length_6302_cov_4.811865	3771	3904	40	4	133	0.0300752
NODE_15011_length_6302_cov_4.811865	3771	3904	41	3	133	0.0225564
NODE_15011_length_6302_cov_4.811865	3771	3904	42	6	133	0.0451128
NODE_15011_length_6302_cov_4.811865	3771	3904	43	23	133	0.1729323
NODE_15011_length_6302_cov_4.811865	3771	3904	44	3	133	0.0225564
NODE_15011_length_6302_cov_4.811865	3771	3904	45	6	133	0.0451128
NODE_15011_length_6302_cov_4.811865	3771	3904	46	22	133	0.1654135
NODE_15011_length_6302_cov_4.811865	3771	3904	47	5	133	0.0375940
NODE_15011_length_6302_cov_4.811865	3771	3904	48	4	133	0.0300752
NODE_150196_length_1624_cov_2.998689	570	703	9	7	133	0.0526316
NODE_150196_length_1624_cov_2.998689	570	703	10	2	133	0.0150376
NODE_150196_length_1624_cov_2.998689	570	703	11	25	133	0.1879699
NODE_150196_length_1624_cov_2.998689	570	703	12	3	133	0.0225564
NODE_150196_length_1624_cov_2.998689	570	703	13	6	133	0.0451128
NODE_150196_length_1624_cov_2.998689	570	703	14	14	133	0.1052632
NODE_150196_length_1624_cov_2.998689	570	703	15	1	133	0.0075188
NODE_150196_length_1624_cov_2.998689	570	703	16	20	133	0.1503759
NODE_150196_length_1624_cov_2.998689	570	703	17	19	133	0.1428571
NODE_150196_length_1624_cov_2.998689	570	703	18	26	133	0.1954887
NODE_150196_length_1624_cov_2.998689	570	703	19	10	133	0.0751880
NODE_1501_length_13420_cov_3.509947	7696	7829	3	12	133	0.0902256
NODE_1501_length_13420_cov_3.509947	7696	7829	4	1	133	0.0075188
NODE_1501_length_13420_cov_3.509947	7696	7829	5	20	133	0.1503759
NODE_1501_length_13420_cov_3.509947	7696	7829	6	27	133	0.2030075
NODE_1501_length_13420_cov_3.509947	7696	7829	7	73	133	0.5488722
NODE_150203_length_1624_cov_2.820984	191	324	12	8	133	0.0601504
NODE_150203_length_1624_cov_2.820984	191	324	13	17	133	0.1278196
NODE_150203_length_1624_cov_2.820984	191	324	14	5	133	0.0375940
NODE_150203_length_1624_cov_2.820984	191	324	15	23	133	0.1729323
NODE_150203_length_1624_cov_2.820984	191	324	16	15	133	0.1127820
NODE_150203_length_1624_cov_2.820984	191	324	17	26	133	0.1954887
NODE_150203_length_1624_cov_2.820984	191	324	18	17	133	0.1278196
NODE_150203_length_1624_cov_2.820984	191	324	19	14	133	0.1052632
NODE_150203_length_1624_cov_2.820984	191	324	20	2	133	0.0150376
NODE_150203_length_1624_cov_2.820984	191	324	21	6	133	0.0451128
NODE_15022_length_6300_cov_5.311401	3728	3861	2	41	133	0.3082707
NODE_15022_length_6300_cov_5.311401	3728	3861	3	40	133	0.3007519
NODE_15022_length_6300_cov_5.311401	3728	3861	4	52	133	0.3909774
NODE_15025_length_6299_cov_4.999194	6152	6285	0	5	133	0.0375940
NODE_15025_length_6299_cov_4.999194	6152	6285	1	75	133	0.5639098
NODE_15025_length_6299_cov_4.999194	6152	6285	3	53	133	0.3984962
NODE_150267_length_1623_cov_3.914698	113	246	13	34	133	0.2556391
NODE_150267_length_1623_cov_3.914698	113	246	14	9	133	0.0676692
NODE_150267_length_1623_cov_3.914698	113	246	15	7	133	0.0526316
NODE_150267_length_1623_cov_3.914698	113	246	16	10	133	0.0751880
NODE_150267_length_1623_cov_3.914698	113	246	22	12	133	0.0902256
NODE_150267_length_1623_cov_3.914698	113	246	23	7	133	0.0526316
NODE_150267_length_1623_cov_3.914698	113	246	24	2	133	0.0150376
NODE_150267_length_1623_cov_3.914698	113	246	26	14	133	0.1052632
NODE_150267_length_1623_cov_3.914698	113	246	27	19	133	0.1428571
NODE_150267_length_1623_cov_3.914698	113	246	28	6	133	0.0451128
NODE_150267_length_1623_cov_3.914698	113	246	29	12	133	0.0902256
NODE_150267_length_1623_cov_3.914698	113	246	30	1	133	0.0075188
NODE_15031_length_6299_cov_4.087581	5491	5624	4	2	133	0.0150376
NODE_15031_length_6299_cov_4.087581	5491	5624	5	2	133	0.0150376
NODE_15031_length_6299_cov_4.087581	5491	5624	6	12	133	0.0902256
NODE_15031_length_6299_cov_4.087581	5491	5624	7	3	133	0.0225564
NODE_15031_length_6299_cov_4.087581	5491	5624	8	5	133	0.0375940
NODE_15031_length_6299_cov_4.087581	5491	5624	9	1	133	0.0075188
NODE_15031_length_6299_cov_4.087581	5491	5624	10	19	133	0.1428571
NODE_15031_length_6299_cov_4.087581	5491	5624	11	2	133	0.0150376
NODE_15031_length_6299_cov_4.087581	5491	5624	15	21	133	0.1578947
NODE_15031_length_6299_cov_4.087581	5491	5624	16	14	133	0.1052632
NODE_15031_length_6299_cov_4.087581	5491	5624	17	8	133	0.0601504
NODE_15031_length_6299_cov_4.087581	5491	5624	18	8	133	0.0601504
NODE_15031_length_6299_cov_4.087581	5491	5624	19	10	133	0.0751880
NODE_15031_length_6299_cov_4.087581	5491	5624	20	5	133	0.0375940
NODE_15031_length_6299_cov_4.087581	5491	5624	21	21	133	0.1578947
NODE_150360_length_1622_cov_4.036113	1189	1322	0	61	133	0.4586466
NODE_150360_length_1622_cov_4.036113	1189	1322	1	33	133	0.2481203
NODE_150360_length_1622_cov_4.036113	1189	1322	2	39	133	0.2932331
NODE_150404_length_1622_cov_3.154301	1196	1329	10	2	133	0.0150376
NODE_150404_length_1622_cov_3.154301	1196	1329	14	20	133	0.1503759
NODE_150404_length_1622_cov_3.154301	1196	1329	15	28	133	0.2105263
NODE_150404_length_1622_cov_3.154301	1196	1329	16	23	133	0.1729323
NODE_150404_length_1622_cov_3.154301	1196	1329	17	11	133	0.0827068
NODE_150404_length_1622_cov_3.154301	1196	1329	19	33	133	0.2481203
NODE_150404_length_1622_cov_3.154301	1196	1329	20	11	133	0.0827068
NODE_150404_length_1622_cov_3.154301	1196	1329	21	5	133	0.0375940
NODE_150459_length_1621_cov_4.185283	1157	1290	12	8	133	0.0601504
NODE_150459_length_1621_cov_4.185283	1157	1290	13	3	133	0.0225564
NODE_150459_length_1621_cov_4.185283	1157	1290	14	2	133	0.0150376
NODE_150459_length_1621_cov_4.185283	1157	1290	15	2	133	0.0150376
NODE_150459_length_1621_cov_4.185283	1157	1290	16	30	133	0.2255639
NODE_150459_length_1621_cov_4.185283	1157	1290	17	44	133	0.3308271
NODE_150459_length_1621_cov_4.185283	1157	1290	18	42	133	0.3157895
NODE_150459_length_1621_cov_4.185283	1157	1290	19	1	133	0.0075188
NODE_150459_length_1621_cov_4.185283	1157	1290	20	1	133	0.0075188
NODE_150534_length_1620_cov_35.406312	35	168	16	4	133	0.0300752
NODE_150534_length_1620_cov_35.406312	35	168	17	3	133	0.0225564
NODE_150534_length_1620_cov_35.406312	35	168	18	1	133	0.0075188
NODE_150534_length_1620_cov_35.406312	35	168	19	2	133	0.0150376
NODE_150534_length_1620_cov_35.406312	35	168	20	2	133	0.0150376
NODE_150534_length_1620_cov_35.406312	35	168	21	9	133	0.0676692
NODE_150534_length_1620_cov_35.406312	35	168	22	12	133	0.0902256
NODE_150534_length_1620_cov_35.406312	35	168	23	28	133	0.2105263
NODE_150534_length_1620_cov_35.406312	35	168	24	11	133	0.0827068
NODE_150534_length_1620_cov_35.406312	35	168	25	21	133	0.1578947
NODE_150534_length_1620_cov_35.406312	35	168	26	27	133	0.2030075
NODE_150534_length_1620_cov_35.406312	35	168	27	13	133	0.0977444
NODE_150551_length_1620_cov_5.194609	1436	1569	0	7	133	0.0526316
NODE_150551_length_1620_cov_5.194609	1436	1569	2	76	133	0.5714286
NODE_150551_length_1620_cov_5.194609	1436	1569	4	36	133	0.2706767
NODE_150551_length_1620_cov_5.194609	1436	1569	5	14	133	0.1052632
NODE_150672_length_1619_cov_3.827632	661	794	10	15	133	0.1127820
NODE_150672_length_1619_cov_3.827632	661	794	11	7	133	0.0526316
NODE_150672_length_1619_cov_3.827632	661	794	12	7	133	0.0526316
NODE_150672_length_1619_cov_3.827632	661	794	13	7	133	0.0526316
NODE_150672_length_1619_cov_3.827632	661	794	14	62	133	0.4661654
NODE_150672_length_1619_cov_3.827632	661	794	15	35	133	0.2631579
NODE_150778_length_1618_cov_3.484529	1439	1572	17	6	133	0.0451128
NODE_150778_length_1618_cov_3.484529	1439	1572	18	7	133	0.0526316
NODE_150778_length_1618_cov_3.484529	1439	1572	19	3	133	0.0225564
NODE_150778_length_1618_cov_3.484529	1439	1572	20	2	133	0.0150376
NODE_150778_length_1618_cov_3.484529	1439	1572	21	1	133	0.0075188
NODE_150778_length_1618_cov_3.484529	1439	1572	22	7	133	0.0526316
NODE_150778_length_1618_cov_3.484529	1439	1572	23	5	133	0.0375940
NODE_150778_length_1618_cov_3.484529	1439	1572	24	8	133	0.0601504
NODE_150778_length_1618_cov_3.484529	1439	1572	25	17	133	0.1278196
NODE_150778_length_1618_cov_3.484529	1439	1572	26	21	133	0.1578947
NODE_150778_length_1618_cov_3.484529	1439	1572	27	3	133	0.0225564
NODE_150778_length_1618_cov_3.484529	1439	1572	28	36	133	0.2706767
NODE_150778_length_1618_cov_3.484529	1439	1572	29	17	133	0.1278196
NODE_15079_length_6290_cov_5.263124	1879	2012	1	15	133	0.1127820
NODE_15079_length_6290_cov_5.263124	1879	2012	3	9	133	0.0676692
NODE_15079_length_6290_cov_5.263124	1879	2012	5	81	133	0.6090226
NODE_15079_length_6290_cov_5.263124	1879	2012	6	28	133	0.2105263
NODE_150845_length_1617_cov_4.764822	1032	1165	9	1	133	0.0075188
NODE_150845_length_1617_cov_4.764822	1032	1165	10	1	133	0.0075188
NODE_150845_length_1617_cov_4.764822	1032	1165	12	16	133	0.1203008
NODE_150845_length_1617_cov_4.764822	1032	1165	13	1	133	0.0075188
NODE_150845_length_1617_cov_4.764822	1032	1165	14	7	133	0.0526316
NODE_150845_length_1617_cov_4.764822	1032	1165	15	50	133	0.3759398
NODE_150845_length_1617_cov_4.764822	1032	1165	16	37	133	0.2781955
NODE_150845_length_1617_cov_4.764822	1032	1165	17	2	133	0.0150376
NODE_150845_length_1617_cov_4.764822	1032	1165	18	16	133	0.1203008
NODE_150845_length_1617_cov_4.764822	1032	1165	19	2	133	0.0150376
NODE_150923_length_1616_cov_564.305867	549	682	14	4	133	0.0300752
NODE_150923_length_1616_cov_564.305867	549	682	18	7	133	0.0526316
NODE_150923_length_1616_cov_564.305867	549	682	20	1	133	0.0075188
NODE_150923_length_1616_cov_564.305867	549	682	22	9	133	0.0676692
NODE_150923_length_1616_cov_564.305867	549	682	23	5	133	0.0375940
NODE_150923_length_1616_cov_564.305867	549	682	25	4	133	0.0300752
NODE_150923_length_1616_cov_564.305867	549	682	27	6	133	0.0451128
NODE_150923_length_1616_cov_564.305867	549	682	28	3	133	0.0225564
NODE_150923_length_1616_cov_564.305867	549	682	31	4	133	0.0300752
NODE_150923_length_1616_cov_564.305867	549	682	35	2	133	0.0150376
NODE_150923_length_1616_cov_564.305867	549	682	36	3	133	0.0225564
NODE_150923_length_1616_cov_564.305867	549	682	37	1	133	0.0075188
NODE_150923_length_1616_cov_564.305867	549	682	38	2	133	0.0150376
NODE_150923_length_1616_cov_564.305867	549	682	39	17	133	0.1278196
NODE_150923_length_1616_cov_564.305867	549	682	40	13	133	0.0977444
NODE_150923_length_1616_cov_564.305867	549	682	41	1	133	0.0075188
NODE_150923_length_1616_cov_564.305867	549	682	42	1	133	0.0075188
NODE_150923_length_1616_cov_564.305867	549	682	43	1	133	0.0075188
NODE_150923_length_1616_cov_564.305867	549	682	44	2	133	0.0150376
NODE_150923_length_1616_cov_564.305867	549	682	45	5	133	0.0375940
NODE_150923_length_1616_cov_564.305867	549	682	47	3	133	0.0225564
NODE_150923_length_1616_cov_564.305867	549	682	50	1	133	0.0075188
NODE_150923_length_1616_cov_564.305867	549	682	52	1	133	0.0075188
NODE_150923_length_1616_cov_564.305867	549	682	53	1	133	0.0075188
NODE_150923_length_1616_cov_564.305867	549	682	54	9	133	0.0676692
NODE_150923_length_1616_cov_564.305867	549	682	55	24	133	0.1804511
NODE_150923_length_1616_cov_564.305867	549	682	57	3	133	0.0225564
NODE_150_length_22975_cov_4.278195	18651	18784	4	8	133	0.0601504
NODE_150_length_22975_cov_4.278195	18651	18784	5	53	133	0.3984962
NODE_150_length_22975_cov_4.278195	18651	18784	6	15	133	0.1127820
NODE_150_length_22975_cov_4.278195	18651	18784	7	3	133	0.0225564
NODE_150_length_22975_cov_4.278195	18651	18784	8	54	133	0.4060150
NODE_151109_length_1615_cov_3.544195	927	1060	9	68	133	0.5112782
NODE_151109_length_1615_cov_3.544195	927	1060	10	20	133	0.1503759
NODE_151109_length_1615_cov_3.544195	927	1060	11	37	133	0.2781955
NODE_151109_length_1615_cov_3.544195	927	1060	12	8	133	0.0601504
NODE_15114_length_6284_cov_3.857720	769	902	15	7	133	0.0526316
NODE_15114_length_6284_cov_3.857720	769	902	16	20	133	0.1503759
NODE_15114_length_6284_cov_3.857720	769	902	17	7	133	0.0526316
NODE_15114_length_6284_cov_3.857720	769	902	18	3	133	0.0225564
NODE_15114_length_6284_cov_3.857720	769	902	19	1	133	0.0075188
NODE_15114_length_6284_cov_3.857720	769	902	20	1	133	0.0075188
NODE_15114_length_6284_cov_3.857720	769	902	21	4	133	0.0300752
NODE_15114_length_6284_cov_3.857720	769	902	22	20	133	0.1503759
NODE_15114_length_6284_cov_3.857720	769	902	23	5	133	0.0375940
NODE_15114_length_6284_cov_3.857720	769	902	25	3	133	0.0225564
NODE_15114_length_6284_cov_3.857720	769	902	27	13	133	0.0977444
NODE_15114_length_6284_cov_3.857720	769	902	28	9	133	0.0676692
NODE_15114_length_6284_cov_3.857720	769	902	29	38	133	0.2857143
NODE_15114_length_6284_cov_3.857720	769	902	30	2	133	0.0150376
NODE_151194_length_1614_cov_4.154455	825	958	24	8	133	0.0601504
NODE_151194_length_1614_cov_4.154455	825	958	25	6	133	0.0451128
NODE_151194_length_1614_cov_4.154455	825	958	26	16	133	0.1203008
NODE_151194_length_1614_cov_4.154455	825	958	27	7	133	0.0526316
NODE_151194_length_1614_cov_4.154455	825	958	28	10	133	0.0751880
NODE_151194_length_1614_cov_4.154455	825	958	29	9	133	0.0676692
NODE_151194_length_1614_cov_4.154455	825	958	30	26	133	0.1954887
NODE_151194_length_1614_cov_4.154455	825	958	31	6	133	0.0451128
NODE_151194_length_1614_cov_4.154455	825	958	32	12	133	0.0902256
NODE_151194_length_1614_cov_4.154455	825	958	33	5	133	0.0375940
NODE_151194_length_1614_cov_4.154455	825	958	35	3	133	0.0225564
NODE_151194_length_1614_cov_4.154455	825	958	36	23	133	0.1729323
NODE_151194_length_1614_cov_4.154455	825	958	37	1	133	0.0075188
NODE_151194_length_1614_cov_4.154455	825	958	38	1	133	0.0075188
NODE_151390_length_1612_cov_4.608063	1286	1419	20	5	133	0.0375940
NODE_151390_length_1612_cov_4.608063	1286	1419	21	6	133	0.0451128
NODE_151390_length_1612_cov_4.608063	1286	1419	22	3	133	0.0225564
NODE_151390_length_1612_cov_4.608063	1286	1419	23	1	133	0.0075188
NODE_151390_length_1612_cov_4.608063	1286	1419	25	8	133	0.0601504
NODE_151390_length_1612_cov_4.608063	1286	1419	26	7	133	0.0526316
NODE_151390_length_1612_cov_4.608063	1286	1419	27	10	133	0.0751880
NODE_151390_length_1612_cov_4.608063	1286	1419	28	3	133	0.0225564
NODE_151390_length_1612_cov_4.608063	1286	1419	29	2	133	0.0150376
NODE_151390_length_1612_cov_4.608063	1286	1419	30	12	133	0.0902256
NODE_151390_length_1612_cov_4.608063	1286	1419	31	9	133	0.0676692
NODE_151390_length_1612_cov_4.608063	1286	1419	32	30	133	0.2255639
NODE_151390_length_1612_cov_4.608063	1286	1419	33	26	133	0.1954887
NODE_151390_length_1612_cov_4.608063	1286	1419	34	8	133	0.0601504
NODE_151390_length_1612_cov_4.608063	1286	1419	35	3	133	0.0225564
NODE_151426_length_1612_cov_3.604759	312	445	1	18	133	0.1353384
NODE_151426_length_1612_cov_3.604759	312	445	2	38	133	0.2857143
NODE_151426_length_1612_cov_3.604759	312	445	3	35	133	0.2631579
NODE_151426_length_1612_cov_3.604759	312	445	5	42	133	0.3157895
NODE_151506_length_1611_cov_4.710979	835	968	31	6	133	0.0451128
NODE_151506_length_1611_cov_4.710979	835	968	33	1	133	0.0075188
NODE_151506_length_1611_cov_4.710979	835	968	34	6	133	0.0451128
NODE_151506_length_1611_cov_4.710979	835	968	35	3	133	0.0225564
NODE_151506_length_1611_cov_4.710979	835	968	37	1	133	0.0075188
NODE_151506_length_1611_cov_4.710979	835	968	38	4	133	0.0300752
NODE_151506_length_1611_cov_4.710979	835	968	39	14	133	0.1052632
NODE_151506_length_1611_cov_4.710979	835	968	40	23	133	0.1729323
NODE_151506_length_1611_cov_4.710979	835	968	41	8	133	0.0601504
NODE_151506_length_1611_cov_4.710979	835	968	42	4	133	0.0300752
NODE_151506_length_1611_cov_4.710979	835	968	43	6	133	0.0451128
NODE_151506_length_1611_cov_4.710979	835	968	44	1	133	0.0075188
NODE_151506_length_1611_cov_4.710979	835	968	45	2	133	0.0150376
NODE_151506_length_1611_cov_4.710979	835	968	46	2	133	0.0150376
NODE_151506_length_1611_cov_4.710979	835	968	47	8	133	0.0601504
NODE_151506_length_1611_cov_4.710979	835	968	48	23	133	0.1729323
NODE_151506_length_1611_cov_4.710979	835	968	49	9	133	0.0676692
NODE_151506_length_1611_cov_4.710979	835	968	50	12	133	0.0902256
NODE_15157_length_6276_cov_24.110733	1696	1829	22	11	133	0.0827068
NODE_15157_length_6276_cov_24.110733	1696	1829	23	2	133	0.0150376
NODE_15157_length_6276_cov_24.110733	1696	1829	24	1	133	0.0075188
NODE_15157_length_6276_cov_24.110733	1696	1829	25	10	133	0.0751880
NODE_15157_length_6276_cov_24.110733	1696	1829	27	24	133	0.1804511
NODE_15157_length_6276_cov_24.110733	1696	1829	28	6	133	0.0451128
NODE_15157_length_6276_cov_24.110733	1696	1829	29	7	133	0.0526316
NODE_15157_length_6276_cov_24.110733	1696	1829	30	4	133	0.0300752
NODE_15157_length_6276_cov_24.110733	1696	1829	31	7	133	0.0526316
NODE_15157_length_6276_cov_24.110733	1696	1829	32	13	133	0.0977444
NODE_15157_length_6276_cov_24.110733	1696	1829	33	1	133	0.0075188
NODE_15157_length_6276_cov_24.110733	1696	1829	34	3	133	0.0225564
NODE_15157_length_6276_cov_24.110733	1696	1829	35	11	133	0.0827068
NODE_15157_length_6276_cov_24.110733	1696	1829	36	18	133	0.1353384
NODE_15157_length_6276_cov_24.110733	1696	1829	37	15	133	0.1127820
NODE_151827_length_1608_cov_4.592445	818	951	7	23	133	0.1729323
NODE_151827_length_1608_cov_4.592445	818	951	8	45	133	0.3383459
NODE_151827_length_1608_cov_4.592445	818	951	9	20	133	0.1503759
NODE_151827_length_1608_cov_4.592445	818	951	10	11	133	0.0827068
NODE_151827_length_1608_cov_4.592445	818	951	11	34	133	0.2556391
NODE_15187_length_6270_cov_4.799222	32	165	2	18	133	0.1353384
NODE_15187_length_6270_cov_4.799222	32	165	3	82	133	0.6165413
NODE_15187_length_6270_cov_4.799222	32	165	4	8	133	0.0601504
NODE_15187_length_6270_cov_4.799222	32	165	5	18	133	0.1353384
NODE_15187_length_6270_cov_4.799222	32	165	7	4	133	0.0300752
NODE_15187_length_6270_cov_4.799222	32	165	8	1	133	0.0075188
NODE_15187_length_6270_cov_4.799222	32	165	9	2	133	0.0150376
NODE_151967_length_1607_cov_3.611406	581	714	3	4	133	0.0300752
NODE_151967_length_1607_cov_3.611406	581	714	4	3	133	0.0225564
NODE_151967_length_1607_cov_3.611406	581	714	5	14	133	0.1052632
NODE_151967_length_1607_cov_3.611406	581	714	6	2	133	0.0150376
NODE_151967_length_1607_cov_3.611406	581	714	7	1	133	0.0075188
NODE_151967_length_1607_cov_3.611406	581	714	8	3	133	0.0225564
NODE_151967_length_1607_cov_3.611406	581	714	10	2	133	0.0150376
NODE_151967_length_1607_cov_3.611406	581	714	11	2	133	0.0150376
NODE_151967_length_1607_cov_3.611406	581	714	12	31	133	0.2330827
NODE_151967_length_1607_cov_3.611406	581	714	13	37	133	0.2781955
NODE_151967_length_1607_cov_3.611406	581	714	14	34	133	0.2556391
NODE_152025_length_1606_cov_5.270737	1270	1403	8	15	133	0.1127820
NODE_152025_length_1606_cov_5.270737	1270	1403	9	7	133	0.0526316
NODE_152025_length_1606_cov_5.270737	1270	1403	10	15	133	0.1127820
NODE_152025_length_1606_cov_5.270737	1270	1403	11	7	133	0.0526316
NODE_152025_length_1606_cov_5.270737	1270	1403	14	6	133	0.0451128
NODE_152025_length_1606_cov_5.270737	1270	1403	15	28	133	0.2105263
NODE_152025_length_1606_cov_5.270737	1270	1403	16	11	133	0.0827068
NODE_152025_length_1606_cov_5.270737	1270	1403	17	36	133	0.2706767
NODE_152025_length_1606_cov_5.270737	1270	1403	18	8	133	0.0601504
NODE_15203_length_6267_cov_4.052691	3687	3820	27	1	133	0.0075188
NODE_15203_length_6267_cov_4.052691	3687	3820	28	1	133	0.0075188
NODE_15203_length_6267_cov_4.052691	3687	3820	30	4	133	0.0300752
NODE_15203_length_6267_cov_4.052691	3687	3820	31	7	133	0.0526316
NODE_15203_length_6267_cov_4.052691	3687	3820	32	12	133	0.0902256
NODE_15203_length_6267_cov_4.052691	3687	3820	33	1	133	0.0075188
NODE_15203_length_6267_cov_4.052691	3687	3820	34	10	133	0.0751880
NODE_15203_length_6267_cov_4.052691	3687	3820	35	23	133	0.1729323
NODE_15203_length_6267_cov_4.052691	3687	3820	36	19	133	0.1428571
NODE_15203_length_6267_cov_4.052691	3687	3820	37	20	133	0.1503759
NODE_15203_length_6267_cov_4.052691	3687	3820	38	18	133	0.1353384
NODE_15203_length_6267_cov_4.052691	3687	3820	39	13	133	0.0977444
NODE_15203_length_6267_cov_4.052691	3687	3820	40	4	133	0.0300752
NODE_15223_length_6265_cov_3.961401	5609	5742	8	2	133	0.0150376
NODE_15223_length_6265_cov_3.961401	5609	5742	9	37	133	0.2781955
NODE_15223_length_6265_cov_3.961401	5609	5742	11	20	133	0.1503759
NODE_15223_length_6265_cov_3.961401	5609	5742	12	12	133	0.0902256
NODE_15223_length_6265_cov_3.961401	5609	5742	13	24	133	0.1804511
NODE_15223_length_6265_cov_3.961401	5609	5742	15	38	133	0.2857143
NODE_152298_length_1604_cov_3.998671	878	1011	8	1	133	0.0075188
NODE_152298_length_1604_cov_3.998671	878	1011	9	4	133	0.0300752
NODE_152298_length_1604_cov_3.998671	878	1011	11	7	133	0.0526316
NODE_152298_length_1604_cov_3.998671	878	1011	13	5	133	0.0375940
NODE_152298_length_1604_cov_3.998671	878	1011	15	2	133	0.0150376
NODE_152298_length_1604_cov_3.998671	878	1011	16	14	133	0.1052632
NODE_152298_length_1604_cov_3.998671	878	1011	18	5	133	0.0375940
NODE_152298_length_1604_cov_3.998671	878	1011	19	4	133	0.0300752
NODE_152298_length_1604_cov_3.998671	878	1011	21	3	133	0.0225564
NODE_152298_length_1604_cov_3.998671	878	1011	22	7	133	0.0526316
NODE_152298_length_1604_cov_3.998671	878	1011	23	2	133	0.0150376
NODE_152298_length_1604_cov_3.998671	878	1011	24	3	133	0.0225564
NODE_152298_length_1604_cov_3.998671	878	1011	25	6	133	0.0451128
NODE_152298_length_1604_cov_3.998671	878	1011	26	32	133	0.2406015
NODE_152298_length_1604_cov_3.998671	878	1011	27	22	133	0.1654135
NODE_152298_length_1604_cov_3.998671	878	1011	28	16	133	0.1203008
NODE_15233_length_6263_cov_4.133030	2864	2997	12	16	133	0.1203008
NODE_15233_length_6263_cov_4.133030	2864	2997	13	1	133	0.0075188
NODE_15233_length_6263_cov_4.133030	2864	2997	14	6	133	0.0451128
NODE_15233_length_6263_cov_4.133030	2864	2997	15	3	133	0.0225564
NODE_15233_length_6263_cov_4.133030	2864	2997	16	1	133	0.0075188
NODE_15233_length_6263_cov_4.133030	2864	2997	17	9	133	0.0676692
NODE_15233_length_6263_cov_4.133030	2864	2997	18	3	133	0.0225564
NODE_15233_length_6263_cov_4.133030	2864	2997	19	24	133	0.1804511
NODE_15233_length_6263_cov_4.133030	2864	2997	20	9	133	0.0676692
NODE_15233_length_6263_cov_4.133030	2864	2997	21	13	133	0.0977444
NODE_15233_length_6263_cov_4.133030	2864	2997	22	7	133	0.0526316
NODE_15233_length_6263_cov_4.133030	2864	2997	23	17	133	0.1278196
NODE_15233_length_6263_cov_4.133030	2864	2997	24	18	133	0.1353384
NODE_15233_length_6263_cov_4.133030	2864	2997	25	5	133	0.0375940
NODE_15233_length_6263_cov_4.133030	2864	2997	26	1	133	0.0075188
NODE_152389_length_1603_cov_3.946809	1204	1337	4	3	133	0.0225564
NODE_152389_length_1603_cov_3.946809	1204	1337	7	6	133	0.0451128
NODE_152389_length_1603_cov_3.946809	1204	1337	8	3	133	0.0225564
NODE_152389_length_1603_cov_3.946809	1204	1337	9	12	133	0.0902256
NODE_152389_length_1603_cov_3.946809	1204	1337	10	12	133	0.0902256
NODE_152389_length_1603_cov_3.946809	1204	1337	11	5	133	0.0375940
NODE_152389_length_1603_cov_3.946809	1204	1337	13	11	133	0.0827068
NODE_152389_length_1603_cov_3.946809	1204	1337	15	18	133	0.1353384
NODE_152389_length_1603_cov_3.946809	1204	1337	16	22	133	0.1654135
NODE_152389_length_1603_cov_3.946809	1204	1337	17	13	133	0.0977444
NODE_152389_length_1603_cov_3.946809	1204	1337	18	28	133	0.2105263
NODE_1523_length_13369_cov_4.111756	2727	2860	5	29	133	0.2180451
NODE_1523_length_13369_cov_4.111756	2727	2860	6	33	133	0.2481203
NODE_1523_length_13369_cov_4.111756	2727	2860	7	57	133	0.4285714
NODE_1523_length_13369_cov_4.111756	2727	2860	8	14	133	0.1052632
NODE_152461_length_1602_cov_4.876913	383	516	7	9	133	0.0676692
NODE_152461_length_1602_cov_4.876913	383	516	9	11	133	0.0827068
NODE_152461_length_1602_cov_4.876913	383	516	10	28	133	0.2105263
NODE_152461_length_1602_cov_4.876913	383	516	11	1	133	0.0075188
NODE_152461_length_1602_cov_4.876913	383	516	12	5	133	0.0375940
NODE_152461_length_1602_cov_4.876913	383	516	13	18	133	0.1353384
NODE_152461_length_1602_cov_4.876913	383	516	14	43	133	0.3233083
NODE_152461_length_1602_cov_4.876913	383	516	15	18	133	0.1353384
NODE_15253_length_6259_cov_4.554221	3518	3651	18	16	133	0.1203008
NODE_15253_length_6259_cov_4.554221	3518	3651	19	18	133	0.1353384
NODE_15253_length_6259_cov_4.554221	3518	3651	20	20	133	0.1503759
NODE_15253_length_6259_cov_4.554221	3518	3651	21	10	133	0.0751880
NODE_15253_length_6259_cov_4.554221	3518	3651	22	29	133	0.2180451
NODE_15253_length_6259_cov_4.554221	3518	3651	23	8	133	0.0601504
NODE_15253_length_6259_cov_4.554221	3518	3651	24	13	133	0.0977444
NODE_15253_length_6259_cov_4.554221	3518	3651	25	19	133	0.1428571
NODE_152599_length_1601_cov_3.978029	1045	1178	7	11	133	0.0827068
NODE_152599_length_1601_cov_3.978029	1045	1178	8	36	133	0.2706767
NODE_152599_length_1601_cov_3.978029	1045	1178	9	49	133	0.3684210
NODE_152599_length_1601_cov_3.978029	1045	1178	10	30	133	0.2255639
NODE_152599_length_1601_cov_3.978029	1045	1178	11	7	133	0.0526316
NODE_152700_length_1600_cov_4.471686	102	235	3	2	133	0.0150376
NODE_152700_length_1600_cov_4.471686	102	235	5	5	133	0.0375940
NODE_152700_length_1600_cov_4.471686	102	235	7	8	133	0.0601504
NODE_152700_length_1600_cov_4.471686	102	235	9	3	133	0.0225564
NODE_152700_length_1600_cov_4.471686	102	235	10	2	133	0.0150376
NODE_152700_length_1600_cov_4.471686	102	235	11	14	133	0.1052632
NODE_152700_length_1600_cov_4.471686	102	235	12	20	133	0.1503759
NODE_152700_length_1600_cov_4.471686	102	235	13	18	133	0.1353384
NODE_152700_length_1600_cov_4.471686	102	235	14	6	133	0.0451128
NODE_152700_length_1600_cov_4.471686	102	235	15	4	133	0.0300752
NODE_152700_length_1600_cov_4.471686	102	235	16	22	133	0.1654135
NODE_152700_length_1600_cov_4.471686	102	235	17	2	133	0.0150376
NODE_152700_length_1600_cov_4.471686	102	235	18	27	133	0.2030075
NODE_15272_length_6256_cov_4.734124	5097	5230	17	21	133	0.1578947
NODE_15272_length_6256_cov_4.734124	5097	5230	18	17	133	0.1278196
NODE_15272_length_6256_cov_4.734124	5097	5230	19	27	133	0.2030075
NODE_15272_length_6256_cov_4.734124	5097	5230	20	5	133	0.0375940
NODE_15272_length_6256_cov_4.734124	5097	5230	21	12	133	0.0902256
NODE_15272_length_6256_cov_4.734124	5097	5230	22	5	133	0.0375940
NODE_15272_length_6256_cov_4.734124	5097	5230	23	9	133	0.0676692
NODE_15272_length_6256_cov_4.734124	5097	5230	24	6	133	0.0451128
NODE_15272_length_6256_cov_4.734124	5097	5230	25	21	133	0.1578947
NODE_15272_length_6256_cov_4.734124	5097	5230	26	8	133	0.0601504
NODE_15272_length_6256_cov_4.734124	5097	5230	27	2	133	0.0150376
NODE_15275_length_6256_cov_4.430567	702	835	3	48	133	0.3609022
NODE_15275_length_6256_cov_4.430567	702	835	4	18	133	0.1353384
NODE_15275_length_6256_cov_4.430567	702	835	5	16	133	0.1203008
NODE_15275_length_6256_cov_4.430567	702	835	6	7	133	0.0526316
NODE_15275_length_6256_cov_4.430567	702	835	7	44	133	0.3308271
NODE_153136_length_1596_cov_4.237141	1289	1422	16	3	133	0.0225564
NODE_153136_length_1596_cov_4.237141	1289	1422	17	1	133	0.0075188
NODE_153136_length_1596_cov_4.237141	1289	1422	21	3	133	0.0225564
NODE_153136_length_1596_cov_4.237141	1289	1422	23	5	133	0.0375940
NODE_153136_length_1596_cov_4.237141	1289	1422	24	4	133	0.0300752
NODE_153136_length_1596_cov_4.237141	1289	1422	25	2	133	0.0150376
NODE_153136_length_1596_cov_4.237141	1289	1422	26	2	133	0.0150376
NODE_153136_length_1596_cov_4.237141	1289	1422	27	1	133	0.0075188
NODE_153136_length_1596_cov_4.237141	1289	1422	28	2	133	0.0150376
NODE_153136_length_1596_cov_4.237141	1289	1422	29	2	133	0.0150376
NODE_153136_length_1596_cov_4.237141	1289	1422	32	11	133	0.0827068
NODE_153136_length_1596_cov_4.237141	1289	1422	34	4	133	0.0300752
NODE_153136_length_1596_cov_4.237141	1289	1422	36	6	133	0.0451128
NODE_153136_length_1596_cov_4.237141	1289	1422	37	8	133	0.0601504
NODE_153136_length_1596_cov_4.237141	1289	1422	38	3	133	0.0225564
NODE_153136_length_1596_cov_4.237141	1289	1422	39	5	133	0.0375940
NODE_153136_length_1596_cov_4.237141	1289	1422	40	2	133	0.0150376
NODE_153136_length_1596_cov_4.237141	1289	1422	41	11	133	0.0827068
NODE_153136_length_1596_cov_4.237141	1289	1422	42	11	133	0.0827068
NODE_153136_length_1596_cov_4.237141	1289	1422	43	8	133	0.0601504
NODE_153136_length_1596_cov_4.237141	1289	1422	44	23	133	0.1729323
NODE_153136_length_1596_cov_4.237141	1289	1422	45	13	133	0.0977444
NODE_153136_length_1596_cov_4.237141	1289	1422	46	3	133	0.0225564
NODE_153178_length_1596_cov_3.340013	718	851	10	1	133	0.0075188
NODE_153178_length_1596_cov_3.340013	718	851	11	3	133	0.0225564
NODE_153178_length_1596_cov_3.340013	718	851	12	15	133	0.1127820
NODE_153178_length_1596_cov_3.340013	718	851	13	20	133	0.1503759
NODE_153178_length_1596_cov_3.340013	718	851	14	49	133	0.3684210
NODE_153178_length_1596_cov_3.340013	718	851	15	12	133	0.0902256
NODE_153178_length_1596_cov_3.340013	718	851	16	10	133	0.0751880
NODE_153178_length_1596_cov_3.340013	718	851	17	5	133	0.0375940
NODE_153178_length_1596_cov_3.340013	718	851	18	7	133	0.0526316
NODE_153178_length_1596_cov_3.340013	718	851	21	8	133	0.0601504
NODE_153178_length_1596_cov_3.340013	718	851	22	3	133	0.0225564
NODE_153184_length_1596_cov_3.183033	294	427	12	8	133	0.0601504
NODE_153184_length_1596_cov_3.183033	294	427	13	16	133	0.1203008
NODE_153184_length_1596_cov_3.183033	294	427	14	32	133	0.2406015
NODE_153184_length_1596_cov_3.183033	294	427	15	1	133	0.0075188
NODE_153184_length_1596_cov_3.183033	294	427	16	16	133	0.1203008
NODE_153184_length_1596_cov_3.183033	294	427	17	29	133	0.2180451
NODE_153184_length_1596_cov_3.183033	294	427	18	23	133	0.1729323
NODE_153184_length_1596_cov_3.183033	294	427	19	8	133	0.0601504
NODE_153211_length_1596_cov_1.732799	378	511	2	11	133	0.0827068
NODE_153211_length_1596_cov_1.732799	378	511	3	57	133	0.4285714
NODE_153211_length_1596_cov_1.732799	378	511	4	23	133	0.1729323
NODE_153211_length_1596_cov_1.732799	378	511	5	36	133	0.2706767
NODE_153211_length_1596_cov_1.732799	378	511	6	6	133	0.0451128
NODE_153219_length_1595_cov_6.521390	111	244	13	15	133	0.1127820
NODE_153219_length_1595_cov_6.521390	111	244	14	11	133	0.0827068
NODE_153219_length_1595_cov_6.521390	111	244	16	1	133	0.0075188
NODE_153219_length_1595_cov_6.521390	111	244	17	13	133	0.0977444
NODE_153219_length_1595_cov_6.521390	111	244	18	1	133	0.0075188
NODE_153219_length_1595_cov_6.521390	111	244	19	16	133	0.1203008
NODE_153219_length_1595_cov_6.521390	111	244	20	21	133	0.1578947
NODE_153219_length_1595_cov_6.521390	111	244	21	8	133	0.0601504
NODE_153219_length_1595_cov_6.521390	111	244	22	4	133	0.0300752
NODE_153219_length_1595_cov_6.521390	111	244	23	20	133	0.1503759
NODE_153219_length_1595_cov_6.521390	111	244	24	6	133	0.0451128
NODE_153219_length_1595_cov_6.521390	111	244	25	11	133	0.0827068
NODE_153219_length_1595_cov_6.521390	111	244	26	6	133	0.0451128
NODE_153432_length_1593_cov_5.350736	1258	1391	5	19	133	0.1428571
NODE_153432_length_1593_cov_5.350736	1258	1391	6	24	133	0.1804511
NODE_153432_length_1593_cov_5.350736	1258	1391	7	10	133	0.0751880
NODE_153432_length_1593_cov_5.350736	1258	1391	8	6	133	0.0451128
NODE_153432_length_1593_cov_5.350736	1258	1391	9	74	133	0.5563910
NODE_153442_length_1593_cov_4.658635	207	340	20	2	133	0.0150376
NODE_153442_length_1593_cov_4.658635	207	340	21	5	133	0.0375940
NODE_153442_length_1593_cov_4.658635	207	340	22	2	133	0.0150376
NODE_153442_length_1593_cov_4.658635	207	340	23	4	133	0.0300752
NODE_153442_length_1593_cov_4.658635	207	340	25	10	133	0.0751880
NODE_153442_length_1593_cov_4.658635	207	340	26	30	133	0.2255639
NODE_153442_length_1593_cov_4.658635	207	340	27	26	133	0.1954887
NODE_153442_length_1593_cov_4.658635	207	340	28	4	133	0.0300752
NODE_153442_length_1593_cov_4.658635	207	340	30	11	133	0.0827068
NODE_153442_length_1593_cov_4.658635	207	340	31	21	133	0.1578947
NODE_153442_length_1593_cov_4.658635	207	340	32	16	133	0.1203008
NODE_153442_length_1593_cov_4.658635	207	340	33	2	133	0.0150376
NODE_153477_length_1593_cov_3.714190	117	250	12	12	133	0.0902256
NODE_153477_length_1593_cov_3.714190	117	250	13	6	133	0.0451128
NODE_153477_length_1593_cov_3.714190	117	250	14	10	133	0.0751880
NODE_153477_length_1593_cov_3.714190	117	250	15	9	133	0.0676692
NODE_153477_length_1593_cov_3.714190	117	250	16	11	133	0.0827068
NODE_153477_length_1593_cov_3.714190	117	250	17	7	133	0.0526316
NODE_153477_length_1593_cov_3.714190	117	250	18	22	133	0.1654135
NODE_153477_length_1593_cov_3.714190	117	250	19	25	133	0.1879699
NODE_153477_length_1593_cov_3.714190	117	250	20	7	133	0.0526316
NODE_153477_length_1593_cov_3.714190	117	250	21	8	133	0.0601504
NODE_153477_length_1593_cov_3.714190	117	250	22	16	133	0.1203008
NODE_153527_length_1592_cov_5.612190	1147	1280	13	10	133	0.0751880
NODE_153527_length_1592_cov_5.612190	1147	1280	14	8	133	0.0601504
NODE_153527_length_1592_cov_5.612190	1147	1280	15	8	133	0.0601504
NODE_153527_length_1592_cov_5.612190	1147	1280	16	13	133	0.0977444
NODE_153527_length_1592_cov_5.612190	1147	1280	17	8	133	0.0601504
NODE_153527_length_1592_cov_5.612190	1147	1280	18	7	133	0.0526316
NODE_153527_length_1592_cov_5.612190	1147	1280	19	2	133	0.0150376
NODE_153527_length_1592_cov_5.612190	1147	1280	20	4	133	0.0300752
NODE_153527_length_1592_cov_5.612190	1147	1280	21	1	133	0.0075188
NODE_153527_length_1592_cov_5.612190	1147	1280	22	5	133	0.0375940
NODE_153527_length_1592_cov_5.612190	1147	1280	23	3	133	0.0225564
NODE_153527_length_1592_cov_5.612190	1147	1280	24	3	133	0.0225564
NODE_153527_length_1592_cov_5.612190	1147	1280	25	21	133	0.1578947
NODE_153527_length_1592_cov_5.612190	1147	1280	26	21	133	0.1578947
NODE_153527_length_1592_cov_5.612190	1147	1280	27	11	133	0.0827068
NODE_153527_length_1592_cov_5.612190	1147	1280	28	8	133	0.0601504
NODE_15357_length_6241_cov_4.758222	3462	3595	2	2	133	0.0150376
NODE_15357_length_6241_cov_4.758222	3462	3595	4	17	133	0.1278196
NODE_15357_length_6241_cov_4.758222	3462	3595	5	111	133	0.8345864
NODE_15357_length_6241_cov_4.758222	3462	3595	6	3	133	0.0225564
NODE_153619_length_1592_cov_2.624916	1043	1176	20	10	133	0.0751880
NODE_153619_length_1592_cov_2.624916	1043	1176	21	6	133	0.0451128
NODE_153619_length_1592_cov_2.624916	1043	1176	22	8	133	0.0601504
NODE_153619_length_1592_cov_2.624916	1043	1176	23	6	133	0.0451128
NODE_153619_length_1592_cov_2.624916	1043	1176	25	2	133	0.0150376
NODE_153619_length_1592_cov_2.624916	1043	1176	26	5	133	0.0375940
NODE_153619_length_1592_cov_2.624916	1043	1176	27	1	133	0.0075188
NODE_153619_length_1592_cov_2.624916	1043	1176	28	2	133	0.0150376
NODE_153619_length_1592_cov_2.624916	1043	1176	29	2	133	0.0150376
NODE_153619_length_1592_cov_2.624916	1043	1176	30	5	133	0.0375940
NODE_153619_length_1592_cov_2.624916	1043	1176	32	2	133	0.0150376
NODE_153619_length_1592_cov_2.624916	1043	1176	33	1	133	0.0075188
NODE_153619_length_1592_cov_2.624916	1043	1176	34	17	133	0.1278196
NODE_153619_length_1592_cov_2.624916	1043	1176	35	20	133	0.1503759
NODE_153619_length_1592_cov_2.624916	1043	1176	36	19	133	0.1428571
NODE_153619_length_1592_cov_2.624916	1043	1176	37	12	133	0.0902256
NODE_153619_length_1592_cov_2.624916	1043	1176	38	3	133	0.0225564
NODE_153619_length_1592_cov_2.624916	1043	1176	39	9	133	0.0676692
NODE_153619_length_1592_cov_2.624916	1043	1176	40	3	133	0.0225564
NODE_153655_length_1591_cov_4.892091	1418	1551	7	7	133	0.0526316
NODE_153655_length_1591_cov_4.892091	1418	1551	8	22	133	0.1654135
NODE_153655_length_1591_cov_4.892091	1418	1551	9	10	133	0.0751880
NODE_153655_length_1591_cov_4.892091	1418	1551	11	14	133	0.1052632
NODE_153655_length_1591_cov_4.892091	1418	1551	12	10	133	0.0751880
NODE_153655_length_1591_cov_4.892091	1418	1551	13	13	133	0.0977444
NODE_153655_length_1591_cov_4.892091	1418	1551	14	15	133	0.1127820
NODE_153655_length_1591_cov_4.892091	1418	1551	15	4	133	0.0300752
NODE_153655_length_1591_cov_4.892091	1418	1551	16	18	133	0.1353384
NODE_153655_length_1591_cov_4.892091	1418	1551	17	20	133	0.1503759
NODE_153670_length_1591_cov_4.305630	1264	1397	2	33	133	0.2481203
NODE_153670_length_1591_cov_4.305630	1264	1397	4	63	133	0.4736842
NODE_153670_length_1591_cov_4.305630	1264	1397	5	15	133	0.1127820
NODE_153670_length_1591_cov_4.305630	1264	1397	6	22	133	0.1654135
NODE_15379_length_6238_cov_5.582668	5357	5490	18	8	133	0.0601504
NODE_15379_length_6238_cov_5.582668	5357	5490	19	8	133	0.0601504
NODE_15379_length_6238_cov_5.582668	5357	5490	20	19	133	0.1428571
NODE_15379_length_6238_cov_5.582668	5357	5490	21	22	133	0.1654135
NODE_15379_length_6238_cov_5.582668	5357	5490	22	42	133	0.3157895
NODE_15379_length_6238_cov_5.582668	5357	5490	23	16	133	0.1203008
NODE_15379_length_6238_cov_5.582668	5357	5490	24	10	133	0.0751880
NODE_15379_length_6238_cov_5.582668	5357	5490	25	5	133	0.0375940
NODE_15379_length_6238_cov_5.582668	5357	5490	26	3	133	0.0225564
NODE_15387_length_6237_cov_5.557348	2459	2592	18	15	133	0.1127820
NODE_15387_length_6237_cov_5.557348	2459	2592	19	2	133	0.0150376
NODE_15387_length_6237_cov_5.557348	2459	2592	20	12	133	0.0902256
NODE_15387_length_6237_cov_5.557348	2459	2592	21	7	133	0.0526316
NODE_15387_length_6237_cov_5.557348	2459	2592	22	8	133	0.0601504
NODE_15387_length_6237_cov_5.557348	2459	2592	24	2	133	0.0150376
NODE_15387_length_6237_cov_5.557348	2459	2592	25	3	133	0.0225564
NODE_15387_length_6237_cov_5.557348	2459	2592	26	6	133	0.0451128
NODE_15387_length_6237_cov_5.557348	2459	2592	27	5	133	0.0375940
NODE_15387_length_6237_cov_5.557348	2459	2592	29	14	133	0.1052632
NODE_15387_length_6237_cov_5.557348	2459	2592	30	19	133	0.1428571
NODE_15387_length_6237_cov_5.557348	2459	2592	31	13	133	0.0977444
NODE_15387_length_6237_cov_5.557348	2459	2592	33	18	133	0.1353384
NODE_15387_length_6237_cov_5.557348	2459	2592	34	9	133	0.0676692
NODE_154125_length_1587_cov_4.679435	851	984	4	7	133	0.0526316
NODE_154125_length_1587_cov_4.679435	851	984	5	26	133	0.1954887
NODE_154125_length_1587_cov_4.679435	851	984	7	17	133	0.1278196
NODE_154125_length_1587_cov_4.679435	851	984	9	5	133	0.0375940
NODE_154125_length_1587_cov_4.679435	851	984	10	44	133	0.3308271
NODE_154125_length_1587_cov_4.679435	851	984	11	34	133	0.2556391
NODE_15416_length_6234_cov_4.307579	4878	5011	0	3	133	0.0225564
NODE_15416_length_6234_cov_4.307579	4878	5011	2	35	133	0.2631579
NODE_15416_length_6234_cov_4.307579	4878	5011	4	53	133	0.3984962
NODE_15416_length_6234_cov_4.307579	4878	5011	5	42	133	0.3157895
NODE_1541_length_13336_cov_5.498451	11183	11316	2	4	133	0.0300752
NODE_1541_length_13336_cov_5.498451	11183	11316	3	8	133	0.0601504
NODE_1541_length_13336_cov_5.498451	11183	11316	5	4	133	0.0300752
NODE_1541_length_13336_cov_5.498451	11183	11316	6	9	133	0.0676692
NODE_1541_length_13336_cov_5.498451	11183	11316	7	21	133	0.1578947
NODE_1541_length_13336_cov_5.498451	11183	11316	8	12	133	0.0902256
NODE_1541_length_13336_cov_5.498451	11183	11316	9	4	133	0.0300752
NODE_1541_length_13336_cov_5.498451	11183	11316	10	58	133	0.4360902
NODE_1541_length_13336_cov_5.498451	11183	11316	11	13	133	0.0977444
NODE_15423_length_6233_cov_4.562439	5517	5650	4	17	133	0.1278196
NODE_15423_length_6233_cov_4.562439	5517	5650	5	22	133	0.1654135
NODE_15423_length_6233_cov_4.562439	5517	5650	6	2	133	0.0150376
NODE_15423_length_6233_cov_4.562439	5517	5650	7	14	133	0.1052632
NODE_15423_length_6233_cov_4.562439	5517	5650	8	1	133	0.0075188
NODE_15423_length_6233_cov_4.562439	5517	5650	9	61	133	0.4586466
NODE_15423_length_6233_cov_4.562439	5517	5650	10	8	133	0.0601504
NODE_15423_length_6233_cov_4.562439	5517	5650	11	8	133	0.0601504
NODE_154241_length_1586_cov_4.804304	1004	1137	5	1	133	0.0075188
NODE_154241_length_1586_cov_4.804304	1004	1137	6	11	133	0.0827068
NODE_154241_length_1586_cov_4.804304	1004	1137	7	8	133	0.0601504
NODE_154241_length_1586_cov_4.804304	1004	1137	9	44	133	0.3308271
NODE_154241_length_1586_cov_4.804304	1004	1137	10	4	133	0.0300752
NODE_154241_length_1586_cov_4.804304	1004	1137	11	24	133	0.1804511
NODE_154241_length_1586_cov_4.804304	1004	1137	12	2	133	0.0150376
NODE_154241_length_1586_cov_4.804304	1004	1137	14	4	133	0.0300752
NODE_154241_length_1586_cov_4.804304	1004	1137	15	23	133	0.1729323
NODE_154241_length_1586_cov_4.804304	1004	1137	16	6	133	0.0451128
NODE_154241_length_1586_cov_4.804304	1004	1137	17	5	133	0.0375940
NODE_154241_length_1586_cov_4.804304	1004	1137	18	1	133	0.0075188
NODE_15424_length_6233_cov_3.808771	2486	2619	23	4	133	0.0300752
NODE_15424_length_6233_cov_3.808771	2486	2619	24	7	133	0.0526316
NODE_15424_length_6233_cov_3.808771	2486	2619	25	12	133	0.0902256
NODE_15424_length_6233_cov_3.808771	2486	2619	26	8	133	0.0601504
NODE_15424_length_6233_cov_3.808771	2486	2619	27	1	133	0.0075188
NODE_15424_length_6233_cov_3.808771	2486	2619	28	7	133	0.0526316
NODE_15424_length_6233_cov_3.808771	2486	2619	30	2	133	0.0150376
NODE_15424_length_6233_cov_3.808771	2486	2619	31	1	133	0.0075188
NODE_15424_length_6233_cov_3.808771	2486	2619	32	3	133	0.0225564
NODE_15424_length_6233_cov_3.808771	2486	2619	33	7	133	0.0526316
NODE_15424_length_6233_cov_3.808771	2486	2619	34	3	133	0.0225564
NODE_15424_length_6233_cov_3.808771	2486	2619	35	4	133	0.0300752
NODE_15424_length_6233_cov_3.808771	2486	2619	36	26	133	0.1954887
NODE_15424_length_6233_cov_3.808771	2486	2619	37	35	133	0.2631579
NODE_15424_length_6233_cov_3.808771	2486	2619	38	3	133	0.0225564
NODE_15424_length_6233_cov_3.808771	2486	2619	39	10	133	0.0751880
NODE_154360_length_1585_cov_4.361373	1051	1184	1	9	133	0.0676692
NODE_154360_length_1585_cov_4.361373	1051	1184	2	20	133	0.1503759
NODE_154360_length_1585_cov_4.361373	1051	1184	3	36	133	0.2706767
NODE_154360_length_1585_cov_4.361373	1051	1184	4	68	133	0.5112782
NODE_15444_length_6229_cov_5.368842	1798	1931	3	19	133	0.1428571
NODE_15444_length_6229_cov_5.368842	1798	1931	4	22	133	0.1654135
NODE_15444_length_6229_cov_5.368842	1798	1931	5	9	133	0.0676692
NODE_15444_length_6229_cov_5.368842	1798	1931	6	59	133	0.4436090
NODE_15444_length_6229_cov_5.368842	1798	1931	7	24	133	0.1804511
NODE_15446_length_6229_cov_4.043393	1527	1660	7	7	133	0.0526316
NODE_15446_length_6229_cov_4.043393	1527	1660	8	29	133	0.2180451
NODE_15446_length_6229_cov_4.043393	1527	1660	9	39	133	0.2932331
NODE_15446_length_6229_cov_4.043393	1527	1660	10	37	133	0.2781955
NODE_15446_length_6229_cov_4.043393	1527	1660	11	1	133	0.0075188
NODE_15446_length_6229_cov_4.043393	1527	1660	12	19	133	0.1428571
NODE_15446_length_6229_cov_4.043393	1527	1660	13	1	133	0.0075188
NODE_15450_length_6228_cov_4.655735	1899	2032	6	6	133	0.0451128
NODE_15450_length_6228_cov_4.655735	1899	2032	7	39	133	0.2932331
NODE_15450_length_6228_cov_4.655735	1899	2032	8	44	133	0.3308271
NODE_15450_length_6228_cov_4.655735	1899	2032	9	44	133	0.3308271
NODE_15455_length_6227_cov_4.200065	2075	2208	4	13	133	0.0977444
NODE_15455_length_6227_cov_4.200065	2075	2208	5	21	133	0.1578947
NODE_15455_length_6227_cov_4.200065	2075	2208	6	2	133	0.0150376
NODE_15455_length_6227_cov_4.200065	2075	2208	8	3	133	0.0225564
NODE_15455_length_6227_cov_4.200065	2075	2208	10	6	133	0.0451128
NODE_15455_length_6227_cov_4.200065	2075	2208	12	5	133	0.0375940
NODE_15455_length_6227_cov_4.200065	2075	2208	13	6	133	0.0451128
NODE_15455_length_6227_cov_4.200065	2075	2208	14	2	133	0.0150376
NODE_15455_length_6227_cov_4.200065	2075	2208	15	4	133	0.0300752
NODE_15455_length_6227_cov_4.200065	2075	2208	16	11	133	0.0827068
NODE_15455_length_6227_cov_4.200065	2075	2208	17	44	133	0.3308271
NODE_15455_length_6227_cov_4.200065	2075	2208	18	16	133	0.1203008
NODE_154560_length_1583_cov_4.307951	225	358	20	2	133	0.0150376
NODE_154560_length_1583_cov_4.307951	225	358	22	1	133	0.0075188
NODE_154560_length_1583_cov_4.307951	225	358	23	5	133	0.0375940
NODE_154560_length_1583_cov_4.307951	225	358	24	5	133	0.0375940
NODE_154560_length_1583_cov_4.307951	225	358	25	5	133	0.0375940
NODE_154560_length_1583_cov_4.307951	225	358	26	3	133	0.0225564
NODE_154560_length_1583_cov_4.307951	225	358	27	7	133	0.0526316
NODE_154560_length_1583_cov_4.307951	225	358	28	6	133	0.0451128
NODE_154560_length_1583_cov_4.307951	225	358	29	14	133	0.1052632
NODE_154560_length_1583_cov_4.307951	225	358	30	9	133	0.0676692
NODE_154560_length_1583_cov_4.307951	225	358	31	6	133	0.0451128
NODE_154560_length_1583_cov_4.307951	225	358	32	2	133	0.0150376
NODE_154560_length_1583_cov_4.307951	225	358	33	1	133	0.0075188
NODE_154560_length_1583_cov_4.307951	225	358	36	6	133	0.0451128
NODE_154560_length_1583_cov_4.307951	225	358	38	2	133	0.0150376
NODE_154560_length_1583_cov_4.307951	225	358	39	7	133	0.0526316
NODE_154560_length_1583_cov_4.307951	225	358	40	5	133	0.0375940
NODE_154560_length_1583_cov_4.307951	225	358	41	27	133	0.2030075
NODE_154560_length_1583_cov_4.307951	225	358	42	18	133	0.1353384
NODE_154560_length_1583_cov_4.307951	225	358	43	2	133	0.0150376
NODE_154563_length_1583_cov_4.203504	756	889	19	3	133	0.0225564
NODE_154563_length_1583_cov_4.203504	756	889	21	4	133	0.0300752
NODE_154563_length_1583_cov_4.203504	756	889	22	3	133	0.0225564
NODE_154563_length_1583_cov_4.203504	756	889	23	2	133	0.0150376
NODE_154563_length_1583_cov_4.203504	756	889	24	3	133	0.0225564
NODE_154563_length_1583_cov_4.203504	756	889	25	8	133	0.0601504
NODE_154563_length_1583_cov_4.203504	756	889	27	2	133	0.0150376
NODE_154563_length_1583_cov_4.203504	756	889	29	4	133	0.0300752
NODE_154563_length_1583_cov_4.203504	756	889	30	3	133	0.0225564
NODE_154563_length_1583_cov_4.203504	756	889	31	22	133	0.1654135
NODE_154563_length_1583_cov_4.203504	756	889	32	14	133	0.1052632
NODE_154563_length_1583_cov_4.203504	756	889	33	19	133	0.1428571
NODE_154563_length_1583_cov_4.203504	756	889	34	14	133	0.1052632
NODE_154563_length_1583_cov_4.203504	756	889	35	26	133	0.1954887
NODE_154563_length_1583_cov_4.203504	756	889	36	6	133	0.0451128
NODE_154647_length_1583_cov_1.622642	1365	1498	1	2	133	0.0150376
NODE_154647_length_1583_cov_1.622642	1365	1498	2	11	133	0.0827068
NODE_154647_length_1583_cov_1.622642	1365	1498	3	9	133	0.0676692
NODE_154647_length_1583_cov_1.622642	1365	1498	4	5	133	0.0375940
NODE_154647_length_1583_cov_1.622642	1365	1498	5	89	133	0.6691729
NODE_154647_length_1583_cov_1.622642	1365	1498	6	17	133	0.1278196
NODE_15464_length_6225_cov_4.154587	2379	2512	22	5	133	0.0375940
NODE_15464_length_6225_cov_4.154587	2379	2512	23	4	133	0.0300752
NODE_15464_length_6225_cov_4.154587	2379	2512	24	29	133	0.2180451
NODE_15464_length_6225_cov_4.154587	2379	2512	25	10	133	0.0751880
NODE_15464_length_6225_cov_4.154587	2379	2512	26	7	133	0.0526316
NODE_15464_length_6225_cov_4.154587	2379	2512	27	16	133	0.1203008
NODE_15464_length_6225_cov_4.154587	2379	2512	28	5	133	0.0375940
NODE_15464_length_6225_cov_4.154587	2379	2512	29	13	133	0.0977444
NODE_15464_length_6225_cov_4.154587	2379	2512	30	27	133	0.2030075
NODE_15464_length_6225_cov_4.154587	2379	2512	31	17	133	0.1278196
NODE_154655_length_1582_cov_5.534727	1179	1312	0	133	133	1.0000000
NODE_154683_length_1582_cov_4.348618	467	600	4	2	133	0.0150376
NODE_154683_length_1582_cov_4.348618	467	600	5	8	133	0.0601504
NODE_154683_length_1582_cov_4.348618	467	600	6	31	133	0.2330827
NODE_154683_length_1582_cov_4.348618	467	600	7	34	133	0.2556391
NODE_154683_length_1582_cov_4.348618	467	600	8	58	133	0.4360902
NODE_154693_length_1582_cov_4.175320	1048	1181	6	6	133	0.0451128
NODE_154693_length_1582_cov_4.175320	1048	1181	7	4	133	0.0300752
NODE_154693_length_1582_cov_4.175320	1048	1181	11	6	133	0.0451128
NODE_154693_length_1582_cov_4.175320	1048	1181	12	44	133	0.3308271
NODE_154693_length_1582_cov_4.175320	1048	1181	13	9	133	0.0676692
NODE_154693_length_1582_cov_4.175320	1048	1181	14	1	133	0.0075188
NODE_154693_length_1582_cov_4.175320	1048	1181	15	14	133	0.1052632
NODE_154693_length_1582_cov_4.175320	1048	1181	16	3	133	0.0225564
NODE_154693_length_1582_cov_4.175320	1048	1181	17	5	133	0.0375940
NODE_154693_length_1582_cov_4.175320	1048	1181	18	11	133	0.0827068
NODE_154693_length_1582_cov_4.175320	1048	1181	19	30	133	0.2255639
NODE_154720_length_1582_cov_3.478085	713	846	6	15	133	0.1127820
NODE_154720_length_1582_cov_3.478085	713	846	7	5	133	0.0375940
NODE_154720_length_1582_cov_3.478085	713	846	8	39	133	0.2932331
NODE_154720_length_1582_cov_3.478085	713	846	9	5	133	0.0375940
NODE_154720_length_1582_cov_3.478085	713	846	10	15	133	0.1127820
NODE_154720_length_1582_cov_3.478085	713	846	11	25	133	0.1879699
NODE_154720_length_1582_cov_3.478085	713	846	12	18	133	0.1353384
NODE_154720_length_1582_cov_3.478085	713	846	13	11	133	0.0827068
NODE_15472_length_6223_cov_3.811398	4388	4521	0	24	133	0.1804511
NODE_15472_length_6223_cov_3.811398	4388	4521	4	2	133	0.0150376
NODE_15472_length_6223_cov_3.811398	4388	4521	5	7	133	0.0526316
NODE_15472_length_6223_cov_3.811398	4388	4521	6	7	133	0.0526316
NODE_15472_length_6223_cov_3.811398	4388	4521	7	9	133	0.0676692
NODE_15472_length_6223_cov_3.811398	4388	4521	9	8	133	0.0601504
NODE_15472_length_6223_cov_3.811398	4388	4521	11	76	133	0.5714286
NODE_15473_length_6223_cov_3.445787	4552	4685	2	27	133	0.2030075
NODE_15473_length_6223_cov_3.445787	4552	4685	3	1	133	0.0075188
NODE_15473_length_6223_cov_3.445787	4552	4685	4	3	133	0.0225564
NODE_15473_length_6223_cov_3.445787	4552	4685	5	12	133	0.0902256
NODE_15473_length_6223_cov_3.445787	4552	4685	6	7	133	0.0526316
NODE_15473_length_6223_cov_3.445787	4552	4685	9	3	133	0.0225564
NODE_15473_length_6223_cov_3.445787	4552	4685	11	9	133	0.0676692
NODE_15473_length_6223_cov_3.445787	4552	4685	13	10	133	0.0751880
NODE_15473_length_6223_cov_3.445787	4552	4685	14	32	133	0.2406015
NODE_15473_length_6223_cov_3.445787	4552	4685	15	21	133	0.1578947
NODE_15473_length_6223_cov_3.445787	4552	4685	17	8	133	0.0601504
NODE_15475_length_6222_cov_4.596766	1654	1787	2	8	133	0.0601504
NODE_15475_length_6222_cov_4.596766	1654	1787	4	7	133	0.0526316
NODE_15475_length_6222_cov_4.596766	1654	1787	6	26	133	0.1954887
NODE_15475_length_6222_cov_4.596766	1654	1787	7	28	133	0.2105263
NODE_15475_length_6222_cov_4.596766	1654	1787	8	34	133	0.2556391
NODE_15475_length_6222_cov_4.596766	1654	1787	9	30	133	0.2255639
NODE_154760_length_1582_cov_2.474713	1029	1162	0	28	133	0.2105263
NODE_154760_length_1582_cov_2.474713	1029	1162	2	105	133	0.7894737
NODE_154831_length_1581_cov_3.226721	116	249	1	7	133	0.0526316
NODE_154831_length_1581_cov_3.226721	116	249	2	8	133	0.0601504
NODE_154831_length_1581_cov_3.226721	116	249	3	8	133	0.0601504
NODE_154831_length_1581_cov_3.226721	116	249	4	1	133	0.0075188
NODE_154831_length_1581_cov_3.226721	116	249	5	5	133	0.0375940
NODE_154831_length_1581_cov_3.226721	116	249	6	1	133	0.0075188
NODE_154831_length_1581_cov_3.226721	116	249	7	4	133	0.0300752
NODE_154831_length_1581_cov_3.226721	116	249	8	12	133	0.0902256
NODE_154831_length_1581_cov_3.226721	116	249	9	1	133	0.0075188
NODE_154831_length_1581_cov_3.226721	116	249	11	5	133	0.0375940
NODE_154831_length_1581_cov_3.226721	116	249	12	4	133	0.0300752
NODE_154831_length_1581_cov_3.226721	116	249	13	77	133	0.5789474
NODE_154866_length_1580_cov_5.215395	1307	1440	1	7	133	0.0526316
NODE_154866_length_1580_cov_5.215395	1307	1440	2	126	133	0.9473684
NODE_15488_length_6219_cov_5.077941	4896	5029	1	11	133	0.0827068
NODE_15488_length_6219_cov_5.077941	4896	5029	3	31	133	0.2330827
NODE_15488_length_6219_cov_5.077941	4896	5029	5	36	133	0.2706767
NODE_15488_length_6219_cov_5.077941	4896	5029	6	22	133	0.1654135
NODE_15488_length_6219_cov_5.077941	4896	5029	7	33	133	0.2481203
NODE_155003_length_1579_cov_4.622297	1421	1554	4	50	133	0.3759398
NODE_155003_length_1579_cov_4.622297	1421	1554	6	7	133	0.0526316
NODE_155003_length_1579_cov_4.622297	1421	1554	7	9	133	0.0676692
NODE_155003_length_1579_cov_4.622297	1421	1554	10	4	133	0.0300752
NODE_155003_length_1579_cov_4.622297	1421	1554	11	4	133	0.0300752
NODE_155003_length_1579_cov_4.622297	1421	1554	12	9	133	0.0676692
NODE_155003_length_1579_cov_4.622297	1421	1554	13	12	133	0.0902256
NODE_155003_length_1579_cov_4.622297	1421	1554	14	30	133	0.2255639
NODE_155003_length_1579_cov_4.622297	1421	1554	15	8	133	0.0601504
NODE_155168_length_1578_cov_3.243408	380	513	8	1	133	0.0075188
NODE_155168_length_1578_cov_3.243408	380	513	9	27	133	0.2030075
NODE_155168_length_1578_cov_3.243408	380	513	10	10	133	0.0751880
NODE_155168_length_1578_cov_3.243408	380	513	11	23	133	0.1729323
NODE_155168_length_1578_cov_3.243408	380	513	13	29	133	0.2180451
NODE_155168_length_1578_cov_3.243408	380	513	14	23	133	0.1729323
NODE_155168_length_1578_cov_3.243408	380	513	15	7	133	0.0526316
NODE_155168_length_1578_cov_3.243408	380	513	16	13	133	0.0977444
NODE_15517_length_6215_cov_4.264225	2034	2167	0	6	133	0.0451128
NODE_15517_length_6215_cov_4.264225	2034	2167	1	31	133	0.2330827
NODE_15517_length_6215_cov_4.264225	2034	2167	2	96	133	0.7218045
NODE_1551_length_13316_cov_4.157978	12016	12149	1	7	133	0.0526316
NODE_1551_length_13316_cov_4.157978	12016	12149	2	61	133	0.4586466
NODE_1551_length_13316_cov_4.157978	12016	12149	3	65	133	0.4887218
NODE_1552_length_13315_cov_4.305236	10025	10158	5	18	133	0.1353384
NODE_1552_length_13315_cov_4.305236	10025	10158	6	22	133	0.1654135
NODE_1552_length_13315_cov_4.305236	10025	10158	7	6	133	0.0451128
NODE_1552_length_13315_cov_4.305236	10025	10158	9	23	133	0.1729323
NODE_1552_length_13315_cov_4.305236	10025	10158	10	42	133	0.3157895
NODE_1552_length_13315_cov_4.305236	10025	10158	11	22	133	0.1654135
NODE_155339_length_1576_cov_4.712255	908	1041	2	19	133	0.1428571
NODE_155339_length_1576_cov_4.712255	908	1041	3	26	133	0.1954887
NODE_155339_length_1576_cov_4.712255	908	1041	4	2	133	0.0150376
NODE_155339_length_1576_cov_4.712255	908	1041	5	21	133	0.1578947
NODE_155339_length_1576_cov_4.712255	908	1041	6	45	133	0.3383459
NODE_155339_length_1576_cov_4.712255	908	1041	7	20	133	0.1503759
NODE_155376_length_1576_cov_3.696682	1002	1135	9	5	133	0.0375940
NODE_155376_length_1576_cov_3.696682	1002	1135	10	2	133	0.0150376
NODE_155376_length_1576_cov_3.696682	1002	1135	11	1	133	0.0075188
NODE_155376_length_1576_cov_3.696682	1002	1135	12	13	133	0.0977444
NODE_155376_length_1576_cov_3.696682	1002	1135	13	14	133	0.1052632
NODE_155376_length_1576_cov_3.696682	1002	1135	14	10	133	0.0751880
NODE_155376_length_1576_cov_3.696682	1002	1135	16	6	133	0.0451128
NODE_155376_length_1576_cov_3.696682	1002	1135	17	18	133	0.1353384
NODE_155376_length_1576_cov_3.696682	1002	1135	18	46	133	0.3458647
NODE_155376_length_1576_cov_3.696682	1002	1135	19	7	133	0.0526316
NODE_155376_length_1576_cov_3.696682	1002	1135	20	11	133	0.0827068
NODE_1553_length_13311_cov_4.590372	5076	5209	2	13	133	0.0977444
NODE_1553_length_13311_cov_4.590372	5076	5209	3	32	133	0.2406015
NODE_1553_length_13311_cov_4.590372	5076	5209	5	74	133	0.5563910
NODE_1553_length_13311_cov_4.590372	5076	5209	6	10	133	0.0751880
NODE_1553_length_13311_cov_4.590372	5076	5209	7	4	133	0.0300752
NODE_155467_length_1575_cov_4.368564	554	687	6	5	133	0.0375940
NODE_155467_length_1575_cov_4.368564	554	687	8	18	133	0.1353384
NODE_155467_length_1575_cov_4.368564	554	687	9	4	133	0.0300752
NODE_155467_length_1575_cov_4.368564	554	687	10	9	133	0.0676692
NODE_155467_length_1575_cov_4.368564	554	687	11	16	133	0.1203008
NODE_155467_length_1575_cov_4.368564	554	687	12	18	133	0.1353384
NODE_155467_length_1575_cov_4.368564	554	687	13	36	133	0.2706767
NODE_155467_length_1575_cov_4.368564	554	687	14	22	133	0.1654135
NODE_155467_length_1575_cov_4.368564	554	687	15	5	133	0.0375940
NODE_1554_length_13308_cov_4.674767	1086	1219	10	10	133	0.0751880
NODE_1554_length_13308_cov_4.674767	1086	1219	11	13	133	0.0977444
NODE_1554_length_13308_cov_4.674767	1086	1219	12	19	133	0.1428571
NODE_1554_length_13308_cov_4.674767	1086	1219	14	19	133	0.1428571
NODE_1554_length_13308_cov_4.674767	1086	1219	15	7	133	0.0526316
NODE_1554_length_13308_cov_4.674767	1086	1219	17	17	133	0.1278196
NODE_1554_length_13308_cov_4.674767	1086	1219	18	7	133	0.0526316
NODE_1554_length_13308_cov_4.674767	1086	1219	19	16	133	0.1203008
NODE_1554_length_13308_cov_4.674767	1086	1219	20	14	133	0.1052632
NODE_1554_length_13308_cov_4.674767	1086	1219	21	11	133	0.0827068
NODE_155525_length_1575_cov_3.184959	683	816	14	4	133	0.0300752
NODE_155525_length_1575_cov_3.184959	683	816	15	13	133	0.0977444
NODE_155525_length_1575_cov_3.184959	683	816	16	19	133	0.1428571
NODE_155525_length_1575_cov_3.184959	683	816	17	45	133	0.3383459
NODE_155525_length_1575_cov_3.184959	683	816	18	12	133	0.0902256
NODE_155525_length_1575_cov_3.184959	683	816	19	33	133	0.2481203
NODE_155525_length_1575_cov_3.184959	683	816	20	7	133	0.0526316
NODE_15566_length_6205_cov_3.869145	3259	3392	5	26	133	0.1954887
NODE_15566_length_6205_cov_3.869145	3259	3392	6	52	133	0.3909774
NODE_15566_length_6205_cov_3.869145	3259	3392	7	9	133	0.0676692
NODE_15566_length_6205_cov_3.869145	3259	3392	8	41	133	0.3082707
NODE_15566_length_6205_cov_3.869145	3259	3392	9	5	133	0.0375940
NODE_155836_length_1572_cov_4.200950	221	354	2	35	133	0.2631579
NODE_155836_length_1572_cov_4.200950	221	354	3	14	133	0.1052632
NODE_155836_length_1572_cov_4.200950	221	354	4	32	133	0.2406015
NODE_155836_length_1572_cov_4.200950	221	354	5	52	133	0.3909774
NODE_15586_length_6202_cov_3.040636	3014	3147	12	2	133	0.0150376
NODE_15586_length_6202_cov_3.040636	3014	3147	13	4	133	0.0300752
NODE_15586_length_6202_cov_3.040636	3014	3147	14	1	133	0.0075188
NODE_15586_length_6202_cov_3.040636	3014	3147	15	7	133	0.0526316
NODE_15586_length_6202_cov_3.040636	3014	3147	16	13	133	0.0977444
NODE_15586_length_6202_cov_3.040636	3014	3147	17	9	133	0.0676692
NODE_15586_length_6202_cov_3.040636	3014	3147	18	8	133	0.0601504
NODE_15586_length_6202_cov_3.040636	3014	3147	20	10	133	0.0751880
NODE_15586_length_6202_cov_3.040636	3014	3147	21	21	133	0.1578947
NODE_15586_length_6202_cov_3.040636	3014	3147	22	45	133	0.3383459
NODE_15586_length_6202_cov_3.040636	3014	3147	23	5	133	0.0375940
NODE_15586_length_6202_cov_3.040636	3014	3147	24	8	133	0.0601504
NODE_155969_length_1571_cov_3.789402	410	543	4	2	133	0.0150376
NODE_155969_length_1571_cov_3.789402	410	543	6	1	133	0.0075188
NODE_155969_length_1571_cov_3.789402	410	543	8	2	133	0.0150376
NODE_155969_length_1571_cov_3.789402	410	543	9	10	133	0.0751880
NODE_155969_length_1571_cov_3.789402	410	543	10	19	133	0.1428571
NODE_155969_length_1571_cov_3.789402	410	543	12	18	133	0.1353384
NODE_155969_length_1571_cov_3.789402	410	543	13	10	133	0.0751880
NODE_155969_length_1571_cov_3.789402	410	543	14	4	133	0.0300752
NODE_155969_length_1571_cov_3.789402	410	543	15	16	133	0.1203008
NODE_155969_length_1571_cov_3.789402	410	543	16	31	133	0.2330827
NODE_155969_length_1571_cov_3.789402	410	543	17	20	133	0.1503759
NODE_155997_length_1571_cov_3.255435	576	709	13	13	133	0.0977444
NODE_155997_length_1571_cov_3.255435	576	709	14	4	133	0.0300752
NODE_155997_length_1571_cov_3.255435	576	709	15	4	133	0.0300752
NODE_155997_length_1571_cov_3.255435	576	709	16	7	133	0.0526316
NODE_155997_length_1571_cov_3.255435	576	709	17	8	133	0.0601504
NODE_155997_length_1571_cov_3.255435	576	709	18	14	133	0.1052632
NODE_155997_length_1571_cov_3.255435	576	709	19	15	133	0.1127820
NODE_155997_length_1571_cov_3.255435	576	709	21	13	133	0.0977444
NODE_155997_length_1571_cov_3.255435	576	709	22	24	133	0.1804511
NODE_155997_length_1571_cov_3.255435	576	709	23	31	133	0.2330827
NODE_15603_length_6199_cov_4.486393	1017	1150	6	4	133	0.0300752
NODE_15603_length_6199_cov_4.486393	1017	1150	8	8	133	0.0601504
NODE_15603_length_6199_cov_4.486393	1017	1150	9	1	133	0.0075188
NODE_15603_length_6199_cov_4.486393	1017	1150	10	15	133	0.1127820
NODE_15603_length_6199_cov_4.486393	1017	1150	11	59	133	0.4436090
NODE_15603_length_6199_cov_4.486393	1017	1150	12	14	133	0.1052632
NODE_15603_length_6199_cov_4.486393	1017	1150	13	26	133	0.1954887
NODE_15603_length_6199_cov_4.486393	1017	1150	15	6	133	0.0451128
NODE_15608_length_6198_cov_5.221184	4591	4724	24	4	133	0.0300752
NODE_15608_length_6198_cov_5.221184	4591	4724	25	3	133	0.0225564
NODE_15608_length_6198_cov_5.221184	4591	4724	26	23	133	0.1729323
NODE_15608_length_6198_cov_5.221184	4591	4724	27	3	133	0.0225564
NODE_15608_length_6198_cov_5.221184	4591	4724	28	9	133	0.0676692
NODE_15608_length_6198_cov_5.221184	4591	4724	29	14	133	0.1052632
NODE_15608_length_6198_cov_5.221184	4591	4724	30	15	133	0.1127820
NODE_15608_length_6198_cov_5.221184	4591	4724	31	9	133	0.0676692
NODE_15608_length_6198_cov_5.221184	4591	4724	32	17	133	0.1278196
NODE_15608_length_6198_cov_5.221184	4591	4724	33	17	133	0.1278196
NODE_15608_length_6198_cov_5.221184	4591	4724	34	13	133	0.0977444
NODE_15608_length_6198_cov_5.221184	4591	4724	35	4	133	0.0300752
NODE_15608_length_6198_cov_5.221184	4591	4724	36	2	133	0.0150376
NODE_15613_length_6198_cov_3.553369	4301	4434	10	16	133	0.1203008
NODE_15613_length_6198_cov_3.553369	4301	4434	11	10	133	0.0751880
NODE_15613_length_6198_cov_3.553369	4301	4434	13	1	133	0.0075188
NODE_15613_length_6198_cov_3.553369	4301	4434	14	1	133	0.0075188
NODE_15613_length_6198_cov_3.553369	4301	4434	15	3	133	0.0225564
NODE_15613_length_6198_cov_3.553369	4301	4434	16	2	133	0.0150376
NODE_15613_length_6198_cov_3.553369	4301	4434	17	4	133	0.0300752
NODE_15613_length_6198_cov_3.553369	4301	4434	18	25	133	0.1879699
NODE_15613_length_6198_cov_3.553369	4301	4434	19	8	133	0.0601504
NODE_15613_length_6198_cov_3.553369	4301	4434	20	25	133	0.1879699
NODE_15613_length_6198_cov_3.553369	4301	4434	21	26	133	0.1954887
NODE_15613_length_6198_cov_3.553369	4301	4434	22	12	133	0.0902256
NODE_156150_length_1569_cov_5.507483	124	257	12	12	133	0.0902256
NODE_156150_length_1569_cov_5.507483	124	257	13	2	133	0.0150376
NODE_156150_length_1569_cov_5.507483	124	257	14	1	133	0.0075188
NODE_156150_length_1569_cov_5.507483	124	257	16	20	133	0.1503759
NODE_156150_length_1569_cov_5.507483	124	257	17	25	133	0.1879699
NODE_156150_length_1569_cov_5.507483	124	257	18	19	133	0.1428571
NODE_156150_length_1569_cov_5.507483	124	257	19	13	133	0.0977444
NODE_156150_length_1569_cov_5.507483	124	257	20	8	133	0.0601504
NODE_156150_length_1569_cov_5.507483	124	257	21	30	133	0.2255639
NODE_156150_length_1569_cov_5.507483	124	257	22	3	133	0.0225564
NODE_1561_length_13287_cov_4.752275	3013	3146	17	7	133	0.0526316
NODE_1561_length_13287_cov_4.752275	3013	3146	18	13	133	0.0977444
NODE_1561_length_13287_cov_4.752275	3013	3146	19	35	133	0.2631579
NODE_1561_length_13287_cov_4.752275	3013	3146	20	32	133	0.2406015
NODE_1561_length_13287_cov_4.752275	3013	3146	21	12	133	0.0902256
NODE_1561_length_13287_cov_4.752275	3013	3146	22	30	133	0.2255639
NODE_1561_length_13287_cov_4.752275	3013	3146	23	4	133	0.0300752
NODE_156272_length_1568_cov_4.529612	1438	1571	0	3	133	0.0225564
NODE_156272_length_1568_cov_4.529612	1438	1571	4	12	133	0.0902256
NODE_156272_length_1568_cov_4.529612	1438	1571	5	50	133	0.3759398
NODE_156272_length_1568_cov_4.529612	1438	1571	7	9	133	0.0676692
NODE_156272_length_1568_cov_4.529612	1438	1571	9	15	133	0.1127820
NODE_156272_length_1568_cov_4.529612	1438	1571	10	16	133	0.1203008
NODE_156272_length_1568_cov_4.529612	1438	1571	11	18	133	0.1353384
NODE_156272_length_1568_cov_4.529612	1438	1571	12	10	133	0.0751880
NODE_156369_length_1567_cov_5.978202	359	492	4	8	133	0.0601504
NODE_156369_length_1567_cov_5.978202	359	492	5	4	133	0.0300752
NODE_156369_length_1567_cov_5.978202	359	492	6	5	133	0.0375940
NODE_156369_length_1567_cov_5.978202	359	492	7	49	133	0.3684210
NODE_156369_length_1567_cov_5.978202	359	492	8	12	133	0.0902256
NODE_156369_length_1567_cov_5.978202	359	492	9	55	133	0.4135338
NODE_1564_length_13279_cov_4.078907	10096	10229	19	22	133	0.1654135
NODE_1564_length_13279_cov_4.078907	10096	10229	20	5	133	0.0375940
NODE_1564_length_13279_cov_4.078907	10096	10229	21	1	133	0.0075188
NODE_1564_length_13279_cov_4.078907	10096	10229	22	5	133	0.0375940
NODE_1564_length_13279_cov_4.078907	10096	10229	23	32	133	0.2406015
NODE_1564_length_13279_cov_4.078907	10096	10229	24	13	133	0.0977444
NODE_1564_length_13279_cov_4.078907	10096	10229	25	15	133	0.1127820
NODE_1564_length_13279_cov_4.078907	10096	10229	26	26	133	0.1954887
NODE_1564_length_13279_cov_4.078907	10096	10229	27	11	133	0.0827068
NODE_1564_length_13279_cov_4.078907	10096	10229	28	3	133	0.0225564
NODE_156516_length_1566_cov_4.166326	1344	1477	4	14	133	0.1052632
NODE_156516_length_1566_cov_4.166326	1344	1477	5	5	133	0.0375940
NODE_156516_length_1566_cov_4.166326	1344	1477	6	6	133	0.0451128
NODE_156516_length_1566_cov_4.166326	1344	1477	7	15	133	0.1127820
NODE_156516_length_1566_cov_4.166326	1344	1477	8	14	133	0.1052632
NODE_156516_length_1566_cov_4.166326	1344	1477	9	1	133	0.0075188
NODE_156516_length_1566_cov_4.166326	1344	1477	10	36	133	0.2706767
NODE_156516_length_1566_cov_4.166326	1344	1477	11	42	133	0.3157895
NODE_156835_length_1563_cov_4.653689	1194	1327	2	19	133	0.1428571
NODE_156835_length_1563_cov_4.653689	1194	1327	4	13	133	0.0977444
NODE_156835_length_1563_cov_4.653689	1194	1327	5	10	133	0.0751880
NODE_156835_length_1563_cov_4.653689	1194	1327	6	19	133	0.1428571
NODE_156835_length_1563_cov_4.653689	1194	1327	7	26	133	0.1954887
NODE_156835_length_1563_cov_4.653689	1194	1327	8	3	133	0.0225564
NODE_156835_length_1563_cov_4.653689	1194	1327	9	43	133	0.3233083
NODE_156858_length_1563_cov_3.982240	1137	1270	13	1	133	0.0075188
NODE_156858_length_1563_cov_3.982240	1137	1270	14	1	133	0.0075188
NODE_156858_length_1563_cov_3.982240	1137	1270	15	3	133	0.0225564
NODE_156858_length_1563_cov_3.982240	1137	1270	16	11	133	0.0827068
NODE_156858_length_1563_cov_3.982240	1137	1270	17	17	133	0.1278196
NODE_156858_length_1563_cov_3.982240	1137	1270	18	51	133	0.3834586
NODE_156858_length_1563_cov_3.982240	1137	1270	19	27	133	0.2030075
NODE_156858_length_1563_cov_3.982240	1137	1270	20	7	133	0.0526316
NODE_156858_length_1563_cov_3.982240	1137	1270	21	6	133	0.0451128
NODE_156858_length_1563_cov_3.982240	1137	1270	24	9	133	0.0676692
NODE_156961_length_1562_cov_4.414901	367	500	8	34	133	0.2556391
NODE_156961_length_1562_cov_4.414901	367	500	12	13	133	0.0977444
NODE_156961_length_1562_cov_4.414901	367	500	13	30	133	0.2255639
NODE_156961_length_1562_cov_4.414901	367	500	14	3	133	0.0225564
NODE_156961_length_1562_cov_4.414901	367	500	15	25	133	0.1879699
NODE_156961_length_1562_cov_4.414901	367	500	16	10	133	0.0751880
NODE_156961_length_1562_cov_4.414901	367	500	17	16	133	0.1203008
NODE_156961_length_1562_cov_4.414901	367	500	18	2	133	0.0150376
NODE_156970_length_1562_cov_4.226931	877	1010	35	2	133	0.0150376
NODE_156970_length_1562_cov_4.226931	877	1010	38	8	133	0.0601504
NODE_156970_length_1562_cov_4.226931	877	1010	39	3	133	0.0225564
NODE_156970_length_1562_cov_4.226931	877	1010	40	2	133	0.0150376
NODE_156970_length_1562_cov_4.226931	877	1010	41	3	133	0.0225564
NODE_156970_length_1562_cov_4.226931	877	1010	42	11	133	0.0827068
NODE_156970_length_1562_cov_4.226931	877	1010	43	2	133	0.0150376
NODE_156970_length_1562_cov_4.226931	877	1010	44	13	133	0.0977444
NODE_156970_length_1562_cov_4.226931	877	1010	45	3	133	0.0225564
NODE_156970_length_1562_cov_4.226931	877	1010	46	4	133	0.0300752
NODE_156970_length_1562_cov_4.226931	877	1010	47	5	133	0.0375940
NODE_156970_length_1562_cov_4.226931	877	1010	48	6	133	0.0451128
NODE_156970_length_1562_cov_4.226931	877	1010	49	4	133	0.0300752
NODE_156970_length_1562_cov_4.226931	877	1010	50	11	133	0.0827068
NODE_156970_length_1562_cov_4.226931	877	1010	51	7	133	0.0526316
NODE_156970_length_1562_cov_4.226931	877	1010	52	10	133	0.0751880
NODE_156970_length_1562_cov_4.226931	877	1010	53	15	133	0.1127820
NODE_156970_length_1562_cov_4.226931	877	1010	54	12	133	0.0902256
NODE_156970_length_1562_cov_4.226931	877	1010	55	12	133	0.0902256
NODE_156990_length_1562_cov_3.692413	1257	1390	2	7	133	0.0526316
NODE_156990_length_1562_cov_3.692413	1257	1390	3	39	133	0.2932331
NODE_156990_length_1562_cov_3.692413	1257	1390	4	87	133	0.6541353
NODE_15703_length_6183_cov_4.558843	5035	5168	23	13	133	0.0977444
NODE_15703_length_6183_cov_4.558843	5035	5168	24	10	133	0.0751880
NODE_15703_length_6183_cov_4.558843	5035	5168	26	4	133	0.0300752
NODE_15703_length_6183_cov_4.558843	5035	5168	28	1	133	0.0075188
NODE_15703_length_6183_cov_4.558843	5035	5168	30	2	133	0.0150376
NODE_15703_length_6183_cov_4.558843	5035	5168	34	2	133	0.0150376
NODE_15703_length_6183_cov_4.558843	5035	5168	35	4	133	0.0300752
NODE_15703_length_6183_cov_4.558843	5035	5168	36	1	133	0.0075188
NODE_15703_length_6183_cov_4.558843	5035	5168	37	2	133	0.0150376
NODE_15703_length_6183_cov_4.558843	5035	5168	38	4	133	0.0300752
NODE_15703_length_6183_cov_4.558843	5035	5168	41	3	133	0.0225564
NODE_15703_length_6183_cov_4.558843	5035	5168	42	3	133	0.0225564
NODE_15703_length_6183_cov_4.558843	5035	5168	43	1	133	0.0075188
NODE_15703_length_6183_cov_4.558843	5035	5168	44	6	133	0.0451128
NODE_15703_length_6183_cov_4.558843	5035	5168	46	2	133	0.0150376
NODE_15703_length_6183_cov_4.558843	5035	5168	47	6	133	0.0451128
NODE_15703_length_6183_cov_4.558843	5035	5168	49	4	133	0.0300752
NODE_15703_length_6183_cov_4.558843	5035	5168	50	3	133	0.0225564
NODE_15703_length_6183_cov_4.558843	5035	5168	51	12	133	0.0902256
NODE_15703_length_6183_cov_4.558843	5035	5168	52	21	133	0.1578947
NODE_15703_length_6183_cov_4.558843	5035	5168	53	14	133	0.1052632
NODE_15703_length_6183_cov_4.558843	5035	5168	54	11	133	0.0827068
NODE_15703_length_6183_cov_4.558843	5035	5168	56	1	133	0.0075188
NODE_15703_length_6183_cov_4.558843	5035	5168	57	3	133	0.0225564
NODE_15705_length_6182_cov_4.669078	1998	2131	5	5	133	0.0375940
NODE_15705_length_6182_cov_4.669078	1998	2131	6	7	133	0.0526316
NODE_15705_length_6182_cov_4.669078	1998	2131	7	2	133	0.0150376
NODE_15705_length_6182_cov_4.669078	1998	2131	8	15	133	0.1127820
NODE_15705_length_6182_cov_4.669078	1998	2131	10	11	133	0.0827068
NODE_15705_length_6182_cov_4.669078	1998	2131	12	8	133	0.0601504
NODE_15705_length_6182_cov_4.669078	1998	2131	13	1	133	0.0075188
NODE_15705_length_6182_cov_4.669078	1998	2131	14	21	133	0.1578947
NODE_15705_length_6182_cov_4.669078	1998	2131	15	29	133	0.2180451
NODE_15705_length_6182_cov_4.669078	1998	2131	16	13	133	0.0977444
NODE_15705_length_6182_cov_4.669078	1998	2131	17	1	133	0.0075188
NODE_15705_length_6182_cov_4.669078	1998	2131	18	20	133	0.1503759
NODE_1570_length_13258_cov_4.646250	10105	10238	22	10	133	0.0751880
NODE_1570_length_13258_cov_4.646250	10105	10238	23	5	133	0.0375940
NODE_1570_length_13258_cov_4.646250	10105	10238	24	4	133	0.0300752
NODE_1570_length_13258_cov_4.646250	10105	10238	26	2	133	0.0150376
NODE_1570_length_13258_cov_4.646250	10105	10238	27	5	133	0.0375940
NODE_1570_length_13258_cov_4.646250	10105	10238	28	5	133	0.0375940
NODE_1570_length_13258_cov_4.646250	10105	10238	29	4	133	0.0300752
NODE_1570_length_13258_cov_4.646250	10105	10238	30	8	133	0.0601504
NODE_1570_length_13258_cov_4.646250	10105	10238	31	5	133	0.0375940
NODE_1570_length_13258_cov_4.646250	10105	10238	33	7	133	0.0526316
NODE_1570_length_13258_cov_4.646250	10105	10238	34	8	133	0.0601504
NODE_1570_length_13258_cov_4.646250	10105	10238	35	11	133	0.0827068
NODE_1570_length_13258_cov_4.646250	10105	10238	36	23	133	0.1729323
NODE_1570_length_13258_cov_4.646250	10105	10238	37	21	133	0.1578947
NODE_1570_length_13258_cov_4.646250	10105	10238	38	14	133	0.1052632
NODE_1570_length_13258_cov_4.646250	10105	10238	39	1	133	0.0075188
NODE_15717_length_6181_cov_3.817330	1051	1184	7	2	133	0.0150376
NODE_15717_length_6181_cov_3.817330	1051	1184	8	19	133	0.1428571
NODE_15717_length_6181_cov_3.817330	1051	1184	9	8	133	0.0601504
NODE_15717_length_6181_cov_3.817330	1051	1184	11	2	133	0.0150376
NODE_15717_length_6181_cov_3.817330	1051	1184	13	21	133	0.1578947
NODE_15717_length_6181_cov_3.817330	1051	1184	14	12	133	0.0902256
NODE_15717_length_6181_cov_3.817330	1051	1184	15	6	133	0.0451128
NODE_15717_length_6181_cov_3.817330	1051	1184	16	32	133	0.2406015
NODE_15717_length_6181_cov_3.817330	1051	1184	17	7	133	0.0526316
NODE_15717_length_6181_cov_3.817330	1051	1184	18	15	133	0.1127820
NODE_15717_length_6181_cov_3.817330	1051	1184	19	9	133	0.0676692
NODE_157458_length_1558_cov_3.542152	1155	1288	6	6	133	0.0451128
NODE_157458_length_1558_cov_3.542152	1155	1288	7	27	133	0.2030075
NODE_157458_length_1558_cov_3.542152	1155	1288	9	1	133	0.0075188
NODE_157458_length_1558_cov_3.542152	1155	1288	12	3	133	0.0225564
NODE_157458_length_1558_cov_3.542152	1155	1288	13	24	133	0.1804511
NODE_157458_length_1558_cov_3.542152	1155	1288	14	41	133	0.3082707
NODE_157458_length_1558_cov_3.542152	1155	1288	15	13	133	0.0977444
NODE_157458_length_1558_cov_3.542152	1155	1288	16	18	133	0.1353384
NODE_157526_length_1557_cov_4.469822	71	204	19	8	133	0.0601504
NODE_157526_length_1557_cov_4.469822	71	204	20	3	133	0.0225564
NODE_157526_length_1557_cov_4.469822	71	204	21	3	133	0.0225564
NODE_157526_length_1557_cov_4.469822	71	204	22	2	133	0.0150376
NODE_157526_length_1557_cov_4.469822	71	204	23	8	133	0.0601504
NODE_157526_length_1557_cov_4.469822	71	204	25	1	133	0.0075188
NODE_157526_length_1557_cov_4.469822	71	204	27	7	133	0.0526316
NODE_157526_length_1557_cov_4.469822	71	204	28	13	133	0.0977444
NODE_157526_length_1557_cov_4.469822	71	204	29	4	133	0.0300752
NODE_157526_length_1557_cov_4.469822	71	204	30	13	133	0.0977444
NODE_157526_length_1557_cov_4.469822	71	204	31	12	133	0.0902256
NODE_157526_length_1557_cov_4.469822	71	204	32	17	133	0.1278196
NODE_157526_length_1557_cov_4.469822	71	204	33	25	133	0.1879699
NODE_157526_length_1557_cov_4.469822	71	204	34	16	133	0.1203008
NODE_157526_length_1557_cov_4.469822	71	204	35	1	133	0.0075188
NODE_157550_length_1557_cov_3.951989	1026	1159	1	31	133	0.2330827
NODE_157550_length_1557_cov_3.951989	1026	1159	3	1	133	0.0075188
NODE_157550_length_1557_cov_3.951989	1026	1159	5	1	133	0.0075188
NODE_157550_length_1557_cov_3.951989	1026	1159	6	11	133	0.0827068
NODE_157550_length_1557_cov_3.951989	1026	1159	7	5	133	0.0375940
NODE_157550_length_1557_cov_3.951989	1026	1159	8	18	133	0.1353384
NODE_157550_length_1557_cov_3.951989	1026	1159	9	1	133	0.0075188
NODE_157550_length_1557_cov_3.951989	1026	1159	10	45	133	0.3383459
NODE_157550_length_1557_cov_3.951989	1026	1159	11	14	133	0.1052632
NODE_157550_length_1557_cov_3.951989	1026	1159	13	6	133	0.0451128
NODE_157748_length_1555_cov_4.682005	266	399	1	3	133	0.0225564
NODE_157748_length_1555_cov_4.682005	266	399	2	40	133	0.3007519
NODE_157748_length_1555_cov_4.682005	266	399	3	4	133	0.0300752
NODE_157748_length_1555_cov_4.682005	266	399	4	86	133	0.6466165
NODE_157876_length_1554_cov_4.518213	212	345	7	1	133	0.0075188
NODE_157876_length_1554_cov_4.518213	212	345	8	24	133	0.1804511
NODE_157876_length_1554_cov_4.518213	212	345	9	15	133	0.1127820
NODE_157876_length_1554_cov_4.518213	212	345	10	23	133	0.1729323
NODE_157876_length_1554_cov_4.518213	212	345	11	20	133	0.1503759
NODE_157876_length_1554_cov_4.518213	212	345	12	36	133	0.2706767
NODE_157876_length_1554_cov_4.518213	212	345	13	14	133	0.1052632
NODE_157913_length_1554_cov_3.463918	973	1106	0	18	133	0.1353384
NODE_157913_length_1554_cov_3.463918	973	1106	1	18	133	0.1353384
NODE_157913_length_1554_cov_3.463918	973	1106	2	11	133	0.0827068
NODE_157913_length_1554_cov_3.463918	973	1106	3	24	133	0.1804511
NODE_157913_length_1554_cov_3.463918	973	1106	4	6	133	0.0451128
NODE_157913_length_1554_cov_3.463918	973	1106	5	31	133	0.2330827
NODE_157913_length_1554_cov_3.463918	973	1106	6	25	133	0.1879699
NODE_158139_length_1552_cov_3.804542	179	312	3	20	133	0.1503759
NODE_158139_length_1552_cov_3.804542	179	312	4	56	133	0.4210526
NODE_158139_length_1552_cov_3.804542	179	312	5	43	133	0.3233083
NODE_158139_length_1552_cov_3.804542	179	312	7	12	133	0.0902256
NODE_158139_length_1552_cov_3.804542	179	312	8	2	133	0.0150376
NODE_15821_length_6163_cov_4.544525	119	252	7	4	133	0.0300752
NODE_15821_length_6163_cov_4.544525	119	252	8	1	133	0.0075188
NODE_15821_length_6163_cov_4.544525	119	252	9	8	133	0.0601504
NODE_15821_length_6163_cov_4.544525	119	252	10	16	133	0.1203008
NODE_15821_length_6163_cov_4.544525	119	252	11	13	133	0.0977444
NODE_15821_length_6163_cov_4.544525	119	252	12	44	133	0.3308271
NODE_15821_length_6163_cov_4.544525	119	252	13	15	133	0.1127820
NODE_15821_length_6163_cov_4.544525	119	252	14	12	133	0.0902256
NODE_15821_length_6163_cov_4.544525	119	252	15	19	133	0.1428571
NODE_15821_length_6163_cov_4.544525	119	252	16	1	133	0.0075188
NODE_158230_length_1551_cov_4.869146	864	997	14	1	133	0.0075188
NODE_158230_length_1551_cov_4.869146	864	997	15	1	133	0.0075188
NODE_158230_length_1551_cov_4.869146	864	997	16	1	133	0.0075188
NODE_158230_length_1551_cov_4.869146	864	997	17	8	133	0.0601504
NODE_158230_length_1551_cov_4.869146	864	997	18	9	133	0.0676692
NODE_158230_length_1551_cov_4.869146	864	997	19	11	133	0.0827068
NODE_158230_length_1551_cov_4.869146	864	997	20	7	133	0.0526316
NODE_158230_length_1551_cov_4.869146	864	997	21	3	133	0.0225564
NODE_158230_length_1551_cov_4.869146	864	997	22	13	133	0.0977444
NODE_158230_length_1551_cov_4.869146	864	997	24	7	133	0.0526316
NODE_158230_length_1551_cov_4.869146	864	997	25	4	133	0.0300752
NODE_158230_length_1551_cov_4.869146	864	997	26	6	133	0.0451128
NODE_158230_length_1551_cov_4.869146	864	997	27	11	133	0.0827068
NODE_158230_length_1551_cov_4.869146	864	997	28	19	133	0.1428571
NODE_158230_length_1551_cov_4.869146	864	997	29	32	133	0.2406015
NODE_15827_length_6163_cov_3.384894	2086	2219	11	4	133	0.0300752
NODE_15827_length_6163_cov_3.384894	2086	2219	12	5	133	0.0375940
NODE_15827_length_6163_cov_3.384894	2086	2219	13	6	133	0.0451128
NODE_15827_length_6163_cov_3.384894	2086	2219	14	1	133	0.0075188
NODE_15827_length_6163_cov_3.384894	2086	2219	15	4	133	0.0300752
NODE_15827_length_6163_cov_3.384894	2086	2219	16	3	133	0.0225564
NODE_15827_length_6163_cov_3.384894	2086	2219	17	10	133	0.0751880
NODE_15827_length_6163_cov_3.384894	2086	2219	18	1	133	0.0075188
NODE_15827_length_6163_cov_3.384894	2086	2219	19	3	133	0.0225564
NODE_15827_length_6163_cov_3.384894	2086	2219	21	3	133	0.0225564
NODE_15827_length_6163_cov_3.384894	2086	2219	23	1	133	0.0075188
NODE_15827_length_6163_cov_3.384894	2086	2219	25	2	133	0.0150376
NODE_15827_length_6163_cov_3.384894	2086	2219	26	4	133	0.0300752
NODE_15827_length_6163_cov_3.384894	2086	2219	27	6	133	0.0451128
NODE_15827_length_6163_cov_3.384894	2086	2219	28	8	133	0.0601504
NODE_15827_length_6163_cov_3.384894	2086	2219	29	22	133	0.1654135
NODE_15827_length_6163_cov_3.384894	2086	2219	30	50	133	0.3759398
NODE_158293_length_1551_cov_3.219697	175	308	7	25	133	0.1879699
NODE_158293_length_1551_cov_3.219697	175	308	8	56	133	0.4210526
NODE_158293_length_1551_cov_3.219697	175	308	9	50	133	0.3759398
NODE_158293_length_1551_cov_3.219697	175	308	10	2	133	0.0150376
NODE_158368_length_1550_cov_4.301861	1040	1173	5	29	133	0.2180451
NODE_158368_length_1550_cov_4.301861	1040	1173	6	21	133	0.1578947
NODE_158368_length_1550_cov_4.301861	1040	1173	7	45	133	0.3383459
NODE_158368_length_1550_cov_4.301861	1040	1173	8	19	133	0.1428571
NODE_158368_length_1550_cov_4.301861	1040	1173	9	19	133	0.1428571
NODE_158370_length_1550_cov_4.234321	473	606	17	13	133	0.0977444
NODE_158370_length_1550_cov_4.234321	473	606	18	13	133	0.0977444
NODE_158370_length_1550_cov_4.234321	473	606	19	19	133	0.1428571
NODE_158370_length_1550_cov_4.234321	473	606	20	40	133	0.3007519
NODE_158370_length_1550_cov_4.234321	473	606	21	12	133	0.0902256
NODE_158370_length_1550_cov_4.234321	473	606	22	9	133	0.0676692
NODE_158370_length_1550_cov_4.234321	473	606	23	11	133	0.0827068
NODE_158370_length_1550_cov_4.234321	473	606	24	4	133	0.0300752
NODE_158370_length_1550_cov_4.234321	473	606	26	11	133	0.0827068
NODE_158370_length_1550_cov_4.234321	473	606	27	1	133	0.0075188
NODE_1584_length_13219_cov_4.703125	4469	4602	9	9	133	0.0676692
NODE_1584_length_13219_cov_4.703125	4469	4602	10	74	133	0.5563910
NODE_1584_length_13219_cov_4.703125	4469	4602	11	12	133	0.0902256
NODE_1584_length_13219_cov_4.703125	4469	4602	12	4	133	0.0300752
NODE_1584_length_13219_cov_4.703125	4469	4602	13	17	133	0.1278196
NODE_1584_length_13219_cov_4.703125	4469	4602	14	17	133	0.1278196
NODE_158566_length_1548_cov_58.413389	515	648	65	5	133	0.0375940
NODE_158566_length_1548_cov_58.413389	515	648	66	5	133	0.0375940
NODE_158566_length_1548_cov_58.413389	515	648	67	4	133	0.0300752
NODE_158566_length_1548_cov_58.413389	515	648	68	1	133	0.0075188
NODE_158566_length_1548_cov_58.413389	515	648	70	3	133	0.0225564
NODE_158566_length_1548_cov_58.413389	515	648	71	3	133	0.0225564
NODE_158566_length_1548_cov_58.413389	515	648	72	12	133	0.0902256
NODE_158566_length_1548_cov_58.413389	515	648	73	2	133	0.0150376
NODE_158566_length_1548_cov_58.413389	515	648	75	3	133	0.0225564
NODE_158566_length_1548_cov_58.413389	515	648	77	4	133	0.0300752
NODE_158566_length_1548_cov_58.413389	515	648	78	2	133	0.0150376
NODE_158566_length_1548_cov_58.413389	515	648	79	3	133	0.0225564
NODE_158566_length_1548_cov_58.413389	515	648	80	1	133	0.0075188
NODE_158566_length_1548_cov_58.413389	515	648	81	5	133	0.0375940
NODE_158566_length_1548_cov_58.413389	515	648	82	7	133	0.0526316
NODE_158566_length_1548_cov_58.413389	515	648	83	10	133	0.0751880
NODE_158566_length_1548_cov_58.413389	515	648	84	6	133	0.0451128
NODE_158566_length_1548_cov_58.413389	515	648	85	12	133	0.0902256
NODE_158566_length_1548_cov_58.413389	515	648	86	14	133	0.1052632
NODE_158566_length_1548_cov_58.413389	515	648	87	16	133	0.1203008
NODE_158566_length_1548_cov_58.413389	515	648	88	9	133	0.0676692
NODE_158566_length_1548_cov_58.413389	515	648	89	5	133	0.0375940
NODE_158566_length_1548_cov_58.413389	515	648	90	1	133	0.0075188
NODE_158597_length_1548_cov_4.345066	855	988	29	7	133	0.0526316
NODE_158597_length_1548_cov_4.345066	855	988	30	10	133	0.0751880
NODE_158597_length_1548_cov_4.345066	855	988	31	3	133	0.0225564
NODE_158597_length_1548_cov_4.345066	855	988	32	11	133	0.0827068
NODE_158597_length_1548_cov_4.345066	855	988	33	7	133	0.0526316
NODE_158597_length_1548_cov_4.345066	855	988	34	10	133	0.0751880
NODE_158597_length_1548_cov_4.345066	855	988	35	4	133	0.0300752
NODE_158597_length_1548_cov_4.345066	855	988	36	1	133	0.0075188
NODE_158597_length_1548_cov_4.345066	855	988	38	1	133	0.0075188
NODE_158597_length_1548_cov_4.345066	855	988	39	5	133	0.0375940
NODE_158597_length_1548_cov_4.345066	855	988	40	17	133	0.1278196
NODE_158597_length_1548_cov_4.345066	855	988	41	3	133	0.0225564
NODE_158597_length_1548_cov_4.345066	855	988	42	3	133	0.0225564
NODE_158597_length_1548_cov_4.345066	855	988	43	5	133	0.0375940
NODE_158597_length_1548_cov_4.345066	855	988	44	3	133	0.0225564
NODE_158597_length_1548_cov_4.345066	855	988	45	4	133	0.0300752
NODE_158597_length_1548_cov_4.345066	855	988	46	18	133	0.1353384
NODE_158597_length_1548_cov_4.345066	855	988	47	4	133	0.0300752
NODE_158597_length_1548_cov_4.345066	855	988	48	13	133	0.0977444
NODE_158597_length_1548_cov_4.345066	855	988	49	4	133	0.0300752
NODE_15859_length_6159_cov_4.253795	667	800	11	4	133	0.0300752
NODE_15859_length_6159_cov_4.253795	667	800	12	13	133	0.0977444
NODE_15859_length_6159_cov_4.253795	667	800	13	20	133	0.1503759
NODE_15859_length_6159_cov_4.253795	667	800	14	66	133	0.4962406
NODE_15859_length_6159_cov_4.253795	667	800	15	25	133	0.1879699
NODE_15859_length_6159_cov_4.253795	667	800	16	5	133	0.0375940
NODE_15876_length_6156_cov_5.625722	3231	3364	19	3	133	0.0225564
NODE_15876_length_6156_cov_5.625722	3231	3364	22	9	133	0.0676692
NODE_15876_length_6156_cov_5.625722	3231	3364	23	8	133	0.0601504
NODE_15876_length_6156_cov_5.625722	3231	3364	24	6	133	0.0451128
NODE_15876_length_6156_cov_5.625722	3231	3364	25	16	133	0.1203008
NODE_15876_length_6156_cov_5.625722	3231	3364	26	6	133	0.0451128
NODE_15876_length_6156_cov_5.625722	3231	3364	27	9	133	0.0676692
NODE_15876_length_6156_cov_5.625722	3231	3364	28	13	133	0.0977444
NODE_15876_length_6156_cov_5.625722	3231	3364	29	2	133	0.0150376
NODE_15876_length_6156_cov_5.625722	3231	3364	30	12	133	0.0902256
NODE_15876_length_6156_cov_5.625722	3231	3364	31	28	133	0.2105263
NODE_15876_length_6156_cov_5.625722	3231	3364	32	13	133	0.0977444
NODE_15876_length_6156_cov_5.625722	3231	3364	33	8	133	0.0601504
NODE_1588_length_13213_cov_7.179808	9246	9379	6	15	133	0.1127820
NODE_1588_length_13213_cov_7.179808	9246	9379	8	37	133	0.2781955
NODE_1588_length_13213_cov_7.179808	9246	9379	9	18	133	0.1353384
NODE_1588_length_13213_cov_7.179808	9246	9379	10	61	133	0.4586466
NODE_1588_length_13213_cov_7.179808	9246	9379	11	2	133	0.0150376
NODE_158915_length_1545_cov_4.477870	129	262	6	2	133	0.0150376
NODE_158915_length_1545_cov_4.477870	129	262	7	9	133	0.0676692
NODE_158915_length_1545_cov_4.477870	129	262	8	24	133	0.1804511
NODE_158915_length_1545_cov_4.477870	129	262	9	25	133	0.1879699
NODE_158915_length_1545_cov_4.477870	129	262	10	27	133	0.2030075
NODE_158915_length_1545_cov_4.477870	129	262	11	39	133	0.2932331
NODE_158915_length_1545_cov_4.477870	129	262	12	7	133	0.0526316
NODE_15892_length_6154_cov_3.938728	3229	3362	10	5	133	0.0375940
NODE_15892_length_6154_cov_3.938728	3229	3362	11	9	133	0.0676692
NODE_15892_length_6154_cov_3.938728	3229	3362	12	7	133	0.0526316
NODE_15892_length_6154_cov_3.938728	3229	3362	14	3	133	0.0225564
NODE_15892_length_6154_cov_3.938728	3229	3362	15	4	133	0.0300752
NODE_15892_length_6154_cov_3.938728	3229	3362	16	18	133	0.1353384
NODE_15892_length_6154_cov_3.938728	3229	3362	17	15	133	0.1127820
NODE_15892_length_6154_cov_3.938728	3229	3362	18	49	133	0.3684210
NODE_15892_length_6154_cov_3.938728	3229	3362	19	19	133	0.1428571
NODE_15892_length_6154_cov_3.938728	3229	3362	20	4	133	0.0300752
NODE_158942_length_1545_cov_3.488243	531	664	16	12	133	0.0902256
NODE_158942_length_1545_cov_3.488243	531	664	17	15	133	0.1127820
NODE_158942_length_1545_cov_3.488243	531	664	18	7	133	0.0526316
NODE_158942_length_1545_cov_3.488243	531	664	19	27	133	0.2030075
NODE_158942_length_1545_cov_3.488243	531	664	20	9	133	0.0676692
NODE_158942_length_1545_cov_3.488243	531	664	21	4	133	0.0300752
NODE_158942_length_1545_cov_3.488243	531	664	22	13	133	0.0977444
NODE_158942_length_1545_cov_3.488243	531	664	23	5	133	0.0375940
NODE_158942_length_1545_cov_3.488243	531	664	24	4	133	0.0300752
NODE_158942_length_1545_cov_3.488243	531	664	25	7	133	0.0526316
NODE_158942_length_1545_cov_3.488243	531	664	26	13	133	0.0977444
NODE_158942_length_1545_cov_3.488243	531	664	27	17	133	0.1278196
NODE_158_length_22798_cov_4.555135	18592	18725	9	2	133	0.0150376
NODE_158_length_22798_cov_4.555135	18592	18725	11	29	133	0.2180451
NODE_158_length_22798_cov_4.555135	18592	18725	12	11	133	0.0827068
NODE_158_length_22798_cov_4.555135	18592	18725	13	11	133	0.0827068
NODE_158_length_22798_cov_4.555135	18592	18725	14	10	133	0.0751880
NODE_158_length_22798_cov_4.555135	18592	18725	15	40	133	0.3007519
NODE_158_length_22798_cov_4.555135	18592	18725	16	29	133	0.2180451
NODE_158_length_22798_cov_4.555135	18592	18725	17	1	133	0.0075188
NODE_15902_length_6152_cov_4.265488	219	352	7	32	133	0.2406015
NODE_15902_length_6152_cov_4.265488	219	352	8	78	133	0.5864662
NODE_15902_length_6152_cov_4.265488	219	352	9	18	133	0.1353384
NODE_15902_length_6152_cov_4.265488	219	352	10	5	133	0.0375940
NODE_15906_length_6151_cov_5.284699	3868	4001	7	8	133	0.0601504
NODE_15906_length_6151_cov_5.284699	3868	4001	8	4	133	0.0300752
NODE_15906_length_6151_cov_5.284699	3868	4001	9	1	133	0.0075188
NODE_15906_length_6151_cov_5.284699	3868	4001	10	9	133	0.0676692
NODE_15906_length_6151_cov_5.284699	3868	4001	13	10	133	0.0751880
NODE_15906_length_6151_cov_5.284699	3868	4001	15	1	133	0.0075188
NODE_15906_length_6151_cov_5.284699	3868	4001	16	8	133	0.0601504
NODE_15906_length_6151_cov_5.284699	3868	4001	18	14	133	0.1052632
NODE_15906_length_6151_cov_5.284699	3868	4001	19	46	133	0.3458647
NODE_15906_length_6151_cov_5.284699	3868	4001	20	10	133	0.0751880
NODE_15906_length_6151_cov_5.284699	3868	4001	21	10	133	0.0751880
NODE_15906_length_6151_cov_5.284699	3868	4001	22	12	133	0.0902256
NODE_1590_length_13210_cov_3.988788	13033	13166	0	74	133	0.5563910
NODE_1590_length_13210_cov_3.988788	13033	13166	2	59	133	0.4436090
NODE_159116_length_1543_cov_5.542936	662	795	2	58	133	0.4360902
NODE_159116_length_1543_cov_5.542936	662	795	3	23	133	0.1729323
NODE_159116_length_1543_cov_5.542936	662	795	4	52	133	0.3909774
NODE_1593_length_13196_cov_8.232343	12151	12284	38	10	133	0.0751880
NODE_1593_length_13196_cov_8.232343	12151	12284	39	10	133	0.0751880
NODE_1593_length_13196_cov_8.232343	12151	12284	40	9	133	0.0676692
NODE_1593_length_13196_cov_8.232343	12151	12284	41	3	133	0.0225564
NODE_1593_length_13196_cov_8.232343	12151	12284	42	7	133	0.0526316
NODE_1593_length_13196_cov_8.232343	12151	12284	43	28	133	0.2105263
NODE_1593_length_13196_cov_8.232343	12151	12284	44	15	133	0.1127820
NODE_1593_length_13196_cov_8.232343	12151	12284	45	21	133	0.1578947
NODE_1593_length_13196_cov_8.232343	12151	12284	46	4	133	0.0300752
NODE_1593_length_13196_cov_8.232343	12151	12284	47	1	133	0.0075188
NODE_1593_length_13196_cov_8.232343	12151	12284	48	6	133	0.0451128
NODE_1593_length_13196_cov_8.232343	12151	12284	49	11	133	0.0827068
NODE_1593_length_13196_cov_8.232343	12151	12284	50	4	133	0.0300752
NODE_1593_length_13196_cov_8.232343	12151	12284	51	2	133	0.0150376
NODE_1593_length_13196_cov_8.232343	12151	12284	52	1	133	0.0075188
NODE_1593_length_13196_cov_8.232343	12151	12284	53	1	133	0.0075188
NODE_15940_length_6145_cov_4.828978	1023	1156	8	19	133	0.1428571
NODE_15940_length_6145_cov_4.828978	1023	1156	9	7	133	0.0526316
NODE_15940_length_6145_cov_4.828978	1023	1156	10	19	133	0.1428571
NODE_15940_length_6145_cov_4.828978	1023	1156	11	31	133	0.2330827
NODE_15940_length_6145_cov_4.828978	1023	1156	12	7	133	0.0526316
NODE_15940_length_6145_cov_4.828978	1023	1156	13	30	133	0.2255639
NODE_15940_length_6145_cov_4.828978	1023	1156	14	20	133	0.1503759
NODE_15947_length_6144_cov_4.513648	3119	3252	28	4	133	0.0300752
NODE_15947_length_6144_cov_4.513648	3119	3252	29	2	133	0.0150376
NODE_15947_length_6144_cov_4.513648	3119	3252	31	2	133	0.0150376
NODE_15947_length_6144_cov_4.513648	3119	3252	33	5	133	0.0375940
NODE_15947_length_6144_cov_4.513648	3119	3252	34	22	133	0.1654135
NODE_15947_length_6144_cov_4.513648	3119	3252	35	2	133	0.0150376
NODE_15947_length_6144_cov_4.513648	3119	3252	36	13	133	0.0977444
NODE_15947_length_6144_cov_4.513648	3119	3252	37	3	133	0.0225564
NODE_15947_length_6144_cov_4.513648	3119	3252	38	5	133	0.0375940
NODE_15947_length_6144_cov_4.513648	3119	3252	40	8	133	0.0601504
NODE_15947_length_6144_cov_4.513648	3119	3252	41	1	133	0.0075188
NODE_15947_length_6144_cov_4.513648	3119	3252	43	6	133	0.0451128
NODE_15947_length_6144_cov_4.513648	3119	3252	44	5	133	0.0375940
NODE_15947_length_6144_cov_4.513648	3119	3252	45	11	133	0.0827068
NODE_15947_length_6144_cov_4.513648	3119	3252	46	9	133	0.0676692
NODE_15947_length_6144_cov_4.513648	3119	3252	47	11	133	0.0827068
NODE_15947_length_6144_cov_4.513648	3119	3252	48	7	133	0.0526316
NODE_15947_length_6144_cov_4.513648	3119	3252	49	3	133	0.0225564
NODE_15947_length_6144_cov_4.513648	3119	3252	51	1	133	0.0075188
NODE_15947_length_6144_cov_4.513648	3119	3252	52	5	133	0.0375940
NODE_15947_length_6144_cov_4.513648	3119	3252	53	8	133	0.0601504
NODE_159483_length_1540_cov_4.791811	771	904	3	21	133	0.1578947
NODE_159483_length_1540_cov_4.791811	771	904	4	65	133	0.4887218
NODE_159483_length_1540_cov_4.791811	771	904	5	18	133	0.1353384
NODE_159483_length_1540_cov_4.791811	771	904	6	29	133	0.2180451
NODE_1594_length_13190_cov_4.041937	6973	7106	16	2	133	0.0150376
NODE_1594_length_13190_cov_4.041937	6973	7106	17	10	133	0.0751880
NODE_1594_length_13190_cov_4.041937	6973	7106	18	1	133	0.0075188
NODE_1594_length_13190_cov_4.041937	6973	7106	19	9	133	0.0676692
NODE_1594_length_13190_cov_4.041937	6973	7106	20	11	133	0.0827068
NODE_1594_length_13190_cov_4.041937	6973	7106	21	42	133	0.3157895
NODE_1594_length_13190_cov_4.041937	6973	7106	22	20	133	0.1503759
NODE_1594_length_13190_cov_4.041937	6973	7106	23	9	133	0.0676692
NODE_1594_length_13190_cov_4.041937	6973	7106	24	25	133	0.1879699
NODE_1594_length_13190_cov_4.041937	6973	7106	25	4	133	0.0300752
NODE_159504_length_1540_cov_4.104788	265	398	6	7	133	0.0526316
NODE_159504_length_1540_cov_4.104788	265	398	7	12	133	0.0902256
NODE_159504_length_1540_cov_4.104788	265	398	8	16	133	0.1203008
NODE_159504_length_1540_cov_4.104788	265	398	9	24	133	0.1804511
NODE_159504_length_1540_cov_4.104788	265	398	10	40	133	0.3007519
NODE_159504_length_1540_cov_4.104788	265	398	11	27	133	0.2030075
NODE_159504_length_1540_cov_4.104788	265	398	12	7	133	0.0526316
NODE_15952_length_6144_cov_3.672953	2352	2485	8	3	133	0.0225564
NODE_15952_length_6144_cov_3.672953	2352	2485	9	20	133	0.1503759
NODE_15952_length_6144_cov_3.672953	2352	2485	10	16	133	0.1203008
NODE_15952_length_6144_cov_3.672953	2352	2485	11	20	133	0.1503759
NODE_15952_length_6144_cov_3.672953	2352	2485	12	45	133	0.3383459
NODE_15952_length_6144_cov_3.672953	2352	2485	13	16	133	0.1203008
NODE_15952_length_6144_cov_3.672953	2352	2485	14	13	133	0.0977444
NODE_15955_length_6142_cov_5.166970	5843	5976	13	4	133	0.0300752
NODE_15955_length_6142_cov_5.166970	5843	5976	14	2	133	0.0150376
NODE_15955_length_6142_cov_5.166970	5843	5976	15	3	133	0.0225564
NODE_15955_length_6142_cov_5.166970	5843	5976	16	31	133	0.2330827
NODE_15955_length_6142_cov_5.166970	5843	5976	17	12	133	0.0902256
NODE_15955_length_6142_cov_5.166970	5843	5976	18	26	133	0.1954887
NODE_15955_length_6142_cov_5.166970	5843	5976	19	16	133	0.1203008
NODE_15955_length_6142_cov_5.166970	5843	5976	20	17	133	0.1278196
NODE_15955_length_6142_cov_5.166970	5843	5976	21	22	133	0.1654135
NODE_159608_length_1539_cov_4.884722	774	907	20	1	133	0.0075188
NODE_159608_length_1539_cov_4.884722	774	907	21	14	133	0.1052632
NODE_159608_length_1539_cov_4.884722	774	907	22	8	133	0.0601504
NODE_159608_length_1539_cov_4.884722	774	907	23	20	133	0.1503759
NODE_159608_length_1539_cov_4.884722	774	907	26	1	133	0.0075188
NODE_159608_length_1539_cov_4.884722	774	907	27	10	133	0.0751880
NODE_159608_length_1539_cov_4.884722	774	907	28	17	133	0.1278196
NODE_159608_length_1539_cov_4.884722	774	907	29	12	133	0.0902256
NODE_159608_length_1539_cov_4.884722	774	907	30	24	133	0.1804511
NODE_159608_length_1539_cov_4.884722	774	907	31	17	133	0.1278196
NODE_159608_length_1539_cov_4.884722	774	907	32	9	133	0.0676692
NODE_15966_length_6140_cov_5.057441	5474	5607	22	4	133	0.0300752
NODE_15966_length_6140_cov_5.057441	5474	5607	23	14	133	0.1052632
NODE_15966_length_6140_cov_5.057441	5474	5607	24	3	133	0.0225564
NODE_15966_length_6140_cov_5.057441	5474	5607	25	6	133	0.0451128
NODE_15966_length_6140_cov_5.057441	5474	5607	26	16	133	0.1203008
NODE_15966_length_6140_cov_5.057441	5474	5607	27	16	133	0.1203008
NODE_15966_length_6140_cov_5.057441	5474	5607	28	9	133	0.0676692
NODE_15966_length_6140_cov_5.057441	5474	5607	29	7	133	0.0526316
NODE_15966_length_6140_cov_5.057441	5474	5607	30	30	133	0.2255639
NODE_15966_length_6140_cov_5.057441	5474	5607	31	14	133	0.1052632
NODE_15966_length_6140_cov_5.057441	5474	5607	32	3	133	0.0225564
NODE_15966_length_6140_cov_5.057441	5474	5607	34	11	133	0.0827068
NODE_159798_length_1538_cov_2.822794	276	409	10	8	133	0.0601504
NODE_159798_length_1538_cov_2.822794	276	409	11	2	133	0.0150376
NODE_159798_length_1538_cov_2.822794	276	409	13	7	133	0.0526316
NODE_159798_length_1538_cov_2.822794	276	409	15	1	133	0.0075188
NODE_159798_length_1538_cov_2.822794	276	409	16	3	133	0.0225564
NODE_159798_length_1538_cov_2.822794	276	409	20	2	133	0.0150376
NODE_159798_length_1538_cov_2.822794	276	409	21	2	133	0.0150376
NODE_159798_length_1538_cov_2.822794	276	409	23	5	133	0.0375940
NODE_159798_length_1538_cov_2.822794	276	409	24	14	133	0.1052632
NODE_159798_length_1538_cov_2.822794	276	409	25	4	133	0.0300752
NODE_159798_length_1538_cov_2.822794	276	409	27	6	133	0.0451128
NODE_159798_length_1538_cov_2.822794	276	409	31	10	133	0.0751880
NODE_159798_length_1538_cov_2.822794	276	409	32	19	133	0.1428571
NODE_159798_length_1538_cov_2.822794	276	409	33	11	133	0.0827068
NODE_159798_length_1538_cov_2.822794	276	409	34	21	133	0.1578947
NODE_159798_length_1538_cov_2.822794	276	409	35	4	133	0.0300752
NODE_159798_length_1538_cov_2.822794	276	409	36	10	133	0.0751880
NODE_159798_length_1538_cov_2.822794	276	409	37	4	133	0.0300752
NODE_159833_length_1537_cov_5.105702	100	233	6	9	133	0.0676692
NODE_159833_length_1537_cov_5.105702	100	233	7	2	133	0.0150376
NODE_159833_length_1537_cov_5.105702	100	233	8	17	133	0.1278196
NODE_159833_length_1537_cov_5.105702	100	233	9	76	133	0.5714286
NODE_159833_length_1537_cov_5.105702	100	233	10	27	133	0.2030075
NODE_159833_length_1537_cov_5.105702	100	233	11	2	133	0.0150376
NODE_1598_length_13181_cov_4.047776	9257	9390	20	4	133	0.0300752
NODE_1598_length_13181_cov_4.047776	9257	9390	21	6	133	0.0451128
NODE_1598_length_13181_cov_4.047776	9257	9390	23	17	133	0.1278196
NODE_1598_length_13181_cov_4.047776	9257	9390	24	2	133	0.0150376
NODE_1598_length_13181_cov_4.047776	9257	9390	25	14	133	0.1052632
NODE_1598_length_13181_cov_4.047776	9257	9390	26	15	133	0.1127820
NODE_1598_length_13181_cov_4.047776	9257	9390	27	4	133	0.0300752
NODE_1598_length_13181_cov_4.047776	9257	9390	28	7	133	0.0526316
NODE_1598_length_13181_cov_4.047776	9257	9390	29	1	133	0.0075188
NODE_1598_length_13181_cov_4.047776	9257	9390	30	4	133	0.0300752
NODE_1598_length_13181_cov_4.047776	9257	9390	31	1	133	0.0075188
NODE_1598_length_13181_cov_4.047776	9257	9390	32	2	133	0.0150376
NODE_1598_length_13181_cov_4.047776	9257	9390	33	10	133	0.0751880
NODE_1598_length_13181_cov_4.047776	9257	9390	34	9	133	0.0676692
NODE_1598_length_13181_cov_4.047776	9257	9390	35	34	133	0.2556391
NODE_1598_length_13181_cov_4.047776	9257	9390	36	3	133	0.0225564
NODE_159944_length_1536_cov_4.859429	1095	1228	10	5	133	0.0375940
NODE_159944_length_1536_cov_4.859429	1095	1228	11	6	133	0.0451128
NODE_159944_length_1536_cov_4.859429	1095	1228	12	2	133	0.0150376
NODE_159944_length_1536_cov_4.859429	1095	1228	13	5	133	0.0375940
NODE_159944_length_1536_cov_4.859429	1095	1228	14	2	133	0.0150376
NODE_159944_length_1536_cov_4.859429	1095	1228	15	14	133	0.1052632
NODE_159944_length_1536_cov_4.859429	1095	1228	16	42	133	0.3157895
NODE_159944_length_1536_cov_4.859429	1095	1228	17	26	133	0.1954887
NODE_159944_length_1536_cov_4.859429	1095	1228	18	31	133	0.2330827
NODE_159987_length_1536_cov_3.686848	109	242	4	16	133	0.1203008
NODE_159987_length_1536_cov_3.686848	109	242	5	17	133	0.1278196
NODE_159987_length_1536_cov_3.686848	109	242	6	3	133	0.0225564
NODE_159987_length_1536_cov_3.686848	109	242	7	1	133	0.0075188
NODE_159987_length_1536_cov_3.686848	109	242	8	39	133	0.2932331
NODE_159987_length_1536_cov_3.686848	109	242	9	28	133	0.2105263
NODE_159987_length_1536_cov_3.686848	109	242	10	7	133	0.0526316
NODE_159987_length_1536_cov_3.686848	109	242	11	22	133	0.1654135
NODE_1599_length_13179_cov_9.050535	7581	7714	33	2	133	0.0150376
NODE_1599_length_13179_cov_9.050535	7581	7714	34	10	133	0.0751880
NODE_1599_length_13179_cov_9.050535	7581	7714	35	5	133	0.0375940
NODE_1599_length_13179_cov_9.050535	7581	7714	37	3	133	0.0225564
NODE_1599_length_13179_cov_9.050535	7581	7714	39	3	133	0.0225564
NODE_1599_length_13179_cov_9.050535	7581	7714	40	2	133	0.0150376
NODE_1599_length_13179_cov_9.050535	7581	7714	41	1	133	0.0075188
NODE_1599_length_13179_cov_9.050535	7581	7714	42	5	133	0.0375940
NODE_1599_length_13179_cov_9.050535	7581	7714	43	4	133	0.0300752
NODE_1599_length_13179_cov_9.050535	7581	7714	46	3	133	0.0225564
NODE_1599_length_13179_cov_9.050535	7581	7714	49	1	133	0.0075188
NODE_1599_length_13179_cov_9.050535	7581	7714	50	3	133	0.0225564
NODE_1599_length_13179_cov_9.050535	7581	7714	52	1	133	0.0075188
NODE_1599_length_13179_cov_9.050535	7581	7714	54	3	133	0.0225564
NODE_1599_length_13179_cov_9.050535	7581	7714	56	8	133	0.0601504
NODE_1599_length_13179_cov_9.050535	7581	7714	57	10	133	0.0751880
NODE_1599_length_13179_cov_9.050535	7581	7714	58	7	133	0.0526316
NODE_1599_length_13179_cov_9.050535	7581	7714	59	10	133	0.0751880
NODE_1599_length_13179_cov_9.050535	7581	7714	60	21	133	0.1578947
NODE_1599_length_13179_cov_9.050535	7581	7714	61	5	133	0.0375940
NODE_1599_length_13179_cov_9.050535	7581	7714	62	2	133	0.0150376
NODE_1599_length_13179_cov_9.050535	7581	7714	63	4	133	0.0300752
NODE_1599_length_13179_cov_9.050535	7581	7714	65	2	133	0.0150376
NODE_1599_length_13179_cov_9.050535	7581	7714	66	2	133	0.0150376
NODE_1599_length_13179_cov_9.050535	7581	7714	67	2	133	0.0150376
NODE_1599_length_13179_cov_9.050535	7581	7714	68	6	133	0.0451128
NODE_1599_length_13179_cov_9.050535	7581	7714	69	1	133	0.0075188
NODE_1599_length_13179_cov_9.050535	7581	7714	72	2	133	0.0150376
NODE_1599_length_13179_cov_9.050535	7581	7714	73	2	133	0.0150376
NODE_1599_length_13179_cov_9.050535	7581	7714	74	1	133	0.0075188
NODE_1599_length_13179_cov_9.050535	7581	7714	75	2	133	0.0150376
NODE_15_length_35196_cov_4.624583	22097	22230	11	7	133	0.0526316
NODE_15_length_35196_cov_4.624583	22097	22230	12	16	133	0.1203008
NODE_15_length_35196_cov_4.624583	22097	22230	14	25	133	0.1879699
NODE_15_length_35196_cov_4.624583	22097	22230	15	15	133	0.1127820
NODE_15_length_35196_cov_4.624583	22097	22230	16	50	133	0.3759398
NODE_15_length_35196_cov_4.624583	22097	22230	17	20	133	0.1503759
NODE_16004_length_6134_cov_5.062966	2385	2518	3	10	133	0.0751880
NODE_16004_length_6134_cov_5.062966	2385	2518	4	2	133	0.0150376
NODE_16004_length_6134_cov_5.062966	2385	2518	6	25	133	0.1879699
NODE_16004_length_6134_cov_5.062966	2385	2518	7	21	133	0.1578947
NODE_16004_length_6134_cov_5.062966	2385	2518	8	6	133	0.0451128
NODE_16004_length_6134_cov_5.062966	2385	2518	9	12	133	0.0902256
NODE_16004_length_6134_cov_5.062966	2385	2518	10	10	133	0.0751880
NODE_16004_length_6134_cov_5.062966	2385	2518	11	33	133	0.2481203
NODE_16004_length_6134_cov_5.062966	2385	2518	12	14	133	0.1052632
NODE_160331_length_1533_cov_4.013947	151	284	2	15	133	0.1127820
NODE_160331_length_1533_cov_4.013947	151	284	3	30	133	0.2255639
NODE_160331_length_1533_cov_4.013947	151	284	4	55	133	0.4135338
NODE_160331_length_1533_cov_4.013947	151	284	5	33	133	0.2481203
NODE_1603_length_13173_cov_4.037479	11262	11395	8	18	133	0.1353384
NODE_1603_length_13173_cov_4.037479	11262	11395	9	9	133	0.0676692
NODE_1603_length_13173_cov_4.037479	11262	11395	11	3	133	0.0225564
NODE_1603_length_13173_cov_4.037479	11262	11395	12	1	133	0.0075188
NODE_1603_length_13173_cov_4.037479	11262	11395	13	31	133	0.2330827
NODE_1603_length_13173_cov_4.037479	11262	11395	14	18	133	0.1353384
NODE_1603_length_13173_cov_4.037479	11262	11395	15	30	133	0.2255639
NODE_1603_length_13173_cov_4.037479	11262	11395	16	7	133	0.0526316
NODE_1603_length_13173_cov_4.037479	11262	11395	17	2	133	0.0150376
NODE_1603_length_13173_cov_4.037479	11262	11395	18	14	133	0.1052632
NODE_16042_length_6128_cov_4.657489	3883	4016	4	6	133	0.0451128
NODE_16042_length_6128_cov_4.657489	3883	4016	7	4	133	0.0300752
NODE_16042_length_6128_cov_4.657489	3883	4016	11	1	133	0.0075188
NODE_16042_length_6128_cov_4.657489	3883	4016	12	2	133	0.0150376
NODE_16042_length_6128_cov_4.657489	3883	4016	14	2	133	0.0150376
NODE_16042_length_6128_cov_4.657489	3883	4016	15	2	133	0.0150376
NODE_16042_length_6128_cov_4.657489	3883	4016	16	16	133	0.1203008
NODE_16042_length_6128_cov_4.657489	3883	4016	17	6	133	0.0451128
NODE_16042_length_6128_cov_4.657489	3883	4016	18	49	133	0.3684210
NODE_16042_length_6128_cov_4.657489	3883	4016	19	27	133	0.2030075
NODE_16042_length_6128_cov_4.657489	3883	4016	20	1	133	0.0075188
NODE_16042_length_6128_cov_4.657489	3883	4016	21	4	133	0.0300752
NODE_16042_length_6128_cov_4.657489	3883	4016	22	13	133	0.0977444
NODE_160439_length_1532_cov_3.993022	1025	1158	6	10	133	0.0751880
NODE_160439_length_1532_cov_3.993022	1025	1158	7	4	133	0.0300752
NODE_160439_length_1532_cov_3.993022	1025	1158	9	1	133	0.0075188
NODE_160439_length_1532_cov_3.993022	1025	1158	10	1	133	0.0075188
NODE_160439_length_1532_cov_3.993022	1025	1158	11	1	133	0.0075188
NODE_160439_length_1532_cov_3.993022	1025	1158	12	8	133	0.0601504
NODE_160439_length_1532_cov_3.993022	1025	1158	13	3	133	0.0225564
NODE_160439_length_1532_cov_3.993022	1025	1158	14	3	133	0.0225564
NODE_160439_length_1532_cov_3.993022	1025	1158	15	7	133	0.0526316
NODE_160439_length_1532_cov_3.993022	1025	1158	16	2	133	0.0150376
NODE_160439_length_1532_cov_3.993022	1025	1158	17	1	133	0.0075188
NODE_160439_length_1532_cov_3.993022	1025	1158	18	2	133	0.0150376
NODE_160439_length_1532_cov_3.993022	1025	1158	20	1	133	0.0075188
NODE_160439_length_1532_cov_3.993022	1025	1158	23	3	133	0.0225564
NODE_160439_length_1532_cov_3.993022	1025	1158	24	1	133	0.0075188
NODE_160439_length_1532_cov_3.993022	1025	1158	25	14	133	0.1052632
NODE_160439_length_1532_cov_3.993022	1025	1158	28	5	133	0.0375940
NODE_160439_length_1532_cov_3.993022	1025	1158	30	2	133	0.0150376
NODE_160439_length_1532_cov_3.993022	1025	1158	36	2	133	0.0150376
NODE_160439_length_1532_cov_3.993022	1025	1158	37	1	133	0.0075188
NODE_160439_length_1532_cov_3.993022	1025	1158	38	5	133	0.0375940
NODE_160439_length_1532_cov_3.993022	1025	1158	39	5	133	0.0375940
NODE_160439_length_1532_cov_3.993022	1025	1158	40	1	133	0.0075188
NODE_160439_length_1532_cov_3.993022	1025	1158	41	4	133	0.0300752
NODE_160439_length_1532_cov_3.993022	1025	1158	42	4	133	0.0300752
NODE_160439_length_1532_cov_3.993022	1025	1158	44	4	133	0.0300752
NODE_160439_length_1532_cov_3.993022	1025	1158	45	4	133	0.0300752
NODE_160439_length_1532_cov_3.993022	1025	1158	47	1	133	0.0075188
NODE_160439_length_1532_cov_3.993022	1025	1158	49	4	133	0.0300752
NODE_160439_length_1532_cov_3.993022	1025	1158	50	16	133	0.1203008
NODE_160439_length_1532_cov_3.993022	1025	1158	51	8	133	0.0601504
NODE_160439_length_1532_cov_3.993022	1025	1158	54	5	133	0.0375940
NODE_16045_length_6128_cov_4.284956	248	381	14	14	133	0.1052632
NODE_16045_length_6128_cov_4.284956	248	381	15	4	133	0.0300752
NODE_16045_length_6128_cov_4.284956	248	381	16	15	133	0.1127820
NODE_16045_length_6128_cov_4.284956	248	381	17	17	133	0.1278196
NODE_16045_length_6128_cov_4.284956	248	381	18	26	133	0.1954887
NODE_16045_length_6128_cov_4.284956	248	381	19	6	133	0.0451128
NODE_16045_length_6128_cov_4.284956	248	381	20	6	133	0.0451128
NODE_16045_length_6128_cov_4.284956	248	381	21	36	133	0.2706767
NODE_16045_length_6128_cov_4.284956	248	381	22	9	133	0.0676692
NODE_16046_length_6128_cov_4.115276	1991	2124	4	4	133	0.0300752
NODE_16046_length_6128_cov_4.115276	1991	2124	5	33	133	0.2481203
NODE_16046_length_6128_cov_4.115276	1991	2124	6	79	133	0.5939850
NODE_16046_length_6128_cov_4.115276	1991	2124	7	17	133	0.1278196
NODE_16072_length_6123_cov_4.184097	4923	5056	25	4	133	0.0300752
NODE_16072_length_6123_cov_4.184097	4923	5056	26	11	133	0.0827068
NODE_16072_length_6123_cov_4.184097	4923	5056	28	1	133	0.0075188
NODE_16072_length_6123_cov_4.184097	4923	5056	30	2	133	0.0150376
NODE_16072_length_6123_cov_4.184097	4923	5056	31	11	133	0.0827068
NODE_16072_length_6123_cov_4.184097	4923	5056	32	54	133	0.4060150
NODE_16072_length_6123_cov_4.184097	4923	5056	33	22	133	0.1654135
NODE_16072_length_6123_cov_4.184097	4923	5056	34	14	133	0.1052632
NODE_16072_length_6123_cov_4.184097	4923	5056	35	14	133	0.1052632
NODE_16075_length_6123_cov_3.727922	2772	2905	5	1	133	0.0075188
NODE_16075_length_6123_cov_3.727922	2772	2905	6	16	133	0.1203008
NODE_16075_length_6123_cov_3.727922	2772	2905	7	66	133	0.4962406
NODE_16075_length_6123_cov_3.727922	2772	2905	8	9	133	0.0676692
NODE_16075_length_6123_cov_3.727922	2772	2905	9	1	133	0.0075188
NODE_16075_length_6123_cov_3.727922	2772	2905	10	6	133	0.0451128
NODE_16075_length_6123_cov_3.727922	2772	2905	11	24	133	0.1804511
NODE_16075_length_6123_cov_3.727922	2772	2905	12	10	133	0.0751880
NODE_160832_length_1529_cov_2.837063	646	779	12	1	133	0.0075188
NODE_160832_length_1529_cov_2.837063	646	779	13	11	133	0.0827068
NODE_160832_length_1529_cov_2.837063	646	779	15	16	133	0.1203008
NODE_160832_length_1529_cov_2.837063	646	779	16	4	133	0.0300752
NODE_160832_length_1529_cov_2.837063	646	779	17	2	133	0.0150376
NODE_160832_length_1529_cov_2.837063	646	779	19	4	133	0.0300752
NODE_160832_length_1529_cov_2.837063	646	779	20	15	133	0.1127820
NODE_160832_length_1529_cov_2.837063	646	779	21	7	133	0.0526316
NODE_160832_length_1529_cov_2.837063	646	779	22	5	133	0.0375940
NODE_160832_length_1529_cov_2.837063	646	779	23	19	133	0.1428571
NODE_160832_length_1529_cov_2.837063	646	779	24	18	133	0.1353384
NODE_160832_length_1529_cov_2.837063	646	779	25	27	133	0.2030075
NODE_160832_length_1529_cov_2.837063	646	779	26	4	133	0.0300752
NODE_160899_length_1528_cov_4.071379	1131	1264	16	9	133	0.0676692
NODE_160899_length_1528_cov_4.071379	1131	1264	17	2	133	0.0150376
NODE_160899_length_1528_cov_4.071379	1131	1264	18	4	133	0.0300752
NODE_160899_length_1528_cov_4.071379	1131	1264	19	7	133	0.0526316
NODE_160899_length_1528_cov_4.071379	1131	1264	20	1	133	0.0075188
NODE_160899_length_1528_cov_4.071379	1131	1264	21	9	133	0.0676692
NODE_160899_length_1528_cov_4.071379	1131	1264	22	4	133	0.0300752
NODE_160899_length_1528_cov_4.071379	1131	1264	24	5	133	0.0375940
NODE_160899_length_1528_cov_4.071379	1131	1264	25	10	133	0.0751880
NODE_160899_length_1528_cov_4.071379	1131	1264	26	8	133	0.0601504
NODE_160899_length_1528_cov_4.071379	1131	1264	27	17	133	0.1278196
NODE_160899_length_1528_cov_4.071379	1131	1264	28	22	133	0.1654135
NODE_160899_length_1528_cov_4.071379	1131	1264	29	26	133	0.1954887
NODE_160899_length_1528_cov_4.071379	1131	1264	30	6	133	0.0451128
NODE_160899_length_1528_cov_4.071379	1131	1264	31	3	133	0.0225564
NODE_160909_length_1528_cov_3.852344	1041	1174	14	1	133	0.0075188
NODE_160909_length_1528_cov_3.852344	1041	1174	15	2	133	0.0150376
NODE_160909_length_1528_cov_3.852344	1041	1174	16	2	133	0.0150376
NODE_160909_length_1528_cov_3.852344	1041	1174	17	11	133	0.0827068
NODE_160909_length_1528_cov_3.852344	1041	1174	18	12	133	0.0902256
NODE_160909_length_1528_cov_3.852344	1041	1174	19	16	133	0.1203008
NODE_160909_length_1528_cov_3.852344	1041	1174	20	25	133	0.1879699
NODE_160909_length_1528_cov_3.852344	1041	1174	21	7	133	0.0526316
NODE_160909_length_1528_cov_3.852344	1041	1174	22	5	133	0.0375940
NODE_160909_length_1528_cov_3.852344	1041	1174	23	1	133	0.0075188
NODE_160909_length_1528_cov_3.852344	1041	1174	24	3	133	0.0225564
NODE_160909_length_1528_cov_3.852344	1041	1174	25	29	133	0.2180451
NODE_160909_length_1528_cov_3.852344	1041	1174	26	19	133	0.1428571
NODE_161123_length_1526_cov_5.454100	181	314	4	3	133	0.0225564
NODE_161123_length_1526_cov_5.454100	181	314	5	1	133	0.0075188
NODE_161123_length_1526_cov_5.454100	181	314	6	15	133	0.1127820
NODE_161123_length_1526_cov_5.454100	181	314	7	1	133	0.0075188
NODE_161123_length_1526_cov_5.454100	181	314	9	5	133	0.0375940
NODE_161123_length_1526_cov_5.454100	181	314	11	5	133	0.0375940
NODE_161123_length_1526_cov_5.454100	181	314	12	2	133	0.0150376
NODE_161123_length_1526_cov_5.454100	181	314	14	2	133	0.0150376
NODE_161123_length_1526_cov_5.454100	181	314	15	2	133	0.0150376
NODE_161123_length_1526_cov_5.454100	181	314	16	6	133	0.0451128
NODE_161123_length_1526_cov_5.454100	181	314	17	8	133	0.0601504
NODE_161123_length_1526_cov_5.454100	181	314	18	38	133	0.2857143
NODE_161123_length_1526_cov_5.454100	181	314	19	45	133	0.3383459
NODE_161189_length_1526_cov_3.428171	906	1039	5	1	133	0.0075188
NODE_161189_length_1526_cov_3.428171	906	1039	6	25	133	0.1879699
NODE_161189_length_1526_cov_3.428171	906	1039	7	18	133	0.1353384
NODE_161189_length_1526_cov_3.428171	906	1039	8	2	133	0.0150376
NODE_161189_length_1526_cov_3.428171	906	1039	10	10	133	0.0751880
NODE_161189_length_1526_cov_3.428171	906	1039	11	4	133	0.0300752
NODE_161189_length_1526_cov_3.428171	906	1039	12	29	133	0.2180451
NODE_161189_length_1526_cov_3.428171	906	1039	13	44	133	0.3308271
NODE_161250_length_1525_cov_4.765778	1098	1231	10	1	133	0.0075188
NODE_161250_length_1525_cov_4.765778	1098	1231	11	4	133	0.0300752
NODE_161250_length_1525_cov_4.765778	1098	1231	12	21	133	0.1578947
NODE_161250_length_1525_cov_4.765778	1098	1231	13	22	133	0.1654135
NODE_161250_length_1525_cov_4.765778	1098	1231	14	14	133	0.1052632
NODE_161250_length_1525_cov_4.765778	1098	1231	15	9	133	0.0676692
NODE_161250_length_1525_cov_4.765778	1098	1231	16	38	133	0.2857143
NODE_161250_length_1525_cov_4.765778	1098	1231	17	10	133	0.0751880
NODE_161250_length_1525_cov_4.765778	1098	1231	18	7	133	0.0526316
NODE_161250_length_1525_cov_4.765778	1098	1231	19	7	133	0.0526316
NODE_161266_length_1525_cov_4.349930	209	342	12	8	133	0.0601504
NODE_161266_length_1525_cov_4.349930	209	342	13	21	133	0.1578947
NODE_161266_length_1525_cov_4.349930	209	342	14	5	133	0.0375940
NODE_161266_length_1525_cov_4.349930	209	342	15	29	133	0.2180451
NODE_161266_length_1525_cov_4.349930	209	342	16	13	133	0.0977444
NODE_161266_length_1525_cov_4.349930	209	342	17	9	133	0.0676692
NODE_161266_length_1525_cov_4.349930	209	342	18	23	133	0.1729323
NODE_161266_length_1525_cov_4.349930	209	342	19	1	133	0.0075188
NODE_161266_length_1525_cov_4.349930	209	342	20	1	133	0.0075188
NODE_161266_length_1525_cov_4.349930	209	342	21	23	133	0.1729323
NODE_1613_length_13151_cov_17.555547	8862	8995	16	3	133	0.0225564
NODE_1613_length_13151_cov_17.555547	8862	8995	17	20	133	0.1503759
NODE_1613_length_13151_cov_17.555547	8862	8995	18	16	133	0.1203008
NODE_1613_length_13151_cov_17.555547	8862	8995	19	33	133	0.2481203
NODE_1613_length_13151_cov_17.555547	8862	8995	20	20	133	0.1503759
NODE_1613_length_13151_cov_17.555547	8862	8995	21	6	133	0.0451128
NODE_1613_length_13151_cov_17.555547	8862	8995	22	4	133	0.0300752
NODE_1613_length_13151_cov_17.555547	8862	8995	23	11	133	0.0827068
NODE_1613_length_13151_cov_17.555547	8862	8995	24	11	133	0.0827068
NODE_1613_length_13151_cov_17.555547	8862	8995	25	9	133	0.0676692
NODE_16147_length_6112_cov_3.988525	1900	2033	5	16	133	0.1203008
NODE_16147_length_6112_cov_3.988525	1900	2033	6	25	133	0.1879699
NODE_16147_length_6112_cov_3.988525	1900	2033	7	10	133	0.0751880
NODE_16147_length_6112_cov_3.988525	1900	2033	8	7	133	0.0526316
NODE_16147_length_6112_cov_3.988525	1900	2033	9	22	133	0.1654135
NODE_16147_length_6112_cov_3.988525	1900	2033	10	24	133	0.1804511
NODE_16147_length_6112_cov_3.988525	1900	2033	11	29	133	0.2180451
NODE_16150_length_6111_cov_4.417831	365	498	11	4	133	0.0300752
NODE_16150_length_6111_cov_4.417831	365	498	12	5	133	0.0375940
NODE_16150_length_6111_cov_4.417831	365	498	15	4	133	0.0300752
NODE_16150_length_6111_cov_4.417831	365	498	16	6	133	0.0451128
NODE_16150_length_6111_cov_4.417831	365	498	17	2	133	0.0150376
NODE_16150_length_6111_cov_4.417831	365	498	18	6	133	0.0451128
NODE_16150_length_6111_cov_4.417831	365	498	19	13	133	0.0977444
NODE_16150_length_6111_cov_4.417831	365	498	20	28	133	0.2105263
NODE_16150_length_6111_cov_4.417831	365	498	21	27	133	0.2030075
NODE_16150_length_6111_cov_4.417831	365	498	22	13	133	0.0977444
NODE_16150_length_6111_cov_4.417831	365	498	23	25	133	0.1879699
NODE_16152_length_6111_cov_4.189621	342	475	6	12	133	0.0902256
NODE_16152_length_6111_cov_4.189621	342	475	7	43	133	0.3233083
NODE_16152_length_6111_cov_4.189621	342	475	8	3	133	0.0225564
NODE_16152_length_6111_cov_4.189621	342	475	9	14	133	0.1052632
NODE_16152_length_6111_cov_4.189621	342	475	10	12	133	0.0902256
NODE_16152_length_6111_cov_4.189621	342	475	11	9	133	0.0676692
NODE_16152_length_6111_cov_4.189621	342	475	12	37	133	0.2781955
NODE_16152_length_6111_cov_4.189621	342	475	13	3	133	0.0225564
NODE_16158_length_6109_cov_4.597171	4972	5105	8	3	133	0.0225564
NODE_16158_length_6109_cov_4.597171	4972	5105	10	2	133	0.0150376
NODE_16158_length_6109_cov_4.597171	4972	5105	12	21	133	0.1578947
NODE_16158_length_6109_cov_4.597171	4972	5105	13	8	133	0.0601504
NODE_16158_length_6109_cov_4.597171	4972	5105	14	9	133	0.0676692
NODE_16158_length_6109_cov_4.597171	4972	5105	15	3	133	0.0225564
NODE_16158_length_6109_cov_4.597171	4972	5105	16	4	133	0.0300752
NODE_16158_length_6109_cov_4.597171	4972	5105	18	20	133	0.1503759
NODE_16158_length_6109_cov_4.597171	4972	5105	19	14	133	0.1052632
NODE_16158_length_6109_cov_4.597171	4972	5105	20	21	133	0.1578947
NODE_16158_length_6109_cov_4.597171	4972	5105	21	6	133	0.0451128
NODE_16158_length_6109_cov_4.597171	4972	5105	22	22	133	0.1654135
NODE_16165_length_6108_cov_3.313030	660	793	2	23	133	0.1729323
NODE_16165_length_6108_cov_3.313030	660	793	3	25	133	0.1879699
NODE_16165_length_6108_cov_3.313030	660	793	5	22	133	0.1654135
NODE_16165_length_6108_cov_3.313030	660	793	6	11	133	0.0827068
NODE_16165_length_6108_cov_3.313030	660	793	7	13	133	0.0977444
NODE_16165_length_6108_cov_3.313030	660	793	8	4	133	0.0300752
NODE_16165_length_6108_cov_3.313030	660	793	9	25	133	0.1879699
NODE_16165_length_6108_cov_3.313030	660	793	10	10	133	0.0751880
NODE_161677_length_1522_cov_3.572031	0	133	6	15	133	0.1127820
NODE_161677_length_1522_cov_3.572031	0	133	7	2	133	0.0150376
NODE_161677_length_1522_cov_3.572031	0	133	8	12	133	0.0902256
NODE_161677_length_1522_cov_3.572031	0	133	9	10	133	0.0751880
NODE_161677_length_1522_cov_3.572031	0	133	10	2	133	0.0150376
NODE_161677_length_1522_cov_3.572031	0	133	11	9	133	0.0676692
NODE_161677_length_1522_cov_3.572031	0	133	12	5	133	0.0375940
NODE_161677_length_1522_cov_3.572031	0	133	13	5	133	0.0375940
NODE_161677_length_1522_cov_3.572031	0	133	15	2	133	0.0150376
NODE_161677_length_1522_cov_3.572031	0	133	16	7	133	0.0526316
NODE_161677_length_1522_cov_3.572031	0	133	17	1	133	0.0075188
NODE_161677_length_1522_cov_3.572031	0	133	18	2	133	0.0150376
NODE_161677_length_1522_cov_3.572031	0	133	19	4	133	0.0300752
NODE_161677_length_1522_cov_3.572031	0	133	21	8	133	0.0601504
NODE_161677_length_1522_cov_3.572031	0	133	22	4	133	0.0300752
NODE_161677_length_1522_cov_3.572031	0	133	23	11	133	0.0827068
NODE_161677_length_1522_cov_3.572031	0	133	24	6	133	0.0451128
NODE_161677_length_1522_cov_3.572031	0	133	25	2	133	0.0150376
NODE_161677_length_1522_cov_3.572031	0	133	26	19	133	0.1428571
NODE_161677_length_1522_cov_3.572031	0	133	27	4	133	0.0300752
NODE_161677_length_1522_cov_3.572031	0	133	28	3	133	0.0225564
NODE_16169_length_6107_cov_4.850033	5352	5485	3	18	133	0.1353384
NODE_16169_length_6107_cov_4.850033	5352	5485	4	12	133	0.0902256
NODE_16169_length_6107_cov_4.850033	5352	5485	5	3	133	0.0225564
NODE_16169_length_6107_cov_4.850033	5352	5485	6	11	133	0.0827068
NODE_16169_length_6107_cov_4.850033	5352	5485	7	19	133	0.1428571
NODE_16169_length_6107_cov_4.850033	5352	5485	8	21	133	0.1578947
NODE_16169_length_6107_cov_4.850033	5352	5485	9	49	133	0.3684210
NODE_16174_length_6106_cov_3.908440	522	655	2	17	133	0.1278196
NODE_16174_length_6106_cov_3.908440	522	655	4	96	133	0.7218045
NODE_16174_length_6106_cov_3.908440	522	655	5	20	133	0.1503759
NODE_16178_length_6105_cov_22.597736	2249	2382	48	2	133	0.0150376
NODE_16178_length_6105_cov_22.597736	2249	2382	49	6	133	0.0451128
NODE_16178_length_6105_cov_22.597736	2249	2382	50	3	133	0.0225564
NODE_16178_length_6105_cov_22.597736	2249	2382	51	6	133	0.0451128
NODE_16178_length_6105_cov_22.597736	2249	2382	52	11	133	0.0827068
NODE_16178_length_6105_cov_22.597736	2249	2382	53	5	133	0.0375940
NODE_16178_length_6105_cov_22.597736	2249	2382	54	6	133	0.0451128
NODE_16178_length_6105_cov_22.597736	2249	2382	55	13	133	0.0977444
NODE_16178_length_6105_cov_22.597736	2249	2382	56	10	133	0.0751880
NODE_16178_length_6105_cov_22.597736	2249	2382	57	8	133	0.0601504
NODE_16178_length_6105_cov_22.597736	2249	2382	58	4	133	0.0300752
NODE_16178_length_6105_cov_22.597736	2249	2382	59	3	133	0.0225564
NODE_16178_length_6105_cov_22.597736	2249	2382	60	19	133	0.1428571
NODE_16178_length_6105_cov_22.597736	2249	2382	61	10	133	0.0751880
NODE_16178_length_6105_cov_22.597736	2249	2382	62	11	133	0.0827068
NODE_16178_length_6105_cov_22.597736	2249	2382	63	14	133	0.1052632
NODE_16178_length_6105_cov_22.597736	2249	2382	64	2	133	0.0150376
NODE_16189_length_6103_cov_4.749500	1647	1780	16	7	133	0.0526316
NODE_16189_length_6103_cov_4.749500	1647	1780	17	3	133	0.0225564
NODE_16189_length_6103_cov_4.749500	1647	1780	18	1	133	0.0075188
NODE_16189_length_6103_cov_4.749500	1647	1780	19	3	133	0.0225564
NODE_16189_length_6103_cov_4.749500	1647	1780	21	12	133	0.0902256
NODE_16189_length_6103_cov_4.749500	1647	1780	23	5	133	0.0375940
NODE_16189_length_6103_cov_4.749500	1647	1780	24	3	133	0.0225564
NODE_16189_length_6103_cov_4.749500	1647	1780	25	24	133	0.1804511
NODE_16189_length_6103_cov_4.749500	1647	1780	26	2	133	0.0150376
NODE_16189_length_6103_cov_4.749500	1647	1780	27	6	133	0.0451128
NODE_16189_length_6103_cov_4.749500	1647	1780	28	41	133	0.3082707
NODE_16189_length_6103_cov_4.749500	1647	1780	29	8	133	0.0601504
NODE_16189_length_6103_cov_4.749500	1647	1780	30	17	133	0.1278196
NODE_16189_length_6103_cov_4.749500	1647	1780	31	1	133	0.0075188
NODE_16191_length_6103_cov_3.901399	4188	4321	13	4	133	0.0300752
NODE_16191_length_6103_cov_3.901399	4188	4321	14	3	133	0.0225564
NODE_16191_length_6103_cov_3.901399	4188	4321	15	14	133	0.1052632
NODE_16191_length_6103_cov_3.901399	4188	4321	16	13	133	0.0977444
NODE_16191_length_6103_cov_3.901399	4188	4321	17	4	133	0.0300752
NODE_16191_length_6103_cov_3.901399	4188	4321	18	11	133	0.0827068
NODE_16191_length_6103_cov_3.901399	4188	4321	19	14	133	0.1052632
NODE_16191_length_6103_cov_3.901399	4188	4321	20	28	133	0.2105263
NODE_16191_length_6103_cov_3.901399	4188	4321	21	8	133	0.0601504
NODE_16191_length_6103_cov_3.901399	4188	4321	22	2	133	0.0150376
NODE_16191_length_6103_cov_3.901399	4188	4321	23	23	133	0.1729323
NODE_16191_length_6103_cov_3.901399	4188	4321	24	9	133	0.0676692
NODE_16196_length_6102_cov_4.942695	2317	2450	0	133	133	1.0000000
NODE_161985_length_1519_cov_5.174648	801	934	17	20	133	0.1503759
NODE_161985_length_1519_cov_5.174648	801	934	21	4	133	0.0300752
NODE_161985_length_1519_cov_5.174648	801	934	22	5	133	0.0375940
NODE_161985_length_1519_cov_5.174648	801	934	25	9	133	0.0676692
NODE_161985_length_1519_cov_5.174648	801	934	26	5	133	0.0375940
NODE_161985_length_1519_cov_5.174648	801	934	27	15	133	0.1127820
NODE_161985_length_1519_cov_5.174648	801	934	28	30	133	0.2255639
NODE_161985_length_1519_cov_5.174648	801	934	29	4	133	0.0300752
NODE_161985_length_1519_cov_5.174648	801	934	30	12	133	0.0902256
NODE_161985_length_1519_cov_5.174648	801	934	31	7	133	0.0526316
NODE_161985_length_1519_cov_5.174648	801	934	32	4	133	0.0300752
NODE_161985_length_1519_cov_5.174648	801	934	33	12	133	0.0902256
NODE_161985_length_1519_cov_5.174648	801	934	35	6	133	0.0451128
NODE_162000_length_1519_cov_4.649296	363	496	18	1	133	0.0075188
NODE_162000_length_1519_cov_4.649296	363	496	19	2	133	0.0150376
NODE_162000_length_1519_cov_4.649296	363	496	20	6	133	0.0451128
NODE_162000_length_1519_cov_4.649296	363	496	22	2	133	0.0150376
NODE_162000_length_1519_cov_4.649296	363	496	23	2	133	0.0150376
NODE_162000_length_1519_cov_4.649296	363	496	24	3	133	0.0225564
NODE_162000_length_1519_cov_4.649296	363	496	25	2	133	0.0150376
NODE_162000_length_1519_cov_4.649296	363	496	26	3	133	0.0225564
NODE_162000_length_1519_cov_4.649296	363	496	27	1	133	0.0075188
NODE_162000_length_1519_cov_4.649296	363	496	28	1	133	0.0075188
NODE_162000_length_1519_cov_4.649296	363	496	29	3	133	0.0225564
NODE_162000_length_1519_cov_4.649296	363	496	30	7	133	0.0526316
NODE_162000_length_1519_cov_4.649296	363	496	31	1	133	0.0075188
NODE_162000_length_1519_cov_4.649296	363	496	32	11	133	0.0827068
NODE_162000_length_1519_cov_4.649296	363	496	33	11	133	0.0827068
NODE_162000_length_1519_cov_4.649296	363	496	34	8	133	0.0601504
NODE_162000_length_1519_cov_4.649296	363	496	35	6	133	0.0451128
NODE_162000_length_1519_cov_4.649296	363	496	36	12	133	0.0902256
NODE_162000_length_1519_cov_4.649296	363	496	37	3	133	0.0225564
NODE_162000_length_1519_cov_4.649296	363	496	38	7	133	0.0526316
NODE_162000_length_1519_cov_4.649296	363	496	39	5	133	0.0375940
NODE_162000_length_1519_cov_4.649296	363	496	40	1	133	0.0075188
NODE_162000_length_1519_cov_4.649296	363	496	41	16	133	0.1203008
NODE_162000_length_1519_cov_4.649296	363	496	42	19	133	0.1428571
NODE_162002_length_1519_cov_4.546479	634	767	9	12	133	0.0902256
NODE_162002_length_1519_cov_4.546479	634	767	10	2	133	0.0150376
NODE_162002_length_1519_cov_4.546479	634	767	11	15	133	0.1127820
NODE_162002_length_1519_cov_4.546479	634	767	12	8	133	0.0601504
NODE_162002_length_1519_cov_4.546479	634	767	13	16	133	0.1203008
NODE_162002_length_1519_cov_4.546479	634	767	14	49	133	0.3684210
NODE_162002_length_1519_cov_4.546479	634	767	15	14	133	0.1052632
NODE_162002_length_1519_cov_4.546479	634	767	16	17	133	0.1278196
NODE_162178_length_1518_cov_3.059197	255	388	4	1	133	0.0075188
NODE_162178_length_1518_cov_3.059197	255	388	5	27	133	0.2030075
NODE_162178_length_1518_cov_3.059197	255	388	6	95	133	0.7142857
NODE_162178_length_1518_cov_3.059197	255	388	7	10	133	0.0751880
NODE_162279_length_1517_cov_3.717207	769	902	3	10	133	0.0751880
NODE_162279_length_1517_cov_3.717207	769	902	4	3	133	0.0225564
NODE_162279_length_1517_cov_3.717207	769	902	5	16	133	0.1203008
NODE_162279_length_1517_cov_3.717207	769	902	9	2	133	0.0150376
NODE_162279_length_1517_cov_3.717207	769	902	10	23	133	0.1729323
NODE_162279_length_1517_cov_3.717207	769	902	11	43	133	0.3233083
NODE_162279_length_1517_cov_3.717207	769	902	12	36	133	0.2706767
NODE_162280_length_1517_cov_3.639633	331	464	14	7	133	0.0526316
NODE_162280_length_1517_cov_3.639633	331	464	15	5	133	0.0375940
NODE_162280_length_1517_cov_3.639633	331	464	16	28	133	0.2105263
NODE_162280_length_1517_cov_3.639633	331	464	17	6	133	0.0451128
NODE_162280_length_1517_cov_3.639633	331	464	18	1	133	0.0075188
NODE_162280_length_1517_cov_3.639633	331	464	19	9	133	0.0676692
NODE_162280_length_1517_cov_3.639633	331	464	20	18	133	0.1353384
NODE_162280_length_1517_cov_3.639633	331	464	21	11	133	0.0827068
NODE_162280_length_1517_cov_3.639633	331	464	22	18	133	0.1353384
NODE_162280_length_1517_cov_3.639633	331	464	23	28	133	0.2105263
NODE_162280_length_1517_cov_3.639633	331	464	24	2	133	0.0150376
NODE_162281_length_1517_cov_3.617066	93	226	0	110	133	0.8270677
NODE_162281_length_1517_cov_3.617066	93	226	1	17	133	0.1278196
NODE_162281_length_1517_cov_3.617066	93	226	2	6	133	0.0451128
NODE_162352_length_1516_cov_4.800282	414	547	22	2	133	0.0150376
NODE_162352_length_1516_cov_4.800282	414	547	24	2	133	0.0150376
NODE_162352_length_1516_cov_4.800282	414	547	26	6	133	0.0451128
NODE_162352_length_1516_cov_4.800282	414	547	27	3	133	0.0225564
NODE_162352_length_1516_cov_4.800282	414	547	28	8	133	0.0601504
NODE_162352_length_1516_cov_4.800282	414	547	29	7	133	0.0526316
NODE_162352_length_1516_cov_4.800282	414	547	30	8	133	0.0601504
NODE_162352_length_1516_cov_4.800282	414	547	32	4	133	0.0300752
NODE_162352_length_1516_cov_4.800282	414	547	33	3	133	0.0225564
NODE_162352_length_1516_cov_4.800282	414	547	34	3	133	0.0225564
NODE_162352_length_1516_cov_4.800282	414	547	35	13	133	0.0977444
NODE_162352_length_1516_cov_4.800282	414	547	36	24	133	0.1804511
NODE_162352_length_1516_cov_4.800282	414	547	37	7	133	0.0526316
NODE_162352_length_1516_cov_4.800282	414	547	38	13	133	0.0977444
NODE_162352_length_1516_cov_4.800282	414	547	39	4	133	0.0300752
NODE_162352_length_1516_cov_4.800282	414	547	40	14	133	0.1052632
NODE_162352_length_1516_cov_4.800282	414	547	41	12	133	0.0902256
NODE_162449_length_1516_cov_2.389555	1339	1472	0	23	133	0.1729323
NODE_162449_length_1516_cov_2.389555	1339	1472	1	32	133	0.2406015
NODE_162449_length_1516_cov_2.389555	1339	1472	2	78	133	0.5864662
NODE_16245_length_6094_cov_6.715430	5173	5306	14	9	133	0.0676692
NODE_16245_length_6094_cov_6.715430	5173	5306	15	1	133	0.0075188
NODE_16245_length_6094_cov_6.715430	5173	5306	16	8	133	0.0601504
NODE_16245_length_6094_cov_6.715430	5173	5306	18	18	133	0.1353384
NODE_16245_length_6094_cov_6.715430	5173	5306	19	14	133	0.1052632
NODE_16245_length_6094_cov_6.715430	5173	5306	20	5	133	0.0375940
NODE_16245_length_6094_cov_6.715430	5173	5306	21	24	133	0.1804511
NODE_16245_length_6094_cov_6.715430	5173	5306	22	15	133	0.1127820
NODE_16245_length_6094_cov_6.715430	5173	5306	23	10	133	0.0751880
NODE_16245_length_6094_cov_6.715430	5173	5306	24	29	133	0.2180451
NODE_162518_length_1515_cov_3.282486	398	531	2	19	133	0.1428571
NODE_162518_length_1515_cov_3.282486	398	531	3	48	133	0.3609022
NODE_162518_length_1515_cov_3.282486	398	531	4	58	133	0.4360902
NODE_162518_length_1515_cov_3.282486	398	531	5	8	133	0.0601504
NODE_162581_length_1514_cov_4.691166	828	961	9	11	133	0.0827068
NODE_162581_length_1514_cov_4.691166	828	961	10	6	133	0.0451128
NODE_162581_length_1514_cov_4.691166	828	961	12	20	133	0.1503759
NODE_162581_length_1514_cov_4.691166	828	961	13	5	133	0.0375940
NODE_162581_length_1514_cov_4.691166	828	961	14	6	133	0.0451128
NODE_162581_length_1514_cov_4.691166	828	961	15	12	133	0.0902256
NODE_162581_length_1514_cov_4.691166	828	961	16	33	133	0.2481203
NODE_162581_length_1514_cov_4.691166	828	961	18	13	133	0.0977444
NODE_162581_length_1514_cov_4.691166	828	961	19	19	133	0.1428571
NODE_162581_length_1514_cov_4.691166	828	961	20	8	133	0.0601504
NODE_162806_length_1512_cov_4.814579	1161	1294	2	5	133	0.0375940
NODE_162806_length_1512_cov_4.814579	1161	1294	3	53	133	0.3984962
NODE_162806_length_1512_cov_4.814579	1161	1294	4	72	133	0.5413534
NODE_162806_length_1512_cov_4.814579	1161	1294	5	3	133	0.0225564
NODE_162866_length_1512_cov_3.573248	169	302	15	1	133	0.0075188
NODE_162866_length_1512_cov_3.573248	169	302	19	1	133	0.0075188
NODE_162866_length_1512_cov_3.573248	169	302	20	3	133	0.0225564
NODE_162866_length_1512_cov_3.573248	169	302	22	4	133	0.0300752
NODE_162866_length_1512_cov_3.573248	169	302	23	5	133	0.0375940
NODE_162866_length_1512_cov_3.573248	169	302	24	1	133	0.0075188
NODE_162866_length_1512_cov_3.573248	169	302	25	9	133	0.0676692
NODE_162866_length_1512_cov_3.573248	169	302	26	6	133	0.0451128
NODE_162866_length_1512_cov_3.573248	169	302	28	8	133	0.0601504
NODE_162866_length_1512_cov_3.573248	169	302	29	12	133	0.0902256
NODE_162866_length_1512_cov_3.573248	169	302	30	5	133	0.0375940
NODE_162866_length_1512_cov_3.573248	169	302	31	13	133	0.0977444
NODE_162866_length_1512_cov_3.573248	169	302	33	1	133	0.0075188
NODE_162866_length_1512_cov_3.573248	169	302	36	1	133	0.0075188
NODE_162866_length_1512_cov_3.573248	169	302	37	3	133	0.0225564
NODE_162866_length_1512_cov_3.573248	169	302	39	13	133	0.0977444
NODE_162866_length_1512_cov_3.573248	169	302	40	22	133	0.1654135
NODE_162866_length_1512_cov_3.573248	169	302	41	2	133	0.0150376
NODE_162866_length_1512_cov_3.573248	169	302	42	1	133	0.0075188
NODE_162866_length_1512_cov_3.573248	169	302	43	11	133	0.0827068
NODE_162866_length_1512_cov_3.573248	169	302	44	7	133	0.0526316
NODE_162866_length_1512_cov_3.573248	169	302	45	4	133	0.0300752
NODE_162991_length_1511_cov_3.347025	814	947	14	3	133	0.0225564
NODE_162991_length_1511_cov_3.347025	814	947	16	4	133	0.0300752
NODE_162991_length_1511_cov_3.347025	814	947	17	2	133	0.0150376
NODE_162991_length_1511_cov_3.347025	814	947	18	2	133	0.0150376
NODE_162991_length_1511_cov_3.347025	814	947	20	5	133	0.0375940
NODE_162991_length_1511_cov_3.347025	814	947	21	5	133	0.0375940
NODE_162991_length_1511_cov_3.347025	814	947	22	17	133	0.1278196
NODE_162991_length_1511_cov_3.347025	814	947	23	24	133	0.1804511
NODE_162991_length_1511_cov_3.347025	814	947	24	6	133	0.0451128
NODE_162991_length_1511_cov_3.347025	814	947	25	20	133	0.1503759
NODE_162991_length_1511_cov_3.347025	814	947	26	16	133	0.1203008
NODE_162991_length_1511_cov_3.347025	814	947	27	8	133	0.0601504
NODE_162991_length_1511_cov_3.347025	814	947	28	18	133	0.1353384
NODE_162991_length_1511_cov_3.347025	814	947	29	3	133	0.0225564
NODE_162_length_22734_cov_4.155202	12941	13074	17	3	133	0.0225564
NODE_162_length_22734_cov_4.155202	12941	13074	18	16	133	0.1203008
NODE_162_length_22734_cov_4.155202	12941	13074	19	16	133	0.1203008
NODE_162_length_22734_cov_4.155202	12941	13074	20	1	133	0.0075188
NODE_162_length_22734_cov_4.155202	12941	13074	21	1	133	0.0075188
NODE_162_length_22734_cov_4.155202	12941	13074	22	19	133	0.1428571
NODE_162_length_22734_cov_4.155202	12941	13074	24	11	133	0.0827068
NODE_162_length_22734_cov_4.155202	12941	13074	25	15	133	0.1127820
NODE_162_length_22734_cov_4.155202	12941	13074	26	5	133	0.0375940
NODE_162_length_22734_cov_4.155202	12941	13074	27	20	133	0.1503759
NODE_162_length_22734_cov_4.155202	12941	13074	28	8	133	0.0601504
NODE_162_length_22734_cov_4.155202	12941	13074	29	11	133	0.0827068
NODE_162_length_22734_cov_4.155202	12941	13074	30	3	133	0.0225564
NODE_162_length_22734_cov_4.155202	12941	13074	32	2	133	0.0150376
NODE_162_length_22734_cov_4.155202	12941	13074	33	2	133	0.0150376
NODE_163059_length_1510_cov_4.304748	1294	1427	5	1	133	0.0075188
NODE_163059_length_1510_cov_4.304748	1294	1427	6	20	133	0.1503759
NODE_163059_length_1510_cov_4.304748	1294	1427	7	18	133	0.1353384
NODE_163059_length_1510_cov_4.304748	1294	1427	8	31	133	0.2330827
NODE_163059_length_1510_cov_4.304748	1294	1427	9	12	133	0.0902256
NODE_163059_length_1510_cov_4.304748	1294	1427	10	34	133	0.2556391
NODE_163059_length_1510_cov_4.304748	1294	1427	11	17	133	0.1278196
NODE_163147_length_1509_cov_5.619858	728	861	4	3	133	0.0225564
NODE_163147_length_1509_cov_5.619858	728	861	5	9	133	0.0676692
NODE_163147_length_1509_cov_5.619858	728	861	6	2	133	0.0150376
NODE_163147_length_1509_cov_5.619858	728	861	7	11	133	0.0827068
NODE_163147_length_1509_cov_5.619858	728	861	8	5	133	0.0375940
NODE_163147_length_1509_cov_5.619858	728	861	9	28	133	0.2105263
NODE_163147_length_1509_cov_5.619858	728	861	10	23	133	0.1729323
NODE_163147_length_1509_cov_5.619858	728	861	11	1	133	0.0075188
NODE_163147_length_1509_cov_5.619858	728	861	12	7	133	0.0526316
NODE_163147_length_1509_cov_5.619858	728	861	13	44	133	0.3308271
NODE_163157_length_1509_cov_4.980142	253	386	4	8	133	0.0601504
NODE_163157_length_1509_cov_4.980142	253	386	5	3	133	0.0225564
NODE_163157_length_1509_cov_4.980142	253	386	6	65	133	0.4887218
NODE_163157_length_1509_cov_4.980142	253	386	7	1	133	0.0075188
NODE_163157_length_1509_cov_4.980142	253	386	8	56	133	0.4210526
NODE_163170_length_1509_cov_4.385816	443	576	12	7	133	0.0526316
NODE_163170_length_1509_cov_4.385816	443	576	13	12	133	0.0902256
NODE_163170_length_1509_cov_4.385816	443	576	16	22	133	0.1654135
NODE_163170_length_1509_cov_4.385816	443	576	17	6	133	0.0451128
NODE_163170_length_1509_cov_4.385816	443	576	19	29	133	0.2180451
NODE_163170_length_1509_cov_4.385816	443	576	20	4	133	0.0300752
NODE_163170_length_1509_cov_4.385816	443	576	21	42	133	0.3157895
NODE_163170_length_1509_cov_4.385816	443	576	22	11	133	0.0827068
NODE_16320_length_6083_cov_3.653910	142	275	28	14	133	0.1052632
NODE_16320_length_6083_cov_3.653910	142	275	30	5	133	0.0375940
NODE_16320_length_6083_cov_3.653910	142	275	31	6	133	0.0451128
NODE_16320_length_6083_cov_3.653910	142	275	32	18	133	0.1353384
NODE_16320_length_6083_cov_3.653910	142	275	33	7	133	0.0526316
NODE_16320_length_6083_cov_3.653910	142	275	34	2	133	0.0150376
NODE_16320_length_6083_cov_3.653910	142	275	35	6	133	0.0451128
NODE_16320_length_6083_cov_3.653910	142	275	36	6	133	0.0451128
NODE_16320_length_6083_cov_3.653910	142	275	37	14	133	0.1052632
NODE_16320_length_6083_cov_3.653910	142	275	38	32	133	0.2406015
NODE_16320_length_6083_cov_3.653910	142	275	39	16	133	0.1203008
NODE_16320_length_6083_cov_3.653910	142	275	40	7	133	0.0526316
NODE_16328_length_6081_cov_3.817620	1205	1338	17	36	133	0.2706767
NODE_16328_length_6081_cov_3.817620	1205	1338	18	30	133	0.2255639
NODE_16328_length_6081_cov_3.817620	1205	1338	19	14	133	0.1052632
NODE_16328_length_6081_cov_3.817620	1205	1338	20	13	133	0.0977444
NODE_16328_length_6081_cov_3.817620	1205	1338	21	3	133	0.0225564
NODE_16328_length_6081_cov_3.817620	1205	1338	22	16	133	0.1203008
NODE_16328_length_6081_cov_3.817620	1205	1338	23	7	133	0.0526316
NODE_16328_length_6081_cov_3.817620	1205	1338	24	14	133	0.1052632
NODE_1634_length_13113_cov_8.797526	5847	5980	14	1	133	0.0075188
NODE_1634_length_13113_cov_8.797526	5847	5980	16	1	133	0.0075188
NODE_1634_length_13113_cov_8.797526	5847	5980	17	1	133	0.0075188
NODE_1634_length_13113_cov_8.797526	5847	5980	18	6	133	0.0451128
NODE_1634_length_13113_cov_8.797526	5847	5980	20	5	133	0.0375940
NODE_1634_length_13113_cov_8.797526	5847	5980	21	4	133	0.0300752
NODE_1634_length_13113_cov_8.797526	5847	5980	22	15	133	0.1127820
NODE_1634_length_13113_cov_8.797526	5847	5980	23	11	133	0.0827068
NODE_1634_length_13113_cov_8.797526	5847	5980	24	3	133	0.0225564
NODE_1634_length_13113_cov_8.797526	5847	5980	25	1	133	0.0075188
NODE_1634_length_13113_cov_8.797526	5847	5980	26	13	133	0.0977444
NODE_1634_length_13113_cov_8.797526	5847	5980	27	7	133	0.0526316
NODE_1634_length_13113_cov_8.797526	5847	5980	28	39	133	0.2932331
NODE_1634_length_13113_cov_8.797526	5847	5980	29	26	133	0.1954887
NODE_163531_length_1506_cov_3.809524	234	367	4	13	133	0.0977444
NODE_163531_length_1506_cov_3.809524	234	367	5	38	133	0.2857143
NODE_163531_length_1506_cov_3.809524	234	367	6	36	133	0.2706767
NODE_163531_length_1506_cov_3.809524	234	367	7	34	133	0.2556391
NODE_163531_length_1506_cov_3.809524	234	367	8	12	133	0.0902256
NODE_163586_length_1506_cov_2.432836	665	798	12	19	133	0.1428571
NODE_163586_length_1506_cov_2.432836	665	798	13	14	133	0.1052632
NODE_163586_length_1506_cov_2.432836	665	798	14	3	133	0.0225564
NODE_163586_length_1506_cov_2.432836	665	798	15	22	133	0.1654135
NODE_163586_length_1506_cov_2.432836	665	798	16	14	133	0.1052632
NODE_163586_length_1506_cov_2.432836	665	798	17	47	133	0.3533835
NODE_163586_length_1506_cov_2.432836	665	798	18	14	133	0.1052632
NODE_1635_length_13113_cov_5.070693	11082	11215	6	3	133	0.0225564
NODE_1635_length_13113_cov_5.070693	11082	11215	7	48	133	0.3609022
NODE_1635_length_13113_cov_5.070693	11082	11215	8	29	133	0.2180451
NODE_1635_length_13113_cov_5.070693	11082	11215	9	16	133	0.1203008
NODE_1635_length_13113_cov_5.070693	11082	11215	10	9	133	0.0676692
NODE_1635_length_13113_cov_5.070693	11082	11215	11	28	133	0.2105263
NODE_163626_length_1505_cov_4.701991	553	686	19	2	133	0.0150376
NODE_163626_length_1505_cov_4.701991	553	686	20	23	133	0.1729323
NODE_163626_length_1505_cov_4.701991	553	686	21	7	133	0.0526316
NODE_163626_length_1505_cov_4.701991	553	686	22	33	133	0.2481203
NODE_163626_length_1505_cov_4.701991	553	686	23	8	133	0.0601504
NODE_163626_length_1505_cov_4.701991	553	686	24	38	133	0.2857143
NODE_163626_length_1505_cov_4.701991	553	686	25	5	133	0.0375940
NODE_163626_length_1505_cov_4.701991	553	686	26	17	133	0.1278196
NODE_163733_length_1504_cov_4.390036	1186	1319	13	1	133	0.0075188
NODE_163733_length_1504_cov_4.390036	1186	1319	14	13	133	0.0977444
NODE_163733_length_1504_cov_4.390036	1186	1319	15	1	133	0.0075188
NODE_163733_length_1504_cov_4.390036	1186	1319	16	4	133	0.0300752
NODE_163733_length_1504_cov_4.390036	1186	1319	18	15	133	0.1127820
NODE_163733_length_1504_cov_4.390036	1186	1319	19	24	133	0.1804511
NODE_163733_length_1504_cov_4.390036	1186	1319	20	3	133	0.0225564
NODE_163733_length_1504_cov_4.390036	1186	1319	21	7	133	0.0526316
NODE_163733_length_1504_cov_4.390036	1186	1319	22	16	133	0.1203008
NODE_163733_length_1504_cov_4.390036	1186	1319	23	35	133	0.2631579
NODE_163733_length_1504_cov_4.390036	1186	1319	24	14	133	0.1052632
NODE_163740_length_1504_cov_4.187900	716	849	13	5	133	0.0375940
NODE_163740_length_1504_cov_4.187900	716	849	14	1	133	0.0075188
NODE_163740_length_1504_cov_4.187900	716	849	15	5	133	0.0375940
NODE_163740_length_1504_cov_4.187900	716	849	18	1	133	0.0075188
NODE_163740_length_1504_cov_4.187900	716	849	20	1	133	0.0075188
NODE_163740_length_1504_cov_4.187900	716	849	21	10	133	0.0751880
NODE_163740_length_1504_cov_4.187900	716	849	25	1	133	0.0075188
NODE_163740_length_1504_cov_4.187900	716	849	27	4	133	0.0300752
NODE_163740_length_1504_cov_4.187900	716	849	29	3	133	0.0225564
NODE_163740_length_1504_cov_4.187900	716	849	30	16	133	0.1203008
NODE_163740_length_1504_cov_4.187900	716	849	33	9	133	0.0676692
NODE_163740_length_1504_cov_4.187900	716	849	34	10	133	0.0751880
NODE_163740_length_1504_cov_4.187900	716	849	35	7	133	0.0526316
NODE_163740_length_1504_cov_4.187900	716	849	36	4	133	0.0300752
NODE_163740_length_1504_cov_4.187900	716	849	37	17	133	0.1278196
NODE_163740_length_1504_cov_4.187900	716	849	38	2	133	0.0150376
NODE_163740_length_1504_cov_4.187900	716	849	39	13	133	0.0977444
NODE_163740_length_1504_cov_4.187900	716	849	41	24	133	0.1804511
NODE_163863_length_1503_cov_4.127493	760	893	13	20	133	0.1503759
NODE_163863_length_1503_cov_4.127493	760	893	14	12	133	0.0902256
NODE_163863_length_1503_cov_4.127493	760	893	15	25	133	0.1879699
NODE_163863_length_1503_cov_4.127493	760	893	16	25	133	0.1879699
NODE_163863_length_1503_cov_4.127493	760	893	17	14	133	0.1052632
NODE_163863_length_1503_cov_4.127493	760	893	18	14	133	0.1052632
NODE_163863_length_1503_cov_4.127493	760	893	19	16	133	0.1203008
NODE_163863_length_1503_cov_4.127493	760	893	20	7	133	0.0526316
NODE_1638_length_13108_cov_4.728726	5762	5895	7	18	133	0.1353384
NODE_1638_length_13108_cov_4.728726	5762	5895	9	48	133	0.3609022
NODE_1638_length_13108_cov_4.728726	5762	5895	11	44	133	0.3308271
NODE_1638_length_13108_cov_4.728726	5762	5895	12	23	133	0.1729323
NODE_164032_length_1502_cov_2.601568	723	856	0	85	133	0.6390978
NODE_164032_length_1502_cov_2.601568	723	856	1	15	133	0.1127820
NODE_164032_length_1502_cov_2.601568	723	856	2	33	133	0.2481203
NODE_164048_length_1501_cov_5.455777	1223	1356	0	14	133	0.1052632
NODE_164048_length_1501_cov_5.455777	1223	1356	5	10	133	0.0751880
NODE_164048_length_1501_cov_5.455777	1223	1356	7	2	133	0.0150376
NODE_164048_length_1501_cov_5.455777	1223	1356	9	12	133	0.0902256
NODE_164048_length_1501_cov_5.455777	1223	1356	13	9	133	0.0676692
NODE_164048_length_1501_cov_5.455777	1223	1356	15	32	133	0.2406015
NODE_164048_length_1501_cov_5.455777	1223	1356	16	46	133	0.3458647
NODE_164048_length_1501_cov_5.455777	1223	1356	17	8	133	0.0601504
NODE_164057_length_1501_cov_4.952924	685	818	10	13	133	0.0977444
NODE_164057_length_1501_cov_4.952924	685	818	11	10	133	0.0751880
NODE_164057_length_1501_cov_4.952924	685	818	12	8	133	0.0601504
NODE_164057_length_1501_cov_4.952924	685	818	13	2	133	0.0150376
NODE_164057_length_1501_cov_4.952924	685	818	14	5	133	0.0375940
NODE_164057_length_1501_cov_4.952924	685	818	15	1	133	0.0075188
NODE_164057_length_1501_cov_4.952924	685	818	16	15	133	0.1127820
NODE_164057_length_1501_cov_4.952924	685	818	17	4	133	0.0300752
NODE_164057_length_1501_cov_4.952924	685	818	18	12	133	0.0902256
NODE_164057_length_1501_cov_4.952924	685	818	19	9	133	0.0676692
NODE_164057_length_1501_cov_4.952924	685	818	20	14	133	0.1052632
NODE_164057_length_1501_cov_4.952924	685	818	21	27	133	0.2030075
NODE_164057_length_1501_cov_4.952924	685	818	22	13	133	0.0977444
NODE_1640_length_13104_cov_4.989850	5103	5236	3	22	133	0.1654135
NODE_1640_length_13104_cov_4.989850	5103	5236	4	25	133	0.1879699
NODE_1640_length_13104_cov_4.989850	5103	5236	5	33	133	0.2481203
NODE_1640_length_13104_cov_4.989850	5103	5236	6	50	133	0.3759398
NODE_1640_length_13104_cov_4.989850	5103	5236	7	3	133	0.0225564
NODE_16411_length_6067_cov_5.241957	2206	2339	9	26	133	0.1954887
NODE_16411_length_6067_cov_5.241957	2206	2339	10	28	133	0.2105263
NODE_16411_length_6067_cov_5.241957	2206	2339	11	53	133	0.3984962
NODE_16411_length_6067_cov_5.241957	2206	2339	12	14	133	0.1052632
NODE_16411_length_6067_cov_5.241957	2206	2339	13	12	133	0.0902256
NODE_164252_length_1500_cov_2.708066	286	419	10	25	133	0.1879699
NODE_164252_length_1500_cov_2.708066	286	419	11	23	133	0.1729323
NODE_164252_length_1500_cov_2.708066	286	419	12	21	133	0.1578947
NODE_164252_length_1500_cov_2.708066	286	419	13	35	133	0.2631579
NODE_164252_length_1500_cov_2.708066	286	419	14	29	133	0.2180451
NODE_16430_length_6064_cov_4.637049	2338	2471	5	18	133	0.1353384
NODE_16430_length_6064_cov_4.637049	2338	2471	6	6	133	0.0451128
NODE_16430_length_6064_cov_4.637049	2338	2471	8	1	133	0.0075188
NODE_16430_length_6064_cov_4.637049	2338	2471	9	9	133	0.0676692
NODE_16430_length_6064_cov_4.637049	2338	2471	10	9	133	0.0676692
NODE_16430_length_6064_cov_4.637049	2338	2471	13	1	133	0.0075188
NODE_16430_length_6064_cov_4.637049	2338	2471	14	5	133	0.0375940
NODE_16430_length_6064_cov_4.637049	2338	2471	15	4	133	0.0300752
NODE_16430_length_6064_cov_4.637049	2338	2471	16	23	133	0.1729323
NODE_16430_length_6064_cov_4.637049	2338	2471	17	34	133	0.2556391
NODE_16430_length_6064_cov_4.637049	2338	2471	18	4	133	0.0300752
NODE_16430_length_6064_cov_4.637049	2338	2471	19	11	133	0.0827068
NODE_16430_length_6064_cov_4.637049	2338	2471	20	3	133	0.0225564
NODE_16430_length_6064_cov_4.637049	2338	2471	21	2	133	0.0150376
NODE_16430_length_6064_cov_4.637049	2338	2471	22	3	133	0.0225564
NODE_16444_length_6062_cov_3.815697	3251	3384	8	6	133	0.0451128
NODE_16444_length_6062_cov_3.815697	3251	3384	10	7	133	0.0526316
NODE_16444_length_6062_cov_3.815697	3251	3384	11	3	133	0.0225564
NODE_16444_length_6062_cov_3.815697	3251	3384	12	12	133	0.0902256
NODE_16444_length_6062_cov_3.815697	3251	3384	13	11	133	0.0827068
NODE_16444_length_6062_cov_3.815697	3251	3384	14	2	133	0.0150376
NODE_16444_length_6062_cov_3.815697	3251	3384	15	3	133	0.0225564
NODE_16444_length_6062_cov_3.815697	3251	3384	17	14	133	0.1052632
NODE_16444_length_6062_cov_3.815697	3251	3384	18	1	133	0.0075188
NODE_16444_length_6062_cov_3.815697	3251	3384	19	8	133	0.0601504
NODE_16444_length_6062_cov_3.815697	3251	3384	20	30	133	0.2255639
NODE_16444_length_6062_cov_3.815697	3251	3384	21	33	133	0.2481203
NODE_16444_length_6062_cov_3.815697	3251	3384	22	3	133	0.0225564
NODE_16445_length_6061_cov_4.674270	2488	2621	11	10	133	0.0751880
NODE_16445_length_6061_cov_4.674270	2488	2621	13	1	133	0.0075188
NODE_16445_length_6061_cov_4.674270	2488	2621	14	2	133	0.0150376
NODE_16445_length_6061_cov_4.674270	2488	2621	16	4	133	0.0300752
NODE_16445_length_6061_cov_4.674270	2488	2621	17	2	133	0.0150376
NODE_16445_length_6061_cov_4.674270	2488	2621	18	11	133	0.0827068
NODE_16445_length_6061_cov_4.674270	2488	2621	19	6	133	0.0451128
NODE_16445_length_6061_cov_4.674270	2488	2621	20	10	133	0.0751880
NODE_16445_length_6061_cov_4.674270	2488	2621	21	4	133	0.0300752
NODE_16445_length_6061_cov_4.674270	2488	2621	23	32	133	0.2406015
NODE_16445_length_6061_cov_4.674270	2488	2621	24	12	133	0.0902256
NODE_16445_length_6061_cov_4.674270	2488	2621	25	21	133	0.1578947
NODE_16445_length_6061_cov_4.674270	2488	2621	26	3	133	0.0225564
NODE_16445_length_6061_cov_4.674270	2488	2621	27	11	133	0.0827068
NODE_16445_length_6061_cov_4.674270	2488	2621	28	4	133	0.0300752
NODE_16451_length_6061_cov_2.786984	2244	2377	6	7	133	0.0526316
NODE_16451_length_6061_cov_2.786984	2244	2377	7	78	133	0.5864662
NODE_16451_length_6061_cov_2.786984	2244	2377	8	48	133	0.3609022
NODE_16454_length_6060_cov_4.732092	3499	3632	19	8	133	0.0601504
NODE_16454_length_6060_cov_4.732092	3499	3632	20	15	133	0.1127820
NODE_16454_length_6060_cov_4.732092	3499	3632	21	3	133	0.0225564
NODE_16454_length_6060_cov_4.732092	3499	3632	23	7	133	0.0526316
NODE_16454_length_6060_cov_4.732092	3499	3632	24	1	133	0.0075188
NODE_16454_length_6060_cov_4.732092	3499	3632	27	21	133	0.1578947
NODE_16454_length_6060_cov_4.732092	3499	3632	29	7	133	0.0526316
NODE_16454_length_6060_cov_4.732092	3499	3632	30	21	133	0.1578947
NODE_16454_length_6060_cov_4.732092	3499	3632	31	16	133	0.1203008
NODE_16454_length_6060_cov_4.732092	3499	3632	32	24	133	0.1804511
NODE_16454_length_6060_cov_4.732092	3499	3632	33	7	133	0.0526316
NODE_16454_length_6060_cov_4.732092	3499	3632	34	3	133	0.0225564
NODE_16458_length_6060_cov_3.609629	4863	4996	11	1	133	0.0075188
NODE_16458_length_6060_cov_3.609629	4863	4996	12	4	133	0.0300752
NODE_16458_length_6060_cov_3.609629	4863	4996	13	7	133	0.0526316
NODE_16458_length_6060_cov_3.609629	4863	4996	14	1	133	0.0075188
NODE_16458_length_6060_cov_3.609629	4863	4996	15	8	133	0.0601504
NODE_16458_length_6060_cov_3.609629	4863	4996	16	6	133	0.0451128
NODE_16458_length_6060_cov_3.609629	4863	4996	17	3	133	0.0225564
NODE_16458_length_6060_cov_3.609629	4863	4996	18	25	133	0.1879699
NODE_16458_length_6060_cov_3.609629	4863	4996	19	14	133	0.1052632
NODE_16458_length_6060_cov_3.609629	4863	4996	20	8	133	0.0601504
NODE_16458_length_6060_cov_3.609629	4863	4996	21	21	133	0.1578947
NODE_16458_length_6060_cov_3.609629	4863	4996	22	11	133	0.0827068
NODE_16458_length_6060_cov_3.609629	4863	4996	23	16	133	0.1203008
NODE_16458_length_6060_cov_3.609629	4863	4996	24	7	133	0.0526316
NODE_16458_length_6060_cov_3.609629	4863	4996	25	1	133	0.0075188
NODE_16480_length_6056_cov_3.994628	2438	2571	13	37	133	0.2781955
NODE_16480_length_6056_cov_3.994628	2438	2571	14	16	133	0.1203008
NODE_16480_length_6056_cov_3.994628	2438	2571	15	9	133	0.0676692
NODE_16480_length_6056_cov_3.994628	2438	2571	16	5	133	0.0375940
NODE_16480_length_6056_cov_3.994628	2438	2571	17	30	133	0.2255639
NODE_16480_length_6056_cov_3.994628	2438	2571	18	19	133	0.1428571
NODE_16480_length_6056_cov_3.994628	2438	2571	19	16	133	0.1203008
NODE_16480_length_6056_cov_3.994628	2438	2571	20	1	133	0.0075188
NODE_164825_length_1495_cov_3.595272	629	762	9	15	133	0.1127820
NODE_164825_length_1495_cov_3.595272	629	762	10	8	133	0.0601504
NODE_164825_length_1495_cov_3.595272	629	762	11	21	133	0.1578947
NODE_164825_length_1495_cov_3.595272	629	762	13	6	133	0.0451128
NODE_164825_length_1495_cov_3.595272	629	762	16	8	133	0.0601504
NODE_164825_length_1495_cov_3.595272	629	762	17	4	133	0.0300752
NODE_164825_length_1495_cov_3.595272	629	762	18	18	133	0.1353384
NODE_164825_length_1495_cov_3.595272	629	762	19	19	133	0.1428571
NODE_164825_length_1495_cov_3.595272	629	762	20	12	133	0.0902256
NODE_164825_length_1495_cov_3.595272	629	762	21	20	133	0.1503759
NODE_164825_length_1495_cov_3.595272	629	762	22	2	133	0.0150376
NODE_164830_length_1495_cov_3.455587	788	921	14	6	133	0.0451128
NODE_164830_length_1495_cov_3.455587	788	921	15	7	133	0.0526316
NODE_164830_length_1495_cov_3.455587	788	921	16	7	133	0.0526316
NODE_164830_length_1495_cov_3.455587	788	921	17	10	133	0.0751880
NODE_164830_length_1495_cov_3.455587	788	921	19	16	133	0.1203008
NODE_164830_length_1495_cov_3.455587	788	921	20	6	133	0.0451128
NODE_164830_length_1495_cov_3.455587	788	921	21	6	133	0.0451128
NODE_164830_length_1495_cov_3.455587	788	921	22	20	133	0.1503759
NODE_164830_length_1495_cov_3.455587	788	921	23	29	133	0.2180451
NODE_164830_length_1495_cov_3.455587	788	921	24	23	133	0.1729323
NODE_164830_length_1495_cov_3.455587	788	921	25	3	133	0.0225564
NODE_164876_length_1494_cov_7.347670	0	133	3	5	133	0.0375940
NODE_164876_length_1494_cov_7.347670	0	133	4	10	133	0.0751880
NODE_164876_length_1494_cov_7.347670	0	133	5	15	133	0.1127820
NODE_164876_length_1494_cov_7.347670	0	133	6	1	133	0.0075188
NODE_164876_length_1494_cov_7.347670	0	133	7	18	133	0.1353384
NODE_164876_length_1494_cov_7.347670	0	133	9	12	133	0.0902256
NODE_164876_length_1494_cov_7.347670	0	133	10	3	133	0.0225564
NODE_164876_length_1494_cov_7.347670	0	133	12	8	133	0.0601504
NODE_164876_length_1494_cov_7.347670	0	133	15	10	133	0.0751880
NODE_164876_length_1494_cov_7.347670	0	133	16	2	133	0.0150376
NODE_164876_length_1494_cov_7.347670	0	133	17	29	133	0.2180451
NODE_164876_length_1494_cov_7.347670	0	133	18	20	133	0.1503759
NODE_16489_length_6053_cov_4.978670	5599	5732	8	6	133	0.0451128
NODE_16489_length_6053_cov_4.978670	5599	5732	9	1	133	0.0075188
NODE_16489_length_6053_cov_4.978670	5599	5732	10	26	133	0.1954887
NODE_16489_length_6053_cov_4.978670	5599	5732	11	45	133	0.3383459
NODE_16489_length_6053_cov_4.978670	5599	5732	12	17	133	0.1278196
NODE_16489_length_6053_cov_4.978670	5599	5732	13	23	133	0.1729323
NODE_16489_length_6053_cov_4.978670	5599	5732	14	15	133	0.1127820
NODE_165039_length_1493_cov_5.205882	448	581	3	24	133	0.1804511
NODE_165039_length_1493_cov_5.205882	448	581	4	38	133	0.2857143
NODE_165039_length_1493_cov_5.205882	448	581	5	13	133	0.0977444
NODE_165039_length_1493_cov_5.205882	448	581	6	58	133	0.4360902
NODE_165097_length_1493_cov_3.696557	431	564	9	2	133	0.0150376
NODE_165097_length_1493_cov_3.696557	431	564	10	3	133	0.0225564
NODE_165097_length_1493_cov_3.696557	431	564	12	1	133	0.0075188
NODE_165097_length_1493_cov_3.696557	431	564	13	2	133	0.0150376
NODE_165097_length_1493_cov_3.696557	431	564	14	18	133	0.1353384
NODE_165097_length_1493_cov_3.696557	431	564	15	1	133	0.0075188
NODE_165097_length_1493_cov_3.696557	431	564	16	8	133	0.0601504
NODE_165097_length_1493_cov_3.696557	431	564	17	7	133	0.0526316
NODE_165097_length_1493_cov_3.696557	431	564	18	18	133	0.1353384
NODE_165097_length_1493_cov_3.696557	431	564	19	4	133	0.0300752
NODE_165097_length_1493_cov_3.696557	431	564	20	2	133	0.0150376
NODE_165097_length_1493_cov_3.696557	431	564	21	6	133	0.0451128
NODE_165097_length_1493_cov_3.696557	431	564	22	9	133	0.0676692
NODE_165097_length_1493_cov_3.696557	431	564	23	2	133	0.0150376
NODE_165097_length_1493_cov_3.696557	431	564	24	1	133	0.0075188
NODE_165097_length_1493_cov_3.696557	431	564	25	11	133	0.0827068
NODE_165097_length_1493_cov_3.696557	431	564	26	2	133	0.0150376
NODE_165097_length_1493_cov_3.696557	431	564	27	7	133	0.0526316
NODE_165097_length_1493_cov_3.696557	431	564	28	7	133	0.0526316
NODE_165097_length_1493_cov_3.696557	431	564	29	9	133	0.0676692
NODE_165097_length_1493_cov_3.696557	431	564	30	2	133	0.0150376
NODE_165097_length_1493_cov_3.696557	431	564	31	10	133	0.0751880
NODE_165097_length_1493_cov_3.696557	431	564	32	1	133	0.0075188
NODE_165136_length_1493_cov_2.826399	1104	1237	14	3	133	0.0225564
NODE_165136_length_1493_cov_2.826399	1104	1237	15	5	133	0.0375940
NODE_165136_length_1493_cov_2.826399	1104	1237	16	4	133	0.0300752
NODE_165136_length_1493_cov_2.826399	1104	1237	17	9	133	0.0676692
NODE_165136_length_1493_cov_2.826399	1104	1237	18	3	133	0.0225564
NODE_165136_length_1493_cov_2.826399	1104	1237	19	16	133	0.1203008
NODE_165136_length_1493_cov_2.826399	1104	1237	20	11	133	0.0827068
NODE_165136_length_1493_cov_2.826399	1104	1237	21	29	133	0.2180451
NODE_165136_length_1493_cov_2.826399	1104	1237	22	22	133	0.1654135
NODE_165136_length_1493_cov_2.826399	1104	1237	23	26	133	0.1954887
NODE_165136_length_1493_cov_2.826399	1104	1237	24	5	133	0.0375940
NODE_165158_length_1492_cov_5.240488	488	621	14	11	133	0.0827068
NODE_165158_length_1492_cov_5.240488	488	621	15	8	133	0.0601504
NODE_165158_length_1492_cov_5.240488	488	621	16	2	133	0.0150376
NODE_165158_length_1492_cov_5.240488	488	621	17	5	133	0.0375940
NODE_165158_length_1492_cov_5.240488	488	621	18	20	133	0.1503759
NODE_165158_length_1492_cov_5.240488	488	621	19	7	133	0.0526316
NODE_165158_length_1492_cov_5.240488	488	621	20	11	133	0.0827068
NODE_165158_length_1492_cov_5.240488	488	621	21	33	133	0.2481203
NODE_165158_length_1492_cov_5.240488	488	621	22	16	133	0.1203008
NODE_165158_length_1492_cov_5.240488	488	621	23	16	133	0.1203008
NODE_165158_length_1492_cov_5.240488	488	621	24	4	133	0.0300752
NODE_16518_length_6051_cov_3.393481	483	616	19	1	133	0.0075188
NODE_16518_length_6051_cov_3.393481	483	616	20	1	133	0.0075188
NODE_16518_length_6051_cov_3.393481	483	616	21	4	133	0.0300752
NODE_16518_length_6051_cov_3.393481	483	616	22	4	133	0.0300752
NODE_16518_length_6051_cov_3.393481	483	616	23	2	133	0.0150376
NODE_16518_length_6051_cov_3.393481	483	616	26	2	133	0.0150376
NODE_16518_length_6051_cov_3.393481	483	616	27	5	133	0.0375940
NODE_16518_length_6051_cov_3.393481	483	616	29	1	133	0.0075188
NODE_16518_length_6051_cov_3.393481	483	616	30	5	133	0.0375940
NODE_16518_length_6051_cov_3.393481	483	616	31	9	133	0.0676692
NODE_16518_length_6051_cov_3.393481	483	616	32	6	133	0.0451128
NODE_16518_length_6051_cov_3.393481	483	616	33	2	133	0.0150376
NODE_16518_length_6051_cov_3.393481	483	616	34	2	133	0.0150376
NODE_16518_length_6051_cov_3.393481	483	616	35	1	133	0.0075188
NODE_16518_length_6051_cov_3.393481	483	616	36	3	133	0.0225564
NODE_16518_length_6051_cov_3.393481	483	616	37	2	133	0.0150376
NODE_16518_length_6051_cov_3.393481	483	616	39	5	133	0.0375940
NODE_16518_length_6051_cov_3.393481	483	616	40	14	133	0.1052632
NODE_16518_length_6051_cov_3.393481	483	616	42	6	133	0.0451128
NODE_16518_length_6051_cov_3.393481	483	616	43	9	133	0.0676692
NODE_16518_length_6051_cov_3.393481	483	616	44	15	133	0.1127820
NODE_16518_length_6051_cov_3.393481	483	616	45	1	133	0.0075188
NODE_16518_length_6051_cov_3.393481	483	616	46	1	133	0.0075188
NODE_16518_length_6051_cov_3.393481	483	616	47	6	133	0.0451128
NODE_16518_length_6051_cov_3.393481	483	616	48	9	133	0.0676692
NODE_16518_length_6051_cov_3.393481	483	616	49	8	133	0.0601504
NODE_16518_length_6051_cov_3.393481	483	616	50	3	133	0.0225564
NODE_16518_length_6051_cov_3.393481	483	616	51	2	133	0.0150376
NODE_16518_length_6051_cov_3.393481	483	616	52	4	133	0.0300752
NODE_165318_length_1491_cov_4.064655	1155	1288	15	11	133	0.0827068
NODE_165318_length_1491_cov_4.064655	1155	1288	16	4	133	0.0300752
NODE_165318_length_1491_cov_4.064655	1155	1288	17	1	133	0.0075188
NODE_165318_length_1491_cov_4.064655	1155	1288	18	21	133	0.1578947
NODE_165318_length_1491_cov_4.064655	1155	1288	19	9	133	0.0676692
NODE_165318_length_1491_cov_4.064655	1155	1288	20	7	133	0.0526316
NODE_165318_length_1491_cov_4.064655	1155	1288	21	13	133	0.0977444
NODE_165318_length_1491_cov_4.064655	1155	1288	22	3	133	0.0225564
NODE_165318_length_1491_cov_4.064655	1155	1288	23	9	133	0.0676692
NODE_165318_length_1491_cov_4.064655	1155	1288	24	17	133	0.1278196
NODE_165318_length_1491_cov_4.064655	1155	1288	25	14	133	0.1052632
NODE_165318_length_1491_cov_4.064655	1155	1288	26	24	133	0.1804511
NODE_165321_length_1491_cov_4.013649	1022	1155	3	5	133	0.0375940
NODE_165321_length_1491_cov_4.013649	1022	1155	4	32	133	0.2406015
NODE_165321_length_1491_cov_4.013649	1022	1155	5	9	133	0.0676692
NODE_165321_length_1491_cov_4.013649	1022	1155	6	4	133	0.0300752
NODE_165321_length_1491_cov_4.013649	1022	1155	7	8	133	0.0601504
NODE_165321_length_1491_cov_4.013649	1022	1155	9	15	133	0.1127820
NODE_165321_length_1491_cov_4.013649	1022	1155	11	7	133	0.0526316
NODE_165321_length_1491_cov_4.013649	1022	1155	15	5	133	0.0375940
NODE_165321_length_1491_cov_4.013649	1022	1155	16	12	133	0.0902256
NODE_165321_length_1491_cov_4.013649	1022	1155	17	5	133	0.0375940
NODE_165321_length_1491_cov_4.013649	1022	1155	18	2	133	0.0150376
NODE_165321_length_1491_cov_4.013649	1022	1155	20	7	133	0.0526316
NODE_165321_length_1491_cov_4.013649	1022	1155	21	5	133	0.0375940
NODE_165321_length_1491_cov_4.013649	1022	1155	23	10	133	0.0751880
NODE_165321_length_1491_cov_4.013649	1022	1155	24	7	133	0.0526316
NODE_16533_length_6048_cov_4.578417	4272	4405	4	11	133	0.0827068
NODE_16533_length_6048_cov_4.578417	4272	4405	5	12	133	0.0902256
NODE_16533_length_6048_cov_4.578417	4272	4405	6	16	133	0.1203008
NODE_16533_length_6048_cov_4.578417	4272	4405	8	23	133	0.1729323
NODE_16533_length_6048_cov_4.578417	4272	4405	9	16	133	0.1203008
NODE_16533_length_6048_cov_4.578417	4272	4405	10	39	133	0.2932331
NODE_16533_length_6048_cov_4.578417	4272	4405	11	16	133	0.1203008
NODE_165424_length_1490_cov_3.969087	560	693	5	31	133	0.2330827
NODE_165424_length_1490_cov_3.969087	560	693	8	19	133	0.1428571
NODE_165424_length_1490_cov_3.969087	560	693	9	41	133	0.3082707
NODE_165424_length_1490_cov_3.969087	560	693	10	25	133	0.1879699
NODE_165424_length_1490_cov_3.969087	560	693	11	17	133	0.1278196
NODE_165437_length_1490_cov_3.772106	854	987	29	1	133	0.0075188
NODE_165437_length_1490_cov_3.772106	854	987	30	7	133	0.0526316
NODE_165437_length_1490_cov_3.772106	854	987	31	11	133	0.0827068
NODE_165437_length_1490_cov_3.772106	854	987	32	18	133	0.1353384
NODE_165437_length_1490_cov_3.772106	854	987	33	13	133	0.0977444
NODE_165437_length_1490_cov_3.772106	854	987	34	18	133	0.1353384
NODE_165437_length_1490_cov_3.772106	854	987	35	4	133	0.0300752
NODE_165437_length_1490_cov_3.772106	854	987	37	8	133	0.0601504
NODE_165437_length_1490_cov_3.772106	854	987	38	3	133	0.0225564
NODE_165437_length_1490_cov_3.772106	854	987	39	4	133	0.0300752
NODE_165437_length_1490_cov_3.772106	854	987	40	18	133	0.1353384
NODE_165437_length_1490_cov_3.772106	854	987	41	19	133	0.1428571
NODE_165437_length_1490_cov_3.772106	854	987	42	9	133	0.0676692
NODE_165476_length_1490_cov_3.151689	288	421	11	13	133	0.0977444
NODE_165476_length_1490_cov_3.151689	288	421	12	2	133	0.0150376
NODE_165476_length_1490_cov_3.151689	288	421	14	7	133	0.0526316
NODE_165476_length_1490_cov_3.151689	288	421	15	2	133	0.0150376
NODE_165476_length_1490_cov_3.151689	288	421	16	3	133	0.0225564
NODE_165476_length_1490_cov_3.151689	288	421	17	2	133	0.0150376
NODE_165476_length_1490_cov_3.151689	288	421	19	7	133	0.0526316
NODE_165476_length_1490_cov_3.151689	288	421	20	2	133	0.0150376
NODE_165476_length_1490_cov_3.151689	288	421	21	10	133	0.0751880
NODE_165476_length_1490_cov_3.151689	288	421	22	5	133	0.0375940
NODE_165476_length_1490_cov_3.151689	288	421	23	6	133	0.0451128
NODE_165476_length_1490_cov_3.151689	288	421	24	8	133	0.0601504
NODE_165476_length_1490_cov_3.151689	288	421	25	2	133	0.0150376
NODE_165476_length_1490_cov_3.151689	288	421	26	14	133	0.1052632
NODE_165476_length_1490_cov_3.151689	288	421	27	22	133	0.1654135
NODE_165476_length_1490_cov_3.151689	288	421	28	20	133	0.1503759
NODE_165476_length_1490_cov_3.151689	288	421	29	8	133	0.0601504
NODE_165492_length_1490_cov_2.770669	735	868	3	43	133	0.3233083
NODE_165492_length_1490_cov_2.770669	735	868	4	6	133	0.0451128
NODE_165492_length_1490_cov_2.770669	735	868	5	1	133	0.0075188
NODE_165492_length_1490_cov_2.770669	735	868	6	29	133	0.2180451
NODE_165492_length_1490_cov_2.770669	735	868	7	11	133	0.0827068
NODE_165492_length_1490_cov_2.770669	735	868	8	32	133	0.2406015
NODE_165492_length_1490_cov_2.770669	735	868	10	1	133	0.0075188
NODE_165492_length_1490_cov_2.770669	735	868	11	8	133	0.0601504
NODE_165492_length_1490_cov_2.770669	735	868	12	2	133	0.0150376
NODE_165566_length_1489_cov_3.944604	136	269	12	3	133	0.0225564
NODE_165566_length_1489_cov_3.944604	136	269	13	16	133	0.1203008
NODE_165566_length_1489_cov_3.944604	136	269	14	3	133	0.0225564
NODE_165566_length_1489_cov_3.944604	136	269	16	8	133	0.0601504
NODE_165566_length_1489_cov_3.944604	136	269	18	1	133	0.0075188
NODE_165566_length_1489_cov_3.944604	136	269	20	6	133	0.0451128
NODE_165566_length_1489_cov_3.944604	136	269	21	6	133	0.0451128
NODE_165566_length_1489_cov_3.944604	136	269	22	8	133	0.0601504
NODE_165566_length_1489_cov_3.944604	136	269	24	9	133	0.0676692
NODE_165566_length_1489_cov_3.944604	136	269	25	2	133	0.0150376
NODE_165566_length_1489_cov_3.944604	136	269	26	17	133	0.1278196
NODE_165566_length_1489_cov_3.944604	136	269	27	1	133	0.0075188
NODE_165566_length_1489_cov_3.944604	136	269	28	15	133	0.1127820
NODE_165566_length_1489_cov_3.944604	136	269	29	8	133	0.0601504
NODE_165566_length_1489_cov_3.944604	136	269	30	10	133	0.0751880
NODE_165566_length_1489_cov_3.944604	136	269	31	5	133	0.0375940
NODE_165566_length_1489_cov_3.944604	136	269	32	6	133	0.0451128
NODE_165566_length_1489_cov_3.944604	136	269	33	4	133	0.0300752
NODE_165566_length_1489_cov_3.944604	136	269	34	5	133	0.0375940
NODE_16556_length_6045_cov_4.949210	3550	3683	10	23	133	0.1729323
NODE_16556_length_6045_cov_4.949210	3550	3683	11	13	133	0.0977444
NODE_16556_length_6045_cov_4.949210	3550	3683	12	69	133	0.5187970
NODE_16556_length_6045_cov_4.949210	3550	3683	13	18	133	0.1353384
NODE_16556_length_6045_cov_4.949210	3550	3683	14	6	133	0.0451128
NODE_16556_length_6045_cov_4.949210	3550	3683	15	4	133	0.0300752
NODE_165587_length_1489_cov_3.675540	925	1058	1	51	133	0.3834586
NODE_165587_length_1489_cov_3.675540	925	1058	2	1	133	0.0075188
NODE_165587_length_1489_cov_3.675540	925	1058	3	9	133	0.0676692
NODE_165587_length_1489_cov_3.675540	925	1058	4	67	133	0.5037594
NODE_165587_length_1489_cov_3.675540	925	1058	5	5	133	0.0375940
NODE_1656_length_13069_cov_4.764765	2162	2295	8	27	133	0.2030075
NODE_1656_length_13069_cov_4.764765	2162	2295	9	8	133	0.0601504
NODE_1656_length_13069_cov_4.764765	2162	2295	10	23	133	0.1729323
NODE_1656_length_13069_cov_4.764765	2162	2295	12	13	133	0.0977444
NODE_1656_length_13069_cov_4.764765	2162	2295	13	17	133	0.1278196
NODE_1656_length_13069_cov_4.764765	2162	2295	14	3	133	0.0225564
NODE_1656_length_13069_cov_4.764765	2162	2295	15	24	133	0.1804511
NODE_1656_length_13069_cov_4.764765	2162	2295	16	18	133	0.1353384
NODE_165787_length_1487_cov_5.962536	1224	1357	7	30	133	0.2255639
NODE_165787_length_1487_cov_5.962536	1224	1357	8	24	133	0.1804511
NODE_165787_length_1487_cov_5.962536	1224	1357	9	41	133	0.3082707
NODE_165787_length_1487_cov_5.962536	1224	1357	10	38	133	0.2857143
NODE_1657_length_13066_cov_12.679880	8686	8819	6	10	133	0.0751880
NODE_1657_length_13066_cov_12.679880	8686	8819	7	3	133	0.0225564
NODE_1657_length_13066_cov_12.679880	8686	8819	8	32	133	0.2406015
NODE_1657_length_13066_cov_12.679880	8686	8819	9	76	133	0.5714286
NODE_1657_length_13066_cov_12.679880	8686	8819	10	12	133	0.0902256
NODE_165878_length_1487_cov_2.217579	294	427	4	55	133	0.4135338
NODE_165878_length_1487_cov_2.217579	294	427	5	47	133	0.3533835
NODE_165878_length_1487_cov_2.217579	294	427	6	31	133	0.2330827
NODE_16598_length_6039_cov_5.137205	1209	1342	5	10	133	0.0751880
NODE_16598_length_6039_cov_5.137205	1209	1342	7	12	133	0.0902256
NODE_16598_length_6039_cov_5.137205	1209	1342	9	47	133	0.3533835
NODE_16598_length_6039_cov_5.137205	1209	1342	10	42	133	0.3157895
NODE_16598_length_6039_cov_5.137205	1209	1342	11	22	133	0.1654135
NODE_16605_length_6037_cov_102.081341	4851	4984	8	6	133	0.0451128
NODE_16605_length_6037_cov_102.081341	4851	4984	9	4	133	0.0300752
NODE_16605_length_6037_cov_102.081341	4851	4984	10	3	133	0.0225564
NODE_16605_length_6037_cov_102.081341	4851	4984	11	1	133	0.0075188
NODE_16605_length_6037_cov_102.081341	4851	4984	12	15	133	0.1127820
NODE_16605_length_6037_cov_102.081341	4851	4984	13	20	133	0.1503759
NODE_16605_length_6037_cov_102.081341	4851	4984	14	20	133	0.1503759
NODE_16605_length_6037_cov_102.081341	4851	4984	15	41	133	0.3082707
NODE_16605_length_6037_cov_102.081341	4851	4984	16	23	133	0.1729323
NODE_16606_length_6037_cov_93.815426	4274	4407	11	19	133	0.1428571
NODE_16606_length_6037_cov_93.815426	4274	4407	12	19	133	0.1428571
NODE_16606_length_6037_cov_93.815426	4274	4407	13	14	133	0.1052632
NODE_16606_length_6037_cov_93.815426	4274	4407	15	8	133	0.0601504
NODE_16606_length_6037_cov_93.815426	4274	4407	16	20	133	0.1503759
NODE_16606_length_6037_cov_93.815426	4274	4407	17	26	133	0.1954887
NODE_16606_length_6037_cov_93.815426	4274	4407	18	3	133	0.0225564
NODE_16606_length_6037_cov_93.815426	4274	4407	19	10	133	0.0751880
NODE_16606_length_6037_cov_93.815426	4274	4407	20	14	133	0.1052632
NODE_166084_length_1485_cov_3.136364	556	689	10	1	133	0.0075188
NODE_166084_length_1485_cov_3.136364	556	689	11	6	133	0.0451128
NODE_166084_length_1485_cov_3.136364	556	689	12	35	133	0.2631579
NODE_166084_length_1485_cov_3.136364	556	689	13	13	133	0.0977444
NODE_166084_length_1485_cov_3.136364	556	689	14	29	133	0.2180451
NODE_166084_length_1485_cov_3.136364	556	689	15	30	133	0.2255639
NODE_166084_length_1485_cov_3.136364	556	689	16	12	133	0.0902256
NODE_166084_length_1485_cov_3.136364	556	689	17	5	133	0.0375940
NODE_166084_length_1485_cov_3.136364	556	689	18	2	133	0.0150376
NODE_16634_length_6034_cov_3.247515	5227	5360	5	1	133	0.0075188
NODE_16634_length_6034_cov_3.247515	5227	5360	6	27	133	0.2030075
NODE_16634_length_6034_cov_3.247515	5227	5360	7	90	133	0.6766917
NODE_16634_length_6034_cov_3.247515	5227	5360	9	15	133	0.1127820
NODE_1663_length_13055_cov_5.446588	5786	5919	7	17	133	0.1278196
NODE_1663_length_13055_cov_5.446588	5786	5919	8	25	133	0.1879699
NODE_1663_length_13055_cov_5.446588	5786	5919	9	3	133	0.0225564
NODE_1663_length_13055_cov_5.446588	5786	5919	10	6	133	0.0451128
NODE_1663_length_13055_cov_5.446588	5786	5919	11	2	133	0.0150376
NODE_1663_length_13055_cov_5.446588	5786	5919	12	33	133	0.2481203
NODE_1663_length_13055_cov_5.446588	5786	5919	13	29	133	0.2180451
NODE_1663_length_13055_cov_5.446588	5786	5919	14	18	133	0.1353384
NODE_16656_length_6030_cov_4.734446	1242	1375	5	25	133	0.1879699
NODE_16656_length_6030_cov_4.734446	1242	1375	6	13	133	0.0977444
NODE_16656_length_6030_cov_4.734446	1242	1375	7	30	133	0.2255639
NODE_16656_length_6030_cov_4.734446	1242	1375	8	65	133	0.4887218
NODE_166632_length_1480_cov_4.892107	340	473	14	9	133	0.0676692
NODE_166632_length_1480_cov_4.892107	340	473	15	4	133	0.0300752
NODE_166632_length_1480_cov_4.892107	340	473	16	19	133	0.1428571
NODE_166632_length_1480_cov_4.892107	340	473	17	21	133	0.1578947
NODE_166632_length_1480_cov_4.892107	340	473	18	25	133	0.1879699
NODE_166632_length_1480_cov_4.892107	340	473	19	43	133	0.3233083
NODE_166632_length_1480_cov_4.892107	340	473	20	12	133	0.0902256
NODE_16671_length_6028_cov_4.402935	1968	2101	4	37	133	0.2781955
NODE_16671_length_6028_cov_4.402935	1968	2101	5	43	133	0.3233083
NODE_16671_length_6028_cov_4.402935	1968	2101	6	49	133	0.3684210
NODE_16671_length_6028_cov_4.402935	1968	2101	7	4	133	0.0300752
NODE_166804_length_1479_cov_3.749275	1160	1293	6	12	133	0.0902256
NODE_166804_length_1479_cov_3.749275	1160	1293	8	2	133	0.0150376
NODE_166804_length_1479_cov_3.749275	1160	1293	9	2	133	0.0150376
NODE_166804_length_1479_cov_3.749275	1160	1293	10	9	133	0.0676692
NODE_166804_length_1479_cov_3.749275	1160	1293	11	21	133	0.1578947
NODE_166804_length_1479_cov_3.749275	1160	1293	12	33	133	0.2481203
NODE_166804_length_1479_cov_3.749275	1160	1293	13	22	133	0.1654135
NODE_166804_length_1479_cov_3.749275	1160	1293	14	27	133	0.2030075
NODE_166804_length_1479_cov_3.749275	1160	1293	15	5	133	0.0375940
NODE_16683_length_6026_cov_9.058883	394	527	9	1	133	0.0075188
NODE_16683_length_6026_cov_9.058883	394	527	10	22	133	0.1654135
NODE_16683_length_6026_cov_9.058883	394	527	11	17	133	0.1278196
NODE_16683_length_6026_cov_9.058883	394	527	12	35	133	0.2631579
NODE_16683_length_6026_cov_9.058883	394	527	13	25	133	0.1879699
NODE_16683_length_6026_cov_9.058883	394	527	14	27	133	0.2030075
NODE_16683_length_6026_cov_9.058883	394	527	15	6	133	0.0451128
NODE_166920_length_1478_cov_4.176215	892	1025	7	1	133	0.0075188
NODE_166920_length_1478_cov_4.176215	892	1025	9	1	133	0.0075188
NODE_166920_length_1478_cov_4.176215	892	1025	11	1	133	0.0075188
NODE_166920_length_1478_cov_4.176215	892	1025	13	6	133	0.0451128
NODE_166920_length_1478_cov_4.176215	892	1025	14	3	133	0.0225564
NODE_166920_length_1478_cov_4.176215	892	1025	15	1	133	0.0075188
NODE_166920_length_1478_cov_4.176215	892	1025	16	2	133	0.0150376
NODE_166920_length_1478_cov_4.176215	892	1025	17	9	133	0.0676692
NODE_166920_length_1478_cov_4.176215	892	1025	19	9	133	0.0676692
NODE_166920_length_1478_cov_4.176215	892	1025	21	11	133	0.0827068
NODE_166920_length_1478_cov_4.176215	892	1025	22	3	133	0.0225564
NODE_166920_length_1478_cov_4.176215	892	1025	23	11	133	0.0827068
NODE_166920_length_1478_cov_4.176215	892	1025	24	2	133	0.0150376
NODE_166920_length_1478_cov_4.176215	892	1025	25	1	133	0.0075188
NODE_166920_length_1478_cov_4.176215	892	1025	26	23	133	0.1729323
NODE_166920_length_1478_cov_4.176215	892	1025	28	4	133	0.0300752
NODE_166920_length_1478_cov_4.176215	892	1025	29	4	133	0.0300752
NODE_166920_length_1478_cov_4.176215	892	1025	30	4	133	0.0300752
NODE_166920_length_1478_cov_4.176215	892	1025	31	23	133	0.1729323
NODE_166920_length_1478_cov_4.176215	892	1025	32	10	133	0.0751880
NODE_166920_length_1478_cov_4.176215	892	1025	33	4	133	0.0300752
NODE_166938_length_1478_cov_3.774474	595	728	6	2	133	0.0150376
NODE_166938_length_1478_cov_3.774474	595	728	7	6	133	0.0451128
NODE_166938_length_1478_cov_3.774474	595	728	8	3	133	0.0225564
NODE_166938_length_1478_cov_3.774474	595	728	9	7	133	0.0526316
NODE_166938_length_1478_cov_3.774474	595	728	13	1	133	0.0075188
NODE_166938_length_1478_cov_3.774474	595	728	14	9	133	0.0676692
NODE_166938_length_1478_cov_3.774474	595	728	15	5	133	0.0375940
NODE_166938_length_1478_cov_3.774474	595	728	16	14	133	0.1052632
NODE_166938_length_1478_cov_3.774474	595	728	17	34	133	0.2556391
NODE_166938_length_1478_cov_3.774474	595	728	18	25	133	0.1879699
NODE_166938_length_1478_cov_3.774474	595	728	19	9	133	0.0676692
NODE_166938_length_1478_cov_3.774474	595	728	20	8	133	0.0601504
NODE_166938_length_1478_cov_3.774474	595	728	21	10	133	0.0751880
NODE_16694_length_6025_cov_5.151873	4340	4473	8	7	133	0.0526316
NODE_16694_length_6025_cov_5.151873	4340	4473	9	5	133	0.0375940
NODE_16694_length_6025_cov_5.151873	4340	4473	11	9	133	0.0676692
NODE_16694_length_6025_cov_5.151873	4340	4473	12	22	133	0.1654135
NODE_16694_length_6025_cov_5.151873	4340	4473	13	7	133	0.0526316
NODE_16694_length_6025_cov_5.151873	4340	4473	14	10	133	0.0751880
NODE_16694_length_6025_cov_5.151873	4340	4473	15	40	133	0.3007519
NODE_16694_length_6025_cov_5.151873	4340	4473	16	8	133	0.0601504
NODE_16694_length_6025_cov_5.151873	4340	4473	17	25	133	0.1879699
NODE_167056_length_1477_cov_4.210450	331	464	13	1	133	0.0075188
NODE_167056_length_1477_cov_4.210450	331	464	14	4	133	0.0300752
NODE_167056_length_1477_cov_4.210450	331	464	16	19	133	0.1428571
NODE_167056_length_1477_cov_4.210450	331	464	17	1	133	0.0075188
NODE_167056_length_1477_cov_4.210450	331	464	18	1	133	0.0075188
NODE_167056_length_1477_cov_4.210450	331	464	19	3	133	0.0225564
NODE_167056_length_1477_cov_4.210450	331	464	20	13	133	0.0977444
NODE_167056_length_1477_cov_4.210450	331	464	21	8	133	0.0601504
NODE_167056_length_1477_cov_4.210450	331	464	22	8	133	0.0601504
NODE_167056_length_1477_cov_4.210450	331	464	23	4	133	0.0300752
NODE_167056_length_1477_cov_4.210450	331	464	24	32	133	0.2406015
NODE_167056_length_1477_cov_4.210450	331	464	25	1	133	0.0075188
NODE_167056_length_1477_cov_4.210450	331	464	26	17	133	0.1278196
NODE_167056_length_1477_cov_4.210450	331	464	27	21	133	0.1578947
NODE_16716_length_6023_cov_3.979575	4790	4923	3	9	133	0.0676692
NODE_16716_length_6023_cov_3.979575	4790	4923	4	40	133	0.3007519
NODE_16716_length_6023_cov_3.979575	4790	4923	6	3	133	0.0225564
NODE_16716_length_6023_cov_3.979575	4790	4923	8	2	133	0.0150376
NODE_16716_length_6023_cov_3.979575	4790	4923	9	15	133	0.1127820
NODE_16716_length_6023_cov_3.979575	4790	4923	10	2	133	0.0150376
NODE_16716_length_6023_cov_3.979575	4790	4923	11	1	133	0.0075188
NODE_16716_length_6023_cov_3.979575	4790	4923	12	33	133	0.2481203
NODE_16716_length_6023_cov_3.979575	4790	4923	13	28	133	0.2105263
NODE_16721_length_6022_cov_4.067196	3971	4104	17	4	133	0.0300752
NODE_16721_length_6022_cov_4.067196	3971	4104	18	17	133	0.1278196
NODE_16721_length_6022_cov_4.067196	3971	4104	19	9	133	0.0676692
NODE_16721_length_6022_cov_4.067196	3971	4104	20	40	133	0.3007519
NODE_16721_length_6022_cov_4.067196	3971	4104	21	7	133	0.0526316
NODE_16721_length_6022_cov_4.067196	3971	4104	22	9	133	0.0676692
NODE_16721_length_6022_cov_4.067196	3971	4104	23	9	133	0.0676692
NODE_16721_length_6022_cov_4.067196	3971	4104	24	34	133	0.2556391
NODE_16721_length_6022_cov_4.067196	3971	4104	25	4	133	0.0300752
NODE_167281_length_1475_cov_5.244186	941	1074	12	6	133	0.0451128
NODE_167281_length_1475_cov_5.244186	941	1074	13	27	133	0.2030075
NODE_167281_length_1475_cov_5.244186	941	1074	14	10	133	0.0751880
NODE_167281_length_1475_cov_5.244186	941	1074	15	12	133	0.0902256
NODE_167281_length_1475_cov_5.244186	941	1074	16	19	133	0.1428571
NODE_167281_length_1475_cov_5.244186	941	1074	17	54	133	0.4060150
NODE_167281_length_1475_cov_5.244186	941	1074	18	5	133	0.0375940
NODE_167366_length_1475_cov_2.839390	285	418	2	13	133	0.0977444
NODE_167366_length_1475_cov_2.839390	285	418	3	12	133	0.0902256
NODE_167366_length_1475_cov_2.839390	285	418	5	32	133	0.2406015
NODE_167366_length_1475_cov_2.839390	285	418	6	2	133	0.0150376
NODE_167366_length_1475_cov_2.839390	285	418	7	11	133	0.0827068
NODE_167366_length_1475_cov_2.839390	285	418	11	63	133	0.4736842
NODE_16736_length_6019_cov_5.930236	2063	2196	1	32	133	0.2406015
NODE_16736_length_6019_cov_5.930236	2063	2196	2	9	133	0.0676692
NODE_16736_length_6019_cov_5.930236	2063	2196	3	92	133	0.6917293
NODE_1673_length_13025_cov_4.154804	7529	7662	8	15	133	0.1127820
NODE_1673_length_13025_cov_4.154804	7529	7662	9	33	133	0.2481203
NODE_1673_length_13025_cov_4.154804	7529	7662	10	15	133	0.1127820
NODE_1673_length_13025_cov_4.154804	7529	7662	11	22	133	0.1654135
NODE_1673_length_13025_cov_4.154804	7529	7662	12	14	133	0.1052632
NODE_1673_length_13025_cov_4.154804	7529	7662	13	22	133	0.1654135
NODE_1673_length_13025_cov_4.154804	7529	7662	14	12	133	0.0902256
NODE_167425_length_1474_cov_4.301091	1361	1494	0	20	133	0.1503759
NODE_167425_length_1474_cov_4.301091	1361	1494	1	25	133	0.1879699
NODE_167425_length_1474_cov_4.301091	1361	1494	2	32	133	0.2406015
NODE_167425_length_1474_cov_4.301091	1361	1494	3	46	133	0.3458647
NODE_167425_length_1474_cov_4.301091	1361	1494	5	10	133	0.0751880
NODE_167438_length_1474_cov_3.960000	740	873	28	1	133	0.0075188
NODE_167438_length_1474_cov_3.960000	740	873	29	6	133	0.0451128
NODE_167438_length_1474_cov_3.960000	740	873	30	3	133	0.0225564
NODE_167438_length_1474_cov_3.960000	740	873	33	4	133	0.0300752
NODE_167438_length_1474_cov_3.960000	740	873	35	4	133	0.0300752
NODE_167438_length_1474_cov_3.960000	740	873	36	1	133	0.0075188
NODE_167438_length_1474_cov_3.960000	740	873	38	17	133	0.1278196
NODE_167438_length_1474_cov_3.960000	740	873	39	5	133	0.0375940
NODE_167438_length_1474_cov_3.960000	740	873	40	8	133	0.0601504
NODE_167438_length_1474_cov_3.960000	740	873	41	8	133	0.0601504
NODE_167438_length_1474_cov_3.960000	740	873	42	2	133	0.0150376
NODE_167438_length_1474_cov_3.960000	740	873	43	2	133	0.0150376
NODE_167438_length_1474_cov_3.960000	740	873	44	6	133	0.0451128
NODE_167438_length_1474_cov_3.960000	740	873	46	3	133	0.0225564
NODE_167438_length_1474_cov_3.960000	740	873	47	4	133	0.0300752
NODE_167438_length_1474_cov_3.960000	740	873	49	1	133	0.0075188
NODE_167438_length_1474_cov_3.960000	740	873	50	8	133	0.0601504
NODE_167438_length_1474_cov_3.960000	740	873	51	10	133	0.0751880
NODE_167438_length_1474_cov_3.960000	740	873	52	7	133	0.0526316
NODE_167438_length_1474_cov_3.960000	740	873	53	21	133	0.1578947
NODE_167438_length_1474_cov_3.960000	740	873	54	12	133	0.0902256
NODE_16790_length_6012_cov_2.818874	2003	2136	11	9	133	0.0676692
NODE_16790_length_6012_cov_2.818874	2003	2136	12	2	133	0.0150376
NODE_16790_length_6012_cov_2.818874	2003	2136	13	1	133	0.0075188
NODE_16790_length_6012_cov_2.818874	2003	2136	15	5	133	0.0375940
NODE_16790_length_6012_cov_2.818874	2003	2136	16	6	133	0.0451128
NODE_16790_length_6012_cov_2.818874	2003	2136	17	6	133	0.0451128
NODE_16790_length_6012_cov_2.818874	2003	2136	18	6	133	0.0451128
NODE_16790_length_6012_cov_2.818874	2003	2136	19	1	133	0.0075188
NODE_16790_length_6012_cov_2.818874	2003	2136	20	3	133	0.0225564
NODE_16790_length_6012_cov_2.818874	2003	2136	21	18	133	0.1353384
NODE_16790_length_6012_cov_2.818874	2003	2136	23	6	133	0.0451128
NODE_16790_length_6012_cov_2.818874	2003	2136	24	14	133	0.1052632
NODE_16790_length_6012_cov_2.818874	2003	2136	25	11	133	0.0827068
NODE_16790_length_6012_cov_2.818874	2003	2136	26	30	133	0.2255639
NODE_16790_length_6012_cov_2.818874	2003	2136	27	15	133	0.1127820
NODE_167911_length_1470_cov_3.874544	765	898	2	17	133	0.1278196
NODE_167911_length_1470_cov_3.874544	765	898	3	45	133	0.3383459
NODE_167911_length_1470_cov_3.874544	765	898	4	31	133	0.2330827
NODE_167911_length_1470_cov_3.874544	765	898	5	40	133	0.3007519
NODE_167943_length_1470_cov_3.323122	564	697	6	13	133	0.0977444
NODE_167943_length_1470_cov_3.323122	564	697	7	3	133	0.0225564
NODE_167943_length_1470_cov_3.323122	564	697	8	54	133	0.4060150
NODE_167943_length_1470_cov_3.323122	564	697	9	12	133	0.0902256
NODE_167943_length_1470_cov_3.323122	564	697	10	42	133	0.3157895
NODE_167943_length_1470_cov_3.323122	564	697	11	9	133	0.0676692
NODE_16808_length_6007_cov_5.461747	2958	3091	16	2	133	0.0150376
NODE_16808_length_6007_cov_5.461747	2958	3091	17	12	133	0.0902256
NODE_16808_length_6007_cov_5.461747	2958	3091	18	2	133	0.0150376
NODE_16808_length_6007_cov_5.461747	2958	3091	19	12	133	0.0902256
NODE_16808_length_6007_cov_5.461747	2958	3091	23	8	133	0.0601504
NODE_16808_length_6007_cov_5.461747	2958	3091	26	21	133	0.1578947
NODE_16808_length_6007_cov_5.461747	2958	3091	27	26	133	0.1954887
NODE_16808_length_6007_cov_5.461747	2958	3091	28	14	133	0.1052632
NODE_16808_length_6007_cov_5.461747	2958	3091	30	22	133	0.1654135
NODE_16808_length_6007_cov_5.461747	2958	3091	31	7	133	0.0526316
NODE_16808_length_6007_cov_5.461747	2958	3091	32	7	133	0.0526316
NODE_168216_length_1468_cov_3.160701	578	711	6	20	133	0.1503759
NODE_168216_length_1468_cov_3.160701	578	711	7	26	133	0.1954887
NODE_168216_length_1468_cov_3.160701	578	711	9	30	133	0.2255639
NODE_168216_length_1468_cov_3.160701	578	711	10	12	133	0.0902256
NODE_168216_length_1468_cov_3.160701	578	711	11	6	133	0.0451128
NODE_168216_length_1468_cov_3.160701	578	711	12	39	133	0.2932331
NODE_16830_length_6004_cov_4.204064	1975	2108	12	16	133	0.1203008
NODE_16830_length_6004_cov_4.204064	1975	2108	13	35	133	0.2631579
NODE_16830_length_6004_cov_4.204064	1975	2108	15	1	133	0.0075188
NODE_16830_length_6004_cov_4.204064	1975	2108	16	25	133	0.1879699
NODE_16830_length_6004_cov_4.204064	1975	2108	17	23	133	0.1729323
NODE_16830_length_6004_cov_4.204064	1975	2108	18	21	133	0.1578947
NODE_16830_length_6004_cov_4.204064	1975	2108	19	9	133	0.0676692
NODE_16830_length_6004_cov_4.204064	1975	2108	20	3	133	0.0225564
NODE_168332_length_1467_cov_2.953947	1029	1162	21	10	133	0.0751880
NODE_168332_length_1467_cov_2.953947	1029	1162	22	1	133	0.0075188
NODE_168332_length_1467_cov_2.953947	1029	1162	24	2	133	0.0150376
NODE_168332_length_1467_cov_2.953947	1029	1162	25	1	133	0.0075188
NODE_168332_length_1467_cov_2.953947	1029	1162	27	7	133	0.0526316
NODE_168332_length_1467_cov_2.953947	1029	1162	28	1	133	0.0075188
NODE_168332_length_1467_cov_2.953947	1029	1162	30	10	133	0.0751880
NODE_168332_length_1467_cov_2.953947	1029	1162	31	3	133	0.0225564
NODE_168332_length_1467_cov_2.953947	1029	1162	32	9	133	0.0676692
NODE_168332_length_1467_cov_2.953947	1029	1162	33	15	133	0.1127820
NODE_168332_length_1467_cov_2.953947	1029	1162	34	2	133	0.0150376
NODE_168332_length_1467_cov_2.953947	1029	1162	35	11	133	0.0827068
NODE_168332_length_1467_cov_2.953947	1029	1162	36	15	133	0.1127820
NODE_168332_length_1467_cov_2.953947	1029	1162	37	7	133	0.0526316
NODE_168332_length_1467_cov_2.953947	1029	1162	38	28	133	0.2105263
NODE_168332_length_1467_cov_2.953947	1029	1162	39	9	133	0.0676692
NODE_168332_length_1467_cov_2.953947	1029	1162	40	2	133	0.0150376
NODE_168337_length_1467_cov_2.769737	187	320	2	9	133	0.0676692
NODE_168337_length_1467_cov_2.769737	187	320	3	36	133	0.2706767
NODE_168337_length_1467_cov_2.769737	187	320	4	40	133	0.3007519
NODE_168337_length_1467_cov_2.769737	187	320	5	1	133	0.0075188
NODE_168337_length_1467_cov_2.769737	187	320	7	47	133	0.3533835
NODE_168338_length_1467_cov_2.744152	1230	1363	3	5	133	0.0375940
NODE_168338_length_1467_cov_2.744152	1230	1363	4	32	133	0.2406015
NODE_168338_length_1467_cov_2.744152	1230	1363	5	2	133	0.0150376
NODE_168338_length_1467_cov_2.744152	1230	1363	6	1	133	0.0075188
NODE_168338_length_1467_cov_2.744152	1230	1363	7	51	133	0.3834586
NODE_168338_length_1467_cov_2.744152	1230	1363	8	30	133	0.2255639
NODE_168338_length_1467_cov_2.744152	1230	1363	10	12	133	0.0902256
NODE_16843_length_6003_cov_4.066396	509	642	16	1	133	0.0075188
NODE_16843_length_6003_cov_4.066396	509	642	17	1	133	0.0075188
NODE_16843_length_6003_cov_4.066396	509	642	18	7	133	0.0526316
NODE_16843_length_6003_cov_4.066396	509	642	19	3	133	0.0225564
NODE_16843_length_6003_cov_4.066396	509	642	22	11	133	0.0827068
NODE_16843_length_6003_cov_4.066396	509	642	23	4	133	0.0300752
NODE_16843_length_6003_cov_4.066396	509	642	24	1	133	0.0075188
NODE_16843_length_6003_cov_4.066396	509	642	25	1	133	0.0075188
NODE_16843_length_6003_cov_4.066396	509	642	26	21	133	0.1578947
NODE_16843_length_6003_cov_4.066396	509	642	27	11	133	0.0827068
NODE_16843_length_6003_cov_4.066396	509	642	28	2	133	0.0150376
NODE_16843_length_6003_cov_4.066396	509	642	29	3	133	0.0225564
NODE_16843_length_6003_cov_4.066396	509	642	30	3	133	0.0225564
NODE_16843_length_6003_cov_4.066396	509	642	31	22	133	0.1654135
NODE_16843_length_6003_cov_4.066396	509	642	32	8	133	0.0601504
NODE_16843_length_6003_cov_4.066396	509	642	33	5	133	0.0375940
NODE_16843_length_6003_cov_4.066396	509	642	34	13	133	0.0977444
NODE_16843_length_6003_cov_4.066396	509	642	35	9	133	0.0676692
NODE_16843_length_6003_cov_4.066396	509	642	36	5	133	0.0375940
NODE_16843_length_6003_cov_4.066396	509	642	37	2	133	0.0150376
NODE_168553_length_1465_cov_3.265007	1007	1140	11	14	133	0.1052632
NODE_168553_length_1465_cov_3.265007	1007	1140	12	5	133	0.0375940
NODE_168553_length_1465_cov_3.265007	1007	1140	13	3	133	0.0225564
NODE_168553_length_1465_cov_3.265007	1007	1140	14	24	133	0.1804511
NODE_168553_length_1465_cov_3.265007	1007	1140	15	28	133	0.2105263
NODE_168553_length_1465_cov_3.265007	1007	1140	16	14	133	0.1052632
NODE_168553_length_1465_cov_3.265007	1007	1140	17	26	133	0.1954887
NODE_168553_length_1465_cov_3.265007	1007	1140	18	19	133	0.1428571
NODE_16864_length_6000_cov_4.504152	2032	2165	1	28	133	0.2105263
NODE_16864_length_6000_cov_4.504152	2032	2165	2	3	133	0.0225564
NODE_16864_length_6000_cov_4.504152	2032	2165	3	37	133	0.2781955
NODE_16864_length_6000_cov_4.504152	2032	2165	4	51	133	0.3834586
NODE_16864_length_6000_cov_4.504152	2032	2165	5	14	133	0.1052632
NODE_168664_length_1464_cov_3.742125	640	773	3	20	133	0.1503759
NODE_168664_length_1464_cov_3.742125	640	773	4	58	133	0.4360902
NODE_168664_length_1464_cov_3.742125	640	773	5	55	133	0.4135338
NODE_168677_length_1464_cov_3.581685	746	879	16	14	133	0.1052632
NODE_168677_length_1464_cov_3.581685	746	879	17	16	133	0.1203008
NODE_168677_length_1464_cov_3.581685	746	879	18	21	133	0.1578947
NODE_168677_length_1464_cov_3.581685	746	879	19	6	133	0.0451128
NODE_168677_length_1464_cov_3.581685	746	879	20	2	133	0.0150376
NODE_168677_length_1464_cov_3.581685	746	879	21	5	133	0.0375940
NODE_168677_length_1464_cov_3.581685	746	879	22	11	133	0.0827068
NODE_168677_length_1464_cov_3.581685	746	879	23	26	133	0.1954887
NODE_168677_length_1464_cov_3.581685	746	879	24	11	133	0.0827068
NODE_168677_length_1464_cov_3.581685	746	879	25	20	133	0.1503759
NODE_168677_length_1464_cov_3.581685	746	879	26	1	133	0.0075188
NODE_16867_length_5999_cov_5.090508	1027	1160	14	1	133	0.0075188
NODE_16867_length_5999_cov_5.090508	1027	1160	15	18	133	0.1353384
NODE_16867_length_5999_cov_5.090508	1027	1160	16	4	133	0.0300752
NODE_16867_length_5999_cov_5.090508	1027	1160	18	6	133	0.0451128
NODE_16867_length_5999_cov_5.090508	1027	1160	19	24	133	0.1804511
NODE_16867_length_5999_cov_5.090508	1027	1160	20	10	133	0.0751880
NODE_16867_length_5999_cov_5.090508	1027	1160	21	11	133	0.0827068
NODE_16867_length_5999_cov_5.090508	1027	1160	22	19	133	0.1428571
NODE_16867_length_5999_cov_5.090508	1027	1160	23	9	133	0.0676692
NODE_16867_length_5999_cov_5.090508	1027	1160	24	10	133	0.0751880
NODE_16867_length_5999_cov_5.090508	1027	1160	25	12	133	0.0902256
NODE_16867_length_5999_cov_5.090508	1027	1160	26	9	133	0.0676692
NODE_168823_length_1463_cov_3.248534	917	1050	12	8	133	0.0601504
NODE_168823_length_1463_cov_3.248534	917	1050	13	25	133	0.1879699
NODE_168823_length_1463_cov_3.248534	917	1050	14	28	133	0.2105263
NODE_168823_length_1463_cov_3.248534	917	1050	15	11	133	0.0827068
NODE_168823_length_1463_cov_3.248534	917	1050	16	13	133	0.0977444
NODE_168823_length_1463_cov_3.248534	917	1050	17	13	133	0.0977444
NODE_168823_length_1463_cov_3.248534	917	1050	18	17	133	0.1278196
NODE_168823_length_1463_cov_3.248534	917	1050	19	14	133	0.1052632
NODE_168823_length_1463_cov_3.248534	917	1050	20	4	133	0.0300752
NODE_168910_length_1462_cov_4.068232	698	831	15	2	133	0.0150376
NODE_168910_length_1462_cov_4.068232	698	831	22	9	133	0.0676692
NODE_168910_length_1462_cov_4.068232	698	831	23	1	133	0.0075188
NODE_168910_length_1462_cov_4.068232	698	831	24	4	133	0.0300752
NODE_168910_length_1462_cov_4.068232	698	831	25	3	133	0.0225564
NODE_168910_length_1462_cov_4.068232	698	831	26	5	133	0.0375940
NODE_168910_length_1462_cov_4.068232	698	831	27	2	133	0.0150376
NODE_168910_length_1462_cov_4.068232	698	831	28	4	133	0.0300752
NODE_168910_length_1462_cov_4.068232	698	831	29	9	133	0.0676692
NODE_168910_length_1462_cov_4.068232	698	831	30	5	133	0.0375940
NODE_168910_length_1462_cov_4.068232	698	831	31	9	133	0.0676692
NODE_168910_length_1462_cov_4.068232	698	831	32	8	133	0.0601504
NODE_168910_length_1462_cov_4.068232	698	831	33	8	133	0.0601504
NODE_168910_length_1462_cov_4.068232	698	831	34	6	133	0.0451128
NODE_168910_length_1462_cov_4.068232	698	831	35	41	133	0.3082707
NODE_168910_length_1462_cov_4.068232	698	831	36	9	133	0.0676692
NODE_168910_length_1462_cov_4.068232	698	831	37	8	133	0.0601504
NODE_16892_length_5996_cov_4.781075	2823	2956	4	15	133	0.1127820
NODE_16892_length_5996_cov_4.781075	2823	2956	5	65	133	0.4887218
NODE_16892_length_5996_cov_4.781075	2823	2956	6	46	133	0.3458647
NODE_16892_length_5996_cov_4.781075	2823	2956	7	7	133	0.0526316
NODE_168960_length_1462_cov_3.195891	432	565	6	2	133	0.0150376
NODE_168960_length_1462_cov_3.195891	432	565	7	10	133	0.0751880
NODE_168960_length_1462_cov_3.195891	432	565	8	18	133	0.1353384
NODE_168960_length_1462_cov_3.195891	432	565	9	1	133	0.0075188
NODE_168960_length_1462_cov_3.195891	432	565	10	29	133	0.2180451
NODE_168960_length_1462_cov_3.195891	432	565	11	12	133	0.0902256
NODE_168960_length_1462_cov_3.195891	432	565	12	28	133	0.2105263
NODE_168960_length_1462_cov_3.195891	432	565	13	15	133	0.1127820
NODE_168960_length_1462_cov_3.195891	432	565	14	18	133	0.1353384
NODE_169029_length_1461_cov_4.386197	226	359	12	3	133	0.0225564
NODE_169029_length_1461_cov_4.386197	226	359	14	3	133	0.0225564
NODE_169029_length_1461_cov_4.386197	226	359	15	2	133	0.0150376
NODE_169029_length_1461_cov_4.386197	226	359	17	1	133	0.0075188
NODE_169029_length_1461_cov_4.386197	226	359	20	3	133	0.0225564
NODE_169029_length_1461_cov_4.386197	226	359	21	19	133	0.1428571
NODE_169029_length_1461_cov_4.386197	226	359	22	4	133	0.0300752
NODE_169029_length_1461_cov_4.386197	226	359	23	3	133	0.0225564
NODE_169029_length_1461_cov_4.386197	226	359	24	6	133	0.0451128
NODE_169029_length_1461_cov_4.386197	226	359	25	13	133	0.0977444
NODE_169029_length_1461_cov_4.386197	226	359	26	8	133	0.0601504
NODE_169029_length_1461_cov_4.386197	226	359	27	3	133	0.0225564
NODE_169029_length_1461_cov_4.386197	226	359	28	4	133	0.0300752
NODE_169029_length_1461_cov_4.386197	226	359	29	7	133	0.0526316
NODE_169029_length_1461_cov_4.386197	226	359	30	1	133	0.0075188
NODE_169029_length_1461_cov_4.386197	226	359	31	13	133	0.0977444
NODE_169029_length_1461_cov_4.386197	226	359	32	8	133	0.0601504
NODE_169029_length_1461_cov_4.386197	226	359	34	23	133	0.1729323
NODE_169029_length_1461_cov_4.386197	226	359	35	4	133	0.0300752
NODE_169029_length_1461_cov_4.386197	226	359	36	5	133	0.0375940
NODE_169088_length_1461_cov_2.928781	762	895	7	4	133	0.0300752
NODE_169088_length_1461_cov_2.928781	762	895	9	7	133	0.0526316
NODE_169088_length_1461_cov_2.928781	762	895	10	2	133	0.0150376
NODE_169088_length_1461_cov_2.928781	762	895	11	20	133	0.1503759
NODE_169088_length_1461_cov_2.928781	762	895	12	27	133	0.2030075
NODE_169088_length_1461_cov_2.928781	762	895	13	49	133	0.3684210
NODE_169088_length_1461_cov_2.928781	762	895	14	24	133	0.1804511
NODE_1692_length_12976_cov_4.363905	7327	7460	12	17	133	0.1278196
NODE_1692_length_12976_cov_4.363905	7327	7460	13	28	133	0.2105263
NODE_1692_length_12976_cov_4.363905	7327	7460	14	42	133	0.3157895
NODE_1692_length_12976_cov_4.363905	7327	7460	15	13	133	0.0977444
NODE_1692_length_12976_cov_4.363905	7327	7460	16	18	133	0.1353384
NODE_1692_length_12976_cov_4.363905	7327	7460	17	15	133	0.1127820
NODE_169391_length_1458_cov_5.161884	1291	1424	0	15	133	0.1127820
NODE_169391_length_1458_cov_5.161884	1291	1424	1	2	133	0.0150376
NODE_169391_length_1458_cov_5.161884	1291	1424	2	36	133	0.2706767
NODE_169391_length_1458_cov_5.161884	1291	1424	4	80	133	0.6015037
NODE_169447_length_1458_cov_3.600442	341	474	13	4	133	0.0300752
NODE_169447_length_1458_cov_3.600442	341	474	14	12	133	0.0902256
NODE_169447_length_1458_cov_3.600442	341	474	15	10	133	0.0751880
NODE_169447_length_1458_cov_3.600442	341	474	16	4	133	0.0300752
NODE_169447_length_1458_cov_3.600442	341	474	17	9	133	0.0676692
NODE_169447_length_1458_cov_3.600442	341	474	19	8	133	0.0601504
NODE_169447_length_1458_cov_3.600442	341	474	22	13	133	0.0977444
NODE_169447_length_1458_cov_3.600442	341	474	23	9	133	0.0676692
NODE_169447_length_1458_cov_3.600442	341	474	24	19	133	0.1428571
NODE_169447_length_1458_cov_3.600442	341	474	25	17	133	0.1278196
NODE_169447_length_1458_cov_3.600442	341	474	26	1	133	0.0075188
NODE_169447_length_1458_cov_3.600442	341	474	27	3	133	0.0225564
NODE_169447_length_1458_cov_3.600442	341	474	28	5	133	0.0375940
NODE_169447_length_1458_cov_3.600442	341	474	29	18	133	0.1353384
NODE_169447_length_1458_cov_3.600442	341	474	30	1	133	0.0075188
NODE_169567_length_1457_cov_3.527982	738	871	33	5	133	0.0375940
NODE_169567_length_1457_cov_3.527982	738	871	34	2	133	0.0150376
NODE_169567_length_1457_cov_3.527982	738	871	35	10	133	0.0751880
NODE_169567_length_1457_cov_3.527982	738	871	36	6	133	0.0451128
NODE_169567_length_1457_cov_3.527982	738	871	37	7	133	0.0526316
NODE_169567_length_1457_cov_3.527982	738	871	38	11	133	0.0827068
NODE_169567_length_1457_cov_3.527982	738	871	39	5	133	0.0375940
NODE_169567_length_1457_cov_3.527982	738	871	40	6	133	0.0451128
NODE_169567_length_1457_cov_3.527982	738	871	41	6	133	0.0451128
NODE_169567_length_1457_cov_3.527982	738	871	42	2	133	0.0150376
NODE_169567_length_1457_cov_3.527982	738	871	43	2	133	0.0150376
NODE_169567_length_1457_cov_3.527982	738	871	45	6	133	0.0451128
NODE_169567_length_1457_cov_3.527982	738	871	46	2	133	0.0150376
NODE_169567_length_1457_cov_3.527982	738	871	47	9	133	0.0676692
NODE_169567_length_1457_cov_3.527982	738	871	48	4	133	0.0300752
NODE_169567_length_1457_cov_3.527982	738	871	49	2	133	0.0150376
NODE_169567_length_1457_cov_3.527982	738	871	50	2	133	0.0150376
NODE_169567_length_1457_cov_3.527982	738	871	51	6	133	0.0451128
NODE_169567_length_1457_cov_3.527982	738	871	52	3	133	0.0225564
NODE_169567_length_1457_cov_3.527982	738	871	53	11	133	0.0827068
NODE_169567_length_1457_cov_3.527982	738	871	54	10	133	0.0751880
NODE_169567_length_1457_cov_3.527982	738	871	55	13	133	0.0977444
NODE_169567_length_1457_cov_3.527982	738	871	56	3	133	0.0225564
NODE_169587_length_1457_cov_3.043446	687	820	3	57	133	0.4285714
NODE_169587_length_1457_cov_3.043446	687	820	4	40	133	0.3007519
NODE_169587_length_1457_cov_3.043446	687	820	5	8	133	0.0601504
NODE_169587_length_1457_cov_3.043446	687	820	6	28	133	0.2105263
NODE_16958_length_5988_cov_4.231279	4262	4395	9	1	133	0.0075188
NODE_16958_length_5988_cov_4.231279	4262	4395	10	17	133	0.1278196
NODE_16958_length_5988_cov_4.231279	4262	4395	11	17	133	0.1278196
NODE_16958_length_5988_cov_4.231279	4262	4395	12	2	133	0.0150376
NODE_16958_length_5988_cov_4.231279	4262	4395	13	1	133	0.0075188
NODE_16958_length_5988_cov_4.231279	4262	4395	14	35	133	0.2631579
NODE_16958_length_5988_cov_4.231279	4262	4395	15	14	133	0.1052632
NODE_16958_length_5988_cov_4.231279	4262	4395	16	46	133	0.3458647
NODE_1695_length_12973_cov_4.716172	888	1021	8	27	133	0.2030075
NODE_1695_length_12973_cov_4.716172	888	1021	9	12	133	0.0902256
NODE_1695_length_12973_cov_4.716172	888	1021	10	45	133	0.3383459
NODE_1695_length_12973_cov_4.716172	888	1021	12	13	133	0.0977444
NODE_1695_length_12973_cov_4.716172	888	1021	13	33	133	0.2481203
NODE_1695_length_12973_cov_4.716172	888	1021	14	3	133	0.0225564
NODE_169633_length_1456_cov_5.066323	276	409	5	2	133	0.0150376
NODE_169633_length_1456_cov_5.066323	276	409	6	11	133	0.0827068
NODE_169633_length_1456_cov_5.066323	276	409	7	14	133	0.1052632
NODE_169633_length_1456_cov_5.066323	276	409	8	4	133	0.0300752
NODE_169633_length_1456_cov_5.066323	276	409	9	13	133	0.0977444
NODE_169633_length_1456_cov_5.066323	276	409	10	7	133	0.0526316
NODE_169633_length_1456_cov_5.066323	276	409	11	6	133	0.0451128
NODE_169633_length_1456_cov_5.066323	276	409	12	48	133	0.3609022
NODE_169633_length_1456_cov_5.066323	276	409	13	19	133	0.1428571
NODE_169633_length_1456_cov_5.066323	276	409	14	7	133	0.0526316
NODE_169633_length_1456_cov_5.066323	276	409	15	2	133	0.0150376
NODE_169639_length_1456_cov_4.732498	249	382	6	8	133	0.0601504
NODE_169639_length_1456_cov_4.732498	249	382	7	17	133	0.1278196
NODE_169639_length_1456_cov_4.732498	249	382	8	22	133	0.1654135
NODE_169639_length_1456_cov_4.732498	249	382	9	12	133	0.0902256
NODE_169639_length_1456_cov_4.732498	249	382	10	48	133	0.3609022
NODE_169639_length_1456_cov_4.732498	249	382	11	18	133	0.1353384
NODE_169639_length_1456_cov_4.732498	249	382	12	8	133	0.0601504
NODE_16963_length_5987_cov_4.445652	661	794	5	3	133	0.0225564
NODE_16963_length_5987_cov_4.445652	661	794	6	23	133	0.1729323
NODE_16963_length_5987_cov_4.445652	661	794	7	24	133	0.1804511
NODE_16963_length_5987_cov_4.445652	661	794	8	46	133	0.3458647
NODE_16963_length_5987_cov_4.445652	661	794	9	9	133	0.0676692
NODE_16963_length_5987_cov_4.445652	661	794	10	4	133	0.0300752
NODE_16963_length_5987_cov_4.445652	661	794	12	1	133	0.0075188
NODE_16963_length_5987_cov_4.445652	661	794	13	14	133	0.1052632
NODE_16963_length_5987_cov_4.445652	661	794	14	9	133	0.0676692
NODE_169649_length_1456_cov_4.433309	511	644	8	4	133	0.0300752
NODE_169649_length_1456_cov_4.433309	511	644	11	2	133	0.0150376
NODE_169649_length_1456_cov_4.433309	511	644	12	7	133	0.0526316
NODE_169649_length_1456_cov_4.433309	511	644	13	6	133	0.0451128
NODE_169649_length_1456_cov_4.433309	511	644	14	3	133	0.0225564
NODE_169649_length_1456_cov_4.433309	511	644	15	10	133	0.0751880
NODE_169649_length_1456_cov_4.433309	511	644	18	3	133	0.0225564
NODE_169649_length_1456_cov_4.433309	511	644	19	6	133	0.0451128
NODE_169649_length_1456_cov_4.433309	511	644	20	26	133	0.1954887
NODE_169649_length_1456_cov_4.433309	511	644	21	40	133	0.3007519
NODE_169649_length_1456_cov_4.433309	511	644	22	18	133	0.1353384
NODE_169649_length_1456_cov_4.433309	511	644	23	8	133	0.0601504
NODE_169666_length_1456_cov_3.967576	585	718	4	2	133	0.0150376
NODE_169666_length_1456_cov_3.967576	585	718	5	19	133	0.1428571
NODE_169666_length_1456_cov_3.967576	585	718	7	3	133	0.0225564
NODE_169666_length_1456_cov_3.967576	585	718	9	9	133	0.0676692
NODE_169666_length_1456_cov_3.967576	585	718	10	2	133	0.0150376
NODE_169666_length_1456_cov_3.967576	585	718	11	21	133	0.1578947
NODE_169666_length_1456_cov_3.967576	585	718	12	67	133	0.5037594
NODE_169666_length_1456_cov_3.967576	585	718	13	10	133	0.0751880
NODE_169690_length_1456_cov_3.439941	564	697	8	14	133	0.1052632
NODE_169690_length_1456_cov_3.439941	564	697	9	6	133	0.0451128
NODE_169690_length_1456_cov_3.439941	564	697	10	23	133	0.1729323
NODE_169690_length_1456_cov_3.439941	564	697	11	22	133	0.1654135
NODE_169690_length_1456_cov_3.439941	564	697	12	17	133	0.1278196
NODE_169690_length_1456_cov_3.439941	564	697	14	1	133	0.0075188
NODE_169690_length_1456_cov_3.439941	564	697	19	20	133	0.1503759
NODE_169690_length_1456_cov_3.439941	564	697	20	5	133	0.0375940
NODE_169690_length_1456_cov_3.439941	564	697	21	15	133	0.1127820
NODE_169690_length_1456_cov_3.439941	564	697	22	10	133	0.0751880
NODE_16971_length_5984_cov_5.711130	3131	3264	7	17	133	0.1278196
NODE_16971_length_5984_cov_5.711130	3131	3264	8	26	133	0.1954887
NODE_16971_length_5984_cov_5.711130	3131	3264	9	35	133	0.2631579
NODE_16971_length_5984_cov_5.711130	3131	3264	10	34	133	0.2556391
NODE_16971_length_5984_cov_5.711130	3131	3264	11	8	133	0.0601504
NODE_16971_length_5984_cov_5.711130	3131	3264	12	13	133	0.0977444
NODE_1697_length_12970_cov_4.228964	11252	11385	9	1	133	0.0075188
NODE_1697_length_12970_cov_4.228964	11252	11385	10	16	133	0.1203008
NODE_1697_length_12970_cov_4.228964	11252	11385	11	29	133	0.2180451
NODE_1697_length_12970_cov_4.228964	11252	11385	12	59	133	0.4436090
NODE_1697_length_12970_cov_4.228964	11252	11385	13	13	133	0.0977444
NODE_1697_length_12970_cov_4.228964	11252	11385	14	15	133	0.1127820
NODE_169887_length_1454_cov_4.746863	45	178	3	6	133	0.0451128
NODE_169887_length_1454_cov_4.746863	45	178	4	12	133	0.0902256
NODE_169887_length_1454_cov_4.746863	45	178	6	2	133	0.0150376
NODE_169887_length_1454_cov_4.746863	45	178	8	60	133	0.4511278
NODE_169887_length_1454_cov_4.746863	45	178	9	8	133	0.0601504
NODE_169887_length_1454_cov_4.746863	45	178	10	7	133	0.0526316
NODE_169887_length_1454_cov_4.746863	45	178	11	20	133	0.1503759
NODE_169887_length_1454_cov_4.746863	45	178	12	18	133	0.1353384
NODE_169998_length_1454_cov_2.364576	602	735	12	2	133	0.0150376
NODE_169998_length_1454_cov_2.364576	602	735	13	2	133	0.0150376
NODE_169998_length_1454_cov_2.364576	602	735	14	13	133	0.0977444
NODE_169998_length_1454_cov_2.364576	602	735	16	26	133	0.1954887
NODE_169998_length_1454_cov_2.364576	602	735	17	37	133	0.2781955
NODE_169998_length_1454_cov_2.364576	602	735	18	9	133	0.0676692
NODE_169998_length_1454_cov_2.364576	602	735	19	19	133	0.1428571
NODE_169998_length_1454_cov_2.364576	602	735	20	6	133	0.0451128
NODE_169998_length_1454_cov_2.364576	602	735	21	14	133	0.1052632
NODE_169998_length_1454_cov_2.364576	602	735	22	5	133	0.0375940
NODE_169_length_22566_cov_4.954956	22277	22410	14	7	133	0.0526316
NODE_169_length_22566_cov_4.954956	22277	22410	15	6	133	0.0451128
NODE_169_length_22566_cov_4.954956	22277	22410	16	13	133	0.0977444
NODE_169_length_22566_cov_4.954956	22277	22410	17	8	133	0.0601504
NODE_169_length_22566_cov_4.954956	22277	22410	18	13	133	0.0977444
NODE_169_length_22566_cov_4.954956	22277	22410	19	9	133	0.0676692
NODE_169_length_22566_cov_4.954956	22277	22410	20	4	133	0.0300752
NODE_169_length_22566_cov_4.954956	22277	22410	21	9	133	0.0676692
NODE_169_length_22566_cov_4.954956	22277	22410	22	23	133	0.1729323
NODE_169_length_22566_cov_4.954956	22277	22410	23	5	133	0.0375940
NODE_169_length_22566_cov_4.954956	22277	22410	24	5	133	0.0375940
NODE_169_length_22566_cov_4.954956	22277	22410	26	17	133	0.1278196
NODE_169_length_22566_cov_4.954956	22277	22410	27	14	133	0.1052632
NODE_16_length_34071_cov_5.078182	31563	31696	5	7	133	0.0526316
NODE_16_length_34071_cov_5.078182	31563	31696	6	7	133	0.0526316
NODE_16_length_34071_cov_5.078182	31563	31696	7	4	133	0.0300752
NODE_16_length_34071_cov_5.078182	31563	31696	8	14	133	0.1052632
NODE_16_length_34071_cov_5.078182	31563	31696	9	12	133	0.0902256
NODE_16_length_34071_cov_5.078182	31563	31696	10	24	133	0.1804511
NODE_16_length_34071_cov_5.078182	31563	31696	11	38	133	0.2857143
NODE_16_length_34071_cov_5.078182	31563	31696	12	27	133	0.2030075
NODE_170010_length_1453_cov_5.720827	1328	1461	0	8	133	0.0601504
NODE_170010_length_1453_cov_5.720827	1328	1461	4	4	133	0.0300752
NODE_170010_length_1453_cov_5.720827	1328	1461	5	9	133	0.0676692
NODE_170010_length_1453_cov_5.720827	1328	1461	6	7	133	0.0526316
NODE_170010_length_1453_cov_5.720827	1328	1461	7	4	133	0.0300752
NODE_170010_length_1453_cov_5.720827	1328	1461	8	9	133	0.0676692
NODE_170010_length_1453_cov_5.720827	1328	1461	9	24	133	0.1804511
NODE_170010_length_1453_cov_5.720827	1328	1461	11	11	133	0.0827068
NODE_170010_length_1453_cov_5.720827	1328	1461	12	20	133	0.1503759
NODE_170010_length_1453_cov_5.720827	1328	1461	13	37	133	0.2781955
NODE_170030_length_1453_cov_4.576809	442	575	11	2	133	0.0150376
NODE_170030_length_1453_cov_4.576809	442	575	12	16	133	0.1203008
NODE_170030_length_1453_cov_4.576809	442	575	13	18	133	0.1353384
NODE_170030_length_1453_cov_4.576809	442	575	14	32	133	0.2406015
NODE_170030_length_1453_cov_4.576809	442	575	15	9	133	0.0676692
NODE_170030_length_1453_cov_4.576809	442	575	16	17	133	0.1278196
NODE_170030_length_1453_cov_4.576809	442	575	17	6	133	0.0451128
NODE_170030_length_1453_cov_4.576809	442	575	18	32	133	0.2406015
NODE_170030_length_1453_cov_4.576809	442	575	19	1	133	0.0075188
NODE_17003_length_5979_cov_4.461224	4096	4229	0	24	133	0.1804511
NODE_17003_length_5979_cov_4.461224	4096	4229	1	1	133	0.0075188
NODE_17003_length_5979_cov_4.461224	4096	4229	2	16	133	0.1203008
NODE_17003_length_5979_cov_4.461224	4096	4229	4	2	133	0.0150376
NODE_17003_length_5979_cov_4.461224	4096	4229	5	12	133	0.0902256
NODE_17003_length_5979_cov_4.461224	4096	4229	6	10	133	0.0751880
NODE_17003_length_5979_cov_4.461224	4096	4229	7	60	133	0.4511278
NODE_17003_length_5979_cov_4.461224	4096	4229	8	8	133	0.0601504
NODE_17029_length_5975_cov_5.439415	1005	1138	2	9	133	0.0676692
NODE_17029_length_5975_cov_5.439415	1005	1138	3	22	133	0.1654135
NODE_17029_length_5975_cov_5.439415	1005	1138	5	5	133	0.0375940
NODE_17029_length_5975_cov_5.439415	1005	1138	6	4	133	0.0300752
NODE_17029_length_5975_cov_5.439415	1005	1138	8	1	133	0.0075188
NODE_17029_length_5975_cov_5.439415	1005	1138	9	15	133	0.1127820
NODE_17029_length_5975_cov_5.439415	1005	1138	10	6	133	0.0451128
NODE_17029_length_5975_cov_5.439415	1005	1138	11	8	133	0.0601504
NODE_17029_length_5975_cov_5.439415	1005	1138	12	5	133	0.0375940
NODE_17029_length_5975_cov_5.439415	1005	1138	14	6	133	0.0451128
NODE_17029_length_5975_cov_5.439415	1005	1138	15	6	133	0.0451128
NODE_17029_length_5975_cov_5.439415	1005	1138	17	4	133	0.0300752
NODE_17029_length_5975_cov_5.439415	1005	1138	18	2	133	0.0150376
NODE_17029_length_5975_cov_5.439415	1005	1138	19	1	133	0.0075188
NODE_17029_length_5975_cov_5.439415	1005	1138	20	2	133	0.0150376
NODE_17029_length_5975_cov_5.439415	1005	1138	21	2	133	0.0150376
NODE_17029_length_5975_cov_5.439415	1005	1138	22	7	133	0.0526316
NODE_17029_length_5975_cov_5.439415	1005	1138	23	18	133	0.1353384
NODE_17029_length_5975_cov_5.439415	1005	1138	24	2	133	0.0150376
NODE_17029_length_5975_cov_5.439415	1005	1138	25	4	133	0.0300752
NODE_17029_length_5975_cov_5.439415	1005	1138	26	4	133	0.0300752
NODE_17035_length_5974_cov_4.781106	4580	4713	14	3	133	0.0225564
NODE_17035_length_5974_cov_4.781106	4580	4713	15	1	133	0.0075188
NODE_17035_length_5974_cov_4.781106	4580	4713	16	7	133	0.0526316
NODE_17035_length_5974_cov_4.781106	4580	4713	17	4	133	0.0300752
NODE_17035_length_5974_cov_4.781106	4580	4713	18	14	133	0.1052632
NODE_17035_length_5974_cov_4.781106	4580	4713	19	12	133	0.0902256
NODE_17035_length_5974_cov_4.781106	4580	4713	20	9	133	0.0676692
NODE_17035_length_5974_cov_4.781106	4580	4713	21	1	133	0.0075188
NODE_17035_length_5974_cov_4.781106	4580	4713	22	17	133	0.1278196
NODE_17035_length_5974_cov_4.781106	4580	4713	23	5	133	0.0375940
NODE_17035_length_5974_cov_4.781106	4580	4713	24	30	133	0.2255639
NODE_17035_length_5974_cov_4.781106	4580	4713	25	23	133	0.1729323
NODE_17035_length_5974_cov_4.781106	4580	4713	26	7	133	0.0526316
NODE_170361_length_1451_cov_2.735207	1147	1280	3	18	133	0.1353384
NODE_170361_length_1451_cov_2.735207	1147	1280	4	40	133	0.3007519
NODE_170361_length_1451_cov_2.735207	1147	1280	5	50	133	0.3759398
NODE_170361_length_1451_cov_2.735207	1147	1280	6	25	133	0.1879699
NODE_170640_length_1449_cov_2.603704	128	261	6	6	133	0.0451128
NODE_170640_length_1449_cov_2.603704	128	261	7	37	133	0.2781955
NODE_170640_length_1449_cov_2.603704	128	261	8	2	133	0.0150376
NODE_170640_length_1449_cov_2.603704	128	261	9	8	133	0.0601504
NODE_170640_length_1449_cov_2.603704	128	261	10	42	133	0.3157895
NODE_170640_length_1449_cov_2.603704	128	261	11	32	133	0.2406015
NODE_170640_length_1449_cov_2.603704	128	261	12	6	133	0.0451128
NODE_170682_length_1448_cov_5.102298	744	877	5	8	133	0.0601504
NODE_170682_length_1448_cov_5.102298	744	877	6	1	133	0.0075188
NODE_170682_length_1448_cov_5.102298	744	877	7	2	133	0.0150376
NODE_170682_length_1448_cov_5.102298	744	877	8	6	133	0.0451128
NODE_170682_length_1448_cov_5.102298	744	877	9	25	133	0.1879699
NODE_170682_length_1448_cov_5.102298	744	877	10	1	133	0.0075188
NODE_170682_length_1448_cov_5.102298	744	877	11	5	133	0.0375940
NODE_170682_length_1448_cov_5.102298	744	877	12	23	133	0.1729323
NODE_170682_length_1448_cov_5.102298	744	877	13	13	133	0.0977444
NODE_170682_length_1448_cov_5.102298	744	877	14	17	133	0.1278196
NODE_170682_length_1448_cov_5.102298	744	877	15	14	133	0.1052632
NODE_170682_length_1448_cov_5.102298	744	877	16	18	133	0.1353384
NODE_170711_length_1448_cov_3.845070	365	498	3	6	133	0.0451128
NODE_170711_length_1448_cov_3.845070	365	498	4	24	133	0.1804511
NODE_170711_length_1448_cov_3.845070	365	498	5	6	133	0.0451128
NODE_170711_length_1448_cov_3.845070	365	498	7	6	133	0.0451128
NODE_170711_length_1448_cov_3.845070	365	498	11	4	133	0.0300752
NODE_170711_length_1448_cov_3.845070	365	498	12	1	133	0.0075188
NODE_170711_length_1448_cov_3.845070	365	498	13	1	133	0.0075188
NODE_170711_length_1448_cov_3.845070	365	498	14	37	133	0.2781955
NODE_170711_length_1448_cov_3.845070	365	498	15	1	133	0.0075188
NODE_170711_length_1448_cov_3.845070	365	498	16	33	133	0.2481203
NODE_170711_length_1448_cov_3.845070	365	498	17	14	133	0.1052632
NODE_170789_length_1447_cov_6.653561	757	890	13	10	133	0.0751880
NODE_170789_length_1447_cov_6.653561	757	890	14	34	133	0.2556391
NODE_170789_length_1447_cov_6.653561	757	890	15	36	133	0.2706767
NODE_170789_length_1447_cov_6.653561	757	890	16	3	133	0.0225564
NODE_170789_length_1447_cov_6.653561	757	890	17	20	133	0.1503759
NODE_170789_length_1447_cov_6.653561	757	890	18	25	133	0.1879699
NODE_170789_length_1447_cov_6.653561	757	890	19	5	133	0.0375940
NODE_17095_length_5966_cov_3.978354	4119	4252	1	23	133	0.1729323
NODE_17095_length_5966_cov_3.978354	4119	4252	3	14	133	0.1052632
NODE_17095_length_5966_cov_3.978354	4119	4252	4	76	133	0.5714286
NODE_17095_length_5966_cov_3.978354	4119	4252	5	20	133	0.1503759
NODE_171001_length_1446_cov_3.146251	647	780	1	40	133	0.3007519
NODE_171001_length_1446_cov_3.146251	647	780	2	43	133	0.3233083
NODE_171001_length_1446_cov_3.146251	647	780	3	1	133	0.0075188
NODE_171001_length_1446_cov_3.146251	647	780	4	40	133	0.3007519
NODE_171001_length_1446_cov_3.146251	647	780	5	9	133	0.0676692
NODE_171039_length_1445_cov_6.254829	109	242	6	18	133	0.1353384
NODE_171039_length_1445_cov_6.254829	109	242	7	27	133	0.2030075
NODE_171039_length_1445_cov_6.254829	109	242	8	57	133	0.4285714
NODE_171039_length_1445_cov_6.254829	109	242	9	17	133	0.1278196
NODE_171039_length_1445_cov_6.254829	109	242	10	14	133	0.1052632
NODE_171048_length_1445_cov_4.851412	619	752	8	3	133	0.0225564
NODE_171048_length_1445_cov_4.851412	619	752	9	8	133	0.0601504
NODE_171048_length_1445_cov_4.851412	619	752	10	3	133	0.0225564
NODE_171048_length_1445_cov_4.851412	619	752	12	9	133	0.0676692
NODE_171048_length_1445_cov_4.851412	619	752	13	2	133	0.0150376
NODE_171048_length_1445_cov_4.851412	619	752	14	2	133	0.0150376
NODE_171048_length_1445_cov_4.851412	619	752	15	2	133	0.0150376
NODE_171048_length_1445_cov_4.851412	619	752	16	15	133	0.1127820
NODE_171048_length_1445_cov_4.851412	619	752	17	19	133	0.1428571
NODE_171048_length_1445_cov_4.851412	619	752	18	17	133	0.1278196
NODE_171048_length_1445_cov_4.851412	619	752	19	24	133	0.1804511
NODE_171048_length_1445_cov_4.851412	619	752	20	29	133	0.2180451
NODE_171161_length_1445_cov_2.372214	1197	1330	0	48	133	0.3609022
NODE_171161_length_1445_cov_2.372214	1197	1330	2	85	133	0.6390978
NODE_171179_length_1444_cov_5.249071	450	583	10	6	133	0.0451128
NODE_171179_length_1444_cov_5.249071	450	583	12	30	133	0.2255639
NODE_171179_length_1444_cov_5.249071	450	583	13	11	133	0.0827068
NODE_171179_length_1444_cov_5.249071	450	583	14	10	133	0.0751880
NODE_171179_length_1444_cov_5.249071	450	583	15	2	133	0.0150376
NODE_171179_length_1444_cov_5.249071	450	583	17	7	133	0.0526316
NODE_171179_length_1444_cov_5.249071	450	583	18	55	133	0.4135338
NODE_171179_length_1444_cov_5.249071	450	583	19	12	133	0.0902256
NODE_1711_length_12940_cov_3.940970	11929	12062	35	1	133	0.0075188
NODE_1711_length_12940_cov_3.940970	11929	12062	36	4	133	0.0300752
NODE_1711_length_12940_cov_3.940970	11929	12062	37	3	133	0.0225564
NODE_1711_length_12940_cov_3.940970	11929	12062	38	3	133	0.0225564
NODE_1711_length_12940_cov_3.940970	11929	12062	39	1	133	0.0075188
NODE_1711_length_12940_cov_3.940970	11929	12062	40	9	133	0.0676692
NODE_1711_length_12940_cov_3.940970	11929	12062	43	1	133	0.0075188
NODE_1711_length_12940_cov_3.940970	11929	12062	45	1	133	0.0075188
NODE_1711_length_12940_cov_3.940970	11929	12062	46	6	133	0.0451128
NODE_1711_length_12940_cov_3.940970	11929	12062	48	2	133	0.0150376
NODE_1711_length_12940_cov_3.940970	11929	12062	50	5	133	0.0375940
NODE_1711_length_12940_cov_3.940970	11929	12062	51	1	133	0.0075188
NODE_1711_length_12940_cov_3.940970	11929	12062	52	12	133	0.0902256
NODE_1711_length_12940_cov_3.940970	11929	12062	53	9	133	0.0676692
NODE_1711_length_12940_cov_3.940970	11929	12062	54	14	133	0.1052632
NODE_1711_length_12940_cov_3.940970	11929	12062	55	3	133	0.0225564
NODE_1711_length_12940_cov_3.940970	11929	12062	56	8	133	0.0601504
NODE_1711_length_12940_cov_3.940970	11929	12062	57	1	133	0.0075188
NODE_1711_length_12940_cov_3.940970	11929	12062	58	3	133	0.0225564
NODE_1711_length_12940_cov_3.940970	11929	12062	59	1	133	0.0075188
NODE_1711_length_12940_cov_3.940970	11929	12062	60	16	133	0.1203008
NODE_1711_length_12940_cov_3.940970	11929	12062	61	17	133	0.1278196
NODE_1711_length_12940_cov_3.940970	11929	12062	62	5	133	0.0375940
NODE_1711_length_12940_cov_3.940970	11929	12062	63	4	133	0.0300752
NODE_1711_length_12940_cov_3.940970	11929	12062	64	3	133	0.0225564
NODE_17125_length_5961_cov_5.767315	5250	5383	2	44	133	0.3308271
NODE_17125_length_5961_cov_5.767315	5250	5383	3	13	133	0.0977444
NODE_17125_length_5961_cov_5.767315	5250	5383	4	6	133	0.0451128
NODE_17125_length_5961_cov_5.767315	5250	5383	6	4	133	0.0300752
NODE_17125_length_5961_cov_5.767315	5250	5383	7	4	133	0.0300752
NODE_17125_length_5961_cov_5.767315	5250	5383	8	62	133	0.4661654
NODE_171325_length_1443_cov_3.966518	512	645	15	17	133	0.1278196
NODE_171325_length_1443_cov_3.966518	512	645	16	5	133	0.0375940
NODE_171325_length_1443_cov_3.966518	512	645	17	36	133	0.2706767
NODE_171325_length_1443_cov_3.966518	512	645	18	4	133	0.0300752
NODE_171325_length_1443_cov_3.966518	512	645	19	33	133	0.2481203
NODE_171325_length_1443_cov_3.966518	512	645	20	9	133	0.0676692
NODE_171325_length_1443_cov_3.966518	512	645	21	25	133	0.1879699
NODE_171325_length_1443_cov_3.966518	512	645	22	4	133	0.0300752
NODE_171338_length_1443_cov_3.703125	1157	1290	3	17	133	0.1278196
NODE_171338_length_1443_cov_3.703125	1157	1290	4	4	133	0.0300752
NODE_171338_length_1443_cov_3.703125	1157	1290	5	110	133	0.8270677
NODE_171338_length_1443_cov_3.703125	1157	1290	6	2	133	0.0150376
NODE_171386_length_1443_cov_3.009673	1007	1140	3	58	133	0.4360902
NODE_171386_length_1443_cov_3.009673	1007	1140	5	45	133	0.3383459
NODE_171386_length_1443_cov_3.009673	1007	1140	6	30	133	0.2255639
NODE_1713_length_12931_cov_8.510053	12287	12420	0	11	133	0.0827068
NODE_1713_length_12931_cov_8.510053	12287	12420	1	56	133	0.4210526
NODE_1713_length_12931_cov_8.510053	12287	12420	2	66	133	0.4962406
NODE_171456_length_1442_cov_4.374535	439	572	1	27	133	0.2030075
NODE_171456_length_1442_cov_4.374535	439	572	3	15	133	0.1127820
NODE_171456_length_1442_cov_4.374535	439	572	4	2	133	0.0150376
NODE_171456_length_1442_cov_4.374535	439	572	5	24	133	0.1804511
NODE_171456_length_1442_cov_4.374535	439	572	6	25	133	0.1879699
NODE_171456_length_1442_cov_4.374535	439	572	7	9	133	0.0676692
NODE_171456_length_1442_cov_4.374535	439	572	9	31	133	0.2330827
NODE_171687_length_1441_cov_2.491803	1266	1399	2	16	133	0.1203008
NODE_171687_length_1441_cov_2.491803	1266	1399	4	44	133	0.3308271
NODE_171687_length_1441_cov_2.491803	1266	1399	5	56	133	0.4210526
NODE_171687_length_1441_cov_2.491803	1266	1399	6	17	133	0.1278196
NODE_17182_length_5952_cov_2.916795	3779	3912	8	23	133	0.1729323
NODE_17182_length_5952_cov_2.916795	3779	3912	9	15	133	0.1127820
NODE_17182_length_5952_cov_2.916795	3779	3912	10	14	133	0.1052632
NODE_17182_length_5952_cov_2.916795	3779	3912	11	69	133	0.5187970
NODE_17182_length_5952_cov_2.916795	3779	3912	12	3	133	0.0225564
NODE_17182_length_5952_cov_2.916795	3779	3912	13	9	133	0.0676692
NODE_171905_length_1439_cov_2.679104	548	681	7	19	133	0.1428571
NODE_171905_length_1439_cov_2.679104	548	681	11	14	133	0.1052632
NODE_171905_length_1439_cov_2.679104	548	681	12	8	133	0.0601504
NODE_171905_length_1439_cov_2.679104	548	681	13	12	133	0.0902256
NODE_171905_length_1439_cov_2.679104	548	681	14	7	133	0.0526316
NODE_171905_length_1439_cov_2.679104	548	681	15	13	133	0.0977444
NODE_171905_length_1439_cov_2.679104	548	681	16	10	133	0.0751880
NODE_171905_length_1439_cov_2.679104	548	681	17	22	133	0.1654135
NODE_171905_length_1439_cov_2.679104	548	681	18	28	133	0.2105263
NODE_171967_length_1438_cov_4.232263	204	337	34	1	133	0.0075188
NODE_171967_length_1438_cov_4.232263	204	337	35	3	133	0.0225564
NODE_171967_length_1438_cov_4.232263	204	337	36	2	133	0.0150376
NODE_171967_length_1438_cov_4.232263	204	337	37	21	133	0.1578947
NODE_171967_length_1438_cov_4.232263	204	337	38	9	133	0.0676692
NODE_171967_length_1438_cov_4.232263	204	337	39	15	133	0.1127820
NODE_171967_length_1438_cov_4.232263	204	337	40	9	133	0.0676692
NODE_171967_length_1438_cov_4.232263	204	337	41	12	133	0.0902256
NODE_171967_length_1438_cov_4.232263	204	337	42	18	133	0.1353384
NODE_171967_length_1438_cov_4.232263	204	337	43	2	133	0.0150376
NODE_171967_length_1438_cov_4.232263	204	337	44	12	133	0.0902256
NODE_171967_length_1438_cov_4.232263	204	337	45	15	133	0.1127820
NODE_171967_length_1438_cov_4.232263	204	337	46	9	133	0.0676692
NODE_171967_length_1438_cov_4.232263	204	337	47	5	133	0.0375940
NODE_1719_length_12920_cov_5.349193	4999	5132	3	7	133	0.0526316
NODE_1719_length_12920_cov_5.349193	4999	5132	4	6	133	0.0451128
NODE_1719_length_12920_cov_5.349193	4999	5132	5	10	133	0.0751880
NODE_1719_length_12920_cov_5.349193	4999	5132	6	11	133	0.0827068
NODE_1719_length_12920_cov_5.349193	4999	5132	7	17	133	0.1278196
NODE_1719_length_12920_cov_5.349193	4999	5132	9	1	133	0.0075188
NODE_1719_length_12920_cov_5.349193	4999	5132	11	3	133	0.0225564
NODE_1719_length_12920_cov_5.349193	4999	5132	12	20	133	0.1503759
NODE_1719_length_12920_cov_5.349193	4999	5132	13	8	133	0.0601504
NODE_1719_length_12920_cov_5.349193	4999	5132	14	3	133	0.0225564
NODE_1719_length_12920_cov_5.349193	4999	5132	15	41	133	0.3082707
NODE_1719_length_12920_cov_5.349193	4999	5132	16	6	133	0.0451128
NODE_171_length_22521_cov_10.256935	10551	10684	1	16	133	0.1203008
NODE_171_length_22521_cov_10.256935	10551	10684	2	29	133	0.2180451
NODE_171_length_22521_cov_10.256935	10551	10684	3	11	133	0.0827068
NODE_171_length_22521_cov_10.256935	10551	10684	4	16	133	0.1203008
NODE_171_length_22521_cov_10.256935	10551	10684	5	1	133	0.0075188
NODE_171_length_22521_cov_10.256935	10551	10684	6	26	133	0.1954887
NODE_171_length_22521_cov_10.256935	10551	10684	7	30	133	0.2255639
NODE_171_length_22521_cov_10.256935	10551	10684	8	4	133	0.0300752
NODE_172114_length_1437_cov_4.026158	619	752	24	5	133	0.0375940
NODE_172114_length_1437_cov_4.026158	619	752	25	7	133	0.0526316
NODE_172114_length_1437_cov_4.026158	619	752	26	9	133	0.0676692
NODE_172114_length_1437_cov_4.026158	619	752	27	7	133	0.0526316
NODE_172114_length_1437_cov_4.026158	619	752	28	5	133	0.0375940
NODE_172114_length_1437_cov_4.026158	619	752	29	6	133	0.0451128
NODE_172114_length_1437_cov_4.026158	619	752	30	26	133	0.1954887
NODE_172114_length_1437_cov_4.026158	619	752	31	22	133	0.1654135
NODE_172114_length_1437_cov_4.026158	619	752	32	23	133	0.1729323
NODE_172114_length_1437_cov_4.026158	619	752	33	16	133	0.1203008
NODE_172114_length_1437_cov_4.026158	619	752	34	6	133	0.0451128
NODE_172114_length_1437_cov_4.026158	619	752	35	1	133	0.0075188
NODE_17216_length_5947_cov_3.925445	511	644	6	6	133	0.0451128
NODE_17216_length_5947_cov_3.925445	511	644	7	12	133	0.0902256
NODE_17216_length_5947_cov_3.925445	511	644	8	6	133	0.0451128
NODE_17216_length_5947_cov_3.925445	511	644	10	2	133	0.0150376
NODE_17216_length_5947_cov_3.925445	511	644	11	57	133	0.4285714
NODE_17216_length_5947_cov_3.925445	511	644	13	50	133	0.3759398
NODE_172257_length_1436_cov_3.434555	931	1064	7	5	133	0.0375940
NODE_172257_length_1436_cov_3.434555	931	1064	10	8	133	0.0601504
NODE_172257_length_1436_cov_3.434555	931	1064	11	4	133	0.0300752
NODE_172257_length_1436_cov_3.434555	931	1064	13	17	133	0.1278196
NODE_172257_length_1436_cov_3.434555	931	1064	15	1	133	0.0075188
NODE_172257_length_1436_cov_3.434555	931	1064	16	5	133	0.0375940
NODE_172257_length_1436_cov_3.434555	931	1064	17	5	133	0.0375940
NODE_172257_length_1436_cov_3.434555	931	1064	18	35	133	0.2631579
NODE_172257_length_1436_cov_3.434555	931	1064	19	45	133	0.3383459
NODE_172257_length_1436_cov_3.434555	931	1064	20	8	133	0.0601504
NODE_172341_length_1435_cov_4.685629	281	414	6	4	133	0.0300752
NODE_172341_length_1435_cov_4.685629	281	414	7	1	133	0.0075188
NODE_172341_length_1435_cov_4.685629	281	414	8	31	133	0.2330827
NODE_172341_length_1435_cov_4.685629	281	414	9	6	133	0.0451128
NODE_172341_length_1435_cov_4.685629	281	414	10	9	133	0.0676692
NODE_172341_length_1435_cov_4.685629	281	414	13	1	133	0.0075188
NODE_172341_length_1435_cov_4.685629	281	414	14	3	133	0.0225564
NODE_172341_length_1435_cov_4.685629	281	414	15	4	133	0.0300752
NODE_172341_length_1435_cov_4.685629	281	414	16	6	133	0.0451128
NODE_172341_length_1435_cov_4.685629	281	414	17	5	133	0.0375940
NODE_172341_length_1435_cov_4.685629	281	414	19	1	133	0.0075188
NODE_172341_length_1435_cov_4.685629	281	414	20	2	133	0.0150376
NODE_172341_length_1435_cov_4.685629	281	414	21	3	133	0.0225564
NODE_172341_length_1435_cov_4.685629	281	414	22	9	133	0.0676692
NODE_172341_length_1435_cov_4.685629	281	414	24	3	133	0.0225564
NODE_172341_length_1435_cov_4.685629	281	414	27	4	133	0.0300752
NODE_172341_length_1435_cov_4.685629	281	414	28	3	133	0.0225564
NODE_172341_length_1435_cov_4.685629	281	414	29	1	133	0.0075188
NODE_172341_length_1435_cov_4.685629	281	414	30	1	133	0.0075188
NODE_172341_length_1435_cov_4.685629	281	414	31	2	133	0.0150376
NODE_172341_length_1435_cov_4.685629	281	414	33	6	133	0.0451128
NODE_172341_length_1435_cov_4.685629	281	414	34	8	133	0.0601504
NODE_172341_length_1435_cov_4.685629	281	414	35	4	133	0.0300752
NODE_172341_length_1435_cov_4.685629	281	414	36	1	133	0.0075188
NODE_172341_length_1435_cov_4.685629	281	414	37	5	133	0.0375940
NODE_172341_length_1435_cov_4.685629	281	414	38	1	133	0.0075188
NODE_172341_length_1435_cov_4.685629	281	414	39	1	133	0.0075188
NODE_172341_length_1435_cov_4.685629	281	414	41	4	133	0.0300752
NODE_172341_length_1435_cov_4.685629	281	414	42	4	133	0.0300752
NODE_172361_length_1435_cov_3.902695	585	718	6	3	133	0.0225564
NODE_172361_length_1435_cov_3.902695	585	718	7	53	133	0.3984962
NODE_172361_length_1435_cov_3.902695	585	718	8	12	133	0.0902256
NODE_172361_length_1435_cov_3.902695	585	718	9	5	133	0.0375940
NODE_172361_length_1435_cov_3.902695	585	718	11	33	133	0.2481203
NODE_172361_length_1435_cov_3.902695	585	718	12	17	133	0.1278196
NODE_172361_length_1435_cov_3.902695	585	718	13	10	133	0.0751880
NODE_17238_length_5944_cov_4.576048	4393	4526	11	3	133	0.0225564
NODE_17238_length_5944_cov_4.576048	4393	4526	12	1	133	0.0075188
NODE_17238_length_5944_cov_4.576048	4393	4526	13	7	133	0.0526316
NODE_17238_length_5944_cov_4.576048	4393	4526	14	4	133	0.0300752
NODE_17238_length_5944_cov_4.576048	4393	4526	16	1	133	0.0075188
NODE_17238_length_5944_cov_4.576048	4393	4526	18	3	133	0.0225564
NODE_17238_length_5944_cov_4.576048	4393	4526	19	2	133	0.0150376
NODE_17238_length_5944_cov_4.576048	4393	4526	21	1	133	0.0075188
NODE_17238_length_5944_cov_4.576048	4393	4526	22	14	133	0.1052632
NODE_17238_length_5944_cov_4.576048	4393	4526	23	46	133	0.3458647
NODE_17238_length_5944_cov_4.576048	4393	4526	24	17	133	0.1278196
NODE_17238_length_5944_cov_4.576048	4393	4526	25	14	133	0.1052632
NODE_17238_length_5944_cov_4.576048	4393	4526	26	17	133	0.1278196
NODE_17238_length_5944_cov_4.576048	4393	4526	27	3	133	0.0225564
NODE_172463_length_1434_cov_4.641199	1239	1372	2	5	133	0.0375940
NODE_172463_length_1434_cov_4.641199	1239	1372	3	17	133	0.1278196
NODE_172463_length_1434_cov_4.641199	1239	1372	4	12	133	0.0902256
NODE_172463_length_1434_cov_4.641199	1239	1372	5	15	133	0.1127820
NODE_172463_length_1434_cov_4.641199	1239	1372	6	8	133	0.0601504
NODE_172463_length_1434_cov_4.641199	1239	1372	8	31	133	0.2330827
NODE_172463_length_1434_cov_4.641199	1239	1372	9	45	133	0.3383459
NODE_17256_length_5941_cov_5.546388	5327	5460	5	20	133	0.1503759
NODE_17256_length_5941_cov_5.546388	5327	5460	6	16	133	0.1203008
NODE_17256_length_5941_cov_5.546388	5327	5460	7	6	133	0.0451128
NODE_17256_length_5941_cov_5.546388	5327	5460	8	6	133	0.0451128
NODE_17256_length_5941_cov_5.546388	5327	5460	9	10	133	0.0751880
NODE_17256_length_5941_cov_5.546388	5327	5460	10	3	133	0.0225564
NODE_17256_length_5941_cov_5.546388	5327	5460	12	3	133	0.0225564
NODE_17256_length_5941_cov_5.546388	5327	5460	14	16	133	0.1203008
NODE_17256_length_5941_cov_5.546388	5327	5460	15	1	133	0.0075188
NODE_17256_length_5941_cov_5.546388	5327	5460	16	4	133	0.0300752
NODE_17256_length_5941_cov_5.546388	5327	5460	17	11	133	0.0827068
NODE_17256_length_5941_cov_5.546388	5327	5460	18	26	133	0.1954887
NODE_17256_length_5941_cov_5.546388	5327	5460	19	10	133	0.0751880
NODE_17256_length_5941_cov_5.546388	5327	5460	20	1	133	0.0075188
NODE_17260_length_5941_cov_4.442999	3554	3687	11	8	133	0.0601504
NODE_17260_length_5941_cov_4.442999	3554	3687	12	2	133	0.0150376
NODE_17260_length_5941_cov_4.442999	3554	3687	14	4	133	0.0300752
NODE_17260_length_5941_cov_4.442999	3554	3687	16	2	133	0.0150376
NODE_17260_length_5941_cov_4.442999	3554	3687	18	13	133	0.0977444
NODE_17260_length_5941_cov_4.442999	3554	3687	19	25	133	0.1879699
NODE_17260_length_5941_cov_4.442999	3554	3687	20	15	133	0.1127820
NODE_17260_length_5941_cov_4.442999	3554	3687	21	9	133	0.0676692
NODE_17260_length_5941_cov_4.442999	3554	3687	22	12	133	0.0902256
NODE_17260_length_5941_cov_4.442999	3554	3687	23	20	133	0.1503759
NODE_17260_length_5941_cov_4.442999	3554	3687	24	17	133	0.1278196
NODE_17260_length_5941_cov_4.442999	3554	3687	25	6	133	0.0451128
NODE_172625_length_1433_cov_3.625937	316	449	9	29	133	0.2180451
NODE_172625_length_1433_cov_3.625937	316	449	10	42	133	0.3157895
NODE_172625_length_1433_cov_3.625937	316	449	11	20	133	0.1503759
NODE_172625_length_1433_cov_3.625937	316	449	12	5	133	0.0375940
NODE_172625_length_1433_cov_3.625937	316	449	13	11	133	0.0827068
NODE_172625_length_1433_cov_3.625937	316	449	14	11	133	0.0827068
NODE_172625_length_1433_cov_3.625937	316	449	15	7	133	0.0526316
NODE_172625_length_1433_cov_3.625937	316	449	16	2	133	0.0150376
NODE_172625_length_1433_cov_3.625937	316	449	17	6	133	0.0451128
NODE_1726_length_12893_cov_4.034626	6549	6682	16	2	133	0.0150376
NODE_1726_length_12893_cov_4.034626	6549	6682	17	9	133	0.0676692
NODE_1726_length_12893_cov_4.034626	6549	6682	18	5	133	0.0375940
NODE_1726_length_12893_cov_4.034626	6549	6682	19	50	133	0.3759398
NODE_1726_length_12893_cov_4.034626	6549	6682	20	54	133	0.4060150
NODE_1726_length_12893_cov_4.034626	6549	6682	21	13	133	0.0977444
NODE_172700_length_1432_cov_5.220555	1053	1186	8	2	133	0.0150376
NODE_172700_length_1432_cov_5.220555	1053	1186	9	9	133	0.0676692
NODE_172700_length_1432_cov_5.220555	1053	1186	10	12	133	0.0902256
NODE_172700_length_1432_cov_5.220555	1053	1186	11	65	133	0.4887218
NODE_172700_length_1432_cov_5.220555	1053	1186	12	39	133	0.2932331
NODE_172700_length_1432_cov_5.220555	1053	1186	13	6	133	0.0451128
NODE_172901_length_1431_cov_3.496997	767	900	5	5	133	0.0375940
NODE_172901_length_1431_cov_3.496997	767	900	6	1	133	0.0075188
NODE_172901_length_1431_cov_3.496997	767	900	7	9	133	0.0676692
NODE_172901_length_1431_cov_3.496997	767	900	8	16	133	0.1203008
NODE_172901_length_1431_cov_3.496997	767	900	9	14	133	0.1052632
NODE_172901_length_1431_cov_3.496997	767	900	10	1	133	0.0075188
NODE_172901_length_1431_cov_3.496997	767	900	11	3	133	0.0225564
NODE_172901_length_1431_cov_3.496997	767	900	12	7	133	0.0526316
NODE_172901_length_1431_cov_3.496997	767	900	13	53	133	0.3984962
NODE_172901_length_1431_cov_3.496997	767	900	14	24	133	0.1804511
NODE_17290_length_5937_cov_4.100548	3359	3492	8	2	133	0.0150376
NODE_17290_length_5937_cov_4.100548	3359	3492	9	7	133	0.0526316
NODE_17290_length_5937_cov_4.100548	3359	3492	10	30	133	0.2255639
NODE_17290_length_5937_cov_4.100548	3359	3492	11	7	133	0.0526316
NODE_17290_length_5937_cov_4.100548	3359	3492	12	9	133	0.0676692
NODE_17290_length_5937_cov_4.100548	3359	3492	14	20	133	0.1503759
NODE_17290_length_5937_cov_4.100548	3359	3492	15	15	133	0.1127820
NODE_17290_length_5937_cov_4.100548	3359	3492	16	12	133	0.0902256
NODE_17290_length_5937_cov_4.100548	3359	3492	17	10	133	0.0751880
NODE_17290_length_5937_cov_4.100548	3359	3492	18	4	133	0.0300752
NODE_17290_length_5937_cov_4.100548	3359	3492	19	2	133	0.0150376
NODE_17290_length_5937_cov_4.100548	3359	3492	20	2	133	0.0150376
NODE_17290_length_5937_cov_4.100548	3359	3492	24	2	133	0.0150376
NODE_17290_length_5937_cov_4.100548	3359	3492	25	5	133	0.0375940
NODE_17290_length_5937_cov_4.100548	3359	3492	26	6	133	0.0451128
NODE_172910_length_1431_cov_3.245495	508	641	6	7	133	0.0526316
NODE_172910_length_1431_cov_3.245495	508	641	8	14	133	0.1052632
NODE_172910_length_1431_cov_3.245495	508	641	9	2	133	0.0150376
NODE_172910_length_1431_cov_3.245495	508	641	10	4	133	0.0300752
NODE_172910_length_1431_cov_3.245495	508	641	11	12	133	0.0902256
NODE_172910_length_1431_cov_3.245495	508	641	12	13	133	0.0977444
NODE_172910_length_1431_cov_3.245495	508	641	13	23	133	0.1729323
NODE_172910_length_1431_cov_3.245495	508	641	14	5	133	0.0375940
NODE_172910_length_1431_cov_3.245495	508	641	15	38	133	0.2857143
NODE_172910_length_1431_cov_3.245495	508	641	16	15	133	0.1127820
NODE_172955_length_1431_cov_2.104354	246	379	0	6	133	0.0451128
NODE_172955_length_1431_cov_2.104354	246	379	2	78	133	0.5864662
NODE_172955_length_1431_cov_2.104354	246	379	3	21	133	0.1578947
NODE_172955_length_1431_cov_2.104354	246	379	4	28	133	0.2105263
NODE_17296_length_5936_cov_4.405345	697	830	6	1	133	0.0075188
NODE_17296_length_5936_cov_4.405345	697	830	7	14	133	0.1052632
NODE_17296_length_5936_cov_4.405345	697	830	9	4	133	0.0300752
NODE_17296_length_5936_cov_4.405345	697	830	11	5	133	0.0375940
NODE_17296_length_5936_cov_4.405345	697	830	12	4	133	0.0300752
NODE_17296_length_5936_cov_4.405345	697	830	13	2	133	0.0150376
NODE_17296_length_5936_cov_4.405345	697	830	14	11	133	0.0827068
NODE_17296_length_5936_cov_4.405345	697	830	15	29	133	0.2180451
NODE_17296_length_5936_cov_4.405345	697	830	16	30	133	0.2255639
NODE_17296_length_5936_cov_4.405345	697	830	17	33	133	0.2481203
NODE_172979_length_1430_cov_4.741548	601	734	2	9	133	0.0676692
NODE_172979_length_1430_cov_4.741548	601	734	6	4	133	0.0300752
NODE_172979_length_1430_cov_4.741548	601	734	7	17	133	0.1278196
NODE_172979_length_1430_cov_4.741548	601	734	8	38	133	0.2857143
NODE_172979_length_1430_cov_4.741548	601	734	9	38	133	0.2857143
NODE_172979_length_1430_cov_4.741548	601	734	10	27	133	0.2030075
NODE_1729_length_12887_cov_4.798327	9046	9179	24	1	133	0.0075188
NODE_1729_length_12887_cov_4.798327	9046	9179	25	2	133	0.0150376
NODE_1729_length_12887_cov_4.798327	9046	9179	26	1	133	0.0075188
NODE_1729_length_12887_cov_4.798327	9046	9179	27	3	133	0.0225564
NODE_1729_length_12887_cov_4.798327	9046	9179	28	4	133	0.0300752
NODE_1729_length_12887_cov_4.798327	9046	9179	29	4	133	0.0300752
NODE_1729_length_12887_cov_4.798327	9046	9179	30	2	133	0.0150376
NODE_1729_length_12887_cov_4.798327	9046	9179	31	4	133	0.0300752
NODE_1729_length_12887_cov_4.798327	9046	9179	32	2	133	0.0150376
NODE_1729_length_12887_cov_4.798327	9046	9179	33	9	133	0.0676692
NODE_1729_length_12887_cov_4.798327	9046	9179	34	15	133	0.1127820
NODE_1729_length_12887_cov_4.798327	9046	9179	35	12	133	0.0902256
NODE_1729_length_12887_cov_4.798327	9046	9179	36	12	133	0.0902256
NODE_1729_length_12887_cov_4.798327	9046	9179	37	4	133	0.0300752
NODE_1729_length_12887_cov_4.798327	9046	9179	38	3	133	0.0225564
NODE_1729_length_12887_cov_4.798327	9046	9179	39	1	133	0.0075188
NODE_1729_length_12887_cov_4.798327	9046	9179	40	6	133	0.0451128
NODE_1729_length_12887_cov_4.798327	9046	9179	41	8	133	0.0601504
NODE_1729_length_12887_cov_4.798327	9046	9179	42	18	133	0.1353384
NODE_1729_length_12887_cov_4.798327	9046	9179	43	17	133	0.1278196
NODE_1729_length_12887_cov_4.798327	9046	9179	44	5	133	0.0375940
NODE_172_length_22510_cov_4.240730	13429	13562	19	18	133	0.1353384
NODE_172_length_22510_cov_4.240730	13429	13562	20	5	133	0.0375940
NODE_172_length_22510_cov_4.240730	13429	13562	21	10	133	0.0751880
NODE_172_length_22510_cov_4.240730	13429	13562	22	17	133	0.1278196
NODE_172_length_22510_cov_4.240730	13429	13562	24	2	133	0.0150376
NODE_172_length_22510_cov_4.240730	13429	13562	25	5	133	0.0375940
NODE_172_length_22510_cov_4.240730	13429	13562	26	9	133	0.0676692
NODE_172_length_22510_cov_4.240730	13429	13562	27	10	133	0.0751880
NODE_172_length_22510_cov_4.240730	13429	13562	28	15	133	0.1127820
NODE_172_length_22510_cov_4.240730	13429	13562	29	6	133	0.0451128
NODE_172_length_22510_cov_4.240730	13429	13562	30	9	133	0.0676692
NODE_172_length_22510_cov_4.240730	13429	13562	31	1	133	0.0075188
NODE_172_length_22510_cov_4.240730	13429	13562	32	10	133	0.0751880
NODE_172_length_22510_cov_4.240730	13429	13562	33	9	133	0.0676692
NODE_172_length_22510_cov_4.240730	13429	13562	34	7	133	0.0526316
NODE_17300_length_5934_cov_4.705056	5442	5575	5	4	133	0.0300752
NODE_17300_length_5934_cov_4.705056	5442	5575	6	6	133	0.0451128
NODE_17300_length_5934_cov_4.705056	5442	5575	7	3	133	0.0225564
NODE_17300_length_5934_cov_4.705056	5442	5575	8	2	133	0.0150376
NODE_17300_length_5934_cov_4.705056	5442	5575	9	2	133	0.0150376
NODE_17300_length_5934_cov_4.705056	5442	5575	11	1	133	0.0075188
NODE_17300_length_5934_cov_4.705056	5442	5575	12	2	133	0.0150376
NODE_17300_length_5934_cov_4.705056	5442	5575	14	6	133	0.0451128
NODE_17300_length_5934_cov_4.705056	5442	5575	15	1	133	0.0075188
NODE_17300_length_5934_cov_4.705056	5442	5575	17	1	133	0.0075188
NODE_17300_length_5934_cov_4.705056	5442	5575	18	4	133	0.0300752
NODE_17300_length_5934_cov_4.705056	5442	5575	19	4	133	0.0300752
NODE_17300_length_5934_cov_4.705056	5442	5575	20	1	133	0.0075188
NODE_17300_length_5934_cov_4.705056	5442	5575	23	14	133	0.1052632
NODE_17300_length_5934_cov_4.705056	5442	5575	24	5	133	0.0375940
NODE_17300_length_5934_cov_4.705056	5442	5575	25	1	133	0.0075188
NODE_17300_length_5934_cov_4.705056	5442	5575	27	13	133	0.0977444
NODE_17300_length_5934_cov_4.705056	5442	5575	28	13	133	0.0977444
NODE_17300_length_5934_cov_4.705056	5442	5575	29	32	133	0.2406015
NODE_17300_length_5934_cov_4.705056	5442	5575	30	13	133	0.0977444
NODE_17300_length_5934_cov_4.705056	5442	5575	31	1	133	0.0075188
NODE_17300_length_5934_cov_4.705056	5442	5575	32	4	133	0.0300752
NODE_173084_length_1430_cov_2.222389	1081	1214	0	66	133	0.4962406
NODE_173084_length_1430_cov_2.222389	1081	1214	1	67	133	0.5037594
NODE_17320_length_5932_cov_2.990571	5096	5229	3	49	133	0.3684210
NODE_17320_length_5932_cov_2.990571	5096	5229	4	1	133	0.0075188
NODE_17320_length_5932_cov_2.990571	5096	5229	8	59	133	0.4436090
NODE_17320_length_5932_cov_2.990571	5096	5229	9	24	133	0.1804511
NODE_173226_length_1428_cov_5.854778	490	623	0	39	133	0.2932331
NODE_173226_length_1428_cov_5.854778	490	623	1	8	133	0.0601504
NODE_173226_length_1428_cov_5.854778	490	623	2	5	133	0.0375940
NODE_173226_length_1428_cov_5.854778	490	623	3	6	133	0.0451128
NODE_173226_length_1428_cov_5.854778	490	623	4	17	133	0.1278196
NODE_173226_length_1428_cov_5.854778	490	623	5	40	133	0.3007519
NODE_173226_length_1428_cov_5.854778	490	623	6	18	133	0.1353384
NODE_173250_length_1428_cov_4.495109	5	138	0	133	133	1.0000000
NODE_173524_length_1426_cov_4.276564	598	731	9	5	133	0.0375940
NODE_173524_length_1426_cov_4.276564	598	731	10	19	133	0.1428571
NODE_173524_length_1426_cov_4.276564	598	731	11	11	133	0.0827068
NODE_173524_length_1426_cov_4.276564	598	731	12	25	133	0.1879699
NODE_173524_length_1426_cov_4.276564	598	731	13	34	133	0.2556391
NODE_173524_length_1426_cov_4.276564	598	731	14	39	133	0.2932331
NODE_173573_length_1426_cov_3.272796	1253	1386	6	4	133	0.0300752
NODE_173573_length_1426_cov_3.272796	1253	1386	9	10	133	0.0751880
NODE_173573_length_1426_cov_3.272796	1253	1386	10	1	133	0.0075188
NODE_173573_length_1426_cov_3.272796	1253	1386	11	2	133	0.0150376
NODE_173573_length_1426_cov_3.272796	1253	1386	12	13	133	0.0977444
NODE_173573_length_1426_cov_3.272796	1253	1386	13	2	133	0.0150376
NODE_173573_length_1426_cov_3.272796	1253	1386	14	16	133	0.1203008
NODE_173573_length_1426_cov_3.272796	1253	1386	16	10	133	0.0751880
NODE_173573_length_1426_cov_3.272796	1253	1386	17	4	133	0.0300752
NODE_173573_length_1426_cov_3.272796	1253	1386	19	14	133	0.1052632
NODE_173573_length_1426_cov_3.272796	1253	1386	20	5	133	0.0375940
NODE_173573_length_1426_cov_3.272796	1253	1386	21	52	133	0.3909774
NODE_173654_length_1425_cov_4.584465	1195	1328	3	5	133	0.0375940
NODE_173654_length_1425_cov_4.584465	1195	1328	4	6	133	0.0451128
NODE_173654_length_1425_cov_4.584465	1195	1328	5	11	133	0.0827068
NODE_173654_length_1425_cov_4.584465	1195	1328	6	37	133	0.2781955
NODE_173654_length_1425_cov_4.584465	1195	1328	7	25	133	0.1879699
NODE_173654_length_1425_cov_4.584465	1195	1328	8	20	133	0.1503759
NODE_173654_length_1425_cov_4.584465	1195	1328	9	29	133	0.2180451
NODE_17365_length_5923_cov_4.371566	1549	1682	6	23	133	0.1729323
NODE_17365_length_5923_cov_4.371566	1549	1682	7	1	133	0.0075188
NODE_17365_length_5923_cov_4.371566	1549	1682	8	11	133	0.0827068
NODE_17365_length_5923_cov_4.371566	1549	1682	9	18	133	0.1353384
NODE_17365_length_5923_cov_4.371566	1549	1682	10	18	133	0.1353384
NODE_17365_length_5923_cov_4.371566	1549	1682	11	57	133	0.4285714
NODE_17365_length_5923_cov_4.371566	1549	1682	12	5	133	0.0375940
NODE_173678_length_1425_cov_4.016591	133	266	10	4	133	0.0300752
NODE_173678_length_1425_cov_4.016591	133	266	11	18	133	0.1353384
NODE_173678_length_1425_cov_4.016591	133	266	12	21	133	0.1578947
NODE_173678_length_1425_cov_4.016591	133	266	13	48	133	0.3609022
NODE_173678_length_1425_cov_4.016591	133	266	14	28	133	0.2105263
NODE_173678_length_1425_cov_4.016591	133	266	15	14	133	0.1052632
NODE_173684_length_1425_cov_3.861237	157	290	5	4	133	0.0300752
NODE_173684_length_1425_cov_3.861237	157	290	6	33	133	0.2481203
NODE_173684_length_1425_cov_3.861237	157	290	7	37	133	0.2781955
NODE_173684_length_1425_cov_3.861237	157	290	8	22	133	0.1654135
NODE_173684_length_1425_cov_3.861237	157	290	9	34	133	0.2556391
NODE_173684_length_1425_cov_3.861237	157	290	10	3	133	0.0225564
NODE_17377_length_5922_cov_4.422119	1977	2110	9	7	133	0.0526316
NODE_17377_length_5922_cov_4.422119	1977	2110	10	6	133	0.0451128
NODE_17377_length_5922_cov_4.422119	1977	2110	11	13	133	0.0977444
NODE_17377_length_5922_cov_4.422119	1977	2110	12	1	133	0.0075188
NODE_17377_length_5922_cov_4.422119	1977	2110	13	2	133	0.0150376
NODE_17377_length_5922_cov_4.422119	1977	2110	14	9	133	0.0676692
NODE_17377_length_5922_cov_4.422119	1977	2110	15	4	133	0.0300752
NODE_17377_length_5922_cov_4.422119	1977	2110	16	3	133	0.0225564
NODE_17377_length_5922_cov_4.422119	1977	2110	17	13	133	0.0977444
NODE_17377_length_5922_cov_4.422119	1977	2110	18	3	133	0.0225564
NODE_17377_length_5922_cov_4.422119	1977	2110	23	9	133	0.0676692
NODE_17377_length_5922_cov_4.422119	1977	2110	24	15	133	0.1127820
NODE_17377_length_5922_cov_4.422119	1977	2110	25	25	133	0.1879699
NODE_17377_length_5922_cov_4.422119	1977	2110	26	2	133	0.0150376
NODE_17377_length_5922_cov_4.422119	1977	2110	28	4	133	0.0300752
NODE_17377_length_5922_cov_4.422119	1977	2110	29	17	133	0.1278196
NODE_17384_length_5921_cov_5.251804	1609	1742	31	12	133	0.0902256
NODE_17384_length_5921_cov_5.251804	1609	1742	34	7	133	0.0526316
NODE_17384_length_5921_cov_5.251804	1609	1742	35	4	133	0.0300752
NODE_17384_length_5921_cov_5.251804	1609	1742	36	5	133	0.0375940
NODE_17384_length_5921_cov_5.251804	1609	1742	37	8	133	0.0601504
NODE_17384_length_5921_cov_5.251804	1609	1742	38	6	133	0.0451128
NODE_17384_length_5921_cov_5.251804	1609	1742	39	5	133	0.0375940
NODE_17384_length_5921_cov_5.251804	1609	1742	40	4	133	0.0300752
NODE_17384_length_5921_cov_5.251804	1609	1742	41	10	133	0.0751880
NODE_17384_length_5921_cov_5.251804	1609	1742	42	20	133	0.1503759
NODE_17384_length_5921_cov_5.251804	1609	1742	43	2	133	0.0150376
NODE_17384_length_5921_cov_5.251804	1609	1742	44	25	133	0.1879699
NODE_17384_length_5921_cov_5.251804	1609	1742	45	8	133	0.0601504
NODE_17384_length_5921_cov_5.251804	1609	1742	46	7	133	0.0526316
NODE_17384_length_5921_cov_5.251804	1609	1742	47	8	133	0.0601504
NODE_17384_length_5921_cov_5.251804	1609	1742	48	1	133	0.0075188
NODE_17384_length_5921_cov_5.251804	1609	1742	49	1	133	0.0075188
NODE_17390_length_5921_cov_4.114222	314	447	6	14	133	0.1052632
NODE_17390_length_5921_cov_4.114222	314	447	7	27	133	0.2030075
NODE_17390_length_5921_cov_4.114222	314	447	8	12	133	0.0902256
NODE_17390_length_5921_cov_4.114222	314	447	9	80	133	0.6015037
NODE_173953_length_1423_cov_3.907855	1130	1263	1	10	133	0.0751880
NODE_173953_length_1423_cov_3.907855	1130	1263	2	36	133	0.2706767
NODE_173953_length_1423_cov_3.907855	1130	1263	4	2	133	0.0150376
NODE_173953_length_1423_cov_3.907855	1130	1263	5	8	133	0.0601504
NODE_173953_length_1423_cov_3.907855	1130	1263	9	16	133	0.1203008
NODE_173953_length_1423_cov_3.907855	1130	1263	10	61	133	0.4586466
NODE_174120_length_1422_cov_3.352986	1253	1386	3	2	133	0.0150376
NODE_174120_length_1422_cov_3.352986	1253	1386	4	5	133	0.0375940
NODE_174120_length_1422_cov_3.352986	1253	1386	5	5	133	0.0375940
NODE_174120_length_1422_cov_3.352986	1253	1386	6	2	133	0.0150376
NODE_174120_length_1422_cov_3.352986	1253	1386	8	104	133	0.7819549
NODE_174120_length_1422_cov_3.352986	1253	1386	9	15	133	0.1127820
NODE_174169_length_1421_cov_5.756430	839	972	12	5	133	0.0375940
NODE_174169_length_1421_cov_5.756430	839	972	13	8	133	0.0601504
NODE_174169_length_1421_cov_5.756430	839	972	14	5	133	0.0375940
NODE_174169_length_1421_cov_5.756430	839	972	15	11	133	0.0827068
NODE_174169_length_1421_cov_5.756430	839	972	16	4	133	0.0300752
NODE_174169_length_1421_cov_5.756430	839	972	17	14	133	0.1052632
NODE_174169_length_1421_cov_5.756430	839	972	18	20	133	0.1503759
NODE_174169_length_1421_cov_5.756430	839	972	19	3	133	0.0225564
NODE_174169_length_1421_cov_5.756430	839	972	20	5	133	0.0375940
NODE_174169_length_1421_cov_5.756430	839	972	21	10	133	0.0751880
NODE_174169_length_1421_cov_5.756430	839	972	22	1	133	0.0075188
NODE_174169_length_1421_cov_5.756430	839	972	23	37	133	0.2781955
NODE_174169_length_1421_cov_5.756430	839	972	24	6	133	0.0451128
NODE_174169_length_1421_cov_5.756430	839	972	25	2	133	0.0150376
NODE_174169_length_1421_cov_5.756430	839	972	26	2	133	0.0150376
NODE_174278_length_1421_cov_2.830560	1129	1262	12	15	133	0.1127820
NODE_174278_length_1421_cov_2.830560	1129	1262	13	3	133	0.0225564
NODE_174278_length_1421_cov_2.830560	1129	1262	14	10	133	0.0751880
NODE_174278_length_1421_cov_2.830560	1129	1262	15	38	133	0.2857143
NODE_174278_length_1421_cov_2.830560	1129	1262	16	34	133	0.2556391
NODE_174278_length_1421_cov_2.830560	1129	1262	17	2	133	0.0150376
NODE_174278_length_1421_cov_2.830560	1129	1262	18	23	133	0.1729323
NODE_174278_length_1421_cov_2.830560	1129	1262	19	7	133	0.0526316
NODE_174278_length_1421_cov_2.830560	1129	1262	20	1	133	0.0075188
NODE_17429_length_5916_cov_4.219013	2112	2245	15	10	133	0.0751880
NODE_17429_length_5916_cov_4.219013	2112	2245	16	5	133	0.0375940
NODE_17429_length_5916_cov_4.219013	2112	2245	17	3	133	0.0225564
NODE_17429_length_5916_cov_4.219013	2112	2245	19	2	133	0.0150376
NODE_17429_length_5916_cov_4.219013	2112	2245	20	24	133	0.1804511
NODE_17429_length_5916_cov_4.219013	2112	2245	21	11	133	0.0827068
NODE_17429_length_5916_cov_4.219013	2112	2245	22	7	133	0.0526316
NODE_17429_length_5916_cov_4.219013	2112	2245	23	33	133	0.2481203
NODE_17429_length_5916_cov_4.219013	2112	2245	24	25	133	0.1879699
NODE_17429_length_5916_cov_4.219013	2112	2245	25	13	133	0.0977444
NODE_174325_length_1420_cov_4.682816	321	454	2	44	133	0.3308271
NODE_174325_length_1420_cov_4.682816	321	454	4	32	133	0.2406015
NODE_174325_length_1420_cov_4.682816	321	454	5	45	133	0.3383459
NODE_174325_length_1420_cov_4.682816	321	454	6	12	133	0.0902256
NODE_174359_length_1420_cov_3.896291	724	857	13	3	133	0.0225564
NODE_174359_length_1420_cov_3.896291	724	857	15	21	133	0.1578947
NODE_174359_length_1420_cov_3.896291	724	857	16	8	133	0.0601504
NODE_174359_length_1420_cov_3.896291	724	857	17	3	133	0.0225564
NODE_174359_length_1420_cov_3.896291	724	857	18	3	133	0.0225564
NODE_174359_length_1420_cov_3.896291	724	857	19	1	133	0.0075188
NODE_174359_length_1420_cov_3.896291	724	857	20	2	133	0.0150376
NODE_174359_length_1420_cov_3.896291	724	857	21	1	133	0.0075188
NODE_174359_length_1420_cov_3.896291	724	857	23	1	133	0.0075188
NODE_174359_length_1420_cov_3.896291	724	857	24	3	133	0.0225564
NODE_174359_length_1420_cov_3.896291	724	857	25	5	133	0.0375940
NODE_174359_length_1420_cov_3.896291	724	857	26	13	133	0.0977444
NODE_174359_length_1420_cov_3.896291	724	857	27	16	133	0.1203008
NODE_174359_length_1420_cov_3.896291	724	857	28	19	133	0.1428571
NODE_174359_length_1420_cov_3.896291	724	857	29	34	133	0.2556391
NODE_174373_length_1420_cov_3.513248	1024	1157	6	6	133	0.0451128
NODE_174373_length_1420_cov_3.513248	1024	1157	7	3	133	0.0225564
NODE_174373_length_1420_cov_3.513248	1024	1157	10	18	133	0.1353384
NODE_174373_length_1420_cov_3.513248	1024	1157	11	3	133	0.0225564
NODE_174373_length_1420_cov_3.513248	1024	1157	12	6	133	0.0451128
NODE_174373_length_1420_cov_3.513248	1024	1157	13	2	133	0.0150376
NODE_174373_length_1420_cov_3.513248	1024	1157	14	1	133	0.0075188
NODE_174373_length_1420_cov_3.513248	1024	1157	15	5	133	0.0375940
NODE_174373_length_1420_cov_3.513248	1024	1157	16	2	133	0.0150376
NODE_174373_length_1420_cov_3.513248	1024	1157	17	1	133	0.0075188
NODE_174373_length_1420_cov_3.513248	1024	1157	19	5	133	0.0375940
NODE_174373_length_1420_cov_3.513248	1024	1157	20	6	133	0.0451128
NODE_174373_length_1420_cov_3.513248	1024	1157	21	1	133	0.0075188
NODE_174373_length_1420_cov_3.513248	1024	1157	22	9	133	0.0676692
NODE_174373_length_1420_cov_3.513248	1024	1157	24	6	133	0.0451128
NODE_174373_length_1420_cov_3.513248	1024	1157	25	5	133	0.0375940
NODE_174373_length_1420_cov_3.513248	1024	1157	26	7	133	0.0526316
NODE_174373_length_1420_cov_3.513248	1024	1157	27	27	133	0.2030075
NODE_174373_length_1420_cov_3.513248	1024	1157	28	16	133	0.1203008
NODE_174373_length_1420_cov_3.513248	1024	1157	29	4	133	0.0300752
NODE_174490_length_1419_cov_3.858333	1136	1269	6	10	133	0.0751880
NODE_174490_length_1419_cov_3.858333	1136	1269	7	21	133	0.1578947
NODE_174490_length_1419_cov_3.858333	1136	1269	8	20	133	0.1503759
NODE_174490_length_1419_cov_3.858333	1136	1269	9	29	133	0.2180451
NODE_174490_length_1419_cov_3.858333	1136	1269	10	23	133	0.1729323
NODE_174490_length_1419_cov_3.858333	1136	1269	11	30	133	0.2255639
NODE_174530_length_1419_cov_2.962121	318	451	21	4	133	0.0300752
NODE_174530_length_1419_cov_2.962121	318	451	22	13	133	0.0977444
NODE_174530_length_1419_cov_2.962121	318	451	23	6	133	0.0451128
NODE_174530_length_1419_cov_2.962121	318	451	24	1	133	0.0075188
NODE_174530_length_1419_cov_2.962121	318	451	25	2	133	0.0150376
NODE_174530_length_1419_cov_2.962121	318	451	26	6	133	0.0451128
NODE_174530_length_1419_cov_2.962121	318	451	27	5	133	0.0375940
NODE_174530_length_1419_cov_2.962121	318	451	28	3	133	0.0225564
NODE_174530_length_1419_cov_2.962121	318	451	29	4	133	0.0300752
NODE_174530_length_1419_cov_2.962121	318	451	30	1	133	0.0075188
NODE_174530_length_1419_cov_2.962121	318	451	31	4	133	0.0300752
NODE_174530_length_1419_cov_2.962121	318	451	32	9	133	0.0676692
NODE_174530_length_1419_cov_2.962121	318	451	33	17	133	0.1278196
NODE_174530_length_1419_cov_2.962121	318	451	34	35	133	0.2631579
NODE_174530_length_1419_cov_2.962121	318	451	35	20	133	0.1503759
NODE_174530_length_1419_cov_2.962121	318	451	36	2	133	0.0150376
NODE_174530_length_1419_cov_2.962121	318	451	37	1	133	0.0075188
NODE_174575_length_1418_cov_5.094011	737	870	2	5	133	0.0375940
NODE_174575_length_1418_cov_5.094011	737	870	3	14	133	0.1052632
NODE_174575_length_1418_cov_5.094011	737	870	4	40	133	0.3007519
NODE_174575_length_1418_cov_5.094011	737	870	5	38	133	0.2857143
NODE_174575_length_1418_cov_5.094011	737	870	6	36	133	0.2706767
NODE_17460_length_5911_cov_3.668445	2079	2212	1	8	133	0.0601504
NODE_17460_length_5911_cov_3.668445	2079	2212	2	1	133	0.0075188
NODE_17460_length_5911_cov_3.668445	2079	2212	3	14	133	0.1052632
NODE_17460_length_5911_cov_3.668445	2079	2212	5	3	133	0.0225564
NODE_17460_length_5911_cov_3.668445	2079	2212	7	3	133	0.0225564
NODE_17460_length_5911_cov_3.668445	2079	2212	8	9	133	0.0676692
NODE_17460_length_5911_cov_3.668445	2079	2212	10	3	133	0.0225564
NODE_17460_length_5911_cov_3.668445	2079	2212	11	36	133	0.2706767
NODE_17460_length_5911_cov_3.668445	2079	2212	12	16	133	0.1203008
NODE_17460_length_5911_cov_3.668445	2079	2212	13	21	133	0.1578947
NODE_17460_length_5911_cov_3.668445	2079	2212	14	10	133	0.0751880
NODE_17460_length_5911_cov_3.668445	2079	2212	15	9	133	0.0676692
NODE_174730_length_1417_cov_4.572838	345	478	1	25	133	0.1879699
NODE_174730_length_1417_cov_4.572838	345	478	2	29	133	0.2180451
NODE_174730_length_1417_cov_4.572838	345	478	3	2	133	0.0150376
NODE_174730_length_1417_cov_4.572838	345	478	5	6	133	0.0451128
NODE_174730_length_1417_cov_4.572838	345	478	6	19	133	0.1428571
NODE_174730_length_1417_cov_4.572838	345	478	7	43	133	0.3233083
NODE_174730_length_1417_cov_4.572838	345	478	8	9	133	0.0676692
NODE_17477_length_5908_cov_4.296092	4979	5112	5	13	133	0.0977444
NODE_17477_length_5908_cov_4.296092	4979	5112	6	20	133	0.1503759
NODE_17477_length_5908_cov_4.296092	4979	5112	7	80	133	0.6015037
NODE_17477_length_5908_cov_4.296092	4979	5112	9	2	133	0.0150376
NODE_17477_length_5908_cov_4.296092	4979	5112	10	14	133	0.1052632
NODE_17477_length_5908_cov_4.296092	4979	5112	11	4	133	0.0300752
NODE_174853_length_1416_cov_5.648443	564	697	16	10	133	0.0751880
NODE_174853_length_1416_cov_5.648443	564	697	17	5	133	0.0375940
NODE_174853_length_1416_cov_5.648443	564	697	18	9	133	0.0676692
NODE_174853_length_1416_cov_5.648443	564	697	19	5	133	0.0375940
NODE_174853_length_1416_cov_5.648443	564	697	20	20	133	0.1503759
NODE_174853_length_1416_cov_5.648443	564	697	21	15	133	0.1127820
NODE_174853_length_1416_cov_5.648443	564	697	22	30	133	0.2255639
NODE_174853_length_1416_cov_5.648443	564	697	23	2	133	0.0150376
NODE_174853_length_1416_cov_5.648443	564	697	24	25	133	0.1879699
NODE_174853_length_1416_cov_5.648443	564	697	25	2	133	0.0150376
NODE_174853_length_1416_cov_5.648443	564	697	26	4	133	0.0300752
NODE_174853_length_1416_cov_5.648443	564	697	27	6	133	0.0451128
NODE_17485_length_5907_cov_4.174759	937	1070	3	2	133	0.0150376
NODE_17485_length_5907_cov_4.174759	937	1070	4	25	133	0.1879699
NODE_17485_length_5907_cov_4.174759	937	1070	5	77	133	0.5789474
NODE_17485_length_5907_cov_4.174759	937	1070	6	29	133	0.2180451
NODE_174947_length_1416_cov_2.934700	334	467	0	133	133	1.0000000
NODE_174990_length_1415_cov_4.984802	260	393	16	2	133	0.0150376
NODE_174990_length_1415_cov_4.984802	260	393	17	18	133	0.1353384
NODE_174990_length_1415_cov_4.984802	260	393	18	17	133	0.1278196
NODE_174990_length_1415_cov_4.984802	260	393	19	1	133	0.0075188
NODE_174990_length_1415_cov_4.984802	260	393	20	7	133	0.0526316
NODE_174990_length_1415_cov_4.984802	260	393	21	15	133	0.1127820
NODE_174990_length_1415_cov_4.984802	260	393	22	31	133	0.2330827
NODE_174990_length_1415_cov_4.984802	260	393	23	39	133	0.2932331
NODE_174990_length_1415_cov_4.984802	260	393	24	3	133	0.0225564
NODE_174_length_22426_cov_4.955749	6469	6602	6	43	133	0.3233083
NODE_174_length_22426_cov_4.955749	6469	6602	7	29	133	0.2180451
NODE_174_length_22426_cov_4.955749	6469	6602	8	20	133	0.1503759
NODE_174_length_22426_cov_4.955749	6469	6602	9	16	133	0.1203008
NODE_174_length_22426_cov_4.955749	6469	6602	10	20	133	0.1503759
NODE_174_length_22426_cov_4.955749	6469	6602	11	1	133	0.0075188
NODE_174_length_22426_cov_4.955749	6469	6602	12	4	133	0.0300752
NODE_175014_length_1415_cov_4.373100	745	878	9	5	133	0.0375940
NODE_175014_length_1415_cov_4.373100	745	878	10	9	133	0.0676692
NODE_175014_length_1415_cov_4.373100	745	878	11	2	133	0.0150376
NODE_175014_length_1415_cov_4.373100	745	878	12	12	133	0.0902256
NODE_175014_length_1415_cov_4.373100	745	878	13	8	133	0.0601504
NODE_175014_length_1415_cov_4.373100	745	878	17	9	133	0.0676692
NODE_175014_length_1415_cov_4.373100	745	878	18	41	133	0.3082707
NODE_175014_length_1415_cov_4.373100	745	878	19	23	133	0.1729323
NODE_175014_length_1415_cov_4.373100	745	878	20	8	133	0.0601504
NODE_175014_length_1415_cov_4.373100	745	878	21	16	133	0.1203008
NODE_175142_length_1414_cov_4.004563	1044	1177	17	12	133	0.0902256
NODE_175142_length_1414_cov_4.004563	1044	1177	18	6	133	0.0451128
NODE_175142_length_1414_cov_4.004563	1044	1177	19	1	133	0.0075188
NODE_175142_length_1414_cov_4.004563	1044	1177	20	12	133	0.0902256
NODE_175142_length_1414_cov_4.004563	1044	1177	21	1	133	0.0075188
NODE_175142_length_1414_cov_4.004563	1044	1177	22	16	133	0.1203008
NODE_175142_length_1414_cov_4.004563	1044	1177	23	1	133	0.0075188
NODE_175142_length_1414_cov_4.004563	1044	1177	24	5	133	0.0375940
NODE_175142_length_1414_cov_4.004563	1044	1177	25	9	133	0.0676692
NODE_175142_length_1414_cov_4.004563	1044	1177	26	26	133	0.1954887
NODE_175142_length_1414_cov_4.004563	1044	1177	27	8	133	0.0601504
NODE_175142_length_1414_cov_4.004563	1044	1177	28	8	133	0.0601504
NODE_175142_length_1414_cov_4.004563	1044	1177	29	27	133	0.2030075
NODE_175142_length_1414_cov_4.004563	1044	1177	30	1	133	0.0075188
NODE_175153_length_1414_cov_3.860076	193	326	5	16	133	0.1203008
NODE_175153_length_1414_cov_3.860076	193	326	6	4	133	0.0300752
NODE_175153_length_1414_cov_3.860076	193	326	7	1	133	0.0075188
NODE_175153_length_1414_cov_3.860076	193	326	8	36	133	0.2706767
NODE_175153_length_1414_cov_3.860076	193	326	9	23	133	0.1729323
NODE_175153_length_1414_cov_3.860076	193	326	10	19	133	0.1428571
NODE_175153_length_1414_cov_3.860076	193	326	11	34	133	0.2556391
NODE_175278_length_1413_cov_4.133181	781	914	0	26	133	0.1954887
NODE_175278_length_1413_cov_4.133181	781	914	1	4	133	0.0300752
NODE_175278_length_1413_cov_4.133181	781	914	2	30	133	0.2255639
NODE_175278_length_1413_cov_4.133181	781	914	4	73	133	0.5488722
NODE_17531_length_5900_cov_4.771763	4233	4366	0	133	133	1.0000000
NODE_1753_length_12847_cov_4.270003	2290	2423	1	22	133	0.1654135
NODE_1753_length_12847_cov_4.270003	2290	2423	2	98	133	0.7368421
NODE_1753_length_12847_cov_4.270003	2290	2423	3	9	133	0.0676692
NODE_1753_length_12847_cov_4.270003	2290	2423	4	4	133	0.0300752
NODE_17549_length_5899_cov_3.702414	2387	2520	12	10	133	0.0751880
NODE_17549_length_5899_cov_3.702414	2387	2520	13	1	133	0.0075188
NODE_17549_length_5899_cov_3.702414	2387	2520	14	19	133	0.1428571
NODE_17549_length_5899_cov_3.702414	2387	2520	15	8	133	0.0601504
NODE_17549_length_5899_cov_3.702414	2387	2520	16	2	133	0.0150376
NODE_17549_length_5899_cov_3.702414	2387	2520	17	45	133	0.3383459
NODE_17549_length_5899_cov_3.702414	2387	2520	18	30	133	0.2255639
NODE_17549_length_5899_cov_3.702414	2387	2520	19	9	133	0.0676692
NODE_17549_length_5899_cov_3.702414	2387	2520	20	1	133	0.0075188
NODE_17549_length_5899_cov_3.702414	2387	2520	21	8	133	0.0601504
NODE_175518_length_1411_cov_4.483232	514	647	6	4	133	0.0300752
NODE_175518_length_1411_cov_4.483232	514	647	7	25	133	0.1879699
NODE_175518_length_1411_cov_4.483232	514	647	8	42	133	0.3157895
NODE_175518_length_1411_cov_4.483232	514	647	9	10	133	0.0751880
NODE_175518_length_1411_cov_4.483232	514	647	10	15	133	0.1127820
NODE_175518_length_1411_cov_4.483232	514	647	11	37	133	0.2781955
NODE_17576_length_5893_cov_4.387815	2874	3007	4	4	133	0.0300752
NODE_17576_length_5893_cov_4.387815	2874	3007	5	31	133	0.2330827
NODE_17576_length_5893_cov_4.387815	2874	3007	6	3	133	0.0225564
NODE_17576_length_5893_cov_4.387815	2874	3007	7	5	133	0.0375940
NODE_17576_length_5893_cov_4.387815	2874	3007	8	34	133	0.2556391
NODE_17576_length_5893_cov_4.387815	2874	3007	9	1	133	0.0075188
NODE_17576_length_5893_cov_4.387815	2874	3007	10	41	133	0.3082707
NODE_17576_length_5893_cov_4.387815	2874	3007	11	14	133	0.1052632
NODE_1759_length_12829_cov_4.007698	12411	12544	6	21	133	0.1578947
NODE_1759_length_12829_cov_4.007698	12411	12544	7	1	133	0.0075188
NODE_1759_length_12829_cov_4.007698	12411	12544	8	9	133	0.0676692
NODE_1759_length_12829_cov_4.007698	12411	12544	10	4	133	0.0300752
NODE_1759_length_12829_cov_4.007698	12411	12544	11	3	133	0.0225564
NODE_1759_length_12829_cov_4.007698	12411	12544	13	3	133	0.0225564
NODE_1759_length_12829_cov_4.007698	12411	12544	15	60	133	0.4511278
NODE_1759_length_12829_cov_4.007698	12411	12544	17	2	133	0.0150376
NODE_1759_length_12829_cov_4.007698	12411	12544	18	10	133	0.0751880
NODE_1759_length_12829_cov_4.007698	12411	12544	19	5	133	0.0375940
NODE_1759_length_12829_cov_4.007698	12411	12544	21	15	133	0.1127820
NODE_176040_length_1407_cov_4.714832	304	437	5	17	133	0.1278196
NODE_176040_length_1407_cov_4.714832	304	437	6	19	133	0.1428571
NODE_176040_length_1407_cov_4.714832	304	437	8	2	133	0.0150376
NODE_176040_length_1407_cov_4.714832	304	437	9	4	133	0.0300752
NODE_176040_length_1407_cov_4.714832	304	437	10	1	133	0.0075188
NODE_176040_length_1407_cov_4.714832	304	437	11	7	133	0.0526316
NODE_176040_length_1407_cov_4.714832	304	437	12	28	133	0.2105263
NODE_176040_length_1407_cov_4.714832	304	437	13	16	133	0.1203008
NODE_176040_length_1407_cov_4.714832	304	437	14	16	133	0.1203008
NODE_176040_length_1407_cov_4.714832	304	437	15	23	133	0.1729323
NODE_176059_length_1407_cov_3.927370	1156	1289	9	18	133	0.1353384
NODE_176059_length_1407_cov_3.927370	1156	1289	11	12	133	0.0902256
NODE_176059_length_1407_cov_3.927370	1156	1289	12	5	133	0.0375940
NODE_176059_length_1407_cov_3.927370	1156	1289	13	14	133	0.1052632
NODE_176059_length_1407_cov_3.927370	1156	1289	14	1	133	0.0075188
NODE_176059_length_1407_cov_3.927370	1156	1289	16	23	133	0.1729323
NODE_176059_length_1407_cov_3.927370	1156	1289	17	8	133	0.0601504
NODE_176059_length_1407_cov_3.927370	1156	1289	18	7	133	0.0526316
NODE_176059_length_1407_cov_3.927370	1156	1289	19	25	133	0.1879699
NODE_176059_length_1407_cov_3.927370	1156	1289	20	4	133	0.0300752
NODE_176059_length_1407_cov_3.927370	1156	1289	21	16	133	0.1203008
NODE_1760_length_12823_cov_4.080949	4569	4702	13	4	133	0.0300752
NODE_1760_length_12823_cov_4.080949	4569	4702	15	6	133	0.0451128
NODE_1760_length_12823_cov_4.080949	4569	4702	16	4	133	0.0300752
NODE_1760_length_12823_cov_4.080949	4569	4702	18	3	133	0.0225564
NODE_1760_length_12823_cov_4.080949	4569	4702	21	10	133	0.0751880
NODE_1760_length_12823_cov_4.080949	4569	4702	23	16	133	0.1203008
NODE_1760_length_12823_cov_4.080949	4569	4702	24	8	133	0.0601504
NODE_1760_length_12823_cov_4.080949	4569	4702	25	7	133	0.0526316
NODE_1760_length_12823_cov_4.080949	4569	4702	26	9	133	0.0676692
NODE_1760_length_12823_cov_4.080949	4569	4702	27	18	133	0.1353384
NODE_1760_length_12823_cov_4.080949	4569	4702	29	4	133	0.0300752
NODE_1760_length_12823_cov_4.080949	4569	4702	30	5	133	0.0375940
NODE_1760_length_12823_cov_4.080949	4569	4702	31	4	133	0.0300752
NODE_1760_length_12823_cov_4.080949	4569	4702	32	4	133	0.0300752
NODE_1760_length_12823_cov_4.080949	4569	4702	33	2	133	0.0150376
NODE_1760_length_12823_cov_4.080949	4569	4702	34	4	133	0.0300752
NODE_1760_length_12823_cov_4.080949	4569	4702	36	3	133	0.0225564
NODE_1760_length_12823_cov_4.080949	4569	4702	37	7	133	0.0526316
NODE_1760_length_12823_cov_4.080949	4569	4702	38	10	133	0.0751880
NODE_1760_length_12823_cov_4.080949	4569	4702	39	4	133	0.0300752
NODE_1760_length_12823_cov_4.080949	4569	4702	40	1	133	0.0075188
NODE_17612_length_5888_cov_3.972880	1514	1647	9	4	133	0.0300752
NODE_17612_length_5888_cov_3.972880	1514	1647	11	12	133	0.0902256
NODE_17612_length_5888_cov_3.972880	1514	1647	13	7	133	0.0526316
NODE_17612_length_5888_cov_3.972880	1514	1647	14	13	133	0.0977444
NODE_17612_length_5888_cov_3.972880	1514	1647	15	31	133	0.2330827
NODE_17612_length_5888_cov_3.972880	1514	1647	16	5	133	0.0375940
NODE_17612_length_5888_cov_3.972880	1514	1647	17	3	133	0.0225564
NODE_17612_length_5888_cov_3.972880	1514	1647	18	14	133	0.1052632
NODE_17612_length_5888_cov_3.972880	1514	1647	19	18	133	0.1353384
NODE_17612_length_5888_cov_3.972880	1514	1647	20	26	133	0.1954887
NODE_17626_length_5886_cov_5.794712	5038	5171	5	1	133	0.0075188
NODE_17626_length_5886_cov_5.794712	5038	5171	6	5	133	0.0375940
NODE_17626_length_5886_cov_5.794712	5038	5171	7	5	133	0.0375940
NODE_17626_length_5886_cov_5.794712	5038	5171	8	1	133	0.0075188
NODE_17626_length_5886_cov_5.794712	5038	5171	9	27	133	0.2030075
NODE_17626_length_5886_cov_5.794712	5038	5171	10	13	133	0.0977444
NODE_17626_length_5886_cov_5.794712	5038	5171	11	9	133	0.0676692
NODE_17626_length_5886_cov_5.794712	5038	5171	12	2	133	0.0150376
NODE_17626_length_5886_cov_5.794712	5038	5171	13	34	133	0.2556391
NODE_17626_length_5886_cov_5.794712	5038	5171	14	7	133	0.0526316
NODE_17626_length_5886_cov_5.794712	5038	5171	15	12	133	0.0902256
NODE_17626_length_5886_cov_5.794712	5038	5171	16	17	133	0.1278196
NODE_1762_length_12820_cov_4.464429	11950	12083	15	1	133	0.0075188
NODE_1762_length_12820_cov_4.464429	11950	12083	16	1	133	0.0075188
NODE_1762_length_12820_cov_4.464429	11950	12083	17	16	133	0.1203008
NODE_1762_length_12820_cov_4.464429	11950	12083	18	10	133	0.0751880
NODE_1762_length_12820_cov_4.464429	11950	12083	19	25	133	0.1879699
NODE_1762_length_12820_cov_4.464429	11950	12083	20	46	133	0.3458647
NODE_1762_length_12820_cov_4.464429	11950	12083	21	28	133	0.2105263
NODE_1762_length_12820_cov_4.464429	11950	12083	23	6	133	0.0451128
NODE_176404_length_1405_cov_2.565850	415	548	16	2	133	0.0150376
NODE_176404_length_1405_cov_2.565850	415	548	18	6	133	0.0451128
NODE_176404_length_1405_cov_2.565850	415	548	19	1	133	0.0075188
NODE_176404_length_1405_cov_2.565850	415	548	21	3	133	0.0225564
NODE_176404_length_1405_cov_2.565850	415	548	23	1	133	0.0075188
NODE_176404_length_1405_cov_2.565850	415	548	24	1	133	0.0075188
NODE_176404_length_1405_cov_2.565850	415	548	25	5	133	0.0375940
NODE_176404_length_1405_cov_2.565850	415	548	27	3	133	0.0225564
NODE_176404_length_1405_cov_2.565850	415	548	28	16	133	0.1203008
NODE_176404_length_1405_cov_2.565850	415	548	33	1	133	0.0075188
NODE_176404_length_1405_cov_2.565850	415	548	35	8	133	0.0601504
NODE_176404_length_1405_cov_2.565850	415	548	36	24	133	0.1804511
NODE_176404_length_1405_cov_2.565850	415	548	37	10	133	0.0751880
NODE_176404_length_1405_cov_2.565850	415	548	38	10	133	0.0751880
NODE_176404_length_1405_cov_2.565850	415	548	39	8	133	0.0601504
NODE_176404_length_1405_cov_2.565850	415	548	41	34	133	0.2556391
NODE_176428_length_1404_cov_5.681992	420	553	8	4	133	0.0300752
NODE_176428_length_1404_cov_5.681992	420	553	9	18	133	0.1353384
NODE_176428_length_1404_cov_5.681992	420	553	10	8	133	0.0601504
NODE_176428_length_1404_cov_5.681992	420	553	11	13	133	0.0977444
NODE_176428_length_1404_cov_5.681992	420	553	12	10	133	0.0751880
NODE_176428_length_1404_cov_5.681992	420	553	13	19	133	0.1428571
NODE_176428_length_1404_cov_5.681992	420	553	14	13	133	0.0977444
NODE_176428_length_1404_cov_5.681992	420	553	15	21	133	0.1578947
NODE_176428_length_1404_cov_5.681992	420	553	16	20	133	0.1503759
NODE_176428_length_1404_cov_5.681992	420	553	17	7	133	0.0526316
NODE_17643_length_5884_cov_4.363699	1895	2028	15	5	133	0.0375940
NODE_17643_length_5884_cov_4.363699	1895	2028	16	3	133	0.0225564
NODE_17643_length_5884_cov_4.363699	1895	2028	17	3	133	0.0225564
NODE_17643_length_5884_cov_4.363699	1895	2028	18	23	133	0.1729323
NODE_17643_length_5884_cov_4.363699	1895	2028	19	5	133	0.0375940
NODE_17643_length_5884_cov_4.363699	1895	2028	20	2	133	0.0150376
NODE_17643_length_5884_cov_4.363699	1895	2028	21	6	133	0.0451128
NODE_17643_length_5884_cov_4.363699	1895	2028	22	2	133	0.0150376
NODE_17643_length_5884_cov_4.363699	1895	2028	23	26	133	0.1954887
NODE_17643_length_5884_cov_4.363699	1895	2028	24	7	133	0.0526316
NODE_17643_length_5884_cov_4.363699	1895	2028	25	7	133	0.0526316
NODE_17643_length_5884_cov_4.363699	1895	2028	26	30	133	0.2255639
NODE_17643_length_5884_cov_4.363699	1895	2028	27	14	133	0.1052632
NODE_176511_length_1404_cov_3.098851	358	491	6	20	133	0.1503759
NODE_176511_length_1404_cov_3.098851	358	491	8	1	133	0.0075188
NODE_176511_length_1404_cov_3.098851	358	491	11	16	133	0.1203008
NODE_176511_length_1404_cov_3.098851	358	491	13	3	133	0.0225564
NODE_176511_length_1404_cov_3.098851	358	491	15	1	133	0.0075188
NODE_176511_length_1404_cov_3.098851	358	491	16	1	133	0.0075188
NODE_176511_length_1404_cov_3.098851	358	491	18	1	133	0.0075188
NODE_176511_length_1404_cov_3.098851	358	491	20	2	133	0.0150376
NODE_176511_length_1404_cov_3.098851	358	491	22	7	133	0.0526316
NODE_176511_length_1404_cov_3.098851	358	491	23	5	133	0.0375940
NODE_176511_length_1404_cov_3.098851	358	491	24	25	133	0.1879699
NODE_176511_length_1404_cov_3.098851	358	491	25	42	133	0.3157895
NODE_176511_length_1404_cov_3.098851	358	491	26	9	133	0.0676692
NODE_17661_length_5881_cov_5.598063	1722	1855	4	33	133	0.2481203
NODE_17661_length_5881_cov_5.598063	1722	1855	5	1	133	0.0075188
NODE_17661_length_5881_cov_5.598063	1722	1855	6	9	133	0.0676692
NODE_17661_length_5881_cov_5.598063	1722	1855	13	4	133	0.0300752
NODE_17661_length_5881_cov_5.598063	1722	1855	17	1	133	0.0075188
NODE_17661_length_5881_cov_5.598063	1722	1855	18	17	133	0.1278196
NODE_17661_length_5881_cov_5.598063	1722	1855	20	6	133	0.0451128
NODE_17661_length_5881_cov_5.598063	1722	1855	21	21	133	0.1578947
NODE_17661_length_5881_cov_5.598063	1722	1855	22	41	133	0.3082707
NODE_17670_length_5880_cov_5.508563	4852	4985	1	33	133	0.2481203
NODE_17670_length_5880_cov_5.508563	4852	4985	2	52	133	0.3909774
NODE_17670_length_5880_cov_5.508563	4852	4985	3	15	133	0.1127820
NODE_17670_length_5880_cov_5.508563	4852	4985	4	11	133	0.0827068
NODE_17670_length_5880_cov_5.508563	4852	4985	5	11	133	0.0827068
NODE_17670_length_5880_cov_5.508563	4852	4985	6	10	133	0.0751880
NODE_17670_length_5880_cov_5.508563	4852	4985	7	1	133	0.0075188
NODE_17676_length_5880_cov_3.861616	4067	4200	17	4	133	0.0300752
NODE_17676_length_5880_cov_3.861616	4067	4200	18	36	133	0.2706767
NODE_17676_length_5880_cov_3.861616	4067	4200	19	19	133	0.1428571
NODE_17676_length_5880_cov_3.861616	4067	4200	20	23	133	0.1729323
NODE_17676_length_5880_cov_3.861616	4067	4200	21	6	133	0.0451128
NODE_17676_length_5880_cov_3.861616	4067	4200	22	31	133	0.2330827
NODE_17676_length_5880_cov_3.861616	4067	4200	23	14	133	0.1052632
NODE_176773_length_1402_cov_2.999233	288	421	0	111	133	0.8345864
NODE_176773_length_1402_cov_2.999233	288	421	2	22	133	0.1654135
NODE_1769_length_12806_cov_4.088298	11026	11159	0	34	133	0.2556391
NODE_1769_length_12806_cov_4.088298	11026	11159	1	27	133	0.2030075
NODE_1769_length_12806_cov_4.088298	11026	11159	2	33	133	0.2481203
NODE_1769_length_12806_cov_4.088298	11026	11159	4	25	133	0.1879699
NODE_1769_length_12806_cov_4.088298	11026	11159	5	14	133	0.1052632
NODE_17700_length_5876_cov_6.643587	2268	2401	3	2	133	0.0150376
NODE_17700_length_5876_cov_6.643587	2268	2401	4	35	133	0.2631579
NODE_17700_length_5876_cov_6.643587	2268	2401	5	59	133	0.4436090
NODE_17700_length_5876_cov_6.643587	2268	2401	6	37	133	0.2781955
NODE_177031_length_1400_cov_3.751729	142	275	8	13	133	0.0977444
NODE_177031_length_1400_cov_3.751729	142	275	9	59	133	0.4436090
NODE_177031_length_1400_cov_3.751729	142	275	11	2	133	0.0150376
NODE_177031_length_1400_cov_3.751729	142	275	12	52	133	0.3909774
NODE_177031_length_1400_cov_3.751729	142	275	13	7	133	0.0526316
NODE_17703_length_5876_cov_4.238013	2140	2273	18	5	133	0.0375940
NODE_17703_length_5876_cov_4.238013	2140	2273	19	28	133	0.2105263
NODE_17703_length_5876_cov_4.238013	2140	2273	20	16	133	0.1203008
NODE_17703_length_5876_cov_4.238013	2140	2273	21	13	133	0.0977444
NODE_17703_length_5876_cov_4.238013	2140	2273	22	33	133	0.2481203
NODE_17703_length_5876_cov_4.238013	2140	2273	23	26	133	0.1954887
NODE_17703_length_5876_cov_4.238013	2140	2273	24	12	133	0.0902256
NODE_177049_length_1400_cov_3.480400	128	261	8	6	133	0.0451128
NODE_177049_length_1400_cov_3.480400	128	261	10	13	133	0.0977444
NODE_177049_length_1400_cov_3.480400	128	261	11	11	133	0.0827068
NODE_177049_length_1400_cov_3.480400	128	261	12	31	133	0.2330827
NODE_177049_length_1400_cov_3.480400	128	261	13	13	133	0.0977444
NODE_177049_length_1400_cov_3.480400	128	261	14	6	133	0.0451128
NODE_177049_length_1400_cov_3.480400	128	261	16	6	133	0.0451128
NODE_177049_length_1400_cov_3.480400	128	261	18	4	133	0.0300752
NODE_177049_length_1400_cov_3.480400	128	261	20	4	133	0.0300752
NODE_177049_length_1400_cov_3.480400	128	261	21	1	133	0.0075188
NODE_177049_length_1400_cov_3.480400	128	261	22	1	133	0.0075188
NODE_177049_length_1400_cov_3.480400	128	261	24	8	133	0.0601504
NODE_177049_length_1400_cov_3.480400	128	261	25	10	133	0.0751880
NODE_177049_length_1400_cov_3.480400	128	261	26	2	133	0.0150376
NODE_177049_length_1400_cov_3.480400	128	261	27	5	133	0.0375940
NODE_177049_length_1400_cov_3.480400	128	261	29	12	133	0.0902256
NODE_1770_length_12805_cov_4.751456	8237	8370	7	4	133	0.0300752
NODE_1770_length_12805_cov_4.751456	8237	8370	8	19	133	0.1428571
NODE_1770_length_12805_cov_4.751456	8237	8370	9	13	133	0.0977444
NODE_1770_length_12805_cov_4.751456	8237	8370	10	13	133	0.0977444
NODE_1770_length_12805_cov_4.751456	8237	8370	11	7	133	0.0526316
NODE_1770_length_12805_cov_4.751456	8237	8370	12	4	133	0.0300752
NODE_1770_length_12805_cov_4.751456	8237	8370	13	6	133	0.0451128
NODE_1770_length_12805_cov_4.751456	8237	8370	14	3	133	0.0225564
NODE_1770_length_12805_cov_4.751456	8237	8370	15	17	133	0.1278196
NODE_1770_length_12805_cov_4.751456	8237	8370	16	38	133	0.2857143
NODE_1770_length_12805_cov_4.751456	8237	8370	17	9	133	0.0676692
NODE_177151_length_1399_cov_4.262308	945	1078	20	3	133	0.0225564
NODE_177151_length_1399_cov_4.262308	945	1078	21	2	133	0.0150376
NODE_177151_length_1399_cov_4.262308	945	1078	24	6	133	0.0451128
NODE_177151_length_1399_cov_4.262308	945	1078	25	3	133	0.0225564
NODE_177151_length_1399_cov_4.262308	945	1078	28	2	133	0.0150376
NODE_177151_length_1399_cov_4.262308	945	1078	29	8	133	0.0601504
NODE_177151_length_1399_cov_4.262308	945	1078	30	9	133	0.0676692
NODE_177151_length_1399_cov_4.262308	945	1078	31	7	133	0.0526316
NODE_177151_length_1399_cov_4.262308	945	1078	33	3	133	0.0225564
NODE_177151_length_1399_cov_4.262308	945	1078	34	7	133	0.0526316
NODE_177151_length_1399_cov_4.262308	945	1078	35	9	133	0.0676692
NODE_177151_length_1399_cov_4.262308	945	1078	36	4	133	0.0300752
NODE_177151_length_1399_cov_4.262308	945	1078	37	5	133	0.0375940
NODE_177151_length_1399_cov_4.262308	945	1078	38	9	133	0.0676692
NODE_177151_length_1399_cov_4.262308	945	1078	39	6	133	0.0451128
NODE_177151_length_1399_cov_4.262308	945	1078	40	1	133	0.0075188
NODE_177151_length_1399_cov_4.262308	945	1078	41	1	133	0.0075188
NODE_177151_length_1399_cov_4.262308	945	1078	42	2	133	0.0150376
NODE_177151_length_1399_cov_4.262308	945	1078	43	12	133	0.0902256
NODE_177151_length_1399_cov_4.262308	945	1078	44	1	133	0.0075188
NODE_177151_length_1399_cov_4.262308	945	1078	45	8	133	0.0601504
NODE_177151_length_1399_cov_4.262308	945	1078	46	12	133	0.0902256
NODE_177151_length_1399_cov_4.262308	945	1078	47	13	133	0.0977444
NODE_17732_length_5873_cov_3.210426	5629	5762	3	18	133	0.1353384
NODE_17732_length_5873_cov_3.210426	5629	5762	5	39	133	0.2932331
NODE_17732_length_5873_cov_3.210426	5629	5762	6	34	133	0.2556391
NODE_17732_length_5873_cov_3.210426	5629	5762	7	32	133	0.2406015
NODE_17732_length_5873_cov_3.210426	5629	5762	8	4	133	0.0300752
NODE_17732_length_5873_cov_3.210426	5629	5762	9	6	133	0.0451128
NODE_177368_length_1398_cov_2.765204	160	293	9	25	133	0.1879699
NODE_177368_length_1398_cov_2.765204	160	293	10	8	133	0.0601504
NODE_177368_length_1398_cov_2.765204	160	293	11	3	133	0.0225564
NODE_177368_length_1398_cov_2.765204	160	293	12	33	133	0.2481203
NODE_177368_length_1398_cov_2.765204	160	293	13	25	133	0.1879699
NODE_177368_length_1398_cov_2.765204	160	293	14	4	133	0.0300752
NODE_177368_length_1398_cov_2.765204	160	293	15	27	133	0.2030075
NODE_177368_length_1398_cov_2.765204	160	293	16	3	133	0.0225564
NODE_177368_length_1398_cov_2.765204	160	293	17	5	133	0.0375940
NODE_177423_length_1397_cov_4.483821	115	248	11	4	133	0.0300752
NODE_177423_length_1397_cov_4.483821	115	248	13	23	133	0.1729323
NODE_177423_length_1397_cov_4.483821	115	248	14	31	133	0.2330827
NODE_177423_length_1397_cov_4.483821	115	248	15	5	133	0.0375940
NODE_177423_length_1397_cov_4.483821	115	248	16	12	133	0.0902256
NODE_177423_length_1397_cov_4.483821	115	248	17	11	133	0.0827068
NODE_177423_length_1397_cov_4.483821	115	248	18	14	133	0.1052632
NODE_177423_length_1397_cov_4.483821	115	248	19	22	133	0.1654135
NODE_177423_length_1397_cov_4.483821	115	248	20	11	133	0.0827068
NODE_177687_length_1396_cov_2.389360	275	408	1	13	133	0.0977444
NODE_177687_length_1396_cov_2.389360	275	408	2	120	133	0.9022557
NODE_177725_length_1395_cov_4.898148	34	167	10	1	133	0.0075188
NODE_177725_length_1395_cov_4.898148	34	167	11	4	133	0.0300752
NODE_177725_length_1395_cov_4.898148	34	167	12	1	133	0.0075188
NODE_177725_length_1395_cov_4.898148	34	167	13	1	133	0.0075188
NODE_177725_length_1395_cov_4.898148	34	167	15	26	133	0.1954887
NODE_177725_length_1395_cov_4.898148	34	167	17	20	133	0.1503759
NODE_177725_length_1395_cov_4.898148	34	167	18	14	133	0.1052632
NODE_177725_length_1395_cov_4.898148	34	167	19	11	133	0.0827068
NODE_177725_length_1395_cov_4.898148	34	167	20	1	133	0.0075188
NODE_177725_length_1395_cov_4.898148	34	167	21	29	133	0.2180451
NODE_177725_length_1395_cov_4.898148	34	167	22	16	133	0.1203008
NODE_177725_length_1395_cov_4.898148	34	167	23	9	133	0.0676692
NODE_177936_length_1394_cov_3.169884	995	1128	0	42	133	0.3157895
NODE_177936_length_1394_cov_3.169884	995	1128	3	19	133	0.1428571
NODE_177936_length_1394_cov_3.169884	995	1128	4	13	133	0.0977444
NODE_177936_length_1394_cov_3.169884	995	1128	5	14	133	0.1052632
NODE_177936_length_1394_cov_3.169884	995	1128	6	1	133	0.0075188
NODE_177936_length_1394_cov_3.169884	995	1128	7	8	133	0.0601504
NODE_177936_length_1394_cov_3.169884	995	1128	9	10	133	0.0751880
NODE_177936_length_1394_cov_3.169884	995	1128	10	7	133	0.0526316
NODE_177936_length_1394_cov_3.169884	995	1128	12	19	133	0.1428571
NODE_178037_length_1393_cov_3.731066	667	800	0	9	133	0.0676692
NODE_178037_length_1393_cov_3.731066	667	800	1	11	133	0.0827068
NODE_178037_length_1393_cov_3.731066	667	800	3	113	133	0.8496240
NODE_178110_length_1392_cov_5.609435	470	603	22	1	133	0.0075188
NODE_178110_length_1392_cov_5.609435	470	603	24	13	133	0.0977444
NODE_178110_length_1392_cov_5.609435	470	603	26	4	133	0.0300752
NODE_178110_length_1392_cov_5.609435	470	603	27	8	133	0.0601504
NODE_178110_length_1392_cov_5.609435	470	603	28	1	133	0.0075188
NODE_178110_length_1392_cov_5.609435	470	603	29	11	133	0.0827068
NODE_178110_length_1392_cov_5.609435	470	603	30	13	133	0.0977444
NODE_178110_length_1392_cov_5.609435	470	603	31	2	133	0.0150376
NODE_178110_length_1392_cov_5.609435	470	603	32	10	133	0.0751880
NODE_178110_length_1392_cov_5.609435	470	603	33	21	133	0.1578947
NODE_178110_length_1392_cov_5.609435	470	603	34	14	133	0.1052632
NODE_178110_length_1392_cov_5.609435	470	603	35	5	133	0.0375940
NODE_178110_length_1392_cov_5.609435	470	603	36	8	133	0.0601504
NODE_178110_length_1392_cov_5.609435	470	603	37	6	133	0.0451128
NODE_178110_length_1392_cov_5.609435	470	603	38	15	133	0.1127820
NODE_178110_length_1392_cov_5.609435	470	603	39	1	133	0.0075188
NODE_178158_length_1392_cov_4.023202	451	584	9	5	133	0.0375940
NODE_178158_length_1392_cov_4.023202	451	584	10	6	133	0.0451128
NODE_178158_length_1392_cov_4.023202	451	584	11	13	133	0.0977444
NODE_178158_length_1392_cov_4.023202	451	584	12	36	133	0.2706767
NODE_178158_length_1392_cov_4.023202	451	584	13	9	133	0.0676692
NODE_178158_length_1392_cov_4.023202	451	584	14	2	133	0.0150376
NODE_178158_length_1392_cov_4.023202	451	584	15	16	133	0.1203008
NODE_178158_length_1392_cov_4.023202	451	584	16	27	133	0.2030075
NODE_178158_length_1392_cov_4.023202	451	584	17	8	133	0.0601504
NODE_178158_length_1392_cov_4.023202	451	584	18	5	133	0.0375940
NODE_178158_length_1392_cov_4.023202	451	584	19	6	133	0.0451128
NODE_178205_length_1392_cov_2.836814	1220	1353	3	24	133	0.1804511
NODE_178205_length_1392_cov_2.836814	1220	1353	4	1	133	0.0075188
NODE_178205_length_1392_cov_2.836814	1220	1353	5	100	133	0.7518797
NODE_178205_length_1392_cov_2.836814	1220	1353	6	8	133	0.0601504
NODE_178333_length_1391_cov_2.842879	42	175	3	1	133	0.0075188
NODE_178333_length_1391_cov_2.842879	42	175	4	1	133	0.0075188
NODE_178333_length_1391_cov_2.842879	42	175	5	21	133	0.1578947
NODE_178333_length_1391_cov_2.842879	42	175	6	61	133	0.4586466
NODE_178333_length_1391_cov_2.842879	42	175	7	37	133	0.2781955
NODE_178333_length_1391_cov_2.842879	42	175	8	12	133	0.0902256
NODE_178436_length_1390_cov_3.554609	188	321	7	4	133	0.0300752
NODE_178436_length_1390_cov_3.554609	188	321	8	46	133	0.3458647
NODE_178436_length_1390_cov_3.554609	188	321	9	59	133	0.4436090
NODE_178436_length_1390_cov_3.554609	188	321	10	22	133	0.1654135
NODE_178436_length_1390_cov_3.554609	188	321	11	2	133	0.0150376
NODE_1784_length_12779_cov_5.393375	3150	3283	4	4	133	0.0300752
NODE_1784_length_12779_cov_5.393375	3150	3283	5	13	133	0.0977444
NODE_1784_length_12779_cov_5.393375	3150	3283	6	40	133	0.3007519
NODE_1784_length_12779_cov_5.393375	3150	3283	7	30	133	0.2255639
NODE_1784_length_12779_cov_5.393375	3150	3283	8	36	133	0.2706767
NODE_1784_length_12779_cov_5.393375	3150	3283	9	10	133	0.0751880
NODE_17854_length_5854_cov_3.750652	1130	1263	6	10	133	0.0751880
NODE_17854_length_5854_cov_3.750652	1130	1263	7	38	133	0.2857143
NODE_17854_length_5854_cov_3.750652	1130	1263	8	27	133	0.2030075
NODE_17854_length_5854_cov_3.750652	1130	1263	9	26	133	0.1954887
NODE_17854_length_5854_cov_3.750652	1130	1263	10	20	133	0.1503759
NODE_17854_length_5854_cov_3.750652	1130	1263	11	12	133	0.0902256
NODE_178602_length_1389_cov_3.348837	1035	1168	4	39	133	0.2932331
NODE_178602_length_1389_cov_3.348837	1035	1168	5	68	133	0.5112782
NODE_178602_length_1389_cov_3.348837	1035	1168	6	11	133	0.0827068
NODE_178602_length_1389_cov_3.348837	1035	1168	7	1	133	0.0075188
NODE_178602_length_1389_cov_3.348837	1035	1168	8	14	133	0.1052632
NODE_17876_length_5851_cov_4.208971	2991	3124	7	17	133	0.1278196
NODE_17876_length_5851_cov_4.208971	2991	3124	8	22	133	0.1654135
NODE_17876_length_5851_cov_4.208971	2991	3124	9	56	133	0.4210526
NODE_17876_length_5851_cov_4.208971	2991	3124	10	38	133	0.2857143
NODE_178866_length_1387_cov_3.426242	679	812	7	3	133	0.0225564
NODE_178866_length_1387_cov_3.426242	679	812	8	19	133	0.1428571
NODE_178866_length_1387_cov_3.426242	679	812	9	7	133	0.0526316
NODE_178866_length_1387_cov_3.426242	679	812	10	5	133	0.0375940
NODE_178866_length_1387_cov_3.426242	679	812	12	3	133	0.0225564
NODE_178866_length_1387_cov_3.426242	679	812	13	6	133	0.0451128
NODE_178866_length_1387_cov_3.426242	679	812	14	1	133	0.0075188
NODE_178866_length_1387_cov_3.426242	679	812	17	4	133	0.0300752
NODE_178866_length_1387_cov_3.426242	679	812	18	11	133	0.0827068
NODE_178866_length_1387_cov_3.426242	679	812	19	18	133	0.1353384
NODE_178866_length_1387_cov_3.426242	679	812	20	31	133	0.2330827
NODE_178866_length_1387_cov_3.426242	679	812	21	9	133	0.0676692
NODE_178866_length_1387_cov_3.426242	679	812	22	16	133	0.1203008
NODE_178874_length_1387_cov_3.333075	922	1055	11	31	133	0.2330827
NODE_178874_length_1387_cov_3.333075	922	1055	12	12	133	0.0902256
NODE_178874_length_1387_cov_3.333075	922	1055	13	14	133	0.1052632
NODE_178874_length_1387_cov_3.333075	922	1055	14	1	133	0.0075188
NODE_178874_length_1387_cov_3.333075	922	1055	15	2	133	0.0150376
NODE_178874_length_1387_cov_3.333075	922	1055	17	3	133	0.0225564
NODE_178874_length_1387_cov_3.333075	922	1055	18	21	133	0.1578947
NODE_178874_length_1387_cov_3.333075	922	1055	19	34	133	0.2556391
NODE_178874_length_1387_cov_3.333075	922	1055	20	12	133	0.0902256
NODE_178874_length_1387_cov_3.333075	922	1055	21	3	133	0.0225564
NODE_1788_length_12762_cov_4.125405	11853	11986	4	18	133	0.1353384
NODE_1788_length_12762_cov_4.125405	11853	11986	5	93	133	0.6992481
NODE_1788_length_12762_cov_4.125405	11853	11986	6	22	133	0.1654135
NODE_178967_length_1386_cov_4.268842	1004	1137	3	20	133	0.1503759
NODE_178967_length_1386_cov_4.268842	1004	1137	4	3	133	0.0225564
NODE_178967_length_1386_cov_4.268842	1004	1137	5	1	133	0.0075188
NODE_178967_length_1386_cov_4.268842	1004	1137	7	5	133	0.0375940
NODE_178967_length_1386_cov_4.268842	1004	1137	8	8	133	0.0601504
NODE_178967_length_1386_cov_4.268842	1004	1137	10	6	133	0.0451128
NODE_178967_length_1386_cov_4.268842	1004	1137	11	47	133	0.3533835
NODE_178967_length_1386_cov_4.268842	1004	1137	13	43	133	0.3233083
NODE_17897_length_5849_cov_4.510783	3897	4030	10	1	133	0.0075188
NODE_17897_length_5849_cov_4.510783	3897	4030	11	18	133	0.1353384
NODE_17897_length_5849_cov_4.510783	3897	4030	13	11	133	0.0827068
NODE_17897_length_5849_cov_4.510783	3897	4030	14	34	133	0.2556391
NODE_17897_length_5849_cov_4.510783	3897	4030	15	11	133	0.0827068
NODE_17897_length_5849_cov_4.510783	3897	4030	16	3	133	0.0225564
NODE_17897_length_5849_cov_4.510783	3897	4030	17	1	133	0.0075188
NODE_17897_length_5849_cov_4.510783	3897	4030	18	7	133	0.0526316
NODE_17897_length_5849_cov_4.510783	3897	4030	19	39	133	0.2932331
NODE_17897_length_5849_cov_4.510783	3897	4030	21	6	133	0.0451128
NODE_17897_length_5849_cov_4.510783	3897	4030	22	2	133	0.0150376
NODE_178_length_22390_cov_7.922345	16892	17025	3	39	133	0.2932331
NODE_178_length_22390_cov_7.922345	16892	17025	4	48	133	0.3609022
NODE_178_length_22390_cov_7.922345	16892	17025	7	32	133	0.2406015
NODE_178_length_22390_cov_7.922345	16892	17025	8	14	133	0.1052632
NODE_179096_length_1385_cov_5.434681	363	496	13	2	133	0.0150376
NODE_179096_length_1385_cov_5.434681	363	496	14	9	133	0.0676692
NODE_179096_length_1385_cov_5.434681	363	496	15	22	133	0.1654135
NODE_179096_length_1385_cov_5.434681	363	496	16	9	133	0.0676692
NODE_179096_length_1385_cov_5.434681	363	496	17	33	133	0.2481203
NODE_179096_length_1385_cov_5.434681	363	496	18	2	133	0.0150376
NODE_179096_length_1385_cov_5.434681	363	496	19	14	133	0.1052632
NODE_179096_length_1385_cov_5.434681	363	496	20	2	133	0.0150376
NODE_179096_length_1385_cov_5.434681	363	496	21	7	133	0.0526316
NODE_179096_length_1385_cov_5.434681	363	496	22	4	133	0.0300752
NODE_179096_length_1385_cov_5.434681	363	496	23	13	133	0.0977444
NODE_179096_length_1385_cov_5.434681	363	496	24	14	133	0.1052632
NODE_179096_length_1385_cov_5.434681	363	496	25	2	133	0.0150376
NODE_179154_length_1385_cov_3.390358	727	860	11	1	133	0.0075188
NODE_179154_length_1385_cov_3.390358	727	860	12	1	133	0.0075188
NODE_179154_length_1385_cov_3.390358	727	860	13	18	133	0.1353384
NODE_179154_length_1385_cov_3.390358	727	860	14	13	133	0.0977444
NODE_179154_length_1385_cov_3.390358	727	860	17	26	133	0.1954887
NODE_179154_length_1385_cov_3.390358	727	860	18	30	133	0.2255639
NODE_179154_length_1385_cov_3.390358	727	860	19	42	133	0.3157895
NODE_179154_length_1385_cov_3.390358	727	860	20	2	133	0.0150376
NODE_179181_length_1385_cov_2.862364	925	1058	14	1	133	0.0075188
NODE_179181_length_1385_cov_2.862364	925	1058	16	26	133	0.1954887
NODE_179181_length_1385_cov_2.862364	925	1058	17	12	133	0.0902256
NODE_179181_length_1385_cov_2.862364	925	1058	18	10	133	0.0751880
NODE_179181_length_1385_cov_2.862364	925	1058	19	21	133	0.1578947
NODE_179181_length_1385_cov_2.862364	925	1058	20	6	133	0.0451128
NODE_179181_length_1385_cov_2.862364	925	1058	21	3	133	0.0225564
NODE_179181_length_1385_cov_2.862364	925	1058	22	14	133	0.1052632
NODE_179181_length_1385_cov_2.862364	925	1058	23	5	133	0.0375940
NODE_179181_length_1385_cov_2.862364	925	1058	25	16	133	0.1203008
NODE_179181_length_1385_cov_2.862364	925	1058	26	7	133	0.0526316
NODE_179181_length_1385_cov_2.862364	925	1058	27	11	133	0.0827068
NODE_179181_length_1385_cov_2.862364	925	1058	28	1	133	0.0075188
NODE_17923_length_5845_cov_3.656109	5555	5688	3	22	133	0.1654135
NODE_17923_length_5845_cov_3.656109	5555	5688	5	25	133	0.1879699
NODE_17923_length_5845_cov_3.656109	5555	5688	6	20	133	0.1503759
NODE_17923_length_5845_cov_3.656109	5555	5688	7	1	133	0.0075188
NODE_17923_length_5845_cov_3.656109	5555	5688	8	35	133	0.2631579
NODE_17923_length_5845_cov_3.656109	5555	5688	9	30	133	0.2255639
NODE_179243_length_1384_cov_3.901946	143	276	0	79	133	0.5939850
NODE_179243_length_1384_cov_3.901946	143	276	2	54	133	0.4060150
NODE_17938_length_5843_cov_4.922006	795	928	25	6	133	0.0451128
NODE_17938_length_5843_cov_4.922006	795	928	26	1	133	0.0075188
NODE_17938_length_5843_cov_4.922006	795	928	27	1	133	0.0075188
NODE_17938_length_5843_cov_4.922006	795	928	28	7	133	0.0526316
NODE_17938_length_5843_cov_4.922006	795	928	29	3	133	0.0225564
NODE_17938_length_5843_cov_4.922006	795	928	30	5	133	0.0375940
NODE_17938_length_5843_cov_4.922006	795	928	31	3	133	0.0225564
NODE_17938_length_5843_cov_4.922006	795	928	32	2	133	0.0150376
NODE_17938_length_5843_cov_4.922006	795	928	33	9	133	0.0676692
NODE_17938_length_5843_cov_4.922006	795	928	34	13	133	0.0977444
NODE_17938_length_5843_cov_4.922006	795	928	35	17	133	0.1278196
NODE_17938_length_5843_cov_4.922006	795	928	36	12	133	0.0902256
NODE_17938_length_5843_cov_4.922006	795	928	37	24	133	0.1804511
NODE_17938_length_5843_cov_4.922006	795	928	38	2	133	0.0150376
NODE_17938_length_5843_cov_4.922006	795	928	39	1	133	0.0075188
NODE_17938_length_5843_cov_4.922006	795	928	40	7	133	0.0526316
NODE_17938_length_5843_cov_4.922006	795	928	41	3	133	0.0225564
NODE_17938_length_5843_cov_4.922006	795	928	42	14	133	0.1052632
NODE_17938_length_5843_cov_4.922006	795	928	43	2	133	0.0150376
NODE_17938_length_5843_cov_4.922006	795	928	44	1	133	0.0075188
NODE_179522_length_1382_cov_3.856586	234	367	5	9	133	0.0676692
NODE_179522_length_1382_cov_3.856586	234	367	7	17	133	0.1278196
NODE_179522_length_1382_cov_3.856586	234	367	8	2	133	0.0150376
NODE_179522_length_1382_cov_3.856586	234	367	9	1	133	0.0075188
NODE_179522_length_1382_cov_3.856586	234	367	10	10	133	0.0751880
NODE_179522_length_1382_cov_3.856586	234	367	11	32	133	0.2406015
NODE_179522_length_1382_cov_3.856586	234	367	12	14	133	0.1052632
NODE_179522_length_1382_cov_3.856586	234	367	13	37	133	0.2781955
NODE_179522_length_1382_cov_3.856586	234	367	14	11	133	0.0827068
NODE_179528_length_1382_cov_3.745908	1087	1220	11	11	133	0.0827068
NODE_179528_length_1382_cov_3.745908	1087	1220	12	3	133	0.0225564
NODE_179528_length_1382_cov_3.745908	1087	1220	13	32	133	0.2406015
NODE_179528_length_1382_cov_3.745908	1087	1220	14	11	133	0.0827068
NODE_179528_length_1382_cov_3.745908	1087	1220	15	2	133	0.0150376
NODE_179528_length_1382_cov_3.745908	1087	1220	16	4	133	0.0300752
NODE_179528_length_1382_cov_3.745908	1087	1220	17	25	133	0.1879699
NODE_179528_length_1382_cov_3.745908	1087	1220	18	11	133	0.0827068
NODE_179528_length_1382_cov_3.745908	1087	1220	19	34	133	0.2556391
NODE_17969_length_5839_cov_5.228746	446	579	11	3	133	0.0225564
NODE_17969_length_5839_cov_5.228746	446	579	12	1	133	0.0075188
NODE_17969_length_5839_cov_5.228746	446	579	13	8	133	0.0601504
NODE_17969_length_5839_cov_5.228746	446	579	14	18	133	0.1353384
NODE_17969_length_5839_cov_5.228746	446	579	15	28	133	0.2105263
NODE_17969_length_5839_cov_5.228746	446	579	17	6	133	0.0451128
NODE_17969_length_5839_cov_5.228746	446	579	18	1	133	0.0075188
NODE_17969_length_5839_cov_5.228746	446	579	19	23	133	0.1729323
NODE_17969_length_5839_cov_5.228746	446	579	20	8	133	0.0601504
NODE_17969_length_5839_cov_5.228746	446	579	21	13	133	0.0977444
NODE_17969_length_5839_cov_5.228746	446	579	22	18	133	0.1353384
NODE_17969_length_5839_cov_5.228746	446	579	23	6	133	0.0451128
NODE_179708_length_1381_cov_3.290172	1022	1155	4	14	133	0.1052632
NODE_179708_length_1381_cov_3.290172	1022	1155	5	65	133	0.4887218
NODE_179708_length_1381_cov_3.290172	1022	1155	6	10	133	0.0751880
NODE_179708_length_1381_cov_3.290172	1022	1155	7	44	133	0.3308271
NODE_179804_length_1380_cov_4.373927	405	538	16	6	133	0.0451128
NODE_179804_length_1380_cov_4.373927	405	538	17	1	133	0.0075188
NODE_179804_length_1380_cov_4.373927	405	538	19	3	133	0.0225564
NODE_179804_length_1380_cov_4.373927	405	538	20	2	133	0.0150376
NODE_179804_length_1380_cov_4.373927	405	538	21	11	133	0.0827068
NODE_179804_length_1380_cov_4.373927	405	538	22	2	133	0.0150376
NODE_179804_length_1380_cov_4.373927	405	538	23	18	133	0.1353384
NODE_179804_length_1380_cov_4.373927	405	538	24	2	133	0.0150376
NODE_179804_length_1380_cov_4.373927	405	538	25	3	133	0.0225564
NODE_179804_length_1380_cov_4.373927	405	538	26	5	133	0.0375940
NODE_179804_length_1380_cov_4.373927	405	538	27	15	133	0.1127820
NODE_179804_length_1380_cov_4.373927	405	538	28	26	133	0.1954887
NODE_179804_length_1380_cov_4.373927	405	538	29	20	133	0.1503759
NODE_179804_length_1380_cov_4.373927	405	538	30	10	133	0.0751880
NODE_179804_length_1380_cov_4.373927	405	538	31	4	133	0.0300752
NODE_179804_length_1380_cov_4.373927	405	538	32	5	133	0.0375940
NODE_17991_length_5836_cov_4.088548	5331	5464	4	5	133	0.0375940
NODE_17991_length_5836_cov_4.088548	5331	5464	5	20	133	0.1503759
NODE_17991_length_5836_cov_4.088548	5331	5464	6	9	133	0.0676692
NODE_17991_length_5836_cov_4.088548	5331	5464	8	5	133	0.0375940
NODE_17991_length_5836_cov_4.088548	5331	5464	9	11	133	0.0827068
NODE_17991_length_5836_cov_4.088548	5331	5464	10	8	133	0.0601504
NODE_17991_length_5836_cov_4.088548	5331	5464	11	37	133	0.2781955
NODE_17991_length_5836_cov_4.088548	5331	5464	12	31	133	0.2330827
NODE_17991_length_5836_cov_4.088548	5331	5464	13	7	133	0.0526316
NODE_179951_length_1379_cov_4.233594	846	979	13	3	133	0.0225564
NODE_179951_length_1379_cov_4.233594	846	979	15	15	133	0.1127820
NODE_179951_length_1379_cov_4.233594	846	979	16	11	133	0.0827068
NODE_179951_length_1379_cov_4.233594	846	979	17	51	133	0.3834586
NODE_179951_length_1379_cov_4.233594	846	979	18	30	133	0.2255639
NODE_179951_length_1379_cov_4.233594	846	979	19	23	133	0.1729323
NODE_179962_length_1379_cov_3.973438	306	439	9	8	133	0.0601504
NODE_179962_length_1379_cov_3.973438	306	439	10	6	133	0.0451128
NODE_179962_length_1379_cov_3.973438	306	439	13	1	133	0.0075188
NODE_179962_length_1379_cov_3.973438	306	439	15	6	133	0.0451128
NODE_179962_length_1379_cov_3.973438	306	439	16	2	133	0.0150376
NODE_179962_length_1379_cov_3.973438	306	439	17	29	133	0.2180451
NODE_179962_length_1379_cov_3.973438	306	439	18	2	133	0.0150376
NODE_179962_length_1379_cov_3.973438	306	439	19	2	133	0.0150376
NODE_179962_length_1379_cov_3.973438	306	439	20	9	133	0.0676692
NODE_179962_length_1379_cov_3.973438	306	439	21	11	133	0.0827068
NODE_179962_length_1379_cov_3.973438	306	439	22	32	133	0.2406015
NODE_179962_length_1379_cov_3.973438	306	439	23	4	133	0.0300752
NODE_179962_length_1379_cov_3.973438	306	439	25	3	133	0.0225564
NODE_179962_length_1379_cov_3.973438	306	439	26	18	133	0.1353384
NODE_180030_length_1379_cov_2.707813	293	426	11	4	133	0.0300752
NODE_180030_length_1379_cov_2.707813	293	426	12	16	133	0.1203008
NODE_180030_length_1379_cov_2.707813	293	426	14	4	133	0.0300752
NODE_180030_length_1379_cov_2.707813	293	426	16	13	133	0.0977444
NODE_180030_length_1379_cov_2.707813	293	426	17	22	133	0.1654135
NODE_180030_length_1379_cov_2.707813	293	426	18	19	133	0.1428571
NODE_180030_length_1379_cov_2.707813	293	426	19	5	133	0.0375940
NODE_180030_length_1379_cov_2.707813	293	426	20	26	133	0.1954887
NODE_180030_length_1379_cov_2.707813	293	426	21	20	133	0.1503759
NODE_180030_length_1379_cov_2.707813	293	426	22	4	133	0.0300752
NODE_18015_length_5833_cov_3.798221	3510	3643	14	9	133	0.0676692
NODE_18015_length_5833_cov_3.798221	3510	3643	15	17	133	0.1278196
NODE_18015_length_5833_cov_3.798221	3510	3643	17	8	133	0.0601504
NODE_18015_length_5833_cov_3.798221	3510	3643	18	14	133	0.1052632
NODE_18015_length_5833_cov_3.798221	3510	3643	19	1	133	0.0075188
NODE_18015_length_5833_cov_3.798221	3510	3643	20	5	133	0.0375940
NODE_18015_length_5833_cov_3.798221	3510	3643	21	23	133	0.1729323
NODE_18015_length_5833_cov_3.798221	3510	3643	22	12	133	0.0902256
NODE_18015_length_5833_cov_3.798221	3510	3643	23	12	133	0.0902256
NODE_18015_length_5833_cov_3.798221	3510	3643	24	23	133	0.1729323
NODE_18015_length_5833_cov_3.798221	3510	3643	25	9	133	0.0676692
NODE_1801_length_12736_cov_4.131835	3090	3223	15	10	133	0.0751880
NODE_1801_length_12736_cov_4.131835	3090	3223	16	18	133	0.1353384
NODE_1801_length_12736_cov_4.131835	3090	3223	17	27	133	0.2030075
NODE_1801_length_12736_cov_4.131835	3090	3223	18	6	133	0.0451128
NODE_1801_length_12736_cov_4.131835	3090	3223	19	18	133	0.1353384
NODE_1801_length_12736_cov_4.131835	3090	3223	20	9	133	0.0676692
NODE_1801_length_12736_cov_4.131835	3090	3223	21	7	133	0.0526316
NODE_1801_length_12736_cov_4.131835	3090	3223	22	18	133	0.1353384
NODE_1801_length_12736_cov_4.131835	3090	3223	23	16	133	0.1203008
NODE_1801_length_12736_cov_4.131835	3090	3223	24	4	133	0.0300752
NODE_18024_length_5832_cov_3.458399	3757	3890	29	1	133	0.0075188
NODE_18024_length_5832_cov_3.458399	3757	3890	31	3	133	0.0225564
NODE_18024_length_5832_cov_3.458399	3757	3890	32	4	133	0.0300752
NODE_18024_length_5832_cov_3.458399	3757	3890	35	3	133	0.0225564
NODE_18024_length_5832_cov_3.458399	3757	3890	37	1	133	0.0075188
NODE_18024_length_5832_cov_3.458399	3757	3890	38	4	133	0.0300752
NODE_18024_length_5832_cov_3.458399	3757	3890	39	9	133	0.0676692
NODE_18024_length_5832_cov_3.458399	3757	3890	40	21	133	0.1578947
NODE_18024_length_5832_cov_3.458399	3757	3890	41	15	133	0.1127820
NODE_18024_length_5832_cov_3.458399	3757	3890	42	22	133	0.1654135
NODE_18024_length_5832_cov_3.458399	3757	3890	43	9	133	0.0676692
NODE_18024_length_5832_cov_3.458399	3757	3890	45	15	133	0.1127820
NODE_18024_length_5832_cov_3.458399	3757	3890	46	15	133	0.1127820
NODE_18024_length_5832_cov_3.458399	3757	3890	47	11	133	0.0827068
NODE_180320_length_1377_cov_2.910798	336	469	15	11	133	0.0827068
NODE_180320_length_1377_cov_2.910798	336	469	16	7	133	0.0526316
NODE_180320_length_1377_cov_2.910798	336	469	17	2	133	0.0150376
NODE_180320_length_1377_cov_2.910798	336	469	18	16	133	0.1203008
NODE_180320_length_1377_cov_2.910798	336	469	19	10	133	0.0751880
NODE_180320_length_1377_cov_2.910798	336	469	20	3	133	0.0225564
NODE_180320_length_1377_cov_2.910798	336	469	21	11	133	0.0827068
NODE_180320_length_1377_cov_2.910798	336	469	22	9	133	0.0676692
NODE_180320_length_1377_cov_2.910798	336	469	23	17	133	0.1278196
NODE_180320_length_1377_cov_2.910798	336	469	24	5	133	0.0375940
NODE_180320_length_1377_cov_2.910798	336	469	25	15	133	0.1127820
NODE_180320_length_1377_cov_2.910798	336	469	26	13	133	0.0977444
NODE_180320_length_1377_cov_2.910798	336	469	27	4	133	0.0300752
NODE_180320_length_1377_cov_2.910798	336	469	28	10	133	0.0751880
NODE_180447_length_1376_cov_3.457322	540	673	15	17	133	0.1278196
NODE_180447_length_1376_cov_3.457322	540	673	16	30	133	0.2255639
NODE_180447_length_1376_cov_3.457322	540	673	18	8	133	0.0601504
NODE_180447_length_1376_cov_3.457322	540	673	19	8	133	0.0601504
NODE_180447_length_1376_cov_3.457322	540	673	20	10	133	0.0751880
NODE_180447_length_1376_cov_3.457322	540	673	21	8	133	0.0601504
NODE_180447_length_1376_cov_3.457322	540	673	22	18	133	0.1353384
NODE_180447_length_1376_cov_3.457322	540	673	23	33	133	0.2481203
NODE_180447_length_1376_cov_3.457322	540	673	25	1	133	0.0075188
NODE_18048_length_5828_cov_8.324140	1662	1795	4	4	133	0.0300752
NODE_18048_length_5828_cov_8.324140	1662	1795	5	4	133	0.0300752
NODE_18048_length_5828_cov_8.324140	1662	1795	6	5	133	0.0375940
NODE_18048_length_5828_cov_8.324140	1662	1795	7	5	133	0.0375940
NODE_18048_length_5828_cov_8.324140	1662	1795	8	1	133	0.0075188
NODE_18048_length_5828_cov_8.324140	1662	1795	9	5	133	0.0375940
NODE_18048_length_5828_cov_8.324140	1662	1795	11	11	133	0.0827068
NODE_18048_length_5828_cov_8.324140	1662	1795	12	1	133	0.0075188
NODE_18048_length_5828_cov_8.324140	1662	1795	13	1	133	0.0075188
NODE_18048_length_5828_cov_8.324140	1662	1795	14	8	133	0.0601504
NODE_18048_length_5828_cov_8.324140	1662	1795	15	16	133	0.1203008
NODE_18048_length_5828_cov_8.324140	1662	1795	17	1	133	0.0075188
NODE_18048_length_5828_cov_8.324140	1662	1795	18	6	133	0.0451128
NODE_18048_length_5828_cov_8.324140	1662	1795	20	4	133	0.0300752
NODE_18048_length_5828_cov_8.324140	1662	1795	22	1	133	0.0075188
NODE_18048_length_5828_cov_8.324140	1662	1795	23	10	133	0.0751880
NODE_18048_length_5828_cov_8.324140	1662	1795	24	21	133	0.1578947
NODE_18048_length_5828_cov_8.324140	1662	1795	25	18	133	0.1353384
NODE_18048_length_5828_cov_8.324140	1662	1795	26	11	133	0.0827068
NODE_180510_length_1375_cov_5.071317	203	336	4	16	133	0.1203008
NODE_180510_length_1375_cov_5.071317	203	336	5	2	133	0.0150376
NODE_180510_length_1375_cov_5.071317	203	336	7	2	133	0.0150376
NODE_180510_length_1375_cov_5.071317	203	336	8	1	133	0.0075188
NODE_180510_length_1375_cov_5.071317	203	336	10	16	133	0.1203008
NODE_180510_length_1375_cov_5.071317	203	336	12	20	133	0.1503759
NODE_180510_length_1375_cov_5.071317	203	336	13	52	133	0.3909774
NODE_180510_length_1375_cov_5.071317	203	336	14	18	133	0.1353384
NODE_180510_length_1375_cov_5.071317	203	336	15	3	133	0.0225564
NODE_180510_length_1375_cov_5.071317	203	336	16	3	133	0.0225564
NODE_18051_length_5828_cov_5.118520	578	711	11	18	133	0.1353384
NODE_18051_length_5828_cov_5.118520	578	711	12	8	133	0.0601504
NODE_18051_length_5828_cov_5.118520	578	711	13	11	133	0.0827068
NODE_18051_length_5828_cov_5.118520	578	711	14	17	133	0.1278196
NODE_18051_length_5828_cov_5.118520	578	711	15	19	133	0.1428571
NODE_18051_length_5828_cov_5.118520	578	711	16	35	133	0.2631579
NODE_18051_length_5828_cov_5.118520	578	711	17	22	133	0.1654135
NODE_18051_length_5828_cov_5.118520	578	711	18	3	133	0.0225564
NODE_180689_length_1374_cov_3.581961	1013	1146	4	1	133	0.0075188
NODE_180689_length_1374_cov_3.581961	1013	1146	5	53	133	0.3984962
NODE_180689_length_1374_cov_3.581961	1013	1146	6	1	133	0.0075188
NODE_180689_length_1374_cov_3.581961	1013	1146	7	7	133	0.0526316
NODE_180689_length_1374_cov_3.581961	1013	1146	8	14	133	0.1052632
NODE_180689_length_1374_cov_3.581961	1013	1146	9	13	133	0.0977444
NODE_180689_length_1374_cov_3.581961	1013	1146	10	4	133	0.0300752
NODE_180689_length_1374_cov_3.581961	1013	1146	11	2	133	0.0150376
NODE_180689_length_1374_cov_3.581961	1013	1146	12	5	133	0.0375940
NODE_180689_length_1374_cov_3.581961	1013	1146	13	17	133	0.1278196
NODE_180689_length_1374_cov_3.581961	1013	1146	14	1	133	0.0075188
NODE_180689_length_1374_cov_3.581961	1013	1146	15	15	133	0.1127820
NODE_180712_length_1374_cov_3.117647	344	477	13	5	133	0.0375940
NODE_180712_length_1374_cov_3.117647	344	477	14	21	133	0.1578947
NODE_180712_length_1374_cov_3.117647	344	477	15	68	133	0.5112782
NODE_180712_length_1374_cov_3.117647	344	477	16	39	133	0.2932331
NODE_180825_length_1373_cov_3.842229	942	1075	47	7	133	0.0526316
NODE_180825_length_1373_cov_3.842229	942	1075	49	5	133	0.0375940
NODE_180825_length_1373_cov_3.842229	942	1075	50	4	133	0.0300752
NODE_180825_length_1373_cov_3.842229	942	1075	51	1	133	0.0075188
NODE_180825_length_1373_cov_3.842229	942	1075	52	1	133	0.0075188
NODE_180825_length_1373_cov_3.842229	942	1075	53	4	133	0.0300752
NODE_180825_length_1373_cov_3.842229	942	1075	55	4	133	0.0300752
NODE_180825_length_1373_cov_3.842229	942	1075	56	4	133	0.0300752
NODE_180825_length_1373_cov_3.842229	942	1075	57	7	133	0.0526316
NODE_180825_length_1373_cov_3.842229	942	1075	58	1	133	0.0075188
NODE_180825_length_1373_cov_3.842229	942	1075	59	2	133	0.0150376
NODE_180825_length_1373_cov_3.842229	942	1075	60	7	133	0.0526316
NODE_180825_length_1373_cov_3.842229	942	1075	61	5	133	0.0375940
NODE_180825_length_1373_cov_3.842229	942	1075	62	1	133	0.0075188
NODE_180825_length_1373_cov_3.842229	942	1075	63	5	133	0.0375940
NODE_180825_length_1373_cov_3.842229	942	1075	65	8	133	0.0601504
NODE_180825_length_1373_cov_3.842229	942	1075	66	8	133	0.0601504
NODE_180825_length_1373_cov_3.842229	942	1075	67	2	133	0.0150376
NODE_180825_length_1373_cov_3.842229	942	1075	68	7	133	0.0526316
NODE_180825_length_1373_cov_3.842229	942	1075	69	22	133	0.1654135
NODE_180825_length_1373_cov_3.842229	942	1075	70	3	133	0.0225564
NODE_180825_length_1373_cov_3.842229	942	1075	71	5	133	0.0375940
NODE_180825_length_1373_cov_3.842229	942	1075	72	13	133	0.0977444
NODE_180825_length_1373_cov_3.842229	942	1075	73	4	133	0.0300752
NODE_180825_length_1373_cov_3.842229	942	1075	74	3	133	0.0225564
NODE_18087_length_5823_cov_4.158630	1934	2067	2	6	133	0.0451128
NODE_18087_length_5823_cov_4.158630	1934	2067	3	4	133	0.0300752
NODE_18087_length_5823_cov_4.158630	1934	2067	4	33	133	0.2481203
NODE_18087_length_5823_cov_4.158630	1934	2067	5	1	133	0.0075188
NODE_18087_length_5823_cov_4.158630	1934	2067	6	4	133	0.0300752
NODE_18087_length_5823_cov_4.158630	1934	2067	7	29	133	0.2180451
NODE_18087_length_5823_cov_4.158630	1934	2067	9	7	133	0.0526316
NODE_18087_length_5823_cov_4.158630	1934	2067	10	28	133	0.2105263
NODE_18087_length_5823_cov_4.158630	1934	2067	11	21	133	0.1578947
NODE_1808_length_12718_cov_4.363975	1621	1754	6	15	133	0.1127820
NODE_1808_length_12718_cov_4.363975	1621	1754	7	2	133	0.0150376
NODE_1808_length_12718_cov_4.363975	1621	1754	9	10	133	0.0751880
NODE_1808_length_12718_cov_4.363975	1621	1754	10	10	133	0.0751880
NODE_1808_length_12718_cov_4.363975	1621	1754	11	1	133	0.0075188
NODE_1808_length_12718_cov_4.363975	1621	1754	12	4	133	0.0300752
NODE_1808_length_12718_cov_4.363975	1621	1754	13	11	133	0.0827068
NODE_1808_length_12718_cov_4.363975	1621	1754	14	7	133	0.0526316
NODE_1808_length_12718_cov_4.363975	1621	1754	15	6	133	0.0451128
NODE_1808_length_12718_cov_4.363975	1621	1754	16	10	133	0.0751880
NODE_1808_length_12718_cov_4.363975	1621	1754	17	35	133	0.2631579
NODE_1808_length_12718_cov_4.363975	1621	1754	18	22	133	0.1654135
NODE_180941_length_1372_cov_4.543598	1221	1354	9	5	133	0.0375940
NODE_180941_length_1372_cov_4.543598	1221	1354	10	6	133	0.0451128
NODE_180941_length_1372_cov_4.543598	1221	1354	12	3	133	0.0225564
NODE_180941_length_1372_cov_4.543598	1221	1354	13	5	133	0.0375940
NODE_180941_length_1372_cov_4.543598	1221	1354	14	10	133	0.0751880
NODE_180941_length_1372_cov_4.543598	1221	1354	16	3	133	0.0225564
NODE_180941_length_1372_cov_4.543598	1221	1354	17	12	133	0.0902256
NODE_180941_length_1372_cov_4.543598	1221	1354	19	2	133	0.0150376
NODE_180941_length_1372_cov_4.543598	1221	1354	20	1	133	0.0075188
NODE_180941_length_1372_cov_4.543598	1221	1354	22	3	133	0.0225564
NODE_180941_length_1372_cov_4.543598	1221	1354	23	9	133	0.0676692
NODE_180941_length_1372_cov_4.543598	1221	1354	24	3	133	0.0225564
NODE_180941_length_1372_cov_4.543598	1221	1354	25	23	133	0.1729323
NODE_180941_length_1372_cov_4.543598	1221	1354	26	9	133	0.0676692
NODE_180941_length_1372_cov_4.543598	1221	1354	27	1	133	0.0075188
NODE_180941_length_1372_cov_4.543598	1221	1354	28	6	133	0.0451128
NODE_180941_length_1372_cov_4.543598	1221	1354	29	5	133	0.0375940
NODE_180941_length_1372_cov_4.543598	1221	1354	30	11	133	0.0827068
NODE_180941_length_1372_cov_4.543598	1221	1354	31	16	133	0.1203008
NODE_180954_length_1372_cov_4.109191	1180	1313	1	1	133	0.0075188
NODE_180954_length_1372_cov_4.109191	1180	1313	3	5	133	0.0375940
NODE_180954_length_1372_cov_4.109191	1180	1313	5	2	133	0.0150376
NODE_180954_length_1372_cov_4.109191	1180	1313	6	2	133	0.0150376
NODE_180954_length_1372_cov_4.109191	1180	1313	7	34	133	0.2556391
NODE_180954_length_1372_cov_4.109191	1180	1313	8	18	133	0.1353384
NODE_180954_length_1372_cov_4.109191	1180	1313	9	68	133	0.5112782
NODE_180954_length_1372_cov_4.109191	1180	1313	10	3	133	0.0225564
NODE_18113_length_5819_cov_4.265734	3469	3602	3	67	133	0.5037594
NODE_18113_length_5819_cov_4.265734	3469	3602	5	60	133	0.4511278
NODE_18113_length_5819_cov_4.265734	3469	3602	6	6	133	0.0451128
NODE_181203_length_1370_cov_5.567270	676	809	13	2	133	0.0150376
NODE_181203_length_1370_cov_5.567270	676	809	15	8	133	0.0601504
NODE_181203_length_1370_cov_5.567270	676	809	17	37	133	0.2781955
NODE_181203_length_1370_cov_5.567270	676	809	18	15	133	0.1127820
NODE_181203_length_1370_cov_5.567270	676	809	19	28	133	0.2105263
NODE_181203_length_1370_cov_5.567270	676	809	20	10	133	0.0751880
NODE_181203_length_1370_cov_5.567270	676	809	21	5	133	0.0375940
NODE_181203_length_1370_cov_5.567270	676	809	22	6	133	0.0451128
NODE_181203_length_1370_cov_5.567270	676	809	23	2	133	0.0150376
NODE_181203_length_1370_cov_5.567270	676	809	24	20	133	0.1503759
NODE_1812_length_12714_cov_4.683948	6068	6201	11	17	133	0.1278196
NODE_1812_length_12714_cov_4.683948	6068	6201	12	4	133	0.0300752
NODE_1812_length_12714_cov_4.683948	6068	6201	13	3	133	0.0225564
NODE_1812_length_12714_cov_4.683948	6068	6201	14	9	133	0.0676692
NODE_1812_length_12714_cov_4.683948	6068	6201	15	1	133	0.0075188
NODE_1812_length_12714_cov_4.683948	6068	6201	16	1	133	0.0075188
NODE_1812_length_12714_cov_4.683948	6068	6201	17	30	133	0.2255639
NODE_1812_length_12714_cov_4.683948	6068	6201	18	21	133	0.1578947
NODE_1812_length_12714_cov_4.683948	6068	6201	19	25	133	0.1879699
NODE_1812_length_12714_cov_4.683948	6068	6201	20	9	133	0.0676692
NODE_1812_length_12714_cov_4.683948	6068	6201	21	13	133	0.0977444
NODE_18132_length_5817_cov_3.410633	5724	5857	0	133	133	1.0000000
NODE_18134_length_5816_cov_4.337415	1418	1551	17	4	133	0.0300752
NODE_18134_length_5816_cov_4.337415	1418	1551	18	1	133	0.0075188
NODE_18134_length_5816_cov_4.337415	1418	1551	19	5	133	0.0375940
NODE_18134_length_5816_cov_4.337415	1418	1551	20	8	133	0.0601504
NODE_18134_length_5816_cov_4.337415	1418	1551	21	2	133	0.0150376
NODE_18134_length_5816_cov_4.337415	1418	1551	23	5	133	0.0375940
NODE_18134_length_5816_cov_4.337415	1418	1551	24	19	133	0.1428571
NODE_18134_length_5816_cov_4.337415	1418	1551	25	30	133	0.2255639
NODE_18134_length_5816_cov_4.337415	1418	1551	26	11	133	0.0827068
NODE_18134_length_5816_cov_4.337415	1418	1551	27	37	133	0.2781955
NODE_18134_length_5816_cov_4.337415	1418	1551	28	11	133	0.0827068
NODE_181495_length_1368_cov_4.721828	888	1021	18	7	133	0.0526316
NODE_181495_length_1368_cov_4.721828	888	1021	19	2	133	0.0150376
NODE_181495_length_1368_cov_4.721828	888	1021	20	5	133	0.0375940
NODE_181495_length_1368_cov_4.721828	888	1021	21	4	133	0.0300752
NODE_181495_length_1368_cov_4.721828	888	1021	22	4	133	0.0300752
NODE_181495_length_1368_cov_4.721828	888	1021	23	14	133	0.1052632
NODE_181495_length_1368_cov_4.721828	888	1021	24	8	133	0.0601504
NODE_181495_length_1368_cov_4.721828	888	1021	25	13	133	0.0977444
NODE_181495_length_1368_cov_4.721828	888	1021	26	33	133	0.2481203
NODE_181495_length_1368_cov_4.721828	888	1021	27	9	133	0.0676692
NODE_181495_length_1368_cov_4.721828	888	1021	28	5	133	0.0375940
NODE_181495_length_1368_cov_4.721828	888	1021	29	3	133	0.0225564
NODE_181495_length_1368_cov_4.721828	888	1021	30	26	133	0.1954887
NODE_18164_length_5812_cov_4.673201	1787	1920	7	1	133	0.0075188
NODE_18164_length_5812_cov_4.673201	1787	1920	8	5	133	0.0375940
NODE_18164_length_5812_cov_4.673201	1787	1920	10	4	133	0.0300752
NODE_18164_length_5812_cov_4.673201	1787	1920	12	15	133	0.1127820
NODE_18164_length_5812_cov_4.673201	1787	1920	13	10	133	0.0751880
NODE_18164_length_5812_cov_4.673201	1787	1920	14	7	133	0.0526316
NODE_18164_length_5812_cov_4.673201	1787	1920	15	10	133	0.0751880
NODE_18164_length_5812_cov_4.673201	1787	1920	16	1	133	0.0075188
NODE_18164_length_5812_cov_4.673201	1787	1920	17	14	133	0.1052632
NODE_18164_length_5812_cov_4.673201	1787	1920	18	36	133	0.2706767
NODE_18164_length_5812_cov_4.673201	1787	1920	19	11	133	0.0827068
NODE_18164_length_5812_cov_4.673201	1787	1920	20	12	133	0.0902256
NODE_18164_length_5812_cov_4.673201	1787	1920	21	7	133	0.0526316
NODE_18165_length_5812_cov_4.570453	4514	4647	11	19	133	0.1428571
NODE_18165_length_5812_cov_4.570453	4514	4647	12	45	133	0.3383459
NODE_18165_length_5812_cov_4.570453	4514	4647	13	12	133	0.0902256
NODE_18165_length_5812_cov_4.570453	4514	4647	14	22	133	0.1654135
NODE_18165_length_5812_cov_4.570453	4514	4647	15	14	133	0.1052632
NODE_18165_length_5812_cov_4.570453	4514	4647	16	10	133	0.0751880
NODE_18165_length_5812_cov_4.570453	4514	4647	17	11	133	0.0827068
NODE_1817_length_12709_cov_4.481761	6748	6881	17	5	133	0.0375940
NODE_1817_length_12709_cov_4.481761	6748	6881	18	4	133	0.0300752
NODE_1817_length_12709_cov_4.481761	6748	6881	19	2	133	0.0150376
NODE_1817_length_12709_cov_4.481761	6748	6881	20	20	133	0.1503759
NODE_1817_length_12709_cov_4.481761	6748	6881	21	24	133	0.1804511
NODE_1817_length_12709_cov_4.481761	6748	6881	22	14	133	0.1052632
NODE_1817_length_12709_cov_4.481761	6748	6881	24	1	133	0.0075188
NODE_1817_length_12709_cov_4.481761	6748	6881	25	2	133	0.0150376
NODE_1817_length_12709_cov_4.481761	6748	6881	26	19	133	0.1428571
NODE_1817_length_12709_cov_4.481761	6748	6881	27	17	133	0.1278196
NODE_1817_length_12709_cov_4.481761	6748	6881	28	13	133	0.0977444
NODE_1817_length_12709_cov_4.481761	6748	6881	29	9	133	0.0676692
NODE_1817_length_12709_cov_4.481761	6748	6881	30	3	133	0.0225564
NODE_181867_length_1365_cov_6.526856	610	743	0	19	133	0.1428571
NODE_181867_length_1365_cov_6.526856	610	743	8	5	133	0.0375940
NODE_181867_length_1365_cov_6.526856	610	743	10	24	133	0.1804511
NODE_181867_length_1365_cov_6.526856	610	743	12	50	133	0.3759398
NODE_181867_length_1365_cov_6.526856	610	743	13	21	133	0.1578947
NODE_181867_length_1365_cov_6.526856	610	743	14	14	133	0.1052632
NODE_181888_length_1365_cov_4.830174	785	918	8	1	133	0.0075188
NODE_181888_length_1365_cov_4.830174	785	918	10	1	133	0.0075188
NODE_181888_length_1365_cov_4.830174	785	918	11	3	133	0.0225564
NODE_181888_length_1365_cov_4.830174	785	918	12	28	133	0.2105263
NODE_181888_length_1365_cov_4.830174	785	918	13	37	133	0.2781955
NODE_181888_length_1365_cov_4.830174	785	918	14	22	133	0.1654135
NODE_181888_length_1365_cov_4.830174	785	918	15	29	133	0.2180451
NODE_181888_length_1365_cov_4.830174	785	918	16	12	133	0.0902256
NODE_18192_length_5809_cov_4.473555	2993	3126	15	12	133	0.0902256
NODE_18192_length_5809_cov_4.473555	2993	3126	17	3	133	0.0225564
NODE_18192_length_5809_cov_4.473555	2993	3126	18	1	133	0.0075188
NODE_18192_length_5809_cov_4.473555	2993	3126	19	4	133	0.0300752
NODE_18192_length_5809_cov_4.473555	2993	3126	21	7	133	0.0526316
NODE_18192_length_5809_cov_4.473555	2993	3126	24	3	133	0.0225564
NODE_18192_length_5809_cov_4.473555	2993	3126	26	3	133	0.0225564
NODE_18192_length_5809_cov_4.473555	2993	3126	27	1	133	0.0075188
NODE_18192_length_5809_cov_4.473555	2993	3126	28	2	133	0.0150376
NODE_18192_length_5809_cov_4.473555	2993	3126	29	16	133	0.1203008
NODE_18192_length_5809_cov_4.473555	2993	3126	30	13	133	0.0977444
NODE_18192_length_5809_cov_4.473555	2993	3126	31	13	133	0.0977444
NODE_18192_length_5809_cov_4.473555	2993	3126	32	2	133	0.0150376
NODE_18192_length_5809_cov_4.473555	2993	3126	33	1	133	0.0075188
NODE_18192_length_5809_cov_4.473555	2993	3126	34	10	133	0.0751880
NODE_18192_length_5809_cov_4.473555	2993	3126	35	7	133	0.0526316
NODE_18192_length_5809_cov_4.473555	2993	3126	36	5	133	0.0375940
NODE_18192_length_5809_cov_4.473555	2993	3126	37	6	133	0.0451128
NODE_18192_length_5809_cov_4.473555	2993	3126	42	1	133	0.0075188
NODE_18192_length_5809_cov_4.473555	2993	3126	43	4	133	0.0300752
NODE_18192_length_5809_cov_4.473555	2993	3126	44	2	133	0.0150376
NODE_18192_length_5809_cov_4.473555	2993	3126	45	1	133	0.0075188
NODE_18192_length_5809_cov_4.473555	2993	3126	47	1	133	0.0075188
NODE_18192_length_5809_cov_4.473555	2993	3126	49	1	133	0.0075188
NODE_18192_length_5809_cov_4.473555	2993	3126	50	1	133	0.0075188
NODE_18192_length_5809_cov_4.473555	2993	3126	51	2	133	0.0150376
NODE_18192_length_5809_cov_4.473555	2993	3126	52	1	133	0.0075188
NODE_18192_length_5809_cov_4.473555	2993	3126	53	10	133	0.0751880
NODE_1819_length_12707_cov_17.780695	8709	8842	12	17	133	0.1278196
NODE_1819_length_12707_cov_17.780695	8709	8842	13	9	133	0.0676692
NODE_1819_length_12707_cov_17.780695	8709	8842	14	3	133	0.0225564
NODE_1819_length_12707_cov_17.780695	8709	8842	15	7	133	0.0526316
NODE_1819_length_12707_cov_17.780695	8709	8842	16	11	133	0.0827068
NODE_1819_length_12707_cov_17.780695	8709	8842	17	1	133	0.0075188
NODE_1819_length_12707_cov_17.780695	8709	8842	18	2	133	0.0150376
NODE_1819_length_12707_cov_17.780695	8709	8842	20	8	133	0.0601504
NODE_1819_length_12707_cov_17.780695	8709	8842	21	33	133	0.2481203
NODE_1819_length_12707_cov_17.780695	8709	8842	22	5	133	0.0375940
NODE_1819_length_12707_cov_17.780695	8709	8842	23	1	133	0.0075188
NODE_1819_length_12707_cov_17.780695	8709	8842	24	2	133	0.0150376
NODE_1819_length_12707_cov_17.780695	8709	8842	25	34	133	0.2556391
NODE_18219_length_5805_cov_4.255871	3283	3416	12	1	133	0.0075188
NODE_18219_length_5805_cov_4.255871	3283	3416	14	2	133	0.0150376
NODE_18219_length_5805_cov_4.255871	3283	3416	16	8	133	0.0601504
NODE_18219_length_5805_cov_4.255871	3283	3416	18	2	133	0.0150376
NODE_18219_length_5805_cov_4.255871	3283	3416	19	1	133	0.0075188
NODE_18219_length_5805_cov_4.255871	3283	3416	21	30	133	0.2255639
NODE_18219_length_5805_cov_4.255871	3283	3416	22	3	133	0.0225564
NODE_18219_length_5805_cov_4.255871	3283	3416	23	3	133	0.0225564
NODE_18219_length_5805_cov_4.255871	3283	3416	24	1	133	0.0075188
NODE_18219_length_5805_cov_4.255871	3283	3416	25	2	133	0.0150376
NODE_18219_length_5805_cov_4.255871	3283	3416	26	4	133	0.0300752
NODE_18219_length_5805_cov_4.255871	3283	3416	27	16	133	0.1203008
NODE_18219_length_5805_cov_4.255871	3283	3416	28	34	133	0.2556391
NODE_18219_length_5805_cov_4.255871	3283	3416	29	24	133	0.1804511
NODE_18219_length_5805_cov_4.255871	3283	3416	30	2	133	0.0150376
NODE_182215_length_1363_cov_3.630538	651	784	9	3	133	0.0225564
NODE_182215_length_1363_cov_3.630538	651	784	10	6	133	0.0451128
NODE_182215_length_1363_cov_3.630538	651	784	11	3	133	0.0225564
NODE_182215_length_1363_cov_3.630538	651	784	13	5	133	0.0375940
NODE_182215_length_1363_cov_3.630538	651	784	14	1	133	0.0075188
NODE_182215_length_1363_cov_3.630538	651	784	15	4	133	0.0300752
NODE_182215_length_1363_cov_3.630538	651	784	17	14	133	0.1052632
NODE_182215_length_1363_cov_3.630538	651	784	18	29	133	0.2180451
NODE_182215_length_1363_cov_3.630538	651	784	19	5	133	0.0375940
NODE_182215_length_1363_cov_3.630538	651	784	20	5	133	0.0375940
NODE_182215_length_1363_cov_3.630538	651	784	21	25	133	0.1879699
NODE_182215_length_1363_cov_3.630538	651	784	22	28	133	0.2105263
NODE_182215_length_1363_cov_3.630538	651	784	23	5	133	0.0375940
NODE_182343_length_1362_cov_3.781473	1160	1293	12	8	133	0.0601504
NODE_182343_length_1362_cov_3.781473	1160	1293	14	5	133	0.0375940
NODE_182343_length_1362_cov_3.781473	1160	1293	16	4	133	0.0300752
NODE_182343_length_1362_cov_3.781473	1160	1293	17	16	133	0.1203008
NODE_182343_length_1362_cov_3.781473	1160	1293	19	21	133	0.1578947
NODE_182343_length_1362_cov_3.781473	1160	1293	20	39	133	0.2932331
NODE_182343_length_1362_cov_3.781473	1160	1293	21	15	133	0.1127820
NODE_182343_length_1362_cov_3.781473	1160	1293	22	16	133	0.1203008
NODE_182343_length_1362_cov_3.781473	1160	1293	23	9	133	0.0676692
NODE_182531_length_1361_cov_3.160063	668	801	1	5	133	0.0375940
NODE_182531_length_1361_cov_3.160063	668	801	3	9	133	0.0676692
NODE_182531_length_1361_cov_3.160063	668	801	4	2	133	0.0150376
NODE_182531_length_1361_cov_3.160063	668	801	5	22	133	0.1654135
NODE_182531_length_1361_cov_3.160063	668	801	6	17	133	0.1278196
NODE_182531_length_1361_cov_3.160063	668	801	7	78	133	0.5864662
NODE_182612_length_1360_cov_4.134021	1004	1137	11	3	133	0.0225564
NODE_182612_length_1360_cov_4.134021	1004	1137	12	16	133	0.1203008
NODE_182612_length_1360_cov_4.134021	1004	1137	13	10	133	0.0751880
NODE_182612_length_1360_cov_4.134021	1004	1137	14	10	133	0.0751880
NODE_182612_length_1360_cov_4.134021	1004	1137	15	1	133	0.0075188
NODE_182612_length_1360_cov_4.134021	1004	1137	17	9	133	0.0676692
NODE_182612_length_1360_cov_4.134021	1004	1137	18	27	133	0.2030075
NODE_182612_length_1360_cov_4.134021	1004	1137	19	5	133	0.0375940
NODE_182612_length_1360_cov_4.134021	1004	1137	20	32	133	0.2406015
NODE_182612_length_1360_cov_4.134021	1004	1137	21	20	133	0.1503759
NODE_182662_length_1360_cov_3.135607	438	571	3	17	133	0.1278196
NODE_182662_length_1360_cov_3.135607	438	571	4	26	133	0.1954887
NODE_182662_length_1360_cov_3.135607	438	571	5	90	133	0.6766917
NODE_18272_length_5799_cov_4.118947	406	539	19	23	133	0.1729323
NODE_18272_length_5799_cov_4.118947	406	539	20	35	133	0.2631579
NODE_18272_length_5799_cov_4.118947	406	539	21	3	133	0.0225564
NODE_18272_length_5799_cov_4.118947	406	539	22	22	133	0.1654135
NODE_18272_length_5799_cov_4.118947	406	539	23	30	133	0.2255639
NODE_18272_length_5799_cov_4.118947	406	539	24	9	133	0.0676692
NODE_18272_length_5799_cov_4.118947	406	539	25	2	133	0.0150376
NODE_18272_length_5799_cov_4.118947	406	539	26	3	133	0.0225564
NODE_18272_length_5799_cov_4.118947	406	539	27	4	133	0.0300752
NODE_18272_length_5799_cov_4.118947	406	539	28	2	133	0.0150376
NODE_18281_length_5798_cov_5.251097	363	496	4	1	133	0.0075188
NODE_18281_length_5798_cov_5.251097	363	496	5	36	133	0.2706767
NODE_18281_length_5798_cov_5.251097	363	496	6	20	133	0.1503759
NODE_18281_length_5798_cov_5.251097	363	496	7	25	133	0.1879699
NODE_18281_length_5798_cov_5.251097	363	496	8	19	133	0.1428571
NODE_18281_length_5798_cov_5.251097	363	496	12	32	133	0.2406015
NODE_182849_length_1359_cov_2.523016	109	242	0	59	133	0.4436090
NODE_182849_length_1359_cov_2.523016	109	242	12	2	133	0.0150376
NODE_182849_length_1359_cov_2.523016	109	242	13	1	133	0.0075188
NODE_182849_length_1359_cov_2.523016	109	242	15	1	133	0.0075188
NODE_182849_length_1359_cov_2.523016	109	242	16	8	133	0.0601504
NODE_182849_length_1359_cov_2.523016	109	242	17	51	133	0.3834586
NODE_182849_length_1359_cov_2.523016	109	242	18	11	133	0.0827068
NODE_182851_length_1359_cov_2.423810	179	312	2	13	133	0.0977444
NODE_182851_length_1359_cov_2.423810	179	312	4	12	133	0.0902256
NODE_182851_length_1359_cov_2.423810	179	312	5	7	133	0.0526316
NODE_182851_length_1359_cov_2.423810	179	312	6	52	133	0.3909774
NODE_182851_length_1359_cov_2.423810	179	312	7	6	133	0.0451128
NODE_182851_length_1359_cov_2.423810	179	312	8	43	133	0.3233083
NODE_182891_length_1358_cov_4.725973	716	849	0	91	133	0.6842105
NODE_182891_length_1358_cov_4.725973	716	849	1	42	133	0.3157895
NODE_182_length_22307_cov_4.856223	6114	6247	9	13	133	0.0977444
NODE_182_length_22307_cov_4.856223	6114	6247	12	12	133	0.0902256
NODE_182_length_22307_cov_4.856223	6114	6247	14	3	133	0.0225564
NODE_182_length_22307_cov_4.856223	6114	6247	15	2	133	0.0150376
NODE_182_length_22307_cov_4.856223	6114	6247	16	13	133	0.0977444
NODE_182_length_22307_cov_4.856223	6114	6247	17	20	133	0.1503759
NODE_182_length_22307_cov_4.856223	6114	6247	18	52	133	0.3909774
NODE_182_length_22307_cov_4.856223	6114	6247	19	18	133	0.1353384
NODE_183044_length_1357_cov_4.275835	626	759	3	35	133	0.2631579
NODE_183044_length_1357_cov_4.275835	626	759	4	25	133	0.1879699
NODE_183044_length_1357_cov_4.275835	626	759	5	73	133	0.5488722
NODE_18308_length_5794_cov_3.976295	3078	3211	4	8	133	0.0601504
NODE_18308_length_5794_cov_3.976295	3078	3211	5	18	133	0.1353384
NODE_18308_length_5794_cov_3.976295	3078	3211	6	13	133	0.0977444
NODE_18308_length_5794_cov_3.976295	3078	3211	7	45	133	0.3383459
NODE_18308_length_5794_cov_3.976295	3078	3211	8	45	133	0.3383459
NODE_18308_length_5794_cov_3.976295	3078	3211	9	4	133	0.0300752
NODE_1830_length_12693_cov_5.231698	8395	8528	21	4	133	0.0300752
NODE_1830_length_12693_cov_5.231698	8395	8528	22	3	133	0.0225564
NODE_1830_length_12693_cov_5.231698	8395	8528	23	1	133	0.0075188
NODE_1830_length_12693_cov_5.231698	8395	8528	24	2	133	0.0150376
NODE_1830_length_12693_cov_5.231698	8395	8528	27	4	133	0.0300752
NODE_1830_length_12693_cov_5.231698	8395	8528	28	5	133	0.0375940
NODE_1830_length_12693_cov_5.231698	8395	8528	29	1	133	0.0075188
NODE_1830_length_12693_cov_5.231698	8395	8528	30	29	133	0.2180451
NODE_1830_length_12693_cov_5.231698	8395	8528	31	21	133	0.1578947
NODE_1830_length_12693_cov_5.231698	8395	8528	32	26	133	0.1954887
NODE_1830_length_12693_cov_5.231698	8395	8528	33	6	133	0.0451128
NODE_1830_length_12693_cov_5.231698	8395	8528	34	21	133	0.1578947
NODE_1830_length_12693_cov_5.231698	8395	8528	35	10	133	0.0751880
NODE_18328_length_5791_cov_4.483837	2028	2161	2	9	133	0.0676692
NODE_18328_length_5791_cov_4.483837	2028	2161	3	23	133	0.1729323
NODE_18328_length_5791_cov_4.483837	2028	2161	4	1	133	0.0075188
NODE_18328_length_5791_cov_4.483837	2028	2161	5	3	133	0.0225564
NODE_18328_length_5791_cov_4.483837	2028	2161	6	23	133	0.1729323
NODE_18328_length_5791_cov_4.483837	2028	2161	7	7	133	0.0526316
NODE_18328_length_5791_cov_4.483837	2028	2161	9	67	133	0.5037594
NODE_18344_length_5789_cov_3.590861	4254	4387	4	45	133	0.3383459
NODE_18344_length_5789_cov_3.590861	4254	4387	5	2	133	0.0150376
NODE_18344_length_5789_cov_3.590861	4254	4387	6	50	133	0.3759398
NODE_18344_length_5789_cov_3.590861	4254	4387	7	36	133	0.2706767
NODE_183540_length_1354_cov_3.349801	1098	1231	10	1	133	0.0075188
NODE_183540_length_1354_cov_3.349801	1098	1231	12	6	133	0.0451128
NODE_183540_length_1354_cov_3.349801	1098	1231	13	15	133	0.1127820
NODE_183540_length_1354_cov_3.349801	1098	1231	18	10	133	0.0751880
NODE_183540_length_1354_cov_3.349801	1098	1231	19	13	133	0.0977444
NODE_183540_length_1354_cov_3.349801	1098	1231	20	12	133	0.0902256
NODE_183540_length_1354_cov_3.349801	1098	1231	21	7	133	0.0526316
NODE_183540_length_1354_cov_3.349801	1098	1231	22	46	133	0.3458647
NODE_183540_length_1354_cov_3.349801	1098	1231	23	15	133	0.1127820
NODE_183540_length_1354_cov_3.349801	1098	1231	24	8	133	0.0601504
NODE_18358_length_5787_cov_4.335619	876	1009	15	3	133	0.0225564
NODE_18358_length_5787_cov_4.335619	876	1009	16	16	133	0.1203008
NODE_18358_length_5787_cov_4.335619	876	1009	18	4	133	0.0300752
NODE_18358_length_5787_cov_4.335619	876	1009	19	1	133	0.0075188
NODE_18358_length_5787_cov_4.335619	876	1009	20	3	133	0.0225564
NODE_18358_length_5787_cov_4.335619	876	1009	21	14	133	0.1052632
NODE_18358_length_5787_cov_4.335619	876	1009	22	1	133	0.0075188
NODE_18358_length_5787_cov_4.335619	876	1009	24	20	133	0.1503759
NODE_18358_length_5787_cov_4.335619	876	1009	25	15	133	0.1127820
NODE_18358_length_5787_cov_4.335619	876	1009	26	33	133	0.2481203
NODE_18358_length_5787_cov_4.335619	876	1009	27	23	133	0.1729323
NODE_183599_length_1353_cov_5.474482	195	328	2	1	133	0.0075188
NODE_183599_length_1353_cov_5.474482	195	328	3	11	133	0.0827068
NODE_183599_length_1353_cov_5.474482	195	328	4	39	133	0.2932331
NODE_183599_length_1353_cov_5.474482	195	328	5	55	133	0.4135338
NODE_183599_length_1353_cov_5.474482	195	328	6	27	133	0.2030075
NODE_18365_length_5786_cov_10.101459	2073	2206	23	1	133	0.0075188
NODE_18365_length_5786_cov_10.101459	2073	2206	24	3	133	0.0225564
NODE_18365_length_5786_cov_10.101459	2073	2206	25	6	133	0.0451128
NODE_18365_length_5786_cov_10.101459	2073	2206	26	39	133	0.2932331
NODE_18365_length_5786_cov_10.101459	2073	2206	27	4	133	0.0300752
NODE_18365_length_5786_cov_10.101459	2073	2206	28	6	133	0.0451128
NODE_18365_length_5786_cov_10.101459	2073	2206	29	1	133	0.0075188
NODE_18365_length_5786_cov_10.101459	2073	2206	30	13	133	0.0977444
NODE_18365_length_5786_cov_10.101459	2073	2206	31	14	133	0.1052632
NODE_18365_length_5786_cov_10.101459	2073	2206	32	23	133	0.1729323
NODE_18365_length_5786_cov_10.101459	2073	2206	33	16	133	0.1203008
NODE_18365_length_5786_cov_10.101459	2073	2206	34	7	133	0.0526316
NODE_183892_length_1351_cov_4.555911	395	528	0	6	133	0.0451128
NODE_183892_length_1351_cov_4.555911	395	528	2	127	133	0.9548872
NODE_183961_length_1351_cov_3.063099	686	819	8	10	133	0.0751880
NODE_183961_length_1351_cov_3.063099	686	819	9	2	133	0.0150376
NODE_183961_length_1351_cov_3.063099	686	819	10	8	133	0.0601504
NODE_183961_length_1351_cov_3.063099	686	819	12	2	133	0.0150376
NODE_183961_length_1351_cov_3.063099	686	819	14	30	133	0.2255639
NODE_183961_length_1351_cov_3.063099	686	819	15	17	133	0.1278196
NODE_183961_length_1351_cov_3.063099	686	819	16	11	133	0.0827068
NODE_183961_length_1351_cov_3.063099	686	819	17	6	133	0.0451128
NODE_183961_length_1351_cov_3.063099	686	819	18	9	133	0.0676692
NODE_183961_length_1351_cov_3.063099	686	819	19	31	133	0.2330827
NODE_183961_length_1351_cov_3.063099	686	819	20	7	133	0.0526316
NODE_183967_length_1351_cov_2.964058	415	548	1	27	133	0.2030075
NODE_183967_length_1351_cov_2.964058	415	548	2	2	133	0.0150376
NODE_183967_length_1351_cov_2.964058	415	548	3	80	133	0.6015037
NODE_183967_length_1351_cov_2.964058	415	548	4	9	133	0.0676692
NODE_183967_length_1351_cov_2.964058	415	548	5	15	133	0.1127820
NODE_1839_length_12675_cov_4.578403	12251	12384	5	8	133	0.0601504
NODE_1839_length_12675_cov_4.578403	12251	12384	6	4	133	0.0300752
NODE_1839_length_12675_cov_4.578403	12251	12384	8	4	133	0.0300752
NODE_1839_length_12675_cov_4.578403	12251	12384	9	5	133	0.0375940
NODE_1839_length_12675_cov_4.578403	12251	12384	10	1	133	0.0075188
NODE_1839_length_12675_cov_4.578403	12251	12384	11	12	133	0.0902256
NODE_1839_length_12675_cov_4.578403	12251	12384	12	35	133	0.2631579
NODE_1839_length_12675_cov_4.578403	12251	12384	13	1	133	0.0075188
NODE_1839_length_12675_cov_4.578403	12251	12384	14	17	133	0.1278196
NODE_1839_length_12675_cov_4.578403	12251	12384	15	38	133	0.2857143
NODE_1839_length_12675_cov_4.578403	12251	12384	16	3	133	0.0225564
NODE_1839_length_12675_cov_4.578403	12251	12384	17	5	133	0.0375940
NODE_1840_length_12675_cov_4.067191	9563	9696	6	1	133	0.0075188
NODE_1840_length_12675_cov_4.067191	9563	9696	7	12	133	0.0902256
NODE_1840_length_12675_cov_4.067191	9563	9696	8	5	133	0.0375940
NODE_1840_length_12675_cov_4.067191	9563	9696	11	5	133	0.0375940
NODE_1840_length_12675_cov_4.067191	9563	9696	12	2	133	0.0150376
NODE_1840_length_12675_cov_4.067191	9563	9696	14	12	133	0.0902256
NODE_1840_length_12675_cov_4.067191	9563	9696	15	1	133	0.0075188
NODE_1840_length_12675_cov_4.067191	9563	9696	16	2	133	0.0150376
NODE_1840_length_12675_cov_4.067191	9563	9696	17	35	133	0.2631579
NODE_1840_length_12675_cov_4.067191	9563	9696	18	15	133	0.1127820
NODE_1840_length_12675_cov_4.067191	9563	9696	19	6	133	0.0451128
NODE_1840_length_12675_cov_4.067191	9563	9696	20	35	133	0.2631579
NODE_1840_length_12675_cov_4.067191	9563	9696	21	2	133	0.0150376
NODE_18424_length_5780_cov_2.621369	2769	2902	8	1	133	0.0075188
NODE_18424_length_5780_cov_2.621369	2769	2902	10	4	133	0.0300752
NODE_18424_length_5780_cov_2.621369	2769	2902	12	3	133	0.0225564
NODE_18424_length_5780_cov_2.621369	2769	2902	15	9	133	0.0676692
NODE_18424_length_5780_cov_2.621369	2769	2902	17	7	133	0.0526316
NODE_18424_length_5780_cov_2.621369	2769	2902	19	7	133	0.0526316
NODE_18424_length_5780_cov_2.621369	2769	2902	21	2	133	0.0150376
NODE_18424_length_5780_cov_2.621369	2769	2902	23	9	133	0.0676692
NODE_18424_length_5780_cov_2.621369	2769	2902	24	9	133	0.0676692
NODE_18424_length_5780_cov_2.621369	2769	2902	25	22	133	0.1654135
NODE_18424_length_5780_cov_2.621369	2769	2902	27	7	133	0.0526316
NODE_18424_length_5780_cov_2.621369	2769	2902	28	17	133	0.1278196
NODE_18424_length_5780_cov_2.621369	2769	2902	29	23	133	0.1729323
NODE_18424_length_5780_cov_2.621369	2769	2902	30	13	133	0.0977444
NODE_184348_length_1348_cov_4.376301	265	398	7	7	133	0.0526316
NODE_184348_length_1348_cov_4.376301	265	398	8	2	133	0.0150376
NODE_184348_length_1348_cov_4.376301	265	398	9	1	133	0.0075188
NODE_184348_length_1348_cov_4.376301	265	398	10	27	133	0.2030075
NODE_184348_length_1348_cov_4.376301	265	398	11	30	133	0.2255639
NODE_184348_length_1348_cov_4.376301	265	398	12	50	133	0.3759398
NODE_184348_length_1348_cov_4.376301	265	398	13	14	133	0.1052632
NODE_184348_length_1348_cov_4.376301	265	398	14	2	133	0.0150376
NODE_184504_length_1347_cov_4.112981	684	817	7	6	133	0.0451128
NODE_184504_length_1347_cov_4.112981	684	817	8	7	133	0.0526316
NODE_184504_length_1347_cov_4.112981	684	817	10	1	133	0.0075188
NODE_184504_length_1347_cov_4.112981	684	817	11	12	133	0.0902256
NODE_184504_length_1347_cov_4.112981	684	817	12	16	133	0.1203008
NODE_184504_length_1347_cov_4.112981	684	817	13	7	133	0.0526316
NODE_184504_length_1347_cov_4.112981	684	817	14	12	133	0.0902256
NODE_184504_length_1347_cov_4.112981	684	817	15	10	133	0.0751880
NODE_184504_length_1347_cov_4.112981	684	817	16	11	133	0.0827068
NODE_184504_length_1347_cov_4.112981	684	817	17	42	133	0.3157895
NODE_184504_length_1347_cov_4.112981	684	817	18	9	133	0.0676692
NODE_18454_length_5777_cov_3.937126	1119	1252	4	22	133	0.1654135
NODE_18454_length_5777_cov_3.937126	1119	1252	5	6	133	0.0451128
NODE_18454_length_5777_cov_3.937126	1119	1252	6	17	133	0.1278196
NODE_18454_length_5777_cov_3.937126	1119	1252	7	7	133	0.0526316
NODE_18454_length_5777_cov_3.937126	1119	1252	9	3	133	0.0225564
NODE_18454_length_5777_cov_3.937126	1119	1252	10	13	133	0.0977444
NODE_18454_length_5777_cov_3.937126	1119	1252	11	31	133	0.2330827
NODE_18454_length_5777_cov_3.937126	1119	1252	12	32	133	0.2406015
NODE_18454_length_5777_cov_3.937126	1119	1252	13	2	133	0.0150376
NODE_184574_length_1347_cov_2.758013	1020	1153	7	4	133	0.0300752
NODE_184574_length_1347_cov_2.758013	1020	1153	8	1	133	0.0075188
NODE_184574_length_1347_cov_2.758013	1020	1153	9	19	133	0.1428571
NODE_184574_length_1347_cov_2.758013	1020	1153	10	3	133	0.0225564
NODE_184574_length_1347_cov_2.758013	1020	1153	11	5	133	0.0375940
NODE_184574_length_1347_cov_2.758013	1020	1153	12	14	133	0.1052632
NODE_184574_length_1347_cov_2.758013	1020	1153	14	41	133	0.3082707
NODE_184574_length_1347_cov_2.758013	1020	1153	15	29	133	0.2180451
NODE_184574_length_1347_cov_2.758013	1020	1153	16	17	133	0.1278196
NODE_1846_length_12664_cov_4.341504	7781	7914	27	8	133	0.0601504
NODE_1846_length_12664_cov_4.341504	7781	7914	28	8	133	0.0601504
NODE_1846_length_12664_cov_4.341504	7781	7914	29	7	133	0.0526316
NODE_1846_length_12664_cov_4.341504	7781	7914	30	2	133	0.0150376
NODE_1846_length_12664_cov_4.341504	7781	7914	31	24	133	0.1804511
NODE_1846_length_12664_cov_4.341504	7781	7914	32	7	133	0.0526316
NODE_1846_length_12664_cov_4.341504	7781	7914	33	10	133	0.0751880
NODE_1846_length_12664_cov_4.341504	7781	7914	34	2	133	0.0150376
NODE_1846_length_12664_cov_4.341504	7781	7914	35	6	133	0.0451128
NODE_1846_length_12664_cov_4.341504	7781	7914	36	14	133	0.1052632
NODE_1846_length_12664_cov_4.341504	7781	7914	37	16	133	0.1203008
NODE_1846_length_12664_cov_4.341504	7781	7914	38	22	133	0.1654135
NODE_1846_length_12664_cov_4.341504	7781	7914	39	7	133	0.0526316
NODE_184900_length_1344_cov_5.798394	139	272	4	45	133	0.3383459
NODE_184900_length_1344_cov_5.798394	139	272	5	9	133	0.0676692
NODE_184900_length_1344_cov_5.798394	139	272	6	63	133	0.4736842
NODE_184900_length_1344_cov_5.798394	139	272	7	16	133	0.1203008
NODE_185089_length_1343_cov_4.377814	129	262	0	133	133	1.0000000
NODE_18508_length_5769_cov_5.011993	2466	2599	8	2	133	0.0150376
NODE_18508_length_5769_cov_5.011993	2466	2599	9	1	133	0.0075188
NODE_18508_length_5769_cov_5.011993	2466	2599	10	3	133	0.0225564
NODE_18508_length_5769_cov_5.011993	2466	2599	11	4	133	0.0300752
NODE_18508_length_5769_cov_5.011993	2466	2599	13	14	133	0.1052632
NODE_18508_length_5769_cov_5.011993	2466	2599	17	1	133	0.0075188
NODE_18508_length_5769_cov_5.011993	2466	2599	19	12	133	0.0902256
NODE_18508_length_5769_cov_5.011993	2466	2599	20	9	133	0.0676692
NODE_18508_length_5769_cov_5.011993	2466	2599	21	15	133	0.1127820
NODE_18508_length_5769_cov_5.011993	2466	2599	22	22	133	0.1654135
NODE_18508_length_5769_cov_5.011993	2466	2599	23	18	133	0.1353384
NODE_18508_length_5769_cov_5.011993	2466	2599	24	14	133	0.1052632
NODE_18508_length_5769_cov_5.011993	2466	2599	25	9	133	0.0676692
NODE_18508_length_5769_cov_5.011993	2466	2599	26	1	133	0.0075188
NODE_18508_length_5769_cov_5.011993	2466	2599	27	8	133	0.0601504
NODE_18510_length_5768_cov_5.232316	1729	1862	2	1	133	0.0075188
NODE_18510_length_5768_cov_5.232316	1729	1862	4	70	133	0.5263158
NODE_18510_length_5768_cov_5.232316	1729	1862	5	49	133	0.3684210
NODE_18510_length_5768_cov_5.232316	1729	1862	6	13	133	0.0977444
NODE_185132_length_1343_cov_3.580386	389	522	23	9	133	0.0676692
NODE_185132_length_1343_cov_3.580386	389	522	24	1	133	0.0075188
NODE_185132_length_1343_cov_3.580386	389	522	25	8	133	0.0601504
NODE_185132_length_1343_cov_3.580386	389	522	26	1	133	0.0075188
NODE_185132_length_1343_cov_3.580386	389	522	28	2	133	0.0150376
NODE_185132_length_1343_cov_3.580386	389	522	32	1	133	0.0075188
NODE_185132_length_1343_cov_3.580386	389	522	33	5	133	0.0375940
NODE_185132_length_1343_cov_3.580386	389	522	34	3	133	0.0225564
NODE_185132_length_1343_cov_3.580386	389	522	36	3	133	0.0225564
NODE_185132_length_1343_cov_3.580386	389	522	37	4	133	0.0300752
NODE_185132_length_1343_cov_3.580386	389	522	39	7	133	0.0526316
NODE_185132_length_1343_cov_3.580386	389	522	40	7	133	0.0526316
NODE_185132_length_1343_cov_3.580386	389	522	41	13	133	0.0977444
NODE_185132_length_1343_cov_3.580386	389	522	42	4	133	0.0300752
NODE_185132_length_1343_cov_3.580386	389	522	43	14	133	0.1052632
NODE_185132_length_1343_cov_3.580386	389	522	44	4	133	0.0300752
NODE_185132_length_1343_cov_3.580386	389	522	45	5	133	0.0375940
NODE_185132_length_1343_cov_3.580386	389	522	46	10	133	0.0751880
NODE_185132_length_1343_cov_3.580386	389	522	47	19	133	0.1428571
NODE_185132_length_1343_cov_3.580386	389	522	48	4	133	0.0300752
NODE_185132_length_1343_cov_3.580386	389	522	49	7	133	0.0526316
NODE_185132_length_1343_cov_3.580386	389	522	50	2	133	0.0150376
NODE_18523_length_5766_cov_5.296100	5470	5603	11	15	133	0.1127820
NODE_18523_length_5766_cov_5.296100	5470	5603	12	14	133	0.1052632
NODE_18523_length_5766_cov_5.296100	5470	5603	13	15	133	0.1127820
NODE_18523_length_5766_cov_5.296100	5470	5603	14	21	133	0.1578947
NODE_18523_length_5766_cov_5.296100	5470	5603	15	4	133	0.0300752
NODE_18523_length_5766_cov_5.296100	5470	5603	16	62	133	0.4661654
NODE_18523_length_5766_cov_5.296100	5470	5603	17	2	133	0.0150376
NODE_185343_length_1341_cov_5.041868	463	596	1	10	133	0.0751880
NODE_185343_length_1341_cov_5.041868	463	596	2	30	133	0.2255639
NODE_185343_length_1341_cov_5.041868	463	596	3	58	133	0.4360902
NODE_185343_length_1341_cov_5.041868	463	596	4	3	133	0.0225564
NODE_185343_length_1341_cov_5.041868	463	596	5	20	133	0.1503759
NODE_185343_length_1341_cov_5.041868	463	596	7	4	133	0.0300752
NODE_185343_length_1341_cov_5.041868	463	596	8	6	133	0.0451128
NODE_185343_length_1341_cov_5.041868	463	596	10	2	133	0.0150376
NODE_185353_length_1341_cov_4.673913	890	1023	13	1	133	0.0075188
NODE_185353_length_1341_cov_4.673913	890	1023	14	18	133	0.1353384
NODE_185353_length_1341_cov_4.673913	890	1023	15	8	133	0.0601504
NODE_185353_length_1341_cov_4.673913	890	1023	16	2	133	0.0150376
NODE_185353_length_1341_cov_4.673913	890	1023	17	17	133	0.1278196
NODE_185353_length_1341_cov_4.673913	890	1023	18	15	133	0.1127820
NODE_185353_length_1341_cov_4.673913	890	1023	19	3	133	0.0225564
NODE_185353_length_1341_cov_4.673913	890	1023	20	12	133	0.0902256
NODE_185353_length_1341_cov_4.673913	890	1023	21	10	133	0.0751880
NODE_185353_length_1341_cov_4.673913	890	1023	22	6	133	0.0451128
NODE_185353_length_1341_cov_4.673913	890	1023	23	28	133	0.2105263
NODE_185353_length_1341_cov_4.673913	890	1023	24	13	133	0.0977444
NODE_18538_length_5765_cov_3.906460	2401	2534	24	4	133	0.0300752
NODE_18538_length_5765_cov_3.906460	2401	2534	26	1	133	0.0075188
NODE_18538_length_5765_cov_3.906460	2401	2534	27	11	133	0.0827068
NODE_18538_length_5765_cov_3.906460	2401	2534	29	12	133	0.0902256
NODE_18538_length_5765_cov_3.906460	2401	2534	30	2	133	0.0150376
NODE_18538_length_5765_cov_3.906460	2401	2534	31	1	133	0.0075188
NODE_18538_length_5765_cov_3.906460	2401	2534	32	1	133	0.0075188
NODE_18538_length_5765_cov_3.906460	2401	2534	33	18	133	0.1353384
NODE_18538_length_5765_cov_3.906460	2401	2534	34	17	133	0.1278196
NODE_18538_length_5765_cov_3.906460	2401	2534	35	7	133	0.0526316
NODE_18538_length_5765_cov_3.906460	2401	2534	36	8	133	0.0601504
NODE_18538_length_5765_cov_3.906460	2401	2534	37	14	133	0.1052632
NODE_18538_length_5765_cov_3.906460	2401	2534	38	5	133	0.0375940
NODE_18538_length_5765_cov_3.906460	2401	2534	39	23	133	0.1729323
NODE_18538_length_5765_cov_3.906460	2401	2534	40	8	133	0.0601504
NODE_18538_length_5765_cov_3.906460	2401	2534	41	1	133	0.0075188
NODE_1853_length_12651_cov_4.617272	8042	8175	15	10	133	0.0751880
NODE_1853_length_12651_cov_4.617272	8042	8175	16	6	133	0.0451128
NODE_1853_length_12651_cov_4.617272	8042	8175	17	2	133	0.0150376
NODE_1853_length_12651_cov_4.617272	8042	8175	18	1	133	0.0075188
NODE_1853_length_12651_cov_4.617272	8042	8175	19	5	133	0.0375940
NODE_1853_length_12651_cov_4.617272	8042	8175	20	6	133	0.0451128
NODE_1853_length_12651_cov_4.617272	8042	8175	21	11	133	0.0827068
NODE_1853_length_12651_cov_4.617272	8042	8175	22	8	133	0.0601504
NODE_1853_length_12651_cov_4.617272	8042	8175	23	28	133	0.2105263
NODE_1853_length_12651_cov_4.617272	8042	8175	24	5	133	0.0375940
NODE_1853_length_12651_cov_4.617272	8042	8175	25	11	133	0.0827068
NODE_1853_length_12651_cov_4.617272	8042	8175	26	11	133	0.0827068
NODE_1853_length_12651_cov_4.617272	8042	8175	27	20	133	0.1503759
NODE_1853_length_12651_cov_4.617272	8042	8175	28	9	133	0.0676692
NODE_18553_length_5761_cov_4.727658	5129	5262	28	3	133	0.0225564
NODE_18553_length_5761_cov_4.727658	5129	5262	29	3	133	0.0225564
NODE_18553_length_5761_cov_4.727658	5129	5262	32	1	133	0.0075188
NODE_18553_length_5761_cov_4.727658	5129	5262	35	10	133	0.0751880
NODE_18553_length_5761_cov_4.727658	5129	5262	40	7	133	0.0526316
NODE_18553_length_5761_cov_4.727658	5129	5262	41	12	133	0.0902256
NODE_18553_length_5761_cov_4.727658	5129	5262	42	5	133	0.0375940
NODE_18553_length_5761_cov_4.727658	5129	5262	43	2	133	0.0150376
NODE_18553_length_5761_cov_4.727658	5129	5262	45	6	133	0.0451128
NODE_18553_length_5761_cov_4.727658	5129	5262	46	4	133	0.0300752
NODE_18553_length_5761_cov_4.727658	5129	5262	47	8	133	0.0601504
NODE_18553_length_5761_cov_4.727658	5129	5262	48	4	133	0.0300752
NODE_18553_length_5761_cov_4.727658	5129	5262	49	14	133	0.1052632
NODE_18553_length_5761_cov_4.727658	5129	5262	50	5	133	0.0375940
NODE_18553_length_5761_cov_4.727658	5129	5262	51	6	133	0.0451128
NODE_18553_length_5761_cov_4.727658	5129	5262	52	6	133	0.0451128
NODE_18553_length_5761_cov_4.727658	5129	5262	53	29	133	0.2180451
NODE_18553_length_5761_cov_4.727658	5129	5262	54	5	133	0.0375940
NODE_18553_length_5761_cov_4.727658	5129	5262	55	3	133	0.0225564
NODE_185622_length_1339_cov_5.203226	371	504	23	8	133	0.0601504
NODE_185622_length_1339_cov_5.203226	371	504	24	3	133	0.0225564
NODE_185622_length_1339_cov_5.203226	371	504	25	8	133	0.0601504
NODE_185622_length_1339_cov_5.203226	371	504	26	6	133	0.0451128
NODE_185622_length_1339_cov_5.203226	371	504	27	1	133	0.0075188
NODE_185622_length_1339_cov_5.203226	371	504	28	2	133	0.0150376
NODE_185622_length_1339_cov_5.203226	371	504	29	9	133	0.0676692
NODE_185622_length_1339_cov_5.203226	371	504	30	1	133	0.0075188
NODE_185622_length_1339_cov_5.203226	371	504	32	18	133	0.1353384
NODE_185622_length_1339_cov_5.203226	371	504	33	11	133	0.0827068
NODE_185622_length_1339_cov_5.203226	371	504	34	29	133	0.2180451
NODE_185622_length_1339_cov_5.203226	371	504	35	11	133	0.0827068
NODE_185622_length_1339_cov_5.203226	371	504	36	10	133	0.0751880
NODE_185622_length_1339_cov_5.203226	371	504	37	16	133	0.1203008
NODE_18565_length_5759_cov_4.799470	1075	1208	28	4	133	0.0300752
NODE_18565_length_5759_cov_4.799470	1075	1208	29	2	133	0.0150376
NODE_18565_length_5759_cov_4.799470	1075	1208	30	12	133	0.0902256
NODE_18565_length_5759_cov_4.799470	1075	1208	31	21	133	0.1578947
NODE_18565_length_5759_cov_4.799470	1075	1208	32	20	133	0.1503759
NODE_18565_length_5759_cov_4.799470	1075	1208	33	9	133	0.0676692
NODE_18565_length_5759_cov_4.799470	1075	1208	34	18	133	0.1353384
NODE_18565_length_5759_cov_4.799470	1075	1208	35	17	133	0.1278196
NODE_18565_length_5759_cov_4.799470	1075	1208	36	7	133	0.0526316
NODE_18565_length_5759_cov_4.799470	1075	1208	37	17	133	0.1278196
NODE_18565_length_5759_cov_4.799470	1075	1208	38	6	133	0.0451128
NODE_185703_length_1339_cov_3.246774	906	1039	12	1	133	0.0075188
NODE_185703_length_1339_cov_3.246774	906	1039	13	2	133	0.0150376
NODE_185703_length_1339_cov_3.246774	906	1039	14	3	133	0.0225564
NODE_185703_length_1339_cov_3.246774	906	1039	15	4	133	0.0300752
NODE_185703_length_1339_cov_3.246774	906	1039	16	1	133	0.0075188
NODE_185703_length_1339_cov_3.246774	906	1039	18	1	133	0.0075188
NODE_185703_length_1339_cov_3.246774	906	1039	19	1	133	0.0075188
NODE_185703_length_1339_cov_3.246774	906	1039	20	1	133	0.0075188
NODE_185703_length_1339_cov_3.246774	906	1039	22	3	133	0.0225564
NODE_185703_length_1339_cov_3.246774	906	1039	23	2	133	0.0150376
NODE_185703_length_1339_cov_3.246774	906	1039	24	1	133	0.0075188
NODE_185703_length_1339_cov_3.246774	906	1039	26	1	133	0.0075188
NODE_185703_length_1339_cov_3.246774	906	1039	28	3	133	0.0225564
NODE_185703_length_1339_cov_3.246774	906	1039	29	3	133	0.0225564
NODE_185703_length_1339_cov_3.246774	906	1039	30	3	133	0.0225564
NODE_185703_length_1339_cov_3.246774	906	1039	35	2	133	0.0150376
NODE_185703_length_1339_cov_3.246774	906	1039	37	6	133	0.0451128
NODE_185703_length_1339_cov_3.246774	906	1039	39	4	133	0.0300752
NODE_185703_length_1339_cov_3.246774	906	1039	40	7	133	0.0526316
NODE_185703_length_1339_cov_3.246774	906	1039	41	1	133	0.0075188
NODE_185703_length_1339_cov_3.246774	906	1039	46	5	133	0.0375940
NODE_185703_length_1339_cov_3.246774	906	1039	48	5	133	0.0375940
NODE_185703_length_1339_cov_3.246774	906	1039	49	1	133	0.0075188
NODE_185703_length_1339_cov_3.246774	906	1039	50	1	133	0.0075188
NODE_185703_length_1339_cov_3.246774	906	1039	51	1	133	0.0075188
NODE_185703_length_1339_cov_3.246774	906	1039	52	10	133	0.0751880
NODE_185703_length_1339_cov_3.246774	906	1039	53	5	133	0.0375940
NODE_185703_length_1339_cov_3.246774	906	1039	56	2	133	0.0150376
NODE_185703_length_1339_cov_3.246774	906	1039	57	18	133	0.1353384
NODE_185703_length_1339_cov_3.246774	906	1039	58	4	133	0.0300752
NODE_185703_length_1339_cov_3.246774	906	1039	59	5	133	0.0375940
NODE_185703_length_1339_cov_3.246774	906	1039	60	6	133	0.0451128
NODE_185703_length_1339_cov_3.246774	906	1039	61	6	133	0.0451128
NODE_185703_length_1339_cov_3.246774	906	1039	62	9	133	0.0676692
NODE_185703_length_1339_cov_3.246774	906	1039	63	5	133	0.0375940
NODE_18570_length_5759_cov_3.930565	4799	4932	4	7	133	0.0526316
NODE_18570_length_5759_cov_3.930565	4799	4932	6	2	133	0.0150376
NODE_18570_length_5759_cov_3.930565	4799	4932	8	1	133	0.0075188
NODE_18570_length_5759_cov_3.930565	4799	4932	9	2	133	0.0150376
NODE_18570_length_5759_cov_3.930565	4799	4932	10	1	133	0.0075188
NODE_18570_length_5759_cov_3.930565	4799	4932	11	15	133	0.1127820
NODE_18570_length_5759_cov_3.930565	4799	4932	12	37	133	0.2781955
NODE_18570_length_5759_cov_3.930565	4799	4932	13	12	133	0.0902256
NODE_18570_length_5759_cov_3.930565	4799	4932	14	39	133	0.2932331
NODE_18570_length_5759_cov_3.930565	4799	4932	15	17	133	0.1278196
NODE_18579_length_5758_cov_2.755964	1134	1267	9	8	133	0.0601504
NODE_18579_length_5758_cov_2.755964	1134	1267	10	17	133	0.1278196
NODE_18579_length_5758_cov_2.755964	1134	1267	12	37	133	0.2781955
NODE_18579_length_5758_cov_2.755964	1134	1267	13	12	133	0.0902256
NODE_18579_length_5758_cov_2.755964	1134	1267	14	10	133	0.0751880
NODE_18579_length_5758_cov_2.755964	1134	1267	15	25	133	0.1879699
NODE_18579_length_5758_cov_2.755964	1134	1267	16	24	133	0.1804511
NODE_185827_length_1338_cov_3.805488	272	405	0	30	133	0.2255639
NODE_185827_length_1338_cov_3.805488	272	405	1	100	133	0.7518797
NODE_185827_length_1338_cov_3.805488	272	405	2	3	133	0.0225564
NODE_185_length_22229_cov_22.772255	15728	15861	7	1	133	0.0075188
NODE_185_length_22229_cov_22.772255	15728	15861	8	57	133	0.4285714
NODE_185_length_22229_cov_22.772255	15728	15861	9	10	133	0.0751880
NODE_185_length_22229_cov_22.772255	15728	15861	10	1	133	0.0075188
NODE_185_length_22229_cov_22.772255	15728	15861	14	2	133	0.0150376
NODE_185_length_22229_cov_22.772255	15728	15861	19	5	133	0.0375940
NODE_185_length_22229_cov_22.772255	15728	15861	20	2	133	0.0150376
NODE_185_length_22229_cov_22.772255	15728	15861	21	2	133	0.0150376
NODE_185_length_22229_cov_22.772255	15728	15861	22	9	133	0.0676692
NODE_185_length_22229_cov_22.772255	15728	15861	23	2	133	0.0150376
NODE_185_length_22229_cov_22.772255	15728	15861	25	9	133	0.0676692
NODE_185_length_22229_cov_22.772255	15728	15861	27	4	133	0.0300752
NODE_185_length_22229_cov_22.772255	15728	15861	29	1	133	0.0075188
NODE_185_length_22229_cov_22.772255	15728	15861	30	3	133	0.0225564
NODE_185_length_22229_cov_22.772255	15728	15861	32	5	133	0.0375940
NODE_185_length_22229_cov_22.772255	15728	15861	35	17	133	0.1278196
NODE_185_length_22229_cov_22.772255	15728	15861	36	3	133	0.0225564
NODE_186071_length_1336_cov_4.615198	448	581	17	5	133	0.0375940
NODE_186071_length_1336_cov_4.615198	448	581	18	2	133	0.0150376
NODE_186071_length_1336_cov_4.615198	448	581	19	4	133	0.0300752
NODE_186071_length_1336_cov_4.615198	448	581	20	6	133	0.0451128
NODE_186071_length_1336_cov_4.615198	448	581	22	8	133	0.0601504
NODE_186071_length_1336_cov_4.615198	448	581	24	18	133	0.1353384
NODE_186071_length_1336_cov_4.615198	448	581	25	12	133	0.0902256
NODE_186071_length_1336_cov_4.615198	448	581	26	24	133	0.1804511
NODE_186071_length_1336_cov_4.615198	448	581	27	22	133	0.1654135
NODE_186071_length_1336_cov_4.615198	448	581	28	11	133	0.0827068
NODE_186071_length_1336_cov_4.615198	448	581	29	14	133	0.1052632
NODE_186071_length_1336_cov_4.615198	448	581	30	7	133	0.0526316
NODE_18611_length_5754_cov_3.447392	5503	5636	0	10	133	0.0751880
NODE_18611_length_5754_cov_3.447392	5503	5636	2	6	133	0.0451128
NODE_18611_length_5754_cov_3.447392	5503	5636	3	13	133	0.0977444
NODE_18611_length_5754_cov_3.447392	5503	5636	4	5	133	0.0375940
NODE_18611_length_5754_cov_3.447392	5503	5636	6	44	133	0.3308271
NODE_18611_length_5754_cov_3.447392	5503	5636	7	24	133	0.1804511
NODE_18611_length_5754_cov_3.447392	5503	5636	8	31	133	0.2330827
NODE_18620_length_5753_cov_4.303679	1511	1644	7	4	133	0.0300752
NODE_18620_length_5753_cov_4.303679	1511	1644	8	3	133	0.0225564
NODE_18620_length_5753_cov_4.303679	1511	1644	9	8	133	0.0601504
NODE_18620_length_5753_cov_4.303679	1511	1644	11	6	133	0.0451128
NODE_18620_length_5753_cov_4.303679	1511	1644	13	1	133	0.0075188
NODE_18620_length_5753_cov_4.303679	1511	1644	14	36	133	0.2706767
NODE_18620_length_5753_cov_4.303679	1511	1644	15	8	133	0.0601504
NODE_18620_length_5753_cov_4.303679	1511	1644	16	7	133	0.0526316
NODE_18620_length_5753_cov_4.303679	1511	1644	17	23	133	0.1729323
NODE_18620_length_5753_cov_4.303679	1511	1644	18	9	133	0.0676692
NODE_18620_length_5753_cov_4.303679	1511	1644	19	14	133	0.1052632
NODE_18620_length_5753_cov_4.303679	1511	1644	20	14	133	0.1052632
NODE_18629_length_5752_cov_4.027596	395	528	6	10	133	0.0751880
NODE_18629_length_5752_cov_4.027596	395	528	7	1	133	0.0075188
NODE_18629_length_5752_cov_4.027596	395	528	8	25	133	0.1879699
NODE_18629_length_5752_cov_4.027596	395	528	9	16	133	0.1203008
NODE_18629_length_5752_cov_4.027596	395	528	10	12	133	0.0902256
NODE_18629_length_5752_cov_4.027596	395	528	11	14	133	0.1052632
NODE_18629_length_5752_cov_4.027596	395	528	12	55	133	0.4135338
NODE_18643_length_5749_cov_4.240000	28	161	8	1	133	0.0075188
NODE_18643_length_5749_cov_4.240000	28	161	10	22	133	0.1654135
NODE_18643_length_5749_cov_4.240000	28	161	13	1	133	0.0075188
NODE_18643_length_5749_cov_4.240000	28	161	14	1	133	0.0075188
NODE_18643_length_5749_cov_4.240000	28	161	17	2	133	0.0150376
NODE_18643_length_5749_cov_4.240000	28	161	19	6	133	0.0451128
NODE_18643_length_5749_cov_4.240000	28	161	20	2	133	0.0150376
NODE_18643_length_5749_cov_4.240000	28	161	21	3	133	0.0225564
NODE_18643_length_5749_cov_4.240000	28	161	24	1	133	0.0075188
NODE_18643_length_5749_cov_4.240000	28	161	25	4	133	0.0300752
NODE_18643_length_5749_cov_4.240000	28	161	26	2	133	0.0150376
NODE_18643_length_5749_cov_4.240000	28	161	27	1	133	0.0075188
NODE_18643_length_5749_cov_4.240000	28	161	28	7	133	0.0526316
NODE_18643_length_5749_cov_4.240000	28	161	29	5	133	0.0375940
NODE_18643_length_5749_cov_4.240000	28	161	30	8	133	0.0601504
NODE_18643_length_5749_cov_4.240000	28	161	31	24	133	0.1804511
NODE_18643_length_5749_cov_4.240000	28	161	32	1	133	0.0075188
NODE_18643_length_5749_cov_4.240000	28	161	33	2	133	0.0150376
NODE_18643_length_5749_cov_4.240000	28	161	34	1	133	0.0075188
NODE_18643_length_5749_cov_4.240000	28	161	35	30	133	0.2255639
NODE_18643_length_5749_cov_4.240000	28	161	36	1	133	0.0075188
NODE_18643_length_5749_cov_4.240000	28	161	37	8	133	0.0601504
NODE_186557_length_1333_cov_3.898703	33	166	10	13	133	0.0977444
NODE_186557_length_1333_cov_3.898703	33	166	11	3	133	0.0225564
NODE_186557_length_1333_cov_3.898703	33	166	12	9	133	0.0676692
NODE_186557_length_1333_cov_3.898703	33	166	14	33	133	0.2481203
NODE_186557_length_1333_cov_3.898703	33	166	15	15	133	0.1127820
NODE_186557_length_1333_cov_3.898703	33	166	16	25	133	0.1879699
NODE_186557_length_1333_cov_3.898703	33	166	17	11	133	0.0827068
NODE_186557_length_1333_cov_3.898703	33	166	18	20	133	0.1503759
NODE_186557_length_1333_cov_3.898703	33	166	19	4	133	0.0300752
NODE_18662_length_5746_cov_4.044448	1548	1681	6	5	133	0.0375940
NODE_18662_length_5746_cov_4.044448	1548	1681	8	17	133	0.1278196
NODE_18662_length_5746_cov_4.044448	1548	1681	10	47	133	0.3533835
NODE_18662_length_5746_cov_4.044448	1548	1681	11	22	133	0.1654135
NODE_18662_length_5746_cov_4.044448	1548	1681	12	42	133	0.3157895
NODE_18673_length_5744_cov_4.918689	436	569	4	17	133	0.1278196
NODE_18673_length_5744_cov_4.918689	436	569	6	5	133	0.0375940
NODE_18673_length_5744_cov_4.918689	436	569	7	8	133	0.0601504
NODE_18673_length_5744_cov_4.918689	436	569	8	2	133	0.0150376
NODE_18673_length_5744_cov_4.918689	436	569	9	20	133	0.1503759
NODE_18673_length_5744_cov_4.918689	436	569	10	23	133	0.1729323
NODE_18673_length_5744_cov_4.918689	436	569	11	14	133	0.1052632
NODE_18673_length_5744_cov_4.918689	436	569	12	44	133	0.3308271
NODE_186820_length_1331_cov_4.451299	1138	1271	2	3	133	0.0225564
NODE_186820_length_1331_cov_4.451299	1138	1271	4	15	133	0.1127820
NODE_186820_length_1331_cov_4.451299	1138	1271	5	2	133	0.0150376
NODE_186820_length_1331_cov_4.451299	1138	1271	6	10	133	0.0751880
NODE_186820_length_1331_cov_4.451299	1138	1271	9	15	133	0.1127820
NODE_186820_length_1331_cov_4.451299	1138	1271	10	8	133	0.0601504
NODE_186820_length_1331_cov_4.451299	1138	1271	11	10	133	0.0751880
NODE_186820_length_1331_cov_4.451299	1138	1271	12	29	133	0.2180451
NODE_186820_length_1331_cov_4.451299	1138	1271	13	30	133	0.2255639
NODE_186820_length_1331_cov_4.451299	1138	1271	14	11	133	0.0827068
NODE_18701_length_5739_cov_4.284397	2558	2691	2	43	133	0.3233083
NODE_18701_length_5739_cov_4.284397	2558	2691	3	13	133	0.0977444
NODE_18701_length_5739_cov_4.284397	2558	2691	4	77	133	0.5789474
NODE_18702_length_5739_cov_4.232979	1928	2061	15	13	133	0.0977444
NODE_18702_length_5739_cov_4.232979	1928	2061	17	5	133	0.0375940
NODE_18702_length_5739_cov_4.232979	1928	2061	18	44	133	0.3308271
NODE_18702_length_5739_cov_4.232979	1928	2061	20	15	133	0.1127820
NODE_18702_length_5739_cov_4.232979	1928	2061	21	17	133	0.1278196
NODE_18702_length_5739_cov_4.232979	1928	2061	22	4	133	0.0300752
NODE_18702_length_5739_cov_4.232979	1928	2061	24	25	133	0.1879699
NODE_18702_length_5739_cov_4.232979	1928	2061	25	6	133	0.0451128
NODE_18702_length_5739_cov_4.232979	1928	2061	26	4	133	0.0300752
NODE_187088_length_1329_cov_6.017886	502	635	8	21	133	0.1578947
NODE_187088_length_1329_cov_6.017886	502	635	9	2	133	0.0150376
NODE_187088_length_1329_cov_6.017886	502	635	11	17	133	0.1278196
NODE_187088_length_1329_cov_6.017886	502	635	12	42	133	0.3157895
NODE_187088_length_1329_cov_6.017886	502	635	13	2	133	0.0150376
NODE_187088_length_1329_cov_6.017886	502	635	14	15	133	0.1127820
NODE_187088_length_1329_cov_6.017886	502	635	15	12	133	0.0902256
NODE_187088_length_1329_cov_6.017886	502	635	16	20	133	0.1503759
NODE_187088_length_1329_cov_6.017886	502	635	17	2	133	0.0150376
NODE_18711_length_5738_cov_3.889342	5545	5678	19	15	133	0.1127820
NODE_18711_length_5738_cov_3.889342	5545	5678	20	6	133	0.0451128
NODE_18711_length_5738_cov_3.889342	5545	5678	21	2	133	0.0150376
NODE_18711_length_5738_cov_3.889342	5545	5678	22	1	133	0.0075188
NODE_18711_length_5738_cov_3.889342	5545	5678	23	1	133	0.0075188
NODE_18711_length_5738_cov_3.889342	5545	5678	24	1	133	0.0075188
NODE_18711_length_5738_cov_3.889342	5545	5678	26	2	133	0.0150376
NODE_18711_length_5738_cov_3.889342	5545	5678	27	4	133	0.0300752
NODE_18711_length_5738_cov_3.889342	5545	5678	28	2	133	0.0150376
NODE_18711_length_5738_cov_3.889342	5545	5678	29	10	133	0.0751880
NODE_18711_length_5738_cov_3.889342	5545	5678	30	5	133	0.0375940
NODE_18711_length_5738_cov_3.889342	5545	5678	31	7	133	0.0526316
NODE_18711_length_5738_cov_3.889342	5545	5678	32	3	133	0.0225564
NODE_18711_length_5738_cov_3.889342	5545	5678	33	10	133	0.0751880
NODE_18711_length_5738_cov_3.889342	5545	5678	34	8	133	0.0601504
NODE_18711_length_5738_cov_3.889342	5545	5678	35	1	133	0.0075188
NODE_18711_length_5738_cov_3.889342	5545	5678	36	2	133	0.0150376
NODE_18711_length_5738_cov_3.889342	5545	5678	38	1	133	0.0075188
NODE_18711_length_5738_cov_3.889342	5545	5678	39	9	133	0.0676692
NODE_18711_length_5738_cov_3.889342	5545	5678	40	13	133	0.0977444
NODE_18711_length_5738_cov_3.889342	5545	5678	41	3	133	0.0225564
NODE_18711_length_5738_cov_3.889342	5545	5678	42	27	133	0.2030075
NODE_187121_length_1329_cov_4.378862	216	349	20	9	133	0.0676692
NODE_187121_length_1329_cov_4.378862	216	349	23	7	133	0.0526316
NODE_187121_length_1329_cov_4.378862	216	349	24	3	133	0.0225564
NODE_187121_length_1329_cov_4.378862	216	349	26	8	133	0.0601504
NODE_187121_length_1329_cov_4.378862	216	349	27	2	133	0.0150376
NODE_187121_length_1329_cov_4.378862	216	349	28	19	133	0.1428571
NODE_187121_length_1329_cov_4.378862	216	349	29	1	133	0.0075188
NODE_187121_length_1329_cov_4.378862	216	349	30	7	133	0.0526316
NODE_187121_length_1329_cov_4.378862	216	349	31	3	133	0.0225564
NODE_187121_length_1329_cov_4.378862	216	349	32	26	133	0.1954887
NODE_187121_length_1329_cov_4.378862	216	349	33	30	133	0.2255639
NODE_187121_length_1329_cov_4.378862	216	349	34	12	133	0.0902256
NODE_187121_length_1329_cov_4.378862	216	349	35	6	133	0.0451128
NODE_187220_length_1328_cov_4.752644	179	312	9	18	133	0.1353384
NODE_187220_length_1328_cov_4.752644	179	312	10	8	133	0.0601504
NODE_187220_length_1328_cov_4.752644	179	312	11	5	133	0.0375940
NODE_187220_length_1328_cov_4.752644	179	312	12	23	133	0.1729323
NODE_187220_length_1328_cov_4.752644	179	312	13	4	133	0.0300752
NODE_187220_length_1328_cov_4.752644	179	312	14	15	133	0.1127820
NODE_187220_length_1328_cov_4.752644	179	312	15	9	133	0.0676692
NODE_187220_length_1328_cov_4.752644	179	312	16	42	133	0.3157895
NODE_187220_length_1328_cov_4.752644	179	312	17	2	133	0.0150376
NODE_187220_length_1328_cov_4.752644	179	312	18	7	133	0.0526316
NODE_187270_length_1328_cov_3.580146	698	831	4	4	133	0.0300752
NODE_187270_length_1328_cov_3.580146	698	831	5	35	133	0.2631579
NODE_187270_length_1328_cov_3.580146	698	831	6	2	133	0.0150376
NODE_187270_length_1328_cov_3.580146	698	831	7	3	133	0.0225564
NODE_187270_length_1328_cov_3.580146	698	831	9	4	133	0.0300752
NODE_187270_length_1328_cov_3.580146	698	831	10	38	133	0.2857143
NODE_187270_length_1328_cov_3.580146	698	831	11	47	133	0.3533835
NODE_187419_length_1327_cov_3.597720	37	170	31	10	133	0.0751880
NODE_187419_length_1327_cov_3.597720	37	170	33	1	133	0.0075188
NODE_187419_length_1327_cov_3.597720	37	170	35	1	133	0.0075188
NODE_187419_length_1327_cov_3.597720	37	170	37	1	133	0.0075188
NODE_187419_length_1327_cov_3.597720	37	170	39	2	133	0.0150376
NODE_187419_length_1327_cov_3.597720	37	170	40	14	133	0.1052632
NODE_187419_length_1327_cov_3.597720	37	170	42	4	133	0.0300752
NODE_187419_length_1327_cov_3.597720	37	170	43	4	133	0.0300752
NODE_187419_length_1327_cov_3.597720	37	170	45	6	133	0.0451128
NODE_187419_length_1327_cov_3.597720	37	170	47	2	133	0.0150376
NODE_187419_length_1327_cov_3.597720	37	170	48	2	133	0.0150376
NODE_187419_length_1327_cov_3.597720	37	170	49	2	133	0.0150376
NODE_187419_length_1327_cov_3.597720	37	170	50	12	133	0.0902256
NODE_187419_length_1327_cov_3.597720	37	170	51	7	133	0.0526316
NODE_187419_length_1327_cov_3.597720	37	170	52	2	133	0.0150376
NODE_187419_length_1327_cov_3.597720	37	170	53	4	133	0.0300752
NODE_187419_length_1327_cov_3.597720	37	170	54	13	133	0.0977444
NODE_187419_length_1327_cov_3.597720	37	170	55	4	133	0.0300752
NODE_187419_length_1327_cov_3.597720	37	170	56	1	133	0.0075188
NODE_187419_length_1327_cov_3.597720	37	170	57	2	133	0.0150376
NODE_187419_length_1327_cov_3.597720	37	170	58	1	133	0.0075188
NODE_187419_length_1327_cov_3.597720	37	170	59	10	133	0.0751880
NODE_187419_length_1327_cov_3.597720	37	170	60	16	133	0.1203008
NODE_187419_length_1327_cov_3.597720	37	170	62	12	133	0.0902256
NODE_18742_length_5733_cov_4.022364	336	469	2	22	133	0.1654135
NODE_18742_length_5733_cov_4.022364	336	469	3	7	133	0.0526316
NODE_18742_length_5733_cov_4.022364	336	469	4	36	133	0.2706767
NODE_18742_length_5733_cov_4.022364	336	469	5	38	133	0.2857143
NODE_18742_length_5733_cov_4.022364	336	469	6	30	133	0.2255639
NODE_187444_length_1327_cov_3.190554	771	904	8	4	133	0.0300752
NODE_187444_length_1327_cov_3.190554	771	904	9	15	133	0.1127820
NODE_187444_length_1327_cov_3.190554	771	904	10	10	133	0.0751880
NODE_187444_length_1327_cov_3.190554	771	904	11	14	133	0.1052632
NODE_187444_length_1327_cov_3.190554	771	904	12	2	133	0.0150376
NODE_187444_length_1327_cov_3.190554	771	904	13	18	133	0.1353384
NODE_187444_length_1327_cov_3.190554	771	904	14	10	133	0.0751880
NODE_187444_length_1327_cov_3.190554	771	904	15	43	133	0.3233083
NODE_187444_length_1327_cov_3.190554	771	904	16	17	133	0.1278196
NODE_187567_length_1326_cov_3.772616	599	732	5	3	133	0.0225564
NODE_187567_length_1326_cov_3.772616	599	732	6	22	133	0.1654135
NODE_187567_length_1326_cov_3.772616	599	732	7	4	133	0.0300752
NODE_187567_length_1326_cov_3.772616	599	732	9	9	133	0.0676692
NODE_187567_length_1326_cov_3.772616	599	732	10	10	133	0.0751880
NODE_187567_length_1326_cov_3.772616	599	732	11	21	133	0.1578947
NODE_187567_length_1326_cov_3.772616	599	732	12	32	133	0.2406015
NODE_187567_length_1326_cov_3.772616	599	732	13	22	133	0.1654135
NODE_187567_length_1326_cov_3.772616	599	732	14	1	133	0.0075188
NODE_187567_length_1326_cov_3.772616	599	732	15	9	133	0.0676692
NODE_18758_length_5731_cov_3.947266	3657	3790	6	30	133	0.2255639
NODE_18758_length_5731_cov_3.947266	3657	3790	7	18	133	0.1353384
NODE_18758_length_5731_cov_3.947266	3657	3790	8	6	133	0.0451128
NODE_18758_length_5731_cov_3.947266	3657	3790	9	2	133	0.0150376
NODE_18758_length_5731_cov_3.947266	3657	3790	10	5	133	0.0375940
NODE_18758_length_5731_cov_3.947266	3657	3790	11	2	133	0.0150376
NODE_18758_length_5731_cov_3.947266	3657	3790	12	54	133	0.4060150
NODE_18758_length_5731_cov_3.947266	3657	3790	13	13	133	0.0977444
NODE_18758_length_5731_cov_3.947266	3657	3790	14	3	133	0.0225564
NODE_18762_length_5730_cov_5.009945	642	775	13	2	133	0.0150376
NODE_18762_length_5730_cov_5.009945	642	775	15	12	133	0.0902256
NODE_18762_length_5730_cov_5.009945	642	775	16	2	133	0.0150376
NODE_18762_length_5730_cov_5.009945	642	775	17	14	133	0.1052632
NODE_18762_length_5730_cov_5.009945	642	775	20	6	133	0.0451128
NODE_18762_length_5730_cov_5.009945	642	775	22	1	133	0.0075188
NODE_18762_length_5730_cov_5.009945	642	775	24	13	133	0.0977444
NODE_18762_length_5730_cov_5.009945	642	775	25	2	133	0.0150376
NODE_18762_length_5730_cov_5.009945	642	775	26	8	133	0.0601504
NODE_18762_length_5730_cov_5.009945	642	775	27	2	133	0.0150376
NODE_18762_length_5730_cov_5.009945	642	775	28	2	133	0.0150376
NODE_18762_length_5730_cov_5.009945	642	775	29	8	133	0.0601504
NODE_18762_length_5730_cov_5.009945	642	775	30	15	133	0.1127820
NODE_18762_length_5730_cov_5.009945	642	775	31	13	133	0.0977444
NODE_18762_length_5730_cov_5.009945	642	775	32	4	133	0.0300752
NODE_18762_length_5730_cov_5.009945	642	775	35	12	133	0.0902256
NODE_18762_length_5730_cov_5.009945	642	775	36	13	133	0.0977444
NODE_18762_length_5730_cov_5.009945	642	775	37	4	133	0.0300752
NODE_187705_length_1325_cov_3.965742	810	943	22	2	133	0.0150376
NODE_187705_length_1325_cov_3.965742	810	943	24	6	133	0.0451128
NODE_187705_length_1325_cov_3.965742	810	943	26	15	133	0.1127820
NODE_187705_length_1325_cov_3.965742	810	943	27	8	133	0.0601504
NODE_187705_length_1325_cov_3.965742	810	943	28	3	133	0.0225564
NODE_187705_length_1325_cov_3.965742	810	943	29	3	133	0.0225564
NODE_187705_length_1325_cov_3.965742	810	943	30	5	133	0.0375940
NODE_187705_length_1325_cov_3.965742	810	943	32	4	133	0.0300752
NODE_187705_length_1325_cov_3.965742	810	943	33	2	133	0.0150376
NODE_187705_length_1325_cov_3.965742	810	943	35	1	133	0.0075188
NODE_187705_length_1325_cov_3.965742	810	943	36	4	133	0.0300752
NODE_187705_length_1325_cov_3.965742	810	943	39	9	133	0.0676692
NODE_187705_length_1325_cov_3.965742	810	943	40	6	133	0.0451128
NODE_187705_length_1325_cov_3.965742	810	943	41	9	133	0.0676692
NODE_187705_length_1325_cov_3.965742	810	943	42	18	133	0.1353384
NODE_187705_length_1325_cov_3.965742	810	943	43	5	133	0.0375940
NODE_187705_length_1325_cov_3.965742	810	943	45	4	133	0.0300752
NODE_187705_length_1325_cov_3.965742	810	943	46	2	133	0.0150376
NODE_187705_length_1325_cov_3.965742	810	943	47	8	133	0.0601504
NODE_187705_length_1325_cov_3.965742	810	943	48	3	133	0.0225564
NODE_187705_length_1325_cov_3.965742	810	943	49	12	133	0.0902256
NODE_187705_length_1325_cov_3.965742	810	943	50	4	133	0.0300752
NODE_187776_length_1325_cov_2.716966	1049	1182	7	10	133	0.0751880
NODE_187776_length_1325_cov_2.716966	1049	1182	8	4	133	0.0300752
NODE_187776_length_1325_cov_2.716966	1049	1182	10	8	133	0.0601504
NODE_187776_length_1325_cov_2.716966	1049	1182	14	4	133	0.0300752
NODE_187776_length_1325_cov_2.716966	1049	1182	16	2	133	0.0150376
NODE_187776_length_1325_cov_2.716966	1049	1182	17	1	133	0.0075188
NODE_187776_length_1325_cov_2.716966	1049	1182	19	7	133	0.0526316
NODE_187776_length_1325_cov_2.716966	1049	1182	20	3	133	0.0225564
NODE_187776_length_1325_cov_2.716966	1049	1182	21	4	133	0.0300752
NODE_187776_length_1325_cov_2.716966	1049	1182	22	1	133	0.0075188
NODE_187776_length_1325_cov_2.716966	1049	1182	23	8	133	0.0601504
NODE_187776_length_1325_cov_2.716966	1049	1182	24	12	133	0.0902256
NODE_187776_length_1325_cov_2.716966	1049	1182	26	4	133	0.0300752
NODE_187776_length_1325_cov_2.716966	1049	1182	27	1	133	0.0075188
NODE_187776_length_1325_cov_2.716966	1049	1182	29	2	133	0.0150376
NODE_187776_length_1325_cov_2.716966	1049	1182	33	1	133	0.0075188
NODE_187776_length_1325_cov_2.716966	1049	1182	34	6	133	0.0451128
NODE_187776_length_1325_cov_2.716966	1049	1182	35	1	133	0.0075188
NODE_187776_length_1325_cov_2.716966	1049	1182	37	2	133	0.0150376
NODE_187776_length_1325_cov_2.716966	1049	1182	38	14	133	0.1052632
NODE_187776_length_1325_cov_2.716966	1049	1182	40	5	133	0.0375940
NODE_187776_length_1325_cov_2.716966	1049	1182	41	7	133	0.0526316
NODE_187776_length_1325_cov_2.716966	1049	1182	42	9	133	0.0676692
NODE_187776_length_1325_cov_2.716966	1049	1182	43	3	133	0.0225564
NODE_187776_length_1325_cov_2.716966	1049	1182	45	14	133	0.1052632
NODE_18782_length_5727_cov_4.754087	3611	3744	4	8	133	0.0601504
NODE_18782_length_5727_cov_4.754087	3611	3744	5	27	133	0.2030075
NODE_18782_length_5727_cov_4.754087	3611	3744	6	29	133	0.2180451
NODE_18782_length_5727_cov_4.754087	3611	3744	7	25	133	0.1879699
NODE_18782_length_5727_cov_4.754087	3611	3744	8	4	133	0.0300752
NODE_18782_length_5727_cov_4.754087	3611	3744	9	32	133	0.2406015
NODE_18782_length_5727_cov_4.754087	3611	3744	10	8	133	0.0601504
NODE_1878_length_12608_cov_4.902390	5851	5984	10	38	133	0.2857143
NODE_1878_length_12608_cov_4.902390	5851	5984	11	16	133	0.1203008
NODE_1878_length_12608_cov_4.902390	5851	5984	12	16	133	0.1203008
NODE_1878_length_12608_cov_4.902390	5851	5984	13	40	133	0.3007519
NODE_1878_length_12608_cov_4.902390	5851	5984	14	15	133	0.1127820
NODE_1878_length_12608_cov_4.902390	5851	5984	15	8	133	0.0601504
NODE_187999_length_1323_cov_4.249183	698	831	23	9	133	0.0676692
NODE_187999_length_1323_cov_4.249183	698	831	24	2	133	0.0150376
NODE_187999_length_1323_cov_4.249183	698	831	29	8	133	0.0601504
NODE_187999_length_1323_cov_4.249183	698	831	30	5	133	0.0375940
NODE_187999_length_1323_cov_4.249183	698	831	31	8	133	0.0601504
NODE_187999_length_1323_cov_4.249183	698	831	32	1	133	0.0075188
NODE_187999_length_1323_cov_4.249183	698	831	33	6	133	0.0451128
NODE_187999_length_1323_cov_4.249183	698	831	34	5	133	0.0375940
NODE_187999_length_1323_cov_4.249183	698	831	35	2	133	0.0150376
NODE_187999_length_1323_cov_4.249183	698	831	36	2	133	0.0150376
NODE_187999_length_1323_cov_4.249183	698	831	37	10	133	0.0751880
NODE_187999_length_1323_cov_4.249183	698	831	38	4	133	0.0300752
NODE_187999_length_1323_cov_4.249183	698	831	39	19	133	0.1428571
NODE_187999_length_1323_cov_4.249183	698	831	40	7	133	0.0526316
NODE_187999_length_1323_cov_4.249183	698	831	41	6	133	0.0451128
NODE_187999_length_1323_cov_4.249183	698	831	42	9	133	0.0676692
NODE_187999_length_1323_cov_4.249183	698	831	43	1	133	0.0075188
NODE_187999_length_1323_cov_4.249183	698	831	44	10	133	0.0751880
NODE_187999_length_1323_cov_4.249183	698	831	45	8	133	0.0601504
NODE_187999_length_1323_cov_4.249183	698	831	46	5	133	0.0375940
NODE_187999_length_1323_cov_4.249183	698	831	47	6	133	0.0451128
NODE_188115_length_1322_cov_4.697465	223	356	3	11	133	0.0827068
NODE_188115_length_1322_cov_4.697465	223	356	4	5	133	0.0375940
NODE_188115_length_1322_cov_4.697465	223	356	5	5	133	0.0375940
NODE_188115_length_1322_cov_4.697465	223	356	6	17	133	0.1278196
NODE_188115_length_1322_cov_4.697465	223	356	8	7	133	0.0526316
NODE_188115_length_1322_cov_4.697465	223	356	9	3	133	0.0225564
NODE_188115_length_1322_cov_4.697465	223	356	11	24	133	0.1804511
NODE_188115_length_1322_cov_4.697465	223	356	12	7	133	0.0526316
NODE_188115_length_1322_cov_4.697465	223	356	13	19	133	0.1428571
NODE_188115_length_1322_cov_4.697465	223	356	15	4	133	0.0300752
NODE_188115_length_1322_cov_4.697465	223	356	16	24	133	0.1804511
NODE_188115_length_1322_cov_4.697465	223	356	17	5	133	0.0375940
NODE_188115_length_1322_cov_4.697465	223	356	18	1	133	0.0075188
NODE_188115_length_1322_cov_4.697465	223	356	19	1	133	0.0075188
NODE_188120_length_1322_cov_4.503679	1049	1182	15	1	133	0.0075188
NODE_188120_length_1322_cov_4.503679	1049	1182	17	3	133	0.0225564
NODE_188120_length_1322_cov_4.503679	1049	1182	18	12	133	0.0902256
NODE_188120_length_1322_cov_4.503679	1049	1182	19	15	133	0.1127820
NODE_188120_length_1322_cov_4.503679	1049	1182	20	45	133	0.3383459
NODE_188120_length_1322_cov_4.503679	1049	1182	21	56	133	0.4210526
NODE_188120_length_1322_cov_4.503679	1049	1182	22	1	133	0.0075188
NODE_188132_length_1322_cov_4.308258	931	1064	6	15	133	0.1127820
NODE_188132_length_1322_cov_4.308258	931	1064	8	24	133	0.1804511
NODE_188132_length_1322_cov_4.308258	931	1064	10	6	133	0.0451128
NODE_188132_length_1322_cov_4.308258	931	1064	12	2	133	0.0150376
NODE_188132_length_1322_cov_4.308258	931	1064	13	21	133	0.1578947
NODE_188132_length_1322_cov_4.308258	931	1064	14	23	133	0.1729323
NODE_188132_length_1322_cov_4.308258	931	1064	15	42	133	0.3157895
NODE_188172_length_1322_cov_3.496321	461	594	6	10	133	0.0751880
NODE_188172_length_1322_cov_3.496321	461	594	7	7	133	0.0526316
NODE_188172_length_1322_cov_3.496321	461	594	9	17	133	0.1278196
NODE_188172_length_1322_cov_3.496321	461	594	10	14	133	0.1052632
NODE_188172_length_1322_cov_3.496321	461	594	11	31	133	0.2330827
NODE_188172_length_1322_cov_3.496321	461	594	12	50	133	0.3759398
NODE_188172_length_1322_cov_3.496321	461	594	13	4	133	0.0300752
NODE_1881_length_12604_cov_4.572571	1336	1469	7	7	133	0.0526316
NODE_1881_length_12604_cov_4.572571	1336	1469	8	22	133	0.1654135
NODE_1881_length_12604_cov_4.572571	1336	1469	9	29	133	0.2180451
NODE_1881_length_12604_cov_4.572571	1336	1469	10	8	133	0.0601504
NODE_1881_length_12604_cov_4.572571	1336	1469	11	36	133	0.2706767
NODE_1881_length_12604_cov_4.572571	1336	1469	12	31	133	0.2330827
NODE_18833_length_5721_cov_4.868730	4337	4470	22	9	133	0.0676692
NODE_18833_length_5721_cov_4.868730	4337	4470	23	14	133	0.1052632
NODE_18833_length_5721_cov_4.868730	4337	4470	24	7	133	0.0526316
NODE_18833_length_5721_cov_4.868730	4337	4470	25	35	133	0.2631579
NODE_18833_length_5721_cov_4.868730	4337	4470	26	18	133	0.1353384
NODE_18833_length_5721_cov_4.868730	4337	4470	27	14	133	0.1052632
NODE_18833_length_5721_cov_4.868730	4337	4470	28	15	133	0.1127820
NODE_18833_length_5721_cov_4.868730	4337	4470	29	7	133	0.0526316
NODE_18833_length_5721_cov_4.868730	4337	4470	30	10	133	0.0751880
NODE_18833_length_5721_cov_4.868730	4337	4470	31	4	133	0.0300752
NODE_188378_length_1321_cov_2.216039	891	1024	2	3	133	0.0225564
NODE_188378_length_1321_cov_2.216039	891	1024	3	33	133	0.2481203
NODE_188378_length_1321_cov_2.216039	891	1024	4	31	133	0.2330827
NODE_188378_length_1321_cov_2.216039	891	1024	5	49	133	0.3684210
NODE_188378_length_1321_cov_2.216039	891	1024	6	17	133	0.1278196
NODE_188405_length_1320_cov_4.765766	840	973	8	2	133	0.0150376
NODE_188405_length_1320_cov_4.765766	840	973	10	30	133	0.2255639
NODE_188405_length_1320_cov_4.765766	840	973	11	15	133	0.1127820
NODE_188405_length_1320_cov_4.765766	840	973	12	48	133	0.3609022
NODE_188405_length_1320_cov_4.765766	840	973	13	20	133	0.1503759
NODE_188405_length_1320_cov_4.765766	840	973	14	18	133	0.1353384
NODE_188466_length_1320_cov_3.475839	379	512	5	17	133	0.1278196
NODE_188466_length_1320_cov_3.475839	379	512	6	12	133	0.0902256
NODE_188466_length_1320_cov_3.475839	379	512	7	3	133	0.0225564
NODE_188466_length_1320_cov_3.475839	379	512	8	2	133	0.0150376
NODE_188466_length_1320_cov_3.475839	379	512	9	3	133	0.0225564
NODE_188466_length_1320_cov_3.475839	379	512	10	9	133	0.0676692
NODE_188466_length_1320_cov_3.475839	379	512	11	22	133	0.1654135
NODE_188466_length_1320_cov_3.475839	379	512	12	11	133	0.0827068
NODE_188466_length_1320_cov_3.475839	379	512	13	54	133	0.4060150
NODE_18853_length_5719_cov_4.576512	1788	1921	25	19	133	0.1428571
NODE_18853_length_5719_cov_4.576512	1788	1921	26	8	133	0.0601504
NODE_18853_length_5719_cov_4.576512	1788	1921	27	5	133	0.0375940
NODE_18853_length_5719_cov_4.576512	1788	1921	28	11	133	0.0827068
NODE_18853_length_5719_cov_4.576512	1788	1921	29	12	133	0.0902256
NODE_18853_length_5719_cov_4.576512	1788	1921	30	17	133	0.1278196
NODE_18853_length_5719_cov_4.576512	1788	1921	31	24	133	0.1804511
NODE_18853_length_5719_cov_4.576512	1788	1921	32	3	133	0.0225564
NODE_18853_length_5719_cov_4.576512	1788	1921	33	2	133	0.0150376
NODE_18853_length_5719_cov_4.576512	1788	1921	34	1	133	0.0075188
NODE_18853_length_5719_cov_4.576512	1788	1921	35	11	133	0.0827068
NODE_18853_length_5719_cov_4.576512	1788	1921	36	2	133	0.0150376
NODE_18853_length_5719_cov_4.576512	1788	1921	37	18	133	0.1353384
NODE_188563_length_1319_cov_4.799180	564	697	2	19	133	0.1428571
NODE_188563_length_1319_cov_4.799180	564	697	3	18	133	0.1353384
NODE_188563_length_1319_cov_4.799180	564	697	4	53	133	0.3984962
NODE_188563_length_1319_cov_4.799180	564	697	5	29	133	0.2180451
NODE_188563_length_1319_cov_4.799180	564	697	6	1	133	0.0075188
NODE_188563_length_1319_cov_4.799180	564	697	7	13	133	0.0977444
NODE_18860_length_5718_cov_4.567361	1115	1248	13	3	133	0.0225564
NODE_18860_length_5718_cov_4.567361	1115	1248	14	12	133	0.0902256
NODE_18860_length_5718_cov_4.567361	1115	1248	15	7	133	0.0526316
NODE_18860_length_5718_cov_4.567361	1115	1248	16	8	133	0.0601504
NODE_18860_length_5718_cov_4.567361	1115	1248	17	11	133	0.0827068
NODE_18860_length_5718_cov_4.567361	1115	1248	18	50	133	0.3759398
NODE_18860_length_5718_cov_4.567361	1115	1248	19	9	133	0.0676692
NODE_18860_length_5718_cov_4.567361	1115	1248	20	17	133	0.1278196
NODE_18860_length_5718_cov_4.567361	1115	1248	21	16	133	0.1203008
NODE_18871_length_5716_cov_4.359801	1951	2084	8	5	133	0.0375940
NODE_18871_length_5716_cov_4.359801	1951	2084	9	16	133	0.1203008
NODE_18871_length_5716_cov_4.359801	1951	2084	10	14	133	0.1052632
NODE_18871_length_5716_cov_4.359801	1951	2084	11	5	133	0.0375940
NODE_18871_length_5716_cov_4.359801	1951	2084	12	19	133	0.1428571
NODE_18871_length_5716_cov_4.359801	1951	2084	13	64	133	0.4812030
NODE_18871_length_5716_cov_4.359801	1951	2084	14	10	133	0.0751880
NODE_188804_length_1318_cov_2.305989	841	974	18	5	133	0.0375940
NODE_188804_length_1318_cov_2.305989	841	974	19	11	133	0.0827068
NODE_188804_length_1318_cov_2.305989	841	974	20	9	133	0.0676692
NODE_188804_length_1318_cov_2.305989	841	974	21	9	133	0.0676692
NODE_188804_length_1318_cov_2.305989	841	974	22	22	133	0.1654135
NODE_188804_length_1318_cov_2.305989	841	974	23	20	133	0.1503759
NODE_188804_length_1318_cov_2.305989	841	974	24	15	133	0.1127820
NODE_188804_length_1318_cov_2.305989	841	974	25	10	133	0.0751880
NODE_188804_length_1318_cov_2.305989	841	974	26	28	133	0.2105263
NODE_188804_length_1318_cov_2.305989	841	974	27	4	133	0.0300752
NODE_18885_length_5715_cov_4.601674	4638	4771	6	1	133	0.0075188
NODE_18885_length_5715_cov_4.601674	4638	4771	7	10	133	0.0751880
NODE_18885_length_5715_cov_4.601674	4638	4771	8	16	133	0.1203008
NODE_18885_length_5715_cov_4.601674	4638	4771	9	8	133	0.0601504
NODE_18885_length_5715_cov_4.601674	4638	4771	10	30	133	0.2255639
NODE_18885_length_5715_cov_4.601674	4638	4771	11	9	133	0.0676692
NODE_18885_length_5715_cov_4.601674	4638	4771	12	59	133	0.4436090
NODE_18891_length_5714_cov_4.612645	1899	2032	6	11	133	0.0827068
NODE_18891_length_5714_cov_4.612645	1899	2032	7	3	133	0.0225564
NODE_18891_length_5714_cov_4.612645	1899	2032	8	5	133	0.0375940
NODE_18891_length_5714_cov_4.612645	1899	2032	9	45	133	0.3383459
NODE_18891_length_5714_cov_4.612645	1899	2032	10	11	133	0.0827068
NODE_18891_length_5714_cov_4.612645	1899	2032	11	14	133	0.1052632
NODE_18891_length_5714_cov_4.612645	1899	2032	12	44	133	0.3308271
NODE_188_length_22136_cov_4.441621	6620	6753	4	6	133	0.0451128
NODE_188_length_22136_cov_4.441621	6620	6753	5	3	133	0.0225564
NODE_188_length_22136_cov_4.441621	6620	6753	6	7	133	0.0526316
NODE_188_length_22136_cov_4.441621	6620	6753	7	7	133	0.0526316
NODE_188_length_22136_cov_4.441621	6620	6753	8	24	133	0.1804511
NODE_188_length_22136_cov_4.441621	6620	6753	11	1	133	0.0075188
NODE_188_length_22136_cov_4.441621	6620	6753	12	5	133	0.0375940
NODE_188_length_22136_cov_4.441621	6620	6753	13	8	133	0.0601504
NODE_188_length_22136_cov_4.441621	6620	6753	14	8	133	0.0601504
NODE_188_length_22136_cov_4.441621	6620	6753	16	17	133	0.1278196
NODE_188_length_22136_cov_4.441621	6620	6753	17	29	133	0.2180451
NODE_188_length_22136_cov_4.441621	6620	6753	18	8	133	0.0601504
NODE_188_length_22136_cov_4.441621	6620	6753	19	10	133	0.0751880
NODE_189005_length_1316_cov_4.263763	91	224	1	60	133	0.4511278
NODE_189005_length_1316_cov_4.263763	91	224	2	16	133	0.1203008
NODE_189005_length_1316_cov_4.263763	91	224	3	57	133	0.4285714
NODE_189027_length_1316_cov_3.768283	376	509	53	9	133	0.0676692
NODE_189027_length_1316_cov_3.768283	376	509	54	5	133	0.0375940
NODE_189027_length_1316_cov_3.768283	376	509	55	5	133	0.0375940
NODE_189027_length_1316_cov_3.768283	376	509	56	4	133	0.0300752
NODE_189027_length_1316_cov_3.768283	376	509	57	6	133	0.0451128
NODE_189027_length_1316_cov_3.768283	376	509	58	2	133	0.0150376
NODE_189027_length_1316_cov_3.768283	376	509	60	2	133	0.0150376
NODE_189027_length_1316_cov_3.768283	376	509	61	4	133	0.0300752
NODE_189027_length_1316_cov_3.768283	376	509	63	3	133	0.0225564
NODE_189027_length_1316_cov_3.768283	376	509	64	4	133	0.0300752
NODE_189027_length_1316_cov_3.768283	376	509	65	14	133	0.1052632
NODE_189027_length_1316_cov_3.768283	376	509	66	11	133	0.0827068
NODE_189027_length_1316_cov_3.768283	376	509	67	8	133	0.0601504
NODE_189027_length_1316_cov_3.768283	376	509	68	5	133	0.0375940
NODE_189027_length_1316_cov_3.768283	376	509	69	5	133	0.0375940
NODE_189027_length_1316_cov_3.768283	376	509	70	1	133	0.0075188
NODE_189027_length_1316_cov_3.768283	376	509	71	10	133	0.0751880
NODE_189027_length_1316_cov_3.768283	376	509	72	6	133	0.0451128
NODE_189027_length_1316_cov_3.768283	376	509	73	10	133	0.0751880
NODE_189027_length_1316_cov_3.768283	376	509	74	12	133	0.0902256
NODE_189027_length_1316_cov_3.768283	376	509	75	6	133	0.0451128
NODE_189027_length_1316_cov_3.768283	376	509	76	1	133	0.0075188
NODE_189062_length_1316_cov_3.056697	804	937	10	14	133	0.1052632
NODE_189062_length_1316_cov_3.056697	804	937	11	49	133	0.3684210
NODE_189062_length_1316_cov_3.056697	804	937	12	14	133	0.1052632
NODE_189062_length_1316_cov_3.056697	804	937	13	25	133	0.1879699
NODE_189062_length_1316_cov_3.056697	804	937	14	8	133	0.0601504
NODE_189062_length_1316_cov_3.056697	804	937	15	15	133	0.1127820
NODE_189062_length_1316_cov_3.056697	804	937	16	7	133	0.0526316
NODE_189062_length_1316_cov_3.056697	804	937	17	1	133	0.0075188
NODE_18908_length_5712_cov_5.598789	2649	2782	25	8	133	0.0601504
NODE_18908_length_5712_cov_5.598789	2649	2782	27	7	133	0.0526316
NODE_18908_length_5712_cov_5.598789	2649	2782	29	1	133	0.0075188
NODE_18908_length_5712_cov_5.598789	2649	2782	32	4	133	0.0300752
NODE_18908_length_5712_cov_5.598789	2649	2782	34	2	133	0.0150376
NODE_18908_length_5712_cov_5.598789	2649	2782	35	2	133	0.0150376
NODE_18908_length_5712_cov_5.598789	2649	2782	37	2	133	0.0150376
NODE_18908_length_5712_cov_5.598789	2649	2782	38	2	133	0.0150376
NODE_18908_length_5712_cov_5.598789	2649	2782	39	5	133	0.0375940
NODE_18908_length_5712_cov_5.598789	2649	2782	41	1	133	0.0075188
NODE_18908_length_5712_cov_5.598789	2649	2782	42	3	133	0.0225564
NODE_18908_length_5712_cov_5.598789	2649	2782	43	4	133	0.0300752
NODE_18908_length_5712_cov_5.598789	2649	2782	44	1	133	0.0075188
NODE_18908_length_5712_cov_5.598789	2649	2782	45	5	133	0.0375940
NODE_18908_length_5712_cov_5.598789	2649	2782	47	4	133	0.0300752
NODE_18908_length_5712_cov_5.598789	2649	2782	49	3	133	0.0225564
NODE_18908_length_5712_cov_5.598789	2649	2782	50	3	133	0.0225564
NODE_18908_length_5712_cov_5.598789	2649	2782	52	1	133	0.0075188
NODE_18908_length_5712_cov_5.598789	2649	2782	53	3	133	0.0225564
NODE_18908_length_5712_cov_5.598789	2649	2782	54	1	133	0.0075188
NODE_18908_length_5712_cov_5.598789	2649	2782	55	2	133	0.0150376
NODE_18908_length_5712_cov_5.598789	2649	2782	58	7	133	0.0526316
NODE_18908_length_5712_cov_5.598789	2649	2782	60	8	133	0.0601504
NODE_18908_length_5712_cov_5.598789	2649	2782	61	7	133	0.0526316
NODE_18908_length_5712_cov_5.598789	2649	2782	62	1	133	0.0075188
NODE_18908_length_5712_cov_5.598789	2649	2782	63	5	133	0.0375940
NODE_18908_length_5712_cov_5.598789	2649	2782	64	10	133	0.0751880
NODE_18908_length_5712_cov_5.598789	2649	2782	65	13	133	0.0977444
NODE_18908_length_5712_cov_5.598789	2649	2782	66	7	133	0.0526316
NODE_18908_length_5712_cov_5.598789	2649	2782	67	5	133	0.0375940
NODE_18908_length_5712_cov_5.598789	2649	2782	68	6	133	0.0451128
NODE_189186_length_1315_cov_3.729441	1033	1166	7	1	133	0.0075188
NODE_189186_length_1315_cov_3.729441	1033	1166	8	9	133	0.0676692
NODE_189186_length_1315_cov_3.729441	1033	1166	10	6	133	0.0451128
NODE_189186_length_1315_cov_3.729441	1033	1166	11	5	133	0.0375940
NODE_189186_length_1315_cov_3.729441	1033	1166	13	4	133	0.0300752
NODE_189186_length_1315_cov_3.729441	1033	1166	14	6	133	0.0451128
NODE_189186_length_1315_cov_3.729441	1033	1166	17	1	133	0.0075188
NODE_189186_length_1315_cov_3.729441	1033	1166	18	2	133	0.0150376
NODE_189186_length_1315_cov_3.729441	1033	1166	19	8	133	0.0601504
NODE_189186_length_1315_cov_3.729441	1033	1166	20	10	133	0.0751880
NODE_189186_length_1315_cov_3.729441	1033	1166	21	1	133	0.0075188
NODE_189186_length_1315_cov_3.729441	1033	1166	22	4	133	0.0300752
NODE_189186_length_1315_cov_3.729441	1033	1166	23	2	133	0.0150376
NODE_189186_length_1315_cov_3.729441	1033	1166	24	20	133	0.1503759
NODE_189186_length_1315_cov_3.729441	1033	1166	26	27	133	0.2030075
NODE_189186_length_1315_cov_3.729441	1033	1166	27	10	133	0.0751880
NODE_189186_length_1315_cov_3.729441	1033	1166	28	5	133	0.0375940
NODE_189186_length_1315_cov_3.729441	1033	1166	29	7	133	0.0526316
NODE_189186_length_1315_cov_3.729441	1033	1166	30	5	133	0.0375940
NODE_189208_length_1315_cov_3.248355	528	661	15	4	133	0.0300752
NODE_189208_length_1315_cov_3.248355	528	661	16	3	133	0.0225564
NODE_189208_length_1315_cov_3.248355	528	661	18	6	133	0.0451128
NODE_189208_length_1315_cov_3.248355	528	661	19	2	133	0.0150376
NODE_189208_length_1315_cov_3.248355	528	661	20	6	133	0.0451128
NODE_189208_length_1315_cov_3.248355	528	661	22	5	133	0.0375940
NODE_189208_length_1315_cov_3.248355	528	661	23	10	133	0.0751880
NODE_189208_length_1315_cov_3.248355	528	661	24	3	133	0.0225564
NODE_189208_length_1315_cov_3.248355	528	661	25	3	133	0.0225564
NODE_189208_length_1315_cov_3.248355	528	661	28	2	133	0.0150376
NODE_189208_length_1315_cov_3.248355	528	661	29	8	133	0.0601504
NODE_189208_length_1315_cov_3.248355	528	661	30	1	133	0.0075188
NODE_189208_length_1315_cov_3.248355	528	661	31	14	133	0.1052632
NODE_189208_length_1315_cov_3.248355	528	661	32	4	133	0.0300752
NODE_189208_length_1315_cov_3.248355	528	661	33	11	133	0.0827068
NODE_189208_length_1315_cov_3.248355	528	661	34	2	133	0.0150376
NODE_189208_length_1315_cov_3.248355	528	661	35	11	133	0.0827068
NODE_189208_length_1315_cov_3.248355	528	661	36	12	133	0.0902256
NODE_189208_length_1315_cov_3.248355	528	661	37	9	133	0.0676692
NODE_189208_length_1315_cov_3.248355	528	661	39	8	133	0.0601504
NODE_189208_length_1315_cov_3.248355	528	661	40	8	133	0.0601504
NODE_189208_length_1315_cov_3.248355	528	661	41	1	133	0.0075188
NODE_18927_length_5711_cov_3.321810	4090	4223	2	6	133	0.0451128
NODE_18927_length_5711_cov_3.321810	4090	4223	3	42	133	0.3157895
NODE_18927_length_5711_cov_3.321810	4090	4223	4	81	133	0.6090226
NODE_18927_length_5711_cov_3.321810	4090	4223	5	4	133	0.0300752
NODE_189304_length_1314_cov_4.530041	332	465	22	1	133	0.0075188
NODE_189304_length_1314_cov_4.530041	332	465	23	6	133	0.0451128
NODE_189304_length_1314_cov_4.530041	332	465	24	10	133	0.0751880
NODE_189304_length_1314_cov_4.530041	332	465	25	6	133	0.0451128
NODE_189304_length_1314_cov_4.530041	332	465	27	1	133	0.0075188
NODE_189304_length_1314_cov_4.530041	332	465	28	1	133	0.0075188
NODE_189304_length_1314_cov_4.530041	332	465	29	11	133	0.0827068
NODE_189304_length_1314_cov_4.530041	332	465	30	3	133	0.0225564
NODE_189304_length_1314_cov_4.530041	332	465	31	5	133	0.0375940
NODE_189304_length_1314_cov_4.530041	332	465	32	2	133	0.0150376
NODE_189304_length_1314_cov_4.530041	332	465	33	5	133	0.0375940
NODE_189304_length_1314_cov_4.530041	332	465	34	9	133	0.0676692
NODE_189304_length_1314_cov_4.530041	332	465	35	7	133	0.0526316
NODE_189304_length_1314_cov_4.530041	332	465	36	33	133	0.2481203
NODE_189304_length_1314_cov_4.530041	332	465	37	5	133	0.0375940
NODE_189304_length_1314_cov_4.530041	332	465	38	20	133	0.1503759
NODE_189304_length_1314_cov_4.530041	332	465	39	6	133	0.0451128
NODE_189304_length_1314_cov_4.530041	332	465	40	2	133	0.0150376
NODE_18934_length_5710_cov_3.498485	1155	1288	4	19	133	0.1428571
NODE_18934_length_5710_cov_3.498485	1155	1288	5	32	133	0.2406015
NODE_18934_length_5710_cov_3.498485	1155	1288	6	10	133	0.0751880
NODE_18934_length_5710_cov_3.498485	1155	1288	7	67	133	0.5037594
NODE_18934_length_5710_cov_3.498485	1155	1288	8	1	133	0.0075188
NODE_18934_length_5710_cov_3.498485	1155	1288	9	4	133	0.0300752
NODE_18943_length_5709_cov_3.645633	4353	4486	3	8	133	0.0601504
NODE_18943_length_5709_cov_3.645633	4353	4486	5	19	133	0.1428571
NODE_18943_length_5709_cov_3.645633	4353	4486	6	20	133	0.1503759
NODE_18943_length_5709_cov_3.645633	4353	4486	7	86	133	0.6466165
NODE_189674_length_1312_cov_3.319044	564	697	9	15	133	0.1127820
NODE_189674_length_1312_cov_3.319044	564	697	10	5	133	0.0375940
NODE_189674_length_1312_cov_3.319044	564	697	11	38	133	0.2857143
NODE_189674_length_1312_cov_3.319044	564	697	12	67	133	0.5037594
NODE_189674_length_1312_cov_3.319044	564	697	13	6	133	0.0451128
NODE_189674_length_1312_cov_3.319044	564	697	14	2	133	0.0150376
NODE_189705_length_1312_cov_2.503710	617	750	8	14	133	0.1052632
NODE_189705_length_1312_cov_2.503710	617	750	9	2	133	0.0150376
NODE_189705_length_1312_cov_2.503710	617	750	11	29	133	0.2180451
NODE_189705_length_1312_cov_2.503710	617	750	12	8	133	0.0601504
NODE_189705_length_1312_cov_2.503710	617	750	14	32	133	0.2406015
NODE_189705_length_1312_cov_2.503710	617	750	15	35	133	0.2631579
NODE_189705_length_1312_cov_2.503710	617	750	16	13	133	0.0977444
NODE_189756_length_1311_cov_4.457921	576	709	9	7	133	0.0526316
NODE_189756_length_1311_cov_4.457921	576	709	10	4	133	0.0300752
NODE_189756_length_1311_cov_4.457921	576	709	11	20	133	0.1503759
NODE_189756_length_1311_cov_4.457921	576	709	12	5	133	0.0375940
NODE_189756_length_1311_cov_4.457921	576	709	13	3	133	0.0225564
NODE_189756_length_1311_cov_4.457921	576	709	14	23	133	0.1729323
NODE_189756_length_1311_cov_4.457921	576	709	15	18	133	0.1353384
NODE_189756_length_1311_cov_4.457921	576	709	16	12	133	0.0902256
NODE_189756_length_1311_cov_4.457921	576	709	17	7	133	0.0526316
NODE_189756_length_1311_cov_4.457921	576	709	18	10	133	0.0751880
NODE_189756_length_1311_cov_4.457921	576	709	19	6	133	0.0451128
NODE_189756_length_1311_cov_4.457921	576	709	20	18	133	0.1353384
NODE_1897_length_12569_cov_3.581877	7268	7401	5	24	133	0.1804511
NODE_1897_length_12569_cov_3.581877	7268	7401	6	7	133	0.0526316
NODE_1897_length_12569_cov_3.581877	7268	7401	7	7	133	0.0526316
NODE_1897_length_12569_cov_3.581877	7268	7401	9	1	133	0.0075188
NODE_1897_length_12569_cov_3.581877	7268	7401	10	13	133	0.0977444
NODE_1897_length_12569_cov_3.581877	7268	7401	12	3	133	0.0225564
NODE_1897_length_12569_cov_3.581877	7268	7401	14	1	133	0.0075188
NODE_1897_length_12569_cov_3.581877	7268	7401	15	14	133	0.1052632
NODE_1897_length_12569_cov_3.581877	7268	7401	17	53	133	0.3984962
NODE_1897_length_12569_cov_3.581877	7268	7401	18	7	133	0.0526316
NODE_1897_length_12569_cov_3.581877	7268	7401	19	3	133	0.0225564
NODE_190086_length_1309_cov_4.047107	104	237	9	7	133	0.0526316
NODE_190086_length_1309_cov_4.047107	104	237	10	14	133	0.1052632
NODE_190086_length_1309_cov_4.047107	104	237	11	7	133	0.0526316
NODE_190086_length_1309_cov_4.047107	104	237	12	16	133	0.1203008
NODE_190086_length_1309_cov_4.047107	104	237	13	10	133	0.0751880
NODE_190086_length_1309_cov_4.047107	104	237	14	33	133	0.2481203
NODE_190086_length_1309_cov_4.047107	104	237	15	46	133	0.3458647
NODE_19008_length_5700_cov_5.694519	753	886	7	3	133	0.0225564
NODE_19008_length_5700_cov_5.694519	753	886	8	6	133	0.0451128
NODE_19008_length_5700_cov_5.694519	753	886	11	13	133	0.0977444
NODE_19008_length_5700_cov_5.694519	753	886	12	14	133	0.1052632
NODE_19008_length_5700_cov_5.694519	753	886	13	26	133	0.1954887
NODE_19008_length_5700_cov_5.694519	753	886	14	3	133	0.0225564
NODE_19008_length_5700_cov_5.694519	753	886	15	10	133	0.0751880
NODE_19008_length_5700_cov_5.694519	753	886	16	9	133	0.0676692
NODE_19008_length_5700_cov_5.694519	753	886	17	34	133	0.2556391
NODE_19008_length_5700_cov_5.694519	753	886	18	15	133	0.1127820
NODE_190180_length_1308_cov_5.008271	553	686	6	21	133	0.1578947
NODE_190180_length_1308_cov_5.008271	553	686	7	1	133	0.0075188
NODE_190180_length_1308_cov_5.008271	553	686	9	8	133	0.0601504
NODE_190180_length_1308_cov_5.008271	553	686	10	29	133	0.2180451
NODE_190180_length_1308_cov_5.008271	553	686	11	27	133	0.2030075
NODE_190180_length_1308_cov_5.008271	553	686	12	47	133	0.3533835
NODE_190187_length_1308_cov_4.765095	144	277	7	32	133	0.2406015
NODE_190187_length_1308_cov_4.765095	144	277	8	66	133	0.4962406
NODE_190187_length_1308_cov_4.765095	144	277	9	35	133	0.2631579
NODE_190209_length_1308_cov_4.299421	1003	1136	10	3	133	0.0225564
NODE_190209_length_1308_cov_4.299421	1003	1136	11	11	133	0.0827068
NODE_190209_length_1308_cov_4.299421	1003	1136	12	5	133	0.0375940
NODE_190209_length_1308_cov_4.299421	1003	1136	13	12	133	0.0902256
NODE_190209_length_1308_cov_4.299421	1003	1136	14	17	133	0.1278196
NODE_190209_length_1308_cov_4.299421	1003	1136	15	19	133	0.1428571
NODE_190209_length_1308_cov_4.299421	1003	1136	16	24	133	0.1804511
NODE_190209_length_1308_cov_4.299421	1003	1136	17	13	133	0.0977444
NODE_190209_length_1308_cov_4.299421	1003	1136	18	21	133	0.1578947
NODE_190209_length_1308_cov_4.299421	1003	1136	19	8	133	0.0601504
NODE_1903_length_12562_cov_9.592634	8919	9052	3	16	133	0.1203008
NODE_1903_length_12562_cov_9.592634	8919	9052	4	117	133	0.8796992
NODE_190496_length_1306_cov_5.187241	433	566	17	4	133	0.0300752
NODE_190496_length_1306_cov_5.187241	433	566	18	6	133	0.0451128
NODE_190496_length_1306_cov_5.187241	433	566	19	16	133	0.1203008
NODE_190496_length_1306_cov_5.187241	433	566	20	4	133	0.0300752
NODE_190496_length_1306_cov_5.187241	433	566	21	42	133	0.3157895
NODE_190496_length_1306_cov_5.187241	433	566	22	17	133	0.1278196
NODE_190496_length_1306_cov_5.187241	433	566	23	20	133	0.1503759
NODE_190496_length_1306_cov_5.187241	433	566	24	9	133	0.0676692
NODE_190496_length_1306_cov_5.187241	433	566	25	5	133	0.0375940
NODE_190496_length_1306_cov_5.187241	433	566	26	1	133	0.0075188
NODE_190496_length_1306_cov_5.187241	433	566	27	8	133	0.0601504
NODE_190496_length_1306_cov_5.187241	433	566	28	1	133	0.0075188
NODE_190520_length_1306_cov_4.265120	524	657	2	19	133	0.1428571
NODE_190520_length_1306_cov_4.265120	524	657	3	29	133	0.2180451
NODE_190520_length_1306_cov_4.265120	524	657	4	14	133	0.1052632
NODE_190520_length_1306_cov_4.265120	524	657	5	71	133	0.5338346
NODE_19059_length_5693_cov_4.478548	4730	4863	8	10	133	0.0751880
NODE_19059_length_5693_cov_4.478548	4730	4863	10	6	133	0.0451128
NODE_19059_length_5693_cov_4.478548	4730	4863	11	12	133	0.0902256
NODE_19059_length_5693_cov_4.478548	4730	4863	12	6	133	0.0451128
NODE_19059_length_5693_cov_4.478548	4730	4863	13	2	133	0.0150376
NODE_19059_length_5693_cov_4.478548	4730	4863	15	24	133	0.1804511
NODE_19059_length_5693_cov_4.478548	4730	4863	17	7	133	0.0526316
NODE_19059_length_5693_cov_4.478548	4730	4863	18	23	133	0.1729323
NODE_19059_length_5693_cov_4.478548	4730	4863	19	43	133	0.3233083
NODE_190602_length_1306_cov_2.510356	791	924	3	4	133	0.0300752
NODE_190602_length_1306_cov_2.510356	791	924	4	5	133	0.0375940
NODE_190602_length_1306_cov_2.510356	791	924	5	8	133	0.0601504
NODE_190602_length_1306_cov_2.510356	791	924	6	41	133	0.3082707
NODE_190602_length_1306_cov_2.510356	791	924	7	13	133	0.0977444
NODE_190602_length_1306_cov_2.510356	791	924	8	19	133	0.1428571
NODE_190602_length_1306_cov_2.510356	791	924	9	7	133	0.0526316
NODE_190602_length_1306_cov_2.510356	791	924	10	12	133	0.0902256
NODE_190602_length_1306_cov_2.510356	791	924	11	24	133	0.1804511
NODE_19067_length_5692_cov_6.748793	2769	2902	13	5	133	0.0375940
NODE_19067_length_5692_cov_6.748793	2769	2902	14	3	133	0.0225564
NODE_19067_length_5692_cov_6.748793	2769	2902	16	4	133	0.0300752
NODE_19067_length_5692_cov_6.748793	2769	2902	17	11	133	0.0827068
NODE_19067_length_5692_cov_6.748793	2769	2902	18	6	133	0.0451128
NODE_19067_length_5692_cov_6.748793	2769	2902	19	8	133	0.0601504
NODE_19067_length_5692_cov_6.748793	2769	2902	20	5	133	0.0375940
NODE_19067_length_5692_cov_6.748793	2769	2902	21	5	133	0.0375940
NODE_19067_length_5692_cov_6.748793	2769	2902	22	4	133	0.0300752
NODE_19067_length_5692_cov_6.748793	2769	2902	23	8	133	0.0601504
NODE_19067_length_5692_cov_6.748793	2769	2902	24	9	133	0.0676692
NODE_19067_length_5692_cov_6.748793	2769	2902	25	33	133	0.2481203
NODE_19067_length_5692_cov_6.748793	2769	2902	26	7	133	0.0526316
NODE_19067_length_5692_cov_6.748793	2769	2902	27	18	133	0.1353384
NODE_19067_length_5692_cov_6.748793	2769	2902	28	6	133	0.0451128
NODE_19067_length_5692_cov_6.748793	2769	2902	29	1	133	0.0075188
NODE_190809_length_1304_cov_4.880498	646	779	5	11	133	0.0827068
NODE_190809_length_1304_cov_4.880498	646	779	6	12	133	0.0902256
NODE_190809_length_1304_cov_4.880498	646	779	7	24	133	0.1804511
NODE_190809_length_1304_cov_4.880498	646	779	8	60	133	0.4511278
NODE_190809_length_1304_cov_4.880498	646	779	9	24	133	0.1804511
NODE_190809_length_1304_cov_4.880498	646	779	10	2	133	0.0150376
NODE_190818_length_1304_cov_4.566805	478	611	0	23	133	0.1729323
NODE_190818_length_1304_cov_4.566805	478	611	1	43	133	0.3233083
NODE_190818_length_1304_cov_4.566805	478	611	2	64	133	0.4812030
NODE_190818_length_1304_cov_4.566805	478	611	3	3	133	0.0225564
NODE_190829_length_1304_cov_4.225726	849	982	10	4	133	0.0300752
NODE_190829_length_1304_cov_4.225726	849	982	11	34	133	0.2556391
NODE_190829_length_1304_cov_4.225726	849	982	12	21	133	0.1578947
NODE_190829_length_1304_cov_4.225726	849	982	13	30	133	0.2255639
NODE_190829_length_1304_cov_4.225726	849	982	14	2	133	0.0150376
NODE_190829_length_1304_cov_4.225726	849	982	15	32	133	0.2406015
NODE_190829_length_1304_cov_4.225726	849	982	16	10	133	0.0751880
NODE_190832_length_1304_cov_4.151037	261	394	15	7	133	0.0526316
NODE_190832_length_1304_cov_4.151037	261	394	16	2	133	0.0150376
NODE_190832_length_1304_cov_4.151037	261	394	17	7	133	0.0526316
NODE_190832_length_1304_cov_4.151037	261	394	18	3	133	0.0225564
NODE_190832_length_1304_cov_4.151037	261	394	19	8	133	0.0601504
NODE_190832_length_1304_cov_4.151037	261	394	20	11	133	0.0827068
NODE_190832_length_1304_cov_4.151037	261	394	21	12	133	0.0902256
NODE_190832_length_1304_cov_4.151037	261	394	23	5	133	0.0375940
NODE_190832_length_1304_cov_4.151037	261	394	24	21	133	0.1578947
NODE_190832_length_1304_cov_4.151037	261	394	25	23	133	0.1729323
NODE_190832_length_1304_cov_4.151037	261	394	26	7	133	0.0526316
NODE_190832_length_1304_cov_4.151037	261	394	27	11	133	0.0827068
NODE_190832_length_1304_cov_4.151037	261	394	28	16	133	0.1203008
NODE_19088_length_5690_cov_4.410123	1001	1134	8	1	133	0.0075188
NODE_19088_length_5690_cov_4.410123	1001	1134	9	4	133	0.0300752
NODE_19088_length_5690_cov_4.410123	1001	1134	10	13	133	0.0977444
NODE_19088_length_5690_cov_4.410123	1001	1134	11	25	133	0.1879699
NODE_19088_length_5690_cov_4.410123	1001	1134	12	2	133	0.0150376
NODE_19088_length_5690_cov_4.410123	1001	1134	15	8	133	0.0601504
NODE_19088_length_5690_cov_4.410123	1001	1134	16	14	133	0.1052632
NODE_19088_length_5690_cov_4.410123	1001	1134	17	19	133	0.1428571
NODE_19088_length_5690_cov_4.410123	1001	1134	18	11	133	0.0827068
NODE_19088_length_5690_cov_4.410123	1001	1134	19	9	133	0.0676692
NODE_19088_length_5690_cov_4.410123	1001	1134	20	12	133	0.0902256
NODE_19088_length_5690_cov_4.410123	1001	1134	21	15	133	0.1127820
NODE_190_length_22092_cov_4.397490	13693	13826	3	16	133	0.1203008
NODE_190_length_22092_cov_4.397490	13693	13826	5	27	133	0.2030075
NODE_190_length_22092_cov_4.397490	13693	13826	6	76	133	0.5714286
NODE_190_length_22092_cov_4.397490	13693	13826	7	14	133	0.1052632
NODE_19120_length_5686_cov_3.158224	2727	2860	2	14	133	0.1052632
NODE_19120_length_5686_cov_3.158224	2727	2860	3	17	133	0.1278196
NODE_19120_length_5686_cov_3.158224	2727	2860	5	5	133	0.0375940
NODE_19120_length_5686_cov_3.158224	2727	2860	6	10	133	0.0751880
NODE_19120_length_5686_cov_3.158224	2727	2860	8	8	133	0.0601504
NODE_19120_length_5686_cov_3.158224	2727	2860	9	2	133	0.0150376
NODE_19120_length_5686_cov_3.158224	2727	2860	10	6	133	0.0451128
NODE_19120_length_5686_cov_3.158224	2727	2860	11	64	133	0.4812030
NODE_19120_length_5686_cov_3.158224	2727	2860	12	7	133	0.0526316
NODE_191234_length_1302_cov_2.724023	725	858	10	4	133	0.0300752
NODE_191234_length_1302_cov_2.724023	725	858	11	8	133	0.0601504
NODE_191234_length_1302_cov_2.724023	725	858	12	13	133	0.0977444
NODE_191234_length_1302_cov_2.724023	725	858	13	10	133	0.0751880
NODE_191234_length_1302_cov_2.724023	725	858	14	3	133	0.0225564
NODE_191234_length_1302_cov_2.724023	725	858	15	63	133	0.4736842
NODE_191234_length_1302_cov_2.724023	725	858	16	16	133	0.1203008
NODE_191234_length_1302_cov_2.724023	725	858	17	16	133	0.1203008
NODE_19148_length_5682_cov_3.924055	2952	3085	11	10	133	0.0751880
NODE_19148_length_5682_cov_3.924055	2952	3085	12	32	133	0.2406015
NODE_19148_length_5682_cov_3.924055	2952	3085	13	29	133	0.2180451
NODE_19148_length_5682_cov_3.924055	2952	3085	14	16	133	0.1203008
NODE_19148_length_5682_cov_3.924055	2952	3085	15	10	133	0.0751880
NODE_19148_length_5682_cov_3.924055	2952	3085	16	10	133	0.0751880
NODE_19148_length_5682_cov_3.924055	2952	3085	17	10	133	0.0751880
NODE_19148_length_5682_cov_3.924055	2952	3085	18	15	133	0.1127820
NODE_19148_length_5682_cov_3.924055	2952	3085	19	1	133	0.0075188
NODE_191635_length_1299_cov_3.760000	1134	1267	9	7	133	0.0526316
NODE_191635_length_1299_cov_3.760000	1134	1267	10	1	133	0.0075188
NODE_191635_length_1299_cov_3.760000	1134	1267	11	2	133	0.0150376
NODE_191635_length_1299_cov_3.760000	1134	1267	13	3	133	0.0225564
NODE_191635_length_1299_cov_3.760000	1134	1267	15	12	133	0.0902256
NODE_191635_length_1299_cov_3.760000	1134	1267	16	2	133	0.0150376
NODE_191635_length_1299_cov_3.760000	1134	1267	17	6	133	0.0451128
NODE_191635_length_1299_cov_3.760000	1134	1267	18	32	133	0.2406015
NODE_191635_length_1299_cov_3.760000	1134	1267	19	5	133	0.0375940
NODE_191635_length_1299_cov_3.760000	1134	1267	20	6	133	0.0451128
NODE_191635_length_1299_cov_3.760000	1134	1267	21	4	133	0.0300752
NODE_191635_length_1299_cov_3.760000	1134	1267	22	2	133	0.0150376
NODE_191635_length_1299_cov_3.760000	1134	1267	23	21	133	0.1578947
NODE_191635_length_1299_cov_3.760000	1134	1267	24	13	133	0.0977444
NODE_191635_length_1299_cov_3.760000	1134	1267	25	17	133	0.1278196
NODE_19163_length_5680_cov_2.949830	4209	4342	17	2	133	0.0150376
NODE_19163_length_5680_cov_2.949830	4209	4342	18	14	133	0.1052632
NODE_19163_length_5680_cov_2.949830	4209	4342	19	2	133	0.0150376
NODE_19163_length_5680_cov_2.949830	4209	4342	20	4	133	0.0300752
NODE_19163_length_5680_cov_2.949830	4209	4342	21	3	133	0.0225564
NODE_19163_length_5680_cov_2.949830	4209	4342	22	1	133	0.0075188
NODE_19163_length_5680_cov_2.949830	4209	4342	23	10	133	0.0751880
NODE_19163_length_5680_cov_2.949830	4209	4342	24	23	133	0.1729323
NODE_19163_length_5680_cov_2.949830	4209	4342	25	11	133	0.0827068
NODE_19163_length_5680_cov_2.949830	4209	4342	26	11	133	0.0827068
NODE_19163_length_5680_cov_2.949830	4209	4342	27	11	133	0.0827068
NODE_19163_length_5680_cov_2.949830	4209	4342	28	22	133	0.1654135
NODE_19163_length_5680_cov_2.949830	4209	4342	29	6	133	0.0451128
NODE_19163_length_5680_cov_2.949830	4209	4342	30	8	133	0.0601504
NODE_19163_length_5680_cov_2.949830	4209	4342	31	3	133	0.0225564
NODE_19163_length_5680_cov_2.949830	4209	4342	32	2	133	0.0150376
NODE_191651_length_1299_cov_3.352500	199	332	6	1	133	0.0075188
NODE_191651_length_1299_cov_3.352500	199	332	7	1	133	0.0075188
NODE_191651_length_1299_cov_3.352500	199	332	8	2	133	0.0150376
NODE_191651_length_1299_cov_3.352500	199	332	9	7	133	0.0526316
NODE_191651_length_1299_cov_3.352500	199	332	10	10	133	0.0751880
NODE_191651_length_1299_cov_3.352500	199	332	11	16	133	0.1203008
NODE_191651_length_1299_cov_3.352500	199	332	12	40	133	0.3007519
NODE_191651_length_1299_cov_3.352500	199	332	13	4	133	0.0300752
NODE_191651_length_1299_cov_3.352500	199	332	14	52	133	0.3909774
NODE_191731_length_1298_cov_4.956631	561	694	14	1	133	0.0075188
NODE_191731_length_1298_cov_4.956631	561	694	15	2	133	0.0150376
NODE_191731_length_1298_cov_4.956631	561	694	16	1	133	0.0075188
NODE_191731_length_1298_cov_4.956631	561	694	18	6	133	0.0451128
NODE_191731_length_1298_cov_4.956631	561	694	20	6	133	0.0451128
NODE_191731_length_1298_cov_4.956631	561	694	21	16	133	0.1203008
NODE_191731_length_1298_cov_4.956631	561	694	23	5	133	0.0375940
NODE_191731_length_1298_cov_4.956631	561	694	24	4	133	0.0300752
NODE_191731_length_1298_cov_4.956631	561	694	26	6	133	0.0451128
NODE_191731_length_1298_cov_4.956631	561	694	27	17	133	0.1278196
NODE_191731_length_1298_cov_4.956631	561	694	28	7	133	0.0526316
NODE_191731_length_1298_cov_4.956631	561	694	29	14	133	0.1052632
NODE_191731_length_1298_cov_4.956631	561	694	30	19	133	0.1428571
NODE_191731_length_1298_cov_4.956631	561	694	31	21	133	0.1578947
NODE_191731_length_1298_cov_4.956631	561	694	32	8	133	0.0601504
NODE_19177_length_5677_cov_4.369846	391	524	1	24	133	0.1804511
NODE_19177_length_5677_cov_4.369846	391	524	2	9	133	0.0676692
NODE_19177_length_5677_cov_4.369846	391	524	3	7	133	0.0526316
NODE_19177_length_5677_cov_4.369846	391	524	4	93	133	0.6992481
NODE_191876_length_1297_cov_5.444908	264	397	5	9	133	0.0676692
NODE_191876_length_1297_cov_5.444908	264	397	6	8	133	0.0601504
NODE_191876_length_1297_cov_5.444908	264	397	7	8	133	0.0601504
NODE_191876_length_1297_cov_5.444908	264	397	8	9	133	0.0676692
NODE_191876_length_1297_cov_5.444908	264	397	9	17	133	0.1278196
NODE_191876_length_1297_cov_5.444908	264	397	10	67	133	0.5037594
NODE_191876_length_1297_cov_5.444908	264	397	11	15	133	0.1127820
NODE_19197_length_5675_cov_3.502331	1430	1563	22	2	133	0.0150376
NODE_19197_length_5675_cov_3.502331	1430	1563	23	8	133	0.0601504
NODE_19197_length_5675_cov_3.502331	1430	1563	25	3	133	0.0225564
NODE_19197_length_5675_cov_3.502331	1430	1563	26	5	133	0.0375940
NODE_19197_length_5675_cov_3.502331	1430	1563	27	6	133	0.0451128
NODE_19197_length_5675_cov_3.502331	1430	1563	28	1	133	0.0075188
NODE_19197_length_5675_cov_3.502331	1430	1563	29	6	133	0.0451128
NODE_19197_length_5675_cov_3.502331	1430	1563	30	4	133	0.0300752
NODE_19197_length_5675_cov_3.502331	1430	1563	31	1	133	0.0075188
NODE_19197_length_5675_cov_3.502331	1430	1563	32	1	133	0.0075188
NODE_19197_length_5675_cov_3.502331	1430	1563	33	14	133	0.1052632
NODE_19197_length_5675_cov_3.502331	1430	1563	34	11	133	0.0827068
NODE_19197_length_5675_cov_3.502331	1430	1563	35	6	133	0.0451128
NODE_19197_length_5675_cov_3.502331	1430	1563	36	9	133	0.0676692
NODE_19197_length_5675_cov_3.502331	1430	1563	37	3	133	0.0225564
NODE_19197_length_5675_cov_3.502331	1430	1563	38	4	133	0.0300752
NODE_19197_length_5675_cov_3.502331	1430	1563	39	9	133	0.0676692
NODE_19197_length_5675_cov_3.502331	1430	1563	40	3	133	0.0225564
NODE_19197_length_5675_cov_3.502331	1430	1563	41	6	133	0.0451128
NODE_19197_length_5675_cov_3.502331	1430	1563	42	3	133	0.0225564
NODE_19197_length_5675_cov_3.502331	1430	1563	43	3	133	0.0225564
NODE_19197_length_5675_cov_3.502331	1430	1563	45	1	133	0.0075188
NODE_19197_length_5675_cov_3.502331	1430	1563	46	4	133	0.0300752
NODE_19197_length_5675_cov_3.502331	1430	1563	48	2	133	0.0150376
NODE_19197_length_5675_cov_3.502331	1430	1563	51	5	133	0.0375940
NODE_19197_length_5675_cov_3.502331	1430	1563	52	2	133	0.0150376
NODE_19197_length_5675_cov_3.502331	1430	1563	53	3	133	0.0225564
NODE_19197_length_5675_cov_3.502331	1430	1563	54	4	133	0.0300752
NODE_19197_length_5675_cov_3.502331	1430	1563	55	3	133	0.0225564
NODE_19197_length_5675_cov_3.502331	1430	1563	56	1	133	0.0075188
NODE_19204_length_5674_cov_4.290942	253	386	7	42	133	0.3157895
NODE_19204_length_5674_cov_4.290942	253	386	9	17	133	0.1278196
NODE_19204_length_5674_cov_4.290942	253	386	11	9	133	0.0676692
NODE_19204_length_5674_cov_4.290942	253	386	12	10	133	0.0751880
NODE_19204_length_5674_cov_4.290942	253	386	13	21	133	0.1578947
NODE_19204_length_5674_cov_4.290942	253	386	14	12	133	0.0902256
NODE_19204_length_5674_cov_4.290942	253	386	15	1	133	0.0075188
NODE_19204_length_5674_cov_4.290942	253	386	16	21	133	0.1578947
NODE_192107_length_1296_cov_3.177109	686	819	24	7	133	0.0526316
NODE_192107_length_1296_cov_3.177109	686	819	25	1	133	0.0075188
NODE_192107_length_1296_cov_3.177109	686	819	26	3	133	0.0225564
NODE_192107_length_1296_cov_3.177109	686	819	29	6	133	0.0451128
NODE_192107_length_1296_cov_3.177109	686	819	31	2	133	0.0150376
NODE_192107_length_1296_cov_3.177109	686	819	33	1	133	0.0075188
NODE_192107_length_1296_cov_3.177109	686	819	36	4	133	0.0300752
NODE_192107_length_1296_cov_3.177109	686	819	37	2	133	0.0150376
NODE_192107_length_1296_cov_3.177109	686	819	38	3	133	0.0225564
NODE_192107_length_1296_cov_3.177109	686	819	40	2	133	0.0150376
NODE_192107_length_1296_cov_3.177109	686	819	41	5	133	0.0375940
NODE_192107_length_1296_cov_3.177109	686	819	42	5	133	0.0375940
NODE_192107_length_1296_cov_3.177109	686	819	44	2	133	0.0150376
NODE_192107_length_1296_cov_3.177109	686	819	45	1	133	0.0075188
NODE_192107_length_1296_cov_3.177109	686	819	46	1	133	0.0075188
NODE_192107_length_1296_cov_3.177109	686	819	47	2	133	0.0150376
NODE_192107_length_1296_cov_3.177109	686	819	49	4	133	0.0300752
NODE_192107_length_1296_cov_3.177109	686	819	50	1	133	0.0075188
NODE_192107_length_1296_cov_3.177109	686	819	51	1	133	0.0075188
NODE_192107_length_1296_cov_3.177109	686	819	52	3	133	0.0225564
NODE_192107_length_1296_cov_3.177109	686	819	53	6	133	0.0451128
NODE_192107_length_1296_cov_3.177109	686	819	54	5	133	0.0375940
NODE_192107_length_1296_cov_3.177109	686	819	55	11	133	0.0827068
NODE_192107_length_1296_cov_3.177109	686	819	56	7	133	0.0526316
NODE_192107_length_1296_cov_3.177109	686	819	57	8	133	0.0601504
NODE_192107_length_1296_cov_3.177109	686	819	58	12	133	0.0902256
NODE_192107_length_1296_cov_3.177109	686	819	59	7	133	0.0526316
NODE_192107_length_1296_cov_3.177109	686	819	60	11	133	0.0827068
NODE_192107_length_1296_cov_3.177109	686	819	61	9	133	0.0676692
NODE_192107_length_1296_cov_3.177109	686	819	62	1	133	0.0075188
NODE_192108_length_1296_cov_3.177109	1029	1162	2	57	133	0.4285714
NODE_192108_length_1296_cov_3.177109	1029	1162	4	25	133	0.1879699
NODE_192108_length_1296_cov_3.177109	1029	1162	5	9	133	0.0676692
NODE_192108_length_1296_cov_3.177109	1029	1162	7	17	133	0.1278196
NODE_192108_length_1296_cov_3.177109	1029	1162	8	7	133	0.0526316
NODE_192108_length_1296_cov_3.177109	1029	1162	9	18	133	0.1353384
NODE_192118_length_1296_cov_3.063492	691	824	8	1	133	0.0075188
NODE_192118_length_1296_cov_3.063492	691	824	9	2	133	0.0150376
NODE_192118_length_1296_cov_3.063492	691	824	10	6	133	0.0451128
NODE_192118_length_1296_cov_3.063492	691	824	11	11	133	0.0827068
NODE_192118_length_1296_cov_3.063492	691	824	12	14	133	0.1052632
NODE_192118_length_1296_cov_3.063492	691	824	13	9	133	0.0676692
NODE_192118_length_1296_cov_3.063492	691	824	15	5	133	0.0375940
NODE_192118_length_1296_cov_3.063492	691	824	16	9	133	0.0676692
NODE_192118_length_1296_cov_3.063492	691	824	20	8	133	0.0601504
NODE_192118_length_1296_cov_3.063492	691	824	21	17	133	0.1278196
NODE_192118_length_1296_cov_3.063492	691	824	22	7	133	0.0526316
NODE_192118_length_1296_cov_3.063492	691	824	23	10	133	0.0751880
NODE_192118_length_1296_cov_3.063492	691	824	27	1	133	0.0075188
NODE_192118_length_1296_cov_3.063492	691	824	29	4	133	0.0300752
NODE_192118_length_1296_cov_3.063492	691	824	30	4	133	0.0300752
NODE_192118_length_1296_cov_3.063492	691	824	31	8	133	0.0601504
NODE_192118_length_1296_cov_3.063492	691	824	32	3	133	0.0225564
NODE_192118_length_1296_cov_3.063492	691	824	33	2	133	0.0150376
NODE_192118_length_1296_cov_3.063492	691	824	36	4	133	0.0300752
NODE_192118_length_1296_cov_3.063492	691	824	37	1	133	0.0075188
NODE_192118_length_1296_cov_3.063492	691	824	38	7	133	0.0526316
NODE_192156_length_1296_cov_2.035088	402	535	6	11	133	0.0827068
NODE_192156_length_1296_cov_2.035088	402	535	8	14	133	0.1052632
NODE_192156_length_1296_cov_2.035088	402	535	9	14	133	0.1052632
NODE_192156_length_1296_cov_2.035088	402	535	10	7	133	0.0526316
NODE_192156_length_1296_cov_2.035088	402	535	12	20	133	0.1503759
NODE_192156_length_1296_cov_2.035088	402	535	13	67	133	0.5037594
NODE_192202_length_1295_cov_4.152174	1109	1242	10	1	133	0.0075188
NODE_192202_length_1295_cov_4.152174	1109	1242	11	5	133	0.0375940
NODE_192202_length_1295_cov_4.152174	1109	1242	12	2	133	0.0150376
NODE_192202_length_1295_cov_4.152174	1109	1242	13	4	133	0.0300752
NODE_192202_length_1295_cov_4.152174	1109	1242	14	3	133	0.0225564
NODE_192202_length_1295_cov_4.152174	1109	1242	18	2	133	0.0150376
NODE_192202_length_1295_cov_4.152174	1109	1242	19	8	133	0.0601504
NODE_192202_length_1295_cov_4.152174	1109	1242	21	1	133	0.0075188
NODE_192202_length_1295_cov_4.152174	1109	1242	22	28	133	0.2105263
NODE_192202_length_1295_cov_4.152174	1109	1242	23	11	133	0.0827068
NODE_192202_length_1295_cov_4.152174	1109	1242	24	1	133	0.0075188
NODE_192202_length_1295_cov_4.152174	1109	1242	26	7	133	0.0526316
NODE_192202_length_1295_cov_4.152174	1109	1242	27	1	133	0.0075188
NODE_192202_length_1295_cov_4.152174	1109	1242	28	52	133	0.3909774
NODE_192202_length_1295_cov_4.152174	1109	1242	30	7	133	0.0526316
NODE_192227_length_1295_cov_3.715719	654	787	31	9	133	0.0676692
NODE_192227_length_1295_cov_3.715719	654	787	32	7	133	0.0526316
NODE_192227_length_1295_cov_3.715719	654	787	33	2	133	0.0150376
NODE_192227_length_1295_cov_3.715719	654	787	34	1	133	0.0075188
NODE_192227_length_1295_cov_3.715719	654	787	36	16	133	0.1203008
NODE_192227_length_1295_cov_3.715719	654	787	37	16	133	0.1203008
NODE_192227_length_1295_cov_3.715719	654	787	38	2	133	0.0150376
NODE_192227_length_1295_cov_3.715719	654	787	39	4	133	0.0300752
NODE_192227_length_1295_cov_3.715719	654	787	40	1	133	0.0075188
NODE_192227_length_1295_cov_3.715719	654	787	41	2	133	0.0150376
NODE_192227_length_1295_cov_3.715719	654	787	42	7	133	0.0526316
NODE_192227_length_1295_cov_3.715719	654	787	43	7	133	0.0526316
NODE_192227_length_1295_cov_3.715719	654	787	44	6	133	0.0451128
NODE_192227_length_1295_cov_3.715719	654	787	45	2	133	0.0150376
NODE_192227_length_1295_cov_3.715719	654	787	46	6	133	0.0451128
NODE_192227_length_1295_cov_3.715719	654	787	47	4	133	0.0300752
NODE_192227_length_1295_cov_3.715719	654	787	48	17	133	0.1278196
NODE_192227_length_1295_cov_3.715719	654	787	49	16	133	0.1203008
NODE_192227_length_1295_cov_3.715719	654	787	50	7	133	0.0526316
NODE_192227_length_1295_cov_3.715719	654	787	51	1	133	0.0075188
NODE_19224_length_5670_cov_4.332256	3354	3487	0	1	133	0.0075188
NODE_19224_length_5670_cov_4.332256	3354	3487	1	8	133	0.0601504
NODE_19224_length_5670_cov_4.332256	3354	3487	4	8	133	0.0601504
NODE_19224_length_5670_cov_4.332256	3354	3487	5	34	133	0.2556391
NODE_19224_length_5670_cov_4.332256	3354	3487	6	30	133	0.2255639
NODE_19224_length_5670_cov_4.332256	3354	3487	7	50	133	0.3759398
NODE_19224_length_5670_cov_4.332256	3354	3487	15	2	133	0.0150376
NODE_19230_length_5669_cov_4.963734	3325	3458	24	2	133	0.0150376
NODE_19230_length_5669_cov_4.963734	3325	3458	25	3	133	0.0225564
NODE_19230_length_5669_cov_4.963734	3325	3458	26	1	133	0.0075188
NODE_19230_length_5669_cov_4.963734	3325	3458	27	6	133	0.0451128
NODE_19230_length_5669_cov_4.963734	3325	3458	29	1	133	0.0075188
NODE_19230_length_5669_cov_4.963734	3325	3458	32	2	133	0.0150376
NODE_19230_length_5669_cov_4.963734	3325	3458	33	1	133	0.0075188
NODE_19230_length_5669_cov_4.963734	3325	3458	34	1	133	0.0075188
NODE_19230_length_5669_cov_4.963734	3325	3458	36	2	133	0.0150376
NODE_19230_length_5669_cov_4.963734	3325	3458	37	1	133	0.0075188
NODE_19230_length_5669_cov_4.963734	3325	3458	38	1	133	0.0075188
NODE_19230_length_5669_cov_4.963734	3325	3458	39	1	133	0.0075188
NODE_19230_length_5669_cov_4.963734	3325	3458	41	4	133	0.0300752
NODE_19230_length_5669_cov_4.963734	3325	3458	42	7	133	0.0526316
NODE_19230_length_5669_cov_4.963734	3325	3458	43	1	133	0.0075188
NODE_19230_length_5669_cov_4.963734	3325	3458	44	3	133	0.0225564
NODE_19230_length_5669_cov_4.963734	3325	3458	46	7	133	0.0526316
NODE_19230_length_5669_cov_4.963734	3325	3458	47	8	133	0.0601504
NODE_19230_length_5669_cov_4.963734	3325	3458	48	5	133	0.0375940
NODE_19230_length_5669_cov_4.963734	3325	3458	49	1	133	0.0075188
NODE_19230_length_5669_cov_4.963734	3325	3458	50	3	133	0.0225564
NODE_19230_length_5669_cov_4.963734	3325	3458	51	5	133	0.0375940
NODE_19230_length_5669_cov_4.963734	3325	3458	52	23	133	0.1729323
NODE_19230_length_5669_cov_4.963734	3325	3458	53	8	133	0.0601504
NODE_19230_length_5669_cov_4.963734	3325	3458	54	1	133	0.0075188
NODE_19230_length_5669_cov_4.963734	3325	3458	55	1	133	0.0075188
NODE_19230_length_5669_cov_4.963734	3325	3458	57	1	133	0.0075188
NODE_19230_length_5669_cov_4.963734	3325	3458	59	7	133	0.0526316
NODE_19230_length_5669_cov_4.963734	3325	3458	61	6	133	0.0451128
NODE_19230_length_5669_cov_4.963734	3325	3458	62	7	133	0.0526316
NODE_19230_length_5669_cov_4.963734	3325	3458	63	11	133	0.0827068
NODE_19230_length_5669_cov_4.963734	3325	3458	64	2	133	0.0150376
NODE_192346_length_1294_cov_4.394979	1021	1154	15	4	133	0.0300752
NODE_192346_length_1294_cov_4.394979	1021	1154	16	30	133	0.2255639
NODE_192346_length_1294_cov_4.394979	1021	1154	17	13	133	0.0977444
NODE_192346_length_1294_cov_4.394979	1021	1154	18	15	133	0.1127820
NODE_192346_length_1294_cov_4.394979	1021	1154	19	25	133	0.1879699
NODE_192346_length_1294_cov_4.394979	1021	1154	20	14	133	0.1052632
NODE_192346_length_1294_cov_4.394979	1021	1154	21	2	133	0.0150376
NODE_192346_length_1294_cov_4.394979	1021	1154	22	30	133	0.2255639
NODE_192359_length_1294_cov_3.950628	322	455	7	2	133	0.0150376
NODE_192359_length_1294_cov_3.950628	322	455	8	13	133	0.0977444
NODE_192359_length_1294_cov_3.950628	322	455	9	21	133	0.1578947
NODE_192359_length_1294_cov_3.950628	322	455	10	32	133	0.2406015
NODE_192359_length_1294_cov_3.950628	322	455	11	59	133	0.4436090
NODE_192359_length_1294_cov_3.950628	322	455	12	6	133	0.0451128
NODE_192364_length_1294_cov_3.805021	45	178	0	133	133	1.0000000
NODE_19241_length_5668_cov_4.135751	3514	3647	20	5	133	0.0375940
NODE_19241_length_5668_cov_4.135751	3514	3647	21	20	133	0.1503759
NODE_19241_length_5668_cov_4.135751	3514	3647	22	26	133	0.1954887
NODE_19241_length_5668_cov_4.135751	3514	3647	23	6	133	0.0451128
NODE_19241_length_5668_cov_4.135751	3514	3647	24	12	133	0.0902256
NODE_19241_length_5668_cov_4.135751	3514	3647	25	6	133	0.0451128
NODE_19241_length_5668_cov_4.135751	3514	3647	26	3	133	0.0225564
NODE_19241_length_5668_cov_4.135751	3514	3647	27	4	133	0.0300752
NODE_19241_length_5668_cov_4.135751	3514	3647	28	6	133	0.0451128
NODE_19241_length_5668_cov_4.135751	3514	3647	29	1	133	0.0075188
NODE_19241_length_5668_cov_4.135751	3514	3647	30	4	133	0.0300752
NODE_19241_length_5668_cov_4.135751	3514	3647	31	15	133	0.1127820
NODE_19241_length_5668_cov_4.135751	3514	3647	32	16	133	0.1203008
NODE_19241_length_5668_cov_4.135751	3514	3647	33	9	133	0.0676692
NODE_192491_length_1293_cov_4.612228	615	748	20	7	133	0.0526316
NODE_192491_length_1293_cov_4.612228	615	748	21	13	133	0.0977444
NODE_192491_length_1293_cov_4.612228	615	748	22	15	133	0.1127820
NODE_192491_length_1293_cov_4.612228	615	748	23	38	133	0.2857143
NODE_192491_length_1293_cov_4.612228	615	748	24	38	133	0.2857143
NODE_192491_length_1293_cov_4.612228	615	748	25	21	133	0.1578947
NODE_192491_length_1293_cov_4.612228	615	748	26	1	133	0.0075188
NODE_192511_length_1293_cov_4.034338	924	1057	12	4	133	0.0300752
NODE_192511_length_1293_cov_4.034338	924	1057	13	2	133	0.0150376
NODE_192511_length_1293_cov_4.034338	924	1057	14	3	133	0.0225564
NODE_192511_length_1293_cov_4.034338	924	1057	15	1	133	0.0075188
NODE_192511_length_1293_cov_4.034338	924	1057	16	4	133	0.0300752
NODE_192511_length_1293_cov_4.034338	924	1057	17	4	133	0.0300752
NODE_192511_length_1293_cov_4.034338	924	1057	18	2	133	0.0150376
NODE_192511_length_1293_cov_4.034338	924	1057	19	7	133	0.0526316
NODE_192511_length_1293_cov_4.034338	924	1057	20	5	133	0.0375940
NODE_192511_length_1293_cov_4.034338	924	1057	21	4	133	0.0300752
NODE_192511_length_1293_cov_4.034338	924	1057	23	1	133	0.0075188
NODE_192511_length_1293_cov_4.034338	924	1057	24	8	133	0.0601504
NODE_192511_length_1293_cov_4.034338	924	1057	25	21	133	0.1578947
NODE_192511_length_1293_cov_4.034338	924	1057	26	15	133	0.1127820
NODE_192511_length_1293_cov_4.034338	924	1057	27	48	133	0.3609022
NODE_192511_length_1293_cov_4.034338	924	1057	28	4	133	0.0300752
NODE_192603_length_1293_cov_2.362647	542	675	1	26	133	0.1954887
NODE_192603_length_1293_cov_2.362647	542	675	2	31	133	0.2330827
NODE_192603_length_1293_cov_2.362647	542	675	3	1	133	0.0075188
NODE_192603_length_1293_cov_2.362647	542	675	4	4	133	0.0300752
NODE_192603_length_1293_cov_2.362647	542	675	5	2	133	0.0150376
NODE_192603_length_1293_cov_2.362647	542	675	6	13	133	0.0977444
NODE_192603_length_1293_cov_2.362647	542	675	7	24	133	0.1804511
NODE_192603_length_1293_cov_2.362647	542	675	8	30	133	0.2255639
NODE_192603_length_1293_cov_2.362647	542	675	9	2	133	0.0150376
NODE_192634_length_1292_cov_4.839899	888	1021	0	12	133	0.0902256
NODE_192634_length_1292_cov_4.839899	888	1021	3	41	133	0.3082707
NODE_192634_length_1292_cov_4.839899	888	1021	4	2	133	0.0150376
NODE_192634_length_1292_cov_4.839899	888	1021	5	21	133	0.1578947
NODE_192634_length_1292_cov_4.839899	888	1021	7	9	133	0.0676692
NODE_192634_length_1292_cov_4.839899	888	1021	8	48	133	0.3609022
NODE_192641_length_1292_cov_4.551551	178	311	7	3	133	0.0225564
NODE_192641_length_1292_cov_4.551551	178	311	10	8	133	0.0601504
NODE_192641_length_1292_cov_4.551551	178	311	12	13	133	0.0977444
NODE_192641_length_1292_cov_4.551551	178	311	13	5	133	0.0375940
NODE_192641_length_1292_cov_4.551551	178	311	14	5	133	0.0375940
NODE_192641_length_1292_cov_4.551551	178	311	15	50	133	0.3759398
NODE_192641_length_1292_cov_4.551551	178	311	16	35	133	0.2631579
NODE_192641_length_1292_cov_4.551551	178	311	17	11	133	0.0827068
NODE_192641_length_1292_cov_4.551551	178	311	18	3	133	0.0225564
NODE_19269_length_5664_cov_4.643127	3425	3558	10	31	133	0.2330827
NODE_19269_length_5664_cov_4.643127	3425	3558	11	18	133	0.1353384
NODE_19269_length_5664_cov_4.643127	3425	3558	12	63	133	0.4736842
NODE_19269_length_5664_cov_4.643127	3425	3558	13	19	133	0.1428571
NODE_19269_length_5664_cov_4.643127	3425	3558	14	2	133	0.0150376
NODE_19331_length_5656_cov_4.087277	1946	2079	9	4	133	0.0300752
NODE_19331_length_5656_cov_4.087277	1946	2079	10	11	133	0.0827068
NODE_19331_length_5656_cov_4.087277	1946	2079	11	14	133	0.1052632
NODE_19331_length_5656_cov_4.087277	1946	2079	12	26	133	0.1954887
NODE_19331_length_5656_cov_4.087277	1946	2079	13	44	133	0.3308271
NODE_19331_length_5656_cov_4.087277	1946	2079	14	30	133	0.2255639
NODE_19331_length_5656_cov_4.087277	1946	2079	16	4	133	0.0300752
NODE_19347_length_5654_cov_4.740594	4164	4297	2	42	133	0.3157895
NODE_19347_length_5654_cov_4.740594	4164	4297	3	22	133	0.1654135
NODE_19347_length_5654_cov_4.740594	4164	4297	4	28	133	0.2105263
NODE_19347_length_5654_cov_4.740594	4164	4297	5	4	133	0.0300752
NODE_19347_length_5654_cov_4.740594	4164	4297	6	2	133	0.0150376
NODE_19347_length_5654_cov_4.740594	4164	4297	7	16	133	0.1203008
NODE_19347_length_5654_cov_4.740594	4164	4297	8	13	133	0.0977444
NODE_19347_length_5654_cov_4.740594	4164	4297	12	6	133	0.0451128
NODE_1934_length_12512_cov_3.868525	9340	9473	13	11	133	0.0827068
NODE_1934_length_12512_cov_3.868525	9340	9473	15	1	133	0.0075188
NODE_1934_length_12512_cov_3.868525	9340	9473	16	14	133	0.1052632
NODE_1934_length_12512_cov_3.868525	9340	9473	18	2	133	0.0150376
NODE_1934_length_12512_cov_3.868525	9340	9473	19	17	133	0.1278196
NODE_1934_length_12512_cov_3.868525	9340	9473	20	27	133	0.2030075
NODE_1934_length_12512_cov_3.868525	9340	9473	21	1	133	0.0075188
NODE_1934_length_12512_cov_3.868525	9340	9473	22	6	133	0.0451128
NODE_1934_length_12512_cov_3.868525	9340	9473	23	11	133	0.0827068
NODE_1934_length_12512_cov_3.868525	9340	9473	24	3	133	0.0225564
NODE_1934_length_12512_cov_3.868525	9340	9473	25	18	133	0.1353384
NODE_1934_length_12512_cov_3.868525	9340	9473	26	19	133	0.1428571
NODE_1934_length_12512_cov_3.868525	9340	9473	27	3	133	0.0225564
NODE_19357_length_5653_cov_4.837775	1016	1149	6	6	133	0.0451128
NODE_19357_length_5653_cov_4.837775	1016	1149	8	1	133	0.0075188
NODE_19357_length_5653_cov_4.837775	1016	1149	10	4	133	0.0300752
NODE_19357_length_5653_cov_4.837775	1016	1149	11	14	133	0.1052632
NODE_19357_length_5653_cov_4.837775	1016	1149	12	7	133	0.0526316
NODE_19357_length_5653_cov_4.837775	1016	1149	13	10	133	0.0751880
NODE_19357_length_5653_cov_4.837775	1016	1149	14	4	133	0.0300752
NODE_19357_length_5653_cov_4.837775	1016	1149	15	5	133	0.0375940
NODE_19357_length_5653_cov_4.837775	1016	1149	17	4	133	0.0300752
NODE_19357_length_5653_cov_4.837775	1016	1149	18	1	133	0.0075188
NODE_19357_length_5653_cov_4.837775	1016	1149	20	23	133	0.1729323
NODE_19357_length_5653_cov_4.837775	1016	1149	21	7	133	0.0526316
NODE_19357_length_5653_cov_4.837775	1016	1149	22	33	133	0.2481203
NODE_19357_length_5653_cov_4.837775	1016	1149	23	14	133	0.1052632
NODE_19358_length_5653_cov_4.755131	5359	5492	19	2	133	0.0150376
NODE_19358_length_5653_cov_4.755131	5359	5492	20	13	133	0.0977444
NODE_19358_length_5653_cov_4.755131	5359	5492	21	3	133	0.0225564
NODE_19358_length_5653_cov_4.755131	5359	5492	22	13	133	0.0977444
NODE_19358_length_5653_cov_4.755131	5359	5492	24	7	133	0.0526316
NODE_19358_length_5653_cov_4.755131	5359	5492	25	3	133	0.0225564
NODE_19358_length_5653_cov_4.755131	5359	5492	26	3	133	0.0225564
NODE_19358_length_5653_cov_4.755131	5359	5492	27	33	133	0.2481203
NODE_19358_length_5653_cov_4.755131	5359	5492	28	2	133	0.0150376
NODE_19358_length_5653_cov_4.755131	5359	5492	29	26	133	0.1954887
NODE_19358_length_5653_cov_4.755131	5359	5492	30	17	133	0.1278196
NODE_19358_length_5653_cov_4.755131	5359	5492	31	9	133	0.0676692
NODE_19358_length_5653_cov_4.755131	5359	5492	32	2	133	0.0150376
NODE_1936_length_12506_cov_4.193600	3600	3733	11	17	133	0.1278196
NODE_1936_length_12506_cov_4.193600	3600	3733	12	13	133	0.0977444
NODE_1936_length_12506_cov_4.193600	3600	3733	13	17	133	0.1278196
NODE_1936_length_12506_cov_4.193600	3600	3733	14	11	133	0.0827068
NODE_1936_length_12506_cov_4.193600	3600	3733	15	2	133	0.0150376
NODE_1936_length_12506_cov_4.193600	3600	3733	16	15	133	0.1127820
NODE_1936_length_12506_cov_4.193600	3600	3733	17	18	133	0.1353384
NODE_1936_length_12506_cov_4.193600	3600	3733	18	25	133	0.1879699
NODE_1936_length_12506_cov_4.193600	3600	3733	19	15	133	0.1127820
NODE_19375_length_5650_cov_4.416502	2391	2524	13	21	133	0.1578947
NODE_19375_length_5650_cov_4.416502	2391	2524	15	13	133	0.0977444
NODE_19375_length_5650_cov_4.416502	2391	2524	16	8	133	0.0601504
NODE_19375_length_5650_cov_4.416502	2391	2524	17	5	133	0.0375940
NODE_19375_length_5650_cov_4.416502	2391	2524	18	2	133	0.0150376
NODE_19375_length_5650_cov_4.416502	2391	2524	19	19	133	0.1428571
NODE_19375_length_5650_cov_4.416502	2391	2524	20	2	133	0.0150376
NODE_19375_length_5650_cov_4.416502	2391	2524	21	17	133	0.1278196
NODE_19375_length_5650_cov_4.416502	2391	2524	22	27	133	0.2030075
NODE_19375_length_5650_cov_4.416502	2391	2524	23	13	133	0.0977444
NODE_19375_length_5650_cov_4.416502	2391	2524	24	6	133	0.0451128
NODE_19383_length_5649_cov_3.666847	649	782	16	6	133	0.0451128
NODE_19383_length_5649_cov_3.666847	649	782	17	6	133	0.0451128
NODE_19383_length_5649_cov_3.666847	649	782	18	12	133	0.0902256
NODE_19383_length_5649_cov_3.666847	649	782	19	14	133	0.1052632
NODE_19383_length_5649_cov_3.666847	649	782	20	17	133	0.1278196
NODE_19383_length_5649_cov_3.666847	649	782	21	5	133	0.0375940
NODE_19383_length_5649_cov_3.666847	649	782	22	2	133	0.0150376
NODE_19383_length_5649_cov_3.666847	649	782	23	13	133	0.0977444
NODE_19383_length_5649_cov_3.666847	649	782	24	23	133	0.1729323
NODE_19383_length_5649_cov_3.666847	649	782	25	11	133	0.0827068
NODE_19383_length_5649_cov_3.666847	649	782	26	4	133	0.0300752
NODE_19383_length_5649_cov_3.666847	649	782	27	11	133	0.0827068
NODE_19383_length_5649_cov_3.666847	649	782	28	9	133	0.0676692
NODE_193916_length_1284_cov_4.043882	366	499	6	2	133	0.0150376
NODE_193916_length_1284_cov_4.043882	366	499	7	10	133	0.0751880
NODE_193916_length_1284_cov_4.043882	366	499	8	8	133	0.0601504
NODE_193916_length_1284_cov_4.043882	366	499	9	10	133	0.0751880
NODE_193916_length_1284_cov_4.043882	366	499	10	15	133	0.1127820
NODE_193916_length_1284_cov_4.043882	366	499	11	19	133	0.1428571
NODE_193916_length_1284_cov_4.043882	366	499	12	64	133	0.4812030
NODE_193916_length_1284_cov_4.043882	366	499	13	5	133	0.0375940
NODE_193957_length_1284_cov_3.284388	768	901	8	8	133	0.0601504
NODE_193957_length_1284_cov_3.284388	768	901	9	5	133	0.0375940
NODE_193957_length_1284_cov_3.284388	768	901	10	18	133	0.1353384
NODE_193957_length_1284_cov_3.284388	768	901	11	4	133	0.0300752
NODE_193957_length_1284_cov_3.284388	768	901	12	3	133	0.0225564
NODE_193957_length_1284_cov_3.284388	768	901	13	9	133	0.0676692
NODE_193957_length_1284_cov_3.284388	768	901	14	25	133	0.1879699
NODE_193957_length_1284_cov_3.284388	768	901	15	2	133	0.0150376
NODE_193957_length_1284_cov_3.284388	768	901	16	18	133	0.1353384
NODE_193957_length_1284_cov_3.284388	768	901	17	25	133	0.1879699
NODE_193957_length_1284_cov_3.284388	768	901	18	5	133	0.0375940
NODE_193957_length_1284_cov_3.284388	768	901	19	11	133	0.0827068
NODE_19399_length_5646_cov_4.926086	3750	3883	0	39	133	0.2932331
NODE_19399_length_5646_cov_4.926086	3750	3883	2	94	133	0.7067669
NODE_193_length_21997_cov_4.549457	3440	3573	1	7	133	0.0526316
NODE_193_length_21997_cov_4.549457	3440	3573	2	51	133	0.3834586
NODE_193_length_21997_cov_4.549457	3440	3573	3	62	133	0.4661654
NODE_193_length_21997_cov_4.549457	3440	3573	4	13	133	0.0977444
NODE_194048_length_1283_cov_4.801520	494	627	5	43	133	0.3233083
NODE_194048_length_1283_cov_4.801520	494	627	6	31	133	0.2330827
NODE_194048_length_1283_cov_4.801520	494	627	7	31	133	0.2330827
NODE_194048_length_1283_cov_4.801520	494	627	8	28	133	0.2105263
NODE_19409_length_5645_cov_4.887306	3787	3920	6	11	133	0.0827068
NODE_19409_length_5645_cov_4.887306	3787	3920	7	1	133	0.0075188
NODE_19409_length_5645_cov_4.887306	3787	3920	8	24	133	0.1804511
NODE_19409_length_5645_cov_4.887306	3787	3920	9	11	133	0.0827068
NODE_19409_length_5645_cov_4.887306	3787	3920	10	39	133	0.2932331
NODE_19409_length_5645_cov_4.887306	3787	3920	11	47	133	0.3533835
NODE_19413_length_5645_cov_4.281284	1332	1465	7	2	133	0.0150376
NODE_19413_length_5645_cov_4.281284	1332	1465	8	4	133	0.0300752
NODE_19413_length_5645_cov_4.281284	1332	1465	9	15	133	0.1127820
NODE_19413_length_5645_cov_4.281284	1332	1465	10	11	133	0.0827068
NODE_19413_length_5645_cov_4.281284	1332	1465	12	7	133	0.0526316
NODE_19413_length_5645_cov_4.281284	1332	1465	13	25	133	0.1879699
NODE_19413_length_5645_cov_4.281284	1332	1465	14	55	133	0.4135338
NODE_19413_length_5645_cov_4.281284	1332	1465	16	14	133	0.1052632
NODE_194221_length_1282_cov_4.229079	442	575	6	4	133	0.0300752
NODE_194221_length_1282_cov_4.229079	442	575	7	13	133	0.0977444
NODE_194221_length_1282_cov_4.229079	442	575	8	19	133	0.1428571
NODE_194221_length_1282_cov_4.229079	442	575	9	22	133	0.1654135
NODE_194221_length_1282_cov_4.229079	442	575	10	16	133	0.1203008
NODE_194221_length_1282_cov_4.229079	442	575	11	12	133	0.0902256
NODE_194221_length_1282_cov_4.229079	442	575	12	47	133	0.3533835
NODE_194691_length_1279_cov_4.194068	560	693	10	3	133	0.0225564
NODE_194691_length_1279_cov_4.194068	560	693	11	4	133	0.0300752
NODE_194691_length_1279_cov_4.194068	560	693	13	7	133	0.0526316
NODE_194691_length_1279_cov_4.194068	560	693	14	26	133	0.1954887
NODE_194691_length_1279_cov_4.194068	560	693	16	20	133	0.1503759
NODE_194691_length_1279_cov_4.194068	560	693	17	19	133	0.1428571
NODE_194691_length_1279_cov_4.194068	560	693	18	34	133	0.2556391
NODE_194691_length_1279_cov_4.194068	560	693	19	20	133	0.1503759
NODE_19469_length_5638_cov_6.630619	1253	1386	5	16	133	0.1203008
NODE_19469_length_5638_cov_6.630619	1253	1386	6	18	133	0.1353384
NODE_19469_length_5638_cov_6.630619	1253	1386	7	11	133	0.0827068
NODE_19469_length_5638_cov_6.630619	1253	1386	9	17	133	0.1278196
NODE_19469_length_5638_cov_6.630619	1253	1386	11	7	133	0.0526316
NODE_19469_length_5638_cov_6.630619	1253	1386	12	12	133	0.0902256
NODE_19469_length_5638_cov_6.630619	1253	1386	13	5	133	0.0375940
NODE_19469_length_5638_cov_6.630619	1253	1386	14	27	133	0.2030075
NODE_19469_length_5638_cov_6.630619	1253	1386	15	16	133	0.1203008
NODE_19469_length_5638_cov_6.630619	1253	1386	17	4	133	0.0300752
NODE_194708_length_1279_cov_3.965254	260	393	2	33	133	0.2481203
NODE_194708_length_1279_cov_3.965254	260	393	3	15	133	0.1127820
NODE_194708_length_1279_cov_3.965254	260	393	5	3	133	0.0225564
NODE_194708_length_1279_cov_3.965254	260	393	6	37	133	0.2781955
NODE_194708_length_1279_cov_3.965254	260	393	8	45	133	0.3383459
NODE_1947_length_12486_cov_8.809397	10239	10372	1	117	133	0.8796992
NODE_1947_length_12486_cov_8.809397	10239	10372	2	16	133	0.1203008
NODE_194887_length_1278_cov_3.371501	1037	1170	1	4	133	0.0300752
NODE_194887_length_1278_cov_3.371501	1037	1170	2	4	133	0.0300752
NODE_194887_length_1278_cov_3.371501	1037	1170	3	18	133	0.1353384
NODE_194887_length_1278_cov_3.371501	1037	1170	4	34	133	0.2556391
NODE_194887_length_1278_cov_3.371501	1037	1170	5	73	133	0.5488722
NODE_195021_length_1277_cov_3.591681	698	831	4	2	133	0.0150376
NODE_195021_length_1277_cov_3.591681	698	831	5	12	133	0.0902256
NODE_195021_length_1277_cov_3.591681	698	831	7	3	133	0.0225564
NODE_195021_length_1277_cov_3.591681	698	831	9	3	133	0.0225564
NODE_195021_length_1277_cov_3.591681	698	831	12	10	133	0.0751880
NODE_195021_length_1277_cov_3.591681	698	831	13	3	133	0.0225564
NODE_195021_length_1277_cov_3.591681	698	831	15	1	133	0.0075188
NODE_195021_length_1277_cov_3.591681	698	831	16	4	133	0.0300752
NODE_195021_length_1277_cov_3.591681	698	831	17	2	133	0.0150376
NODE_195021_length_1277_cov_3.591681	698	831	18	3	133	0.0225564
NODE_195021_length_1277_cov_3.591681	698	831	19	4	133	0.0300752
NODE_195021_length_1277_cov_3.591681	698	831	21	7	133	0.0526316
NODE_195021_length_1277_cov_3.591681	698	831	22	4	133	0.0300752
NODE_195021_length_1277_cov_3.591681	698	831	23	5	133	0.0375940
NODE_195021_length_1277_cov_3.591681	698	831	24	1	133	0.0075188
NODE_195021_length_1277_cov_3.591681	698	831	25	6	133	0.0451128
NODE_195021_length_1277_cov_3.591681	698	831	27	3	133	0.0225564
NODE_195021_length_1277_cov_3.591681	698	831	28	2	133	0.0150376
NODE_195021_length_1277_cov_3.591681	698	831	29	17	133	0.1278196
NODE_195021_length_1277_cov_3.591681	698	831	30	9	133	0.0676692
NODE_195021_length_1277_cov_3.591681	698	831	31	19	133	0.1428571
NODE_195021_length_1277_cov_3.591681	698	831	33	7	133	0.0526316
NODE_195021_length_1277_cov_3.591681	698	831	34	6	133	0.0451128
NODE_19521_length_5631_cov_5.208424	1687	1820	15	5	133	0.0375940
NODE_19521_length_5631_cov_5.208424	1687	1820	16	21	133	0.1578947
NODE_19521_length_5631_cov_5.208424	1687	1820	17	4	133	0.0300752
NODE_19521_length_5631_cov_5.208424	1687	1820	18	46	133	0.3458647
NODE_19521_length_5631_cov_5.208424	1687	1820	19	27	133	0.2030075
NODE_19521_length_5631_cov_5.208424	1687	1820	20	28	133	0.2105263
NODE_19521_length_5631_cov_5.208424	1687	1820	21	2	133	0.0150376
NODE_195293_length_1275_cov_4.417517	775	908	11	3	133	0.0225564
NODE_195293_length_1275_cov_4.417517	775	908	12	8	133	0.0601504
NODE_195293_length_1275_cov_4.417517	775	908	14	14	133	0.1052632
NODE_195293_length_1275_cov_4.417517	775	908	16	3	133	0.0225564
NODE_195293_length_1275_cov_4.417517	775	908	17	23	133	0.1729323
NODE_195293_length_1275_cov_4.417517	775	908	18	10	133	0.0751880
NODE_195293_length_1275_cov_4.417517	775	908	19	27	133	0.2030075
NODE_195293_length_1275_cov_4.417517	775	908	20	33	133	0.2481203
NODE_195293_length_1275_cov_4.417517	775	908	21	12	133	0.0902256
NODE_195367_length_1275_cov_3.113095	785	918	4	3	133	0.0225564
NODE_195367_length_1275_cov_3.113095	785	918	5	1	133	0.0075188
NODE_195367_length_1275_cov_3.113095	785	918	7	1	133	0.0075188
NODE_195367_length_1275_cov_3.113095	785	918	8	2	133	0.0150376
NODE_195367_length_1275_cov_3.113095	785	918	11	1	133	0.0075188
NODE_195367_length_1275_cov_3.113095	785	918	13	8	133	0.0601504
NODE_195367_length_1275_cov_3.113095	785	918	14	1	133	0.0075188
NODE_195367_length_1275_cov_3.113095	785	918	15	15	133	0.1127820
NODE_195367_length_1275_cov_3.113095	785	918	17	9	133	0.0676692
NODE_195367_length_1275_cov_3.113095	785	918	18	9	133	0.0676692
NODE_195367_length_1275_cov_3.113095	785	918	20	1	133	0.0075188
NODE_195367_length_1275_cov_3.113095	785	918	21	5	133	0.0375940
NODE_195367_length_1275_cov_3.113095	785	918	24	5	133	0.0375940
NODE_195367_length_1275_cov_3.113095	785	918	25	16	133	0.1203008
NODE_195367_length_1275_cov_3.113095	785	918	26	14	133	0.1052632
NODE_195367_length_1275_cov_3.113095	785	918	28	38	133	0.2857143
NODE_195367_length_1275_cov_3.113095	785	918	29	4	133	0.0300752
NODE_195531_length_1274_cov_2.874894	902	1035	10	15	133	0.1127820
NODE_195531_length_1274_cov_2.874894	902	1035	11	14	133	0.1052632
NODE_195531_length_1274_cov_2.874894	902	1035	12	9	133	0.0676692
NODE_195531_length_1274_cov_2.874894	902	1035	13	15	133	0.1127820
NODE_195531_length_1274_cov_2.874894	902	1035	14	47	133	0.3533835
NODE_195531_length_1274_cov_2.874894	902	1035	15	19	133	0.1428571
NODE_195531_length_1274_cov_2.874894	902	1035	16	9	133	0.0676692
NODE_195531_length_1274_cov_2.874894	902	1035	17	5	133	0.0375940
NODE_19554_length_5628_cov_3.854947	173	306	6	8	133	0.0601504
NODE_19554_length_5628_cov_3.854947	173	306	7	2	133	0.0150376
NODE_19554_length_5628_cov_3.854947	173	306	8	24	133	0.1804511
NODE_19554_length_5628_cov_3.854947	173	306	9	35	133	0.2631579
NODE_19554_length_5628_cov_3.854947	173	306	10	26	133	0.1954887
NODE_19554_length_5628_cov_3.854947	173	306	11	13	133	0.0977444
NODE_19554_length_5628_cov_3.854947	173	306	12	25	133	0.1879699
NODE_19564_length_5627_cov_3.712192	2176	2309	4	21	133	0.1578947
NODE_19564_length_5627_cov_3.712192	2176	2309	6	32	133	0.2406015
NODE_19564_length_5627_cov_3.712192	2176	2309	7	18	133	0.1353384
NODE_19564_length_5627_cov_3.712192	2176	2309	8	3	133	0.0225564
NODE_19564_length_5627_cov_3.712192	2176	2309	9	28	133	0.2105263
NODE_19564_length_5627_cov_3.712192	2176	2309	10	14	133	0.1052632
NODE_19564_length_5627_cov_3.712192	2176	2309	11	17	133	0.1278196
NODE_19570_length_5626_cov_4.957120	4751	4884	31	4	133	0.0300752
NODE_19570_length_5626_cov_4.957120	4751	4884	33	14	133	0.1052632
NODE_19570_length_5626_cov_4.957120	4751	4884	34	9	133	0.0676692
NODE_19570_length_5626_cov_4.957120	4751	4884	35	13	133	0.0977444
NODE_19570_length_5626_cov_4.957120	4751	4884	36	24	133	0.1804511
NODE_19570_length_5626_cov_4.957120	4751	4884	37	14	133	0.1052632
NODE_19570_length_5626_cov_4.957120	4751	4884	38	12	133	0.0902256
NODE_19570_length_5626_cov_4.957120	4751	4884	39	25	133	0.1879699
NODE_19570_length_5626_cov_4.957120	4751	4884	40	10	133	0.0751880
NODE_19570_length_5626_cov_4.957120	4751	4884	41	5	133	0.0375940
NODE_19570_length_5626_cov_4.957120	4751	4884	42	3	133	0.0225564
NODE_195722_length_1272_cov_4.692242	350	483	16	6	133	0.0451128
NODE_195722_length_1272_cov_4.692242	350	483	17	2	133	0.0150376
NODE_195722_length_1272_cov_4.692242	350	483	18	15	133	0.1127820
NODE_195722_length_1272_cov_4.692242	350	483	19	10	133	0.0751880
NODE_195722_length_1272_cov_4.692242	350	483	20	3	133	0.0225564
NODE_195722_length_1272_cov_4.692242	350	483	21	16	133	0.1203008
NODE_195722_length_1272_cov_4.692242	350	483	22	6	133	0.0451128
NODE_195722_length_1272_cov_4.692242	350	483	23	17	133	0.1278196
NODE_195722_length_1272_cov_4.692242	350	483	24	10	133	0.0751880
NODE_195722_length_1272_cov_4.692242	350	483	25	8	133	0.0601504
NODE_195722_length_1272_cov_4.692242	350	483	26	30	133	0.2255639
NODE_195722_length_1272_cov_4.692242	350	483	27	10	133	0.0751880
NODE_19585_length_5625_cov_3.953131	2652	2785	10	1	133	0.0075188
NODE_19585_length_5625_cov_3.953131	2652	2785	11	17	133	0.1278196
NODE_19585_length_5625_cov_3.953131	2652	2785	12	1	133	0.0075188
NODE_19585_length_5625_cov_3.953131	2652	2785	13	19	133	0.1428571
NODE_19585_length_5625_cov_3.953131	2652	2785	14	23	133	0.1729323
NODE_19585_length_5625_cov_3.953131	2652	2785	15	30	133	0.2255639
NODE_19585_length_5625_cov_3.953131	2652	2785	16	16	133	0.1203008
NODE_19585_length_5625_cov_3.953131	2652	2785	17	26	133	0.1954887
NODE_195991_length_1271_cov_2.329352	473	606	12	4	133	0.0300752
NODE_195991_length_1271_cov_2.329352	473	606	13	15	133	0.1127820
NODE_195991_length_1271_cov_2.329352	473	606	14	18	133	0.1353384
NODE_195991_length_1271_cov_2.329352	473	606	15	51	133	0.3834586
NODE_195991_length_1271_cov_2.329352	473	606	17	9	133	0.0676692
NODE_195991_length_1271_cov_2.329352	473	606	18	1	133	0.0075188
NODE_195991_length_1271_cov_2.329352	473	606	19	15	133	0.1127820
NODE_195991_length_1271_cov_2.329352	473	606	20	12	133	0.0902256
NODE_195991_length_1271_cov_2.329352	473	606	21	8	133	0.0601504
NODE_19603_length_5623_cov_4.061369	3562	3695	12	2	133	0.0150376
NODE_19603_length_5623_cov_4.061369	3562	3695	13	2	133	0.0150376
NODE_19603_length_5623_cov_4.061369	3562	3695	14	1	133	0.0075188
NODE_19603_length_5623_cov_4.061369	3562	3695	15	11	133	0.0827068
NODE_19603_length_5623_cov_4.061369	3562	3695	16	1	133	0.0075188
NODE_19603_length_5623_cov_4.061369	3562	3695	17	2	133	0.0150376
NODE_19603_length_5623_cov_4.061369	3562	3695	18	1	133	0.0075188
NODE_19603_length_5623_cov_4.061369	3562	3695	21	7	133	0.0526316
NODE_19603_length_5623_cov_4.061369	3562	3695	22	6	133	0.0451128
NODE_19603_length_5623_cov_4.061369	3562	3695	24	5	133	0.0375940
NODE_19603_length_5623_cov_4.061369	3562	3695	25	10	133	0.0751880
NODE_19603_length_5623_cov_4.061369	3562	3695	26	2	133	0.0150376
NODE_19603_length_5623_cov_4.061369	3562	3695	28	5	133	0.0375940
NODE_19603_length_5623_cov_4.061369	3562	3695	29	8	133	0.0601504
NODE_19603_length_5623_cov_4.061369	3562	3695	30	9	133	0.0676692
NODE_19603_length_5623_cov_4.061369	3562	3695	31	30	133	0.2255639
NODE_19603_length_5623_cov_4.061369	3562	3695	32	5	133	0.0375940
NODE_19603_length_5623_cov_4.061369	3562	3695	33	7	133	0.0526316
NODE_19603_length_5623_cov_4.061369	3562	3695	34	14	133	0.1052632
NODE_19603_length_5623_cov_4.061369	3562	3695	35	5	133	0.0375940
NODE_196072_length_1270_cov_3.496157	226	359	4	4	133	0.0300752
NODE_196072_length_1270_cov_3.496157	226	359	5	12	133	0.0902256
NODE_196072_length_1270_cov_3.496157	226	359	6	11	133	0.0827068
NODE_196072_length_1270_cov_3.496157	226	359	9	2	133	0.0150376
NODE_196072_length_1270_cov_3.496157	226	359	11	13	133	0.0977444
NODE_196072_length_1270_cov_3.496157	226	359	12	22	133	0.1654135
NODE_196072_length_1270_cov_3.496157	226	359	14	28	133	0.2105263
NODE_196072_length_1270_cov_3.496157	226	359	16	21	133	0.1578947
NODE_196072_length_1270_cov_3.496157	226	359	17	1	133	0.0075188
NODE_196072_length_1270_cov_3.496157	226	359	18	14	133	0.1052632
NODE_196072_length_1270_cov_3.496157	226	359	19	5	133	0.0375940
NODE_19608_length_5622_cov_5.247510	4779	4912	3	51	133	0.3834586
NODE_19608_length_5622_cov_5.247510	4779	4912	4	2	133	0.0150376
NODE_19608_length_5622_cov_5.247510	4779	4912	5	35	133	0.2631579
NODE_19608_length_5622_cov_5.247510	4779	4912	6	44	133	0.3308271
NODE_19608_length_5622_cov_5.247510	4779	4912	7	1	133	0.0075188
NODE_19613_length_5622_cov_4.288792	2220	2353	3	20	133	0.1503759
NODE_19613_length_5622_cov_4.288792	2220	2353	4	89	133	0.6691729
NODE_19613_length_5622_cov_4.288792	2220	2353	5	24	133	0.1804511
NODE_19616_length_5622_cov_4.092341	350	483	10	2	133	0.0150376
NODE_19616_length_5622_cov_4.092341	350	483	12	3	133	0.0225564
NODE_19616_length_5622_cov_4.092341	350	483	15	10	133	0.0751880
NODE_19616_length_5622_cov_4.092341	350	483	16	1	133	0.0075188
NODE_19616_length_5622_cov_4.092341	350	483	18	6	133	0.0451128
NODE_19616_length_5622_cov_4.092341	350	483	19	1	133	0.0075188
NODE_19616_length_5622_cov_4.092341	350	483	21	4	133	0.0300752
NODE_19616_length_5622_cov_4.092341	350	483	22	4	133	0.0300752
NODE_19616_length_5622_cov_4.092341	350	483	23	2	133	0.0150376
NODE_19616_length_5622_cov_4.092341	350	483	24	1	133	0.0075188
NODE_19616_length_5622_cov_4.092341	350	483	27	7	133	0.0526316
NODE_19616_length_5622_cov_4.092341	350	483	30	1	133	0.0075188
NODE_19616_length_5622_cov_4.092341	350	483	31	2	133	0.0150376
NODE_19616_length_5622_cov_4.092341	350	483	32	7	133	0.0526316
NODE_19616_length_5622_cov_4.092341	350	483	33	6	133	0.0451128
NODE_19616_length_5622_cov_4.092341	350	483	34	1	133	0.0075188
NODE_19616_length_5622_cov_4.092341	350	483	36	7	133	0.0526316
NODE_19616_length_5622_cov_4.092341	350	483	37	8	133	0.0601504
NODE_19616_length_5622_cov_4.092341	350	483	38	2	133	0.0150376
NODE_19616_length_5622_cov_4.092341	350	483	39	3	133	0.0225564
NODE_19616_length_5622_cov_4.092341	350	483	40	3	133	0.0225564
NODE_19616_length_5622_cov_4.092341	350	483	41	1	133	0.0075188
NODE_19616_length_5622_cov_4.092341	350	483	42	4	133	0.0300752
NODE_19616_length_5622_cov_4.092341	350	483	43	4	133	0.0300752
NODE_19616_length_5622_cov_4.092341	350	483	44	12	133	0.0902256
NODE_19616_length_5622_cov_4.092341	350	483	45	7	133	0.0526316
NODE_19616_length_5622_cov_4.092341	350	483	46	4	133	0.0300752
NODE_19616_length_5622_cov_4.092341	350	483	47	7	133	0.0526316
NODE_19616_length_5622_cov_4.092341	350	483	48	5	133	0.0375940
NODE_19616_length_5622_cov_4.092341	350	483	49	4	133	0.0300752
NODE_19616_length_5622_cov_4.092341	350	483	50	4	133	0.0300752
NODE_19624_length_5621_cov_3.875770	3783	3916	6	17	133	0.1278196
NODE_19624_length_5621_cov_3.875770	3783	3916	7	19	133	0.1428571
NODE_19624_length_5621_cov_3.875770	3783	3916	8	28	133	0.2105263
NODE_19624_length_5621_cov_3.875770	3783	3916	9	5	133	0.0375940
NODE_19624_length_5621_cov_3.875770	3783	3916	11	2	133	0.0150376
NODE_19624_length_5621_cov_3.875770	3783	3916	12	16	133	0.1203008
NODE_19624_length_5621_cov_3.875770	3783	3916	13	11	133	0.0827068
NODE_19624_length_5621_cov_3.875770	3783	3916	14	3	133	0.0225564
NODE_19624_length_5621_cov_3.875770	3783	3916	15	8	133	0.0601504
NODE_19624_length_5621_cov_3.875770	3783	3916	16	23	133	0.1729323
NODE_19624_length_5621_cov_3.875770	3783	3916	17	1	133	0.0075188
NODE_19629_length_5621_cov_3.275444	2211	2344	11	9	133	0.0676692
NODE_19629_length_5621_cov_3.275444	2211	2344	12	7	133	0.0526316
NODE_19629_length_5621_cov_3.275444	2211	2344	14	1	133	0.0075188
NODE_19629_length_5621_cov_3.275444	2211	2344	15	6	133	0.0451128
NODE_19629_length_5621_cov_3.275444	2211	2344	16	6	133	0.0451128
NODE_19629_length_5621_cov_3.275444	2211	2344	17	28	133	0.2105263
NODE_19629_length_5621_cov_3.275444	2211	2344	18	7	133	0.0526316
NODE_19629_length_5621_cov_3.275444	2211	2344	19	11	133	0.0827068
NODE_19629_length_5621_cov_3.275444	2211	2344	20	53	133	0.3984962
NODE_19629_length_5621_cov_3.275444	2211	2344	21	5	133	0.0375940
NODE_196444_length_1267_cov_5.431507	114	247	4	3	133	0.0225564
NODE_196444_length_1267_cov_5.431507	114	247	5	12	133	0.0902256
NODE_196444_length_1267_cov_5.431507	114	247	6	3	133	0.0225564
NODE_196444_length_1267_cov_5.431507	114	247	7	4	133	0.0300752
NODE_196444_length_1267_cov_5.431507	114	247	8	6	133	0.0451128
NODE_196444_length_1267_cov_5.431507	114	247	9	5	133	0.0375940
NODE_196444_length_1267_cov_5.431507	114	247	10	3	133	0.0225564
NODE_196444_length_1267_cov_5.431507	114	247	11	5	133	0.0375940
NODE_196444_length_1267_cov_5.431507	114	247	12	4	133	0.0300752
NODE_196444_length_1267_cov_5.431507	114	247	13	12	133	0.0902256
NODE_196444_length_1267_cov_5.431507	114	247	14	9	133	0.0676692
NODE_196444_length_1267_cov_5.431507	114	247	15	7	133	0.0526316
NODE_196444_length_1267_cov_5.431507	114	247	16	8	133	0.0601504
NODE_196444_length_1267_cov_5.431507	114	247	17	52	133	0.3909774
NODE_19657_length_5618_cov_5.791448	1214	1347	9	11	133	0.0827068
NODE_19657_length_5618_cov_5.791448	1214	1347	10	1	133	0.0075188
NODE_19657_length_5618_cov_5.791448	1214	1347	11	5	133	0.0375940
NODE_19657_length_5618_cov_5.791448	1214	1347	12	3	133	0.0225564
NODE_19657_length_5618_cov_5.791448	1214	1347	13	2	133	0.0150376
NODE_19657_length_5618_cov_5.791448	1214	1347	14	2	133	0.0150376
NODE_19657_length_5618_cov_5.791448	1214	1347	16	8	133	0.0601504
NODE_19657_length_5618_cov_5.791448	1214	1347	17	38	133	0.2857143
NODE_19657_length_5618_cov_5.791448	1214	1347	18	33	133	0.2481203
NODE_19657_length_5618_cov_5.791448	1214	1347	19	10	133	0.0751880
NODE_19657_length_5618_cov_5.791448	1214	1347	20	2	133	0.0150376
NODE_19657_length_5618_cov_5.791448	1214	1347	21	11	133	0.0827068
NODE_19657_length_5618_cov_5.791448	1214	1347	22	7	133	0.0526316
NODE_196608_length_1266_cov_5.310197	432	565	14	4	133	0.0300752
NODE_196608_length_1266_cov_5.310197	432	565	16	1	133	0.0075188
NODE_196608_length_1266_cov_5.310197	432	565	19	4	133	0.0300752
NODE_196608_length_1266_cov_5.310197	432	565	20	7	133	0.0526316
NODE_196608_length_1266_cov_5.310197	432	565	22	4	133	0.0300752
NODE_196608_length_1266_cov_5.310197	432	565	23	3	133	0.0225564
NODE_196608_length_1266_cov_5.310197	432	565	24	2	133	0.0150376
NODE_196608_length_1266_cov_5.310197	432	565	26	5	133	0.0375940
NODE_196608_length_1266_cov_5.310197	432	565	27	1	133	0.0075188
NODE_196608_length_1266_cov_5.310197	432	565	28	10	133	0.0751880
NODE_196608_length_1266_cov_5.310197	432	565	29	8	133	0.0601504
NODE_196608_length_1266_cov_5.310197	432	565	30	19	133	0.1428571
NODE_196608_length_1266_cov_5.310197	432	565	31	3	133	0.0225564
NODE_196608_length_1266_cov_5.310197	432	565	38	1	133	0.0075188
NODE_196608_length_1266_cov_5.310197	432	565	39	1	133	0.0075188
NODE_196608_length_1266_cov_5.310197	432	565	40	23	133	0.1729323
NODE_196608_length_1266_cov_5.310197	432	565	41	14	133	0.1052632
NODE_196608_length_1266_cov_5.310197	432	565	42	22	133	0.1654135
NODE_196608_length_1266_cov_5.310197	432	565	43	1	133	0.0075188
NODE_196644_length_1266_cov_4.203085	737	870	5	20	133	0.1503759
NODE_196644_length_1266_cov_4.203085	737	870	6	17	133	0.1278196
NODE_196644_length_1266_cov_4.203085	737	870	8	8	133	0.0601504
NODE_196644_length_1266_cov_4.203085	737	870	10	6	133	0.0451128
NODE_196644_length_1266_cov_4.203085	737	870	11	2	133	0.0150376
NODE_196644_length_1266_cov_4.203085	737	870	12	12	133	0.0902256
NODE_196644_length_1266_cov_4.203085	737	870	14	1	133	0.0075188
NODE_196644_length_1266_cov_4.203085	737	870	15	6	133	0.0451128
NODE_196644_length_1266_cov_4.203085	737	870	16	32	133	0.2406015
NODE_196644_length_1266_cov_4.203085	737	870	18	29	133	0.2180451
NODE_19669_length_5617_cov_4.252447	1160	1293	7	4	133	0.0300752
NODE_19669_length_5617_cov_4.252447	1160	1293	8	7	133	0.0526316
NODE_19669_length_5617_cov_4.252447	1160	1293	9	3	133	0.0225564
NODE_19669_length_5617_cov_4.252447	1160	1293	10	20	133	0.1503759
NODE_19669_length_5617_cov_4.252447	1160	1293	11	3	133	0.0225564
NODE_19669_length_5617_cov_4.252447	1160	1293	12	2	133	0.0150376
NODE_19669_length_5617_cov_4.252447	1160	1293	15	5	133	0.0375940
NODE_19669_length_5617_cov_4.252447	1160	1293	16	24	133	0.1804511
NODE_19669_length_5617_cov_4.252447	1160	1293	17	24	133	0.1804511
NODE_19669_length_5617_cov_4.252447	1160	1293	18	36	133	0.2706767
NODE_19669_length_5617_cov_4.252447	1160	1293	19	5	133	0.0375940
NODE_19670_length_5617_cov_4.230518	1629	1762	0	17	133	0.1278196
NODE_19670_length_5617_cov_4.230518	1629	1762	1	18	133	0.1353384
NODE_19670_length_5617_cov_4.230518	1629	1762	2	37	133	0.2781955
NODE_19670_length_5617_cov_4.230518	1629	1762	3	25	133	0.1879699
NODE_19670_length_5617_cov_4.230518	1629	1762	4	36	133	0.2706767
NODE_196725_length_1266_cov_2.988003	235	368	4	47	133	0.3533835
NODE_196725_length_1266_cov_2.988003	235	368	7	16	133	0.1203008
NODE_196725_length_1266_cov_2.988003	235	368	8	19	133	0.1428571
NODE_196725_length_1266_cov_2.988003	235	368	9	50	133	0.3759398
NODE_196725_length_1266_cov_2.988003	235	368	10	1	133	0.0075188
NODE_196819_length_1265_cov_4.183533	872	1005	0	8	133	0.0601504
NODE_196819_length_1265_cov_4.183533	872	1005	1	63	133	0.4736842
NODE_196819_length_1265_cov_4.183533	872	1005	2	44	133	0.3308271
NODE_196819_length_1265_cov_4.183533	872	1005	3	18	133	0.1353384
NODE_19682_length_5616_cov_3.816748	4977	5110	2	18	133	0.1353384
NODE_19682_length_5616_cov_3.816748	4977	5110	4	19	133	0.1428571
NODE_19682_length_5616_cov_3.816748	4977	5110	5	35	133	0.2631579
NODE_19682_length_5616_cov_3.816748	4977	5110	6	61	133	0.4586466
NODE_19693_length_5615_cov_3.978426	908	1041	2	133	133	1.0000000
NODE_196988_length_1264_cov_3.852361	40	173	11	2	133	0.0150376
NODE_196988_length_1264_cov_3.852361	40	173	12	2	133	0.0150376
NODE_196988_length_1264_cov_3.852361	40	173	14	14	133	0.1052632
NODE_196988_length_1264_cov_3.852361	40	173	15	17	133	0.1278196
NODE_196988_length_1264_cov_3.852361	40	173	16	16	133	0.1203008
NODE_196988_length_1264_cov_3.852361	40	173	17	17	133	0.1278196
NODE_196988_length_1264_cov_3.852361	40	173	18	9	133	0.0676692
NODE_196988_length_1264_cov_3.852361	40	173	19	17	133	0.1278196
NODE_196988_length_1264_cov_3.852361	40	173	21	27	133	0.2030075
NODE_196988_length_1264_cov_3.852361	40	173	23	12	133	0.0902256
NODE_196_length_21948_cov_5.217539	13151	13284	17	4	133	0.0300752
NODE_196_length_21948_cov_5.217539	13151	13284	18	2	133	0.0150376
NODE_196_length_21948_cov_5.217539	13151	13284	19	5	133	0.0375940
NODE_196_length_21948_cov_5.217539	13151	13284	20	5	133	0.0375940
NODE_196_length_21948_cov_5.217539	13151	13284	22	2	133	0.0150376
NODE_196_length_21948_cov_5.217539	13151	13284	23	2	133	0.0150376
NODE_196_length_21948_cov_5.217539	13151	13284	25	6	133	0.0451128
NODE_196_length_21948_cov_5.217539	13151	13284	26	6	133	0.0451128
NODE_196_length_21948_cov_5.217539	13151	13284	27	7	133	0.0526316
NODE_196_length_21948_cov_5.217539	13151	13284	28	9	133	0.0676692
NODE_196_length_21948_cov_5.217539	13151	13284	29	6	133	0.0451128
NODE_196_length_21948_cov_5.217539	13151	13284	32	2	133	0.0150376
NODE_196_length_21948_cov_5.217539	13151	13284	33	4	133	0.0300752
NODE_196_length_21948_cov_5.217539	13151	13284	34	7	133	0.0526316
NODE_196_length_21948_cov_5.217539	13151	13284	35	2	133	0.0150376
NODE_196_length_21948_cov_5.217539	13151	13284	36	6	133	0.0451128
NODE_196_length_21948_cov_5.217539	13151	13284	38	10	133	0.0751880
NODE_196_length_21948_cov_5.217539	13151	13284	39	1	133	0.0075188
NODE_196_length_21948_cov_5.217539	13151	13284	40	16	133	0.1203008
NODE_196_length_21948_cov_5.217539	13151	13284	41	13	133	0.0977444
NODE_196_length_21948_cov_5.217539	13151	13284	42	7	133	0.0526316
NODE_196_length_21948_cov_5.217539	13151	13284	43	7	133	0.0526316
NODE_196_length_21948_cov_5.217539	13151	13284	44	4	133	0.0300752
NODE_19706_length_5613_cov_3.881756	4477	4610	14	1	133	0.0075188
NODE_19706_length_5613_cov_3.881756	4477	4610	15	8	133	0.0601504
NODE_19706_length_5613_cov_3.881756	4477	4610	16	2	133	0.0150376
NODE_19706_length_5613_cov_3.881756	4477	4610	17	1	133	0.0075188
NODE_19706_length_5613_cov_3.881756	4477	4610	18	11	133	0.0827068
NODE_19706_length_5613_cov_3.881756	4477	4610	19	6	133	0.0451128
NODE_19706_length_5613_cov_3.881756	4477	4610	20	1	133	0.0075188
NODE_19706_length_5613_cov_3.881756	4477	4610	21	12	133	0.0902256
NODE_19706_length_5613_cov_3.881756	4477	4610	22	16	133	0.1203008
NODE_19706_length_5613_cov_3.881756	4477	4610	23	10	133	0.0751880
NODE_19706_length_5613_cov_3.881756	4477	4610	24	9	133	0.0676692
NODE_19706_length_5613_cov_3.881756	4477	4610	25	33	133	0.2481203
NODE_19706_length_5613_cov_3.881756	4477	4610	26	18	133	0.1353384
NODE_19706_length_5613_cov_3.881756	4477	4610	27	2	133	0.0150376
NODE_19706_length_5613_cov_3.881756	4477	4610	28	3	133	0.0225564
NODE_19709_length_5612_cov_5.035190	2502	2635	1	24	133	0.1804511
NODE_19709_length_5612_cov_5.035190	2502	2635	2	4	133	0.0300752
NODE_19709_length_5612_cov_5.035190	2502	2635	3	3	133	0.0225564
NODE_19709_length_5612_cov_5.035190	2502	2635	4	10	133	0.0751880
NODE_19709_length_5612_cov_5.035190	2502	2635	5	27	133	0.2030075
NODE_19709_length_5612_cov_5.035190	2502	2635	6	48	133	0.3609022
NODE_19709_length_5612_cov_5.035190	2502	2635	7	17	133	0.1278196
NODE_19712_length_5612_cov_4.467622	1167	1300	4	30	133	0.2255639
NODE_19712_length_5612_cov_4.467622	1167	1300	5	5	133	0.0375940
NODE_19712_length_5612_cov_4.467622	1167	1300	7	19	133	0.1428571
NODE_19712_length_5612_cov_4.467622	1167	1300	9	14	133	0.1052632
NODE_19712_length_5612_cov_4.467622	1167	1300	10	4	133	0.0300752
NODE_19712_length_5612_cov_4.467622	1167	1300	11	61	133	0.4586466
NODE_197269_length_1262_cov_4.281169	1027	1160	6	3	133	0.0225564
NODE_197269_length_1262_cov_4.281169	1027	1160	7	3	133	0.0225564
NODE_197269_length_1262_cov_4.281169	1027	1160	9	12	133	0.0902256
NODE_197269_length_1262_cov_4.281169	1027	1160	11	7	133	0.0526316
NODE_197269_length_1262_cov_4.281169	1027	1160	13	2	133	0.0150376
NODE_197269_length_1262_cov_4.281169	1027	1160	14	6	133	0.0451128
NODE_197269_length_1262_cov_4.281169	1027	1160	15	2	133	0.0150376
NODE_197269_length_1262_cov_4.281169	1027	1160	16	2	133	0.0150376
NODE_197269_length_1262_cov_4.281169	1027	1160	17	1	133	0.0075188
NODE_197269_length_1262_cov_4.281169	1027	1160	18	4	133	0.0300752
NODE_197269_length_1262_cov_4.281169	1027	1160	19	5	133	0.0375940
NODE_197269_length_1262_cov_4.281169	1027	1160	21	5	133	0.0375940
NODE_197269_length_1262_cov_4.281169	1027	1160	23	2	133	0.0150376
NODE_197269_length_1262_cov_4.281169	1027	1160	24	3	133	0.0225564
NODE_197269_length_1262_cov_4.281169	1027	1160	25	9	133	0.0676692
NODE_197269_length_1262_cov_4.281169	1027	1160	26	6	133	0.0451128
NODE_197269_length_1262_cov_4.281169	1027	1160	28	4	133	0.0300752
NODE_197269_length_1262_cov_4.281169	1027	1160	29	2	133	0.0150376
NODE_197269_length_1262_cov_4.281169	1027	1160	30	3	133	0.0225564
NODE_197269_length_1262_cov_4.281169	1027	1160	32	2	133	0.0150376
NODE_197269_length_1262_cov_4.281169	1027	1160	34	1	133	0.0075188
NODE_197269_length_1262_cov_4.281169	1027	1160	35	1	133	0.0075188
NODE_197269_length_1262_cov_4.281169	1027	1160	37	13	133	0.0977444
NODE_197269_length_1262_cov_4.281169	1027	1160	38	1	133	0.0075188
NODE_197269_length_1262_cov_4.281169	1027	1160	39	2	133	0.0150376
NODE_197269_length_1262_cov_4.281169	1027	1160	40	5	133	0.0375940
NODE_197269_length_1262_cov_4.281169	1027	1160	41	12	133	0.0902256
NODE_197269_length_1262_cov_4.281169	1027	1160	42	6	133	0.0451128
NODE_197269_length_1262_cov_4.281169	1027	1160	43	9	133	0.0676692
NODE_197285_length_1262_cov_3.989682	468	601	10	10	133	0.0751880
NODE_197285_length_1262_cov_3.989682	468	601	11	11	133	0.0827068
NODE_197285_length_1262_cov_3.989682	468	601	12	11	133	0.0827068
NODE_197285_length_1262_cov_3.989682	468	601	13	14	133	0.1052632
NODE_197285_length_1262_cov_3.989682	468	601	14	12	133	0.0902256
NODE_197285_length_1262_cov_3.989682	468	601	15	18	133	0.1353384
NODE_197285_length_1262_cov_3.989682	468	601	16	26	133	0.1954887
NODE_197285_length_1262_cov_3.989682	468	601	17	28	133	0.2105263
NODE_197285_length_1262_cov_3.989682	468	601	18	3	133	0.0225564
NODE_197311_length_1262_cov_3.502150	836	969	23	24	133	0.1804511
NODE_197311_length_1262_cov_3.502150	836	969	24	16	133	0.1203008
NODE_197311_length_1262_cov_3.502150	836	969	25	34	133	0.2556391
NODE_197311_length_1262_cov_3.502150	836	969	26	10	133	0.0751880
NODE_197311_length_1262_cov_3.502150	836	969	27	9	133	0.0676692
NODE_197311_length_1262_cov_3.502150	836	969	28	2	133	0.0150376
NODE_197311_length_1262_cov_3.502150	836	969	29	5	133	0.0375940
NODE_197311_length_1262_cov_3.502150	836	969	31	10	133	0.0751880
NODE_197311_length_1262_cov_3.502150	836	969	32	6	133	0.0451128
NODE_197311_length_1262_cov_3.502150	836	969	33	3	133	0.0225564
NODE_197311_length_1262_cov_3.502150	836	969	34	5	133	0.0375940
NODE_197311_length_1262_cov_3.502150	836	969	35	9	133	0.0676692
NODE_197346_length_1262_cov_3.068788	1006	1139	10	16	133	0.1203008
NODE_197346_length_1262_cov_3.068788	1006	1139	11	1	133	0.0075188
NODE_197346_length_1262_cov_3.068788	1006	1139	12	1	133	0.0075188
NODE_197346_length_1262_cov_3.068788	1006	1139	14	5	133	0.0375940
NODE_197346_length_1262_cov_3.068788	1006	1139	15	2	133	0.0150376
NODE_197346_length_1262_cov_3.068788	1006	1139	17	1	133	0.0075188
NODE_197346_length_1262_cov_3.068788	1006	1139	19	7	133	0.0526316
NODE_197346_length_1262_cov_3.068788	1006	1139	21	6	133	0.0451128
NODE_197346_length_1262_cov_3.068788	1006	1139	22	1	133	0.0075188
NODE_197346_length_1262_cov_3.068788	1006	1139	23	5	133	0.0375940
NODE_197346_length_1262_cov_3.068788	1006	1139	24	12	133	0.0902256
NODE_197346_length_1262_cov_3.068788	1006	1139	25	23	133	0.1729323
NODE_197346_length_1262_cov_3.068788	1006	1139	26	1	133	0.0075188
NODE_197346_length_1262_cov_3.068788	1006	1139	28	2	133	0.0150376
NODE_197346_length_1262_cov_3.068788	1006	1139	29	4	133	0.0300752
NODE_197346_length_1262_cov_3.068788	1006	1139	30	2	133	0.0150376
NODE_197346_length_1262_cov_3.068788	1006	1139	31	4	133	0.0300752
NODE_197346_length_1262_cov_3.068788	1006	1139	32	3	133	0.0225564
NODE_197346_length_1262_cov_3.068788	1006	1139	34	2	133	0.0150376
NODE_197346_length_1262_cov_3.068788	1006	1139	36	2	133	0.0150376
NODE_197346_length_1262_cov_3.068788	1006	1139	37	2	133	0.0150376
NODE_197346_length_1262_cov_3.068788	1006	1139	38	1	133	0.0075188
NODE_197346_length_1262_cov_3.068788	1006	1139	40	4	133	0.0300752
NODE_197346_length_1262_cov_3.068788	1006	1139	41	2	133	0.0150376
NODE_197346_length_1262_cov_3.068788	1006	1139	42	5	133	0.0375940
NODE_197346_length_1262_cov_3.068788	1006	1139	43	1	133	0.0075188
NODE_197346_length_1262_cov_3.068788	1006	1139	45	10	133	0.0751880
NODE_197346_length_1262_cov_3.068788	1006	1139	46	6	133	0.0451128
NODE_197346_length_1262_cov_3.068788	1006	1139	47	2	133	0.0150376
NODE_197352_length_1262_cov_2.959587	633	766	32	17	133	0.1278196
NODE_197352_length_1262_cov_2.959587	633	766	33	10	133	0.0751880
NODE_197352_length_1262_cov_2.959587	633	766	35	5	133	0.0375940
NODE_197352_length_1262_cov_2.959587	633	766	36	14	133	0.1052632
NODE_197352_length_1262_cov_2.959587	633	766	37	11	133	0.0827068
NODE_197352_length_1262_cov_2.959587	633	766	38	4	133	0.0300752
NODE_197352_length_1262_cov_2.959587	633	766	39	6	133	0.0451128
NODE_197352_length_1262_cov_2.959587	633	766	41	2	133	0.0150376
NODE_197352_length_1262_cov_2.959587	633	766	42	2	133	0.0150376
NODE_197352_length_1262_cov_2.959587	633	766	43	7	133	0.0526316
NODE_197352_length_1262_cov_2.959587	633	766	44	13	133	0.0977444
NODE_197352_length_1262_cov_2.959587	633	766	45	5	133	0.0375940
NODE_197352_length_1262_cov_2.959587	633	766	46	10	133	0.0751880
NODE_197352_length_1262_cov_2.959587	633	766	47	4	133	0.0300752
NODE_197352_length_1262_cov_2.959587	633	766	48	7	133	0.0526316
NODE_197352_length_1262_cov_2.959587	633	766	49	13	133	0.0977444
NODE_197352_length_1262_cov_2.959587	633	766	50	3	133	0.0225564
NODE_197410_length_1261_cov_5.463855	116	249	11	14	133	0.1052632
NODE_197410_length_1261_cov_5.463855	116	249	12	7	133	0.0526316
NODE_197410_length_1261_cov_5.463855	116	249	13	8	133	0.0601504
NODE_197410_length_1261_cov_5.463855	116	249	14	2	133	0.0150376
NODE_197410_length_1261_cov_5.463855	116	249	15	2	133	0.0150376
NODE_197410_length_1261_cov_5.463855	116	249	16	4	133	0.0300752
NODE_197410_length_1261_cov_5.463855	116	249	17	9	133	0.0676692
NODE_197410_length_1261_cov_5.463855	116	249	18	8	133	0.0601504
NODE_197410_length_1261_cov_5.463855	116	249	20	3	133	0.0225564
NODE_197410_length_1261_cov_5.463855	116	249	21	1	133	0.0075188
NODE_197410_length_1261_cov_5.463855	116	249	22	18	133	0.1353384
NODE_197410_length_1261_cov_5.463855	116	249	23	44	133	0.3308271
NODE_197410_length_1261_cov_5.463855	116	249	24	2	133	0.0150376
NODE_197410_length_1261_cov_5.463855	116	249	25	6	133	0.0451128
NODE_197410_length_1261_cov_5.463855	116	249	26	5	133	0.0375940
NODE_197531_length_1261_cov_2.969880	437	570	3	15	133	0.1127820
NODE_197531_length_1261_cov_2.969880	437	570	4	43	133	0.3233083
NODE_197531_length_1261_cov_2.969880	437	570	5	13	133	0.0977444
NODE_197531_length_1261_cov_2.969880	437	570	6	3	133	0.0225564
NODE_197531_length_1261_cov_2.969880	437	570	7	6	133	0.0451128
NODE_197531_length_1261_cov_2.969880	437	570	8	36	133	0.2706767
NODE_197531_length_1261_cov_2.969880	437	570	9	17	133	0.1278196
NODE_197625_length_1260_cov_3.972438	810	943	19	1	133	0.0075188
NODE_197625_length_1260_cov_3.972438	810	943	20	11	133	0.0827068
NODE_197625_length_1260_cov_3.972438	810	943	21	13	133	0.0977444
NODE_197625_length_1260_cov_3.972438	810	943	22	16	133	0.1203008
NODE_197625_length_1260_cov_3.972438	810	943	23	1	133	0.0075188
NODE_197625_length_1260_cov_3.972438	810	943	24	9	133	0.0676692
NODE_197625_length_1260_cov_3.972438	810	943	25	2	133	0.0150376
NODE_197625_length_1260_cov_3.972438	810	943	26	22	133	0.1654135
NODE_197625_length_1260_cov_3.972438	810	943	27	31	133	0.2330827
NODE_197625_length_1260_cov_3.972438	810	943	28	18	133	0.1353384
NODE_197625_length_1260_cov_3.972438	810	943	29	4	133	0.0300752
NODE_197625_length_1260_cov_3.972438	810	943	30	1	133	0.0075188
NODE_197625_length_1260_cov_3.972438	810	943	31	4	133	0.0300752
NODE_19766_length_5606_cov_4.413837	5176	5309	7	1	133	0.0075188
NODE_19766_length_5606_cov_4.413837	5176	5309	8	3	133	0.0225564
NODE_19766_length_5606_cov_4.413837	5176	5309	9	8	133	0.0601504
NODE_19766_length_5606_cov_4.413837	5176	5309	10	16	133	0.1203008
NODE_19766_length_5606_cov_4.413837	5176	5309	11	8	133	0.0601504
NODE_19766_length_5606_cov_4.413837	5176	5309	12	4	133	0.0300752
NODE_19766_length_5606_cov_4.413837	5176	5309	13	17	133	0.1278196
NODE_19766_length_5606_cov_4.413837	5176	5309	14	47	133	0.3533835
NODE_19766_length_5606_cov_4.413837	5176	5309	15	29	133	0.2180451
NODE_19777_length_5604_cov_5.404723	2079	2212	6	2	133	0.0150376
NODE_19777_length_5604_cov_5.404723	2079	2212	7	37	133	0.2781955
NODE_19777_length_5604_cov_5.404723	2079	2212	8	31	133	0.2330827
NODE_19777_length_5604_cov_5.404723	2079	2212	9	18	133	0.1353384
NODE_19777_length_5604_cov_5.404723	2079	2212	10	45	133	0.3383459
NODE_19778_length_5604_cov_5.402725	4689	4822	9	10	133	0.0751880
NODE_19778_length_5604_cov_5.402725	4689	4822	10	5	133	0.0375940
NODE_19778_length_5604_cov_5.402725	4689	4822	11	8	133	0.0601504
NODE_19778_length_5604_cov_5.402725	4689	4822	12	4	133	0.0300752
NODE_19778_length_5604_cov_5.402725	4689	4822	13	1	133	0.0075188
NODE_19778_length_5604_cov_5.402725	4689	4822	14	1	133	0.0075188
NODE_19778_length_5604_cov_5.402725	4689	4822	16	1	133	0.0075188
NODE_19778_length_5604_cov_5.402725	4689	4822	17	27	133	0.2030075
NODE_19778_length_5604_cov_5.402725	4689	4822	18	12	133	0.0902256
NODE_19778_length_5604_cov_5.402725	4689	4822	19	5	133	0.0375940
NODE_19778_length_5604_cov_5.402725	4689	4822	20	6	133	0.0451128
NODE_19778_length_5604_cov_5.402725	4689	4822	21	5	133	0.0375940
NODE_19778_length_5604_cov_5.402725	4689	4822	22	42	133	0.3157895
NODE_19778_length_5604_cov_5.402725	4689	4822	23	6	133	0.0451128
NODE_197797_length_1259_cov_3.787069	700	833	3	36	133	0.2706767
NODE_197797_length_1259_cov_3.787069	700	833	5	3	133	0.0225564
NODE_197797_length_1259_cov_3.787069	700	833	7	1	133	0.0075188
NODE_197797_length_1259_cov_3.787069	700	833	9	62	133	0.4661654
NODE_197797_length_1259_cov_3.787069	700	833	10	19	133	0.1428571
NODE_197797_length_1259_cov_3.787069	700	833	11	12	133	0.0902256
NODE_197951_length_1258_cov_3.738568	453	586	7	12	133	0.0902256
NODE_197951_length_1258_cov_3.738568	453	586	8	3	133	0.0225564
NODE_197951_length_1258_cov_3.738568	453	586	9	3	133	0.0225564
NODE_197951_length_1258_cov_3.738568	453	586	10	17	133	0.1278196
NODE_197951_length_1258_cov_3.738568	453	586	11	4	133	0.0300752
NODE_197951_length_1258_cov_3.738568	453	586	12	1	133	0.0075188
NODE_197951_length_1258_cov_3.738568	453	586	13	32	133	0.2406015
NODE_197951_length_1258_cov_3.738568	453	586	14	4	133	0.0300752
NODE_197951_length_1258_cov_3.738568	453	586	15	2	133	0.0150376
NODE_197951_length_1258_cov_3.738568	453	586	16	31	133	0.2330827
NODE_197951_length_1258_cov_3.738568	453	586	17	22	133	0.1654135
NODE_197951_length_1258_cov_3.738568	453	586	18	1	133	0.0075188
NODE_197951_length_1258_cov_3.738568	453	586	19	1	133	0.0075188
NODE_198209_length_1256_cov_4.587727	678	811	19	5	133	0.0375940
NODE_198209_length_1256_cov_4.587727	678	811	20	7	133	0.0526316
NODE_198209_length_1256_cov_4.587727	678	811	21	29	133	0.2180451
NODE_198209_length_1256_cov_4.587727	678	811	22	47	133	0.3533835
NODE_198209_length_1256_cov_4.587727	678	811	23	10	133	0.0751880
NODE_198209_length_1256_cov_4.587727	678	811	24	20	133	0.1503759
NODE_198209_length_1256_cov_4.587727	678	811	25	15	133	0.1127820
NODE_198263_length_1256_cov_3.548833	847	980	9	1	133	0.0075188
NODE_198263_length_1256_cov_3.548833	847	980	10	20	133	0.1503759
NODE_198263_length_1256_cov_3.548833	847	980	11	6	133	0.0451128
NODE_198263_length_1256_cov_3.548833	847	980	13	20	133	0.1503759
NODE_198263_length_1256_cov_3.548833	847	980	14	5	133	0.0375940
NODE_198263_length_1256_cov_3.548833	847	980	15	16	133	0.1203008
NODE_198263_length_1256_cov_3.548833	847	980	16	44	133	0.3308271
NODE_198263_length_1256_cov_3.548833	847	980	17	14	133	0.1052632
NODE_198263_length_1256_cov_3.548833	847	980	18	5	133	0.0375940
NODE_198263_length_1256_cov_3.548833	847	980	19	2	133	0.0150376
NODE_198297_length_1256_cov_3.004322	315	448	1	113	133	0.8496240
NODE_198297_length_1256_cov_3.004322	315	448	2	20	133	0.1503759
NODE_198377_length_1255_cov_4.317474	628	761	10	2	133	0.0150376
NODE_198377_length_1255_cov_4.317474	628	761	11	5	133	0.0375940
NODE_198377_length_1255_cov_4.317474	628	761	12	5	133	0.0375940
NODE_198377_length_1255_cov_4.317474	628	761	13	1	133	0.0075188
NODE_198377_length_1255_cov_4.317474	628	761	14	2	133	0.0150376
NODE_198377_length_1255_cov_4.317474	628	761	15	3	133	0.0225564
NODE_198377_length_1255_cov_4.317474	628	761	17	5	133	0.0375940
NODE_198377_length_1255_cov_4.317474	628	761	18	4	133	0.0300752
NODE_198377_length_1255_cov_4.317474	628	761	19	11	133	0.0827068
NODE_198377_length_1255_cov_4.317474	628	761	20	12	133	0.0902256
NODE_198377_length_1255_cov_4.317474	628	761	21	14	133	0.1052632
NODE_198377_length_1255_cov_4.317474	628	761	22	33	133	0.2481203
NODE_198377_length_1255_cov_4.317474	628	761	23	31	133	0.2330827
NODE_198377_length_1255_cov_4.317474	628	761	24	5	133	0.0375940
NODE_198379_length_1255_cov_4.258651	725	858	2	41	133	0.3082707
NODE_198379_length_1255_cov_4.258651	725	858	3	62	133	0.4661654
NODE_198379_length_1255_cov_4.258651	725	858	4	30	133	0.2255639
NODE_198418_length_1255_cov_3.473183	548	681	9	1	133	0.0075188
NODE_198418_length_1255_cov_3.473183	548	681	10	3	133	0.0225564
NODE_198418_length_1255_cov_3.473183	548	681	11	3	133	0.0225564
NODE_198418_length_1255_cov_3.473183	548	681	12	4	133	0.0300752
NODE_198418_length_1255_cov_3.473183	548	681	13	3	133	0.0225564
NODE_198418_length_1255_cov_3.473183	548	681	14	28	133	0.2105263
NODE_198418_length_1255_cov_3.473183	548	681	15	15	133	0.1127820
NODE_198418_length_1255_cov_3.473183	548	681	17	4	133	0.0300752
NODE_198418_length_1255_cov_3.473183	548	681	18	1	133	0.0075188
NODE_198418_length_1255_cov_3.473183	548	681	19	1	133	0.0075188
NODE_198418_length_1255_cov_3.473183	548	681	20	2	133	0.0150376
NODE_198418_length_1255_cov_3.473183	548	681	21	18	133	0.1353384
NODE_198418_length_1255_cov_3.473183	548	681	22	5	133	0.0375940
NODE_198418_length_1255_cov_3.473183	548	681	23	26	133	0.1954887
NODE_198418_length_1255_cov_3.473183	548	681	24	19	133	0.1428571
NODE_19841_length_5595_cov_4.230167	472	605	8	13	133	0.0977444
NODE_19841_length_5595_cov_4.230167	472	605	10	4	133	0.0300752
NODE_19841_length_5595_cov_4.230167	472	605	11	2	133	0.0150376
NODE_19841_length_5595_cov_4.230167	472	605	12	2	133	0.0150376
NODE_19841_length_5595_cov_4.230167	472	605	14	1	133	0.0075188
NODE_19841_length_5595_cov_4.230167	472	605	15	5	133	0.0375940
NODE_19841_length_5595_cov_4.230167	472	605	16	4	133	0.0300752
NODE_19841_length_5595_cov_4.230167	472	605	17	30	133	0.2255639
NODE_19841_length_5595_cov_4.230167	472	605	19	5	133	0.0375940
NODE_19841_length_5595_cov_4.230167	472	605	20	4	133	0.0300752
NODE_19841_length_5595_cov_4.230167	472	605	21	22	133	0.1654135
NODE_19841_length_5595_cov_4.230167	472	605	22	27	133	0.2030075
NODE_19841_length_5595_cov_4.230167	472	605	23	14	133	0.1052632
NODE_198459_length_1255_cov_2.788062	899	1032	3	9	133	0.0676692
NODE_198459_length_1255_cov_2.788062	899	1032	5	7	133	0.0526316
NODE_198459_length_1255_cov_2.788062	899	1032	6	24	133	0.1804511
NODE_198459_length_1255_cov_2.788062	899	1032	7	1	133	0.0075188
NODE_198459_length_1255_cov_2.788062	899	1032	8	3	133	0.0225564
NODE_198459_length_1255_cov_2.788062	899	1032	9	10	133	0.0751880
NODE_198459_length_1255_cov_2.788062	899	1032	10	3	133	0.0225564
NODE_198459_length_1255_cov_2.788062	899	1032	11	2	133	0.0150376
NODE_198459_length_1255_cov_2.788062	899	1032	12	25	133	0.1879699
NODE_198459_length_1255_cov_2.788062	899	1032	13	1	133	0.0075188
NODE_198459_length_1255_cov_2.788062	899	1032	14	48	133	0.3609022
NODE_19849_length_5594_cov_4.078253	1106	1239	13	16	133	0.1203008
NODE_19849_length_5594_cov_4.078253	1106	1239	14	11	133	0.0827068
NODE_19849_length_5594_cov_4.078253	1106	1239	15	25	133	0.1879699
NODE_19849_length_5594_cov_4.078253	1106	1239	16	27	133	0.2030075
NODE_19849_length_5594_cov_4.078253	1106	1239	17	43	133	0.3233083
NODE_19849_length_5594_cov_4.078253	1106	1239	18	10	133	0.0751880
NODE_19849_length_5594_cov_4.078253	1106	1239	19	1	133	0.0075188
NODE_19857_length_5592_cov_5.335882	3136	3269	11	2	133	0.0150376
NODE_19857_length_5592_cov_5.335882	3136	3269	12	11	133	0.0827068
NODE_19857_length_5592_cov_5.335882	3136	3269	13	8	133	0.0601504
NODE_19857_length_5592_cov_5.335882	3136	3269	14	1	133	0.0075188
NODE_19857_length_5592_cov_5.335882	3136	3269	15	8	133	0.0601504
NODE_19857_length_5592_cov_5.335882	3136	3269	16	4	133	0.0300752
NODE_19857_length_5592_cov_5.335882	3136	3269	17	28	133	0.2105263
NODE_19857_length_5592_cov_5.335882	3136	3269	18	12	133	0.0902256
NODE_19857_length_5592_cov_5.335882	3136	3269	19	38	133	0.2857143
NODE_19857_length_5592_cov_5.335882	3136	3269	20	19	133	0.1428571
NODE_19857_length_5592_cov_5.335882	3136	3269	21	2	133	0.0150376
NODE_1985_length_12419_cov_4.667857	8642	8775	4	5	133	0.0375940
NODE_1985_length_12419_cov_4.667857	8642	8775	5	1	133	0.0075188
NODE_1985_length_12419_cov_4.667857	8642	8775	6	70	133	0.5263158
NODE_1985_length_12419_cov_4.667857	8642	8775	7	52	133	0.3909774
NODE_1985_length_12419_cov_4.667857	8642	8775	8	5	133	0.0375940
NODE_198714_length_1253_cov_4.030329	667	800	8	22	133	0.1654135
NODE_198714_length_1253_cov_4.030329	667	800	9	1	133	0.0075188
NODE_198714_length_1253_cov_4.030329	667	800	10	6	133	0.0451128
NODE_198714_length_1253_cov_4.030329	667	800	11	2	133	0.0150376
NODE_198714_length_1253_cov_4.030329	667	800	12	20	133	0.1503759
NODE_198714_length_1253_cov_4.030329	667	800	13	4	133	0.0300752
NODE_198714_length_1253_cov_4.030329	667	800	14	2	133	0.0150376
NODE_198714_length_1253_cov_4.030329	667	800	15	38	133	0.2857143
NODE_198714_length_1253_cov_4.030329	667	800	16	6	133	0.0451128
NODE_198714_length_1253_cov_4.030329	667	800	17	32	133	0.2406015
NODE_198732_length_1253_cov_3.800693	321	454	12	8	133	0.0601504
NODE_198732_length_1253_cov_3.800693	321	454	14	7	133	0.0526316
NODE_198732_length_1253_cov_3.800693	321	454	16	4	133	0.0300752
NODE_198732_length_1253_cov_3.800693	321	454	17	5	133	0.0375940
NODE_198732_length_1253_cov_3.800693	321	454	18	4	133	0.0300752
NODE_198732_length_1253_cov_3.800693	321	454	19	2	133	0.0150376
NODE_198732_length_1253_cov_3.800693	321	454	20	5	133	0.0375940
NODE_198732_length_1253_cov_3.800693	321	454	21	1	133	0.0075188
NODE_198732_length_1253_cov_3.800693	321	454	22	2	133	0.0150376
NODE_198732_length_1253_cov_3.800693	321	454	24	22	133	0.1654135
NODE_198732_length_1253_cov_3.800693	321	454	25	16	133	0.1203008
NODE_198732_length_1253_cov_3.800693	321	454	26	14	133	0.1052632
NODE_198732_length_1253_cov_3.800693	321	454	27	29	133	0.2180451
NODE_198732_length_1253_cov_3.800693	321	454	28	14	133	0.1052632
NODE_198740_length_1253_cov_3.712305	329	462	0	1	133	0.0075188
NODE_198740_length_1253_cov_3.712305	329	462	1	8	133	0.0601504
NODE_198740_length_1253_cov_3.712305	329	462	2	32	133	0.2406015
NODE_198740_length_1253_cov_3.712305	329	462	5	92	133	0.6917293
NODE_199114_length_1251_cov_2.724826	876	1009	4	10	133	0.0751880
NODE_199114_length_1251_cov_2.724826	876	1009	5	15	133	0.1127820
NODE_199114_length_1251_cov_2.724826	876	1009	6	54	133	0.4060150
NODE_199114_length_1251_cov_2.724826	876	1009	7	3	133	0.0225564
NODE_199114_length_1251_cov_2.724826	876	1009	9	36	133	0.2706767
NODE_199114_length_1251_cov_2.724826	876	1009	10	11	133	0.0827068
NODE_199114_length_1251_cov_2.724826	876	1009	11	4	133	0.0300752
NODE_19912_length_5583_cov_5.145879	358	491	28	4	133	0.0300752
NODE_19912_length_5583_cov_5.145879	358	491	29	1	133	0.0075188
NODE_19912_length_5583_cov_5.145879	358	491	30	5	133	0.0375940
NODE_19912_length_5583_cov_5.145879	358	491	31	6	133	0.0451128
NODE_19912_length_5583_cov_5.145879	358	491	32	2	133	0.0150376
NODE_19912_length_5583_cov_5.145879	358	491	35	2	133	0.0150376
NODE_19912_length_5583_cov_5.145879	358	491	37	11	133	0.0827068
NODE_19912_length_5583_cov_5.145879	358	491	38	8	133	0.0601504
NODE_19912_length_5583_cov_5.145879	358	491	39	7	133	0.0526316
NODE_19912_length_5583_cov_5.145879	358	491	40	12	133	0.0902256
NODE_19912_length_5583_cov_5.145879	358	491	41	22	133	0.1654135
NODE_19912_length_5583_cov_5.145879	358	491	42	13	133	0.0977444
NODE_19912_length_5583_cov_5.145879	358	491	43	18	133	0.1353384
NODE_19912_length_5583_cov_5.145879	358	491	44	12	133	0.0902256
NODE_19912_length_5583_cov_5.145879	358	491	45	5	133	0.0375940
NODE_19912_length_5583_cov_5.145879	358	491	46	5	133	0.0375940
NODE_199158_length_1250_cov_5.112945	930	1063	4	10	133	0.0751880
NODE_199158_length_1250_cov_5.112945	930	1063	6	5	133	0.0375940
NODE_199158_length_1250_cov_5.112945	930	1063	7	2	133	0.0150376
NODE_199158_length_1250_cov_5.112945	930	1063	8	24	133	0.1804511
NODE_199158_length_1250_cov_5.112945	930	1063	9	24	133	0.1804511
NODE_199158_length_1250_cov_5.112945	930	1063	10	6	133	0.0451128
NODE_199158_length_1250_cov_5.112945	930	1063	11	17	133	0.1278196
NODE_199158_length_1250_cov_5.112945	930	1063	12	45	133	0.3383459
NODE_199334_length_1249_cov_4.200870	783	916	0	79	133	0.5939850
NODE_199334_length_1249_cov_4.200870	783	916	2	14	133	0.1052632
NODE_199334_length_1249_cov_4.200870	783	916	3	25	133	0.1879699
NODE_199334_length_1249_cov_4.200870	783	916	4	8	133	0.0601504
NODE_199334_length_1249_cov_4.200870	783	916	6	7	133	0.0526316
NODE_199421_length_1249_cov_2.561739	449	582	12	3	133	0.0225564
NODE_199421_length_1249_cov_2.561739	449	582	14	8	133	0.0601504
NODE_199421_length_1249_cov_2.561739	449	582	15	4	133	0.0300752
NODE_199421_length_1249_cov_2.561739	449	582	17	8	133	0.0601504
NODE_199421_length_1249_cov_2.561739	449	582	18	1	133	0.0075188
NODE_199421_length_1249_cov_2.561739	449	582	19	2	133	0.0150376
NODE_199421_length_1249_cov_2.561739	449	582	22	2	133	0.0150376
NODE_199421_length_1249_cov_2.561739	449	582	23	1	133	0.0075188
NODE_199421_length_1249_cov_2.561739	449	582	24	3	133	0.0225564
NODE_199421_length_1249_cov_2.561739	449	582	25	2	133	0.0150376
NODE_199421_length_1249_cov_2.561739	449	582	26	2	133	0.0150376
NODE_199421_length_1249_cov_2.561739	449	582	27	8	133	0.0601504
NODE_199421_length_1249_cov_2.561739	449	582	28	5	133	0.0375940
NODE_199421_length_1249_cov_2.561739	449	582	29	11	133	0.0827068
NODE_199421_length_1249_cov_2.561739	449	582	32	8	133	0.0601504
NODE_199421_length_1249_cov_2.561739	449	582	33	4	133	0.0300752
NODE_199421_length_1249_cov_2.561739	449	582	34	1	133	0.0075188
NODE_199421_length_1249_cov_2.561739	449	582	35	5	133	0.0375940
NODE_199421_length_1249_cov_2.561739	449	582	36	27	133	0.2030075
NODE_199421_length_1249_cov_2.561739	449	582	37	8	133	0.0601504
NODE_199421_length_1249_cov_2.561739	449	582	38	20	133	0.1503759
NODE_199487_length_1248_cov_4.406440	371	504	36	2	133	0.0150376
NODE_199487_length_1248_cov_4.406440	371	504	37	7	133	0.0526316
NODE_199487_length_1248_cov_4.406440	371	504	40	2	133	0.0150376
NODE_199487_length_1248_cov_4.406440	371	504	41	5	133	0.0375940
NODE_199487_length_1248_cov_4.406440	371	504	42	2	133	0.0150376
NODE_199487_length_1248_cov_4.406440	371	504	43	9	133	0.0676692
NODE_199487_length_1248_cov_4.406440	371	504	44	1	133	0.0075188
NODE_199487_length_1248_cov_4.406440	371	504	45	4	133	0.0300752
NODE_199487_length_1248_cov_4.406440	371	504	46	4	133	0.0300752
NODE_199487_length_1248_cov_4.406440	371	504	47	1	133	0.0075188
NODE_199487_length_1248_cov_4.406440	371	504	48	1	133	0.0075188
NODE_199487_length_1248_cov_4.406440	371	504	49	1	133	0.0075188
NODE_199487_length_1248_cov_4.406440	371	504	51	1	133	0.0075188
NODE_199487_length_1248_cov_4.406440	371	504	52	4	133	0.0300752
NODE_199487_length_1248_cov_4.406440	371	504	53	1	133	0.0075188
NODE_199487_length_1248_cov_4.406440	371	504	54	1	133	0.0075188
NODE_199487_length_1248_cov_4.406440	371	504	55	3	133	0.0225564
NODE_199487_length_1248_cov_4.406440	371	504	56	2	133	0.0150376
NODE_199487_length_1248_cov_4.406440	371	504	57	3	133	0.0225564
NODE_199487_length_1248_cov_4.406440	371	504	58	4	133	0.0300752
NODE_199487_length_1248_cov_4.406440	371	504	59	11	133	0.0827068
NODE_199487_length_1248_cov_4.406440	371	504	60	4	133	0.0300752
NODE_199487_length_1248_cov_4.406440	371	504	61	4	133	0.0300752
NODE_199487_length_1248_cov_4.406440	371	504	62	5	133	0.0375940
NODE_199487_length_1248_cov_4.406440	371	504	63	13	133	0.0977444
NODE_199487_length_1248_cov_4.406440	371	504	64	26	133	0.1954887
NODE_199487_length_1248_cov_4.406440	371	504	65	5	133	0.0375940
NODE_199487_length_1248_cov_4.406440	371	504	66	7	133	0.0526316
NODE_19964_length_5577_cov_5.248266	2380	2513	8	8	133	0.0601504
NODE_19964_length_5577_cov_5.248266	2380	2513	13	29	133	0.2180451
NODE_19964_length_5577_cov_5.248266	2380	2513	14	7	133	0.0526316
NODE_19964_length_5577_cov_5.248266	2380	2513	16	29	133	0.2180451
NODE_19964_length_5577_cov_5.248266	2380	2513	17	18	133	0.1353384
NODE_19964_length_5577_cov_5.248266	2380	2513	18	12	133	0.0902256
NODE_19964_length_5577_cov_5.248266	2380	2513	19	26	133	0.1954887
NODE_19964_length_5577_cov_5.248266	2380	2513	21	4	133	0.0300752
NODE_19965_length_5577_cov_5.177072	1500	1633	4	4	133	0.0300752
NODE_19965_length_5577_cov_5.177072	1500	1633	6	16	133	0.1203008
NODE_19965_length_5577_cov_5.177072	1500	1633	7	51	133	0.3834586
NODE_19965_length_5577_cov_5.177072	1500	1633	8	44	133	0.3308271
NODE_19965_length_5577_cov_5.177072	1500	1633	9	3	133	0.0225564
NODE_19965_length_5577_cov_5.177072	1500	1633	10	15	133	0.1127820
NODE_199706_length_1247_cov_3.094948	488	621	21	3	133	0.0225564
NODE_199706_length_1247_cov_3.094948	488	621	23	5	133	0.0375940
NODE_199706_length_1247_cov_3.094948	488	621	25	21	133	0.1578947
NODE_199706_length_1247_cov_3.094948	488	621	26	3	133	0.0225564
NODE_199706_length_1247_cov_3.094948	488	621	27	3	133	0.0225564
NODE_199706_length_1247_cov_3.094948	488	621	28	9	133	0.0676692
NODE_199706_length_1247_cov_3.094948	488	621	29	17	133	0.1278196
NODE_199706_length_1247_cov_3.094948	488	621	30	14	133	0.1052632
NODE_199706_length_1247_cov_3.094948	488	621	31	12	133	0.0902256
NODE_199706_length_1247_cov_3.094948	488	621	32	9	133	0.0676692
NODE_199706_length_1247_cov_3.094948	488	621	33	4	133	0.0300752
NODE_199706_length_1247_cov_3.094948	488	621	34	16	133	0.1203008
NODE_199706_length_1247_cov_3.094948	488	621	35	2	133	0.0150376
NODE_199706_length_1247_cov_3.094948	488	621	36	15	133	0.1127820
NODE_199909_length_1245_cov_5.920593	469	602	18	4	133	0.0300752
NODE_199909_length_1245_cov_5.920593	469	602	19	5	133	0.0375940
NODE_199909_length_1245_cov_5.920593	469	602	20	1	133	0.0075188
NODE_199909_length_1245_cov_5.920593	469	602	21	6	133	0.0451128
NODE_199909_length_1245_cov_5.920593	469	602	22	5	133	0.0375940
NODE_199909_length_1245_cov_5.920593	469	602	26	3	133	0.0225564
NODE_199909_length_1245_cov_5.920593	469	602	27	5	133	0.0375940
NODE_199909_length_1245_cov_5.920593	469	602	28	11	133	0.0827068
NODE_199909_length_1245_cov_5.920593	469	602	29	17	133	0.1278196
NODE_199909_length_1245_cov_5.920593	469	602	30	16	133	0.1203008
NODE_199909_length_1245_cov_5.920593	469	602	31	18	133	0.1353384
NODE_199909_length_1245_cov_5.920593	469	602	32	9	133	0.0676692
NODE_199909_length_1245_cov_5.920593	469	602	33	9	133	0.0676692
NODE_199909_length_1245_cov_5.920593	469	602	34	4	133	0.0300752
NODE_199909_length_1245_cov_5.920593	469	602	35	18	133	0.1353384
NODE_199909_length_1245_cov_5.920593	469	602	36	2	133	0.0150376
NODE_19991_length_5573_cov_3.193643	5190	5323	0	46	133	0.3458647
NODE_19991_length_5573_cov_3.193643	5190	5323	1	27	133	0.2030075
NODE_19991_length_5573_cov_3.193643	5190	5323	2	7	133	0.0526316
NODE_19991_length_5573_cov_3.193643	5190	5323	4	16	133	0.1203008
NODE_19991_length_5573_cov_3.193643	5190	5323	5	37	133	0.2781955
NODE_20020_length_5567_cov_5.807608	2301	2434	9	1	133	0.0075188
NODE_20020_length_5567_cov_5.807608	2301	2434	10	20	133	0.1503759
NODE_20020_length_5567_cov_5.807608	2301	2434	12	11	133	0.0827068
NODE_20020_length_5567_cov_5.807608	2301	2434	13	1	133	0.0075188
NODE_20020_length_5567_cov_5.807608	2301	2434	14	5	133	0.0375940
NODE_20020_length_5567_cov_5.807608	2301	2434	15	7	133	0.0526316
NODE_20020_length_5567_cov_5.807608	2301	2434	16	1	133	0.0075188
NODE_20020_length_5567_cov_5.807608	2301	2434	17	3	133	0.0225564
NODE_20020_length_5567_cov_5.807608	2301	2434	18	7	133	0.0526316
NODE_20020_length_5567_cov_5.807608	2301	2434	19	10	133	0.0751880
NODE_20020_length_5567_cov_5.807608	2301	2434	20	4	133	0.0300752
NODE_20020_length_5567_cov_5.807608	2301	2434	22	14	133	0.1052632
NODE_20020_length_5567_cov_5.807608	2301	2434	24	5	133	0.0375940
NODE_20020_length_5567_cov_5.807608	2301	2434	25	19	133	0.1428571
NODE_20020_length_5567_cov_5.807608	2301	2434	26	22	133	0.1654135
NODE_20020_length_5567_cov_5.807608	2301	2434	27	3	133	0.0225564
NODE_20027_length_5566_cov_4.635083	3170	3303	7	12	133	0.0902256
NODE_20027_length_5566_cov_4.635083	3170	3303	8	1	133	0.0075188
NODE_20027_length_5566_cov_4.635083	3170	3303	9	5	133	0.0375940
NODE_20027_length_5566_cov_4.635083	3170	3303	10	17	133	0.1278196
NODE_20027_length_5566_cov_4.635083	3170	3303	11	10	133	0.0751880
NODE_20027_length_5566_cov_4.635083	3170	3303	12	35	133	0.2631579
NODE_20027_length_5566_cov_4.635083	3170	3303	13	38	133	0.2857143
NODE_20027_length_5566_cov_4.635083	3170	3303	14	15	133	0.1127820
NODE_20043_length_5564_cov_14.633852	3560	3693	0	31	133	0.2330827
NODE_20043_length_5564_cov_14.633852	3560	3693	1	6	133	0.0451128
NODE_20043_length_5564_cov_14.633852	3560	3693	2	15	133	0.1127820
NODE_20043_length_5564_cov_14.633852	3560	3693	3	4	133	0.0300752
NODE_20043_length_5564_cov_14.633852	3560	3693	4	8	133	0.0601504
NODE_20043_length_5564_cov_14.633852	3560	3693	6	69	133	0.5187970
NODE_200592_length_1241_cov_4.049912	785	918	0	26	133	0.1954887
NODE_200592_length_1241_cov_4.049912	785	918	1	46	133	0.3458647
NODE_200592_length_1241_cov_4.049912	785	918	2	51	133	0.3834586
NODE_200592_length_1241_cov_4.049912	785	918	3	10	133	0.0751880
NODE_2007_length_12384_cov_12.023525	1549	1682	11	10	133	0.0751880
NODE_2007_length_12384_cov_12.023525	1549	1682	12	9	133	0.0676692
NODE_2007_length_12384_cov_12.023525	1549	1682	13	64	133	0.4812030
NODE_2007_length_12384_cov_12.023525	1549	1682	14	48	133	0.3609022
NODE_2007_length_12384_cov_12.023525	1549	1682	15	2	133	0.0150376
NODE_20083_length_5559_cov_3.178755	1206	1339	4	6	133	0.0451128
NODE_20083_length_5559_cov_3.178755	1206	1339	5	24	133	0.1804511
NODE_20083_length_5559_cov_3.178755	1206	1339	6	85	133	0.6390978
NODE_20083_length_5559_cov_3.178755	1206	1339	7	4	133	0.0300752
NODE_20083_length_5559_cov_3.178755	1206	1339	8	14	133	0.1052632
NODE_20085_length_5558_cov_4.458692	4815	4948	6	4	133	0.0300752
NODE_20085_length_5558_cov_4.458692	4815	4948	8	15	133	0.1127820
NODE_20085_length_5558_cov_4.458692	4815	4948	9	15	133	0.1127820
NODE_20085_length_5558_cov_4.458692	4815	4948	10	24	133	0.1804511
NODE_20085_length_5558_cov_4.458692	4815	4948	11	21	133	0.1578947
NODE_20085_length_5558_cov_4.458692	4815	4948	12	22	133	0.1654135
NODE_20085_length_5558_cov_4.458692	4815	4948	13	19	133	0.1428571
NODE_20085_length_5558_cov_4.458692	4815	4948	14	13	133	0.0977444
NODE_200931_length_1239_cov_3.535088	352	485	7	9	133	0.0676692
NODE_200931_length_1239_cov_3.535088	352	485	8	14	133	0.1052632
NODE_200931_length_1239_cov_3.535088	352	485	10	7	133	0.0526316
NODE_200931_length_1239_cov_3.535088	352	485	11	7	133	0.0526316
NODE_200931_length_1239_cov_3.535088	352	485	12	38	133	0.2857143
NODE_200931_length_1239_cov_3.535088	352	485	13	33	133	0.2481203
NODE_200931_length_1239_cov_3.535088	352	485	14	9	133	0.0676692
NODE_200931_length_1239_cov_3.535088	352	485	15	11	133	0.0827068
NODE_200931_length_1239_cov_3.535088	352	485	16	5	133	0.0375940
NODE_200935_length_1239_cov_3.434211	579	712	8	2	133	0.0150376
NODE_200935_length_1239_cov_3.434211	579	712	9	2	133	0.0150376
NODE_200935_length_1239_cov_3.434211	579	712	10	4	133	0.0300752
NODE_200935_length_1239_cov_3.434211	579	712	11	13	133	0.0977444
NODE_200935_length_1239_cov_3.434211	579	712	14	1	133	0.0075188
NODE_200935_length_1239_cov_3.434211	579	712	15	16	133	0.1203008
NODE_200935_length_1239_cov_3.434211	579	712	16	28	133	0.2105263
NODE_200935_length_1239_cov_3.434211	579	712	17	10	133	0.0751880
NODE_200935_length_1239_cov_3.434211	579	712	18	10	133	0.0751880
NODE_200935_length_1239_cov_3.434211	579	712	19	47	133	0.3533835
NODE_200_length_21796_cov_4.601097	19253	19386	3	21	133	0.1578947
NODE_200_length_21796_cov_4.601097	19253	19386	4	16	133	0.1203008
NODE_200_length_21796_cov_4.601097	19253	19386	5	44	133	0.3308271
NODE_200_length_21796_cov_4.601097	19253	19386	7	52	133	0.3909774
NODE_20104_length_5555_cov_5.436584	326	459	16	4	133	0.0300752
NODE_20104_length_5555_cov_5.436584	326	459	18	15	133	0.1127820
NODE_20104_length_5555_cov_5.436584	326	459	19	6	133	0.0451128
NODE_20104_length_5555_cov_5.436584	326	459	20	2	133	0.0150376
NODE_20104_length_5555_cov_5.436584	326	459	21	10	133	0.0751880
NODE_20104_length_5555_cov_5.436584	326	459	22	11	133	0.0827068
NODE_20104_length_5555_cov_5.436584	326	459	23	13	133	0.0977444
NODE_20104_length_5555_cov_5.436584	326	459	24	1	133	0.0075188
NODE_20104_length_5555_cov_5.436584	326	459	25	5	133	0.0375940
NODE_20104_length_5555_cov_5.436584	326	459	26	4	133	0.0300752
NODE_20104_length_5555_cov_5.436584	326	459	27	11	133	0.0827068
NODE_20104_length_5555_cov_5.436584	326	459	28	38	133	0.2857143
NODE_20104_length_5555_cov_5.436584	326	459	30	13	133	0.0977444
NODE_201200_length_1237_cov_4.964851	175	308	7	32	133	0.2406015
NODE_201200_length_1237_cov_4.964851	175	308	8	18	133	0.1353384
NODE_201200_length_1237_cov_4.964851	175	308	9	28	133	0.2105263
NODE_201200_length_1237_cov_4.964851	175	308	10	1	133	0.0075188
NODE_201200_length_1237_cov_4.964851	175	308	11	54	133	0.4060150
NODE_201212_length_1237_cov_4.617750	1000	1133	0	39	133	0.2932331
NODE_201212_length_1237_cov_4.617750	1000	1133	1	94	133	0.7067669
NODE_201323_length_1237_cov_2.527241	933	1066	1	2	133	0.0150376
NODE_201323_length_1237_cov_2.527241	933	1066	2	35	133	0.2631579
NODE_201323_length_1237_cov_2.527241	933	1066	4	96	133	0.7218045
NODE_201389_length_1236_cov_4.481970	900	1033	1	22	133	0.1654135
NODE_201389_length_1236_cov_4.481970	900	1033	2	109	133	0.8195488
NODE_201389_length_1236_cov_4.481970	900	1033	3	2	133	0.0150376
NODE_201526_length_1235_cov_5.425176	815	948	6	3	133	0.0225564
NODE_201526_length_1235_cov_5.425176	815	948	7	9	133	0.0676692
NODE_201526_length_1235_cov_5.425176	815	948	8	27	133	0.2030075
NODE_201526_length_1235_cov_5.425176	815	948	9	5	133	0.0375940
NODE_201526_length_1235_cov_5.425176	815	948	12	2	133	0.0150376
NODE_201526_length_1235_cov_5.425176	815	948	13	1	133	0.0075188
NODE_201526_length_1235_cov_5.425176	815	948	14	14	133	0.1052632
NODE_201526_length_1235_cov_5.425176	815	948	15	4	133	0.0300752
NODE_201526_length_1235_cov_5.425176	815	948	16	12	133	0.0902256
NODE_201526_length_1235_cov_5.425176	815	948	17	19	133	0.1428571
NODE_201526_length_1235_cov_5.425176	815	948	18	12	133	0.0902256
NODE_201526_length_1235_cov_5.425176	815	948	19	3	133	0.0225564
NODE_201526_length_1235_cov_5.425176	815	948	20	12	133	0.0902256
NODE_201526_length_1235_cov_5.425176	815	948	21	10	133	0.0751880
NODE_201566_length_1235_cov_4.214789	564	697	14	10	133	0.0751880
NODE_201566_length_1235_cov_4.214789	564	697	15	2	133	0.0150376
NODE_201566_length_1235_cov_4.214789	564	697	16	6	133	0.0451128
NODE_201566_length_1235_cov_4.214789	564	697	18	1	133	0.0075188
NODE_201566_length_1235_cov_4.214789	564	697	20	5	133	0.0375940
NODE_201566_length_1235_cov_4.214789	564	697	22	3	133	0.0225564
NODE_201566_length_1235_cov_4.214789	564	697	23	3	133	0.0225564
NODE_201566_length_1235_cov_4.214789	564	697	24	2	133	0.0150376
NODE_201566_length_1235_cov_4.214789	564	697	25	2	133	0.0150376
NODE_201566_length_1235_cov_4.214789	564	697	27	3	133	0.0225564
NODE_201566_length_1235_cov_4.214789	564	697	28	3	133	0.0225564
NODE_201566_length_1235_cov_4.214789	564	697	29	11	133	0.0827068
NODE_201566_length_1235_cov_4.214789	564	697	31	4	133	0.0300752
NODE_201566_length_1235_cov_4.214789	564	697	32	8	133	0.0601504
NODE_201566_length_1235_cov_4.214789	564	697	33	22	133	0.1654135
NODE_201566_length_1235_cov_4.214789	564	697	34	3	133	0.0225564
NODE_201566_length_1235_cov_4.214789	564	697	35	23	133	0.1729323
NODE_201566_length_1235_cov_4.214789	564	697	36	4	133	0.0300752
NODE_201566_length_1235_cov_4.214789	564	697	37	2	133	0.0150376
NODE_201566_length_1235_cov_4.214789	564	697	38	9	133	0.0676692
NODE_201566_length_1235_cov_4.214789	564	697	39	7	133	0.0526316
NODE_201661_length_1235_cov_2.754401	636	769	4	10	133	0.0751880
NODE_201661_length_1235_cov_2.754401	636	769	5	19	133	0.1428571
NODE_201661_length_1235_cov_2.754401	636	769	6	12	133	0.0902256
NODE_201661_length_1235_cov_2.754401	636	769	7	18	133	0.1353384
NODE_201661_length_1235_cov_2.754401	636	769	8	37	133	0.2781955
NODE_201661_length_1235_cov_2.754401	636	769	9	37	133	0.2781955
NODE_20167_length_5548_cov_3.801248	666	799	0	46	133	0.3458647
NODE_20167_length_5548_cov_3.801248	666	799	2	87	133	0.6541353
NODE_20175_length_5547_cov_3.838106	1868	2001	8	32	133	0.2406015
NODE_20175_length_5547_cov_3.838106	1868	2001	9	17	133	0.1278196
NODE_20175_length_5547_cov_3.838106	1868	2001	10	8	133	0.0601504
NODE_20175_length_5547_cov_3.838106	1868	2001	12	10	133	0.0751880
NODE_20175_length_5547_cov_3.838106	1868	2001	13	25	133	0.1879699
NODE_20175_length_5547_cov_3.838106	1868	2001	14	9	133	0.0676692
NODE_20175_length_5547_cov_3.838106	1868	2001	15	17	133	0.1278196
NODE_20175_length_5547_cov_3.838106	1868	2001	17	13	133	0.0977444
NODE_20175_length_5547_cov_3.838106	1868	2001	19	2	133	0.0150376
NODE_20188_length_5544_cov_6.499357	4854	4987	12	26	133	0.1954887
NODE_20188_length_5544_cov_6.499357	4854	4987	13	4	133	0.0300752
NODE_20188_length_5544_cov_6.499357	4854	4987	14	47	133	0.3533835
NODE_20188_length_5544_cov_6.499357	4854	4987	15	51	133	0.3834586
NODE_20188_length_5544_cov_6.499357	4854	4987	16	5	133	0.0375940
NODE_201_length_21762_cov_4.461894	1457	1590	7	2	133	0.0150376
NODE_201_length_21762_cov_4.461894	1457	1590	8	18	133	0.1353384
NODE_201_length_21762_cov_4.461894	1457	1590	9	20	133	0.1503759
NODE_201_length_21762_cov_4.461894	1457	1590	10	10	133	0.0751880
NODE_201_length_21762_cov_4.461894	1457	1590	11	32	133	0.2406015
NODE_201_length_21762_cov_4.461894	1457	1590	12	24	133	0.1804511
NODE_201_length_21762_cov_4.461894	1457	1590	13	14	133	0.1052632
NODE_201_length_21762_cov_4.461894	1457	1590	14	13	133	0.0977444
NODE_20203_length_5542_cov_4.815359	4946	5079	20	7	133	0.0526316
NODE_20203_length_5542_cov_4.815359	4946	5079	21	12	133	0.0902256
NODE_20203_length_5542_cov_4.815359	4946	5079	22	10	133	0.0751880
NODE_20203_length_5542_cov_4.815359	4946	5079	23	2	133	0.0150376
NODE_20203_length_5542_cov_4.815359	4946	5079	24	17	133	0.1278196
NODE_20203_length_5542_cov_4.815359	4946	5079	25	4	133	0.0300752
NODE_20203_length_5542_cov_4.815359	4946	5079	26	25	133	0.1879699
NODE_20203_length_5542_cov_4.815359	4946	5079	27	7	133	0.0526316
NODE_20203_length_5542_cov_4.815359	4946	5079	29	24	133	0.1804511
NODE_20203_length_5542_cov_4.815359	4946	5079	30	16	133	0.1203008
NODE_20203_length_5542_cov_4.815359	4946	5079	31	9	133	0.0676692
NODE_2020_length_12357_cov_4.495350	3633	3766	13	1	133	0.0075188
NODE_2020_length_12357_cov_4.495350	3633	3766	14	13	133	0.0977444
NODE_2020_length_12357_cov_4.495350	3633	3766	15	5	133	0.0375940
NODE_2020_length_12357_cov_4.495350	3633	3766	16	8	133	0.0601504
NODE_2020_length_12357_cov_4.495350	3633	3766	17	9	133	0.0676692
NODE_2020_length_12357_cov_4.495350	3633	3766	19	22	133	0.1654135
NODE_2020_length_12357_cov_4.495350	3633	3766	21	1	133	0.0075188
NODE_2020_length_12357_cov_4.495350	3633	3766	22	14	133	0.1052632
NODE_2020_length_12357_cov_4.495350	3633	3766	23	17	133	0.1278196
NODE_2020_length_12357_cov_4.495350	3633	3766	24	1	133	0.0075188
NODE_2020_length_12357_cov_4.495350	3633	3766	25	30	133	0.2255639
NODE_2020_length_12357_cov_4.495350	3633	3766	26	12	133	0.0902256
NODE_20213_length_5541_cov_5.978501	526	659	20	4	133	0.0300752
NODE_20213_length_5541_cov_5.978501	526	659	21	4	133	0.0300752
NODE_20213_length_5541_cov_5.978501	526	659	22	6	133	0.0451128
NODE_20213_length_5541_cov_5.978501	526	659	23	18	133	0.1353384
NODE_20213_length_5541_cov_5.978501	526	659	24	1	133	0.0075188
NODE_20213_length_5541_cov_5.978501	526	659	26	4	133	0.0300752
NODE_20213_length_5541_cov_5.978501	526	659	27	4	133	0.0300752
NODE_20213_length_5541_cov_5.978501	526	659	28	1	133	0.0075188
NODE_20213_length_5541_cov_5.978501	526	659	29	8	133	0.0601504
NODE_20213_length_5541_cov_5.978501	526	659	30	4	133	0.0300752
NODE_20213_length_5541_cov_5.978501	526	659	32	9	133	0.0676692
NODE_20213_length_5541_cov_5.978501	526	659	33	11	133	0.0827068
NODE_20213_length_5541_cov_5.978501	526	659	34	23	133	0.1729323
NODE_20213_length_5541_cov_5.978501	526	659	35	14	133	0.1052632
NODE_20213_length_5541_cov_5.978501	526	659	36	11	133	0.0827068
NODE_20213_length_5541_cov_5.978501	526	659	37	2	133	0.0150376
NODE_20213_length_5541_cov_5.978501	526	659	39	9	133	0.0676692
NODE_202382_length_1230_cov_4.869142	718	851	11	1	133	0.0075188
NODE_202382_length_1230_cov_4.869142	718	851	13	37	133	0.2781955
NODE_202382_length_1230_cov_4.869142	718	851	14	1	133	0.0075188
NODE_202382_length_1230_cov_4.869142	718	851	15	21	133	0.1578947
NODE_202382_length_1230_cov_4.869142	718	851	16	22	133	0.1654135
NODE_202382_length_1230_cov_4.869142	718	851	17	29	133	0.2180451
NODE_202382_length_1230_cov_4.869142	718	851	18	17	133	0.1278196
NODE_202382_length_1230_cov_4.869142	718	851	19	5	133	0.0375940
NODE_202448_length_1230_cov_3.307692	659	792	7	2	133	0.0150376
NODE_202448_length_1230_cov_3.307692	659	792	8	2	133	0.0150376
NODE_202448_length_1230_cov_3.307692	659	792	9	7	133	0.0526316
NODE_202448_length_1230_cov_3.307692	659	792	12	1	133	0.0075188
NODE_202448_length_1230_cov_3.307692	659	792	13	16	133	0.1203008
NODE_202448_length_1230_cov_3.307692	659	792	14	9	133	0.0676692
NODE_202448_length_1230_cov_3.307692	659	792	15	5	133	0.0375940
NODE_202448_length_1230_cov_3.307692	659	792	16	3	133	0.0225564
NODE_202448_length_1230_cov_3.307692	659	792	17	6	133	0.0451128
NODE_202448_length_1230_cov_3.307692	659	792	18	1	133	0.0075188
NODE_202448_length_1230_cov_3.307692	659	792	20	6	133	0.0451128
NODE_202448_length_1230_cov_3.307692	659	792	21	1	133	0.0075188
NODE_202448_length_1230_cov_3.307692	659	792	22	1	133	0.0075188
NODE_202448_length_1230_cov_3.307692	659	792	23	10	133	0.0751880
NODE_202448_length_1230_cov_3.307692	659	792	24	20	133	0.1503759
NODE_202448_length_1230_cov_3.307692	659	792	25	32	133	0.2406015
NODE_202448_length_1230_cov_3.307692	659	792	26	11	133	0.0827068
NODE_202511_length_1230_cov_1.795756	358	491	4	59	133	0.4436090
NODE_202511_length_1230_cov_1.795756	358	491	5	18	133	0.1353384
NODE_202511_length_1230_cov_1.795756	358	491	6	16	133	0.1203008
NODE_202511_length_1230_cov_1.795756	358	491	7	31	133	0.2330827
NODE_202511_length_1230_cov_1.795756	358	491	8	9	133	0.0676692
NODE_202572_length_1229_cov_4.012389	767	900	7	5	133	0.0375940
NODE_202572_length_1229_cov_4.012389	767	900	8	1	133	0.0075188
NODE_202572_length_1229_cov_4.012389	767	900	9	9	133	0.0676692
NODE_202572_length_1229_cov_4.012389	767	900	10	12	133	0.0902256
NODE_202572_length_1229_cov_4.012389	767	900	11	8	133	0.0601504
NODE_202572_length_1229_cov_4.012389	767	900	12	13	133	0.0977444
NODE_202572_length_1229_cov_4.012389	767	900	13	38	133	0.2857143
NODE_202572_length_1229_cov_4.012389	767	900	14	5	133	0.0375940
NODE_202572_length_1229_cov_4.012389	767	900	15	24	133	0.1804511
NODE_202572_length_1229_cov_4.012389	767	900	16	18	133	0.1353384
NODE_20257_length_5536_cov_3.925694	1658	1791	2	20	133	0.1503759
NODE_20257_length_5536_cov_3.925694	1658	1791	3	7	133	0.0526316
NODE_20257_length_5536_cov_3.925694	1658	1791	4	17	133	0.1278196
NODE_20257_length_5536_cov_3.925694	1658	1791	6	1	133	0.0075188
NODE_20257_length_5536_cov_3.925694	1658	1791	7	7	133	0.0526316
NODE_20257_length_5536_cov_3.925694	1658	1791	8	28	133	0.2105263
NODE_20257_length_5536_cov_3.925694	1658	1791	9	40	133	0.3007519
NODE_20257_length_5536_cov_3.925694	1658	1791	10	13	133	0.0977444
NODE_20260_length_5535_cov_4.839772	2290	2423	13	4	133	0.0300752
NODE_20260_length_5535_cov_4.839772	2290	2423	14	5	133	0.0375940
NODE_20260_length_5535_cov_4.839772	2290	2423	15	19	133	0.1428571
NODE_20260_length_5535_cov_4.839772	2290	2423	16	26	133	0.1954887
NODE_20260_length_5535_cov_4.839772	2290	2423	17	18	133	0.1353384
NODE_20260_length_5535_cov_4.839772	2290	2423	18	11	133	0.0827068
NODE_20260_length_5535_cov_4.839772	2290	2423	19	16	133	0.1203008
NODE_20260_length_5535_cov_4.839772	2290	2423	20	28	133	0.2105263
NODE_20260_length_5535_cov_4.839772	2290	2423	21	6	133	0.0451128
NODE_20274_length_5534_cov_4.118307	3627	3760	8	23	133	0.1729323
NODE_20274_length_5534_cov_4.118307	3627	3760	9	39	133	0.2932331
NODE_20274_length_5534_cov_4.118307	3627	3760	10	8	133	0.0601504
NODE_20274_length_5534_cov_4.118307	3627	3760	13	6	133	0.0451128
NODE_20274_length_5534_cov_4.118307	3627	3760	14	4	133	0.0300752
NODE_20274_length_5534_cov_4.118307	3627	3760	15	9	133	0.0676692
NODE_20274_length_5534_cov_4.118307	3627	3760	16	14	133	0.1052632
NODE_20274_length_5534_cov_4.118307	3627	3760	17	11	133	0.0827068
NODE_20274_length_5534_cov_4.118307	3627	3760	18	19	133	0.1428571
NODE_203086_length_1226_cov_3.510204	804	937	7	9	133	0.0676692
NODE_203086_length_1226_cov_3.510204	804	937	8	11	133	0.0827068
NODE_203086_length_1226_cov_3.510204	804	937	9	20	133	0.1503759
NODE_203086_length_1226_cov_3.510204	804	937	11	9	133	0.0676692
NODE_203086_length_1226_cov_3.510204	804	937	13	36	133	0.2706767
NODE_203086_length_1226_cov_3.510204	804	937	15	29	133	0.2180451
NODE_203086_length_1226_cov_3.510204	804	937	16	19	133	0.1428571
NODE_203128_length_1226_cov_2.808341	597	730	5	7	133	0.0526316
NODE_203128_length_1226_cov_2.808341	597	730	7	5	133	0.0375940
NODE_203128_length_1226_cov_2.808341	597	730	9	19	133	0.1428571
NODE_203128_length_1226_cov_2.808341	597	730	11	10	133	0.0751880
NODE_203128_length_1226_cov_2.808341	597	730	12	1	133	0.0075188
NODE_203128_length_1226_cov_2.808341	597	730	13	15	133	0.1127820
NODE_203128_length_1226_cov_2.808341	597	730	14	23	133	0.1729323
NODE_203128_length_1226_cov_2.808341	597	730	15	20	133	0.1503759
NODE_203128_length_1226_cov_2.808341	597	730	16	23	133	0.1729323
NODE_203128_length_1226_cov_2.808341	597	730	17	10	133	0.0751880
NODE_203176_length_1225_cov_5.341918	496	629	16	1	133	0.0075188
NODE_203176_length_1225_cov_5.341918	496	629	17	28	133	0.2105263
NODE_203176_length_1225_cov_5.341918	496	629	18	2	133	0.0150376
NODE_203176_length_1225_cov_5.341918	496	629	19	1	133	0.0075188
NODE_203176_length_1225_cov_5.341918	496	629	20	23	133	0.1729323
NODE_203176_length_1225_cov_5.341918	496	629	21	5	133	0.0375940
NODE_203176_length_1225_cov_5.341918	496	629	22	23	133	0.1729323
NODE_203176_length_1225_cov_5.341918	496	629	23	22	133	0.1654135
NODE_203176_length_1225_cov_5.341918	496	629	24	10	133	0.0751880
NODE_203176_length_1225_cov_5.341918	496	629	25	6	133	0.0451128
NODE_203176_length_1225_cov_5.341918	496	629	26	12	133	0.0902256
NODE_203190_length_1225_cov_4.762877	462	595	6	23	133	0.1729323
NODE_203190_length_1225_cov_4.762877	462	595	7	45	133	0.3383459
NODE_203190_length_1225_cov_4.762877	462	595	8	58	133	0.4360902
NODE_203190_length_1225_cov_4.762877	462	595	9	7	133	0.0526316
NODE_2031_length_12327_cov_4.253925	8552	8685	6	11	133	0.0827068
NODE_2031_length_12327_cov_4.253925	8552	8685	8	4	133	0.0300752
NODE_2031_length_12327_cov_4.253925	8552	8685	9	8	133	0.0601504
NODE_2031_length_12327_cov_4.253925	8552	8685	10	20	133	0.1503759
NODE_2031_length_12327_cov_4.253925	8552	8685	11	41	133	0.3082707
NODE_2031_length_12327_cov_4.253925	8552	8685	12	29	133	0.2180451
NODE_2031_length_12327_cov_4.253925	8552	8685	13	1	133	0.0075188
NODE_2031_length_12327_cov_4.253925	8552	8685	14	19	133	0.1428571
NODE_20327_length_5527_cov_5.182756	3800	3933	0	50	133	0.3759398
NODE_20327_length_5527_cov_5.182756	3800	3933	1	4	133	0.0300752
NODE_20327_length_5527_cov_5.182756	3800	3933	3	27	133	0.2030075
NODE_20327_length_5527_cov_5.182756	3800	3933	4	17	133	0.1278196
NODE_20327_length_5527_cov_5.182756	3800	3933	6	1	133	0.0075188
NODE_20327_length_5527_cov_5.182756	3800	3933	7	20	133	0.1503759
NODE_20327_length_5527_cov_5.182756	3800	3933	8	3	133	0.0225564
NODE_20327_length_5527_cov_5.182756	3800	3933	9	11	133	0.0827068
NODE_20332_length_5527_cov_2.948968	4336	4469	6	7	133	0.0526316
NODE_20332_length_5527_cov_2.948968	4336	4469	7	6	133	0.0451128
NODE_20332_length_5527_cov_2.948968	4336	4469	10	1	133	0.0075188
NODE_20332_length_5527_cov_2.948968	4336	4469	11	26	133	0.1954887
NODE_20332_length_5527_cov_2.948968	4336	4469	12	11	133	0.0827068
NODE_20332_length_5527_cov_2.948968	4336	4469	13	39	133	0.2932331
NODE_20332_length_5527_cov_2.948968	4336	4469	14	43	133	0.3233083
NODE_20340_length_5526_cov_3.589092	1398	1531	12	7	133	0.0526316
NODE_20340_length_5526_cov_3.589092	1398	1531	13	6	133	0.0451128
NODE_20340_length_5526_cov_3.589092	1398	1531	14	5	133	0.0375940
NODE_20340_length_5526_cov_3.589092	1398	1531	15	3	133	0.0225564
NODE_20340_length_5526_cov_3.589092	1398	1531	16	18	133	0.1353384
NODE_20340_length_5526_cov_3.589092	1398	1531	17	31	133	0.2330827
NODE_20340_length_5526_cov_3.589092	1398	1531	18	42	133	0.3157895
NODE_20340_length_5526_cov_3.589092	1398	1531	19	21	133	0.1578947
NODE_20350_length_5525_cov_4.372835	714	847	3	7	133	0.0526316
NODE_20350_length_5525_cov_4.372835	714	847	4	15	133	0.1127820
NODE_20350_length_5525_cov_4.372835	714	847	5	4	133	0.0300752
NODE_20350_length_5525_cov_4.372835	714	847	6	7	133	0.0526316
NODE_20350_length_5525_cov_4.372835	714	847	7	12	133	0.0902256
NODE_20350_length_5525_cov_4.372835	714	847	13	1	133	0.0075188
NODE_20350_length_5525_cov_4.372835	714	847	14	5	133	0.0375940
NODE_20350_length_5525_cov_4.372835	714	847	16	7	133	0.0526316
NODE_20350_length_5525_cov_4.372835	714	847	18	20	133	0.1503759
NODE_20350_length_5525_cov_4.372835	714	847	19	46	133	0.3458647
NODE_20350_length_5525_cov_4.372835	714	847	20	9	133	0.0676692
NODE_20351_length_5525_cov_4.362514	4216	4349	16	1	133	0.0075188
NODE_20351_length_5525_cov_4.362514	4216	4349	17	4	133	0.0300752
NODE_20351_length_5525_cov_4.362514	4216	4349	20	2	133	0.0150376
NODE_20351_length_5525_cov_4.362514	4216	4349	21	14	133	0.1052632
NODE_20351_length_5525_cov_4.362514	4216	4349	23	2	133	0.0150376
NODE_20351_length_5525_cov_4.362514	4216	4349	24	11	133	0.0827068
NODE_20351_length_5525_cov_4.362514	4216	4349	25	4	133	0.0300752
NODE_20351_length_5525_cov_4.362514	4216	4349	26	4	133	0.0300752
NODE_20351_length_5525_cov_4.362514	4216	4349	27	10	133	0.0751880
NODE_20351_length_5525_cov_4.362514	4216	4349	28	10	133	0.0751880
NODE_20351_length_5525_cov_4.362514	4216	4349	29	8	133	0.0601504
NODE_20351_length_5525_cov_4.362514	4216	4349	30	30	133	0.2255639
NODE_20351_length_5525_cov_4.362514	4216	4349	31	17	133	0.1278196
NODE_20351_length_5525_cov_4.362514	4216	4349	32	6	133	0.0451128
NODE_20351_length_5525_cov_4.362514	4216	4349	33	10	133	0.0751880
NODE_203713_length_1222_cov_3.632235	893	1026	1	12	133	0.0902256
NODE_203713_length_1222_cov_3.632235	893	1026	2	3	133	0.0225564
NODE_203713_length_1222_cov_3.632235	893	1026	4	19	133	0.1428571
NODE_203713_length_1222_cov_3.632235	893	1026	5	78	133	0.5864662
NODE_203713_length_1222_cov_3.632235	893	1026	6	4	133	0.0300752
NODE_203713_length_1222_cov_3.632235	893	1026	7	17	133	0.1278196
NODE_203727_length_1222_cov_3.392698	423	556	5	18	133	0.1353384
NODE_203727_length_1222_cov_3.392698	423	556	6	26	133	0.1954887
NODE_203727_length_1222_cov_3.392698	423	556	7	25	133	0.1879699
NODE_203727_length_1222_cov_3.392698	423	556	8	19	133	0.1428571
NODE_203727_length_1222_cov_3.392698	423	556	9	24	133	0.1804511
NODE_203727_length_1222_cov_3.392698	423	556	10	21	133	0.1578947
NODE_20379_length_5521_cov_4.595906	3437	3570	6	14	133	0.1052632
NODE_20379_length_5521_cov_4.595906	3437	3570	7	27	133	0.2030075
NODE_20379_length_5521_cov_4.595906	3437	3570	8	14	133	0.1052632
NODE_20379_length_5521_cov_4.595906	3437	3570	9	4	133	0.0300752
NODE_20379_length_5521_cov_4.595906	3437	3570	10	6	133	0.0451128
NODE_20379_length_5521_cov_4.595906	3437	3570	11	35	133	0.2631579
NODE_20379_length_5521_cov_4.595906	3437	3570	12	26	133	0.1954887
NODE_20379_length_5521_cov_4.595906	3437	3570	13	7	133	0.0526316
NODE_203985_length_1220_cov_4.230152	623	756	7	7	133	0.0526316
NODE_203985_length_1220_cov_4.230152	623	756	8	11	133	0.0827068
NODE_203985_length_1220_cov_4.230152	623	756	9	26	133	0.1954887
NODE_203985_length_1220_cov_4.230152	623	756	10	5	133	0.0375940
NODE_203985_length_1220_cov_4.230152	623	756	11	20	133	0.1503759
NODE_203985_length_1220_cov_4.230152	623	756	12	39	133	0.2932331
NODE_203985_length_1220_cov_4.230152	623	756	13	25	133	0.1879699
NODE_2039_length_12315_cov_4.125246	5659	5792	3	53	133	0.3984962
NODE_2039_length_12315_cov_4.125246	5659	5792	4	37	133	0.2781955
NODE_2039_length_12315_cov_4.125246	5659	5792	5	23	133	0.1729323
NODE_2039_length_12315_cov_4.125246	5659	5792	6	20	133	0.1503759
NODE_203_length_21754_cov_4.464835	2533	2666	3	7	133	0.0526316
NODE_203_length_21754_cov_4.464835	2533	2666	4	1	133	0.0075188
NODE_203_length_21754_cov_4.464835	2533	2666	5	81	133	0.6090226
NODE_203_length_21754_cov_4.464835	2533	2666	6	44	133	0.3308271
NODE_2040_length_12315_cov_3.961117	7955	8088	21	2	133	0.0150376
NODE_2040_length_12315_cov_3.961117	7955	8088	24	6	133	0.0451128
NODE_2040_length_12315_cov_3.961117	7955	8088	25	7	133	0.0526316
NODE_2040_length_12315_cov_3.961117	7955	8088	26	2	133	0.0150376
NODE_2040_length_12315_cov_3.961117	7955	8088	28	1	133	0.0075188
NODE_2040_length_12315_cov_3.961117	7955	8088	29	6	133	0.0451128
NODE_2040_length_12315_cov_3.961117	7955	8088	30	3	133	0.0225564
NODE_2040_length_12315_cov_3.961117	7955	8088	34	5	133	0.0375940
NODE_2040_length_12315_cov_3.961117	7955	8088	35	4	133	0.0300752
NODE_2040_length_12315_cov_3.961117	7955	8088	36	6	133	0.0451128
NODE_2040_length_12315_cov_3.961117	7955	8088	37	16	133	0.1203008
NODE_2040_length_12315_cov_3.961117	7955	8088	38	14	133	0.1052632
NODE_2040_length_12315_cov_3.961117	7955	8088	39	20	133	0.1503759
NODE_2040_length_12315_cov_3.961117	7955	8088	40	16	133	0.1203008
NODE_2040_length_12315_cov_3.961117	7955	8088	41	22	133	0.1654135
NODE_2040_length_12315_cov_3.961117	7955	8088	42	3	133	0.0225564
NODE_204168_length_1219_cov_4.009821	144	277	9	11	133	0.0827068
NODE_204168_length_1219_cov_4.009821	144	277	10	20	133	0.1503759
NODE_204168_length_1219_cov_4.009821	144	277	11	5	133	0.0375940
NODE_204168_length_1219_cov_4.009821	144	277	12	3	133	0.0225564
NODE_204168_length_1219_cov_4.009821	144	277	13	2	133	0.0150376
NODE_204168_length_1219_cov_4.009821	144	277	15	4	133	0.0300752
NODE_204168_length_1219_cov_4.009821	144	277	16	3	133	0.0225564
NODE_204168_length_1219_cov_4.009821	144	277	17	32	133	0.2406015
NODE_204168_length_1219_cov_4.009821	144	277	18	18	133	0.1353384
NODE_204168_length_1219_cov_4.009821	144	277	19	30	133	0.2255639
NODE_204168_length_1219_cov_4.009821	144	277	20	5	133	0.0375940
NODE_204357_length_1218_cov_3.881144	304	437	10	9	133	0.0676692
NODE_204357_length_1218_cov_3.881144	304	437	11	25	133	0.1879699
NODE_204357_length_1218_cov_3.881144	304	437	13	2	133	0.0150376
NODE_204357_length_1218_cov_3.881144	304	437	15	7	133	0.0526316
NODE_204357_length_1218_cov_3.881144	304	437	16	26	133	0.1954887
NODE_204357_length_1218_cov_3.881144	304	437	17	12	133	0.0902256
NODE_204357_length_1218_cov_3.881144	304	437	18	17	133	0.1278196
NODE_204357_length_1218_cov_3.881144	304	437	19	5	133	0.0375940
NODE_204357_length_1218_cov_3.881144	304	437	20	11	133	0.0827068
NODE_204357_length_1218_cov_3.881144	304	437	21	15	133	0.1127820
NODE_204357_length_1218_cov_3.881144	304	437	22	4	133	0.0300752
NODE_20441_length_5514_cov_3.223453	4412	4545	24	8	133	0.0601504
NODE_20441_length_5514_cov_3.223453	4412	4545	26	2	133	0.0150376
NODE_20441_length_5514_cov_3.223453	4412	4545	27	2	133	0.0150376
NODE_20441_length_5514_cov_3.223453	4412	4545	28	6	133	0.0451128
NODE_20441_length_5514_cov_3.223453	4412	4545	29	8	133	0.0601504
NODE_20441_length_5514_cov_3.223453	4412	4545	31	2	133	0.0150376
NODE_20441_length_5514_cov_3.223453	4412	4545	32	6	133	0.0451128
NODE_20441_length_5514_cov_3.223453	4412	4545	33	7	133	0.0526316
NODE_20441_length_5514_cov_3.223453	4412	4545	34	16	133	0.1203008
NODE_20441_length_5514_cov_3.223453	4412	4545	35	1	133	0.0075188
NODE_20441_length_5514_cov_3.223453	4412	4545	36	5	133	0.0375940
NODE_20441_length_5514_cov_3.223453	4412	4545	37	4	133	0.0300752
NODE_20441_length_5514_cov_3.223453	4412	4545	38	8	133	0.0601504
NODE_20441_length_5514_cov_3.223453	4412	4545	39	3	133	0.0225564
NODE_20441_length_5514_cov_3.223453	4412	4545	40	14	133	0.1052632
NODE_20441_length_5514_cov_3.223453	4412	4545	41	13	133	0.0977444
NODE_20441_length_5514_cov_3.223453	4412	4545	42	19	133	0.1428571
NODE_20441_length_5514_cov_3.223453	4412	4545	43	9	133	0.0676692
NODE_204434_length_1218_cov_2.584450	562	695	16	10	133	0.0751880
NODE_204434_length_1218_cov_2.584450	562	695	17	9	133	0.0676692
NODE_204434_length_1218_cov_2.584450	562	695	18	7	133	0.0526316
NODE_204434_length_1218_cov_2.584450	562	695	19	8	133	0.0601504
NODE_204434_length_1218_cov_2.584450	562	695	20	5	133	0.0375940
NODE_204434_length_1218_cov_2.584450	562	695	21	8	133	0.0601504
NODE_204434_length_1218_cov_2.584450	562	695	22	10	133	0.0751880
NODE_204434_length_1218_cov_2.584450	562	695	23	3	133	0.0225564
NODE_204434_length_1218_cov_2.584450	562	695	24	8	133	0.0601504
NODE_204434_length_1218_cov_2.584450	562	695	25	9	133	0.0676692
NODE_204434_length_1218_cov_2.584450	562	695	26	20	133	0.1503759
NODE_204434_length_1218_cov_2.584450	562	695	27	21	133	0.1578947
NODE_204434_length_1218_cov_2.584450	562	695	28	15	133	0.1127820
NODE_204529_length_1217_cov_3.944544	708	841	11	20	133	0.1503759
NODE_204529_length_1217_cov_3.944544	708	841	12	15	133	0.1127820
NODE_204529_length_1217_cov_3.944544	708	841	15	3	133	0.0225564
NODE_204529_length_1217_cov_3.944544	708	841	16	12	133	0.0902256
NODE_204529_length_1217_cov_3.944544	708	841	18	3	133	0.0225564
NODE_204529_length_1217_cov_3.944544	708	841	19	4	133	0.0300752
NODE_204529_length_1217_cov_3.944544	708	841	20	1	133	0.0075188
NODE_204529_length_1217_cov_3.944544	708	841	21	1	133	0.0075188
NODE_204529_length_1217_cov_3.944544	708	841	25	2	133	0.0150376
NODE_204529_length_1217_cov_3.944544	708	841	26	2	133	0.0150376
NODE_204529_length_1217_cov_3.944544	708	841	27	5	133	0.0375940
NODE_204529_length_1217_cov_3.944544	708	841	28	15	133	0.1127820
NODE_204529_length_1217_cov_3.944544	708	841	29	18	133	0.1353384
NODE_204529_length_1217_cov_3.944544	708	841	30	12	133	0.0902256
NODE_204529_length_1217_cov_3.944544	708	841	31	7	133	0.0526316
NODE_204529_length_1217_cov_3.944544	708	841	32	10	133	0.0751880
NODE_204529_length_1217_cov_3.944544	708	841	37	2	133	0.0150376
NODE_204529_length_1217_cov_3.944544	708	841	38	1	133	0.0075188
NODE_20461_length_5511_cov_3.949926	3895	4028	3	2	133	0.0150376
NODE_20461_length_5511_cov_3.949926	3895	4028	4	23	133	0.1729323
NODE_20461_length_5511_cov_3.949926	3895	4028	5	10	133	0.0751880
NODE_20461_length_5511_cov_3.949926	3895	4028	6	10	133	0.0751880
NODE_20461_length_5511_cov_3.949926	3895	4028	7	17	133	0.1278196
NODE_20461_length_5511_cov_3.949926	3895	4028	8	64	133	0.4812030
NODE_20461_length_5511_cov_3.949926	3895	4028	9	7	133	0.0526316
NODE_204661_length_1216_cov_4.970457	678	811	14	7	133	0.0526316
NODE_204661_length_1216_cov_4.970457	678	811	15	2	133	0.0150376
NODE_204661_length_1216_cov_4.970457	678	811	16	24	133	0.1804511
NODE_204661_length_1216_cov_4.970457	678	811	17	9	133	0.0676692
NODE_204661_length_1216_cov_4.970457	678	811	18	15	133	0.1127820
NODE_204661_length_1216_cov_4.970457	678	811	19	15	133	0.1127820
NODE_204661_length_1216_cov_4.970457	678	811	20	13	133	0.0977444
NODE_204661_length_1216_cov_4.970457	678	811	21	9	133	0.0676692
NODE_204661_length_1216_cov_4.970457	678	811	22	22	133	0.1654135
NODE_204661_length_1216_cov_4.970457	678	811	23	17	133	0.1278196
NODE_204964_length_1215_cov_2.471326	415	548	0	129	133	0.9699248
NODE_204964_length_1215_cov_2.471326	415	548	1	4	133	0.0300752
NODE_204982_length_1214_cov_6.632287	1062	1195	5	8	133	0.0601504
NODE_204982_length_1214_cov_6.632287	1062	1195	6	10	133	0.0751880
NODE_204982_length_1214_cov_6.632287	1062	1195	7	5	133	0.0375940
NODE_204982_length_1214_cov_6.632287	1062	1195	8	14	133	0.1052632
NODE_204982_length_1214_cov_6.632287	1062	1195	9	37	133	0.2781955
NODE_204982_length_1214_cov_6.632287	1062	1195	10	37	133	0.2781955
NODE_204982_length_1214_cov_6.632287	1062	1195	11	22	133	0.1654135
NODE_2049_length_12294_cov_6.658631	671	804	13	1	133	0.0075188
NODE_2049_length_12294_cov_6.658631	671	804	14	1	133	0.0075188
NODE_2049_length_12294_cov_6.658631	671	804	16	2	133	0.0150376
NODE_2049_length_12294_cov_6.658631	671	804	19	6	133	0.0451128
NODE_2049_length_12294_cov_6.658631	671	804	21	11	133	0.0827068
NODE_2049_length_12294_cov_6.658631	671	804	23	19	133	0.1428571
NODE_2049_length_12294_cov_6.658631	671	804	24	12	133	0.0902256
NODE_2049_length_12294_cov_6.658631	671	804	25	1	133	0.0075188
NODE_2049_length_12294_cov_6.658631	671	804	27	36	133	0.2706767
NODE_2049_length_12294_cov_6.658631	671	804	28	13	133	0.0977444
NODE_2049_length_12294_cov_6.658631	671	804	29	6	133	0.0451128
NODE_2049_length_12294_cov_6.658631	671	804	30	13	133	0.0977444
NODE_2049_length_12294_cov_6.658631	671	804	31	4	133	0.0300752
NODE_2049_length_12294_cov_6.658631	671	804	32	8	133	0.0601504
NODE_205000_length_1214_cov_4.776682	791	924	1	36	133	0.2706767
NODE_205000_length_1214_cov_4.776682	791	924	3	54	133	0.4060150
NODE_205000_length_1214_cov_4.776682	791	924	4	43	133	0.3233083
NODE_20510_length_5504_cov_4.293247	1558	1691	8	2	133	0.0150376
NODE_20510_length_5504_cov_4.293247	1558	1691	9	9	133	0.0676692
NODE_20510_length_5504_cov_4.293247	1558	1691	10	1	133	0.0075188
NODE_20510_length_5504_cov_4.293247	1558	1691	11	4	133	0.0300752
NODE_20510_length_5504_cov_4.293247	1558	1691	12	6	133	0.0451128
NODE_20510_length_5504_cov_4.293247	1558	1691	15	1	133	0.0075188
NODE_20510_length_5504_cov_4.293247	1558	1691	16	1	133	0.0075188
NODE_20510_length_5504_cov_4.293247	1558	1691	17	10	133	0.0751880
NODE_20510_length_5504_cov_4.293247	1558	1691	18	7	133	0.0526316
NODE_20510_length_5504_cov_4.293247	1558	1691	19	10	133	0.0751880
NODE_20510_length_5504_cov_4.293247	1558	1691	20	11	133	0.0827068
NODE_20510_length_5504_cov_4.293247	1558	1691	21	2	133	0.0150376
NODE_20510_length_5504_cov_4.293247	1558	1691	22	3	133	0.0225564
NODE_20510_length_5504_cov_4.293247	1558	1691	23	16	133	0.1203008
NODE_20510_length_5504_cov_4.293247	1558	1691	24	16	133	0.1203008
NODE_20510_length_5504_cov_4.293247	1558	1691	25	23	133	0.1729323
NODE_20510_length_5504_cov_4.293247	1558	1691	26	11	133	0.0827068
NODE_205118_length_1214_cov_2.593722	902	1035	7	16	133	0.1203008
NODE_205118_length_1214_cov_2.593722	902	1035	8	10	133	0.0751880
NODE_205118_length_1214_cov_2.593722	902	1035	9	9	133	0.0676692
NODE_205118_length_1214_cov_2.593722	902	1035	10	3	133	0.0225564
NODE_205118_length_1214_cov_2.593722	902	1035	11	17	133	0.1278196
NODE_205118_length_1214_cov_2.593722	902	1035	12	9	133	0.0676692
NODE_205118_length_1214_cov_2.593722	902	1035	14	20	133	0.1503759
NODE_205118_length_1214_cov_2.593722	902	1035	15	28	133	0.2105263
NODE_205118_length_1214_cov_2.593722	902	1035	16	14	133	0.1052632
NODE_205118_length_1214_cov_2.593722	902	1035	17	7	133	0.0526316
NODE_205178_length_1213_cov_4.697487	245	378	9	4	133	0.0300752
NODE_205178_length_1213_cov_4.697487	245	378	11	12	133	0.0902256
NODE_205178_length_1213_cov_4.697487	245	378	13	3	133	0.0225564
NODE_205178_length_1213_cov_4.697487	245	378	14	16	133	0.1203008
NODE_205178_length_1213_cov_4.697487	245	378	16	1	133	0.0075188
NODE_205178_length_1213_cov_4.697487	245	378	17	3	133	0.0225564
NODE_205178_length_1213_cov_4.697487	245	378	18	2	133	0.0150376
NODE_205178_length_1213_cov_4.697487	245	378	19	1	133	0.0075188
NODE_205178_length_1213_cov_4.697487	245	378	20	5	133	0.0375940
NODE_205178_length_1213_cov_4.697487	245	378	21	2	133	0.0150376
NODE_205178_length_1213_cov_4.697487	245	378	22	11	133	0.0827068
NODE_205178_length_1213_cov_4.697487	245	378	23	13	133	0.0977444
NODE_205178_length_1213_cov_4.697487	245	378	24	7	133	0.0526316
NODE_205178_length_1213_cov_4.697487	245	378	25	24	133	0.1804511
NODE_205178_length_1213_cov_4.697487	245	378	26	29	133	0.2180451
NODE_205442_length_1212_cov_2.880503	372	505	5	27	133	0.2030075
NODE_205442_length_1212_cov_2.880503	372	505	6	14	133	0.1052632
NODE_205442_length_1212_cov_2.880503	372	505	7	62	133	0.4661654
NODE_205442_length_1212_cov_2.880503	372	505	8	20	133	0.1503759
NODE_205442_length_1212_cov_2.880503	372	505	9	10	133	0.0751880
NODE_20544_length_5499_cov_4.583889	4188	4321	6	11	133	0.0827068
NODE_20544_length_5499_cov_4.583889	4188	4321	7	9	133	0.0676692
NODE_20544_length_5499_cov_4.583889	4188	4321	8	20	133	0.1503759
NODE_20544_length_5499_cov_4.583889	4188	4321	9	15	133	0.1127820
NODE_20544_length_5499_cov_4.583889	4188	4321	10	2	133	0.0150376
NODE_20544_length_5499_cov_4.583889	4188	4321	11	35	133	0.2631579
NODE_20544_length_5499_cov_4.583889	4188	4321	12	31	133	0.2330827
NODE_20544_length_5499_cov_4.583889	4188	4321	13	10	133	0.0751880
NODE_205579_length_1211_cov_3.497302	629	762	6	9	133	0.0676692
NODE_205579_length_1211_cov_3.497302	629	762	7	3	133	0.0225564
NODE_205579_length_1211_cov_3.497302	629	762	8	23	133	0.1729323
NODE_205579_length_1211_cov_3.497302	629	762	9	34	133	0.2556391
NODE_205579_length_1211_cov_3.497302	629	762	10	8	133	0.0601504
NODE_205579_length_1211_cov_3.497302	629	762	11	18	133	0.1353384
NODE_205579_length_1211_cov_3.497302	629	762	12	18	133	0.1353384
NODE_205579_length_1211_cov_3.497302	629	762	13	20	133	0.1503759
NODE_20559_length_5498_cov_3.159844	2386	2519	3	111	133	0.8345864
NODE_20559_length_5498_cov_3.159844	2386	2519	4	11	133	0.0827068
NODE_20559_length_5498_cov_3.159844	2386	2519	5	2	133	0.0150376
NODE_20559_length_5498_cov_3.159844	2386	2519	6	9	133	0.0676692
NODE_20571_length_5497_cov_2.861430	5243	5376	7	5	133	0.0375940
NODE_20571_length_5497_cov_2.861430	5243	5376	8	2	133	0.0150376
NODE_20571_length_5497_cov_2.861430	5243	5376	9	2	133	0.0150376
NODE_20571_length_5497_cov_2.861430	5243	5376	10	3	133	0.0225564
NODE_20571_length_5497_cov_2.861430	5243	5376	12	22	133	0.1654135
NODE_20571_length_5497_cov_2.861430	5243	5376	13	4	133	0.0300752
NODE_20571_length_5497_cov_2.861430	5243	5376	15	22	133	0.1654135
NODE_20571_length_5497_cov_2.861430	5243	5376	16	14	133	0.1052632
NODE_20571_length_5497_cov_2.861430	5243	5376	17	7	133	0.0526316
NODE_20571_length_5497_cov_2.861430	5243	5376	18	15	133	0.1127820
NODE_20571_length_5497_cov_2.861430	5243	5376	19	19	133	0.1428571
NODE_20571_length_5497_cov_2.861430	5243	5376	20	18	133	0.1353384
NODE_2059_length_12271_cov_4.254519	4390	4523	20	8	133	0.0601504
NODE_2059_length_12271_cov_4.254519	4390	4523	24	9	133	0.0676692
NODE_2059_length_12271_cov_4.254519	4390	4523	25	1	133	0.0075188
NODE_2059_length_12271_cov_4.254519	4390	4523	27	3	133	0.0225564
NODE_2059_length_12271_cov_4.254519	4390	4523	28	23	133	0.1729323
NODE_2059_length_12271_cov_4.254519	4390	4523	29	35	133	0.2631579
NODE_2059_length_12271_cov_4.254519	4390	4523	30	17	133	0.1278196
NODE_2059_length_12271_cov_4.254519	4390	4523	31	29	133	0.2180451
NODE_2059_length_12271_cov_4.254519	4390	4523	32	7	133	0.0526316
NODE_2059_length_12271_cov_4.254519	4390	4523	34	1	133	0.0075188
NODE_206006_length_1209_cov_2.263964	457	590	22	6	133	0.0451128
NODE_206006_length_1209_cov_2.263964	457	590	23	4	133	0.0300752
NODE_206006_length_1209_cov_2.263964	457	590	25	4	133	0.0300752
NODE_206006_length_1209_cov_2.263964	457	590	26	5	133	0.0375940
NODE_206006_length_1209_cov_2.263964	457	590	27	5	133	0.0375940
NODE_206006_length_1209_cov_2.263964	457	590	28	10	133	0.0751880
NODE_206006_length_1209_cov_2.263964	457	590	29	6	133	0.0451128
NODE_206006_length_1209_cov_2.263964	457	590	30	1	133	0.0075188
NODE_206006_length_1209_cov_2.263964	457	590	31	24	133	0.1804511
NODE_206006_length_1209_cov_2.263964	457	590	32	13	133	0.0977444
NODE_206006_length_1209_cov_2.263964	457	590	33	19	133	0.1428571
NODE_206006_length_1209_cov_2.263964	457	590	34	5	133	0.0375940
NODE_206006_length_1209_cov_2.263964	457	590	35	1	133	0.0075188
NODE_206006_length_1209_cov_2.263964	457	590	36	6	133	0.0451128
NODE_206006_length_1209_cov_2.263964	457	590	37	2	133	0.0150376
NODE_206006_length_1209_cov_2.263964	457	590	38	21	133	0.1578947
NODE_206006_length_1209_cov_2.263964	457	590	39	1	133	0.0075188
NODE_20608_length_5492_cov_5.374189	2351	2484	1	14	133	0.1052632
NODE_20608_length_5492_cov_5.374189	2351	2484	2	88	133	0.6616541
NODE_20608_length_5492_cov_5.374189	2351	2484	3	31	133	0.2330827
NODE_206174_length_1208_cov_2.634806	150	283	8	15	133	0.1127820
NODE_206174_length_1208_cov_2.634806	150	283	9	3	133	0.0225564
NODE_206174_length_1208_cov_2.634806	150	283	10	18	133	0.1353384
NODE_206174_length_1208_cov_2.634806	150	283	11	51	133	0.3834586
NODE_206174_length_1208_cov_2.634806	150	283	12	23	133	0.1729323
NODE_206174_length_1208_cov_2.634806	150	283	13	19	133	0.1428571
NODE_206174_length_1208_cov_2.634806	150	283	15	4	133	0.0300752
NODE_20618_length_5491_cov_5.416728	3983	4116	28	1	133	0.0075188
NODE_20618_length_5491_cov_5.416728	3983	4116	29	11	133	0.0827068
NODE_20618_length_5491_cov_5.416728	3983	4116	30	8	133	0.0601504
NODE_20618_length_5491_cov_5.416728	3983	4116	31	3	133	0.0225564
NODE_20618_length_5491_cov_5.416728	3983	4116	33	4	133	0.0300752
NODE_20618_length_5491_cov_5.416728	3983	4116	34	8	133	0.0601504
NODE_20618_length_5491_cov_5.416728	3983	4116	35	5	133	0.0375940
NODE_20618_length_5491_cov_5.416728	3983	4116	37	5	133	0.0375940
NODE_20618_length_5491_cov_5.416728	3983	4116	38	10	133	0.0751880
NODE_20618_length_5491_cov_5.416728	3983	4116	39	14	133	0.1052632
NODE_20618_length_5491_cov_5.416728	3983	4116	40	2	133	0.0150376
NODE_20618_length_5491_cov_5.416728	3983	4116	41	14	133	0.1052632
NODE_20618_length_5491_cov_5.416728	3983	4116	42	8	133	0.0601504
NODE_20618_length_5491_cov_5.416728	3983	4116	43	15	133	0.1127820
NODE_20618_length_5491_cov_5.416728	3983	4116	44	9	133	0.0676692
NODE_20618_length_5491_cov_5.416728	3983	4116	45	7	133	0.0526316
NODE_20618_length_5491_cov_5.416728	3983	4116	46	6	133	0.0451128
NODE_20618_length_5491_cov_5.416728	3983	4116	47	3	133	0.0225564
NODE_2061_length_12266_cov_4.647078	11663	11796	7	9	133	0.0676692
NODE_2061_length_12266_cov_4.647078	11663	11796	8	17	133	0.1278196
NODE_2061_length_12266_cov_4.647078	11663	11796	9	16	133	0.1203008
NODE_2061_length_12266_cov_4.647078	11663	11796	10	25	133	0.1879699
NODE_2061_length_12266_cov_4.647078	11663	11796	11	34	133	0.2556391
NODE_2061_length_12266_cov_4.647078	11663	11796	12	31	133	0.2330827
NODE_2061_length_12266_cov_4.647078	11663	11796	13	1	133	0.0075188
NODE_20624_length_5491_cov_3.956602	1940	2073	5	20	133	0.1503759
NODE_20624_length_5491_cov_3.956602	1940	2073	6	20	133	0.1503759
NODE_20624_length_5491_cov_3.956602	1940	2073	7	4	133	0.0300752
NODE_20624_length_5491_cov_3.956602	1940	2073	9	28	133	0.2105263
NODE_20624_length_5491_cov_3.956602	1940	2073	10	41	133	0.3082707
NODE_20624_length_5491_cov_3.956602	1940	2073	11	20	133	0.1503759
NODE_2062_length_12264_cov_4.558981	9089	9222	32	2	133	0.0150376
NODE_2062_length_12264_cov_4.558981	9089	9222	33	4	133	0.0300752
NODE_2062_length_12264_cov_4.558981	9089	9222	34	2	133	0.0150376
NODE_2062_length_12264_cov_4.558981	9089	9222	35	10	133	0.0751880
NODE_2062_length_12264_cov_4.558981	9089	9222	36	5	133	0.0375940
NODE_2062_length_12264_cov_4.558981	9089	9222	37	1	133	0.0075188
NODE_2062_length_12264_cov_4.558981	9089	9222	38	11	133	0.0827068
NODE_2062_length_12264_cov_4.558981	9089	9222	40	9	133	0.0676692
NODE_2062_length_12264_cov_4.558981	9089	9222	41	5	133	0.0375940
NODE_2062_length_12264_cov_4.558981	9089	9222	42	4	133	0.0300752
NODE_2062_length_12264_cov_4.558981	9089	9222	43	11	133	0.0827068
NODE_2062_length_12264_cov_4.558981	9089	9222	44	3	133	0.0225564
NODE_2062_length_12264_cov_4.558981	9089	9222	45	16	133	0.1203008
NODE_2062_length_12264_cov_4.558981	9089	9222	46	14	133	0.1052632
NODE_2062_length_12264_cov_4.558981	9089	9222	47	14	133	0.1052632
NODE_2062_length_12264_cov_4.558981	9089	9222	48	4	133	0.0300752
NODE_2062_length_12264_cov_4.558981	9089	9222	49	5	133	0.0375940
NODE_2062_length_12264_cov_4.558981	9089	9222	50	13	133	0.0977444
NODE_206325_length_1207_cov_3.159747	187	320	0	14	133	0.1052632
NODE_206325_length_1207_cov_3.159747	187	320	1	36	133	0.2706767
NODE_206325_length_1207_cov_3.159747	187	320	2	45	133	0.3383459
NODE_206325_length_1207_cov_3.159747	187	320	3	38	133	0.2857143
NODE_206365_length_1207_cov_2.442238	654	787	4	21	133	0.1578947
NODE_206365_length_1207_cov_2.442238	654	787	5	5	133	0.0375940
NODE_206365_length_1207_cov_2.442238	654	787	6	18	133	0.1353384
NODE_206365_length_1207_cov_2.442238	654	787	7	12	133	0.0902256
NODE_206365_length_1207_cov_2.442238	654	787	8	33	133	0.2481203
NODE_206365_length_1207_cov_2.442238	654	787	9	44	133	0.3308271
NODE_20646_length_5488_cov_4.333271	3030	3163	3	14	133	0.1052632
NODE_20646_length_5488_cov_4.333271	3030	3163	4	35	133	0.2631579
NODE_20646_length_5488_cov_4.333271	3030	3163	5	84	133	0.6315789
NODE_206499_length_1206_cov_2.981933	212	345	15	13	133	0.0977444
NODE_206499_length_1206_cov_2.981933	212	345	16	19	133	0.1428571
NODE_206499_length_1206_cov_2.981933	212	345	17	5	133	0.0375940
NODE_206499_length_1206_cov_2.981933	212	345	19	2	133	0.0150376
NODE_206499_length_1206_cov_2.981933	212	345	20	4	133	0.0300752
NODE_206499_length_1206_cov_2.981933	212	345	22	4	133	0.0300752
NODE_206499_length_1206_cov_2.981933	212	345	23	2	133	0.0150376
NODE_206499_length_1206_cov_2.981933	212	345	24	2	133	0.0150376
NODE_206499_length_1206_cov_2.981933	212	345	26	1	133	0.0075188
NODE_206499_length_1206_cov_2.981933	212	345	28	3	133	0.0225564
NODE_206499_length_1206_cov_2.981933	212	345	29	3	133	0.0225564
NODE_206499_length_1206_cov_2.981933	212	345	30	1	133	0.0075188
NODE_206499_length_1206_cov_2.981933	212	345	33	4	133	0.0300752
NODE_206499_length_1206_cov_2.981933	212	345	34	20	133	0.1503759
NODE_206499_length_1206_cov_2.981933	212	345	35	14	133	0.1052632
NODE_206499_length_1206_cov_2.981933	212	345	36	12	133	0.0902256
NODE_206499_length_1206_cov_2.981933	212	345	37	10	133	0.0751880
NODE_206499_length_1206_cov_2.981933	212	345	38	5	133	0.0375940
NODE_206499_length_1206_cov_2.981933	212	345	39	9	133	0.0676692
NODE_2065_length_12261_cov_5.431179	1714	1847	5	69	133	0.5187970
NODE_2065_length_12261_cov_5.431179	1714	1847	6	18	133	0.1353384
NODE_2065_length_12261_cov_5.431179	1714	1847	7	46	133	0.3458647
NODE_20669_length_5485_cov_4.335499	1776	1909	8	23	133	0.1729323
NODE_20669_length_5485_cov_4.335499	1776	1909	10	40	133	0.3007519
NODE_20669_length_5485_cov_4.335499	1776	1909	11	6	133	0.0451128
NODE_20669_length_5485_cov_4.335499	1776	1909	12	46	133	0.3458647
NODE_20669_length_5485_cov_4.335499	1776	1909	13	10	133	0.0751880
NODE_20669_length_5485_cov_4.335499	1776	1909	14	5	133	0.0375940
NODE_20669_length_5485_cov_4.335499	1776	1909	15	3	133	0.0225564
NODE_20681_length_5484_cov_4.431198	1664	1797	0	25	133	0.1879699
NODE_20681_length_5484_cov_4.431198	1664	1797	1	4	133	0.0300752
NODE_20681_length_5484_cov_4.431198	1664	1797	2	67	133	0.5037594
NODE_20681_length_5484_cov_4.431198	1664	1797	3	37	133	0.2781955
NODE_20686_length_5484_cov_2.824141	286	419	7	1	133	0.0075188
NODE_20686_length_5484_cov_2.824141	286	419	8	15	133	0.1127820
NODE_20686_length_5484_cov_2.824141	286	419	9	9	133	0.0676692
NODE_20686_length_5484_cov_2.824141	286	419	10	29	133	0.2180451
NODE_20686_length_5484_cov_2.824141	286	419	11	36	133	0.2706767
NODE_20686_length_5484_cov_2.824141	286	419	12	37	133	0.2781955
NODE_20686_length_5484_cov_2.824141	286	419	13	5	133	0.0375940
NODE_20686_length_5484_cov_2.824141	286	419	14	1	133	0.0075188
NODE_207040_length_1203_cov_2.593297	368	501	2	48	133	0.3609022
NODE_207040_length_1203_cov_2.593297	368	501	4	85	133	0.6390978
NODE_207089_length_1202_cov_5.094288	246	379	4	67	133	0.5037594
NODE_207089_length_1202_cov_5.094288	246	379	5	50	133	0.3759398
NODE_207089_length_1202_cov_5.094288	246	379	6	16	133	0.1203008
NODE_2070_length_12252_cov_4.331359	5211	5344	21	9	133	0.0676692
NODE_2070_length_12252_cov_4.331359	5211	5344	22	18	133	0.1353384
NODE_2070_length_12252_cov_4.331359	5211	5344	23	10	133	0.0751880
NODE_2070_length_12252_cov_4.331359	5211	5344	24	2	133	0.0150376
NODE_2070_length_12252_cov_4.331359	5211	5344	26	2	133	0.0150376
NODE_2070_length_12252_cov_4.331359	5211	5344	27	1	133	0.0075188
NODE_2070_length_12252_cov_4.331359	5211	5344	29	2	133	0.0150376
NODE_2070_length_12252_cov_4.331359	5211	5344	30	3	133	0.0225564
NODE_2070_length_12252_cov_4.331359	5211	5344	31	15	133	0.1127820
NODE_2070_length_12252_cov_4.331359	5211	5344	32	13	133	0.0977444
NODE_2070_length_12252_cov_4.331359	5211	5344	33	9	133	0.0676692
NODE_2070_length_12252_cov_4.331359	5211	5344	34	6	133	0.0451128
NODE_2070_length_12252_cov_4.331359	5211	5344	35	23	133	0.1729323
NODE_2070_length_12252_cov_4.331359	5211	5344	36	4	133	0.0300752
NODE_2070_length_12252_cov_4.331359	5211	5344	37	16	133	0.1203008
NODE_20712_length_5481_cov_3.333333	1026	1159	12	4	133	0.0300752
NODE_20712_length_5481_cov_3.333333	1026	1159	13	1	133	0.0075188
NODE_20712_length_5481_cov_3.333333	1026	1159	14	2	133	0.0150376
NODE_20712_length_5481_cov_3.333333	1026	1159	15	1	133	0.0075188
NODE_20712_length_5481_cov_3.333333	1026	1159	16	4	133	0.0300752
NODE_20712_length_5481_cov_3.333333	1026	1159	17	6	133	0.0451128
NODE_20712_length_5481_cov_3.333333	1026	1159	19	6	133	0.0451128
NODE_20712_length_5481_cov_3.333333	1026	1159	20	4	133	0.0300752
NODE_20712_length_5481_cov_3.333333	1026	1159	23	6	133	0.0451128
NODE_20712_length_5481_cov_3.333333	1026	1159	24	4	133	0.0300752
NODE_20712_length_5481_cov_3.333333	1026	1159	25	1	133	0.0075188
NODE_20712_length_5481_cov_3.333333	1026	1159	26	8	133	0.0601504
NODE_20712_length_5481_cov_3.333333	1026	1159	27	2	133	0.0150376
NODE_20712_length_5481_cov_3.333333	1026	1159	28	10	133	0.0751880
NODE_20712_length_5481_cov_3.333333	1026	1159	29	7	133	0.0526316
NODE_20712_length_5481_cov_3.333333	1026	1159	30	22	133	0.1654135
NODE_20712_length_5481_cov_3.333333	1026	1159	31	9	133	0.0676692
NODE_20712_length_5481_cov_3.333333	1026	1159	33	12	133	0.0902256
NODE_20712_length_5481_cov_3.333333	1026	1159	35	18	133	0.1353384
NODE_20712_length_5481_cov_3.333333	1026	1159	36	5	133	0.0375940
NODE_20712_length_5481_cov_3.333333	1026	1159	37	1	133	0.0075188
NODE_207182_length_1202_cov_3.161378	578	711	1	10	133	0.0751880
NODE_207182_length_1202_cov_3.161378	578	711	2	8	133	0.0601504
NODE_207182_length_1202_cov_3.161378	578	711	3	11	133	0.0827068
NODE_207182_length_1202_cov_3.161378	578	711	4	13	133	0.0977444
NODE_207182_length_1202_cov_3.161378	578	711	5	52	133	0.3909774
NODE_207182_length_1202_cov_3.161378	578	711	6	39	133	0.2932331
NODE_207250_length_1201_cov_5.780399	641	774	5	17	133	0.1278196
NODE_207250_length_1201_cov_5.780399	641	774	6	8	133	0.0601504
NODE_207250_length_1201_cov_5.780399	641	774	8	14	133	0.1052632
NODE_207250_length_1201_cov_5.780399	641	774	9	13	133	0.0977444
NODE_207250_length_1201_cov_5.780399	641	774	10	23	133	0.1729323
NODE_207250_length_1201_cov_5.780399	641	774	11	50	133	0.3759398
NODE_207250_length_1201_cov_5.780399	641	774	12	8	133	0.0601504
NODE_207364_length_1201_cov_3.210526	113	246	11	25	133	0.1879699
NODE_207364_length_1201_cov_3.210526	113	246	13	3	133	0.0225564
NODE_207364_length_1201_cov_3.210526	113	246	14	19	133	0.1428571
NODE_207364_length_1201_cov_3.210526	113	246	15	9	133	0.0676692
NODE_207364_length_1201_cov_3.210526	113	246	16	20	133	0.1503759
NODE_207364_length_1201_cov_3.210526	113	246	17	1	133	0.0075188
NODE_207364_length_1201_cov_3.210526	113	246	18	4	133	0.0300752
NODE_207364_length_1201_cov_3.210526	113	246	19	2	133	0.0150376
NODE_207364_length_1201_cov_3.210526	113	246	21	18	133	0.1353384
NODE_207364_length_1201_cov_3.210526	113	246	22	32	133	0.2406015
NODE_20744_length_5476_cov_4.464757	4973	5106	10	1	133	0.0075188
NODE_20744_length_5476_cov_4.464757	4973	5106	11	1	133	0.0075188
NODE_20744_length_5476_cov_4.464757	4973	5106	13	2	133	0.0150376
NODE_20744_length_5476_cov_4.464757	4973	5106	14	22	133	0.1654135
NODE_20744_length_5476_cov_4.464757	4973	5106	15	2	133	0.0150376
NODE_20744_length_5476_cov_4.464757	4973	5106	16	4	133	0.0300752
NODE_20744_length_5476_cov_4.464757	4973	5106	17	2	133	0.0150376
NODE_20744_length_5476_cov_4.464757	4973	5106	18	1	133	0.0075188
NODE_20744_length_5476_cov_4.464757	4973	5106	19	8	133	0.0601504
NODE_20744_length_5476_cov_4.464757	4973	5106	20	7	133	0.0526316
NODE_20744_length_5476_cov_4.464757	4973	5106	21	16	133	0.1203008
NODE_20744_length_5476_cov_4.464757	4973	5106	22	1	133	0.0075188
NODE_20744_length_5476_cov_4.464757	4973	5106	23	6	133	0.0451128
NODE_20744_length_5476_cov_4.464757	4973	5106	24	13	133	0.0977444
NODE_20744_length_5476_cov_4.464757	4973	5106	25	3	133	0.0225564
NODE_20744_length_5476_cov_4.464757	4973	5106	26	6	133	0.0451128
NODE_20744_length_5476_cov_4.464757	4973	5106	27	20	133	0.1503759
NODE_20744_length_5476_cov_4.464757	4973	5106	28	8	133	0.0601504
NODE_20744_length_5476_cov_4.464757	4973	5106	29	10	133	0.0751880
NODE_207579_length_1200_cov_2.828338	153	286	9	10	133	0.0751880
NODE_207579_length_1200_cov_2.828338	153	286	10	8	133	0.0601504
NODE_207579_length_1200_cov_2.828338	153	286	12	7	133	0.0526316
NODE_207579_length_1200_cov_2.828338	153	286	13	11	133	0.0827068
NODE_207579_length_1200_cov_2.828338	153	286	14	1	133	0.0075188
NODE_207579_length_1200_cov_2.828338	153	286	15	31	133	0.2330827
NODE_207579_length_1200_cov_2.828338	153	286	16	9	133	0.0676692
NODE_207579_length_1200_cov_2.828338	153	286	18	27	133	0.2030075
NODE_207579_length_1200_cov_2.828338	153	286	19	17	133	0.1278196
NODE_207579_length_1200_cov_2.828338	153	286	20	12	133	0.0902256
NODE_2075_length_12246_cov_40.078456	3996	4129	184	2	133	0.0150376
NODE_2075_length_12246_cov_40.078456	3996	4129	185	4	133	0.0300752
NODE_2075_length_12246_cov_40.078456	3996	4129	186	3	133	0.0225564
NODE_2075_length_12246_cov_40.078456	3996	4129	187	1	133	0.0075188
NODE_2075_length_12246_cov_40.078456	3996	4129	188	1	133	0.0075188
NODE_2075_length_12246_cov_40.078456	3996	4129	189	1	133	0.0075188
NODE_2075_length_12246_cov_40.078456	3996	4129	190	4	133	0.0300752
NODE_2075_length_12246_cov_40.078456	3996	4129	191	2	133	0.0150376
NODE_2075_length_12246_cov_40.078456	3996	4129	192	1	133	0.0075188
NODE_2075_length_12246_cov_40.078456	3996	4129	193	5	133	0.0375940
NODE_2075_length_12246_cov_40.078456	3996	4129	194	4	133	0.0300752
NODE_2075_length_12246_cov_40.078456	3996	4129	195	1	133	0.0075188
NODE_2075_length_12246_cov_40.078456	3996	4129	196	1	133	0.0075188
NODE_2075_length_12246_cov_40.078456	3996	4129	197	2	133	0.0150376
NODE_2075_length_12246_cov_40.078456	3996	4129	198	1	133	0.0075188
NODE_2075_length_12246_cov_40.078456	3996	4129	200	1	133	0.0075188
NODE_2075_length_12246_cov_40.078456	3996	4129	201	5	133	0.0375940
NODE_2075_length_12246_cov_40.078456	3996	4129	202	1	133	0.0075188
NODE_2075_length_12246_cov_40.078456	3996	4129	204	1	133	0.0075188
NODE_2075_length_12246_cov_40.078456	3996	4129	205	1	133	0.0075188
NODE_2075_length_12246_cov_40.078456	3996	4129	206	1	133	0.0075188
NODE_2075_length_12246_cov_40.078456	3996	4129	207	3	133	0.0225564
NODE_2075_length_12246_cov_40.078456	3996	4129	209	3	133	0.0225564
NODE_2075_length_12246_cov_40.078456	3996	4129	210	1	133	0.0075188
NODE_2075_length_12246_cov_40.078456	3996	4129	211	2	133	0.0150376
NODE_2075_length_12246_cov_40.078456	3996	4129	213	1	133	0.0075188
NODE_2075_length_12246_cov_40.078456	3996	4129	214	1	133	0.0075188
NODE_2075_length_12246_cov_40.078456	3996	4129	216	1	133	0.0075188
NODE_2075_length_12246_cov_40.078456	3996	4129	217	1	133	0.0075188
NODE_2075_length_12246_cov_40.078456	3996	4129	218	2	133	0.0150376
NODE_2075_length_12246_cov_40.078456	3996	4129	219	8	133	0.0601504
NODE_2075_length_12246_cov_40.078456	3996	4129	220	6	133	0.0451128
NODE_2075_length_12246_cov_40.078456	3996	4129	221	8	133	0.0601504
NODE_2075_length_12246_cov_40.078456	3996	4129	222	8	133	0.0601504
NODE_2075_length_12246_cov_40.078456	3996	4129	223	9	133	0.0676692
NODE_2075_length_12246_cov_40.078456	3996	4129	224	9	133	0.0676692
NODE_2075_length_12246_cov_40.078456	3996	4129	225	14	133	0.1052632
NODE_2075_length_12246_cov_40.078456	3996	4129	226	6	133	0.0451128
NODE_2075_length_12246_cov_40.078456	3996	4129	227	1	133	0.0075188
NODE_2075_length_12246_cov_40.078456	3996	4129	228	2	133	0.0150376
NODE_2075_length_12246_cov_40.078456	3996	4129	230	4	133	0.0300752
NODE_20762_length_5473_cov_6.131001	2492	2625	9	49	133	0.3684210
NODE_20762_length_5473_cov_6.131001	2492	2625	10	1	133	0.0075188
NODE_20762_length_5473_cov_6.131001	2492	2625	11	44	133	0.3308271
NODE_20762_length_5473_cov_6.131001	2492	2625	12	15	133	0.1127820
NODE_20762_length_5473_cov_6.131001	2492	2625	13	14	133	0.1052632
NODE_20762_length_5473_cov_6.131001	2492	2625	15	10	133	0.0751880
NODE_207636_length_1199_cov_5.565455	505	638	16	1	133	0.0075188
NODE_207636_length_1199_cov_5.565455	505	638	17	7	133	0.0526316
NODE_207636_length_1199_cov_5.565455	505	638	18	10	133	0.0751880
NODE_207636_length_1199_cov_5.565455	505	638	19	35	133	0.2631579
NODE_207636_length_1199_cov_5.565455	505	638	20	17	133	0.1278196
NODE_207636_length_1199_cov_5.565455	505	638	21	6	133	0.0451128
NODE_207636_length_1199_cov_5.565455	505	638	22	4	133	0.0300752
NODE_207636_length_1199_cov_5.565455	505	638	23	27	133	0.2030075
NODE_207636_length_1199_cov_5.565455	505	638	24	14	133	0.1052632
NODE_207636_length_1199_cov_5.565455	505	638	25	5	133	0.0375940
NODE_207636_length_1199_cov_5.565455	505	638	26	3	133	0.0225564
NODE_207636_length_1199_cov_5.565455	505	638	27	4	133	0.0300752
NODE_207747_length_1199_cov_2.939091	454	587	10	10	133	0.0751880
NODE_207747_length_1199_cov_2.939091	454	587	11	4	133	0.0300752
NODE_207747_length_1199_cov_2.939091	454	587	12	10	133	0.0751880
NODE_207747_length_1199_cov_2.939091	454	587	13	12	133	0.0902256
NODE_207747_length_1199_cov_2.939091	454	587	14	17	133	0.1278196
NODE_207747_length_1199_cov_2.939091	454	587	15	47	133	0.3533835
NODE_207747_length_1199_cov_2.939091	454	587	16	23	133	0.1729323
NODE_207747_length_1199_cov_2.939091	454	587	17	6	133	0.0451128
NODE_207747_length_1199_cov_2.939091	454	587	18	4	133	0.0300752
NODE_207755_length_1199_cov_2.851818	665	798	4	6	133	0.0451128
NODE_207755_length_1199_cov_2.851818	665	798	5	23	133	0.1729323
NODE_207755_length_1199_cov_2.851818	665	798	6	39	133	0.2932331
NODE_207755_length_1199_cov_2.851818	665	798	7	29	133	0.2180451
NODE_207755_length_1199_cov_2.851818	665	798	8	15	133	0.1127820
NODE_207755_length_1199_cov_2.851818	665	798	9	21	133	0.1578947
NODE_20782_length_5471_cov_4.892964	422	555	6	2	133	0.0150376
NODE_20782_length_5471_cov_4.892964	422	555	7	11	133	0.0827068
NODE_20782_length_5471_cov_4.892964	422	555	8	2	133	0.0150376
NODE_20782_length_5471_cov_4.892964	422	555	9	3	133	0.0225564
NODE_20782_length_5471_cov_4.892964	422	555	10	6	133	0.0451128
NODE_20782_length_5471_cov_4.892964	422	555	11	1	133	0.0075188
NODE_20782_length_5471_cov_4.892964	422	555	13	2	133	0.0150376
NODE_20782_length_5471_cov_4.892964	422	555	14	1	133	0.0075188
NODE_20782_length_5471_cov_4.892964	422	555	15	6	133	0.0451128
NODE_20782_length_5471_cov_4.892964	422	555	17	1	133	0.0075188
NODE_20782_length_5471_cov_4.892964	422	555	18	19	133	0.1428571
NODE_20782_length_5471_cov_4.892964	422	555	19	11	133	0.0827068
NODE_20782_length_5471_cov_4.892964	422	555	20	53	133	0.3984962
NODE_20782_length_5471_cov_4.892964	422	555	21	15	133	0.1127820
NODE_207887_length_1198_cov_3.480437	344	477	14	4	133	0.0300752
NODE_207887_length_1198_cov_3.480437	344	477	15	13	133	0.0977444
NODE_207887_length_1198_cov_3.480437	344	477	16	5	133	0.0375940
NODE_207887_length_1198_cov_3.480437	344	477	17	11	133	0.0827068
NODE_207887_length_1198_cov_3.480437	344	477	18	2	133	0.0150376
NODE_207887_length_1198_cov_3.480437	344	477	19	15	133	0.1127820
NODE_207887_length_1198_cov_3.480437	344	477	20	7	133	0.0526316
NODE_207887_length_1198_cov_3.480437	344	477	21	20	133	0.1503759
NODE_207887_length_1198_cov_3.480437	344	477	22	11	133	0.0827068
NODE_207887_length_1198_cov_3.480437	344	477	23	14	133	0.1052632
NODE_207887_length_1198_cov_3.480437	344	477	24	17	133	0.1278196
NODE_207887_length_1198_cov_3.480437	344	477	25	5	133	0.0375940
NODE_207887_length_1198_cov_3.480437	344	477	26	9	133	0.0676692
NODE_20789_length_5470_cov_4.796872	4465	4598	23	2	133	0.0150376
NODE_20789_length_5470_cov_4.796872	4465	4598	24	2	133	0.0150376
NODE_20789_length_5470_cov_4.796872	4465	4598	25	2	133	0.0150376
NODE_20789_length_5470_cov_4.796872	4465	4598	26	7	133	0.0526316
NODE_20789_length_5470_cov_4.796872	4465	4598	27	2	133	0.0150376
NODE_20789_length_5470_cov_4.796872	4465	4598	28	2	133	0.0150376
NODE_20789_length_5470_cov_4.796872	4465	4598	29	2	133	0.0150376
NODE_20789_length_5470_cov_4.796872	4465	4598	30	14	133	0.1052632
NODE_20789_length_5470_cov_4.796872	4465	4598	32	11	133	0.0827068
NODE_20789_length_5470_cov_4.796872	4465	4598	33	14	133	0.1052632
NODE_20789_length_5470_cov_4.796872	4465	4598	34	5	133	0.0375940
NODE_20789_length_5470_cov_4.796872	4465	4598	35	6	133	0.0451128
NODE_20789_length_5470_cov_4.796872	4465	4598	36	13	133	0.0977444
NODE_20789_length_5470_cov_4.796872	4465	4598	37	3	133	0.0225564
NODE_20789_length_5470_cov_4.796872	4465	4598	38	5	133	0.0375940
NODE_20789_length_5470_cov_4.796872	4465	4598	39	2	133	0.0150376
NODE_20789_length_5470_cov_4.796872	4465	4598	40	5	133	0.0375940
NODE_20789_length_5470_cov_4.796872	4465	4598	41	13	133	0.0977444
NODE_20789_length_5470_cov_4.796872	4465	4598	42	6	133	0.0451128
NODE_20789_length_5470_cov_4.796872	4465	4598	43	4	133	0.0300752
NODE_20789_length_5470_cov_4.796872	4465	4598	44	13	133	0.0977444
NODE_208105_length_1197_cov_2.836066	176	309	8	4	133	0.0300752
NODE_208105_length_1197_cov_2.836066	176	309	9	2	133	0.0150376
NODE_208105_length_1197_cov_2.836066	176	309	10	5	133	0.0375940
NODE_208105_length_1197_cov_2.836066	176	309	11	5	133	0.0375940
NODE_208105_length_1197_cov_2.836066	176	309	12	25	133	0.1879699
NODE_208105_length_1197_cov_2.836066	176	309	13	14	133	0.1052632
NODE_208105_length_1197_cov_2.836066	176	309	14	31	133	0.2330827
NODE_208105_length_1197_cov_2.836066	176	309	15	46	133	0.3458647
NODE_208105_length_1197_cov_2.836066	176	309	16	1	133	0.0075188
NODE_20811_length_5466_cov_4.670207	3532	3665	8	7	133	0.0526316
NODE_20811_length_5466_cov_4.670207	3532	3665	9	5	133	0.0375940
NODE_20811_length_5466_cov_4.670207	3532	3665	10	24	133	0.1804511
NODE_20811_length_5466_cov_4.670207	3532	3665	11	20	133	0.1503759
NODE_20811_length_5466_cov_4.670207	3532	3665	12	2	133	0.0150376
NODE_20811_length_5466_cov_4.670207	3532	3665	13	45	133	0.3383459
NODE_20811_length_5466_cov_4.670207	3532	3665	14	30	133	0.2255639
NODE_208187_length_1196_cov_4.161349	142	275	6	5	133	0.0375940
NODE_208187_length_1196_cov_4.161349	142	275	8	3	133	0.0225564
NODE_208187_length_1196_cov_4.161349	142	275	9	18	133	0.1353384
NODE_208187_length_1196_cov_4.161349	142	275	11	20	133	0.1503759
NODE_208187_length_1196_cov_4.161349	142	275	12	15	133	0.1127820
NODE_208187_length_1196_cov_4.161349	142	275	13	17	133	0.1278196
NODE_208187_length_1196_cov_4.161349	142	275	16	3	133	0.0225564
NODE_208187_length_1196_cov_4.161349	142	275	19	4	133	0.0300752
NODE_208187_length_1196_cov_4.161349	142	275	20	15	133	0.1127820
NODE_208187_length_1196_cov_4.161349	142	275	21	5	133	0.0375940
NODE_208187_length_1196_cov_4.161349	142	275	22	28	133	0.2105263
NODE_208248_length_1196_cov_3.283500	1023	1156	5	3	133	0.0225564
NODE_208248_length_1196_cov_3.283500	1023	1156	6	17	133	0.1278196
NODE_208248_length_1196_cov_3.283500	1023	1156	7	5	133	0.0375940
NODE_208248_length_1196_cov_3.283500	1023	1156	8	1	133	0.0075188
NODE_208248_length_1196_cov_3.283500	1023	1156	9	2	133	0.0150376
NODE_208248_length_1196_cov_3.283500	1023	1156	11	2	133	0.0150376
NODE_208248_length_1196_cov_3.283500	1023	1156	12	5	133	0.0375940
NODE_208248_length_1196_cov_3.283500	1023	1156	14	4	133	0.0300752
NODE_208248_length_1196_cov_3.283500	1023	1156	16	5	133	0.0375940
NODE_208248_length_1196_cov_3.283500	1023	1156	17	12	133	0.0902256
NODE_208248_length_1196_cov_3.283500	1023	1156	18	5	133	0.0375940
NODE_208248_length_1196_cov_3.283500	1023	1156	19	5	133	0.0375940
NODE_208248_length_1196_cov_3.283500	1023	1156	20	1	133	0.0075188
NODE_208248_length_1196_cov_3.283500	1023	1156	22	1	133	0.0075188
NODE_208248_length_1196_cov_3.283500	1023	1156	24	1	133	0.0075188
NODE_208248_length_1196_cov_3.283500	1023	1156	25	3	133	0.0225564
NODE_208248_length_1196_cov_3.283500	1023	1156	26	5	133	0.0375940
NODE_208248_length_1196_cov_3.283500	1023	1156	27	2	133	0.0150376
NODE_208248_length_1196_cov_3.283500	1023	1156	28	5	133	0.0375940
NODE_208248_length_1196_cov_3.283500	1023	1156	30	2	133	0.0150376
NODE_208248_length_1196_cov_3.283500	1023	1156	31	3	133	0.0225564
NODE_208248_length_1196_cov_3.283500	1023	1156	32	6	133	0.0451128
NODE_208248_length_1196_cov_3.283500	1023	1156	34	1	133	0.0075188
NODE_208248_length_1196_cov_3.283500	1023	1156	36	21	133	0.1578947
NODE_208248_length_1196_cov_3.283500	1023	1156	37	6	133	0.0451128
NODE_208248_length_1196_cov_3.283500	1023	1156	38	3	133	0.0225564
NODE_208248_length_1196_cov_3.283500	1023	1156	39	6	133	0.0451128
NODE_208248_length_1196_cov_3.283500	1023	1156	40	1	133	0.0075188
NODE_20839_length_5462_cov_4.961029	3087	3220	2	8	133	0.0601504
NODE_20839_length_5462_cov_4.961029	3087	3220	3	42	133	0.3157895
NODE_20839_length_5462_cov_4.961029	3087	3220	4	83	133	0.6240602
NODE_208498_length_1195_cov_2.706204	777	910	0	47	133	0.3533835
NODE_208498_length_1195_cov_2.706204	777	910	1	34	133	0.2556391
NODE_208498_length_1195_cov_2.706204	777	910	2	52	133	0.3909774
NODE_2086_length_12223_cov_4.664137	5159	5292	2	50	133	0.3759398
NODE_2086_length_12223_cov_4.664137	5159	5292	3	21	133	0.1578947
NODE_2086_length_12223_cov_4.664137	5159	5292	4	30	133	0.2255639
NODE_2086_length_12223_cov_4.664137	5159	5292	5	32	133	0.2406015
NODE_20902_length_5455_cov_4.158140	4992	5125	10	30	133	0.2255639
NODE_20902_length_5455_cov_4.158140	4992	5125	11	7	133	0.0526316
NODE_20902_length_5455_cov_4.158140	4992	5125	12	3	133	0.0225564
NODE_20902_length_5455_cov_4.158140	4992	5125	14	26	133	0.1954887
NODE_20902_length_5455_cov_4.158140	4992	5125	15	12	133	0.0902256
NODE_20902_length_5455_cov_4.158140	4992	5125	16	34	133	0.2556391
NODE_20902_length_5455_cov_4.158140	4992	5125	17	14	133	0.1052632
NODE_20902_length_5455_cov_4.158140	4992	5125	18	5	133	0.0375940
NODE_20902_length_5455_cov_4.158140	4992	5125	19	2	133	0.0150376
NODE_209031_length_1191_cov_5.250000	1026	1159	5	12	133	0.0902256
NODE_209031_length_1191_cov_5.250000	1026	1159	6	33	133	0.2481203
NODE_209031_length_1191_cov_5.250000	1026	1159	7	35	133	0.2631579
NODE_209031_length_1191_cov_5.250000	1026	1159	8	4	133	0.0300752
NODE_209031_length_1191_cov_5.250000	1026	1159	9	37	133	0.2781955
NODE_209031_length_1191_cov_5.250000	1026	1159	11	12	133	0.0902256
NODE_2090_length_12220_cov_3.841267	7552	7685	3	2	133	0.0150376
NODE_2090_length_12220_cov_3.841267	7552	7685	4	4	133	0.0300752
NODE_2090_length_12220_cov_3.841267	7552	7685	5	4	133	0.0300752
NODE_2090_length_12220_cov_3.841267	7552	7685	6	6	133	0.0451128
NODE_2090_length_12220_cov_3.841267	7552	7685	7	7	133	0.0526316
NODE_2090_length_12220_cov_3.841267	7552	7685	9	4	133	0.0300752
NODE_2090_length_12220_cov_3.841267	7552	7685	10	2	133	0.0150376
NODE_2090_length_12220_cov_3.841267	7552	7685	11	13	133	0.0977444
NODE_2090_length_12220_cov_3.841267	7552	7685	12	25	133	0.1879699
NODE_2090_length_12220_cov_3.841267	7552	7685	13	39	133	0.2932331
NODE_2090_length_12220_cov_3.841267	7552	7685	14	27	133	0.2030075
NODE_209136_length_1191_cov_2.739927	924	1057	4	20	133	0.1503759
NODE_209136_length_1191_cov_2.739927	924	1057	5	2	133	0.0150376
NODE_209136_length_1191_cov_2.739927	924	1057	6	18	133	0.1353384
NODE_209136_length_1191_cov_2.739927	924	1057	7	16	133	0.1203008
NODE_209136_length_1191_cov_2.739927	924	1057	8	23	133	0.1729323
NODE_209136_length_1191_cov_2.739927	924	1057	9	50	133	0.3759398
NODE_209136_length_1191_cov_2.739927	924	1057	10	4	133	0.0300752
NODE_209176_length_1190_cov_5.169569	519	652	21	1	133	0.0075188
NODE_209176_length_1190_cov_5.169569	519	652	22	3	133	0.0225564
NODE_209176_length_1190_cov_5.169569	519	652	23	2	133	0.0150376
NODE_209176_length_1190_cov_5.169569	519	652	24	8	133	0.0601504
NODE_209176_length_1190_cov_5.169569	519	652	27	3	133	0.0225564
NODE_209176_length_1190_cov_5.169569	519	652	31	16	133	0.1203008
NODE_209176_length_1190_cov_5.169569	519	652	32	9	133	0.0676692
NODE_209176_length_1190_cov_5.169569	519	652	33	3	133	0.0225564
NODE_209176_length_1190_cov_5.169569	519	652	34	9	133	0.0676692
NODE_209176_length_1190_cov_5.169569	519	652	35	7	133	0.0526316
NODE_209176_length_1190_cov_5.169569	519	652	36	5	133	0.0375940
NODE_209176_length_1190_cov_5.169569	519	652	37	2	133	0.0150376
NODE_209176_length_1190_cov_5.169569	519	652	38	9	133	0.0676692
NODE_209176_length_1190_cov_5.169569	519	652	39	24	133	0.1804511
NODE_209176_length_1190_cov_5.169569	519	652	40	14	133	0.1052632
NODE_209176_length_1190_cov_5.169569	519	652	41	16	133	0.1203008
NODE_209176_length_1190_cov_5.169569	519	652	42	2	133	0.0150376
NODE_209236_length_1190_cov_3.669111	142	275	6	10	133	0.0751880
NODE_209236_length_1190_cov_3.669111	142	275	7	16	133	0.1203008
NODE_209236_length_1190_cov_3.669111	142	275	8	2	133	0.0150376
NODE_209236_length_1190_cov_3.669111	142	275	12	29	133	0.2180451
NODE_209236_length_1190_cov_3.669111	142	275	13	29	133	0.2180451
NODE_209236_length_1190_cov_3.669111	142	275	15	4	133	0.0300752
NODE_209236_length_1190_cov_3.669111	142	275	16	17	133	0.1278196
NODE_209236_length_1190_cov_3.669111	142	275	17	26	133	0.1954887
NODE_209630_length_1188_cov_3.517906	760	893	5	3	133	0.0225564
NODE_209630_length_1188_cov_3.517906	760	893	7	25	133	0.1879699
NODE_209630_length_1188_cov_3.517906	760	893	9	2	133	0.0150376
NODE_209630_length_1188_cov_3.517906	760	893	12	12	133	0.0902256
NODE_209630_length_1188_cov_3.517906	760	893	13	23	133	0.1729323
NODE_209630_length_1188_cov_3.517906	760	893	14	8	133	0.0601504
NODE_209630_length_1188_cov_3.517906	760	893	15	5	133	0.0375940
NODE_209630_length_1188_cov_3.517906	760	893	16	4	133	0.0300752
NODE_209630_length_1188_cov_3.517906	760	893	17	3	133	0.0225564
NODE_209630_length_1188_cov_3.517906	760	893	18	5	133	0.0375940
NODE_209630_length_1188_cov_3.517906	760	893	20	18	133	0.1353384
NODE_209630_length_1188_cov_3.517906	760	893	21	13	133	0.0977444
NODE_209630_length_1188_cov_3.517906	760	893	22	1	133	0.0075188
NODE_209630_length_1188_cov_3.517906	760	893	23	1	133	0.0075188
NODE_209630_length_1188_cov_3.517906	760	893	24	10	133	0.0751880
NODE_209738_length_1187_cov_5.146140	1000	1133	0	133	133	1.0000000
NODE_20984_length_5446_cov_4.490929	3964	4097	3	11	133	0.0827068
NODE_20984_length_5446_cov_4.490929	3964	4097	4	8	133	0.0601504
NODE_20984_length_5446_cov_4.490929	3964	4097	5	7	133	0.0526316
NODE_20984_length_5446_cov_4.490929	3964	4097	6	2	133	0.0150376
NODE_20984_length_5446_cov_4.490929	3964	4097	7	12	133	0.0902256
NODE_20984_length_5446_cov_4.490929	3964	4097	8	1	133	0.0075188
NODE_20984_length_5446_cov_4.490929	3964	4097	9	7	133	0.0526316
NODE_20984_length_5446_cov_4.490929	3964	4097	10	6	133	0.0451128
NODE_20984_length_5446_cov_4.490929	3964	4097	11	16	133	0.1203008
NODE_20984_length_5446_cov_4.490929	3964	4097	12	7	133	0.0526316
NODE_20984_length_5446_cov_4.490929	3964	4097	14	11	133	0.0827068
NODE_20984_length_5446_cov_4.490929	3964	4097	15	6	133	0.0451128
NODE_20984_length_5446_cov_4.490929	3964	4097	16	1	133	0.0075188
NODE_20984_length_5446_cov_4.490929	3964	4097	17	7	133	0.0526316
NODE_20984_length_5446_cov_4.490929	3964	4097	19	2	133	0.0150376
NODE_20984_length_5446_cov_4.490929	3964	4097	20	2	133	0.0150376
NODE_20984_length_5446_cov_4.490929	3964	4097	21	2	133	0.0150376
NODE_20984_length_5446_cov_4.490929	3964	4097	22	6	133	0.0451128
NODE_20984_length_5446_cov_4.490929	3964	4097	24	19	133	0.1428571
NODE_20989_length_5446_cov_3.419862	2773	2906	10	8	133	0.0601504
NODE_20989_length_5446_cov_3.419862	2773	2906	11	6	133	0.0451128
NODE_20989_length_5446_cov_3.419862	2773	2906	12	5	133	0.0375940
NODE_20989_length_5446_cov_3.419862	2773	2906	13	3	133	0.0225564
NODE_20989_length_5446_cov_3.419862	2773	2906	15	1	133	0.0075188
NODE_20989_length_5446_cov_3.419862	2773	2906	16	6	133	0.0451128
NODE_20989_length_5446_cov_3.419862	2773	2906	17	10	133	0.0751880
NODE_20989_length_5446_cov_3.419862	2773	2906	18	10	133	0.0751880
NODE_20989_length_5446_cov_3.419862	2773	2906	22	1	133	0.0075188
NODE_20989_length_5446_cov_3.419862	2773	2906	24	5	133	0.0375940
NODE_20989_length_5446_cov_3.419862	2773	2906	25	3	133	0.0225564
NODE_20989_length_5446_cov_3.419862	2773	2906	26	2	133	0.0150376
NODE_20989_length_5446_cov_3.419862	2773	2906	28	1	133	0.0075188
NODE_20989_length_5446_cov_3.419862	2773	2906	29	7	133	0.0526316
NODE_20989_length_5446_cov_3.419862	2773	2906	30	9	133	0.0676692
NODE_20989_length_5446_cov_3.419862	2773	2906	32	10	133	0.0751880
NODE_20989_length_5446_cov_3.419862	2773	2906	33	23	133	0.1729323
NODE_20989_length_5446_cov_3.419862	2773	2906	34	5	133	0.0375940
NODE_20989_length_5446_cov_3.419862	2773	2906	35	12	133	0.0902256
NODE_20989_length_5446_cov_3.419862	2773	2906	36	2	133	0.0150376
NODE_20989_length_5446_cov_3.419862	2773	2906	37	4	133	0.0300752
NODE_21000_length_5444_cov_4.444715	3824	3957	13	4	133	0.0300752
NODE_21000_length_5444_cov_4.444715	3824	3957	15	6	133	0.0451128
NODE_21000_length_5444_cov_4.444715	3824	3957	16	3	133	0.0225564
NODE_21000_length_5444_cov_4.444715	3824	3957	19	9	133	0.0676692
NODE_21000_length_5444_cov_4.444715	3824	3957	20	6	133	0.0451128
NODE_21000_length_5444_cov_4.444715	3824	3957	21	30	133	0.2255639
NODE_21000_length_5444_cov_4.444715	3824	3957	22	20	133	0.1503759
NODE_21000_length_5444_cov_4.444715	3824	3957	23	14	133	0.1052632
NODE_21000_length_5444_cov_4.444715	3824	3957	24	40	133	0.3007519
NODE_21000_length_5444_cov_4.444715	3824	3957	25	1	133	0.0075188
NODE_210173_length_1185_cov_3.104972	630	763	3	20	133	0.1503759
NODE_210173_length_1185_cov_3.104972	630	763	4	4	133	0.0300752
NODE_210173_length_1185_cov_3.104972	630	763	6	10	133	0.0751880
NODE_210173_length_1185_cov_3.104972	630	763	7	1	133	0.0075188
NODE_210173_length_1185_cov_3.104972	630	763	9	13	133	0.0977444
NODE_210173_length_1185_cov_3.104972	630	763	11	15	133	0.1127820
NODE_210173_length_1185_cov_3.104972	630	763	13	4	133	0.0300752
NODE_210173_length_1185_cov_3.104972	630	763	14	10	133	0.0751880
NODE_210173_length_1185_cov_3.104972	630	763	15	12	133	0.0902256
NODE_210173_length_1185_cov_3.104972	630	763	16	16	133	0.1203008
NODE_210173_length_1185_cov_3.104972	630	763	17	4	133	0.0300752
NODE_210173_length_1185_cov_3.104972	630	763	18	22	133	0.1654135
NODE_210173_length_1185_cov_3.104972	630	763	19	2	133	0.0150376
NODE_2101_length_12184_cov_4.409350	9632	9765	19	2	133	0.0150376
NODE_2101_length_12184_cov_4.409350	9632	9765	20	6	133	0.0451128
NODE_2101_length_12184_cov_4.409350	9632	9765	21	3	133	0.0225564
NODE_2101_length_12184_cov_4.409350	9632	9765	23	4	133	0.0300752
NODE_2101_length_12184_cov_4.409350	9632	9765	25	13	133	0.0977444
NODE_2101_length_12184_cov_4.409350	9632	9765	26	2	133	0.0150376
NODE_2101_length_12184_cov_4.409350	9632	9765	27	12	133	0.0902256
NODE_2101_length_12184_cov_4.409350	9632	9765	28	38	133	0.2857143
NODE_2101_length_12184_cov_4.409350	9632	9765	29	29	133	0.2180451
NODE_2101_length_12184_cov_4.409350	9632	9765	30	3	133	0.0225564
NODE_2101_length_12184_cov_4.409350	9632	9765	31	13	133	0.0977444
NODE_2101_length_12184_cov_4.409350	9632	9765	32	8	133	0.0601504
NODE_210231_length_1184_cov_7.385253	148	281	3	40	133	0.3007519
NODE_210231_length_1184_cov_7.385253	148	281	4	1	133	0.0075188
NODE_210231_length_1184_cov_7.385253	148	281	5	4	133	0.0300752
NODE_210231_length_1184_cov_7.385253	148	281	6	16	133	0.1203008
NODE_210231_length_1184_cov_7.385253	148	281	7	22	133	0.1654135
NODE_210231_length_1184_cov_7.385253	148	281	8	43	133	0.3233083
NODE_210231_length_1184_cov_7.385253	148	281	9	7	133	0.0526316
NODE_210241_length_1184_cov_5.427650	528	661	7	18	133	0.1353384
NODE_210241_length_1184_cov_5.427650	528	661	8	16	133	0.1203008
NODE_210241_length_1184_cov_5.427650	528	661	9	18	133	0.1353384
NODE_210241_length_1184_cov_5.427650	528	661	10	19	133	0.1428571
NODE_210241_length_1184_cov_5.427650	528	661	11	31	133	0.2330827
NODE_210241_length_1184_cov_5.427650	528	661	12	31	133	0.2330827
NODE_21025_length_5441_cov_5.159865	3224	3357	0	133	133	1.0000000
NODE_21028_length_5441_cov_4.228566	4286	4419	11	1	133	0.0075188
NODE_21028_length_5441_cov_4.228566	4286	4419	12	4	133	0.0300752
NODE_21028_length_5441_cov_4.228566	4286	4419	13	7	133	0.0526316
NODE_21028_length_5441_cov_4.228566	4286	4419	14	2	133	0.0150376
NODE_21028_length_5441_cov_4.228566	4286	4419	15	21	133	0.1578947
NODE_21028_length_5441_cov_4.228566	4286	4419	17	25	133	0.1879699
NODE_21028_length_5441_cov_4.228566	4286	4419	18	19	133	0.1428571
NODE_21028_length_5441_cov_4.228566	4286	4419	19	3	133	0.0225564
NODE_21028_length_5441_cov_4.228566	4286	4419	20	9	133	0.0676692
NODE_21028_length_5441_cov_4.228566	4286	4419	21	3	133	0.0225564
NODE_21028_length_5441_cov_4.228566	4286	4419	22	4	133	0.0300752
NODE_21028_length_5441_cov_4.228566	4286	4419	23	10	133	0.0751880
NODE_21028_length_5441_cov_4.228566	4286	4419	24	5	133	0.0375940
NODE_21028_length_5441_cov_4.228566	4286	4419	25	3	133	0.0225564
NODE_21028_length_5441_cov_4.228566	4286	4419	26	6	133	0.0451128
NODE_21028_length_5441_cov_4.228566	4286	4419	27	11	133	0.0827068
NODE_21041_length_5440_cov_3.597266	3927	4060	12	16	133	0.1203008
NODE_21041_length_5440_cov_3.597266	3927	4060	13	6	133	0.0451128
NODE_21041_length_5440_cov_3.597266	3927	4060	15	8	133	0.0601504
NODE_21041_length_5440_cov_3.597266	3927	4060	16	8	133	0.0601504
NODE_21041_length_5440_cov_3.597266	3927	4060	17	3	133	0.0225564
NODE_21041_length_5440_cov_3.597266	3927	4060	18	9	133	0.0676692
NODE_21041_length_5440_cov_3.597266	3927	4060	19	21	133	0.1578947
NODE_21041_length_5440_cov_3.597266	3927	4060	20	2	133	0.0150376
NODE_21041_length_5440_cov_3.597266	3927	4060	21	21	133	0.1578947
NODE_21041_length_5440_cov_3.597266	3927	4060	22	23	133	0.1729323
NODE_21041_length_5440_cov_3.597266	3927	4060	23	13	133	0.0977444
NODE_21041_length_5440_cov_3.597266	3927	4060	24	3	133	0.0225564
NODE_210472_length_1183_cov_3.922509	848	981	6	45	133	0.3383459
NODE_210472_length_1183_cov_3.922509	848	981	7	54	133	0.4060150
NODE_210472_length_1183_cov_3.922509	848	981	8	13	133	0.0977444
NODE_210472_length_1183_cov_3.922509	848	981	9	21	133	0.1578947
NODE_21055_length_5438_cov_4.122682	442	575	12	20	133	0.1503759
NODE_21055_length_5438_cov_4.122682	442	575	15	16	133	0.1203008
NODE_21055_length_5438_cov_4.122682	442	575	16	22	133	0.1654135
NODE_21055_length_5438_cov_4.122682	442	575	17	36	133	0.2706767
NODE_21055_length_5438_cov_4.122682	442	575	18	8	133	0.0601504
NODE_21055_length_5438_cov_4.122682	442	575	19	23	133	0.1729323
NODE_21055_length_5438_cov_4.122682	442	575	20	1	133	0.0075188
NODE_21055_length_5438_cov_4.122682	442	575	21	7	133	0.0526316
NODE_210609_length_1182_cov_6.113573	661	794	41	1	133	0.0075188
NODE_210609_length_1182_cov_6.113573	661	794	42	1	133	0.0075188
NODE_210609_length_1182_cov_6.113573	661	794	43	13	133	0.0977444
NODE_210609_length_1182_cov_6.113573	661	794	44	3	133	0.0225564
NODE_210609_length_1182_cov_6.113573	661	794	45	2	133	0.0150376
NODE_210609_length_1182_cov_6.113573	661	794	46	1	133	0.0075188
NODE_210609_length_1182_cov_6.113573	661	794	47	11	133	0.0827068
NODE_210609_length_1182_cov_6.113573	661	794	48	7	133	0.0526316
NODE_210609_length_1182_cov_6.113573	661	794	49	9	133	0.0676692
NODE_210609_length_1182_cov_6.113573	661	794	50	4	133	0.0300752
NODE_210609_length_1182_cov_6.113573	661	794	51	3	133	0.0225564
NODE_210609_length_1182_cov_6.113573	661	794	52	4	133	0.0300752
NODE_210609_length_1182_cov_6.113573	661	794	53	3	133	0.0225564
NODE_210609_length_1182_cov_6.113573	661	794	54	14	133	0.1052632
NODE_210609_length_1182_cov_6.113573	661	794	55	14	133	0.1052632
NODE_210609_length_1182_cov_6.113573	661	794	56	7	133	0.0526316
NODE_210609_length_1182_cov_6.113573	661	794	57	7	133	0.0526316
NODE_210609_length_1182_cov_6.113573	661	794	58	7	133	0.0526316
NODE_210609_length_1182_cov_6.113573	661	794	59	16	133	0.1203008
NODE_210609_length_1182_cov_6.113573	661	794	60	5	133	0.0375940
NODE_210609_length_1182_cov_6.113573	661	794	61	1	133	0.0075188
NODE_210655_length_1182_cov_4.265928	730	863	17	2	133	0.0150376
NODE_210655_length_1182_cov_4.265928	730	863	18	8	133	0.0601504
NODE_210655_length_1182_cov_4.265928	730	863	19	10	133	0.0751880
NODE_210655_length_1182_cov_4.265928	730	863	20	14	133	0.1052632
NODE_210655_length_1182_cov_4.265928	730	863	22	2	133	0.0150376
NODE_210655_length_1182_cov_4.265928	730	863	23	1	133	0.0075188
NODE_210655_length_1182_cov_4.265928	730	863	24	5	133	0.0375940
NODE_210655_length_1182_cov_4.265928	730	863	25	3	133	0.0225564
NODE_210655_length_1182_cov_4.265928	730	863	26	7	133	0.0526316
NODE_210655_length_1182_cov_4.265928	730	863	28	10	133	0.0751880
NODE_210655_length_1182_cov_4.265928	730	863	29	9	133	0.0676692
NODE_210655_length_1182_cov_4.265928	730	863	30	25	133	0.1879699
NODE_210655_length_1182_cov_4.265928	730	863	31	25	133	0.1879699
NODE_210655_length_1182_cov_4.265928	730	863	32	12	133	0.0902256
NODE_2107_length_12181_cov_4.143354	5093	5226	2	4	133	0.0300752
NODE_2107_length_12181_cov_4.143354	5093	5226	5	9	133	0.0676692
NODE_2107_length_12181_cov_4.143354	5093	5226	6	12	133	0.0902256
NODE_2107_length_12181_cov_4.143354	5093	5226	7	14	133	0.1052632
NODE_2107_length_12181_cov_4.143354	5093	5226	8	2	133	0.0150376
NODE_2107_length_12181_cov_4.143354	5093	5226	9	22	133	0.1654135
NODE_2107_length_12181_cov_4.143354	5093	5226	10	16	133	0.1203008
NODE_2107_length_12181_cov_4.143354	5093	5226	11	54	133	0.4060150
NODE_21082_length_5434_cov_5.552765	2673	2806	20	4	133	0.0300752
NODE_21082_length_5434_cov_5.552765	2673	2806	22	1	133	0.0075188
NODE_21082_length_5434_cov_5.552765	2673	2806	23	4	133	0.0300752
NODE_21082_length_5434_cov_5.552765	2673	2806	24	6	133	0.0451128
NODE_21082_length_5434_cov_5.552765	2673	2806	25	21	133	0.1578947
NODE_21082_length_5434_cov_5.552765	2673	2806	26	2	133	0.0150376
NODE_21082_length_5434_cov_5.552765	2673	2806	27	3	133	0.0225564
NODE_21082_length_5434_cov_5.552765	2673	2806	28	23	133	0.1729323
NODE_21082_length_5434_cov_5.552765	2673	2806	29	15	133	0.1127820
NODE_21082_length_5434_cov_5.552765	2673	2806	30	25	133	0.1879699
NODE_21082_length_5434_cov_5.552765	2673	2806	31	23	133	0.1729323
NODE_21082_length_5434_cov_5.552765	2673	2806	32	3	133	0.0225564
NODE_21082_length_5434_cov_5.552765	2673	2806	33	3	133	0.0225564
NODE_21091_length_5433_cov_4.824522	867	1000	4	11	133	0.0827068
NODE_21091_length_5433_cov_4.824522	867	1000	6	21	133	0.1578947
NODE_21091_length_5433_cov_4.824522	867	1000	7	1	133	0.0075188
NODE_21091_length_5433_cov_4.824522	867	1000	8	61	133	0.4586466
NODE_21091_length_5433_cov_4.824522	867	1000	9	24	133	0.1804511
NODE_21091_length_5433_cov_4.824522	867	1000	10	15	133	0.1127820
NODE_211017_length_1180_cov_3.882516	726	859	4	6	133	0.0451128
NODE_211017_length_1180_cov_3.882516	726	859	6	5	133	0.0375940
NODE_211017_length_1180_cov_3.882516	726	859	7	1	133	0.0075188
NODE_211017_length_1180_cov_3.882516	726	859	8	5	133	0.0375940
NODE_211017_length_1180_cov_3.882516	726	859	9	2	133	0.0150376
NODE_211017_length_1180_cov_3.882516	726	859	12	22	133	0.1654135
NODE_211017_length_1180_cov_3.882516	726	859	13	7	133	0.0526316
NODE_211017_length_1180_cov_3.882516	726	859	14	4	133	0.0300752
NODE_211017_length_1180_cov_3.882516	726	859	15	4	133	0.0300752
NODE_211017_length_1180_cov_3.882516	726	859	16	33	133	0.2481203
NODE_211017_length_1180_cov_3.882516	726	859	17	27	133	0.2030075
NODE_211017_length_1180_cov_3.882516	726	859	18	16	133	0.1203008
NODE_211017_length_1180_cov_3.882516	726	859	19	1	133	0.0075188
NODE_211175_length_1179_cov_4.568519	695	828	26	1	133	0.0075188
NODE_211175_length_1179_cov_4.568519	695	828	27	2	133	0.0150376
NODE_211175_length_1179_cov_4.568519	695	828	30	2	133	0.0150376
NODE_211175_length_1179_cov_4.568519	695	828	32	2	133	0.0150376
NODE_211175_length_1179_cov_4.568519	695	828	33	3	133	0.0225564
NODE_211175_length_1179_cov_4.568519	695	828	34	21	133	0.1578947
NODE_211175_length_1179_cov_4.568519	695	828	35	1	133	0.0075188
NODE_211175_length_1179_cov_4.568519	695	828	36	2	133	0.0150376
NODE_211175_length_1179_cov_4.568519	695	828	38	6	133	0.0451128
NODE_211175_length_1179_cov_4.568519	695	828	39	1	133	0.0075188
NODE_211175_length_1179_cov_4.568519	695	828	40	12	133	0.0902256
NODE_211175_length_1179_cov_4.568519	695	828	41	1	133	0.0075188
NODE_211175_length_1179_cov_4.568519	695	828	42	3	133	0.0225564
NODE_211175_length_1179_cov_4.568519	695	828	48	3	133	0.0225564
NODE_211175_length_1179_cov_4.568519	695	828	49	3	133	0.0225564
NODE_211175_length_1179_cov_4.568519	695	828	50	4	133	0.0300752
NODE_211175_length_1179_cov_4.568519	695	828	51	3	133	0.0225564
NODE_211175_length_1179_cov_4.568519	695	828	52	3	133	0.0225564
NODE_211175_length_1179_cov_4.568519	695	828	53	1	133	0.0075188
NODE_211175_length_1179_cov_4.568519	695	828	54	11	133	0.0827068
NODE_211175_length_1179_cov_4.568519	695	828	55	8	133	0.0601504
NODE_211175_length_1179_cov_4.568519	695	828	56	11	133	0.0827068
NODE_211175_length_1179_cov_4.568519	695	828	57	4	133	0.0300752
NODE_211175_length_1179_cov_4.568519	695	828	58	4	133	0.0300752
NODE_211175_length_1179_cov_4.568519	695	828	59	2	133	0.0150376
NODE_211175_length_1179_cov_4.568519	695	828	60	14	133	0.1052632
NODE_211175_length_1179_cov_4.568519	695	828	61	3	133	0.0225564
NODE_211175_length_1179_cov_4.568519	695	828	62	2	133	0.0150376
NODE_2111_length_12178_cov_4.879791	1075	1208	14	8	133	0.0601504
NODE_2111_length_12178_cov_4.879791	1075	1208	15	13	133	0.0977444
NODE_2111_length_12178_cov_4.879791	1075	1208	16	6	133	0.0451128
NODE_2111_length_12178_cov_4.879791	1075	1208	17	13	133	0.0977444
NODE_2111_length_12178_cov_4.879791	1075	1208	18	1	133	0.0075188
NODE_2111_length_12178_cov_4.879791	1075	1208	19	10	133	0.0751880
NODE_2111_length_12178_cov_4.879791	1075	1208	20	2	133	0.0150376
NODE_2111_length_12178_cov_4.879791	1075	1208	22	1	133	0.0075188
NODE_2111_length_12178_cov_4.879791	1075	1208	23	2	133	0.0150376
NODE_2111_length_12178_cov_4.879791	1075	1208	24	38	133	0.2857143
NODE_2111_length_12178_cov_4.879791	1075	1208	25	17	133	0.1278196
NODE_2111_length_12178_cov_4.879791	1075	1208	26	18	133	0.1353384
NODE_2111_length_12178_cov_4.879791	1075	1208	27	4	133	0.0300752
NODE_2112_length_12176_cov_5.048274	8124	8257	5	6	133	0.0451128
NODE_2112_length_12176_cov_5.048274	8124	8257	6	13	133	0.0977444
NODE_2112_length_12176_cov_5.048274	8124	8257	7	2	133	0.0150376
NODE_2112_length_12176_cov_5.048274	8124	8257	9	2	133	0.0150376
NODE_2112_length_12176_cov_5.048274	8124	8257	10	2	133	0.0150376
NODE_2112_length_12176_cov_5.048274	8124	8257	11	5	133	0.0375940
NODE_2112_length_12176_cov_5.048274	8124	8257	13	31	133	0.2330827
NODE_2112_length_12176_cov_5.048274	8124	8257	14	43	133	0.3233083
NODE_2112_length_12176_cov_5.048274	8124	8257	15	16	133	0.1203008
NODE_2112_length_12176_cov_5.048274	8124	8257	16	4	133	0.0300752
NODE_2112_length_12176_cov_5.048274	8124	8257	17	1	133	0.0075188
NODE_2112_length_12176_cov_5.048274	8124	8257	18	2	133	0.0150376
NODE_2112_length_12176_cov_5.048274	8124	8257	19	4	133	0.0300752
NODE_2112_length_12176_cov_5.048274	8124	8257	21	2	133	0.0150376
NODE_21141_length_5427_cov_4.781344	2418	2551	1	25	133	0.1879699
NODE_21141_length_5427_cov_4.781344	2418	2551	2	19	133	0.1428571
NODE_21141_length_5427_cov_4.781344	2418	2551	3	28	133	0.2105263
NODE_21141_length_5427_cov_4.781344	2418	2551	4	61	133	0.4586466
NODE_21148_length_5426_cov_4.414304	618	751	8	2	133	0.0150376
NODE_21148_length_5426_cov_4.414304	618	751	9	2	133	0.0150376
NODE_21148_length_5426_cov_4.414304	618	751	11	4	133	0.0300752
NODE_21148_length_5426_cov_4.414304	618	751	12	31	133	0.2330827
NODE_21148_length_5426_cov_4.414304	618	751	13	5	133	0.0375940
NODE_21148_length_5426_cov_4.414304	618	751	14	10	133	0.0751880
NODE_21148_length_5426_cov_4.414304	618	751	15	18	133	0.1353384
NODE_21148_length_5426_cov_4.414304	618	751	16	24	133	0.1804511
NODE_21148_length_5426_cov_4.414304	618	751	17	18	133	0.1353384
NODE_21148_length_5426_cov_4.414304	618	751	19	19	133	0.1428571
NODE_211695_length_1176_cov_6.252553	248	381	9	20	133	0.1503759
NODE_211695_length_1176_cov_6.252553	248	381	10	8	133	0.0601504
NODE_211695_length_1176_cov_6.252553	248	381	11	31	133	0.2330827
NODE_211695_length_1176_cov_6.252553	248	381	12	20	133	0.1503759
NODE_211695_length_1176_cov_6.252553	248	381	13	24	133	0.1804511
NODE_211695_length_1176_cov_6.252553	248	381	14	25	133	0.1879699
NODE_211695_length_1176_cov_6.252553	248	381	16	5	133	0.0375940
NODE_211722_length_1176_cov_4.429898	426	559	2	44	133	0.3308271
NODE_211722_length_1176_cov_4.429898	426	559	3	38	133	0.2857143
NODE_211722_length_1176_cov_4.429898	426	559	5	4	133	0.0300752
NODE_211722_length_1176_cov_4.429898	426	559	6	12	133	0.0902256
NODE_211722_length_1176_cov_4.429898	426	559	7	35	133	0.2631579
NODE_21172_length_5424_cov_3.586479	5230	5363	1	23	133	0.1729323
NODE_21172_length_5424_cov_3.586479	5230	5363	2	28	133	0.2105263
NODE_21172_length_5424_cov_3.586479	5230	5363	3	5	133	0.0375940
NODE_21172_length_5424_cov_3.586479	5230	5363	4	77	133	0.5789474
NODE_21184_length_5422_cov_4.153673	3654	3787	3	6	133	0.0451128
NODE_21184_length_5422_cov_4.153673	3654	3787	4	18	133	0.1353384
NODE_21184_length_5422_cov_4.153673	3654	3787	5	96	133	0.7218045
NODE_21184_length_5422_cov_4.153673	3654	3787	6	11	133	0.0827068
NODE_21184_length_5422_cov_4.153673	3654	3787	7	2	133	0.0150376
NODE_211905_length_1175_cov_3.577138	110	243	6	10	133	0.0751880
NODE_211905_length_1175_cov_3.577138	110	243	7	30	133	0.2255639
NODE_211905_length_1175_cov_3.577138	110	243	8	5	133	0.0375940
NODE_211905_length_1175_cov_3.577138	110	243	9	33	133	0.2481203
NODE_211905_length_1175_cov_3.577138	110	243	10	29	133	0.2180451
NODE_211905_length_1175_cov_3.577138	110	243	11	26	133	0.1954887
NODE_21205_length_5419_cov_5.645489	1530	1663	7	11	133	0.0827068
NODE_21205_length_5419_cov_5.645489	1530	1663	9	7	133	0.0526316
NODE_21205_length_5419_cov_5.645489	1530	1663	10	15	133	0.1127820
NODE_21205_length_5419_cov_5.645489	1530	1663	11	1	133	0.0075188
NODE_21205_length_5419_cov_5.645489	1530	1663	13	2	133	0.0150376
NODE_21205_length_5419_cov_5.645489	1530	1663	14	2	133	0.0150376
NODE_21205_length_5419_cov_5.645489	1530	1663	15	3	133	0.0225564
NODE_21205_length_5419_cov_5.645489	1530	1663	16	8	133	0.0601504
NODE_21205_length_5419_cov_5.645489	1530	1663	17	7	133	0.0526316
NODE_21205_length_5419_cov_5.645489	1530	1663	18	6	133	0.0451128
NODE_21205_length_5419_cov_5.645489	1530	1663	19	34	133	0.2556391
NODE_21205_length_5419_cov_5.645489	1530	1663	20	19	133	0.1428571
NODE_21205_length_5419_cov_5.645489	1530	1663	21	10	133	0.0751880
NODE_21205_length_5419_cov_5.645489	1530	1663	23	8	133	0.0601504
NODE_212228_length_1173_cov_4.626629	588	721	9	4	133	0.0300752
NODE_212228_length_1173_cov_4.626629	588	721	10	53	133	0.3984962
NODE_212228_length_1173_cov_4.626629	588	721	11	28	133	0.2105263
NODE_212228_length_1173_cov_4.626629	588	721	12	19	133	0.1428571
NODE_212228_length_1173_cov_4.626629	588	721	13	27	133	0.2030075
NODE_212228_length_1173_cov_4.626629	588	721	14	2	133	0.0150376
NODE_21228_length_5417_cov_4.476307	2396	2529	17	13	133	0.0977444
NODE_21228_length_5417_cov_4.476307	2396	2529	18	9	133	0.0676692
NODE_21228_length_5417_cov_4.476307	2396	2529	19	44	133	0.3308271
NODE_21228_length_5417_cov_4.476307	2396	2529	20	12	133	0.0902256
NODE_21228_length_5417_cov_4.476307	2396	2529	21	19	133	0.1428571
NODE_21228_length_5417_cov_4.476307	2396	2529	22	29	133	0.2180451
NODE_21228_length_5417_cov_4.476307	2396	2529	23	7	133	0.0526316
NODE_21241_length_5416_cov_3.750987	2765	2898	0	32	133	0.2406015
NODE_21241_length_5416_cov_3.750987	2765	2898	1	12	133	0.0902256
NODE_21241_length_5416_cov_3.750987	2765	2898	2	89	133	0.6691729
NODE_2125_length_12152_cov_4.132083	7243	7376	9	23	133	0.1729323
NODE_2125_length_12152_cov_4.132083	7243	7376	10	8	133	0.0601504
NODE_2125_length_12152_cov_4.132083	7243	7376	11	45	133	0.3383459
NODE_2125_length_12152_cov_4.132083	7243	7376	12	54	133	0.4060150
NODE_2125_length_12152_cov_4.132083	7243	7376	13	3	133	0.0225564
NODE_21302_length_5408_cov_3.902430	127	260	9	6	133	0.0451128
NODE_21302_length_5408_cov_3.902430	127	260	10	24	133	0.1804511
NODE_21302_length_5408_cov_3.902430	127	260	11	5	133	0.0375940
NODE_21302_length_5408_cov_3.902430	127	260	14	6	133	0.0451128
NODE_21302_length_5408_cov_3.902430	127	260	16	9	133	0.0676692
NODE_21302_length_5408_cov_3.902430	127	260	18	18	133	0.1353384
NODE_21302_length_5408_cov_3.902430	127	260	19	39	133	0.2932331
NODE_21302_length_5408_cov_3.902430	127	260	20	7	133	0.0526316
NODE_21302_length_5408_cov_3.902430	127	260	21	19	133	0.1428571
NODE_2131_length_12138_cov_4.779134	5781	5914	16	2	133	0.0150376
NODE_2131_length_12138_cov_4.779134	5781	5914	19	1	133	0.0075188
NODE_2131_length_12138_cov_4.779134	5781	5914	20	2	133	0.0150376
NODE_2131_length_12138_cov_4.779134	5781	5914	21	10	133	0.0751880
NODE_2131_length_12138_cov_4.779134	5781	5914	22	9	133	0.0676692
NODE_2131_length_12138_cov_4.779134	5781	5914	24	3	133	0.0225564
NODE_2131_length_12138_cov_4.779134	5781	5914	25	2	133	0.0150376
NODE_2131_length_12138_cov_4.779134	5781	5914	28	3	133	0.0225564
NODE_2131_length_12138_cov_4.779134	5781	5914	29	1	133	0.0075188
NODE_2131_length_12138_cov_4.779134	5781	5914	30	13	133	0.0977444
NODE_2131_length_12138_cov_4.779134	5781	5914	31	16	133	0.1203008
NODE_2131_length_12138_cov_4.779134	5781	5914	32	1	133	0.0075188
NODE_2131_length_12138_cov_4.779134	5781	5914	33	1	133	0.0075188
NODE_2131_length_12138_cov_4.779134	5781	5914	34	5	133	0.0375940
NODE_2131_length_12138_cov_4.779134	5781	5914	35	5	133	0.0375940
NODE_2131_length_12138_cov_4.779134	5781	5914	36	3	133	0.0225564
NODE_2131_length_12138_cov_4.779134	5781	5914	37	11	133	0.0827068
NODE_2131_length_12138_cov_4.779134	5781	5914	38	5	133	0.0375940
NODE_2131_length_12138_cov_4.779134	5781	5914	39	17	133	0.1278196
NODE_2131_length_12138_cov_4.779134	5781	5914	40	7	133	0.0526316
NODE_2131_length_12138_cov_4.779134	5781	5914	41	16	133	0.1203008
NODE_21324_length_5405_cov_4.055786	2300	2433	0	28	133	0.2105263
NODE_21324_length_5405_cov_4.055786	2300	2433	1	72	133	0.5413534
NODE_21324_length_5405_cov_4.055786	2300	2433	3	33	133	0.2481203
NODE_213259_length_1167_cov_4.352996	196	329	4	12	133	0.0902256
NODE_213259_length_1167_cov_4.352996	196	329	5	11	133	0.0827068
NODE_213259_length_1167_cov_4.352996	196	329	6	12	133	0.0902256
NODE_213259_length_1167_cov_4.352996	196	329	7	10	133	0.0751880
NODE_213259_length_1167_cov_4.352996	196	329	8	30	133	0.2255639
NODE_213259_length_1167_cov_4.352996	196	329	9	8	133	0.0601504
NODE_213259_length_1167_cov_4.352996	196	329	11	34	133	0.2556391
NODE_213259_length_1167_cov_4.352996	196	329	12	16	133	0.1203008
NODE_21334_length_5404_cov_4.292177	4848	4981	0	7	133	0.0526316
NODE_21334_length_5404_cov_4.292177	4848	4981	1	80	133	0.6015037
NODE_21334_length_5404_cov_4.292177	4848	4981	2	26	133	0.1954887
NODE_21334_length_5404_cov_4.292177	4848	4981	3	20	133	0.1503759
NODE_213481_length_1166_cov_3.604499	922	1055	11	6	133	0.0451128
NODE_213481_length_1166_cov_3.604499	922	1055	13	3	133	0.0225564
NODE_213481_length_1166_cov_3.604499	922	1055	14	47	133	0.3533835
NODE_213481_length_1166_cov_3.604499	922	1055	15	9	133	0.0676692
NODE_213481_length_1166_cov_3.604499	922	1055	16	26	133	0.1954887
NODE_213481_length_1166_cov_3.604499	922	1055	17	3	133	0.0225564
NODE_213481_length_1166_cov_3.604499	922	1055	18	20	133	0.1503759
NODE_213481_length_1166_cov_3.604499	922	1055	19	19	133	0.1428571
NODE_21349_length_5402_cov_4.795210	1920	2053	24	2	133	0.0150376
NODE_21349_length_5402_cov_4.795210	1920	2053	25	4	133	0.0300752
NODE_21349_length_5402_cov_4.795210	1920	2053	26	3	133	0.0225564
NODE_21349_length_5402_cov_4.795210	1920	2053	27	3	133	0.0225564
NODE_21349_length_5402_cov_4.795210	1920	2053	28	4	133	0.0300752
NODE_21349_length_5402_cov_4.795210	1920	2053	32	7	133	0.0526316
NODE_21349_length_5402_cov_4.795210	1920	2053	34	6	133	0.0451128
NODE_21349_length_5402_cov_4.795210	1920	2053	36	1	133	0.0075188
NODE_21349_length_5402_cov_4.795210	1920	2053	38	2	133	0.0150376
NODE_21349_length_5402_cov_4.795210	1920	2053	39	11	133	0.0827068
NODE_21349_length_5402_cov_4.795210	1920	2053	40	4	133	0.0300752
NODE_21349_length_5402_cov_4.795210	1920	2053	41	13	133	0.0977444
NODE_21349_length_5402_cov_4.795210	1920	2053	42	7	133	0.0526316
NODE_21349_length_5402_cov_4.795210	1920	2053	43	2	133	0.0150376
NODE_21349_length_5402_cov_4.795210	1920	2053	44	2	133	0.0150376
NODE_21349_length_5402_cov_4.795210	1920	2053	45	2	133	0.0150376
NODE_21349_length_5402_cov_4.795210	1920	2053	46	6	133	0.0451128
NODE_21349_length_5402_cov_4.795210	1920	2053	47	21	133	0.1578947
NODE_21349_length_5402_cov_4.795210	1920	2053	48	28	133	0.2105263
NODE_21349_length_5402_cov_4.795210	1920	2053	49	5	133	0.0375940
NODE_213612_length_1165_cov_5.381801	379	512	11	5	133	0.0375940
NODE_213612_length_1165_cov_5.381801	379	512	12	1	133	0.0075188
NODE_213612_length_1165_cov_5.381801	379	512	13	22	133	0.1654135
NODE_213612_length_1165_cov_5.381801	379	512	14	13	133	0.0977444
NODE_213612_length_1165_cov_5.381801	379	512	17	28	133	0.2105263
NODE_213612_length_1165_cov_5.381801	379	512	18	13	133	0.0977444
NODE_213612_length_1165_cov_5.381801	379	512	19	13	133	0.0977444
NODE_213612_length_1165_cov_5.381801	379	512	20	26	133	0.1954887
NODE_213612_length_1165_cov_5.381801	379	512	21	12	133	0.0902256
NODE_21369_length_5400_cov_4.424826	4204	4337	16	1	133	0.0075188
NODE_21369_length_5400_cov_4.424826	4204	4337	17	2	133	0.0150376
NODE_21369_length_5400_cov_4.424826	4204	4337	18	2	133	0.0150376
NODE_21369_length_5400_cov_4.424826	4204	4337	19	6	133	0.0451128
NODE_21369_length_5400_cov_4.424826	4204	4337	20	20	133	0.1503759
NODE_21369_length_5400_cov_4.424826	4204	4337	21	2	133	0.0150376
NODE_21369_length_5400_cov_4.424826	4204	4337	22	8	133	0.0601504
NODE_21369_length_5400_cov_4.424826	4204	4337	23	8	133	0.0601504
NODE_21369_length_5400_cov_4.424826	4204	4337	24	17	133	0.1278196
NODE_21369_length_5400_cov_4.424826	4204	4337	25	2	133	0.0150376
NODE_21369_length_5400_cov_4.424826	4204	4337	27	13	133	0.0977444
NODE_21369_length_5400_cov_4.424826	4204	4337	28	7	133	0.0526316
NODE_21369_length_5400_cov_4.424826	4204	4337	29	7	133	0.0526316
NODE_21369_length_5400_cov_4.424826	4204	4337	30	13	133	0.0977444
NODE_21369_length_5400_cov_4.424826	4204	4337	31	25	133	0.1879699
NODE_213758_length_1164_cov_5.867606	730	863	0	98	133	0.7368421
NODE_213758_length_1164_cov_5.867606	730	863	1	13	133	0.0977444
NODE_213758_length_1164_cov_5.867606	730	863	2	7	133	0.0526316
NODE_213758_length_1164_cov_5.867606	730	863	3	15	133	0.1127820
NODE_213999_length_1163_cov_3.967105	313	446	7	6	133	0.0451128
NODE_213999_length_1163_cov_3.967105	313	446	8	11	133	0.0827068
NODE_213999_length_1163_cov_3.967105	313	446	9	7	133	0.0526316
NODE_213999_length_1163_cov_3.967105	313	446	10	2	133	0.0150376
NODE_213999_length_1163_cov_3.967105	313	446	11	22	133	0.1654135
NODE_213999_length_1163_cov_3.967105	313	446	12	62	133	0.4661654
NODE_213999_length_1163_cov_3.967105	313	446	13	11	133	0.0827068
NODE_213999_length_1163_cov_3.967105	313	446	14	12	133	0.0902256
NODE_214007_length_1163_cov_3.787594	642	775	7	1	133	0.0075188
NODE_214007_length_1163_cov_3.787594	642	775	8	7	133	0.0526316
NODE_214007_length_1163_cov_3.787594	642	775	11	33	133	0.2481203
NODE_214007_length_1163_cov_3.787594	642	775	12	22	133	0.1654135
NODE_214007_length_1163_cov_3.787594	642	775	13	23	133	0.1729323
NODE_214007_length_1163_cov_3.787594	642	775	14	14	133	0.1052632
NODE_214007_length_1163_cov_3.787594	642	775	15	8	133	0.0601504
NODE_214007_length_1163_cov_3.787594	642	775	16	11	133	0.0827068
NODE_214007_length_1163_cov_3.787594	642	775	17	14	133	0.1052632
NODE_214091_length_1163_cov_2.388158	387	520	6	18	133	0.1353384
NODE_214091_length_1163_cov_2.388158	387	520	7	12	133	0.0902256
NODE_214091_length_1163_cov_2.388158	387	520	8	3	133	0.0225564
NODE_214091_length_1163_cov_2.388158	387	520	9	24	133	0.1804511
NODE_214091_length_1163_cov_2.388158	387	520	11	25	133	0.1879699
NODE_214091_length_1163_cov_2.388158	387	520	12	9	133	0.0676692
NODE_214091_length_1163_cov_2.388158	387	520	13	42	133	0.3157895
NODE_214123_length_1162_cov_5.636877	899	1032	8	1	133	0.0075188
NODE_214123_length_1162_cov_5.636877	899	1032	9	27	133	0.2030075
NODE_214123_length_1162_cov_5.636877	899	1032	10	1	133	0.0075188
NODE_214123_length_1162_cov_5.636877	899	1032	12	1	133	0.0075188
NODE_214123_length_1162_cov_5.636877	899	1032	13	25	133	0.1879699
NODE_214123_length_1162_cov_5.636877	899	1032	14	56	133	0.4210526
NODE_214123_length_1162_cov_5.636877	899	1032	15	18	133	0.1353384
NODE_214123_length_1162_cov_5.636877	899	1032	17	4	133	0.0300752
NODE_214147_length_1162_cov_4.512700	897	1030	3	8	133	0.0601504
NODE_214147_length_1162_cov_4.512700	897	1030	5	3	133	0.0225564
NODE_214147_length_1162_cov_4.512700	897	1030	6	2	133	0.0150376
NODE_214147_length_1162_cov_4.512700	897	1030	7	3	133	0.0225564
NODE_214147_length_1162_cov_4.512700	897	1030	8	12	133	0.0902256
NODE_214147_length_1162_cov_4.512700	897	1030	9	12	133	0.0902256
NODE_214147_length_1162_cov_4.512700	897	1030	12	19	133	0.1428571
NODE_214147_length_1162_cov_4.512700	897	1030	13	7	133	0.0526316
NODE_214147_length_1162_cov_4.512700	897	1030	14	13	133	0.0977444
NODE_214147_length_1162_cov_4.512700	897	1030	15	54	133	0.4060150
NODE_214350_length_1161_cov_3.661017	758	891	2	22	133	0.1654135
NODE_214350_length_1161_cov_3.661017	758	891	3	10	133	0.0751880
NODE_214350_length_1161_cov_3.661017	758	891	4	77	133	0.5789474
NODE_214350_length_1161_cov_3.661017	758	891	5	24	133	0.1804511
NODE_214378_length_1161_cov_3.241996	115	248	9	13	133	0.0977444
NODE_214378_length_1161_cov_3.241996	115	248	11	1	133	0.0075188
NODE_214378_length_1161_cov_3.241996	115	248	12	4	133	0.0300752
NODE_214378_length_1161_cov_3.241996	115	248	14	8	133	0.0601504
NODE_214378_length_1161_cov_3.241996	115	248	15	21	133	0.1578947
NODE_214378_length_1161_cov_3.241996	115	248	16	15	133	0.1127820
NODE_214378_length_1161_cov_3.241996	115	248	17	21	133	0.1578947
NODE_214378_length_1161_cov_3.241996	115	248	18	36	133	0.2706767
NODE_214378_length_1161_cov_3.241996	115	248	19	7	133	0.0526316
NODE_214378_length_1161_cov_3.241996	115	248	21	7	133	0.0526316
NODE_214447_length_1160_cov_6.545712	62	195	7	2	133	0.0150376
NODE_214447_length_1160_cov_6.545712	62	195	8	12	133	0.0902256
NODE_214447_length_1160_cov_6.545712	62	195	9	4	133	0.0300752
NODE_214447_length_1160_cov_6.545712	62	195	10	6	133	0.0451128
NODE_214447_length_1160_cov_6.545712	62	195	12	1	133	0.0075188
NODE_214447_length_1160_cov_6.545712	62	195	13	5	133	0.0375940
NODE_214447_length_1160_cov_6.545712	62	195	14	6	133	0.0451128
NODE_214447_length_1160_cov_6.545712	62	195	15	1	133	0.0075188
NODE_214447_length_1160_cov_6.545712	62	195	16	3	133	0.0225564
NODE_214447_length_1160_cov_6.545712	62	195	17	6	133	0.0451128
NODE_214447_length_1160_cov_6.545712	62	195	21	7	133	0.0526316
NODE_214447_length_1160_cov_6.545712	62	195	22	16	133	0.1203008
NODE_214447_length_1160_cov_6.545712	62	195	24	1	133	0.0075188
NODE_214447_length_1160_cov_6.545712	62	195	25	2	133	0.0150376
NODE_214447_length_1160_cov_6.545712	62	195	26	32	133	0.2406015
NODE_214447_length_1160_cov_6.545712	62	195	27	20	133	0.1503759
NODE_214447_length_1160_cov_6.545712	62	195	28	9	133	0.0676692
NODE_2144_length_12116_cov_4.469335	6833	6966	7	35	133	0.2631579
NODE_2144_length_12116_cov_4.469335	6833	6966	8	18	133	0.1353384
NODE_2144_length_12116_cov_4.469335	6833	6966	9	7	133	0.0526316
NODE_2144_length_12116_cov_4.469335	6833	6966	11	26	133	0.1954887
NODE_2144_length_12116_cov_4.469335	6833	6966	12	37	133	0.2781955
NODE_2144_length_12116_cov_4.469335	6833	6966	13	3	133	0.0225564
NODE_2144_length_12116_cov_4.469335	6833	6966	14	7	133	0.0526316
NODE_21458_length_5390_cov_4.527878	4711	4844	5	2	133	0.0150376
NODE_21458_length_5390_cov_4.527878	4711	4844	6	13	133	0.0977444
NODE_21458_length_5390_cov_4.527878	4711	4844	8	1	133	0.0075188
NODE_21458_length_5390_cov_4.527878	4711	4844	10	31	133	0.2330827
NODE_21458_length_5390_cov_4.527878	4711	4844	11	2	133	0.0150376
NODE_21458_length_5390_cov_4.527878	4711	4844	12	4	133	0.0300752
NODE_21458_length_5390_cov_4.527878	4711	4844	14	6	133	0.0451128
NODE_21458_length_5390_cov_4.527878	4711	4844	16	9	133	0.0676692
NODE_21458_length_5390_cov_4.527878	4711	4844	17	14	133	0.1052632
NODE_21458_length_5390_cov_4.527878	4711	4844	18	12	133	0.0902256
NODE_21458_length_5390_cov_4.527878	4711	4844	19	7	133	0.0526316
NODE_21458_length_5390_cov_4.527878	4711	4844	20	7	133	0.0526316
NODE_21458_length_5390_cov_4.527878	4711	4844	21	17	133	0.1278196
NODE_21458_length_5390_cov_4.527878	4711	4844	22	5	133	0.0375940
NODE_21458_length_5390_cov_4.527878	4711	4844	23	3	133	0.0225564
NODE_214864_length_1158_cov_3.702550	128	261	16	6	133	0.0451128
NODE_214864_length_1158_cov_3.702550	128	261	17	24	133	0.1804511
NODE_214864_length_1158_cov_3.702550	128	261	18	8	133	0.0601504
NODE_214864_length_1158_cov_3.702550	128	261	19	8	133	0.0601504
NODE_214864_length_1158_cov_3.702550	128	261	20	4	133	0.0300752
NODE_214864_length_1158_cov_3.702550	128	261	21	8	133	0.0601504
NODE_214864_length_1158_cov_3.702550	128	261	22	9	133	0.0676692
NODE_214864_length_1158_cov_3.702550	128	261	23	2	133	0.0150376
NODE_214864_length_1158_cov_3.702550	128	261	24	10	133	0.0751880
NODE_214864_length_1158_cov_3.702550	128	261	25	8	133	0.0601504
NODE_214864_length_1158_cov_3.702550	128	261	26	11	133	0.0827068
NODE_214864_length_1158_cov_3.702550	128	261	27	17	133	0.1278196
NODE_214864_length_1158_cov_3.702550	128	261	28	14	133	0.1052632
NODE_214864_length_1158_cov_3.702550	128	261	29	4	133	0.0300752
NODE_2148_length_12110_cov_4.754558	1796	1929	15	5	133	0.0375940
NODE_2148_length_12110_cov_4.754558	1796	1929	16	4	133	0.0300752
NODE_2148_length_12110_cov_4.754558	1796	1929	17	9	133	0.0676692
NODE_2148_length_12110_cov_4.754558	1796	1929	18	18	133	0.1353384
NODE_2148_length_12110_cov_4.754558	1796	1929	19	30	133	0.2255639
NODE_2148_length_12110_cov_4.754558	1796	1929	20	1	133	0.0075188
NODE_2148_length_12110_cov_4.754558	1796	1929	21	9	133	0.0676692
NODE_2148_length_12110_cov_4.754558	1796	1929	22	3	133	0.0225564
NODE_2148_length_12110_cov_4.754558	1796	1929	23	23	133	0.1729323
NODE_2148_length_12110_cov_4.754558	1796	1929	24	17	133	0.1278196
NODE_2148_length_12110_cov_4.754558	1796	1929	25	14	133	0.1052632
NODE_21507_length_5383_cov_15.846707	807	940	0	1	133	0.0075188
NODE_21507_length_5383_cov_15.846707	807	940	2	3	133	0.0225564
NODE_21507_length_5383_cov_15.846707	807	940	12	10	133	0.0751880
NODE_21507_length_5383_cov_15.846707	807	940	13	13	133	0.0977444
NODE_21507_length_5383_cov_15.846707	807	940	14	10	133	0.0751880
NODE_21507_length_5383_cov_15.846707	807	940	15	3	133	0.0225564
NODE_21507_length_5383_cov_15.846707	807	940	16	9	133	0.0676692
NODE_21507_length_5383_cov_15.846707	807	940	17	2	133	0.0150376
NODE_21507_length_5383_cov_15.846707	807	940	18	4	133	0.0300752
NODE_21507_length_5383_cov_15.846707	807	940	19	20	133	0.1503759
NODE_21507_length_5383_cov_15.846707	807	940	20	3	133	0.0225564
NODE_21507_length_5383_cov_15.846707	807	940	21	11	133	0.0827068
NODE_21507_length_5383_cov_15.846707	807	940	22	22	133	0.1654135
NODE_21507_length_5383_cov_15.846707	807	940	23	21	133	0.1578947
NODE_21507_length_5383_cov_15.846707	807	940	24	1	133	0.0075188
NODE_215090_length_1157_cov_3.080340	474	607	28	10	133	0.0751880
NODE_215090_length_1157_cov_3.080340	474	607	29	11	133	0.0827068
NODE_215090_length_1157_cov_3.080340	474	607	31	1	133	0.0075188
NODE_215090_length_1157_cov_3.080340	474	607	32	2	133	0.0150376
NODE_215090_length_1157_cov_3.080340	474	607	33	1	133	0.0075188
NODE_215090_length_1157_cov_3.080340	474	607	34	2	133	0.0150376
NODE_215090_length_1157_cov_3.080340	474	607	35	18	133	0.1353384
NODE_215090_length_1157_cov_3.080340	474	607	36	14	133	0.1052632
NODE_215090_length_1157_cov_3.080340	474	607	37	2	133	0.0150376
NODE_215090_length_1157_cov_3.080340	474	607	38	1	133	0.0075188
NODE_215090_length_1157_cov_3.080340	474	607	39	2	133	0.0150376
NODE_215090_length_1157_cov_3.080340	474	607	40	9	133	0.0676692
NODE_215090_length_1157_cov_3.080340	474	607	41	2	133	0.0150376
NODE_215090_length_1157_cov_3.080340	474	607	42	5	133	0.0375940
NODE_215090_length_1157_cov_3.080340	474	607	43	5	133	0.0375940
NODE_215090_length_1157_cov_3.080340	474	607	44	3	133	0.0225564
NODE_215090_length_1157_cov_3.080340	474	607	45	6	133	0.0451128
NODE_215090_length_1157_cov_3.080340	474	607	46	16	133	0.1203008
NODE_215090_length_1157_cov_3.080340	474	607	47	12	133	0.0902256
NODE_215090_length_1157_cov_3.080340	474	607	48	5	133	0.0375940
NODE_215090_length_1157_cov_3.080340	474	607	49	6	133	0.0451128
NODE_215134_length_1157_cov_1.713611	206	339	0	62	133	0.4661654
NODE_215134_length_1157_cov_1.713611	206	339	2	71	133	0.5338346
NODE_215144_length_1156_cov_5.954588	434	567	16	2	133	0.0150376
NODE_215144_length_1156_cov_5.954588	434	567	18	12	133	0.0902256
NODE_215144_length_1156_cov_5.954588	434	567	19	2	133	0.0150376
NODE_215144_length_1156_cov_5.954588	434	567	20	10	133	0.0751880
NODE_215144_length_1156_cov_5.954588	434	567	21	6	133	0.0451128
NODE_215144_length_1156_cov_5.954588	434	567	22	11	133	0.0827068
NODE_215144_length_1156_cov_5.954588	434	567	23	20	133	0.1503759
NODE_215144_length_1156_cov_5.954588	434	567	24	35	133	0.2631579
NODE_215144_length_1156_cov_5.954588	434	567	25	28	133	0.2105263
NODE_215144_length_1156_cov_5.954588	434	567	26	7	133	0.0526316
NODE_215153_length_1156_cov_5.280038	778	911	1	2	133	0.0150376
NODE_215153_length_1156_cov_5.280038	778	911	2	22	133	0.1654135
NODE_215153_length_1156_cov_5.280038	778	911	3	15	133	0.1127820
NODE_215153_length_1156_cov_5.280038	778	911	4	57	133	0.4285714
NODE_215153_length_1156_cov_5.280038	778	911	5	37	133	0.2781955
NODE_215187_length_1156_cov_4.244087	865	998	2	6	133	0.0451128
NODE_215187_length_1156_cov_4.244087	865	998	3	10	133	0.0751880
NODE_215187_length_1156_cov_4.244087	865	998	4	26	133	0.1954887
NODE_215187_length_1156_cov_4.244087	865	998	6	25	133	0.1879699
NODE_215187_length_1156_cov_4.244087	865	998	8	26	133	0.1954887
NODE_215187_length_1156_cov_4.244087	865	998	9	6	133	0.0451128
NODE_215187_length_1156_cov_4.244087	865	998	10	4	133	0.0300752
NODE_215187_length_1156_cov_4.244087	865	998	11	30	133	0.2255639
NODE_21524_length_5382_cov_3.949271	2447	2580	10	1	133	0.0075188
NODE_21524_length_5382_cov_3.949271	2447	2580	11	6	133	0.0451128
NODE_21524_length_5382_cov_3.949271	2447	2580	12	4	133	0.0300752
NODE_21524_length_5382_cov_3.949271	2447	2580	13	14	133	0.1052632
NODE_21524_length_5382_cov_3.949271	2447	2580	14	3	133	0.0225564
NODE_21524_length_5382_cov_3.949271	2447	2580	15	2	133	0.0150376
NODE_21524_length_5382_cov_3.949271	2447	2580	16	12	133	0.0902256
NODE_21524_length_5382_cov_3.949271	2447	2580	18	1	133	0.0075188
NODE_21524_length_5382_cov_3.949271	2447	2580	19	3	133	0.0225564
NODE_21524_length_5382_cov_3.949271	2447	2580	20	2	133	0.0150376
NODE_21524_length_5382_cov_3.949271	2447	2580	21	10	133	0.0751880
NODE_21524_length_5382_cov_3.949271	2447	2580	22	1	133	0.0075188
NODE_21524_length_5382_cov_3.949271	2447	2580	23	12	133	0.0902256
NODE_21524_length_5382_cov_3.949271	2447	2580	24	15	133	0.1127820
NODE_21524_length_5382_cov_3.949271	2447	2580	25	4	133	0.0300752
NODE_21524_length_5382_cov_3.949271	2447	2580	26	6	133	0.0451128
NODE_21524_length_5382_cov_3.949271	2447	2580	27	36	133	0.2706767
NODE_21524_length_5382_cov_3.949271	2447	2580	28	1	133	0.0075188
NODE_215368_length_1155_cov_3.812500	196	329	14	3	133	0.0225564
NODE_215368_length_1155_cov_3.812500	196	329	15	8	133	0.0601504
NODE_215368_length_1155_cov_3.812500	196	329	16	5	133	0.0375940
NODE_215368_length_1155_cov_3.812500	196	329	17	5	133	0.0375940
NODE_215368_length_1155_cov_3.812500	196	329	18	30	133	0.2255639
NODE_215368_length_1155_cov_3.812500	196	329	19	8	133	0.0601504
NODE_215368_length_1155_cov_3.812500	196	329	20	14	133	0.1052632
NODE_215368_length_1155_cov_3.812500	196	329	21	29	133	0.2180451
NODE_215368_length_1155_cov_3.812500	196	329	22	23	133	0.1729323
NODE_215368_length_1155_cov_3.812500	196	329	23	8	133	0.0601504
NODE_2154_length_12095_cov_4.732911	11773	11906	6	8	133	0.0601504
NODE_2154_length_12095_cov_4.732911	11773	11906	7	58	133	0.4360902
NODE_2154_length_12095_cov_4.732911	11773	11906	8	15	133	0.1127820
NODE_2154_length_12095_cov_4.732911	11773	11906	9	34	133	0.2556391
NODE_2154_length_12095_cov_4.732911	11773	11906	10	18	133	0.1353384
NODE_215706_length_1153_cov_5.201139	845	978	3	4	133	0.0300752
NODE_215706_length_1153_cov_5.201139	845	978	4	1	133	0.0075188
NODE_215706_length_1153_cov_5.201139	845	978	5	1	133	0.0075188
NODE_215706_length_1153_cov_5.201139	845	978	6	4	133	0.0300752
NODE_215706_length_1153_cov_5.201139	845	978	9	10	133	0.0751880
NODE_215706_length_1153_cov_5.201139	845	978	10	4	133	0.0300752
NODE_215706_length_1153_cov_5.201139	845	978	11	8	133	0.0601504
NODE_215706_length_1153_cov_5.201139	845	978	12	2	133	0.0150376
NODE_215706_length_1153_cov_5.201139	845	978	13	4	133	0.0300752
NODE_215706_length_1153_cov_5.201139	845	978	14	20	133	0.1503759
NODE_215706_length_1153_cov_5.201139	845	978	17	1	133	0.0075188
NODE_215706_length_1153_cov_5.201139	845	978	18	61	133	0.4586466
NODE_215706_length_1153_cov_5.201139	845	978	19	1	133	0.0075188
NODE_215706_length_1153_cov_5.201139	845	978	21	3	133	0.0225564
NODE_215706_length_1153_cov_5.201139	845	978	22	3	133	0.0225564
NODE_215706_length_1153_cov_5.201139	845	978	23	5	133	0.0375940
NODE_215706_length_1153_cov_5.201139	845	978	24	1	133	0.0075188
NODE_215779_length_1153_cov_3.479127	642	775	1	1	133	0.0075188
NODE_215779_length_1153_cov_3.479127	642	775	2	2	133	0.0150376
NODE_215779_length_1153_cov_3.479127	642	775	3	1	133	0.0075188
NODE_215779_length_1153_cov_3.479127	642	775	4	34	133	0.2556391
NODE_215779_length_1153_cov_3.479127	642	775	6	9	133	0.0676692
NODE_215779_length_1153_cov_3.479127	642	775	7	4	133	0.0300752
NODE_215779_length_1153_cov_3.479127	642	775	8	27	133	0.2030075
NODE_215779_length_1153_cov_3.479127	642	775	9	8	133	0.0601504
NODE_215779_length_1153_cov_3.479127	642	775	10	47	133	0.3533835
NODE_215809_length_1153_cov_2.941176	272	405	3	23	133	0.1729323
NODE_215809_length_1153_cov_2.941176	272	405	4	4	133	0.0300752
NODE_215809_length_1153_cov_2.941176	272	405	6	3	133	0.0225564
NODE_215809_length_1153_cov_2.941176	272	405	7	2	133	0.0150376
NODE_215809_length_1153_cov_2.941176	272	405	9	1	133	0.0075188
NODE_215809_length_1153_cov_2.941176	272	405	10	30	133	0.2255639
NODE_215809_length_1153_cov_2.941176	272	405	11	70	133	0.5263158
NODE_215927_length_1152_cov_3.483381	821	954	9	6	133	0.0451128
NODE_215927_length_1152_cov_3.483381	821	954	10	15	133	0.1127820
NODE_215927_length_1152_cov_3.483381	821	954	11	27	133	0.2030075
NODE_215927_length_1152_cov_3.483381	821	954	12	22	133	0.1654135
NODE_215927_length_1152_cov_3.483381	821	954	13	16	133	0.1203008
NODE_215927_length_1152_cov_3.483381	821	954	14	10	133	0.0751880
NODE_215927_length_1152_cov_3.483381	821	954	15	17	133	0.1278196
NODE_215927_length_1152_cov_3.483381	821	954	16	20	133	0.1503759
NODE_21595_length_5373_cov_4.415055	3854	3987	3	10	133	0.0751880
NODE_21595_length_5373_cov_4.415055	3854	3987	4	6	133	0.0451128
NODE_21595_length_5373_cov_4.415055	3854	3987	6	20	133	0.1503759
NODE_21595_length_5373_cov_4.415055	3854	3987	7	5	133	0.0375940
NODE_21595_length_5373_cov_4.415055	3854	3987	8	10	133	0.0751880
NODE_21595_length_5373_cov_4.415055	3854	3987	9	34	133	0.2556391
NODE_21595_length_5373_cov_4.415055	3854	3987	10	26	133	0.1954887
NODE_21595_length_5373_cov_4.415055	3854	3987	11	22	133	0.1654135
NODE_215961_length_1152_cov_3.040836	174	307	17	1	133	0.0075188
NODE_215961_length_1152_cov_3.040836	174	307	18	11	133	0.0827068
NODE_215961_length_1152_cov_3.040836	174	307	19	8	133	0.0601504
NODE_215961_length_1152_cov_3.040836	174	307	20	2	133	0.0150376
NODE_215961_length_1152_cov_3.040836	174	307	21	3	133	0.0225564
NODE_215961_length_1152_cov_3.040836	174	307	22	53	133	0.3984962
NODE_215961_length_1152_cov_3.040836	174	307	23	21	133	0.1578947
NODE_215961_length_1152_cov_3.040836	174	307	24	20	133	0.1503759
NODE_215961_length_1152_cov_3.040836	174	307	25	13	133	0.0977444
NODE_215961_length_1152_cov_3.040836	174	307	26	1	133	0.0075188
NODE_215973_length_1152_cov_2.927825	466	599	0	87	133	0.6541353
NODE_215973_length_1152_cov_2.927825	466	599	1	46	133	0.3458647
NODE_215_length_21487_cov_6.747054	10045	10178	7	25	133	0.1879699
NODE_215_length_21487_cov_6.747054	10045	10178	8	25	133	0.1879699
NODE_215_length_21487_cov_6.747054	10045	10178	9	27	133	0.2030075
NODE_215_length_21487_cov_6.747054	10045	10178	10	33	133	0.2481203
NODE_215_length_21487_cov_6.747054	10045	10178	11	23	133	0.1729323
NODE_2160_length_12092_cov_3.970900	11480	11613	5	19	133	0.1428571
NODE_2160_length_12092_cov_3.970900	11480	11613	7	3	133	0.0225564
NODE_2160_length_12092_cov_3.970900	11480	11613	9	11	133	0.0827068
NODE_2160_length_12092_cov_3.970900	11480	11613	10	84	133	0.6315789
NODE_2160_length_12092_cov_3.970900	11480	11613	12	16	133	0.1203008
NODE_21613_length_5370_cov_4.903054	4770	4903	3	5	133	0.0375940
NODE_21613_length_5370_cov_4.903054	4770	4903	4	2	133	0.0150376
NODE_21613_length_5370_cov_4.903054	4770	4903	5	6	133	0.0451128
NODE_21613_length_5370_cov_4.903054	4770	4903	6	14	133	0.1052632
NODE_21613_length_5370_cov_4.903054	4770	4903	8	19	133	0.1428571
NODE_21613_length_5370_cov_4.903054	4770	4903	9	37	133	0.2781955
NODE_21613_length_5370_cov_4.903054	4770	4903	10	8	133	0.0601504
NODE_21613_length_5370_cov_4.903054	4770	4903	11	39	133	0.2932331
NODE_21613_length_5370_cov_4.903054	4770	4903	12	3	133	0.0225564
NODE_21614_length_5370_cov_4.333713	1834	1967	16	19	133	0.1428571
NODE_21614_length_5370_cov_4.333713	1834	1967	17	5	133	0.0375940
NODE_21614_length_5370_cov_4.333713	1834	1967	18	13	133	0.0977444
NODE_21614_length_5370_cov_4.333713	1834	1967	19	1	133	0.0075188
NODE_21614_length_5370_cov_4.333713	1834	1967	21	31	133	0.2330827
NODE_21614_length_5370_cov_4.333713	1834	1967	22	22	133	0.1654135
NODE_21614_length_5370_cov_4.333713	1834	1967	23	21	133	0.1578947
NODE_21614_length_5370_cov_4.333713	1834	1967	24	15	133	0.1127820
NODE_21614_length_5370_cov_4.333713	1834	1967	25	6	133	0.0451128
NODE_216327_length_1150_cov_2.866794	504	637	15	2	133	0.0150376
NODE_216327_length_1150_cov_2.866794	504	637	16	8	133	0.0601504
NODE_216327_length_1150_cov_2.866794	504	637	17	1	133	0.0075188
NODE_216327_length_1150_cov_2.866794	504	637	19	8	133	0.0601504
NODE_216327_length_1150_cov_2.866794	504	637	20	8	133	0.0601504
NODE_216327_length_1150_cov_2.866794	504	637	21	3	133	0.0225564
NODE_216327_length_1150_cov_2.866794	504	637	22	7	133	0.0526316
NODE_216327_length_1150_cov_2.866794	504	637	23	35	133	0.2631579
NODE_216327_length_1150_cov_2.866794	504	637	24	9	133	0.0676692
NODE_216327_length_1150_cov_2.866794	504	637	25	14	133	0.1052632
NODE_216327_length_1150_cov_2.866794	504	637	26	17	133	0.1278196
NODE_216327_length_1150_cov_2.866794	504	637	27	21	133	0.1578947
NODE_216381_length_1149_cov_6.443810	456	589	7	13	133	0.0977444
NODE_216381_length_1149_cov_6.443810	456	589	8	1	133	0.0075188
NODE_216381_length_1149_cov_6.443810	456	589	9	5	133	0.0375940
NODE_216381_length_1149_cov_6.443810	456	589	11	8	133	0.0601504
NODE_216381_length_1149_cov_6.443810	456	589	12	68	133	0.5112782
NODE_216381_length_1149_cov_6.443810	456	589	13	7	133	0.0526316
NODE_216381_length_1149_cov_6.443810	456	589	14	10	133	0.0751880
NODE_216381_length_1149_cov_6.443810	456	589	15	21	133	0.1578947
NODE_21648_length_5366_cov_4.631669	2163	2296	2	13	133	0.0977444
NODE_21648_length_5366_cov_4.631669	2163	2296	3	5	133	0.0375940
NODE_21648_length_5366_cov_4.631669	2163	2296	4	61	133	0.4586466
NODE_21648_length_5366_cov_4.631669	2163	2296	6	54	133	0.4060150
NODE_21664_length_5364_cov_4.802469	553	686	3	53	133	0.3984962
NODE_21664_length_5364_cov_4.802469	553	686	4	26	133	0.1954887
NODE_21664_length_5364_cov_4.802469	553	686	5	54	133	0.4060150
NODE_21686_length_5362_cov_4.777123	196	329	19	4	133	0.0300752
NODE_21686_length_5362_cov_4.777123	196	329	20	3	133	0.0225564
NODE_21686_length_5362_cov_4.777123	196	329	21	3	133	0.0225564
NODE_21686_length_5362_cov_4.777123	196	329	22	6	133	0.0451128
NODE_21686_length_5362_cov_4.777123	196	329	23	6	133	0.0451128
NODE_21686_length_5362_cov_4.777123	196	329	24	9	133	0.0676692
NODE_21686_length_5362_cov_4.777123	196	329	25	3	133	0.0225564
NODE_21686_length_5362_cov_4.777123	196	329	26	8	133	0.0601504
NODE_21686_length_5362_cov_4.777123	196	329	27	3	133	0.0225564
NODE_21686_length_5362_cov_4.777123	196	329	28	16	133	0.1203008
NODE_21686_length_5362_cov_4.777123	196	329	29	13	133	0.0977444
NODE_21686_length_5362_cov_4.777123	196	329	30	38	133	0.2857143
NODE_21686_length_5362_cov_4.777123	196	329	31	16	133	0.1203008
NODE_21686_length_5362_cov_4.777123	196	329	33	5	133	0.0375940
NODE_21694_length_5362_cov_3.099563	1592	1725	9	6	133	0.0451128
NODE_21694_length_5362_cov_3.099563	1592	1725	10	3	133	0.0225564
NODE_21694_length_5362_cov_3.099563	1592	1725	11	5	133	0.0375940
NODE_21694_length_5362_cov_3.099563	1592	1725	14	1	133	0.0075188
NODE_21694_length_5362_cov_3.099563	1592	1725	15	8	133	0.0601504
NODE_21694_length_5362_cov_3.099563	1592	1725	16	10	133	0.0751880
NODE_21694_length_5362_cov_3.099563	1592	1725	17	5	133	0.0375940
NODE_21694_length_5362_cov_3.099563	1592	1725	18	2	133	0.0150376
NODE_21694_length_5362_cov_3.099563	1592	1725	19	11	133	0.0827068
NODE_21694_length_5362_cov_3.099563	1592	1725	20	15	133	0.1127820
NODE_21694_length_5362_cov_3.099563	1592	1725	21	4	133	0.0300752
NODE_21694_length_5362_cov_3.099563	1592	1725	22	21	133	0.1578947
NODE_21694_length_5362_cov_3.099563	1592	1725	23	2	133	0.0150376
NODE_21694_length_5362_cov_3.099563	1592	1725	24	15	133	0.1127820
NODE_21694_length_5362_cov_3.099563	1592	1725	25	1	133	0.0075188
NODE_21694_length_5362_cov_3.099563	1592	1725	26	20	133	0.1503759
NODE_21694_length_5362_cov_3.099563	1592	1725	27	4	133	0.0300752
NODE_216962_length_1146_cov_4.293219	296	429	20	4	133	0.0300752
NODE_216962_length_1146_cov_4.293219	296	429	24	18	133	0.1353384
NODE_216962_length_1146_cov_4.293219	296	429	25	3	133	0.0225564
NODE_216962_length_1146_cov_4.293219	296	429	26	31	133	0.2330827
NODE_216962_length_1146_cov_4.293219	296	429	27	8	133	0.0601504
NODE_216962_length_1146_cov_4.293219	296	429	28	3	133	0.0225564
NODE_216962_length_1146_cov_4.293219	296	429	29	27	133	0.2030075
NODE_216962_length_1146_cov_4.293219	296	429	30	8	133	0.0601504
NODE_216962_length_1146_cov_4.293219	296	429	31	5	133	0.0375940
NODE_216962_length_1146_cov_4.293219	296	429	33	2	133	0.0150376
NODE_216962_length_1146_cov_4.293219	296	429	35	1	133	0.0075188
NODE_216962_length_1146_cov_4.293219	296	429	37	2	133	0.0150376
NODE_216962_length_1146_cov_4.293219	296	429	38	3	133	0.0225564
NODE_216962_length_1146_cov_4.293219	296	429	40	15	133	0.1127820
NODE_216962_length_1146_cov_4.293219	296	429	41	3	133	0.0225564
NODE_217023_length_1146_cov_3.182426	175	308	16	9	133	0.0676692
NODE_217023_length_1146_cov_3.182426	175	308	17	4	133	0.0300752
NODE_217023_length_1146_cov_3.182426	175	308	18	3	133	0.0225564
NODE_217023_length_1146_cov_3.182426	175	308	20	14	133	0.1052632
NODE_217023_length_1146_cov_3.182426	175	308	21	12	133	0.0902256
NODE_217023_length_1146_cov_3.182426	175	308	22	5	133	0.0375940
NODE_217023_length_1146_cov_3.182426	175	308	23	13	133	0.0977444
NODE_217023_length_1146_cov_3.182426	175	308	24	29	133	0.2180451
NODE_217023_length_1146_cov_3.182426	175	308	25	2	133	0.0150376
NODE_217023_length_1146_cov_3.182426	175	308	26	4	133	0.0300752
NODE_217023_length_1146_cov_3.182426	175	308	27	5	133	0.0375940
NODE_217023_length_1146_cov_3.182426	175	308	28	13	133	0.0977444
NODE_217023_length_1146_cov_3.182426	175	308	29	20	133	0.1503759
NODE_217151_length_1145_cov_3.765774	764	897	4	6	133	0.0451128
NODE_217151_length_1145_cov_3.765774	764	897	5	2	133	0.0150376
NODE_217151_length_1145_cov_3.765774	764	897	8	40	133	0.3007519
NODE_217151_length_1145_cov_3.765774	764	897	9	12	133	0.0902256
NODE_217151_length_1145_cov_3.765774	764	897	10	10	133	0.0751880
NODE_217151_length_1145_cov_3.765774	764	897	11	1	133	0.0075188
NODE_217151_length_1145_cov_3.765774	764	897	12	27	133	0.2030075
NODE_217151_length_1145_cov_3.765774	764	897	13	34	133	0.2556391
NODE_217151_length_1145_cov_3.765774	764	897	14	1	133	0.0075188
NODE_21718_length_5358_cov_4.343792	4731	4864	2	36	133	0.2706767
NODE_21718_length_5358_cov_4.343792	4731	4864	3	97	133	0.7293233
NODE_217352_length_1144_cov_3.401914	145	278	5	15	133	0.1127820
NODE_217352_length_1144_cov_3.401914	145	278	6	12	133	0.0902256
NODE_217352_length_1144_cov_3.401914	145	278	7	1	133	0.0075188
NODE_217352_length_1144_cov_3.401914	145	278	8	9	133	0.0676692
NODE_217352_length_1144_cov_3.401914	145	278	9	12	133	0.0902256
NODE_217352_length_1144_cov_3.401914	145	278	10	22	133	0.1654135
NODE_217352_length_1144_cov_3.401914	145	278	11	50	133	0.3759398
NODE_217352_length_1144_cov_3.401914	145	278	13	9	133	0.0676692
NODE_217352_length_1144_cov_3.401914	145	278	17	3	133	0.0225564
NODE_21754_length_5354_cov_5.000571	1963	2096	10	2	133	0.0150376
NODE_21754_length_5354_cov_5.000571	1963	2096	11	18	133	0.1353384
NODE_21754_length_5354_cov_5.000571	1963	2096	12	12	133	0.0902256
NODE_21754_length_5354_cov_5.000571	1963	2096	13	30	133	0.2255639
NODE_21754_length_5354_cov_5.000571	1963	2096	14	2	133	0.0150376
NODE_21754_length_5354_cov_5.000571	1963	2096	16	5	133	0.0375940
NODE_21754_length_5354_cov_5.000571	1963	2096	17	19	133	0.1428571
NODE_21754_length_5354_cov_5.000571	1963	2096	18	4	133	0.0300752
NODE_21754_length_5354_cov_5.000571	1963	2096	19	7	133	0.0526316
NODE_21754_length_5354_cov_5.000571	1963	2096	20	18	133	0.1353384
NODE_21754_length_5354_cov_5.000571	1963	2096	21	16	133	0.1203008
NODE_217584_length_1143_cov_2.818966	315	448	5	3	133	0.0225564
NODE_217584_length_1143_cov_2.818966	315	448	6	31	133	0.2330827
NODE_217584_length_1143_cov_2.818966	315	448	7	13	133	0.0977444
NODE_217584_length_1143_cov_2.818966	315	448	8	12	133	0.0902256
NODE_217584_length_1143_cov_2.818966	315	448	10	19	133	0.1428571
NODE_217584_length_1143_cov_2.818966	315	448	11	18	133	0.1353384
NODE_217584_length_1143_cov_2.818966	315	448	12	5	133	0.0375940
NODE_217584_length_1143_cov_2.818966	315	448	13	1	133	0.0075188
NODE_217584_length_1143_cov_2.818966	315	448	14	5	133	0.0375940
NODE_217584_length_1143_cov_2.818966	315	448	15	14	133	0.1052632
NODE_217584_length_1143_cov_2.818966	315	448	16	5	133	0.0375940
NODE_217584_length_1143_cov_2.818966	315	448	18	5	133	0.0375940
NODE_217584_length_1143_cov_2.818966	315	448	19	2	133	0.0150376
NODE_2176_length_12063_cov_4.046974	9626	9759	0	24	133	0.1804511
NODE_2176_length_12063_cov_4.046974	9626	9759	1	109	133	0.8195488
NODE_21792_length_5351_cov_4.062833	3409	3542	6	3	133	0.0225564
NODE_21792_length_5351_cov_4.062833	3409	3542	7	20	133	0.1503759
NODE_21792_length_5351_cov_4.062833	3409	3542	8	9	133	0.0676692
NODE_21792_length_5351_cov_4.062833	3409	3542	9	14	133	0.1052632
NODE_21792_length_5351_cov_4.062833	3409	3542	10	8	133	0.0601504
NODE_21792_length_5351_cov_4.062833	3409	3542	11	50	133	0.3759398
NODE_21792_length_5351_cov_4.062833	3409	3542	12	29	133	0.2180451
NODE_21793_length_5351_cov_3.722963	3763	3896	25	2	133	0.0150376
NODE_21793_length_5351_cov_3.722963	3763	3896	26	3	133	0.0225564
NODE_21793_length_5351_cov_3.722963	3763	3896	27	5	133	0.0375940
NODE_21793_length_5351_cov_3.722963	3763	3896	29	2	133	0.0150376
NODE_21793_length_5351_cov_3.722963	3763	3896	32	4	133	0.0300752
NODE_21793_length_5351_cov_3.722963	3763	3896	33	6	133	0.0451128
NODE_21793_length_5351_cov_3.722963	3763	3896	34	1	133	0.0075188
NODE_21793_length_5351_cov_3.722963	3763	3896	37	10	133	0.0751880
NODE_21793_length_5351_cov_3.722963	3763	3896	40	2	133	0.0150376
NODE_21793_length_5351_cov_3.722963	3763	3896	41	1	133	0.0075188
NODE_21793_length_5351_cov_3.722963	3763	3896	43	2	133	0.0150376
NODE_21793_length_5351_cov_3.722963	3763	3896	45	1	133	0.0075188
NODE_21793_length_5351_cov_3.722963	3763	3896	46	5	133	0.0375940
NODE_21793_length_5351_cov_3.722963	3763	3896	47	12	133	0.0902256
NODE_21793_length_5351_cov_3.722963	3763	3896	49	1	133	0.0075188
NODE_21793_length_5351_cov_3.722963	3763	3896	50	8	133	0.0601504
NODE_21793_length_5351_cov_3.722963	3763	3896	52	3	133	0.0225564
NODE_21793_length_5351_cov_3.722963	3763	3896	53	5	133	0.0375940
NODE_21793_length_5351_cov_3.722963	3763	3896	54	2	133	0.0150376
NODE_21793_length_5351_cov_3.722963	3763	3896	55	2	133	0.0150376
NODE_21793_length_5351_cov_3.722963	3763	3896	56	1	133	0.0075188
NODE_21793_length_5351_cov_3.722963	3763	3896	58	1	133	0.0075188
NODE_21793_length_5351_cov_3.722963	3763	3896	59	2	133	0.0150376
NODE_21793_length_5351_cov_3.722963	3763	3896	60	5	133	0.0375940
NODE_21793_length_5351_cov_3.722963	3763	3896	62	5	133	0.0375940
NODE_21793_length_5351_cov_3.722963	3763	3896	63	2	133	0.0150376
NODE_21793_length_5351_cov_3.722963	3763	3896	64	8	133	0.0601504
NODE_21793_length_5351_cov_3.722963	3763	3896	65	8	133	0.0601504
NODE_21793_length_5351_cov_3.722963	3763	3896	66	3	133	0.0225564
NODE_21793_length_5351_cov_3.722963	3763	3896	68	2	133	0.0150376
NODE_21793_length_5351_cov_3.722963	3763	3896	69	1	133	0.0075188
NODE_21793_length_5351_cov_3.722963	3763	3896	70	1	133	0.0075188
NODE_21793_length_5351_cov_3.722963	3763	3896	71	5	133	0.0375940
NODE_21793_length_5351_cov_3.722963	3763	3896	73	8	133	0.0601504
NODE_21793_length_5351_cov_3.722963	3763	3896	74	4	133	0.0300752
NODE_218063_length_1140_cov_4.810759	485	618	6	1	133	0.0075188
NODE_218063_length_1140_cov_4.810759	485	618	7	10	133	0.0751880
NODE_218063_length_1140_cov_4.810759	485	618	8	22	133	0.1654135
NODE_218063_length_1140_cov_4.810759	485	618	9	8	133	0.0601504
NODE_218063_length_1140_cov_4.810759	485	618	10	19	133	0.1428571
NODE_218063_length_1140_cov_4.810759	485	618	11	22	133	0.1654135
NODE_218063_length_1140_cov_4.810759	485	618	12	13	133	0.0977444
NODE_218063_length_1140_cov_4.810759	485	618	13	13	133	0.0977444
NODE_218063_length_1140_cov_4.810759	485	618	14	25	133	0.1879699
NODE_218099_length_1140_cov_3.976945	111	244	4	3	133	0.0225564
NODE_218099_length_1140_cov_3.976945	111	244	6	32	133	0.2406015
NODE_218099_length_1140_cov_3.976945	111	244	7	57	133	0.4285714
NODE_218099_length_1140_cov_3.976945	111	244	8	4	133	0.0300752
NODE_218099_length_1140_cov_3.976945	111	244	9	36	133	0.2706767
NODE_218099_length_1140_cov_3.976945	111	244	10	1	133	0.0075188
NODE_21809_length_5348_cov_3.738617	4023	4156	4	1	133	0.0075188
NODE_21809_length_5348_cov_3.738617	4023	4156	5	19	133	0.1428571
NODE_21809_length_5348_cov_3.738617	4023	4156	6	74	133	0.5563910
NODE_21809_length_5348_cov_3.738617	4023	4156	7	17	133	0.1278196
NODE_21809_length_5348_cov_3.738617	4023	4156	8	22	133	0.1654135
NODE_21814_length_5347_cov_4.185023	131	264	3	11	133	0.0827068
NODE_21814_length_5347_cov_4.185023	131	264	5	1	133	0.0075188
NODE_21814_length_5347_cov_4.185023	131	264	6	27	133	0.2030075
NODE_21814_length_5347_cov_4.185023	131	264	8	9	133	0.0676692
NODE_21814_length_5347_cov_4.185023	131	264	9	8	133	0.0601504
NODE_21814_length_5347_cov_4.185023	131	264	10	1	133	0.0075188
NODE_21814_length_5347_cov_4.185023	131	264	11	4	133	0.0300752
NODE_21814_length_5347_cov_4.185023	131	264	13	11	133	0.0827068
NODE_21814_length_5347_cov_4.185023	131	264	14	14	133	0.1052632
NODE_21814_length_5347_cov_4.185023	131	264	15	46	133	0.3458647
NODE_21814_length_5347_cov_4.185023	131	264	17	1	133	0.0075188
NODE_218622_length_1137_cov_4.445087	525	658	20	5	133	0.0375940
NODE_218622_length_1137_cov_4.445087	525	658	21	5	133	0.0375940
NODE_218622_length_1137_cov_4.445087	525	658	22	10	133	0.0751880
NODE_218622_length_1137_cov_4.445087	525	658	23	5	133	0.0375940
NODE_218622_length_1137_cov_4.445087	525	658	24	13	133	0.0977444
NODE_218622_length_1137_cov_4.445087	525	658	25	2	133	0.0150376
NODE_218622_length_1137_cov_4.445087	525	658	26	10	133	0.0751880
NODE_218622_length_1137_cov_4.445087	525	658	27	1	133	0.0075188
NODE_218622_length_1137_cov_4.445087	525	658	28	2	133	0.0150376
NODE_218622_length_1137_cov_4.445087	525	658	29	2	133	0.0150376
NODE_218622_length_1137_cov_4.445087	525	658	30	41	133	0.3082707
NODE_218622_length_1137_cov_4.445087	525	658	31	10	133	0.0751880
NODE_218622_length_1137_cov_4.445087	525	658	32	20	133	0.1503759
NODE_218622_length_1137_cov_4.445087	525	658	33	7	133	0.0526316
NODE_218772_length_1136_cov_5.801350	593	726	11	11	133	0.0827068
NODE_218772_length_1136_cov_5.801350	593	726	12	2	133	0.0150376
NODE_218772_length_1136_cov_5.801350	593	726	13	9	133	0.0676692
NODE_218772_length_1136_cov_5.801350	593	726	14	19	133	0.1428571
NODE_218772_length_1136_cov_5.801350	593	726	15	23	133	0.1729323
NODE_218772_length_1136_cov_5.801350	593	726	16	26	133	0.1954887
NODE_218772_length_1136_cov_5.801350	593	726	17	5	133	0.0375940
NODE_218772_length_1136_cov_5.801350	593	726	19	11	133	0.0827068
NODE_218772_length_1136_cov_5.801350	593	726	20	11	133	0.0827068
NODE_218772_length_1136_cov_5.801350	593	726	21	16	133	0.1203008
NODE_218802_length_1136_cov_4.368370	124	257	5	9	133	0.0676692
NODE_218802_length_1136_cov_4.368370	124	257	6	1	133	0.0075188
NODE_218802_length_1136_cov_4.368370	124	257	7	2	133	0.0150376
NODE_218802_length_1136_cov_4.368370	124	257	8	17	133	0.1278196
NODE_218802_length_1136_cov_4.368370	124	257	9	13	133	0.0977444
NODE_218802_length_1136_cov_4.368370	124	257	11	10	133	0.0751880
NODE_218802_length_1136_cov_4.368370	124	257	12	3	133	0.0225564
NODE_218802_length_1136_cov_4.368370	124	257	13	35	133	0.2631579
NODE_218802_length_1136_cov_4.368370	124	257	14	9	133	0.0676692
NODE_218802_length_1136_cov_4.368370	124	257	15	26	133	0.1954887
NODE_218802_length_1136_cov_4.368370	124	257	16	3	133	0.0225564
NODE_218802_length_1136_cov_4.368370	124	257	17	5	133	0.0375940
NODE_21883_length_5340_cov_3.669720	3516	3649	10	10	133	0.0751880
NODE_21883_length_5340_cov_3.669720	3516	3649	11	14	133	0.1052632
NODE_21883_length_5340_cov_3.669720	3516	3649	12	7	133	0.0526316
NODE_21883_length_5340_cov_3.669720	3516	3649	13	1	133	0.0075188
NODE_21883_length_5340_cov_3.669720	3516	3649	14	6	133	0.0451128
NODE_21883_length_5340_cov_3.669720	3516	3649	15	29	133	0.2180451
NODE_21883_length_5340_cov_3.669720	3516	3649	16	43	133	0.3233083
NODE_21883_length_5340_cov_3.669720	3516	3649	17	18	133	0.1353384
NODE_21883_length_5340_cov_3.669720	3516	3649	18	5	133	0.0375940
NODE_218847_length_1136_cov_3.418515	710	843	13	5	133	0.0375940
NODE_218847_length_1136_cov_3.418515	710	843	15	8	133	0.0601504
NODE_218847_length_1136_cov_3.418515	710	843	16	15	133	0.1127820
NODE_218847_length_1136_cov_3.418515	710	843	17	6	133	0.0451128
NODE_218847_length_1136_cov_3.418515	710	843	18	25	133	0.1879699
NODE_218847_length_1136_cov_3.418515	710	843	19	8	133	0.0601504
NODE_218847_length_1136_cov_3.418515	710	843	20	17	133	0.1278196
NODE_218847_length_1136_cov_3.418515	710	843	21	39	133	0.2932331
NODE_218847_length_1136_cov_3.418515	710	843	22	10	133	0.0751880
NODE_219167_length_1134_cov_3.872464	835	968	0	133	133	1.0000000
NODE_21924_length_5335_cov_4.064362	278	411	13	6	133	0.0451128
NODE_21924_length_5335_cov_4.064362	278	411	15	1	133	0.0075188
NODE_21924_length_5335_cov_4.064362	278	411	16	5	133	0.0375940
NODE_21924_length_5335_cov_4.064362	278	411	17	5	133	0.0375940
NODE_21924_length_5335_cov_4.064362	278	411	18	1	133	0.0075188
NODE_21924_length_5335_cov_4.064362	278	411	19	3	133	0.0225564
NODE_21924_length_5335_cov_4.064362	278	411	20	1	133	0.0075188
NODE_21924_length_5335_cov_4.064362	278	411	21	6	133	0.0451128
NODE_21924_length_5335_cov_4.064362	278	411	22	8	133	0.0601504
NODE_21924_length_5335_cov_4.064362	278	411	23	12	133	0.0902256
NODE_21924_length_5335_cov_4.064362	278	411	24	13	133	0.0977444
NODE_21924_length_5335_cov_4.064362	278	411	25	13	133	0.0977444
NODE_21924_length_5335_cov_4.064362	278	411	26	10	133	0.0751880
NODE_21924_length_5335_cov_4.064362	278	411	27	10	133	0.0751880
NODE_21924_length_5335_cov_4.064362	278	411	29	2	133	0.0150376
NODE_21924_length_5335_cov_4.064362	278	411	30	5	133	0.0375940
NODE_21924_length_5335_cov_4.064362	278	411	31	23	133	0.1729323
NODE_21924_length_5335_cov_4.064362	278	411	32	9	133	0.0676692
NODE_21925_length_5335_cov_4.039534	3744	3877	10	5	133	0.0375940
NODE_21925_length_5335_cov_4.039534	3744	3877	11	6	133	0.0451128
NODE_21925_length_5335_cov_4.039534	3744	3877	13	6	133	0.0451128
NODE_21925_length_5335_cov_4.039534	3744	3877	14	3	133	0.0225564
NODE_21925_length_5335_cov_4.039534	3744	3877	15	10	133	0.0751880
NODE_21925_length_5335_cov_4.039534	3744	3877	16	6	133	0.0451128
NODE_21925_length_5335_cov_4.039534	3744	3877	17	30	133	0.2255639
NODE_21925_length_5335_cov_4.039534	3744	3877	18	21	133	0.1578947
NODE_21925_length_5335_cov_4.039534	3744	3877	19	12	133	0.0902256
NODE_21925_length_5335_cov_4.039534	3744	3877	20	34	133	0.2556391
NODE_219521_length_1132_cov_4.134560	597	730	21	7	133	0.0526316
NODE_219521_length_1132_cov_4.134560	597	730	22	1	133	0.0075188
NODE_219521_length_1132_cov_4.134560	597	730	23	4	133	0.0300752
NODE_219521_length_1132_cov_4.134560	597	730	25	3	133	0.0225564
NODE_219521_length_1132_cov_4.134560	597	730	26	4	133	0.0300752
NODE_219521_length_1132_cov_4.134560	597	730	27	18	133	0.1353384
NODE_219521_length_1132_cov_4.134560	597	730	28	9	133	0.0676692
NODE_219521_length_1132_cov_4.134560	597	730	29	3	133	0.0225564
NODE_219521_length_1132_cov_4.134560	597	730	30	35	133	0.2631579
NODE_219521_length_1132_cov_4.134560	597	730	31	11	133	0.0827068
NODE_219521_length_1132_cov_4.134560	597	730	32	23	133	0.1729323
NODE_219521_length_1132_cov_4.134560	597	730	33	14	133	0.1052632
NODE_219521_length_1132_cov_4.134560	597	730	34	1	133	0.0075188
NODE_219572_length_1132_cov_3.071636	354	487	22	3	133	0.0225564
NODE_219572_length_1132_cov_3.071636	354	487	24	4	133	0.0300752
NODE_219572_length_1132_cov_3.071636	354	487	26	2	133	0.0150376
NODE_219572_length_1132_cov_3.071636	354	487	27	1	133	0.0075188
NODE_219572_length_1132_cov_3.071636	354	487	30	3	133	0.0225564
NODE_219572_length_1132_cov_3.071636	354	487	31	7	133	0.0526316
NODE_219572_length_1132_cov_3.071636	354	487	32	12	133	0.0902256
NODE_219572_length_1132_cov_3.071636	354	487	33	5	133	0.0375940
NODE_219572_length_1132_cov_3.071636	354	487	34	15	133	0.1127820
NODE_219572_length_1132_cov_3.071636	354	487	35	22	133	0.1654135
NODE_219572_length_1132_cov_3.071636	354	487	36	7	133	0.0526316
NODE_219572_length_1132_cov_3.071636	354	487	38	3	133	0.0225564
NODE_219572_length_1132_cov_3.071636	354	487	39	4	133	0.0300752
NODE_219572_length_1132_cov_3.071636	354	487	40	2	133	0.0150376
NODE_219572_length_1132_cov_3.071636	354	487	41	2	133	0.0150376
NODE_219572_length_1132_cov_3.071636	354	487	42	7	133	0.0526316
NODE_219572_length_1132_cov_3.071636	354	487	44	7	133	0.0526316
NODE_219572_length_1132_cov_3.071636	354	487	45	3	133	0.0225564
NODE_219572_length_1132_cov_3.071636	354	487	46	6	133	0.0451128
NODE_219572_length_1132_cov_3.071636	354	487	47	8	133	0.0601504
NODE_219572_length_1132_cov_3.071636	354	487	48	8	133	0.0601504
NODE_219572_length_1132_cov_3.071636	354	487	49	2	133	0.0150376
NODE_219599_length_1132_cov_2.671830	898	1031	24	3	133	0.0225564
NODE_219599_length_1132_cov_2.671830	898	1031	25	5	133	0.0375940
NODE_219599_length_1132_cov_2.671830	898	1031	26	6	133	0.0451128
NODE_219599_length_1132_cov_2.671830	898	1031	27	5	133	0.0375940
NODE_219599_length_1132_cov_2.671830	898	1031	28	2	133	0.0150376
NODE_219599_length_1132_cov_2.671830	898	1031	29	2	133	0.0150376
NODE_219599_length_1132_cov_2.671830	898	1031	31	1	133	0.0075188
NODE_219599_length_1132_cov_2.671830	898	1031	32	5	133	0.0375940
NODE_219599_length_1132_cov_2.671830	898	1031	33	23	133	0.1729323
NODE_219599_length_1132_cov_2.671830	898	1031	34	26	133	0.1954887
NODE_219599_length_1132_cov_2.671830	898	1031	35	8	133	0.0601504
NODE_219599_length_1132_cov_2.671830	898	1031	36	1	133	0.0075188
NODE_219599_length_1132_cov_2.671830	898	1031	37	22	133	0.1654135
NODE_219599_length_1132_cov_2.671830	898	1031	38	5	133	0.0375940
NODE_219599_length_1132_cov_2.671830	898	1031	39	13	133	0.0977444
NODE_219599_length_1132_cov_2.671830	898	1031	40	6	133	0.0451128
NODE_219633_length_1132_cov_1.710552	946	1079	1	5	133	0.0375940
NODE_219633_length_1132_cov_1.710552	946	1079	3	22	133	0.1654135
NODE_219633_length_1132_cov_1.710552	946	1079	4	79	133	0.5939850
NODE_219633_length_1132_cov_1.710552	946	1079	5	8	133	0.0601504
NODE_219633_length_1132_cov_1.710552	946	1079	6	19	133	0.1428571
NODE_219745_length_1131_cov_2.914729	149	282	4	16	133	0.1203008
NODE_219745_length_1131_cov_2.914729	149	282	5	58	133	0.4360902
NODE_219745_length_1131_cov_2.914729	149	282	6	14	133	0.1052632
NODE_219745_length_1131_cov_2.914729	149	282	7	45	133	0.3383459
NODE_219929_length_1130_cov_3.043647	722	855	7	9	133	0.0676692
NODE_219929_length_1130_cov_3.043647	722	855	8	7	133	0.0526316
NODE_219929_length_1130_cov_3.043647	722	855	9	3	133	0.0225564
NODE_219929_length_1130_cov_3.043647	722	855	10	11	133	0.0827068
NODE_219929_length_1130_cov_3.043647	722	855	11	2	133	0.0150376
NODE_219929_length_1130_cov_3.043647	722	855	14	24	133	0.1804511
NODE_219929_length_1130_cov_3.043647	722	855	15	3	133	0.0225564
NODE_219929_length_1130_cov_3.043647	722	855	16	46	133	0.3458647
NODE_219929_length_1130_cov_3.043647	722	855	17	7	133	0.0526316
NODE_219929_length_1130_cov_3.043647	722	855	18	12	133	0.0902256
NODE_219929_length_1130_cov_3.043647	722	855	19	9	133	0.0676692
NODE_21992_length_5327_cov_4.827276	3575	3708	8	15	133	0.1127820
NODE_21992_length_5327_cov_4.827276	3575	3708	9	33	133	0.2481203
NODE_21992_length_5327_cov_4.827276	3575	3708	10	54	133	0.4060150
NODE_21992_length_5327_cov_4.827276	3575	3708	11	20	133	0.1503759
NODE_21992_length_5327_cov_4.827276	3575	3708	12	11	133	0.0827068
NODE_219959_length_1130_cov_2.553831	331	464	0	80	133	0.6015037
NODE_219959_length_1130_cov_2.553831	331	464	1	53	133	0.3984962
NODE_219973_length_1130_cov_2.225994	315	448	4	26	133	0.1954887
NODE_219973_length_1130_cov_2.225994	315	448	5	21	133	0.1578947
NODE_219973_length_1130_cov_2.225994	315	448	6	41	133	0.3082707
NODE_219973_length_1130_cov_2.225994	315	448	7	20	133	0.1503759
NODE_219973_length_1130_cov_2.225994	315	448	8	4	133	0.0300752
NODE_219973_length_1130_cov_2.225994	315	448	9	21	133	0.1578947
NODE_21_length_32410_cov_4.439634	440	573	18	8	133	0.0601504
NODE_21_length_32410_cov_4.439634	440	573	19	2	133	0.0150376
NODE_21_length_32410_cov_4.439634	440	573	20	2	133	0.0150376
NODE_21_length_32410_cov_4.439634	440	573	21	6	133	0.0451128
NODE_21_length_32410_cov_4.439634	440	573	22	17	133	0.1278196
NODE_21_length_32410_cov_4.439634	440	573	23	4	133	0.0300752
NODE_21_length_32410_cov_4.439634	440	573	24	23	133	0.1729323
NODE_21_length_32410_cov_4.439634	440	573	25	24	133	0.1804511
NODE_21_length_32410_cov_4.439634	440	573	26	32	133	0.2406015
NODE_21_length_32410_cov_4.439634	440	573	27	15	133	0.1127820
NODE_22002_length_5326_cov_4.148077	5127	5260	6	4	133	0.0300752
NODE_22002_length_5326_cov_4.148077	5127	5260	7	3	133	0.0225564
NODE_22002_length_5326_cov_4.148077	5127	5260	8	1	133	0.0075188
NODE_22002_length_5326_cov_4.148077	5127	5260	9	10	133	0.0751880
NODE_22002_length_5326_cov_4.148077	5127	5260	10	2	133	0.0150376
NODE_22002_length_5326_cov_4.148077	5127	5260	11	1	133	0.0075188
NODE_22002_length_5326_cov_4.148077	5127	5260	12	10	133	0.0751880
NODE_22002_length_5326_cov_4.148077	5127	5260	13	9	133	0.0676692
NODE_22002_length_5326_cov_4.148077	5127	5260	14	3	133	0.0225564
NODE_22002_length_5326_cov_4.148077	5127	5260	15	4	133	0.0300752
NODE_22002_length_5326_cov_4.148077	5127	5260	16	7	133	0.0526316
NODE_22002_length_5326_cov_4.148077	5127	5260	17	19	133	0.1428571
NODE_22002_length_5326_cov_4.148077	5127	5260	18	5	133	0.0375940
NODE_22002_length_5326_cov_4.148077	5127	5260	19	9	133	0.0676692
NODE_22002_length_5326_cov_4.148077	5127	5260	20	39	133	0.2932331
NODE_22002_length_5326_cov_4.148077	5127	5260	22	7	133	0.0526316
NODE_220058_length_1129_cov_3.839806	139	272	12	8	133	0.0601504
NODE_220058_length_1129_cov_3.839806	139	272	13	3	133	0.0225564
NODE_220058_length_1129_cov_3.839806	139	272	14	35	133	0.2631579
NODE_220058_length_1129_cov_3.839806	139	272	15	39	133	0.2932331
NODE_220058_length_1129_cov_3.839806	139	272	16	26	133	0.1954887
NODE_220058_length_1129_cov_3.839806	139	272	17	3	133	0.0225564
NODE_220058_length_1129_cov_3.839806	139	272	18	19	133	0.1428571
NODE_22013_length_5325_cov_4.594527	1748	1881	13	9	133	0.0676692
NODE_22013_length_5325_cov_4.594527	1748	1881	14	3	133	0.0225564
NODE_22013_length_5325_cov_4.594527	1748	1881	16	2	133	0.0150376
NODE_22013_length_5325_cov_4.594527	1748	1881	17	10	133	0.0751880
NODE_22013_length_5325_cov_4.594527	1748	1881	18	18	133	0.1353384
NODE_22013_length_5325_cov_4.594527	1748	1881	19	13	133	0.0977444
NODE_22013_length_5325_cov_4.594527	1748	1881	21	36	133	0.2706767
NODE_22013_length_5325_cov_4.594527	1748	1881	22	19	133	0.1428571
NODE_22013_length_5325_cov_4.594527	1748	1881	23	7	133	0.0526316
NODE_22013_length_5325_cov_4.594527	1748	1881	24	7	133	0.0526316
NODE_22013_length_5325_cov_4.594527	1748	1881	25	9	133	0.0676692
NODE_220173_length_1128_cov_5.000000	749	882	15	5	133	0.0375940
NODE_220173_length_1128_cov_5.000000	749	882	16	10	133	0.0751880
NODE_220173_length_1128_cov_5.000000	749	882	17	6	133	0.0451128
NODE_220173_length_1128_cov_5.000000	749	882	18	3	133	0.0225564
NODE_220173_length_1128_cov_5.000000	749	882	19	6	133	0.0451128
NODE_220173_length_1128_cov_5.000000	749	882	20	1	133	0.0075188
NODE_220173_length_1128_cov_5.000000	749	882	21	11	133	0.0827068
NODE_220173_length_1128_cov_5.000000	749	882	22	4	133	0.0300752
NODE_220173_length_1128_cov_5.000000	749	882	23	18	133	0.1353384
NODE_220173_length_1128_cov_5.000000	749	882	24	8	133	0.0601504
NODE_220173_length_1128_cov_5.000000	749	882	25	13	133	0.0977444
NODE_220173_length_1128_cov_5.000000	749	882	27	9	133	0.0676692
NODE_220173_length_1128_cov_5.000000	749	882	28	10	133	0.0751880
NODE_220173_length_1128_cov_5.000000	749	882	29	25	133	0.1879699
NODE_220173_length_1128_cov_5.000000	749	882	30	4	133	0.0300752
NODE_220244_length_1128_cov_3.530612	573	706	32	3	133	0.0225564
NODE_220244_length_1128_cov_3.530612	573	706	34	3	133	0.0225564
NODE_220244_length_1128_cov_3.530612	573	706	36	1	133	0.0075188
NODE_220244_length_1128_cov_3.530612	573	706	38	1	133	0.0075188
NODE_220244_length_1128_cov_3.530612	573	706	39	1	133	0.0075188
NODE_220244_length_1128_cov_3.530612	573	706	41	3	133	0.0225564
NODE_220244_length_1128_cov_3.530612	573	706	45	1	133	0.0075188
NODE_220244_length_1128_cov_3.530612	573	706	48	1	133	0.0075188
NODE_220244_length_1128_cov_3.530612	573	706	50	5	133	0.0375940
NODE_220244_length_1128_cov_3.530612	573	706	52	14	133	0.1052632
NODE_220244_length_1128_cov_3.530612	573	706	53	4	133	0.0300752
NODE_220244_length_1128_cov_3.530612	573	706	55	5	133	0.0375940
NODE_220244_length_1128_cov_3.530612	573	706	56	5	133	0.0375940
NODE_220244_length_1128_cov_3.530612	573	706	57	17	133	0.1278196
NODE_220244_length_1128_cov_3.530612	573	706	59	5	133	0.0375940
NODE_220244_length_1128_cov_3.530612	573	706	60	8	133	0.0601504
NODE_220244_length_1128_cov_3.530612	573	706	61	2	133	0.0150376
NODE_220244_length_1128_cov_3.530612	573	706	62	12	133	0.0902256
NODE_220244_length_1128_cov_3.530612	573	706	63	9	133	0.0676692
NODE_220244_length_1128_cov_3.530612	573	706	64	1	133	0.0075188
NODE_220244_length_1128_cov_3.530612	573	706	65	14	133	0.1052632
NODE_220244_length_1128_cov_3.530612	573	706	66	17	133	0.1278196
NODE_220244_length_1128_cov_3.530612	573	706	67	1	133	0.0075188
NODE_220262_length_1128_cov_3.245870	37	170	5	7	133	0.0526316
NODE_220262_length_1128_cov_3.245870	37	170	7	2	133	0.0150376
NODE_220262_length_1128_cov_3.245870	37	170	8	6	133	0.0451128
NODE_220262_length_1128_cov_3.245870	37	170	9	17	133	0.1278196
NODE_220262_length_1128_cov_3.245870	37	170	10	6	133	0.0451128
NODE_220262_length_1128_cov_3.245870	37	170	11	1	133	0.0075188
NODE_220262_length_1128_cov_3.245870	37	170	12	17	133	0.1278196
NODE_220262_length_1128_cov_3.245870	37	170	13	17	133	0.1278196
NODE_220262_length_1128_cov_3.245870	37	170	14	35	133	0.2631579
NODE_220262_length_1128_cov_3.245870	37	170	15	25	133	0.1879699
NODE_220389_length_1127_cov_4.607977	667	800	28	3	133	0.0225564
NODE_220389_length_1127_cov_4.607977	667	800	30	8	133	0.0601504
NODE_220389_length_1127_cov_4.607977	667	800	31	13	133	0.0977444
NODE_220389_length_1127_cov_4.607977	667	800	32	13	133	0.0977444
NODE_220389_length_1127_cov_4.607977	667	800	33	17	133	0.1278196
NODE_220389_length_1127_cov_4.607977	667	800	34	10	133	0.0751880
NODE_220389_length_1127_cov_4.607977	667	800	35	11	133	0.0827068
NODE_220389_length_1127_cov_4.607977	667	800	36	10	133	0.0751880
NODE_220389_length_1127_cov_4.607977	667	800	37	38	133	0.2857143
NODE_220389_length_1127_cov_4.607977	667	800	38	9	133	0.0676692
NODE_220389_length_1127_cov_4.607977	667	800	39	1	133	0.0075188
NODE_220432_length_1127_cov_3.680934	931	1064	8	11	133	0.0827068
NODE_220432_length_1127_cov_3.680934	931	1064	9	9	133	0.0676692
NODE_220432_length_1127_cov_3.680934	931	1064	12	18	133	0.1353384
NODE_220432_length_1127_cov_3.680934	931	1064	13	40	133	0.3007519
NODE_220432_length_1127_cov_3.680934	931	1064	15	46	133	0.3458647
NODE_220432_length_1127_cov_3.680934	931	1064	16	9	133	0.0676692
NODE_220462_length_1127_cov_3.198444	709	842	9	14	133	0.1052632
NODE_220462_length_1127_cov_3.198444	709	842	10	5	133	0.0375940
NODE_220462_length_1127_cov_3.198444	709	842	11	13	133	0.0977444
NODE_220462_length_1127_cov_3.198444	709	842	12	1	133	0.0075188
NODE_220462_length_1127_cov_3.198444	709	842	13	15	133	0.1127820
NODE_220462_length_1127_cov_3.198444	709	842	14	17	133	0.1278196
NODE_220462_length_1127_cov_3.198444	709	842	15	51	133	0.3834586
NODE_220462_length_1127_cov_3.198444	709	842	16	17	133	0.1278196
NODE_220480_length_1127_cov_2.947471	1023	1156	0	30	133	0.2255639
NODE_220480_length_1127_cov_2.947471	1023	1156	2	74	133	0.5563910
NODE_220480_length_1127_cov_2.947471	1023	1156	3	29	133	0.2180451
NODE_220584_length_1126_cov_4.017527	441	574	9	17	133	0.1278196
NODE_220584_length_1126_cov_4.017527	441	574	10	27	133	0.2030075
NODE_220584_length_1126_cov_4.017527	441	574	11	4	133	0.0300752
NODE_220584_length_1126_cov_4.017527	441	574	12	56	133	0.4210526
NODE_220584_length_1126_cov_4.017527	441	574	13	29	133	0.2180451
NODE_220604_length_1126_cov_3.612463	131	264	11	2	133	0.0150376
NODE_220604_length_1126_cov_3.612463	131	264	12	4	133	0.0300752
NODE_220604_length_1126_cov_3.612463	131	264	13	13	133	0.0977444
NODE_220604_length_1126_cov_3.612463	131	264	14	6	133	0.0451128
NODE_220604_length_1126_cov_3.612463	131	264	16	19	133	0.1428571
NODE_220604_length_1126_cov_3.612463	131	264	17	8	133	0.0601504
NODE_220604_length_1126_cov_3.612463	131	264	18	8	133	0.0601504
NODE_220604_length_1126_cov_3.612463	131	264	20	1	133	0.0075188
NODE_220604_length_1126_cov_3.612463	131	264	22	2	133	0.0150376
NODE_220604_length_1126_cov_3.612463	131	264	23	4	133	0.0300752
NODE_220604_length_1126_cov_3.612463	131	264	24	1	133	0.0075188
NODE_220604_length_1126_cov_3.612463	131	264	25	3	133	0.0225564
NODE_220604_length_1126_cov_3.612463	131	264	27	3	133	0.0225564
NODE_220604_length_1126_cov_3.612463	131	264	29	8	133	0.0601504
NODE_220604_length_1126_cov_3.612463	131	264	30	5	133	0.0375940
NODE_220604_length_1126_cov_3.612463	131	264	31	4	133	0.0300752
NODE_220604_length_1126_cov_3.612463	131	264	32	15	133	0.1127820
NODE_220604_length_1126_cov_3.612463	131	264	33	7	133	0.0526316
NODE_220604_length_1126_cov_3.612463	131	264	34	2	133	0.0150376
NODE_220604_length_1126_cov_3.612463	131	264	35	7	133	0.0526316
NODE_220604_length_1126_cov_3.612463	131	264	36	11	133	0.0827068
NODE_220855_length_1125_cov_2.926901	858	991	0	58	133	0.4360902
NODE_220855_length_1125_cov_2.926901	858	991	2	75	133	0.5639098
NODE_22097_length_5316_cov_6.618555	1912	2045	1	4	133	0.0300752
NODE_22097_length_5316_cov_6.618555	1912	2045	2	1	133	0.0075188
NODE_22097_length_5316_cov_6.618555	1912	2045	3	19	133	0.1428571
NODE_22097_length_5316_cov_6.618555	1912	2045	4	32	133	0.2406015
NODE_22097_length_5316_cov_6.618555	1912	2045	6	77	133	0.5789474
NODE_22105_length_5315_cov_5.552147	3433	3566	3	10	133	0.0751880
NODE_22105_length_5315_cov_5.552147	3433	3566	4	3	133	0.0225564
NODE_22105_length_5315_cov_5.552147	3433	3566	5	43	133	0.3233083
NODE_22105_length_5315_cov_5.552147	3433	3566	6	27	133	0.2030075
NODE_22105_length_5315_cov_5.552147	3433	3566	7	50	133	0.3759398
NODE_22111_length_5315_cov_4.350844	4726	4859	1	2	133	0.0150376
NODE_22111_length_5315_cov_4.350844	4726	4859	2	72	133	0.5413534
NODE_22111_length_5315_cov_4.350844	4726	4859	4	52	133	0.3909774
NODE_22111_length_5315_cov_4.350844	4726	4859	5	7	133	0.0526316
NODE_22119_length_5314_cov_9.860019	4044	4177	14	2	133	0.0150376
NODE_22119_length_5314_cov_9.860019	4044	4177	15	1	133	0.0075188
NODE_22119_length_5314_cov_9.860019	4044	4177	16	8	133	0.0601504
NODE_22119_length_5314_cov_9.860019	4044	4177	17	1	133	0.0075188
NODE_22119_length_5314_cov_9.860019	4044	4177	18	2	133	0.0150376
NODE_22119_length_5314_cov_9.860019	4044	4177	19	7	133	0.0526316
NODE_22119_length_5314_cov_9.860019	4044	4177	20	10	133	0.0751880
NODE_22119_length_5314_cov_9.860019	4044	4177	21	8	133	0.0601504
NODE_22119_length_5314_cov_9.860019	4044	4177	22	3	133	0.0225564
NODE_22119_length_5314_cov_9.860019	4044	4177	23	16	133	0.1203008
NODE_22119_length_5314_cov_9.860019	4044	4177	24	11	133	0.0827068
NODE_22119_length_5314_cov_9.860019	4044	4177	25	6	133	0.0451128
NODE_22119_length_5314_cov_9.860019	4044	4177	26	3	133	0.0225564
NODE_22119_length_5314_cov_9.860019	4044	4177	27	10	133	0.0751880
NODE_22119_length_5314_cov_9.860019	4044	4177	28	22	133	0.1654135
NODE_22119_length_5314_cov_9.860019	4044	4177	29	21	133	0.1578947
NODE_22119_length_5314_cov_9.860019	4044	4177	30	2	133	0.0150376
NODE_221384_length_1122_cov_2.805474	686	819	11	2	133	0.0150376
NODE_221384_length_1122_cov_2.805474	686	819	12	30	133	0.2255639
NODE_221384_length_1122_cov_2.805474	686	819	13	15	133	0.1127820
NODE_221384_length_1122_cov_2.805474	686	819	14	18	133	0.1353384
NODE_221384_length_1122_cov_2.805474	686	819	15	48	133	0.3609022
NODE_221384_length_1122_cov_2.805474	686	819	16	13	133	0.0977444
NODE_221384_length_1122_cov_2.805474	686	819	19	2	133	0.0150376
NODE_221384_length_1122_cov_2.805474	686	819	20	5	133	0.0375940
NODE_22143_length_5311_cov_3.554873	4746	4879	5	33	133	0.2481203
NODE_22143_length_5311_cov_3.554873	4746	4879	6	6	133	0.0451128
NODE_22143_length_5311_cov_3.554873	4746	4879	7	43	133	0.3233083
NODE_22143_length_5311_cov_3.554873	4746	4879	8	50	133	0.3759398
NODE_22143_length_5311_cov_3.554873	4746	4879	9	1	133	0.0075188
NODE_22147_length_5310_cov_5.069085	5017	5150	12	1	133	0.0075188
NODE_22147_length_5310_cov_5.069085	5017	5150	14	13	133	0.0977444
NODE_22147_length_5310_cov_5.069085	5017	5150	15	8	133	0.0601504
NODE_22147_length_5310_cov_5.069085	5017	5150	16	28	133	0.2105263
NODE_22147_length_5310_cov_5.069085	5017	5150	17	22	133	0.1654135
NODE_22147_length_5310_cov_5.069085	5017	5150	18	1	133	0.0075188
NODE_22147_length_5310_cov_5.069085	5017	5150	19	6	133	0.0451128
NODE_22147_length_5310_cov_5.069085	5017	5150	20	34	133	0.2556391
NODE_22147_length_5310_cov_5.069085	5017	5150	21	18	133	0.1353384
NODE_22147_length_5310_cov_5.069085	5017	5150	22	2	133	0.0150376
NODE_22164_length_5308_cov_5.454406	192	325	5	11	133	0.0827068
NODE_22164_length_5308_cov_5.454406	192	325	6	12	133	0.0902256
NODE_22164_length_5308_cov_5.454406	192	325	7	11	133	0.0827068
NODE_22164_length_5308_cov_5.454406	192	325	8	18	133	0.1353384
NODE_22164_length_5308_cov_5.454406	192	325	9	4	133	0.0300752
NODE_22164_length_5308_cov_5.454406	192	325	11	40	133	0.3007519
NODE_22164_length_5308_cov_5.454406	192	325	12	24	133	0.1804511
NODE_22164_length_5308_cov_5.454406	192	325	13	13	133	0.0977444
NODE_22200_length_5303_cov_4.439662	3292	3425	7	4	133	0.0300752
NODE_22200_length_5303_cov_4.439662	3292	3425	8	3	133	0.0225564
NODE_22200_length_5303_cov_4.439662	3292	3425	9	4	133	0.0300752
NODE_22200_length_5303_cov_4.439662	3292	3425	10	24	133	0.1804511
NODE_22200_length_5303_cov_4.439662	3292	3425	11	8	133	0.0601504
NODE_22200_length_5303_cov_4.439662	3292	3425	12	32	133	0.2406015
NODE_22200_length_5303_cov_4.439662	3292	3425	13	51	133	0.3834586
NODE_22200_length_5303_cov_4.439662	3292	3425	14	7	133	0.0526316
NODE_22206_length_5302_cov_5.508168	3628	3761	5	7	133	0.0526316
NODE_22206_length_5302_cov_5.508168	3628	3761	6	4	133	0.0300752
NODE_22206_length_5302_cov_5.508168	3628	3761	7	7	133	0.0526316
NODE_22206_length_5302_cov_5.508168	3628	3761	9	29	133	0.2180451
NODE_22206_length_5302_cov_5.508168	3628	3761	10	37	133	0.2781955
NODE_22206_length_5302_cov_5.508168	3628	3761	11	45	133	0.3383459
NODE_22206_length_5302_cov_5.508168	3628	3761	12	4	133	0.0300752
NODE_2220_length_11980_cov_3.278175	5806	5939	12	4	133	0.0300752
NODE_2220_length_11980_cov_3.278175	5806	5939	13	31	133	0.2330827
NODE_2220_length_11980_cov_3.278175	5806	5939	14	16	133	0.1203008
NODE_2220_length_11980_cov_3.278175	5806	5939	15	58	133	0.4360902
NODE_2220_length_11980_cov_3.278175	5806	5939	16	24	133	0.1804511
NODE_22211_length_5302_cov_3.962714	2331	2464	23	1	133	0.0075188
NODE_22211_length_5302_cov_3.962714	2331	2464	24	8	133	0.0601504
NODE_22211_length_5302_cov_3.962714	2331	2464	25	5	133	0.0375940
NODE_22211_length_5302_cov_3.962714	2331	2464	26	1	133	0.0075188
NODE_22211_length_5302_cov_3.962714	2331	2464	29	1	133	0.0075188
NODE_22211_length_5302_cov_3.962714	2331	2464	30	3	133	0.0225564
NODE_22211_length_5302_cov_3.962714	2331	2464	31	4	133	0.0300752
NODE_22211_length_5302_cov_3.962714	2331	2464	32	3	133	0.0225564
NODE_22211_length_5302_cov_3.962714	2331	2464	33	1	133	0.0075188
NODE_22211_length_5302_cov_3.962714	2331	2464	34	2	133	0.0150376
NODE_22211_length_5302_cov_3.962714	2331	2464	35	3	133	0.0225564
NODE_22211_length_5302_cov_3.962714	2331	2464	36	12	133	0.0902256
NODE_22211_length_5302_cov_3.962714	2331	2464	37	13	133	0.0977444
NODE_22211_length_5302_cov_3.962714	2331	2464	38	12	133	0.0902256
NODE_22211_length_5302_cov_3.962714	2331	2464	39	16	133	0.1203008
NODE_22211_length_5302_cov_3.962714	2331	2464	40	21	133	0.1578947
NODE_22211_length_5302_cov_3.962714	2331	2464	41	19	133	0.1428571
NODE_22211_length_5302_cov_3.962714	2331	2464	42	5	133	0.0375940
NODE_22211_length_5302_cov_3.962714	2331	2464	43	3	133	0.0225564
NODE_2222_length_11978_cov_4.160114	3235	3368	5	1	133	0.0075188
NODE_2222_length_11978_cov_4.160114	3235	3368	6	1	133	0.0075188
NODE_2222_length_11978_cov_4.160114	3235	3368	7	12	133	0.0902256
NODE_2222_length_11978_cov_4.160114	3235	3368	8	20	133	0.1503759
NODE_2222_length_11978_cov_4.160114	3235	3368	9	30	133	0.2255639
NODE_2222_length_11978_cov_4.160114	3235	3368	10	24	133	0.1804511
NODE_2222_length_11978_cov_4.160114	3235	3368	11	45	133	0.3383459
NODE_222312_length_1117_cov_2.432220	254	387	2	8	133	0.0601504
NODE_222312_length_1117_cov_2.432220	254	387	3	2	133	0.0150376
NODE_222312_length_1117_cov_2.432220	254	387	4	33	133	0.2481203
NODE_222312_length_1117_cov_2.432220	254	387	5	1	133	0.0075188
NODE_222312_length_1117_cov_2.432220	254	387	6	47	133	0.3533835
NODE_222312_length_1117_cov_2.432220	254	387	7	42	133	0.3157895
NODE_22235_length_5299_cov_3.952500	2657	2790	6	21	133	0.1578947
NODE_22235_length_5299_cov_3.952500	2657	2790	7	11	133	0.0827068
NODE_22235_length_5299_cov_3.952500	2657	2790	8	33	133	0.2481203
NODE_22235_length_5299_cov_3.952500	2657	2790	11	21	133	0.1578947
NODE_22235_length_5299_cov_3.952500	2657	2790	12	47	133	0.3533835
NODE_222536_length_1115_cov_5.569882	406	539	7	15	133	0.1127820
NODE_222536_length_1115_cov_5.569882	406	539	8	26	133	0.1954887
NODE_222536_length_1115_cov_5.569882	406	539	9	3	133	0.0225564
NODE_222536_length_1115_cov_5.569882	406	539	10	53	133	0.3984962
NODE_222536_length_1115_cov_5.569882	406	539	11	23	133	0.1729323
NODE_222536_length_1115_cov_5.569882	406	539	12	13	133	0.0977444
NODE_222539_length_1115_cov_5.536417	1005	1138	0	33	133	0.2481203
NODE_222539_length_1115_cov_5.536417	1005	1138	1	18	133	0.1353384
NODE_222539_length_1115_cov_5.536417	1005	1138	3	3	133	0.0225564
NODE_222539_length_1115_cov_5.536417	1005	1138	4	18	133	0.1353384
NODE_222539_length_1115_cov_5.536417	1005	1138	5	5	133	0.0375940
NODE_222539_length_1115_cov_5.536417	1005	1138	6	3	133	0.0225564
NODE_222539_length_1115_cov_5.536417	1005	1138	7	15	133	0.1127820
NODE_222539_length_1115_cov_5.536417	1005	1138	10	15	133	0.1127820
NODE_222539_length_1115_cov_5.536417	1005	1138	11	8	133	0.0601504
NODE_222539_length_1115_cov_5.536417	1005	1138	12	7	133	0.0526316
NODE_222539_length_1115_cov_5.536417	1005	1138	13	8	133	0.0601504
NODE_222543_length_1115_cov_5.229331	146	279	11	3	133	0.0225564
NODE_222543_length_1115_cov_5.229331	146	279	12	5	133	0.0375940
NODE_222543_length_1115_cov_5.229331	146	279	13	12	133	0.0902256
NODE_222543_length_1115_cov_5.229331	146	279	14	5	133	0.0375940
NODE_222543_length_1115_cov_5.229331	146	279	22	2	133	0.0150376
NODE_222543_length_1115_cov_5.229331	146	279	23	8	133	0.0601504
NODE_222543_length_1115_cov_5.229331	146	279	24	1	133	0.0075188
NODE_222543_length_1115_cov_5.229331	146	279	25	2	133	0.0150376
NODE_222543_length_1115_cov_5.229331	146	279	27	3	133	0.0225564
NODE_222543_length_1115_cov_5.229331	146	279	29	2	133	0.0150376
NODE_222543_length_1115_cov_5.229331	146	279	30	3	133	0.0225564
NODE_222543_length_1115_cov_5.229331	146	279	35	9	133	0.0676692
NODE_222543_length_1115_cov_5.229331	146	279	36	2	133	0.0150376
NODE_222543_length_1115_cov_5.229331	146	279	45	1	133	0.0075188
NODE_222543_length_1115_cov_5.229331	146	279	46	2	133	0.0150376
NODE_222543_length_1115_cov_5.229331	146	279	47	9	133	0.0676692
NODE_222543_length_1115_cov_5.229331	146	279	48	4	133	0.0300752
NODE_222543_length_1115_cov_5.229331	146	279	49	7	133	0.0526316
NODE_222543_length_1115_cov_5.229331	146	279	50	1	133	0.0075188
NODE_222543_length_1115_cov_5.229331	146	279	51	5	133	0.0375940
NODE_222543_length_1115_cov_5.229331	146	279	52	1	133	0.0075188
NODE_222543_length_1115_cov_5.229331	146	279	53	1	133	0.0075188
NODE_222543_length_1115_cov_5.229331	146	279	54	3	133	0.0225564
NODE_222543_length_1115_cov_5.229331	146	279	55	2	133	0.0150376
NODE_222543_length_1115_cov_5.229331	146	279	56	7	133	0.0526316
NODE_222543_length_1115_cov_5.229331	146	279	57	10	133	0.0751880
NODE_222543_length_1115_cov_5.229331	146	279	58	2	133	0.0150376
NODE_222543_length_1115_cov_5.229331	146	279	60	8	133	0.0601504
NODE_222543_length_1115_cov_5.229331	146	279	61	7	133	0.0526316
NODE_222543_length_1115_cov_5.229331	146	279	62	4	133	0.0300752
NODE_222543_length_1115_cov_5.229331	146	279	63	2	133	0.0150376
NODE_22259_length_5297_cov_4.120816	710	843	9	6	133	0.0451128
NODE_22259_length_5297_cov_4.120816	710	843	10	8	133	0.0601504
NODE_22259_length_5297_cov_4.120816	710	843	12	18	133	0.1353384
NODE_22259_length_5297_cov_4.120816	710	843	13	37	133	0.2781955
NODE_22259_length_5297_cov_4.120816	710	843	14	42	133	0.3157895
NODE_22259_length_5297_cov_4.120816	710	843	15	22	133	0.1654135
NODE_222622_length_1115_cov_3.317913	848	981	10	4	133	0.0300752
NODE_222622_length_1115_cov_3.317913	848	981	11	2	133	0.0150376
NODE_222622_length_1115_cov_3.317913	848	981	12	4	133	0.0300752
NODE_222622_length_1115_cov_3.317913	848	981	13	30	133	0.2255639
NODE_222622_length_1115_cov_3.317913	848	981	14	14	133	0.1052632
NODE_222622_length_1115_cov_3.317913	848	981	15	38	133	0.2857143
NODE_222622_length_1115_cov_3.317913	848	981	16	41	133	0.3082707
NODE_22263_length_5296_cov_7.856648	2284	2417	24	2	133	0.0150376
NODE_22263_length_5296_cov_7.856648	2284	2417	25	4	133	0.0300752
NODE_22263_length_5296_cov_7.856648	2284	2417	26	4	133	0.0300752
NODE_22263_length_5296_cov_7.856648	2284	2417	29	1	133	0.0075188
NODE_22263_length_5296_cov_7.856648	2284	2417	30	2	133	0.0150376
NODE_22263_length_5296_cov_7.856648	2284	2417	31	3	133	0.0225564
NODE_22263_length_5296_cov_7.856648	2284	2417	32	7	133	0.0526316
NODE_22263_length_5296_cov_7.856648	2284	2417	33	8	133	0.0601504
NODE_22263_length_5296_cov_7.856648	2284	2417	34	2	133	0.0150376
NODE_22263_length_5296_cov_7.856648	2284	2417	36	2	133	0.0150376
NODE_22263_length_5296_cov_7.856648	2284	2417	38	2	133	0.0150376
NODE_22263_length_5296_cov_7.856648	2284	2417	39	1	133	0.0075188
NODE_22263_length_5296_cov_7.856648	2284	2417	41	3	133	0.0225564
NODE_22263_length_5296_cov_7.856648	2284	2417	42	7	133	0.0526316
NODE_22263_length_5296_cov_7.856648	2284	2417	43	2	133	0.0150376
NODE_22263_length_5296_cov_7.856648	2284	2417	46	2	133	0.0150376
NODE_22263_length_5296_cov_7.856648	2284	2417	48	4	133	0.0300752
NODE_22263_length_5296_cov_7.856648	2284	2417	49	4	133	0.0300752
NODE_22263_length_5296_cov_7.856648	2284	2417	51	9	133	0.0676692
NODE_22263_length_5296_cov_7.856648	2284	2417	54	2	133	0.0150376
NODE_22263_length_5296_cov_7.856648	2284	2417	56	11	133	0.0827068
NODE_22263_length_5296_cov_7.856648	2284	2417	59	1	133	0.0075188
NODE_22263_length_5296_cov_7.856648	2284	2417	63	8	133	0.0601504
NODE_22263_length_5296_cov_7.856648	2284	2417	64	9	133	0.0676692
NODE_22263_length_5296_cov_7.856648	2284	2417	65	9	133	0.0676692
NODE_22263_length_5296_cov_7.856648	2284	2417	67	3	133	0.0225564
NODE_22263_length_5296_cov_7.856648	2284	2417	68	11	133	0.0827068
NODE_22263_length_5296_cov_7.856648	2284	2417	69	7	133	0.0526316
NODE_22263_length_5296_cov_7.856648	2284	2417	70	3	133	0.0225564
NODE_222739_length_1114_cov_4.745813	467	600	10	7	133	0.0526316
NODE_222739_length_1114_cov_4.745813	467	600	11	1	133	0.0075188
NODE_222739_length_1114_cov_4.745813	467	600	12	34	133	0.2556391
NODE_222739_length_1114_cov_4.745813	467	600	13	30	133	0.2255639
NODE_222739_length_1114_cov_4.745813	467	600	14	46	133	0.3458647
NODE_222739_length_1114_cov_4.745813	467	600	15	15	133	0.1127820
NODE_222927_length_1113_cov_4.786982	477	610	0	24	133	0.1804511
NODE_222927_length_1113_cov_4.786982	477	610	1	33	133	0.2481203
NODE_222927_length_1113_cov_4.786982	477	610	2	76	133	0.5714286
NODE_22301_length_5292_cov_4.512998	1019	1152	4	29	133	0.2180451
NODE_22301_length_5292_cov_4.512998	1019	1152	5	19	133	0.1428571
NODE_22301_length_5292_cov_4.512998	1019	1152	7	1	133	0.0075188
NODE_22301_length_5292_cov_4.512998	1019	1152	8	47	133	0.3533835
NODE_22301_length_5292_cov_4.512998	1019	1152	9	22	133	0.1654135
NODE_22301_length_5292_cov_4.512998	1019	1152	10	15	133	0.1127820
NODE_22311_length_5290_cov_5.805047	2073	2206	10	3	133	0.0225564
NODE_22311_length_5290_cov_5.805047	2073	2206	11	25	133	0.1879699
NODE_22311_length_5290_cov_5.805047	2073	2206	12	6	133	0.0451128
NODE_22311_length_5290_cov_5.805047	2073	2206	13	5	133	0.0375940
NODE_22311_length_5290_cov_5.805047	2073	2206	15	7	133	0.0526316
NODE_22311_length_5290_cov_5.805047	2073	2206	17	11	133	0.0827068
NODE_22311_length_5290_cov_5.805047	2073	2206	18	18	133	0.1353384
NODE_22311_length_5290_cov_5.805047	2073	2206	19	8	133	0.0601504
NODE_22311_length_5290_cov_5.805047	2073	2206	20	15	133	0.1127820
NODE_22311_length_5290_cov_5.805047	2073	2206	21	18	133	0.1353384
NODE_22311_length_5290_cov_5.805047	2073	2206	22	17	133	0.1278196
NODE_22314_length_5290_cov_4.604700	1207	1340	8	17	133	0.1278196
NODE_22314_length_5290_cov_4.604700	1207	1340	9	5	133	0.0375940
NODE_22314_length_5290_cov_4.604700	1207	1340	11	1	133	0.0075188
NODE_22314_length_5290_cov_4.604700	1207	1340	13	3	133	0.0225564
NODE_22314_length_5290_cov_4.604700	1207	1340	15	7	133	0.0526316
NODE_22314_length_5290_cov_4.604700	1207	1340	16	5	133	0.0375940
NODE_22314_length_5290_cov_4.604700	1207	1340	17	14	133	0.1052632
NODE_22314_length_5290_cov_4.604700	1207	1340	18	7	133	0.0526316
NODE_22314_length_5290_cov_4.604700	1207	1340	19	10	133	0.0751880
NODE_22314_length_5290_cov_4.604700	1207	1340	20	19	133	0.1428571
NODE_22314_length_5290_cov_4.604700	1207	1340	21	45	133	0.3383459
NODE_223231_length_1112_cov_2.623889	898	1031	4	7	133	0.0526316
NODE_223231_length_1112_cov_2.623889	898	1031	5	3	133	0.0225564
NODE_223231_length_1112_cov_2.623889	898	1031	7	6	133	0.0451128
NODE_223231_length_1112_cov_2.623889	898	1031	8	1	133	0.0075188
NODE_223231_length_1112_cov_2.623889	898	1031	10	5	133	0.0375940
NODE_223231_length_1112_cov_2.623889	898	1031	11	27	133	0.2030075
NODE_223231_length_1112_cov_2.623889	898	1031	12	21	133	0.1578947
NODE_223231_length_1112_cov_2.623889	898	1031	14	2	133	0.0150376
NODE_223231_length_1112_cov_2.623889	898	1031	15	8	133	0.0601504
NODE_223231_length_1112_cov_2.623889	898	1031	16	17	133	0.1278196
NODE_223231_length_1112_cov_2.623889	898	1031	17	19	133	0.1428571
NODE_223231_length_1112_cov_2.623889	898	1031	18	17	133	0.1278196
NODE_2233_length_11967_cov_4.674082	326	459	2	53	133	0.3984962
NODE_2233_length_11967_cov_4.674082	326	459	3	24	133	0.1804511
NODE_2233_length_11967_cov_4.674082	326	459	4	56	133	0.4210526
NODE_223451_length_1111_cov_2.045455	571	704	8	2	133	0.0150376
NODE_223451_length_1111_cov_2.045455	571	704	9	22	133	0.1654135
NODE_223451_length_1111_cov_2.045455	571	704	11	18	133	0.1353384
NODE_223451_length_1111_cov_2.045455	571	704	12	10	133	0.0751880
NODE_223451_length_1111_cov_2.045455	571	704	14	2	133	0.0150376
NODE_223451_length_1111_cov_2.045455	571	704	15	2	133	0.0150376
NODE_223451_length_1111_cov_2.045455	571	704	16	17	133	0.1278196
NODE_223451_length_1111_cov_2.045455	571	704	17	7	133	0.0526316
NODE_223451_length_1111_cov_2.045455	571	704	18	7	133	0.0526316
NODE_223451_length_1111_cov_2.045455	571	704	19	10	133	0.0751880
NODE_223451_length_1111_cov_2.045455	571	704	20	19	133	0.1428571
NODE_223451_length_1111_cov_2.045455	571	704	21	17	133	0.1278196
NODE_22352_length_5286_cov_4.069211	2232	2365	10	12	133	0.0902256
NODE_22352_length_5286_cov_4.069211	2232	2365	11	2	133	0.0150376
NODE_22352_length_5286_cov_4.069211	2232	2365	12	10	133	0.0751880
NODE_22352_length_5286_cov_4.069211	2232	2365	13	3	133	0.0225564
NODE_22352_length_5286_cov_4.069211	2232	2365	14	1	133	0.0075188
NODE_22352_length_5286_cov_4.069211	2232	2365	15	3	133	0.0225564
NODE_22352_length_5286_cov_4.069211	2232	2365	16	4	133	0.0300752
NODE_22352_length_5286_cov_4.069211	2232	2365	17	2	133	0.0150376
NODE_22352_length_5286_cov_4.069211	2232	2365	18	2	133	0.0150376
NODE_22352_length_5286_cov_4.069211	2232	2365	19	2	133	0.0150376
NODE_22352_length_5286_cov_4.069211	2232	2365	20	3	133	0.0225564
NODE_22352_length_5286_cov_4.069211	2232	2365	21	1	133	0.0075188
NODE_22352_length_5286_cov_4.069211	2232	2365	22	1	133	0.0075188
NODE_22352_length_5286_cov_4.069211	2232	2365	25	1	133	0.0075188
NODE_22352_length_5286_cov_4.069211	2232	2365	26	3	133	0.0225564
NODE_22352_length_5286_cov_4.069211	2232	2365	27	4	133	0.0300752
NODE_22352_length_5286_cov_4.069211	2232	2365	28	6	133	0.0451128
NODE_22352_length_5286_cov_4.069211	2232	2365	29	9	133	0.0676692
NODE_22352_length_5286_cov_4.069211	2232	2365	30	4	133	0.0300752
NODE_22352_length_5286_cov_4.069211	2232	2365	31	7	133	0.0526316
NODE_22352_length_5286_cov_4.069211	2232	2365	33	4	133	0.0300752
NODE_22352_length_5286_cov_4.069211	2232	2365	35	8	133	0.0601504
NODE_22352_length_5286_cov_4.069211	2232	2365	36	5	133	0.0375940
NODE_22352_length_5286_cov_4.069211	2232	2365	37	8	133	0.0601504
NODE_22352_length_5286_cov_4.069211	2232	2365	38	22	133	0.1654135
NODE_22352_length_5286_cov_4.069211	2232	2365	39	6	133	0.0451128
NODE_22358_length_5285_cov_4.755303	1867	2000	3	5	133	0.0375940
NODE_22358_length_5285_cov_4.755303	1867	2000	4	6	133	0.0451128
NODE_22358_length_5285_cov_4.755303	1867	2000	5	47	133	0.3533835
NODE_22358_length_5285_cov_4.755303	1867	2000	6	13	133	0.0977444
NODE_22358_length_5285_cov_4.755303	1867	2000	7	41	133	0.3082707
NODE_22358_length_5285_cov_4.755303	1867	2000	8	21	133	0.1578947
NODE_223699_length_1109_cov_4.135644	506	639	27	6	133	0.0451128
NODE_223699_length_1109_cov_4.135644	506	639	28	2	133	0.0150376
NODE_223699_length_1109_cov_4.135644	506	639	29	8	133	0.0601504
NODE_223699_length_1109_cov_4.135644	506	639	30	5	133	0.0375940
NODE_223699_length_1109_cov_4.135644	506	639	31	3	133	0.0225564
NODE_223699_length_1109_cov_4.135644	506	639	33	4	133	0.0300752
NODE_223699_length_1109_cov_4.135644	506	639	34	2	133	0.0150376
NODE_223699_length_1109_cov_4.135644	506	639	35	3	133	0.0225564
NODE_223699_length_1109_cov_4.135644	506	639	36	8	133	0.0601504
NODE_223699_length_1109_cov_4.135644	506	639	37	1	133	0.0075188
NODE_223699_length_1109_cov_4.135644	506	639	38	3	133	0.0225564
NODE_223699_length_1109_cov_4.135644	506	639	39	9	133	0.0676692
NODE_223699_length_1109_cov_4.135644	506	639	40	7	133	0.0526316
NODE_223699_length_1109_cov_4.135644	506	639	41	9	133	0.0676692
NODE_223699_length_1109_cov_4.135644	506	639	42	5	133	0.0375940
NODE_223699_length_1109_cov_4.135644	506	639	43	11	133	0.0827068
NODE_223699_length_1109_cov_4.135644	506	639	44	30	133	0.2255639
NODE_223699_length_1109_cov_4.135644	506	639	45	16	133	0.1203008
NODE_223699_length_1109_cov_4.135644	506	639	46	1	133	0.0075188
NODE_223725_length_1109_cov_3.760396	665	798	4	9	133	0.0676692
NODE_223725_length_1109_cov_3.760396	665	798	5	2	133	0.0150376
NODE_223725_length_1109_cov_3.760396	665	798	6	11	133	0.0827068
NODE_223725_length_1109_cov_3.760396	665	798	7	19	133	0.1428571
NODE_223725_length_1109_cov_3.760396	665	798	8	30	133	0.2255639
NODE_223725_length_1109_cov_3.760396	665	798	9	47	133	0.3533835
NODE_223725_length_1109_cov_3.760396	665	798	10	15	133	0.1127820
NODE_22375_length_5283_cov_4.849344	4174	4307	21	5	133	0.0375940
NODE_22375_length_5283_cov_4.849344	4174	4307	22	1	133	0.0075188
NODE_22375_length_5283_cov_4.849344	4174	4307	23	4	133	0.0300752
NODE_22375_length_5283_cov_4.849344	4174	4307	24	1	133	0.0075188
NODE_22375_length_5283_cov_4.849344	4174	4307	27	6	133	0.0451128
NODE_22375_length_5283_cov_4.849344	4174	4307	28	3	133	0.0225564
NODE_22375_length_5283_cov_4.849344	4174	4307	29	11	133	0.0827068
NODE_22375_length_5283_cov_4.849344	4174	4307	30	7	133	0.0526316
NODE_22375_length_5283_cov_4.849344	4174	4307	32	4	133	0.0300752
NODE_22375_length_5283_cov_4.849344	4174	4307	33	4	133	0.0300752
NODE_22375_length_5283_cov_4.849344	4174	4307	34	1	133	0.0075188
NODE_22375_length_5283_cov_4.849344	4174	4307	35	9	133	0.0676692
NODE_22375_length_5283_cov_4.849344	4174	4307	36	8	133	0.0601504
NODE_22375_length_5283_cov_4.849344	4174	4307	37	21	133	0.1578947
NODE_22375_length_5283_cov_4.849344	4174	4307	38	14	133	0.1052632
NODE_22375_length_5283_cov_4.849344	4174	4307	39	13	133	0.0977444
NODE_22375_length_5283_cov_4.849344	4174	4307	40	2	133	0.0150376
NODE_22375_length_5283_cov_4.849344	4174	4307	41	10	133	0.0751880
NODE_22375_length_5283_cov_4.849344	4174	4307	42	9	133	0.0676692
NODE_223802_length_1109_cov_2.715842	842	975	9	15	133	0.1127820
NODE_223802_length_1109_cov_2.715842	842	975	10	13	133	0.0977444
NODE_223802_length_1109_cov_2.715842	842	975	11	10	133	0.0751880
NODE_223802_length_1109_cov_2.715842	842	975	12	7	133	0.0526316
NODE_223802_length_1109_cov_2.715842	842	975	13	43	133	0.3233083
NODE_223802_length_1109_cov_2.715842	842	975	14	12	133	0.0902256
NODE_223802_length_1109_cov_2.715842	842	975	15	10	133	0.0751880
NODE_223802_length_1109_cov_2.715842	842	975	16	9	133	0.0676692
NODE_223802_length_1109_cov_2.715842	842	975	17	14	133	0.1052632
NODE_22387_length_5282_cov_10.125796	4321	4454	20	1	133	0.0075188
NODE_22387_length_5282_cov_10.125796	4321	4454	21	9	133	0.0676692
NODE_22387_length_5282_cov_10.125796	4321	4454	22	8	133	0.0601504
NODE_22387_length_5282_cov_10.125796	4321	4454	25	3	133	0.0225564
NODE_22387_length_5282_cov_10.125796	4321	4454	26	19	133	0.1428571
NODE_22387_length_5282_cov_10.125796	4321	4454	27	5	133	0.0375940
NODE_22387_length_5282_cov_10.125796	4321	4454	28	23	133	0.1729323
NODE_22387_length_5282_cov_10.125796	4321	4454	29	3	133	0.0225564
NODE_22387_length_5282_cov_10.125796	4321	4454	30	9	133	0.0676692
NODE_22387_length_5282_cov_10.125796	4321	4454	31	18	133	0.1353384
NODE_22387_length_5282_cov_10.125796	4321	4454	32	10	133	0.0751880
NODE_22387_length_5282_cov_10.125796	4321	4454	33	21	133	0.1578947
NODE_22387_length_5282_cov_10.125796	4321	4454	34	4	133	0.0300752
NODE_223901_length_1108_cov_4.057483	325	458	4	22	133	0.1654135
NODE_223901_length_1108_cov_4.057483	325	458	6	31	133	0.2330827
NODE_223901_length_1108_cov_4.057483	325	458	7	10	133	0.0751880
NODE_223901_length_1108_cov_4.057483	325	458	9	23	133	0.1729323
NODE_223901_length_1108_cov_4.057483	325	458	10	38	133	0.2857143
NODE_223901_length_1108_cov_4.057483	325	458	11	9	133	0.0676692
NODE_22398_length_5282_cov_4.077754	124	257	1	76	133	0.5714286
NODE_22398_length_5282_cov_4.077754	124	257	2	57	133	0.4285714
NODE_22400_length_5282_cov_3.884623	4631	4764	0	41	133	0.3082707
NODE_22400_length_5282_cov_3.884623	4631	4764	2	92	133	0.6917293
NODE_2240_length_11956_cov_4.693430	11472	11605	15	2	133	0.0150376
NODE_2240_length_11956_cov_4.693430	11472	11605	16	8	133	0.0601504
NODE_2240_length_11956_cov_4.693430	11472	11605	18	7	133	0.0526316
NODE_2240_length_11956_cov_4.693430	11472	11605	19	31	133	0.2330827
NODE_2240_length_11956_cov_4.693430	11472	11605	20	24	133	0.1804511
NODE_2240_length_11956_cov_4.693430	11472	11605	21	34	133	0.2556391
NODE_2240_length_11956_cov_4.693430	11472	11605	22	18	133	0.1353384
NODE_2240_length_11956_cov_4.693430	11472	11605	23	5	133	0.0375940
NODE_2240_length_11956_cov_4.693430	11472	11605	24	4	133	0.0300752
NODE_224231_length_1106_cov_4.817279	574	707	4	55	133	0.4135338
NODE_224231_length_1106_cov_4.817279	574	707	5	19	133	0.1428571
NODE_224231_length_1106_cov_4.817279	574	707	6	6	133	0.0451128
NODE_224231_length_1106_cov_4.817279	574	707	7	21	133	0.1578947
NODE_224231_length_1106_cov_4.817279	574	707	8	32	133	0.2406015
NODE_22427_length_5279_cov_4.266602	1050	1183	4	7	133	0.0526316
NODE_22427_length_5279_cov_4.266602	1050	1183	5	5	133	0.0375940
NODE_22427_length_5279_cov_4.266602	1050	1183	6	23	133	0.1729323
NODE_22427_length_5279_cov_4.266602	1050	1183	7	5	133	0.0375940
NODE_22427_length_5279_cov_4.266602	1050	1183	8	7	133	0.0526316
NODE_22427_length_5279_cov_4.266602	1050	1183	9	15	133	0.1127820
NODE_22427_length_5279_cov_4.266602	1050	1183	11	1	133	0.0075188
NODE_22427_length_5279_cov_4.266602	1050	1183	12	44	133	0.3308271
NODE_22427_length_5279_cov_4.266602	1050	1183	13	10	133	0.0751880
NODE_22427_length_5279_cov_4.266602	1050	1183	14	16	133	0.1203008
NODE_22432_length_5278_cov_38.197335	4015	4148	12	2	133	0.0150376
NODE_22432_length_5278_cov_38.197335	4015	4148	13	14	133	0.1052632
NODE_22432_length_5278_cov_38.197335	4015	4148	14	20	133	0.1503759
NODE_22432_length_5278_cov_38.197335	4015	4148	15	13	133	0.0977444
NODE_22432_length_5278_cov_38.197335	4015	4148	16	37	133	0.2781955
NODE_22432_length_5278_cov_38.197335	4015	4148	17	13	133	0.0977444
NODE_22432_length_5278_cov_38.197335	4015	4148	18	2	133	0.0150376
NODE_22432_length_5278_cov_38.197335	4015	4148	19	7	133	0.0526316
NODE_22432_length_5278_cov_38.197335	4015	4148	20	1	133	0.0075188
NODE_22432_length_5278_cov_38.197335	4015	4148	21	2	133	0.0150376
NODE_22432_length_5278_cov_38.197335	4015	4148	22	3	133	0.0225564
NODE_22432_length_5278_cov_38.197335	4015	4148	23	4	133	0.0300752
NODE_22432_length_5278_cov_38.197335	4015	4148	24	5	133	0.0375940
NODE_22432_length_5278_cov_38.197335	4015	4148	25	10	133	0.0751880
NODE_22438_length_5278_cov_4.424792	1919	2052	16	31	133	0.2330827
NODE_22438_length_5278_cov_4.424792	1919	2052	17	9	133	0.0676692
NODE_22438_length_5278_cov_4.424792	1919	2052	18	12	133	0.0902256
NODE_22438_length_5278_cov_4.424792	1919	2052	19	39	133	0.2932331
NODE_22438_length_5278_cov_4.424792	1919	2052	20	23	133	0.1729323
NODE_22438_length_5278_cov_4.424792	1919	2052	22	19	133	0.1428571
NODE_2244_length_11946_cov_8.117414	8296	8429	56	3	133	0.0225564
NODE_2244_length_11946_cov_8.117414	8296	8429	57	4	133	0.0300752
NODE_2244_length_11946_cov_8.117414	8296	8429	59	4	133	0.0300752
NODE_2244_length_11946_cov_8.117414	8296	8429	60	1	133	0.0075188
NODE_2244_length_11946_cov_8.117414	8296	8429	61	3	133	0.0225564
NODE_2244_length_11946_cov_8.117414	8296	8429	62	4	133	0.0300752
NODE_2244_length_11946_cov_8.117414	8296	8429	64	5	133	0.0375940
NODE_2244_length_11946_cov_8.117414	8296	8429	65	2	133	0.0150376
NODE_2244_length_11946_cov_8.117414	8296	8429	67	2	133	0.0150376
NODE_2244_length_11946_cov_8.117414	8296	8429	68	5	133	0.0375940
NODE_2244_length_11946_cov_8.117414	8296	8429	70	2	133	0.0150376
NODE_2244_length_11946_cov_8.117414	8296	8429	71	12	133	0.0902256
NODE_2244_length_11946_cov_8.117414	8296	8429	72	2	133	0.0150376
NODE_2244_length_11946_cov_8.117414	8296	8429	74	2	133	0.0150376
NODE_2244_length_11946_cov_8.117414	8296	8429	75	1	133	0.0075188
NODE_2244_length_11946_cov_8.117414	8296	8429	77	2	133	0.0150376
NODE_2244_length_11946_cov_8.117414	8296	8429	78	2	133	0.0150376
NODE_2244_length_11946_cov_8.117414	8296	8429	79	6	133	0.0451128
NODE_2244_length_11946_cov_8.117414	8296	8429	80	4	133	0.0300752
NODE_2244_length_11946_cov_8.117414	8296	8429	81	5	133	0.0375940
NODE_2244_length_11946_cov_8.117414	8296	8429	82	4	133	0.0300752
NODE_2244_length_11946_cov_8.117414	8296	8429	83	8	133	0.0601504
NODE_2244_length_11946_cov_8.117414	8296	8429	84	4	133	0.0300752
NODE_2244_length_11946_cov_8.117414	8296	8429	85	13	133	0.0977444
NODE_2244_length_11946_cov_8.117414	8296	8429	86	10	133	0.0751880
NODE_2244_length_11946_cov_8.117414	8296	8429	87	6	133	0.0451128
NODE_2244_length_11946_cov_8.117414	8296	8429	88	4	133	0.0300752
NODE_2244_length_11946_cov_8.117414	8296	8429	89	6	133	0.0451128
NODE_2244_length_11946_cov_8.117414	8296	8429	90	5	133	0.0375940
NODE_2244_length_11946_cov_8.117414	8296	8429	91	2	133	0.0150376
NODE_22453_length_5276_cov_5.120147	4947	5080	4	24	133	0.1804511
NODE_22453_length_5276_cov_5.120147	4947	5080	5	29	133	0.2180451
NODE_22453_length_5276_cov_5.120147	4947	5080	6	23	133	0.1729323
NODE_22453_length_5276_cov_5.120147	4947	5080	7	44	133	0.3308271
NODE_22453_length_5276_cov_5.120147	4947	5080	8	13	133	0.0977444
NODE_22456_length_5276_cov_4.425536	712	845	6	9	133	0.0676692
NODE_22456_length_5276_cov_4.425536	712	845	7	3	133	0.0225564
NODE_22456_length_5276_cov_4.425536	712	845	8	20	133	0.1503759
NODE_22456_length_5276_cov_4.425536	712	845	9	10	133	0.0751880
NODE_22456_length_5276_cov_4.425536	712	845	10	45	133	0.3383459
NODE_22456_length_5276_cov_4.425536	712	845	11	41	133	0.3082707
NODE_22456_length_5276_cov_4.425536	712	845	12	5	133	0.0375940
NODE_22480_length_5273_cov_4.908195	3805	3938	13	4	133	0.0300752
NODE_22480_length_5273_cov_4.908195	3805	3938	14	9	133	0.0676692
NODE_22480_length_5273_cov_4.908195	3805	3938	15	34	133	0.2556391
NODE_22480_length_5273_cov_4.908195	3805	3938	16	3	133	0.0225564
NODE_22480_length_5273_cov_4.908195	3805	3938	17	44	133	0.3308271
NODE_22480_length_5273_cov_4.908195	3805	3938	18	5	133	0.0375940
NODE_22480_length_5273_cov_4.908195	3805	3938	19	34	133	0.2556391
NODE_22485_length_5273_cov_4.319869	524	657	8	2	133	0.0150376
NODE_22485_length_5273_cov_4.319869	524	657	9	31	133	0.2330827
NODE_22485_length_5273_cov_4.319869	524	657	10	7	133	0.0526316
NODE_22485_length_5273_cov_4.319869	524	657	12	26	133	0.1954887
NODE_22485_length_5273_cov_4.319869	524	657	13	7	133	0.0526316
NODE_22485_length_5273_cov_4.319869	524	657	14	10	133	0.0751880
NODE_22485_length_5273_cov_4.319869	524	657	15	15	133	0.1127820
NODE_22485_length_5273_cov_4.319869	524	657	16	1	133	0.0075188
NODE_22485_length_5273_cov_4.319869	524	657	17	21	133	0.1578947
NODE_22485_length_5273_cov_4.319869	524	657	18	13	133	0.0977444
NODE_22487_length_5273_cov_3.972362	4194	4327	12	4	133	0.0300752
NODE_22487_length_5273_cov_3.972362	4194	4327	13	12	133	0.0902256
NODE_22487_length_5273_cov_3.972362	4194	4327	16	2	133	0.0150376
NODE_22487_length_5273_cov_3.972362	4194	4327	19	3	133	0.0225564
NODE_22487_length_5273_cov_3.972362	4194	4327	20	2	133	0.0150376
NODE_22487_length_5273_cov_3.972362	4194	4327	21	6	133	0.0451128
NODE_22487_length_5273_cov_3.972362	4194	4327	23	19	133	0.1428571
NODE_22487_length_5273_cov_3.972362	4194	4327	25	2	133	0.0150376
NODE_22487_length_5273_cov_3.972362	4194	4327	26	13	133	0.0977444
NODE_22487_length_5273_cov_3.972362	4194	4327	27	15	133	0.1127820
NODE_22487_length_5273_cov_3.972362	4194	4327	28	22	133	0.1654135
NODE_22487_length_5273_cov_3.972362	4194	4327	29	18	133	0.1353384
NODE_22487_length_5273_cov_3.972362	4194	4327	30	12	133	0.0902256
NODE_22487_length_5273_cov_3.972362	4194	4327	31	3	133	0.0225564
NODE_2249_length_11943_cov_4.415062	4524	4657	6	2	133	0.0150376
NODE_2249_length_11943_cov_4.415062	4524	4657	7	35	133	0.2631579
NODE_2249_length_11943_cov_4.415062	4524	4657	8	18	133	0.1353384
NODE_2249_length_11943_cov_4.415062	4524	4657	9	24	133	0.1804511
NODE_2249_length_11943_cov_4.415062	4524	4657	10	33	133	0.2481203
NODE_2249_length_11943_cov_4.415062	4524	4657	11	21	133	0.1578947
NODE_22513_length_5270_cov_3.959969	811	944	14	11	133	0.0827068
NODE_22513_length_5270_cov_3.959969	811	944	16	4	133	0.0300752
NODE_22513_length_5270_cov_3.959969	811	944	17	3	133	0.0225564
NODE_22513_length_5270_cov_3.959969	811	944	19	1	133	0.0075188
NODE_22513_length_5270_cov_3.959969	811	944	20	4	133	0.0300752
NODE_22513_length_5270_cov_3.959969	811	944	21	8	133	0.0601504
NODE_22513_length_5270_cov_3.959969	811	944	22	15	133	0.1127820
NODE_22513_length_5270_cov_3.959969	811	944	23	3	133	0.0225564
NODE_22513_length_5270_cov_3.959969	811	944	24	13	133	0.0977444
NODE_22513_length_5270_cov_3.959969	811	944	25	6	133	0.0451128
NODE_22513_length_5270_cov_3.959969	811	944	26	59	133	0.4436090
NODE_22513_length_5270_cov_3.959969	811	944	27	6	133	0.0451128
NODE_225274_length_1101_cov_2.991018	131	264	12	8	133	0.0601504
NODE_225274_length_1101_cov_2.991018	131	264	13	1	133	0.0075188
NODE_225274_length_1101_cov_2.991018	131	264	14	1	133	0.0075188
NODE_225274_length_1101_cov_2.991018	131	264	15	1	133	0.0075188
NODE_225274_length_1101_cov_2.991018	131	264	16	25	133	0.1879699
NODE_225274_length_1101_cov_2.991018	131	264	17	37	133	0.2781955
NODE_225274_length_1101_cov_2.991018	131	264	18	48	133	0.3609022
NODE_225274_length_1101_cov_2.991018	131	264	19	12	133	0.0902256
NODE_22531_length_5268_cov_4.190172	3833	3966	0	133	133	1.0000000
NODE_225376_length_1100_cov_4.397602	501	634	4	1	133	0.0075188
NODE_225376_length_1100_cov_4.397602	501	634	5	47	133	0.3533835
NODE_225376_length_1100_cov_4.397602	501	634	7	1	133	0.0075188
NODE_225376_length_1100_cov_4.397602	501	634	8	24	133	0.1804511
NODE_225376_length_1100_cov_4.397602	501	634	10	28	133	0.2105263
NODE_225376_length_1100_cov_4.397602	501	634	11	9	133	0.0676692
NODE_225376_length_1100_cov_4.397602	501	634	12	17	133	0.1278196
NODE_225376_length_1100_cov_4.397602	501	634	13	6	133	0.0451128
NODE_2254_length_11937_cov_5.061075	3642	3775	28	7	133	0.0526316
NODE_2254_length_11937_cov_5.061075	3642	3775	29	1	133	0.0075188
NODE_2254_length_11937_cov_5.061075	3642	3775	30	6	133	0.0451128
NODE_2254_length_11937_cov_5.061075	3642	3775	31	4	133	0.0300752
NODE_2254_length_11937_cov_5.061075	3642	3775	33	1	133	0.0075188
NODE_2254_length_11937_cov_5.061075	3642	3775	34	3	133	0.0225564
NODE_2254_length_11937_cov_5.061075	3642	3775	35	2	133	0.0150376
NODE_2254_length_11937_cov_5.061075	3642	3775	36	2	133	0.0150376
NODE_2254_length_11937_cov_5.061075	3642	3775	38	3	133	0.0225564
NODE_2254_length_11937_cov_5.061075	3642	3775	39	3	133	0.0225564
NODE_2254_length_11937_cov_5.061075	3642	3775	42	7	133	0.0526316
NODE_2254_length_11937_cov_5.061075	3642	3775	43	16	133	0.1203008
NODE_2254_length_11937_cov_5.061075	3642	3775	44	16	133	0.1203008
NODE_2254_length_11937_cov_5.061075	3642	3775	45	14	133	0.1052632
NODE_2254_length_11937_cov_5.061075	3642	3775	46	30	133	0.2255639
NODE_2254_length_11937_cov_5.061075	3642	3775	47	11	133	0.0827068
NODE_2254_length_11937_cov_5.061075	3642	3775	48	6	133	0.0451128
NODE_2254_length_11937_cov_5.061075	3642	3775	49	1	133	0.0075188
NODE_225560_length_1099_cov_4.219000	533	666	19	4	133	0.0300752
NODE_225560_length_1099_cov_4.219000	533	666	20	2	133	0.0150376
NODE_225560_length_1099_cov_4.219000	533	666	22	1	133	0.0075188
NODE_225560_length_1099_cov_4.219000	533	666	23	14	133	0.1052632
NODE_225560_length_1099_cov_4.219000	533	666	24	6	133	0.0451128
NODE_225560_length_1099_cov_4.219000	533	666	25	9	133	0.0676692
NODE_225560_length_1099_cov_4.219000	533	666	26	4	133	0.0300752
NODE_225560_length_1099_cov_4.219000	533	666	27	29	133	0.2180451
NODE_225560_length_1099_cov_4.219000	533	666	28	10	133	0.0751880
NODE_225560_length_1099_cov_4.219000	533	666	29	17	133	0.1278196
NODE_225560_length_1099_cov_4.219000	533	666	30	2	133	0.0150376
NODE_225560_length_1099_cov_4.219000	533	666	31	18	133	0.1353384
NODE_225560_length_1099_cov_4.219000	533	666	32	11	133	0.0827068
NODE_225560_length_1099_cov_4.219000	533	666	33	6	133	0.0451128
NODE_22608_length_5260_cov_4.796939	4365	4498	13	5	133	0.0375940
NODE_22608_length_5260_cov_4.796939	4365	4498	14	15	133	0.1127820
NODE_22608_length_5260_cov_4.796939	4365	4498	16	2	133	0.0150376
NODE_22608_length_5260_cov_4.796939	4365	4498	17	19	133	0.1428571
NODE_22608_length_5260_cov_4.796939	4365	4498	18	10	133	0.0751880
NODE_22608_length_5260_cov_4.796939	4365	4498	19	7	133	0.0526316
NODE_22608_length_5260_cov_4.796939	4365	4498	20	35	133	0.2631579
NODE_22608_length_5260_cov_4.796939	4365	4498	21	24	133	0.1804511
NODE_22608_length_5260_cov_4.796939	4365	4498	22	16	133	0.1203008
NODE_226209_length_1096_cov_2.794383	195	328	7	1	133	0.0075188
NODE_226209_length_1096_cov_2.794383	195	328	9	7	133	0.0526316
NODE_226209_length_1096_cov_2.794383	195	328	10	6	133	0.0451128
NODE_226209_length_1096_cov_2.794383	195	328	11	44	133	0.3308271
NODE_226209_length_1096_cov_2.794383	195	328	12	17	133	0.1278196
NODE_226209_length_1096_cov_2.794383	195	328	13	7	133	0.0526316
NODE_226209_length_1096_cov_2.794383	195	328	14	15	133	0.1127820
NODE_226209_length_1096_cov_2.794383	195	328	15	5	133	0.0375940
NODE_226209_length_1096_cov_2.794383	195	328	16	25	133	0.1879699
NODE_226209_length_1096_cov_2.794383	195	328	17	6	133	0.0451128
NODE_22623_length_5259_cov_3.821705	1498	1631	9	5	133	0.0375940
NODE_22623_length_5259_cov_3.821705	1498	1631	11	29	133	0.2180451
NODE_22623_length_5259_cov_3.821705	1498	1631	12	37	133	0.2781955
NODE_22623_length_5259_cov_3.821705	1498	1631	13	50	133	0.3759398
NODE_22623_length_5259_cov_3.821705	1498	1631	14	12	133	0.0902256
NODE_226393_length_1095_cov_2.873494	220	353	5	4	133	0.0300752
NODE_226393_length_1095_cov_2.873494	220	353	6	8	133	0.0601504
NODE_226393_length_1095_cov_2.873494	220	353	7	15	133	0.1127820
NODE_226393_length_1095_cov_2.873494	220	353	8	21	133	0.1578947
NODE_226393_length_1095_cov_2.873494	220	353	9	45	133	0.3383459
NODE_226393_length_1095_cov_2.873494	220	353	10	21	133	0.1578947
NODE_226393_length_1095_cov_2.873494	220	353	11	9	133	0.0676692
NODE_226393_length_1095_cov_2.873494	220	353	12	10	133	0.0751880
NODE_226557_length_1094_cov_3.607035	227	360	0	133	133	1.0000000
NODE_22670_length_5254_cov_4.359651	4551	4684	13	12	133	0.0902256
NODE_22670_length_5254_cov_4.359651	4551	4684	14	1	133	0.0075188
NODE_22670_length_5254_cov_4.359651	4551	4684	15	16	133	0.1203008
NODE_22670_length_5254_cov_4.359651	4551	4684	16	2	133	0.0150376
NODE_22670_length_5254_cov_4.359651	4551	4684	17	15	133	0.1127820
NODE_22670_length_5254_cov_4.359651	4551	4684	18	5	133	0.0375940
NODE_22670_length_5254_cov_4.359651	4551	4684	19	12	133	0.0902256
NODE_22670_length_5254_cov_4.359651	4551	4684	20	3	133	0.0225564
NODE_22670_length_5254_cov_4.359651	4551	4684	21	3	133	0.0225564
NODE_22670_length_5254_cov_4.359651	4551	4684	22	2	133	0.0150376
NODE_22670_length_5254_cov_4.359651	4551	4684	24	5	133	0.0375940
NODE_22670_length_5254_cov_4.359651	4551	4684	25	4	133	0.0300752
NODE_22670_length_5254_cov_4.359651	4551	4684	26	7	133	0.0526316
NODE_22670_length_5254_cov_4.359651	4551	4684	27	11	133	0.0827068
NODE_22670_length_5254_cov_4.359651	4551	4684	28	3	133	0.0225564
NODE_22670_length_5254_cov_4.359651	4551	4684	29	10	133	0.0751880
NODE_22670_length_5254_cov_4.359651	4551	4684	30	1	133	0.0075188
NODE_22670_length_5254_cov_4.359651	4551	4684	31	1	133	0.0075188
NODE_22670_length_5254_cov_4.359651	4551	4684	32	4	133	0.0300752
NODE_22670_length_5254_cov_4.359651	4551	4684	33	3	133	0.0225564
NODE_22670_length_5254_cov_4.359651	4551	4684	34	4	133	0.0300752
NODE_22670_length_5254_cov_4.359651	4551	4684	35	3	133	0.0225564
NODE_22670_length_5254_cov_4.359651	4551	4684	36	6	133	0.0451128
NODE_226864_length_1092_cov_6.242699	887	1020	7	16	133	0.1203008
NODE_226864_length_1092_cov_6.242699	887	1020	8	14	133	0.1052632
NODE_226864_length_1092_cov_6.242699	887	1020	10	6	133	0.0451128
NODE_226864_length_1092_cov_6.242699	887	1020	12	13	133	0.0977444
NODE_226864_length_1092_cov_6.242699	887	1020	14	1	133	0.0075188
NODE_226864_length_1092_cov_6.242699	887	1020	15	13	133	0.0977444
NODE_226864_length_1092_cov_6.242699	887	1020	16	3	133	0.0225564
NODE_226864_length_1092_cov_6.242699	887	1020	17	25	133	0.1879699
NODE_226864_length_1092_cov_6.242699	887	1020	18	42	133	0.3157895
NODE_226980_length_1092_cov_3.242699	682	815	15	5	133	0.0375940
NODE_226980_length_1092_cov_3.242699	682	815	17	22	133	0.1654135
NODE_226980_length_1092_cov_3.242699	682	815	18	5	133	0.0375940
NODE_226980_length_1092_cov_3.242699	682	815	19	17	133	0.1278196
NODE_226980_length_1092_cov_3.242699	682	815	20	18	133	0.1353384
NODE_226980_length_1092_cov_3.242699	682	815	21	4	133	0.0300752
NODE_226980_length_1092_cov_3.242699	682	815	22	35	133	0.2631579
NODE_226980_length_1092_cov_3.242699	682	815	23	12	133	0.0902256
NODE_226980_length_1092_cov_3.242699	682	815	24	15	133	0.1127820
NODE_22699_length_5252_cov_3.488259	4070	4203	14	5	133	0.0375940
NODE_22699_length_5252_cov_3.488259	4070	4203	15	3	133	0.0225564
NODE_22699_length_5252_cov_3.488259	4070	4203	16	2	133	0.0150376
NODE_22699_length_5252_cov_3.488259	4070	4203	17	3	133	0.0225564
NODE_22699_length_5252_cov_3.488259	4070	4203	18	1	133	0.0075188
NODE_22699_length_5252_cov_3.488259	4070	4203	19	28	133	0.2105263
NODE_22699_length_5252_cov_3.488259	4070	4203	20	17	133	0.1278196
NODE_22699_length_5252_cov_3.488259	4070	4203	21	55	133	0.4135338
NODE_22699_length_5252_cov_3.488259	4070	4203	22	19	133	0.1428571
NODE_226_length_21233_cov_4.064446	9939	10072	1	3	133	0.0225564
NODE_226_length_21233_cov_4.064446	9939	10072	2	19	133	0.1428571
NODE_226_length_21233_cov_4.064446	9939	10072	3	30	133	0.2255639
NODE_226_length_21233_cov_4.064446	9939	10072	5	3	133	0.0225564
NODE_226_length_21233_cov_4.064446	9939	10072	6	1	133	0.0075188
NODE_226_length_21233_cov_4.064446	9939	10072	7	23	133	0.1729323
NODE_226_length_21233_cov_4.064446	9939	10072	8	3	133	0.0225564
NODE_226_length_21233_cov_4.064446	9939	10072	9	1	133	0.0075188
NODE_226_length_21233_cov_4.064446	9939	10072	11	30	133	0.2255639
NODE_226_length_21233_cov_4.064446	9939	10072	12	20	133	0.1503759
NODE_227063_length_1091_cov_6.040323	31	164	7	1	133	0.0075188
NODE_227063_length_1091_cov_6.040323	31	164	8	2	133	0.0150376
NODE_227063_length_1091_cov_6.040323	31	164	10	3	133	0.0225564
NODE_227063_length_1091_cov_6.040323	31	164	11	5	133	0.0375940
NODE_227063_length_1091_cov_6.040323	31	164	12	15	133	0.1127820
NODE_227063_length_1091_cov_6.040323	31	164	13	1	133	0.0075188
NODE_227063_length_1091_cov_6.040323	31	164	14	17	133	0.1278196
NODE_227063_length_1091_cov_6.040323	31	164	15	31	133	0.2330827
NODE_227063_length_1091_cov_6.040323	31	164	16	23	133	0.1729323
NODE_227063_length_1091_cov_6.040323	31	164	17	35	133	0.2631579
NODE_22717_length_5250_cov_4.496214	2572	2705	2	93	133	0.6992481
NODE_22717_length_5250_cov_4.496214	2572	2705	3	39	133	0.2932331
NODE_22717_length_5250_cov_4.496214	2572	2705	4	1	133	0.0075188
NODE_227278_length_1090_cov_4.266398	519	652	12	5	133	0.0375940
NODE_227278_length_1090_cov_4.266398	519	652	15	1	133	0.0075188
NODE_227278_length_1090_cov_4.266398	519	652	16	39	133	0.2932331
NODE_227278_length_1090_cov_4.266398	519	652	17	17	133	0.1278196
NODE_227278_length_1090_cov_4.266398	519	652	18	37	133	0.2781955
NODE_227278_length_1090_cov_4.266398	519	652	19	17	133	0.1278196
NODE_227278_length_1090_cov_4.266398	519	652	20	17	133	0.1278196
NODE_227358_length_1090_cov_2.930373	116	249	5	16	133	0.1203008
NODE_227358_length_1090_cov_2.930373	116	249	6	58	133	0.4360902
NODE_227358_length_1090_cov_2.930373	116	249	7	59	133	0.4436090
NODE_227738_length_1088_cov_2.823054	143	276	3	1	133	0.0075188
NODE_227738_length_1088_cov_2.823054	143	276	4	13	133	0.0977444
NODE_227738_length_1088_cov_2.823054	143	276	5	10	133	0.0751880
NODE_227738_length_1088_cov_2.823054	143	276	6	6	133	0.0451128
NODE_227738_length_1088_cov_2.823054	143	276	7	6	133	0.0451128
NODE_227738_length_1088_cov_2.823054	143	276	9	2	133	0.0150376
NODE_227738_length_1088_cov_2.823054	143	276	10	7	133	0.0526316
NODE_227738_length_1088_cov_2.823054	143	276	11	16	133	0.1203008
NODE_227738_length_1088_cov_2.823054	143	276	12	3	133	0.0225564
NODE_227738_length_1088_cov_2.823054	143	276	14	12	133	0.0902256
NODE_227738_length_1088_cov_2.823054	143	276	15	18	133	0.1353384
NODE_227738_length_1088_cov_2.823054	143	276	16	13	133	0.0977444
NODE_227738_length_1088_cov_2.823054	143	276	17	26	133	0.1954887
NODE_227799_length_1087_cov_5.397773	461	594	4	4	133	0.0300752
NODE_227799_length_1087_cov_5.397773	461	594	5	12	133	0.0902256
NODE_227799_length_1087_cov_5.397773	461	594	7	25	133	0.1879699
NODE_227799_length_1087_cov_5.397773	461	594	8	18	133	0.1353384
NODE_227799_length_1087_cov_5.397773	461	594	9	32	133	0.2406015
NODE_227799_length_1087_cov_5.397773	461	594	10	42	133	0.3157895
NODE_227866_length_1087_cov_3.553644	328	461	9	4	133	0.0300752
NODE_227866_length_1087_cov_3.553644	328	461	10	1	133	0.0075188
NODE_227866_length_1087_cov_3.553644	328	461	11	2	133	0.0150376
NODE_227866_length_1087_cov_3.553644	328	461	13	11	133	0.0827068
NODE_227866_length_1087_cov_3.553644	328	461	14	6	133	0.0451128
NODE_227866_length_1087_cov_3.553644	328	461	15	3	133	0.0225564
NODE_227866_length_1087_cov_3.553644	328	461	17	1	133	0.0075188
NODE_227866_length_1087_cov_3.553644	328	461	19	27	133	0.2030075
NODE_227866_length_1087_cov_3.553644	328	461	20	10	133	0.0751880
NODE_227866_length_1087_cov_3.553644	328	461	21	46	133	0.3458647
NODE_227866_length_1087_cov_3.553644	328	461	22	19	133	0.1428571
NODE_227866_length_1087_cov_3.553644	328	461	23	3	133	0.0225564
NODE_228039_length_1086_cov_3.630193	781	914	0	22	133	0.1654135
NODE_228039_length_1086_cov_3.630193	781	914	1	41	133	0.3082707
NODE_228039_length_1086_cov_3.630193	781	914	2	9	133	0.0676692
NODE_228039_length_1086_cov_3.630193	781	914	3	61	133	0.4586466
NODE_228113_length_1086_cov_2.808511	78	211	1	6	133	0.0451128
NODE_228113_length_1086_cov_2.808511	78	211	2	51	133	0.3834586
NODE_228113_length_1086_cov_2.808511	78	211	4	34	133	0.2556391
NODE_228113_length_1086_cov_2.808511	78	211	5	3	133	0.0225564
NODE_228113_length_1086_cov_2.808511	78	211	6	39	133	0.2932331
NODE_228137_length_1086_cov_2.335360	409	542	5	11	133	0.0827068
NODE_228137_length_1086_cov_2.335360	409	542	6	42	133	0.3157895
NODE_228137_length_1086_cov_2.335360	409	542	7	15	133	0.1127820
NODE_228137_length_1086_cov_2.335360	409	542	8	25	133	0.1879699
NODE_228137_length_1086_cov_2.335360	409	542	9	23	133	0.1729323
NODE_228137_length_1086_cov_2.335360	409	542	10	8	133	0.0601504
NODE_228137_length_1086_cov_2.335360	409	542	11	9	133	0.0676692
NODE_22823_length_5237_cov_4.612495	3702	3835	14	12	133	0.0902256
NODE_22823_length_5237_cov_4.612495	3702	3835	16	15	133	0.1127820
NODE_22823_length_5237_cov_4.612495	3702	3835	17	2	133	0.0150376
NODE_22823_length_5237_cov_4.612495	3702	3835	18	5	133	0.0375940
NODE_22823_length_5237_cov_4.612495	3702	3835	19	9	133	0.0676692
NODE_22823_length_5237_cov_4.612495	3702	3835	20	4	133	0.0300752
NODE_22823_length_5237_cov_4.612495	3702	3835	21	47	133	0.3533835
NODE_22823_length_5237_cov_4.612495	3702	3835	22	16	133	0.1203008
NODE_22823_length_5237_cov_4.612495	3702	3835	23	8	133	0.0601504
NODE_22823_length_5237_cov_4.612495	3702	3835	24	5	133	0.0375940
NODE_22823_length_5237_cov_4.612495	3702	3835	25	10	133	0.0751880
NODE_228276_length_1085_cov_3.240365	881	1014	8	6	133	0.0451128
NODE_228276_length_1085_cov_3.240365	881	1014	9	1	133	0.0075188
NODE_228276_length_1085_cov_3.240365	881	1014	10	1	133	0.0075188
NODE_228276_length_1085_cov_3.240365	881	1014	11	6	133	0.0451128
NODE_228276_length_1085_cov_3.240365	881	1014	13	26	133	0.1954887
NODE_228276_length_1085_cov_3.240365	881	1014	14	25	133	0.1879699
NODE_228276_length_1085_cov_3.240365	881	1014	15	15	133	0.1127820
NODE_228276_length_1085_cov_3.240365	881	1014	16	27	133	0.2030075
NODE_228276_length_1085_cov_3.240365	881	1014	17	16	133	0.1203008
NODE_228276_length_1085_cov_3.240365	881	1014	18	4	133	0.0300752
NODE_228276_length_1085_cov_3.240365	881	1014	19	6	133	0.0451128
NODE_22830_length_5236_cov_36.731555	781	914	5	4	133	0.0300752
NODE_22830_length_5236_cov_36.731555	781	914	6	1	133	0.0075188
NODE_22830_length_5236_cov_36.731555	781	914	7	14	133	0.1052632
NODE_22830_length_5236_cov_36.731555	781	914	8	4	133	0.0300752
NODE_22830_length_5236_cov_36.731555	781	914	10	4	133	0.0300752
NODE_22830_length_5236_cov_36.731555	781	914	11	5	133	0.0375940
NODE_22830_length_5236_cov_36.731555	781	914	12	14	133	0.1052632
NODE_22830_length_5236_cov_36.731555	781	914	13	5	133	0.0375940
NODE_22830_length_5236_cov_36.731555	781	914	14	28	133	0.2105263
NODE_22830_length_5236_cov_36.731555	781	914	15	21	133	0.1578947
NODE_22830_length_5236_cov_36.731555	781	914	16	2	133	0.0150376
NODE_22830_length_5236_cov_36.731555	781	914	17	31	133	0.2330827
NODE_228376_length_1084_cov_5.514721	886	1019	0	133	133	1.0000000
NODE_2284_length_11902_cov_4.054817	7240	7373	19	2	133	0.0150376
NODE_2284_length_11902_cov_4.054817	7240	7373	21	5	133	0.0375940
NODE_2284_length_11902_cov_4.054817	7240	7373	22	2	133	0.0150376
NODE_2284_length_11902_cov_4.054817	7240	7373	23	5	133	0.0375940
NODE_2284_length_11902_cov_4.054817	7240	7373	24	5	133	0.0375940
NODE_2284_length_11902_cov_4.054817	7240	7373	25	3	133	0.0225564
NODE_2284_length_11902_cov_4.054817	7240	7373	26	2	133	0.0150376
NODE_2284_length_11902_cov_4.054817	7240	7373	27	2	133	0.0150376
NODE_2284_length_11902_cov_4.054817	7240	7373	28	10	133	0.0751880
NODE_2284_length_11902_cov_4.054817	7240	7373	29	17	133	0.1278196
NODE_2284_length_11902_cov_4.054817	7240	7373	30	22	133	0.1654135
NODE_2284_length_11902_cov_4.054817	7240	7373	31	6	133	0.0451128
NODE_2284_length_11902_cov_4.054817	7240	7373	32	9	133	0.0676692
NODE_2284_length_11902_cov_4.054817	7240	7373	33	1	133	0.0075188
NODE_2284_length_11902_cov_4.054817	7240	7373	34	9	133	0.0676692
NODE_2284_length_11902_cov_4.054817	7240	7373	36	5	133	0.0375940
NODE_2284_length_11902_cov_4.054817	7240	7373	37	21	133	0.1578947
NODE_2284_length_11902_cov_4.054817	7240	7373	38	1	133	0.0075188
NODE_2284_length_11902_cov_4.054817	7240	7373	39	6	133	0.0451128
NODE_22851_length_5234_cov_5.254528	3472	3605	13	4	133	0.0300752
NODE_22851_length_5234_cov_5.254528	3472	3605	15	3	133	0.0225564
NODE_22851_length_5234_cov_5.254528	3472	3605	16	4	133	0.0300752
NODE_22851_length_5234_cov_5.254528	3472	3605	18	2	133	0.0150376
NODE_22851_length_5234_cov_5.254528	3472	3605	19	2	133	0.0150376
NODE_22851_length_5234_cov_5.254528	3472	3605	20	10	133	0.0751880
NODE_22851_length_5234_cov_5.254528	3472	3605	21	10	133	0.0751880
NODE_22851_length_5234_cov_5.254528	3472	3605	22	3	133	0.0225564
NODE_22851_length_5234_cov_5.254528	3472	3605	23	21	133	0.1578947
NODE_22851_length_5234_cov_5.254528	3472	3605	24	6	133	0.0451128
NODE_22851_length_5234_cov_5.254528	3472	3605	25	7	133	0.0526316
NODE_22851_length_5234_cov_5.254528	3472	3605	26	6	133	0.0451128
NODE_22851_length_5234_cov_5.254528	3472	3605	27	9	133	0.0676692
NODE_22851_length_5234_cov_5.254528	3472	3605	28	4	133	0.0300752
NODE_22851_length_5234_cov_5.254528	3472	3605	29	13	133	0.0977444
NODE_22851_length_5234_cov_5.254528	3472	3605	30	24	133	0.1804511
NODE_22851_length_5234_cov_5.254528	3472	3605	31	5	133	0.0375940
NODE_228745_length_1083_cov_2.714431	331	464	2	4	133	0.0300752
NODE_228745_length_1083_cov_2.714431	331	464	3	2	133	0.0150376
NODE_228745_length_1083_cov_2.714431	331	464	6	21	133	0.1578947
NODE_228745_length_1083_cov_2.714431	331	464	7	78	133	0.5864662
NODE_228745_length_1083_cov_2.714431	331	464	8	28	133	0.2105263
NODE_22879_length_5231_cov_4.379579	3897	4030	18	4	133	0.0300752
NODE_22879_length_5231_cov_4.379579	3897	4030	19	20	133	0.1503759
NODE_22879_length_5231_cov_4.379579	3897	4030	20	3	133	0.0225564
NODE_22879_length_5231_cov_4.379579	3897	4030	21	11	133	0.0827068
NODE_22879_length_5231_cov_4.379579	3897	4030	22	13	133	0.0977444
NODE_22879_length_5231_cov_4.379579	3897	4030	23	35	133	0.2631579
NODE_22879_length_5231_cov_4.379579	3897	4030	24	13	133	0.0977444
NODE_22879_length_5231_cov_4.379579	3897	4030	25	3	133	0.0225564
NODE_22879_length_5231_cov_4.379579	3897	4030	26	16	133	0.1203008
NODE_22879_length_5231_cov_4.379579	3897	4030	27	13	133	0.0977444
NODE_22879_length_5231_cov_4.379579	3897	4030	28	2	133	0.0150376
NODE_229127_length_1081_cov_2.267821	931	1064	9	2	133	0.0150376
NODE_229127_length_1081_cov_2.267821	931	1064	10	3	133	0.0225564
NODE_229127_length_1081_cov_2.267821	931	1064	11	14	133	0.1052632
NODE_229127_length_1081_cov_2.267821	931	1064	15	16	133	0.1203008
NODE_229127_length_1081_cov_2.267821	931	1064	16	13	133	0.0977444
NODE_229127_length_1081_cov_2.267821	931	1064	17	1	133	0.0075188
NODE_229127_length_1081_cov_2.267821	931	1064	18	2	133	0.0150376
NODE_229127_length_1081_cov_2.267821	931	1064	19	14	133	0.1052632
NODE_229127_length_1081_cov_2.267821	931	1064	21	4	133	0.0300752
NODE_229127_length_1081_cov_2.267821	931	1064	22	18	133	0.1353384
NODE_229127_length_1081_cov_2.267821	931	1064	23	30	133	0.2255639
NODE_229127_length_1081_cov_2.267821	931	1064	25	15	133	0.1127820
NODE_229127_length_1081_cov_2.267821	931	1064	26	1	133	0.0075188
NODE_229301_length_1080_cov_2.937819	20	153	0	27	133	0.2030075
NODE_229301_length_1080_cov_2.937819	20	153	2	29	133	0.2180451
NODE_229301_length_1080_cov_2.937819	20	153	3	28	133	0.2105263
NODE_229301_length_1080_cov_2.937819	20	153	4	5	133	0.0375940
NODE_229301_length_1080_cov_2.937819	20	153	6	31	133	0.2330827
NODE_229301_length_1080_cov_2.937819	20	153	7	1	133	0.0075188
NODE_229301_length_1080_cov_2.937819	20	153	8	12	133	0.0902256
NODE_229420_length_1079_cov_4.360204	593	726	19	4	133	0.0300752
NODE_229420_length_1079_cov_4.360204	593	726	20	4	133	0.0300752
NODE_229420_length_1079_cov_4.360204	593	726	22	2	133	0.0150376
NODE_229420_length_1079_cov_4.360204	593	726	23	1	133	0.0075188
NODE_229420_length_1079_cov_4.360204	593	726	26	3	133	0.0225564
NODE_229420_length_1079_cov_4.360204	593	726	27	6	133	0.0451128
NODE_229420_length_1079_cov_4.360204	593	726	28	2	133	0.0150376
NODE_229420_length_1079_cov_4.360204	593	726	30	4	133	0.0300752
NODE_229420_length_1079_cov_4.360204	593	726	31	22	133	0.1654135
NODE_229420_length_1079_cov_4.360204	593	726	32	12	133	0.0902256
NODE_229420_length_1079_cov_4.360204	593	726	33	18	133	0.1353384
NODE_229420_length_1079_cov_4.360204	593	726	34	7	133	0.0526316
NODE_229420_length_1079_cov_4.360204	593	726	35	21	133	0.1578947
NODE_229420_length_1079_cov_4.360204	593	726	36	22	133	0.1654135
NODE_229420_length_1079_cov_4.360204	593	726	37	3	133	0.0225564
NODE_229420_length_1079_cov_4.360204	593	726	38	2	133	0.0150376
NODE_22942_length_5223_cov_4.872170	4365	4498	23	3	133	0.0225564
NODE_22942_length_5223_cov_4.872170	4365	4498	24	13	133	0.0977444
NODE_22942_length_5223_cov_4.872170	4365	4498	25	2	133	0.0150376
NODE_22942_length_5223_cov_4.872170	4365	4498	26	5	133	0.0375940
NODE_22942_length_5223_cov_4.872170	4365	4498	28	8	133	0.0601504
NODE_22942_length_5223_cov_4.872170	4365	4498	29	2	133	0.0150376
NODE_22942_length_5223_cov_4.872170	4365	4498	30	7	133	0.0526316
NODE_22942_length_5223_cov_4.872170	4365	4498	31	8	133	0.0601504
NODE_22942_length_5223_cov_4.872170	4365	4498	32	6	133	0.0451128
NODE_22942_length_5223_cov_4.872170	4365	4498	33	20	133	0.1503759
NODE_22942_length_5223_cov_4.872170	4365	4498	34	32	133	0.2406015
NODE_22942_length_5223_cov_4.872170	4365	4498	35	25	133	0.1879699
NODE_22942_length_5223_cov_4.872170	4365	4498	36	2	133	0.0150376
NODE_229460_length_1079_cov_3.495918	610	743	7	8	133	0.0601504
NODE_229460_length_1079_cov_3.495918	610	743	9	2	133	0.0150376
NODE_229460_length_1079_cov_3.495918	610	743	12	2	133	0.0150376
NODE_229460_length_1079_cov_3.495918	610	743	13	13	133	0.0977444
NODE_229460_length_1079_cov_3.495918	610	743	14	19	133	0.1428571
NODE_229460_length_1079_cov_3.495918	610	743	15	3	133	0.0225564
NODE_229460_length_1079_cov_3.495918	610	743	17	4	133	0.0300752
NODE_229460_length_1079_cov_3.495918	610	743	20	3	133	0.0225564
NODE_229460_length_1079_cov_3.495918	610	743	21	7	133	0.0526316
NODE_229460_length_1079_cov_3.495918	610	743	22	11	133	0.0827068
NODE_229460_length_1079_cov_3.495918	610	743	23	12	133	0.0902256
NODE_229460_length_1079_cov_3.495918	610	743	24	27	133	0.2030075
NODE_229460_length_1079_cov_3.495918	610	743	25	19	133	0.1428571
NODE_229460_length_1079_cov_3.495918	610	743	26	3	133	0.0225564
NODE_229544_length_1079_cov_2.341837	470	603	17	11	133	0.0827068
NODE_229544_length_1079_cov_2.341837	470	603	18	2	133	0.0150376
NODE_229544_length_1079_cov_2.341837	470	603	20	6	133	0.0451128
NODE_229544_length_1079_cov_2.341837	470	603	21	8	133	0.0601504
NODE_229544_length_1079_cov_2.341837	470	603	22	10	133	0.0751880
NODE_229544_length_1079_cov_2.341837	470	603	23	6	133	0.0451128
NODE_229544_length_1079_cov_2.341837	470	603	24	4	133	0.0300752
NODE_229544_length_1079_cov_2.341837	470	603	25	11	133	0.0827068
NODE_229544_length_1079_cov_2.341837	470	603	26	1	133	0.0075188
NODE_229544_length_1079_cov_2.341837	470	603	27	18	133	0.1353384
NODE_229544_length_1079_cov_2.341837	470	603	28	2	133	0.0150376
NODE_229544_length_1079_cov_2.341837	470	603	29	5	133	0.0375940
NODE_229544_length_1079_cov_2.341837	470	603	30	14	133	0.1052632
NODE_229544_length_1079_cov_2.341837	470	603	31	23	133	0.1729323
NODE_229544_length_1079_cov_2.341837	470	603	32	4	133	0.0300752
NODE_229544_length_1079_cov_2.341837	470	603	33	8	133	0.0601504
NODE_229564_length_1079_cov_1.966327	528	661	3	6	133	0.0451128
NODE_229564_length_1079_cov_1.966327	528	661	4	64	133	0.4812030
NODE_229564_length_1079_cov_1.966327	528	661	5	14	133	0.1052632
NODE_229564_length_1079_cov_1.966327	528	661	6	49	133	0.3684210
NODE_2297_length_11889_cov_9.779729	5377	5510	23	1	133	0.0075188
NODE_2297_length_11889_cov_9.779729	5377	5510	24	7	133	0.0526316
NODE_2297_length_11889_cov_9.779729	5377	5510	25	1	133	0.0075188
NODE_2297_length_11889_cov_9.779729	5377	5510	26	3	133	0.0225564
NODE_2297_length_11889_cov_9.779729	5377	5510	27	7	133	0.0526316
NODE_2297_length_11889_cov_9.779729	5377	5510	29	1	133	0.0075188
NODE_2297_length_11889_cov_9.779729	5377	5510	31	1	133	0.0075188
NODE_2297_length_11889_cov_9.779729	5377	5510	32	3	133	0.0225564
NODE_2297_length_11889_cov_9.779729	5377	5510	33	4	133	0.0300752
NODE_2297_length_11889_cov_9.779729	5377	5510	35	26	133	0.1954887
NODE_2297_length_11889_cov_9.779729	5377	5510	36	5	133	0.0375940
NODE_2297_length_11889_cov_9.779729	5377	5510	37	2	133	0.0150376
NODE_2297_length_11889_cov_9.779729	5377	5510	38	8	133	0.0601504
NODE_2297_length_11889_cov_9.779729	5377	5510	39	12	133	0.0902256
NODE_2297_length_11889_cov_9.779729	5377	5510	40	7	133	0.0526316
NODE_2297_length_11889_cov_9.779729	5377	5510	41	8	133	0.0601504
NODE_2297_length_11889_cov_9.779729	5377	5510	42	5	133	0.0375940
NODE_2297_length_11889_cov_9.779729	5377	5510	43	9	133	0.0676692
NODE_2297_length_11889_cov_9.779729	5377	5510	44	20	133	0.1503759
NODE_2297_length_11889_cov_9.779729	5377	5510	45	3	133	0.0225564
NODE_230073_length_1076_cov_3.497441	813	946	3	64	133	0.4812030
NODE_230073_length_1076_cov_3.497441	813	946	4	3	133	0.0225564
NODE_230073_length_1076_cov_3.497441	813	946	5	60	133	0.4511278
NODE_230073_length_1076_cov_3.497441	813	946	6	4	133	0.0300752
NODE_230073_length_1076_cov_3.497441	813	946	7	2	133	0.0150376
NODE_230093_length_1076_cov_3.195496	152	285	0	5	133	0.0375940
NODE_230093_length_1076_cov_3.195496	152	285	2	11	133	0.0827068
NODE_230093_length_1076_cov_3.195496	152	285	3	16	133	0.1203008
NODE_230093_length_1076_cov_3.195496	152	285	5	101	133	0.7593985
NODE_23013_length_5215_cov_3.868843	1179	1312	3	40	133	0.3007519
NODE_23013_length_5215_cov_3.868843	1179	1312	4	78	133	0.5864662
NODE_23013_length_5215_cov_3.868843	1179	1312	5	15	133	0.1127820
NODE_23042_length_5212_cov_3.667319	1430	1563	7	17	133	0.1278196
NODE_23042_length_5212_cov_3.667319	1430	1563	8	35	133	0.2631579
NODE_23042_length_5212_cov_3.667319	1430	1563	9	21	133	0.1578947
NODE_23042_length_5212_cov_3.667319	1430	1563	10	1	133	0.0075188
NODE_23042_length_5212_cov_3.667319	1430	1563	11	10	133	0.0751880
NODE_23042_length_5212_cov_3.667319	1430	1563	12	23	133	0.1729323
NODE_23042_length_5212_cov_3.667319	1430	1563	13	23	133	0.1729323
NODE_23042_length_5212_cov_3.667319	1430	1563	14	3	133	0.0225564
NODE_230447_length_1074_cov_4.455385	126	259	1	30	133	0.2255639
NODE_230447_length_1074_cov_4.455385	126	259	2	2	133	0.0150376
NODE_230447_length_1074_cov_4.455385	126	259	3	5	133	0.0375940
NODE_230447_length_1074_cov_4.455385	126	259	5	23	133	0.1729323
NODE_230447_length_1074_cov_4.455385	126	259	6	1	133	0.0075188
NODE_230447_length_1074_cov_4.455385	126	259	7	5	133	0.0375940
NODE_230447_length_1074_cov_4.455385	126	259	8	6	133	0.0451128
NODE_230447_length_1074_cov_4.455385	126	259	9	19	133	0.1428571
NODE_230447_length_1074_cov_4.455385	126	259	10	2	133	0.0150376
NODE_230447_length_1074_cov_4.455385	126	259	11	7	133	0.0526316
NODE_230447_length_1074_cov_4.455385	126	259	12	33	133	0.2481203
NODE_230486_length_1074_cov_3.888205	852	985	9	9	133	0.0676692
NODE_230486_length_1074_cov_3.888205	852	985	10	2	133	0.0150376
NODE_230486_length_1074_cov_3.888205	852	985	11	8	133	0.0601504
NODE_230486_length_1074_cov_3.888205	852	985	12	3	133	0.0225564
NODE_230486_length_1074_cov_3.888205	852	985	13	14	133	0.1052632
NODE_230486_length_1074_cov_3.888205	852	985	14	9	133	0.0676692
NODE_230486_length_1074_cov_3.888205	852	985	16	2	133	0.0150376
NODE_230486_length_1074_cov_3.888205	852	985	17	4	133	0.0300752
NODE_230486_length_1074_cov_3.888205	852	985	18	3	133	0.0225564
NODE_230486_length_1074_cov_3.888205	852	985	19	10	133	0.0751880
NODE_230486_length_1074_cov_3.888205	852	985	20	5	133	0.0375940
NODE_230486_length_1074_cov_3.888205	852	985	21	14	133	0.1052632
NODE_230486_length_1074_cov_3.888205	852	985	22	12	133	0.0902256
NODE_230486_length_1074_cov_3.888205	852	985	23	14	133	0.1052632
NODE_230486_length_1074_cov_3.888205	852	985	24	24	133	0.1804511
NODE_230620_length_1073_cov_4.933265	125	258	21	12	133	0.0902256
NODE_230620_length_1073_cov_4.933265	125	258	22	50	133	0.3759398
NODE_230620_length_1073_cov_4.933265	125	258	23	12	133	0.0902256
NODE_230620_length_1073_cov_4.933265	125	258	24	15	133	0.1127820
NODE_230620_length_1073_cov_4.933265	125	258	25	1	133	0.0075188
NODE_230620_length_1073_cov_4.933265	125	258	27	2	133	0.0150376
NODE_230620_length_1073_cov_4.933265	125	258	28	4	133	0.0300752
NODE_230620_length_1073_cov_4.933265	125	258	29	4	133	0.0300752
NODE_230620_length_1073_cov_4.933265	125	258	31	16	133	0.1203008
NODE_230620_length_1073_cov_4.933265	125	258	32	7	133	0.0526316
NODE_230620_length_1073_cov_4.933265	125	258	33	9	133	0.0676692
NODE_230620_length_1073_cov_4.933265	125	258	34	1	133	0.0075188
NODE_230695_length_1073_cov_3.490760	679	812	4	7	133	0.0526316
NODE_230695_length_1073_cov_3.490760	679	812	5	7	133	0.0526316
NODE_230695_length_1073_cov_3.490760	679	812	6	9	133	0.0676692
NODE_230695_length_1073_cov_3.490760	679	812	7	19	133	0.1428571
NODE_230695_length_1073_cov_3.490760	679	812	8	22	133	0.1654135
NODE_230695_length_1073_cov_3.490760	679	812	9	40	133	0.3007519
NODE_230695_length_1073_cov_3.490760	679	812	10	29	133	0.2180451
NODE_23080_length_5207_cov_3.324785	4456	4589	5	7	133	0.0526316
NODE_23080_length_5207_cov_3.324785	4456	4589	6	9	133	0.0676692
NODE_23080_length_5207_cov_3.324785	4456	4589	7	19	133	0.1428571
NODE_23080_length_5207_cov_3.324785	4456	4589	8	71	133	0.5338346
NODE_23080_length_5207_cov_3.324785	4456	4589	9	27	133	0.2030075
NODE_230819_length_1072_cov_5.255910	535	668	2	4	133	0.0300752
NODE_230819_length_1072_cov_5.255910	535	668	3	62	133	0.4661654
NODE_230819_length_1072_cov_5.255910	535	668	4	3	133	0.0225564
NODE_230819_length_1072_cov_5.255910	535	668	5	64	133	0.4812030
NODE_230_length_21129_cov_4.681122	9109	9242	8	5	133	0.0375940
NODE_230_length_21129_cov_4.681122	9109	9242	9	6	133	0.0451128
NODE_230_length_21129_cov_4.681122	9109	9242	10	6	133	0.0451128
NODE_230_length_21129_cov_4.681122	9109	9242	11	27	133	0.2030075
NODE_230_length_21129_cov_4.681122	9109	9242	12	26	133	0.1954887
NODE_230_length_21129_cov_4.681122	9109	9242	13	25	133	0.1879699
NODE_230_length_21129_cov_4.681122	9109	9242	14	23	133	0.1729323
NODE_230_length_21129_cov_4.681122	9109	9242	15	3	133	0.0225564
NODE_230_length_21129_cov_4.681122	9109	9242	16	12	133	0.0902256
NODE_231404_length_1070_cov_1.926880	118	251	1	10	133	0.0751880
NODE_231404_length_1070_cov_1.926880	118	251	3	4	133	0.0300752
NODE_231404_length_1070_cov_1.926880	118	251	4	23	133	0.1729323
NODE_231404_length_1070_cov_1.926880	118	251	5	2	133	0.0150376
NODE_231404_length_1070_cov_1.926880	118	251	9	5	133	0.0375940
NODE_231404_length_1070_cov_1.926880	118	251	10	7	133	0.0526316
NODE_231404_length_1070_cov_1.926880	118	251	12	3	133	0.0225564
NODE_231404_length_1070_cov_1.926880	118	251	14	4	133	0.0300752
NODE_231404_length_1070_cov_1.926880	118	251	16	7	133	0.0526316
NODE_231404_length_1070_cov_1.926880	118	251	18	2	133	0.0150376
NODE_231404_length_1070_cov_1.926880	118	251	22	10	133	0.0751880
NODE_231404_length_1070_cov_1.926880	118	251	24	3	133	0.0225564
NODE_231404_length_1070_cov_1.926880	118	251	26	4	133	0.0300752
NODE_231404_length_1070_cov_1.926880	118	251	28	1	133	0.0075188
NODE_231404_length_1070_cov_1.926880	118	251	29	4	133	0.0300752
NODE_231404_length_1070_cov_1.926880	118	251	30	3	133	0.0225564
NODE_231404_length_1070_cov_1.926880	118	251	32	10	133	0.0751880
NODE_231404_length_1070_cov_1.926880	118	251	33	3	133	0.0225564
NODE_231404_length_1070_cov_1.926880	118	251	34	28	133	0.2105263
NODE_23140_length_5200_cov_4.462066	4403	4536	11	5	133	0.0375940
NODE_23140_length_5200_cov_4.462066	4403	4536	12	28	133	0.2105263
NODE_23140_length_5200_cov_4.462066	4403	4536	13	19	133	0.1428571
NODE_23140_length_5200_cov_4.462066	4403	4536	14	34	133	0.2556391
NODE_23140_length_5200_cov_4.462066	4403	4536	15	27	133	0.2030075
NODE_23140_length_5200_cov_4.462066	4403	4536	16	20	133	0.1503759
NODE_231451_length_1069_cov_4.356701	557	690	15	1	133	0.0075188
NODE_231451_length_1069_cov_4.356701	557	690	16	3	133	0.0225564
NODE_231451_length_1069_cov_4.356701	557	690	17	3	133	0.0225564
NODE_231451_length_1069_cov_4.356701	557	690	19	20	133	0.1503759
NODE_231451_length_1069_cov_4.356701	557	690	20	19	133	0.1428571
NODE_231451_length_1069_cov_4.356701	557	690	21	23	133	0.1729323
NODE_231451_length_1069_cov_4.356701	557	690	22	29	133	0.2180451
NODE_231451_length_1069_cov_4.356701	557	690	23	7	133	0.0526316
NODE_231451_length_1069_cov_4.356701	557	690	24	26	133	0.1954887
NODE_231451_length_1069_cov_4.356701	557	690	25	2	133	0.0150376
NODE_231944_length_1067_cov_2.765496	696	829	3	62	133	0.4661654
NODE_231944_length_1067_cov_2.765496	696	829	4	30	133	0.2255639
NODE_231944_length_1067_cov_2.765496	696	829	5	30	133	0.2255639
NODE_231944_length_1067_cov_2.765496	696	829	6	11	133	0.0827068
NODE_23228_length_5192_cov_4.422344	1118	1251	12	5	133	0.0375940
NODE_23228_length_5192_cov_4.422344	1118	1251	13	5	133	0.0375940
NODE_23228_length_5192_cov_4.422344	1118	1251	16	2	133	0.0150376
NODE_23228_length_5192_cov_4.422344	1118	1251	18	5	133	0.0375940
NODE_23228_length_5192_cov_4.422344	1118	1251	19	1	133	0.0075188
NODE_23228_length_5192_cov_4.422344	1118	1251	20	6	133	0.0451128
NODE_23228_length_5192_cov_4.422344	1118	1251	21	4	133	0.0300752
NODE_23228_length_5192_cov_4.422344	1118	1251	22	35	133	0.2631579
NODE_23228_length_5192_cov_4.422344	1118	1251	23	22	133	0.1654135
NODE_23228_length_5192_cov_4.422344	1118	1251	24	19	133	0.1428571
NODE_23228_length_5192_cov_4.422344	1118	1251	25	20	133	0.1503759
NODE_23228_length_5192_cov_4.422344	1118	1251	26	8	133	0.0601504
NODE_23228_length_5192_cov_4.422344	1118	1251	27	1	133	0.0075188
NODE_2322_length_11848_cov_3.928505	10446	10579	7	17	133	0.1278196
NODE_2322_length_11848_cov_3.928505	10446	10579	8	8	133	0.0601504
NODE_2322_length_11848_cov_3.928505	10446	10579	9	18	133	0.1353384
NODE_2322_length_11848_cov_3.928505	10446	10579	10	9	133	0.0676692
NODE_2322_length_11848_cov_3.928505	10446	10579	11	28	133	0.2105263
NODE_2322_length_11848_cov_3.928505	10446	10579	12	7	133	0.0526316
NODE_2322_length_11848_cov_3.928505	10446	10579	13	41	133	0.3082707
NODE_2322_length_11848_cov_3.928505	10446	10579	14	2	133	0.0150376
NODE_2322_length_11848_cov_3.928505	10446	10579	15	3	133	0.0225564
NODE_232492_length_1064_cov_3.794819	116	249	11	4	133	0.0300752
NODE_232492_length_1064_cov_3.794819	116	249	13	18	133	0.1353384
NODE_232492_length_1064_cov_3.794819	116	249	14	6	133	0.0451128
NODE_232492_length_1064_cov_3.794819	116	249	15	2	133	0.0150376
NODE_232492_length_1064_cov_3.794819	116	249	18	8	133	0.0601504
NODE_232492_length_1064_cov_3.794819	116	249	20	6	133	0.0451128
NODE_232492_length_1064_cov_3.794819	116	249	21	10	133	0.0751880
NODE_232492_length_1064_cov_3.794819	116	249	22	2	133	0.0150376
NODE_232492_length_1064_cov_3.794819	116	249	23	1	133	0.0075188
NODE_232492_length_1064_cov_3.794819	116	249	24	1	133	0.0075188
NODE_232492_length_1064_cov_3.794819	116	249	26	4	133	0.0300752
NODE_232492_length_1064_cov_3.794819	116	249	27	7	133	0.0526316
NODE_232492_length_1064_cov_3.794819	116	249	28	15	133	0.1127820
NODE_232492_length_1064_cov_3.794819	116	249	29	13	133	0.0977444
NODE_232492_length_1064_cov_3.794819	116	249	30	5	133	0.0375940
NODE_232492_length_1064_cov_3.794819	116	249	31	5	133	0.0375940
NODE_232492_length_1064_cov_3.794819	116	249	32	10	133	0.0751880
NODE_232492_length_1064_cov_3.794819	116	249	33	14	133	0.1052632
NODE_232492_length_1064_cov_3.794819	116	249	34	1	133	0.0075188
NODE_232492_length_1064_cov_3.794819	116	249	36	1	133	0.0075188
NODE_23251_length_5189_cov_5.496071	226	359	3	19	133	0.1428571
NODE_23251_length_5189_cov_5.496071	226	359	5	17	133	0.1278196
NODE_23251_length_5189_cov_5.496071	226	359	6	14	133	0.1052632
NODE_23251_length_5189_cov_5.496071	226	359	7	1	133	0.0075188
NODE_23251_length_5189_cov_5.496071	226	359	9	34	133	0.2556391
NODE_23251_length_5189_cov_5.496071	226	359	10	14	133	0.1052632
NODE_23251_length_5189_cov_5.496071	226	359	11	34	133	0.2556391
NODE_232605_length_1064_cov_2.303627	732	865	0	35	133	0.2631579
NODE_232605_length_1064_cov_2.303627	732	865	1	74	133	0.5563910
NODE_232605_length_1064_cov_2.303627	732	865	2	8	133	0.0601504
NODE_232605_length_1064_cov_2.303627	732	865	3	16	133	0.1203008
NODE_232657_length_1063_cov_5.147303	553	686	0	18	133	0.1353384
NODE_232657_length_1063_cov_5.147303	553	686	1	91	133	0.6842105
NODE_232657_length_1063_cov_5.147303	553	686	2	24	133	0.1804511
NODE_232723_length_1063_cov_3.731328	134	267	12	4	133	0.0300752
NODE_232723_length_1063_cov_3.731328	134	267	14	3	133	0.0225564
NODE_232723_length_1063_cov_3.731328	134	267	16	4	133	0.0300752
NODE_232723_length_1063_cov_3.731328	134	267	17	3	133	0.0225564
NODE_232723_length_1063_cov_3.731328	134	267	18	19	133	0.1428571
NODE_232723_length_1063_cov_3.731328	134	267	19	30	133	0.2255639
NODE_232723_length_1063_cov_3.731328	134	267	20	27	133	0.2030075
NODE_232723_length_1063_cov_3.731328	134	267	21	6	133	0.0451128
NODE_232723_length_1063_cov_3.731328	134	267	22	12	133	0.0902256
NODE_232723_length_1063_cov_3.731328	134	267	23	10	133	0.0751880
NODE_232723_length_1063_cov_3.731328	134	267	24	14	133	0.1052632
NODE_232723_length_1063_cov_3.731328	134	267	25	1	133	0.0075188
NODE_233066_length_1061_cov_9.522869	36	169	0	133	133	1.0000000
NODE_233089_length_1061_cov_4.992723	780	913	18	3	133	0.0225564
NODE_233089_length_1061_cov_4.992723	780	913	19	8	133	0.0601504
NODE_233089_length_1061_cov_4.992723	780	913	20	4	133	0.0300752
NODE_233089_length_1061_cov_4.992723	780	913	21	4	133	0.0300752
NODE_233089_length_1061_cov_4.992723	780	913	23	1	133	0.0075188
NODE_233089_length_1061_cov_4.992723	780	913	24	1	133	0.0075188
NODE_233089_length_1061_cov_4.992723	780	913	25	2	133	0.0150376
NODE_233089_length_1061_cov_4.992723	780	913	26	11	133	0.0827068
NODE_233089_length_1061_cov_4.992723	780	913	27	3	133	0.0225564
NODE_233089_length_1061_cov_4.992723	780	913	28	8	133	0.0601504
NODE_233089_length_1061_cov_4.992723	780	913	29	35	133	0.2631579
NODE_233089_length_1061_cov_4.992723	780	913	30	28	133	0.2105263
NODE_233089_length_1061_cov_4.992723	780	913	32	14	133	0.1052632
NODE_233089_length_1061_cov_4.992723	780	913	33	11	133	0.0827068
NODE_23317_length_5183_cov_4.638277	3801	3934	3	34	133	0.2556391
NODE_23317_length_5183_cov_4.638277	3801	3934	4	40	133	0.3007519
NODE_23317_length_5183_cov_4.638277	3801	3934	5	35	133	0.2631579
NODE_23317_length_5183_cov_4.638277	3801	3934	6	24	133	0.1804511
NODE_2331_length_11832_cov_8.637433	6665	6798	0	133	133	1.0000000
NODE_233219_length_1061_cov_2.535343	933	1066	0	133	133	1.0000000
NODE_233246_length_1061_cov_1.825364	168	301	1	3	133	0.0225564
NODE_233246_length_1061_cov_1.825364	168	301	2	68	133	0.5112782
NODE_233246_length_1061_cov_1.825364	168	301	3	55	133	0.4135338
NODE_233246_length_1061_cov_1.825364	168	301	4	7	133	0.0526316
NODE_233466_length_1059_cov_4.638542	365	498	11	4	133	0.0300752
NODE_233466_length_1059_cov_4.638542	365	498	13	1	133	0.0075188
NODE_233466_length_1059_cov_4.638542	365	498	16	7	133	0.0526316
NODE_233466_length_1059_cov_4.638542	365	498	17	10	133	0.0751880
NODE_233466_length_1059_cov_4.638542	365	498	18	5	133	0.0375940
NODE_233466_length_1059_cov_4.638542	365	498	19	1	133	0.0075188
NODE_233466_length_1059_cov_4.638542	365	498	20	7	133	0.0526316
NODE_233466_length_1059_cov_4.638542	365	498	21	16	133	0.1203008
NODE_233466_length_1059_cov_4.638542	365	498	22	18	133	0.1353384
NODE_233466_length_1059_cov_4.638542	365	498	23	2	133	0.0150376
NODE_233466_length_1059_cov_4.638542	365	498	24	12	133	0.0902256
NODE_233466_length_1059_cov_4.638542	365	498	25	3	133	0.0225564
NODE_233466_length_1059_cov_4.638542	365	498	26	19	133	0.1428571
NODE_233466_length_1059_cov_4.638542	365	498	27	2	133	0.0150376
NODE_233466_length_1059_cov_4.638542	365	498	28	16	133	0.1203008
NODE_233466_length_1059_cov_4.638542	365	498	29	10	133	0.0751880
NODE_23346_length_5180_cov_5.827593	4626	4759	2	19	133	0.1428571
NODE_23346_length_5180_cov_5.827593	4626	4759	4	16	133	0.1203008
NODE_23346_length_5180_cov_5.827593	4626	4759	5	18	133	0.1353384
NODE_23346_length_5180_cov_5.827593	4626	4759	7	1	133	0.0075188
NODE_23346_length_5180_cov_5.827593	4626	4759	9	12	133	0.0902256
NODE_23346_length_5180_cov_5.827593	4626	4759	10	25	133	0.1879699
NODE_23346_length_5180_cov_5.827593	4626	4759	11	11	133	0.0827068
NODE_23346_length_5180_cov_5.827593	4626	4759	12	31	133	0.2330827
NODE_2335_length_11829_cov_3.997698	5041	5174	1	52	133	0.3909774
NODE_2335_length_11829_cov_3.997698	5041	5174	2	6	133	0.0451128
NODE_2335_length_11829_cov_3.997698	5041	5174	3	22	133	0.1654135
NODE_2335_length_11829_cov_3.997698	5041	5174	4	2	133	0.0150376
NODE_2335_length_11829_cov_3.997698	5041	5174	5	9	133	0.0676692
NODE_2335_length_11829_cov_3.997698	5041	5174	6	28	133	0.2105263
NODE_2335_length_11829_cov_3.997698	5041	5174	8	14	133	0.1052632
NODE_23361_length_5178_cov_4.478441	4771	4904	0	133	133	1.0000000
NODE_233676_length_1058_cov_5.070907	593	726	4	15	133	0.1127820
NODE_233676_length_1058_cov_5.070907	593	726	6	2	133	0.0150376
NODE_233676_length_1058_cov_5.070907	593	726	7	25	133	0.1879699
NODE_233676_length_1058_cov_5.070907	593	726	8	34	133	0.2556391
NODE_233676_length_1058_cov_5.070907	593	726	9	6	133	0.0451128
NODE_233676_length_1058_cov_5.070907	593	726	10	51	133	0.3834586
NODE_23373_length_5177_cov_4.783773	1059	1192	0	133	133	1.0000000
NODE_23419_length_5172_cov_4.309482	520	653	3	15	133	0.1127820
NODE_23419_length_5172_cov_4.309482	520	653	4	22	133	0.1654135
NODE_23419_length_5172_cov_4.309482	520	653	5	15	133	0.1127820
NODE_23419_length_5172_cov_4.309482	520	653	7	23	133	0.1729323
NODE_23419_length_5172_cov_4.309482	520	653	8	47	133	0.3533835
NODE_23419_length_5172_cov_4.309482	520	653	9	11	133	0.0827068
NODE_234263_length_1056_cov_2.145246	155	288	28	19	133	0.1428571
NODE_234263_length_1056_cov_2.145246	155	288	29	7	133	0.0526316
NODE_234263_length_1056_cov_2.145246	155	288	30	10	133	0.0751880
NODE_234263_length_1056_cov_2.145246	155	288	31	21	133	0.1578947
NODE_234263_length_1056_cov_2.145246	155	288	32	9	133	0.0676692
NODE_234263_length_1056_cov_2.145246	155	288	33	17	133	0.1278196
NODE_234263_length_1056_cov_2.145246	155	288	34	9	133	0.0676692
NODE_234263_length_1056_cov_2.145246	155	288	35	16	133	0.1203008
NODE_234263_length_1056_cov_2.145246	155	288	36	13	133	0.0977444
NODE_234263_length_1056_cov_2.145246	155	288	37	10	133	0.0751880
NODE_234263_length_1056_cov_2.145246	155	288	38	2	133	0.0150376
NODE_23432_length_5171_cov_3.683754	2181	2314	4	9	133	0.0676692
NODE_23432_length_5171_cov_3.683754	2181	2314	6	13	133	0.0977444
NODE_23432_length_5171_cov_3.683754	2181	2314	7	8	133	0.0601504
NODE_23432_length_5171_cov_3.683754	2181	2314	8	31	133	0.2330827
NODE_23432_length_5171_cov_3.683754	2181	2314	9	46	133	0.3458647
NODE_23432_length_5171_cov_3.683754	2181	2314	10	26	133	0.1954887
NODE_23440_length_5170_cov_5.364425	620	753	3	6	133	0.0451128
NODE_23440_length_5170_cov_5.364425	620	753	4	18	133	0.1353384
NODE_23440_length_5170_cov_5.364425	620	753	5	54	133	0.4060150
NODE_23440_length_5170_cov_5.364425	620	753	6	44	133	0.3308271
NODE_23440_length_5170_cov_5.364425	620	753	7	11	133	0.0827068
NODE_23463_length_5169_cov_3.763116	3569	3702	6	2	133	0.0150376
NODE_23463_length_5169_cov_3.763116	3569	3702	7	14	133	0.1052632
NODE_23463_length_5169_cov_3.763116	3569	3702	10	5	133	0.0375940
NODE_23463_length_5169_cov_3.763116	3569	3702	11	21	133	0.1578947
NODE_23463_length_5169_cov_3.763116	3569	3702	12	3	133	0.0225564
NODE_23463_length_5169_cov_3.763116	3569	3702	13	31	133	0.2330827
NODE_23463_length_5169_cov_3.763116	3569	3702	14	11	133	0.0827068
NODE_23463_length_5169_cov_3.763116	3569	3702	15	12	133	0.0902256
NODE_23463_length_5169_cov_3.763116	3569	3702	16	22	133	0.1654135
NODE_23463_length_5169_cov_3.763116	3569	3702	17	12	133	0.0902256
NODE_23470_length_5167_cov_4.683899	4882	5015	2	7	133	0.0526316
NODE_23470_length_5167_cov_4.683899	4882	5015	3	1	133	0.0075188
NODE_23470_length_5167_cov_4.683899	4882	5015	4	7	133	0.0526316
NODE_23470_length_5167_cov_4.683899	4882	5015	5	9	133	0.0676692
NODE_23470_length_5167_cov_4.683899	4882	5015	6	53	133	0.3984962
NODE_23470_length_5167_cov_4.683899	4882	5015	7	54	133	0.4060150
NODE_23470_length_5167_cov_4.683899	4882	5015	8	2	133	0.0150376
NODE_23478_length_5166_cov_3.896980	2773	2906	8	11	133	0.0827068
NODE_23478_length_5166_cov_3.896980	2773	2906	9	23	133	0.1729323
NODE_23478_length_5166_cov_3.896980	2773	2906	10	23	133	0.1729323
NODE_23478_length_5166_cov_3.896980	2773	2906	11	30	133	0.2255639
NODE_23478_length_5166_cov_3.896980	2773	2906	12	11	133	0.0827068
NODE_23478_length_5166_cov_3.896980	2773	2906	13	23	133	0.1729323
NODE_23478_length_5166_cov_3.896980	2773	2906	14	12	133	0.0902256
NODE_235095_length_1052_cov_2.219307	430	563	6	14	133	0.1052632
NODE_235095_length_1052_cov_2.219307	430	563	7	13	133	0.0977444
NODE_235095_length_1052_cov_2.219307	430	563	8	69	133	0.5187970
NODE_235095_length_1052_cov_2.219307	430	563	9	24	133	0.1804511
NODE_235095_length_1052_cov_2.219307	430	563	10	13	133	0.0977444
NODE_235148_length_1051_cov_4.728992	302	435	0	64	133	0.4812030
NODE_235148_length_1051_cov_4.728992	302	435	2	6	133	0.0451128
NODE_235148_length_1051_cov_4.728992	302	435	4	17	133	0.1278196
NODE_235148_length_1051_cov_4.728992	302	435	5	46	133	0.3458647
NODE_23521_length_5162_cov_4.670749	2816	2949	10	5	133	0.0375940
NODE_23521_length_5162_cov_4.670749	2816	2949	11	6	133	0.0451128
NODE_23521_length_5162_cov_4.670749	2816	2949	12	3	133	0.0225564
NODE_23521_length_5162_cov_4.670749	2816	2949	13	11	133	0.0827068
NODE_23521_length_5162_cov_4.670749	2816	2949	14	4	133	0.0300752
NODE_23521_length_5162_cov_4.670749	2816	2949	15	5	133	0.0375940
NODE_23521_length_5162_cov_4.670749	2816	2949	16	2	133	0.0150376
NODE_23521_length_5162_cov_4.670749	2816	2949	17	2	133	0.0150376
NODE_23521_length_5162_cov_4.670749	2816	2949	18	4	133	0.0300752
NODE_23521_length_5162_cov_4.670749	2816	2949	19	3	133	0.0225564
NODE_23521_length_5162_cov_4.670749	2816	2949	20	5	133	0.0375940
NODE_23521_length_5162_cov_4.670749	2816	2949	21	2	133	0.0150376
NODE_23521_length_5162_cov_4.670749	2816	2949	22	5	133	0.0375940
NODE_23521_length_5162_cov_4.670749	2816	2949	23	19	133	0.1428571
NODE_23521_length_5162_cov_4.670749	2816	2949	24	7	133	0.0526316
NODE_23521_length_5162_cov_4.670749	2816	2949	25	38	133	0.2857143
NODE_23521_length_5162_cov_4.670749	2816	2949	26	12	133	0.0902256
NODE_235447_length_1050_cov_2.972660	429	562	19	3	133	0.0225564
NODE_235447_length_1050_cov_2.972660	429	562	20	6	133	0.0451128
NODE_235447_length_1050_cov_2.972660	429	562	21	14	133	0.1052632
NODE_235447_length_1050_cov_2.972660	429	562	22	2	133	0.0150376
NODE_235447_length_1050_cov_2.972660	429	562	23	7	133	0.0526316
NODE_235447_length_1050_cov_2.972660	429	562	24	7	133	0.0526316
NODE_235447_length_1050_cov_2.972660	429	562	25	1	133	0.0075188
NODE_235447_length_1050_cov_2.972660	429	562	26	3	133	0.0225564
NODE_235447_length_1050_cov_2.972660	429	562	27	7	133	0.0526316
NODE_235447_length_1050_cov_2.972660	429	562	28	3	133	0.0225564
NODE_235447_length_1050_cov_2.972660	429	562	29	4	133	0.0300752
NODE_235447_length_1050_cov_2.972660	429	562	30	6	133	0.0451128
NODE_235447_length_1050_cov_2.972660	429	562	31	25	133	0.1879699
NODE_235447_length_1050_cov_2.972660	429	562	32	31	133	0.2330827
NODE_235447_length_1050_cov_2.972660	429	562	33	14	133	0.1052632
NODE_235653_length_1049_cov_2.996842	819	952	12	1	133	0.0075188
NODE_235653_length_1049_cov_2.996842	819	952	13	10	133	0.0751880
NODE_235653_length_1049_cov_2.996842	819	952	14	7	133	0.0526316
NODE_235653_length_1049_cov_2.996842	819	952	15	5	133	0.0375940
NODE_235653_length_1049_cov_2.996842	819	952	16	3	133	0.0225564
NODE_235653_length_1049_cov_2.996842	819	952	17	18	133	0.1353384
NODE_235653_length_1049_cov_2.996842	819	952	18	5	133	0.0375940
NODE_235653_length_1049_cov_2.996842	819	952	19	27	133	0.2030075
NODE_235653_length_1049_cov_2.996842	819	952	20	19	133	0.1428571
NODE_235653_length_1049_cov_2.996842	819	952	21	2	133	0.0150376
NODE_235653_length_1049_cov_2.996842	819	952	22	6	133	0.0451128
NODE_235653_length_1049_cov_2.996842	819	952	23	30	133	0.2255639
NODE_235738_length_1048_cov_5.243414	517	650	10	10	133	0.0751880
NODE_235738_length_1048_cov_5.243414	517	650	11	22	133	0.1654135
NODE_235738_length_1048_cov_5.243414	517	650	12	15	133	0.1127820
NODE_235738_length_1048_cov_5.243414	517	650	13	1	133	0.0075188
NODE_235738_length_1048_cov_5.243414	517	650	15	23	133	0.1729323
NODE_235738_length_1048_cov_5.243414	517	650	16	14	133	0.1052632
NODE_235738_length_1048_cov_5.243414	517	650	17	15	133	0.1127820
NODE_235738_length_1048_cov_5.243414	517	650	18	5	133	0.0375940
NODE_235738_length_1048_cov_5.243414	517	650	19	23	133	0.1729323
NODE_235738_length_1048_cov_5.243414	517	650	20	5	133	0.0375940
NODE_235757_length_1048_cov_4.811380	135	268	30	3	133	0.0225564
NODE_235757_length_1048_cov_4.811380	135	268	31	1	133	0.0075188
NODE_235757_length_1048_cov_4.811380	135	268	32	10	133	0.0751880
NODE_235757_length_1048_cov_4.811380	135	268	33	1	133	0.0075188
NODE_235757_length_1048_cov_4.811380	135	268	34	4	133	0.0300752
NODE_235757_length_1048_cov_4.811380	135	268	35	1	133	0.0075188
NODE_235757_length_1048_cov_4.811380	135	268	36	1	133	0.0075188
NODE_235757_length_1048_cov_4.811380	135	268	38	1	133	0.0075188
NODE_235757_length_1048_cov_4.811380	135	268	40	10	133	0.0751880
NODE_235757_length_1048_cov_4.811380	135	268	41	3	133	0.0225564
NODE_235757_length_1048_cov_4.811380	135	268	42	1	133	0.0075188
NODE_235757_length_1048_cov_4.811380	135	268	44	1	133	0.0075188
NODE_235757_length_1048_cov_4.811380	135	268	46	2	133	0.0150376
NODE_235757_length_1048_cov_4.811380	135	268	47	1	133	0.0075188
NODE_235757_length_1048_cov_4.811380	135	268	49	1	133	0.0075188
NODE_235757_length_1048_cov_4.811380	135	268	50	9	133	0.0676692
NODE_235757_length_1048_cov_4.811380	135	268	51	3	133	0.0225564
NODE_235757_length_1048_cov_4.811380	135	268	52	2	133	0.0150376
NODE_235757_length_1048_cov_4.811380	135	268	53	1	133	0.0075188
NODE_235757_length_1048_cov_4.811380	135	268	58	6	133	0.0451128
NODE_235757_length_1048_cov_4.811380	135	268	67	1	133	0.0075188
NODE_235757_length_1048_cov_4.811380	135	268	69	4	133	0.0300752
NODE_235757_length_1048_cov_4.811380	135	268	71	1	133	0.0075188
NODE_235757_length_1048_cov_4.811380	135	268	73	2	133	0.0150376
NODE_235757_length_1048_cov_4.811380	135	268	76	5	133	0.0375940
NODE_235757_length_1048_cov_4.811380	135	268	77	2	133	0.0150376
NODE_235757_length_1048_cov_4.811380	135	268	79	1	133	0.0075188
NODE_235757_length_1048_cov_4.811380	135	268	80	2	133	0.0150376
NODE_235757_length_1048_cov_4.811380	135	268	83	1	133	0.0075188
NODE_235757_length_1048_cov_4.811380	135	268	87	3	133	0.0225564
NODE_235757_length_1048_cov_4.811380	135	268	88	1	133	0.0075188
NODE_235757_length_1048_cov_4.811380	135	268	89	4	133	0.0300752
NODE_235757_length_1048_cov_4.811380	135	268	90	4	133	0.0300752
NODE_235757_length_1048_cov_4.811380	135	268	93	2	133	0.0150376
NODE_235757_length_1048_cov_4.811380	135	268	95	1	133	0.0075188
NODE_235757_length_1048_cov_4.811380	135	268	99	8	133	0.0601504
NODE_235757_length_1048_cov_4.811380	135	268	100	4	133	0.0300752
NODE_235757_length_1048_cov_4.811380	135	268	101	2	133	0.0150376
NODE_235757_length_1048_cov_4.811380	135	268	102	4	133	0.0300752
NODE_235757_length_1048_cov_4.811380	135	268	103	1	133	0.0075188
NODE_235757_length_1048_cov_4.811380	135	268	108	1	133	0.0075188
NODE_235757_length_1048_cov_4.811380	135	268	109	1	133	0.0075188
NODE_235757_length_1048_cov_4.811380	135	268	110	2	133	0.0150376
NODE_235757_length_1048_cov_4.811380	135	268	111	9	133	0.0676692
NODE_235757_length_1048_cov_4.811380	135	268	112	1	133	0.0075188
NODE_235757_length_1048_cov_4.811380	135	268	113	2	133	0.0150376
NODE_235757_length_1048_cov_4.811380	135	268	114	1	133	0.0075188
NODE_235757_length_1048_cov_4.811380	135	268	115	1	133	0.0075188
NODE_235817_length_1048_cov_3.576396	298	431	17	7	133	0.0526316
NODE_235817_length_1048_cov_3.576396	298	431	18	3	133	0.0225564
NODE_235817_length_1048_cov_3.576396	298	431	19	3	133	0.0225564
NODE_235817_length_1048_cov_3.576396	298	431	20	4	133	0.0300752
NODE_235817_length_1048_cov_3.576396	298	431	21	3	133	0.0225564
NODE_235817_length_1048_cov_3.576396	298	431	22	1	133	0.0075188
NODE_235817_length_1048_cov_3.576396	298	431	23	2	133	0.0150376
NODE_235817_length_1048_cov_3.576396	298	431	24	22	133	0.1654135
NODE_235817_length_1048_cov_3.576396	298	431	25	8	133	0.0601504
NODE_235817_length_1048_cov_3.576396	298	431	26	20	133	0.1503759
NODE_235817_length_1048_cov_3.576396	298	431	27	22	133	0.1654135
NODE_235817_length_1048_cov_3.576396	298	431	28	14	133	0.1052632
NODE_235817_length_1048_cov_3.576396	298	431	29	13	133	0.0977444
NODE_235817_length_1048_cov_3.576396	298	431	30	11	133	0.0827068
NODE_23583_length_5156_cov_3.746490	2419	2552	32	5	133	0.0375940
NODE_23583_length_5156_cov_3.746490	2419	2552	33	7	133	0.0526316
NODE_23583_length_5156_cov_3.746490	2419	2552	34	10	133	0.0751880
NODE_23583_length_5156_cov_3.746490	2419	2552	35	8	133	0.0601504
NODE_23583_length_5156_cov_3.746490	2419	2552	37	1	133	0.0075188
NODE_23583_length_5156_cov_3.746490	2419	2552	38	6	133	0.0451128
NODE_23583_length_5156_cov_3.746490	2419	2552	39	10	133	0.0751880
NODE_23583_length_5156_cov_3.746490	2419	2552	40	15	133	0.1127820
NODE_23583_length_5156_cov_3.746490	2419	2552	41	5	133	0.0375940
NODE_23583_length_5156_cov_3.746490	2419	2552	42	4	133	0.0300752
NODE_23583_length_5156_cov_3.746490	2419	2552	43	10	133	0.0751880
NODE_23583_length_5156_cov_3.746490	2419	2552	44	2	133	0.0150376
NODE_23583_length_5156_cov_3.746490	2419	2552	45	2	133	0.0150376
NODE_23583_length_5156_cov_3.746490	2419	2552	46	8	133	0.0601504
NODE_23583_length_5156_cov_3.746490	2419	2552	47	5	133	0.0375940
NODE_23583_length_5156_cov_3.746490	2419	2552	48	7	133	0.0526316
NODE_23583_length_5156_cov_3.746490	2419	2552	49	14	133	0.1052632
NODE_23583_length_5156_cov_3.746490	2419	2552	50	4	133	0.0300752
NODE_23583_length_5156_cov_3.746490	2419	2552	51	10	133	0.0751880
NODE_2358_length_11791_cov_4.805679	10423	10556	12	2	133	0.0150376
NODE_2358_length_11791_cov_4.805679	10423	10556	14	5	133	0.0375940
NODE_2358_length_11791_cov_4.805679	10423	10556	15	13	133	0.0977444
NODE_2358_length_11791_cov_4.805679	10423	10556	16	28	133	0.2105263
NODE_2358_length_11791_cov_4.805679	10423	10556	17	30	133	0.2255639
NODE_2358_length_11791_cov_4.805679	10423	10556	18	34	133	0.2556391
NODE_2358_length_11791_cov_4.805679	10423	10556	19	5	133	0.0375940
NODE_2358_length_11791_cov_4.805679	10423	10556	20	4	133	0.0300752
NODE_2358_length_11791_cov_4.805679	10423	10556	21	12	133	0.0902256
NODE_235929_length_1048_cov_2.153846	454	587	14	11	133	0.0827068
NODE_235929_length_1048_cov_2.153846	454	587	15	10	133	0.0751880
NODE_235929_length_1048_cov_2.153846	454	587	16	13	133	0.0977444
NODE_235929_length_1048_cov_2.153846	454	587	17	13	133	0.0977444
NODE_235929_length_1048_cov_2.153846	454	587	18	2	133	0.0150376
NODE_235929_length_1048_cov_2.153846	454	587	20	3	133	0.0225564
NODE_235929_length_1048_cov_2.153846	454	587	21	21	133	0.1578947
NODE_235929_length_1048_cov_2.153846	454	587	22	7	133	0.0526316
NODE_235929_length_1048_cov_2.153846	454	587	23	9	133	0.0676692
NODE_235929_length_1048_cov_2.153846	454	587	24	1	133	0.0075188
NODE_235929_length_1048_cov_2.153846	454	587	25	40	133	0.3007519
NODE_235929_length_1048_cov_2.153846	454	587	26	3	133	0.0225564
NODE_23596_length_5154_cov_4.380218	257	390	4	16	133	0.1203008
NODE_23596_length_5154_cov_4.380218	257	390	5	9	133	0.0676692
NODE_23596_length_5154_cov_4.380218	257	390	6	15	133	0.1127820
NODE_23596_length_5154_cov_4.380218	257	390	7	70	133	0.5263158
NODE_23596_length_5154_cov_4.380218	257	390	8	16	133	0.1203008
NODE_23596_length_5154_cov_4.380218	257	390	9	7	133	0.0526316
NODE_236005_length_1047_cov_3.916667	112	245	6	1	133	0.0075188
NODE_236005_length_1047_cov_3.916667	112	245	7	4	133	0.0300752
NODE_236005_length_1047_cov_3.916667	112	245	8	7	133	0.0526316
NODE_236005_length_1047_cov_3.916667	112	245	9	3	133	0.0225564
NODE_236005_length_1047_cov_3.916667	112	245	10	8	133	0.0601504
NODE_236005_length_1047_cov_3.916667	112	245	11	16	133	0.1203008
NODE_236005_length_1047_cov_3.916667	112	245	12	7	133	0.0526316
NODE_236005_length_1047_cov_3.916667	112	245	13	2	133	0.0150376
NODE_236005_length_1047_cov_3.916667	112	245	14	10	133	0.0751880
NODE_236005_length_1047_cov_3.916667	112	245	15	57	133	0.4285714
NODE_236005_length_1047_cov_3.916667	112	245	16	15	133	0.1127820
NODE_236005_length_1047_cov_3.916667	112	245	17	3	133	0.0225564
NODE_23613_length_5153_cov_3.404630	3099	3232	8	5	133	0.0375940
NODE_23613_length_5153_cov_3.404630	3099	3232	11	8	133	0.0601504
NODE_23613_length_5153_cov_3.404630	3099	3232	12	25	133	0.1879699
NODE_23613_length_5153_cov_3.404630	3099	3232	13	21	133	0.1578947
NODE_23613_length_5153_cov_3.404630	3099	3232	14	21	133	0.1578947
NODE_23613_length_5153_cov_3.404630	3099	3232	15	10	133	0.0751880
NODE_23613_length_5153_cov_3.404630	3099	3232	16	5	133	0.0375940
NODE_23613_length_5153_cov_3.404630	3099	3232	17	6	133	0.0451128
NODE_23613_length_5153_cov_3.404630	3099	3232	18	32	133	0.2406015
NODE_236147_length_1046_cov_5.158395	276	409	1	9	133	0.0676692
NODE_236147_length_1046_cov_5.158395	276	409	2	14	133	0.1052632
NODE_236147_length_1046_cov_5.158395	276	409	3	2	133	0.0150376
NODE_236147_length_1046_cov_5.158395	276	409	4	4	133	0.0300752
NODE_236147_length_1046_cov_5.158395	276	409	6	26	133	0.1954887
NODE_236147_length_1046_cov_5.158395	276	409	7	24	133	0.1804511
NODE_236147_length_1046_cov_5.158395	276	409	8	26	133	0.1954887
NODE_236147_length_1046_cov_5.158395	276	409	9	28	133	0.2105263
NODE_236309_length_1046_cov_2.400211	46	179	7	9	133	0.0676692
NODE_236309_length_1046_cov_2.400211	46	179	9	12	133	0.0902256
NODE_236309_length_1046_cov_2.400211	46	179	10	8	133	0.0601504
NODE_236309_length_1046_cov_2.400211	46	179	11	4	133	0.0300752
NODE_236309_length_1046_cov_2.400211	46	179	12	12	133	0.0902256
NODE_236309_length_1046_cov_2.400211	46	179	13	18	133	0.1353384
NODE_236309_length_1046_cov_2.400211	46	179	14	8	133	0.0601504
NODE_236309_length_1046_cov_2.400211	46	179	15	4	133	0.0300752
NODE_236309_length_1046_cov_2.400211	46	179	16	23	133	0.1729323
NODE_236309_length_1046_cov_2.400211	46	179	17	32	133	0.2406015
NODE_236309_length_1046_cov_2.400211	46	179	18	3	133	0.0225564
NODE_236349_length_1045_cov_5.252643	920	1053	0	8	133	0.0601504
NODE_236349_length_1045_cov_5.252643	920	1053	1	3	133	0.0225564
NODE_236349_length_1045_cov_5.252643	920	1053	4	17	133	0.1278196
NODE_236349_length_1045_cov_5.252643	920	1053	5	3	133	0.0225564
NODE_236349_length_1045_cov_5.252643	920	1053	7	6	133	0.0451128
NODE_236349_length_1045_cov_5.252643	920	1053	8	8	133	0.0601504
NODE_236349_length_1045_cov_5.252643	920	1053	9	2	133	0.0150376
NODE_236349_length_1045_cov_5.252643	920	1053	10	3	133	0.0225564
NODE_236349_length_1045_cov_5.252643	920	1053	11	10	133	0.0751880
NODE_236349_length_1045_cov_5.252643	920	1053	14	3	133	0.0225564
NODE_236349_length_1045_cov_5.252643	920	1053	15	3	133	0.0225564
NODE_236349_length_1045_cov_5.252643	920	1053	16	4	133	0.0300752
NODE_236349_length_1045_cov_5.252643	920	1053	18	3	133	0.0225564
NODE_236349_length_1045_cov_5.252643	920	1053	19	12	133	0.0902256
NODE_236349_length_1045_cov_5.252643	920	1053	20	37	133	0.2781955
NODE_236349_length_1045_cov_5.252643	920	1053	21	5	133	0.0375940
NODE_236349_length_1045_cov_5.252643	920	1053	22	6	133	0.0451128
NODE_23634_length_5151_cov_3.320269	1692	1825	14	4	133	0.0300752
NODE_23634_length_5151_cov_3.320269	1692	1825	15	22	133	0.1654135
NODE_23634_length_5151_cov_3.320269	1692	1825	16	10	133	0.0751880
NODE_23634_length_5151_cov_3.320269	1692	1825	17	24	133	0.1804511
NODE_23634_length_5151_cov_3.320269	1692	1825	18	21	133	0.1578947
NODE_23634_length_5151_cov_3.320269	1692	1825	19	46	133	0.3458647
NODE_23634_length_5151_cov_3.320269	1692	1825	21	6	133	0.0451128
NODE_23643_length_5149_cov_3.784752	3230	3363	2	18	133	0.1353384
NODE_23643_length_5149_cov_3.784752	3230	3363	3	51	133	0.3834586
NODE_23643_length_5149_cov_3.784752	3230	3363	4	64	133	0.4812030
NODE_236478_length_1045_cov_2.921776	545	678	26	1	133	0.0075188
NODE_236478_length_1045_cov_2.921776	545	678	27	7	133	0.0526316
NODE_236478_length_1045_cov_2.921776	545	678	28	2	133	0.0150376
NODE_236478_length_1045_cov_2.921776	545	678	29	9	133	0.0676692
NODE_236478_length_1045_cov_2.921776	545	678	30	3	133	0.0225564
NODE_236478_length_1045_cov_2.921776	545	678	31	15	133	0.1127820
NODE_236478_length_1045_cov_2.921776	545	678	32	9	133	0.0676692
NODE_236478_length_1045_cov_2.921776	545	678	33	14	133	0.1052632
NODE_236478_length_1045_cov_2.921776	545	678	34	6	133	0.0451128
NODE_236478_length_1045_cov_2.921776	545	678	35	23	133	0.1729323
NODE_236478_length_1045_cov_2.921776	545	678	36	32	133	0.2406015
NODE_236478_length_1045_cov_2.921776	545	678	37	8	133	0.0601504
NODE_236478_length_1045_cov_2.921776	545	678	38	4	133	0.0300752
NODE_2364_length_11777_cov_5.157647	5346	5479	3	7	133	0.0526316
NODE_2364_length_11777_cov_5.157647	5346	5479	4	16	133	0.1203008
NODE_2364_length_11777_cov_5.157647	5346	5479	6	9	133	0.0676692
NODE_2364_length_11777_cov_5.157647	5346	5479	7	18	133	0.1353384
NODE_2364_length_11777_cov_5.157647	5346	5479	8	15	133	0.1127820
NODE_2364_length_11777_cov_5.157647	5346	5479	9	68	133	0.5112782
NODE_236537_length_1044_cov_7.322751	530	663	3	12	133	0.0902256
NODE_236537_length_1044_cov_7.322751	530	663	4	32	133	0.2406015
NODE_236537_length_1044_cov_7.322751	530	663	5	89	133	0.6691729
NODE_236593_length_1044_cov_4.084656	81	214	3	27	133	0.2030075
NODE_236593_length_1044_cov_4.084656	81	214	4	11	133	0.0827068
NODE_236593_length_1044_cov_4.084656	81	214	6	6	133	0.0451128
NODE_236593_length_1044_cov_4.084656	81	214	7	2	133	0.0150376
NODE_236593_length_1044_cov_4.084656	81	214	8	10	133	0.0751880
NODE_236593_length_1044_cov_4.084656	81	214	9	2	133	0.0150376
NODE_236593_length_1044_cov_4.084656	81	214	10	46	133	0.3458647
NODE_236593_length_1044_cov_4.084656	81	214	11	21	133	0.1578947
NODE_236593_length_1044_cov_4.084656	81	214	12	8	133	0.0601504
NODE_2365_length_11777_cov_4.556517	178	311	34	9	133	0.0676692
NODE_2365_length_11777_cov_4.556517	178	311	36	1	133	0.0075188
NODE_2365_length_11777_cov_4.556517	178	311	37	1	133	0.0075188
NODE_2365_length_11777_cov_4.556517	178	311	38	1	133	0.0075188
NODE_2365_length_11777_cov_4.556517	178	311	39	3	133	0.0225564
NODE_2365_length_11777_cov_4.556517	178	311	40	7	133	0.0526316
NODE_2365_length_11777_cov_4.556517	178	311	41	10	133	0.0751880
NODE_2365_length_11777_cov_4.556517	178	311	42	3	133	0.0225564
NODE_2365_length_11777_cov_4.556517	178	311	43	1	133	0.0075188
NODE_2365_length_11777_cov_4.556517	178	311	46	2	133	0.0150376
NODE_2365_length_11777_cov_4.556517	178	311	47	7	133	0.0526316
NODE_2365_length_11777_cov_4.556517	178	311	48	10	133	0.0751880
NODE_2365_length_11777_cov_4.556517	178	311	49	5	133	0.0375940
NODE_2365_length_11777_cov_4.556517	178	311	50	3	133	0.0225564
NODE_2365_length_11777_cov_4.556517	178	311	51	5	133	0.0375940
NODE_2365_length_11777_cov_4.556517	178	311	52	15	133	0.1127820
NODE_2365_length_11777_cov_4.556517	178	311	53	3	133	0.0225564
NODE_2365_length_11777_cov_4.556517	178	311	54	5	133	0.0375940
NODE_2365_length_11777_cov_4.556517	178	311	55	4	133	0.0300752
NODE_2365_length_11777_cov_4.556517	178	311	56	5	133	0.0375940
NODE_2365_length_11777_cov_4.556517	178	311	57	3	133	0.0225564
NODE_2365_length_11777_cov_4.556517	178	311	58	6	133	0.0451128
NODE_2365_length_11777_cov_4.556517	178	311	59	18	133	0.1353384
NODE_2365_length_11777_cov_4.556517	178	311	60	6	133	0.0451128
NODE_236672_length_1044_cov_2.989418	289	422	15	4	133	0.0300752
NODE_236672_length_1044_cov_2.989418	289	422	16	3	133	0.0225564
NODE_236672_length_1044_cov_2.989418	289	422	18	2	133	0.0150376
NODE_236672_length_1044_cov_2.989418	289	422	19	2	133	0.0150376
NODE_236672_length_1044_cov_2.989418	289	422	21	1	133	0.0075188
NODE_236672_length_1044_cov_2.989418	289	422	22	3	133	0.0225564
NODE_236672_length_1044_cov_2.989418	289	422	23	16	133	0.1203008
NODE_236672_length_1044_cov_2.989418	289	422	24	6	133	0.0451128
NODE_236672_length_1044_cov_2.989418	289	422	27	18	133	0.1353384
NODE_236672_length_1044_cov_2.989418	289	422	28	18	133	0.1353384
NODE_236672_length_1044_cov_2.989418	289	422	30	12	133	0.0902256
NODE_236672_length_1044_cov_2.989418	289	422	31	2	133	0.0150376
NODE_236672_length_1044_cov_2.989418	289	422	32	1	133	0.0075188
NODE_236672_length_1044_cov_2.989418	289	422	33	2	133	0.0150376
NODE_236672_length_1044_cov_2.989418	289	422	34	4	133	0.0300752
NODE_236672_length_1044_cov_2.989418	289	422	35	12	133	0.0902256
NODE_236672_length_1044_cov_2.989418	289	422	36	6	133	0.0451128
NODE_236672_length_1044_cov_2.989418	289	422	37	18	133	0.1353384
NODE_236672_length_1044_cov_2.989418	289	422	38	3	133	0.0225564
NODE_236717_length_1044_cov_2.308995	323	456	3	33	133	0.2481203
NODE_236717_length_1044_cov_2.308995	323	456	6	1	133	0.0075188
NODE_236717_length_1044_cov_2.308995	323	456	7	24	133	0.1804511
NODE_236717_length_1044_cov_2.308995	323	456	8	13	133	0.0977444
NODE_236717_length_1044_cov_2.308995	323	456	9	5	133	0.0375940
NODE_236717_length_1044_cov_2.308995	323	456	10	57	133	0.4285714
NODE_236750_length_1043_cov_5.149364	802	935	4	12	133	0.0902256
NODE_236750_length_1043_cov_5.149364	802	935	5	1	133	0.0075188
NODE_236750_length_1043_cov_5.149364	802	935	7	31	133	0.2330827
NODE_236750_length_1043_cov_5.149364	802	935	8	7	133	0.0526316
NODE_236750_length_1043_cov_5.149364	802	935	9	34	133	0.2556391
NODE_236750_length_1043_cov_5.149364	802	935	10	33	133	0.2481203
NODE_236750_length_1043_cov_5.149364	802	935	11	15	133	0.1127820
NODE_2368_length_11773_cov_4.436611	6624	6757	3	6	133	0.0451128
NODE_2368_length_11773_cov_4.436611	6624	6757	4	4	133	0.0300752
NODE_2368_length_11773_cov_4.436611	6624	6757	5	7	133	0.0526316
NODE_2368_length_11773_cov_4.436611	6624	6757	6	16	133	0.1203008
NODE_2368_length_11773_cov_4.436611	6624	6757	7	29	133	0.2180451
NODE_2368_length_11773_cov_4.436611	6624	6757	8	26	133	0.1954887
NODE_2368_length_11773_cov_4.436611	6624	6757	9	42	133	0.3157895
NODE_2368_length_11773_cov_4.436611	6624	6757	10	3	133	0.0225564
NODE_23702_length_5143_cov_4.518438	1093	1226	0	37	133	0.2781955
NODE_23702_length_5143_cov_4.518438	1093	1226	2	61	133	0.4586466
NODE_23702_length_5143_cov_4.518438	1093	1226	4	35	133	0.2631579
NODE_237036_length_1042_cov_3.612937	404	537	3	6	133	0.0451128
NODE_237036_length_1042_cov_3.612937	404	537	4	66	133	0.4962406
NODE_237036_length_1042_cov_3.612937	404	537	5	60	133	0.4511278
NODE_237036_length_1042_cov_3.612937	404	537	6	1	133	0.0075188
NODE_237146_length_1042_cov_2.272534	706	839	3	28	133	0.2105263
NODE_237146_length_1042_cov_2.272534	706	839	4	63	133	0.4736842
NODE_237146_length_1042_cov_2.272534	706	839	5	42	133	0.3157895
NODE_23727_length_5141_cov_3.733836	1211	1344	8	17	133	0.1278196
NODE_23727_length_5141_cov_3.733836	1211	1344	10	8	133	0.0601504
NODE_23727_length_5141_cov_3.733836	1211	1344	11	11	133	0.0827068
NODE_23727_length_5141_cov_3.733836	1211	1344	12	29	133	0.2180451
NODE_23727_length_5141_cov_3.733836	1211	1344	13	44	133	0.3308271
NODE_23727_length_5141_cov_3.733836	1211	1344	14	16	133	0.1203008
NODE_23727_length_5141_cov_3.733836	1211	1344	15	8	133	0.0601504
NODE_237301_length_1041_cov_2.993631	671	804	1	6	133	0.0451128
NODE_237301_length_1041_cov_2.993631	671	804	2	30	133	0.2255639
NODE_237301_length_1041_cov_2.993631	671	804	3	7	133	0.0526316
NODE_237301_length_1041_cov_2.993631	671	804	4	43	133	0.3233083
NODE_237301_length_1041_cov_2.993631	671	804	5	34	133	0.2556391
NODE_237301_length_1041_cov_2.993631	671	804	6	13	133	0.0977444
NODE_23744_length_5139_cov_5.325198	2714	2847	4	22	133	0.1654135
NODE_23744_length_5139_cov_5.325198	2714	2847	5	15	133	0.1127820
NODE_23744_length_5139_cov_5.325198	2714	2847	6	10	133	0.0751880
NODE_23744_length_5139_cov_5.325198	2714	2847	7	7	133	0.0526316
NODE_23744_length_5139_cov_5.325198	2714	2847	8	29	133	0.2180451
NODE_23744_length_5139_cov_5.325198	2714	2847	9	50	133	0.3759398
NODE_237495_length_1040_cov_3.179596	808	941	5	4	133	0.0300752
NODE_237495_length_1040_cov_3.179596	808	941	7	10	133	0.0751880
NODE_237495_length_1040_cov_3.179596	808	941	8	27	133	0.2030075
NODE_237495_length_1040_cov_3.179596	808	941	9	2	133	0.0150376
NODE_237495_length_1040_cov_3.179596	808	941	10	12	133	0.0902256
NODE_237495_length_1040_cov_3.179596	808	941	11	3	133	0.0225564
NODE_237495_length_1040_cov_3.179596	808	941	12	49	133	0.3684210
NODE_237495_length_1040_cov_3.179596	808	941	13	26	133	0.1954887
NODE_237749_length_1039_cov_2.889362	356	489	1	22	133	0.1654135
NODE_237749_length_1039_cov_2.889362	356	489	2	111	133	0.8345864
NODE_23774_length_5136_cov_4.900735	2881	3014	10	1	133	0.0075188
NODE_23774_length_5136_cov_4.900735	2881	3014	11	8	133	0.0601504
NODE_23774_length_5136_cov_4.900735	2881	3014	12	7	133	0.0526316
NODE_23774_length_5136_cov_4.900735	2881	3014	13	11	133	0.0827068
NODE_23774_length_5136_cov_4.900735	2881	3014	14	13	133	0.0977444
NODE_23774_length_5136_cov_4.900735	2881	3014	15	9	133	0.0676692
NODE_23774_length_5136_cov_4.900735	2881	3014	16	16	133	0.1203008
NODE_23774_length_5136_cov_4.900735	2881	3014	17	19	133	0.1428571
NODE_23774_length_5136_cov_4.900735	2881	3014	18	23	133	0.1729323
NODE_23774_length_5136_cov_4.900735	2881	3014	19	21	133	0.1578947
NODE_23774_length_5136_cov_4.900735	2881	3014	20	5	133	0.0375940
NODE_237879_length_1038_cov_4.174654	549	682	3	7	133	0.0526316
NODE_237879_length_1038_cov_4.174654	549	682	4	67	133	0.5037594
NODE_237879_length_1038_cov_4.174654	549	682	5	28	133	0.2105263
NODE_237879_length_1038_cov_4.174654	549	682	7	29	133	0.2180451
NODE_237879_length_1038_cov_4.174654	549	682	8	2	133	0.0150376
NODE_23788_length_5135_cov_4.474980	1633	1766	2	98	133	0.7368421
NODE_23788_length_5135_cov_4.474980	1633	1766	3	35	133	0.2631579
NODE_237924_length_1038_cov_3.502662	151	284	9	1	133	0.0075188
NODE_237924_length_1038_cov_3.502662	151	284	10	4	133	0.0300752
NODE_237924_length_1038_cov_3.502662	151	284	11	5	133	0.0375940
NODE_237924_length_1038_cov_3.502662	151	284	12	19	133	0.1428571
NODE_237924_length_1038_cov_3.502662	151	284	14	8	133	0.0601504
NODE_237924_length_1038_cov_3.502662	151	284	15	25	133	0.1879699
NODE_237924_length_1038_cov_3.502662	151	284	16	43	133	0.3233083
NODE_237924_length_1038_cov_3.502662	151	284	17	28	133	0.2105263
NODE_23825_length_5131_cov_4.186010	1009	1142	10	1	133	0.0075188
NODE_23825_length_5131_cov_4.186010	1009	1142	11	8	133	0.0601504
NODE_23825_length_5131_cov_4.186010	1009	1142	12	5	133	0.0375940
NODE_23825_length_5131_cov_4.186010	1009	1142	13	6	133	0.0451128
NODE_23825_length_5131_cov_4.186010	1009	1142	14	4	133	0.0300752
NODE_23825_length_5131_cov_4.186010	1009	1142	15	5	133	0.0375940
NODE_23825_length_5131_cov_4.186010	1009	1142	17	7	133	0.0526316
NODE_23825_length_5131_cov_4.186010	1009	1142	18	8	133	0.0601504
NODE_23825_length_5131_cov_4.186010	1009	1142	19	1	133	0.0075188
NODE_23825_length_5131_cov_4.186010	1009	1142	20	7	133	0.0526316
NODE_23825_length_5131_cov_4.186010	1009	1142	21	2	133	0.0150376
NODE_23825_length_5131_cov_4.186010	1009	1142	22	5	133	0.0375940
NODE_23825_length_5131_cov_4.186010	1009	1142	23	2	133	0.0150376
NODE_23825_length_5131_cov_4.186010	1009	1142	24	2	133	0.0150376
NODE_23825_length_5131_cov_4.186010	1009	1142	25	3	133	0.0225564
NODE_23825_length_5131_cov_4.186010	1009	1142	26	9	133	0.0676692
NODE_23825_length_5131_cov_4.186010	1009	1142	29	11	133	0.0827068
NODE_23825_length_5131_cov_4.186010	1009	1142	30	36	133	0.2706767
NODE_23825_length_5131_cov_4.186010	1009	1142	31	7	133	0.0526316
NODE_23825_length_5131_cov_4.186010	1009	1142	32	4	133	0.0300752
NODE_23826_length_5131_cov_4.091614	1776	1909	13	4	133	0.0300752
NODE_23826_length_5131_cov_4.091614	1776	1909	16	14	133	0.1052632
NODE_23826_length_5131_cov_4.091614	1776	1909	17	4	133	0.0300752
NODE_23826_length_5131_cov_4.091614	1776	1909	18	3	133	0.0225564
NODE_23826_length_5131_cov_4.091614	1776	1909	20	3	133	0.0225564
NODE_23826_length_5131_cov_4.091614	1776	1909	22	4	133	0.0300752
NODE_23826_length_5131_cov_4.091614	1776	1909	23	1	133	0.0075188
NODE_23826_length_5131_cov_4.091614	1776	1909	25	3	133	0.0225564
NODE_23826_length_5131_cov_4.091614	1776	1909	27	3	133	0.0225564
NODE_23826_length_5131_cov_4.091614	1776	1909	28	6	133	0.0451128
NODE_23826_length_5131_cov_4.091614	1776	1909	32	4	133	0.0300752
NODE_23826_length_5131_cov_4.091614	1776	1909	33	16	133	0.1203008
NODE_23826_length_5131_cov_4.091614	1776	1909	34	4	133	0.0300752
NODE_23826_length_5131_cov_4.091614	1776	1909	35	3	133	0.0225564
NODE_23826_length_5131_cov_4.091614	1776	1909	36	8	133	0.0601504
NODE_23826_length_5131_cov_4.091614	1776	1909	37	1	133	0.0075188
NODE_23826_length_5131_cov_4.091614	1776	1909	38	6	133	0.0451128
NODE_23826_length_5131_cov_4.091614	1776	1909	39	8	133	0.0601504
NODE_23826_length_5131_cov_4.091614	1776	1909	40	4	133	0.0300752
NODE_23826_length_5131_cov_4.091614	1776	1909	41	15	133	0.1127820
NODE_23826_length_5131_cov_4.091614	1776	1909	42	11	133	0.0827068
NODE_23826_length_5131_cov_4.091614	1776	1909	43	8	133	0.0601504
NODE_238359_length_1036_cov_3.243330	845	978	2	5	133	0.0375940
NODE_238359_length_1036_cov_3.243330	845	978	3	22	133	0.1654135
NODE_238359_length_1036_cov_3.243330	845	978	4	31	133	0.2330827
NODE_238359_length_1036_cov_3.243330	845	978	6	49	133	0.3684210
NODE_238359_length_1036_cov_3.243330	845	978	7	26	133	0.1954887
NODE_238402_length_1036_cov_2.820704	705	838	15	15	133	0.1127820
NODE_238402_length_1036_cov_2.820704	705	838	16	7	133	0.0526316
NODE_238402_length_1036_cov_2.820704	705	838	18	22	133	0.1654135
NODE_238402_length_1036_cov_2.820704	705	838	19	13	133	0.0977444
NODE_238402_length_1036_cov_2.820704	705	838	20	32	133	0.2406015
NODE_238402_length_1036_cov_2.820704	705	838	21	16	133	0.1203008
NODE_238402_length_1036_cov_2.820704	705	838	22	8	133	0.0601504
NODE_238402_length_1036_cov_2.820704	705	838	23	14	133	0.1052632
NODE_238402_length_1036_cov_2.820704	705	838	24	6	133	0.0451128
NODE_238497_length_1035_cov_4.599359	517	650	3	13	133	0.0977444
NODE_238497_length_1035_cov_4.599359	517	650	4	34	133	0.2556391
NODE_238497_length_1035_cov_4.599359	517	650	5	49	133	0.3684210
NODE_238497_length_1035_cov_4.599359	517	650	6	9	133	0.0676692
NODE_238497_length_1035_cov_4.599359	517	650	7	1	133	0.0075188
NODE_238497_length_1035_cov_4.599359	517	650	8	27	133	0.2030075
NODE_23854_length_5128_cov_5.203619	708	841	9	7	133	0.0526316
NODE_23854_length_5128_cov_5.203619	708	841	10	9	133	0.0676692
NODE_23854_length_5128_cov_5.203619	708	841	11	7	133	0.0526316
NODE_23854_length_5128_cov_5.203619	708	841	13	1	133	0.0075188
NODE_23854_length_5128_cov_5.203619	708	841	14	2	133	0.0150376
NODE_23854_length_5128_cov_5.203619	708	841	15	26	133	0.1954887
NODE_23854_length_5128_cov_5.203619	708	841	17	5	133	0.0375940
NODE_23854_length_5128_cov_5.203619	708	841	18	3	133	0.0225564
NODE_23854_length_5128_cov_5.203619	708	841	19	8	133	0.0601504
NODE_23854_length_5128_cov_5.203619	708	841	21	2	133	0.0150376
NODE_23854_length_5128_cov_5.203619	708	841	22	27	133	0.2030075
NODE_23854_length_5128_cov_5.203619	708	841	23	15	133	0.1127820
NODE_23854_length_5128_cov_5.203619	708	841	24	21	133	0.1578947
NODE_2385_length_11760_cov_4.046394	6421	6554	17	3	133	0.0225564
NODE_2385_length_11760_cov_4.046394	6421	6554	18	7	133	0.0526316
NODE_2385_length_11760_cov_4.046394	6421	6554	19	1	133	0.0075188
NODE_2385_length_11760_cov_4.046394	6421	6554	20	8	133	0.0601504
NODE_2385_length_11760_cov_4.046394	6421	6554	21	12	133	0.0902256
NODE_2385_length_11760_cov_4.046394	6421	6554	22	44	133	0.3308271
NODE_2385_length_11760_cov_4.046394	6421	6554	23	15	133	0.1127820
NODE_2385_length_11760_cov_4.046394	6421	6554	24	17	133	0.1278196
NODE_2385_length_11760_cov_4.046394	6421	6554	25	10	133	0.0751880
NODE_2385_length_11760_cov_4.046394	6421	6554	26	1	133	0.0075188
NODE_2385_length_11760_cov_4.046394	6421	6554	27	15	133	0.1127820
NODE_238605_length_1035_cov_3.113248	239	372	31	3	133	0.0225564
NODE_238605_length_1035_cov_3.113248	239	372	33	7	133	0.0526316
NODE_238605_length_1035_cov_3.113248	239	372	34	4	133	0.0300752
NODE_238605_length_1035_cov_3.113248	239	372	35	7	133	0.0526316
NODE_238605_length_1035_cov_3.113248	239	372	36	10	133	0.0751880
NODE_238605_length_1035_cov_3.113248	239	372	37	2	133	0.0150376
NODE_238605_length_1035_cov_3.113248	239	372	38	9	133	0.0676692
NODE_238605_length_1035_cov_3.113248	239	372	39	3	133	0.0225564
NODE_238605_length_1035_cov_3.113248	239	372	40	5	133	0.0375940
NODE_238605_length_1035_cov_3.113248	239	372	41	6	133	0.0451128
NODE_238605_length_1035_cov_3.113248	239	372	42	8	133	0.0601504
NODE_238605_length_1035_cov_3.113248	239	372	43	3	133	0.0225564
NODE_238605_length_1035_cov_3.113248	239	372	44	3	133	0.0225564
NODE_238605_length_1035_cov_3.113248	239	372	45	20	133	0.1503759
NODE_238605_length_1035_cov_3.113248	239	372	46	3	133	0.0225564
NODE_238605_length_1035_cov_3.113248	239	372	47	4	133	0.0300752
NODE_238605_length_1035_cov_3.113248	239	372	48	7	133	0.0526316
NODE_238605_length_1035_cov_3.113248	239	372	49	3	133	0.0225564
NODE_238605_length_1035_cov_3.113248	239	372	50	5	133	0.0375940
NODE_238605_length_1035_cov_3.113248	239	372	51	10	133	0.0751880
NODE_238605_length_1035_cov_3.113248	239	372	52	1	133	0.0075188
NODE_238605_length_1035_cov_3.113248	239	372	54	10	133	0.0751880
NODE_238679_length_1035_cov_2.228632	669	802	8	12	133	0.0902256
NODE_238679_length_1035_cov_2.228632	669	802	9	1	133	0.0075188
NODE_238679_length_1035_cov_2.228632	669	802	10	3	133	0.0225564
NODE_238679_length_1035_cov_2.228632	669	802	12	3	133	0.0225564
NODE_238679_length_1035_cov_2.228632	669	802	13	2	133	0.0150376
NODE_238679_length_1035_cov_2.228632	669	802	15	4	133	0.0300752
NODE_238679_length_1035_cov_2.228632	669	802	16	2	133	0.0150376
NODE_238679_length_1035_cov_2.228632	669	802	17	25	133	0.1879699
NODE_238679_length_1035_cov_2.228632	669	802	18	2	133	0.0150376
NODE_238679_length_1035_cov_2.228632	669	802	19	25	133	0.1879699
NODE_238679_length_1035_cov_2.228632	669	802	20	16	133	0.1203008
NODE_238679_length_1035_cov_2.228632	669	802	21	11	133	0.0827068
NODE_238679_length_1035_cov_2.228632	669	802	22	21	133	0.1578947
NODE_238679_length_1035_cov_2.228632	669	802	23	6	133	0.0451128
NODE_23867_length_5127_cov_4.778242	3030	3163	26	13	133	0.0977444
NODE_23867_length_5127_cov_4.778242	3030	3163	27	28	133	0.2105263
NODE_23867_length_5127_cov_4.778242	3030	3163	28	16	133	0.1203008
NODE_23867_length_5127_cov_4.778242	3030	3163	29	19	133	0.1428571
NODE_23867_length_5127_cov_4.778242	3030	3163	30	37	133	0.2781955
NODE_23867_length_5127_cov_4.778242	3030	3163	31	5	133	0.0375940
NODE_23867_length_5127_cov_4.778242	3030	3163	32	2	133	0.0150376
NODE_23867_length_5127_cov_4.778242	3030	3163	36	13	133	0.0977444
NODE_2386_length_11760_cov_3.789212	6796	6929	19	2	133	0.0150376
NODE_2386_length_11760_cov_3.789212	6796	6929	20	4	133	0.0300752
NODE_2386_length_11760_cov_3.789212	6796	6929	21	1	133	0.0075188
NODE_2386_length_11760_cov_3.789212	6796	6929	22	2	133	0.0150376
NODE_2386_length_11760_cov_3.789212	6796	6929	23	7	133	0.0526316
NODE_2386_length_11760_cov_3.789212	6796	6929	24	3	133	0.0225564
NODE_2386_length_11760_cov_3.789212	6796	6929	25	20	133	0.1503759
NODE_2386_length_11760_cov_3.789212	6796	6929	26	1	133	0.0075188
NODE_2386_length_11760_cov_3.789212	6796	6929	27	2	133	0.0150376
NODE_2386_length_11760_cov_3.789212	6796	6929	28	6	133	0.0451128
NODE_2386_length_11760_cov_3.789212	6796	6929	29	9	133	0.0676692
NODE_2386_length_11760_cov_3.789212	6796	6929	30	11	133	0.0827068
NODE_2386_length_11760_cov_3.789212	6796	6929	31	12	133	0.0902256
NODE_2386_length_11760_cov_3.789212	6796	6929	32	26	133	0.1954887
NODE_2386_length_11760_cov_3.789212	6796	6929	33	20	133	0.1503759
NODE_2386_length_11760_cov_3.789212	6796	6929	34	7	133	0.0526316
NODE_23878_length_5126_cov_3.823752	1915	2048	7	5	133	0.0375940
NODE_23878_length_5126_cov_3.823752	1915	2048	8	5	133	0.0375940
NODE_23878_length_5126_cov_3.823752	1915	2048	9	12	133	0.0902256
NODE_23878_length_5126_cov_3.823752	1915	2048	10	19	133	0.1428571
NODE_23878_length_5126_cov_3.823752	1915	2048	11	66	133	0.4962406
NODE_23878_length_5126_cov_3.823752	1915	2048	12	12	133	0.0902256
NODE_23878_length_5126_cov_3.823752	1915	2048	13	2	133	0.0150376
NODE_23878_length_5126_cov_3.823752	1915	2048	14	1	133	0.0075188
NODE_23878_length_5126_cov_3.823752	1915	2048	15	11	133	0.0827068
NODE_2388_length_11755_cov_3.985244	2585	2718	18	1	133	0.0075188
NODE_2388_length_11755_cov_3.985244	2585	2718	19	4	133	0.0300752
NODE_2388_length_11755_cov_3.985244	2585	2718	20	2	133	0.0150376
NODE_2388_length_11755_cov_3.985244	2585	2718	21	5	133	0.0375940
NODE_2388_length_11755_cov_3.985244	2585	2718	22	13	133	0.0977444
NODE_2388_length_11755_cov_3.985244	2585	2718	23	5	133	0.0375940
NODE_2388_length_11755_cov_3.985244	2585	2718	25	6	133	0.0451128
NODE_2388_length_11755_cov_3.985244	2585	2718	26	5	133	0.0375940
NODE_2388_length_11755_cov_3.985244	2585	2718	27	15	133	0.1127820
NODE_2388_length_11755_cov_3.985244	2585	2718	28	4	133	0.0300752
NODE_2388_length_11755_cov_3.985244	2585	2718	29	3	133	0.0225564
NODE_2388_length_11755_cov_3.985244	2585	2718	30	3	133	0.0225564
NODE_2388_length_11755_cov_3.985244	2585	2718	31	6	133	0.0451128
NODE_2388_length_11755_cov_3.985244	2585	2718	32	6	133	0.0451128
NODE_2388_length_11755_cov_3.985244	2585	2718	33	3	133	0.0225564
NODE_2388_length_11755_cov_3.985244	2585	2718	34	1	133	0.0075188
NODE_2388_length_11755_cov_3.985244	2585	2718	35	35	133	0.2631579
NODE_2388_length_11755_cov_3.985244	2585	2718	36	14	133	0.1052632
NODE_2388_length_11755_cov_3.985244	2585	2718	37	2	133	0.0150376
NODE_23893_length_5124_cov_4.639602	1477	1610	12	2	133	0.0150376
NODE_23893_length_5124_cov_4.639602	1477	1610	13	1	133	0.0075188
NODE_23893_length_5124_cov_4.639602	1477	1610	14	9	133	0.0676692
NODE_23893_length_5124_cov_4.639602	1477	1610	15	5	133	0.0375940
NODE_23893_length_5124_cov_4.639602	1477	1610	16	2	133	0.0150376
NODE_23893_length_5124_cov_4.639602	1477	1610	17	10	133	0.0751880
NODE_23893_length_5124_cov_4.639602	1477	1610	18	14	133	0.1052632
NODE_23893_length_5124_cov_4.639602	1477	1610	19	35	133	0.2631579
NODE_23893_length_5124_cov_4.639602	1477	1610	20	18	133	0.1353384
NODE_23893_length_5124_cov_4.639602	1477	1610	22	17	133	0.1278196
NODE_23893_length_5124_cov_4.639602	1477	1610	23	18	133	0.1353384
NODE_23893_length_5124_cov_4.639602	1477	1610	24	2	133	0.0150376
NODE_239020_length_1033_cov_3.282655	610	743	15	6	133	0.0451128
NODE_239020_length_1033_cov_3.282655	610	743	19	4	133	0.0300752
NODE_239020_length_1033_cov_3.282655	610	743	21	1	133	0.0075188
NODE_239020_length_1033_cov_3.282655	610	743	24	15	133	0.1127820
NODE_239020_length_1033_cov_3.282655	610	743	25	14	133	0.1052632
NODE_239020_length_1033_cov_3.282655	610	743	26	17	133	0.1278196
NODE_239020_length_1033_cov_3.282655	610	743	28	21	133	0.1578947
NODE_239020_length_1033_cov_3.282655	610	743	29	21	133	0.1578947
NODE_239020_length_1033_cov_3.282655	610	743	30	13	133	0.0977444
NODE_239020_length_1033_cov_3.282655	610	743	31	15	133	0.1127820
NODE_239020_length_1033_cov_3.282655	610	743	32	6	133	0.0451128
NODE_239030_length_1033_cov_3.139186	643	776	10	25	133	0.1879699
NODE_239030_length_1033_cov_3.139186	643	776	12	2	133	0.0150376
NODE_239030_length_1033_cov_3.139186	643	776	13	16	133	0.1203008
NODE_239030_length_1033_cov_3.139186	643	776	14	2	133	0.0150376
NODE_239030_length_1033_cov_3.139186	643	776	16	10	133	0.0751880
NODE_239030_length_1033_cov_3.139186	643	776	17	18	133	0.1353384
NODE_239030_length_1033_cov_3.139186	643	776	18	19	133	0.1428571
NODE_239030_length_1033_cov_3.139186	643	776	19	25	133	0.1879699
NODE_239030_length_1033_cov_3.139186	643	776	20	9	133	0.0676692
NODE_239030_length_1033_cov_3.139186	643	776	21	7	133	0.0526316
NODE_239334_length_1031_cov_5.258584	270	403	3	3	133	0.0225564
NODE_239334_length_1031_cov_5.258584	270	403	5	4	133	0.0300752
NODE_239334_length_1031_cov_5.258584	270	403	6	15	133	0.1127820
NODE_239334_length_1031_cov_5.258584	270	403	7	18	133	0.1353384
NODE_239334_length_1031_cov_5.258584	270	403	8	32	133	0.2406015
NODE_239334_length_1031_cov_5.258584	270	403	9	44	133	0.3308271
NODE_239334_length_1031_cov_5.258584	270	403	10	17	133	0.1278196
NODE_239342_length_1031_cov_4.824034	527	660	6	2	133	0.0150376
NODE_239342_length_1031_cov_4.824034	527	660	7	6	133	0.0451128
NODE_239342_length_1031_cov_4.824034	527	660	8	7	133	0.0526316
NODE_239342_length_1031_cov_4.824034	527	660	9	4	133	0.0300752
NODE_239342_length_1031_cov_4.824034	527	660	10	1	133	0.0075188
NODE_239342_length_1031_cov_4.824034	527	660	11	12	133	0.0902256
NODE_239342_length_1031_cov_4.824034	527	660	12	13	133	0.0977444
NODE_239342_length_1031_cov_4.824034	527	660	13	9	133	0.0676692
NODE_239342_length_1031_cov_4.824034	527	660	14	5	133	0.0375940
NODE_239342_length_1031_cov_4.824034	527	660	15	30	133	0.2255639
NODE_239342_length_1031_cov_4.824034	527	660	16	16	133	0.1203008
NODE_239342_length_1031_cov_4.824034	527	660	17	28	133	0.2105263
NODE_239355_length_1031_cov_4.418455	138	271	0	133	133	1.0000000
NODE_239492_length_1031_cov_2.252146	405	538	10	4	133	0.0300752
NODE_239492_length_1031_cov_2.252146	405	538	11	11	133	0.0827068
NODE_239492_length_1031_cov_2.252146	405	538	13	30	133	0.2255639
NODE_239492_length_1031_cov_2.252146	405	538	14	8	133	0.0601504
NODE_239492_length_1031_cov_2.252146	405	538	15	18	133	0.1353384
NODE_239492_length_1031_cov_2.252146	405	538	16	1	133	0.0075188
NODE_239492_length_1031_cov_2.252146	405	538	17	12	133	0.0902256
NODE_239492_length_1031_cov_2.252146	405	538	18	10	133	0.0751880
NODE_239492_length_1031_cov_2.252146	405	538	19	7	133	0.0526316
NODE_239492_length_1031_cov_2.252146	405	538	20	20	133	0.1503759
NODE_239492_length_1031_cov_2.252146	405	538	21	10	133	0.0751880
NODE_239492_length_1031_cov_2.252146	405	538	22	2	133	0.0150376
NODE_239536_length_1030_cov_4.923738	833	966	10	2	133	0.0150376
NODE_239536_length_1030_cov_4.923738	833	966	11	6	133	0.0451128
NODE_239536_length_1030_cov_4.923738	833	966	12	5	133	0.0375940
NODE_239536_length_1030_cov_4.923738	833	966	13	20	133	0.1503759
NODE_239536_length_1030_cov_4.923738	833	966	14	6	133	0.0451128
NODE_239536_length_1030_cov_4.923738	833	966	18	1	133	0.0075188
NODE_239536_length_1030_cov_4.923738	833	966	19	16	133	0.1203008
NODE_239536_length_1030_cov_4.923738	833	966	20	4	133	0.0300752
NODE_239536_length_1030_cov_4.923738	833	966	21	1	133	0.0075188
NODE_239536_length_1030_cov_4.923738	833	966	22	12	133	0.0902256
NODE_239536_length_1030_cov_4.923738	833	966	23	11	133	0.0827068
NODE_239536_length_1030_cov_4.923738	833	966	24	12	133	0.0902256
NODE_239536_length_1030_cov_4.923738	833	966	25	1	133	0.0075188
NODE_239536_length_1030_cov_4.923738	833	966	26	27	133	0.2030075
NODE_239536_length_1030_cov_4.923738	833	966	28	9	133	0.0676692
NODE_239643_length_1030_cov_3.169710	533	666	18	2	133	0.0150376
NODE_239643_length_1030_cov_3.169710	533	666	19	11	133	0.0827068
NODE_239643_length_1030_cov_3.169710	533	666	20	1	133	0.0075188
NODE_239643_length_1030_cov_3.169710	533	666	21	3	133	0.0225564
NODE_239643_length_1030_cov_3.169710	533	666	24	5	133	0.0375940
NODE_239643_length_1030_cov_3.169710	533	666	25	2	133	0.0150376
NODE_239643_length_1030_cov_3.169710	533	666	26	3	133	0.0225564
NODE_239643_length_1030_cov_3.169710	533	666	27	3	133	0.0225564
NODE_239643_length_1030_cov_3.169710	533	666	28	6	133	0.0451128
NODE_239643_length_1030_cov_3.169710	533	666	29	2	133	0.0150376
NODE_239643_length_1030_cov_3.169710	533	666	31	5	133	0.0375940
NODE_239643_length_1030_cov_3.169710	533	666	33	5	133	0.0375940
NODE_239643_length_1030_cov_3.169710	533	666	34	2	133	0.0150376
NODE_239643_length_1030_cov_3.169710	533	666	35	3	133	0.0225564
NODE_239643_length_1030_cov_3.169710	533	666	37	1	133	0.0075188
NODE_239643_length_1030_cov_3.169710	533	666	38	3	133	0.0225564
NODE_239643_length_1030_cov_3.169710	533	666	39	18	133	0.1353384
NODE_239643_length_1030_cov_3.169710	533	666	40	2	133	0.0150376
NODE_239643_length_1030_cov_3.169710	533	666	41	5	133	0.0375940
NODE_239643_length_1030_cov_3.169710	533	666	42	10	133	0.0751880
NODE_239643_length_1030_cov_3.169710	533	666	43	6	133	0.0451128
NODE_239643_length_1030_cov_3.169710	533	666	44	21	133	0.1578947
NODE_239643_length_1030_cov_3.169710	533	666	45	10	133	0.0751880
NODE_239643_length_1030_cov_3.169710	533	666	46	4	133	0.0300752
NODE_239652_length_1030_cov_3.075188	238	371	16	1	133	0.0075188
NODE_239652_length_1030_cov_3.075188	238	371	17	4	133	0.0300752
NODE_239652_length_1030_cov_3.075188	238	371	18	2	133	0.0150376
NODE_239652_length_1030_cov_3.075188	238	371	19	3	133	0.0225564
NODE_239652_length_1030_cov_3.075188	238	371	20	2	133	0.0150376
NODE_239652_length_1030_cov_3.075188	238	371	21	22	133	0.1654135
NODE_239652_length_1030_cov_3.075188	238	371	22	27	133	0.2030075
NODE_239652_length_1030_cov_3.075188	238	371	23	4	133	0.0300752
NODE_239652_length_1030_cov_3.075188	238	371	24	7	133	0.0526316
NODE_239652_length_1030_cov_3.075188	238	371	25	24	133	0.1804511
NODE_239652_length_1030_cov_3.075188	238	371	26	13	133	0.0977444
NODE_239652_length_1030_cov_3.075188	238	371	27	1	133	0.0075188
NODE_239652_length_1030_cov_3.075188	238	371	29	13	133	0.0977444
NODE_239652_length_1030_cov_3.075188	238	371	30	10	133	0.0751880
NODE_23973_length_5116_cov_5.301176	2533	2666	12	15	133	0.1127820
NODE_23973_length_5116_cov_5.301176	2533	2666	13	8	133	0.0601504
NODE_23973_length_5116_cov_5.301176	2533	2666	14	3	133	0.0225564
NODE_23973_length_5116_cov_5.301176	2533	2666	18	15	133	0.1127820
NODE_23973_length_5116_cov_5.301176	2533	2666	19	13	133	0.0977444
NODE_23973_length_5116_cov_5.301176	2533	2666	20	1	133	0.0075188
NODE_23973_length_5116_cov_5.301176	2533	2666	21	3	133	0.0225564
NODE_23973_length_5116_cov_5.301176	2533	2666	22	21	133	0.1578947
NODE_23973_length_5116_cov_5.301176	2533	2666	23	14	133	0.1052632
NODE_23973_length_5116_cov_5.301176	2533	2666	24	15	133	0.1127820
NODE_23973_length_5116_cov_5.301176	2533	2666	25	7	133	0.0526316
NODE_23973_length_5116_cov_5.301176	2533	2666	26	14	133	0.1052632
NODE_23973_length_5116_cov_5.301176	2533	2666	27	4	133	0.0300752
NODE_239746_length_1029_cov_5.039785	685	818	2	45	133	0.3383459
NODE_239746_length_1029_cov_5.039785	685	818	3	72	133	0.5413534
NODE_239746_length_1029_cov_5.039785	685	818	4	16	133	0.1203008
NODE_239884_length_1029_cov_2.716129	144	277	5	6	133	0.0451128
NODE_239884_length_1029_cov_2.716129	144	277	6	7	133	0.0526316
NODE_239884_length_1029_cov_2.716129	144	277	7	7	133	0.0526316
NODE_239884_length_1029_cov_2.716129	144	277	9	12	133	0.0902256
NODE_239884_length_1029_cov_2.716129	144	277	10	47	133	0.3533835
NODE_239884_length_1029_cov_2.716129	144	277	11	6	133	0.0451128
NODE_239884_length_1029_cov_2.716129	144	277	12	2	133	0.0150376
NODE_239884_length_1029_cov_2.716129	144	277	13	11	133	0.0827068
NODE_239884_length_1029_cov_2.716129	144	277	14	21	133	0.1578947
NODE_239884_length_1029_cov_2.716129	144	277	15	14	133	0.1052632
NODE_2398_length_11729_cov_6.560705	5482	5615	4	63	133	0.4736842
NODE_2398_length_11729_cov_6.560705	5482	5615	5	70	133	0.5263158
NODE_24011_length_5112_cov_4.291043	4004	4137	1	39	133	0.2932331
NODE_24011_length_5112_cov_4.291043	4004	4137	2	2	133	0.0150376
NODE_24011_length_5112_cov_4.291043	4004	4137	3	47	133	0.3533835
NODE_24011_length_5112_cov_4.291043	4004	4137	4	45	133	0.3383459
NODE_240128_length_1028_cov_2.689989	583	716	5	2	133	0.0150376
NODE_240128_length_1028_cov_2.689989	583	716	6	7	133	0.0526316
NODE_240128_length_1028_cov_2.689989	583	716	7	45	133	0.3383459
NODE_240128_length_1028_cov_2.689989	583	716	8	15	133	0.1127820
NODE_240128_length_1028_cov_2.689989	583	716	9	2	133	0.0150376
NODE_240128_length_1028_cov_2.689989	583	716	10	62	133	0.4661654
NODE_240314_length_1027_cov_2.977371	55	188	2	62	133	0.4661654
NODE_240314_length_1027_cov_2.977371	55	188	4	71	133	0.5338346
NODE_24052_length_5108_cov_3.849870	1327	1460	10	3	133	0.0225564
NODE_24052_length_5108_cov_3.849870	1327	1460	11	10	133	0.0751880
NODE_24052_length_5108_cov_3.849870	1327	1460	13	6	133	0.0451128
NODE_24052_length_5108_cov_3.849870	1327	1460	15	2	133	0.0150376
NODE_24052_length_5108_cov_3.849870	1327	1460	16	2	133	0.0150376
NODE_24052_length_5108_cov_3.849870	1327	1460	18	6	133	0.0451128
NODE_24052_length_5108_cov_3.849870	1327	1460	19	21	133	0.1578947
NODE_24052_length_5108_cov_3.849870	1327	1460	20	10	133	0.0751880
NODE_24052_length_5108_cov_3.849870	1327	1460	21	2	133	0.0150376
NODE_24052_length_5108_cov_3.849870	1327	1460	22	1	133	0.0075188
NODE_24052_length_5108_cov_3.849870	1327	1460	23	2	133	0.0150376
NODE_24052_length_5108_cov_3.849870	1327	1460	24	5	133	0.0375940
NODE_24052_length_5108_cov_3.849870	1327	1460	25	4	133	0.0300752
NODE_24052_length_5108_cov_3.849870	1327	1460	26	3	133	0.0225564
NODE_24052_length_5108_cov_3.849870	1327	1460	27	4	133	0.0300752
NODE_24052_length_5108_cov_3.849870	1327	1460	28	14	133	0.1052632
NODE_24052_length_5108_cov_3.849870	1327	1460	29	22	133	0.1654135
NODE_24052_length_5108_cov_3.849870	1327	1460	30	14	133	0.1052632
NODE_24052_length_5108_cov_3.849870	1327	1460	31	2	133	0.0150376
NODE_240532_length_1026_cov_2.912621	510	643	12	12	133	0.0902256
NODE_240532_length_1026_cov_2.912621	510	643	13	44	133	0.3308271
NODE_240532_length_1026_cov_2.912621	510	643	14	10	133	0.0751880
NODE_240532_length_1026_cov_2.912621	510	643	15	5	133	0.0375940
NODE_240532_length_1026_cov_2.912621	510	643	16	17	133	0.1278196
NODE_240532_length_1026_cov_2.912621	510	643	17	24	133	0.1804511
NODE_240532_length_1026_cov_2.912621	510	643	18	12	133	0.0902256
NODE_240532_length_1026_cov_2.912621	510	643	19	9	133	0.0676692
NODE_240565_length_1026_cov_2.567422	556	689	0	133	133	1.0000000
NODE_240631_length_1025_cov_4.970842	790	923	1	133	133	1.0000000
NODE_2406_length_11715_cov_4.765152	1877	2010	25	6	133	0.0451128
NODE_2406_length_11715_cov_4.765152	1877	2010	26	9	133	0.0676692
NODE_2406_length_11715_cov_4.765152	1877	2010	27	3	133	0.0225564
NODE_2406_length_11715_cov_4.765152	1877	2010	28	14	133	0.1052632
NODE_2406_length_11715_cov_4.765152	1877	2010	29	26	133	0.1954887
NODE_2406_length_11715_cov_4.765152	1877	2010	30	2	133	0.0150376
NODE_2406_length_11715_cov_4.765152	1877	2010	31	3	133	0.0225564
NODE_2406_length_11715_cov_4.765152	1877	2010	32	9	133	0.0676692
NODE_2406_length_11715_cov_4.765152	1877	2010	33	3	133	0.0225564
NODE_2406_length_11715_cov_4.765152	1877	2010	34	9	133	0.0676692
NODE_2406_length_11715_cov_4.765152	1877	2010	35	1	133	0.0075188
NODE_2406_length_11715_cov_4.765152	1877	2010	36	1	133	0.0075188
NODE_2406_length_11715_cov_4.765152	1877	2010	38	6	133	0.0451128
NODE_2406_length_11715_cov_4.765152	1877	2010	39	10	133	0.0751880
NODE_2406_length_11715_cov_4.765152	1877	2010	40	5	133	0.0375940
NODE_2406_length_11715_cov_4.765152	1877	2010	41	12	133	0.0902256
NODE_2406_length_11715_cov_4.765152	1877	2010	42	7	133	0.0526316
NODE_2406_length_11715_cov_4.765152	1877	2010	43	3	133	0.0225564
NODE_2406_length_11715_cov_4.765152	1877	2010	44	4	133	0.0300752
NODE_240741_length_1025_cov_2.929806	507	640	9	5	133	0.0375940
NODE_240741_length_1025_cov_2.929806	507	640	10	1	133	0.0075188
NODE_240741_length_1025_cov_2.929806	507	640	11	1	133	0.0075188
NODE_240741_length_1025_cov_2.929806	507	640	12	1	133	0.0075188
NODE_240741_length_1025_cov_2.929806	507	640	13	1	133	0.0075188
NODE_240741_length_1025_cov_2.929806	507	640	14	11	133	0.0827068
NODE_240741_length_1025_cov_2.929806	507	640	16	3	133	0.0225564
NODE_240741_length_1025_cov_2.929806	507	640	17	1	133	0.0075188
NODE_240741_length_1025_cov_2.929806	507	640	18	5	133	0.0375940
NODE_240741_length_1025_cov_2.929806	507	640	19	4	133	0.0300752
NODE_240741_length_1025_cov_2.929806	507	640	20	9	133	0.0676692
NODE_240741_length_1025_cov_2.929806	507	640	21	33	133	0.2481203
NODE_240741_length_1025_cov_2.929806	507	640	22	40	133	0.3007519
NODE_240741_length_1025_cov_2.929806	507	640	23	18	133	0.1353384
NODE_240804_length_1025_cov_1.289417	452	585	18	5	133	0.0375940
NODE_240804_length_1025_cov_1.289417	452	585	19	14	133	0.1052632
NODE_240804_length_1025_cov_1.289417	452	585	20	25	133	0.1879699
NODE_240804_length_1025_cov_1.289417	452	585	21	14	133	0.1052632
NODE_240804_length_1025_cov_1.289417	452	585	22	2	133	0.0150376
NODE_240804_length_1025_cov_1.289417	452	585	23	20	133	0.1503759
NODE_240804_length_1025_cov_1.289417	452	585	24	10	133	0.0751880
NODE_240804_length_1025_cov_1.289417	452	585	25	7	133	0.0526316
NODE_240804_length_1025_cov_1.289417	452	585	26	1	133	0.0075188
NODE_240804_length_1025_cov_1.289417	452	585	27	2	133	0.0150376
NODE_240804_length_1025_cov_1.289417	452	585	28	3	133	0.0225564
NODE_240804_length_1025_cov_1.289417	452	585	29	1	133	0.0075188
NODE_240804_length_1025_cov_1.289417	452	585	31	2	133	0.0150376
NODE_240804_length_1025_cov_1.289417	452	585	32	12	133	0.0902256
NODE_240804_length_1025_cov_1.289417	452	585	33	4	133	0.0300752
NODE_240804_length_1025_cov_1.289417	452	585	34	11	133	0.0827068
NODE_24090_length_5104_cov_4.353047	2361	2494	8	13	133	0.0977444
NODE_24090_length_5104_cov_4.353047	2361	2494	10	6	133	0.0451128
NODE_24090_length_5104_cov_4.353047	2361	2494	12	12	133	0.0902256
NODE_24090_length_5104_cov_4.353047	2361	2494	13	4	133	0.0300752
NODE_24090_length_5104_cov_4.353047	2361	2494	14	12	133	0.0902256
NODE_24090_length_5104_cov_4.353047	2361	2494	15	21	133	0.1578947
NODE_24090_length_5104_cov_4.353047	2361	2494	16	24	133	0.1804511
NODE_24090_length_5104_cov_4.353047	2361	2494	17	38	133	0.2857143
NODE_24090_length_5104_cov_4.353047	2361	2494	18	3	133	0.0225564
NODE_24096_length_5103_cov_5.085332	538	671	13	1	133	0.0075188
NODE_24096_length_5103_cov_5.085332	538	671	14	5	133	0.0375940
NODE_24096_length_5103_cov_5.085332	538	671	15	3	133	0.0225564
NODE_24096_length_5103_cov_5.085332	538	671	17	1	133	0.0075188
NODE_24096_length_5103_cov_5.085332	538	671	18	7	133	0.0526316
NODE_24096_length_5103_cov_5.085332	538	671	20	4	133	0.0300752
NODE_24096_length_5103_cov_5.085332	538	671	21	1	133	0.0075188
NODE_24096_length_5103_cov_5.085332	538	671	22	7	133	0.0526316
NODE_24096_length_5103_cov_5.085332	538	671	24	10	133	0.0751880
NODE_24096_length_5103_cov_5.085332	538	671	25	5	133	0.0375940
NODE_24096_length_5103_cov_5.085332	538	671	26	20	133	0.1503759
NODE_24096_length_5103_cov_5.085332	538	671	27	14	133	0.1052632
NODE_24096_length_5103_cov_5.085332	538	671	28	11	133	0.0827068
NODE_24096_length_5103_cov_5.085332	538	671	29	29	133	0.2180451
NODE_24096_length_5103_cov_5.085332	538	671	30	13	133	0.0977444
NODE_24096_length_5103_cov_5.085332	538	671	31	2	133	0.0150376
NODE_241020_length_1023_cov_5.780303	406	539	0	57	133	0.4285714
NODE_241020_length_1023_cov_5.780303	406	539	1	29	133	0.2180451
NODE_241020_length_1023_cov_5.780303	406	539	2	47	133	0.3533835
NODE_24114_length_5102_cov_4.109734	1076	1209	10	6	133	0.0451128
NODE_24114_length_5102_cov_4.109734	1076	1209	11	2	133	0.0150376
NODE_24114_length_5102_cov_4.109734	1076	1209	12	11	133	0.0827068
NODE_24114_length_5102_cov_4.109734	1076	1209	14	3	133	0.0225564
NODE_24114_length_5102_cov_4.109734	1076	1209	16	6	133	0.0451128
NODE_24114_length_5102_cov_4.109734	1076	1209	17	8	133	0.0601504
NODE_24114_length_5102_cov_4.109734	1076	1209	18	8	133	0.0601504
NODE_24114_length_5102_cov_4.109734	1076	1209	19	4	133	0.0300752
NODE_24114_length_5102_cov_4.109734	1076	1209	20	5	133	0.0375940
NODE_24114_length_5102_cov_4.109734	1076	1209	21	8	133	0.0601504
NODE_24114_length_5102_cov_4.109734	1076	1209	22	22	133	0.1654135
NODE_24114_length_5102_cov_4.109734	1076	1209	23	13	133	0.0977444
NODE_24114_length_5102_cov_4.109734	1076	1209	24	3	133	0.0225564
NODE_24114_length_5102_cov_4.109734	1076	1209	25	17	133	0.1278196
NODE_24114_length_5102_cov_4.109734	1076	1209	26	16	133	0.1203008
NODE_24114_length_5102_cov_4.109734	1076	1209	27	1	133	0.0075188
NODE_241290_length_1022_cov_3.562297	310	443	6	7	133	0.0526316
NODE_241290_length_1022_cov_3.562297	310	443	7	8	133	0.0601504
NODE_241290_length_1022_cov_3.562297	310	443	8	7	133	0.0526316
NODE_241290_length_1022_cov_3.562297	310	443	9	27	133	0.2030075
NODE_241290_length_1022_cov_3.562297	310	443	10	14	133	0.1052632
NODE_241290_length_1022_cov_3.562297	310	443	11	60	133	0.4511278
NODE_241290_length_1022_cov_3.562297	310	443	12	10	133	0.0751880
NODE_24129_length_5101_cov_4.604158	749	882	1	23	133	0.1729323
NODE_24129_length_5101_cov_4.604158	749	882	2	28	133	0.2105263
NODE_24129_length_5101_cov_4.604158	749	882	3	31	133	0.2330827
NODE_24129_length_5101_cov_4.604158	749	882	5	11	133	0.0827068
NODE_24129_length_5101_cov_4.604158	749	882	7	37	133	0.2781955
NODE_24129_length_5101_cov_4.604158	749	882	9	3	133	0.0225564
NODE_241512_length_1021_cov_3.462039	323	456	2	25	133	0.1879699
NODE_241512_length_1021_cov_3.462039	323	456	3	59	133	0.4436090
NODE_241512_length_1021_cov_3.462039	323	456	4	45	133	0.3383459
NODE_241512_length_1021_cov_3.462039	323	456	5	4	133	0.0300752
NODE_241582_length_1021_cov_2.519523	838	971	4	8	133	0.0601504
NODE_241582_length_1021_cov_2.519523	838	971	5	8	133	0.0601504
NODE_241582_length_1021_cov_2.519523	838	971	6	7	133	0.0526316
NODE_241582_length_1021_cov_2.519523	838	971	7	10	133	0.0751880
NODE_241582_length_1021_cov_2.519523	838	971	8	22	133	0.1654135
NODE_241582_length_1021_cov_2.519523	838	971	9	6	133	0.0451128
NODE_241582_length_1021_cov_2.519523	838	971	10	39	133	0.2932331
NODE_241582_length_1021_cov_2.519523	838	971	11	33	133	0.2481203
NODE_2415_length_11704_cov_3.798621	3288	3421	12	1	133	0.0075188
NODE_2415_length_11704_cov_3.798621	3288	3421	13	12	133	0.0902256
NODE_2415_length_11704_cov_3.798621	3288	3421	14	20	133	0.1503759
NODE_2415_length_11704_cov_3.798621	3288	3421	15	10	133	0.0751880
NODE_2415_length_11704_cov_3.798621	3288	3421	16	34	133	0.2556391
NODE_2415_length_11704_cov_3.798621	3288	3421	17	2	133	0.0150376
NODE_2415_length_11704_cov_3.798621	3288	3421	18	21	133	0.1578947
NODE_2415_length_11704_cov_3.798621	3288	3421	19	32	133	0.2406015
NODE_2415_length_11704_cov_3.798621	3288	3421	20	1	133	0.0075188
NODE_241610_length_1021_cov_2.204989	323	456	0	48	133	0.3609022
NODE_241610_length_1021_cov_2.204989	323	456	14	6	133	0.0451128
NODE_241610_length_1021_cov_2.204989	323	456	15	1	133	0.0075188
NODE_241610_length_1021_cov_2.204989	323	456	16	7	133	0.0526316
NODE_241610_length_1021_cov_2.204989	323	456	17	19	133	0.1428571
NODE_241610_length_1021_cov_2.204989	323	456	18	2	133	0.0150376
NODE_241610_length_1021_cov_2.204989	323	456	19	12	133	0.0902256
NODE_241610_length_1021_cov_2.204989	323	456	21	2	133	0.0150376
NODE_241610_length_1021_cov_2.204989	323	456	22	1	133	0.0075188
NODE_241610_length_1021_cov_2.204989	323	456	23	7	133	0.0526316
NODE_241610_length_1021_cov_2.204989	323	456	25	3	133	0.0225564
NODE_241610_length_1021_cov_2.204989	323	456	26	12	133	0.0902256
NODE_241610_length_1021_cov_2.204989	323	456	27	11	133	0.0827068
NODE_241610_length_1021_cov_2.204989	323	456	28	1	133	0.0075188
NODE_241610_length_1021_cov_2.204989	323	456	29	1	133	0.0075188
NODE_241756_length_1020_cov_3.130293	818	951	1	79	133	0.5939850
NODE_241756_length_1020_cov_3.130293	818	951	2	54	133	0.4060150
NODE_2417_length_11703_cov_4.546622	8268	8401	0	10	133	0.0751880
NODE_2417_length_11703_cov_4.546622	8268	8401	2	35	133	0.2631579
NODE_2417_length_11703_cov_4.546622	8268	8401	4	88	133	0.6616541
NODE_2418_length_11702_cov_6.853400	5470	5603	2	26	133	0.1954887
NODE_2418_length_11702_cov_6.853400	5470	5603	3	47	133	0.3533835
NODE_2418_length_11702_cov_6.853400	5470	5603	4	31	133	0.2330827
NODE_2418_length_11702_cov_6.853400	5470	5603	5	26	133	0.1954887
NODE_2418_length_11702_cov_6.853400	5470	5603	6	3	133	0.0225564
NODE_241959_length_1019_cov_3.480435	22	155	2	133	133	1.0000000
NODE_24207_length_5092_cov_4.015622	3663	3796	0	18	133	0.1353384
NODE_24207_length_5092_cov_4.015622	3663	3796	1	3	133	0.0225564
NODE_24207_length_5092_cov_4.015622	3663	3796	2	63	133	0.4736842
NODE_24207_length_5092_cov_4.015622	3663	3796	4	5	133	0.0375940
NODE_24207_length_5092_cov_4.015622	3663	3796	5	44	133	0.3308271
NODE_242177_length_1018_cov_3.441785	199	332	4	9	133	0.0676692
NODE_242177_length_1018_cov_3.441785	199	332	5	4	133	0.0300752
NODE_242177_length_1018_cov_3.441785	199	332	6	6	133	0.0451128
NODE_242177_length_1018_cov_3.441785	199	332	7	24	133	0.1804511
NODE_242177_length_1018_cov_3.441785	199	332	8	4	133	0.0300752
NODE_242177_length_1018_cov_3.441785	199	332	9	1	133	0.0075188
NODE_242177_length_1018_cov_3.441785	199	332	10	6	133	0.0451128
NODE_242177_length_1018_cov_3.441785	199	332	15	1	133	0.0075188
NODE_242177_length_1018_cov_3.441785	199	332	16	12	133	0.0902256
NODE_242177_length_1018_cov_3.441785	199	332	17	6	133	0.0451128
NODE_242177_length_1018_cov_3.441785	199	332	19	4	133	0.0300752
NODE_242177_length_1018_cov_3.441785	199	332	20	2	133	0.0150376
NODE_242177_length_1018_cov_3.441785	199	332	21	3	133	0.0225564
NODE_242177_length_1018_cov_3.441785	199	332	22	2	133	0.0150376
NODE_242177_length_1018_cov_3.441785	199	332	23	3	133	0.0225564
NODE_242177_length_1018_cov_3.441785	199	332	24	3	133	0.0225564
NODE_242177_length_1018_cov_3.441785	199	332	26	2	133	0.0150376
NODE_242177_length_1018_cov_3.441785	199	332	27	10	133	0.0751880
NODE_242177_length_1018_cov_3.441785	199	332	28	25	133	0.1879699
NODE_242177_length_1018_cov_3.441785	199	332	29	6	133	0.0451128
NODE_242202_length_1018_cov_3.116431	804	937	0	50	133	0.3759398
NODE_242202_length_1018_cov_3.116431	804	937	8	1	133	0.0075188
NODE_242202_length_1018_cov_3.116431	804	937	10	1	133	0.0075188
NODE_242202_length_1018_cov_3.116431	804	937	11	1	133	0.0075188
NODE_242202_length_1018_cov_3.116431	804	937	13	5	133	0.0375940
NODE_242202_length_1018_cov_3.116431	804	937	14	4	133	0.0300752
NODE_242202_length_1018_cov_3.116431	804	937	15	1	133	0.0075188
NODE_242202_length_1018_cov_3.116431	804	937	16	2	133	0.0150376
NODE_242202_length_1018_cov_3.116431	804	937	17	9	133	0.0676692
NODE_242202_length_1018_cov_3.116431	804	937	19	1	133	0.0075188
NODE_242202_length_1018_cov_3.116431	804	937	20	13	133	0.0977444
NODE_242202_length_1018_cov_3.116431	804	937	21	29	133	0.2180451
NODE_242202_length_1018_cov_3.116431	804	937	23	16	133	0.1203008
NODE_2422_length_11697_cov_4.949646	7515	7648	7	1	133	0.0075188
NODE_2422_length_11697_cov_4.949646	7515	7648	8	15	133	0.1127820
NODE_2422_length_11697_cov_4.949646	7515	7648	9	13	133	0.0977444
NODE_2422_length_11697_cov_4.949646	7515	7648	10	7	133	0.0526316
NODE_2422_length_11697_cov_4.949646	7515	7648	11	74	133	0.5563910
NODE_2422_length_11697_cov_4.949646	7515	7648	12	23	133	0.1729323
NODE_242314_length_1017_cov_5.127451	741	874	11	4	133	0.0300752
NODE_242314_length_1017_cov_5.127451	741	874	12	2	133	0.0150376
NODE_242314_length_1017_cov_5.127451	741	874	13	14	133	0.1052632
NODE_242314_length_1017_cov_5.127451	741	874	14	2	133	0.0150376
NODE_242314_length_1017_cov_5.127451	741	874	17	1	133	0.0075188
NODE_242314_length_1017_cov_5.127451	741	874	18	3	133	0.0225564
NODE_242314_length_1017_cov_5.127451	741	874	19	37	133	0.2781955
NODE_242314_length_1017_cov_5.127451	741	874	21	10	133	0.0751880
NODE_242314_length_1017_cov_5.127451	741	874	22	1	133	0.0075188
NODE_242314_length_1017_cov_5.127451	741	874	23	18	133	0.1353384
NODE_242314_length_1017_cov_5.127451	741	874	25	9	133	0.0676692
NODE_242314_length_1017_cov_5.127451	741	874	26	20	133	0.1503759
NODE_242314_length_1017_cov_5.127451	741	874	27	12	133	0.0902256
NODE_242348_length_1017_cov_4.257081	130	263	22	3	133	0.0225564
NODE_242348_length_1017_cov_4.257081	130	263	23	6	133	0.0451128
NODE_242348_length_1017_cov_4.257081	130	263	24	2	133	0.0150376
NODE_242348_length_1017_cov_4.257081	130	263	25	1	133	0.0075188
NODE_242348_length_1017_cov_4.257081	130	263	26	8	133	0.0601504
NODE_242348_length_1017_cov_4.257081	130	263	27	3	133	0.0225564
NODE_242348_length_1017_cov_4.257081	130	263	28	14	133	0.1052632
NODE_242348_length_1017_cov_4.257081	130	263	29	25	133	0.1879699
NODE_242348_length_1017_cov_4.257081	130	263	30	26	133	0.1954887
NODE_242348_length_1017_cov_4.257081	130	263	31	7	133	0.0526316
NODE_242348_length_1017_cov_4.257081	130	263	32	19	133	0.1428571
NODE_242348_length_1017_cov_4.257081	130	263	33	11	133	0.0827068
NODE_242348_length_1017_cov_4.257081	130	263	34	8	133	0.0601504
NODE_24255_length_5087_cov_4.536488	4039	4172	7	20	133	0.1503759
NODE_24255_length_5087_cov_4.536488	4039	4172	8	10	133	0.0751880
NODE_24255_length_5087_cov_4.536488	4039	4172	9	8	133	0.0601504
NODE_24255_length_5087_cov_4.536488	4039	4172	10	18	133	0.1353384
NODE_24255_length_5087_cov_4.536488	4039	4172	11	2	133	0.0150376
NODE_24255_length_5087_cov_4.536488	4039	4172	12	60	133	0.4511278
NODE_24255_length_5087_cov_4.536488	4039	4172	13	15	133	0.1127820
NODE_242872_length_1015_cov_3.415939	363	496	5	31	133	0.2330827
NODE_242872_length_1015_cov_3.415939	363	496	6	6	133	0.0451128
NODE_242872_length_1015_cov_3.415939	363	496	7	3	133	0.0225564
NODE_242872_length_1015_cov_3.415939	363	496	8	49	133	0.3684210
NODE_242872_length_1015_cov_3.415939	363	496	9	37	133	0.2781955
NODE_242872_length_1015_cov_3.415939	363	496	10	7	133	0.0526316
NODE_242952_length_1015_cov_2.478166	557	690	2	22	133	0.1654135
NODE_242952_length_1015_cov_2.478166	557	690	3	20	133	0.1503759
NODE_242952_length_1015_cov_2.478166	557	690	4	6	133	0.0451128
NODE_242952_length_1015_cov_2.478166	557	690	5	21	133	0.1578947
NODE_242952_length_1015_cov_2.478166	557	690	6	32	133	0.2406015
NODE_242952_length_1015_cov_2.478166	557	690	7	26	133	0.1954887
NODE_242952_length_1015_cov_2.478166	557	690	8	6	133	0.0451128
NODE_242985_length_1014_cov_5.975956	82	215	1	31	133	0.2330827
NODE_242985_length_1014_cov_5.975956	82	215	2	20	133	0.1503759
NODE_242985_length_1014_cov_5.975956	82	215	3	82	133	0.6165413
NODE_243013_length_1014_cov_4.746448	83	216	0	133	133	1.0000000
NODE_243015_length_1014_cov_4.727869	610	743	16	18	133	0.1353384
NODE_243015_length_1014_cov_4.727869	610	743	17	9	133	0.0676692
NODE_243015_length_1014_cov_4.727869	610	743	18	2	133	0.0150376
NODE_243015_length_1014_cov_4.727869	610	743	19	5	133	0.0375940
NODE_243015_length_1014_cov_4.727869	610	743	20	3	133	0.0225564
NODE_243015_length_1014_cov_4.727869	610	743	21	4	133	0.0300752
NODE_243015_length_1014_cov_4.727869	610	743	22	1	133	0.0075188
NODE_243015_length_1014_cov_4.727869	610	743	23	2	133	0.0150376
NODE_243015_length_1014_cov_4.727869	610	743	24	4	133	0.0300752
NODE_243015_length_1014_cov_4.727869	610	743	25	13	133	0.0977444
NODE_243015_length_1014_cov_4.727869	610	743	26	6	133	0.0451128
NODE_243015_length_1014_cov_4.727869	610	743	27	17	133	0.1278196
NODE_243015_length_1014_cov_4.727869	610	743	28	18	133	0.1353384
NODE_243015_length_1014_cov_4.727869	610	743	29	8	133	0.0601504
NODE_243015_length_1014_cov_4.727869	610	743	30	3	133	0.0225564
NODE_243015_length_1014_cov_4.727869	610	743	31	13	133	0.0977444
NODE_243015_length_1014_cov_4.727869	610	743	32	7	133	0.0526316
NODE_243182_length_1014_cov_1.727869	397	530	5	6	133	0.0451128
NODE_243182_length_1014_cov_1.727869	397	530	6	4	133	0.0300752
NODE_243182_length_1014_cov_1.727869	397	530	7	24	133	0.1804511
NODE_243182_length_1014_cov_1.727869	397	530	9	3	133	0.0225564
NODE_243182_length_1014_cov_1.727869	397	530	10	17	133	0.1278196
NODE_243182_length_1014_cov_1.727869	397	530	11	5	133	0.0375940
NODE_243182_length_1014_cov_1.727869	397	530	12	39	133	0.2932331
NODE_243182_length_1014_cov_1.727869	397	530	13	8	133	0.0601504
NODE_243182_length_1014_cov_1.727869	397	530	14	20	133	0.1503759
NODE_243182_length_1014_cov_1.727869	397	530	15	7	133	0.0526316
NODE_24318_length_5081_cov_4.990165	3760	3893	18	12	133	0.0902256
NODE_24318_length_5081_cov_4.990165	3760	3893	19	6	133	0.0451128
NODE_24318_length_5081_cov_4.990165	3760	3893	20	7	133	0.0526316
NODE_24318_length_5081_cov_4.990165	3760	3893	21	12	133	0.0902256
NODE_24318_length_5081_cov_4.990165	3760	3893	22	14	133	0.1052632
NODE_24318_length_5081_cov_4.990165	3760	3893	23	8	133	0.0601504
NODE_24318_length_5081_cov_4.990165	3760	3893	24	5	133	0.0375940
NODE_24318_length_5081_cov_4.990165	3760	3893	26	16	133	0.1203008
NODE_24318_length_5081_cov_4.990165	3760	3893	27	19	133	0.1428571
NODE_24318_length_5081_cov_4.990165	3760	3893	28	10	133	0.0751880
NODE_24318_length_5081_cov_4.990165	3760	3893	29	2	133	0.0150376
NODE_24318_length_5081_cov_4.990165	3760	3893	30	8	133	0.0601504
NODE_24318_length_5081_cov_4.990165	3760	3893	31	8	133	0.0601504
NODE_24318_length_5081_cov_4.990165	3760	3893	32	6	133	0.0451128
NODE_243221_length_1013_cov_4.622538	109	242	15	3	133	0.0225564
NODE_243221_length_1013_cov_4.622538	109	242	16	1	133	0.0075188
NODE_243221_length_1013_cov_4.622538	109	242	17	8	133	0.0601504
NODE_243221_length_1013_cov_4.622538	109	242	18	19	133	0.1428571
NODE_243221_length_1013_cov_4.622538	109	242	19	9	133	0.0676692
NODE_243221_length_1013_cov_4.622538	109	242	20	7	133	0.0526316
NODE_243221_length_1013_cov_4.622538	109	242	21	3	133	0.0225564
NODE_243221_length_1013_cov_4.622538	109	242	22	1	133	0.0075188
NODE_243221_length_1013_cov_4.622538	109	242	23	30	133	0.2255639
NODE_243221_length_1013_cov_4.622538	109	242	24	12	133	0.0902256
NODE_243221_length_1013_cov_4.622538	109	242	25	21	133	0.1578947
NODE_243221_length_1013_cov_4.622538	109	242	26	19	133	0.1428571
NODE_24345_length_5079_cov_4.266265	2755	2888	3	61	133	0.4586466
NODE_24345_length_5079_cov_4.266265	2755	2888	4	19	133	0.1428571
NODE_24345_length_5079_cov_4.266265	2755	2888	5	53	133	0.3984962
NODE_243473_length_1012_cov_4.306681	516	649	14	8	133	0.0601504
NODE_243473_length_1012_cov_4.306681	516	649	15	1	133	0.0075188
NODE_243473_length_1012_cov_4.306681	516	649	16	3	133	0.0225564
NODE_243473_length_1012_cov_4.306681	516	649	17	5	133	0.0375940
NODE_243473_length_1012_cov_4.306681	516	649	18	13	133	0.0977444
NODE_243473_length_1012_cov_4.306681	516	649	19	24	133	0.1804511
NODE_243473_length_1012_cov_4.306681	516	649	20	2	133	0.0150376
NODE_243473_length_1012_cov_4.306681	516	649	21	9	133	0.0676692
NODE_243473_length_1012_cov_4.306681	516	649	22	30	133	0.2255639
NODE_243473_length_1012_cov_4.306681	516	649	23	5	133	0.0375940
NODE_243473_length_1012_cov_4.306681	516	649	24	33	133	0.2481203
NODE_24347_length_5079_cov_3.464659	4020	4153	25	4	133	0.0300752
NODE_24347_length_5079_cov_3.464659	4020	4153	26	4	133	0.0300752
NODE_24347_length_5079_cov_3.464659	4020	4153	27	3	133	0.0225564
NODE_24347_length_5079_cov_3.464659	4020	4153	30	7	133	0.0526316
NODE_24347_length_5079_cov_3.464659	4020	4153	31	6	133	0.0451128
NODE_24347_length_5079_cov_3.464659	4020	4153	32	7	133	0.0526316
NODE_24347_length_5079_cov_3.464659	4020	4153	33	2	133	0.0150376
NODE_24347_length_5079_cov_3.464659	4020	4153	34	5	133	0.0375940
NODE_24347_length_5079_cov_3.464659	4020	4153	35	10	133	0.0751880
NODE_24347_length_5079_cov_3.464659	4020	4153	36	3	133	0.0225564
NODE_24347_length_5079_cov_3.464659	4020	4153	37	11	133	0.0827068
NODE_24347_length_5079_cov_3.464659	4020	4153	38	8	133	0.0601504
NODE_24347_length_5079_cov_3.464659	4020	4153	39	6	133	0.0451128
NODE_24347_length_5079_cov_3.464659	4020	4153	40	12	133	0.0902256
NODE_24347_length_5079_cov_3.464659	4020	4153	41	10	133	0.0751880
NODE_24347_length_5079_cov_3.464659	4020	4153	42	20	133	0.1503759
NODE_24347_length_5079_cov_3.464659	4020	4153	43	13	133	0.0977444
NODE_24347_length_5079_cov_3.464659	4020	4153	44	2	133	0.0150376
NODE_243581_length_1012_cov_2.825849	636	769	1	19	133	0.1428571
NODE_243581_length_1012_cov_2.825849	636	769	2	6	133	0.0451128
NODE_243581_length_1012_cov_2.825849	636	769	3	108	133	0.8120301
NODE_243587_length_1012_cov_2.806134	260	393	7	6	133	0.0451128
NODE_243587_length_1012_cov_2.806134	260	393	8	33	133	0.2481203
NODE_243587_length_1012_cov_2.806134	260	393	9	34	133	0.2556391
NODE_243587_length_1012_cov_2.806134	260	393	10	25	133	0.1879699
NODE_243587_length_1012_cov_2.806134	260	393	11	9	133	0.0676692
NODE_243587_length_1012_cov_2.806134	260	393	12	2	133	0.0150376
NODE_243587_length_1012_cov_2.806134	260	393	13	24	133	0.1804511
NODE_2435_length_11683_cov_5.029006	1521	1654	6	1	133	0.0075188
NODE_2435_length_11683_cov_5.029006	1521	1654	7	5	133	0.0375940
NODE_2435_length_11683_cov_5.029006	1521	1654	8	6	133	0.0451128
NODE_2435_length_11683_cov_5.029006	1521	1654	9	30	133	0.2255639
NODE_2435_length_11683_cov_5.029006	1521	1654	10	23	133	0.1729323
NODE_2435_length_11683_cov_5.029006	1521	1654	11	27	133	0.2030075
NODE_2435_length_11683_cov_5.029006	1521	1654	12	21	133	0.1578947
NODE_2435_length_11683_cov_5.029006	1521	1654	13	20	133	0.1503759
NODE_24378_length_5075_cov_4.962621	2935	3068	13	11	133	0.0827068
NODE_24378_length_5075_cov_4.962621	2935	3068	14	46	133	0.3458647
NODE_24378_length_5075_cov_4.962621	2935	3068	15	15	133	0.1127820
NODE_24378_length_5075_cov_4.962621	2935	3068	16	27	133	0.2030075
NODE_24378_length_5075_cov_4.962621	2935	3068	17	30	133	0.2255639
NODE_24378_length_5075_cov_4.962621	2935	3068	18	4	133	0.0300752
NODE_243817_length_1011_cov_2.699561	541	674	1	17	133	0.1278196
NODE_243817_length_1011_cov_2.699561	541	674	2	4	133	0.0300752
NODE_243817_length_1011_cov_2.699561	541	674	3	112	133	0.8421053
NODE_24401_length_5072_cov_10.206113	2533	2666	4	1	133	0.0075188
NODE_24401_length_5072_cov_10.206113	2533	2666	5	9	133	0.0676692
NODE_24401_length_5072_cov_10.206113	2533	2666	7	1	133	0.0075188
NODE_24401_length_5072_cov_10.206113	2533	2666	8	6	133	0.0451128
NODE_24401_length_5072_cov_10.206113	2533	2666	9	10	133	0.0751880
NODE_24401_length_5072_cov_10.206113	2533	2666	10	20	133	0.1503759
NODE_24401_length_5072_cov_10.206113	2533	2666	11	34	133	0.2556391
NODE_24401_length_5072_cov_10.206113	2533	2666	12	42	133	0.3157895
NODE_24401_length_5072_cov_10.206113	2533	2666	13	10	133	0.0751880
NODE_24432_length_5070_cov_4.244015	4238	4371	10	3	133	0.0225564
NODE_24432_length_5070_cov_4.244015	4238	4371	11	8	133	0.0601504
NODE_24432_length_5070_cov_4.244015	4238	4371	12	7	133	0.0526316
NODE_24432_length_5070_cov_4.244015	4238	4371	13	2	133	0.0150376
NODE_24432_length_5070_cov_4.244015	4238	4371	14	8	133	0.0601504
NODE_24432_length_5070_cov_4.244015	4238	4371	16	28	133	0.2105263
NODE_24432_length_5070_cov_4.244015	4238	4371	17	23	133	0.1729323
NODE_24432_length_5070_cov_4.244015	4238	4371	18	16	133	0.1203008
NODE_24432_length_5070_cov_4.244015	4238	4371	20	26	133	0.1954887
NODE_24432_length_5070_cov_4.244015	4238	4371	21	12	133	0.0902256
NODE_244480_length_1008_cov_2.444444	301	434	18	3	133	0.0225564
NODE_244480_length_1008_cov_2.444444	301	434	21	16	133	0.1203008
NODE_244480_length_1008_cov_2.444444	301	434	22	2	133	0.0150376
NODE_244480_length_1008_cov_2.444444	301	434	24	12	133	0.0902256
NODE_244480_length_1008_cov_2.444444	301	434	25	11	133	0.0827068
NODE_244480_length_1008_cov_2.444444	301	434	26	21	133	0.1578947
NODE_244480_length_1008_cov_2.444444	301	434	27	41	133	0.3082707
NODE_244480_length_1008_cov_2.444444	301	434	28	21	133	0.1578947
NODE_244480_length_1008_cov_2.444444	301	434	29	5	133	0.0375940
NODE_244480_length_1008_cov_2.444444	301	434	30	1	133	0.0075188
NODE_244563_length_1007_cov_4.231278	343	476	10	6	133	0.0451128
NODE_244563_length_1007_cov_4.231278	343	476	11	10	133	0.0751880
NODE_244563_length_1007_cov_4.231278	343	476	12	4	133	0.0300752
NODE_244563_length_1007_cov_4.231278	343	476	16	29	133	0.2180451
NODE_244563_length_1007_cov_4.231278	343	476	17	25	133	0.1879699
NODE_244563_length_1007_cov_4.231278	343	476	18	49	133	0.3684210
NODE_244563_length_1007_cov_4.231278	343	476	19	10	133	0.0751880
NODE_244739_length_1006_cov_4.968026	296	429	11	16	133	0.1203008
NODE_244739_length_1006_cov_4.968026	296	429	13	1	133	0.0075188
NODE_244739_length_1006_cov_4.968026	296	429	15	5	133	0.0375940
NODE_244739_length_1006_cov_4.968026	296	429	16	33	133	0.2481203
NODE_244739_length_1006_cov_4.968026	296	429	17	38	133	0.2857143
NODE_244739_length_1006_cov_4.968026	296	429	18	9	133	0.0676692
NODE_244739_length_1006_cov_4.968026	296	429	19	15	133	0.1127820
NODE_244739_length_1006_cov_4.968026	296	429	20	11	133	0.0827068
NODE_244739_length_1006_cov_4.968026	296	429	22	5	133	0.0375940
NODE_244869_length_1006_cov_3.062845	267	400	48	1	133	0.0075188
NODE_244869_length_1006_cov_3.062845	267	400	49	2	133	0.0150376
NODE_244869_length_1006_cov_3.062845	267	400	50	4	133	0.0300752
NODE_244869_length_1006_cov_3.062845	267	400	51	2	133	0.0150376
NODE_244869_length_1006_cov_3.062845	267	400	52	9	133	0.0676692
NODE_244869_length_1006_cov_3.062845	267	400	53	4	133	0.0300752
NODE_244869_length_1006_cov_3.062845	267	400	54	9	133	0.0676692
NODE_244869_length_1006_cov_3.062845	267	400	55	4	133	0.0300752
NODE_244869_length_1006_cov_3.062845	267	400	56	4	133	0.0300752
NODE_244869_length_1006_cov_3.062845	267	400	57	5	133	0.0375940
NODE_244869_length_1006_cov_3.062845	267	400	58	3	133	0.0225564
NODE_244869_length_1006_cov_3.062845	267	400	59	5	133	0.0375940
NODE_244869_length_1006_cov_3.062845	267	400	60	11	133	0.0827068
NODE_244869_length_1006_cov_3.062845	267	400	61	3	133	0.0225564
NODE_244869_length_1006_cov_3.062845	267	400	62	3	133	0.0225564
NODE_244869_length_1006_cov_3.062845	267	400	63	7	133	0.0526316
NODE_244869_length_1006_cov_3.062845	267	400	64	2	133	0.0150376
NODE_244869_length_1006_cov_3.062845	267	400	65	2	133	0.0150376
NODE_244869_length_1006_cov_3.062845	267	400	66	8	133	0.0601504
NODE_244869_length_1006_cov_3.062845	267	400	67	9	133	0.0676692
NODE_244869_length_1006_cov_3.062845	267	400	68	3	133	0.0225564
NODE_244869_length_1006_cov_3.062845	267	400	69	2	133	0.0150376
NODE_244869_length_1006_cov_3.062845	267	400	70	3	133	0.0225564
NODE_244869_length_1006_cov_3.062845	267	400	71	5	133	0.0375940
NODE_244869_length_1006_cov_3.062845	267	400	72	7	133	0.0526316
NODE_244869_length_1006_cov_3.062845	267	400	73	10	133	0.0751880
NODE_244869_length_1006_cov_3.062845	267	400	74	4	133	0.0300752
NODE_244869_length_1006_cov_3.062845	267	400	75	2	133	0.0150376
NODE_24505_length_5062_cov_4.181946	1791	1924	9	16	133	0.1203008
NODE_24505_length_5062_cov_4.181946	1791	1924	10	23	133	0.1729323
NODE_24505_length_5062_cov_4.181946	1791	1924	11	13	133	0.0977444
NODE_24505_length_5062_cov_4.181946	1791	1924	12	42	133	0.3157895
NODE_24505_length_5062_cov_4.181946	1791	1924	13	29	133	0.2180451
NODE_24505_length_5062_cov_4.181946	1791	1924	14	10	133	0.0751880
NODE_245161_length_1005_cov_2.453642	433	566	15	8	133	0.0601504
NODE_245161_length_1005_cov_2.453642	433	566	16	24	133	0.1804511
NODE_245161_length_1005_cov_2.453642	433	566	17	4	133	0.0300752
NODE_245161_length_1005_cov_2.453642	433	566	18	25	133	0.1879699
NODE_245161_length_1005_cov_2.453642	433	566	19	27	133	0.2030075
NODE_245161_length_1005_cov_2.453642	433	566	20	16	133	0.1203008
NODE_245161_length_1005_cov_2.453642	433	566	21	21	133	0.1578947
NODE_245161_length_1005_cov_2.453642	433	566	22	8	133	0.0601504
NODE_2451_length_11661_cov_14.489102	10962	11095	6	13	133	0.0977444
NODE_2451_length_11661_cov_14.489102	10962	11095	7	6	133	0.0451128
NODE_2451_length_11661_cov_14.489102	10962	11095	8	5	133	0.0375940
NODE_2451_length_11661_cov_14.489102	10962	11095	9	6	133	0.0451128
NODE_2451_length_11661_cov_14.489102	10962	11095	10	12	133	0.0902256
NODE_2451_length_11661_cov_14.489102	10962	11095	11	1	133	0.0075188
NODE_2451_length_11661_cov_14.489102	10962	11095	12	12	133	0.0902256
NODE_2451_length_11661_cov_14.489102	10962	11095	13	18	133	0.1353384
NODE_2451_length_11661_cov_14.489102	10962	11095	14	4	133	0.0300752
NODE_2451_length_11661_cov_14.489102	10962	11095	15	33	133	0.2481203
NODE_2451_length_11661_cov_14.489102	10962	11095	16	17	133	0.1278196
NODE_2451_length_11661_cov_14.489102	10962	11095	18	6	133	0.0451128
NODE_245207_length_1004_cov_4.769061	110	243	16	7	133	0.0526316
NODE_245207_length_1004_cov_4.769061	110	243	17	7	133	0.0526316
NODE_245207_length_1004_cov_4.769061	110	243	18	20	133	0.1503759
NODE_245207_length_1004_cov_4.769061	110	243	19	22	133	0.1654135
NODE_245207_length_1004_cov_4.769061	110	243	20	9	133	0.0676692
NODE_245207_length_1004_cov_4.769061	110	243	21	25	133	0.1879699
NODE_245207_length_1004_cov_4.769061	110	243	22	28	133	0.2105263
NODE_245207_length_1004_cov_4.769061	110	243	23	15	133	0.1127820
NODE_245210_length_1004_cov_4.634254	371	504	7	6	133	0.0451128
NODE_245210_length_1004_cov_4.634254	371	504	8	12	133	0.0902256
NODE_245210_length_1004_cov_4.634254	371	504	10	15	133	0.1127820
NODE_245210_length_1004_cov_4.634254	371	504	11	4	133	0.0300752
NODE_245210_length_1004_cov_4.634254	371	504	13	2	133	0.0150376
NODE_245210_length_1004_cov_4.634254	371	504	14	3	133	0.0225564
NODE_245210_length_1004_cov_4.634254	371	504	15	20	133	0.1503759
NODE_245210_length_1004_cov_4.634254	371	504	16	10	133	0.0751880
NODE_245210_length_1004_cov_4.634254	371	504	17	29	133	0.2180451
NODE_245210_length_1004_cov_4.634254	371	504	18	32	133	0.2406015
NODE_245272_length_1004_cov_3.476243	232	365	7	12	133	0.0902256
NODE_245272_length_1004_cov_3.476243	232	365	8	24	133	0.1804511
NODE_245272_length_1004_cov_3.476243	232	365	9	18	133	0.1353384
NODE_245272_length_1004_cov_3.476243	232	365	10	18	133	0.1353384
NODE_245272_length_1004_cov_3.476243	232	365	11	55	133	0.4135338
NODE_245272_length_1004_cov_3.476243	232	365	12	6	133	0.0451128
NODE_245391_length_1004_cov_1.890608	578	711	5	8	133	0.0601504
NODE_245391_length_1004_cov_1.890608	578	711	7	9	133	0.0676692
NODE_245391_length_1004_cov_1.890608	578	711	8	4	133	0.0300752
NODE_245391_length_1004_cov_1.890608	578	711	9	25	133	0.1879699
NODE_245391_length_1004_cov_1.890608	578	711	10	13	133	0.0977444
NODE_245391_length_1004_cov_1.890608	578	711	11	12	133	0.0902256
NODE_245391_length_1004_cov_1.890608	578	711	12	3	133	0.0225564
NODE_245391_length_1004_cov_1.890608	578	711	13	24	133	0.1804511
NODE_245391_length_1004_cov_1.890608	578	711	14	5	133	0.0375940
NODE_245391_length_1004_cov_1.890608	578	711	15	30	133	0.2255639
NODE_24539_length_5058_cov_4.246219	3662	3795	9	11	133	0.0827068
NODE_24539_length_5058_cov_4.246219	3662	3795	10	1	133	0.0075188
NODE_24539_length_5058_cov_4.246219	3662	3795	11	9	133	0.0676692
NODE_24539_length_5058_cov_4.246219	3662	3795	13	7	133	0.0526316
NODE_24539_length_5058_cov_4.246219	3662	3795	14	3	133	0.0225564
NODE_24539_length_5058_cov_4.246219	3662	3795	15	2	133	0.0150376
NODE_24539_length_5058_cov_4.246219	3662	3795	16	4	133	0.0300752
NODE_24539_length_5058_cov_4.246219	3662	3795	17	5	133	0.0375940
NODE_24539_length_5058_cov_4.246219	3662	3795	18	20	133	0.1503759
NODE_24539_length_5058_cov_4.246219	3662	3795	19	28	133	0.2105263
NODE_24539_length_5058_cov_4.246219	3662	3795	20	38	133	0.2857143
NODE_24539_length_5058_cov_4.246219	3662	3795	21	5	133	0.0375940
NODE_24541_length_5058_cov_4.047187	884	1017	0	41	133	0.3082707
NODE_24541_length_5058_cov_4.047187	884	1017	1	10	133	0.0751880
NODE_24541_length_5058_cov_4.047187	884	1017	2	9	133	0.0676692
NODE_24541_length_5058_cov_4.047187	884	1017	3	24	133	0.1804511
NODE_24541_length_5058_cov_4.047187	884	1017	4	12	133	0.0902256
NODE_24541_length_5058_cov_4.047187	884	1017	6	13	133	0.0977444
NODE_24541_length_5058_cov_4.047187	884	1017	7	24	133	0.1804511
NODE_24546_length_5058_cov_3.482154	112	245	2	12	133	0.0902256
NODE_24546_length_5058_cov_3.482154	112	245	4	32	133	0.2406015
NODE_24546_length_5058_cov_3.482154	112	245	6	18	133	0.1353384
NODE_24546_length_5058_cov_3.482154	112	245	7	35	133	0.2631579
NODE_24546_length_5058_cov_3.482154	112	245	8	5	133	0.0375940
NODE_24546_length_5058_cov_3.482154	112	245	9	31	133	0.2330827
NODE_245702_length_1002_cov_4.234773	398	531	1	6	133	0.0451128
NODE_245702_length_1002_cov_4.234773	398	531	2	10	133	0.0751880
NODE_245702_length_1002_cov_4.234773	398	531	6	3	133	0.0225564
NODE_245702_length_1002_cov_4.234773	398	531	8	1	133	0.0075188
NODE_245702_length_1002_cov_4.234773	398	531	9	3	133	0.0225564
NODE_245702_length_1002_cov_4.234773	398	531	10	13	133	0.0977444
NODE_245702_length_1002_cov_4.234773	398	531	11	40	133	0.3007519
NODE_245702_length_1002_cov_4.234773	398	531	12	1	133	0.0075188
NODE_245702_length_1002_cov_4.234773	398	531	13	53	133	0.3984962
NODE_245702_length_1002_cov_4.234773	398	531	14	3	133	0.0225564
NODE_24573_length_5055_cov_4.206215	3166	3299	3	24	133	0.1804511
NODE_24573_length_5055_cov_4.206215	3166	3299	5	63	133	0.4736842
NODE_24573_length_5055_cov_4.206215	3166	3299	6	10	133	0.0751880
NODE_24573_length_5055_cov_4.206215	3166	3299	7	16	133	0.1203008
NODE_24573_length_5055_cov_4.206215	3166	3299	8	1	133	0.0075188
NODE_24573_length_5055_cov_4.206215	3166	3299	9	19	133	0.1428571
NODE_245851_length_1002_cov_1.960133	408	541	5	4	133	0.0300752
NODE_245851_length_1002_cov_1.960133	408	541	6	4	133	0.0300752
NODE_245851_length_1002_cov_1.960133	408	541	7	47	133	0.3533835
NODE_245851_length_1002_cov_1.960133	408	541	8	25	133	0.1879699
NODE_245851_length_1002_cov_1.960133	408	541	9	52	133	0.3909774
NODE_245851_length_1002_cov_1.960133	408	541	10	1	133	0.0075188
NODE_245897_length_1001_cov_4.845898	395	528	35	4	133	0.0300752
NODE_245897_length_1001_cov_4.845898	395	528	37	1	133	0.0075188
NODE_245897_length_1001_cov_4.845898	395	528	39	9	133	0.0676692
NODE_245897_length_1001_cov_4.845898	395	528	40	17	133	0.1278196
NODE_245897_length_1001_cov_4.845898	395	528	41	20	133	0.1503759
NODE_245897_length_1001_cov_4.845898	395	528	42	1	133	0.0075188
NODE_245897_length_1001_cov_4.845898	395	528	46	2	133	0.0150376
NODE_245897_length_1001_cov_4.845898	395	528	48	1	133	0.0075188
NODE_245897_length_1001_cov_4.845898	395	528	49	1	133	0.0075188
NODE_245897_length_1001_cov_4.845898	395	528	51	5	133	0.0375940
NODE_245897_length_1001_cov_4.845898	395	528	52	7	133	0.0526316
NODE_245897_length_1001_cov_4.845898	395	528	53	10	133	0.0751880
NODE_245897_length_1001_cov_4.845898	395	528	54	18	133	0.1353384
NODE_245897_length_1001_cov_4.845898	395	528	55	21	133	0.1578947
NODE_245897_length_1001_cov_4.845898	395	528	56	6	133	0.0451128
NODE_245897_length_1001_cov_4.845898	395	528	57	8	133	0.0601504
NODE_245897_length_1001_cov_4.845898	395	528	58	2	133	0.0150376
NODE_24610_length_5052_cov_4.624268	3709	3842	9	19	133	0.1428571
NODE_24610_length_5052_cov_4.624268	3709	3842	10	4	133	0.0300752
NODE_24610_length_5052_cov_4.624268	3709	3842	11	7	133	0.0526316
NODE_24610_length_5052_cov_4.624268	3709	3842	13	7	133	0.0526316
NODE_24610_length_5052_cov_4.624268	3709	3842	14	13	133	0.0977444
NODE_24610_length_5052_cov_4.624268	3709	3842	16	17	133	0.1278196
NODE_24610_length_5052_cov_4.624268	3709	3842	17	3	133	0.0225564
NODE_24610_length_5052_cov_4.624268	3709	3842	18	20	133	0.1503759
NODE_24610_length_5052_cov_4.624268	3709	3842	19	1	133	0.0075188
NODE_24610_length_5052_cov_4.624268	3709	3842	20	30	133	0.2255639
NODE_24610_length_5052_cov_4.624268	3709	3842	22	12	133	0.0902256
NODE_246170_length_1000_cov_3.598224	490	623	5	1	133	0.0075188
NODE_246170_length_1000_cov_3.598224	490	623	6	34	133	0.2556391
NODE_246170_length_1000_cov_3.598224	490	623	7	13	133	0.0977444
NODE_246170_length_1000_cov_3.598224	490	623	8	9	133	0.0676692
NODE_246170_length_1000_cov_3.598224	490	623	9	18	133	0.1353384
NODE_246170_length_1000_cov_3.598224	490	623	10	31	133	0.2330827
NODE_246170_length_1000_cov_3.598224	490	623	11	27	133	0.2030075
NODE_246326_length_999_cov_5.628889	411	544	17	1	133	0.0075188
NODE_246326_length_999_cov_5.628889	411	544	18	3	133	0.0225564
NODE_246326_length_999_cov_5.628889	411	544	20	9	133	0.0676692
NODE_246326_length_999_cov_5.628889	411	544	22	7	133	0.0526316
NODE_246326_length_999_cov_5.628889	411	544	23	6	133	0.0451128
NODE_246326_length_999_cov_5.628889	411	544	24	4	133	0.0300752
NODE_246326_length_999_cov_5.628889	411	544	25	5	133	0.0375940
NODE_246326_length_999_cov_5.628889	411	544	26	1	133	0.0075188
NODE_246326_length_999_cov_5.628889	411	544	27	21	133	0.1578947
NODE_246326_length_999_cov_5.628889	411	544	29	4	133	0.0300752
NODE_246326_length_999_cov_5.628889	411	544	30	24	133	0.1804511
NODE_246326_length_999_cov_5.628889	411	544	31	11	133	0.0827068
NODE_246326_length_999_cov_5.628889	411	544	32	20	133	0.1503759
NODE_246326_length_999_cov_5.628889	411	544	33	1	133	0.0075188
NODE_246326_length_999_cov_5.628889	411	544	34	1	133	0.0075188
NODE_246326_length_999_cov_5.628889	411	544	35	13	133	0.0977444
NODE_246326_length_999_cov_5.628889	411	544	36	2	133	0.0150376
NODE_24632_length_5051_cov_3.655089	3398	3531	3	4	133	0.0300752
NODE_24632_length_5051_cov_3.655089	3398	3531	4	3	133	0.0225564
NODE_24632_length_5051_cov_3.655089	3398	3531	6	12	133	0.0902256
NODE_24632_length_5051_cov_3.655089	3398	3531	8	9	133	0.0676692
NODE_24632_length_5051_cov_3.655089	3398	3531	10	1	133	0.0075188
NODE_24632_length_5051_cov_3.655089	3398	3531	11	16	133	0.1203008
NODE_24632_length_5051_cov_3.655089	3398	3531	12	28	133	0.2105263
NODE_24632_length_5051_cov_3.655089	3398	3531	13	60	133	0.4511278
NODE_246379_length_999_cov_3.964444	592	725	27	4	133	0.0300752
NODE_246379_length_999_cov_3.964444	592	725	29	9	133	0.0676692
NODE_246379_length_999_cov_3.964444	592	725	30	2	133	0.0150376
NODE_246379_length_999_cov_3.964444	592	725	31	2	133	0.0150376
NODE_246379_length_999_cov_3.964444	592	725	33	1	133	0.0075188
NODE_246379_length_999_cov_3.964444	592	725	35	3	133	0.0225564
NODE_246379_length_999_cov_3.964444	592	725	36	1	133	0.0075188
NODE_246379_length_999_cov_3.964444	592	725	37	2	133	0.0150376
NODE_246379_length_999_cov_3.964444	592	725	38	1	133	0.0075188
NODE_246379_length_999_cov_3.964444	592	725	40	1	133	0.0075188
NODE_246379_length_999_cov_3.964444	592	725	41	1	133	0.0075188
NODE_246379_length_999_cov_3.964444	592	725	43	3	133	0.0225564
NODE_246379_length_999_cov_3.964444	592	725	44	7	133	0.0526316
NODE_246379_length_999_cov_3.964444	592	725	45	3	133	0.0225564
NODE_246379_length_999_cov_3.964444	592	725	47	3	133	0.0225564
NODE_246379_length_999_cov_3.964444	592	725	48	4	133	0.0300752
NODE_246379_length_999_cov_3.964444	592	725	49	8	133	0.0601504
NODE_246379_length_999_cov_3.964444	592	725	50	1	133	0.0075188
NODE_246379_length_999_cov_3.964444	592	725	51	1	133	0.0075188
NODE_246379_length_999_cov_3.964444	592	725	52	3	133	0.0225564
NODE_246379_length_999_cov_3.964444	592	725	54	1	133	0.0075188
NODE_246379_length_999_cov_3.964444	592	725	58	2	133	0.0150376
NODE_246379_length_999_cov_3.964444	592	725	59	5	133	0.0375940
NODE_246379_length_999_cov_3.964444	592	725	60	7	133	0.0526316
NODE_246379_length_999_cov_3.964444	592	725	61	17	133	0.1278196
NODE_246379_length_999_cov_3.964444	592	725	62	20	133	0.1503759
NODE_246379_length_999_cov_3.964444	592	725	63	19	133	0.1428571
NODE_246379_length_999_cov_3.964444	592	725	64	2	133	0.0150376
NODE_24640_length_5050_cov_4.431428	1654	1787	5	20	133	0.1503759
NODE_24640_length_5050_cov_4.431428	1654	1787	6	20	133	0.1503759
NODE_24640_length_5050_cov_4.431428	1654	1787	7	74	133	0.5563910
NODE_24640_length_5050_cov_4.431428	1654	1787	8	5	133	0.0375940
NODE_24640_length_5050_cov_4.431428	1654	1787	9	14	133	0.1052632
NODE_24649_length_5049_cov_4.103434	2680	2813	15	2	133	0.0150376
NODE_24649_length_5049_cov_4.103434	2680	2813	17	10	133	0.0751880
NODE_24649_length_5049_cov_4.103434	2680	2813	18	5	133	0.0375940
NODE_24649_length_5049_cov_4.103434	2680	2813	23	3	133	0.0225564
NODE_24649_length_5049_cov_4.103434	2680	2813	25	2	133	0.0150376
NODE_24649_length_5049_cov_4.103434	2680	2813	26	6	133	0.0451128
NODE_24649_length_5049_cov_4.103434	2680	2813	27	4	133	0.0300752
NODE_24649_length_5049_cov_4.103434	2680	2813	28	15	133	0.1127820
NODE_24649_length_5049_cov_4.103434	2680	2813	29	5	133	0.0375940
NODE_24649_length_5049_cov_4.103434	2680	2813	30	7	133	0.0526316
NODE_24649_length_5049_cov_4.103434	2680	2813	31	16	133	0.1203008
NODE_24649_length_5049_cov_4.103434	2680	2813	32	21	133	0.1578947
NODE_24649_length_5049_cov_4.103434	2680	2813	33	11	133	0.0827068
NODE_24649_length_5049_cov_4.103434	2680	2813	34	13	133	0.0977444
NODE_24649_length_5049_cov_4.103434	2680	2813	35	13	133	0.0977444
NODE_246565_length_998_cov_4.428254	723	856	12	8	133	0.0601504
NODE_246565_length_998_cov_4.428254	723	856	13	16	133	0.1203008
NODE_246565_length_998_cov_4.428254	723	856	14	30	133	0.2255639
NODE_246565_length_998_cov_4.428254	723	856	15	24	133	0.1804511
NODE_246565_length_998_cov_4.428254	723	856	16	9	133	0.0676692
NODE_246565_length_998_cov_4.428254	723	856	17	41	133	0.3082707
NODE_246565_length_998_cov_4.428254	723	856	18	5	133	0.0375940
NODE_24660_length_5048_cov_3.959588	1475	1608	10	38	133	0.2857143
NODE_24660_length_5048_cov_3.959588	1475	1608	11	27	133	0.2030075
NODE_24660_length_5048_cov_3.959588	1475	1608	12	20	133	0.1503759
NODE_24660_length_5048_cov_3.959588	1475	1608	13	13	133	0.0977444
NODE_24660_length_5048_cov_3.959588	1475	1608	14	22	133	0.1654135
NODE_24660_length_5048_cov_3.959588	1475	1608	15	13	133	0.0977444
NODE_24680_length_5046_cov_5.201334	788	921	3	10	133	0.0751880
NODE_24680_length_5046_cov_5.201334	788	921	4	22	133	0.1654135
NODE_24680_length_5046_cov_5.201334	788	921	5	10	133	0.0751880
NODE_24680_length_5046_cov_5.201334	788	921	6	10	133	0.0751880
NODE_24680_length_5046_cov_5.201334	788	921	7	9	133	0.0676692
NODE_24680_length_5046_cov_5.201334	788	921	8	72	133	0.5413534
NODE_24681_length_5046_cov_4.915706	177	310	15	11	133	0.0827068
NODE_24681_length_5046_cov_4.915706	177	310	16	23	133	0.1729323
NODE_24681_length_5046_cov_4.915706	177	310	18	3	133	0.0225564
NODE_24681_length_5046_cov_4.915706	177	310	19	14	133	0.1052632
NODE_24681_length_5046_cov_4.915706	177	310	20	24	133	0.1804511
NODE_24681_length_5046_cov_4.915706	177	310	21	5	133	0.0375940
NODE_24681_length_5046_cov_4.915706	177	310	22	47	133	0.3533835
NODE_24681_length_5046_cov_4.915706	177	310	23	6	133	0.0451128
NODE_247076_length_996_cov_3.403567	623	756	0	23	133	0.1729323
NODE_247076_length_996_cov_3.403567	623	756	2	10	133	0.0751880
NODE_247076_length_996_cov_3.403567	623	756	3	95	133	0.7142857
NODE_247076_length_996_cov_3.403567	623	756	4	5	133	0.0375940
NODE_24715_length_5042_cov_7.043698	1129	1262	0	133	133	1.0000000
NODE_247162_length_996_cov_2.337793	644	777	6	7	133	0.0526316
NODE_247162_length_996_cov_2.337793	644	777	7	12	133	0.0902256
NODE_247162_length_996_cov_2.337793	644	777	8	8	133	0.0601504
NODE_247162_length_996_cov_2.337793	644	777	9	20	133	0.1503759
NODE_247162_length_996_cov_2.337793	644	777	10	4	133	0.0300752
NODE_247162_length_996_cov_2.337793	644	777	11	37	133	0.2781955
NODE_247162_length_996_cov_2.337793	644	777	12	10	133	0.0751880
NODE_247162_length_996_cov_2.337793	644	777	13	31	133	0.2330827
NODE_247162_length_996_cov_2.337793	644	777	14	4	133	0.0300752
NODE_24732_length_5040_cov_4.730217	1861	1994	4	1	133	0.0075188
NODE_24732_length_5040_cov_4.730217	1861	1994	5	14	133	0.1052632
NODE_24732_length_5040_cov_4.730217	1861	1994	6	82	133	0.6165413
NODE_24732_length_5040_cov_4.730217	1861	1994	7	4	133	0.0300752
NODE_24732_length_5040_cov_4.730217	1861	1994	8	31	133	0.2330827
NODE_24732_length_5040_cov_4.730217	1861	1994	9	1	133	0.0075188
NODE_247390_length_994_cov_7.054749	667	800	3	3	133	0.0225564
NODE_247390_length_994_cov_7.054749	667	800	4	38	133	0.2857143
NODE_247390_length_994_cov_7.054749	667	800	5	10	133	0.0751880
NODE_247390_length_994_cov_7.054749	667	800	6	22	133	0.1654135
NODE_247390_length_994_cov_7.054749	667	800	7	60	133	0.4511278
NODE_247404_length_994_cov_5.080447	344	477	3	14	133	0.1052632
NODE_247404_length_994_cov_5.080447	344	477	4	15	133	0.1127820
NODE_247404_length_994_cov_5.080447	344	477	5	12	133	0.0902256
NODE_247404_length_994_cov_5.080447	344	477	6	4	133	0.0300752
NODE_247404_length_994_cov_5.080447	344	477	7	44	133	0.3308271
NODE_247404_length_994_cov_5.080447	344	477	8	33	133	0.2481203
NODE_247404_length_994_cov_5.080447	344	477	9	11	133	0.0827068
NODE_24759_length_5037_cov_3.835561	605	738	4	2	133	0.0150376
NODE_24759_length_5037_cov_3.835561	605	738	5	4	133	0.0300752
NODE_24759_length_5037_cov_3.835561	605	738	6	15	133	0.1127820
NODE_24759_length_5037_cov_3.835561	605	738	7	14	133	0.1052632
NODE_24759_length_5037_cov_3.835561	605	738	8	6	133	0.0451128
NODE_24759_length_5037_cov_3.835561	605	738	9	80	133	0.6015037
NODE_24759_length_5037_cov_3.835561	605	738	11	12	133	0.0902256
NODE_24760_length_5037_cov_3.828878	4349	4482	21	5	133	0.0375940
NODE_24760_length_5037_cov_3.828878	4349	4482	22	7	133	0.0526316
NODE_24760_length_5037_cov_3.828878	4349	4482	23	33	133	0.2481203
NODE_24760_length_5037_cov_3.828878	4349	4482	24	28	133	0.2105263
NODE_24760_length_5037_cov_3.828878	4349	4482	25	28	133	0.2105263
NODE_24760_length_5037_cov_3.828878	4349	4482	26	8	133	0.0601504
NODE_24760_length_5037_cov_3.828878	4349	4482	27	5	133	0.0375940
NODE_24760_length_5037_cov_3.828878	4349	4482	28	8	133	0.0601504
NODE_24760_length_5037_cov_3.828878	4349	4482	29	10	133	0.0751880
NODE_24760_length_5037_cov_3.828878	4349	4482	31	1	133	0.0075188
NODE_24776_length_5035_cov_5.021272	388	521	11	27	133	0.2030075
NODE_24776_length_5035_cov_5.021272	388	521	12	9	133	0.0676692
NODE_24776_length_5035_cov_5.021272	388	521	15	2	133	0.0150376
NODE_24776_length_5035_cov_5.021272	388	521	17	3	133	0.0225564
NODE_24776_length_5035_cov_5.021272	388	521	18	4	133	0.0300752
NODE_24776_length_5035_cov_5.021272	388	521	20	2	133	0.0150376
NODE_24776_length_5035_cov_5.021272	388	521	21	4	133	0.0300752
NODE_24776_length_5035_cov_5.021272	388	521	22	2	133	0.0150376
NODE_24776_length_5035_cov_5.021272	388	521	23	2	133	0.0150376
NODE_24776_length_5035_cov_5.021272	388	521	24	22	133	0.1654135
NODE_24776_length_5035_cov_5.021272	388	521	25	15	133	0.1127820
NODE_24776_length_5035_cov_5.021272	388	521	26	11	133	0.0827068
NODE_24776_length_5035_cov_5.021272	388	521	27	27	133	0.2030075
NODE_24776_length_5035_cov_5.021272	388	521	29	3	133	0.0225564
NODE_248091_length_991_cov_3.434978	611	744	11	3	133	0.0225564
NODE_248091_length_991_cov_3.434978	611	744	12	6	133	0.0451128
NODE_248091_length_991_cov_3.434978	611	744	13	29	133	0.2180451
NODE_248091_length_991_cov_3.434978	611	744	14	36	133	0.2706767
NODE_248091_length_991_cov_3.434978	611	744	15	27	133	0.2030075
NODE_248091_length_991_cov_3.434978	611	744	16	22	133	0.1654135
NODE_248091_length_991_cov_3.434978	611	744	17	10	133	0.0751880
NODE_24811_length_5031_cov_5.208029	1798	1931	3	10	133	0.0751880
NODE_24811_length_5031_cov_5.208029	1798	1931	4	46	133	0.3458647
NODE_24811_length_5031_cov_5.208029	1798	1931	5	10	133	0.0751880
NODE_24811_length_5031_cov_5.208029	1798	1931	6	8	133	0.0601504
NODE_24811_length_5031_cov_5.208029	1798	1931	7	59	133	0.4436090
NODE_24813_length_5031_cov_4.811841	1074	1207	25	2	133	0.0150376
NODE_24813_length_5031_cov_4.811841	1074	1207	26	2	133	0.0150376
NODE_24813_length_5031_cov_4.811841	1074	1207	27	5	133	0.0375940
NODE_24813_length_5031_cov_4.811841	1074	1207	28	2	133	0.0150376
NODE_24813_length_5031_cov_4.811841	1074	1207	29	4	133	0.0300752
NODE_24813_length_5031_cov_4.811841	1074	1207	30	2	133	0.0150376
NODE_24813_length_5031_cov_4.811841	1074	1207	31	17	133	0.1278196
NODE_24813_length_5031_cov_4.811841	1074	1207	32	9	133	0.0676692
NODE_24813_length_5031_cov_4.811841	1074	1207	34	6	133	0.0451128
NODE_24813_length_5031_cov_4.811841	1074	1207	35	14	133	0.1052632
NODE_24813_length_5031_cov_4.811841	1074	1207	36	10	133	0.0751880
NODE_24813_length_5031_cov_4.811841	1074	1207	37	23	133	0.1729323
NODE_24813_length_5031_cov_4.811841	1074	1207	38	15	133	0.1127820
NODE_24813_length_5031_cov_4.811841	1074	1207	39	7	133	0.0526316
NODE_24813_length_5031_cov_4.811841	1074	1207	40	7	133	0.0526316
NODE_24813_length_5031_cov_4.811841	1074	1207	41	5	133	0.0375940
NODE_24813_length_5031_cov_4.811841	1074	1207	42	2	133	0.0150376
NODE_24813_length_5031_cov_4.811841	1074	1207	43	1	133	0.0075188
NODE_248166_length_991_cov_2.554933	204	337	15	1	133	0.0075188
NODE_248166_length_991_cov_2.554933	204	337	16	15	133	0.1127820
NODE_248166_length_991_cov_2.554933	204	337	17	4	133	0.0300752
NODE_248166_length_991_cov_2.554933	204	337	20	3	133	0.0225564
NODE_248166_length_991_cov_2.554933	204	337	21	1	133	0.0075188
NODE_248166_length_991_cov_2.554933	204	337	23	1	133	0.0075188
NODE_248166_length_991_cov_2.554933	204	337	27	4	133	0.0300752
NODE_248166_length_991_cov_2.554933	204	337	29	1	133	0.0075188
NODE_248166_length_991_cov_2.554933	204	337	30	2	133	0.0150376
NODE_248166_length_991_cov_2.554933	204	337	31	8	133	0.0601504
NODE_248166_length_991_cov_2.554933	204	337	32	24	133	0.1804511
NODE_248166_length_991_cov_2.554933	204	337	33	19	133	0.1428571
NODE_248166_length_991_cov_2.554933	204	337	34	9	133	0.0676692
NODE_248166_length_991_cov_2.554933	204	337	36	3	133	0.0225564
NODE_248166_length_991_cov_2.554933	204	337	37	3	133	0.0225564
NODE_248166_length_991_cov_2.554933	204	337	38	2	133	0.0150376
NODE_248166_length_991_cov_2.554933	204	337	39	1	133	0.0075188
NODE_248166_length_991_cov_2.554933	204	337	40	7	133	0.0526316
NODE_248166_length_991_cov_2.554933	204	337	41	21	133	0.1578947
NODE_248166_length_991_cov_2.554933	204	337	42	4	133	0.0300752
NODE_248168_length_991_cov_2.532511	560	693	3	15	133	0.1127820
NODE_248168_length_991_cov_2.532511	560	693	4	26	133	0.1954887
NODE_248168_length_991_cov_2.532511	560	693	5	46	133	0.3458647
NODE_248168_length_991_cov_2.532511	560	693	6	46	133	0.3458647
NODE_24816_length_5031_cov_4.221817	4548	4681	4	17	133	0.1278196
NODE_24816_length_5031_cov_4.221817	4548	4681	5	11	133	0.0827068
NODE_24816_length_5031_cov_4.221817	4548	4681	6	6	133	0.0451128
NODE_24816_length_5031_cov_4.221817	4548	4681	8	7	133	0.0526316
NODE_24816_length_5031_cov_4.221817	4548	4681	9	5	133	0.0375940
NODE_24816_length_5031_cov_4.221817	4548	4681	10	5	133	0.0375940
NODE_24816_length_5031_cov_4.221817	4548	4681	12	10	133	0.0751880
NODE_24816_length_5031_cov_4.221817	4548	4681	13	8	133	0.0601504
NODE_24816_length_5031_cov_4.221817	4548	4681	14	11	133	0.0827068
NODE_24816_length_5031_cov_4.221817	4548	4681	15	19	133	0.1428571
NODE_24816_length_5031_cov_4.221817	4548	4681	16	24	133	0.1804511
NODE_24816_length_5031_cov_4.221817	4548	4681	17	10	133	0.0751880
NODE_2481_length_11623_cov_4.870444	11136	11269	2	7	133	0.0526316
NODE_2481_length_11623_cov_4.870444	11136	11269	4	13	133	0.0977444
NODE_2481_length_11623_cov_4.870444	11136	11269	6	9	133	0.0676692
NODE_2481_length_11623_cov_4.870444	11136	11269	7	14	133	0.1052632
NODE_2481_length_11623_cov_4.870444	11136	11269	8	29	133	0.2180451
NODE_2481_length_11623_cov_4.870444	11136	11269	9	10	133	0.0751880
NODE_2481_length_11623_cov_4.870444	11136	11269	10	46	133	0.3458647
NODE_2481_length_11623_cov_4.870444	11136	11269	11	5	133	0.0375940
NODE_2482_length_11622_cov_4.533889	6248	6381	6	7	133	0.0526316
NODE_2482_length_11622_cov_4.533889	6248	6381	7	12	133	0.0902256
NODE_2482_length_11622_cov_4.533889	6248	6381	9	13	133	0.0977444
NODE_2482_length_11622_cov_4.533889	6248	6381	10	29	133	0.2180451
NODE_2482_length_11622_cov_4.533889	6248	6381	11	21	133	0.1578947
NODE_2482_length_11622_cov_4.533889	6248	6381	12	25	133	0.1879699
NODE_2482_length_11622_cov_4.533889	6248	6381	13	26	133	0.1954887
NODE_248468_length_989_cov_4.322472	131	264	11	8	133	0.0601504
NODE_248468_length_989_cov_4.322472	131	264	12	7	133	0.0526316
NODE_248468_length_989_cov_4.322472	131	264	13	23	133	0.1729323
NODE_248468_length_989_cov_4.322472	131	264	14	64	133	0.4812030
NODE_248468_length_989_cov_4.322472	131	264	15	21	133	0.1578947
NODE_248468_length_989_cov_4.322472	131	264	16	9	133	0.0676692
NODE_248468_length_989_cov_4.322472	131	264	17	1	133	0.0075188
NODE_248710_length_988_cov_3.975253	691	824	15	4	133	0.0300752
NODE_248710_length_988_cov_3.975253	691	824	17	8	133	0.0601504
NODE_248710_length_988_cov_3.975253	691	824	18	20	133	0.1503759
NODE_248710_length_988_cov_3.975253	691	824	19	22	133	0.1654135
NODE_248710_length_988_cov_3.975253	691	824	21	4	133	0.0300752
NODE_248710_length_988_cov_3.975253	691	824	22	6	133	0.0451128
NODE_248710_length_988_cov_3.975253	691	824	23	8	133	0.0601504
NODE_248710_length_988_cov_3.975253	691	824	24	3	133	0.0225564
NODE_248710_length_988_cov_3.975253	691	824	25	13	133	0.0977444
NODE_248710_length_988_cov_3.975253	691	824	26	8	133	0.0601504
NODE_248710_length_988_cov_3.975253	691	824	27	25	133	0.1879699
NODE_248710_length_988_cov_3.975253	691	824	28	12	133	0.0902256
NODE_24891_length_5023_cov_4.058083	325	458	15	6	133	0.0451128
NODE_24891_length_5023_cov_4.058083	325	458	18	6	133	0.0451128
NODE_24891_length_5023_cov_4.058083	325	458	19	3	133	0.0225564
NODE_24891_length_5023_cov_4.058083	325	458	20	1	133	0.0075188
NODE_24891_length_5023_cov_4.058083	325	458	22	11	133	0.0827068
NODE_24891_length_5023_cov_4.058083	325	458	23	8	133	0.0601504
NODE_24891_length_5023_cov_4.058083	325	458	26	2	133	0.0150376
NODE_24891_length_5023_cov_4.058083	325	458	28	2	133	0.0150376
NODE_24891_length_5023_cov_4.058083	325	458	30	1	133	0.0075188
NODE_24891_length_5023_cov_4.058083	325	458	33	2	133	0.0150376
NODE_24891_length_5023_cov_4.058083	325	458	34	22	133	0.1654135
NODE_24891_length_5023_cov_4.058083	325	458	35	6	133	0.0451128
NODE_24891_length_5023_cov_4.058083	325	458	36	4	133	0.0300752
NODE_24891_length_5023_cov_4.058083	325	458	37	6	133	0.0451128
NODE_24891_length_5023_cov_4.058083	325	458	39	2	133	0.0150376
NODE_24891_length_5023_cov_4.058083	325	458	40	7	133	0.0526316
NODE_24891_length_5023_cov_4.058083	325	458	41	6	133	0.0451128
NODE_24891_length_5023_cov_4.058083	325	458	43	7	133	0.0526316
NODE_24891_length_5023_cov_4.058083	325	458	44	9	133	0.0676692
NODE_24891_length_5023_cov_4.058083	325	458	45	2	133	0.0150376
NODE_24891_length_5023_cov_4.058083	325	458	46	1	133	0.0075188
NODE_24891_length_5023_cov_4.058083	325	458	47	5	133	0.0375940
NODE_24891_length_5023_cov_4.058083	325	458	48	11	133	0.0827068
NODE_24891_length_5023_cov_4.058083	325	458	49	3	133	0.0225564
NODE_248_length_20760_cov_5.300566	14316	14449	9	9	133	0.0676692
NODE_248_length_20760_cov_5.300566	14316	14449	10	4	133	0.0300752
NODE_248_length_20760_cov_5.300566	14316	14449	11	1	133	0.0075188
NODE_248_length_20760_cov_5.300566	14316	14449	13	2	133	0.0150376
NODE_248_length_20760_cov_5.300566	14316	14449	14	5	133	0.0375940
NODE_248_length_20760_cov_5.300566	14316	14449	15	5	133	0.0375940
NODE_248_length_20760_cov_5.300566	14316	14449	16	27	133	0.2030075
NODE_248_length_20760_cov_5.300566	14316	14449	17	11	133	0.0827068
NODE_248_length_20760_cov_5.300566	14316	14449	18	10	133	0.0751880
NODE_248_length_20760_cov_5.300566	14316	14449	19	37	133	0.2781955
NODE_248_length_20760_cov_5.300566	14316	14449	20	10	133	0.0751880
NODE_248_length_20760_cov_5.300566	14316	14449	21	12	133	0.0902256
NODE_24906_length_5022_cov_3.962624	3376	3509	7	1	133	0.0075188
NODE_24906_length_5022_cov_3.962624	3376	3509	8	3	133	0.0225564
NODE_24906_length_5022_cov_3.962624	3376	3509	10	4	133	0.0300752
NODE_24906_length_5022_cov_3.962624	3376	3509	12	2	133	0.0150376
NODE_24906_length_5022_cov_3.962624	3376	3509	13	13	133	0.0977444
NODE_24906_length_5022_cov_3.962624	3376	3509	14	13	133	0.0977444
NODE_24906_length_5022_cov_3.962624	3376	3509	15	2	133	0.0150376
NODE_24906_length_5022_cov_3.962624	3376	3509	16	3	133	0.0225564
NODE_24906_length_5022_cov_3.962624	3376	3509	18	9	133	0.0676692
NODE_24906_length_5022_cov_3.962624	3376	3509	19	7	133	0.0526316
NODE_24906_length_5022_cov_3.962624	3376	3509	20	17	133	0.1278196
NODE_24906_length_5022_cov_3.962624	3376	3509	21	8	133	0.0601504
NODE_24906_length_5022_cov_3.962624	3376	3509	22	43	133	0.3233083
NODE_24906_length_5022_cov_3.962624	3376	3509	23	8	133	0.0601504
NODE_24910_length_5021_cov_4.740959	4133	4266	6	3	133	0.0225564
NODE_24910_length_5021_cov_4.740959	4133	4266	7	1	133	0.0075188
NODE_24910_length_5021_cov_4.740959	4133	4266	8	48	133	0.3609022
NODE_24910_length_5021_cov_4.740959	4133	4266	9	18	133	0.1353384
NODE_24910_length_5021_cov_4.740959	4133	4266	10	9	133	0.0676692
NODE_24910_length_5021_cov_4.740959	4133	4266	11	7	133	0.0526316
NODE_24910_length_5021_cov_4.740959	4133	4266	12	47	133	0.3533835
NODE_249134_length_986_cov_3.952649	141	274	7	15	133	0.1127820
NODE_249134_length_986_cov_3.952649	141	274	9	1	133	0.0075188
NODE_249134_length_986_cov_3.952649	141	274	10	1	133	0.0075188
NODE_249134_length_986_cov_3.952649	141	274	12	6	133	0.0451128
NODE_249134_length_986_cov_3.952649	141	274	13	2	133	0.0150376
NODE_249134_length_986_cov_3.952649	141	274	14	2	133	0.0150376
NODE_249134_length_986_cov_3.952649	141	274	16	2	133	0.0150376
NODE_249134_length_986_cov_3.952649	141	274	18	6	133	0.0451128
NODE_249134_length_986_cov_3.952649	141	274	21	2	133	0.0150376
NODE_249134_length_986_cov_3.952649	141	274	23	10	133	0.0751880
NODE_249134_length_986_cov_3.952649	141	274	25	14	133	0.1052632
NODE_249134_length_986_cov_3.952649	141	274	26	2	133	0.0150376
NODE_249134_length_986_cov_3.952649	141	274	28	2	133	0.0150376
NODE_249134_length_986_cov_3.952649	141	274	33	17	133	0.1278196
NODE_249134_length_986_cov_3.952649	141	274	34	13	133	0.0977444
NODE_249134_length_986_cov_3.952649	141	274	35	7	133	0.0526316
NODE_249134_length_986_cov_3.952649	141	274	37	11	133	0.0827068
NODE_249134_length_986_cov_3.952649	141	274	38	17	133	0.1278196
NODE_249134_length_986_cov_3.952649	141	274	39	3	133	0.0225564
NODE_24924_length_5019_cov_10.818293	2482	2615	3	18	133	0.1353384
NODE_24924_length_5019_cov_10.818293	2482	2615	4	97	133	0.7293233
NODE_24924_length_5019_cov_10.818293	2482	2615	5	16	133	0.1203008
NODE_24924_length_5019_cov_10.818293	2482	2615	6	2	133	0.0150376
NODE_249335_length_985_cov_4.011287	322	455	3	83	133	0.6240602
NODE_249335_length_985_cov_4.011287	322	455	4	19	133	0.1428571
NODE_249335_length_985_cov_4.011287	322	455	5	31	133	0.2330827
NODE_249387_length_985_cov_3.379233	392	525	14	1	133	0.0075188
NODE_249387_length_985_cov_3.379233	392	525	15	31	133	0.2330827
NODE_249387_length_985_cov_3.379233	392	525	16	6	133	0.0451128
NODE_249387_length_985_cov_3.379233	392	525	19	4	133	0.0300752
NODE_249387_length_985_cov_3.379233	392	525	20	5	133	0.0375940
NODE_249387_length_985_cov_3.379233	392	525	21	8	133	0.0601504
NODE_249387_length_985_cov_3.379233	392	525	22	2	133	0.0150376
NODE_249387_length_985_cov_3.379233	392	525	23	8	133	0.0601504
NODE_249387_length_985_cov_3.379233	392	525	24	1	133	0.0075188
NODE_249387_length_985_cov_3.379233	392	525	25	5	133	0.0375940
NODE_249387_length_985_cov_3.379233	392	525	26	11	133	0.0827068
NODE_249387_length_985_cov_3.379233	392	525	27	7	133	0.0526316
NODE_249387_length_985_cov_3.379233	392	525	28	23	133	0.1729323
NODE_249387_length_985_cov_3.379233	392	525	29	16	133	0.1203008
NODE_249387_length_985_cov_3.379233	392	525	31	5	133	0.0375940
NODE_249528_length_984_cov_5.655367	315	448	8	3	133	0.0225564
NODE_249528_length_984_cov_5.655367	315	448	9	5	133	0.0375940
NODE_249528_length_984_cov_5.655367	315	448	10	11	133	0.0827068
NODE_249528_length_984_cov_5.655367	315	448	11	23	133	0.1729323
NODE_249528_length_984_cov_5.655367	315	448	12	31	133	0.2330827
NODE_249528_length_984_cov_5.655367	315	448	13	22	133	0.1654135
NODE_249528_length_984_cov_5.655367	315	448	14	38	133	0.2857143
NODE_24952_length_5017_cov_4.695608	4396	4529	6	4	133	0.0300752
NODE_24952_length_5017_cov_4.695608	4396	4529	7	7	133	0.0526316
NODE_24952_length_5017_cov_4.695608	4396	4529	8	53	133	0.3984962
NODE_24952_length_5017_cov_4.695608	4396	4529	9	36	133	0.2706767
NODE_24952_length_5017_cov_4.695608	4396	4529	10	10	133	0.0751880
NODE_24952_length_5017_cov_4.695608	4396	4529	11	23	133	0.1729323
NODE_249536_length_984_cov_5.353672	666	799	2	23	133	0.1729323
NODE_249536_length_984_cov_5.353672	666	799	3	6	133	0.0451128
NODE_249536_length_984_cov_5.353672	666	799	4	19	133	0.1428571
NODE_249536_length_984_cov_5.353672	666	799	5	85	133	0.6390978
NODE_249563_length_984_cov_4.569492	178	311	4	34	133	0.2556391
NODE_249563_length_984_cov_4.569492	178	311	5	50	133	0.3759398
NODE_249563_length_984_cov_4.569492	178	311	6	42	133	0.3157895
NODE_249563_length_984_cov_4.569492	178	311	7	6	133	0.0451128
NODE_249563_length_984_cov_4.569492	178	311	8	1	133	0.0075188
NODE_249597_length_984_cov_3.871186	101	234	7	2	133	0.0150376
NODE_249597_length_984_cov_3.871186	101	234	10	3	133	0.0225564
NODE_249597_length_984_cov_3.871186	101	234	11	12	133	0.0902256
NODE_249597_length_984_cov_3.871186	101	234	13	12	133	0.0902256
NODE_249597_length_984_cov_3.871186	101	234	14	10	133	0.0751880
NODE_249597_length_984_cov_3.871186	101	234	15	16	133	0.1203008
NODE_249597_length_984_cov_3.871186	101	234	16	10	133	0.0751880
NODE_249597_length_984_cov_3.871186	101	234	17	21	133	0.1578947
NODE_249597_length_984_cov_3.871186	101	234	18	2	133	0.0150376
NODE_249597_length_984_cov_3.871186	101	234	19	1	133	0.0075188
NODE_249597_length_984_cov_3.871186	101	234	20	8	133	0.0601504
NODE_249597_length_984_cov_3.871186	101	234	22	30	133	0.2255639
NODE_249597_length_984_cov_3.871186	101	234	23	6	133	0.0451128
NODE_249758_length_983_cov_5.141403	690	823	0	133	133	1.0000000
NODE_249788_length_983_cov_4.299774	252	385	14	7	133	0.0526316
NODE_249788_length_983_cov_4.299774	252	385	15	25	133	0.1879699
NODE_249788_length_983_cov_4.299774	252	385	16	15	133	0.1127820
NODE_249788_length_983_cov_4.299774	252	385	17	39	133	0.2932331
NODE_249788_length_983_cov_4.299774	252	385	18	21	133	0.1578947
NODE_249788_length_983_cov_4.299774	252	385	19	12	133	0.0902256
NODE_249788_length_983_cov_4.299774	252	385	20	13	133	0.0977444
NODE_249788_length_983_cov_4.299774	252	385	21	1	133	0.0075188
NODE_249962_length_983_cov_1.933258	343	476	10	4	133	0.0300752
NODE_249962_length_983_cov_1.933258	343	476	11	9	133	0.0676692
NODE_249962_length_983_cov_1.933258	343	476	12	4	133	0.0300752
NODE_249962_length_983_cov_1.933258	343	476	14	8	133	0.0601504
NODE_249962_length_983_cov_1.933258	343	476	16	11	133	0.0827068
NODE_249962_length_983_cov_1.933258	343	476	17	21	133	0.1578947
NODE_249962_length_983_cov_1.933258	343	476	18	10	133	0.0751880
NODE_249962_length_983_cov_1.933258	343	476	19	22	133	0.1654135
NODE_249962_length_983_cov_1.933258	343	476	20	18	133	0.1353384
NODE_249962_length_983_cov_1.933258	343	476	21	26	133	0.1954887
NODE_250198_length_981_cov_6.579365	389	522	7	11	133	0.0827068
NODE_250198_length_981_cov_6.579365	389	522	9	24	133	0.1804511
NODE_250198_length_981_cov_6.579365	389	522	10	27	133	0.2030075
NODE_250198_length_981_cov_6.579365	389	522	11	71	133	0.5338346
NODE_25048_length_5008_cov_21.639845	1052	1185	0	133	133	1.0000000
NODE_250498_length_980_cov_3.874007	133	266	1	22	133	0.1654135
NODE_250498_length_980_cov_3.874007	133	266	4	5	133	0.0375940
NODE_250498_length_980_cov_3.874007	133	266	5	2	133	0.0150376
NODE_250498_length_980_cov_3.874007	133	266	7	28	133	0.2105263
NODE_250498_length_980_cov_3.874007	133	266	8	15	133	0.1127820
NODE_250498_length_980_cov_3.874007	133	266	9	61	133	0.4586466
NODE_250624_length_980_cov_1.686720	271	404	0	15	133	0.1127820
NODE_250624_length_980_cov_1.686720	271	404	2	1	133	0.0075188
NODE_250624_length_980_cov_1.686720	271	404	3	1	133	0.0075188
NODE_250624_length_980_cov_1.686720	271	404	4	9	133	0.0676692
NODE_250624_length_980_cov_1.686720	271	404	5	49	133	0.3684210
NODE_250624_length_980_cov_1.686720	271	404	7	2	133	0.0150376
NODE_250624_length_980_cov_1.686720	271	404	8	15	133	0.1127820
NODE_250624_length_980_cov_1.686720	271	404	10	41	133	0.3082707
NODE_250652_length_979_cov_5.127273	178	311	13	1	133	0.0075188
NODE_250652_length_979_cov_5.127273	178	311	15	1	133	0.0075188
NODE_250652_length_979_cov_5.127273	178	311	16	4	133	0.0300752
NODE_250652_length_979_cov_5.127273	178	311	18	4	133	0.0300752
NODE_250652_length_979_cov_5.127273	178	311	20	4	133	0.0300752
NODE_250652_length_979_cov_5.127273	178	311	22	5	133	0.0375940
NODE_250652_length_979_cov_5.127273	178	311	23	3	133	0.0225564
NODE_250652_length_979_cov_5.127273	178	311	24	8	133	0.0601504
NODE_250652_length_979_cov_5.127273	178	311	25	21	133	0.1578947
NODE_250652_length_979_cov_5.127273	178	311	26	15	133	0.1127820
NODE_250652_length_979_cov_5.127273	178	311	27	18	133	0.1353384
NODE_250652_length_979_cov_5.127273	178	311	28	28	133	0.2105263
NODE_250652_length_979_cov_5.127273	178	311	29	11	133	0.0827068
NODE_250652_length_979_cov_5.127273	178	311	30	7	133	0.0526316
NODE_250652_length_979_cov_5.127273	178	311	31	3	133	0.0225564
NODE_250690_length_979_cov_4.276136	752	885	0	44	133	0.3308271
NODE_250690_length_979_cov_4.276136	752	885	4	8	133	0.0601504
NODE_250690_length_979_cov_4.276136	752	885	5	11	133	0.0827068
NODE_250690_length_979_cov_4.276136	752	885	6	1	133	0.0075188
NODE_250690_length_979_cov_4.276136	752	885	7	2	133	0.0150376
NODE_250690_length_979_cov_4.276136	752	885	9	7	133	0.0526316
NODE_250690_length_979_cov_4.276136	752	885	11	4	133	0.0300752
NODE_250690_length_979_cov_4.276136	752	885	12	14	133	0.1052632
NODE_250690_length_979_cov_4.276136	752	885	13	42	133	0.3157895
NODE_251085_length_977_cov_6.609339	401	534	1	14	133	0.1052632
NODE_251085_length_977_cov_6.609339	401	534	2	56	133	0.4210526
NODE_251085_length_977_cov_6.609339	401	534	3	23	133	0.1729323
NODE_251085_length_977_cov_6.609339	401	534	4	5	133	0.0375940
NODE_251085_length_977_cov_6.609339	401	534	5	24	133	0.1804511
NODE_251085_length_977_cov_6.609339	401	534	6	11	133	0.0827068
NODE_251102_length_977_cov_4.880410	131	264	2	1	133	0.0075188
NODE_251102_length_977_cov_4.880410	131	264	3	18	133	0.1353384
NODE_251102_length_977_cov_4.880410	131	264	4	14	133	0.1052632
NODE_251102_length_977_cov_4.880410	131	264	5	45	133	0.3383459
NODE_251102_length_977_cov_4.880410	131	264	6	2	133	0.0150376
NODE_251102_length_977_cov_4.880410	131	264	7	11	133	0.0827068
NODE_251102_length_977_cov_4.880410	131	264	8	3	133	0.0225564
NODE_251102_length_977_cov_4.880410	131	264	9	18	133	0.1353384
NODE_251102_length_977_cov_4.880410	131	264	10	5	133	0.0375940
NODE_251102_length_977_cov_4.880410	131	264	12	10	133	0.0751880
NODE_251102_length_977_cov_4.880410	131	264	13	2	133	0.0150376
NODE_251102_length_977_cov_4.880410	131	264	14	4	133	0.0300752
NODE_251208_length_977_cov_3.030752	627	760	11	18	133	0.1353384
NODE_251208_length_977_cov_3.030752	627	760	13	5	133	0.0375940
NODE_251208_length_977_cov_3.030752	627	760	14	3	133	0.0225564
NODE_251208_length_977_cov_3.030752	627	760	15	6	133	0.0451128
NODE_251208_length_977_cov_3.030752	627	760	26	2	133	0.0150376
NODE_251208_length_977_cov_3.030752	627	760	27	9	133	0.0676692
NODE_251208_length_977_cov_3.030752	627	760	28	23	133	0.1729323
NODE_251208_length_977_cov_3.030752	627	760	29	4	133	0.0300752
NODE_251208_length_977_cov_3.030752	627	760	30	1	133	0.0075188
NODE_251208_length_977_cov_3.030752	627	760	31	1	133	0.0075188
NODE_251208_length_977_cov_3.030752	627	760	32	8	133	0.0601504
NODE_251208_length_977_cov_3.030752	627	760	33	12	133	0.0902256
NODE_251208_length_977_cov_3.030752	627	760	34	27	133	0.2030075
NODE_251208_length_977_cov_3.030752	627	760	35	3	133	0.0225564
NODE_251208_length_977_cov_3.030752	627	760	36	4	133	0.0300752
NODE_251208_length_977_cov_3.030752	627	760	37	7	133	0.0526316
NODE_251251_length_977_cov_2.611617	626	759	1	124	133	0.9323308
NODE_251251_length_977_cov_2.611617	626	759	2	9	133	0.0676692
NODE_2512_length_11587_cov_4.235550	6524	6657	20	11	133	0.0827068
NODE_2512_length_11587_cov_4.235550	6524	6657	21	17	133	0.1278196
NODE_2512_length_11587_cov_4.235550	6524	6657	22	4	133	0.0300752
NODE_2512_length_11587_cov_4.235550	6524	6657	23	4	133	0.0300752
NODE_2512_length_11587_cov_4.235550	6524	6657	25	16	133	0.1203008
NODE_2512_length_11587_cov_4.235550	6524	6657	26	17	133	0.1278196
NODE_2512_length_11587_cov_4.235550	6524	6657	27	10	133	0.0751880
NODE_2512_length_11587_cov_4.235550	6524	6657	28	5	133	0.0375940
NODE_2512_length_11587_cov_4.235550	6524	6657	29	6	133	0.0451128
NODE_2512_length_11587_cov_4.235550	6524	6657	30	2	133	0.0150376
NODE_2512_length_11587_cov_4.235550	6524	6657	31	27	133	0.2030075
NODE_2512_length_11587_cov_4.235550	6524	6657	32	13	133	0.0977444
NODE_2512_length_11587_cov_4.235550	6524	6657	33	1	133	0.0075188
NODE_25156_length_4999_cov_3.631633	4195	4328	14	2	133	0.0150376
NODE_25156_length_4999_cov_3.631633	4195	4328	15	1	133	0.0075188
NODE_25156_length_4999_cov_3.631633	4195	4328	16	9	133	0.0676692
NODE_25156_length_4999_cov_3.631633	4195	4328	18	12	133	0.0902256
NODE_25156_length_4999_cov_3.631633	4195	4328	19	15	133	0.1127820
NODE_25156_length_4999_cov_3.631633	4195	4328	20	8	133	0.0601504
NODE_25156_length_4999_cov_3.631633	4195	4328	21	7	133	0.0526316
NODE_25156_length_4999_cov_3.631633	4195	4328	23	3	133	0.0225564
NODE_25156_length_4999_cov_3.631633	4195	4328	25	5	133	0.0375940
NODE_25156_length_4999_cov_3.631633	4195	4328	26	5	133	0.0375940
NODE_25156_length_4999_cov_3.631633	4195	4328	27	14	133	0.1052632
NODE_25156_length_4999_cov_3.631633	4195	4328	28	5	133	0.0375940
NODE_25156_length_4999_cov_3.631633	4195	4328	29	2	133	0.0150376
NODE_25156_length_4999_cov_3.631633	4195	4328	30	22	133	0.1654135
NODE_25156_length_4999_cov_3.631633	4195	4328	31	3	133	0.0225564
NODE_25156_length_4999_cov_3.631633	4195	4328	32	10	133	0.0751880
NODE_25156_length_4999_cov_3.631633	4195	4328	33	10	133	0.0751880
NODE_25177_length_4997_cov_4.685994	4742	4875	10	3	133	0.0225564
NODE_25177_length_4997_cov_4.685994	4742	4875	11	5	133	0.0375940
NODE_25177_length_4997_cov_4.685994	4742	4875	12	4	133	0.0300752
NODE_25177_length_4997_cov_4.685994	4742	4875	14	5	133	0.0375940
NODE_25177_length_4997_cov_4.685994	4742	4875	15	1	133	0.0075188
NODE_25177_length_4997_cov_4.685994	4742	4875	16	4	133	0.0300752
NODE_25177_length_4997_cov_4.685994	4742	4875	17	1	133	0.0075188
NODE_25177_length_4997_cov_4.685994	4742	4875	18	3	133	0.0225564
NODE_25177_length_4997_cov_4.685994	4742	4875	21	13	133	0.0977444
NODE_25177_length_4997_cov_4.685994	4742	4875	23	1	133	0.0075188
NODE_25177_length_4997_cov_4.685994	4742	4875	24	20	133	0.1503759
NODE_25177_length_4997_cov_4.685994	4742	4875	25	2	133	0.0150376
NODE_25177_length_4997_cov_4.685994	4742	4875	26	2	133	0.0150376
NODE_25177_length_4997_cov_4.685994	4742	4875	28	6	133	0.0451128
NODE_25177_length_4997_cov_4.685994	4742	4875	29	4	133	0.0300752
NODE_25177_length_4997_cov_4.685994	4742	4875	30	25	133	0.1879699
NODE_25177_length_4997_cov_4.685994	4742	4875	31	12	133	0.0902256
NODE_25177_length_4997_cov_4.685994	4742	4875	32	8	133	0.0601504
NODE_25177_length_4997_cov_4.685994	4742	4875	33	14	133	0.1052632
NODE_251799_length_974_cov_4.035429	23	156	5	4	133	0.0300752
NODE_251799_length_974_cov_4.035429	23	156	6	2	133	0.0150376
NODE_251799_length_974_cov_4.035429	23	156	7	9	133	0.0676692
NODE_251799_length_974_cov_4.035429	23	156	8	8	133	0.0601504
NODE_251799_length_974_cov_4.035429	23	156	9	6	133	0.0451128
NODE_251799_length_974_cov_4.035429	23	156	12	26	133	0.1954887
NODE_251799_length_974_cov_4.035429	23	156	14	31	133	0.2330827
NODE_251799_length_974_cov_4.035429	23	156	15	33	133	0.2481203
NODE_251799_length_974_cov_4.035429	23	156	17	14	133	0.1052632
NODE_251881_length_974_cov_3.022857	569	702	9	5	133	0.0375940
NODE_251881_length_974_cov_3.022857	569	702	10	3	133	0.0225564
NODE_251881_length_974_cov_3.022857	569	702	11	5	133	0.0375940
NODE_251881_length_974_cov_3.022857	569	702	12	2	133	0.0150376
NODE_251881_length_974_cov_3.022857	569	702	13	12	133	0.0902256
NODE_251881_length_974_cov_3.022857	569	702	16	4	133	0.0300752
NODE_251881_length_974_cov_3.022857	569	702	17	6	133	0.0451128
NODE_251881_length_974_cov_3.022857	569	702	18	35	133	0.2631579
NODE_251881_length_974_cov_3.022857	569	702	19	7	133	0.0526316
NODE_251881_length_974_cov_3.022857	569	702	20	10	133	0.0751880
NODE_251881_length_974_cov_3.022857	569	702	21	18	133	0.1353384
NODE_251881_length_974_cov_3.022857	569	702	22	26	133	0.1954887
NODE_251_length_20728_cov_3.908527	18809	18942	8	3	133	0.0225564
NODE_251_length_20728_cov_3.908527	18809	18942	9	50	133	0.3759398
NODE_251_length_20728_cov_3.908527	18809	18942	10	30	133	0.2255639
NODE_251_length_20728_cov_3.908527	18809	18942	11	34	133	0.2556391
NODE_251_length_20728_cov_3.908527	18809	18942	12	16	133	0.1203008
NODE_25216_length_4995_cov_3.809028	4291	4424	10	5	133	0.0375940
NODE_25216_length_4995_cov_3.809028	4291	4424	11	3	133	0.0225564
NODE_25216_length_4995_cov_3.809028	4291	4424	12	22	133	0.1654135
NODE_25216_length_4995_cov_3.809028	4291	4424	13	4	133	0.0300752
NODE_25216_length_4995_cov_3.809028	4291	4424	14	7	133	0.0526316
NODE_25216_length_4995_cov_3.809028	4291	4424	15	9	133	0.0676692
NODE_25216_length_4995_cov_3.809028	4291	4424	16	59	133	0.4436090
NODE_25216_length_4995_cov_3.809028	4291	4424	17	6	133	0.0451128
NODE_25216_length_4995_cov_3.809028	4291	4424	18	18	133	0.1353384
NODE_2521_length_11560_cov_9.129134	1367	1500	17	16	133	0.1203008
NODE_2521_length_11560_cov_9.129134	1367	1500	18	29	133	0.2180451
NODE_2521_length_11560_cov_9.129134	1367	1500	19	6	133	0.0451128
NODE_2521_length_11560_cov_9.129134	1367	1500	20	4	133	0.0300752
NODE_2521_length_11560_cov_9.129134	1367	1500	21	7	133	0.0526316
NODE_2521_length_11560_cov_9.129134	1367	1500	22	20	133	0.1503759
NODE_2521_length_11560_cov_9.129134	1367	1500	23	3	133	0.0225564
NODE_2521_length_11560_cov_9.129134	1367	1500	24	4	133	0.0300752
NODE_2521_length_11560_cov_9.129134	1367	1500	25	6	133	0.0451128
NODE_2521_length_11560_cov_9.129134	1367	1500	26	5	133	0.0375940
NODE_2521_length_11560_cov_9.129134	1367	1500	27	27	133	0.2030075
NODE_2521_length_11560_cov_9.129134	1367	1500	28	1	133	0.0075188
NODE_2521_length_11560_cov_9.129134	1367	1500	29	2	133	0.0150376
NODE_2521_length_11560_cov_9.129134	1367	1500	30	2	133	0.0150376
NODE_2521_length_11560_cov_9.129134	1367	1500	32	1	133	0.0075188
NODE_25236_length_4993_cov_3.809971	654	787	6	5	133	0.0375940
NODE_25236_length_4993_cov_3.809971	654	787	7	5	133	0.0375940
NODE_25236_length_4993_cov_3.809971	654	787	8	34	133	0.2556391
NODE_25236_length_4993_cov_3.809971	654	787	9	89	133	0.6691729
NODE_25238_length_4993_cov_3.640580	2593	2726	15	1	133	0.0075188
NODE_25238_length_4993_cov_3.640580	2593	2726	16	2	133	0.0150376
NODE_25238_length_4993_cov_3.640580	2593	2726	17	3	133	0.0225564
NODE_25238_length_4993_cov_3.640580	2593	2726	19	8	133	0.0601504
NODE_25238_length_4993_cov_3.640580	2593	2726	20	9	133	0.0676692
NODE_25238_length_4993_cov_3.640580	2593	2726	21	9	133	0.0676692
NODE_25238_length_4993_cov_3.640580	2593	2726	23	15	133	0.1127820
NODE_25238_length_4993_cov_3.640580	2593	2726	25	1	133	0.0075188
NODE_25238_length_4993_cov_3.640580	2593	2726	27	13	133	0.0977444
NODE_25238_length_4993_cov_3.640580	2593	2726	28	18	133	0.1353384
NODE_25238_length_4993_cov_3.640580	2593	2726	29	22	133	0.1654135
NODE_25238_length_4993_cov_3.640580	2593	2726	30	10	133	0.0751880
NODE_25238_length_4993_cov_3.640580	2593	2726	31	10	133	0.0751880
NODE_25238_length_4993_cov_3.640580	2593	2726	33	2	133	0.0150376
NODE_25238_length_4993_cov_3.640580	2593	2726	34	10	133	0.0751880
NODE_25244_length_4992_cov_5.178214	2859	2992	9	15	133	0.1127820
NODE_25244_length_4992_cov_5.178214	2859	2992	10	17	133	0.1278196
NODE_25244_length_4992_cov_5.178214	2859	2992	11	75	133	0.5639098
NODE_25244_length_4992_cov_5.178214	2859	2992	12	11	133	0.0827068
NODE_25244_length_4992_cov_5.178214	2859	2992	13	15	133	0.1127820
NODE_252477_length_971_cov_4.316514	748	881	5	12	133	0.0902256
NODE_252477_length_971_cov_4.316514	748	881	7	8	133	0.0601504
NODE_252477_length_971_cov_4.316514	748	881	8	4	133	0.0300752
NODE_252477_length_971_cov_4.316514	748	881	9	2	133	0.0150376
NODE_252477_length_971_cov_4.316514	748	881	11	48	133	0.3609022
NODE_252477_length_971_cov_4.316514	748	881	12	18	133	0.1353384
NODE_252477_length_971_cov_4.316514	748	881	13	14	133	0.1052632
NODE_252477_length_971_cov_4.316514	748	881	15	23	133	0.1729323
NODE_252477_length_971_cov_4.316514	748	881	16	4	133	0.0300752
NODE_252671_length_970_cov_5.529277	643	776	9	13	133	0.0977444
NODE_252671_length_970_cov_5.529277	643	776	10	6	133	0.0451128
NODE_252671_length_970_cov_5.529277	643	776	11	19	133	0.1428571
NODE_252671_length_970_cov_5.529277	643	776	12	42	133	0.3157895
NODE_252671_length_970_cov_5.529277	643	776	13	13	133	0.0977444
NODE_252671_length_970_cov_5.529277	643	776	14	28	133	0.2105263
NODE_252671_length_970_cov_5.529277	643	776	15	12	133	0.0902256
NODE_252702_length_970_cov_4.616533	150	283	15	11	133	0.0827068
NODE_252702_length_970_cov_4.616533	150	283	16	34	133	0.2556391
NODE_252702_length_970_cov_4.616533	150	283	17	46	133	0.3458647
NODE_252702_length_970_cov_4.616533	150	283	18	32	133	0.2406015
NODE_252702_length_970_cov_4.616533	150	283	19	4	133	0.0300752
NODE_252702_length_970_cov_4.616533	150	283	20	6	133	0.0451128
NODE_25282_length_4990_cov_3.268657	4602	4735	0	60	133	0.4511278
NODE_25282_length_4990_cov_3.268657	4602	4735	2	73	133	0.5488722
NODE_25283_length_4989_cov_7.246626	3127	3260	7	5	133	0.0375940
NODE_25283_length_4989_cov_7.246626	3127	3260	9	6	133	0.0451128
NODE_25283_length_4989_cov_7.246626	3127	3260	11	42	133	0.3157895
NODE_25283_length_4989_cov_7.246626	3127	3260	12	6	133	0.0451128
NODE_25283_length_4989_cov_7.246626	3127	3260	13	30	133	0.2255639
NODE_25283_length_4989_cov_7.246626	3127	3260	14	19	133	0.1428571
NODE_25283_length_4989_cov_7.246626	3127	3260	15	9	133	0.0676692
NODE_25283_length_4989_cov_7.246626	3127	3260	16	16	133	0.1203008
NODE_25285_length_4989_cov_5.614110	912	1045	5	14	133	0.1052632
NODE_25285_length_4989_cov_5.614110	912	1045	6	2	133	0.0150376
NODE_25285_length_4989_cov_5.614110	912	1045	7	10	133	0.0751880
NODE_25285_length_4989_cov_5.614110	912	1045	8	19	133	0.1428571
NODE_25285_length_4989_cov_5.614110	912	1045	9	70	133	0.5263158
NODE_25285_length_4989_cov_5.614110	912	1045	10	18	133	0.1353384
NODE_25289_length_4989_cov_4.008589	483	616	12	10	133	0.0751880
NODE_25289_length_4989_cov_4.008589	483	616	14	14	133	0.1052632
NODE_25289_length_4989_cov_4.008589	483	616	15	18	133	0.1353384
NODE_25289_length_4989_cov_4.008589	483	616	16	30	133	0.2255639
NODE_25289_length_4989_cov_4.008589	483	616	17	3	133	0.0225564
NODE_25289_length_4989_cov_4.008589	483	616	18	33	133	0.2481203
NODE_25289_length_4989_cov_4.008589	483	616	19	7	133	0.0526316
NODE_25289_length_4989_cov_4.008589	483	616	20	18	133	0.1353384
NODE_2528_length_11555_cov_4.916899	10827	10960	17	1	133	0.0075188
NODE_2528_length_11555_cov_4.916899	10827	10960	18	11	133	0.0827068
NODE_2528_length_11555_cov_4.916899	10827	10960	19	2	133	0.0150376
NODE_2528_length_11555_cov_4.916899	10827	10960	21	5	133	0.0375940
NODE_2528_length_11555_cov_4.916899	10827	10960	22	5	133	0.0375940
NODE_2528_length_11555_cov_4.916899	10827	10960	23	2	133	0.0150376
NODE_2528_length_11555_cov_4.916899	10827	10960	24	12	133	0.0902256
NODE_2528_length_11555_cov_4.916899	10827	10960	25	15	133	0.1127820
NODE_2528_length_11555_cov_4.916899	10827	10960	26	4	133	0.0300752
NODE_2528_length_11555_cov_4.916899	10827	10960	27	3	133	0.0225564
NODE_2528_length_11555_cov_4.916899	10827	10960	28	23	133	0.1729323
NODE_2528_length_11555_cov_4.916899	10827	10960	29	4	133	0.0300752
NODE_2528_length_11555_cov_4.916899	10827	10960	30	14	133	0.1052632
NODE_2528_length_11555_cov_4.916899	10827	10960	31	26	133	0.1954887
NODE_2528_length_11555_cov_4.916899	10827	10960	32	6	133	0.0451128
NODE_25290_length_4989_cov_3.835992	2182	2315	2	10	133	0.0751880
NODE_25290_length_4989_cov_3.835992	2182	2315	3	2	133	0.0150376
NODE_25290_length_4989_cov_3.835992	2182	2315	4	1	133	0.0075188
NODE_25290_length_4989_cov_3.835992	2182	2315	6	9	133	0.0676692
NODE_25290_length_4989_cov_3.835992	2182	2315	7	47	133	0.3533835
NODE_25290_length_4989_cov_3.835992	2182	2315	8	23	133	0.1729323
NODE_25290_length_4989_cov_3.835992	2182	2315	9	24	133	0.1804511
NODE_25290_length_4989_cov_3.835992	2182	2315	10	17	133	0.1278196
NODE_252921_length_969_cov_5.087356	110	243	2	10	133	0.0751880
NODE_252921_length_969_cov_5.087356	110	243	3	8	133	0.0601504
NODE_252921_length_969_cov_5.087356	110	243	5	17	133	0.1278196
NODE_252921_length_969_cov_5.087356	110	243	6	20	133	0.1503759
NODE_252921_length_969_cov_5.087356	110	243	8	3	133	0.0225564
NODE_252921_length_969_cov_5.087356	110	243	9	2	133	0.0150376
NODE_252921_length_969_cov_5.087356	110	243	10	2	133	0.0150376
NODE_252921_length_969_cov_5.087356	110	243	11	12	133	0.0902256
NODE_252921_length_969_cov_5.087356	110	243	13	59	133	0.4436090
NODE_25293_length_4989_cov_2.941718	1129	1262	3	5	133	0.0375940
NODE_25293_length_4989_cov_2.941718	1129	1262	4	11	133	0.0827068
NODE_25293_length_4989_cov_2.941718	1129	1262	5	3	133	0.0225564
NODE_25293_length_4989_cov_2.941718	1129	1262	6	2	133	0.0150376
NODE_25293_length_4989_cov_2.941718	1129	1262	8	6	133	0.0451128
NODE_25293_length_4989_cov_2.941718	1129	1262	9	69	133	0.5187970
NODE_25293_length_4989_cov_2.941718	1129	1262	10	35	133	0.2631579
NODE_25293_length_4989_cov_2.941718	1129	1262	11	2	133	0.0150376
NODE_2529_length_11554_cov_5.143955	3370	3503	1	4	133	0.0300752
NODE_2529_length_11554_cov_5.143955	3370	3503	3	3	133	0.0225564
NODE_2529_length_11554_cov_5.143955	3370	3503	4	6	133	0.0451128
NODE_2529_length_11554_cov_5.143955	3370	3503	5	16	133	0.1203008
NODE_2529_length_11554_cov_5.143955	3370	3503	6	65	133	0.4887218
NODE_2529_length_11554_cov_5.143955	3370	3503	8	39	133	0.2932331
NODE_25329_length_4985_cov_3.027221	558	691	10	4	133	0.0300752
NODE_25329_length_4985_cov_3.027221	558	691	11	20	133	0.1503759
NODE_25329_length_4985_cov_3.027221	558	691	12	2	133	0.0150376
NODE_25329_length_4985_cov_3.027221	558	691	13	2	133	0.0150376
NODE_25329_length_4985_cov_3.027221	558	691	14	2	133	0.0150376
NODE_25329_length_4985_cov_3.027221	558	691	15	4	133	0.0300752
NODE_25329_length_4985_cov_3.027221	558	691	16	1	133	0.0075188
NODE_25329_length_4985_cov_3.027221	558	691	17	3	133	0.0225564
NODE_25329_length_4985_cov_3.027221	558	691	18	11	133	0.0827068
NODE_25329_length_4985_cov_3.027221	558	691	19	4	133	0.0300752
NODE_25329_length_4985_cov_3.027221	558	691	20	2	133	0.0150376
NODE_25329_length_4985_cov_3.027221	558	691	21	7	133	0.0526316
NODE_25329_length_4985_cov_3.027221	558	691	22	64	133	0.4812030
NODE_25329_length_4985_cov_3.027221	558	691	23	7	133	0.0526316
NODE_2532_length_11552_cov_4.577316	9693	9826	18	16	133	0.1203008
NODE_2532_length_11552_cov_4.577316	9693	9826	19	12	133	0.0902256
NODE_2532_length_11552_cov_4.577316	9693	9826	20	12	133	0.0902256
NODE_2532_length_11552_cov_4.577316	9693	9826	21	7	133	0.0526316
NODE_2532_length_11552_cov_4.577316	9693	9826	22	32	133	0.2406015
NODE_2532_length_11552_cov_4.577316	9693	9826	23	27	133	0.2030075
NODE_2532_length_11552_cov_4.577316	9693	9826	24	21	133	0.1578947
NODE_2532_length_11552_cov_4.577316	9693	9826	25	5	133	0.0375940
NODE_2532_length_11552_cov_4.577316	9693	9826	26	1	133	0.0075188
NODE_25354_length_4982_cov_4.816301	1603	1736	8	2	133	0.0150376
NODE_25354_length_4982_cov_4.816301	1603	1736	9	1	133	0.0075188
NODE_25354_length_4982_cov_4.816301	1603	1736	10	19	133	0.1428571
NODE_25354_length_4982_cov_4.816301	1603	1736	11	30	133	0.2255639
NODE_25354_length_4982_cov_4.816301	1603	1736	12	18	133	0.1353384
NODE_25354_length_4982_cov_4.816301	1603	1736	13	37	133	0.2781955
NODE_25354_length_4982_cov_4.816301	1603	1736	14	8	133	0.0601504
NODE_25354_length_4982_cov_4.816301	1603	1736	15	11	133	0.0827068
NODE_25354_length_4982_cov_4.816301	1603	1736	16	7	133	0.0526316
NODE_253575_length_967_cov_2.538018	217	350	7	12	133	0.0902256
NODE_253575_length_967_cov_2.538018	217	350	8	11	133	0.0827068
NODE_253575_length_967_cov_2.538018	217	350	9	22	133	0.1654135
NODE_253575_length_967_cov_2.538018	217	350	10	48	133	0.3609022
NODE_253575_length_967_cov_2.538018	217	350	11	29	133	0.2180451
NODE_253575_length_967_cov_2.538018	217	350	12	11	133	0.0827068
NODE_253767_length_966_cov_2.612457	193	326	1	7	133	0.0526316
NODE_253767_length_966_cov_2.612457	193	326	2	79	133	0.5939850
NODE_253767_length_966_cov_2.612457	193	326	3	47	133	0.3533835
NODE_253867_length_965_cov_4.303695	191	324	34	3	133	0.0225564
NODE_253867_length_965_cov_4.303695	191	324	36	3	133	0.0225564
NODE_253867_length_965_cov_4.303695	191	324	37	1	133	0.0075188
NODE_253867_length_965_cov_4.303695	191	324	39	1	133	0.0075188
NODE_253867_length_965_cov_4.303695	191	324	40	1	133	0.0075188
NODE_253867_length_965_cov_4.303695	191	324	41	5	133	0.0375940
NODE_253867_length_965_cov_4.303695	191	324	42	5	133	0.0375940
NODE_253867_length_965_cov_4.303695	191	324	43	5	133	0.0375940
NODE_253867_length_965_cov_4.303695	191	324	44	2	133	0.0150376
NODE_253867_length_965_cov_4.303695	191	324	45	1	133	0.0075188
NODE_253867_length_965_cov_4.303695	191	324	46	3	133	0.0225564
NODE_253867_length_965_cov_4.303695	191	324	47	7	133	0.0526316
NODE_253867_length_965_cov_4.303695	191	324	48	17	133	0.1278196
NODE_253867_length_965_cov_4.303695	191	324	49	2	133	0.0150376
NODE_253867_length_965_cov_4.303695	191	324	50	5	133	0.0375940
NODE_253867_length_965_cov_4.303695	191	324	51	11	133	0.0827068
NODE_253867_length_965_cov_4.303695	191	324	52	5	133	0.0375940
NODE_253867_length_965_cov_4.303695	191	324	53	13	133	0.0977444
NODE_253867_length_965_cov_4.303695	191	324	54	8	133	0.0601504
NODE_253867_length_965_cov_4.303695	191	324	55	5	133	0.0375940
NODE_253867_length_965_cov_4.303695	191	324	56	8	133	0.0601504
NODE_253867_length_965_cov_4.303695	191	324	57	22	133	0.1654135
NODE_25423_length_4975_cov_5.746514	858	991	7	19	133	0.1428571
NODE_25423_length_4975_cov_5.746514	858	991	8	20	133	0.1503759
NODE_25423_length_4975_cov_5.746514	858	991	9	76	133	0.5714286
NODE_25423_length_4975_cov_5.746514	858	991	11	18	133	0.1353384
NODE_25426_length_4975_cov_4.784454	4206	4339	13	3	133	0.0225564
NODE_25426_length_4975_cov_4.784454	4206	4339	15	5	133	0.0375940
NODE_25426_length_4975_cov_4.784454	4206	4339	16	42	133	0.3157895
NODE_25426_length_4975_cov_4.784454	4206	4339	17	3	133	0.0225564
NODE_25426_length_4975_cov_4.784454	4206	4339	18	7	133	0.0526316
NODE_25426_length_4975_cov_4.784454	4206	4339	19	18	133	0.1353384
NODE_25426_length_4975_cov_4.784454	4206	4339	20	10	133	0.0751880
NODE_25426_length_4975_cov_4.784454	4206	4339	21	9	133	0.0676692
NODE_25426_length_4975_cov_4.784454	4206	4339	22	29	133	0.2180451
NODE_25426_length_4975_cov_4.784454	4206	4339	23	7	133	0.0526316
NODE_25433_length_4975_cov_3.571370	3405	3538	9	3	133	0.0225564
NODE_25433_length_4975_cov_3.571370	3405	3538	10	1	133	0.0075188
NODE_25433_length_4975_cov_3.571370	3405	3538	12	10	133	0.0751880
NODE_25433_length_4975_cov_3.571370	3405	3538	13	6	133	0.0451128
NODE_25433_length_4975_cov_3.571370	3405	3538	14	32	133	0.2406015
NODE_25433_length_4975_cov_3.571370	3405	3538	15	31	133	0.2330827
NODE_25433_length_4975_cov_3.571370	3405	3538	16	16	133	0.1203008
NODE_25433_length_4975_cov_3.571370	3405	3538	17	25	133	0.1879699
NODE_25433_length_4975_cov_3.571370	3405	3538	18	9	133	0.0676692
NODE_25448_length_4973_cov_3.956914	1762	1895	2	8	133	0.0601504
NODE_25448_length_4973_cov_3.956914	1762	1895	3	40	133	0.3007519
NODE_25448_length_4973_cov_3.956914	1762	1895	4	4	133	0.0300752
NODE_25448_length_4973_cov_3.956914	1762	1895	5	43	133	0.3233083
NODE_25448_length_4973_cov_3.956914	1762	1895	6	16	133	0.1203008
NODE_25448_length_4973_cov_3.956914	1762	1895	7	15	133	0.1127820
NODE_25448_length_4973_cov_3.956914	1762	1895	8	7	133	0.0526316
NODE_25451_length_4972_cov_5.134004	3835	3968	64	3	133	0.0225564
NODE_25451_length_4972_cov_5.134004	3835	3968	65	2	133	0.0150376
NODE_25451_length_4972_cov_5.134004	3835	3968	68	1	133	0.0075188
NODE_25451_length_4972_cov_5.134004	3835	3968	69	1	133	0.0075188
NODE_25451_length_4972_cov_5.134004	3835	3968	71	3	133	0.0225564
NODE_25451_length_4972_cov_5.134004	3835	3968	72	2	133	0.0150376
NODE_25451_length_4972_cov_5.134004	3835	3968	73	2	133	0.0150376
NODE_25451_length_4972_cov_5.134004	3835	3968	74	3	133	0.0225564
NODE_25451_length_4972_cov_5.134004	3835	3968	75	1	133	0.0075188
NODE_25451_length_4972_cov_5.134004	3835	3968	77	4	133	0.0300752
NODE_25451_length_4972_cov_5.134004	3835	3968	78	6	133	0.0451128
NODE_25451_length_4972_cov_5.134004	3835	3968	79	2	133	0.0150376
NODE_25451_length_4972_cov_5.134004	3835	3968	80	3	133	0.0225564
NODE_25451_length_4972_cov_5.134004	3835	3968	81	4	133	0.0300752
NODE_25451_length_4972_cov_5.134004	3835	3968	82	1	133	0.0075188
NODE_25451_length_4972_cov_5.134004	3835	3968	83	2	133	0.0150376
NODE_25451_length_4972_cov_5.134004	3835	3968	84	3	133	0.0225564
NODE_25451_length_4972_cov_5.134004	3835	3968	85	1	133	0.0075188
NODE_25451_length_4972_cov_5.134004	3835	3968	87	4	133	0.0300752
NODE_25451_length_4972_cov_5.134004	3835	3968	88	2	133	0.0150376
NODE_25451_length_4972_cov_5.134004	3835	3968	89	6	133	0.0451128
NODE_25451_length_4972_cov_5.134004	3835	3968	90	13	133	0.0977444
NODE_25451_length_4972_cov_5.134004	3835	3968	91	10	133	0.0751880
NODE_25451_length_4972_cov_5.134004	3835	3968	92	10	133	0.0751880
NODE_25451_length_4972_cov_5.134004	3835	3968	93	12	133	0.0902256
NODE_25451_length_4972_cov_5.134004	3835	3968	94	17	133	0.1278196
NODE_25451_length_4972_cov_5.134004	3835	3968	95	13	133	0.0977444
NODE_25451_length_4972_cov_5.134004	3835	3968	96	2	133	0.0150376
NODE_25453_length_4972_cov_4.235584	430	563	23	4	133	0.0300752
NODE_25453_length_4972_cov_4.235584	430	563	24	5	133	0.0375940
NODE_25453_length_4972_cov_4.235584	430	563	26	12	133	0.0902256
NODE_25453_length_4972_cov_4.235584	430	563	27	12	133	0.0902256
NODE_25453_length_4972_cov_4.235584	430	563	28	4	133	0.0300752
NODE_25453_length_4972_cov_4.235584	430	563	29	1	133	0.0075188
NODE_25453_length_4972_cov_4.235584	430	563	30	15	133	0.1127820
NODE_25453_length_4972_cov_4.235584	430	563	32	3	133	0.0225564
NODE_25453_length_4972_cov_4.235584	430	563	33	9	133	0.0676692
NODE_25453_length_4972_cov_4.235584	430	563	34	4	133	0.0300752
NODE_25453_length_4972_cov_4.235584	430	563	35	9	133	0.0676692
NODE_25453_length_4972_cov_4.235584	430	563	36	7	133	0.0526316
NODE_25453_length_4972_cov_4.235584	430	563	37	17	133	0.1278196
NODE_25453_length_4972_cov_4.235584	430	563	38	14	133	0.1052632
NODE_25453_length_4972_cov_4.235584	430	563	39	4	133	0.0300752
NODE_25453_length_4972_cov_4.235584	430	563	40	13	133	0.0977444
NODE_25477_length_4970_cov_4.510983	2550	2683	22	1	133	0.0075188
NODE_25477_length_4970_cov_4.510983	2550	2683	24	3	133	0.0225564
NODE_25477_length_4970_cov_4.510983	2550	2683	25	12	133	0.0902256
NODE_25477_length_4970_cov_4.510983	2550	2683	26	3	133	0.0225564
NODE_25477_length_4970_cov_4.510983	2550	2683	27	7	133	0.0526316
NODE_25477_length_4970_cov_4.510983	2550	2683	31	4	133	0.0300752
NODE_25477_length_4970_cov_4.510983	2550	2683	33	5	133	0.0375940
NODE_25477_length_4970_cov_4.510983	2550	2683	34	1	133	0.0075188
NODE_25477_length_4970_cov_4.510983	2550	2683	36	1	133	0.0075188
NODE_25477_length_4970_cov_4.510983	2550	2683	37	6	133	0.0451128
NODE_25477_length_4970_cov_4.510983	2550	2683	39	1	133	0.0075188
NODE_25477_length_4970_cov_4.510983	2550	2683	41	1	133	0.0075188
NODE_25477_length_4970_cov_4.510983	2550	2683	42	6	133	0.0451128
NODE_25477_length_4970_cov_4.510983	2550	2683	43	2	133	0.0150376
NODE_25477_length_4970_cov_4.510983	2550	2683	44	14	133	0.1052632
NODE_25477_length_4970_cov_4.510983	2550	2683	45	6	133	0.0451128
NODE_25477_length_4970_cov_4.510983	2550	2683	46	7	133	0.0526316
NODE_25477_length_4970_cov_4.510983	2550	2683	47	23	133	0.1729323
NODE_25477_length_4970_cov_4.510983	2550	2683	48	4	133	0.0300752
NODE_25477_length_4970_cov_4.510983	2550	2683	49	14	133	0.1052632
NODE_25477_length_4970_cov_4.510983	2550	2683	50	2	133	0.0150376
NODE_25477_length_4970_cov_4.510983	2550	2683	51	2	133	0.0150376
NODE_25477_length_4970_cov_4.510983	2550	2683	52	8	133	0.0601504
NODE_254954_length_960_cov_6.454123	409	542	7	4	133	0.0300752
NODE_254954_length_960_cov_6.454123	409	542	9	25	133	0.1879699
NODE_254954_length_960_cov_6.454123	409	542	10	9	133	0.0676692
NODE_254954_length_960_cov_6.454123	409	542	11	14	133	0.1052632
NODE_254954_length_960_cov_6.454123	409	542	12	4	133	0.0300752
NODE_254954_length_960_cov_6.454123	409	542	13	4	133	0.0300752
NODE_254954_length_960_cov_6.454123	409	542	14	44	133	0.3308271
NODE_254954_length_960_cov_6.454123	409	542	15	15	133	0.1127820
NODE_254954_length_960_cov_6.454123	409	542	16	14	133	0.1052632
NODE_255597_length_958_cov_2.577416	135	268	7	5	133	0.0375940
NODE_255597_length_958_cov_2.577416	135	268	8	1	133	0.0075188
NODE_255597_length_958_cov_2.577416	135	268	9	17	133	0.1278196
NODE_255597_length_958_cov_2.577416	135	268	11	2	133	0.0150376
NODE_255597_length_958_cov_2.577416	135	268	12	4	133	0.0300752
NODE_255597_length_958_cov_2.577416	135	268	14	12	133	0.0902256
NODE_255597_length_958_cov_2.577416	135	268	16	5	133	0.0375940
NODE_255597_length_958_cov_2.577416	135	268	17	2	133	0.0150376
NODE_255597_length_958_cov_2.577416	135	268	18	3	133	0.0225564
NODE_255597_length_958_cov_2.577416	135	268	19	5	133	0.0375940
NODE_255597_length_958_cov_2.577416	135	268	20	6	133	0.0451128
NODE_255597_length_958_cov_2.577416	135	268	21	7	133	0.0526316
NODE_255597_length_958_cov_2.577416	135	268	22	14	133	0.1052632
NODE_255597_length_958_cov_2.577416	135	268	23	2	133	0.0150376
NODE_255597_length_958_cov_2.577416	135	268	24	11	133	0.0827068
NODE_255597_length_958_cov_2.577416	135	268	26	4	133	0.0300752
NODE_255597_length_958_cov_2.577416	135	268	27	12	133	0.0902256
NODE_255597_length_958_cov_2.577416	135	268	28	1	133	0.0075188
NODE_255597_length_958_cov_2.577416	135	268	30	19	133	0.1428571
NODE_255597_length_958_cov_2.577416	135	268	31	1	133	0.0075188
NODE_25560_length_4963_cov_4.173314	713	846	8	7	133	0.0526316
NODE_25560_length_4963_cov_4.173314	713	846	9	54	133	0.4060150
NODE_25560_length_4963_cov_4.173314	713	846	10	56	133	0.4210526
NODE_25560_length_4963_cov_4.173314	713	846	11	16	133	0.1203008
NODE_255667_length_957_cov_5.081585	240	373	11	5	133	0.0375940
NODE_255667_length_957_cov_5.081585	240	373	14	2	133	0.0150376
NODE_255667_length_957_cov_5.081585	240	373	18	7	133	0.0526316
NODE_255667_length_957_cov_5.081585	240	373	19	12	133	0.0902256
NODE_255667_length_957_cov_5.081585	240	373	21	10	133	0.0751880
NODE_255667_length_957_cov_5.081585	240	373	23	2	133	0.0150376
NODE_255667_length_957_cov_5.081585	240	373	24	2	133	0.0150376
NODE_255667_length_957_cov_5.081585	240	373	25	5	133	0.0375940
NODE_255667_length_957_cov_5.081585	240	373	26	2	133	0.0150376
NODE_255667_length_957_cov_5.081585	240	373	28	4	133	0.0300752
NODE_255667_length_957_cov_5.081585	240	373	29	2	133	0.0150376
NODE_255667_length_957_cov_5.081585	240	373	30	10	133	0.0751880
NODE_255667_length_957_cov_5.081585	240	373	31	2	133	0.0150376
NODE_255667_length_957_cov_5.081585	240	373	32	29	133	0.2180451
NODE_255667_length_957_cov_5.081585	240	373	33	28	133	0.2105263
NODE_255667_length_957_cov_5.081585	240	373	34	11	133	0.0827068
NODE_255690_length_957_cov_4.421911	583	716	13	2	133	0.0150376
NODE_255690_length_957_cov_4.421911	583	716	14	2	133	0.0150376
NODE_255690_length_957_cov_4.421911	583	716	15	1	133	0.0075188
NODE_255690_length_957_cov_4.421911	583	716	16	6	133	0.0451128
NODE_255690_length_957_cov_4.421911	583	716	17	1	133	0.0075188
NODE_255690_length_957_cov_4.421911	583	716	18	1	133	0.0075188
NODE_255690_length_957_cov_4.421911	583	716	21	2	133	0.0150376
NODE_255690_length_957_cov_4.421911	583	716	22	11	133	0.0827068
NODE_255690_length_957_cov_4.421911	583	716	24	5	133	0.0375940
NODE_255690_length_957_cov_4.421911	583	716	25	5	133	0.0375940
NODE_255690_length_957_cov_4.421911	583	716	26	42	133	0.3157895
NODE_255690_length_957_cov_4.421911	583	716	27	5	133	0.0375940
NODE_255690_length_957_cov_4.421911	583	716	28	4	133	0.0300752
NODE_255690_length_957_cov_4.421911	583	716	29	3	133	0.0225564
NODE_255690_length_957_cov_4.421911	583	716	30	21	133	0.1578947
NODE_255690_length_957_cov_4.421911	583	716	31	7	133	0.0526316
NODE_255690_length_957_cov_4.421911	583	716	32	15	133	0.1127820
NODE_2557_length_11519_cov_4.026708	4969	5102	14	4	133	0.0300752
NODE_2557_length_11519_cov_4.026708	4969	5102	15	1	133	0.0075188
NODE_2557_length_11519_cov_4.026708	4969	5102	18	3	133	0.0225564
NODE_2557_length_11519_cov_4.026708	4969	5102	19	7	133	0.0526316
NODE_2557_length_11519_cov_4.026708	4969	5102	20	14	133	0.1052632
NODE_2557_length_11519_cov_4.026708	4969	5102	21	9	133	0.0676692
NODE_2557_length_11519_cov_4.026708	4969	5102	22	2	133	0.0150376
NODE_2557_length_11519_cov_4.026708	4969	5102	24	9	133	0.0676692
NODE_2557_length_11519_cov_4.026708	4969	5102	25	12	133	0.0902256
NODE_2557_length_11519_cov_4.026708	4969	5102	26	23	133	0.1729323
NODE_2557_length_11519_cov_4.026708	4969	5102	27	3	133	0.0225564
NODE_2557_length_11519_cov_4.026708	4969	5102	28	15	133	0.1127820
NODE_2557_length_11519_cov_4.026708	4969	5102	29	25	133	0.1879699
NODE_2557_length_11519_cov_4.026708	4969	5102	30	6	133	0.0451128
NODE_255822_length_957_cov_2.510490	316	449	12	1	133	0.0075188
NODE_255822_length_957_cov_2.510490	316	449	15	1	133	0.0075188
NODE_255822_length_957_cov_2.510490	316	449	16	6	133	0.0451128
NODE_255822_length_957_cov_2.510490	316	449	17	17	133	0.1278196
NODE_255822_length_957_cov_2.510490	316	449	18	1	133	0.0075188
NODE_255822_length_957_cov_2.510490	316	449	19	8	133	0.0601504
NODE_255822_length_957_cov_2.510490	316	449	20	1	133	0.0075188
NODE_255822_length_957_cov_2.510490	316	449	21	5	133	0.0375940
NODE_255822_length_957_cov_2.510490	316	449	22	26	133	0.1954887
NODE_255822_length_957_cov_2.510490	316	449	23	14	133	0.1052632
NODE_255822_length_957_cov_2.510490	316	449	24	24	133	0.1804511
NODE_255822_length_957_cov_2.510490	316	449	25	17	133	0.1278196
NODE_255822_length_957_cov_2.510490	316	449	26	12	133	0.0902256
NODE_255_length_20668_cov_5.002042	7801	7934	16	9	133	0.0676692
NODE_255_length_20668_cov_5.002042	7801	7934	17	5	133	0.0375940
NODE_255_length_20668_cov_5.002042	7801	7934	18	17	133	0.1278196
NODE_255_length_20668_cov_5.002042	7801	7934	19	10	133	0.0751880
NODE_255_length_20668_cov_5.002042	7801	7934	21	5	133	0.0375940
NODE_255_length_20668_cov_5.002042	7801	7934	22	13	133	0.0977444
NODE_255_length_20668_cov_5.002042	7801	7934	23	14	133	0.1052632
NODE_255_length_20668_cov_5.002042	7801	7934	24	20	133	0.1503759
NODE_255_length_20668_cov_5.002042	7801	7934	25	7	133	0.0526316
NODE_255_length_20668_cov_5.002042	7801	7934	26	22	133	0.1654135
NODE_255_length_20668_cov_5.002042	7801	7934	27	6	133	0.0451128
NODE_255_length_20668_cov_5.002042	7801	7934	28	5	133	0.0375940
NODE_25610_length_4958_cov_3.499074	144	277	2	21	133	0.1578947
NODE_25610_length_4958_cov_3.499074	144	277	3	34	133	0.2556391
NODE_25610_length_4958_cov_3.499074	144	277	4	30	133	0.2255639
NODE_25610_length_4958_cov_3.499074	144	277	5	48	133	0.3609022
NODE_256393_length_954_cov_4.838596	704	837	2	2	133	0.0150376
NODE_256393_length_954_cov_4.838596	704	837	4	2	133	0.0150376
NODE_256393_length_954_cov_4.838596	704	837	6	21	133	0.1578947
NODE_256393_length_954_cov_4.838596	704	837	7	3	133	0.0225564
NODE_256393_length_954_cov_4.838596	704	837	9	11	133	0.0827068
NODE_256393_length_954_cov_4.838596	704	837	10	9	133	0.0676692
NODE_256393_length_954_cov_4.838596	704	837	11	8	133	0.0601504
NODE_256393_length_954_cov_4.838596	704	837	12	34	133	0.2556391
NODE_256393_length_954_cov_4.838596	704	837	13	43	133	0.3233083
NODE_25651_length_4954_cov_3.450463	3322	3455	21	2	133	0.0150376
NODE_25651_length_4954_cov_3.450463	3322	3455	22	7	133	0.0526316
NODE_25651_length_4954_cov_3.450463	3322	3455	23	20	133	0.1503759
NODE_25651_length_4954_cov_3.450463	3322	3455	24	1	133	0.0075188
NODE_25651_length_4954_cov_3.450463	3322	3455	25	7	133	0.0526316
NODE_25651_length_4954_cov_3.450463	3322	3455	27	4	133	0.0300752
NODE_25651_length_4954_cov_3.450463	3322	3455	28	3	133	0.0225564
NODE_25651_length_4954_cov_3.450463	3322	3455	29	10	133	0.0751880
NODE_25651_length_4954_cov_3.450463	3322	3455	30	8	133	0.0601504
NODE_25651_length_4954_cov_3.450463	3322	3455	31	17	133	0.1278196
NODE_25651_length_4954_cov_3.450463	3322	3455	32	12	133	0.0902256
NODE_25651_length_4954_cov_3.450463	3322	3455	33	20	133	0.1503759
NODE_25651_length_4954_cov_3.450463	3322	3455	34	22	133	0.1654135
NODE_256678_length_953_cov_3.593677	626	759	14	14	133	0.1052632
NODE_256678_length_953_cov_3.593677	626	759	15	9	133	0.0676692
NODE_256678_length_953_cov_3.593677	626	759	16	6	133	0.0451128
NODE_256678_length_953_cov_3.593677	626	759	17	20	133	0.1503759
NODE_256678_length_953_cov_3.593677	626	759	18	19	133	0.1428571
NODE_256678_length_953_cov_3.593677	626	759	19	6	133	0.0451128
NODE_256678_length_953_cov_3.593677	626	759	20	6	133	0.0451128
NODE_256678_length_953_cov_3.593677	626	759	21	8	133	0.0601504
NODE_256678_length_953_cov_3.593677	626	759	22	17	133	0.1278196
NODE_256678_length_953_cov_3.593677	626	759	23	28	133	0.2105263
NODE_25677_length_4951_cov_5.109233	3022	3155	15	6	133	0.0451128
NODE_25677_length_4951_cov_5.109233	3022	3155	16	6	133	0.0451128
NODE_25677_length_4951_cov_5.109233	3022	3155	17	12	133	0.0902256
NODE_25677_length_4951_cov_5.109233	3022	3155	18	6	133	0.0451128
NODE_25677_length_4951_cov_5.109233	3022	3155	19	3	133	0.0225564
NODE_25677_length_4951_cov_5.109233	3022	3155	20	15	133	0.1127820
NODE_25677_length_4951_cov_5.109233	3022	3155	21	12	133	0.0902256
NODE_25677_length_4951_cov_5.109233	3022	3155	22	9	133	0.0676692
NODE_25677_length_4951_cov_5.109233	3022	3155	23	2	133	0.0150376
NODE_25677_length_4951_cov_5.109233	3022	3155	24	1	133	0.0075188
NODE_25677_length_4951_cov_5.109233	3022	3155	25	3	133	0.0225564
NODE_25677_length_4951_cov_5.109233	3022	3155	27	10	133	0.0751880
NODE_25677_length_4951_cov_5.109233	3022	3155	28	6	133	0.0451128
NODE_25677_length_4951_cov_5.109233	3022	3155	29	11	133	0.0827068
NODE_25677_length_4951_cov_5.109233	3022	3155	30	4	133	0.0300752
NODE_25677_length_4951_cov_5.109233	3022	3155	31	1	133	0.0075188
NODE_25677_length_4951_cov_5.109233	3022	3155	32	5	133	0.0375940
NODE_25677_length_4951_cov_5.109233	3022	3155	34	1	133	0.0075188
NODE_25677_length_4951_cov_5.109233	3022	3155	35	2	133	0.0150376
NODE_25677_length_4951_cov_5.109233	3022	3155	39	2	133	0.0150376
NODE_25677_length_4951_cov_5.109233	3022	3155	40	5	133	0.0375940
NODE_25677_length_4951_cov_5.109233	3022	3155	41	6	133	0.0451128
NODE_25677_length_4951_cov_5.109233	3022	3155	42	1	133	0.0075188
NODE_25677_length_4951_cov_5.109233	3022	3155	43	4	133	0.0300752
NODE_25680_length_4951_cov_4.103256	2529	2662	14	1	133	0.0075188
NODE_25680_length_4951_cov_4.103256	2529	2662	15	1	133	0.0075188
NODE_25680_length_4951_cov_4.103256	2529	2662	16	3	133	0.0225564
NODE_25680_length_4951_cov_4.103256	2529	2662	17	8	133	0.0601504
NODE_25680_length_4951_cov_4.103256	2529	2662	18	35	133	0.2631579
NODE_25680_length_4951_cov_4.103256	2529	2662	19	27	133	0.2030075
NODE_25680_length_4951_cov_4.103256	2529	2662	20	43	133	0.3233083
NODE_25680_length_4951_cov_4.103256	2529	2662	21	15	133	0.1127820
NODE_256924_length_952_cov_3.518171	328	461	4	4	133	0.0300752
NODE_256924_length_952_cov_3.518171	328	461	5	8	133	0.0601504
NODE_256924_length_952_cov_3.518171	328	461	6	12	133	0.0902256
NODE_256924_length_952_cov_3.518171	328	461	8	22	133	0.1654135
NODE_256924_length_952_cov_3.518171	328	461	9	4	133	0.0300752
NODE_256924_length_952_cov_3.518171	328	461	10	27	133	0.2030075
NODE_256924_length_952_cov_3.518171	328	461	11	14	133	0.1052632
NODE_256924_length_952_cov_3.518171	328	461	12	2	133	0.0150376
NODE_256924_length_952_cov_3.518171	328	461	13	6	133	0.0451128
NODE_256924_length_952_cov_3.518171	328	461	14	1	133	0.0075188
NODE_256924_length_952_cov_3.518171	328	461	15	27	133	0.2030075
NODE_256924_length_952_cov_3.518171	328	461	16	6	133	0.0451128
NODE_25692_length_4950_cov_4.071532	1725	1858	7	7	133	0.0526316
NODE_25692_length_4950_cov_4.071532	1725	1858	8	16	133	0.1203008
NODE_25692_length_4950_cov_4.071532	1725	1858	9	6	133	0.0451128
NODE_25692_length_4950_cov_4.071532	1725	1858	10	82	133	0.6165413
NODE_25692_length_4950_cov_4.071532	1725	1858	11	11	133	0.0827068
NODE_25692_length_4950_cov_4.071532	1725	1858	12	6	133	0.0451128
NODE_25692_length_4950_cov_4.071532	1725	1858	13	1	133	0.0075188
NODE_25692_length_4950_cov_4.071532	1725	1858	14	4	133	0.0300752
NODE_25702_length_4949_cov_3.568247	3412	3545	8	9	133	0.0676692
NODE_25702_length_4949_cov_3.568247	3412	3545	9	3	133	0.0225564
NODE_25702_length_4949_cov_3.568247	3412	3545	10	2	133	0.0150376
NODE_25702_length_4949_cov_3.568247	3412	3545	11	6	133	0.0451128
NODE_25702_length_4949_cov_3.568247	3412	3545	12	10	133	0.0751880
NODE_25702_length_4949_cov_3.568247	3412	3545	14	6	133	0.0451128
NODE_25702_length_4949_cov_3.568247	3412	3545	15	8	133	0.0601504
NODE_25702_length_4949_cov_3.568247	3412	3545	16	3	133	0.0225564
NODE_25702_length_4949_cov_3.568247	3412	3545	17	10	133	0.0751880
NODE_25702_length_4949_cov_3.568247	3412	3545	18	9	133	0.0676692
NODE_25702_length_4949_cov_3.568247	3412	3545	19	6	133	0.0451128
NODE_25702_length_4949_cov_3.568247	3412	3545	21	1	133	0.0075188
NODE_25702_length_4949_cov_3.568247	3412	3545	22	7	133	0.0526316
NODE_25702_length_4949_cov_3.568247	3412	3545	23	17	133	0.1278196
NODE_25702_length_4949_cov_3.568247	3412	3545	24	14	133	0.1052632
NODE_25702_length_4949_cov_3.568247	3412	3545	25	7	133	0.0526316
NODE_25702_length_4949_cov_3.568247	3412	3545	26	14	133	0.1052632
NODE_25702_length_4949_cov_3.568247	3412	3545	27	1	133	0.0075188
NODE_25713_length_4948_cov_3.673953	3746	3879	3	5	133	0.0375940
NODE_25713_length_4948_cov_3.673953	3746	3879	4	10	133	0.0751880
NODE_25713_length_4948_cov_3.673953	3746	3879	5	1	133	0.0075188
NODE_25713_length_4948_cov_3.673953	3746	3879	6	7	133	0.0526316
NODE_25713_length_4948_cov_3.673953	3746	3879	7	10	133	0.0751880
NODE_25713_length_4948_cov_3.673953	3746	3879	9	21	133	0.1578947
NODE_25713_length_4948_cov_3.673953	3746	3879	11	4	133	0.0300752
NODE_25713_length_4948_cov_3.673953	3746	3879	12	1	133	0.0075188
NODE_25713_length_4948_cov_3.673953	3746	3879	13	38	133	0.2857143
NODE_25713_length_4948_cov_3.673953	3746	3879	14	25	133	0.1879699
NODE_25713_length_4948_cov_3.673953	3746	3879	15	11	133	0.0827068
NODE_257272_length_951_cov_2.276995	406	539	5	1	133	0.0075188
NODE_257272_length_951_cov_2.276995	406	539	6	13	133	0.0977444
NODE_257272_length_951_cov_2.276995	406	539	7	7	133	0.0526316
NODE_257272_length_951_cov_2.276995	406	539	8	29	133	0.2180451
NODE_257272_length_951_cov_2.276995	406	539	9	83	133	0.6240602
NODE_25727_length_4946_cov_5.173509	552	685	8	6	133	0.0451128
NODE_25727_length_4946_cov_5.173509	552	685	9	7	133	0.0526316
NODE_25727_length_4946_cov_5.173509	552	685	10	2	133	0.0150376
NODE_25727_length_4946_cov_5.173509	552	685	11	1	133	0.0075188
NODE_25727_length_4946_cov_5.173509	552	685	12	27	133	0.2030075
NODE_25727_length_4946_cov_5.173509	552	685	13	14	133	0.1052632
NODE_25727_length_4946_cov_5.173509	552	685	14	32	133	0.2406015
NODE_25727_length_4946_cov_5.173509	552	685	15	27	133	0.2030075
NODE_25727_length_4946_cov_5.173509	552	685	16	17	133	0.1278196
NODE_25771_length_4943_cov_3.696738	4752	4885	8	25	133	0.1879699
NODE_25771_length_4943_cov_3.696738	4752	4885	9	1	133	0.0075188
NODE_25771_length_4943_cov_3.696738	4752	4885	10	19	133	0.1428571
NODE_25771_length_4943_cov_3.696738	4752	4885	11	7	133	0.0526316
NODE_25771_length_4943_cov_3.696738	4752	4885	12	28	133	0.2105263
NODE_25771_length_4943_cov_3.696738	4752	4885	13	53	133	0.3984962
NODE_257823_length_948_cov_4.003534	194	327	19	1	133	0.0075188
NODE_257823_length_948_cov_4.003534	194	327	20	4	133	0.0300752
NODE_257823_length_948_cov_4.003534	194	327	22	6	133	0.0451128
NODE_257823_length_948_cov_4.003534	194	327	24	1	133	0.0075188
NODE_257823_length_948_cov_4.003534	194	327	25	4	133	0.0300752
NODE_257823_length_948_cov_4.003534	194	327	26	10	133	0.0751880
NODE_257823_length_948_cov_4.003534	194	327	27	5	133	0.0375940
NODE_257823_length_948_cov_4.003534	194	327	28	10	133	0.0751880
NODE_257823_length_948_cov_4.003534	194	327	29	9	133	0.0676692
NODE_257823_length_948_cov_4.003534	194	327	30	18	133	0.1353384
NODE_257823_length_948_cov_4.003534	194	327	31	14	133	0.1052632
NODE_257823_length_948_cov_4.003534	194	327	32	10	133	0.0751880
NODE_257823_length_948_cov_4.003534	194	327	33	12	133	0.0902256
NODE_257823_length_948_cov_4.003534	194	327	34	29	133	0.2180451
NODE_25792_length_4940_cov_21.382566	3789	3922	12	5	133	0.0375940
NODE_25792_length_4940_cov_21.382566	3789	3922	15	13	133	0.0977444
NODE_25792_length_4940_cov_21.382566	3789	3922	17	16	133	0.1203008
NODE_25792_length_4940_cov_21.382566	3789	3922	18	3	133	0.0225564
NODE_25792_length_4940_cov_21.382566	3789	3922	19	30	133	0.2255639
NODE_25792_length_4940_cov_21.382566	3789	3922	20	6	133	0.0451128
NODE_25792_length_4940_cov_21.382566	3789	3922	21	16	133	0.1203008
NODE_25792_length_4940_cov_21.382566	3789	3922	22	1	133	0.0075188
NODE_25792_length_4940_cov_21.382566	3789	3922	23	21	133	0.1578947
NODE_25792_length_4940_cov_21.382566	3789	3922	24	5	133	0.0375940
NODE_25792_length_4940_cov_21.382566	3789	3922	25	10	133	0.0751880
NODE_25792_length_4940_cov_21.382566	3789	3922	26	5	133	0.0375940
NODE_25792_length_4940_cov_21.382566	3789	3922	27	2	133	0.0150376
NODE_257930_length_948_cov_2.813899	377	510	9	9	133	0.0676692
NODE_257930_length_948_cov_2.813899	377	510	11	5	133	0.0375940
NODE_257930_length_948_cov_2.813899	377	510	12	1	133	0.0075188
NODE_257930_length_948_cov_2.813899	377	510	13	11	133	0.0827068
NODE_257930_length_948_cov_2.813899	377	510	14	2	133	0.0150376
NODE_257930_length_948_cov_2.813899	377	510	20	30	133	0.2255639
NODE_257930_length_948_cov_2.813899	377	510	21	6	133	0.0451128
NODE_257930_length_948_cov_2.813899	377	510	22	19	133	0.1428571
NODE_257930_length_948_cov_2.813899	377	510	23	15	133	0.1127820
NODE_257930_length_948_cov_2.813899	377	510	24	34	133	0.2556391
NODE_257930_length_948_cov_2.813899	377	510	25	1	133	0.0075188
NODE_257_length_20647_cov_4.529200	1050	1183	5	29	133	0.2180451
NODE_257_length_20647_cov_4.529200	1050	1183	6	13	133	0.0977444
NODE_257_length_20647_cov_4.529200	1050	1183	7	2	133	0.0150376
NODE_257_length_20647_cov_4.529200	1050	1183	8	2	133	0.0150376
NODE_257_length_20647_cov_4.529200	1050	1183	10	2	133	0.0150376
NODE_257_length_20647_cov_4.529200	1050	1183	11	2	133	0.0150376
NODE_257_length_20647_cov_4.529200	1050	1183	12	2	133	0.0150376
NODE_257_length_20647_cov_4.529200	1050	1183	14	9	133	0.0676692
NODE_257_length_20647_cov_4.529200	1050	1183	16	4	133	0.0300752
NODE_257_length_20647_cov_4.529200	1050	1183	17	5	133	0.0375940
NODE_257_length_20647_cov_4.529200	1050	1183	18	12	133	0.0902256
NODE_257_length_20647_cov_4.529200	1050	1183	19	4	133	0.0300752
NODE_257_length_20647_cov_4.529200	1050	1183	20	4	133	0.0300752
NODE_257_length_20647_cov_4.529200	1050	1183	22	7	133	0.0526316
NODE_257_length_20647_cov_4.529200	1050	1183	23	2	133	0.0150376
NODE_257_length_20647_cov_4.529200	1050	1183	24	12	133	0.0902256
NODE_257_length_20647_cov_4.529200	1050	1183	25	11	133	0.0827068
NODE_257_length_20647_cov_4.529200	1050	1183	26	7	133	0.0526316
NODE_257_length_20647_cov_4.529200	1050	1183	27	4	133	0.0300752
NODE_25802_length_4940_cov_3.288370	2052	2185	14	11	133	0.0827068
NODE_25802_length_4940_cov_3.288370	2052	2185	15	5	133	0.0375940
NODE_25802_length_4940_cov_3.288370	2052	2185	16	7	133	0.0526316
NODE_25802_length_4940_cov_3.288370	2052	2185	17	2	133	0.0150376
NODE_25802_length_4940_cov_3.288370	2052	2185	18	11	133	0.0827068
NODE_25802_length_4940_cov_3.288370	2052	2185	19	31	133	0.2330827
NODE_25802_length_4940_cov_3.288370	2052	2185	20	7	133	0.0526316
NODE_25802_length_4940_cov_3.288370	2052	2185	21	5	133	0.0375940
NODE_25802_length_4940_cov_3.288370	2052	2185	22	13	133	0.0977444
NODE_25802_length_4940_cov_3.288370	2052	2185	23	37	133	0.2781955
NODE_25802_length_4940_cov_3.288370	2052	2185	24	4	133	0.0300752
NODE_258041_length_947_cov_4.551887	313	446	34	12	133	0.0902256
NODE_258041_length_947_cov_4.551887	313	446	35	11	133	0.0827068
NODE_258041_length_947_cov_4.551887	313	446	36	2	133	0.0150376
NODE_258041_length_947_cov_4.551887	313	446	39	2	133	0.0150376
NODE_258041_length_947_cov_4.551887	313	446	40	6	133	0.0451128
NODE_258041_length_947_cov_4.551887	313	446	41	1	133	0.0075188
NODE_258041_length_947_cov_4.551887	313	446	42	1	133	0.0075188
NODE_258041_length_947_cov_4.551887	313	446	43	3	133	0.0225564
NODE_258041_length_947_cov_4.551887	313	446	44	3	133	0.0225564
NODE_258041_length_947_cov_4.551887	313	446	46	13	133	0.0977444
NODE_258041_length_947_cov_4.551887	313	446	47	9	133	0.0676692
NODE_258041_length_947_cov_4.551887	313	446	48	10	133	0.0751880
NODE_258041_length_947_cov_4.551887	313	446	49	4	133	0.0300752
NODE_258041_length_947_cov_4.551887	313	446	50	15	133	0.1127820
NODE_258041_length_947_cov_4.551887	313	446	52	2	133	0.0150376
NODE_258041_length_947_cov_4.551887	313	446	53	4	133	0.0300752
NODE_258041_length_947_cov_4.551887	313	446	54	9	133	0.0676692
NODE_258041_length_947_cov_4.551887	313	446	55	8	133	0.0601504
NODE_258041_length_947_cov_4.551887	313	446	56	12	133	0.0902256
NODE_258041_length_947_cov_4.551887	313	446	57	6	133	0.0451128
NODE_25841_length_4936_cov_4.867066	4209	4342	6	10	133	0.0751880
NODE_25841_length_4936_cov_4.867066	4209	4342	8	1	133	0.0075188
NODE_25841_length_4936_cov_4.867066	4209	4342	9	7	133	0.0526316
NODE_25841_length_4936_cov_4.867066	4209	4342	10	3	133	0.0225564
NODE_25841_length_4936_cov_4.867066	4209	4342	11	17	133	0.1278196
NODE_25841_length_4936_cov_4.867066	4209	4342	12	12	133	0.0902256
NODE_25841_length_4936_cov_4.867066	4209	4342	13	8	133	0.0601504
NODE_25841_length_4936_cov_4.867066	4209	4342	14	4	133	0.0300752
NODE_25841_length_4936_cov_4.867066	4209	4342	15	48	133	0.3609022
NODE_25841_length_4936_cov_4.867066	4209	4342	16	14	133	0.1052632
NODE_25841_length_4936_cov_4.867066	4209	4342	17	9	133	0.0676692
NODE_25855_length_4936_cov_2.585900	2615	2748	10	1	133	0.0075188
NODE_25855_length_4936_cov_2.585900	2615	2748	11	42	133	0.3157895
NODE_25855_length_4936_cov_2.585900	2615	2748	12	12	133	0.0902256
NODE_25855_length_4936_cov_2.585900	2615	2748	13	1	133	0.0075188
NODE_25855_length_4936_cov_2.585900	2615	2748	14	25	133	0.1879699
NODE_25855_length_4936_cov_2.585900	2615	2748	15	28	133	0.2105263
NODE_25855_length_4936_cov_2.585900	2615	2748	16	24	133	0.1804511
NODE_25877_length_4933_cov_3.954489	1489	1622	10	6	133	0.0451128
NODE_25877_length_4933_cov_3.954489	1489	1622	11	3	133	0.0225564
NODE_25877_length_4933_cov_3.954489	1489	1622	13	4	133	0.0300752
NODE_25877_length_4933_cov_3.954489	1489	1622	15	3	133	0.0225564
NODE_25877_length_4933_cov_3.954489	1489	1622	16	6	133	0.0451128
NODE_25877_length_4933_cov_3.954489	1489	1622	17	1	133	0.0075188
NODE_25877_length_4933_cov_3.954489	1489	1622	18	2	133	0.0150376
NODE_25877_length_4933_cov_3.954489	1489	1622	20	4	133	0.0300752
NODE_25877_length_4933_cov_3.954489	1489	1622	21	4	133	0.0300752
NODE_25877_length_4933_cov_3.954489	1489	1622	22	1	133	0.0075188
NODE_25877_length_4933_cov_3.954489	1489	1622	24	6	133	0.0451128
NODE_25877_length_4933_cov_3.954489	1489	1622	25	12	133	0.0902256
NODE_25877_length_4933_cov_3.954489	1489	1622	26	1	133	0.0075188
NODE_25877_length_4933_cov_3.954489	1489	1622	27	4	133	0.0300752
NODE_25877_length_4933_cov_3.954489	1489	1622	28	8	133	0.0601504
NODE_25877_length_4933_cov_3.954489	1489	1622	29	5	133	0.0375940
NODE_25877_length_4933_cov_3.954489	1489	1622	30	30	133	0.2255639
NODE_25877_length_4933_cov_3.954489	1489	1622	31	16	133	0.1203008
NODE_25877_length_4933_cov_3.954489	1489	1622	33	17	133	0.1278196
NODE_25881_length_4932_cov_12.072212	1582	1715	0	30	133	0.2255639
NODE_25881_length_4932_cov_12.072212	1582	1715	21	1	133	0.0075188
NODE_25881_length_4932_cov_12.072212	1582	1715	25	2	133	0.0150376
NODE_25881_length_4932_cov_12.072212	1582	1715	26	7	133	0.0526316
NODE_25881_length_4932_cov_12.072212	1582	1715	27	22	133	0.1654135
NODE_25881_length_4932_cov_12.072212	1582	1715	28	6	133	0.0451128
NODE_25881_length_4932_cov_12.072212	1582	1715	29	4	133	0.0300752
NODE_25881_length_4932_cov_12.072212	1582	1715	30	15	133	0.1127820
NODE_25881_length_4932_cov_12.072212	1582	1715	32	10	133	0.0751880
NODE_25881_length_4932_cov_12.072212	1582	1715	33	4	133	0.0300752
NODE_25881_length_4932_cov_12.072212	1582	1715	34	2	133	0.0150376
NODE_25881_length_4932_cov_12.072212	1582	1715	35	12	133	0.0902256
NODE_25881_length_4932_cov_12.072212	1582	1715	36	18	133	0.1353384
NODE_258933_length_943_cov_5.811611	336	469	25	2	133	0.0150376
NODE_258933_length_943_cov_5.811611	336	469	26	11	133	0.0827068
NODE_258933_length_943_cov_5.811611	336	469	27	11	133	0.0827068
NODE_258933_length_943_cov_5.811611	336	469	28	11	133	0.0827068
NODE_258933_length_943_cov_5.811611	336	469	29	2	133	0.0150376
NODE_258933_length_943_cov_5.811611	336	469	30	8	133	0.0601504
NODE_258933_length_943_cov_5.811611	336	469	31	14	133	0.1052632
NODE_258933_length_943_cov_5.811611	336	469	32	14	133	0.1052632
NODE_258933_length_943_cov_5.811611	336	469	33	13	133	0.0977444
NODE_258933_length_943_cov_5.811611	336	469	34	2	133	0.0150376
NODE_258933_length_943_cov_5.811611	336	469	35	2	133	0.0150376
NODE_258933_length_943_cov_5.811611	336	469	36	3	133	0.0225564
NODE_258933_length_943_cov_5.811611	336	469	37	14	133	0.1052632
NODE_258933_length_943_cov_5.811611	336	469	38	26	133	0.1954887
NODE_259001_length_943_cov_3.772512	381	514	5	1	133	0.0075188
NODE_259001_length_943_cov_3.772512	381	514	6	28	133	0.2105263
NODE_259001_length_943_cov_3.772512	381	514	7	18	133	0.1353384
NODE_259001_length_943_cov_3.772512	381	514	8	1	133	0.0075188
NODE_259001_length_943_cov_3.772512	381	514	9	18	133	0.1353384
NODE_259001_length_943_cov_3.772512	381	514	10	34	133	0.2556391
NODE_259001_length_943_cov_3.772512	381	514	11	2	133	0.0150376
NODE_259001_length_943_cov_3.772512	381	514	13	4	133	0.0300752
NODE_259001_length_943_cov_3.772512	381	514	14	27	133	0.2030075
NODE_259413_length_941_cov_5.467933	145	278	6	25	133	0.1879699
NODE_259413_length_941_cov_5.467933	145	278	7	11	133	0.0827068
NODE_259413_length_941_cov_5.467933	145	278	8	15	133	0.1127820
NODE_259413_length_941_cov_5.467933	145	278	9	16	133	0.1203008
NODE_259413_length_941_cov_5.467933	145	278	11	5	133	0.0375940
NODE_259413_length_941_cov_5.467933	145	278	12	1	133	0.0075188
NODE_259413_length_941_cov_5.467933	145	278	14	16	133	0.1203008
NODE_259413_length_941_cov_5.467933	145	278	15	2	133	0.0150376
NODE_259413_length_941_cov_5.467933	145	278	17	23	133	0.1729323
NODE_259413_length_941_cov_5.467933	145	278	18	19	133	0.1428571
NODE_260047_length_939_cov_2.461905	706	839	0	81	133	0.6090226
NODE_260047_length_939_cov_2.461905	706	839	2	26	133	0.1954887
NODE_260047_length_939_cov_2.461905	706	839	4	26	133	0.1954887
NODE_260405_length_937_cov_3.856802	612	745	16	3	133	0.0225564
NODE_260405_length_937_cov_3.856802	612	745	17	14	133	0.1052632
NODE_260405_length_937_cov_3.856802	612	745	18	6	133	0.0451128
NODE_260405_length_937_cov_3.856802	612	745	19	11	133	0.0827068
NODE_260405_length_937_cov_3.856802	612	745	20	17	133	0.1278196
NODE_260405_length_937_cov_3.856802	612	745	21	28	133	0.2105263
NODE_260405_length_937_cov_3.856802	612	745	22	50	133	0.3759398
NODE_260405_length_937_cov_3.856802	612	745	23	4	133	0.0300752
NODE_260450_length_937_cov_3.331742	208	341	0	34	133	0.2556391
NODE_260450_length_937_cov_3.331742	208	341	1	67	133	0.5037594
NODE_260450_length_937_cov_3.331742	208	341	2	32	133	0.2406015
NODE_26051_length_4918_cov_4.966798	3013	3146	9	5	133	0.0375940
NODE_26051_length_4918_cov_4.966798	3013	3146	11	4	133	0.0300752
NODE_26051_length_4918_cov_4.966798	3013	3146	12	10	133	0.0751880
NODE_26051_length_4918_cov_4.966798	3013	3146	13	2	133	0.0150376
NODE_26051_length_4918_cov_4.966798	3013	3146	14	1	133	0.0075188
NODE_26051_length_4918_cov_4.966798	3013	3146	15	1	133	0.0075188
NODE_26051_length_4918_cov_4.966798	3013	3146	16	3	133	0.0225564
NODE_26051_length_4918_cov_4.966798	3013	3146	18	17	133	0.1278196
NODE_26051_length_4918_cov_4.966798	3013	3146	19	12	133	0.0902256
NODE_26051_length_4918_cov_4.966798	3013	3146	20	76	133	0.5714286
NODE_26051_length_4918_cov_4.966798	3013	3146	21	2	133	0.0150376
NODE_260665_length_936_cov_3.942652	673	806	2	1	133	0.0075188
NODE_260665_length_936_cov_3.942652	673	806	4	1	133	0.0075188
NODE_260665_length_936_cov_3.942652	673	806	5	40	133	0.3007519
NODE_260665_length_936_cov_3.942652	673	806	6	6	133	0.0451128
NODE_260665_length_936_cov_3.942652	673	806	8	9	133	0.0676692
NODE_260665_length_936_cov_3.942652	673	806	9	41	133	0.3082707
NODE_260665_length_936_cov_3.942652	673	806	10	10	133	0.0751880
NODE_260665_length_936_cov_3.942652	673	806	11	25	133	0.1879699
NODE_2607_length_11449_cov_4.186784	6278	6411	23	8	133	0.0601504
NODE_2607_length_11449_cov_4.186784	6278	6411	24	7	133	0.0526316
NODE_2607_length_11449_cov_4.186784	6278	6411	25	2	133	0.0150376
NODE_2607_length_11449_cov_4.186784	6278	6411	26	20	133	0.1503759
NODE_2607_length_11449_cov_4.186784	6278	6411	27	3	133	0.0225564
NODE_2607_length_11449_cov_4.186784	6278	6411	30	5	133	0.0375940
NODE_2607_length_11449_cov_4.186784	6278	6411	31	1	133	0.0075188
NODE_2607_length_11449_cov_4.186784	6278	6411	32	10	133	0.0751880
NODE_2607_length_11449_cov_4.186784	6278	6411	33	7	133	0.0526316
NODE_2607_length_11449_cov_4.186784	6278	6411	34	20	133	0.1503759
NODE_2607_length_11449_cov_4.186784	6278	6411	35	12	133	0.0902256
NODE_2607_length_11449_cov_4.186784	6278	6411	36	7	133	0.0526316
NODE_2607_length_11449_cov_4.186784	6278	6411	37	21	133	0.1578947
NODE_2607_length_11449_cov_4.186784	6278	6411	38	10	133	0.0751880
NODE_26086_length_4915_cov_4.796927	665	798	18	19	133	0.1428571
NODE_26086_length_4915_cov_4.796927	665	798	19	15	133	0.1127820
NODE_26086_length_4915_cov_4.796927	665	798	20	35	133	0.2631579
NODE_26086_length_4915_cov_4.796927	665	798	21	18	133	0.1353384
NODE_26086_length_4915_cov_4.796927	665	798	22	10	133	0.0751880
NODE_26086_length_4915_cov_4.796927	665	798	23	4	133	0.0300752
NODE_26086_length_4915_cov_4.796927	665	798	24	1	133	0.0075188
NODE_26086_length_4915_cov_4.796927	665	798	25	15	133	0.1127820
NODE_26086_length_4915_cov_4.796927	665	798	26	8	133	0.0601504
NODE_26086_length_4915_cov_4.796927	665	798	27	8	133	0.0601504
NODE_260888_length_935_cov_4.383971	75	208	10	8	133	0.0601504
NODE_260888_length_935_cov_4.383971	75	208	11	12	133	0.0902256
NODE_260888_length_935_cov_4.383971	75	208	12	3	133	0.0225564
NODE_260888_length_935_cov_4.383971	75	208	13	1	133	0.0075188
NODE_260888_length_935_cov_4.383971	75	208	14	4	133	0.0300752
NODE_260888_length_935_cov_4.383971	75	208	15	2	133	0.0150376
NODE_260888_length_935_cov_4.383971	75	208	17	2	133	0.0150376
NODE_260888_length_935_cov_4.383971	75	208	19	10	133	0.0751880
NODE_260888_length_935_cov_4.383971	75	208	20	2	133	0.0150376
NODE_260888_length_935_cov_4.383971	75	208	21	7	133	0.0526316
NODE_260888_length_935_cov_4.383971	75	208	23	6	133	0.0451128
NODE_260888_length_935_cov_4.383971	75	208	25	10	133	0.0751880
NODE_260888_length_935_cov_4.383971	75	208	27	2	133	0.0150376
NODE_260888_length_935_cov_4.383971	75	208	31	4	133	0.0300752
NODE_260888_length_935_cov_4.383971	75	208	33	15	133	0.1127820
NODE_260888_length_935_cov_4.383971	75	208	34	8	133	0.0601504
NODE_260888_length_935_cov_4.383971	75	208	35	28	133	0.2105263
NODE_260888_length_935_cov_4.383971	75	208	36	9	133	0.0676692
NODE_260930_length_935_cov_3.662679	161	294	5	21	133	0.1578947
NODE_260930_length_935_cov_3.662679	161	294	6	11	133	0.0827068
NODE_260930_length_935_cov_3.662679	161	294	7	9	133	0.0676692
NODE_260930_length_935_cov_3.662679	161	294	8	4	133	0.0300752
NODE_260930_length_935_cov_3.662679	161	294	12	26	133	0.1954887
NODE_260930_length_935_cov_3.662679	161	294	13	62	133	0.4661654
NODE_260953_length_935_cov_3.314593	783	916	3	18	133	0.1353384
NODE_260953_length_935_cov_3.314593	783	916	4	4	133	0.0300752
NODE_260953_length_935_cov_3.314593	783	916	6	38	133	0.2857143
NODE_260953_length_935_cov_3.314593	783	916	7	4	133	0.0300752
NODE_260953_length_935_cov_3.314593	783	916	8	50	133	0.3759398
NODE_260953_length_935_cov_3.314593	783	916	9	19	133	0.1428571
NODE_260_length_20539_cov_4.147211	14590	14723	5	12	133	0.0902256
NODE_260_length_20539_cov_4.147211	14590	14723	6	1	133	0.0075188
NODE_260_length_20539_cov_4.147211	14590	14723	7	66	133	0.4962406
NODE_260_length_20539_cov_4.147211	14590	14723	8	20	133	0.1503759
NODE_260_length_20539_cov_4.147211	14590	14723	9	34	133	0.2556391
NODE_261094_length_934_cov_4.675449	377	510	0	37	133	0.2781955
NODE_261094_length_934_cov_4.675449	377	510	1	37	133	0.2781955
NODE_261094_length_934_cov_4.675449	377	510	2	6	133	0.0451128
NODE_261094_length_934_cov_4.675449	377	510	3	4	133	0.0300752
NODE_261094_length_934_cov_4.675449	377	510	4	2	133	0.0150376
NODE_261094_length_934_cov_4.675449	377	510	6	6	133	0.0451128
NODE_261094_length_934_cov_4.675449	377	510	7	4	133	0.0300752
NODE_261094_length_934_cov_4.675449	377	510	8	17	133	0.1278196
NODE_261094_length_934_cov_4.675449	377	510	9	5	133	0.0375940
NODE_261094_length_934_cov_4.675449	377	510	11	3	133	0.0225564
NODE_261094_length_934_cov_4.675449	377	510	13	12	133	0.0902256
NODE_261108_length_934_cov_4.419162	394	527	22	1	133	0.0075188
NODE_261108_length_934_cov_4.419162	394	527	23	13	133	0.0977444
NODE_261108_length_934_cov_4.419162	394	527	24	9	133	0.0676692
NODE_261108_length_934_cov_4.419162	394	527	25	4	133	0.0300752
NODE_261108_length_934_cov_4.419162	394	527	26	8	133	0.0601504
NODE_261108_length_934_cov_4.419162	394	527	27	1	133	0.0075188
NODE_261108_length_934_cov_4.419162	394	527	28	2	133	0.0150376
NODE_261108_length_934_cov_4.419162	394	527	30	10	133	0.0751880
NODE_261108_length_934_cov_4.419162	394	527	31	2	133	0.0150376
NODE_261108_length_934_cov_4.419162	394	527	33	1	133	0.0075188
NODE_261108_length_934_cov_4.419162	394	527	34	3	133	0.0225564
NODE_261108_length_934_cov_4.419162	394	527	37	1	133	0.0075188
NODE_261108_length_934_cov_4.419162	394	527	38	1	133	0.0075188
NODE_261108_length_934_cov_4.419162	394	527	39	6	133	0.0451128
NODE_261108_length_934_cov_4.419162	394	527	41	1	133	0.0075188
NODE_261108_length_934_cov_4.419162	394	527	42	2	133	0.0150376
NODE_261108_length_934_cov_4.419162	394	527	43	16	133	0.1203008
NODE_261108_length_934_cov_4.419162	394	527	44	7	133	0.0526316
NODE_261108_length_934_cov_4.419162	394	527	45	6	133	0.0451128
NODE_261108_length_934_cov_4.419162	394	527	46	5	133	0.0375940
NODE_261108_length_934_cov_4.419162	394	527	47	1	133	0.0075188
NODE_261108_length_934_cov_4.419162	394	527	48	4	133	0.0300752
NODE_261108_length_934_cov_4.419162	394	527	51	7	133	0.0526316
NODE_261108_length_934_cov_4.419162	394	527	52	1	133	0.0075188
NODE_261108_length_934_cov_4.419162	394	527	53	2	133	0.0150376
NODE_261108_length_934_cov_4.419162	394	527	54	3	133	0.0225564
NODE_261108_length_934_cov_4.419162	394	527	55	9	133	0.0676692
NODE_261108_length_934_cov_4.419162	394	527	56	1	133	0.0075188
NODE_261108_length_934_cov_4.419162	394	527	57	6	133	0.0451128
NODE_26113_length_4913_cov_6.302659	2714	2847	2	5	133	0.0375940
NODE_26113_length_4913_cov_6.302659	2714	2847	3	23	133	0.1729323
NODE_26113_length_4913_cov_6.302659	2714	2847	4	2	133	0.0150376
NODE_26113_length_4913_cov_6.302659	2714	2847	5	1	133	0.0075188
NODE_26113_length_4913_cov_6.302659	2714	2847	6	1	133	0.0075188
NODE_26113_length_4913_cov_6.302659	2714	2847	8	18	133	0.1353384
NODE_26113_length_4913_cov_6.302659	2714	2847	9	2	133	0.0150376
NODE_26113_length_4913_cov_6.302659	2714	2847	10	78	133	0.5864662
NODE_26113_length_4913_cov_6.302659	2714	2847	11	3	133	0.0225564
NODE_261227_length_934_cov_2.922156	711	844	9	6	133	0.0451128
NODE_261227_length_934_cov_2.922156	711	844	10	2	133	0.0150376
NODE_261227_length_934_cov_2.922156	711	844	11	1	133	0.0075188
NODE_261227_length_934_cov_2.922156	711	844	12	4	133	0.0300752
NODE_261227_length_934_cov_2.922156	711	844	13	5	133	0.0375940
NODE_261227_length_934_cov_2.922156	711	844	14	1	133	0.0075188
NODE_261227_length_934_cov_2.922156	711	844	15	2	133	0.0150376
NODE_261227_length_934_cov_2.922156	711	844	17	16	133	0.1203008
NODE_261227_length_934_cov_2.922156	711	844	18	10	133	0.0751880
NODE_261227_length_934_cov_2.922156	711	844	19	31	133	0.2330827
NODE_261227_length_934_cov_2.922156	711	844	20	24	133	0.1804511
NODE_261227_length_934_cov_2.922156	711	844	21	20	133	0.1503759
NODE_261227_length_934_cov_2.922156	711	844	22	11	133	0.0827068
NODE_26123_length_4912_cov_5.099522	257	390	18	9	133	0.0676692
NODE_26123_length_4912_cov_5.099522	257	390	19	19	133	0.1428571
NODE_26123_length_4912_cov_5.099522	257	390	21	4	133	0.0300752
NODE_26123_length_4912_cov_5.099522	257	390	22	42	133	0.3157895
NODE_26123_length_4912_cov_5.099522	257	390	23	23	133	0.1729323
NODE_26123_length_4912_cov_5.099522	257	390	24	15	133	0.1127820
NODE_26123_length_4912_cov_5.099522	257	390	25	16	133	0.1203008
NODE_26123_length_4912_cov_5.099522	257	390	26	5	133	0.0375940
NODE_26140_length_4910_cov_4.217418	2588	2721	42	5	133	0.0375940
NODE_26140_length_4910_cov_4.217418	2588	2721	43	5	133	0.0375940
NODE_26140_length_4910_cov_4.217418	2588	2721	44	1	133	0.0075188
NODE_26140_length_4910_cov_4.217418	2588	2721	46	2	133	0.0150376
NODE_26140_length_4910_cov_4.217418	2588	2721	47	1	133	0.0075188
NODE_26140_length_4910_cov_4.217418	2588	2721	48	3	133	0.0225564
NODE_26140_length_4910_cov_4.217418	2588	2721	50	1	133	0.0075188
NODE_26140_length_4910_cov_4.217418	2588	2721	51	5	133	0.0375940
NODE_26140_length_4910_cov_4.217418	2588	2721	52	4	133	0.0300752
NODE_26140_length_4910_cov_4.217418	2588	2721	53	3	133	0.0225564
NODE_26140_length_4910_cov_4.217418	2588	2721	54	4	133	0.0300752
NODE_26140_length_4910_cov_4.217418	2588	2721	55	11	133	0.0827068
NODE_26140_length_4910_cov_4.217418	2588	2721	56	7	133	0.0526316
NODE_26140_length_4910_cov_4.217418	2588	2721	57	2	133	0.0150376
NODE_26140_length_4910_cov_4.217418	2588	2721	58	2	133	0.0150376
NODE_26140_length_4910_cov_4.217418	2588	2721	59	1	133	0.0075188
NODE_26140_length_4910_cov_4.217418	2588	2721	60	6	133	0.0451128
NODE_26140_length_4910_cov_4.217418	2588	2721	61	5	133	0.0375940
NODE_26140_length_4910_cov_4.217418	2588	2721	62	7	133	0.0526316
NODE_26140_length_4910_cov_4.217418	2588	2721	63	10	133	0.0751880
NODE_26140_length_4910_cov_4.217418	2588	2721	65	8	133	0.0601504
NODE_26140_length_4910_cov_4.217418	2588	2721	67	5	133	0.0375940
NODE_26140_length_4910_cov_4.217418	2588	2721	68	4	133	0.0300752
NODE_26140_length_4910_cov_4.217418	2588	2721	69	6	133	0.0451128
NODE_26140_length_4910_cov_4.217418	2588	2721	70	10	133	0.0751880
NODE_26140_length_4910_cov_4.217418	2588	2721	71	4	133	0.0300752
NODE_26140_length_4910_cov_4.217418	2588	2721	72	3	133	0.0225564
NODE_26140_length_4910_cov_4.217418	2588	2721	74	8	133	0.0601504
NODE_261423_length_933_cov_3.497602	770	903	6	7	133	0.0526316
NODE_261423_length_933_cov_3.497602	770	903	7	1	133	0.0075188
NODE_261423_length_933_cov_3.497602	770	903	8	2	133	0.0150376
NODE_261423_length_933_cov_3.497602	770	903	9	22	133	0.1654135
NODE_261423_length_933_cov_3.497602	770	903	10	6	133	0.0451128
NODE_261423_length_933_cov_3.497602	770	903	11	6	133	0.0451128
NODE_261423_length_933_cov_3.497602	770	903	12	43	133	0.3233083
NODE_261423_length_933_cov_3.497602	770	903	13	34	133	0.2556391
NODE_261423_length_933_cov_3.497602	770	903	14	9	133	0.0676692
NODE_261423_length_933_cov_3.497602	770	903	15	3	133	0.0225564
NODE_26142_length_4909_cov_4.775260	4554	4687	0	2	133	0.0150376
NODE_26142_length_4909_cov_4.775260	4554	4687	1	108	133	0.8120301
NODE_26142_length_4909_cov_4.775260	4554	4687	2	22	133	0.1654135
NODE_26142_length_4909_cov_4.775260	4554	4687	3	1	133	0.0075188
NODE_261525_length_933_cov_2.455635	493	626	9	1	133	0.0075188
NODE_261525_length_933_cov_2.455635	493	626	11	1	133	0.0075188
NODE_261525_length_933_cov_2.455635	493	626	12	8	133	0.0601504
NODE_261525_length_933_cov_2.455635	493	626	13	3	133	0.0225564
NODE_261525_length_933_cov_2.455635	493	626	14	1	133	0.0075188
NODE_261525_length_933_cov_2.455635	493	626	15	6	133	0.0451128
NODE_261525_length_933_cov_2.455635	493	626	16	1	133	0.0075188
NODE_261525_length_933_cov_2.455635	493	626	17	27	133	0.2030075
NODE_261525_length_933_cov_2.455635	493	626	19	20	133	0.1503759
NODE_261525_length_933_cov_2.455635	493	626	20	10	133	0.0751880
NODE_261525_length_933_cov_2.455635	493	626	22	13	133	0.0977444
NODE_261525_length_933_cov_2.455635	493	626	23	1	133	0.0075188
NODE_261525_length_933_cov_2.455635	493	626	24	22	133	0.1654135
NODE_261525_length_933_cov_2.455635	493	626	25	18	133	0.1353384
NODE_261525_length_933_cov_2.455635	493	626	26	1	133	0.0075188
NODE_26156_length_4908_cov_4.721148	1943	2076	23	19	133	0.1428571
NODE_26156_length_4908_cov_4.721148	1943	2076	24	25	133	0.1879699
NODE_26156_length_4908_cov_4.721148	1943	2076	25	27	133	0.2030075
NODE_26156_length_4908_cov_4.721148	1943	2076	26	28	133	0.2105263
NODE_26156_length_4908_cov_4.721148	1943	2076	27	25	133	0.1879699
NODE_26156_length_4908_cov_4.721148	1943	2076	28	4	133	0.0300752
NODE_26156_length_4908_cov_4.721148	1943	2076	29	5	133	0.0375940
NODE_26176_length_4906_cov_4.684419	1791	1924	2	27	133	0.2030075
NODE_26176_length_4906_cov_4.684419	1791	1924	3	6	133	0.0451128
NODE_26176_length_4906_cov_4.684419	1791	1924	4	5	133	0.0375940
NODE_26176_length_4906_cov_4.684419	1791	1924	5	14	133	0.1052632
NODE_26176_length_4906_cov_4.684419	1791	1924	6	17	133	0.1278196
NODE_26176_length_4906_cov_4.684419	1791	1924	7	32	133	0.2406015
NODE_26176_length_4906_cov_4.684419	1791	1924	8	31	133	0.2330827
NODE_26176_length_4906_cov_4.684419	1791	1924	9	1	133	0.0075188
NODE_26186_length_4905_cov_3.606117	1169	1302	4	3	133	0.0225564
NODE_26186_length_4905_cov_3.606117	1169	1302	5	19	133	0.1428571
NODE_26186_length_4905_cov_3.606117	1169	1302	6	58	133	0.4360902
NODE_26186_length_4905_cov_3.606117	1169	1302	7	47	133	0.3533835
NODE_26186_length_4905_cov_3.606117	1169	1302	8	6	133	0.0451128
NODE_26189_length_4904_cov_4.667846	1818	1951	10	3	133	0.0225564
NODE_26189_length_4904_cov_4.667846	1818	1951	11	6	133	0.0451128
NODE_26189_length_4904_cov_4.667846	1818	1951	13	8	133	0.0601504
NODE_26189_length_4904_cov_4.667846	1818	1951	14	13	133	0.0977444
NODE_26189_length_4904_cov_4.667846	1818	1951	15	6	133	0.0451128
NODE_26189_length_4904_cov_4.667846	1818	1951	16	11	133	0.0827068
NODE_26189_length_4904_cov_4.667846	1818	1951	17	3	133	0.0225564
NODE_26189_length_4904_cov_4.667846	1818	1951	18	11	133	0.0827068
NODE_26189_length_4904_cov_4.667846	1818	1951	19	9	133	0.0676692
NODE_26189_length_4904_cov_4.667846	1818	1951	20	15	133	0.1127820
NODE_26189_length_4904_cov_4.667846	1818	1951	21	5	133	0.0375940
NODE_26189_length_4904_cov_4.667846	1818	1951	22	17	133	0.1278196
NODE_26189_length_4904_cov_4.667846	1818	1951	23	24	133	0.1804511
NODE_26189_length_4904_cov_4.667846	1818	1951	24	2	133	0.0150376
NODE_26213_length_4902_cov_4.181345	3816	3949	4	59	133	0.4436090
NODE_26213_length_4902_cov_4.181345	3816	3949	5	64	133	0.4812030
NODE_26213_length_4902_cov_4.181345	3816	3949	6	10	133	0.0751880
NODE_262171_length_930_cov_3.452467	519	652	7	20	133	0.1503759
NODE_262171_length_930_cov_3.452467	519	652	8	1	133	0.0075188
NODE_262171_length_930_cov_3.452467	519	652	9	15	133	0.1127820
NODE_262171_length_930_cov_3.452467	519	652	10	10	133	0.0751880
NODE_262171_length_930_cov_3.452467	519	652	11	20	133	0.1503759
NODE_262171_length_930_cov_3.452467	519	652	12	40	133	0.3007519
NODE_262171_length_930_cov_3.452467	519	652	13	27	133	0.2030075
NODE_262181_length_930_cov_3.321300	318	451	12	6	133	0.0451128
NODE_262181_length_930_cov_3.321300	318	451	13	7	133	0.0526316
NODE_262181_length_930_cov_3.321300	318	451	14	5	133	0.0375940
NODE_262181_length_930_cov_3.321300	318	451	16	31	133	0.2330827
NODE_262181_length_930_cov_3.321300	318	451	17	5	133	0.0375940
NODE_262181_length_930_cov_3.321300	318	451	18	7	133	0.0526316
NODE_262181_length_930_cov_3.321300	318	451	19	12	133	0.0902256
NODE_262181_length_930_cov_3.321300	318	451	20	1	133	0.0075188
NODE_262181_length_930_cov_3.321300	318	451	21	9	133	0.0676692
NODE_262181_length_930_cov_3.321300	318	451	22	12	133	0.0902256
NODE_262181_length_930_cov_3.321300	318	451	23	13	133	0.0977444
NODE_262181_length_930_cov_3.321300	318	451	24	10	133	0.0751880
NODE_262181_length_930_cov_3.321300	318	451	25	10	133	0.0751880
NODE_262181_length_930_cov_3.321300	318	451	26	5	133	0.0375940
NODE_262250_length_930_cov_2.619735	245	378	0	39	133	0.2932331
NODE_262250_length_930_cov_2.619735	245	378	1	85	133	0.6390978
NODE_262250_length_930_cov_2.619735	245	378	2	9	133	0.0676692
NODE_26228_length_4900_cov_5.101437	2634	2767	17	1	133	0.0075188
NODE_26228_length_4900_cov_5.101437	2634	2767	18	21	133	0.1578947
NODE_26228_length_4900_cov_5.101437	2634	2767	19	12	133	0.0902256
NODE_26228_length_4900_cov_5.101437	2634	2767	20	7	133	0.0526316
NODE_26228_length_4900_cov_5.101437	2634	2767	21	18	133	0.1353384
NODE_26228_length_4900_cov_5.101437	2634	2767	22	7	133	0.0526316
NODE_26228_length_4900_cov_5.101437	2634	2767	23	15	133	0.1127820
NODE_26228_length_4900_cov_5.101437	2634	2767	24	6	133	0.0451128
NODE_26228_length_4900_cov_5.101437	2634	2767	25	36	133	0.2706767
NODE_26228_length_4900_cov_5.101437	2634	2767	26	10	133	0.0751880
NODE_262349_length_929_cov_4.350602	447	580	2	2	133	0.0150376
NODE_262349_length_929_cov_4.350602	447	580	4	6	133	0.0451128
NODE_262349_length_929_cov_4.350602	447	580	6	12	133	0.0902256
NODE_262349_length_929_cov_4.350602	447	580	8	60	133	0.4511278
NODE_262349_length_929_cov_4.350602	447	580	9	2	133	0.0150376
NODE_262349_length_929_cov_4.350602	447	580	10	46	133	0.3458647
NODE_262349_length_929_cov_4.350602	447	580	11	5	133	0.0375940
NODE_262361_length_929_cov_4.115663	331	464	28	5	133	0.0375940
NODE_262361_length_929_cov_4.115663	331	464	29	14	133	0.1052632
NODE_262361_length_929_cov_4.115663	331	464	30	7	133	0.0526316
NODE_262361_length_929_cov_4.115663	331	464	31	8	133	0.0601504
NODE_262361_length_929_cov_4.115663	331	464	32	20	133	0.1503759
NODE_262361_length_929_cov_4.115663	331	464	33	6	133	0.0451128
NODE_262361_length_929_cov_4.115663	331	464	34	14	133	0.1052632
NODE_262361_length_929_cov_4.115663	331	464	35	8	133	0.0601504
NODE_262361_length_929_cov_4.115663	331	464	36	9	133	0.0676692
NODE_262361_length_929_cov_4.115663	331	464	37	3	133	0.0225564
NODE_262361_length_929_cov_4.115663	331	464	38	12	133	0.0902256
NODE_262361_length_929_cov_4.115663	331	464	39	4	133	0.0300752
NODE_262361_length_929_cov_4.115663	331	464	40	2	133	0.0150376
NODE_262361_length_929_cov_4.115663	331	464	41	6	133	0.0451128
NODE_262361_length_929_cov_4.115663	331	464	42	10	133	0.0751880
NODE_262361_length_929_cov_4.115663	331	464	43	5	133	0.0375940
NODE_262436_length_929_cov_3.144578	300	433	2	44	133	0.3308271
NODE_262436_length_929_cov_3.144578	300	433	3	17	133	0.1278196
NODE_262436_length_929_cov_3.144578	300	433	4	15	133	0.1127820
NODE_262436_length_929_cov_3.144578	300	433	5	57	133	0.4285714
NODE_262453_length_929_cov_2.896386	192	325	8	10	133	0.0751880
NODE_262453_length_929_cov_2.896386	192	325	9	14	133	0.1052632
NODE_262453_length_929_cov_2.896386	192	325	10	17	133	0.1278196
NODE_262453_length_929_cov_2.896386	192	325	11	9	133	0.0676692
NODE_262453_length_929_cov_2.896386	192	325	12	1	133	0.0075188
NODE_262453_length_929_cov_2.896386	192	325	13	2	133	0.0150376
NODE_262453_length_929_cov_2.896386	192	325	14	5	133	0.0375940
NODE_262453_length_929_cov_2.896386	192	325	15	2	133	0.0150376
NODE_262453_length_929_cov_2.896386	192	325	17	11	133	0.0827068
NODE_262453_length_929_cov_2.896386	192	325	18	22	133	0.1654135
NODE_262453_length_929_cov_2.896386	192	325	20	3	133	0.0225564
NODE_262453_length_929_cov_2.896386	192	325	21	14	133	0.1052632
NODE_262453_length_929_cov_2.896386	192	325	22	5	133	0.0375940
NODE_262453_length_929_cov_2.896386	192	325	23	10	133	0.0751880
NODE_262453_length_929_cov_2.896386	192	325	24	3	133	0.0225564
NODE_262453_length_929_cov_2.896386	192	325	25	5	133	0.0375940
NODE_26252_length_4898_cov_4.754949	1612	1745	4	2	133	0.0150376
NODE_26252_length_4898_cov_4.754949	1612	1745	5	33	133	0.2481203
NODE_26252_length_4898_cov_4.754949	1612	1745	6	3	133	0.0225564
NODE_26252_length_4898_cov_4.754949	1612	1745	7	13	133	0.0977444
NODE_26252_length_4898_cov_4.754949	1612	1745	9	5	133	0.0375940
NODE_26252_length_4898_cov_4.754949	1612	1745	10	17	133	0.1278196
NODE_26252_length_4898_cov_4.754949	1612	1745	11	7	133	0.0526316
NODE_26252_length_4898_cov_4.754949	1612	1745	12	3	133	0.0225564
NODE_26252_length_4898_cov_4.754949	1612	1745	13	19	133	0.1428571
NODE_26252_length_4898_cov_4.754949	1612	1745	14	31	133	0.2330827
NODE_262813_length_927_cov_4.711353	708	841	2	47	133	0.3533835
NODE_262813_length_927_cov_4.711353	708	841	3	1	133	0.0075188
NODE_262813_length_927_cov_4.711353	708	841	4	36	133	0.2706767
NODE_262813_length_927_cov_4.711353	708	841	5	49	133	0.3684210
NODE_26285_length_4896_cov_3.753596	4631	4764	30	1	133	0.0075188
NODE_26285_length_4896_cov_3.753596	4631	4764	31	2	133	0.0150376
NODE_26285_length_4896_cov_3.753596	4631	4764	32	2	133	0.0150376
NODE_26285_length_4896_cov_3.753596	4631	4764	33	2	133	0.0150376
NODE_26285_length_4896_cov_3.753596	4631	4764	34	5	133	0.0375940
NODE_26285_length_4896_cov_3.753596	4631	4764	38	4	133	0.0300752
NODE_26285_length_4896_cov_3.753596	4631	4764	39	4	133	0.0300752
NODE_26285_length_4896_cov_3.753596	4631	4764	40	4	133	0.0300752
NODE_26285_length_4896_cov_3.753596	4631	4764	42	2	133	0.0150376
NODE_26285_length_4896_cov_3.753596	4631	4764	43	6	133	0.0451128
NODE_26285_length_4896_cov_3.753596	4631	4764	44	14	133	0.1052632
NODE_26285_length_4896_cov_3.753596	4631	4764	45	9	133	0.0676692
NODE_26285_length_4896_cov_3.753596	4631	4764	46	8	133	0.0601504
NODE_26285_length_4896_cov_3.753596	4631	4764	47	4	133	0.0300752
NODE_26285_length_4896_cov_3.753596	4631	4764	49	17	133	0.1278196
NODE_26285_length_4896_cov_3.753596	4631	4764	51	6	133	0.0451128
NODE_26285_length_4896_cov_3.753596	4631	4764	52	5	133	0.0375940
NODE_26285_length_4896_cov_3.753596	4631	4764	53	16	133	0.1203008
NODE_26285_length_4896_cov_3.753596	4631	4764	54	10	133	0.0751880
NODE_26285_length_4896_cov_3.753596	4631	4764	55	2	133	0.0150376
NODE_26285_length_4896_cov_3.753596	4631	4764	56	8	133	0.0601504
NODE_26285_length_4896_cov_3.753596	4631	4764	57	2	133	0.0150376
NODE_26295_length_4895_cov_4.427857	182	315	0	133	133	1.0000000
NODE_263016_length_927_cov_2.146135	195	328	0	133	133	1.0000000
NODE_26305_length_4894_cov_3.905735	2881	3014	11	6	133	0.0451128
NODE_26305_length_4894_cov_3.905735	2881	3014	12	16	133	0.1203008
NODE_26305_length_4894_cov_3.905735	2881	3014	13	26	133	0.1954887
NODE_26305_length_4894_cov_3.905735	2881	3014	14	46	133	0.3458647
NODE_26305_length_4894_cov_3.905735	2881	3014	15	16	133	0.1203008
NODE_26305_length_4894_cov_3.905735	2881	3014	16	12	133	0.0902256
NODE_26305_length_4894_cov_3.905735	2881	3014	17	1	133	0.0075188
NODE_26305_length_4894_cov_3.905735	2881	3014	18	10	133	0.0751880
NODE_26359_length_4889_cov_3.440710	1814	1947	3	20	133	0.1503759
NODE_26359_length_4889_cov_3.440710	1814	1947	4	1	133	0.0075188
NODE_26359_length_4889_cov_3.440710	1814	1947	5	17	133	0.1278196
NODE_26359_length_4889_cov_3.440710	1814	1947	6	2	133	0.0150376
NODE_26359_length_4889_cov_3.440710	1814	1947	7	60	133	0.4511278
NODE_26359_length_4889_cov_3.440710	1814	1947	8	33	133	0.2481203
NODE_26363_length_4888_cov_5.085195	1041	1174	8	20	133	0.1503759
NODE_26363_length_4888_cov_5.085195	1041	1174	9	24	133	0.1804511
NODE_26363_length_4888_cov_5.085195	1041	1174	10	14	133	0.1052632
NODE_26363_length_4888_cov_5.085195	1041	1174	11	52	133	0.3909774
NODE_26363_length_4888_cov_5.085195	1041	1174	12	15	133	0.1127820
NODE_26363_length_4888_cov_5.085195	1041	1174	13	8	133	0.0601504
NODE_263723_length_923_cov_6.523058	121	254	0	72	133	0.5413534
NODE_263723_length_923_cov_6.523058	121	254	1	61	133	0.4586466
NODE_263890_length_923_cov_2.766990	475	608	11	1	133	0.0075188
NODE_263890_length_923_cov_2.766990	475	608	12	12	133	0.0902256
NODE_263890_length_923_cov_2.766990	475	608	13	3	133	0.0225564
NODE_263890_length_923_cov_2.766990	475	608	14	2	133	0.0150376
NODE_263890_length_923_cov_2.766990	475	608	15	1	133	0.0075188
NODE_263890_length_923_cov_2.766990	475	608	16	21	133	0.1578947
NODE_263890_length_923_cov_2.766990	475	608	18	7	133	0.0526316
NODE_263890_length_923_cov_2.766990	475	608	19	6	133	0.0451128
NODE_263890_length_923_cov_2.766990	475	608	20	30	133	0.2255639
NODE_263890_length_923_cov_2.766990	475	608	21	33	133	0.2481203
NODE_263890_length_923_cov_2.766990	475	608	22	17	133	0.1278196
NODE_263974_length_922_cov_6.216282	13	146	5	52	133	0.3909774
NODE_263974_length_922_cov_6.216282	13	146	7	3	133	0.0225564
NODE_263974_length_922_cov_6.216282	13	146	8	2	133	0.0150376
NODE_263974_length_922_cov_6.216282	13	146	9	28	133	0.2105263
NODE_263974_length_922_cov_6.216282	13	146	10	31	133	0.2330827
NODE_263974_length_922_cov_6.216282	13	146	11	17	133	0.1278196
NODE_26398_length_4885_cov_3.945466	466	599	3	32	133	0.2406015
NODE_26398_length_4885_cov_3.945466	466	599	4	101	133	0.7593985
NODE_26418_length_4882_cov_4.643738	3328	3461	3	2	133	0.0150376
NODE_26418_length_4882_cov_4.643738	3328	3461	5	4	133	0.0300752
NODE_26418_length_4882_cov_4.643738	3328	3461	6	33	133	0.2481203
NODE_26418_length_4882_cov_4.643738	3328	3461	7	38	133	0.2857143
NODE_26418_length_4882_cov_4.643738	3328	3461	8	56	133	0.4210526
NODE_26428_length_4881_cov_4.905061	1770	1903	1	10	133	0.0751880
NODE_26428_length_4881_cov_4.905061	1770	1903	2	8	133	0.0601504
NODE_26428_length_4881_cov_4.905061	1770	1903	3	108	133	0.8120301
NODE_26428_length_4881_cov_4.905061	1770	1903	4	7	133	0.0526316
NODE_264361_length_921_cov_3.081509	423	556	23	1	133	0.0075188
NODE_264361_length_921_cov_3.081509	423	556	25	3	133	0.0225564
NODE_264361_length_921_cov_3.081509	423	556	26	9	133	0.0676692
NODE_264361_length_921_cov_3.081509	423	556	27	6	133	0.0451128
NODE_264361_length_921_cov_3.081509	423	556	28	2	133	0.0150376
NODE_264361_length_921_cov_3.081509	423	556	29	3	133	0.0225564
NODE_264361_length_921_cov_3.081509	423	556	30	1	133	0.0075188
NODE_264361_length_921_cov_3.081509	423	556	31	6	133	0.0451128
NODE_264361_length_921_cov_3.081509	423	556	32	6	133	0.0451128
NODE_264361_length_921_cov_3.081509	423	556	33	8	133	0.0601504
NODE_264361_length_921_cov_3.081509	423	556	34	4	133	0.0300752
NODE_264361_length_921_cov_3.081509	423	556	35	5	133	0.0375940
NODE_264361_length_921_cov_3.081509	423	556	36	4	133	0.0300752
NODE_264361_length_921_cov_3.081509	423	556	37	6	133	0.0451128
NODE_264361_length_921_cov_3.081509	423	556	38	13	133	0.0977444
NODE_264361_length_921_cov_3.081509	423	556	39	34	133	0.2556391
NODE_264361_length_921_cov_3.081509	423	556	40	13	133	0.0977444
NODE_264361_length_921_cov_3.081509	423	556	41	9	133	0.0676692
NODE_26443_length_4880_cov_5.594645	3854	3987	0	105	133	0.7894737
NODE_26443_length_4880_cov_5.594645	3854	3987	2	8	133	0.0601504
NODE_26443_length_4880_cov_5.594645	3854	3987	4	4	133	0.0300752
NODE_26443_length_4880_cov_5.594645	3854	3987	5	16	133	0.1203008
NODE_264797_length_919_cov_3.424390	113	246	9	30	133	0.2255639
NODE_264797_length_919_cov_3.424390	113	246	10	7	133	0.0526316
NODE_264797_length_919_cov_3.424390	113	246	11	7	133	0.0526316
NODE_264797_length_919_cov_3.424390	113	246	13	14	133	0.1052632
NODE_264797_length_919_cov_3.424390	113	246	14	13	133	0.0977444
NODE_264797_length_919_cov_3.424390	113	246	15	10	133	0.0751880
NODE_264797_length_919_cov_3.424390	113	246	17	6	133	0.0451128
NODE_264797_length_919_cov_3.424390	113	246	18	23	133	0.1729323
NODE_264797_length_919_cov_3.424390	113	246	20	5	133	0.0375940
NODE_264797_length_919_cov_3.424390	113	246	21	7	133	0.0526316
NODE_264797_length_919_cov_3.424390	113	246	22	11	133	0.0827068
NODE_26484_length_4877_cov_2.763499	1423	1556	3	28	133	0.2105263
NODE_26484_length_4877_cov_2.763499	1423	1556	4	37	133	0.2781955
NODE_26484_length_4877_cov_2.763499	1423	1556	5	25	133	0.1879699
NODE_26484_length_4877_cov_2.763499	1423	1556	6	43	133	0.3233083
NODE_264909_length_919_cov_2.212195	690	823	0	8	133	0.0601504
NODE_264909_length_919_cov_2.212195	690	823	1	11	133	0.0827068
NODE_264909_length_919_cov_2.212195	690	823	3	1	133	0.0075188
NODE_264909_length_919_cov_2.212195	690	823	4	31	133	0.2330827
NODE_264909_length_919_cov_2.212195	690	823	5	4	133	0.0300752
NODE_264909_length_919_cov_2.212195	690	823	6	6	133	0.0451128
NODE_264909_length_919_cov_2.212195	690	823	7	13	133	0.0977444
NODE_264909_length_919_cov_2.212195	690	823	8	59	133	0.4436090
NODE_264974_length_918_cov_4.865690	254	387	12	5	133	0.0375940
NODE_264974_length_918_cov_4.865690	254	387	13	10	133	0.0751880
NODE_264974_length_918_cov_4.865690	254	387	14	4	133	0.0300752
NODE_264974_length_918_cov_4.865690	254	387	16	24	133	0.1804511
NODE_264974_length_918_cov_4.865690	254	387	17	10	133	0.0751880
NODE_264974_length_918_cov_4.865690	254	387	18	30	133	0.2255639
NODE_264974_length_918_cov_4.865690	254	387	19	19	133	0.1428571
NODE_264974_length_918_cov_4.865690	254	387	20	17	133	0.1278196
NODE_264974_length_918_cov_4.865690	254	387	21	14	133	0.1052632
NODE_26501_length_4875_cov_4.437814	2355	2488	2	16	133	0.1203008
NODE_26501_length_4875_cov_4.437814	2355	2488	3	15	133	0.1127820
NODE_26501_length_4875_cov_4.437814	2355	2488	4	71	133	0.5338346
NODE_26501_length_4875_cov_4.437814	2355	2488	5	31	133	0.2330827
NODE_26508_length_4874_cov_4.586597	2747	2880	2	18	133	0.1353384
NODE_26508_length_4874_cov_4.586597	2747	2880	3	22	133	0.1654135
NODE_26508_length_4874_cov_4.586597	2747	2880	4	31	133	0.2330827
NODE_26508_length_4874_cov_4.586597	2747	2880	5	15	133	0.1127820
NODE_26508_length_4874_cov_4.586597	2747	2880	6	21	133	0.1578947
NODE_26508_length_4874_cov_4.586597	2747	2880	8	2	133	0.0150376
NODE_26508_length_4874_cov_4.586597	2747	2880	9	6	133	0.0451128
NODE_26508_length_4874_cov_4.586597	2747	2880	10	12	133	0.0902256
NODE_26508_length_4874_cov_4.586597	2747	2880	11	6	133	0.0451128
NODE_26515_length_4874_cov_3.871623	2958	3091	14	1	133	0.0075188
NODE_26515_length_4874_cov_3.871623	2958	3091	15	27	133	0.2030075
NODE_26515_length_4874_cov_3.871623	2958	3091	16	20	133	0.1503759
NODE_26515_length_4874_cov_3.871623	2958	3091	17	16	133	0.1203008
NODE_26515_length_4874_cov_3.871623	2958	3091	18	30	133	0.2255639
NODE_26515_length_4874_cov_3.871623	2958	3091	19	19	133	0.1428571
NODE_26515_length_4874_cov_3.871623	2958	3091	20	3	133	0.0225564
NODE_26515_length_4874_cov_3.871623	2958	3091	21	17	133	0.1278196
NODE_26517_length_4874_cov_3.743246	3623	3756	5	4	133	0.0300752
NODE_26517_length_4874_cov_3.743246	3623	3756	6	11	133	0.0827068
NODE_26517_length_4874_cov_3.743246	3623	3756	8	2	133	0.0150376
NODE_26517_length_4874_cov_3.743246	3623	3756	9	3	133	0.0225564
NODE_26517_length_4874_cov_3.743246	3623	3756	10	13	133	0.0977444
NODE_26517_length_4874_cov_3.743246	3623	3756	11	33	133	0.2481203
NODE_26517_length_4874_cov_3.743246	3623	3756	12	56	133	0.4210526
NODE_26517_length_4874_cov_3.743246	3623	3756	13	11	133	0.0827068
NODE_26527_length_4873_cov_4.461039	690	823	13	4	133	0.0300752
NODE_26527_length_4873_cov_4.461039	690	823	14	28	133	0.2105263
NODE_26527_length_4873_cov_4.461039	690	823	15	4	133	0.0300752
NODE_26527_length_4873_cov_4.461039	690	823	16	27	133	0.2030075
NODE_26527_length_4873_cov_4.461039	690	823	17	13	133	0.0977444
NODE_26527_length_4873_cov_4.461039	690	823	18	31	133	0.2330827
NODE_26527_length_4873_cov_4.461039	690	823	19	15	133	0.1127820
NODE_26527_length_4873_cov_4.461039	690	823	20	6	133	0.0451128
NODE_26527_length_4873_cov_4.461039	690	823	21	5	133	0.0375940
NODE_26530_length_4873_cov_4.080436	875	1008	11	3	133	0.0225564
NODE_26530_length_4873_cov_4.080436	875	1008	12	5	133	0.0375940
NODE_26530_length_4873_cov_4.080436	875	1008	14	26	133	0.1954887
NODE_26530_length_4873_cov_4.080436	875	1008	15	3	133	0.0225564
NODE_26530_length_4873_cov_4.080436	875	1008	16	10	133	0.0751880
NODE_26530_length_4873_cov_4.080436	875	1008	17	2	133	0.0150376
NODE_26530_length_4873_cov_4.080436	875	1008	18	1	133	0.0075188
NODE_26530_length_4873_cov_4.080436	875	1008	20	6	133	0.0451128
NODE_26530_length_4873_cov_4.080436	875	1008	22	6	133	0.0451128
NODE_26530_length_4873_cov_4.080436	875	1008	23	23	133	0.1729323
NODE_26530_length_4873_cov_4.080436	875	1008	24	14	133	0.1052632
NODE_26530_length_4873_cov_4.080436	875	1008	25	28	133	0.2105263
NODE_26530_length_4873_cov_4.080436	875	1008	26	3	133	0.0225564
NODE_26530_length_4873_cov_4.080436	875	1008	27	3	133	0.0225564
NODE_26532_length_4873_cov_3.951194	4616	4749	6	3	133	0.0225564
NODE_26532_length_4873_cov_3.951194	4616	4749	7	4	133	0.0300752
NODE_26532_length_4873_cov_3.951194	4616	4749	8	6	133	0.0451128
NODE_26532_length_4873_cov_3.951194	4616	4749	9	14	133	0.1052632
NODE_26532_length_4873_cov_3.951194	4616	4749	10	24	133	0.1804511
NODE_26532_length_4873_cov_3.951194	4616	4749	11	4	133	0.0300752
NODE_26532_length_4873_cov_3.951194	4616	4749	12	47	133	0.3533835
NODE_26532_length_4873_cov_3.951194	4616	4749	13	11	133	0.0827068
NODE_26532_length_4873_cov_3.951194	4616	4749	14	20	133	0.1503759
NODE_26559_length_4871_cov_3.776194	4320	4453	2	10	133	0.0751880
NODE_26559_length_4871_cov_3.776194	4320	4453	3	27	133	0.2030075
NODE_26559_length_4871_cov_3.776194	4320	4453	4	31	133	0.2330827
NODE_26559_length_4871_cov_3.776194	4320	4453	5	65	133	0.4887218
NODE_265693_length_915_cov_5.551471	188	321	9	3	133	0.0225564
NODE_265693_length_915_cov_5.551471	188	321	10	1	133	0.0075188
NODE_265693_length_915_cov_5.551471	188	321	11	15	133	0.1127820
NODE_265693_length_915_cov_5.551471	188	321	12	22	133	0.1654135
NODE_265693_length_915_cov_5.551471	188	321	13	30	133	0.2255639
NODE_265693_length_915_cov_5.551471	188	321	14	56	133	0.4210526
NODE_265693_length_915_cov_5.551471	188	321	15	6	133	0.0451128
NODE_26585_length_4869_cov_4.049057	2736	2869	2	8	133	0.0601504
NODE_26585_length_4869_cov_4.049057	2736	2869	3	1	133	0.0075188
NODE_26585_length_4869_cov_4.049057	2736	2869	4	18	133	0.1353384
NODE_26585_length_4869_cov_4.049057	2736	2869	5	8	133	0.0601504
NODE_26585_length_4869_cov_4.049057	2736	2869	6	12	133	0.0902256
NODE_26585_length_4869_cov_4.049057	2736	2869	7	86	133	0.6466165
NODE_2658_length_11400_cov_4.384833	10557	10690	5	24	133	0.1804511
NODE_2658_length_11400_cov_4.384833	10557	10690	6	21	133	0.1578947
NODE_2658_length_11400_cov_4.384833	10557	10690	7	2	133	0.0150376
NODE_2658_length_11400_cov_4.384833	10557	10690	8	59	133	0.4436090
NODE_2658_length_11400_cov_4.384833	10557	10690	9	27	133	0.2030075
NODE_26606_length_4867_cov_3.252727	139	272	1	133	133	1.0000000
NODE_2660_length_11395_cov_5.254780	9037	9170	13	2	133	0.0150376
NODE_2660_length_11395_cov_5.254780	9037	9170	14	16	133	0.1203008
NODE_2660_length_11395_cov_5.254780	9037	9170	15	11	133	0.0827068
NODE_2660_length_11395_cov_5.254780	9037	9170	16	4	133	0.0300752
NODE_2660_length_11395_cov_5.254780	9037	9170	17	12	133	0.0902256
NODE_2660_length_11395_cov_5.254780	9037	9170	18	8	133	0.0601504
NODE_2660_length_11395_cov_5.254780	9037	9170	19	3	133	0.0225564
NODE_2660_length_11395_cov_5.254780	9037	9170	20	5	133	0.0375940
NODE_2660_length_11395_cov_5.254780	9037	9170	21	6	133	0.0451128
NODE_2660_length_11395_cov_5.254780	9037	9170	22	13	133	0.0977444
NODE_2660_length_11395_cov_5.254780	9037	9170	23	24	133	0.1804511
NODE_2660_length_11395_cov_5.254780	9037	9170	24	29	133	0.2180451
NODE_26630_length_4864_cov_23.438405	3280	3413	4	6	133	0.0451128
NODE_26630_length_4864_cov_23.438405	3280	3413	5	61	133	0.4586466
NODE_26630_length_4864_cov_23.438405	3280	3413	6	11	133	0.0827068
NODE_26630_length_4864_cov_23.438405	3280	3413	8	49	133	0.3684210
NODE_26630_length_4864_cov_23.438405	3280	3413	9	6	133	0.0451128
NODE_26631_length_4864_cov_12.140609	414	547	3	1	133	0.0075188
NODE_26631_length_4864_cov_12.140609	414	547	4	18	133	0.1353384
NODE_26631_length_4864_cov_12.140609	414	547	5	10	133	0.0751880
NODE_26631_length_4864_cov_12.140609	414	547	6	15	133	0.1127820
NODE_26631_length_4864_cov_12.140609	414	547	7	3	133	0.0225564
NODE_26631_length_4864_cov_12.140609	414	547	9	20	133	0.1503759
NODE_26631_length_4864_cov_12.140609	414	547	10	42	133	0.3157895
NODE_26631_length_4864_cov_12.140609	414	547	11	20	133	0.1503759
NODE_26631_length_4864_cov_12.140609	414	547	12	4	133	0.0300752
NODE_266466_length_912_cov_3.715867	114	247	7	9	133	0.0676692
NODE_266466_length_912_cov_3.715867	114	247	8	36	133	0.2706767
NODE_266466_length_912_cov_3.715867	114	247	10	4	133	0.0300752
NODE_266466_length_912_cov_3.715867	114	247	12	2	133	0.0150376
NODE_266466_length_912_cov_3.715867	114	247	13	3	133	0.0225564
NODE_266466_length_912_cov_3.715867	114	247	15	3	133	0.0225564
NODE_266466_length_912_cov_3.715867	114	247	16	9	133	0.0676692
NODE_266466_length_912_cov_3.715867	114	247	18	10	133	0.0751880
NODE_266466_length_912_cov_3.715867	114	247	19	7	133	0.0526316
NODE_266466_length_912_cov_3.715867	114	247	20	30	133	0.2255639
NODE_266466_length_912_cov_3.715867	114	247	21	20	133	0.1503759
NODE_266526_length_912_cov_3.091021	425	558	5	17	133	0.1278196
NODE_266526_length_912_cov_3.091021	425	558	7	1	133	0.0075188
NODE_266526_length_912_cov_3.091021	425	558	8	2	133	0.0150376
NODE_266526_length_912_cov_3.091021	425	558	10	7	133	0.0526316
NODE_266526_length_912_cov_3.091021	425	558	11	7	133	0.0526316
NODE_266526_length_912_cov_3.091021	425	558	13	16	133	0.1203008
NODE_266526_length_912_cov_3.091021	425	558	14	6	133	0.0451128
NODE_266526_length_912_cov_3.091021	425	558	15	1	133	0.0075188
NODE_266526_length_912_cov_3.091021	425	558	16	2	133	0.0150376
NODE_266526_length_912_cov_3.091021	425	558	17	6	133	0.0451128
NODE_266526_length_912_cov_3.091021	425	558	18	17	133	0.1278196
NODE_266526_length_912_cov_3.091021	425	558	19	38	133	0.2857143
NODE_266526_length_912_cov_3.091021	425	558	20	9	133	0.0676692
NODE_266526_length_912_cov_3.091021	425	558	21	4	133	0.0300752
NODE_266544_length_912_cov_2.928659	676	809	1	5	133	0.0375940
NODE_266544_length_912_cov_2.928659	676	809	2	46	133	0.3458647
NODE_266544_length_912_cov_2.928659	676	809	3	1	133	0.0075188
NODE_266544_length_912_cov_2.928659	676	809	4	14	133	0.1052632
NODE_266544_length_912_cov_2.928659	676	809	5	11	133	0.0827068
NODE_266544_length_912_cov_2.928659	676	809	6	34	133	0.2556391
NODE_266544_length_912_cov_2.928659	676	809	7	22	133	0.1654135
NODE_26657_length_4863_cov_4.214736	2247	2380	6	34	133	0.2556391
NODE_26657_length_4863_cov_4.214736	2247	2380	7	34	133	0.2556391
NODE_26657_length_4863_cov_4.214736	2247	2380	8	65	133	0.4887218
NODE_266581_length_912_cov_2.487085	797	930	0	76	133	0.5714286
NODE_266581_length_912_cov_2.487085	797	930	2	57	133	0.4285714
NODE_266951_length_910_cov_4.235512	792	925	0	15	133	0.1127820
NODE_266951_length_910_cov_4.235512	792	925	5	11	133	0.0827068
NODE_266951_length_910_cov_4.235512	792	925	6	3	133	0.0225564
NODE_266951_length_910_cov_4.235512	792	925	7	1	133	0.0075188
NODE_266951_length_910_cov_4.235512	792	925	8	17	133	0.1278196
NODE_266951_length_910_cov_4.235512	792	925	9	54	133	0.4060150
NODE_266951_length_910_cov_4.235512	792	925	10	19	133	0.1428571
NODE_266951_length_910_cov_4.235512	792	925	11	13	133	0.0977444
NODE_266955_length_910_cov_4.180025	129	262	11	4	133	0.0300752
NODE_266955_length_910_cov_4.180025	129	262	12	5	133	0.0375940
NODE_266955_length_910_cov_4.180025	129	262	13	9	133	0.0676692
NODE_266955_length_910_cov_4.180025	129	262	14	19	133	0.1428571
NODE_266955_length_910_cov_4.180025	129	262	15	11	133	0.0827068
NODE_266955_length_910_cov_4.180025	129	262	16	15	133	0.1127820
NODE_266955_length_910_cov_4.180025	129	262	17	3	133	0.0225564
NODE_266955_length_910_cov_4.180025	129	262	18	8	133	0.0601504
NODE_266955_length_910_cov_4.180025	129	262	19	17	133	0.1278196
NODE_266955_length_910_cov_4.180025	129	262	20	11	133	0.0827068
NODE_266955_length_910_cov_4.180025	129	262	21	31	133	0.2330827
NODE_26697_length_4860_cov_4.000420	1033	1166	4	40	133	0.3007519
NODE_26697_length_4860_cov_4.000420	1033	1166	5	25	133	0.1879699
NODE_26697_length_4860_cov_4.000420	1033	1166	6	21	133	0.1578947
NODE_26697_length_4860_cov_4.000420	1033	1166	7	38	133	0.2857143
NODE_26697_length_4860_cov_4.000420	1033	1166	8	5	133	0.0375940
NODE_26697_length_4860_cov_4.000420	1033	1166	9	4	133	0.0300752
NODE_26708_length_4859_cov_3.788445	4597	4730	1	20	133	0.1503759
NODE_26708_length_4859_cov_3.788445	4597	4730	2	2	133	0.0150376
NODE_26708_length_4859_cov_3.788445	4597	4730	3	6	133	0.0451128
NODE_26708_length_4859_cov_3.788445	4597	4730	4	27	133	0.2030075
NODE_26708_length_4859_cov_3.788445	4597	4730	5	13	133	0.0977444
NODE_26708_length_4859_cov_3.788445	4597	4730	6	25	133	0.1879699
NODE_26708_length_4859_cov_3.788445	4597	4730	7	9	133	0.0676692
NODE_26708_length_4859_cov_3.788445	4597	4730	9	31	133	0.2330827
NODE_26719_length_4858_cov_4.225257	4119	4252	5	12	133	0.0902256
NODE_26719_length_4858_cov_4.225257	4119	4252	6	12	133	0.0902256
NODE_26719_length_4858_cov_4.225257	4119	4252	7	104	133	0.7819549
NODE_26719_length_4858_cov_4.225257	4119	4252	8	5	133	0.0375940
NODE_26728_length_4857_cov_4.460488	2246	2379	4	9	133	0.0676692
NODE_26728_length_4857_cov_4.460488	2246	2379	5	8	133	0.0601504
NODE_26728_length_4857_cov_4.460488	2246	2379	6	27	133	0.2030075
NODE_26728_length_4857_cov_4.460488	2246	2379	7	27	133	0.2030075
NODE_26728_length_4857_cov_4.460488	2246	2379	8	28	133	0.2105263
NODE_26728_length_4857_cov_4.460488	2246	2379	9	21	133	0.1578947
NODE_26728_length_4857_cov_4.460488	2246	2379	10	13	133	0.0977444
NODE_2673_length_11383_cov_4.939117	1771	1904	11	2	133	0.0150376
NODE_2673_length_11383_cov_4.939117	1771	1904	12	6	133	0.0451128
NODE_2673_length_11383_cov_4.939117	1771	1904	14	8	133	0.0601504
NODE_2673_length_11383_cov_4.939117	1771	1904	16	5	133	0.0375940
NODE_2673_length_11383_cov_4.939117	1771	1904	17	1	133	0.0075188
NODE_2673_length_11383_cov_4.939117	1771	1904	18	10	133	0.0751880
NODE_2673_length_11383_cov_4.939117	1771	1904	19	4	133	0.0300752
NODE_2673_length_11383_cov_4.939117	1771	1904	20	1	133	0.0075188
NODE_2673_length_11383_cov_4.939117	1771	1904	23	5	133	0.0375940
NODE_2673_length_11383_cov_4.939117	1771	1904	24	4	133	0.0300752
NODE_2673_length_11383_cov_4.939117	1771	1904	25	8	133	0.0601504
NODE_2673_length_11383_cov_4.939117	1771	1904	26	2	133	0.0150376
NODE_2673_length_11383_cov_4.939117	1771	1904	27	7	133	0.0526316
NODE_2673_length_11383_cov_4.939117	1771	1904	29	2	133	0.0150376
NODE_2673_length_11383_cov_4.939117	1771	1904	31	12	133	0.0902256
NODE_2673_length_11383_cov_4.939117	1771	1904	32	23	133	0.1729323
NODE_2673_length_11383_cov_4.939117	1771	1904	33	7	133	0.0526316
NODE_2673_length_11383_cov_4.939117	1771	1904	34	24	133	0.1804511
NODE_2673_length_11383_cov_4.939117	1771	1904	35	2	133	0.0150376
NODE_26752_length_4855_cov_3.445963	2078	2211	1	11	133	0.0827068
NODE_26752_length_4855_cov_3.445963	2078	2211	2	80	133	0.6015037
NODE_26752_length_4855_cov_3.445963	2078	2211	3	20	133	0.1503759
NODE_26752_length_4855_cov_3.445963	2078	2211	4	22	133	0.1654135
NODE_26758_length_4854_cov_4.679706	267	400	8	1	133	0.0075188
NODE_26758_length_4854_cov_4.679706	267	400	9	8	133	0.0601504
NODE_26758_length_4854_cov_4.679706	267	400	10	7	133	0.0526316
NODE_26758_length_4854_cov_4.679706	267	400	11	7	133	0.0526316
NODE_26758_length_4854_cov_4.679706	267	400	12	11	133	0.0827068
NODE_26758_length_4854_cov_4.679706	267	400	13	6	133	0.0451128
NODE_26758_length_4854_cov_4.679706	267	400	14	2	133	0.0150376
NODE_26758_length_4854_cov_4.679706	267	400	15	40	133	0.3007519
NODE_26758_length_4854_cov_4.679706	267	400	16	39	133	0.2932331
NODE_26758_length_4854_cov_4.679706	267	400	17	12	133	0.0902256
NODE_26764_length_4854_cov_3.992850	259	392	11	4	133	0.0300752
NODE_26764_length_4854_cov_3.992850	259	392	12	4	133	0.0300752
NODE_26764_length_4854_cov_3.992850	259	392	13	1	133	0.0075188
NODE_26764_length_4854_cov_3.992850	259	392	15	3	133	0.0225564
NODE_26764_length_4854_cov_3.992850	259	392	16	3	133	0.0225564
NODE_26764_length_4854_cov_3.992850	259	392	17	4	133	0.0300752
NODE_26764_length_4854_cov_3.992850	259	392	18	18	133	0.1353384
NODE_26764_length_4854_cov_3.992850	259	392	19	24	133	0.1804511
NODE_26764_length_4854_cov_3.992850	259	392	20	18	133	0.1353384
NODE_26764_length_4854_cov_3.992850	259	392	21	23	133	0.1729323
NODE_26764_length_4854_cov_3.992850	259	392	22	5	133	0.0375940
NODE_26764_length_4854_cov_3.992850	259	392	23	17	133	0.1278196
NODE_26764_length_4854_cov_3.992850	259	392	24	6	133	0.0451128
NODE_26764_length_4854_cov_3.992850	259	392	25	3	133	0.0225564
NODE_26777_length_4853_cov_4.164703	566	699	8	1	133	0.0075188
NODE_26777_length_4853_cov_4.164703	566	699	9	2	133	0.0150376
NODE_26777_length_4853_cov_4.164703	566	699	11	4	133	0.0300752
NODE_26777_length_4853_cov_4.164703	566	699	12	9	133	0.0676692
NODE_26777_length_4853_cov_4.164703	566	699	14	13	133	0.0977444
NODE_26777_length_4853_cov_4.164703	566	699	15	1	133	0.0075188
NODE_26777_length_4853_cov_4.164703	566	699	16	17	133	0.1278196
NODE_26777_length_4853_cov_4.164703	566	699	17	5	133	0.0375940
NODE_26777_length_4853_cov_4.164703	566	699	18	13	133	0.0977444
NODE_26777_length_4853_cov_4.164703	566	699	19	2	133	0.0150376
NODE_26777_length_4853_cov_4.164703	566	699	20	27	133	0.2030075
NODE_26777_length_4853_cov_4.164703	566	699	21	3	133	0.0225564
NODE_26777_length_4853_cov_4.164703	566	699	22	30	133	0.2255639
NODE_26777_length_4853_cov_4.164703	566	699	24	6	133	0.0451128
NODE_26787_length_4852_cov_4.701452	4004	4137	7	1	133	0.0075188
NODE_26787_length_4852_cov_4.701452	4004	4137	10	2	133	0.0150376
NODE_26787_length_4852_cov_4.701452	4004	4137	12	3	133	0.0225564
NODE_26787_length_4852_cov_4.701452	4004	4137	13	10	133	0.0751880
NODE_26787_length_4852_cov_4.701452	4004	4137	14	3	133	0.0225564
NODE_26787_length_4852_cov_4.701452	4004	4137	15	40	133	0.3007519
NODE_26787_length_4852_cov_4.701452	4004	4137	16	17	133	0.1278196
NODE_26787_length_4852_cov_4.701452	4004	4137	17	49	133	0.3684210
NODE_26787_length_4852_cov_4.701452	4004	4137	18	8	133	0.0601504
NODE_26789_length_4852_cov_4.464338	1545	1678	7	12	133	0.0902256
NODE_26789_length_4852_cov_4.464338	1545	1678	8	36	133	0.2706767
NODE_26789_length_4852_cov_4.464338	1545	1678	10	6	133	0.0451128
NODE_26789_length_4852_cov_4.464338	1545	1678	11	4	133	0.0300752
NODE_26789_length_4852_cov_4.464338	1545	1678	12	14	133	0.1052632
NODE_26789_length_4852_cov_4.464338	1545	1678	13	20	133	0.1503759
NODE_26789_length_4852_cov_4.464338	1545	1678	14	14	133	0.1052632
NODE_26789_length_4852_cov_4.464338	1545	1678	15	14	133	0.1052632
NODE_26789_length_4852_cov_4.464338	1545	1678	16	13	133	0.0977444
NODE_267_length_20391_cov_4.751183	9541	9674	9	4	133	0.0300752
NODE_267_length_20391_cov_4.751183	9541	9674	10	5	133	0.0375940
NODE_267_length_20391_cov_4.751183	9541	9674	11	9	133	0.0676692
NODE_267_length_20391_cov_4.751183	9541	9674	13	14	133	0.1052632
NODE_267_length_20391_cov_4.751183	9541	9674	15	19	133	0.1428571
NODE_267_length_20391_cov_4.751183	9541	9674	16	34	133	0.2556391
NODE_267_length_20391_cov_4.751183	9541	9674	17	31	133	0.2330827
NODE_267_length_20391_cov_4.751183	9541	9674	18	2	133	0.0150376
NODE_267_length_20391_cov_4.751183	9541	9674	19	15	133	0.1127820
NODE_268036_length_906_cov_3.566295	110	243	3	15	133	0.1127820
NODE_268036_length_906_cov_3.566295	110	243	4	3	133	0.0225564
NODE_268036_length_906_cov_3.566295	110	243	5	20	133	0.1503759
NODE_268036_length_906_cov_3.566295	110	243	6	4	133	0.0300752
NODE_268036_length_906_cov_3.566295	110	243	9	4	133	0.0300752
NODE_268036_length_906_cov_3.566295	110	243	10	39	133	0.2932331
NODE_268036_length_906_cov_3.566295	110	243	11	3	133	0.0225564
NODE_268036_length_906_cov_3.566295	110	243	12	1	133	0.0075188
NODE_268036_length_906_cov_3.566295	110	243	13	7	133	0.0526316
NODE_268036_length_906_cov_3.566295	110	243	14	3	133	0.0225564
NODE_268036_length_906_cov_3.566295	110	243	15	34	133	0.2556391
NODE_268095_length_906_cov_2.975217	192	325	2	133	133	1.0000000
NODE_268209_length_905_cov_5.476427	351	484	8	7	133	0.0526316
NODE_268209_length_905_cov_5.476427	351	484	9	3	133	0.0225564
NODE_268209_length_905_cov_5.476427	351	484	10	13	133	0.0977444
NODE_268209_length_905_cov_5.476427	351	484	11	1	133	0.0075188
NODE_268209_length_905_cov_5.476427	351	484	12	5	133	0.0375940
NODE_268209_length_905_cov_5.476427	351	484	13	1	133	0.0075188
NODE_268209_length_905_cov_5.476427	351	484	14	3	133	0.0225564
NODE_268209_length_905_cov_5.476427	351	484	15	49	133	0.3684210
NODE_268209_length_905_cov_5.476427	351	484	16	47	133	0.3533835
NODE_268209_length_905_cov_5.476427	351	484	17	4	133	0.0300752
NODE_2683_length_11373_cov_3.945627	2620	2753	12	12	133	0.0902256
NODE_2683_length_11373_cov_3.945627	2620	2753	13	19	133	0.1428571
NODE_2683_length_11373_cov_3.945627	2620	2753	14	13	133	0.0977444
NODE_2683_length_11373_cov_3.945627	2620	2753	15	7	133	0.0526316
NODE_2683_length_11373_cov_3.945627	2620	2753	16	7	133	0.0526316
NODE_2683_length_11373_cov_3.945627	2620	2753	17	44	133	0.3308271
NODE_2683_length_11373_cov_3.945627	2620	2753	18	27	133	0.2030075
NODE_2683_length_11373_cov_3.945627	2620	2753	20	4	133	0.0300752
NODE_26848_length_4847_cov_3.547388	3671	3804	3	28	133	0.2105263
NODE_26848_length_4847_cov_3.547388	3671	3804	4	38	133	0.2857143
NODE_26848_length_4847_cov_3.547388	3671	3804	5	53	133	0.3984962
NODE_26848_length_4847_cov_3.547388	3671	3804	6	14	133	0.1052632
NODE_268757_length_903_cov_3.450249	133	266	22	5	133	0.0375940
NODE_268757_length_903_cov_3.450249	133	266	24	8	133	0.0601504
NODE_268757_length_903_cov_3.450249	133	266	26	3	133	0.0225564
NODE_268757_length_903_cov_3.450249	133	266	27	2	133	0.0150376
NODE_268757_length_903_cov_3.450249	133	266	28	3	133	0.0225564
NODE_268757_length_903_cov_3.450249	133	266	29	3	133	0.0225564
NODE_268757_length_903_cov_3.450249	133	266	30	2	133	0.0150376
NODE_268757_length_903_cov_3.450249	133	266	31	3	133	0.0225564
NODE_268757_length_903_cov_3.450249	133	266	32	3	133	0.0225564
NODE_268757_length_903_cov_3.450249	133	266	33	5	133	0.0375940
NODE_268757_length_903_cov_3.450249	133	266	34	2	133	0.0150376
NODE_268757_length_903_cov_3.450249	133	266	35	3	133	0.0225564
NODE_268757_length_903_cov_3.450249	133	266	36	3	133	0.0225564
NODE_268757_length_903_cov_3.450249	133	266	37	12	133	0.0902256
NODE_268757_length_903_cov_3.450249	133	266	38	1	133	0.0075188
NODE_268757_length_903_cov_3.450249	133	266	39	7	133	0.0526316
NODE_268757_length_903_cov_3.450249	133	266	40	8	133	0.0601504
NODE_268757_length_903_cov_3.450249	133	266	41	10	133	0.0751880
NODE_268757_length_903_cov_3.450249	133	266	43	1	133	0.0075188
NODE_268757_length_903_cov_3.450249	133	266	44	17	133	0.1278196
NODE_268757_length_903_cov_3.450249	133	266	45	10	133	0.0751880
NODE_268757_length_903_cov_3.450249	133	266	46	3	133	0.0225564
NODE_268757_length_903_cov_3.450249	133	266	47	16	133	0.1203008
NODE_268757_length_903_cov_3.450249	133	266	49	3	133	0.0225564
NODE_268799_length_903_cov_3.048507	216	349	6	13	133	0.0977444
NODE_268799_length_903_cov_3.048507	216	349	7	18	133	0.1353384
NODE_268799_length_903_cov_3.048507	216	349	8	15	133	0.1127820
NODE_268799_length_903_cov_3.048507	216	349	9	4	133	0.0300752
NODE_268799_length_903_cov_3.048507	216	349	10	1	133	0.0075188
NODE_268799_length_903_cov_3.048507	216	349	11	12	133	0.0902256
NODE_268799_length_903_cov_3.048507	216	349	12	9	133	0.0676692
NODE_268799_length_903_cov_3.048507	216	349	14	18	133	0.1353384
NODE_268799_length_903_cov_3.048507	216	349	15	36	133	0.2706767
NODE_268799_length_903_cov_3.048507	216	349	16	7	133	0.0526316
NODE_26889_length_4843_cov_3.051012	2106	2239	14	9	133	0.0676692
NODE_26889_length_4843_cov_3.051012	2106	2239	15	1	133	0.0075188
NODE_26889_length_4843_cov_3.051012	2106	2239	16	10	133	0.0751880
NODE_26889_length_4843_cov_3.051012	2106	2239	18	31	133	0.2330827
NODE_26889_length_4843_cov_3.051012	2106	2239	19	27	133	0.2030075
NODE_26889_length_4843_cov_3.051012	2106	2239	20	42	133	0.3157895
NODE_26889_length_4843_cov_3.051012	2106	2239	21	13	133	0.0977444
NODE_26898_length_4842_cov_4.265233	176	309	2	4	133	0.0300752
NODE_26898_length_4842_cov_4.265233	176	309	3	13	133	0.0977444
NODE_26898_length_4842_cov_4.265233	176	309	4	20	133	0.1503759
NODE_26898_length_4842_cov_4.265233	176	309	5	9	133	0.0676692
NODE_26898_length_4842_cov_4.265233	176	309	7	10	133	0.0751880
NODE_26898_length_4842_cov_4.265233	176	309	9	24	133	0.1804511
NODE_26898_length_4842_cov_4.265233	176	309	10	36	133	0.2706767
NODE_26898_length_4842_cov_4.265233	176	309	11	17	133	0.1278196
NODE_26905_length_4842_cov_2.925785	3403	3536	3	5	133	0.0375940
NODE_26905_length_4842_cov_2.925785	3403	3536	4	37	133	0.2781955
NODE_26905_length_4842_cov_2.925785	3403	3536	5	13	133	0.0977444
NODE_26905_length_4842_cov_2.925785	3403	3536	6	48	133	0.3609022
NODE_26905_length_4842_cov_2.925785	3403	3536	7	30	133	0.2255639
NODE_2691_length_11365_cov_6.643973	10168	10301	9	1	133	0.0075188
NODE_2691_length_11365_cov_6.643973	10168	10301	10	13	133	0.0977444
NODE_2691_length_11365_cov_6.643973	10168	10301	11	1	133	0.0075188
NODE_2691_length_11365_cov_6.643973	10168	10301	13	2	133	0.0150376
NODE_2691_length_11365_cov_6.643973	10168	10301	14	23	133	0.1729323
NODE_2691_length_11365_cov_6.643973	10168	10301	15	8	133	0.0601504
NODE_2691_length_11365_cov_6.643973	10168	10301	16	14	133	0.1052632
NODE_2691_length_11365_cov_6.643973	10168	10301	18	1	133	0.0075188
NODE_2691_length_11365_cov_6.643973	10168	10301	19	17	133	0.1278196
NODE_2691_length_11365_cov_6.643973	10168	10301	20	22	133	0.1654135
NODE_2691_length_11365_cov_6.643973	10168	10301	21	9	133	0.0676692
NODE_2691_length_11365_cov_6.643973	10168	10301	23	5	133	0.0375940
NODE_2691_length_11365_cov_6.643973	10168	10301	24	3	133	0.0225564
NODE_2691_length_11365_cov_6.643973	10168	10301	25	8	133	0.0601504
NODE_2691_length_11365_cov_6.643973	10168	10301	26	6	133	0.0451128
NODE_269228_length_901_cov_3.761845	444	577	7	2	133	0.0150376
NODE_269228_length_901_cov_3.761845	444	577	9	10	133	0.0751880
NODE_269228_length_901_cov_3.761845	444	577	10	4	133	0.0300752
NODE_269228_length_901_cov_3.761845	444	577	11	24	133	0.1804511
NODE_269228_length_901_cov_3.761845	444	577	12	16	133	0.1203008
NODE_269228_length_901_cov_3.761845	444	577	13	23	133	0.1729323
NODE_269228_length_901_cov_3.761845	444	577	14	27	133	0.2030075
NODE_269228_length_901_cov_3.761845	444	577	15	3	133	0.0225564
NODE_269228_length_901_cov_3.761845	444	577	16	17	133	0.1278196
NODE_269228_length_901_cov_3.761845	444	577	17	7	133	0.0526316
NODE_26922_length_4840_cov_4.448218	3488	3621	8	14	133	0.1052632
NODE_26922_length_4840_cov_4.448218	3488	3621	9	11	133	0.0827068
NODE_26922_length_4840_cov_4.448218	3488	3621	10	9	133	0.0676692
NODE_26922_length_4840_cov_4.448218	3488	3621	11	3	133	0.0225564
NODE_26922_length_4840_cov_4.448218	3488	3621	12	11	133	0.0827068
NODE_26922_length_4840_cov_4.448218	3488	3621	15	3	133	0.0225564
NODE_26922_length_4840_cov_4.448218	3488	3621	16	16	133	0.1203008
NODE_26922_length_4840_cov_4.448218	3488	3621	17	15	133	0.1127820
NODE_26922_length_4840_cov_4.448218	3488	3621	18	43	133	0.3233083
NODE_26922_length_4840_cov_4.448218	3488	3621	19	6	133	0.0451128
NODE_26922_length_4840_cov_4.448218	3488	3621	20	2	133	0.0150376
NODE_269630_length_900_cov_2.415730	130	263	10	9	133	0.0676692
NODE_269630_length_900_cov_2.415730	130	263	12	2	133	0.0150376
NODE_269630_length_900_cov_2.415730	130	263	13	3	133	0.0225564
NODE_269630_length_900_cov_2.415730	130	263	14	6	133	0.0451128
NODE_269630_length_900_cov_2.415730	130	263	15	1	133	0.0075188
NODE_269630_length_900_cov_2.415730	130	263	19	5	133	0.0375940
NODE_269630_length_900_cov_2.415730	130	263	20	6	133	0.0451128
NODE_269630_length_900_cov_2.415730	130	263	21	2	133	0.0150376
NODE_269630_length_900_cov_2.415730	130	263	22	39	133	0.2932331
NODE_269630_length_900_cov_2.415730	130	263	23	6	133	0.0451128
NODE_269630_length_900_cov_2.415730	130	263	24	12	133	0.0902256
NODE_269630_length_900_cov_2.415730	130	263	25	9	133	0.0676692
NODE_269630_length_900_cov_2.415730	130	263	26	25	133	0.1879699
NODE_269630_length_900_cov_2.415730	130	263	27	8	133	0.0601504
NODE_269674_length_899_cov_5.873750	331	464	0	12	133	0.0902256
NODE_269674_length_899_cov_5.873750	331	464	1	16	133	0.1203008
NODE_269674_length_899_cov_5.873750	331	464	2	11	133	0.0827068
NODE_269674_length_899_cov_5.873750	331	464	4	94	133	0.7067669
NODE_269706_length_899_cov_4.523750	205	338	7	5	133	0.0375940
NODE_269706_length_899_cov_4.523750	205	338	8	5	133	0.0375940
NODE_269706_length_899_cov_4.523750	205	338	10	3	133	0.0225564
NODE_269706_length_899_cov_4.523750	205	338	11	4	133	0.0300752
NODE_269706_length_899_cov_4.523750	205	338	12	2	133	0.0150376
NODE_269706_length_899_cov_4.523750	205	338	13	8	133	0.0601504
NODE_269706_length_899_cov_4.523750	205	338	14	9	133	0.0676692
NODE_269706_length_899_cov_4.523750	205	338	15	11	133	0.0827068
NODE_269706_length_899_cov_4.523750	205	338	16	17	133	0.1278196
NODE_269706_length_899_cov_4.523750	205	338	17	7	133	0.0526316
NODE_269706_length_899_cov_4.523750	205	338	18	3	133	0.0225564
NODE_269706_length_899_cov_4.523750	205	338	20	58	133	0.4360902
NODE_269706_length_899_cov_4.523750	205	338	21	1	133	0.0075188
NODE_26970_length_4836_cov_5.363310	2411	2544	12	7	133	0.0526316
NODE_26970_length_4836_cov_5.363310	2411	2544	13	1	133	0.0075188
NODE_26970_length_4836_cov_5.363310	2411	2544	14	8	133	0.0601504
NODE_26970_length_4836_cov_5.363310	2411	2544	15	11	133	0.0827068
NODE_26970_length_4836_cov_5.363310	2411	2544	16	2	133	0.0150376
NODE_26970_length_4836_cov_5.363310	2411	2544	17	31	133	0.2330827
NODE_26970_length_4836_cov_5.363310	2411	2544	18	43	133	0.3233083
NODE_26970_length_4836_cov_5.363310	2411	2544	19	23	133	0.1729323
NODE_26970_length_4836_cov_5.363310	2411	2544	20	2	133	0.0150376
NODE_26970_length_4836_cov_5.363310	2411	2544	21	5	133	0.0375940
NODE_26980_length_4836_cov_3.636901	3705	3838	3	11	133	0.0827068
NODE_26980_length_4836_cov_3.636901	3705	3838	4	24	133	0.1804511
NODE_26980_length_4836_cov_3.636901	3705	3838	5	79	133	0.5939850
NODE_26980_length_4836_cov_3.636901	3705	3838	6	8	133	0.0601504
NODE_26980_length_4836_cov_3.636901	3705	3838	7	11	133	0.0827068
NODE_269926_length_898_cov_5.006258	200	333	18	10	133	0.0751880
NODE_269926_length_898_cov_5.006258	200	333	19	35	133	0.2631579
NODE_269926_length_898_cov_5.006258	200	333	20	4	133	0.0300752
NODE_269926_length_898_cov_5.006258	200	333	21	1	133	0.0075188
NODE_269926_length_898_cov_5.006258	200	333	22	12	133	0.0902256
NODE_269926_length_898_cov_5.006258	200	333	23	14	133	0.1052632
NODE_269926_length_898_cov_5.006258	200	333	24	12	133	0.0902256
NODE_269926_length_898_cov_5.006258	200	333	25	28	133	0.2105263
NODE_269926_length_898_cov_5.006258	200	333	26	17	133	0.1278196
NODE_269945_length_898_cov_4.581977	514	647	1	2	133	0.0150376
NODE_269945_length_898_cov_4.581977	514	647	2	87	133	0.6541353
NODE_269945_length_898_cov_4.581977	514	647	3	36	133	0.2706767
NODE_269945_length_898_cov_4.581977	514	647	4	8	133	0.0601504
NODE_269977_length_898_cov_3.917397	243	376	8	12	133	0.0902256
NODE_269977_length_898_cov_3.917397	243	376	9	4	133	0.0300752
NODE_269977_length_898_cov_3.917397	243	376	10	20	133	0.1503759
NODE_269977_length_898_cov_3.917397	243	376	11	15	133	0.1127820
NODE_269977_length_898_cov_3.917397	243	376	12	3	133	0.0225564
NODE_269977_length_898_cov_3.917397	243	376	13	2	133	0.0150376
NODE_269977_length_898_cov_3.917397	243	376	14	35	133	0.2631579
NODE_269977_length_898_cov_3.917397	243	376	15	34	133	0.2556391
NODE_269977_length_898_cov_3.917397	243	376	16	8	133	0.0601504
NODE_269981_length_898_cov_3.853567	716	849	2	6	133	0.0451128
NODE_269981_length_898_cov_3.853567	716	849	3	4	133	0.0300752
NODE_269981_length_898_cov_3.853567	716	849	4	25	133	0.1879699
NODE_269981_length_898_cov_3.853567	716	849	5	36	133	0.2706767
NODE_269981_length_898_cov_3.853567	716	849	6	62	133	0.4661654
NODE_270116_length_898_cov_2.565707	703	836	11	1	133	0.0075188
NODE_270116_length_898_cov_2.565707	703	836	12	17	133	0.1278196
NODE_270116_length_898_cov_2.565707	703	836	13	13	133	0.0977444
NODE_270116_length_898_cov_2.565707	703	836	14	1	133	0.0075188
NODE_270116_length_898_cov_2.565707	703	836	15	25	133	0.1879699
NODE_270116_length_898_cov_2.565707	703	836	16	2	133	0.0150376
NODE_270116_length_898_cov_2.565707	703	836	18	34	133	0.2556391
NODE_270116_length_898_cov_2.565707	703	836	19	18	133	0.1353384
NODE_270116_length_898_cov_2.565707	703	836	20	22	133	0.1654135
NODE_270157_length_898_cov_2.127660	193	326	10	11	133	0.0827068
NODE_270157_length_898_cov_2.127660	193	326	11	2	133	0.0150376
NODE_270157_length_898_cov_2.127660	193	326	13	22	133	0.1654135
NODE_270157_length_898_cov_2.127660	193	326	14	11	133	0.0827068
NODE_270157_length_898_cov_2.127660	193	326	15	15	133	0.1127820
NODE_270157_length_898_cov_2.127660	193	326	16	5	133	0.0375940
NODE_270157_length_898_cov_2.127660	193	326	17	1	133	0.0075188
NODE_270157_length_898_cov_2.127660	193	326	18	5	133	0.0375940
NODE_270157_length_898_cov_2.127660	193	326	19	1	133	0.0075188
NODE_270157_length_898_cov_2.127660	193	326	20	42	133	0.3157895
NODE_270157_length_898_cov_2.127660	193	326	21	18	133	0.1353384
NODE_270276_length_897_cov_3.850877	118	251	11	9	133	0.0676692
NODE_270276_length_897_cov_3.850877	118	251	12	2	133	0.0150376
NODE_270276_length_897_cov_3.850877	118	251	13	1	133	0.0075188
NODE_270276_length_897_cov_3.850877	118	251	14	15	133	0.1127820
NODE_270276_length_897_cov_3.850877	118	251	15	11	133	0.0827068
NODE_270276_length_897_cov_3.850877	118	251	16	16	133	0.1203008
NODE_270276_length_897_cov_3.850877	118	251	17	7	133	0.0526316
NODE_270276_length_897_cov_3.850877	118	251	18	34	133	0.2556391
NODE_270276_length_897_cov_3.850877	118	251	19	12	133	0.0902256
NODE_270276_length_897_cov_3.850877	118	251	20	14	133	0.1052632
NODE_270276_length_897_cov_3.850877	118	251	21	12	133	0.0902256
NODE_270300_length_897_cov_3.456140	403	536	10	6	133	0.0451128
NODE_270300_length_897_cov_3.456140	403	536	12	6	133	0.0451128
NODE_270300_length_897_cov_3.456140	403	536	13	1	133	0.0075188
NODE_270300_length_897_cov_3.456140	403	536	14	4	133	0.0300752
NODE_270300_length_897_cov_3.456140	403	536	16	12	133	0.0902256
NODE_270300_length_897_cov_3.456140	403	536	18	7	133	0.0526316
NODE_270300_length_897_cov_3.456140	403	536	19	23	133	0.1729323
NODE_270300_length_897_cov_3.456140	403	536	20	10	133	0.0751880
NODE_270300_length_897_cov_3.456140	403	536	21	58	133	0.4360902
NODE_270300_length_897_cov_3.456140	403	536	22	6	133	0.0451128
NODE_270502_length_896_cov_4.091593	650	783	18	2	133	0.0150376
NODE_270502_length_896_cov_4.091593	650	783	19	13	133	0.0977444
NODE_270502_length_896_cov_4.091593	650	783	20	6	133	0.0451128
NODE_270502_length_896_cov_4.091593	650	783	21	4	133	0.0300752
NODE_270502_length_896_cov_4.091593	650	783	23	7	133	0.0526316
NODE_270502_length_896_cov_4.091593	650	783	24	4	133	0.0300752
NODE_270502_length_896_cov_4.091593	650	783	25	5	133	0.0375940
NODE_270502_length_896_cov_4.091593	650	783	26	36	133	0.2706767
NODE_270502_length_896_cov_4.091593	650	783	27	1	133	0.0075188
NODE_270502_length_896_cov_4.091593	650	783	29	3	133	0.0225564
NODE_270502_length_896_cov_4.091593	650	783	30	4	133	0.0300752
NODE_270502_length_896_cov_4.091593	650	783	31	3	133	0.0225564
NODE_270502_length_896_cov_4.091593	650	783	32	15	133	0.1127820
NODE_270502_length_896_cov_4.091593	650	783	33	27	133	0.2030075
NODE_270502_length_896_cov_4.091593	650	783	34	3	133	0.0225564
NODE_27074_length_4829_cov_5.033192	1421	1554	20	3	133	0.0225564
NODE_27074_length_4829_cov_5.033192	1421	1554	21	8	133	0.0601504
NODE_27074_length_4829_cov_5.033192	1421	1554	22	7	133	0.0526316
NODE_27074_length_4829_cov_5.033192	1421	1554	23	15	133	0.1127820
NODE_27074_length_4829_cov_5.033192	1421	1554	24	9	133	0.0676692
NODE_27074_length_4829_cov_5.033192	1421	1554	25	4	133	0.0300752
NODE_27074_length_4829_cov_5.033192	1421	1554	26	15	133	0.1127820
NODE_27074_length_4829_cov_5.033192	1421	1554	27	3	133	0.0225564
NODE_27074_length_4829_cov_5.033192	1421	1554	28	3	133	0.0225564
NODE_27074_length_4829_cov_5.033192	1421	1554	29	3	133	0.0225564
NODE_27074_length_4829_cov_5.033192	1421	1554	30	39	133	0.2932331
NODE_27074_length_4829_cov_5.033192	1421	1554	31	18	133	0.1353384
NODE_27074_length_4829_cov_5.033192	1421	1554	32	6	133	0.0451128
NODE_270755_length_895_cov_4.184673	380	513	14	3	133	0.0225564
NODE_270755_length_895_cov_4.184673	380	513	15	3	133	0.0225564
NODE_270755_length_895_cov_4.184673	380	513	16	4	133	0.0300752
NODE_270755_length_895_cov_4.184673	380	513	18	3	133	0.0225564
NODE_270755_length_895_cov_4.184673	380	513	19	4	133	0.0300752
NODE_270755_length_895_cov_4.184673	380	513	20	1	133	0.0075188
NODE_270755_length_895_cov_4.184673	380	513	21	3	133	0.0225564
NODE_270755_length_895_cov_4.184673	380	513	22	7	133	0.0526316
NODE_270755_length_895_cov_4.184673	380	513	23	3	133	0.0225564
NODE_270755_length_895_cov_4.184673	380	513	25	4	133	0.0300752
NODE_270755_length_895_cov_4.184673	380	513	26	1	133	0.0075188
NODE_270755_length_895_cov_4.184673	380	513	27	28	133	0.2105263
NODE_270755_length_895_cov_4.184673	380	513	28	27	133	0.2030075
NODE_270755_length_895_cov_4.184673	380	513	29	20	133	0.1503759
NODE_270755_length_895_cov_4.184673	380	513	30	22	133	0.1654135
NODE_27076_length_4829_cov_4.983087	1594	1727	13	11	133	0.0827068
NODE_27076_length_4829_cov_4.983087	1594	1727	14	4	133	0.0300752
NODE_27076_length_4829_cov_4.983087	1594	1727	15	1	133	0.0075188
NODE_27076_length_4829_cov_4.983087	1594	1727	16	6	133	0.0451128
NODE_27076_length_4829_cov_4.983087	1594	1727	17	22	133	0.1654135
NODE_27076_length_4829_cov_4.983087	1594	1727	18	2	133	0.0150376
NODE_27076_length_4829_cov_4.983087	1594	1727	19	11	133	0.0827068
NODE_27076_length_4829_cov_4.983087	1594	1727	20	4	133	0.0300752
NODE_27076_length_4829_cov_4.983087	1594	1727	21	3	133	0.0225564
NODE_27076_length_4829_cov_4.983087	1594	1727	22	4	133	0.0300752
NODE_27076_length_4829_cov_4.983087	1594	1727	23	1	133	0.0075188
NODE_27076_length_4829_cov_4.983087	1594	1727	24	22	133	0.1654135
NODE_27076_length_4829_cov_4.983087	1594	1727	25	11	133	0.0827068
NODE_27076_length_4829_cov_4.983087	1594	1727	26	29	133	0.2180451
NODE_27076_length_4829_cov_4.983087	1594	1727	27	2	133	0.0150376
NODE_2707_length_11350_cov_42.131011	8182	8315	5	9	133	0.0676692
NODE_2707_length_11350_cov_42.131011	8182	8315	6	1	133	0.0075188
NODE_2707_length_11350_cov_42.131011	8182	8315	7	8	133	0.0601504
NODE_2707_length_11350_cov_42.131011	8182	8315	8	2	133	0.0150376
NODE_2707_length_11350_cov_42.131011	8182	8315	9	5	133	0.0375940
NODE_2707_length_11350_cov_42.131011	8182	8315	10	27	133	0.2030075
NODE_2707_length_11350_cov_42.131011	8182	8315	13	2	133	0.0150376
NODE_2707_length_11350_cov_42.131011	8182	8315	14	19	133	0.1428571
NODE_2707_length_11350_cov_42.131011	8182	8315	15	2	133	0.0150376
NODE_2707_length_11350_cov_42.131011	8182	8315	17	3	133	0.0225564
NODE_2707_length_11350_cov_42.131011	8182	8315	19	1	133	0.0075188
NODE_2707_length_11350_cov_42.131011	8182	8315	20	10	133	0.0751880
NODE_2707_length_11350_cov_42.131011	8182	8315	22	6	133	0.0451128
NODE_2707_length_11350_cov_42.131011	8182	8315	23	3	133	0.0225564
NODE_2707_length_11350_cov_42.131011	8182	8315	24	1	133	0.0075188
NODE_2707_length_11350_cov_42.131011	8182	8315	25	7	133	0.0526316
NODE_2707_length_11350_cov_42.131011	8182	8315	26	4	133	0.0300752
NODE_2707_length_11350_cov_42.131011	8182	8315	27	1	133	0.0075188
NODE_2707_length_11350_cov_42.131011	8182	8315	29	11	133	0.0827068
NODE_2707_length_11350_cov_42.131011	8182	8315	30	9	133	0.0676692
NODE_2707_length_11350_cov_42.131011	8182	8315	31	2	133	0.0150376
NODE_27135_length_4823_cov_5.117273	228	361	6	10	133	0.0751880
NODE_27135_length_4823_cov_5.117273	228	361	8	1	133	0.0075188
NODE_27135_length_4823_cov_5.117273	228	361	10	5	133	0.0375940
NODE_27135_length_4823_cov_5.117273	228	361	11	13	133	0.0977444
NODE_27135_length_4823_cov_5.117273	228	361	12	2	133	0.0150376
NODE_27135_length_4823_cov_5.117273	228	361	13	4	133	0.0300752
NODE_27135_length_4823_cov_5.117273	228	361	15	1	133	0.0075188
NODE_27135_length_4823_cov_5.117273	228	361	16	3	133	0.0225564
NODE_27135_length_4823_cov_5.117273	228	361	17	10	133	0.0751880
NODE_27135_length_4823_cov_5.117273	228	361	18	2	133	0.0150376
NODE_27135_length_4823_cov_5.117273	228	361	19	3	133	0.0225564
NODE_27135_length_4823_cov_5.117273	228	361	20	16	133	0.1203008
NODE_27135_length_4823_cov_5.117273	228	361	21	17	133	0.1278196
NODE_27135_length_4823_cov_5.117273	228	361	22	14	133	0.1052632
NODE_27135_length_4823_cov_5.117273	228	361	23	10	133	0.0751880
NODE_27135_length_4823_cov_5.117273	228	361	24	22	133	0.1654135
NODE_27138_length_4823_cov_4.391617	1380	1513	14	14	133	0.1052632
NODE_27138_length_4823_cov_4.391617	1380	1513	17	10	133	0.0751880
NODE_27138_length_4823_cov_4.391617	1380	1513	19	3	133	0.0225564
NODE_27138_length_4823_cov_4.391617	1380	1513	20	4	133	0.0300752
NODE_27138_length_4823_cov_4.391617	1380	1513	21	1	133	0.0075188
NODE_27138_length_4823_cov_4.391617	1380	1513	22	4	133	0.0300752
NODE_27138_length_4823_cov_4.391617	1380	1513	23	14	133	0.1052632
NODE_27138_length_4823_cov_4.391617	1380	1513	24	30	133	0.2255639
NODE_27138_length_4823_cov_4.391617	1380	1513	26	20	133	0.1503759
NODE_27138_length_4823_cov_4.391617	1380	1513	27	30	133	0.2255639
NODE_27138_length_4823_cov_4.391617	1380	1513	28	3	133	0.0225564
NODE_27150_length_4822_cov_4.071988	3608	3741	12	11	133	0.0827068
NODE_27150_length_4822_cov_4.071988	3608	3741	13	9	133	0.0676692
NODE_27150_length_4822_cov_4.071988	3608	3741	15	3	133	0.0225564
NODE_27150_length_4822_cov_4.071988	3608	3741	16	27	133	0.2030075
NODE_27150_length_4822_cov_4.071988	3608	3741	17	1	133	0.0075188
NODE_27150_length_4822_cov_4.071988	3608	3741	18	15	133	0.1127820
NODE_27150_length_4822_cov_4.071988	3608	3741	19	17	133	0.1278196
NODE_27150_length_4822_cov_4.071988	3608	3741	20	50	133	0.3759398
NODE_271511_length_892_cov_4.189155	310	443	0	31	133	0.2330827
NODE_271511_length_892_cov_4.189155	310	443	1	59	133	0.4436090
NODE_271511_length_892_cov_4.189155	310	443	2	39	133	0.2932331
NODE_271511_length_892_cov_4.189155	310	443	3	4	133	0.0300752
NODE_271871_length_891_cov_2.751263	547	680	5	28	133	0.2105263
NODE_271871_length_891_cov_2.751263	547	680	6	2	133	0.0150376
NODE_271871_length_891_cov_2.751263	547	680	7	57	133	0.4285714
NODE_271871_length_891_cov_2.751263	547	680	8	13	133	0.0977444
NODE_271871_length_891_cov_2.751263	547	680	9	24	133	0.1804511
NODE_271871_length_891_cov_2.751263	547	680	10	9	133	0.0676692
NODE_271963_length_890_cov_5.107459	528	661	6	4	133	0.0300752
NODE_271963_length_890_cov_5.107459	528	661	7	2	133	0.0150376
NODE_271963_length_890_cov_5.107459	528	661	8	7	133	0.0526316
NODE_271963_length_890_cov_5.107459	528	661	9	2	133	0.0150376
NODE_271963_length_890_cov_5.107459	528	661	10	7	133	0.0526316
NODE_271963_length_890_cov_5.107459	528	661	11	24	133	0.1804511
NODE_271963_length_890_cov_5.107459	528	661	12	8	133	0.0601504
NODE_271963_length_890_cov_5.107459	528	661	13	23	133	0.1729323
NODE_271963_length_890_cov_5.107459	528	661	14	26	133	0.1954887
NODE_271963_length_890_cov_5.107459	528	661	15	28	133	0.2105263
NODE_271963_length_890_cov_5.107459	528	661	16	2	133	0.0150376
NODE_271_length_20318_cov_4.511994	8986	9119	2	3	133	0.0225564
NODE_271_length_20318_cov_4.511994	8986	9119	3	9	133	0.0676692
NODE_271_length_20318_cov_4.511994	8986	9119	5	4	133	0.0300752
NODE_271_length_20318_cov_4.511994	8986	9119	7	3	133	0.0225564
NODE_271_length_20318_cov_4.511994	8986	9119	9	15	133	0.1127820
NODE_271_length_20318_cov_4.511994	8986	9119	11	5	133	0.0375940
NODE_271_length_20318_cov_4.511994	8986	9119	12	11	133	0.0827068
NODE_271_length_20318_cov_4.511994	8986	9119	13	3	133	0.0225564
NODE_271_length_20318_cov_4.511994	8986	9119	14	12	133	0.0902256
NODE_271_length_20318_cov_4.511994	8986	9119	15	1	133	0.0075188
NODE_271_length_20318_cov_4.511994	8986	9119	16	13	133	0.0977444
NODE_271_length_20318_cov_4.511994	8986	9119	17	31	133	0.2330827
NODE_271_length_20318_cov_4.511994	8986	9119	19	19	133	0.1428571
NODE_271_length_20318_cov_4.511994	8986	9119	20	4	133	0.0300752
NODE_272006_length_890_cov_3.951960	187	320	15	2	133	0.0150376
NODE_272006_length_890_cov_3.951960	187	320	16	10	133	0.0751880
NODE_272006_length_890_cov_3.951960	187	320	17	14	133	0.1052632
NODE_272006_length_890_cov_3.951960	187	320	19	10	133	0.0751880
NODE_272006_length_890_cov_3.951960	187	320	20	11	133	0.0827068
NODE_272006_length_890_cov_3.951960	187	320	21	17	133	0.1278196
NODE_272006_length_890_cov_3.951960	187	320	22	10	133	0.0751880
NODE_272006_length_890_cov_3.951960	187	320	23	15	133	0.1127820
NODE_272006_length_890_cov_3.951960	187	320	24	25	133	0.1879699
NODE_272006_length_890_cov_3.951960	187	320	25	19	133	0.1428571
NODE_2720_length_11337_cov_4.928724	7325	7458	13	12	133	0.0902256
NODE_2720_length_11337_cov_4.928724	7325	7458	14	17	133	0.1278196
NODE_2720_length_11337_cov_4.928724	7325	7458	15	5	133	0.0375940
NODE_2720_length_11337_cov_4.928724	7325	7458	17	4	133	0.0300752
NODE_2720_length_11337_cov_4.928724	7325	7458	18	6	133	0.0451128
NODE_2720_length_11337_cov_4.928724	7325	7458	19	10	133	0.0751880
NODE_2720_length_11337_cov_4.928724	7325	7458	20	10	133	0.0751880
NODE_2720_length_11337_cov_4.928724	7325	7458	21	25	133	0.1879699
NODE_2720_length_11337_cov_4.928724	7325	7458	22	17	133	0.1278196
NODE_2720_length_11337_cov_4.928724	7325	7458	23	21	133	0.1578947
NODE_2720_length_11337_cov_4.928724	7325	7458	24	6	133	0.0451128
NODE_272678_length_887_cov_5.662437	812	945	0	86	133	0.6466165
NODE_272678_length_887_cov_5.662437	812	945	1	47	133	0.3533835
NODE_27267_length_4813_cov_4.698345	3750	3883	3	10	133	0.0751880
NODE_27267_length_4813_cov_4.698345	3750	3883	4	8	133	0.0601504
NODE_27267_length_4813_cov_4.698345	3750	3883	5	5	133	0.0375940
NODE_27267_length_4813_cov_4.698345	3750	3883	6	16	133	0.1203008
NODE_27267_length_4813_cov_4.698345	3750	3883	7	94	133	0.7067669
NODE_272697_length_887_cov_5.002538	499	632	10	1	133	0.0075188
NODE_272697_length_887_cov_5.002538	499	632	11	15	133	0.1127820
NODE_272697_length_887_cov_5.002538	499	632	12	7	133	0.0526316
NODE_272697_length_887_cov_5.002538	499	632	13	18	133	0.1353384
NODE_272697_length_887_cov_5.002538	499	632	15	21	133	0.1578947
NODE_272697_length_887_cov_5.002538	499	632	16	16	133	0.1203008
NODE_272697_length_887_cov_5.002538	499	632	17	14	133	0.1052632
NODE_272697_length_887_cov_5.002538	499	632	18	3	133	0.0225564
NODE_272697_length_887_cov_5.002538	499	632	19	15	133	0.1127820
NODE_272697_length_887_cov_5.002538	499	632	20	23	133	0.1729323
NODE_272740_length_887_cov_4.082487	430	563	6	8	133	0.0601504
NODE_272740_length_887_cov_4.082487	430	563	8	9	133	0.0676692
NODE_272740_length_887_cov_4.082487	430	563	9	5	133	0.0375940
NODE_272740_length_887_cov_4.082487	430	563	10	5	133	0.0375940
NODE_272740_length_887_cov_4.082487	430	563	12	39	133	0.2932331
NODE_272740_length_887_cov_4.082487	430	563	13	26	133	0.1954887
NODE_272740_length_887_cov_4.082487	430	563	14	17	133	0.1278196
NODE_272740_length_887_cov_4.082487	430	563	15	14	133	0.1052632
NODE_272740_length_887_cov_4.082487	430	563	16	10	133	0.0751880
NODE_272857_length_887_cov_2.742386	833	966	0	79	133	0.5939850
NODE_272857_length_887_cov_2.742386	833	966	4	2	133	0.0150376
NODE_272857_length_887_cov_2.742386	833	966	5	12	133	0.0902256
NODE_272857_length_887_cov_2.742386	833	966	7	40	133	0.3007519
NODE_2729_length_11323_cov_10.673735	8797	8930	9	26	133	0.1954887
NODE_2729_length_11323_cov_10.673735	8797	8930	10	7	133	0.0526316
NODE_2729_length_11323_cov_10.673735	8797	8930	11	6	133	0.0451128
NODE_2729_length_11323_cov_10.673735	8797	8930	12	14	133	0.1052632
NODE_2729_length_11323_cov_10.673735	8797	8930	13	11	133	0.0827068
NODE_2729_length_11323_cov_10.673735	8797	8930	15	30	133	0.2255639
NODE_2729_length_11323_cov_10.673735	8797	8930	16	26	133	0.1954887
NODE_2729_length_11323_cov_10.673735	8797	8930	17	13	133	0.0977444
NODE_273245_length_885_cov_4.501272	336	469	28	4	133	0.0300752
NODE_273245_length_885_cov_4.501272	336	469	29	18	133	0.1353384
NODE_273245_length_885_cov_4.501272	336	469	30	3	133	0.0225564
NODE_273245_length_885_cov_4.501272	336	469	31	1	133	0.0075188
NODE_273245_length_885_cov_4.501272	336	469	32	2	133	0.0150376
NODE_273245_length_885_cov_4.501272	336	469	34	3	133	0.0225564
NODE_273245_length_885_cov_4.501272	336	469	35	5	133	0.0375940
NODE_273245_length_885_cov_4.501272	336	469	36	17	133	0.1278196
NODE_273245_length_885_cov_4.501272	336	469	37	14	133	0.1052632
NODE_273245_length_885_cov_4.501272	336	469	38	21	133	0.1578947
NODE_273245_length_885_cov_4.501272	336	469	39	12	133	0.0902256
NODE_273245_length_885_cov_4.501272	336	469	40	5	133	0.0375940
NODE_273245_length_885_cov_4.501272	336	469	41	21	133	0.1578947
NODE_273245_length_885_cov_4.501272	336	469	42	7	133	0.0526316
NODE_27339_length_4808_cov_4.545339	1220	1353	3	13	133	0.0977444
NODE_27339_length_4808_cov_4.545339	1220	1353	5	14	133	0.1052632
NODE_27339_length_4808_cov_4.545339	1220	1353	6	34	133	0.2556391
NODE_27339_length_4808_cov_4.545339	1220	1353	7	49	133	0.3684210
NODE_27339_length_4808_cov_4.545339	1220	1353	8	18	133	0.1353384
NODE_27339_length_4808_cov_4.545339	1220	1353	9	5	133	0.0375940
NODE_27344_length_4808_cov_4.396475	1065	1198	17	10	133	0.0751880
NODE_27344_length_4808_cov_4.396475	1065	1198	19	2	133	0.0150376
NODE_27344_length_4808_cov_4.396475	1065	1198	20	1	133	0.0075188
NODE_27344_length_4808_cov_4.396475	1065	1198	21	12	133	0.0902256
NODE_27344_length_4808_cov_4.396475	1065	1198	22	4	133	0.0300752
NODE_27344_length_4808_cov_4.396475	1065	1198	23	1	133	0.0075188
NODE_27344_length_4808_cov_4.396475	1065	1198	24	2	133	0.0150376
NODE_27344_length_4808_cov_4.396475	1065	1198	25	13	133	0.0977444
NODE_27344_length_4808_cov_4.396475	1065	1198	26	2	133	0.0150376
NODE_27344_length_4808_cov_4.396475	1065	1198	27	4	133	0.0300752
NODE_27344_length_4808_cov_4.396475	1065	1198	28	3	133	0.0225564
NODE_27344_length_4808_cov_4.396475	1065	1198	29	9	133	0.0676692
NODE_27344_length_4808_cov_4.396475	1065	1198	30	25	133	0.1879699
NODE_27344_length_4808_cov_4.396475	1065	1198	31	10	133	0.0751880
NODE_27344_length_4808_cov_4.396475	1065	1198	32	1	133	0.0075188
NODE_27344_length_4808_cov_4.396475	1065	1198	33	8	133	0.0601504
NODE_27344_length_4808_cov_4.396475	1065	1198	34	4	133	0.0300752
NODE_27344_length_4808_cov_4.396475	1065	1198	35	6	133	0.0451128
NODE_27344_length_4808_cov_4.396475	1065	1198	36	16	133	0.1203008
NODE_273519_length_884_cov_4.634395	125	258	6	23	133	0.1729323
NODE_273519_length_884_cov_4.634395	125	258	7	24	133	0.1804511
NODE_273519_length_884_cov_4.634395	125	258	8	15	133	0.1127820
NODE_273519_length_884_cov_4.634395	125	258	9	27	133	0.2030075
NODE_273519_length_884_cov_4.634395	125	258	10	8	133	0.0601504
NODE_273519_length_884_cov_4.634395	125	258	11	31	133	0.2330827
NODE_273519_length_884_cov_4.634395	125	258	12	5	133	0.0375940
NODE_2735_length_11313_cov_4.335295	4806	4939	4	2	133	0.0150376
NODE_2735_length_11313_cov_4.335295	4806	4939	6	1	133	0.0075188
NODE_2735_length_11313_cov_4.335295	4806	4939	9	3	133	0.0225564
NODE_2735_length_11313_cov_4.335295	4806	4939	10	1	133	0.0075188
NODE_2735_length_11313_cov_4.335295	4806	4939	11	1	133	0.0075188
NODE_2735_length_11313_cov_4.335295	4806	4939	12	10	133	0.0751880
NODE_2735_length_11313_cov_4.335295	4806	4939	13	1	133	0.0075188
NODE_2735_length_11313_cov_4.335295	4806	4939	14	6	133	0.0451128
NODE_2735_length_11313_cov_4.335295	4806	4939	16	15	133	0.1127820
NODE_2735_length_11313_cov_4.335295	4806	4939	17	5	133	0.0375940
NODE_2735_length_11313_cov_4.335295	4806	4939	18	12	133	0.0902256
NODE_2735_length_11313_cov_4.335295	4806	4939	19	35	133	0.2631579
NODE_2735_length_11313_cov_4.335295	4806	4939	20	16	133	0.1203008
NODE_2735_length_11313_cov_4.335295	4806	4939	21	5	133	0.0375940
NODE_2735_length_11313_cov_4.335295	4806	4939	22	20	133	0.1503759
NODE_273683_length_884_cov_2.615287	136	269	0	30	133	0.2255639
NODE_273683_length_884_cov_2.615287	136	269	1	8	133	0.0601504
NODE_273683_length_884_cov_2.615287	136	269	2	3	133	0.0225564
NODE_273683_length_884_cov_2.615287	136	269	4	12	133	0.0902256
NODE_273683_length_884_cov_2.615287	136	269	5	15	133	0.1127820
NODE_273683_length_884_cov_2.615287	136	269	6	11	133	0.0827068
NODE_273683_length_884_cov_2.615287	136	269	7	9	133	0.0676692
NODE_273683_length_884_cov_2.615287	136	269	9	5	133	0.0375940
NODE_273683_length_884_cov_2.615287	136	269	11	3	133	0.0225564
NODE_273683_length_884_cov_2.615287	136	269	13	2	133	0.0150376
NODE_273683_length_884_cov_2.615287	136	269	15	14	133	0.1052632
NODE_273683_length_884_cov_2.615287	136	269	16	4	133	0.0300752
NODE_273683_length_884_cov_2.615287	136	269	18	7	133	0.0526316
NODE_273683_length_884_cov_2.615287	136	269	19	1	133	0.0075188
NODE_273683_length_884_cov_2.615287	136	269	20	9	133	0.0676692
NODE_2736_length_11312_cov_5.000357	7605	7738	6	1	133	0.0075188
NODE_2736_length_11312_cov_5.000357	7605	7738	7	4	133	0.0300752
NODE_2736_length_11312_cov_5.000357	7605	7738	8	1	133	0.0075188
NODE_2736_length_11312_cov_5.000357	7605	7738	10	4	133	0.0300752
NODE_2736_length_11312_cov_5.000357	7605	7738	11	2	133	0.0150376
NODE_2736_length_11312_cov_5.000357	7605	7738	12	4	133	0.0300752
NODE_2736_length_11312_cov_5.000357	7605	7738	13	22	133	0.1654135
NODE_2736_length_11312_cov_5.000357	7605	7738	14	25	133	0.1879699
NODE_2736_length_11312_cov_5.000357	7605	7738	15	61	133	0.4586466
NODE_2736_length_11312_cov_5.000357	7605	7738	16	9	133	0.0676692
NODE_27373_length_4806_cov_4.705332	3942	4075	6	12	133	0.0902256
NODE_27373_length_4806_cov_4.705332	3942	4075	7	23	133	0.1729323
NODE_27373_length_4806_cov_4.705332	3942	4075	8	8	133	0.0601504
NODE_27373_length_4806_cov_4.705332	3942	4075	9	11	133	0.0827068
NODE_27373_length_4806_cov_4.705332	3942	4075	10	16	133	0.1203008
NODE_27373_length_4806_cov_4.705332	3942	4075	11	4	133	0.0300752
NODE_27373_length_4806_cov_4.705332	3942	4075	12	3	133	0.0225564
NODE_27373_length_4806_cov_4.705332	3942	4075	14	6	133	0.0451128
NODE_27373_length_4806_cov_4.705332	3942	4075	15	13	133	0.0977444
NODE_27373_length_4806_cov_4.705332	3942	4075	16	36	133	0.2706767
NODE_27373_length_4806_cov_4.705332	3942	4075	17	1	133	0.0075188
NODE_273758_length_883_cov_7.098214	143	276	8	2	133	0.0150376
NODE_273758_length_883_cov_7.098214	143	276	10	12	133	0.0902256
NODE_273758_length_883_cov_7.098214	143	276	12	1	133	0.0075188
NODE_273758_length_883_cov_7.098214	143	276	13	8	133	0.0601504
NODE_273758_length_883_cov_7.098214	143	276	14	11	133	0.0827068
NODE_273758_length_883_cov_7.098214	143	276	15	9	133	0.0676692
NODE_273758_length_883_cov_7.098214	143	276	16	5	133	0.0375940
NODE_273758_length_883_cov_7.098214	143	276	17	6	133	0.0451128
NODE_273758_length_883_cov_7.098214	143	276	18	14	133	0.1052632
NODE_273758_length_883_cov_7.098214	143	276	19	8	133	0.0601504
NODE_273758_length_883_cov_7.098214	143	276	20	46	133	0.3458647
NODE_273758_length_883_cov_7.098214	143	276	22	11	133	0.0827068
NODE_27394_length_4805_cov_4.162346	1281	1414	1	7	133	0.0526316
NODE_27394_length_4805_cov_4.162346	1281	1414	3	31	133	0.2330827
NODE_27394_length_4805_cov_4.162346	1281	1414	4	35	133	0.2631579
NODE_27394_length_4805_cov_4.162346	1281	1414	7	51	133	0.3834586
NODE_27394_length_4805_cov_4.162346	1281	1414	8	9	133	0.0676692
NODE_27405_length_4804_cov_4.389160	3675	3808	9	5	133	0.0375940
NODE_27405_length_4804_cov_4.389160	3675	3808	11	6	133	0.0451128
NODE_27405_length_4804_cov_4.389160	3675	3808	12	1	133	0.0075188
NODE_27405_length_4804_cov_4.389160	3675	3808	14	14	133	0.1052632
NODE_27405_length_4804_cov_4.389160	3675	3808	15	1	133	0.0075188
NODE_27405_length_4804_cov_4.389160	3675	3808	16	5	133	0.0375940
NODE_27405_length_4804_cov_4.389160	3675	3808	18	1	133	0.0075188
NODE_27405_length_4804_cov_4.389160	3675	3808	20	4	133	0.0300752
NODE_27405_length_4804_cov_4.389160	3675	3808	21	10	133	0.0751880
NODE_27405_length_4804_cov_4.389160	3675	3808	23	2	133	0.0150376
NODE_27405_length_4804_cov_4.389160	3675	3808	24	22	133	0.1654135
NODE_27405_length_4804_cov_4.389160	3675	3808	25	10	133	0.0751880
NODE_27405_length_4804_cov_4.389160	3675	3808	26	1	133	0.0075188
NODE_27405_length_4804_cov_4.389160	3675	3808	27	24	133	0.1804511
NODE_27405_length_4804_cov_4.389160	3675	3808	28	6	133	0.0451128
NODE_27405_length_4804_cov_4.389160	3675	3808	29	17	133	0.1278196
NODE_27405_length_4804_cov_4.389160	3675	3808	30	4	133	0.0300752
NODE_27428_length_4803_cov_3.392857	475	608	10	9	133	0.0676692
NODE_27428_length_4803_cov_3.392857	475	608	11	26	133	0.1954887
NODE_27428_length_4803_cov_3.392857	475	608	13	3	133	0.0225564
NODE_27428_length_4803_cov_3.392857	475	608	15	2	133	0.0150376
NODE_27428_length_4803_cov_3.392857	475	608	16	5	133	0.0375940
NODE_27428_length_4803_cov_3.392857	475	608	17	10	133	0.0751880
NODE_27428_length_4803_cov_3.392857	475	608	18	25	133	0.1879699
NODE_27428_length_4803_cov_3.392857	475	608	19	7	133	0.0526316
NODE_27428_length_4803_cov_3.392857	475	608	20	3	133	0.0225564
NODE_27428_length_4803_cov_3.392857	475	608	21	35	133	0.2631579
NODE_27428_length_4803_cov_3.392857	475	608	22	8	133	0.0601504
NODE_27432_length_4802_cov_5.265363	3771	3904	4	11	133	0.0827068
NODE_27432_length_4802_cov_5.265363	3771	3904	5	29	133	0.2180451
NODE_27432_length_4802_cov_5.265363	3771	3904	6	8	133	0.0601504
NODE_27432_length_4802_cov_5.265363	3771	3904	7	4	133	0.0300752
NODE_27432_length_4802_cov_5.265363	3771	3904	8	59	133	0.4436090
NODE_27432_length_4802_cov_5.265363	3771	3904	9	9	133	0.0676692
NODE_27432_length_4802_cov_5.265363	3771	3904	10	13	133	0.0977444
NODE_27464_length_4799_cov_6.228298	3333	3466	1	7	133	0.0526316
NODE_27464_length_4799_cov_6.228298	3333	3466	2	15	133	0.1127820
NODE_27464_length_4799_cov_6.228298	3333	3466	3	4	133	0.0300752
NODE_27464_length_4799_cov_6.228298	3333	3466	4	80	133	0.6015037
NODE_27464_length_4799_cov_6.228298	3333	3466	6	11	133	0.0827068
NODE_27464_length_4799_cov_6.228298	3333	3466	7	5	133	0.0375940
NODE_27464_length_4799_cov_6.228298	3333	3466	8	6	133	0.0451128
NODE_27464_length_4799_cov_6.228298	3333	3466	9	4	133	0.0300752
NODE_27464_length_4799_cov_6.228298	3333	3466	10	1	133	0.0075188
NODE_2746_length_11305_cov_3.219704	1020	1153	5	32	133	0.2406015
NODE_2746_length_11305_cov_3.219704	1020	1153	6	5	133	0.0375940
NODE_2746_length_11305_cov_3.219704	1020	1153	7	13	133	0.0977444
NODE_2746_length_11305_cov_3.219704	1020	1153	8	49	133	0.3684210
NODE_2746_length_11305_cov_3.219704	1020	1153	9	13	133	0.0977444
NODE_2746_length_11305_cov_3.219704	1020	1153	10	21	133	0.1578947
NODE_274734_length_880_cov_2.432778	141	274	8	3	133	0.0225564
NODE_274734_length_880_cov_2.432778	141	274	9	9	133	0.0676692
NODE_274734_length_880_cov_2.432778	141	274	10	6	133	0.0451128
NODE_274734_length_880_cov_2.432778	141	274	11	7	133	0.0526316
NODE_274734_length_880_cov_2.432778	141	274	13	14	133	0.1052632
NODE_274734_length_880_cov_2.432778	141	274	14	14	133	0.1052632
NODE_274734_length_880_cov_2.432778	141	274	15	16	133	0.1203008
NODE_274734_length_880_cov_2.432778	141	274	16	6	133	0.0451128
NODE_274734_length_880_cov_2.432778	141	274	17	36	133	0.2706767
NODE_274734_length_880_cov_2.432778	141	274	18	3	133	0.0225564
NODE_274734_length_880_cov_2.432778	141	274	19	19	133	0.1428571
NODE_274802_length_879_cov_4.875641	173	306	4	1	133	0.0075188
NODE_274802_length_879_cov_4.875641	173	306	5	7	133	0.0526316
NODE_274802_length_879_cov_4.875641	173	306	6	4	133	0.0300752
NODE_274802_length_879_cov_4.875641	173	306	7	3	133	0.0225564
NODE_274802_length_879_cov_4.875641	173	306	8	17	133	0.1278196
NODE_274802_length_879_cov_4.875641	173	306	10	11	133	0.0827068
NODE_274802_length_879_cov_4.875641	173	306	12	13	133	0.0977444
NODE_274802_length_879_cov_4.875641	173	306	14	60	133	0.4511278
NODE_274802_length_879_cov_4.875641	173	306	15	17	133	0.1278196
NODE_27511_length_4794_cov_4.333972	3372	3505	15	11	133	0.0827068
NODE_27511_length_4794_cov_4.333972	3372	3505	16	19	133	0.1428571
NODE_27511_length_4794_cov_4.333972	3372	3505	17	10	133	0.0751880
NODE_27511_length_4794_cov_4.333972	3372	3505	18	45	133	0.3383459
NODE_27511_length_4794_cov_4.333972	3372	3505	19	41	133	0.3082707
NODE_27511_length_4794_cov_4.333972	3372	3505	20	7	133	0.0526316
NODE_275247_length_878_cov_2.177150	190	323	9	5	133	0.0375940
NODE_275247_length_878_cov_2.177150	190	323	10	35	133	0.2631579
NODE_275247_length_878_cov_2.177150	190	323	11	3	133	0.0225564
NODE_275247_length_878_cov_2.177150	190	323	12	10	133	0.0751880
NODE_275247_length_878_cov_2.177150	190	323	13	10	133	0.0751880
NODE_275247_length_878_cov_2.177150	190	323	14	20	133	0.1503759
NODE_275247_length_878_cov_2.177150	190	323	16	50	133	0.3759398
NODE_275562_length_876_cov_5.164736	62	195	10	2	133	0.0150376
NODE_275562_length_876_cov_5.164736	62	195	13	9	133	0.0676692
NODE_275562_length_876_cov_5.164736	62	195	14	3	133	0.0225564
NODE_275562_length_876_cov_5.164736	62	195	16	4	133	0.0300752
NODE_275562_length_876_cov_5.164736	62	195	18	5	133	0.0375940
NODE_275562_length_876_cov_5.164736	62	195	19	12	133	0.0902256
NODE_275562_length_876_cov_5.164736	62	195	20	1	133	0.0075188
NODE_275562_length_876_cov_5.164736	62	195	22	1	133	0.0075188
NODE_275562_length_876_cov_5.164736	62	195	23	5	133	0.0375940
NODE_275562_length_876_cov_5.164736	62	195	24	5	133	0.0375940
NODE_275562_length_876_cov_5.164736	62	195	27	12	133	0.0902256
NODE_275562_length_876_cov_5.164736	62	195	28	11	133	0.0827068
NODE_275562_length_876_cov_5.164736	62	195	29	2	133	0.0150376
NODE_275562_length_876_cov_5.164736	62	195	30	6	133	0.0451128
NODE_275562_length_876_cov_5.164736	62	195	31	7	133	0.0526316
NODE_275562_length_876_cov_5.164736	62	195	32	15	133	0.1127820
NODE_275562_length_876_cov_5.164736	62	195	33	10	133	0.0751880
NODE_275562_length_876_cov_5.164736	62	195	34	23	133	0.1729323
NODE_275570_length_876_cov_4.889318	401	534	23	12	133	0.0902256
NODE_275570_length_876_cov_4.889318	401	534	24	4	133	0.0300752
NODE_275570_length_876_cov_4.889318	401	534	25	6	133	0.0451128
NODE_275570_length_876_cov_4.889318	401	534	26	2	133	0.0150376
NODE_275570_length_876_cov_4.889318	401	534	27	11	133	0.0827068
NODE_275570_length_876_cov_4.889318	401	534	28	22	133	0.1654135
NODE_275570_length_876_cov_4.889318	401	534	29	18	133	0.1353384
NODE_275570_length_876_cov_4.889318	401	534	30	5	133	0.0375940
NODE_275570_length_876_cov_4.889318	401	534	31	5	133	0.0375940
NODE_275570_length_876_cov_4.889318	401	534	32	29	133	0.2180451
NODE_275570_length_876_cov_4.889318	401	534	33	1	133	0.0075188
NODE_275570_length_876_cov_4.889318	401	534	34	1	133	0.0075188
NODE_275570_length_876_cov_4.889318	401	534	35	2	133	0.0150376
NODE_275570_length_876_cov_4.889318	401	534	36	15	133	0.1127820
NODE_27585_length_4789_cov_3.152026	1397	1530	15	4	133	0.0300752
NODE_27585_length_4789_cov_3.152026	1397	1530	16	5	133	0.0375940
NODE_27585_length_4789_cov_3.152026	1397	1530	18	4	133	0.0300752
NODE_27585_length_4789_cov_3.152026	1397	1530	19	1	133	0.0075188
NODE_27585_length_4789_cov_3.152026	1397	1530	20	20	133	0.1503759
NODE_27585_length_4789_cov_3.152026	1397	1530	21	6	133	0.0451128
NODE_27585_length_4789_cov_3.152026	1397	1530	22	8	133	0.0601504
NODE_27585_length_4789_cov_3.152026	1397	1530	23	25	133	0.1879699
NODE_27585_length_4789_cov_3.152026	1397	1530	24	41	133	0.3082707
NODE_27585_length_4789_cov_3.152026	1397	1530	25	17	133	0.1278196
NODE_27585_length_4789_cov_3.152026	1397	1530	26	2	133	0.0150376
NODE_2758_length_11285_cov_5.098874	3247	3380	10	4	133	0.0300752
NODE_2758_length_11285_cov_5.098874	3247	3380	11	6	133	0.0451128
NODE_2758_length_11285_cov_5.098874	3247	3380	12	6	133	0.0451128
NODE_2758_length_11285_cov_5.098874	3247	3380	13	22	133	0.1654135
NODE_2758_length_11285_cov_5.098874	3247	3380	14	2	133	0.0150376
NODE_2758_length_11285_cov_5.098874	3247	3380	15	9	133	0.0676692
NODE_2758_length_11285_cov_5.098874	3247	3380	16	5	133	0.0375940
NODE_2758_length_11285_cov_5.098874	3247	3380	17	19	133	0.1428571
NODE_2758_length_11285_cov_5.098874	3247	3380	18	48	133	0.3609022
NODE_2758_length_11285_cov_5.098874	3247	3380	19	7	133	0.0526316
NODE_2758_length_11285_cov_5.098874	3247	3380	20	5	133	0.0375940
NODE_27603_length_4787_cov_3.801195	3771	3904	22	2	133	0.0150376
NODE_27603_length_4787_cov_3.801195	3771	3904	23	2	133	0.0150376
NODE_27603_length_4787_cov_3.801195	3771	3904	24	5	133	0.0375940
NODE_27603_length_4787_cov_3.801195	3771	3904	27	1	133	0.0075188
NODE_27603_length_4787_cov_3.801195	3771	3904	28	3	133	0.0225564
NODE_27603_length_4787_cov_3.801195	3771	3904	29	3	133	0.0225564
NODE_27603_length_4787_cov_3.801195	3771	3904	30	1	133	0.0075188
NODE_27603_length_4787_cov_3.801195	3771	3904	31	9	133	0.0676692
NODE_27603_length_4787_cov_3.801195	3771	3904	32	18	133	0.1353384
NODE_27603_length_4787_cov_3.801195	3771	3904	33	4	133	0.0300752
NODE_27603_length_4787_cov_3.801195	3771	3904	34	23	133	0.1729323
NODE_27603_length_4787_cov_3.801195	3771	3904	35	21	133	0.1578947
NODE_27603_length_4787_cov_3.801195	3771	3904	36	26	133	0.1954887
NODE_27603_length_4787_cov_3.801195	3771	3904	37	15	133	0.1127820
NODE_276065_length_874_cov_4.447742	537	670	14	2	133	0.0150376
NODE_276065_length_874_cov_4.447742	537	670	15	6	133	0.0451128
NODE_276065_length_874_cov_4.447742	537	670	16	12	133	0.0902256
NODE_276065_length_874_cov_4.447742	537	670	17	15	133	0.1127820
NODE_276065_length_874_cov_4.447742	537	670	18	12	133	0.0902256
NODE_276065_length_874_cov_4.447742	537	670	19	3	133	0.0225564
NODE_276065_length_874_cov_4.447742	537	670	22	10	133	0.0751880
NODE_276065_length_874_cov_4.447742	537	670	23	9	133	0.0676692
NODE_276065_length_874_cov_4.447742	537	670	24	5	133	0.0375940
NODE_276065_length_874_cov_4.447742	537	670	25	17	133	0.1278196
NODE_276065_length_874_cov_4.447742	537	670	26	16	133	0.1203008
NODE_276065_length_874_cov_4.447742	537	670	27	8	133	0.0601504
NODE_276065_length_874_cov_4.447742	537	670	28	8	133	0.0601504
NODE_276065_length_874_cov_4.447742	537	670	29	10	133	0.0751880
NODE_27631_length_4784_cov_4.474066	3571	3704	12	1	133	0.0075188
NODE_27631_length_4784_cov_4.474066	3571	3704	13	5	133	0.0375940
NODE_27631_length_4784_cov_4.474066	3571	3704	14	12	133	0.0902256
NODE_27631_length_4784_cov_4.474066	3571	3704	15	13	133	0.0977444
NODE_27631_length_4784_cov_4.474066	3571	3704	16	11	133	0.0827068
NODE_27631_length_4784_cov_4.474066	3571	3704	17	20	133	0.1503759
NODE_27631_length_4784_cov_4.474066	3571	3704	18	13	133	0.0977444
NODE_27631_length_4784_cov_4.474066	3571	3704	19	17	133	0.1278196
NODE_27631_length_4784_cov_4.474066	3571	3704	20	3	133	0.0225564
NODE_27631_length_4784_cov_4.474066	3571	3704	21	17	133	0.1278196
NODE_27631_length_4784_cov_4.474066	3571	3704	22	4	133	0.0300752
NODE_27631_length_4784_cov_4.474066	3571	3704	23	4	133	0.0300752
NODE_27631_length_4784_cov_4.474066	3571	3704	24	13	133	0.0977444
NODE_276349_length_873_cov_4.094315	608	741	3	12	133	0.0902256
NODE_276349_length_873_cov_4.094315	608	741	4	19	133	0.1428571
NODE_276349_length_873_cov_4.094315	608	741	5	44	133	0.3308271
NODE_276349_length_873_cov_4.094315	608	741	6	11	133	0.0827068
NODE_276349_length_873_cov_4.094315	608	741	7	14	133	0.1052632
NODE_276349_length_873_cov_4.094315	608	741	8	33	133	0.2481203
NODE_276381_length_873_cov_3.635659	383	516	19	2	133	0.0150376
NODE_276381_length_873_cov_3.635659	383	516	21	6	133	0.0451128
NODE_276381_length_873_cov_3.635659	383	516	22	13	133	0.0977444
NODE_276381_length_873_cov_3.635659	383	516	23	15	133	0.1127820
NODE_276381_length_873_cov_3.635659	383	516	24	5	133	0.0375940
NODE_276381_length_873_cov_3.635659	383	516	25	18	133	0.1353384
NODE_276381_length_873_cov_3.635659	383	516	26	6	133	0.0451128
NODE_276381_length_873_cov_3.635659	383	516	27	17	133	0.1278196
NODE_276381_length_873_cov_3.635659	383	516	28	23	133	0.1729323
NODE_276381_length_873_cov_3.635659	383	516	29	18	133	0.1353384
NODE_276381_length_873_cov_3.635659	383	516	30	10	133	0.0751880
NODE_276515_length_873_cov_2.120155	679	812	0	16	133	0.1203008
NODE_276515_length_873_cov_2.120155	679	812	3	52	133	0.3909774
NODE_276515_length_873_cov_2.120155	679	812	4	23	133	0.1729323
NODE_276515_length_873_cov_2.120155	679	812	5	42	133	0.3157895
NODE_27656_length_4782_cov_4.360666	4172	4305	7	1	133	0.0075188
NODE_27656_length_4782_cov_4.360666	4172	4305	8	3	133	0.0225564
NODE_27656_length_4782_cov_4.360666	4172	4305	9	1	133	0.0075188
NODE_27656_length_4782_cov_4.360666	4172	4305	10	4	133	0.0300752
NODE_27656_length_4782_cov_4.360666	4172	4305	11	14	133	0.1052632
NODE_27656_length_4782_cov_4.360666	4172	4305	12	3	133	0.0225564
NODE_27656_length_4782_cov_4.360666	4172	4305	13	3	133	0.0225564
NODE_27656_length_4782_cov_4.360666	4172	4305	14	5	133	0.0375940
NODE_27656_length_4782_cov_4.360666	4172	4305	15	30	133	0.2255639
NODE_27656_length_4782_cov_4.360666	4172	4305	16	10	133	0.0751880
NODE_27656_length_4782_cov_4.360666	4172	4305	17	7	133	0.0526316
NODE_27656_length_4782_cov_4.360666	4172	4305	19	25	133	0.1879699
NODE_27656_length_4782_cov_4.360666	4172	4305	20	9	133	0.0676692
NODE_27656_length_4782_cov_4.360666	4172	4305	21	12	133	0.0902256
NODE_27656_length_4782_cov_4.360666	4172	4305	22	2	133	0.0150376
NODE_27656_length_4782_cov_4.360666	4172	4305	23	4	133	0.0300752
NODE_2765_length_11278_cov_3.882100	7709	7842	2	16	133	0.1203008
NODE_2765_length_11278_cov_3.882100	7709	7842	3	15	133	0.1127820
NODE_2765_length_11278_cov_3.882100	7709	7842	4	102	133	0.7669173
NODE_2766_length_11276_cov_4.156035	4631	4764	22	5	133	0.0375940
NODE_2766_length_11276_cov_4.156035	4631	4764	23	1	133	0.0075188
NODE_2766_length_11276_cov_4.156035	4631	4764	24	1	133	0.0075188
NODE_2766_length_11276_cov_4.156035	4631	4764	25	1	133	0.0075188
NODE_2766_length_11276_cov_4.156035	4631	4764	26	3	133	0.0225564
NODE_2766_length_11276_cov_4.156035	4631	4764	27	2	133	0.0150376
NODE_2766_length_11276_cov_4.156035	4631	4764	28	4	133	0.0300752
NODE_2766_length_11276_cov_4.156035	4631	4764	29	3	133	0.0225564
NODE_2766_length_11276_cov_4.156035	4631	4764	30	4	133	0.0300752
NODE_2766_length_11276_cov_4.156035	4631	4764	32	1	133	0.0075188
NODE_2766_length_11276_cov_4.156035	4631	4764	33	3	133	0.0225564
NODE_2766_length_11276_cov_4.156035	4631	4764	34	7	133	0.0526316
NODE_2766_length_11276_cov_4.156035	4631	4764	35	1	133	0.0075188
NODE_2766_length_11276_cov_4.156035	4631	4764	36	2	133	0.0150376
NODE_2766_length_11276_cov_4.156035	4631	4764	37	1	133	0.0075188
NODE_2766_length_11276_cov_4.156035	4631	4764	38	2	133	0.0150376
NODE_2766_length_11276_cov_4.156035	4631	4764	39	3	133	0.0225564
NODE_2766_length_11276_cov_4.156035	4631	4764	40	9	133	0.0676692
NODE_2766_length_11276_cov_4.156035	4631	4764	41	9	133	0.0676692
NODE_2766_length_11276_cov_4.156035	4631	4764	42	3	133	0.0225564
NODE_2766_length_11276_cov_4.156035	4631	4764	43	10	133	0.0751880
NODE_2766_length_11276_cov_4.156035	4631	4764	44	10	133	0.0751880
NODE_2766_length_11276_cov_4.156035	4631	4764	45	13	133	0.0977444
NODE_2766_length_11276_cov_4.156035	4631	4764	46	3	133	0.0225564
NODE_2766_length_11276_cov_4.156035	4631	4764	47	4	133	0.0300752
NODE_2766_length_11276_cov_4.156035	4631	4764	48	18	133	0.1353384
NODE_2766_length_11276_cov_4.156035	4631	4764	50	8	133	0.0601504
NODE_2766_length_11276_cov_4.156035	4631	4764	51	2	133	0.0150376
NODE_27679_length_4780_cov_4.740013	811	944	5	31	133	0.2330827
NODE_27679_length_4780_cov_4.740013	811	944	6	64	133	0.4812030
NODE_27679_length_4780_cov_4.740013	811	944	7	36	133	0.2706767
NODE_27679_length_4780_cov_4.740013	811	944	8	2	133	0.0150376
NODE_276861_length_871_cov_4.221503	706	839	13	1	133	0.0075188
NODE_276861_length_871_cov_4.221503	706	839	15	14	133	0.1052632
NODE_276861_length_871_cov_4.221503	706	839	16	15	133	0.1127820
NODE_276861_length_871_cov_4.221503	706	839	17	8	133	0.0601504
NODE_276861_length_871_cov_4.221503	706	839	18	2	133	0.0150376
NODE_276861_length_871_cov_4.221503	706	839	19	36	133	0.2706767
NODE_276861_length_871_cov_4.221503	706	839	20	22	133	0.1654135
NODE_276861_length_871_cov_4.221503	706	839	21	18	133	0.1353384
NODE_276861_length_871_cov_4.221503	706	839	22	5	133	0.0375940
NODE_276861_length_871_cov_4.221503	706	839	23	8	133	0.0601504
NODE_276861_length_871_cov_4.221503	706	839	24	4	133	0.0300752
NODE_2769_length_11273_cov_5.420172	924	1057	7	13	133	0.0977444
NODE_2769_length_11273_cov_5.420172	924	1057	8	1	133	0.0075188
NODE_2769_length_11273_cov_5.420172	924	1057	9	13	133	0.0977444
NODE_2769_length_11273_cov_5.420172	924	1057	10	10	133	0.0751880
NODE_2769_length_11273_cov_5.420172	924	1057	13	11	133	0.0827068
NODE_2769_length_11273_cov_5.420172	924	1057	14	7	133	0.0526316
NODE_2769_length_11273_cov_5.420172	924	1057	15	9	133	0.0676692
NODE_2769_length_11273_cov_5.420172	924	1057	16	18	133	0.1353384
NODE_2769_length_11273_cov_5.420172	924	1057	18	7	133	0.0526316
NODE_2769_length_11273_cov_5.420172	924	1057	19	1	133	0.0075188
NODE_2769_length_11273_cov_5.420172	924	1057	20	27	133	0.2030075
NODE_2769_length_11273_cov_5.420172	924	1057	21	16	133	0.1203008
NODE_277066_length_870_cov_6.041505	320	453	2	62	133	0.4661654
NODE_277066_length_870_cov_6.041505	320	453	3	71	133	0.5338346
NODE_277092_length_870_cov_4.756161	279	412	11	6	133	0.0451128
NODE_277092_length_870_cov_4.756161	279	412	12	1	133	0.0075188
NODE_277092_length_870_cov_4.756161	279	412	13	4	133	0.0300752
NODE_277092_length_870_cov_4.756161	279	412	14	7	133	0.0526316
NODE_277092_length_870_cov_4.756161	279	412	15	6	133	0.0451128
NODE_277092_length_870_cov_4.756161	279	412	17	7	133	0.0526316
NODE_277092_length_870_cov_4.756161	279	412	18	6	133	0.0451128
NODE_277092_length_870_cov_4.756161	279	412	19	3	133	0.0225564
NODE_277092_length_870_cov_4.756161	279	412	20	24	133	0.1804511
NODE_277092_length_870_cov_4.756161	279	412	21	8	133	0.0601504
NODE_277092_length_870_cov_4.756161	279	412	22	15	133	0.1127820
NODE_277092_length_870_cov_4.756161	279	412	23	9	133	0.0676692
NODE_277092_length_870_cov_4.756161	279	412	25	37	133	0.2781955
NODE_27725_length_4776_cov_3.934146	811	944	3	40	133	0.3007519
NODE_27725_length_4776_cov_3.934146	811	944	4	44	133	0.3308271
NODE_27725_length_4776_cov_3.934146	811	944	5	20	133	0.1503759
NODE_27725_length_4776_cov_3.934146	811	944	6	20	133	0.1503759
NODE_27725_length_4776_cov_3.934146	811	944	7	1	133	0.0075188
NODE_27725_length_4776_cov_3.934146	811	944	8	8	133	0.0601504
NODE_27754_length_4773_cov_4.787120	1754	1887	13	12	133	0.0902256
NODE_27754_length_4773_cov_4.787120	1754	1887	14	12	133	0.0902256
NODE_27754_length_4773_cov_4.787120	1754	1887	15	20	133	0.1503759
NODE_27754_length_4773_cov_4.787120	1754	1887	16	5	133	0.0375940
NODE_27754_length_4773_cov_4.787120	1754	1887	17	7	133	0.0526316
NODE_27754_length_4773_cov_4.787120	1754	1887	18	5	133	0.0375940
NODE_27754_length_4773_cov_4.787120	1754	1887	19	4	133	0.0300752
NODE_27754_length_4773_cov_4.787120	1754	1887	20	2	133	0.0150376
NODE_27754_length_4773_cov_4.787120	1754	1887	21	2	133	0.0150376
NODE_27754_length_4773_cov_4.787120	1754	1887	22	8	133	0.0601504
NODE_27754_length_4773_cov_4.787120	1754	1887	23	8	133	0.0601504
NODE_27754_length_4773_cov_4.787120	1754	1887	24	4	133	0.0300752
NODE_27754_length_4773_cov_4.787120	1754	1887	25	2	133	0.0150376
NODE_27754_length_4773_cov_4.787120	1754	1887	27	3	133	0.0225564
NODE_27754_length_4773_cov_4.787120	1754	1887	28	5	133	0.0375940
NODE_27754_length_4773_cov_4.787120	1754	1887	29	22	133	0.1654135
NODE_27754_length_4773_cov_4.787120	1754	1887	30	4	133	0.0300752
NODE_27754_length_4773_cov_4.787120	1754	1887	31	7	133	0.0526316
NODE_27754_length_4773_cov_4.787120	1754	1887	32	1	133	0.0075188
NODE_27768_length_4772_cov_4.889364	1744	1877	2	9	133	0.0676692
NODE_27768_length_4772_cov_4.889364	1744	1877	4	23	133	0.1729323
NODE_27768_length_4772_cov_4.889364	1744	1877	6	58	133	0.4360902
NODE_27768_length_4772_cov_4.889364	1744	1877	7	13	133	0.0977444
NODE_27768_length_4772_cov_4.889364	1744	1877	8	24	133	0.1804511
NODE_27768_length_4772_cov_4.889364	1744	1877	9	6	133	0.0451128
NODE_277866_length_868_cov_1.838752	446	579	10	4	133	0.0300752
NODE_277866_length_868_cov_1.838752	446	579	11	7	133	0.0526316
NODE_277866_length_868_cov_1.838752	446	579	16	1	133	0.0075188
NODE_277866_length_868_cov_1.838752	446	579	18	1	133	0.0075188
NODE_277866_length_868_cov_1.838752	446	579	19	4	133	0.0300752
NODE_277866_length_868_cov_1.838752	446	579	20	6	133	0.0451128
NODE_277866_length_868_cov_1.838752	446	579	22	2	133	0.0150376
NODE_277866_length_868_cov_1.838752	446	579	23	5	133	0.0375940
NODE_277866_length_868_cov_1.838752	446	579	25	2	133	0.0150376
NODE_277866_length_868_cov_1.838752	446	579	26	19	133	0.1428571
NODE_277866_length_868_cov_1.838752	446	579	27	26	133	0.1954887
NODE_277866_length_868_cov_1.838752	446	579	28	20	133	0.1503759
NODE_277866_length_868_cov_1.838752	446	579	29	10	133	0.0751880
NODE_277866_length_868_cov_1.838752	446	579	30	5	133	0.0375940
NODE_277866_length_868_cov_1.838752	446	579	32	21	133	0.1578947
NODE_277881_length_867_cov_6.861979	118	251	14	6	133	0.0451128
NODE_277881_length_867_cov_6.861979	118	251	17	6	133	0.0451128
NODE_277881_length_867_cov_6.861979	118	251	18	2	133	0.0150376
NODE_277881_length_867_cov_6.861979	118	251	20	19	133	0.1428571
NODE_277881_length_867_cov_6.861979	118	251	21	8	133	0.0601504
NODE_277881_length_867_cov_6.861979	118	251	22	7	133	0.0526316
NODE_277881_length_867_cov_6.861979	118	251	24	8	133	0.0601504
NODE_277881_length_867_cov_6.861979	118	251	25	16	133	0.1203008
NODE_277881_length_867_cov_6.861979	118	251	26	13	133	0.0977444
NODE_277881_length_867_cov_6.861979	118	251	27	34	133	0.2556391
NODE_277881_length_867_cov_6.861979	118	251	28	14	133	0.1052632
NODE_277927_length_867_cov_4.669271	649	782	17	2	133	0.0150376
NODE_277927_length_867_cov_4.669271	649	782	18	4	133	0.0300752
NODE_277927_length_867_cov_4.669271	649	782	22	1	133	0.0075188
NODE_277927_length_867_cov_4.669271	649	782	23	7	133	0.0526316
NODE_277927_length_867_cov_4.669271	649	782	24	6	133	0.0451128
NODE_277927_length_867_cov_4.669271	649	782	25	11	133	0.0827068
NODE_277927_length_867_cov_4.669271	649	782	28	15	133	0.1127820
NODE_277927_length_867_cov_4.669271	649	782	29	2	133	0.0150376
NODE_277927_length_867_cov_4.669271	649	782	30	14	133	0.1052632
NODE_277927_length_867_cov_4.669271	649	782	31	12	133	0.0902256
NODE_277927_length_867_cov_4.669271	649	782	32	19	133	0.1428571
NODE_277927_length_867_cov_4.669271	649	782	33	13	133	0.0977444
NODE_277927_length_867_cov_4.669271	649	782	34	12	133	0.0902256
NODE_277927_length_867_cov_4.669271	649	782	35	6	133	0.0451128
NODE_277927_length_867_cov_4.669271	649	782	36	9	133	0.0676692
NODE_278216_length_866_cov_4.276402	695	828	0	22	133	0.1654135
NODE_278216_length_866_cov_4.276402	695	828	1	5	133	0.0375940
NODE_278216_length_866_cov_4.276402	695	828	3	2	133	0.0150376
NODE_278216_length_866_cov_4.276402	695	828	4	1	133	0.0075188
NODE_278216_length_866_cov_4.276402	695	828	6	3	133	0.0225564
NODE_278216_length_866_cov_4.276402	695	828	7	43	133	0.3233083
NODE_278216_length_866_cov_4.276402	695	828	8	57	133	0.4285714
NODE_278340_length_866_cov_2.808344	733	866	0	41	133	0.3082707
NODE_278340_length_866_cov_2.808344	733	866	4	2	133	0.0150376
NODE_278340_length_866_cov_2.808344	733	866	7	57	133	0.4285714
NODE_278340_length_866_cov_2.808344	733	866	8	13	133	0.0977444
NODE_278340_length_866_cov_2.808344	733	866	9	17	133	0.1278196
NODE_278340_length_866_cov_2.808344	733	866	10	3	133	0.0225564
NODE_27834_length_4767_cov_4.444302	285	418	17	2	133	0.0150376
NODE_27834_length_4767_cov_4.444302	285	418	19	3	133	0.0225564
NODE_27834_length_4767_cov_4.444302	285	418	20	1	133	0.0075188
NODE_27834_length_4767_cov_4.444302	285	418	22	1	133	0.0075188
NODE_27834_length_4767_cov_4.444302	285	418	23	3	133	0.0225564
NODE_27834_length_4767_cov_4.444302	285	418	24	12	133	0.0902256
NODE_27834_length_4767_cov_4.444302	285	418	25	24	133	0.1804511
NODE_27834_length_4767_cov_4.444302	285	418	26	26	133	0.1954887
NODE_27834_length_4767_cov_4.444302	285	418	27	28	133	0.2105263
NODE_27834_length_4767_cov_4.444302	285	418	28	21	133	0.1578947
NODE_27834_length_4767_cov_4.444302	285	418	29	4	133	0.0300752
NODE_27834_length_4767_cov_4.444302	285	418	30	8	133	0.0601504
NODE_27838_length_4767_cov_4.001071	2685	2818	7	3	133	0.0225564
NODE_27838_length_4767_cov_4.001071	2685	2818	9	7	133	0.0526316
NODE_27838_length_4767_cov_4.001071	2685	2818	10	38	133	0.2857143
NODE_27838_length_4767_cov_4.001071	2685	2818	11	8	133	0.0601504
NODE_27838_length_4767_cov_4.001071	2685	2818	12	30	133	0.2255639
NODE_27838_length_4767_cov_4.001071	2685	2818	13	23	133	0.1729323
NODE_27838_length_4767_cov_4.001071	2685	2818	14	16	133	0.1203008
NODE_27838_length_4767_cov_4.001071	2685	2818	15	8	133	0.0601504
NODE_27841_length_4767_cov_3.794130	1314	1447	7	20	133	0.1503759
NODE_27841_length_4767_cov_3.794130	1314	1447	8	14	133	0.1052632
NODE_27841_length_4767_cov_3.794130	1314	1447	10	2	133	0.0150376
NODE_27841_length_4767_cov_3.794130	1314	1447	11	4	133	0.0300752
NODE_27841_length_4767_cov_3.794130	1314	1447	12	17	133	0.1278196
NODE_27841_length_4767_cov_3.794130	1314	1447	13	28	133	0.2105263
NODE_27841_length_4767_cov_3.794130	1314	1447	14	6	133	0.0451128
NODE_27841_length_4767_cov_3.794130	1314	1447	15	26	133	0.1954887
NODE_27841_length_4767_cov_3.794130	1314	1447	16	16	133	0.1203008
NODE_27845_length_4766_cov_4.945147	2567	2700	20	1	133	0.0075188
NODE_27845_length_4766_cov_4.945147	2567	2700	22	6	133	0.0451128
NODE_27845_length_4766_cov_4.945147	2567	2700	23	14	133	0.1052632
NODE_27845_length_4766_cov_4.945147	2567	2700	24	18	133	0.1353384
NODE_27845_length_4766_cov_4.945147	2567	2700	25	6	133	0.0451128
NODE_27845_length_4766_cov_4.945147	2567	2700	26	16	133	0.1203008
NODE_27845_length_4766_cov_4.945147	2567	2700	27	20	133	0.1503759
NODE_27845_length_4766_cov_4.945147	2567	2700	28	18	133	0.1353384
NODE_27845_length_4766_cov_4.945147	2567	2700	29	25	133	0.1879699
NODE_27845_length_4766_cov_4.945147	2567	2700	30	9	133	0.0676692
NODE_278573_length_865_cov_3.194517	158	291	10	7	133	0.0526316
NODE_278573_length_865_cov_3.194517	158	291	11	1	133	0.0075188
NODE_278573_length_865_cov_3.194517	158	291	12	32	133	0.2406015
NODE_278573_length_865_cov_3.194517	158	291	13	38	133	0.2857143
NODE_278573_length_865_cov_3.194517	158	291	14	28	133	0.2105263
NODE_278573_length_865_cov_3.194517	158	291	15	24	133	0.1804511
NODE_278573_length_865_cov_3.194517	158	291	16	3	133	0.0225564
NODE_27869_length_4764_cov_5.183065	1633	1766	0	13	133	0.0977444
NODE_27869_length_4764_cov_5.183065	1633	1766	1	22	133	0.1654135
NODE_27869_length_4764_cov_5.183065	1633	1766	2	82	133	0.6165413
NODE_27869_length_4764_cov_5.183065	1633	1766	4	16	133	0.1203008
NODE_27872_length_4764_cov_4.712326	3666	3799	4	29	133	0.2180451
NODE_27872_length_4764_cov_4.712326	3666	3799	5	11	133	0.0827068
NODE_27872_length_4764_cov_4.712326	3666	3799	6	8	133	0.0601504
NODE_27872_length_4764_cov_4.712326	3666	3799	7	2	133	0.0150376
NODE_27872_length_4764_cov_4.712326	3666	3799	9	6	133	0.0451128
NODE_27872_length_4764_cov_4.712326	3666	3799	10	17	133	0.1278196
NODE_27872_length_4764_cov_4.712326	3666	3799	11	31	133	0.2330827
NODE_27872_length_4764_cov_4.712326	3666	3799	12	29	133	0.2180451
NODE_278760_length_864_cov_4.181699	479	612	4	7	133	0.0526316
NODE_278760_length_864_cov_4.181699	479	612	5	20	133	0.1503759
NODE_278760_length_864_cov_4.181699	479	612	6	13	133	0.0977444
NODE_278760_length_864_cov_4.181699	479	612	7	69	133	0.5187970
NODE_278760_length_864_cov_4.181699	479	612	8	7	133	0.0526316
NODE_278760_length_864_cov_4.181699	479	612	9	9	133	0.0676692
NODE_278760_length_864_cov_4.181699	479	612	10	8	133	0.0601504
NODE_2788_length_11250_cov_4.610349	3536	3669	10	29	133	0.2180451
NODE_2788_length_11250_cov_4.610349	3536	3669	11	22	133	0.1654135
NODE_2788_length_11250_cov_4.610349	3536	3669	12	6	133	0.0451128
NODE_2788_length_11250_cov_4.610349	3536	3669	13	2	133	0.0150376
NODE_2788_length_11250_cov_4.610349	3536	3669	14	15	133	0.1127820
NODE_2788_length_11250_cov_4.610349	3536	3669	15	8	133	0.0601504
NODE_2788_length_11250_cov_4.610349	3536	3669	16	44	133	0.3308271
NODE_2788_length_11250_cov_4.610349	3536	3669	17	7	133	0.0526316
NODE_27904_length_4762_cov_3.606262	1019	1152	15	8	133	0.0601504
NODE_27904_length_4762_cov_3.606262	1019	1152	17	6	133	0.0451128
NODE_27904_length_4762_cov_3.606262	1019	1152	18	8	133	0.0601504
NODE_27904_length_4762_cov_3.606262	1019	1152	19	7	133	0.0526316
NODE_27904_length_4762_cov_3.606262	1019	1152	20	3	133	0.0225564
NODE_27904_length_4762_cov_3.606262	1019	1152	22	4	133	0.0300752
NODE_27904_length_4762_cov_3.606262	1019	1152	23	1	133	0.0075188
NODE_27904_length_4762_cov_3.606262	1019	1152	24	1	133	0.0075188
NODE_27904_length_4762_cov_3.606262	1019	1152	26	3	133	0.0225564
NODE_27904_length_4762_cov_3.606262	1019	1152	27	1	133	0.0075188
NODE_27904_length_4762_cov_3.606262	1019	1152	28	2	133	0.0150376
NODE_27904_length_4762_cov_3.606262	1019	1152	29	1	133	0.0075188
NODE_27904_length_4762_cov_3.606262	1019	1152	30	25	133	0.1879699
NODE_27904_length_4762_cov_3.606262	1019	1152	31	18	133	0.1353384
NODE_27904_length_4762_cov_3.606262	1019	1152	32	9	133	0.0676692
NODE_27904_length_4762_cov_3.606262	1019	1152	33	12	133	0.0902256
NODE_27904_length_4762_cov_3.606262	1019	1152	34	22	133	0.1654135
NODE_27904_length_4762_cov_3.606262	1019	1152	35	2	133	0.0150376
NODE_279151_length_863_cov_2.599476	134	267	2	15	133	0.1127820
NODE_279151_length_863_cov_2.599476	134	267	4	50	133	0.3759398
NODE_279151_length_863_cov_2.599476	134	267	5	38	133	0.2857143
NODE_279151_length_863_cov_2.599476	134	267	6	30	133	0.2255639
NODE_2793_length_11245_cov_3.942042	3309	3442	14	1	133	0.0075188
NODE_2793_length_11245_cov_3.942042	3309	3442	16	9	133	0.0676692
NODE_2793_length_11245_cov_3.942042	3309	3442	17	8	133	0.0601504
NODE_2793_length_11245_cov_3.942042	3309	3442	18	4	133	0.0300752
NODE_2793_length_11245_cov_3.942042	3309	3442	19	16	133	0.1203008
NODE_2793_length_11245_cov_3.942042	3309	3442	22	10	133	0.0751880
NODE_2793_length_11245_cov_3.942042	3309	3442	23	9	133	0.0676692
NODE_2793_length_11245_cov_3.942042	3309	3442	24	18	133	0.1353384
NODE_2793_length_11245_cov_3.942042	3309	3442	25	12	133	0.0902256
NODE_2793_length_11245_cov_3.942042	3309	3442	26	26	133	0.1954887
NODE_2793_length_11245_cov_3.942042	3309	3442	27	14	133	0.1052632
NODE_2793_length_11245_cov_3.942042	3309	3442	28	6	133	0.0451128
NODE_27942_length_4758_cov_4.773127	3482	3615	6	30	133	0.2255639
NODE_27942_length_4758_cov_4.773127	3482	3615	7	17	133	0.1278196
NODE_27942_length_4758_cov_4.773127	3482	3615	8	3	133	0.0225564
NODE_27942_length_4758_cov_4.773127	3482	3615	9	1	133	0.0075188
NODE_27942_length_4758_cov_4.773127	3482	3615	10	2	133	0.0150376
NODE_27942_length_4758_cov_4.773127	3482	3615	11	12	133	0.0902256
NODE_27942_length_4758_cov_4.773127	3482	3615	13	9	133	0.0676692
NODE_27942_length_4758_cov_4.773127	3482	3615	15	2	133	0.0150376
NODE_27942_length_4758_cov_4.773127	3482	3615	16	12	133	0.0902256
NODE_27942_length_4758_cov_4.773127	3482	3615	17	5	133	0.0375940
NODE_27942_length_4758_cov_4.773127	3482	3615	18	11	133	0.0827068
NODE_27942_length_4758_cov_4.773127	3482	3615	19	19	133	0.1428571
NODE_27942_length_4758_cov_4.773127	3482	3615	20	9	133	0.0676692
NODE_27942_length_4758_cov_4.773127	3482	3615	21	1	133	0.0075188
NODE_279526_length_861_cov_4.706037	580	713	0	28	133	0.2105263
NODE_279526_length_861_cov_4.706037	580	713	4	33	133	0.2481203
NODE_279526_length_861_cov_4.706037	580	713	5	72	133	0.5413534
NODE_27960_length_4756_cov_4.687567	850	983	26	4	133	0.0300752
NODE_27960_length_4756_cov_4.687567	850	983	27	2	133	0.0150376
NODE_27960_length_4756_cov_4.687567	850	983	28	1	133	0.0075188
NODE_27960_length_4756_cov_4.687567	850	983	29	14	133	0.1052632
NODE_27960_length_4756_cov_4.687567	850	983	30	1	133	0.0075188
NODE_27960_length_4756_cov_4.687567	850	983	31	4	133	0.0300752
NODE_27960_length_4756_cov_4.687567	850	983	32	2	133	0.0150376
NODE_27960_length_4756_cov_4.687567	850	983	33	1	133	0.0075188
NODE_27960_length_4756_cov_4.687567	850	983	36	10	133	0.0751880
NODE_27960_length_4756_cov_4.687567	850	983	37	5	133	0.0375940
NODE_27960_length_4756_cov_4.687567	850	983	38	6	133	0.0451128
NODE_27960_length_4756_cov_4.687567	850	983	39	4	133	0.0300752
NODE_27960_length_4756_cov_4.687567	850	983	40	16	133	0.1203008
NODE_27960_length_4756_cov_4.687567	850	983	41	22	133	0.1654135
NODE_27960_length_4756_cov_4.687567	850	983	42	15	133	0.1127820
NODE_27960_length_4756_cov_4.687567	850	983	43	18	133	0.1353384
NODE_27960_length_4756_cov_4.687567	850	983	44	8	133	0.0601504
NODE_27977_length_4754_cov_7.121375	526	659	0	133	133	1.0000000
NODE_279_length_20228_cov_5.405783	3757	3890	24	3	133	0.0225564
NODE_279_length_20228_cov_5.405783	3757	3890	26	5	133	0.0375940
NODE_279_length_20228_cov_5.405783	3757	3890	27	4	133	0.0300752
NODE_279_length_20228_cov_5.405783	3757	3890	28	14	133	0.1052632
NODE_279_length_20228_cov_5.405783	3757	3890	29	4	133	0.0300752
NODE_279_length_20228_cov_5.405783	3757	3890	31	5	133	0.0375940
NODE_279_length_20228_cov_5.405783	3757	3890	32	3	133	0.0225564
NODE_279_length_20228_cov_5.405783	3757	3890	33	4	133	0.0300752
NODE_279_length_20228_cov_5.405783	3757	3890	34	3	133	0.0225564
NODE_279_length_20228_cov_5.405783	3757	3890	35	7	133	0.0526316
NODE_279_length_20228_cov_5.405783	3757	3890	36	2	133	0.0150376
NODE_279_length_20228_cov_5.405783	3757	3890	37	20	133	0.1503759
NODE_279_length_20228_cov_5.405783	3757	3890	38	24	133	0.1804511
NODE_279_length_20228_cov_5.405783	3757	3890	39	30	133	0.2255639
NODE_279_length_20228_cov_5.405783	3757	3890	40	5	133	0.0375940
NODE_28000_length_4753_cov_4.521057	2122	2255	8	9	133	0.0676692
NODE_28000_length_4753_cov_4.521057	2122	2255	9	34	133	0.2556391
NODE_28000_length_4753_cov_4.521057	2122	2255	10	85	133	0.6390978
NODE_28000_length_4753_cov_4.521057	2122	2255	11	5	133	0.0375940
NODE_28035_length_4750_cov_4.322511	126	259	0	15	133	0.1127820
NODE_28035_length_4750_cov_4.322511	126	259	1	71	133	0.5338346
NODE_28035_length_4750_cov_4.322511	126	259	2	47	133	0.3533835
NODE_28052_length_4749_cov_10.996129	2776	2909	17	5	133	0.0375940
NODE_28052_length_4749_cov_10.996129	2776	2909	18	2	133	0.0150376
NODE_28052_length_4749_cov_10.996129	2776	2909	20	6	133	0.0451128
NODE_28052_length_4749_cov_10.996129	2776	2909	21	10	133	0.0751880
NODE_28052_length_4749_cov_10.996129	2776	2909	22	8	133	0.0601504
NODE_28052_length_4749_cov_10.996129	2776	2909	23	3	133	0.0225564
NODE_28052_length_4749_cov_10.996129	2776	2909	24	10	133	0.0751880
NODE_28052_length_4749_cov_10.996129	2776	2909	25	20	133	0.1503759
NODE_28052_length_4749_cov_10.996129	2776	2909	26	9	133	0.0676692
NODE_28052_length_4749_cov_10.996129	2776	2909	27	2	133	0.0150376
NODE_28052_length_4749_cov_10.996129	2776	2909	28	5	133	0.0375940
NODE_28052_length_4749_cov_10.996129	2776	2909	29	3	133	0.0225564
NODE_28052_length_4749_cov_10.996129	2776	2909	30	1	133	0.0075188
NODE_28052_length_4749_cov_10.996129	2776	2909	31	30	133	0.2255639
NODE_28052_length_4749_cov_10.996129	2776	2909	32	1	133	0.0075188
NODE_28052_length_4749_cov_10.996129	2776	2909	33	10	133	0.0751880
NODE_28052_length_4749_cov_10.996129	2776	2909	34	7	133	0.0526316
NODE_28052_length_4749_cov_10.996129	2776	2909	35	1	133	0.0075188
NODE_2805_length_11235_cov_4.695223	6401	6534	7	1	133	0.0075188
NODE_2805_length_11235_cov_4.695223	6401	6534	9	4	133	0.0300752
NODE_2805_length_11235_cov_4.695223	6401	6534	10	4	133	0.0300752
NODE_2805_length_11235_cov_4.695223	6401	6534	11	7	133	0.0526316
NODE_2805_length_11235_cov_4.695223	6401	6534	12	3	133	0.0225564
NODE_2805_length_11235_cov_4.695223	6401	6534	13	3	133	0.0225564
NODE_2805_length_11235_cov_4.695223	6401	6534	16	6	133	0.0451128
NODE_2805_length_11235_cov_4.695223	6401	6534	17	12	133	0.0902256
NODE_2805_length_11235_cov_4.695223	6401	6534	18	8	133	0.0601504
NODE_2805_length_11235_cov_4.695223	6401	6534	19	2	133	0.0150376
NODE_2805_length_11235_cov_4.695223	6401	6534	20	9	133	0.0676692
NODE_2805_length_11235_cov_4.695223	6401	6534	21	20	133	0.1503759
NODE_2805_length_11235_cov_4.695223	6401	6534	22	27	133	0.2030075
NODE_2805_length_11235_cov_4.695223	6401	6534	23	26	133	0.1954887
NODE_2805_length_11235_cov_4.695223	6401	6534	24	1	133	0.0075188
NODE_28073_length_4748_cov_3.416434	1874	2007	6	4	133	0.0300752
NODE_28073_length_4748_cov_3.416434	1874	2007	7	14	133	0.1052632
NODE_28073_length_4748_cov_3.416434	1874	2007	8	17	133	0.1278196
NODE_28073_length_4748_cov_3.416434	1874	2007	9	5	133	0.0375940
NODE_28073_length_4748_cov_3.416434	1874	2007	10	13	133	0.0977444
NODE_28073_length_4748_cov_3.416434	1874	2007	11	11	133	0.0827068
NODE_28073_length_4748_cov_3.416434	1874	2007	12	51	133	0.3834586
NODE_28073_length_4748_cov_3.416434	1874	2007	13	18	133	0.1353384
NODE_281177_length_855_cov_4.261905	650	783	7	12	133	0.0902256
NODE_281177_length_855_cov_4.261905	650	783	9	11	133	0.0827068
NODE_281177_length_855_cov_4.261905	650	783	10	26	133	0.1954887
NODE_281177_length_855_cov_4.261905	650	783	11	35	133	0.2631579
NODE_281177_length_855_cov_4.261905	650	783	12	44	133	0.3308271
NODE_281177_length_855_cov_4.261905	650	783	13	5	133	0.0375940
NODE_28119_length_4744_cov_4.086545	1870	2003	6	4	133	0.0300752
NODE_28119_length_4744_cov_4.086545	1870	2003	7	7	133	0.0526316
NODE_28119_length_4744_cov_4.086545	1870	2003	8	19	133	0.1428571
NODE_28119_length_4744_cov_4.086545	1870	2003	9	1	133	0.0075188
NODE_28119_length_4744_cov_4.086545	1870	2003	10	30	133	0.2255639
NODE_28119_length_4744_cov_4.086545	1870	2003	11	14	133	0.1052632
NODE_28119_length_4744_cov_4.086545	1870	2003	12	26	133	0.1954887
NODE_28119_length_4744_cov_4.086545	1870	2003	13	23	133	0.1729323
NODE_28119_length_4744_cov_4.086545	1870	2003	14	9	133	0.0676692
NODE_2812_length_11231_cov_4.305066	1435	1568	6	28	133	0.2105263
NODE_2812_length_11231_cov_4.305066	1435	1568	7	27	133	0.2030075
NODE_2812_length_11231_cov_4.305066	1435	1568	8	21	133	0.1578947
NODE_2812_length_11231_cov_4.305066	1435	1568	9	57	133	0.4285714
NODE_28132_length_4743_cov_4.003445	1988	2121	15	1	133	0.0075188
NODE_28132_length_4743_cov_4.003445	1988	2121	16	2	133	0.0150376
NODE_28132_length_4743_cov_4.003445	1988	2121	17	8	133	0.0601504
NODE_28132_length_4743_cov_4.003445	1988	2121	18	10	133	0.0751880
NODE_28132_length_4743_cov_4.003445	1988	2121	19	3	133	0.0225564
NODE_28132_length_4743_cov_4.003445	1988	2121	20	22	133	0.1654135
NODE_28132_length_4743_cov_4.003445	1988	2121	21	38	133	0.2857143
NODE_28132_length_4743_cov_4.003445	1988	2121	22	2	133	0.0150376
NODE_28132_length_4743_cov_4.003445	1988	2121	23	41	133	0.3082707
NODE_28132_length_4743_cov_4.003445	1988	2121	24	6	133	0.0451128
NODE_28157_length_4740_cov_5.919629	2321	2454	13	5	133	0.0375940
NODE_28157_length_4740_cov_5.919629	2321	2454	14	4	133	0.0300752
NODE_28157_length_4740_cov_5.919629	2321	2454	15	63	133	0.4736842
NODE_28157_length_4740_cov_5.919629	2321	2454	16	48	133	0.3609022
NODE_28157_length_4740_cov_5.919629	2321	2454	17	13	133	0.0977444
NODE_281689_length_853_cov_6.627321	231	364	10	1	133	0.0075188
NODE_281689_length_853_cov_6.627321	231	364	11	2	133	0.0150376
NODE_281689_length_853_cov_6.627321	231	364	12	6	133	0.0451128
NODE_281689_length_853_cov_6.627321	231	364	13	9	133	0.0676692
NODE_281689_length_853_cov_6.627321	231	364	15	6	133	0.0451128
NODE_281689_length_853_cov_6.627321	231	364	17	5	133	0.0375940
NODE_281689_length_853_cov_6.627321	231	364	18	12	133	0.0902256
NODE_281689_length_853_cov_6.627321	231	364	19	6	133	0.0451128
NODE_281689_length_853_cov_6.627321	231	364	20	28	133	0.2105263
NODE_281689_length_853_cov_6.627321	231	364	21	6	133	0.0451128
NODE_281689_length_853_cov_6.627321	231	364	22	44	133	0.3308271
NODE_281689_length_853_cov_6.627321	231	364	23	8	133	0.0601504
NODE_281714_length_853_cov_4.802387	275	408	5	14	133	0.1052632
NODE_281714_length_853_cov_4.802387	275	408	6	19	133	0.1428571
NODE_281714_length_853_cov_4.802387	275	408	7	9	133	0.0676692
NODE_281714_length_853_cov_4.802387	275	408	8	19	133	0.1428571
NODE_281714_length_853_cov_4.802387	275	408	9	4	133	0.0300752
NODE_281714_length_853_cov_4.802387	275	408	10	67	133	0.5037594
NODE_281714_length_853_cov_4.802387	275	408	11	1	133	0.0075188
NODE_2818_length_11228_cov_5.393117	2591	2724	2	19	133	0.1428571
NODE_2818_length_11228_cov_5.393117	2591	2724	3	2	133	0.0150376
NODE_2818_length_11228_cov_5.393117	2591	2724	4	4	133	0.0300752
NODE_2818_length_11228_cov_5.393117	2591	2724	5	91	133	0.6842105
NODE_2818_length_11228_cov_5.393117	2591	2724	6	17	133	0.1278196
NODE_281982_length_852_cov_4.739708	619	752	10	14	133	0.1052632
NODE_281982_length_852_cov_4.739708	619	752	11	16	133	0.1203008
NODE_281982_length_852_cov_4.739708	619	752	12	9	133	0.0676692
NODE_281982_length_852_cov_4.739708	619	752	13	6	133	0.0451128
NODE_281982_length_852_cov_4.739708	619	752	15	6	133	0.0451128
NODE_281982_length_852_cov_4.739708	619	752	17	18	133	0.1353384
NODE_281982_length_852_cov_4.739708	619	752	18	21	133	0.1578947
NODE_281982_length_852_cov_4.739708	619	752	19	13	133	0.0977444
NODE_281982_length_852_cov_4.739708	619	752	20	27	133	0.2030075
NODE_281982_length_852_cov_4.739708	619	752	22	3	133	0.0225564
NODE_281_length_20186_cov_4.270374	4566	4699	1	8	133	0.0601504
NODE_281_length_20186_cov_4.270374	4566	4699	2	32	133	0.2406015
NODE_281_length_20186_cov_4.270374	4566	4699	3	13	133	0.0977444
NODE_281_length_20186_cov_4.270374	4566	4699	4	14	133	0.1052632
NODE_281_length_20186_cov_4.270374	4566	4699	5	55	133	0.4135338
NODE_281_length_20186_cov_4.270374	4566	4699	6	11	133	0.0827068
NODE_28201_length_4737_cov_3.901682	3674	3807	13	10	133	0.0751880
NODE_28201_length_4737_cov_3.901682	3674	3807	14	6	133	0.0451128
NODE_28201_length_4737_cov_3.901682	3674	3807	15	1	133	0.0075188
NODE_28201_length_4737_cov_3.901682	3674	3807	16	6	133	0.0451128
NODE_28201_length_4737_cov_3.901682	3674	3807	17	1	133	0.0075188
NODE_28201_length_4737_cov_3.901682	3674	3807	19	15	133	0.1127820
NODE_28201_length_4737_cov_3.901682	3674	3807	23	2	133	0.0150376
NODE_28201_length_4737_cov_3.901682	3674	3807	25	6	133	0.0451128
NODE_28201_length_4737_cov_3.901682	3674	3807	26	5	133	0.0375940
NODE_28201_length_4737_cov_3.901682	3674	3807	27	18	133	0.1353384
NODE_28201_length_4737_cov_3.901682	3674	3807	28	35	133	0.2631579
NODE_28201_length_4737_cov_3.901682	3674	3807	29	12	133	0.0902256
NODE_28201_length_4737_cov_3.901682	3674	3807	30	16	133	0.1203008
NODE_282040_length_852_cov_3.569721	564	697	15	1	133	0.0075188
NODE_282040_length_852_cov_3.569721	564	697	17	12	133	0.0902256
NODE_282040_length_852_cov_3.569721	564	697	18	6	133	0.0451128
NODE_282040_length_852_cov_3.569721	564	697	20	3	133	0.0225564
NODE_282040_length_852_cov_3.569721	564	697	21	13	133	0.0977444
NODE_282040_length_852_cov_3.569721	564	697	22	4	133	0.0300752
NODE_282040_length_852_cov_3.569721	564	697	23	1	133	0.0075188
NODE_282040_length_852_cov_3.569721	564	697	24	3	133	0.0225564
NODE_282040_length_852_cov_3.569721	564	697	25	11	133	0.0827068
NODE_282040_length_852_cov_3.569721	564	697	26	8	133	0.0601504
NODE_282040_length_852_cov_3.569721	564	697	27	10	133	0.0751880
NODE_282040_length_852_cov_3.569721	564	697	28	3	133	0.0225564
NODE_282040_length_852_cov_3.569721	564	697	29	1	133	0.0075188
NODE_282040_length_852_cov_3.569721	564	697	30	2	133	0.0150376
NODE_282040_length_852_cov_3.569721	564	697	32	25	133	0.1879699
NODE_282040_length_852_cov_3.569721	564	697	33	9	133	0.0676692
NODE_282040_length_852_cov_3.569721	564	697	34	21	133	0.1578947
NODE_282160_length_852_cov_2.330677	201	334	11	1	133	0.0075188
NODE_282160_length_852_cov_2.330677	201	334	15	1	133	0.0075188
NODE_282160_length_852_cov_2.330677	201	334	16	9	133	0.0676692
NODE_282160_length_852_cov_2.330677	201	334	19	1	133	0.0075188
NODE_282160_length_852_cov_2.330677	201	334	20	3	133	0.0225564
NODE_282160_length_852_cov_2.330677	201	334	23	4	133	0.0300752
NODE_282160_length_852_cov_2.330677	201	334	25	3	133	0.0225564
NODE_282160_length_852_cov_2.330677	201	334	27	7	133	0.0526316
NODE_282160_length_852_cov_2.330677	201	334	28	6	133	0.0451128
NODE_282160_length_852_cov_2.330677	201	334	29	7	133	0.0526316
NODE_282160_length_852_cov_2.330677	201	334	30	30	133	0.2255639
NODE_282160_length_852_cov_2.330677	201	334	31	23	133	0.1729323
NODE_282160_length_852_cov_2.330677	201	334	32	21	133	0.1578947
NODE_282160_length_852_cov_2.330677	201	334	33	17	133	0.1278196
NODE_282277_length_851_cov_3.773936	425	558	14	1	133	0.0075188
NODE_282277_length_851_cov_3.773936	425	558	15	3	133	0.0225564
NODE_282277_length_851_cov_3.773936	425	558	17	4	133	0.0300752
NODE_282277_length_851_cov_3.773936	425	558	19	3	133	0.0225564
NODE_282277_length_851_cov_3.773936	425	558	20	3	133	0.0225564
NODE_282277_length_851_cov_3.773936	425	558	22	1	133	0.0075188
NODE_282277_length_851_cov_3.773936	425	558	23	5	133	0.0375940
NODE_282277_length_851_cov_3.773936	425	558	25	2	133	0.0150376
NODE_282277_length_851_cov_3.773936	425	558	26	12	133	0.0902256
NODE_282277_length_851_cov_3.773936	425	558	27	4	133	0.0300752
NODE_282277_length_851_cov_3.773936	425	558	30	14	133	0.1052632
NODE_282277_length_851_cov_3.773936	425	558	31	17	133	0.1278196
NODE_282277_length_851_cov_3.773936	425	558	32	1	133	0.0075188
NODE_282277_length_851_cov_3.773936	425	558	35	6	133	0.0451128
NODE_282277_length_851_cov_3.773936	425	558	36	12	133	0.0902256
NODE_282277_length_851_cov_3.773936	425	558	37	17	133	0.1278196
NODE_282277_length_851_cov_3.773936	425	558	38	24	133	0.1804511
NODE_282277_length_851_cov_3.773936	425	558	39	4	133	0.0300752
NODE_28227_length_4735_cov_4.149051	4127	4260	27	3	133	0.0225564
NODE_28227_length_4735_cov_4.149051	4127	4260	28	4	133	0.0300752
NODE_28227_length_4735_cov_4.149051	4127	4260	33	2	133	0.0150376
NODE_28227_length_4735_cov_4.149051	4127	4260	35	1	133	0.0075188
NODE_28227_length_4735_cov_4.149051	4127	4260	36	1	133	0.0075188
NODE_28227_length_4735_cov_4.149051	4127	4260	37	4	133	0.0300752
NODE_28227_length_4735_cov_4.149051	4127	4260	38	11	133	0.0827068
NODE_28227_length_4735_cov_4.149051	4127	4260	39	10	133	0.0751880
NODE_28227_length_4735_cov_4.149051	4127	4260	40	5	133	0.0375940
NODE_28227_length_4735_cov_4.149051	4127	4260	41	12	133	0.0902256
NODE_28227_length_4735_cov_4.149051	4127	4260	42	3	133	0.0225564
NODE_28227_length_4735_cov_4.149051	4127	4260	43	2	133	0.0150376
NODE_28227_length_4735_cov_4.149051	4127	4260	44	3	133	0.0225564
NODE_28227_length_4735_cov_4.149051	4127	4260	45	4	133	0.0300752
NODE_28227_length_4735_cov_4.149051	4127	4260	46	7	133	0.0526316
NODE_28227_length_4735_cov_4.149051	4127	4260	47	6	133	0.0451128
NODE_28227_length_4735_cov_4.149051	4127	4260	48	11	133	0.0827068
NODE_28227_length_4735_cov_4.149051	4127	4260	49	19	133	0.1428571
NODE_28227_length_4735_cov_4.149051	4127	4260	50	7	133	0.0526316
NODE_28227_length_4735_cov_4.149051	4127	4260	51	10	133	0.0751880
NODE_28227_length_4735_cov_4.149051	4127	4260	52	8	133	0.0601504
NODE_28229_length_4735_cov_4.122735	3171	3304	12	5	133	0.0375940
NODE_28229_length_4735_cov_4.122735	3171	3304	14	4	133	0.0300752
NODE_28229_length_4735_cov_4.122735	3171	3304	15	8	133	0.0601504
NODE_28229_length_4735_cov_4.122735	3171	3304	18	14	133	0.1052632
NODE_28229_length_4735_cov_4.122735	3171	3304	19	13	133	0.0977444
NODE_28229_length_4735_cov_4.122735	3171	3304	20	14	133	0.1052632
NODE_28229_length_4735_cov_4.122735	3171	3304	21	34	133	0.2556391
NODE_28229_length_4735_cov_4.122735	3171	3304	22	39	133	0.2932331
NODE_28229_length_4735_cov_4.122735	3171	3304	23	2	133	0.0150376
NODE_282463_length_850_cov_5.600533	412	545	6	2	133	0.0150376
NODE_282463_length_850_cov_5.600533	412	545	8	17	133	0.1278196
NODE_282463_length_850_cov_5.600533	412	545	9	21	133	0.1578947
NODE_282463_length_850_cov_5.600533	412	545	10	10	133	0.0751880
NODE_282463_length_850_cov_5.600533	412	545	12	7	133	0.0526316
NODE_282463_length_850_cov_5.600533	412	545	13	36	133	0.2706767
NODE_282463_length_850_cov_5.600533	412	545	14	16	133	0.1203008
NODE_282463_length_850_cov_5.600533	412	545	15	24	133	0.1804511
NODE_28250_length_4733_cov_4.269530	1265	1398	17	5	133	0.0375940
NODE_28250_length_4733_cov_4.269530	1265	1398	19	4	133	0.0300752
NODE_28250_length_4733_cov_4.269530	1265	1398	20	9	133	0.0676692
NODE_28250_length_4733_cov_4.269530	1265	1398	21	19	133	0.1428571
NODE_28250_length_4733_cov_4.269530	1265	1398	22	22	133	0.1654135
NODE_28250_length_4733_cov_4.269530	1265	1398	23	12	133	0.0902256
NODE_28250_length_4733_cov_4.269530	1265	1398	24	22	133	0.1654135
NODE_28250_length_4733_cov_4.269530	1265	1398	25	9	133	0.0676692
NODE_28250_length_4733_cov_4.269530	1265	1398	26	12	133	0.0902256
NODE_28250_length_4733_cov_4.269530	1265	1398	28	19	133	0.1428571
NODE_2828_length_11209_cov_3.756526	9828	9961	8	6	133	0.0451128
NODE_2828_length_11209_cov_3.756526	9828	9961	9	26	133	0.1954887
NODE_2828_length_11209_cov_3.756526	9828	9961	11	7	133	0.0526316
NODE_2828_length_11209_cov_3.756526	9828	9961	13	34	133	0.2556391
NODE_2828_length_11209_cov_3.756526	9828	9961	14	33	133	0.2481203
NODE_2828_length_11209_cov_3.756526	9828	9961	15	27	133	0.2030075
NODE_282956_length_848_cov_265.160214	259	392	56	2	133	0.0150376
NODE_282956_length_848_cov_265.160214	259	392	57	3	133	0.0225564
NODE_282956_length_848_cov_265.160214	259	392	58	6	133	0.0451128
NODE_282956_length_848_cov_265.160214	259	392	59	5	133	0.0375940
NODE_282956_length_848_cov_265.160214	259	392	61	6	133	0.0451128
NODE_282956_length_848_cov_265.160214	259	392	65	1	133	0.0075188
NODE_282956_length_848_cov_265.160214	259	392	66	1	133	0.0075188
NODE_282956_length_848_cov_265.160214	259	392	67	7	133	0.0526316
NODE_282956_length_848_cov_265.160214	259	392	68	2	133	0.0150376
NODE_282956_length_848_cov_265.160214	259	392	69	4	133	0.0300752
NODE_282956_length_848_cov_265.160214	259	392	70	8	133	0.0601504
NODE_282956_length_848_cov_265.160214	259	392	71	7	133	0.0526316
NODE_282956_length_848_cov_265.160214	259	392	72	2	133	0.0150376
NODE_282956_length_848_cov_265.160214	259	392	73	3	133	0.0225564
NODE_282956_length_848_cov_265.160214	259	392	74	2	133	0.0150376
NODE_282956_length_848_cov_265.160214	259	392	75	7	133	0.0526316
NODE_282956_length_848_cov_265.160214	259	392	76	3	133	0.0225564
NODE_282956_length_848_cov_265.160214	259	392	77	11	133	0.0827068
NODE_282956_length_848_cov_265.160214	259	392	78	4	133	0.0300752
NODE_282956_length_848_cov_265.160214	259	392	79	11	133	0.0827068
NODE_282956_length_848_cov_265.160214	259	392	80	2	133	0.0150376
NODE_282956_length_848_cov_265.160214	259	392	81	6	133	0.0451128
NODE_282956_length_848_cov_265.160214	259	392	82	5	133	0.0375940
NODE_282956_length_848_cov_265.160214	259	392	83	3	133	0.0225564
NODE_282956_length_848_cov_265.160214	259	392	84	1	133	0.0075188
NODE_282956_length_848_cov_265.160214	259	392	85	1	133	0.0075188
NODE_282956_length_848_cov_265.160214	259	392	86	17	133	0.1278196
NODE_282956_length_848_cov_265.160214	259	392	87	1	133	0.0075188
NODE_282956_length_848_cov_265.160214	259	392	88	1	133	0.0075188
NODE_282956_length_848_cov_265.160214	259	392	89	1	133	0.0075188
NODE_28297_length_4729_cov_3.795032	4221	4354	10	13	133	0.0977444
NODE_28297_length_4729_cov_3.795032	4221	4354	11	6	133	0.0451128
NODE_28297_length_4729_cov_3.795032	4221	4354	12	7	133	0.0526316
NODE_28297_length_4729_cov_3.795032	4221	4354	13	38	133	0.2857143
NODE_28297_length_4729_cov_3.795032	4221	4354	14	57	133	0.4285714
NODE_28297_length_4729_cov_3.795032	4221	4354	15	12	133	0.0902256
NODE_282988_length_848_cov_4.448598	327	460	17	1	133	0.0075188
NODE_282988_length_848_cov_4.448598	327	460	18	16	133	0.1203008
NODE_282988_length_848_cov_4.448598	327	460	19	3	133	0.0225564
NODE_282988_length_848_cov_4.448598	327	460	22	1	133	0.0075188
NODE_282988_length_848_cov_4.448598	327	460	24	8	133	0.0601504
NODE_282988_length_848_cov_4.448598	327	460	26	8	133	0.0601504
NODE_282988_length_848_cov_4.448598	327	460	28	6	133	0.0451128
NODE_282988_length_848_cov_4.448598	327	460	29	8	133	0.0601504
NODE_282988_length_848_cov_4.448598	327	460	30	21	133	0.1578947
NODE_282988_length_848_cov_4.448598	327	460	31	3	133	0.0225564
NODE_282988_length_848_cov_4.448598	327	460	32	1	133	0.0075188
NODE_282988_length_848_cov_4.448598	327	460	33	4	133	0.0300752
NODE_282988_length_848_cov_4.448598	327	460	34	10	133	0.0751880
NODE_282988_length_848_cov_4.448598	327	460	35	9	133	0.0676692
NODE_282988_length_848_cov_4.448598	327	460	36	13	133	0.0977444
NODE_282988_length_848_cov_4.448598	327	460	37	7	133	0.0526316
NODE_282988_length_848_cov_4.448598	327	460	38	14	133	0.1052632
NODE_28306_length_4728_cov_3.987902	3602	3735	1	13	133	0.0977444
NODE_28306_length_4728_cov_3.987902	3602	3735	2	1	133	0.0075188
NODE_28306_length_4728_cov_3.987902	3602	3735	4	2	133	0.0150376
NODE_28306_length_4728_cov_3.987902	3602	3735	5	2	133	0.0150376
NODE_28306_length_4728_cov_3.987902	3602	3735	11	20	133	0.1503759
NODE_28306_length_4728_cov_3.987902	3602	3735	12	21	133	0.1578947
NODE_28306_length_4728_cov_3.987902	3602	3735	13	21	133	0.1578947
NODE_28306_length_4728_cov_3.987902	3602	3735	14	3	133	0.0225564
NODE_28306_length_4728_cov_3.987902	3602	3735	15	13	133	0.0977444
NODE_28306_length_4728_cov_3.987902	3602	3735	16	37	133	0.2781955
NODE_283123_length_848_cov_2.225634	406	539	8	8	133	0.0601504
NODE_283123_length_848_cov_2.225634	406	539	10	15	133	0.1127820
NODE_283123_length_848_cov_2.225634	406	539	12	2	133	0.0150376
NODE_283123_length_848_cov_2.225634	406	539	15	3	133	0.0225564
NODE_283123_length_848_cov_2.225634	406	539	16	5	133	0.0375940
NODE_283123_length_848_cov_2.225634	406	539	17	6	133	0.0451128
NODE_283123_length_848_cov_2.225634	406	539	18	9	133	0.0676692
NODE_283123_length_848_cov_2.225634	406	539	20	3	133	0.0225564
NODE_283123_length_848_cov_2.225634	406	539	21	26	133	0.1954887
NODE_283123_length_848_cov_2.225634	406	539	22	27	133	0.2030075
NODE_283123_length_848_cov_2.225634	406	539	23	29	133	0.2180451
NODE_283823_length_844_cov_3.520805	509	642	1	28	133	0.2105263
NODE_283823_length_844_cov_3.520805	509	642	3	7	133	0.0526316
NODE_283823_length_844_cov_3.520805	509	642	4	25	133	0.1879699
NODE_283823_length_844_cov_3.520805	509	642	5	46	133	0.3458647
NODE_283823_length_844_cov_3.520805	509	642	6	27	133	0.2030075
NODE_28386_length_4722_cov_2.977287	3386	3519	5	2	133	0.0150376
NODE_28386_length_4722_cov_2.977287	3386	3519	6	3	133	0.0225564
NODE_28386_length_4722_cov_2.977287	3386	3519	7	23	133	0.1729323
NODE_28386_length_4722_cov_2.977287	3386	3519	8	17	133	0.1278196
NODE_28386_length_4722_cov_2.977287	3386	3519	9	45	133	0.3383459
NODE_28386_length_4722_cov_2.977287	3386	3519	10	43	133	0.3233083
NODE_28395_length_4720_cov_7.409652	1843	1976	0	133	133	1.0000000
NODE_284047_length_843_cov_2.975806	386	519	23	10	133	0.0751880
NODE_284047_length_843_cov_2.975806	386	519	24	3	133	0.0225564
NODE_284047_length_843_cov_2.975806	386	519	25	2	133	0.0150376
NODE_284047_length_843_cov_2.975806	386	519	26	19	133	0.1428571
NODE_284047_length_843_cov_2.975806	386	519	27	7	133	0.0526316
NODE_284047_length_843_cov_2.975806	386	519	28	12	133	0.0902256
NODE_284047_length_843_cov_2.975806	386	519	29	10	133	0.0751880
NODE_284047_length_843_cov_2.975806	386	519	30	7	133	0.0526316
NODE_284047_length_843_cov_2.975806	386	519	31	8	133	0.0601504
NODE_284047_length_843_cov_2.975806	386	519	32	3	133	0.0225564
NODE_284047_length_843_cov_2.975806	386	519	34	16	133	0.1203008
NODE_284047_length_843_cov_2.975806	386	519	35	33	133	0.2481203
NODE_284047_length_843_cov_2.975806	386	519	36	3	133	0.0225564
NODE_28404_length_4720_cov_4.191950	3835	3968	5	25	133	0.1879699
NODE_28404_length_4720_cov_4.191950	3835	3968	6	24	133	0.1804511
NODE_28404_length_4720_cov_4.191950	3835	3968	7	40	133	0.3007519
NODE_28404_length_4720_cov_4.191950	3835	3968	8	42	133	0.3157895
NODE_28404_length_4720_cov_4.191950	3835	3968	9	2	133	0.0150376
NODE_284144_length_842_cov_4.702557	131	264	8	2	133	0.0150376
NODE_284144_length_842_cov_4.702557	131	264	9	12	133	0.0902256
NODE_284144_length_842_cov_4.702557	131	264	10	27	133	0.2030075
NODE_284144_length_842_cov_4.702557	131	264	11	31	133	0.2330827
NODE_284144_length_842_cov_4.702557	131	264	12	21	133	0.1578947
NODE_284144_length_842_cov_4.702557	131	264	13	39	133	0.2932331
NODE_284144_length_842_cov_4.702557	131	264	14	1	133	0.0075188
NODE_28415_length_4719_cov_3.381169	1253	1386	7	3	133	0.0225564
NODE_28415_length_4719_cov_3.381169	1253	1386	11	7	133	0.0526316
NODE_28415_length_4719_cov_3.381169	1253	1386	12	1	133	0.0075188
NODE_28415_length_4719_cov_3.381169	1253	1386	14	1	133	0.0075188
NODE_28415_length_4719_cov_3.381169	1253	1386	16	2	133	0.0150376
NODE_28415_length_4719_cov_3.381169	1253	1386	17	4	133	0.0300752
NODE_28415_length_4719_cov_3.381169	1253	1386	18	7	133	0.0526316
NODE_28415_length_4719_cov_3.381169	1253	1386	19	7	133	0.0526316
NODE_28415_length_4719_cov_3.381169	1253	1386	21	12	133	0.0902256
NODE_28415_length_4719_cov_3.381169	1253	1386	22	1	133	0.0075188
NODE_28415_length_4719_cov_3.381169	1253	1386	24	4	133	0.0300752
NODE_28415_length_4719_cov_3.381169	1253	1386	25	7	133	0.0526316
NODE_28415_length_4719_cov_3.381169	1253	1386	26	19	133	0.1428571
NODE_28415_length_4719_cov_3.381169	1253	1386	27	46	133	0.3458647
NODE_28415_length_4719_cov_3.381169	1253	1386	28	10	133	0.0751880
NODE_28415_length_4719_cov_3.381169	1253	1386	29	2	133	0.0150376
NODE_28416_length_4719_cov_3.111905	2536	2669	0	133	133	1.0000000
NODE_284183_length_842_cov_3.744280	127	260	6	24	133	0.1804511
NODE_284183_length_842_cov_3.744280	127	260	7	16	133	0.1203008
NODE_284183_length_842_cov_3.744280	127	260	8	43	133	0.3233083
NODE_284183_length_842_cov_3.744280	127	260	9	6	133	0.0451128
NODE_284183_length_842_cov_3.744280	127	260	10	2	133	0.0150376
NODE_284183_length_842_cov_3.744280	127	260	11	1	133	0.0075188
NODE_284183_length_842_cov_3.744280	127	260	12	22	133	0.1654135
NODE_284183_length_842_cov_3.744280	127	260	13	19	133	0.1428571
NODE_28448_length_4715_cov_3.946490	769	902	12	2	133	0.0150376
NODE_28448_length_4715_cov_3.946490	769	902	13	2	133	0.0150376
NODE_28448_length_4715_cov_3.946490	769	902	15	12	133	0.0902256
NODE_28448_length_4715_cov_3.946490	769	902	16	16	133	0.1203008
NODE_28448_length_4715_cov_3.946490	769	902	17	16	133	0.1203008
NODE_28448_length_4715_cov_3.946490	769	902	18	25	133	0.1879699
NODE_28448_length_4715_cov_3.946490	769	902	19	22	133	0.1654135
NODE_28448_length_4715_cov_3.946490	769	902	20	19	133	0.1428571
NODE_28448_length_4715_cov_3.946490	769	902	21	19	133	0.1428571
NODE_28483_length_4712_cov_4.020377	3445	3578	1	54	133	0.4060150
NODE_28483_length_4712_cov_4.020377	3445	3578	2	3	133	0.0225564
NODE_28483_length_4712_cov_4.020377	3445	3578	3	1	133	0.0075188
NODE_28483_length_4712_cov_4.020377	3445	3578	4	9	133	0.0676692
NODE_28483_length_4712_cov_4.020377	3445	3578	6	4	133	0.0300752
NODE_28483_length_4712_cov_4.020377	3445	3578	7	62	133	0.4661654
NODE_28514_length_4709_cov_4.140998	1837	1970	16	4	133	0.0300752
NODE_28514_length_4709_cov_4.140998	1837	1970	18	8	133	0.0601504
NODE_28514_length_4709_cov_4.140998	1837	1970	19	4	133	0.0300752
NODE_28514_length_4709_cov_4.140998	1837	1970	21	8	133	0.0601504
NODE_28514_length_4709_cov_4.140998	1837	1970	22	3	133	0.0225564
NODE_28514_length_4709_cov_4.140998	1837	1970	23	3	133	0.0225564
NODE_28514_length_4709_cov_4.140998	1837	1970	25	2	133	0.0150376
NODE_28514_length_4709_cov_4.140998	1837	1970	26	14	133	0.1052632
NODE_28514_length_4709_cov_4.140998	1837	1970	27	7	133	0.0526316
NODE_28514_length_4709_cov_4.140998	1837	1970	28	23	133	0.1729323
NODE_28514_length_4709_cov_4.140998	1837	1970	29	17	133	0.1278196
NODE_28514_length_4709_cov_4.140998	1837	1970	30	3	133	0.0225564
NODE_28514_length_4709_cov_4.140998	1837	1970	31	1	133	0.0075188
NODE_28514_length_4709_cov_4.140998	1837	1970	32	18	133	0.1353384
NODE_28514_length_4709_cov_4.140998	1837	1970	34	10	133	0.0751880
NODE_28514_length_4709_cov_4.140998	1837	1970	36	8	133	0.0601504
NODE_28516_length_4709_cov_3.886334	418	551	6	4	133	0.0300752
NODE_28516_length_4709_cov_3.886334	418	551	7	2	133	0.0150376
NODE_28516_length_4709_cov_3.886334	418	551	10	5	133	0.0375940
NODE_28516_length_4709_cov_3.886334	418	551	12	7	133	0.0526316
NODE_28516_length_4709_cov_3.886334	418	551	13	5	133	0.0375940
NODE_28516_length_4709_cov_3.886334	418	551	14	9	133	0.0676692
NODE_28516_length_4709_cov_3.886334	418	551	15	17	133	0.1278196
NODE_28516_length_4709_cov_3.886334	418	551	16	49	133	0.3684210
NODE_28516_length_4709_cov_3.886334	418	551	17	30	133	0.2255639
NODE_28516_length_4709_cov_3.886334	418	551	18	2	133	0.0150376
NODE_28516_length_4709_cov_3.886334	418	551	19	3	133	0.0225564
NODE_28520_length_4708_cov_5.473639	1393	1526	7	15	133	0.1127820
NODE_28520_length_4708_cov_5.473639	1393	1526	8	14	133	0.1052632
NODE_28520_length_4708_cov_5.473639	1393	1526	9	31	133	0.2330827
NODE_28520_length_4708_cov_5.473639	1393	1526	10	15	133	0.1127820
NODE_28520_length_4708_cov_5.473639	1393	1526	11	18	133	0.1353384
NODE_28520_length_4708_cov_5.473639	1393	1526	12	19	133	0.1428571
NODE_28520_length_4708_cov_5.473639	1393	1526	13	20	133	0.1503759
NODE_28520_length_4708_cov_5.473639	1393	1526	14	1	133	0.0075188
NODE_285268_length_836_cov_4.625509	661	794	3	11	133	0.0827068
NODE_285268_length_836_cov_4.625509	661	794	4	23	133	0.1729323
NODE_285268_length_836_cov_4.625509	661	794	5	18	133	0.1353384
NODE_285268_length_836_cov_4.625509	661	794	6	14	133	0.1052632
NODE_285268_length_836_cov_4.625509	661	794	7	21	133	0.1578947
NODE_285268_length_836_cov_4.625509	661	794	8	46	133	0.3458647
NODE_28526_length_4708_cov_3.658711	4166	4299	13	6	133	0.0451128
NODE_28526_length_4708_cov_3.658711	4166	4299	14	3	133	0.0225564
NODE_28526_length_4708_cov_3.658711	4166	4299	16	5	133	0.0375940
NODE_28526_length_4708_cov_3.658711	4166	4299	17	9	133	0.0676692
NODE_28526_length_4708_cov_3.658711	4166	4299	18	3	133	0.0225564
NODE_28526_length_4708_cov_3.658711	4166	4299	19	24	133	0.1804511
NODE_28526_length_4708_cov_3.658711	4166	4299	20	7	133	0.0526316
NODE_28526_length_4708_cov_3.658711	4166	4299	21	5	133	0.0375940
NODE_28526_length_4708_cov_3.658711	4166	4299	22	1	133	0.0075188
NODE_28526_length_4708_cov_3.658711	4166	4299	23	18	133	0.1353384
NODE_28526_length_4708_cov_3.658711	4166	4299	24	14	133	0.1052632
NODE_28526_length_4708_cov_3.658711	4166	4299	25	11	133	0.0827068
NODE_28526_length_4708_cov_3.658711	4166	4299	26	5	133	0.0375940
NODE_28526_length_4708_cov_3.658711	4166	4299	27	22	133	0.1654135
NODE_2852_length_11181_cov_3.418156	11004	11137	0	58	133	0.4360902
NODE_2852_length_11181_cov_3.418156	11004	11137	1	7	133	0.0526316
NODE_2852_length_11181_cov_3.418156	11004	11137	4	36	133	0.2706767
NODE_2852_length_11181_cov_3.418156	11004	11137	5	19	133	0.1428571
NODE_2852_length_11181_cov_3.418156	11004	11137	7	11	133	0.0827068
NODE_2852_length_11181_cov_3.418156	11004	11137	8	2	133	0.0150376
NODE_285313_length_836_cov_3.537313	540	673	9	16	133	0.1203008
NODE_285313_length_836_cov_3.537313	540	673	11	17	133	0.1278196
NODE_285313_length_836_cov_3.537313	540	673	12	7	133	0.0526316
NODE_285313_length_836_cov_3.537313	540	673	13	12	133	0.0902256
NODE_285313_length_836_cov_3.537313	540	673	14	11	133	0.0827068
NODE_285313_length_836_cov_3.537313	540	673	16	3	133	0.0225564
NODE_285313_length_836_cov_3.537313	540	673	17	4	133	0.0300752
NODE_285313_length_836_cov_3.537313	540	673	18	12	133	0.0902256
NODE_285313_length_836_cov_3.537313	540	673	19	2	133	0.0150376
NODE_285313_length_836_cov_3.537313	540	673	21	36	133	0.2706767
NODE_285313_length_836_cov_3.537313	540	673	22	13	133	0.0977444
NODE_28537_length_4707_cov_5.005425	1391	1524	1	12	133	0.0902256
NODE_28537_length_4707_cov_5.005425	1391	1524	2	20	133	0.1503759
NODE_28537_length_4707_cov_5.005425	1391	1524	3	13	133	0.0977444
NODE_28537_length_4707_cov_5.005425	1391	1524	4	1	133	0.0075188
NODE_28537_length_4707_cov_5.005425	1391	1524	5	10	133	0.0751880
NODE_28537_length_4707_cov_5.005425	1391	1524	6	7	133	0.0526316
NODE_28537_length_4707_cov_5.005425	1391	1524	7	19	133	0.1428571
NODE_28537_length_4707_cov_5.005425	1391	1524	8	10	133	0.0751880
NODE_28537_length_4707_cov_5.005425	1391	1524	9	12	133	0.0902256
NODE_28537_length_4707_cov_5.005425	1391	1524	10	12	133	0.0902256
NODE_28537_length_4707_cov_5.005425	1391	1524	11	5	133	0.0375940
NODE_28537_length_4707_cov_5.005425	1391	1524	12	8	133	0.0601504
NODE_28537_length_4707_cov_5.005425	1391	1524	14	4	133	0.0300752
NODE_285663_length_834_cov_5.231293	588	721	0	27	133	0.2030075
NODE_285663_length_834_cov_5.231293	588	721	1	11	133	0.0827068
NODE_285663_length_834_cov_5.231293	588	721	3	15	133	0.1127820
NODE_285663_length_834_cov_5.231293	588	721	4	26	133	0.1954887
NODE_285663_length_834_cov_5.231293	588	721	6	54	133	0.4060150
NODE_285947_length_833_cov_3.181199	104	237	6	2	133	0.0150376
NODE_285947_length_833_cov_3.181199	104	237	7	7	133	0.0526316
NODE_285947_length_833_cov_3.181199	104	237	8	8	133	0.0601504
NODE_285947_length_833_cov_3.181199	104	237	10	34	133	0.2556391
NODE_285947_length_833_cov_3.181199	104	237	11	1	133	0.0075188
NODE_285947_length_833_cov_3.181199	104	237	12	8	133	0.0601504
NODE_285947_length_833_cov_3.181199	104	237	13	35	133	0.2631579
NODE_285947_length_833_cov_3.181199	104	237	14	10	133	0.0751880
NODE_285947_length_833_cov_3.181199	104	237	15	1	133	0.0075188
NODE_285947_length_833_cov_3.181199	104	237	16	27	133	0.2030075
NODE_286238_length_832_cov_2.035471	391	524	8	6	133	0.0451128
NODE_286238_length_832_cov_2.035471	391	524	9	3	133	0.0225564
NODE_286238_length_832_cov_2.035471	391	524	11	8	133	0.0601504
NODE_286238_length_832_cov_2.035471	391	524	12	19	133	0.1428571
NODE_286238_length_832_cov_2.035471	391	524	13	64	133	0.4812030
NODE_286238_length_832_cov_2.035471	391	524	14	10	133	0.0751880
NODE_286238_length_832_cov_2.035471	391	524	15	23	133	0.1729323
NODE_28625_length_4701_cov_3.654933	237	370	8	1	133	0.0075188
NODE_28625_length_4701_cov_3.654933	237	370	9	6	133	0.0451128
NODE_28625_length_4701_cov_3.654933	237	370	11	8	133	0.0601504
NODE_28625_length_4701_cov_3.654933	237	370	13	4	133	0.0300752
NODE_28625_length_4701_cov_3.654933	237	370	15	3	133	0.0225564
NODE_28625_length_4701_cov_3.654933	237	370	18	14	133	0.1052632
NODE_28625_length_4701_cov_3.654933	237	370	19	18	133	0.1353384
NODE_28625_length_4701_cov_3.654933	237	370	20	11	133	0.0827068
NODE_28625_length_4701_cov_3.654933	237	370	21	51	133	0.3834586
NODE_28625_length_4701_cov_3.654933	237	370	22	5	133	0.0375940
NODE_28625_length_4701_cov_3.654933	237	370	23	12	133	0.0902256
NODE_28634_length_4700_cov_4.342534	2314	2447	9	4	133	0.0300752
NODE_28634_length_4700_cov_4.342534	2314	2447	10	6	133	0.0451128
NODE_28634_length_4700_cov_4.342534	2314	2447	11	5	133	0.0375940
NODE_28634_length_4700_cov_4.342534	2314	2447	12	16	133	0.1203008
NODE_28634_length_4700_cov_4.342534	2314	2447	13	3	133	0.0225564
NODE_28634_length_4700_cov_4.342534	2314	2447	14	69	133	0.5187970
NODE_28634_length_4700_cov_4.342534	2314	2447	16	30	133	0.2255639
NODE_28637_length_4700_cov_4.180396	1111	1244	6	3	133	0.0225564
NODE_28637_length_4700_cov_4.180396	1111	1244	7	7	133	0.0526316
NODE_28637_length_4700_cov_4.180396	1111	1244	9	9	133	0.0676692
NODE_28637_length_4700_cov_4.180396	1111	1244	10	15	133	0.1127820
NODE_28637_length_4700_cov_4.180396	1111	1244	11	40	133	0.3007519
NODE_28637_length_4700_cov_4.180396	1111	1244	12	8	133	0.0601504
NODE_28637_length_4700_cov_4.180396	1111	1244	13	29	133	0.2180451
NODE_28637_length_4700_cov_4.180396	1111	1244	14	22	133	0.1654135
NODE_28643_length_4700_cov_3.345142	2524	2657	14	22	133	0.1654135
NODE_28643_length_4700_cov_3.345142	2524	2657	15	21	133	0.1578947
NODE_28643_length_4700_cov_3.345142	2524	2657	16	4	133	0.0300752
NODE_28643_length_4700_cov_3.345142	2524	2657	19	6	133	0.0451128
NODE_28643_length_4700_cov_3.345142	2524	2657	20	2	133	0.0150376
NODE_28643_length_4700_cov_3.345142	2524	2657	21	3	133	0.0225564
NODE_28643_length_4700_cov_3.345142	2524	2657	22	4	133	0.0300752
NODE_28643_length_4700_cov_3.345142	2524	2657	23	3	133	0.0225564
NODE_28643_length_4700_cov_3.345142	2524	2657	24	10	133	0.0751880
NODE_28643_length_4700_cov_3.345142	2524	2657	25	26	133	0.1954887
NODE_28643_length_4700_cov_3.345142	2524	2657	26	21	133	0.1578947
NODE_28643_length_4700_cov_3.345142	2524	2657	27	11	133	0.0827068
NODE_286480_length_830_cov_4.161423	105	238	6	20	133	0.1503759
NODE_286480_length_830_cov_4.161423	105	238	7	13	133	0.0977444
NODE_286480_length_830_cov_4.161423	105	238	8	18	133	0.1353384
NODE_286480_length_830_cov_4.161423	105	238	9	40	133	0.3007519
NODE_286480_length_830_cov_4.161423	105	238	10	42	133	0.3157895
NODE_286599_length_830_cov_2.296854	229	362	10	6	133	0.0451128
NODE_286599_length_830_cov_2.296854	229	362	11	16	133	0.1203008
NODE_286599_length_830_cov_2.296854	229	362	12	1	133	0.0075188
NODE_286599_length_830_cov_2.296854	229	362	13	2	133	0.0150376
NODE_286599_length_830_cov_2.296854	229	362	14	5	133	0.0375940
NODE_286599_length_830_cov_2.296854	229	362	15	6	133	0.0451128
NODE_286599_length_830_cov_2.296854	229	362	16	4	133	0.0300752
NODE_286599_length_830_cov_2.296854	229	362	17	19	133	0.1428571
NODE_286599_length_830_cov_2.296854	229	362	18	4	133	0.0300752
NODE_286599_length_830_cov_2.296854	229	362	19	12	133	0.0902256
NODE_286599_length_830_cov_2.296854	229	362	20	17	133	0.1278196
NODE_286599_length_830_cov_2.296854	229	362	21	16	133	0.1203008
NODE_286599_length_830_cov_2.296854	229	362	22	25	133	0.1879699
NODE_286728_length_829_cov_3.075342	351	484	11	1	133	0.0075188
NODE_286728_length_829_cov_3.075342	351	484	12	13	133	0.0977444
NODE_286728_length_829_cov_3.075342	351	484	13	29	133	0.2180451
NODE_286728_length_829_cov_3.075342	351	484	14	12	133	0.0902256
NODE_286728_length_829_cov_3.075342	351	484	15	15	133	0.1127820
NODE_286728_length_829_cov_3.075342	351	484	16	31	133	0.2330827
NODE_286728_length_829_cov_3.075342	351	484	17	15	133	0.1127820
NODE_286728_length_829_cov_3.075342	351	484	18	11	133	0.0827068
NODE_286728_length_829_cov_3.075342	351	484	19	6	133	0.0451128
NODE_28682_length_4696_cov_3.613661	1284	1417	17	4	133	0.0300752
NODE_28682_length_4696_cov_3.613661	1284	1417	18	17	133	0.1278196
NODE_28682_length_4696_cov_3.613661	1284	1417	19	29	133	0.2180451
NODE_28682_length_4696_cov_3.613661	1284	1417	20	11	133	0.0827068
NODE_28682_length_4696_cov_3.613661	1284	1417	21	17	133	0.1278196
NODE_28682_length_4696_cov_3.613661	1284	1417	22	1	133	0.0075188
NODE_28682_length_4696_cov_3.613661	1284	1417	23	5	133	0.0375940
NODE_28682_length_4696_cov_3.613661	1284	1417	24	3	133	0.0225564
NODE_28682_length_4696_cov_3.613661	1284	1417	25	7	133	0.0526316
NODE_28682_length_4696_cov_3.613661	1284	1417	26	15	133	0.1127820
NODE_28682_length_4696_cov_3.613661	1284	1417	29	2	133	0.0150376
NODE_28682_length_4696_cov_3.613661	1284	1417	30	1	133	0.0075188
NODE_28682_length_4696_cov_3.613661	1284	1417	31	1	133	0.0075188
NODE_28682_length_4696_cov_3.613661	1284	1417	33	1	133	0.0075188
NODE_28682_length_4696_cov_3.613661	1284	1417	35	3	133	0.0225564
NODE_28682_length_4696_cov_3.613661	1284	1417	36	6	133	0.0451128
NODE_28682_length_4696_cov_3.613661	1284	1417	37	8	133	0.0601504
NODE_28682_length_4696_cov_3.613661	1284	1417	38	2	133	0.0150376
NODE_28702_length_4695_cov_2.853351	2444	2577	4	5	133	0.0375940
NODE_28702_length_4695_cov_2.853351	2444	2577	5	36	133	0.2706767
NODE_28702_length_4695_cov_2.853351	2444	2577	7	25	133	0.1879699
NODE_28702_length_4695_cov_2.853351	2444	2577	8	24	133	0.1804511
NODE_28702_length_4695_cov_2.853351	2444	2577	9	7	133	0.0526316
NODE_28702_length_4695_cov_2.853351	2444	2577	10	23	133	0.1729323
NODE_28702_length_4695_cov_2.853351	2444	2577	11	13	133	0.0977444
NODE_287111_length_827_cov_3.314560	235	368	1	21	133	0.1578947
NODE_287111_length_827_cov_3.314560	235	368	2	20	133	0.1503759
NODE_287111_length_827_cov_3.314560	235	368	3	6	133	0.0451128
NODE_287111_length_827_cov_3.314560	235	368	5	22	133	0.1654135
NODE_287111_length_827_cov_3.314560	235	368	6	64	133	0.4812030
NODE_287310_length_826_cov_3.257221	292	425	0	37	133	0.2781955
NODE_287310_length_826_cov_3.257221	292	425	3	16	133	0.1203008
NODE_287310_length_826_cov_3.257221	292	425	5	1	133	0.0075188
NODE_287310_length_826_cov_3.257221	292	425	6	7	133	0.0526316
NODE_287310_length_826_cov_3.257221	292	425	8	16	133	0.1203008
NODE_287310_length_826_cov_3.257221	292	425	9	53	133	0.3984962
NODE_287310_length_826_cov_3.257221	292	425	10	3	133	0.0225564
NODE_28732_length_4692_cov_4.615937	1511	1644	5	6	133	0.0451128
NODE_28732_length_4692_cov_4.615937	1511	1644	6	8	133	0.0601504
NODE_28732_length_4692_cov_4.615937	1511	1644	8	41	133	0.3082707
NODE_28732_length_4692_cov_4.615937	1511	1644	9	9	133	0.0676692
NODE_28732_length_4692_cov_4.615937	1511	1644	10	10	133	0.0751880
NODE_28732_length_4692_cov_4.615937	1511	1644	11	20	133	0.1503759
NODE_28732_length_4692_cov_4.615937	1511	1644	12	28	133	0.2105263
NODE_28732_length_4692_cov_4.615937	1511	1644	13	11	133	0.0827068
NODE_287428_length_825_cov_5.236915	595	728	18	1	133	0.0075188
NODE_287428_length_825_cov_5.236915	595	728	19	8	133	0.0601504
NODE_287428_length_825_cov_5.236915	595	728	20	6	133	0.0451128
NODE_287428_length_825_cov_5.236915	595	728	21	2	133	0.0150376
NODE_287428_length_825_cov_5.236915	595	728	22	1	133	0.0075188
NODE_287428_length_825_cov_5.236915	595	728	23	1	133	0.0075188
NODE_287428_length_825_cov_5.236915	595	728	24	2	133	0.0150376
NODE_287428_length_825_cov_5.236915	595	728	25	13	133	0.0977444
NODE_287428_length_825_cov_5.236915	595	728	26	9	133	0.0676692
NODE_287428_length_825_cov_5.236915	595	728	27	1	133	0.0075188
NODE_287428_length_825_cov_5.236915	595	728	28	8	133	0.0601504
NODE_287428_length_825_cov_5.236915	595	728	29	25	133	0.1879699
NODE_287428_length_825_cov_5.236915	595	728	30	24	133	0.1804511
NODE_287428_length_825_cov_5.236915	595	728	31	28	133	0.2105263
NODE_287428_length_825_cov_5.236915	595	728	32	4	133	0.0300752
NODE_287543_length_825_cov_2.772727	532	665	0	79	133	0.5939850
NODE_287543_length_825_cov_2.772727	532	665	2	54	133	0.4060150
NODE_28759_length_4690_cov_4.837726	2130	2263	2	6	133	0.0451128
NODE_28759_length_4690_cov_4.837726	2130	2263	4	31	133	0.2330827
NODE_28759_length_4690_cov_4.837726	2130	2263	5	7	133	0.0526316
NODE_28759_length_4690_cov_4.837726	2130	2263	6	67	133	0.5037594
NODE_28759_length_4690_cov_4.837726	2130	2263	8	8	133	0.0601504
NODE_28759_length_4690_cov_4.837726	2130	2263	10	14	133	0.1052632
NODE_2877_length_11141_cov_4.650697	7473	7606	10	7	133	0.0526316
NODE_2877_length_11141_cov_4.650697	7473	7606	12	2	133	0.0150376
NODE_2877_length_11141_cov_4.650697	7473	7606	15	1	133	0.0075188
NODE_2877_length_11141_cov_4.650697	7473	7606	17	7	133	0.0526316
NODE_2877_length_11141_cov_4.650697	7473	7606	18	4	133	0.0300752
NODE_2877_length_11141_cov_4.650697	7473	7606	19	11	133	0.0827068
NODE_2877_length_11141_cov_4.650697	7473	7606	20	5	133	0.0375940
NODE_2877_length_11141_cov_4.650697	7473	7606	21	24	133	0.1804511
NODE_2877_length_11141_cov_4.650697	7473	7606	22	17	133	0.1278196
NODE_2877_length_11141_cov_4.650697	7473	7606	23	12	133	0.0902256
NODE_2877_length_11141_cov_4.650697	7473	7606	24	18	133	0.1353384
NODE_2877_length_11141_cov_4.650697	7473	7606	25	25	133	0.1879699
NODE_287826_length_824_cov_1.747586	470	603	2	58	133	0.4360902
NODE_287826_length_824_cov_1.747586	470	603	3	53	133	0.3984962
NODE_287826_length_824_cov_1.747586	470	603	4	22	133	0.1654135
NODE_288039_length_823_cov_1.808011	343	476	2	11	133	0.0827068
NODE_288039_length_823_cov_1.808011	343	476	3	5	133	0.0375940
NODE_288039_length_823_cov_1.808011	343	476	4	32	133	0.2406015
NODE_288039_length_823_cov_1.808011	343	476	5	8	133	0.0601504
NODE_288039_length_823_cov_1.808011	343	476	6	4	133	0.0300752
NODE_288039_length_823_cov_1.808011	343	476	7	27	133	0.2030075
NODE_288039_length_823_cov_1.808011	343	476	8	46	133	0.3458647
NODE_28817_length_4686_cov_4.297362	2283	2416	24	14	133	0.1052632
NODE_28817_length_4686_cov_4.297362	2283	2416	26	6	133	0.0451128
NODE_28817_length_4686_cov_4.297362	2283	2416	28	4	133	0.0300752
NODE_28817_length_4686_cov_4.297362	2283	2416	30	3	133	0.0225564
NODE_28817_length_4686_cov_4.297362	2283	2416	31	1	133	0.0075188
NODE_28817_length_4686_cov_4.297362	2283	2416	32	1	133	0.0075188
NODE_28817_length_4686_cov_4.297362	2283	2416	33	1	133	0.0075188
NODE_28817_length_4686_cov_4.297362	2283	2416	34	1	133	0.0075188
NODE_28817_length_4686_cov_4.297362	2283	2416	36	8	133	0.0601504
NODE_28817_length_4686_cov_4.297362	2283	2416	37	9	133	0.0676692
NODE_28817_length_4686_cov_4.297362	2283	2416	38	2	133	0.0150376
NODE_28817_length_4686_cov_4.297362	2283	2416	39	1	133	0.0075188
NODE_28817_length_4686_cov_4.297362	2283	2416	40	10	133	0.0751880
NODE_28817_length_4686_cov_4.297362	2283	2416	41	16	133	0.1203008
NODE_28817_length_4686_cov_4.297362	2283	2416	42	3	133	0.0225564
NODE_28817_length_4686_cov_4.297362	2283	2416	43	8	133	0.0601504
NODE_28817_length_4686_cov_4.297362	2283	2416	44	20	133	0.1503759
NODE_28817_length_4686_cov_4.297362	2283	2416	45	20	133	0.1503759
NODE_28817_length_4686_cov_4.297362	2283	2416	46	5	133	0.0375940
NODE_28832_length_4685_cov_4.117532	1376	1509	5	6	133	0.0451128
NODE_28832_length_4685_cov_4.117532	1376	1509	6	50	133	0.3759398
NODE_28832_length_4685_cov_4.117532	1376	1509	8	41	133	0.3082707
NODE_28832_length_4685_cov_4.117532	1376	1509	9	28	133	0.2105263
NODE_28832_length_4685_cov_4.117532	1376	1509	10	8	133	0.0601504
NODE_2883_length_11133_cov_10.470636	7006	7139	2	34	133	0.2556391
NODE_2883_length_11133_cov_10.470636	7006	7139	3	5	133	0.0375940
NODE_2883_length_11133_cov_10.470636	7006	7139	4	2	133	0.0150376
NODE_2883_length_11133_cov_10.470636	7006	7139	5	76	133	0.5714286
NODE_2883_length_11133_cov_10.470636	7006	7139	6	16	133	0.1203008
NODE_28845_length_4684_cov_3.955943	438	571	7	6	133	0.0451128
NODE_28845_length_4684_cov_3.955943	438	571	8	3	133	0.0225564
NODE_28845_length_4684_cov_3.955943	438	571	9	54	133	0.4060150
NODE_28845_length_4684_cov_3.955943	438	571	10	27	133	0.2030075
NODE_28845_length_4684_cov_3.955943	438	571	11	8	133	0.0601504
NODE_28845_length_4684_cov_3.955943	438	571	12	33	133	0.2481203
NODE_28845_length_4684_cov_3.955943	438	571	13	2	133	0.0150376
NODE_28892_length_4681_cov_3.368616	0	133	6	1	133	0.0075188
NODE_28892_length_4681_cov_3.368616	0	133	7	53	133	0.3984962
NODE_28892_length_4681_cov_3.368616	0	133	8	13	133	0.0977444
NODE_28892_length_4681_cov_3.368616	0	133	9	37	133	0.2781955
NODE_28892_length_4681_cov_3.368616	0	133	10	29	133	0.2180451
NODE_2889_length_11129_cov_4.965549	7492	7625	8	1	133	0.0075188
NODE_2889_length_11129_cov_4.965549	7492	7625	10	2	133	0.0150376
NODE_2889_length_11129_cov_4.965549	7492	7625	11	4	133	0.0300752
NODE_2889_length_11129_cov_4.965549	7492	7625	12	20	133	0.1503759
NODE_2889_length_11129_cov_4.965549	7492	7625	13	6	133	0.0451128
NODE_2889_length_11129_cov_4.965549	7492	7625	14	2	133	0.0150376
NODE_2889_length_11129_cov_4.965549	7492	7625	16	2	133	0.0150376
NODE_2889_length_11129_cov_4.965549	7492	7625	18	3	133	0.0225564
NODE_2889_length_11129_cov_4.965549	7492	7625	19	11	133	0.0827068
NODE_2889_length_11129_cov_4.965549	7492	7625	20	13	133	0.0977444
NODE_2889_length_11129_cov_4.965549	7492	7625	21	32	133	0.2406015
NODE_2889_length_11129_cov_4.965549	7492	7625	22	37	133	0.2781955
NODE_288_length_20082_cov_5.080819	10652	10785	0	46	133	0.3458647
NODE_288_length_20082_cov_5.080819	10652	10785	1	31	133	0.2330827
NODE_288_length_20082_cov_5.080819	10652	10785	2	56	133	0.4210526
NODE_2890_length_11127_cov_13.963910	4375	4508	16	4	133	0.0300752
NODE_2890_length_11127_cov_13.963910	4375	4508	17	4	133	0.0300752
NODE_2890_length_11127_cov_13.963910	4375	4508	18	2	133	0.0150376
NODE_2890_length_11127_cov_13.963910	4375	4508	20	4	133	0.0300752
NODE_2890_length_11127_cov_13.963910	4375	4508	22	1	133	0.0075188
NODE_2890_length_11127_cov_13.963910	4375	4508	23	1	133	0.0075188
NODE_2890_length_11127_cov_13.963910	4375	4508	24	14	133	0.1052632
NODE_2890_length_11127_cov_13.963910	4375	4508	25	8	133	0.0601504
NODE_2890_length_11127_cov_13.963910	4375	4508	26	6	133	0.0451128
NODE_2890_length_11127_cov_13.963910	4375	4508	27	3	133	0.0225564
NODE_2890_length_11127_cov_13.963910	4375	4508	28	19	133	0.1428571
NODE_2890_length_11127_cov_13.963910	4375	4508	31	11	133	0.0827068
NODE_2890_length_11127_cov_13.963910	4375	4508	32	2	133	0.0150376
NODE_2890_length_11127_cov_13.963910	4375	4508	33	6	133	0.0451128
NODE_2890_length_11127_cov_13.963910	4375	4508	34	18	133	0.1353384
NODE_2890_length_11127_cov_13.963910	4375	4508	35	26	133	0.1954887
NODE_2890_length_11127_cov_13.963910	4375	4508	36	1	133	0.0075188
NODE_2890_length_11127_cov_13.963910	4375	4508	37	3	133	0.0225564
NODE_289250_length_817_cov_2.094708	553	686	2	7	133	0.0526316
NODE_289250_length_817_cov_2.094708	553	686	3	24	133	0.1804511
NODE_289250_length_817_cov_2.094708	553	686	5	18	133	0.1353384
NODE_289250_length_817_cov_2.094708	553	686	6	69	133	0.5187970
NODE_289250_length_817_cov_2.094708	553	686	7	15	133	0.1127820
NODE_289386_length_816_cov_2.998605	45	178	16	21	133	0.1578947
NODE_289386_length_816_cov_2.998605	45	178	18	1	133	0.0075188
NODE_289386_length_816_cov_2.998605	45	178	19	25	133	0.1879699
NODE_289386_length_816_cov_2.998605	45	178	20	42	133	0.3157895
NODE_289386_length_816_cov_2.998605	45	178	21	9	133	0.0676692
NODE_289386_length_816_cov_2.998605	45	178	22	22	133	0.1654135
NODE_289386_length_816_cov_2.998605	45	178	23	8	133	0.0601504
NODE_289386_length_816_cov_2.998605	45	178	24	5	133	0.0375940
NODE_2893_length_11126_cov_4.376530	8540	8673	36	3	133	0.0225564
NODE_2893_length_11126_cov_4.376530	8540	8673	39	3	133	0.0225564
NODE_2893_length_11126_cov_4.376530	8540	8673	40	4	133	0.0300752
NODE_2893_length_11126_cov_4.376530	8540	8673	42	1	133	0.0075188
NODE_2893_length_11126_cov_4.376530	8540	8673	44	1	133	0.0075188
NODE_2893_length_11126_cov_4.376530	8540	8673	45	5	133	0.0375940
NODE_2893_length_11126_cov_4.376530	8540	8673	46	11	133	0.0827068
NODE_2893_length_11126_cov_4.376530	8540	8673	47	5	133	0.0375940
NODE_2893_length_11126_cov_4.376530	8540	8673	48	9	133	0.0676692
NODE_2893_length_11126_cov_4.376530	8540	8673	49	6	133	0.0451128
NODE_2893_length_11126_cov_4.376530	8540	8673	50	2	133	0.0150376
NODE_2893_length_11126_cov_4.376530	8540	8673	51	4	133	0.0300752
NODE_2893_length_11126_cov_4.376530	8540	8673	52	1	133	0.0075188
NODE_2893_length_11126_cov_4.376530	8540	8673	53	16	133	0.1203008
NODE_2893_length_11126_cov_4.376530	8540	8673	54	3	133	0.0225564
NODE_2893_length_11126_cov_4.376530	8540	8673	55	22	133	0.1654135
NODE_2893_length_11126_cov_4.376530	8540	8673	56	12	133	0.0902256
NODE_2893_length_11126_cov_4.376530	8540	8673	57	6	133	0.0451128
NODE_2893_length_11126_cov_4.376530	8540	8673	58	11	133	0.0827068
NODE_2893_length_11126_cov_4.376530	8540	8673	59	6	133	0.0451128
NODE_2893_length_11126_cov_4.376530	8540	8673	60	2	133	0.0150376
NODE_2895_length_11120_cov_5.081118	148	281	12	7	133	0.0526316
NODE_2895_length_11120_cov_5.081118	148	281	13	1	133	0.0075188
NODE_2895_length_11120_cov_5.081118	148	281	14	31	133	0.2330827
NODE_2895_length_11120_cov_5.081118	148	281	16	2	133	0.0150376
NODE_2895_length_11120_cov_5.081118	148	281	17	6	133	0.0451128
NODE_2895_length_11120_cov_5.081118	148	281	18	42	133	0.3157895
NODE_2895_length_11120_cov_5.081118	148	281	19	29	133	0.2180451
NODE_2895_length_11120_cov_5.081118	148	281	20	2	133	0.0150376
NODE_2895_length_11120_cov_5.081118	148	281	21	13	133	0.0977444
NODE_289900_length_813_cov_5.392157	498	631	20	3	133	0.0225564
NODE_289900_length_813_cov_5.392157	498	631	21	7	133	0.0526316
NODE_289900_length_813_cov_5.392157	498	631	22	3	133	0.0225564
NODE_289900_length_813_cov_5.392157	498	631	23	7	133	0.0526316
NODE_289900_length_813_cov_5.392157	498	631	24	14	133	0.1052632
NODE_289900_length_813_cov_5.392157	498	631	25	10	133	0.0751880
NODE_289900_length_813_cov_5.392157	498	631	26	7	133	0.0526316
NODE_289900_length_813_cov_5.392157	498	631	27	4	133	0.0300752
NODE_289900_length_813_cov_5.392157	498	631	28	7	133	0.0526316
NODE_289900_length_813_cov_5.392157	498	631	29	1	133	0.0075188
NODE_289900_length_813_cov_5.392157	498	631	30	9	133	0.0676692
NODE_289900_length_813_cov_5.392157	498	631	31	2	133	0.0150376
NODE_289900_length_813_cov_5.392157	498	631	32	21	133	0.1578947
NODE_289900_length_813_cov_5.392157	498	631	33	21	133	0.1578947
NODE_289900_length_813_cov_5.392157	498	631	34	10	133	0.0751880
NODE_289900_length_813_cov_5.392157	498	631	35	7	133	0.0526316
NODE_289923_length_813_cov_4.362745	485	618	4	39	133	0.2932331
NODE_289923_length_813_cov_4.362745	485	618	5	4	133	0.0300752
NODE_289923_length_813_cov_4.362745	485	618	7	16	133	0.1203008
NODE_289923_length_813_cov_4.362745	485	618	8	36	133	0.2706767
NODE_289923_length_813_cov_4.362745	485	618	9	17	133	0.1278196
NODE_289923_length_813_cov_4.362745	485	618	10	11	133	0.0827068
NODE_289923_length_813_cov_4.362745	485	618	12	1	133	0.0075188
NODE_289923_length_813_cov_4.362745	485	618	13	9	133	0.0676692
NODE_28_length_31280_cov_3.957057	25571	25704	8	16	133	0.1203008
NODE_28_length_31280_cov_3.957057	25571	25704	9	18	133	0.1353384
NODE_28_length_31280_cov_3.957057	25571	25704	10	10	133	0.0751880
NODE_28_length_31280_cov_3.957057	25571	25704	11	15	133	0.1127820
NODE_28_length_31280_cov_3.957057	25571	25704	12	7	133	0.0526316
NODE_28_length_31280_cov_3.957057	25571	25704	13	14	133	0.1052632
NODE_28_length_31280_cov_3.957057	25571	25704	14	18	133	0.1353384
NODE_28_length_31280_cov_3.957057	25571	25704	15	20	133	0.1503759
NODE_28_length_31280_cov_3.957057	25571	25704	16	15	133	0.1127820
NODE_29001_length_4671_cov_3.440289	2676	2809	6	3	133	0.0225564
NODE_29001_length_4671_cov_3.440289	2676	2809	7	5	133	0.0375940
NODE_29001_length_4671_cov_3.440289	2676	2809	8	1	133	0.0075188
NODE_29001_length_4671_cov_3.440289	2676	2809	9	8	133	0.0601504
NODE_29001_length_4671_cov_3.440289	2676	2809	10	5	133	0.0375940
NODE_29001_length_4671_cov_3.440289	2676	2809	11	9	133	0.0676692
NODE_29001_length_4671_cov_3.440289	2676	2809	12	3	133	0.0225564
NODE_29001_length_4671_cov_3.440289	2676	2809	13	24	133	0.1804511
NODE_29001_length_4671_cov_3.440289	2676	2809	15	7	133	0.0526316
NODE_29001_length_4671_cov_3.440289	2676	2809	16	9	133	0.0676692
NODE_29001_length_4671_cov_3.440289	2676	2809	17	37	133	0.2781955
NODE_29001_length_4671_cov_3.440289	2676	2809	18	22	133	0.1654135
NODE_29043_length_4667_cov_5.204904	1982	2115	25	5	133	0.0375940
NODE_29043_length_4667_cov_5.204904	1982	2115	26	1	133	0.0075188
NODE_29043_length_4667_cov_5.204904	1982	2115	27	3	133	0.0225564
NODE_29043_length_4667_cov_5.204904	1982	2115	29	2	133	0.0150376
NODE_29043_length_4667_cov_5.204904	1982	2115	31	2	133	0.0150376
NODE_29043_length_4667_cov_5.204904	1982	2115	32	6	133	0.0451128
NODE_29043_length_4667_cov_5.204904	1982	2115	33	11	133	0.0827068
NODE_29043_length_4667_cov_5.204904	1982	2115	34	19	133	0.1428571
NODE_29043_length_4667_cov_5.204904	1982	2115	35	9	133	0.0676692
NODE_29043_length_4667_cov_5.204904	1982	2115	36	3	133	0.0225564
NODE_29043_length_4667_cov_5.204904	1982	2115	37	11	133	0.0827068
NODE_29043_length_4667_cov_5.204904	1982	2115	38	13	133	0.0977444
NODE_29043_length_4667_cov_5.204904	1982	2115	40	3	133	0.0225564
NODE_29043_length_4667_cov_5.204904	1982	2115	41	10	133	0.0751880
NODE_29043_length_4667_cov_5.204904	1982	2115	42	9	133	0.0676692
NODE_29043_length_4667_cov_5.204904	1982	2115	43	17	133	0.1278196
NODE_29043_length_4667_cov_5.204904	1982	2115	44	8	133	0.0601504
NODE_29043_length_4667_cov_5.204904	1982	2115	46	1	133	0.0075188
NODE_290443_length_811_cov_3.167135	318	451	8	13	133	0.0977444
NODE_290443_length_811_cov_3.167135	318	451	9	10	133	0.0751880
NODE_290443_length_811_cov_3.167135	318	451	10	20	133	0.1503759
NODE_290443_length_811_cov_3.167135	318	451	11	37	133	0.2781955
NODE_290443_length_811_cov_3.167135	318	451	12	43	133	0.3233083
NODE_290443_length_811_cov_3.167135	318	451	13	10	133	0.0751880
NODE_290447_length_811_cov_3.137640	258	391	24	27	133	0.2030075
NODE_290447_length_811_cov_3.137640	258	391	25	17	133	0.1278196
NODE_290447_length_811_cov_3.137640	258	391	26	45	133	0.3383459
NODE_290447_length_811_cov_3.137640	258	391	27	15	133	0.1127820
NODE_290447_length_811_cov_3.137640	258	391	28	9	133	0.0676692
NODE_290447_length_811_cov_3.137640	258	391	29	6	133	0.0451128
NODE_290447_length_811_cov_3.137640	258	391	30	12	133	0.0902256
NODE_290447_length_811_cov_3.137640	258	391	31	2	133	0.0150376
NODE_290449_length_811_cov_3.098315	397	530	2	26	133	0.1954887
NODE_290449_length_811_cov_3.098315	397	530	3	40	133	0.3007519
NODE_290449_length_811_cov_3.098315	397	530	4	20	133	0.1503759
NODE_290449_length_811_cov_3.098315	397	530	5	33	133	0.2481203
NODE_290449_length_811_cov_3.098315	397	530	6	14	133	0.1052632
NODE_290484_length_811_cov_2.799157	468	601	10	1	133	0.0075188
NODE_290484_length_811_cov_2.799157	468	601	11	3	133	0.0225564
NODE_290484_length_811_cov_2.799157	468	601	13	1	133	0.0075188
NODE_290484_length_811_cov_2.799157	468	601	14	16	133	0.1203008
NODE_290484_length_811_cov_2.799157	468	601	17	5	133	0.0375940
NODE_290484_length_811_cov_2.799157	468	601	18	3	133	0.0225564
NODE_290484_length_811_cov_2.799157	468	601	19	1	133	0.0075188
NODE_290484_length_811_cov_2.799157	468	601	21	1	133	0.0075188
NODE_290484_length_811_cov_2.799157	468	601	23	6	133	0.0451128
NODE_290484_length_811_cov_2.799157	468	601	25	1	133	0.0075188
NODE_290484_length_811_cov_2.799157	468	601	26	4	133	0.0300752
NODE_290484_length_811_cov_2.799157	468	601	27	1	133	0.0075188
NODE_290484_length_811_cov_2.799157	468	601	28	6	133	0.0451128
NODE_290484_length_811_cov_2.799157	468	601	29	1	133	0.0075188
NODE_290484_length_811_cov_2.799157	468	601	30	1	133	0.0075188
NODE_290484_length_811_cov_2.799157	468	601	33	10	133	0.0751880
NODE_290484_length_811_cov_2.799157	468	601	34	7	133	0.0526316
NODE_290484_length_811_cov_2.799157	468	601	35	14	133	0.1052632
NODE_290484_length_811_cov_2.799157	468	601	36	22	133	0.1654135
NODE_290484_length_811_cov_2.799157	468	601	37	20	133	0.1503759
NODE_290484_length_811_cov_2.799157	468	601	38	9	133	0.0676692
NODE_29048_length_4667_cov_4.443301	3671	3804	10	4	133	0.0300752
NODE_29048_length_4667_cov_4.443301	3671	3804	12	7	133	0.0526316
NODE_29048_length_4667_cov_4.443301	3671	3804	13	8	133	0.0601504
NODE_29048_length_4667_cov_4.443301	3671	3804	14	6	133	0.0451128
NODE_29048_length_4667_cov_4.443301	3671	3804	15	12	133	0.0902256
NODE_29048_length_4667_cov_4.443301	3671	3804	16	17	133	0.1278196
NODE_29048_length_4667_cov_4.443301	3671	3804	17	60	133	0.4511278
NODE_29048_length_4667_cov_4.443301	3671	3804	18	18	133	0.1353384
NODE_29048_length_4667_cov_4.443301	3671	3804	19	1	133	0.0075188
NODE_290580_length_810_cov_5.218003	306	439	6	7	133	0.0526316
NODE_290580_length_810_cov_5.218003	306	439	7	8	133	0.0601504
NODE_290580_length_810_cov_5.218003	306	439	8	11	133	0.0827068
NODE_290580_length_810_cov_5.218003	306	439	10	1	133	0.0075188
NODE_290580_length_810_cov_5.218003	306	439	12	8	133	0.0601504
NODE_290580_length_810_cov_5.218003	306	439	13	16	133	0.1203008
NODE_290580_length_810_cov_5.218003	306	439	14	15	133	0.1127820
NODE_290580_length_810_cov_5.218003	306	439	15	17	133	0.1278196
NODE_290580_length_810_cov_5.218003	306	439	16	7	133	0.0526316
NODE_290580_length_810_cov_5.218003	306	439	17	24	133	0.1804511
NODE_290580_length_810_cov_5.218003	306	439	18	19	133	0.1428571
NODE_2905_length_11106_cov_4.092396	3655	3788	5	4	133	0.0300752
NODE_2905_length_11106_cov_4.092396	3655	3788	7	17	133	0.1278196
NODE_2905_length_11106_cov_4.092396	3655	3788	8	35	133	0.2631579
NODE_2905_length_11106_cov_4.092396	3655	3788	9	77	133	0.5789474
NODE_29069_length_4666_cov_3.108824	2653	2786	4	11	133	0.0827068
NODE_29069_length_4666_cov_3.108824	2653	2786	5	25	133	0.1879699
NODE_29069_length_4666_cov_3.108824	2653	2786	6	34	133	0.2556391
NODE_29069_length_4666_cov_3.108824	2653	2786	7	55	133	0.4135338
NODE_29069_length_4666_cov_3.108824	2653	2786	8	8	133	0.0601504
NODE_29096_length_4663_cov_6.706179	2639	2772	12	3	133	0.0225564
NODE_29096_length_4663_cov_6.706179	2639	2772	13	7	133	0.0526316
NODE_29096_length_4663_cov_6.706179	2639	2772	14	13	133	0.0977444
NODE_29096_length_4663_cov_6.706179	2639	2772	15	34	133	0.2556391
NODE_29096_length_4663_cov_6.706179	2639	2772	16	18	133	0.1353384
NODE_29096_length_4663_cov_6.706179	2639	2772	17	24	133	0.1804511
NODE_29096_length_4663_cov_6.706179	2639	2772	18	34	133	0.2556391
NODE_290_length_20049_cov_4.312782	13104	13237	5	1	133	0.0075188
NODE_290_length_20049_cov_4.312782	13104	13237	6	18	133	0.1353384
NODE_290_length_20049_cov_4.312782	13104	13237	7	11	133	0.0827068
NODE_290_length_20049_cov_4.312782	13104	13237	8	25	133	0.1879699
NODE_290_length_20049_cov_4.312782	13104	13237	9	22	133	0.1654135
NODE_290_length_20049_cov_4.312782	13104	13237	10	5	133	0.0375940
NODE_290_length_20049_cov_4.312782	13104	13237	11	29	133	0.2180451
NODE_290_length_20049_cov_4.312782	13104	13237	12	22	133	0.1654135
NODE_291296_length_807_cov_3.004237	499	632	3	2	133	0.0150376
NODE_291296_length_807_cov_3.004237	499	632	4	12	133	0.0902256
NODE_291296_length_807_cov_3.004237	499	632	5	16	133	0.1203008
NODE_291296_length_807_cov_3.004237	499	632	7	12	133	0.0902256
NODE_291296_length_807_cov_3.004237	499	632	8	3	133	0.0225564
NODE_291296_length_807_cov_3.004237	499	632	9	26	133	0.1954887
NODE_291296_length_807_cov_3.004237	499	632	10	40	133	0.3007519
NODE_291296_length_807_cov_3.004237	499	632	11	22	133	0.1654135
NODE_2913_length_11100_cov_4.125716	3431	3564	16	27	133	0.2030075
NODE_2913_length_11100_cov_4.125716	3431	3564	17	12	133	0.0902256
NODE_2913_length_11100_cov_4.125716	3431	3564	18	7	133	0.0526316
NODE_2913_length_11100_cov_4.125716	3431	3564	19	12	133	0.0902256
NODE_2913_length_11100_cov_4.125716	3431	3564	20	13	133	0.0977444
NODE_2913_length_11100_cov_4.125716	3431	3564	21	11	133	0.0827068
NODE_2913_length_11100_cov_4.125716	3431	3564	22	11	133	0.0827068
NODE_2913_length_11100_cov_4.125716	3431	3564	23	20	133	0.1503759
NODE_2913_length_11100_cov_4.125716	3431	3564	24	15	133	0.1127820
NODE_2913_length_11100_cov_4.125716	3431	3564	26	5	133	0.0375940
NODE_291472_length_806_cov_3.680339	590	723	0	30	133	0.2255639
NODE_291472_length_806_cov_3.680339	590	723	1	103	133	0.7744361
NODE_29147_length_4660_cov_4.285025	3327	3460	3	17	133	0.1278196
NODE_29147_length_4660_cov_4.285025	3327	3460	4	54	133	0.4060150
NODE_29147_length_4660_cov_4.285025	3327	3460	5	30	133	0.2255639
NODE_29147_length_4660_cov_4.285025	3327	3460	6	32	133	0.2406015
NODE_2914_length_11099_cov_4.930455	2523	2656	25	1	133	0.0075188
NODE_2914_length_11099_cov_4.930455	2523	2656	26	3	133	0.0225564
NODE_2914_length_11099_cov_4.930455	2523	2656	28	2	133	0.0150376
NODE_2914_length_11099_cov_4.930455	2523	2656	30	9	133	0.0676692
NODE_2914_length_11099_cov_4.930455	2523	2656	32	18	133	0.1353384
NODE_2914_length_11099_cov_4.930455	2523	2656	33	4	133	0.0300752
NODE_2914_length_11099_cov_4.930455	2523	2656	34	24	133	0.1804511
NODE_2914_length_11099_cov_4.930455	2523	2656	35	3	133	0.0225564
NODE_2914_length_11099_cov_4.930455	2523	2656	36	17	133	0.1278196
NODE_2914_length_11099_cov_4.930455	2523	2656	37	12	133	0.0902256
NODE_2914_length_11099_cov_4.930455	2523	2656	38	14	133	0.1052632
NODE_2914_length_11099_cov_4.930455	2523	2656	39	23	133	0.1729323
NODE_2914_length_11099_cov_4.930455	2523	2656	40	3	133	0.0225564
NODE_291505_length_806_cov_3.287129	481	614	39	3	133	0.0225564
NODE_291505_length_806_cov_3.287129	481	614	41	8	133	0.0601504
NODE_291505_length_806_cov_3.287129	481	614	42	3	133	0.0225564
NODE_291505_length_806_cov_3.287129	481	614	43	2	133	0.0150376
NODE_291505_length_806_cov_3.287129	481	614	44	1	133	0.0075188
NODE_291505_length_806_cov_3.287129	481	614	46	1	133	0.0075188
NODE_291505_length_806_cov_3.287129	481	614	47	1	133	0.0075188
NODE_291505_length_806_cov_3.287129	481	614	48	11	133	0.0827068
NODE_291505_length_806_cov_3.287129	481	614	51	1	133	0.0075188
NODE_291505_length_806_cov_3.287129	481	614	52	1	133	0.0075188
NODE_291505_length_806_cov_3.287129	481	614	53	3	133	0.0225564
NODE_291505_length_806_cov_3.287129	481	614	55	7	133	0.0526316
NODE_291505_length_806_cov_3.287129	481	614	56	1	133	0.0075188
NODE_291505_length_806_cov_3.287129	481	614	57	1	133	0.0075188
NODE_291505_length_806_cov_3.287129	481	614	61	1	133	0.0075188
NODE_291505_length_806_cov_3.287129	481	614	62	6	133	0.0451128
NODE_291505_length_806_cov_3.287129	481	614	63	3	133	0.0225564
NODE_291505_length_806_cov_3.287129	481	614	64	5	133	0.0375940
NODE_291505_length_806_cov_3.287129	481	614	65	4	133	0.0300752
NODE_291505_length_806_cov_3.287129	481	614	66	2	133	0.0150376
NODE_291505_length_806_cov_3.287129	481	614	68	2	133	0.0150376
NODE_291505_length_806_cov_3.287129	481	614	69	11	133	0.0827068
NODE_291505_length_806_cov_3.287129	481	614	70	5	133	0.0375940
NODE_291505_length_806_cov_3.287129	481	614	71	11	133	0.0827068
NODE_291505_length_806_cov_3.287129	481	614	72	12	133	0.0902256
NODE_291505_length_806_cov_3.287129	481	614	73	2	133	0.0150376
NODE_291505_length_806_cov_3.287129	481	614	74	6	133	0.0451128
NODE_291505_length_806_cov_3.287129	481	614	75	12	133	0.0902256
NODE_291505_length_806_cov_3.287129	481	614	76	4	133	0.0300752
NODE_291505_length_806_cov_3.287129	481	614	77	3	133	0.0225564
NODE_2917_length_11099_cov_4.416636	5442	5575	11	3	133	0.0225564
NODE_2917_length_11099_cov_4.416636	5442	5575	12	7	133	0.0526316
NODE_2917_length_11099_cov_4.416636	5442	5575	13	10	133	0.0751880
NODE_2917_length_11099_cov_4.416636	5442	5575	14	2	133	0.0150376
NODE_2917_length_11099_cov_4.416636	5442	5575	15	8	133	0.0601504
NODE_2917_length_11099_cov_4.416636	5442	5575	16	2	133	0.0150376
NODE_2917_length_11099_cov_4.416636	5442	5575	17	10	133	0.0751880
NODE_2917_length_11099_cov_4.416636	5442	5575	19	18	133	0.1353384
NODE_2917_length_11099_cov_4.416636	5442	5575	20	4	133	0.0300752
NODE_2917_length_11099_cov_4.416636	5442	5575	22	23	133	0.1729323
NODE_2917_length_11099_cov_4.416636	5442	5575	23	14	133	0.1052632
NODE_2917_length_11099_cov_4.416636	5442	5575	24	21	133	0.1578947
NODE_2917_length_11099_cov_4.416636	5442	5575	25	10	133	0.0751880
NODE_2917_length_11099_cov_4.416636	5442	5575	26	1	133	0.0075188
NODE_291868_length_804_cov_4.646809	300	433	3	36	133	0.2706767
NODE_291868_length_804_cov_4.646809	300	433	4	3	133	0.0225564
NODE_291868_length_804_cov_4.646809	300	433	5	94	133	0.7067669
NODE_292315_length_802_cov_7.398293	355	488	5	11	133	0.0827068
NODE_292315_length_802_cov_7.398293	355	488	6	7	133	0.0526316
NODE_292315_length_802_cov_7.398293	355	488	7	18	133	0.1353384
NODE_292315_length_802_cov_7.398293	355	488	8	8	133	0.0601504
NODE_292315_length_802_cov_7.398293	355	488	9	16	133	0.1203008
NODE_292315_length_802_cov_7.398293	355	488	10	58	133	0.4360902
NODE_292315_length_802_cov_7.398293	355	488	11	15	133	0.1127820
NODE_29249_length_4653_cov_4.107598	679	812	17	3	133	0.0225564
NODE_29249_length_4653_cov_4.107598	679	812	18	6	133	0.0451128
NODE_29249_length_4653_cov_4.107598	679	812	19	6	133	0.0451128
NODE_29249_length_4653_cov_4.107598	679	812	20	18	133	0.1353384
NODE_29249_length_4653_cov_4.107598	679	812	21	39	133	0.2932331
NODE_29249_length_4653_cov_4.107598	679	812	22	16	133	0.1203008
NODE_29249_length_4653_cov_4.107598	679	812	23	13	133	0.0977444
NODE_29249_length_4653_cov_4.107598	679	812	24	9	133	0.0676692
NODE_29249_length_4653_cov_4.107598	679	812	25	11	133	0.0827068
NODE_29249_length_4653_cov_4.107598	679	812	26	7	133	0.0526316
NODE_29249_length_4653_cov_4.107598	679	812	27	2	133	0.0150376
NODE_29249_length_4653_cov_4.107598	679	812	28	3	133	0.0225564
NODE_2925_length_11088_cov_4.622077	7904	8037	6	21	133	0.1578947
NODE_2925_length_11088_cov_4.622077	7904	8037	7	5	133	0.0375940
NODE_2925_length_11088_cov_4.622077	7904	8037	8	4	133	0.0300752
NODE_2925_length_11088_cov_4.622077	7904	8037	9	3	133	0.0225564
NODE_2925_length_11088_cov_4.622077	7904	8037	10	13	133	0.0977444
NODE_2925_length_11088_cov_4.622077	7904	8037	11	85	133	0.6390978
NODE_2925_length_11088_cov_4.622077	7904	8037	12	2	133	0.0150376
NODE_29269_length_4651_cov_5.131151	3897	4030	8	3	133	0.0225564
NODE_29269_length_4651_cov_5.131151	3897	4030	9	12	133	0.0902256
NODE_29269_length_4651_cov_5.131151	3897	4030	10	2	133	0.0150376
NODE_29269_length_4651_cov_5.131151	3897	4030	11	14	133	0.1052632
NODE_29269_length_4651_cov_5.131151	3897	4030	14	2	133	0.0150376
NODE_29269_length_4651_cov_5.131151	3897	4030	15	8	133	0.0601504
NODE_29269_length_4651_cov_5.131151	3897	4030	16	1	133	0.0075188
NODE_29269_length_4651_cov_5.131151	3897	4030	17	2	133	0.0150376
NODE_29269_length_4651_cov_5.131151	3897	4030	18	2	133	0.0150376
NODE_29269_length_4651_cov_5.131151	3897	4030	19	3	133	0.0225564
NODE_29269_length_4651_cov_5.131151	3897	4030	20	9	133	0.0676692
NODE_29269_length_4651_cov_5.131151	3897	4030	21	8	133	0.0601504
NODE_29269_length_4651_cov_5.131151	3897	4030	22	24	133	0.1804511
NODE_29269_length_4651_cov_5.131151	3897	4030	23	42	133	0.3157895
NODE_29269_length_4651_cov_5.131151	3897	4030	24	1	133	0.0075188
NODE_292753_length_800_cov_4.716120	532	665	6	5	133	0.0375940
NODE_292753_length_800_cov_4.716120	532	665	7	27	133	0.2030075
NODE_292753_length_800_cov_4.716120	532	665	8	13	133	0.0977444
NODE_292753_length_800_cov_4.716120	532	665	9	2	133	0.0150376
NODE_292753_length_800_cov_4.716120	532	665	10	14	133	0.1052632
NODE_292753_length_800_cov_4.716120	532	665	11	12	133	0.0902256
NODE_292753_length_800_cov_4.716120	532	665	12	34	133	0.2556391
NODE_292753_length_800_cov_4.716120	532	665	13	26	133	0.1954887
NODE_292870_length_800_cov_2.647646	637	770	2	69	133	0.5187970
NODE_292870_length_800_cov_2.647646	637	770	3	1	133	0.0075188
NODE_292870_length_800_cov_2.647646	637	770	4	3	133	0.0225564
NODE_292870_length_800_cov_2.647646	637	770	5	18	133	0.1353384
NODE_292870_length_800_cov_2.647646	637	770	6	42	133	0.3157895
NODE_29289_length_4650_cov_4.417710	3724	3857	5	21	133	0.1578947
NODE_29289_length_4650_cov_4.417710	3724	3857	6	6	133	0.0451128
NODE_29289_length_4650_cov_4.417710	3724	3857	7	7	133	0.0526316
NODE_29289_length_4650_cov_4.417710	3724	3857	8	15	133	0.1127820
NODE_29289_length_4650_cov_4.417710	3724	3857	9	19	133	0.1428571
NODE_29289_length_4650_cov_4.417710	3724	3857	10	65	133	0.4887218
NODE_2933_length_11081_cov_4.523584	9279	9412	21	6	133	0.0451128
NODE_2933_length_11081_cov_4.523584	9279	9412	22	4	133	0.0300752
NODE_2933_length_11081_cov_4.523584	9279	9412	23	9	133	0.0676692
NODE_2933_length_11081_cov_4.523584	9279	9412	24	4	133	0.0300752
NODE_2933_length_11081_cov_4.523584	9279	9412	26	9	133	0.0676692
NODE_2933_length_11081_cov_4.523584	9279	9412	27	1	133	0.0075188
NODE_2933_length_11081_cov_4.523584	9279	9412	28	4	133	0.0300752
NODE_2933_length_11081_cov_4.523584	9279	9412	29	19	133	0.1428571
NODE_2933_length_11081_cov_4.523584	9279	9412	30	23	133	0.1729323
NODE_2933_length_11081_cov_4.523584	9279	9412	31	23	133	0.1729323
NODE_2933_length_11081_cov_4.523584	9279	9412	32	12	133	0.0902256
NODE_2933_length_11081_cov_4.523584	9279	9412	33	13	133	0.0977444
NODE_2933_length_11081_cov_4.523584	9279	9412	34	6	133	0.0451128
NODE_29349_length_4645_cov_4.181478	635	768	10	8	133	0.0601504
NODE_29349_length_4645_cov_4.181478	635	768	11	1	133	0.0075188
NODE_29349_length_4645_cov_4.181478	635	768	13	12	133	0.0902256
NODE_29349_length_4645_cov_4.181478	635	768	14	11	133	0.0827068
NODE_29349_length_4645_cov_4.181478	635	768	15	5	133	0.0375940
NODE_29349_length_4645_cov_4.181478	635	768	16	2	133	0.0150376
NODE_29349_length_4645_cov_4.181478	635	768	17	1	133	0.0075188
NODE_29349_length_4645_cov_4.181478	635	768	18	4	133	0.0300752
NODE_29349_length_4645_cov_4.181478	635	768	19	10	133	0.0751880
NODE_29349_length_4645_cov_4.181478	635	768	20	14	133	0.1052632
NODE_29349_length_4645_cov_4.181478	635	768	21	41	133	0.3082707
NODE_29349_length_4645_cov_4.181478	635	768	22	3	133	0.0225564
NODE_29349_length_4645_cov_4.181478	635	768	23	21	133	0.1578947
NODE_29353_length_4645_cov_3.788385	2384	2517	3	6	133	0.0451128
NODE_29353_length_4645_cov_3.788385	2384	2517	4	3	133	0.0225564
NODE_29353_length_4645_cov_3.788385	2384	2517	6	7	133	0.0526316
NODE_29353_length_4645_cov_3.788385	2384	2517	7	21	133	0.1578947
NODE_29353_length_4645_cov_3.788385	2384	2517	8	28	133	0.2105263
NODE_29353_length_4645_cov_3.788385	2384	2517	9	62	133	0.4661654
NODE_29353_length_4645_cov_3.788385	2384	2517	10	6	133	0.0451128
NODE_2935_length_11080_cov_4.341681	4209	4342	12	5	133	0.0375940
NODE_2935_length_11080_cov_4.341681	4209	4342	13	1	133	0.0075188
NODE_2935_length_11080_cov_4.341681	4209	4342	15	19	133	0.1428571
NODE_2935_length_11080_cov_4.341681	4209	4342	16	20	133	0.1503759
NODE_2935_length_11080_cov_4.341681	4209	4342	17	6	133	0.0451128
NODE_2935_length_11080_cov_4.341681	4209	4342	18	30	133	0.2255639
NODE_2935_length_11080_cov_4.341681	4209	4342	19	29	133	0.2180451
NODE_2935_length_11080_cov_4.341681	4209	4342	20	3	133	0.0225564
NODE_2935_length_11080_cov_4.341681	4209	4342	21	11	133	0.0827068
NODE_2935_length_11080_cov_4.341681	4209	4342	22	9	133	0.0676692
NODE_293884_length_795_cov_3.428161	686	819	0	24	133	0.1804511
NODE_293884_length_795_cov_3.428161	686	819	2	16	133	0.1203008
NODE_293884_length_795_cov_3.428161	686	819	3	30	133	0.2255639
NODE_293884_length_795_cov_3.428161	686	819	4	43	133	0.3233083
NODE_293884_length_795_cov_3.428161	686	819	5	20	133	0.1503759
NODE_293910_length_795_cov_3.086207	238	371	1	3	133	0.0225564
NODE_293910_length_795_cov_3.086207	238	371	2	5	133	0.0375940
NODE_293910_length_795_cov_3.086207	238	371	3	9	133	0.0676692
NODE_293910_length_795_cov_3.086207	238	371	5	3	133	0.0225564
NODE_293910_length_795_cov_3.086207	238	371	6	22	133	0.1654135
NODE_293910_length_795_cov_3.086207	238	371	8	16	133	0.1203008
NODE_293910_length_795_cov_3.086207	238	371	10	8	133	0.0601504
NODE_293910_length_795_cov_3.086207	238	371	12	6	133	0.0451128
NODE_293910_length_795_cov_3.086207	238	371	14	61	133	0.4586466
NODE_294028_length_794_cov_4.257554	614	747	10	3	133	0.0225564
NODE_294028_length_794_cov_4.257554	614	747	13	2	133	0.0150376
NODE_294028_length_794_cov_4.257554	614	747	14	13	133	0.0977444
NODE_294028_length_794_cov_4.257554	614	747	15	1	133	0.0075188
NODE_294028_length_794_cov_4.257554	614	747	16	2	133	0.0150376
NODE_294028_length_794_cov_4.257554	614	747	18	10	133	0.0751880
NODE_294028_length_794_cov_4.257554	614	747	20	8	133	0.0601504
NODE_294028_length_794_cov_4.257554	614	747	21	2	133	0.0150376
NODE_294028_length_794_cov_4.257554	614	747	22	12	133	0.0902256
NODE_294028_length_794_cov_4.257554	614	747	23	2	133	0.0150376
NODE_294028_length_794_cov_4.257554	614	747	25	4	133	0.0300752
NODE_294028_length_794_cov_4.257554	614	747	27	3	133	0.0225564
NODE_294028_length_794_cov_4.257554	614	747	30	5	133	0.0375940
NODE_294028_length_794_cov_4.257554	614	747	31	6	133	0.0451128
NODE_294028_length_794_cov_4.257554	614	747	32	12	133	0.0902256
NODE_294028_length_794_cov_4.257554	614	747	34	10	133	0.0751880
NODE_294028_length_794_cov_4.257554	614	747	35	14	133	0.1052632
NODE_294028_length_794_cov_4.257554	614	747	36	18	133	0.1353384
NODE_294028_length_794_cov_4.257554	614	747	37	6	133	0.0451128
NODE_29403_length_4641_cov_3.804491	221	354	0	10	133	0.0751880
NODE_29403_length_4641_cov_3.804491	221	354	2	3	133	0.0225564
NODE_29403_length_4641_cov_3.804491	221	354	4	6	133	0.0451128
NODE_29403_length_4641_cov_3.804491	221	354	5	99	133	0.7443609
NODE_29403_length_4641_cov_3.804491	221	354	6	15	133	0.1127820
NODE_2942_length_11072_cov_4.076916	1195	1328	11	1	133	0.0075188
NODE_2942_length_11072_cov_4.076916	1195	1328	12	3	133	0.0225564
NODE_2942_length_11072_cov_4.076916	1195	1328	13	3	133	0.0225564
NODE_2942_length_11072_cov_4.076916	1195	1328	14	3	133	0.0225564
NODE_2942_length_11072_cov_4.076916	1195	1328	15	12	133	0.0902256
NODE_2942_length_11072_cov_4.076916	1195	1328	16	20	133	0.1503759
NODE_2942_length_11072_cov_4.076916	1195	1328	17	2	133	0.0150376
NODE_2942_length_11072_cov_4.076916	1195	1328	19	10	133	0.0751880
NODE_2942_length_11072_cov_4.076916	1195	1328	21	6	133	0.0451128
NODE_2942_length_11072_cov_4.076916	1195	1328	22	9	133	0.0676692
NODE_2942_length_11072_cov_4.076916	1195	1328	23	9	133	0.0676692
NODE_2942_length_11072_cov_4.076916	1195	1328	24	28	133	0.2105263
NODE_2942_length_11072_cov_4.076916	1195	1328	25	25	133	0.1879699
NODE_2942_length_11072_cov_4.076916	1195	1328	26	2	133	0.0150376
NODE_2943_length_11069_cov_5.166819	8990	9123	16	6	133	0.0451128
NODE_2943_length_11069_cov_5.166819	8990	9123	17	5	133	0.0375940
NODE_2943_length_11069_cov_5.166819	8990	9123	19	3	133	0.0225564
NODE_2943_length_11069_cov_5.166819	8990	9123	20	2	133	0.0150376
NODE_2943_length_11069_cov_5.166819	8990	9123	24	4	133	0.0300752
NODE_2943_length_11069_cov_5.166819	8990	9123	27	3	133	0.0225564
NODE_2943_length_11069_cov_5.166819	8990	9123	29	9	133	0.0676692
NODE_2943_length_11069_cov_5.166819	8990	9123	30	16	133	0.1203008
NODE_2943_length_11069_cov_5.166819	8990	9123	31	6	133	0.0451128
NODE_2943_length_11069_cov_5.166819	8990	9123	32	10	133	0.0751880
NODE_2943_length_11069_cov_5.166819	8990	9123	33	5	133	0.0375940
NODE_2943_length_11069_cov_5.166819	8990	9123	34	10	133	0.0751880
NODE_2943_length_11069_cov_5.166819	8990	9123	35	9	133	0.0676692
NODE_2943_length_11069_cov_5.166819	8990	9123	36	7	133	0.0526316
NODE_2943_length_11069_cov_5.166819	8990	9123	37	2	133	0.0150376
NODE_2943_length_11069_cov_5.166819	8990	9123	38	11	133	0.0827068
NODE_2943_length_11069_cov_5.166819	8990	9123	39	1	133	0.0075188
NODE_2943_length_11069_cov_5.166819	8990	9123	40	6	133	0.0451128
NODE_2943_length_11069_cov_5.166819	8990	9123	41	16	133	0.1203008
NODE_2943_length_11069_cov_5.166819	8990	9123	42	2	133	0.0150376
NODE_29440_length_4638_cov_4.556070	632	765	3	8	133	0.0601504
NODE_29440_length_4638_cov_4.556070	632	765	4	25	133	0.1879699
NODE_29440_length_4638_cov_4.556070	632	765	5	25	133	0.1879699
NODE_29440_length_4638_cov_4.556070	632	765	6	29	133	0.2180451
NODE_29440_length_4638_cov_4.556070	632	765	7	32	133	0.2406015
NODE_29440_length_4638_cov_4.556070	632	765	8	14	133	0.1052632
NODE_294427_length_792_cov_5.215007	416	549	8	4	133	0.0300752
NODE_294427_length_792_cov_5.215007	416	549	9	8	133	0.0601504
NODE_294427_length_792_cov_5.215007	416	549	10	1	133	0.0075188
NODE_294427_length_792_cov_5.215007	416	549	11	10	133	0.0751880
NODE_294427_length_792_cov_5.215007	416	549	12	10	133	0.0751880
NODE_294427_length_792_cov_5.215007	416	549	13	26	133	0.1954887
NODE_294427_length_792_cov_5.215007	416	549	14	9	133	0.0676692
NODE_294427_length_792_cov_5.215007	416	549	15	41	133	0.3082707
NODE_294427_length_792_cov_5.215007	416	549	16	10	133	0.0751880
NODE_294427_length_792_cov_5.215007	416	549	17	14	133	0.1052632
NODE_294470_length_792_cov_3.935065	318	451	0	126	133	0.9473684
NODE_294470_length_792_cov_3.935065	318	451	2	7	133	0.0526316
NODE_2944_length_11068_cov_4.882305	732	865	7	8	133	0.0601504
NODE_2944_length_11068_cov_4.882305	732	865	8	3	133	0.0225564
NODE_2944_length_11068_cov_4.882305	732	865	9	5	133	0.0375940
NODE_2944_length_11068_cov_4.882305	732	865	10	9	133	0.0676692
NODE_2944_length_11068_cov_4.882305	732	865	11	17	133	0.1278196
NODE_2944_length_11068_cov_4.882305	732	865	12	36	133	0.2706767
NODE_2944_length_11068_cov_4.882305	732	865	13	47	133	0.3533835
NODE_2944_length_11068_cov_4.882305	732	865	14	8	133	0.0601504
NODE_294519_length_792_cov_3.187590	628	761	4	11	133	0.0827068
NODE_294519_length_792_cov_3.187590	628	761	6	7	133	0.0526316
NODE_294519_length_792_cov_3.187590	628	761	7	63	133	0.4736842
NODE_294519_length_792_cov_3.187590	628	761	8	33	133	0.2481203
NODE_294519_length_792_cov_3.187590	628	761	9	19	133	0.1428571
NODE_294993_length_790_cov_2.115774	594	727	3	3	133	0.0225564
NODE_294993_length_790_cov_2.115774	594	727	4	12	133	0.0902256
NODE_294993_length_790_cov_2.115774	594	727	8	18	133	0.1353384
NODE_294993_length_790_cov_2.115774	594	727	9	34	133	0.2556391
NODE_294993_length_790_cov_2.115774	594	727	10	65	133	0.4887218
NODE_294993_length_790_cov_2.115774	594	727	11	1	133	0.0075188
NODE_29524_length_4631_cov_4.109223	2215	2348	8	2	133	0.0150376
NODE_29524_length_4631_cov_4.109223	2215	2348	9	2	133	0.0150376
NODE_29524_length_4631_cov_4.109223	2215	2348	10	5	133	0.0375940
NODE_29524_length_4631_cov_4.109223	2215	2348	11	5	133	0.0375940
NODE_29524_length_4631_cov_4.109223	2215	2348	12	2	133	0.0150376
NODE_29524_length_4631_cov_4.109223	2215	2348	13	15	133	0.1127820
NODE_29524_length_4631_cov_4.109223	2215	2348	15	16	133	0.1203008
NODE_29524_length_4631_cov_4.109223	2215	2348	16	49	133	0.3684210
NODE_29524_length_4631_cov_4.109223	2215	2348	17	26	133	0.1954887
NODE_29524_length_4631_cov_4.109223	2215	2348	18	4	133	0.0300752
NODE_29524_length_4631_cov_4.109223	2215	2348	19	7	133	0.0526316
NODE_29537_length_4630_cov_4.858089	2148	2281	11	2	133	0.0150376
NODE_29537_length_4630_cov_4.858089	2148	2281	12	7	133	0.0526316
NODE_29537_length_4630_cov_4.858089	2148	2281	14	18	133	0.1353384
NODE_29537_length_4630_cov_4.858089	2148	2281	16	6	133	0.0451128
NODE_29537_length_4630_cov_4.858089	2148	2281	17	1	133	0.0075188
NODE_29537_length_4630_cov_4.858089	2148	2281	19	2	133	0.0150376
NODE_29537_length_4630_cov_4.858089	2148	2281	21	13	133	0.0977444
NODE_29537_length_4630_cov_4.858089	2148	2281	22	33	133	0.2481203
NODE_29537_length_4630_cov_4.858089	2148	2281	23	24	133	0.1804511
NODE_29537_length_4630_cov_4.858089	2148	2281	24	12	133	0.0902256
NODE_29537_length_4630_cov_4.858089	2148	2281	25	15	133	0.1127820
NODE_2954_length_11059_cov_3.487956	7752	7885	16	5	133	0.0375940
NODE_2954_length_11059_cov_3.487956	7752	7885	17	3	133	0.0225564
NODE_2954_length_11059_cov_3.487956	7752	7885	18	2	133	0.0150376
NODE_2954_length_11059_cov_3.487956	7752	7885	19	15	133	0.1127820
NODE_2954_length_11059_cov_3.487956	7752	7885	20	15	133	0.1127820
NODE_2954_length_11059_cov_3.487956	7752	7885	21	5	133	0.0375940
NODE_2954_length_11059_cov_3.487956	7752	7885	22	11	133	0.0827068
NODE_2954_length_11059_cov_3.487956	7752	7885	24	1	133	0.0075188
NODE_2954_length_11059_cov_3.487956	7752	7885	26	9	133	0.0676692
NODE_2954_length_11059_cov_3.487956	7752	7885	27	4	133	0.0300752
NODE_2954_length_11059_cov_3.487956	7752	7885	28	2	133	0.0150376
NODE_2954_length_11059_cov_3.487956	7752	7885	29	6	133	0.0451128
NODE_2954_length_11059_cov_3.487956	7752	7885	30	8	133	0.0601504
NODE_2954_length_11059_cov_3.487956	7752	7885	31	9	133	0.0676692
NODE_2954_length_11059_cov_3.487956	7752	7885	32	5	133	0.0375940
NODE_2954_length_11059_cov_3.487956	7752	7885	33	1	133	0.0075188
NODE_2954_length_11059_cov_3.487956	7752	7885	35	10	133	0.0751880
NODE_2954_length_11059_cov_3.487956	7752	7885	36	2	133	0.0150376
NODE_2954_length_11059_cov_3.487956	7752	7885	37	3	133	0.0225564
NODE_2954_length_11059_cov_3.487956	7752	7885	38	1	133	0.0075188
NODE_2954_length_11059_cov_3.487956	7752	7885	39	1	133	0.0075188
NODE_2954_length_11059_cov_3.487956	7752	7885	40	3	133	0.0225564
NODE_2954_length_11059_cov_3.487956	7752	7885	41	1	133	0.0075188
NODE_2954_length_11059_cov_3.487956	7752	7885	42	6	133	0.0451128
NODE_2954_length_11059_cov_3.487956	7752	7885	43	5	133	0.0375940
NODE_29562_length_4628_cov_5.489512	3060	3193	3	7	133	0.0526316
NODE_29562_length_4628_cov_5.489512	3060	3193	4	22	133	0.1654135
NODE_29562_length_4628_cov_5.489512	3060	3193	5	23	133	0.1729323
NODE_29562_length_4628_cov_5.489512	3060	3193	6	10	133	0.0751880
NODE_29562_length_4628_cov_5.489512	3060	3193	7	33	133	0.2481203
NODE_29562_length_4628_cov_5.489512	3060	3193	8	38	133	0.2857143
NODE_295756_length_786_cov_3.272198	364	497	12	4	133	0.0300752
NODE_295756_length_786_cov_3.272198	364	497	13	10	133	0.0751880
NODE_295756_length_786_cov_3.272198	364	497	14	12	133	0.0902256
NODE_295756_length_786_cov_3.272198	364	497	16	4	133	0.0300752
NODE_295756_length_786_cov_3.272198	364	497	18	19	133	0.1428571
NODE_295756_length_786_cov_3.272198	364	497	19	34	133	0.2556391
NODE_295756_length_786_cov_3.272198	364	497	20	32	133	0.2406015
NODE_295756_length_786_cov_3.272198	364	497	21	17	133	0.1278196
NODE_295756_length_786_cov_3.272198	364	497	22	1	133	0.0075188
NODE_2957_length_11055_cov_4.847481	1122	1255	6	3	133	0.0225564
NODE_2957_length_11055_cov_4.847481	1122	1255	7	13	133	0.0977444
NODE_2957_length_11055_cov_4.847481	1122	1255	8	32	133	0.2406015
NODE_2957_length_11055_cov_4.847481	1122	1255	9	12	133	0.0902256
NODE_2957_length_11055_cov_4.847481	1122	1255	10	44	133	0.3308271
NODE_2957_length_11055_cov_4.847481	1122	1255	12	10	133	0.0751880
NODE_2957_length_11055_cov_4.847481	1122	1255	13	19	133	0.1428571
NODE_295899_length_785_cov_4.794461	201	334	1	15	133	0.1127820
NODE_295899_length_785_cov_4.794461	201	334	3	75	133	0.5639098
NODE_295899_length_785_cov_4.794461	201	334	4	39	133	0.2932331
NODE_295899_length_785_cov_4.794461	201	334	5	4	133	0.0300752
NODE_29590_length_4626_cov_5.052353	3892	4025	5	2	133	0.0150376
NODE_29590_length_4626_cov_5.052353	3892	4025	6	9	133	0.0676692
NODE_29590_length_4626_cov_5.052353	3892	4025	7	87	133	0.6541353
NODE_29590_length_4626_cov_5.052353	3892	4025	8	11	133	0.0827068
NODE_29590_length_4626_cov_5.052353	3892	4025	9	12	133	0.0902256
NODE_29590_length_4626_cov_5.052353	3892	4025	10	12	133	0.0902256
NODE_29593_length_4626_cov_4.814005	2251	2384	0	22	133	0.1654135
NODE_29593_length_4626_cov_4.814005	2251	2384	2	25	133	0.1879699
NODE_29593_length_4626_cov_4.814005	2251	2384	4	11	133	0.0827068
NODE_29593_length_4626_cov_4.814005	2251	2384	6	30	133	0.2255639
NODE_29593_length_4626_cov_4.814005	2251	2384	7	12	133	0.0902256
NODE_29593_length_4626_cov_4.814005	2251	2384	8	24	133	0.1804511
NODE_29593_length_4626_cov_4.814005	2251	2384	9	9	133	0.0676692
NODE_29606_length_4625_cov_4.937914	2697	2830	22	1	133	0.0075188
NODE_29606_length_4625_cov_4.937914	2697	2830	24	4	133	0.0300752
NODE_29606_length_4625_cov_4.937914	2697	2830	25	19	133	0.1428571
NODE_29606_length_4625_cov_4.937914	2697	2830	26	2	133	0.0150376
NODE_29606_length_4625_cov_4.937914	2697	2830	30	3	133	0.0225564
NODE_29606_length_4625_cov_4.937914	2697	2830	31	4	133	0.0300752
NODE_29606_length_4625_cov_4.937914	2697	2830	32	7	133	0.0526316
NODE_29606_length_4625_cov_4.937914	2697	2830	33	2	133	0.0150376
NODE_29606_length_4625_cov_4.937914	2697	2830	34	13	133	0.0977444
NODE_29606_length_4625_cov_4.937914	2697	2830	35	12	133	0.0902256
NODE_29606_length_4625_cov_4.937914	2697	2830	36	1	133	0.0075188
NODE_29606_length_4625_cov_4.937914	2697	2830	37	11	133	0.0827068
NODE_29606_length_4625_cov_4.937914	2697	2830	38	2	133	0.0150376
NODE_29606_length_4625_cov_4.937914	2697	2830	39	7	133	0.0526316
NODE_29606_length_4625_cov_4.937914	2697	2830	40	19	133	0.1428571
NODE_29606_length_4625_cov_4.937914	2697	2830	41	3	133	0.0225564
NODE_29606_length_4625_cov_4.937914	2697	2830	42	6	133	0.0451128
NODE_29606_length_4625_cov_4.937914	2697	2830	43	4	133	0.0300752
NODE_29606_length_4625_cov_4.937914	2697	2830	44	3	133	0.0225564
NODE_29606_length_4625_cov_4.937914	2697	2830	45	10	133	0.0751880
NODE_29607_length_4625_cov_4.686478	2912	3045	5	11	133	0.0827068
NODE_29607_length_4625_cov_4.686478	2912	3045	6	33	133	0.2481203
NODE_29607_length_4625_cov_4.686478	2912	3045	7	7	133	0.0526316
NODE_29607_length_4625_cov_4.686478	2912	3045	8	30	133	0.2255639
NODE_29607_length_4625_cov_4.686478	2912	3045	9	10	133	0.0751880
NODE_29607_length_4625_cov_4.686478	2912	3045	10	33	133	0.2481203
NODE_29607_length_4625_cov_4.686478	2912	3045	11	9	133	0.0676692
NODE_29637_length_4623_cov_5.738727	2019	2152	15	10	133	0.0751880
NODE_29637_length_4623_cov_5.738727	2019	2152	16	18	133	0.1353384
NODE_29637_length_4623_cov_5.738727	2019	2152	17	37	133	0.2781955
NODE_29637_length_4623_cov_5.738727	2019	2152	18	34	133	0.2556391
NODE_29637_length_4623_cov_5.738727	2019	2152	19	29	133	0.2180451
NODE_29637_length_4623_cov_5.738727	2019	2152	20	5	133	0.0375940
NODE_29669_length_4621_cov_5.280628	2559	2692	4	19	133	0.1428571
NODE_29669_length_4621_cov_5.280628	2559	2692	5	50	133	0.3759398
NODE_29669_length_4621_cov_5.280628	2559	2692	6	47	133	0.3533835
NODE_29669_length_4621_cov_5.280628	2559	2692	7	12	133	0.0902256
NODE_29669_length_4621_cov_5.280628	2559	2692	8	5	133	0.0375940
NODE_296764_length_781_cov_5.472141	395	528	9	2	133	0.0150376
NODE_296764_length_781_cov_5.472141	395	528	10	10	133	0.0751880
NODE_296764_length_781_cov_5.472141	395	528	11	13	133	0.0977444
NODE_296764_length_781_cov_5.472141	395	528	12	4	133	0.0300752
NODE_296764_length_781_cov_5.472141	395	528	15	4	133	0.0300752
NODE_296764_length_781_cov_5.472141	395	528	16	8	133	0.0601504
NODE_296764_length_781_cov_5.472141	395	528	18	4	133	0.0300752
NODE_296764_length_781_cov_5.472141	395	528	20	9	133	0.0676692
NODE_296764_length_781_cov_5.472141	395	528	22	6	133	0.0451128
NODE_296764_length_781_cov_5.472141	395	528	23	1	133	0.0075188
NODE_296764_length_781_cov_5.472141	395	528	24	2	133	0.0150376
NODE_296764_length_781_cov_5.472141	395	528	25	10	133	0.0751880
NODE_296764_length_781_cov_5.472141	395	528	26	13	133	0.0977444
NODE_296764_length_781_cov_5.472141	395	528	27	10	133	0.0751880
NODE_296764_length_781_cov_5.472141	395	528	28	27	133	0.2030075
NODE_296764_length_781_cov_5.472141	395	528	29	10	133	0.0751880
NODE_296988_length_780_cov_4.378855	360	493	8	1	133	0.0075188
NODE_296988_length_780_cov_4.378855	360	493	9	5	133	0.0375940
NODE_296988_length_780_cov_4.378855	360	493	10	15	133	0.1127820
NODE_296988_length_780_cov_4.378855	360	493	11	7	133	0.0526316
NODE_296988_length_780_cov_4.378855	360	493	12	12	133	0.0902256
NODE_296988_length_780_cov_4.378855	360	493	13	24	133	0.1804511
NODE_296988_length_780_cov_4.378855	360	493	14	19	133	0.1428571
NODE_296988_length_780_cov_4.378855	360	493	15	25	133	0.1879699
NODE_296988_length_780_cov_4.378855	360	493	16	25	133	0.1879699
NODE_29710_length_4619_cov_3.787611	2514	2647	7	1	133	0.0075188
NODE_29710_length_4619_cov_3.787611	2514	2647	8	1	133	0.0075188
NODE_29710_length_4619_cov_3.787611	2514	2647	9	4	133	0.0300752
NODE_29710_length_4619_cov_3.787611	2514	2647	10	1	133	0.0075188
NODE_29710_length_4619_cov_3.787611	2514	2647	11	13	133	0.0977444
NODE_29710_length_4619_cov_3.787611	2514	2647	12	11	133	0.0827068
NODE_29710_length_4619_cov_3.787611	2514	2647	13	42	133	0.3157895
NODE_29710_length_4619_cov_3.787611	2514	2647	16	16	133	0.1203008
NODE_29710_length_4619_cov_3.787611	2514	2647	17	3	133	0.0225564
NODE_29710_length_4619_cov_3.787611	2514	2647	18	1	133	0.0075188
NODE_29710_length_4619_cov_3.787611	2514	2647	19	6	133	0.0451128
NODE_29710_length_4619_cov_3.787611	2514	2647	20	13	133	0.0977444
NODE_29710_length_4619_cov_3.787611	2514	2647	21	3	133	0.0225564
NODE_29710_length_4619_cov_3.787611	2514	2647	24	5	133	0.0375940
NODE_29710_length_4619_cov_3.787611	2514	2647	25	10	133	0.0751880
NODE_29710_length_4619_cov_3.787611	2514	2647	26	3	133	0.0225564
NODE_297246_length_779_cov_3.329412	210	343	16	15	133	0.1127820
NODE_297246_length_779_cov_3.329412	210	343	17	12	133	0.0902256
NODE_297246_length_779_cov_3.329412	210	343	18	30	133	0.2255639
NODE_297246_length_779_cov_3.329412	210	343	19	14	133	0.1052632
NODE_297246_length_779_cov_3.329412	210	343	20	24	133	0.1804511
NODE_297246_length_779_cov_3.329412	210	343	22	6	133	0.0451128
NODE_297246_length_779_cov_3.329412	210	343	23	1	133	0.0075188
NODE_297246_length_779_cov_3.329412	210	343	25	1	133	0.0075188
NODE_297246_length_779_cov_3.329412	210	343	26	6	133	0.0451128
NODE_297246_length_779_cov_3.329412	210	343	27	1	133	0.0075188
NODE_297246_length_779_cov_3.329412	210	343	28	12	133	0.0902256
NODE_297246_length_779_cov_3.329412	210	343	29	11	133	0.0827068
NODE_29727_length_4617_cov_6.004427	1167	1300	0	13	133	0.0977444
NODE_29727_length_4617_cov_6.004427	1167	1300	2	19	133	0.1428571
NODE_29727_length_4617_cov_6.004427	1167	1300	3	101	133	0.7593985
NODE_2972_length_11041_cov_4.786054	2991	3124	17	15	133	0.1127820
NODE_2972_length_11041_cov_4.786054	2991	3124	18	8	133	0.0601504
NODE_2972_length_11041_cov_4.786054	2991	3124	19	5	133	0.0375940
NODE_2972_length_11041_cov_4.786054	2991	3124	20	5	133	0.0375940
NODE_2972_length_11041_cov_4.786054	2991	3124	22	13	133	0.0977444
NODE_2972_length_11041_cov_4.786054	2991	3124	23	11	133	0.0827068
NODE_2972_length_11041_cov_4.786054	2991	3124	24	15	133	0.1127820
NODE_2972_length_11041_cov_4.786054	2991	3124	25	12	133	0.0902256
NODE_2972_length_11041_cov_4.786054	2991	3124	26	8	133	0.0601504
NODE_2972_length_11041_cov_4.786054	2991	3124	27	22	133	0.1654135
NODE_2972_length_11041_cov_4.786054	2991	3124	28	11	133	0.0827068
NODE_2972_length_11041_cov_4.786054	2991	3124	29	8	133	0.0601504
NODE_297410_length_778_cov_4.182622	518	651	9	10	133	0.0751880
NODE_297410_length_778_cov_4.182622	518	651	10	1	133	0.0075188
NODE_297410_length_778_cov_4.182622	518	651	11	3	133	0.0225564
NODE_297410_length_778_cov_4.182622	518	651	13	6	133	0.0451128
NODE_297410_length_778_cov_4.182622	518	651	15	6	133	0.0451128
NODE_297410_length_778_cov_4.182622	518	651	16	1	133	0.0075188
NODE_297410_length_778_cov_4.182622	518	651	18	1	133	0.0075188
NODE_297410_length_778_cov_4.182622	518	651	19	34	133	0.2556391
NODE_297410_length_778_cov_4.182622	518	651	20	16	133	0.1203008
NODE_297410_length_778_cov_4.182622	518	651	21	7	133	0.0526316
NODE_297410_length_778_cov_4.182622	518	651	22	12	133	0.0902256
NODE_297410_length_778_cov_4.182622	518	651	23	14	133	0.1052632
NODE_297410_length_778_cov_4.182622	518	651	24	5	133	0.0375940
NODE_297410_length_778_cov_4.182622	518	651	25	17	133	0.1278196
NODE_297456_length_778_cov_3.406480	260	393	2	2	133	0.0150376
NODE_297456_length_778_cov_3.406480	260	393	3	4	133	0.0300752
NODE_297456_length_778_cov_3.406480	260	393	4	24	133	0.1804511
NODE_297456_length_778_cov_3.406480	260	393	5	3	133	0.0225564
NODE_297456_length_778_cov_3.406480	260	393	6	1	133	0.0075188
NODE_297456_length_778_cov_3.406480	260	393	7	14	133	0.1052632
NODE_297456_length_778_cov_3.406480	260	393	8	35	133	0.2631579
NODE_297456_length_778_cov_3.406480	260	393	9	7	133	0.0526316
NODE_297456_length_778_cov_3.406480	260	393	10	43	133	0.3233083
NODE_29747_length_4616_cov_4.951738	805	938	9	6	133	0.0451128
NODE_29747_length_4616_cov_4.951738	805	938	10	4	133	0.0300752
NODE_29747_length_4616_cov_4.951738	805	938	11	9	133	0.0676692
NODE_29747_length_4616_cov_4.951738	805	938	13	3	133	0.0225564
NODE_29747_length_4616_cov_4.951738	805	938	15	3	133	0.0225564
NODE_29747_length_4616_cov_4.951738	805	938	16	6	133	0.0451128
NODE_29747_length_4616_cov_4.951738	805	938	17	22	133	0.1654135
NODE_29747_length_4616_cov_4.951738	805	938	18	31	133	0.2330827
NODE_29747_length_4616_cov_4.951738	805	938	19	29	133	0.2180451
NODE_29747_length_4616_cov_4.951738	805	938	20	14	133	0.1052632
NODE_29747_length_4616_cov_4.951738	805	938	21	1	133	0.0075188
NODE_29747_length_4616_cov_4.951738	805	938	22	5	133	0.0375940
NODE_29755_length_4616_cov_3.419969	4061	4194	1	7	133	0.0526316
NODE_29755_length_4616_cov_3.419969	4061	4194	2	26	133	0.1954887
NODE_29755_length_4616_cov_3.419969	4061	4194	3	18	133	0.1353384
NODE_29755_length_4616_cov_3.419969	4061	4194	4	21	133	0.1578947
NODE_29755_length_4616_cov_3.419969	4061	4194	5	12	133	0.0902256
NODE_29755_length_4616_cov_3.419969	4061	4194	6	3	133	0.0225564
NODE_29755_length_4616_cov_3.419969	4061	4194	7	9	133	0.0676692
NODE_29755_length_4616_cov_3.419969	4061	4194	8	37	133	0.2781955
NODE_297577_length_777_cov_4.874631	320	453	21	4	133	0.0300752
NODE_297577_length_777_cov_4.874631	320	453	22	5	133	0.0375940
NODE_297577_length_777_cov_4.874631	320	453	23	33	133	0.2481203
NODE_297577_length_777_cov_4.874631	320	453	24	5	133	0.0375940
NODE_297577_length_777_cov_4.874631	320	453	25	45	133	0.3383459
NODE_297577_length_777_cov_4.874631	320	453	26	29	133	0.2180451
NODE_297577_length_777_cov_4.874631	320	453	27	12	133	0.0902256
NODE_29757_length_4615_cov_22.089238	3037	3170	18	7	133	0.0526316
NODE_29757_length_4615_cov_22.089238	3037	3170	19	15	133	0.1127820
NODE_29757_length_4615_cov_22.089238	3037	3170	20	8	133	0.0601504
NODE_29757_length_4615_cov_22.089238	3037	3170	21	12	133	0.0902256
NODE_29757_length_4615_cov_22.089238	3037	3170	22	24	133	0.1804511
NODE_29757_length_4615_cov_22.089238	3037	3170	23	13	133	0.0977444
NODE_29757_length_4615_cov_22.089238	3037	3170	24	14	133	0.1052632
NODE_29757_length_4615_cov_22.089238	3037	3170	25	25	133	0.1879699
NODE_29757_length_4615_cov_22.089238	3037	3170	26	1	133	0.0075188
NODE_29757_length_4615_cov_22.089238	3037	3170	27	13	133	0.0977444
NODE_29757_length_4615_cov_22.089238	3037	3170	28	1	133	0.0075188
NODE_29762_length_4615_cov_4.643711	614	747	1	32	133	0.2406015
NODE_29762_length_4615_cov_4.643711	614	747	3	8	133	0.0601504
NODE_29762_length_4615_cov_4.643711	614	747	4	4	133	0.0300752
NODE_29762_length_4615_cov_4.643711	614	747	5	45	133	0.3383459
NODE_29762_length_4615_cov_4.643711	614	747	6	33	133	0.2481203
NODE_29762_length_4615_cov_4.643711	614	747	7	4	133	0.0300752
NODE_29762_length_4615_cov_4.643711	614	747	8	7	133	0.0526316
NODE_29767_length_4614_cov_5.006423	1066	1199	3	10	133	0.0751880
NODE_29767_length_4614_cov_5.006423	1066	1199	4	2	133	0.0150376
NODE_29767_length_4614_cov_5.006423	1066	1199	5	15	133	0.1127820
NODE_29767_length_4614_cov_5.006423	1066	1199	6	50	133	0.3759398
NODE_29767_length_4614_cov_5.006423	1066	1199	7	1	133	0.0075188
NODE_29767_length_4614_cov_5.006423	1066	1199	8	52	133	0.3909774
NODE_29767_length_4614_cov_5.006423	1066	1199	9	3	133	0.0225564
NODE_297708_length_777_cov_2.595870	568	701	4	20	133	0.1503759
NODE_297708_length_777_cov_2.595870	568	701	5	5	133	0.0375940
NODE_297708_length_777_cov_2.595870	568	701	6	17	133	0.1278196
NODE_297708_length_777_cov_2.595870	568	701	7	61	133	0.4586466
NODE_297708_length_777_cov_2.595870	568	701	8	30	133	0.2255639
NODE_29782_length_4614_cov_3.032780	2397	2530	9	4	133	0.0300752
NODE_29782_length_4614_cov_3.032780	2397	2530	10	5	133	0.0375940
NODE_29782_length_4614_cov_3.032780	2397	2530	11	24	133	0.1804511
NODE_29782_length_4614_cov_3.032780	2397	2530	12	17	133	0.1278196
NODE_29782_length_4614_cov_3.032780	2397	2530	13	22	133	0.1654135
NODE_29782_length_4614_cov_3.032780	2397	2530	14	28	133	0.2105263
NODE_29782_length_4614_cov_3.032780	2397	2530	15	16	133	0.1203008
NODE_29782_length_4614_cov_3.032780	2397	2530	16	17	133	0.1278196
NODE_29794_length_4612_cov_5.009750	1657	1790	5	10	133	0.0751880
NODE_29794_length_4612_cov_5.009750	1657	1790	6	92	133	0.6917293
NODE_29794_length_4612_cov_5.009750	1657	1790	7	26	133	0.1954887
NODE_29794_length_4612_cov_5.009750	1657	1790	8	5	133	0.0375940
NODE_297995_length_775_cov_5.652367	106	239	3	7	133	0.0526316
NODE_297995_length_775_cov_5.652367	106	239	4	8	133	0.0601504
NODE_297995_length_775_cov_5.652367	106	239	5	14	133	0.1052632
NODE_297995_length_775_cov_5.652367	106	239	6	17	133	0.1278196
NODE_297995_length_775_cov_5.652367	106	239	7	2	133	0.0150376
NODE_297995_length_775_cov_5.652367	106	239	8	7	133	0.0526316
NODE_297995_length_775_cov_5.652367	106	239	9	19	133	0.1428571
NODE_297995_length_775_cov_5.652367	106	239	11	8	133	0.0601504
NODE_297995_length_775_cov_5.652367	106	239	14	14	133	0.1052632
NODE_297995_length_775_cov_5.652367	106	239	15	1	133	0.0075188
NODE_297995_length_775_cov_5.652367	106	239	16	36	133	0.2706767
NODE_297998_length_775_cov_5.434911	421	554	33	1	133	0.0075188
NODE_297998_length_775_cov_5.434911	421	554	34	6	133	0.0451128
NODE_297998_length_775_cov_5.434911	421	554	35	4	133	0.0300752
NODE_297998_length_775_cov_5.434911	421	554	36	2	133	0.0150376
NODE_297998_length_775_cov_5.434911	421	554	38	9	133	0.0676692
NODE_297998_length_775_cov_5.434911	421	554	39	14	133	0.1052632
NODE_297998_length_775_cov_5.434911	421	554	40	13	133	0.0977444
NODE_297998_length_775_cov_5.434911	421	554	41	14	133	0.1052632
NODE_297998_length_775_cov_5.434911	421	554	42	4	133	0.0300752
NODE_297998_length_775_cov_5.434911	421	554	43	5	133	0.0375940
NODE_297998_length_775_cov_5.434911	421	554	44	5	133	0.0375940
NODE_297998_length_775_cov_5.434911	421	554	45	12	133	0.0902256
NODE_297998_length_775_cov_5.434911	421	554	46	5	133	0.0375940
NODE_297998_length_775_cov_5.434911	421	554	47	4	133	0.0300752
NODE_297998_length_775_cov_5.434911	421	554	48	7	133	0.0526316
NODE_297998_length_775_cov_5.434911	421	554	49	2	133	0.0150376
NODE_297998_length_775_cov_5.434911	421	554	50	11	133	0.0827068
NODE_297998_length_775_cov_5.434911	421	554	51	7	133	0.0526316
NODE_297998_length_775_cov_5.434911	421	554	52	8	133	0.0601504
NODE_297_length_19921_cov_4.152860	13590	13723	6	28	133	0.2105263
NODE_297_length_19921_cov_4.152860	13590	13723	7	38	133	0.2857143
NODE_297_length_19921_cov_4.152860	13590	13723	8	44	133	0.3308271
NODE_297_length_19921_cov_4.152860	13590	13723	9	10	133	0.0751880
NODE_297_length_19921_cov_4.152860	13590	13723	10	13	133	0.0977444
NODE_29804_length_4612_cov_2.961445	138	271	2	36	133	0.2706767
NODE_29804_length_4612_cov_2.961445	138	271	4	29	133	0.2180451
NODE_29804_length_4612_cov_2.961445	138	271	6	46	133	0.3458647
NODE_29804_length_4612_cov_2.961445	138	271	7	22	133	0.1654135
NODE_298060_length_775_cov_3.815089	383	516	16	7	133	0.0526316
NODE_298060_length_775_cov_3.815089	383	516	17	2	133	0.0150376
NODE_298060_length_775_cov_3.815089	383	516	18	2	133	0.0150376
NODE_298060_length_775_cov_3.815089	383	516	19	2	133	0.0150376
NODE_298060_length_775_cov_3.815089	383	516	20	1	133	0.0075188
NODE_298060_length_775_cov_3.815089	383	516	22	11	133	0.0827068
NODE_298060_length_775_cov_3.815089	383	516	23	6	133	0.0451128
NODE_298060_length_775_cov_3.815089	383	516	24	7	133	0.0526316
NODE_298060_length_775_cov_3.815089	383	516	25	6	133	0.0451128
NODE_298060_length_775_cov_3.815089	383	516	27	1	133	0.0075188
NODE_298060_length_775_cov_3.815089	383	516	28	6	133	0.0451128
NODE_298060_length_775_cov_3.815089	383	516	29	21	133	0.1578947
NODE_298060_length_775_cov_3.815089	383	516	30	10	133	0.0751880
NODE_298060_length_775_cov_3.815089	383	516	31	25	133	0.1879699
NODE_298060_length_775_cov_3.815089	383	516	32	14	133	0.1052632
NODE_298060_length_775_cov_3.815089	383	516	33	11	133	0.0827068
NODE_298060_length_775_cov_3.815089	383	516	34	1	133	0.0075188
NODE_298483_length_773_cov_4.477745	103	236	10	5	133	0.0375940
NODE_298483_length_773_cov_4.477745	103	236	11	39	133	0.2932331
NODE_298483_length_773_cov_4.477745	103	236	12	12	133	0.0902256
NODE_298483_length_773_cov_4.477745	103	236	13	7	133	0.0526316
NODE_298483_length_773_cov_4.477745	103	236	14	16	133	0.1203008
NODE_298483_length_773_cov_4.477745	103	236	15	13	133	0.0977444
NODE_298483_length_773_cov_4.477745	103	236	16	33	133	0.2481203
NODE_298483_length_773_cov_4.477745	103	236	17	8	133	0.0601504
NODE_298551_length_773_cov_3.247774	282	415	11	7	133	0.0526316
NODE_298551_length_773_cov_3.247774	282	415	12	4	133	0.0300752
NODE_298551_length_773_cov_3.247774	282	415	13	13	133	0.0977444
NODE_298551_length_773_cov_3.247774	282	415	14	8	133	0.0601504
NODE_298551_length_773_cov_3.247774	282	415	15	20	133	0.1503759
NODE_298551_length_773_cov_3.247774	282	415	16	40	133	0.3007519
NODE_298551_length_773_cov_3.247774	282	415	17	10	133	0.0751880
NODE_298551_length_773_cov_3.247774	282	415	18	25	133	0.1879699
NODE_298551_length_773_cov_3.247774	282	415	19	6	133	0.0451128
NODE_2985_length_11021_cov_4.610602	6734	6867	4	5	133	0.0375940
NODE_2985_length_11021_cov_4.610602	6734	6867	5	3	133	0.0225564
NODE_2985_length_11021_cov_4.610602	6734	6867	6	9	133	0.0676692
NODE_2985_length_11021_cov_4.610602	6734	6867	7	32	133	0.2406015
NODE_2985_length_11021_cov_4.610602	6734	6867	8	69	133	0.5187970
NODE_2985_length_11021_cov_4.610602	6734	6867	9	7	133	0.0526316
NODE_2985_length_11021_cov_4.610602	6734	6867	10	8	133	0.0601504
NODE_29868_length_4608_cov_3.195387	3857	3990	2	35	133	0.2631579
NODE_29868_length_4608_cov_3.195387	3857	3990	4	2	133	0.0150376
NODE_29868_length_4608_cov_3.195387	3857	3990	5	23	133	0.1729323
NODE_29868_length_4608_cov_3.195387	3857	3990	6	43	133	0.3233083
NODE_29868_length_4608_cov_3.195387	3857	3990	7	30	133	0.2255639
NODE_29870_length_4607_cov_21.980035	1396	1529	12	29	133	0.2180451
NODE_29870_length_4607_cov_21.980035	1396	1529	13	11	133	0.0827068
NODE_29870_length_4607_cov_21.980035	1396	1529	14	30	133	0.2255639
NODE_29870_length_4607_cov_21.980035	1396	1529	15	16	133	0.1203008
NODE_29870_length_4607_cov_21.980035	1396	1529	16	4	133	0.0300752
NODE_29870_length_4607_cov_21.980035	1396	1529	18	5	133	0.0375940
NODE_29870_length_4607_cov_21.980035	1396	1529	19	10	133	0.0751880
NODE_29870_length_4607_cov_21.980035	1396	1529	20	28	133	0.2105263
NODE_29876_length_4607_cov_4.403283	2594	2727	7	9	133	0.0676692
NODE_29876_length_4607_cov_4.403283	2594	2727	12	1	133	0.0075188
NODE_29876_length_4607_cov_4.403283	2594	2727	13	3	133	0.0225564
NODE_29876_length_4607_cov_4.403283	2594	2727	14	5	133	0.0375940
NODE_29876_length_4607_cov_4.403283	2594	2727	16	2	133	0.0150376
NODE_29876_length_4607_cov_4.403283	2594	2727	18	8	133	0.0601504
NODE_29876_length_4607_cov_4.403283	2594	2727	19	38	133	0.2857143
NODE_29876_length_4607_cov_4.403283	2594	2727	20	25	133	0.1879699
NODE_29876_length_4607_cov_4.403283	2594	2727	21	12	133	0.0902256
NODE_29876_length_4607_cov_4.403283	2594	2727	22	1	133	0.0075188
NODE_29876_length_4607_cov_4.403283	2594	2727	23	7	133	0.0526316
NODE_29876_length_4607_cov_4.403283	2594	2727	24	20	133	0.1503759
NODE_29876_length_4607_cov_4.403283	2594	2727	25	2	133	0.0150376
NODE_2987_length_11020_cov_5.346305	6219	6352	28	1	133	0.0075188
NODE_2987_length_11020_cov_5.346305	6219	6352	31	5	133	0.0375940
NODE_2987_length_11020_cov_5.346305	6219	6352	32	22	133	0.1654135
NODE_2987_length_11020_cov_5.346305	6219	6352	33	25	133	0.1879699
NODE_2987_length_11020_cov_5.346305	6219	6352	34	23	133	0.1729323
NODE_2987_length_11020_cov_5.346305	6219	6352	35	9	133	0.0676692
NODE_2987_length_11020_cov_5.346305	6219	6352	36	12	133	0.0902256
NODE_2987_length_11020_cov_5.346305	6219	6352	37	13	133	0.0977444
NODE_2987_length_11020_cov_5.346305	6219	6352	38	14	133	0.1052632
NODE_2987_length_11020_cov_5.346305	6219	6352	39	9	133	0.0676692
NODE_298994_length_771_cov_3.318452	566	699	9	21	133	0.1578947
NODE_298994_length_771_cov_3.318452	566	699	10	11	133	0.0827068
NODE_298994_length_771_cov_3.318452	566	699	11	17	133	0.1278196
NODE_298994_length_771_cov_3.318452	566	699	12	41	133	0.3082707
NODE_298994_length_771_cov_3.318452	566	699	13	38	133	0.2857143
NODE_298994_length_771_cov_3.318452	566	699	14	5	133	0.0375940
NODE_29904_length_4605_cov_3.313360	2111	2244	23	4	133	0.0300752
NODE_29904_length_4605_cov_3.313360	2111	2244	24	6	133	0.0451128
NODE_29904_length_4605_cov_3.313360	2111	2244	25	7	133	0.0526316
NODE_29904_length_4605_cov_3.313360	2111	2244	26	5	133	0.0375940
NODE_29904_length_4605_cov_3.313360	2111	2244	27	2	133	0.0150376
NODE_29904_length_4605_cov_3.313360	2111	2244	28	3	133	0.0225564
NODE_29904_length_4605_cov_3.313360	2111	2244	29	3	133	0.0225564
NODE_29904_length_4605_cov_3.313360	2111	2244	31	1	133	0.0075188
NODE_29904_length_4605_cov_3.313360	2111	2244	32	3	133	0.0225564
NODE_29904_length_4605_cov_3.313360	2111	2244	33	18	133	0.1353384
NODE_29904_length_4605_cov_3.313360	2111	2244	34	33	133	0.2481203
NODE_29904_length_4605_cov_3.313360	2111	2244	35	26	133	0.1954887
NODE_29904_length_4605_cov_3.313360	2111	2244	36	17	133	0.1278196
NODE_29904_length_4605_cov_3.313360	2111	2244	37	5	133	0.0375940
NODE_299063_length_771_cov_2.388393	267	400	24	4	133	0.0300752
NODE_299063_length_771_cov_2.388393	267	400	25	4	133	0.0300752
NODE_299063_length_771_cov_2.388393	267	400	28	18	133	0.1353384
NODE_299063_length_771_cov_2.388393	267	400	29	33	133	0.2481203
NODE_299063_length_771_cov_2.388393	267	400	30	2	133	0.0150376
NODE_299063_length_771_cov_2.388393	267	400	32	4	133	0.0300752
NODE_299063_length_771_cov_2.388393	267	400	33	2	133	0.0150376
NODE_299063_length_771_cov_2.388393	267	400	34	1	133	0.0075188
NODE_299063_length_771_cov_2.388393	267	400	36	12	133	0.0902256
NODE_299063_length_771_cov_2.388393	267	400	37	24	133	0.1804511
NODE_299063_length_771_cov_2.388393	267	400	38	4	133	0.0300752
NODE_299063_length_771_cov_2.388393	267	400	39	18	133	0.1353384
NODE_299063_length_771_cov_2.388393	267	400	40	7	133	0.0526316
NODE_29907_length_4604_cov_5.841065	461	594	13	9	133	0.0676692
NODE_29907_length_4604_cov_5.841065	461	594	14	15	133	0.1127820
NODE_29907_length_4604_cov_5.841065	461	594	16	3	133	0.0225564
NODE_29907_length_4604_cov_5.841065	461	594	17	5	133	0.0375940
NODE_29907_length_4604_cov_5.841065	461	594	18	15	133	0.1127820
NODE_29907_length_4604_cov_5.841065	461	594	20	39	133	0.2932331
NODE_29907_length_4604_cov_5.841065	461	594	21	47	133	0.3533835
NODE_29930_length_4603_cov_4.544849	3476	3609	3	71	133	0.5338346
NODE_29930_length_4603_cov_4.544849	3476	3609	4	52	133	0.3909774
NODE_29930_length_4603_cov_4.544849	3476	3609	5	10	133	0.0751880
NODE_299502_length_769_cov_2.102985	447	580	1	1	133	0.0075188
NODE_299502_length_769_cov_2.102985	447	580	2	40	133	0.3007519
NODE_299502_length_769_cov_2.102985	447	580	4	92	133	0.6917293
NODE_299607_length_768_cov_3.612855	424	557	3	17	133	0.1278196
NODE_299607_length_768_cov_3.612855	424	557	4	12	133	0.0902256
NODE_299607_length_768_cov_3.612855	424	557	6	34	133	0.2556391
NODE_299607_length_768_cov_3.612855	424	557	7	19	133	0.1428571
NODE_299607_length_768_cov_3.612855	424	557	8	4	133	0.0300752
NODE_299607_length_768_cov_3.612855	424	557	9	14	133	0.1052632
NODE_299607_length_768_cov_3.612855	424	557	10	33	133	0.2481203
NODE_299623_length_768_cov_3.423019	607	740	6	6	133	0.0451128
NODE_299623_length_768_cov_3.423019	607	740	7	16	133	0.1203008
NODE_299623_length_768_cov_3.423019	607	740	9	5	133	0.0375940
NODE_299623_length_768_cov_3.423019	607	740	10	13	133	0.0977444
NODE_299623_length_768_cov_3.423019	607	740	11	22	133	0.1654135
NODE_299623_length_768_cov_3.423019	607	740	12	10	133	0.0751880
NODE_299623_length_768_cov_3.423019	607	740	13	31	133	0.2330827
NODE_299623_length_768_cov_3.423019	607	740	14	29	133	0.2180451
NODE_299623_length_768_cov_3.423019	607	740	15	1	133	0.0075188
NODE_29968_length_4600_cov_3.654077	680	813	6	20	133	0.1503759
NODE_29968_length_4600_cov_3.654077	680	813	8	18	133	0.1353384
NODE_29968_length_4600_cov_3.654077	680	813	10	5	133	0.0375940
NODE_29968_length_4600_cov_3.654077	680	813	11	14	133	0.1052632
NODE_29968_length_4600_cov_3.654077	680	813	12	8	133	0.0601504
NODE_29968_length_4600_cov_3.654077	680	813	13	15	133	0.1127820
NODE_29968_length_4600_cov_3.654077	680	813	14	17	133	0.1278196
NODE_29968_length_4600_cov_3.654077	680	813	15	36	133	0.2706767
NODE_299709_length_768_cov_2.421525	201	334	31	2	133	0.0150376
NODE_299709_length_768_cov_2.421525	201	334	33	2	133	0.0150376
NODE_299709_length_768_cov_2.421525	201	334	34	2	133	0.0150376
NODE_299709_length_768_cov_2.421525	201	334	38	4	133	0.0300752
NODE_299709_length_768_cov_2.421525	201	334	40	3	133	0.0225564
NODE_299709_length_768_cov_2.421525	201	334	41	2	133	0.0150376
NODE_299709_length_768_cov_2.421525	201	334	42	6	133	0.0451128
NODE_299709_length_768_cov_2.421525	201	334	43	7	133	0.0526316
NODE_299709_length_768_cov_2.421525	201	334	45	7	133	0.0526316
NODE_299709_length_768_cov_2.421525	201	334	46	5	133	0.0375940
NODE_299709_length_768_cov_2.421525	201	334	47	16	133	0.1203008
NODE_299709_length_768_cov_2.421525	201	334	48	3	133	0.0225564
NODE_299709_length_768_cov_2.421525	201	334	49	11	133	0.0827068
NODE_299709_length_768_cov_2.421525	201	334	50	5	133	0.0375940
NODE_299709_length_768_cov_2.421525	201	334	51	6	133	0.0451128
NODE_299709_length_768_cov_2.421525	201	334	52	2	133	0.0150376
NODE_299709_length_768_cov_2.421525	201	334	53	1	133	0.0075188
NODE_299709_length_768_cov_2.421525	201	334	54	7	133	0.0526316
NODE_299709_length_768_cov_2.421525	201	334	55	3	133	0.0225564
NODE_299709_length_768_cov_2.421525	201	334	56	11	133	0.0827068
NODE_299709_length_768_cov_2.421525	201	334	57	10	133	0.0751880
NODE_299709_length_768_cov_2.421525	201	334	58	11	133	0.0827068
NODE_299709_length_768_cov_2.421525	201	334	59	7	133	0.0526316
NODE_299780_length_767_cov_4.844311	615	748	6	8	133	0.0601504
NODE_299780_length_767_cov_4.844311	615	748	7	12	133	0.0902256
NODE_299780_length_767_cov_4.844311	615	748	8	10	133	0.0751880
NODE_299780_length_767_cov_4.844311	615	748	10	5	133	0.0375940
NODE_299780_length_767_cov_4.844311	615	748	11	25	133	0.1879699
NODE_299780_length_767_cov_4.844311	615	748	12	48	133	0.3609022
NODE_299780_length_767_cov_4.844311	615	748	13	14	133	0.1052632
NODE_299780_length_767_cov_4.844311	615	748	14	11	133	0.0827068
NODE_299_length_19899_cov_4.811465	7256	7389	4	3	133	0.0225564
NODE_299_length_19899_cov_4.811465	7256	7389	5	11	133	0.0827068
NODE_299_length_19899_cov_4.811465	7256	7389	6	4	133	0.0300752
NODE_299_length_19899_cov_4.811465	7256	7389	7	37	133	0.2781955
NODE_299_length_19899_cov_4.811465	7256	7389	9	2	133	0.0150376
NODE_299_length_19899_cov_4.811465	7256	7389	10	15	133	0.1127820
NODE_299_length_19899_cov_4.811465	7256	7389	11	4	133	0.0300752
NODE_299_length_19899_cov_4.811465	7256	7389	12	20	133	0.1503759
NODE_299_length_19899_cov_4.811465	7256	7389	13	12	133	0.0902256
NODE_299_length_19899_cov_4.811465	7256	7389	14	25	133	0.1879699
NODE_30003_length_4597_cov_4.497999	1028	1161	2	6	133	0.0451128
NODE_30003_length_4597_cov_4.497999	1028	1161	3	12	133	0.0902256
NODE_30003_length_4597_cov_4.497999	1028	1161	4	29	133	0.2180451
NODE_30003_length_4597_cov_4.497999	1028	1161	5	13	133	0.0977444
NODE_30003_length_4597_cov_4.497999	1028	1161	6	3	133	0.0225564
NODE_30003_length_4597_cov_4.497999	1028	1161	7	21	133	0.1578947
NODE_30003_length_4597_cov_4.497999	1028	1161	8	1	133	0.0075188
NODE_30003_length_4597_cov_4.497999	1028	1161	9	5	133	0.0375940
NODE_30003_length_4597_cov_4.497999	1028	1161	10	16	133	0.1203008
NODE_30003_length_4597_cov_4.497999	1028	1161	11	24	133	0.1804511
NODE_30003_length_4597_cov_4.497999	1028	1161	12	3	133	0.0225564
NODE_30007_length_4597_cov_4.063361	110	243	18	3	133	0.0225564
NODE_30007_length_4597_cov_4.063361	110	243	20	7	133	0.0526316
NODE_30007_length_4597_cov_4.063361	110	243	22	16	133	0.1203008
NODE_30007_length_4597_cov_4.063361	110	243	23	3	133	0.0225564
NODE_30007_length_4597_cov_4.063361	110	243	24	1	133	0.0075188
NODE_30007_length_4597_cov_4.063361	110	243	25	3	133	0.0225564
NODE_30007_length_4597_cov_4.063361	110	243	26	1	133	0.0075188
NODE_30007_length_4597_cov_4.063361	110	243	28	9	133	0.0676692
NODE_30007_length_4597_cov_4.063361	110	243	29	1	133	0.0075188
NODE_30007_length_4597_cov_4.063361	110	243	30	3	133	0.0225564
NODE_30007_length_4597_cov_4.063361	110	243	31	4	133	0.0300752
NODE_30007_length_4597_cov_4.063361	110	243	32	5	133	0.0375940
NODE_30007_length_4597_cov_4.063361	110	243	33	6	133	0.0451128
NODE_30007_length_4597_cov_4.063361	110	243	34	14	133	0.1052632
NODE_30007_length_4597_cov_4.063361	110	243	35	27	133	0.2030075
NODE_30007_length_4597_cov_4.063361	110	243	36	22	133	0.1654135
NODE_30007_length_4597_cov_4.063361	110	243	38	8	133	0.0601504
NODE_300136_length_766_cov_2.850075	359	492	34	4	133	0.0300752
NODE_300136_length_766_cov_2.850075	359	492	35	1	133	0.0075188
NODE_300136_length_766_cov_2.850075	359	492	36	3	133	0.0225564
NODE_300136_length_766_cov_2.850075	359	492	37	6	133	0.0451128
NODE_300136_length_766_cov_2.850075	359	492	38	2	133	0.0150376
NODE_300136_length_766_cov_2.850075	359	492	39	17	133	0.1278196
NODE_300136_length_766_cov_2.850075	359	492	40	12	133	0.0902256
NODE_300136_length_766_cov_2.850075	359	492	41	9	133	0.0676692
NODE_300136_length_766_cov_2.850075	359	492	42	15	133	0.1127820
NODE_300136_length_766_cov_2.850075	359	492	43	13	133	0.0977444
NODE_300136_length_766_cov_2.850075	359	492	44	14	133	0.1052632
NODE_300136_length_766_cov_2.850075	359	492	45	14	133	0.1052632
NODE_300136_length_766_cov_2.850075	359	492	46	15	133	0.1127820
NODE_300136_length_766_cov_2.850075	359	492	47	7	133	0.0526316
NODE_300136_length_766_cov_2.850075	359	492	48	1	133	0.0075188
NODE_300181_length_766_cov_2.424288	277	410	11	38	133	0.2857143
NODE_300181_length_766_cov_2.424288	277	410	12	14	133	0.1052632
NODE_300181_length_766_cov_2.424288	277	410	13	30	133	0.2255639
NODE_300181_length_766_cov_2.424288	277	410	14	1	133	0.0075188
NODE_300181_length_766_cov_2.424288	277	410	15	29	133	0.2180451
NODE_300181_length_766_cov_2.424288	277	410	16	9	133	0.0676692
NODE_300181_length_766_cov_2.424288	277	410	17	11	133	0.0827068
NODE_300181_length_766_cov_2.424288	277	410	18	1	133	0.0075188
NODE_300216_length_766_cov_2.038981	349	482	3	12	133	0.0902256
NODE_300216_length_766_cov_2.038981	349	482	4	18	133	0.1353384
NODE_300216_length_766_cov_2.038981	349	482	7	15	133	0.1127820
NODE_300216_length_766_cov_2.038981	349	482	8	6	133	0.0451128
NODE_300216_length_766_cov_2.038981	349	482	10	30	133	0.2255639
NODE_300216_length_766_cov_2.038981	349	482	11	23	133	0.1729323
NODE_300216_length_766_cov_2.038981	349	482	12	29	133	0.2180451
NODE_300327_length_765_cov_3.396396	242	375	4	19	133	0.1428571
NODE_300327_length_765_cov_3.396396	242	375	5	11	133	0.0827068
NODE_300327_length_765_cov_3.396396	242	375	8	29	133	0.2180451
NODE_300327_length_765_cov_3.396396	242	375	9	27	133	0.2030075
NODE_300327_length_765_cov_3.396396	242	375	10	43	133	0.3233083
NODE_300327_length_765_cov_3.396396	242	375	11	4	133	0.0300752
NODE_30063_length_4593_cov_4.878727	1292	1425	18	3	133	0.0225564
NODE_30063_length_4593_cov_4.878727	1292	1425	20	1	133	0.0075188
NODE_30063_length_4593_cov_4.878727	1292	1425	21	4	133	0.0300752
NODE_30063_length_4593_cov_4.878727	1292	1425	24	6	133	0.0451128
NODE_30063_length_4593_cov_4.878727	1292	1425	25	3	133	0.0225564
NODE_30063_length_4593_cov_4.878727	1292	1425	26	5	133	0.0375940
NODE_30063_length_4593_cov_4.878727	1292	1425	28	1	133	0.0075188
NODE_30063_length_4593_cov_4.878727	1292	1425	31	7	133	0.0526316
NODE_30063_length_4593_cov_4.878727	1292	1425	34	22	133	0.1654135
NODE_30063_length_4593_cov_4.878727	1292	1425	35	16	133	0.1203008
NODE_30063_length_4593_cov_4.878727	1292	1425	36	11	133	0.0827068
NODE_30063_length_4593_cov_4.878727	1292	1425	37	17	133	0.1278196
NODE_30063_length_4593_cov_4.878727	1292	1425	38	16	133	0.1203008
NODE_30063_length_4593_cov_4.878727	1292	1425	39	14	133	0.1052632
NODE_30063_length_4593_cov_4.878727	1292	1425	40	2	133	0.0150376
NODE_30063_length_4593_cov_4.878727	1292	1425	41	5	133	0.0375940
NODE_30078_length_4592_cov_4.709993	3389	3522	0	32	133	0.2406015
NODE_30078_length_4592_cov_4.709993	3389	3522	3	5	133	0.0375940
NODE_30078_length_4592_cov_4.709993	3389	3522	4	96	133	0.7218045
NODE_30097_length_4591_cov_4.447240	2831	2964	3	17	133	0.1278196
NODE_30097_length_4591_cov_4.447240	2831	2964	4	22	133	0.1654135
NODE_30097_length_4591_cov_4.447240	2831	2964	5	3	133	0.0225564
NODE_30097_length_4591_cov_4.447240	2831	2964	6	42	133	0.3157895
NODE_30097_length_4591_cov_4.447240	2831	2964	7	49	133	0.3684210
NODE_3011_length_10999_cov_4.314679	6480	6613	9	5	133	0.0375940
NODE_3011_length_10999_cov_4.314679	6480	6613	10	10	133	0.0751880
NODE_3011_length_10999_cov_4.314679	6480	6613	11	3	133	0.0225564
NODE_3011_length_10999_cov_4.314679	6480	6613	12	6	133	0.0451128
NODE_3011_length_10999_cov_4.314679	6480	6613	13	9	133	0.0676692
NODE_3011_length_10999_cov_4.314679	6480	6613	14	4	133	0.0300752
NODE_3011_length_10999_cov_4.314679	6480	6613	16	3	133	0.0225564
NODE_3011_length_10999_cov_4.314679	6480	6613	17	12	133	0.0902256
NODE_3011_length_10999_cov_4.314679	6480	6613	18	26	133	0.1954887
NODE_3011_length_10999_cov_4.314679	6480	6613	19	12	133	0.0902256
NODE_3011_length_10999_cov_4.314679	6480	6613	20	8	133	0.0601504
NODE_3011_length_10999_cov_4.314679	6480	6613	21	27	133	0.2030075
NODE_3011_length_10999_cov_4.314679	6480	6613	22	8	133	0.0601504
NODE_3012_length_10999_cov_4.278624	119	252	10	3	133	0.0225564
NODE_3012_length_10999_cov_4.278624	119	252	11	5	133	0.0375940
NODE_3012_length_10999_cov_4.278624	119	252	12	4	133	0.0300752
NODE_3012_length_10999_cov_4.278624	119	252	14	7	133	0.0526316
NODE_3012_length_10999_cov_4.278624	119	252	15	3	133	0.0225564
NODE_3012_length_10999_cov_4.278624	119	252	17	5	133	0.0375940
NODE_3012_length_10999_cov_4.278624	119	252	18	9	133	0.0676692
NODE_3012_length_10999_cov_4.278624	119	252	19	3	133	0.0225564
NODE_3012_length_10999_cov_4.278624	119	252	20	3	133	0.0225564
NODE_3012_length_10999_cov_4.278624	119	252	22	3	133	0.0225564
NODE_3012_length_10999_cov_4.278624	119	252	23	6	133	0.0451128
NODE_3012_length_10999_cov_4.278624	119	252	24	1	133	0.0075188
NODE_3012_length_10999_cov_4.278624	119	252	25	1	133	0.0075188
NODE_3012_length_10999_cov_4.278624	119	252	26	6	133	0.0451128
NODE_3012_length_10999_cov_4.278624	119	252	27	15	133	0.1127820
NODE_3012_length_10999_cov_4.278624	119	252	28	28	133	0.2105263
NODE_3012_length_10999_cov_4.278624	119	252	29	31	133	0.2330827
NODE_30133_length_4588_cov_5.749833	4250	4383	24	3	133	0.0225564
NODE_30133_length_4588_cov_5.749833	4250	4383	26	2	133	0.0150376
NODE_30133_length_4588_cov_5.749833	4250	4383	27	3	133	0.0225564
NODE_30133_length_4588_cov_5.749833	4250	4383	28	3	133	0.0225564
NODE_30133_length_4588_cov_5.749833	4250	4383	29	3	133	0.0225564
NODE_30133_length_4588_cov_5.749833	4250	4383	31	1	133	0.0075188
NODE_30133_length_4588_cov_5.749833	4250	4383	32	1	133	0.0075188
NODE_30133_length_4588_cov_5.749833	4250	4383	33	1	133	0.0075188
NODE_30133_length_4588_cov_5.749833	4250	4383	34	2	133	0.0150376
NODE_30133_length_4588_cov_5.749833	4250	4383	35	7	133	0.0526316
NODE_30133_length_4588_cov_5.749833	4250	4383	36	9	133	0.0676692
NODE_30133_length_4588_cov_5.749833	4250	4383	37	7	133	0.0526316
NODE_30133_length_4588_cov_5.749833	4250	4383	38	9	133	0.0676692
NODE_30133_length_4588_cov_5.749833	4250	4383	39	4	133	0.0300752
NODE_30133_length_4588_cov_5.749833	4250	4383	40	2	133	0.0150376
NODE_30133_length_4588_cov_5.749833	4250	4383	41	13	133	0.0977444
NODE_30133_length_4588_cov_5.749833	4250	4383	42	17	133	0.1278196
NODE_30133_length_4588_cov_5.749833	4250	4383	43	10	133	0.0751880
NODE_30133_length_4588_cov_5.749833	4250	4383	44	19	133	0.1428571
NODE_30133_length_4588_cov_5.749833	4250	4383	45	4	133	0.0300752
NODE_30133_length_4588_cov_5.749833	4250	4383	46	3	133	0.0225564
NODE_30133_length_4588_cov_5.749833	4250	4383	47	10	133	0.0751880
NODE_30149_length_4587_cov_4.378565	2754	2887	7	8	133	0.0601504
NODE_30149_length_4587_cov_4.378565	2754	2887	8	16	133	0.1203008
NODE_30149_length_4587_cov_4.378565	2754	2887	9	52	133	0.3909774
NODE_30149_length_4587_cov_4.378565	2754	2887	10	41	133	0.3082707
NODE_30149_length_4587_cov_4.378565	2754	2887	12	16	133	0.1203008
NODE_301601_length_759_cov_5.422727	567	700	2	8	133	0.0601504
NODE_301601_length_759_cov_5.422727	567	700	4	10	133	0.0751880
NODE_301601_length_759_cov_5.422727	567	700	6	17	133	0.1278196
NODE_301601_length_759_cov_5.422727	567	700	8	3	133	0.0225564
NODE_301601_length_759_cov_5.422727	567	700	9	24	133	0.1804511
NODE_301601_length_759_cov_5.422727	567	700	10	71	133	0.5338346
NODE_301696_length_759_cov_3.089394	566	699	18	5	133	0.0375940
NODE_301696_length_759_cov_3.089394	566	699	19	4	133	0.0300752
NODE_301696_length_759_cov_3.089394	566	699	20	7	133	0.0526316
NODE_301696_length_759_cov_3.089394	566	699	21	1	133	0.0075188
NODE_301696_length_759_cov_3.089394	566	699	22	6	133	0.0451128
NODE_301696_length_759_cov_3.089394	566	699	23	3	133	0.0225564
NODE_301696_length_759_cov_3.089394	566	699	24	18	133	0.1353384
NODE_301696_length_759_cov_3.089394	566	699	25	1	133	0.0075188
NODE_301696_length_759_cov_3.089394	566	699	26	4	133	0.0300752
NODE_301696_length_759_cov_3.089394	566	699	28	7	133	0.0526316
NODE_301696_length_759_cov_3.089394	566	699	29	11	133	0.0827068
NODE_301696_length_759_cov_3.089394	566	699	30	12	133	0.0902256
NODE_301696_length_759_cov_3.089394	566	699	31	1	133	0.0075188
NODE_301696_length_759_cov_3.089394	566	699	32	5	133	0.0375940
NODE_301696_length_759_cov_3.089394	566	699	33	16	133	0.1203008
NODE_301696_length_759_cov_3.089394	566	699	34	6	133	0.0451128
NODE_301696_length_759_cov_3.089394	566	699	35	6	133	0.0451128
NODE_301696_length_759_cov_3.089394	566	699	36	20	133	0.1503759
NODE_3017_length_10991_cov_4.532960	8428	8561	12	20	133	0.1503759
NODE_3017_length_10991_cov_4.532960	8428	8561	15	9	133	0.0676692
NODE_3017_length_10991_cov_4.532960	8428	8561	16	3	133	0.0225564
NODE_3017_length_10991_cov_4.532960	8428	8561	18	5	133	0.0375940
NODE_3017_length_10991_cov_4.532960	8428	8561	19	19	133	0.1428571
NODE_3017_length_10991_cov_4.532960	8428	8561	20	11	133	0.0827068
NODE_3017_length_10991_cov_4.532960	8428	8561	22	7	133	0.0526316
NODE_3017_length_10991_cov_4.532960	8428	8561	23	5	133	0.0375940
NODE_3017_length_10991_cov_4.532960	8428	8561	24	29	133	0.2180451
NODE_3017_length_10991_cov_4.532960	8428	8561	25	25	133	0.1879699
NODE_301813_length_759_cov_1.569697	570	703	5	21	133	0.1578947
NODE_301813_length_759_cov_1.569697	570	703	6	28	133	0.2105263
NODE_301813_length_759_cov_1.569697	570	703	7	1	133	0.0075188
NODE_301813_length_759_cov_1.569697	570	703	8	10	133	0.0751880
NODE_301813_length_759_cov_1.569697	570	703	9	9	133	0.0676692
NODE_301813_length_759_cov_1.569697	570	703	11	5	133	0.0375940
NODE_301813_length_759_cov_1.569697	570	703	12	1	133	0.0075188
NODE_301813_length_759_cov_1.569697	570	703	13	9	133	0.0676692
NODE_301813_length_759_cov_1.569697	570	703	14	4	133	0.0300752
NODE_301813_length_759_cov_1.569697	570	703	15	1	133	0.0075188
NODE_301813_length_759_cov_1.569697	570	703	16	44	133	0.3308271
NODE_30192_length_4585_cov_3.703299	906	1039	5	6	133	0.0451128
NODE_30192_length_4585_cov_3.703299	906	1039	6	21	133	0.1578947
NODE_30192_length_4585_cov_3.703299	906	1039	7	3	133	0.0225564
NODE_30192_length_4585_cov_3.703299	906	1039	8	8	133	0.0601504
NODE_30192_length_4585_cov_3.703299	906	1039	9	4	133	0.0300752
NODE_30192_length_4585_cov_3.703299	906	1039	10	13	133	0.0977444
NODE_30192_length_4585_cov_3.703299	906	1039	12	76	133	0.5714286
NODE_30192_length_4585_cov_3.703299	906	1039	13	2	133	0.0150376
NODE_3019_length_10988_cov_5.314354	3767	3900	10	14	133	0.1052632
NODE_3019_length_10988_cov_5.314354	3767	3900	11	25	133	0.1879699
NODE_3019_length_10988_cov_5.314354	3767	3900	12	6	133	0.0451128
NODE_3019_length_10988_cov_5.314354	3767	3900	13	34	133	0.2556391
NODE_3019_length_10988_cov_5.314354	3767	3900	14	21	133	0.1578947
NODE_3019_length_10988_cov_5.314354	3767	3900	15	7	133	0.0526316
NODE_3019_length_10988_cov_5.314354	3767	3900	16	2	133	0.0150376
NODE_3019_length_10988_cov_5.314354	3767	3900	17	7	133	0.0526316
NODE_3019_length_10988_cov_5.314354	3767	3900	19	5	133	0.0375940
NODE_3019_length_10988_cov_5.314354	3767	3900	20	11	133	0.0827068
NODE_3019_length_10988_cov_5.314354	3767	3900	21	1	133	0.0075188
NODE_30228_length_4582_cov_4.158822	2272	2405	12	1	133	0.0075188
NODE_30228_length_4582_cov_4.158822	2272	2405	13	22	133	0.1654135
NODE_30228_length_4582_cov_4.158822	2272	2405	14	19	133	0.1428571
NODE_30228_length_4582_cov_4.158822	2272	2405	15	31	133	0.2330827
NODE_30228_length_4582_cov_4.158822	2272	2405	16	18	133	0.1353384
NODE_30228_length_4582_cov_4.158822	2272	2405	18	10	133	0.0751880
NODE_30228_length_4582_cov_4.158822	2272	2405	19	17	133	0.1278196
NODE_30228_length_4582_cov_4.158822	2272	2405	20	11	133	0.0827068
NODE_30228_length_4582_cov_4.158822	2272	2405	21	4	133	0.0300752
NODE_302382_length_756_cov_2.948250	150	283	5	15	133	0.1127820
NODE_302382_length_756_cov_2.948250	150	283	7	4	133	0.0300752
NODE_302382_length_756_cov_2.948250	150	283	8	12	133	0.0902256
NODE_302382_length_756_cov_2.948250	150	283	9	2	133	0.0150376
NODE_302382_length_756_cov_2.948250	150	283	10	2	133	0.0150376
NODE_302382_length_756_cov_2.948250	150	283	11	19	133	0.1428571
NODE_302382_length_756_cov_2.948250	150	283	14	1	133	0.0075188
NODE_302382_length_756_cov_2.948250	150	283	17	3	133	0.0225564
NODE_302382_length_756_cov_2.948250	150	283	18	11	133	0.0827068
NODE_302382_length_756_cov_2.948250	150	283	20	7	133	0.0526316
NODE_302382_length_756_cov_2.948250	150	283	21	15	133	0.1127820
NODE_302382_length_756_cov_2.948250	150	283	22	9	133	0.0676692
NODE_302382_length_756_cov_2.948250	150	283	23	2	133	0.0150376
NODE_302382_length_756_cov_2.948250	150	283	24	14	133	0.1052632
NODE_302382_length_756_cov_2.948250	150	283	25	17	133	0.1278196
NODE_3023_length_10985_cov_4.767775	7182	7315	6	11	133	0.0827068
NODE_3023_length_10985_cov_4.767775	7182	7315	7	45	133	0.3383459
NODE_3023_length_10985_cov_4.767775	7182	7315	8	6	133	0.0451128
NODE_3023_length_10985_cov_4.767775	7182	7315	9	15	133	0.1127820
NODE_3023_length_10985_cov_4.767775	7182	7315	10	26	133	0.1954887
NODE_3023_length_10985_cov_4.767775	7182	7315	11	2	133	0.0150376
NODE_3023_length_10985_cov_4.767775	7182	7315	12	20	133	0.1503759
NODE_3023_length_10985_cov_4.767775	7182	7315	13	8	133	0.0601504
NODE_30250_length_4581_cov_3.630968	2413	2546	5	8	133	0.0601504
NODE_30250_length_4581_cov_3.630968	2413	2546	7	1	133	0.0075188
NODE_30250_length_4581_cov_3.630968	2413	2546	8	12	133	0.0902256
NODE_30250_length_4581_cov_3.630968	2413	2546	9	28	133	0.2105263
NODE_30250_length_4581_cov_3.630968	2413	2546	10	13	133	0.0977444
NODE_30250_length_4581_cov_3.630968	2413	2546	11	31	133	0.2330827
NODE_30250_length_4581_cov_3.630968	2413	2546	12	28	133	0.2105263
NODE_30250_length_4581_cov_3.630968	2413	2546	14	12	133	0.0902256
NODE_30252_length_4581_cov_3.500892	359	492	7	2	133	0.0150376
NODE_30252_length_4581_cov_3.500892	359	492	8	1	133	0.0075188
NODE_30252_length_4581_cov_3.500892	359	492	9	1	133	0.0075188
NODE_30252_length_4581_cov_3.500892	359	492	10	16	133	0.1203008
NODE_30252_length_4581_cov_3.500892	359	492	11	16	133	0.1203008
NODE_30252_length_4581_cov_3.500892	359	492	12	6	133	0.0451128
NODE_30252_length_4581_cov_3.500892	359	492	14	7	133	0.0526316
NODE_30252_length_4581_cov_3.500892	359	492	16	1	133	0.0075188
NODE_30252_length_4581_cov_3.500892	359	492	19	8	133	0.0601504
NODE_30252_length_4581_cov_3.500892	359	492	20	7	133	0.0526316
NODE_30252_length_4581_cov_3.500892	359	492	21	14	133	0.1052632
NODE_30252_length_4581_cov_3.500892	359	492	22	10	133	0.0751880
NODE_30252_length_4581_cov_3.500892	359	492	23	42	133	0.3157895
NODE_30252_length_4581_cov_3.500892	359	492	24	2	133	0.0150376
NODE_3025_length_10983_cov_4.488607	1736	1869	2	71	133	0.5338346
NODE_3025_length_10983_cov_4.488607	1736	1869	3	35	133	0.2631579
NODE_3025_length_10983_cov_4.488607	1736	1869	4	27	133	0.2030075
NODE_30272_length_4579_cov_3.981027	2497	2630	9	17	133	0.1278196
NODE_30272_length_4579_cov_3.981027	2497	2630	10	5	133	0.0375940
NODE_30272_length_4579_cov_3.981027	2497	2630	11	26	133	0.1954887
NODE_30272_length_4579_cov_3.981027	2497	2630	12	8	133	0.0601504
NODE_30272_length_4579_cov_3.981027	2497	2630	13	15	133	0.1127820
NODE_30272_length_4579_cov_3.981027	2497	2630	14	17	133	0.1278196
NODE_30272_length_4579_cov_3.981027	2497	2630	15	16	133	0.1203008
NODE_30272_length_4579_cov_3.981027	2497	2630	16	20	133	0.1503759
NODE_30272_length_4579_cov_3.981027	2497	2630	17	9	133	0.0676692
NODE_302913_length_753_cov_4.866972	416	549	13	13	133	0.0977444
NODE_302913_length_753_cov_4.866972	416	549	14	5	133	0.0375940
NODE_302913_length_753_cov_4.866972	416	549	17	1	133	0.0075188
NODE_302913_length_753_cov_4.866972	416	549	18	14	133	0.1052632
NODE_302913_length_753_cov_4.866972	416	549	19	3	133	0.0225564
NODE_302913_length_753_cov_4.866972	416	549	20	11	133	0.0827068
NODE_302913_length_753_cov_4.866972	416	549	21	36	133	0.2706767
NODE_302913_length_753_cov_4.866972	416	549	22	48	133	0.3609022
NODE_302913_length_753_cov_4.866972	416	549	23	2	133	0.0150376
NODE_302979_length_753_cov_3.434251	283	416	3	5	133	0.0375940
NODE_302979_length_753_cov_3.434251	283	416	4	28	133	0.2105263
NODE_302979_length_753_cov_3.434251	283	416	5	90	133	0.6766917
NODE_302979_length_753_cov_3.434251	283	416	6	10	133	0.0751880
NODE_303004_length_753_cov_3.099388	140	273	3	4	133	0.0300752
NODE_303004_length_753_cov_3.099388	140	273	4	3	133	0.0225564
NODE_303004_length_753_cov_3.099388	140	273	5	20	133	0.1503759
NODE_303004_length_753_cov_3.099388	140	273	6	13	133	0.0977444
NODE_303004_length_753_cov_3.099388	140	273	7	10	133	0.0751880
NODE_303004_length_753_cov_3.099388	140	273	9	3	133	0.0225564
NODE_303004_length_753_cov_3.099388	140	273	10	11	133	0.0827068
NODE_303004_length_753_cov_3.099388	140	273	14	4	133	0.0300752
NODE_303004_length_753_cov_3.099388	140	273	15	13	133	0.0977444
NODE_303004_length_753_cov_3.099388	140	273	16	19	133	0.1428571
NODE_303004_length_753_cov_3.099388	140	273	17	33	133	0.2481203
NODE_3034_length_10979_cov_4.259375	7243	7376	18	12	133	0.0902256
NODE_3034_length_10979_cov_4.259375	7243	7376	19	3	133	0.0225564
NODE_3034_length_10979_cov_4.259375	7243	7376	20	16	133	0.1203008
NODE_3034_length_10979_cov_4.259375	7243	7376	21	4	133	0.0300752
NODE_3034_length_10979_cov_4.259375	7243	7376	23	3	133	0.0225564
NODE_3034_length_10979_cov_4.259375	7243	7376	24	21	133	0.1578947
NODE_3034_length_10979_cov_4.259375	7243	7376	26	7	133	0.0526316
NODE_3034_length_10979_cov_4.259375	7243	7376	27	10	133	0.0751880
NODE_3034_length_10979_cov_4.259375	7243	7376	28	11	133	0.0827068
NODE_3034_length_10979_cov_4.259375	7243	7376	29	13	133	0.0977444
NODE_3034_length_10979_cov_4.259375	7243	7376	30	6	133	0.0451128
NODE_3034_length_10979_cov_4.259375	7243	7376	31	6	133	0.0451128
NODE_3034_length_10979_cov_4.259375	7243	7376	32	3	133	0.0225564
NODE_3034_length_10979_cov_4.259375	7243	7376	33	18	133	0.1353384
NODE_30359_length_4573_cov_4.223067	177	310	2	49	133	0.3684210
NODE_30359_length_4573_cov_4.223067	177	310	3	16	133	0.1203008
NODE_30359_length_4573_cov_4.223067	177	310	5	6	133	0.0451128
NODE_30359_length_4573_cov_4.223067	177	310	6	4	133	0.0300752
NODE_30359_length_4573_cov_4.223067	177	310	7	19	133	0.1428571
NODE_30359_length_4573_cov_4.223067	177	310	8	39	133	0.2932331
NODE_30360_length_4573_cov_4.174341	4151	4284	3	13	133	0.0977444
NODE_30360_length_4573_cov_4.174341	4151	4284	4	102	133	0.7669173
NODE_30360_length_4573_cov_4.174341	4151	4284	5	18	133	0.1353384
NODE_30374_length_4572_cov_3.298905	1742	1875	7	11	133	0.0827068
NODE_30374_length_4572_cov_3.298905	1742	1875	8	43	133	0.3233083
NODE_30374_length_4572_cov_3.298905	1742	1875	9	3	133	0.0225564
NODE_30374_length_4572_cov_3.298905	1742	1875	10	2	133	0.0150376
NODE_30374_length_4572_cov_3.298905	1742	1875	11	13	133	0.0977444
NODE_30374_length_4572_cov_3.298905	1742	1875	12	4	133	0.0300752
NODE_30374_length_4572_cov_3.298905	1742	1875	13	4	133	0.0300752
NODE_30374_length_4572_cov_3.298905	1742	1875	15	16	133	0.1203008
NODE_30374_length_4572_cov_3.298905	1742	1875	16	22	133	0.1654135
NODE_30374_length_4572_cov_3.298905	1742	1875	17	4	133	0.0300752
NODE_30374_length_4572_cov_3.298905	1742	1875	18	8	133	0.0601504
NODE_30374_length_4572_cov_3.298905	1742	1875	19	3	133	0.0225564
NODE_30390_length_4570_cov_5.143145	2803	2936	0	133	133	1.0000000
NODE_3040_length_10970_cov_5.545672	6033	6166	0	133	133	1.0000000
NODE_304174_length_748_cov_2.640986	174	307	6	15	133	0.1127820
NODE_304174_length_748_cov_2.640986	174	307	7	3	133	0.0225564
NODE_304174_length_748_cov_2.640986	174	307	8	23	133	0.1729323
NODE_304174_length_748_cov_2.640986	174	307	9	1	133	0.0075188
NODE_304174_length_748_cov_2.640986	174	307	10	58	133	0.4360902
NODE_304174_length_748_cov_2.640986	174	307	11	31	133	0.2330827
NODE_304174_length_748_cov_2.640986	174	307	12	2	133	0.0150376
NODE_3042_length_10969_cov_6.299724	8795	8928	26	5	133	0.0375940
NODE_3042_length_10969_cov_6.299724	8795	8928	27	19	133	0.1428571
NODE_3042_length_10969_cov_6.299724	8795	8928	28	19	133	0.1428571
NODE_3042_length_10969_cov_6.299724	8795	8928	29	3	133	0.0225564
NODE_3042_length_10969_cov_6.299724	8795	8928	30	9	133	0.0676692
NODE_3042_length_10969_cov_6.299724	8795	8928	31	5	133	0.0375940
NODE_3042_length_10969_cov_6.299724	8795	8928	32	7	133	0.0526316
NODE_3042_length_10969_cov_6.299724	8795	8928	33	22	133	0.1654135
NODE_3042_length_10969_cov_6.299724	8795	8928	34	26	133	0.1954887
NODE_3042_length_10969_cov_6.299724	8795	8928	35	4	133	0.0300752
NODE_3042_length_10969_cov_6.299724	8795	8928	36	12	133	0.0902256
NODE_3042_length_10969_cov_6.299724	8795	8928	37	2	133	0.0150376
NODE_30435_length_4566_cov_5.485337	1759	1892	24	13	133	0.0977444
NODE_30435_length_4566_cov_5.485337	1759	1892	25	2	133	0.0150376
NODE_30435_length_4566_cov_5.485337	1759	1892	26	14	133	0.1052632
NODE_30435_length_4566_cov_5.485337	1759	1892	27	3	133	0.0225564
NODE_30435_length_4566_cov_5.485337	1759	1892	29	4	133	0.0300752
NODE_30435_length_4566_cov_5.485337	1759	1892	30	7	133	0.0526316
NODE_30435_length_4566_cov_5.485337	1759	1892	31	14	133	0.1052632
NODE_30435_length_4566_cov_5.485337	1759	1892	32	2	133	0.0150376
NODE_30435_length_4566_cov_5.485337	1759	1892	33	1	133	0.0075188
NODE_30435_length_4566_cov_5.485337	1759	1892	34	5	133	0.0375940
NODE_30435_length_4566_cov_5.485337	1759	1892	35	1	133	0.0075188
NODE_30435_length_4566_cov_5.485337	1759	1892	36	6	133	0.0451128
NODE_30435_length_4566_cov_5.485337	1759	1892	37	9	133	0.0676692
NODE_30435_length_4566_cov_5.485337	1759	1892	38	5	133	0.0375940
NODE_30435_length_4566_cov_5.485337	1759	1892	39	1	133	0.0075188
NODE_30435_length_4566_cov_5.485337	1759	1892	40	21	133	0.1578947
NODE_30435_length_4566_cov_5.485337	1759	1892	41	20	133	0.1503759
NODE_30435_length_4566_cov_5.485337	1759	1892	42	5	133	0.0375940
NODE_30441_length_4566_cov_4.456906	1893	2026	3	1	133	0.0075188
NODE_30441_length_4566_cov_4.456906	1893	2026	4	8	133	0.0601504
NODE_30441_length_4566_cov_4.456906	1893	2026	5	6	133	0.0451128
NODE_30441_length_4566_cov_4.456906	1893	2026	6	26	133	0.1954887
NODE_30441_length_4566_cov_4.456906	1893	2026	8	5	133	0.0375940
NODE_30441_length_4566_cov_4.456906	1893	2026	9	67	133	0.5037594
NODE_30441_length_4566_cov_4.456906	1893	2026	10	20	133	0.1503759
NODE_30476_length_4564_cov_3.118029	123	256	12	3	133	0.0225564
NODE_30476_length_4564_cov_3.118029	123	256	13	4	133	0.0300752
NODE_30476_length_4564_cov_3.118029	123	256	14	1	133	0.0075188
NODE_30476_length_4564_cov_3.118029	123	256	15	9	133	0.0676692
NODE_30476_length_4564_cov_3.118029	123	256	16	13	133	0.0977444
NODE_30476_length_4564_cov_3.118029	123	256	17	1	133	0.0075188
NODE_30476_length_4564_cov_3.118029	123	256	18	1	133	0.0075188
NODE_30476_length_4564_cov_3.118029	123	256	19	6	133	0.0451128
NODE_30476_length_4564_cov_3.118029	123	256	22	3	133	0.0225564
NODE_30476_length_4564_cov_3.118029	123	256	23	2	133	0.0150376
NODE_30476_length_4564_cov_3.118029	123	256	24	6	133	0.0451128
NODE_30476_length_4564_cov_3.118029	123	256	26	4	133	0.0300752
NODE_30476_length_4564_cov_3.118029	123	256	27	5	133	0.0375940
NODE_30476_length_4564_cov_3.118029	123	256	28	7	133	0.0526316
NODE_30476_length_4564_cov_3.118029	123	256	29	4	133	0.0300752
NODE_30476_length_4564_cov_3.118029	123	256	30	1	133	0.0075188
NODE_30476_length_4564_cov_3.118029	123	256	31	13	133	0.0977444
NODE_30476_length_4564_cov_3.118029	123	256	32	3	133	0.0225564
NODE_30476_length_4564_cov_3.118029	123	256	33	2	133	0.0150376
NODE_30476_length_4564_cov_3.118029	123	256	36	3	133	0.0225564
NODE_30476_length_4564_cov_3.118029	123	256	37	2	133	0.0150376
NODE_30476_length_4564_cov_3.118029	123	256	38	2	133	0.0150376
NODE_30476_length_4564_cov_3.118029	123	256	39	15	133	0.1127820
NODE_30476_length_4564_cov_3.118029	123	256	40	1	133	0.0075188
NODE_30476_length_4564_cov_3.118029	123	256	41	4	133	0.0300752
NODE_30476_length_4564_cov_3.118029	123	256	42	18	133	0.1353384
NODE_305108_length_744_cov_2.627907	421	554	2	62	133	0.4661654
NODE_305108_length_744_cov_2.627907	421	554	3	25	133	0.1879699
NODE_305108_length_744_cov_2.627907	421	554	4	46	133	0.3458647
NODE_30524_length_4560_cov_5.089442	2402	2535	6	31	133	0.2330827
NODE_30524_length_4560_cov_5.089442	2402	2535	7	32	133	0.2406015
NODE_30524_length_4560_cov_5.089442	2402	2535	8	35	133	0.2631579
NODE_30524_length_4560_cov_5.089442	2402	2535	9	14	133	0.1052632
NODE_30524_length_4560_cov_5.089442	2402	2535	10	20	133	0.1503759
NODE_30524_length_4560_cov_5.089442	2402	2535	11	1	133	0.0075188
NODE_305270_length_743_cov_3.302795	482	615	2	15	133	0.1127820
NODE_305270_length_743_cov_3.302795	482	615	3	4	133	0.0300752
NODE_305270_length_743_cov_3.302795	482	615	4	23	133	0.1729323
NODE_305270_length_743_cov_3.302795	482	615	5	20	133	0.1503759
NODE_305270_length_743_cov_3.302795	482	615	6	28	133	0.2105263
NODE_305270_length_743_cov_3.302795	482	615	7	43	133	0.3233083
NODE_3053_length_10961_cov_4.060670	8009	8142	5	9	133	0.0676692
NODE_3053_length_10961_cov_4.060670	8009	8142	7	3	133	0.0225564
NODE_3053_length_10961_cov_4.060670	8009	8142	8	8	133	0.0601504
NODE_3053_length_10961_cov_4.060670	8009	8142	9	3	133	0.0225564
NODE_3053_length_10961_cov_4.060670	8009	8142	11	25	133	0.1879699
NODE_3053_length_10961_cov_4.060670	8009	8142	12	8	133	0.0601504
NODE_3053_length_10961_cov_4.060670	8009	8142	13	38	133	0.2857143
NODE_3053_length_10961_cov_4.060670	8009	8142	14	39	133	0.2932331
NODE_30546_length_4558_cov_4.425880	4091	4224	5	2	133	0.0150376
NODE_30546_length_4558_cov_4.425880	4091	4224	6	8	133	0.0601504
NODE_30546_length_4558_cov_4.425880	4091	4224	8	1	133	0.0075188
NODE_30546_length_4558_cov_4.425880	4091	4224	9	5	133	0.0375940
NODE_30546_length_4558_cov_4.425880	4091	4224	10	18	133	0.1353384
NODE_30546_length_4558_cov_4.425880	4091	4224	11	12	133	0.0902256
NODE_30546_length_4558_cov_4.425880	4091	4224	12	21	133	0.1578947
NODE_30546_length_4558_cov_4.425880	4091	4224	13	15	133	0.1127820
NODE_30546_length_4558_cov_4.425880	4091	4224	14	8	133	0.0601504
NODE_30546_length_4558_cov_4.425880	4091	4224	15	43	133	0.3233083
NODE_3057_length_10959_cov_3.640516	4841	4974	8	4	133	0.0300752
NODE_3057_length_10959_cov_3.640516	4841	4974	9	2	133	0.0150376
NODE_3057_length_10959_cov_3.640516	4841	4974	10	1	133	0.0075188
NODE_3057_length_10959_cov_3.640516	4841	4974	11	14	133	0.1052632
NODE_3057_length_10959_cov_3.640516	4841	4974	12	2	133	0.0150376
NODE_3057_length_10959_cov_3.640516	4841	4974	13	6	133	0.0451128
NODE_3057_length_10959_cov_3.640516	4841	4974	14	3	133	0.0225564
NODE_3057_length_10959_cov_3.640516	4841	4974	18	21	133	0.1578947
NODE_3057_length_10959_cov_3.640516	4841	4974	19	40	133	0.3007519
NODE_3057_length_10959_cov_3.640516	4841	4974	20	14	133	0.1052632
NODE_3057_length_10959_cov_3.640516	4841	4974	21	17	133	0.1278196
NODE_3057_length_10959_cov_3.640516	4841	4974	22	1	133	0.0075188
NODE_3057_length_10959_cov_3.640516	4841	4974	23	8	133	0.0601504
NODE_305938_length_740_cov_5.176287	139	272	2	4	133	0.0300752
NODE_305938_length_740_cov_5.176287	139	272	3	39	133	0.2932331
NODE_305938_length_740_cov_5.176287	139	272	5	31	133	0.2330827
NODE_305938_length_740_cov_5.176287	139	272	6	8	133	0.0601504
NODE_305938_length_740_cov_5.176287	139	272	7	21	133	0.1578947
NODE_305938_length_740_cov_5.176287	139	272	8	30	133	0.2255639
NODE_30596_length_4555_cov_3.949282	2414	2547	4	1	133	0.0075188
NODE_30596_length_4555_cov_3.949282	2414	2547	5	2	133	0.0150376
NODE_30596_length_4555_cov_3.949282	2414	2547	6	5	133	0.0375940
NODE_30596_length_4555_cov_3.949282	2414	2547	7	20	133	0.1503759
NODE_30596_length_4555_cov_3.949282	2414	2547	8	14	133	0.1052632
NODE_30596_length_4555_cov_3.949282	2414	2547	9	33	133	0.2481203
NODE_30596_length_4555_cov_3.949282	2414	2547	10	40	133	0.3007519
NODE_30596_length_4555_cov_3.949282	2414	2547	11	18	133	0.1353384
NODE_30628_length_4553_cov_4.269870	2567	2700	10	2	133	0.0150376
NODE_30628_length_4553_cov_4.269870	2567	2700	11	19	133	0.1428571
NODE_30628_length_4553_cov_4.269870	2567	2700	12	1	133	0.0075188
NODE_30628_length_4553_cov_4.269870	2567	2700	13	2	133	0.0150376
NODE_30628_length_4553_cov_4.269870	2567	2700	15	3	133	0.0225564
NODE_30628_length_4553_cov_4.269870	2567	2700	16	6	133	0.0451128
NODE_30628_length_4553_cov_4.269870	2567	2700	20	6	133	0.0451128
NODE_30628_length_4553_cov_4.269870	2567	2700	21	20	133	0.1503759
NODE_30628_length_4553_cov_4.269870	2567	2700	22	3	133	0.0225564
NODE_30628_length_4553_cov_4.269870	2567	2700	23	48	133	0.3609022
NODE_30628_length_4553_cov_4.269870	2567	2700	24	7	133	0.0526316
NODE_30628_length_4553_cov_4.269870	2567	2700	25	5	133	0.0375940
NODE_30628_length_4553_cov_4.269870	2567	2700	26	11	133	0.0827068
NODE_3062_length_10953_cov_4.427769	5017	5150	13	4	133	0.0300752
NODE_3062_length_10953_cov_4.427769	5017	5150	14	1	133	0.0075188
NODE_3062_length_10953_cov_4.427769	5017	5150	15	9	133	0.0676692
NODE_3062_length_10953_cov_4.427769	5017	5150	16	10	133	0.0751880
NODE_3062_length_10953_cov_4.427769	5017	5150	19	17	133	0.1278196
NODE_3062_length_10953_cov_4.427769	5017	5150	20	1	133	0.0075188
NODE_3062_length_10953_cov_4.427769	5017	5150	21	3	133	0.0225564
NODE_3062_length_10953_cov_4.427769	5017	5150	22	7	133	0.0526316
NODE_3062_length_10953_cov_4.427769	5017	5150	23	35	133	0.2631579
NODE_3062_length_10953_cov_4.427769	5017	5150	24	21	133	0.1578947
NODE_3062_length_10953_cov_4.427769	5017	5150	25	11	133	0.0827068
NODE_3062_length_10953_cov_4.427769	5017	5150	26	14	133	0.1052632
NODE_306343_length_738_cov_5.428795	325	458	1	127	133	0.9548872
NODE_306343_length_738_cov_5.428795	325	458	2	6	133	0.0451128
NODE_30639_length_4552_cov_4.016618	1549	1682	18	4	133	0.0300752
NODE_30639_length_4552_cov_4.016618	1549	1682	19	9	133	0.0676692
NODE_30639_length_4552_cov_4.016618	1549	1682	20	29	133	0.2180451
NODE_30639_length_4552_cov_4.016618	1549	1682	21	32	133	0.2406015
NODE_30639_length_4552_cov_4.016618	1549	1682	22	18	133	0.1353384
NODE_30639_length_4552_cov_4.016618	1549	1682	23	2	133	0.0150376
NODE_30639_length_4552_cov_4.016618	1549	1682	24	25	133	0.1879699
NODE_30639_length_4552_cov_4.016618	1549	1682	25	7	133	0.0526316
NODE_30639_length_4552_cov_4.016618	1549	1682	26	7	133	0.0526316
NODE_30643_length_4552_cov_3.207051	2542	2675	2	5	133	0.0375940
NODE_30643_length_4552_cov_3.207051	2542	2675	3	37	133	0.2781955
NODE_30643_length_4552_cov_3.207051	2542	2675	4	4	133	0.0300752
NODE_30643_length_4552_cov_3.207051	2542	2675	5	54	133	0.4060150
NODE_30643_length_4552_cov_3.207051	2542	2675	6	12	133	0.0902256
NODE_30643_length_4552_cov_3.207051	2542	2675	7	21	133	0.1578947
NODE_30651_length_4551_cov_4.475966	1303	1436	5	9	133	0.0676692
NODE_30651_length_4551_cov_4.475966	1303	1436	6	2	133	0.0150376
NODE_30651_length_4551_cov_4.475966	1303	1436	7	18	133	0.1353384
NODE_30651_length_4551_cov_4.475966	1303	1436	8	4	133	0.0300752
NODE_30651_length_4551_cov_4.475966	1303	1436	9	5	133	0.0375940
NODE_30651_length_4551_cov_4.475966	1303	1436	10	15	133	0.1127820
NODE_30651_length_4551_cov_4.475966	1303	1436	11	1	133	0.0075188
NODE_30651_length_4551_cov_4.475966	1303	1436	12	8	133	0.0601504
NODE_30651_length_4551_cov_4.475966	1303	1436	13	17	133	0.1278196
NODE_30651_length_4551_cov_4.475966	1303	1436	14	33	133	0.2481203
NODE_30651_length_4551_cov_4.475966	1303	1436	16	15	133	0.1127820
NODE_30651_length_4551_cov_4.475966	1303	1436	17	6	133	0.0451128
NODE_3065_length_10950_cov_4.964612	1340	1473	10	21	133	0.1578947
NODE_3065_length_10950_cov_4.964612	1340	1473	11	1	133	0.0075188
NODE_3065_length_10950_cov_4.964612	1340	1473	13	10	133	0.0751880
NODE_3065_length_10950_cov_4.964612	1340	1473	15	10	133	0.0751880
NODE_3065_length_10950_cov_4.964612	1340	1473	20	4	133	0.0300752
NODE_3065_length_10950_cov_4.964612	1340	1473	21	6	133	0.0451128
NODE_3065_length_10950_cov_4.964612	1340	1473	22	12	133	0.0902256
NODE_3065_length_10950_cov_4.964612	1340	1473	24	17	133	0.1278196
NODE_3065_length_10950_cov_4.964612	1340	1473	25	8	133	0.0601504
NODE_3065_length_10950_cov_4.964612	1340	1473	26	41	133	0.3082707
NODE_3065_length_10950_cov_4.964612	1340	1473	27	1	133	0.0075188
NODE_3065_length_10950_cov_4.964612	1340	1473	28	2	133	0.0150376
NODE_30668_length_4550_cov_3.613121	3040	3173	28	3	133	0.0225564
NODE_30668_length_4550_cov_3.613121	3040	3173	29	1	133	0.0075188
NODE_30668_length_4550_cov_3.613121	3040	3173	30	1	133	0.0075188
NODE_30668_length_4550_cov_3.613121	3040	3173	31	6	133	0.0451128
NODE_30668_length_4550_cov_3.613121	3040	3173	32	1	133	0.0075188
NODE_30668_length_4550_cov_3.613121	3040	3173	33	3	133	0.0225564
NODE_30668_length_4550_cov_3.613121	3040	3173	34	15	133	0.1127820
NODE_30668_length_4550_cov_3.613121	3040	3173	35	6	133	0.0451128
NODE_30668_length_4550_cov_3.613121	3040	3173	36	4	133	0.0300752
NODE_30668_length_4550_cov_3.613121	3040	3173	37	5	133	0.0375940
NODE_30668_length_4550_cov_3.613121	3040	3173	38	2	133	0.0150376
NODE_30668_length_4550_cov_3.613121	3040	3173	39	3	133	0.0225564
NODE_30668_length_4550_cov_3.613121	3040	3173	40	13	133	0.0977444
NODE_30668_length_4550_cov_3.613121	3040	3173	41	13	133	0.0977444
NODE_30668_length_4550_cov_3.613121	3040	3173	42	11	133	0.0827068
NODE_30668_length_4550_cov_3.613121	3040	3173	43	6	133	0.0451128
NODE_30668_length_4550_cov_3.613121	3040	3173	44	8	133	0.0601504
NODE_30668_length_4550_cov_3.613121	3040	3173	45	10	133	0.0751880
NODE_30668_length_4550_cov_3.613121	3040	3173	46	12	133	0.0902256
NODE_30668_length_4550_cov_3.613121	3040	3173	47	4	133	0.0300752
NODE_30668_length_4550_cov_3.613121	3040	3173	48	3	133	0.0225564
NODE_30668_length_4550_cov_3.613121	3040	3173	49	3	133	0.0225564
NODE_306699_length_737_cov_2.907524	442	575	8	5	133	0.0375940
NODE_306699_length_737_cov_2.907524	442	575	9	1	133	0.0075188
NODE_306699_length_737_cov_2.907524	442	575	10	1	133	0.0075188
NODE_306699_length_737_cov_2.907524	442	575	11	1	133	0.0075188
NODE_306699_length_737_cov_2.907524	442	575	12	3	133	0.0225564
NODE_306699_length_737_cov_2.907524	442	575	13	1	133	0.0075188
NODE_306699_length_737_cov_2.907524	442	575	14	5	133	0.0375940
NODE_306699_length_737_cov_2.907524	442	575	17	10	133	0.0751880
NODE_306699_length_737_cov_2.907524	442	575	18	6	133	0.0451128
NODE_306699_length_737_cov_2.907524	442	575	19	10	133	0.0751880
NODE_306699_length_737_cov_2.907524	442	575	21	4	133	0.0300752
NODE_306699_length_737_cov_2.907524	442	575	22	3	133	0.0225564
NODE_306699_length_737_cov_2.907524	442	575	23	1	133	0.0075188
NODE_306699_length_737_cov_2.907524	442	575	25	8	133	0.0601504
NODE_306699_length_737_cov_2.907524	442	575	26	2	133	0.0150376
NODE_306699_length_737_cov_2.907524	442	575	29	10	133	0.0751880
NODE_306699_length_737_cov_2.907524	442	575	30	4	133	0.0300752
NODE_306699_length_737_cov_2.907524	442	575	31	9	133	0.0676692
NODE_306699_length_737_cov_2.907524	442	575	32	7	133	0.0526316
NODE_306699_length_737_cov_2.907524	442	575	34	3	133	0.0225564
NODE_306699_length_737_cov_2.907524	442	575	35	28	133	0.2105263
NODE_306699_length_737_cov_2.907524	442	575	36	11	133	0.0827068
NODE_30682_length_4548_cov_4.373118	2984	3117	5	22	133	0.1654135
NODE_30682_length_4548_cov_4.373118	2984	3117	6	14	133	0.1052632
NODE_30682_length_4548_cov_4.373118	2984	3117	7	3	133	0.0225564
NODE_30682_length_4548_cov_4.373118	2984	3117	8	13	133	0.0977444
NODE_30682_length_4548_cov_4.373118	2984	3117	9	19	133	0.1428571
NODE_30682_length_4548_cov_4.373118	2984	3117	10	25	133	0.1879699
NODE_30682_length_4548_cov_4.373118	2984	3117	11	37	133	0.2781955
NODE_306883_length_736_cov_3.346939	340	473	14	18	133	0.1353384
NODE_306883_length_736_cov_3.346939	340	473	15	22	133	0.1654135
NODE_306883_length_736_cov_3.346939	340	473	16	8	133	0.0601504
NODE_306883_length_736_cov_3.346939	340	473	17	23	133	0.1729323
NODE_306883_length_736_cov_3.346939	340	473	18	10	133	0.0751880
NODE_306883_length_736_cov_3.346939	340	473	19	20	133	0.1503759
NODE_306883_length_736_cov_3.346939	340	473	20	32	133	0.2406015
NODE_30688_length_4548_cov_3.444145	2054	2187	9	10	133	0.0751880
NODE_30688_length_4548_cov_3.444145	2054	2187	10	19	133	0.1428571
NODE_30688_length_4548_cov_3.444145	2054	2187	11	48	133	0.3609022
NODE_30688_length_4548_cov_3.444145	2054	2187	12	15	133	0.1127820
NODE_30688_length_4548_cov_3.444145	2054	2187	13	27	133	0.2030075
NODE_30688_length_4548_cov_3.444145	2054	2187	14	11	133	0.0827068
NODE_30688_length_4548_cov_3.444145	2054	2187	15	3	133	0.0225564
NODE_30694_length_4547_cov_12.460207	140	273	12	8	133	0.0601504
NODE_30694_length_4547_cov_12.460207	140	273	13	40	133	0.3007519
NODE_30694_length_4547_cov_12.460207	140	273	14	20	133	0.1503759
NODE_30694_length_4547_cov_12.460207	140	273	15	52	133	0.3909774
NODE_30694_length_4547_cov_12.460207	140	273	16	9	133	0.0676692
NODE_30694_length_4547_cov_12.460207	140	273	17	4	133	0.0300752
NODE_30775_length_4541_cov_4.669518	3728	3861	2	11	133	0.0827068
NODE_30775_length_4541_cov_4.669518	3728	3861	3	18	133	0.1353384
NODE_30775_length_4541_cov_4.669518	3728	3861	5	12	133	0.0902256
NODE_30775_length_4541_cov_4.669518	3728	3861	6	24	133	0.1804511
NODE_30775_length_4541_cov_4.669518	3728	3861	7	46	133	0.3458647
NODE_30775_length_4541_cov_4.669518	3728	3861	8	22	133	0.1654135
NODE_307960_length_731_cov_4.139241	232	365	2	6	133	0.0451128
NODE_307960_length_731_cov_4.139241	232	365	3	19	133	0.1428571
NODE_307960_length_731_cov_4.139241	232	365	5	14	133	0.1052632
NODE_307960_length_731_cov_4.139241	232	365	6	11	133	0.0827068
NODE_307960_length_731_cov_4.139241	232	365	7	31	133	0.2330827
NODE_307960_length_731_cov_4.139241	232	365	8	25	133	0.1879699
NODE_307960_length_731_cov_4.139241	232	365	9	6	133	0.0451128
NODE_307960_length_731_cov_4.139241	232	365	10	21	133	0.1578947
NODE_308077_length_731_cov_2.329114	344	477	0	74	133	0.5563910
NODE_308077_length_731_cov_2.329114	344	477	1	59	133	0.4436090
NODE_30825_length_4538_cov_3.387249	555	688	7	4	133	0.0300752
NODE_30825_length_4538_cov_3.387249	555	688	8	12	133	0.0902256
NODE_30825_length_4538_cov_3.387249	555	688	9	24	133	0.1804511
NODE_30825_length_4538_cov_3.387249	555	688	10	53	133	0.3984962
NODE_30825_length_4538_cov_3.387249	555	688	11	13	133	0.0977444
NODE_30825_length_4538_cov_3.387249	555	688	12	27	133	0.2030075
NODE_3083_length_10931_cov_4.415620	1024	1157	6	5	133	0.0375940
NODE_3083_length_10931_cov_4.415620	1024	1157	7	38	133	0.2857143
NODE_3083_length_10931_cov_4.415620	1024	1157	8	19	133	0.1428571
NODE_3083_length_10931_cov_4.415620	1024	1157	9	52	133	0.3909774
NODE_3083_length_10931_cov_4.415620	1024	1157	10	18	133	0.1353384
NODE_3083_length_10931_cov_4.415620	1024	1157	11	1	133	0.0075188
NODE_308434_length_729_cov_3.557143	418	551	4	14	133	0.1052632
NODE_308434_length_729_cov_3.557143	418	551	5	35	133	0.2631579
NODE_308434_length_729_cov_3.557143	418	551	6	2	133	0.0150376
NODE_308434_length_729_cov_3.557143	418	551	8	8	133	0.0601504
NODE_308434_length_729_cov_3.557143	418	551	9	5	133	0.0375940
NODE_308434_length_729_cov_3.557143	418	551	10	54	133	0.4060150
NODE_308434_length_729_cov_3.557143	418	551	11	15	133	0.1127820
NODE_308492_length_729_cov_3.025397	382	515	2	85	133	0.6390978
NODE_308492_length_729_cov_3.025397	382	515	3	48	133	0.3609022
NODE_30849_length_4537_cov_3.169446	2354	2487	7	2	133	0.0150376
NODE_30849_length_4537_cov_3.169446	2354	2487	8	5	133	0.0375940
NODE_30849_length_4537_cov_3.169446	2354	2487	9	24	133	0.1804511
NODE_30849_length_4537_cov_3.169446	2354	2487	10	22	133	0.1654135
NODE_30849_length_4537_cov_3.169446	2354	2487	11	4	133	0.0300752
NODE_30849_length_4537_cov_3.169446	2354	2487	12	45	133	0.3383459
NODE_30849_length_4537_cov_3.169446	2354	2487	13	7	133	0.0526316
NODE_30849_length_4537_cov_3.169446	2354	2487	14	24	133	0.1804511
NODE_30856_length_4536_cov_4.540681	4313	4446	16	1	133	0.0075188
NODE_30856_length_4536_cov_4.540681	4313	4446	17	7	133	0.0526316
NODE_30856_length_4536_cov_4.540681	4313	4446	18	22	133	0.1654135
NODE_30856_length_4536_cov_4.540681	4313	4446	19	5	133	0.0375940
NODE_30856_length_4536_cov_4.540681	4313	4446	20	15	133	0.1127820
NODE_30856_length_4536_cov_4.540681	4313	4446	22	3	133	0.0225564
NODE_30856_length_4536_cov_4.540681	4313	4446	23	7	133	0.0526316
NODE_30856_length_4536_cov_4.540681	4313	4446	24	11	133	0.0827068
NODE_30856_length_4536_cov_4.540681	4313	4446	25	1	133	0.0075188
NODE_30856_length_4536_cov_4.540681	4313	4446	26	14	133	0.1052632
NODE_30856_length_4536_cov_4.540681	4313	4446	27	8	133	0.0601504
NODE_30856_length_4536_cov_4.540681	4313	4446	28	7	133	0.0526316
NODE_30856_length_4536_cov_4.540681	4313	4446	29	13	133	0.0977444
NODE_30856_length_4536_cov_4.540681	4313	4446	30	19	133	0.1428571
NODE_30862_length_4535_cov_4.851443	1749	1882	2	18	133	0.1353384
NODE_30862_length_4535_cov_4.851443	1749	1882	3	3	133	0.0225564
NODE_30862_length_4535_cov_4.851443	1749	1882	4	35	133	0.2631579
NODE_30862_length_4535_cov_4.851443	1749	1882	5	12	133	0.0902256
NODE_30862_length_4535_cov_4.851443	1749	1882	6	20	133	0.1503759
NODE_30862_length_4535_cov_4.851443	1749	1882	7	45	133	0.3383459
NODE_308839_length_727_cov_9.808917	594	727	4	1	133	0.0075188
NODE_308839_length_727_cov_9.808917	594	727	5	1	133	0.0075188
NODE_308839_length_727_cov_9.808917	594	727	11	7	133	0.0526316
NODE_308839_length_727_cov_9.808917	594	727	12	1	133	0.0075188
NODE_308839_length_727_cov_9.808917	594	727	13	2	133	0.0150376
NODE_308839_length_727_cov_9.808917	594	727	15	3	133	0.0225564
NODE_308839_length_727_cov_9.808917	594	727	16	5	133	0.0375940
NODE_308839_length_727_cov_9.808917	594	727	18	3	133	0.0225564
NODE_308839_length_727_cov_9.808917	594	727	21	9	133	0.0676692
NODE_308839_length_727_cov_9.808917	594	727	24	2	133	0.0150376
NODE_308839_length_727_cov_9.808917	594	727	25	7	133	0.0526316
NODE_308839_length_727_cov_9.808917	594	727	26	1	133	0.0075188
NODE_308839_length_727_cov_9.808917	594	727	27	1	133	0.0075188
NODE_308839_length_727_cov_9.808917	594	727	28	3	133	0.0225564
NODE_308839_length_727_cov_9.808917	594	727	29	1	133	0.0075188
NODE_308839_length_727_cov_9.808917	594	727	33	1	133	0.0075188
NODE_308839_length_727_cov_9.808917	594	727	34	1	133	0.0075188
NODE_308839_length_727_cov_9.808917	594	727	36	4	133	0.0300752
NODE_308839_length_727_cov_9.808917	594	727	37	6	133	0.0451128
NODE_308839_length_727_cov_9.808917	594	727	38	2	133	0.0150376
NODE_308839_length_727_cov_9.808917	594	727	39	4	133	0.0300752
NODE_308839_length_727_cov_9.808917	594	727	40	5	133	0.0375940
NODE_308839_length_727_cov_9.808917	594	727	41	3	133	0.0225564
NODE_308839_length_727_cov_9.808917	594	727	42	7	133	0.0526316
NODE_308839_length_727_cov_9.808917	594	727	44	4	133	0.0300752
NODE_308839_length_727_cov_9.808917	594	727	45	6	133	0.0451128
NODE_308839_length_727_cov_9.808917	594	727	46	19	133	0.1428571
NODE_308839_length_727_cov_9.808917	594	727	47	10	133	0.0751880
NODE_308839_length_727_cov_9.808917	594	727	48	14	133	0.1052632
NODE_308854_length_727_cov_5.095541	335	468	2	122	133	0.9172933
NODE_308854_length_727_cov_5.095541	335	468	4	11	133	0.0827068
NODE_308902_length_727_cov_3.608280	117	250	3	10	133	0.0751880
NODE_308902_length_727_cov_3.608280	117	250	4	16	133	0.1203008
NODE_308902_length_727_cov_3.608280	117	250	5	22	133	0.1654135
NODE_308902_length_727_cov_3.608280	117	250	6	2	133	0.0150376
NODE_308902_length_727_cov_3.608280	117	250	9	20	133	0.1503759
NODE_308902_length_727_cov_3.608280	117	250	10	8	133	0.0601504
NODE_308902_length_727_cov_3.608280	117	250	11	2	133	0.0150376
NODE_308902_length_727_cov_3.608280	117	250	13	10	133	0.0751880
NODE_308902_length_727_cov_3.608280	117	250	14	28	133	0.2105263
NODE_308902_length_727_cov_3.608280	117	250	15	15	133	0.1127820
NODE_30910_length_4532_cov_3.364990	3212	3345	12	3	133	0.0225564
NODE_30910_length_4532_cov_3.364990	3212	3345	14	1	133	0.0075188
NODE_30910_length_4532_cov_3.364990	3212	3345	15	12	133	0.0902256
NODE_30910_length_4532_cov_3.364990	3212	3345	16	4	133	0.0300752
NODE_30910_length_4532_cov_3.364990	3212	3345	17	11	133	0.0827068
NODE_30910_length_4532_cov_3.364990	3212	3345	18	3	133	0.0225564
NODE_30910_length_4532_cov_3.364990	3212	3345	19	20	133	0.1503759
NODE_30910_length_4532_cov_3.364990	3212	3345	20	20	133	0.1503759
NODE_30910_length_4532_cov_3.364990	3212	3345	21	30	133	0.2255639
NODE_30910_length_4532_cov_3.364990	3212	3345	22	29	133	0.2180451
NODE_309323_length_725_cov_4.712460	574	707	5	3	133	0.0225564
NODE_309323_length_725_cov_4.712460	574	707	6	27	133	0.2030075
NODE_309323_length_725_cov_4.712460	574	707	8	2	133	0.0150376
NODE_309323_length_725_cov_4.712460	574	707	9	24	133	0.1804511
NODE_309323_length_725_cov_4.712460	574	707	10	58	133	0.4360902
NODE_309323_length_725_cov_4.712460	574	707	11	19	133	0.1428571
NODE_309368_length_725_cov_3.798722	144	277	1	39	133	0.2932331
NODE_309368_length_725_cov_3.798722	144	277	3	34	133	0.2556391
NODE_309368_length_725_cov_3.798722	144	277	4	57	133	0.4285714
NODE_309368_length_725_cov_3.798722	144	277	5	3	133	0.0225564
NODE_309581_length_724_cov_5.547200	375	508	6	22	133	0.1654135
NODE_309581_length_724_cov_5.547200	375	508	7	70	133	0.5263158
NODE_309581_length_724_cov_5.547200	375	508	8	15	133	0.1127820
NODE_309581_length_724_cov_5.547200	375	508	9	20	133	0.1503759
NODE_309581_length_724_cov_5.547200	375	508	10	6	133	0.0451128
NODE_309586_length_724_cov_5.334400	291	424	1	33	133	0.2481203
NODE_309586_length_724_cov_5.334400	291	424	3	8	133	0.0601504
NODE_309586_length_724_cov_5.334400	291	424	6	23	133	0.1729323
NODE_309586_length_724_cov_5.334400	291	424	7	15	133	0.1127820
NODE_309586_length_724_cov_5.334400	291	424	8	51	133	0.3834586
NODE_309586_length_724_cov_5.334400	291	424	9	3	133	0.0225564
NODE_309610_length_724_cov_4.441600	548	681	2	44	133	0.3308271
NODE_309610_length_724_cov_4.441600	548	681	5	6	133	0.0451128
NODE_309610_length_724_cov_4.441600	548	681	6	4	133	0.0300752
NODE_309610_length_724_cov_4.441600	548	681	8	1	133	0.0075188
NODE_309610_length_724_cov_4.441600	548	681	10	19	133	0.1428571
NODE_309610_length_724_cov_4.441600	548	681	11	1	133	0.0075188
NODE_309610_length_724_cov_4.441600	548	681	12	12	133	0.0902256
NODE_309610_length_724_cov_4.441600	548	681	13	46	133	0.3458647
NODE_30963_length_4528_cov_4.216076	1430	1563	2	28	133	0.2105263
NODE_30963_length_4528_cov_4.216076	1430	1563	3	43	133	0.3233083
NODE_30963_length_4528_cov_4.216076	1430	1563	4	62	133	0.4661654
NODE_30991_length_4526_cov_3.951660	3577	3710	5	19	133	0.1428571
NODE_30991_length_4526_cov_3.951660	3577	3710	7	4	133	0.0300752
NODE_30991_length_4526_cov_3.951660	3577	3710	12	5	133	0.0375940
NODE_30991_length_4526_cov_3.951660	3577	3710	13	6	133	0.0451128
NODE_30991_length_4526_cov_3.951660	3577	3710	14	20	133	0.1503759
NODE_30991_length_4526_cov_3.951660	3577	3710	15	31	133	0.2330827
NODE_30991_length_4526_cov_3.951660	3577	3710	16	41	133	0.3082707
NODE_30991_length_4526_cov_3.951660	3577	3710	17	7	133	0.0526316
NODE_30992_length_4526_cov_3.780212	1306	1439	4	14	133	0.1052632
NODE_30992_length_4526_cov_3.780212	1306	1439	5	5	133	0.0375940
NODE_30992_length_4526_cov_3.780212	1306	1439	6	33	133	0.2481203
NODE_30992_length_4526_cov_3.780212	1306	1439	7	31	133	0.2330827
NODE_30992_length_4526_cov_3.780212	1306	1439	8	38	133	0.2857143
NODE_30992_length_4526_cov_3.780212	1306	1439	9	12	133	0.0902256
NODE_3100_length_10914_cov_3.724642	7951	8084	5	4	133	0.0300752
NODE_3100_length_10914_cov_3.724642	7951	8084	6	15	133	0.1127820
NODE_3100_length_10914_cov_3.724642	7951	8084	7	20	133	0.1503759
NODE_3100_length_10914_cov_3.724642	7951	8084	8	7	133	0.0526316
NODE_3100_length_10914_cov_3.724642	7951	8084	9	1	133	0.0075188
NODE_3100_length_10914_cov_3.724642	7951	8084	10	24	133	0.1804511
NODE_3100_length_10914_cov_3.724642	7951	8084	11	49	133	0.3684210
NODE_3100_length_10914_cov_3.724642	7951	8084	12	13	133	0.0977444
NODE_31011_length_4524_cov_3.717514	1968	2101	8	3	133	0.0225564
NODE_31011_length_4524_cov_3.717514	1968	2101	9	8	133	0.0601504
NODE_31011_length_4524_cov_3.717514	1968	2101	10	18	133	0.1353384
NODE_31011_length_4524_cov_3.717514	1968	2101	11	21	133	0.1578947
NODE_31011_length_4524_cov_3.717514	1968	2101	12	32	133	0.2406015
NODE_31011_length_4524_cov_3.717514	1968	2101	13	4	133	0.0300752
NODE_31011_length_4524_cov_3.717514	1968	2101	15	12	133	0.0902256
NODE_31011_length_4524_cov_3.717514	1968	2101	16	1	133	0.0075188
NODE_31011_length_4524_cov_3.717514	1968	2101	18	4	133	0.0300752
NODE_31011_length_4524_cov_3.717514	1968	2101	20	17	133	0.1278196
NODE_31011_length_4524_cov_3.717514	1968	2101	21	13	133	0.0977444
NODE_310139_length_722_cov_3.508828	394	527	8	11	133	0.0827068
NODE_310139_length_722_cov_3.508828	394	527	9	7	133	0.0526316
NODE_310139_length_722_cov_3.508828	394	527	10	4	133	0.0300752
NODE_310139_length_722_cov_3.508828	394	527	11	29	133	0.2180451
NODE_310139_length_722_cov_3.508828	394	527	12	7	133	0.0526316
NODE_310139_length_722_cov_3.508828	394	527	13	10	133	0.0751880
NODE_310139_length_722_cov_3.508828	394	527	14	27	133	0.2030075
NODE_310139_length_722_cov_3.508828	394	527	15	12	133	0.0902256
NODE_310139_length_722_cov_3.508828	394	527	16	25	133	0.1879699
NODE_310139_length_722_cov_3.508828	394	527	17	1	133	0.0075188
NODE_310181_length_722_cov_3.046549	503	636	3	2	133	0.0150376
NODE_310181_length_722_cov_3.046549	503	636	4	15	133	0.1127820
NODE_310181_length_722_cov_3.046549	503	636	6	1	133	0.0075188
NODE_310181_length_722_cov_3.046549	503	636	8	11	133	0.0827068
NODE_310181_length_722_cov_3.046549	503	636	9	24	133	0.1804511
NODE_310181_length_722_cov_3.046549	503	636	10	80	133	0.6015037
NODE_310788_length_719_cov_4.633871	111	244	6	22	133	0.1654135
NODE_310788_length_719_cov_4.633871	111	244	7	7	133	0.0526316
NODE_310788_length_719_cov_4.633871	111	244	8	4	133	0.0300752
NODE_310788_length_719_cov_4.633871	111	244	9	8	133	0.0601504
NODE_310788_length_719_cov_4.633871	111	244	10	3	133	0.0225564
NODE_310788_length_719_cov_4.633871	111	244	12	30	133	0.2255639
NODE_310788_length_719_cov_4.633871	111	244	13	1	133	0.0075188
NODE_310788_length_719_cov_4.633871	111	244	14	23	133	0.1729323
NODE_310788_length_719_cov_4.633871	111	244	15	35	133	0.2631579
NODE_310806_length_719_cov_4.066129	152	285	6	14	133	0.1052632
NODE_310806_length_719_cov_4.066129	152	285	8	8	133	0.0601504
NODE_310806_length_719_cov_4.066129	152	285	9	6	133	0.0451128
NODE_310806_length_719_cov_4.066129	152	285	10	4	133	0.0300752
NODE_310806_length_719_cov_4.066129	152	285	11	13	133	0.0977444
NODE_310806_length_719_cov_4.066129	152	285	12	5	133	0.0375940
NODE_310806_length_719_cov_4.066129	152	285	14	72	133	0.5413534
NODE_310806_length_719_cov_4.066129	152	285	15	11	133	0.0827068
NODE_310814_length_719_cov_3.977419	177	310	17	4	133	0.0300752
NODE_310814_length_719_cov_3.977419	177	310	18	15	133	0.1127820
NODE_310814_length_719_cov_3.977419	177	310	22	14	133	0.1052632
NODE_310814_length_719_cov_3.977419	177	310	23	12	133	0.0902256
NODE_310814_length_719_cov_3.977419	177	310	24	10	133	0.0751880
NODE_310814_length_719_cov_3.977419	177	310	25	1	133	0.0075188
NODE_310814_length_719_cov_3.977419	177	310	28	4	133	0.0300752
NODE_310814_length_719_cov_3.977419	177	310	30	11	133	0.0827068
NODE_310814_length_719_cov_3.977419	177	310	31	6	133	0.0451128
NODE_310814_length_719_cov_3.977419	177	310	33	1	133	0.0075188
NODE_310814_length_719_cov_3.977419	177	310	35	1	133	0.0075188
NODE_310814_length_719_cov_3.977419	177	310	37	2	133	0.0150376
NODE_310814_length_719_cov_3.977419	177	310	38	7	133	0.0526316
NODE_310814_length_719_cov_3.977419	177	310	39	4	133	0.0300752
NODE_310814_length_719_cov_3.977419	177	310	40	5	133	0.0375940
NODE_310814_length_719_cov_3.977419	177	310	41	5	133	0.0375940
NODE_310814_length_719_cov_3.977419	177	310	42	13	133	0.0977444
NODE_310814_length_719_cov_3.977419	177	310	43	18	133	0.1353384
NODE_310961_length_719_cov_2.272581	354	487	4	27	133	0.2030075
NODE_310961_length_719_cov_2.272581	354	487	5	51	133	0.3834586
NODE_310961_length_719_cov_2.272581	354	487	6	12	133	0.0902256
NODE_310961_length_719_cov_2.272581	354	487	7	1	133	0.0075188
NODE_310961_length_719_cov_2.272581	354	487	8	42	133	0.3157895
NODE_3109_length_10907_cov_4.285622	3011	3144	34	5	133	0.0375940
NODE_3109_length_10907_cov_4.285622	3011	3144	36	1	133	0.0075188
NODE_3109_length_10907_cov_4.285622	3011	3144	37	7	133	0.0526316
NODE_3109_length_10907_cov_4.285622	3011	3144	39	1	133	0.0075188
NODE_3109_length_10907_cov_4.285622	3011	3144	40	4	133	0.0300752
NODE_3109_length_10907_cov_4.285622	3011	3144	41	5	133	0.0375940
NODE_3109_length_10907_cov_4.285622	3011	3144	44	3	133	0.0225564
NODE_3109_length_10907_cov_4.285622	3011	3144	46	1	133	0.0075188
NODE_3109_length_10907_cov_4.285622	3011	3144	47	7	133	0.0526316
NODE_3109_length_10907_cov_4.285622	3011	3144	48	2	133	0.0150376
NODE_3109_length_10907_cov_4.285622	3011	3144	51	2	133	0.0150376
NODE_3109_length_10907_cov_4.285622	3011	3144	52	1	133	0.0075188
NODE_3109_length_10907_cov_4.285622	3011	3144	54	5	133	0.0375940
NODE_3109_length_10907_cov_4.285622	3011	3144	55	10	133	0.0751880
NODE_3109_length_10907_cov_4.285622	3011	3144	56	9	133	0.0676692
NODE_3109_length_10907_cov_4.285622	3011	3144	57	11	133	0.0827068
NODE_3109_length_10907_cov_4.285622	3011	3144	58	4	133	0.0300752
NODE_3109_length_10907_cov_4.285622	3011	3144	59	20	133	0.1503759
NODE_3109_length_10907_cov_4.285622	3011	3144	60	8	133	0.0601504
NODE_3109_length_10907_cov_4.285622	3011	3144	61	8	133	0.0601504
NODE_3109_length_10907_cov_4.285622	3011	3144	62	9	133	0.0676692
NODE_3109_length_10907_cov_4.285622	3011	3144	63	7	133	0.0526316
NODE_3109_length_10907_cov_4.285622	3011	3144	64	1	133	0.0075188
NODE_3109_length_10907_cov_4.285622	3011	3144	65	2	133	0.0150376
NODE_311112_length_718_cov_3.053312	288	421	14	4	133	0.0300752
NODE_311112_length_718_cov_3.053312	288	421	15	1	133	0.0075188
NODE_311112_length_718_cov_3.053312	288	421	17	36	133	0.2706767
NODE_311112_length_718_cov_3.053312	288	421	18	12	133	0.0902256
NODE_311112_length_718_cov_3.053312	288	421	19	16	133	0.1203008
NODE_311112_length_718_cov_3.053312	288	421	21	25	133	0.1879699
NODE_311112_length_718_cov_3.053312	288	421	22	29	133	0.2180451
NODE_311112_length_718_cov_3.053312	288	421	23	9	133	0.0676692
NODE_311112_length_718_cov_3.053312	288	421	24	1	133	0.0075188
NODE_3111_length_10904_cov_4.351134	8146	8279	1	21	133	0.1578947
NODE_3111_length_10904_cov_4.351134	8146	8279	2	16	133	0.1203008
NODE_3111_length_10904_cov_4.351134	8146	8279	4	4	133	0.0300752
NODE_3111_length_10904_cov_4.351134	8146	8279	5	4	133	0.0300752
NODE_3111_length_10904_cov_4.351134	8146	8279	7	38	133	0.2857143
NODE_3111_length_10904_cov_4.351134	8146	8279	8	50	133	0.3759398
NODE_31125_length_4515_cov_3.887455	1126	1259	9	18	133	0.1353384
NODE_31125_length_4515_cov_3.887455	1126	1259	10	10	133	0.0751880
NODE_31125_length_4515_cov_3.887455	1126	1259	11	44	133	0.3308271
NODE_31125_length_4515_cov_3.887455	1126	1259	12	35	133	0.2631579
NODE_31125_length_4515_cov_3.887455	1126	1259	13	15	133	0.1127820
NODE_31125_length_4515_cov_3.887455	1126	1259	14	11	133	0.0827068
NODE_3112_length_10902_cov_4.895585	3413	3546	5	19	133	0.1428571
NODE_3112_length_10902_cov_4.895585	3413	3546	7	14	133	0.1052632
NODE_3112_length_10902_cov_4.895585	3413	3546	8	14	133	0.1052632
NODE_3112_length_10902_cov_4.895585	3413	3546	9	35	133	0.2631579
NODE_3112_length_10902_cov_4.895585	3413	3546	10	19	133	0.1428571
NODE_3112_length_10902_cov_4.895585	3413	3546	11	15	133	0.1127820
NODE_3112_length_10902_cov_4.895585	3413	3546	12	17	133	0.1278196
NODE_31147_length_4513_cov_4.264839	3629	3762	9	12	133	0.0902256
NODE_31147_length_4513_cov_4.264839	3629	3762	10	8	133	0.0601504
NODE_31147_length_4513_cov_4.264839	3629	3762	12	1	133	0.0075188
NODE_31147_length_4513_cov_4.264839	3629	3762	13	10	133	0.0751880
NODE_31147_length_4513_cov_4.264839	3629	3762	15	3	133	0.0225564
NODE_31147_length_4513_cov_4.264839	3629	3762	16	16	133	0.1203008
NODE_31147_length_4513_cov_4.264839	3629	3762	17	15	133	0.1127820
NODE_31147_length_4513_cov_4.264839	3629	3762	18	14	133	0.1052632
NODE_31147_length_4513_cov_4.264839	3629	3762	19	10	133	0.0751880
NODE_31147_length_4513_cov_4.264839	3629	3762	20	44	133	0.3308271
NODE_31158_length_4512_cov_4.637208	1018	1151	5	14	133	0.1052632
NODE_31158_length_4512_cov_4.637208	1018	1151	6	86	133	0.6466165
NODE_31158_length_4512_cov_4.637208	1018	1151	7	33	133	0.2481203
NODE_31199_length_4509_cov_4.677551	3090	3223	14	6	133	0.0451128
NODE_31199_length_4509_cov_4.677551	3090	3223	15	18	133	0.1353384
NODE_31199_length_4509_cov_4.677551	3090	3223	16	19	133	0.1428571
NODE_31199_length_4509_cov_4.677551	3090	3223	17	13	133	0.0977444
NODE_31199_length_4509_cov_4.677551	3090	3223	18	27	133	0.2030075
NODE_31199_length_4509_cov_4.677551	3090	3223	19	19	133	0.1428571
NODE_31199_length_4509_cov_4.677551	3090	3223	20	19	133	0.1428571
NODE_31199_length_4509_cov_4.677551	3090	3223	21	12	133	0.0902256
NODE_311_length_19808_cov_4.348775	4901	5034	13	16	133	0.1203008
NODE_311_length_19808_cov_4.348775	4901	5034	14	2	133	0.0150376
NODE_311_length_19808_cov_4.348775	4901	5034	15	1	133	0.0075188
NODE_311_length_19808_cov_4.348775	4901	5034	17	1	133	0.0075188
NODE_311_length_19808_cov_4.348775	4901	5034	18	4	133	0.0300752
NODE_311_length_19808_cov_4.348775	4901	5034	20	4	133	0.0300752
NODE_311_length_19808_cov_4.348775	4901	5034	22	4	133	0.0300752
NODE_311_length_19808_cov_4.348775	4901	5034	24	1	133	0.0075188
NODE_311_length_19808_cov_4.348775	4901	5034	25	3	133	0.0225564
NODE_311_length_19808_cov_4.348775	4901	5034	26	2	133	0.0150376
NODE_311_length_19808_cov_4.348775	4901	5034	27	4	133	0.0300752
NODE_311_length_19808_cov_4.348775	4901	5034	29	1	133	0.0075188
NODE_311_length_19808_cov_4.348775	4901	5034	33	2	133	0.0150376
NODE_311_length_19808_cov_4.348775	4901	5034	35	3	133	0.0225564
NODE_311_length_19808_cov_4.348775	4901	5034	36	8	133	0.0601504
NODE_311_length_19808_cov_4.348775	4901	5034	37	8	133	0.0601504
NODE_311_length_19808_cov_4.348775	4901	5034	38	1	133	0.0075188
NODE_311_length_19808_cov_4.348775	4901	5034	39	10	133	0.0751880
NODE_311_length_19808_cov_4.348775	4901	5034	40	18	133	0.1353384
NODE_311_length_19808_cov_4.348775	4901	5034	41	15	133	0.1127820
NODE_311_length_19808_cov_4.348775	4901	5034	42	5	133	0.0375940
NODE_311_length_19808_cov_4.348775	4901	5034	43	4	133	0.0300752
NODE_311_length_19808_cov_4.348775	4901	5034	44	7	133	0.0526316
NODE_311_length_19808_cov_4.348775	4901	5034	45	9	133	0.0676692
NODE_3122_length_10890_cov_5.074414	3871	4004	1	11	133	0.0827068
NODE_3122_length_10890_cov_5.074414	3871	4004	2	53	133	0.3984962
NODE_3122_length_10890_cov_5.074414	3871	4004	3	27	133	0.2030075
NODE_3122_length_10890_cov_5.074414	3871	4004	4	11	133	0.0827068
NODE_3122_length_10890_cov_5.074414	3871	4004	6	29	133	0.2180451
NODE_3122_length_10890_cov_5.074414	3871	4004	7	2	133	0.0150376
NODE_312308_length_713_cov_3.172638	468	601	9	24	133	0.1804511
NODE_312308_length_713_cov_3.172638	468	601	10	18	133	0.1353384
NODE_312308_length_713_cov_3.172638	468	601	11	30	133	0.2255639
NODE_312308_length_713_cov_3.172638	468	601	12	56	133	0.4210526
NODE_312308_length_713_cov_3.172638	468	601	13	5	133	0.0375940
NODE_312357_length_713_cov_2.729642	506	639	0	133	133	1.0000000
NODE_3124_length_10887_cov_4.961068	6211	6344	2	8	133	0.0601504
NODE_3124_length_10887_cov_4.961068	6211	6344	3	2	133	0.0150376
NODE_3124_length_10887_cov_4.961068	6211	6344	5	48	133	0.3609022
NODE_3124_length_10887_cov_4.961068	6211	6344	7	12	133	0.0902256
NODE_3124_length_10887_cov_4.961068	6211	6344	8	4	133	0.0300752
NODE_3124_length_10887_cov_4.961068	6211	6344	9	8	133	0.0601504
NODE_3124_length_10887_cov_4.961068	6211	6344	10	26	133	0.1954887
NODE_3124_length_10887_cov_4.961068	6211	6344	11	25	133	0.1879699
NODE_312507_length_712_cov_3.890701	427	560	1	4	133	0.0300752
NODE_312507_length_712_cov_3.890701	427	560	2	1	133	0.0075188
NODE_312507_length_712_cov_3.890701	427	560	3	11	133	0.0827068
NODE_312507_length_712_cov_3.890701	427	560	4	5	133	0.0375940
NODE_312507_length_712_cov_3.890701	427	560	5	4	133	0.0300752
NODE_312507_length_712_cov_3.890701	427	560	7	29	133	0.2180451
NODE_312507_length_712_cov_3.890701	427	560	8	4	133	0.0300752
NODE_312507_length_712_cov_3.890701	427	560	9	44	133	0.3308271
NODE_312507_length_712_cov_3.890701	427	560	10	31	133	0.2330827
NODE_31250_length_4505_cov_10.536995	1914	2047	19	3	133	0.0225564
NODE_31250_length_4505_cov_10.536995	1914	2047	20	16	133	0.1203008
NODE_31250_length_4505_cov_10.536995	1914	2047	21	19	133	0.1428571
NODE_31250_length_4505_cov_10.536995	1914	2047	22	2	133	0.0150376
NODE_31250_length_4505_cov_10.536995	1914	2047	23	12	133	0.0902256
NODE_31250_length_4505_cov_10.536995	1914	2047	24	3	133	0.0225564
NODE_31250_length_4505_cov_10.536995	1914	2047	25	2	133	0.0150376
NODE_31250_length_4505_cov_10.536995	1914	2047	26	6	133	0.0451128
NODE_31250_length_4505_cov_10.536995	1914	2047	27	29	133	0.2180451
NODE_31250_length_4505_cov_10.536995	1914	2047	28	1	133	0.0075188
NODE_31250_length_4505_cov_10.536995	1914	2047	29	6	133	0.0451128
NODE_31250_length_4505_cov_10.536995	1914	2047	30	3	133	0.0225564
NODE_31250_length_4505_cov_10.536995	1914	2047	31	14	133	0.1052632
NODE_31250_length_4505_cov_10.536995	1914	2047	32	17	133	0.1278196
NODE_312529_length_712_cov_3.502447	36	169	9	53	133	0.3984962
NODE_312529_length_712_cov_3.502447	36	169	10	8	133	0.0601504
NODE_312529_length_712_cov_3.502447	36	169	13	2	133	0.0150376
NODE_312529_length_712_cov_3.502447	36	169	14	13	133	0.0977444
NODE_312529_length_712_cov_3.502447	36	169	15	12	133	0.0902256
NODE_312529_length_712_cov_3.502447	36	169	16	45	133	0.3383459
NODE_312627_length_712_cov_2.468189	135	268	1	6	133	0.0451128
NODE_312627_length_712_cov_2.468189	135	268	2	47	133	0.3533835
NODE_312627_length_712_cov_2.468189	135	268	3	59	133	0.4436090
NODE_312627_length_712_cov_2.468189	135	268	4	21	133	0.1578947
NODE_312705_length_712_cov_1.179445	360	493	2	10	133	0.0751880
NODE_312705_length_712_cov_1.179445	360	493	3	2	133	0.0150376
NODE_312705_length_712_cov_1.179445	360	493	4	18	133	0.1353384
NODE_312705_length_712_cov_1.179445	360	493	5	6	133	0.0451128
NODE_312705_length_712_cov_1.179445	360	493	6	14	133	0.1052632
NODE_312705_length_712_cov_1.179445	360	493	7	12	133	0.0902256
NODE_312705_length_712_cov_1.179445	360	493	8	8	133	0.0601504
NODE_312705_length_712_cov_1.179445	360	493	10	7	133	0.0526316
NODE_312705_length_712_cov_1.179445	360	493	12	56	133	0.4210526
NODE_312_length_19784_cov_4.648514	3159	3292	29	2	133	0.0150376
NODE_312_length_19784_cov_4.648514	3159	3292	30	6	133	0.0451128
NODE_312_length_19784_cov_4.648514	3159	3292	32	5	133	0.0375940
NODE_312_length_19784_cov_4.648514	3159	3292	33	3	133	0.0225564
NODE_312_length_19784_cov_4.648514	3159	3292	35	1	133	0.0075188
NODE_312_length_19784_cov_4.648514	3159	3292	36	5	133	0.0375940
NODE_312_length_19784_cov_4.648514	3159	3292	37	2	133	0.0150376
NODE_312_length_19784_cov_4.648514	3159	3292	38	13	133	0.0977444
NODE_312_length_19784_cov_4.648514	3159	3292	39	5	133	0.0375940
NODE_312_length_19784_cov_4.648514	3159	3292	40	7	133	0.0526316
NODE_312_length_19784_cov_4.648514	3159	3292	41	14	133	0.1052632
NODE_312_length_19784_cov_4.648514	3159	3292	42	18	133	0.1353384
NODE_312_length_19784_cov_4.648514	3159	3292	43	47	133	0.3533835
NODE_312_length_19784_cov_4.648514	3159	3292	44	5	133	0.0375940
NODE_31315_length_4501_cov_5.088823	3065	3198	4	4	133	0.0300752
NODE_31315_length_4501_cov_5.088823	3065	3198	5	27	133	0.2030075
NODE_31315_length_4501_cov_5.088823	3065	3198	7	11	133	0.0827068
NODE_31315_length_4501_cov_5.088823	3065	3198	8	24	133	0.1804511
NODE_31315_length_4501_cov_5.088823	3065	3198	9	67	133	0.5037594
NODE_31317_length_4501_cov_4.831213	1523	1656	16	4	133	0.0300752
NODE_31317_length_4501_cov_4.831213	1523	1656	18	2	133	0.0150376
NODE_31317_length_4501_cov_4.831213	1523	1656	20	7	133	0.0526316
NODE_31317_length_4501_cov_4.831213	1523	1656	21	4	133	0.0300752
NODE_31317_length_4501_cov_4.831213	1523	1656	22	7	133	0.0526316
NODE_31317_length_4501_cov_4.831213	1523	1656	23	1	133	0.0075188
NODE_31317_length_4501_cov_4.831213	1523	1656	24	17	133	0.1278196
NODE_31317_length_4501_cov_4.831213	1523	1656	26	9	133	0.0676692
NODE_31317_length_4501_cov_4.831213	1523	1656	27	16	133	0.1203008
NODE_31317_length_4501_cov_4.831213	1523	1656	28	9	133	0.0676692
NODE_31317_length_4501_cov_4.831213	1523	1656	29	44	133	0.3308271
NODE_31317_length_4501_cov_4.831213	1523	1656	30	2	133	0.0150376
NODE_31317_length_4501_cov_4.831213	1523	1656	31	11	133	0.0827068
NODE_313221_length_709_cov_3.729508	197	330	5	16	133	0.1203008
NODE_313221_length_709_cov_3.729508	197	330	6	47	133	0.3533835
NODE_313221_length_709_cov_3.729508	197	330	7	55	133	0.4135338
NODE_313221_length_709_cov_3.729508	197	330	8	15	133	0.1127820
NODE_3132_length_10882_cov_3.324214	8625	8758	18	6	133	0.0451128
NODE_3132_length_10882_cov_3.324214	8625	8758	19	10	133	0.0751880
NODE_3132_length_10882_cov_3.324214	8625	8758	20	3	133	0.0225564
NODE_3132_length_10882_cov_3.324214	8625	8758	21	10	133	0.0751880
NODE_3132_length_10882_cov_3.324214	8625	8758	22	13	133	0.0977444
NODE_3132_length_10882_cov_3.324214	8625	8758	23	27	133	0.2030075
NODE_3132_length_10882_cov_3.324214	8625	8758	24	16	133	0.1203008
NODE_3132_length_10882_cov_3.324214	8625	8758	25	20	133	0.1503759
NODE_3132_length_10882_cov_3.324214	8625	8758	26	28	133	0.2105263
NODE_313304_length_709_cov_2.611475	352	485	21	8	133	0.0601504
NODE_313304_length_709_cov_2.611475	352	485	22	18	133	0.1353384
NODE_313304_length_709_cov_2.611475	352	485	23	15	133	0.1127820
NODE_313304_length_709_cov_2.611475	352	485	24	19	133	0.1428571
NODE_313304_length_709_cov_2.611475	352	485	25	10	133	0.0751880
NODE_313304_length_709_cov_2.611475	352	485	26	2	133	0.0150376
NODE_313304_length_709_cov_2.611475	352	485	27	6	133	0.0451128
NODE_313304_length_709_cov_2.611475	352	485	28	2	133	0.0150376
NODE_313304_length_709_cov_2.611475	352	485	29	1	133	0.0075188
NODE_313304_length_709_cov_2.611475	352	485	30	17	133	0.1278196
NODE_313304_length_709_cov_2.611475	352	485	31	3	133	0.0225564
NODE_313304_length_709_cov_2.611475	352	485	32	10	133	0.0751880
NODE_313304_length_709_cov_2.611475	352	485	33	16	133	0.1203008
NODE_313304_length_709_cov_2.611475	352	485	34	6	133	0.0451128
NODE_31351_length_4498_cov_4.427597	2679	2812	6	22	133	0.1654135
NODE_31351_length_4498_cov_4.427597	2679	2812	7	8	133	0.0601504
NODE_31351_length_4498_cov_4.427597	2679	2812	8	3	133	0.0225564
NODE_31351_length_4498_cov_4.427597	2679	2812	9	4	133	0.0300752
NODE_31351_length_4498_cov_4.427597	2679	2812	10	22	133	0.1654135
NODE_31351_length_4498_cov_4.427597	2679	2812	11	28	133	0.2105263
NODE_31351_length_4498_cov_4.427597	2679	2812	12	30	133	0.2255639
NODE_31351_length_4498_cov_4.427597	2679	2812	13	16	133	0.1203008
NODE_31353_length_4498_cov_4.331439	2933	3066	0	33	133	0.2481203
NODE_31353_length_4498_cov_4.331439	2933	3066	2	4	133	0.0300752
NODE_31353_length_4498_cov_4.331439	2933	3066	4	96	133	0.7218045
NODE_313670_length_707_cov_4.444079	235	368	0	133	133	1.0000000
NODE_31375_length_4496_cov_5.149420	3718	3851	9	12	133	0.0902256
NODE_31375_length_4496_cov_5.149420	3718	3851	10	19	133	0.1428571
NODE_31375_length_4496_cov_5.149420	3718	3851	11	15	133	0.1127820
NODE_31375_length_4496_cov_5.149420	3718	3851	12	32	133	0.2406015
NODE_31375_length_4496_cov_5.149420	3718	3851	13	13	133	0.0977444
NODE_31375_length_4496_cov_5.149420	3718	3851	14	5	133	0.0375940
NODE_31375_length_4496_cov_5.149420	3718	3851	15	35	133	0.2631579
NODE_31375_length_4496_cov_5.149420	3718	3851	16	2	133	0.0150376
NODE_31376_length_4496_cov_5.072095	3757	3890	3	42	133	0.3157895
NODE_31376_length_4496_cov_5.072095	3757	3890	4	30	133	0.2255639
NODE_31376_length_4496_cov_5.072095	3757	3890	5	35	133	0.2631579
NODE_31376_length_4496_cov_5.072095	3757	3890	6	1	133	0.0075188
NODE_31376_length_4496_cov_5.072095	3757	3890	7	25	133	0.1879699
NODE_3137_length_10875_cov_4.080828	4855	4988	15	4	133	0.0300752
NODE_3137_length_10875_cov_4.080828	4855	4988	17	11	133	0.0827068
NODE_3137_length_10875_cov_4.080828	4855	4988	18	2	133	0.0150376
NODE_3137_length_10875_cov_4.080828	4855	4988	21	6	133	0.0451128
NODE_3137_length_10875_cov_4.080828	4855	4988	22	3	133	0.0225564
NODE_3137_length_10875_cov_4.080828	4855	4988	23	11	133	0.0827068
NODE_3137_length_10875_cov_4.080828	4855	4988	24	9	133	0.0676692
NODE_3137_length_10875_cov_4.080828	4855	4988	26	2	133	0.0150376
NODE_3137_length_10875_cov_4.080828	4855	4988	28	10	133	0.0751880
NODE_3137_length_10875_cov_4.080828	4855	4988	30	18	133	0.1353384
NODE_3137_length_10875_cov_4.080828	4855	4988	31	10	133	0.0751880
NODE_3137_length_10875_cov_4.080828	4855	4988	32	22	133	0.1654135
NODE_3137_length_10875_cov_4.080828	4855	4988	33	14	133	0.1052632
NODE_3137_length_10875_cov_4.080828	4855	4988	34	6	133	0.0451128
NODE_3137_length_10875_cov_4.080828	4855	4988	35	5	133	0.0375940
NODE_31386_length_4496_cov_3.547191	1030	1163	3	10	133	0.0751880
NODE_31386_length_4496_cov_3.547191	1030	1163	5	12	133	0.0902256
NODE_31386_length_4496_cov_3.547191	1030	1163	7	7	133	0.0526316
NODE_31386_length_4496_cov_3.547191	1030	1163	8	1	133	0.0075188
NODE_31386_length_4496_cov_3.547191	1030	1163	9	3	133	0.0225564
NODE_31386_length_4496_cov_3.547191	1030	1163	10	2	133	0.0150376
NODE_31386_length_4496_cov_3.547191	1030	1163	12	1	133	0.0075188
NODE_31386_length_4496_cov_3.547191	1030	1163	13	10	133	0.0751880
NODE_31386_length_4496_cov_3.547191	1030	1163	14	12	133	0.0902256
NODE_31386_length_4496_cov_3.547191	1030	1163	15	19	133	0.1428571
NODE_31386_length_4496_cov_3.547191	1030	1163	17	3	133	0.0225564
NODE_31386_length_4496_cov_3.547191	1030	1163	18	1	133	0.0075188
NODE_31386_length_4496_cov_3.547191	1030	1163	19	15	133	0.1127820
NODE_31386_length_4496_cov_3.547191	1030	1163	21	17	133	0.1278196
NODE_31386_length_4496_cov_3.547191	1030	1163	23	20	133	0.1503759
NODE_31395_length_4495_cov_4.340764	2966	3099	0	133	133	1.0000000
NODE_314104_length_706_cov_1.836903	10	143	13	11	133	0.0827068
NODE_314104_length_706_cov_1.836903	10	143	15	1	133	0.0075188
NODE_314104_length_706_cov_1.836903	10	143	16	6	133	0.0451128
NODE_314104_length_706_cov_1.836903	10	143	17	3	133	0.0225564
NODE_314104_length_706_cov_1.836903	10	143	18	3	133	0.0225564
NODE_314104_length_706_cov_1.836903	10	143	20	31	133	0.2330827
NODE_314104_length_706_cov_1.836903	10	143	21	4	133	0.0300752
NODE_314104_length_706_cov_1.836903	10	143	22	23	133	0.1729323
NODE_314104_length_706_cov_1.836903	10	143	23	14	133	0.1052632
NODE_314104_length_706_cov_1.836903	10	143	25	18	133	0.1353384
NODE_314104_length_706_cov_1.836903	10	143	26	14	133	0.1052632
NODE_314104_length_706_cov_1.836903	10	143	27	1	133	0.0075188
NODE_314104_length_706_cov_1.836903	10	143	28	4	133	0.0300752
NODE_314144_length_705_cov_5.163366	312	445	2	59	133	0.4436090
NODE_314144_length_705_cov_5.163366	312	445	3	59	133	0.4436090
NODE_314144_length_705_cov_5.163366	312	445	4	1	133	0.0075188
NODE_314144_length_705_cov_5.163366	312	445	6	14	133	0.1052632
NODE_3141_length_10874_cov_4.222181	10469	10602	8	1	133	0.0075188
NODE_3141_length_10874_cov_4.222181	10469	10602	9	3	133	0.0225564
NODE_3141_length_10874_cov_4.222181	10469	10602	10	1	133	0.0075188
NODE_3141_length_10874_cov_4.222181	10469	10602	11	6	133	0.0451128
NODE_3141_length_10874_cov_4.222181	10469	10602	12	4	133	0.0300752
NODE_3141_length_10874_cov_4.222181	10469	10602	13	3	133	0.0225564
NODE_3141_length_10874_cov_4.222181	10469	10602	15	13	133	0.0977444
NODE_3141_length_10874_cov_4.222181	10469	10602	16	1	133	0.0075188
NODE_3141_length_10874_cov_4.222181	10469	10602	17	18	133	0.1353384
NODE_3141_length_10874_cov_4.222181	10469	10602	18	19	133	0.1428571
NODE_3141_length_10874_cov_4.222181	10469	10602	19	12	133	0.0902256
NODE_3141_length_10874_cov_4.222181	10469	10602	20	23	133	0.1729323
NODE_3141_length_10874_cov_4.222181	10469	10602	21	29	133	0.2180451
NODE_31422_length_4492_cov_5.047576	1122	1255	19	6	133	0.0451128
NODE_31422_length_4492_cov_5.047576	1122	1255	23	1	133	0.0075188
NODE_31422_length_4492_cov_5.047576	1122	1255	25	3	133	0.0225564
NODE_31422_length_4492_cov_5.047576	1122	1255	27	2	133	0.0150376
NODE_31422_length_4492_cov_5.047576	1122	1255	28	3	133	0.0225564
NODE_31422_length_4492_cov_5.047576	1122	1255	29	20	133	0.1503759
NODE_31422_length_4492_cov_5.047576	1122	1255	30	20	133	0.1503759
NODE_31422_length_4492_cov_5.047576	1122	1255	31	13	133	0.0977444
NODE_31422_length_4492_cov_5.047576	1122	1255	32	9	133	0.0676692
NODE_31422_length_4492_cov_5.047576	1122	1255	33	14	133	0.1052632
NODE_31422_length_4492_cov_5.047576	1122	1255	34	9	133	0.0676692
NODE_31422_length_4492_cov_5.047576	1122	1255	36	4	133	0.0300752
NODE_31422_length_4492_cov_5.047576	1122	1255	37	12	133	0.0902256
NODE_31422_length_4492_cov_5.047576	1122	1255	38	2	133	0.0150376
NODE_31422_length_4492_cov_5.047576	1122	1255	39	10	133	0.0751880
NODE_31422_length_4492_cov_5.047576	1122	1255	40	5	133	0.0375940
NODE_31448_length_4489_cov_5.009795	4099	4232	34	9	133	0.0676692
NODE_31448_length_4489_cov_5.009795	4099	4232	35	6	133	0.0451128
NODE_31448_length_4489_cov_5.009795	4099	4232	36	4	133	0.0300752
NODE_31448_length_4489_cov_5.009795	4099	4232	37	2	133	0.0150376
NODE_31448_length_4489_cov_5.009795	4099	4232	38	5	133	0.0375940
NODE_31448_length_4489_cov_5.009795	4099	4232	39	10	133	0.0751880
NODE_31448_length_4489_cov_5.009795	4099	4232	40	6	133	0.0451128
NODE_31448_length_4489_cov_5.009795	4099	4232	41	24	133	0.1804511
NODE_31448_length_4489_cov_5.009795	4099	4232	42	1	133	0.0075188
NODE_31448_length_4489_cov_5.009795	4099	4232	43	2	133	0.0150376
NODE_31448_length_4489_cov_5.009795	4099	4232	44	3	133	0.0225564
NODE_31448_length_4489_cov_5.009795	4099	4232	46	13	133	0.0977444
NODE_31448_length_4489_cov_5.009795	4099	4232	47	7	133	0.0526316
NODE_31448_length_4489_cov_5.009795	4099	4232	48	11	133	0.0827068
NODE_31448_length_4489_cov_5.009795	4099	4232	49	9	133	0.0676692
NODE_31448_length_4489_cov_5.009795	4099	4232	50	16	133	0.1203008
NODE_31448_length_4489_cov_5.009795	4099	4232	51	2	133	0.0150376
NODE_31448_length_4489_cov_5.009795	4099	4232	52	3	133	0.0225564
NODE_31453_length_4489_cov_3.677221	2824	2957	16	3	133	0.0225564
NODE_31453_length_4489_cov_3.677221	2824	2957	17	5	133	0.0375940
NODE_31453_length_4489_cov_3.677221	2824	2957	18	4	133	0.0300752
NODE_31453_length_4489_cov_3.677221	2824	2957	20	5	133	0.0375940
NODE_31453_length_4489_cov_3.677221	2824	2957	21	5	133	0.0375940
NODE_31453_length_4489_cov_3.677221	2824	2957	22	3	133	0.0225564
NODE_31453_length_4489_cov_3.677221	2824	2957	23	24	133	0.1804511
NODE_31453_length_4489_cov_3.677221	2824	2957	24	14	133	0.1052632
NODE_31453_length_4489_cov_3.677221	2824	2957	25	8	133	0.0601504
NODE_31453_length_4489_cov_3.677221	2824	2957	26	25	133	0.1879699
NODE_31453_length_4489_cov_3.677221	2824	2957	27	7	133	0.0526316
NODE_31453_length_4489_cov_3.677221	2824	2957	28	8	133	0.0601504
NODE_31453_length_4489_cov_3.677221	2824	2957	29	22	133	0.1654135
NODE_314886_length_702_cov_5.968491	185	318	4	8	133	0.0601504
NODE_314886_length_702_cov_5.968491	185	318	5	12	133	0.0902256
NODE_314886_length_702_cov_5.968491	185	318	7	10	133	0.0751880
NODE_314886_length_702_cov_5.968491	185	318	8	2	133	0.0150376
NODE_314886_length_702_cov_5.968491	185	318	9	5	133	0.0375940
NODE_314886_length_702_cov_5.968491	185	318	10	5	133	0.0375940
NODE_314886_length_702_cov_5.968491	185	318	11	15	133	0.1127820
NODE_314886_length_702_cov_5.968491	185	318	12	14	133	0.1052632
NODE_314886_length_702_cov_5.968491	185	318	13	8	133	0.0601504
NODE_314886_length_702_cov_5.968491	185	318	14	9	133	0.0676692
NODE_314886_length_702_cov_5.968491	185	318	15	27	133	0.2030075
NODE_314886_length_702_cov_5.968491	185	318	16	8	133	0.0601504
NODE_314886_length_702_cov_5.968491	185	318	17	10	133	0.0751880
NODE_315756_length_699_cov_3.151667	209	342	28	2	133	0.0150376
NODE_315756_length_699_cov_3.151667	209	342	29	3	133	0.0225564
NODE_315756_length_699_cov_3.151667	209	342	30	1	133	0.0075188
NODE_315756_length_699_cov_3.151667	209	342	31	2	133	0.0150376
NODE_315756_length_699_cov_3.151667	209	342	32	7	133	0.0526316
NODE_315756_length_699_cov_3.151667	209	342	33	19	133	0.1428571
NODE_315756_length_699_cov_3.151667	209	342	34	9	133	0.0676692
NODE_315756_length_699_cov_3.151667	209	342	35	8	133	0.0601504
NODE_315756_length_699_cov_3.151667	209	342	36	26	133	0.1954887
NODE_315756_length_699_cov_3.151667	209	342	37	14	133	0.1052632
NODE_315756_length_699_cov_3.151667	209	342	38	8	133	0.0601504
NODE_315756_length_699_cov_3.151667	209	342	39	6	133	0.0451128
NODE_315756_length_699_cov_3.151667	209	342	40	5	133	0.0375940
NODE_315756_length_699_cov_3.151667	209	342	41	8	133	0.0601504
NODE_315756_length_699_cov_3.151667	209	342	42	4	133	0.0300752
NODE_315756_length_699_cov_3.151667	209	342	43	5	133	0.0375940
NODE_315756_length_699_cov_3.151667	209	342	44	6	133	0.0451128
NODE_31592_length_4478_cov_4.587577	127	260	7	14	133	0.1052632
NODE_31592_length_4478_cov_4.587577	127	260	8	2	133	0.0150376
NODE_31592_length_4478_cov_4.587577	127	260	9	2	133	0.0150376
NODE_31592_length_4478_cov_4.587577	127	260	11	11	133	0.0827068
NODE_31592_length_4478_cov_4.587577	127	260	13	11	133	0.0827068
NODE_31592_length_4478_cov_4.587577	127	260	15	1	133	0.0075188
NODE_31592_length_4478_cov_4.587577	127	260	16	1	133	0.0075188
NODE_31592_length_4478_cov_4.587577	127	260	17	2	133	0.0150376
NODE_31592_length_4478_cov_4.587577	127	260	18	4	133	0.0300752
NODE_31592_length_4478_cov_4.587577	127	260	20	13	133	0.0977444
NODE_31592_length_4478_cov_4.587577	127	260	21	30	133	0.2255639
NODE_31592_length_4478_cov_4.587577	127	260	22	25	133	0.1879699
NODE_31592_length_4478_cov_4.587577	127	260	23	15	133	0.1127820
NODE_31592_length_4478_cov_4.587577	127	260	24	2	133	0.0150376
NODE_31596_length_4478_cov_3.937657	2960	3093	15	11	133	0.0827068
NODE_31596_length_4478_cov_3.937657	2960	3093	17	23	133	0.1729323
NODE_31596_length_4478_cov_3.937657	2960	3093	18	2	133	0.0150376
NODE_31596_length_4478_cov_3.937657	2960	3093	19	6	133	0.0451128
NODE_31596_length_4478_cov_3.937657	2960	3093	21	7	133	0.0526316
NODE_31596_length_4478_cov_3.937657	2960	3093	22	2	133	0.0150376
NODE_31596_length_4478_cov_3.937657	2960	3093	23	20	133	0.1503759
NODE_31596_length_4478_cov_3.937657	2960	3093	25	3	133	0.0225564
NODE_31596_length_4478_cov_3.937657	2960	3093	26	5	133	0.0375940
NODE_31596_length_4478_cov_3.937657	2960	3093	28	11	133	0.0827068
NODE_31596_length_4478_cov_3.937657	2960	3093	29	15	133	0.1127820
NODE_31596_length_4478_cov_3.937657	2960	3093	30	12	133	0.0902256
NODE_31596_length_4478_cov_3.937657	2960	3093	31	8	133	0.0601504
NODE_31596_length_4478_cov_3.937657	2960	3093	32	8	133	0.0601504
NODE_31604_length_4477_cov_5.257652	1730	1863	2	58	133	0.4360902
NODE_31604_length_4477_cov_5.257652	1730	1863	3	36	133	0.2706767
NODE_31604_length_4477_cov_5.257652	1730	1863	4	14	133	0.1052632
NODE_31604_length_4477_cov_5.257652	1730	1863	5	19	133	0.1428571
NODE_31604_length_4477_cov_5.257652	1730	1863	6	6	133	0.0451128
NODE_316122_length_698_cov_2.250417	406	539	0	102	133	0.7669173
NODE_316122_length_698_cov_2.250417	406	539	1	31	133	0.2330827
NODE_316292_length_697_cov_3.264214	400	533	9	17	133	0.1278196
NODE_316292_length_697_cov_3.264214	400	533	10	9	133	0.0676692
NODE_316292_length_697_cov_3.264214	400	533	11	5	133	0.0375940
NODE_316292_length_697_cov_3.264214	400	533	12	9	133	0.0676692
NODE_316292_length_697_cov_3.264214	400	533	13	11	133	0.0827068
NODE_316292_length_697_cov_3.264214	400	533	14	1	133	0.0075188
NODE_316292_length_697_cov_3.264214	400	533	15	8	133	0.0601504
NODE_316292_length_697_cov_3.264214	400	533	17	7	133	0.0526316
NODE_316292_length_697_cov_3.264214	400	533	18	4	133	0.0300752
NODE_316292_length_697_cov_3.264214	400	533	19	16	133	0.1203008
NODE_316292_length_697_cov_3.264214	400	533	20	24	133	0.1804511
NODE_316292_length_697_cov_3.264214	400	533	21	4	133	0.0300752
NODE_316292_length_697_cov_3.264214	400	533	22	18	133	0.1353384
NODE_3162_length_10854_cov_4.629382	1020	1153	3	15	133	0.1127820
NODE_3162_length_10854_cov_4.629382	1020	1153	5	29	133	0.2180451
NODE_3162_length_10854_cov_4.629382	1020	1153	6	13	133	0.0977444
NODE_3162_length_10854_cov_4.629382	1020	1153	7	15	133	0.1127820
NODE_3162_length_10854_cov_4.629382	1020	1153	8	16	133	0.1203008
NODE_3162_length_10854_cov_4.629382	1020	1153	9	32	133	0.2406015
NODE_3162_length_10854_cov_4.629382	1020	1153	10	13	133	0.0977444
NODE_31634_length_4475_cov_3.792276	341	474	7	6	133	0.0451128
NODE_31634_length_4475_cov_3.792276	341	474	9	8	133	0.0601504
NODE_31634_length_4475_cov_3.792276	341	474	10	8	133	0.0601504
NODE_31634_length_4475_cov_3.792276	341	474	11	6	133	0.0451128
NODE_31634_length_4475_cov_3.792276	341	474	12	4	133	0.0300752
NODE_31634_length_4475_cov_3.792276	341	474	13	21	133	0.1578947
NODE_31634_length_4475_cov_3.792276	341	474	15	36	133	0.2706767
NODE_31634_length_4475_cov_3.792276	341	474	16	2	133	0.0150376
NODE_31634_length_4475_cov_3.792276	341	474	17	32	133	0.2406015
NODE_31634_length_4475_cov_3.792276	341	474	18	9	133	0.0676692
NODE_31634_length_4475_cov_3.792276	341	474	19	1	133	0.0075188
NODE_317017_length_694_cov_4.626891	234	367	4	5	133	0.0375940
NODE_317017_length_694_cov_4.626891	234	367	5	17	133	0.1278196
NODE_317017_length_694_cov_4.626891	234	367	6	3	133	0.0225564
NODE_317017_length_694_cov_4.626891	234	367	7	13	133	0.0977444
NODE_317017_length_694_cov_4.626891	234	367	8	28	133	0.2105263
NODE_317017_length_694_cov_4.626891	234	367	9	14	133	0.1052632
NODE_317017_length_694_cov_4.626891	234	367	10	30	133	0.2255639
NODE_317017_length_694_cov_4.626891	234	367	11	5	133	0.0375940
NODE_317017_length_694_cov_4.626891	234	367	12	18	133	0.1353384
NODE_31725_length_4468_cov_3.858091	1805	1938	2	3	133	0.0225564
NODE_31725_length_4468_cov_3.858091	1805	1938	3	26	133	0.1954887
NODE_31725_length_4468_cov_3.858091	1805	1938	4	73	133	0.5488722
NODE_31725_length_4468_cov_3.858091	1805	1938	5	31	133	0.2330827
NODE_317301_length_693_cov_4.557239	333	466	13	8	133	0.0601504
NODE_317301_length_693_cov_4.557239	333	466	14	1	133	0.0075188
NODE_317301_length_693_cov_4.557239	333	466	15	4	133	0.0300752
NODE_317301_length_693_cov_4.557239	333	466	16	10	133	0.0751880
NODE_317301_length_693_cov_4.557239	333	466	17	14	133	0.1052632
NODE_317301_length_693_cov_4.557239	333	466	18	30	133	0.2255639
NODE_317301_length_693_cov_4.557239	333	466	19	29	133	0.2180451
NODE_317301_length_693_cov_4.557239	333	466	20	11	133	0.0827068
NODE_317301_length_693_cov_4.557239	333	466	22	3	133	0.0225564
NODE_317301_length_693_cov_4.557239	333	466	23	6	133	0.0451128
NODE_317301_length_693_cov_4.557239	333	466	24	13	133	0.0977444
NODE_317301_length_693_cov_4.557239	333	466	25	4	133	0.0300752
NODE_317425_length_693_cov_2.622896	105	238	8	26	133	0.1954887
NODE_317425_length_693_cov_2.622896	105	238	9	7	133	0.0526316
NODE_317425_length_693_cov_2.622896	105	238	10	7	133	0.0526316
NODE_317425_length_693_cov_2.622896	105	238	11	23	133	0.1729323
NODE_317425_length_693_cov_2.622896	105	238	12	12	133	0.0902256
NODE_317425_length_693_cov_2.622896	105	238	13	46	133	0.3458647
NODE_317425_length_693_cov_2.622896	105	238	14	12	133	0.0902256
NODE_317538_length_692_cov_4.763912	146	279	1	3	133	0.0225564
NODE_317538_length_692_cov_4.763912	146	279	2	15	133	0.1127820
NODE_317538_length_692_cov_4.763912	146	279	4	37	133	0.2781955
NODE_317538_length_692_cov_4.763912	146	279	6	5	133	0.0375940
NODE_317538_length_692_cov_4.763912	146	279	8	21	133	0.1578947
NODE_317538_length_692_cov_4.763912	146	279	9	52	133	0.3909774
NODE_3175_length_10842_cov_4.222564	10455	10588	9	11	133	0.0827068
NODE_3175_length_10842_cov_4.222564	10455	10588	10	5	133	0.0375940
NODE_3175_length_10842_cov_4.222564	10455	10588	12	1	133	0.0075188
NODE_3175_length_10842_cov_4.222564	10455	10588	16	11	133	0.0827068
NODE_3175_length_10842_cov_4.222564	10455	10588	18	15	133	0.1127820
NODE_3175_length_10842_cov_4.222564	10455	10588	19	7	133	0.0526316
NODE_3175_length_10842_cov_4.222564	10455	10588	20	14	133	0.1052632
NODE_3175_length_10842_cov_4.222564	10455	10588	21	4	133	0.0300752
NODE_3175_length_10842_cov_4.222564	10455	10588	22	33	133	0.2481203
NODE_3175_length_10842_cov_4.222564	10455	10588	23	8	133	0.0601504
NODE_3175_length_10842_cov_4.222564	10455	10588	24	9	133	0.0676692
NODE_3175_length_10842_cov_4.222564	10455	10588	25	11	133	0.0827068
NODE_3175_length_10842_cov_4.222564	10455	10588	26	4	133	0.0300752
NODE_31769_length_4464_cov_5.251088	1243	1376	2	43	133	0.3233083
NODE_31769_length_4464_cov_5.251088	1243	1376	3	25	133	0.1879699
NODE_31769_length_4464_cov_5.251088	1243	1376	4	25	133	0.1879699
NODE_31769_length_4464_cov_5.251088	1243	1376	5	40	133	0.3007519
NODE_317898_length_691_cov_3.040541	268	401	11	28	133	0.2105263
NODE_317898_length_691_cov_3.040541	268	401	12	13	133	0.0977444
NODE_317898_length_691_cov_3.040541	268	401	13	10	133	0.0751880
NODE_317898_length_691_cov_3.040541	268	401	14	4	133	0.0300752
NODE_317898_length_691_cov_3.040541	268	401	15	15	133	0.1127820
NODE_317898_length_691_cov_3.040541	268	401	16	42	133	0.3157895
NODE_317898_length_691_cov_3.040541	268	401	17	15	133	0.1127820
NODE_317898_length_691_cov_3.040541	268	401	18	6	133	0.0451128
NODE_318133_length_690_cov_3.155668	213	346	1	94	133	0.7067669
NODE_318133_length_690_cov_3.155668	213	346	4	9	133	0.0676692
NODE_318133_length_690_cov_3.155668	213	346	5	30	133	0.2255639
NODE_31853_length_4459_cov_3.933716	3379	3512	13	11	133	0.0827068
NODE_31853_length_4459_cov_3.933716	3379	3512	14	2	133	0.0150376
NODE_31853_length_4459_cov_3.933716	3379	3512	16	5	133	0.0375940
NODE_31853_length_4459_cov_3.933716	3379	3512	17	16	133	0.1203008
NODE_31853_length_4459_cov_3.933716	3379	3512	18	10	133	0.0751880
NODE_31853_length_4459_cov_3.933716	3379	3512	19	30	133	0.2255639
NODE_31853_length_4459_cov_3.933716	3379	3512	20	36	133	0.2706767
NODE_31853_length_4459_cov_3.933716	3379	3512	21	16	133	0.1203008
NODE_31853_length_4459_cov_3.933716	3379	3512	22	7	133	0.0526316
NODE_31855_length_4458_cov_4.901354	1527	1660	9	29	133	0.2180451
NODE_31855_length_4458_cov_4.901354	1527	1660	10	5	133	0.0375940
NODE_31855_length_4458_cov_4.901354	1527	1660	11	3	133	0.0225564
NODE_31855_length_4458_cov_4.901354	1527	1660	13	20	133	0.1503759
NODE_31855_length_4458_cov_4.901354	1527	1660	14	52	133	0.3909774
NODE_31855_length_4458_cov_4.901354	1527	1660	15	1	133	0.0075188
NODE_31855_length_4458_cov_4.901354	1527	1660	16	17	133	0.1278196
NODE_31855_length_4458_cov_4.901354	1527	1660	17	6	133	0.0451128
NODE_3185_length_10832_cov_4.357961	1148	1281	16	5	133	0.0375940
NODE_3185_length_10832_cov_4.357961	1148	1281	19	1	133	0.0075188
NODE_3185_length_10832_cov_4.357961	1148	1281	20	9	133	0.0676692
NODE_3185_length_10832_cov_4.357961	1148	1281	21	1	133	0.0075188
NODE_3185_length_10832_cov_4.357961	1148	1281	22	2	133	0.0150376
NODE_3185_length_10832_cov_4.357961	1148	1281	23	2	133	0.0150376
NODE_3185_length_10832_cov_4.357961	1148	1281	24	3	133	0.0225564
NODE_3185_length_10832_cov_4.357961	1148	1281	26	8	133	0.0601504
NODE_3185_length_10832_cov_4.357961	1148	1281	30	4	133	0.0300752
NODE_3185_length_10832_cov_4.357961	1148	1281	31	2	133	0.0150376
NODE_3185_length_10832_cov_4.357961	1148	1281	32	2	133	0.0150376
NODE_3185_length_10832_cov_4.357961	1148	1281	33	5	133	0.0375940
NODE_3185_length_10832_cov_4.357961	1148	1281	34	13	133	0.0977444
NODE_3185_length_10832_cov_4.357961	1148	1281	35	6	133	0.0451128
NODE_3185_length_10832_cov_4.357961	1148	1281	36	16	133	0.1203008
NODE_3185_length_10832_cov_4.357961	1148	1281	37	13	133	0.0977444
NODE_3185_length_10832_cov_4.357961	1148	1281	38	15	133	0.1127820
NODE_3185_length_10832_cov_4.357961	1148	1281	39	6	133	0.0451128
NODE_3185_length_10832_cov_4.357961	1148	1281	40	1	133	0.0075188
NODE_3185_length_10832_cov_4.357961	1148	1281	41	1	133	0.0075188
NODE_3185_length_10832_cov_4.357961	1148	1281	42	6	133	0.0451128
NODE_3185_length_10832_cov_4.357961	1148	1281	43	3	133	0.0225564
NODE_3185_length_10832_cov_4.357961	1148	1281	44	7	133	0.0526316
NODE_3185_length_10832_cov_4.357961	1148	1281	45	1	133	0.0075188
NODE_3185_length_10832_cov_4.357961	1148	1281	46	1	133	0.0075188
NODE_318737_length_688_cov_2.336163	595	728	0	40	133	0.3007519
NODE_318737_length_688_cov_2.336163	595	728	4	1	133	0.0075188
NODE_318737_length_688_cov_2.336163	595	728	6	4	133	0.0300752
NODE_318737_length_688_cov_2.336163	595	728	7	3	133	0.0225564
NODE_318737_length_688_cov_2.336163	595	728	8	6	133	0.0451128
NODE_318737_length_688_cov_2.336163	595	728	9	1	133	0.0075188
NODE_318737_length_688_cov_2.336163	595	728	11	6	133	0.0451128
NODE_318737_length_688_cov_2.336163	595	728	15	1	133	0.0075188
NODE_318737_length_688_cov_2.336163	595	728	16	8	133	0.0601504
NODE_318737_length_688_cov_2.336163	595	728	18	1	133	0.0075188
NODE_318737_length_688_cov_2.336163	595	728	19	9	133	0.0676692
NODE_318737_length_688_cov_2.336163	595	728	20	3	133	0.0225564
NODE_318737_length_688_cov_2.336163	595	728	21	4	133	0.0300752
NODE_318737_length_688_cov_2.336163	595	728	22	14	133	0.1052632
NODE_318737_length_688_cov_2.336163	595	728	23	24	133	0.1804511
NODE_318737_length_688_cov_2.336163	595	728	24	4	133	0.0300752
NODE_318737_length_688_cov_2.336163	595	728	25	4	133	0.0300752
NODE_319200_length_686_cov_2.821124	450	583	17	1	133	0.0075188
NODE_319200_length_686_cov_2.821124	450	583	18	2	133	0.0150376
NODE_319200_length_686_cov_2.821124	450	583	21	4	133	0.0300752
NODE_319200_length_686_cov_2.821124	450	583	22	8	133	0.0601504
NODE_319200_length_686_cov_2.821124	450	583	23	18	133	0.1353384
NODE_319200_length_686_cov_2.821124	450	583	24	17	133	0.1278196
NODE_319200_length_686_cov_2.821124	450	583	25	5	133	0.0375940
NODE_319200_length_686_cov_2.821124	450	583	26	6	133	0.0451128
NODE_319200_length_686_cov_2.821124	450	583	27	21	133	0.1578947
NODE_319200_length_686_cov_2.821124	450	583	28	1	133	0.0075188
NODE_319200_length_686_cov_2.821124	450	583	29	6	133	0.0451128
NODE_319200_length_686_cov_2.821124	450	583	30	5	133	0.0375940
NODE_319200_length_686_cov_2.821124	450	583	31	7	133	0.0526316
NODE_319200_length_686_cov_2.821124	450	583	32	11	133	0.0827068
NODE_319200_length_686_cov_2.821124	450	583	33	21	133	0.1578947
NODE_31928_length_4454_cov_3.801607	1977	2110	3	2	133	0.0150376
NODE_31928_length_4454_cov_3.801607	1977	2110	5	6	133	0.0451128
NODE_31928_length_4454_cov_3.801607	1977	2110	7	1	133	0.0075188
NODE_31928_length_4454_cov_3.801607	1977	2110	9	2	133	0.0150376
NODE_31928_length_4454_cov_3.801607	1977	2110	10	30	133	0.2255639
NODE_31928_length_4454_cov_3.801607	1977	2110	11	7	133	0.0526316
NODE_31928_length_4454_cov_3.801607	1977	2110	12	8	133	0.0601504
NODE_31928_length_4454_cov_3.801607	1977	2110	13	7	133	0.0526316
NODE_31928_length_4454_cov_3.801607	1977	2110	14	8	133	0.0601504
NODE_31928_length_4454_cov_3.801607	1977	2110	15	2	133	0.0150376
NODE_31928_length_4454_cov_3.801607	1977	2110	17	50	133	0.3759398
NODE_31928_length_4454_cov_3.801607	1977	2110	18	10	133	0.0751880
NODE_319503_length_685_cov_2.788396	636	769	0	85	133	0.6390978
NODE_319503_length_685_cov_2.788396	636	769	3	48	133	0.3609022
NODE_3198_length_10824_cov_5.886993	1450	1583	13	3	133	0.0225564
NODE_3198_length_10824_cov_5.886993	1450	1583	14	12	133	0.0902256
NODE_3198_length_10824_cov_5.886993	1450	1583	15	17	133	0.1278196
NODE_3198_length_10824_cov_5.886993	1450	1583	16	4	133	0.0300752
NODE_3198_length_10824_cov_5.886993	1450	1583	17	6	133	0.0451128
NODE_3198_length_10824_cov_5.886993	1450	1583	18	3	133	0.0225564
NODE_3198_length_10824_cov_5.886993	1450	1583	19	7	133	0.0526316
NODE_3198_length_10824_cov_5.886993	1450	1583	24	1	133	0.0075188
NODE_3198_length_10824_cov_5.886993	1450	1583	25	5	133	0.0375940
NODE_3198_length_10824_cov_5.886993	1450	1583	26	13	133	0.0977444
NODE_3198_length_10824_cov_5.886993	1450	1583	27	20	133	0.1503759
NODE_3198_length_10824_cov_5.886993	1450	1583	28	15	133	0.1127820
NODE_3198_length_10824_cov_5.886993	1450	1583	29	16	133	0.1203008
NODE_3198_length_10824_cov_5.886993	1450	1583	30	4	133	0.0300752
NODE_3198_length_10824_cov_5.886993	1450	1583	32	2	133	0.0150376
NODE_3198_length_10824_cov_5.886993	1450	1583	33	5	133	0.0375940
NODE_320141_length_682_cov_3.907376	506	639	10	6	133	0.0451128
NODE_320141_length_682_cov_3.907376	506	639	11	2	133	0.0150376
NODE_320141_length_682_cov_3.907376	506	639	13	2	133	0.0150376
NODE_320141_length_682_cov_3.907376	506	639	15	1	133	0.0075188
NODE_320141_length_682_cov_3.907376	506	639	16	24	133	0.1804511
NODE_320141_length_682_cov_3.907376	506	639	17	17	133	0.1278196
NODE_320141_length_682_cov_3.907376	506	639	18	1	133	0.0075188
NODE_320141_length_682_cov_3.907376	506	639	19	3	133	0.0225564
NODE_320141_length_682_cov_3.907376	506	639	20	5	133	0.0375940
NODE_320141_length_682_cov_3.907376	506	639	21	14	133	0.1052632
NODE_320141_length_682_cov_3.907376	506	639	22	9	133	0.0676692
NODE_320141_length_682_cov_3.907376	506	639	23	8	133	0.0601504
NODE_320141_length_682_cov_3.907376	506	639	24	20	133	0.1503759
NODE_320141_length_682_cov_3.907376	506	639	25	21	133	0.1578947
NODE_3201_length_10821_cov_4.807592	9583	9716	9	4	133	0.0300752
NODE_3201_length_10821_cov_4.807592	9583	9716	10	3	133	0.0225564
NODE_3201_length_10821_cov_4.807592	9583	9716	11	5	133	0.0375940
NODE_3201_length_10821_cov_4.807592	9583	9716	12	15	133	0.1127820
NODE_3201_length_10821_cov_4.807592	9583	9716	14	1	133	0.0075188
NODE_3201_length_10821_cov_4.807592	9583	9716	16	2	133	0.0150376
NODE_3201_length_10821_cov_4.807592	9583	9716	17	10	133	0.0751880
NODE_3201_length_10821_cov_4.807592	9583	9716	18	5	133	0.0375940
NODE_3201_length_10821_cov_4.807592	9583	9716	19	10	133	0.0751880
NODE_3201_length_10821_cov_4.807592	9583	9716	20	2	133	0.0150376
NODE_3201_length_10821_cov_4.807592	9583	9716	21	14	133	0.1052632
NODE_3201_length_10821_cov_4.807592	9583	9716	22	18	133	0.1353384
NODE_3201_length_10821_cov_4.807592	9583	9716	23	11	133	0.0827068
NODE_3201_length_10821_cov_4.807592	9583	9716	24	12	133	0.0902256
NODE_3201_length_10821_cov_4.807592	9583	9716	25	9	133	0.0676692
NODE_3201_length_10821_cov_4.807592	9583	9716	26	12	133	0.0902256
NODE_320420_length_681_cov_3.426117	262	395	13	5	133	0.0375940
NODE_320420_length_681_cov_3.426117	262	395	14	28	133	0.2105263
NODE_320420_length_681_cov_3.426117	262	395	16	23	133	0.1729323
NODE_320420_length_681_cov_3.426117	262	395	17	6	133	0.0451128
NODE_320420_length_681_cov_3.426117	262	395	18	10	133	0.0751880
NODE_320420_length_681_cov_3.426117	262	395	19	26	133	0.1954887
NODE_320420_length_681_cov_3.426117	262	395	20	31	133	0.2330827
NODE_320420_length_681_cov_3.426117	262	395	21	4	133	0.0300752
NODE_320495_length_681_cov_2.529210	422	555	0	51	133	0.3834586
NODE_320495_length_681_cov_2.529210	422	555	2	82	133	0.6165413
NODE_32053_length_4445_cov_5.707547	1959	2092	4	10	133	0.0751880
NODE_32053_length_4445_cov_5.707547	1959	2092	5	10	133	0.0751880
NODE_32053_length_4445_cov_5.707547	1959	2092	6	12	133	0.0902256
NODE_32053_length_4445_cov_5.707547	1959	2092	7	19	133	0.1428571
NODE_32053_length_4445_cov_5.707547	1959	2092	8	1	133	0.0075188
NODE_32053_length_4445_cov_5.707547	1959	2092	9	5	133	0.0375940
NODE_32053_length_4445_cov_5.707547	1959	2092	10	27	133	0.2030075
NODE_32053_length_4445_cov_5.707547	1959	2092	11	15	133	0.1127820
NODE_32053_length_4445_cov_5.707547	1959	2092	12	1	133	0.0075188
NODE_32053_length_4445_cov_5.707547	1959	2092	13	29	133	0.2180451
NODE_32053_length_4445_cov_5.707547	1959	2092	14	4	133	0.0300752
NODE_320609_length_680_cov_4.657487	303	436	15	7	133	0.0526316
NODE_320609_length_680_cov_4.657487	303	436	16	11	133	0.0827068
NODE_320609_length_680_cov_4.657487	303	436	17	6	133	0.0451128
NODE_320609_length_680_cov_4.657487	303	436	18	8	133	0.0601504
NODE_320609_length_680_cov_4.657487	303	436	19	3	133	0.0225564
NODE_320609_length_680_cov_4.657487	303	436	20	20	133	0.1503759
NODE_320609_length_680_cov_4.657487	303	436	21	36	133	0.2706767
NODE_320609_length_680_cov_4.657487	303	436	22	3	133	0.0225564
NODE_320609_length_680_cov_4.657487	303	436	23	25	133	0.1879699
NODE_320609_length_680_cov_4.657487	303	436	24	11	133	0.0827068
NODE_320609_length_680_cov_4.657487	303	436	25	3	133	0.0225564
NODE_32068_length_4444_cov_4.589873	2125	2258	3	14	133	0.1052632
NODE_32068_length_4444_cov_4.589873	2125	2258	4	19	133	0.1428571
NODE_32068_length_4444_cov_4.589873	2125	2258	5	33	133	0.2481203
NODE_32068_length_4444_cov_4.589873	2125	2258	6	15	133	0.1127820
NODE_32068_length_4444_cov_4.589873	2125	2258	7	9	133	0.0676692
NODE_32068_length_4444_cov_4.589873	2125	2258	8	38	133	0.2857143
NODE_32068_length_4444_cov_4.589873	2125	2258	9	5	133	0.0375940
NODE_32103_length_4442_cov_4.352752	3427	3560	0	107	133	0.8045112
NODE_32103_length_4442_cov_4.352752	3427	3560	1	3	133	0.0225564
NODE_32103_length_4442_cov_4.352752	3427	3560	2	1	133	0.0075188
NODE_32103_length_4442_cov_4.352752	3427	3560	3	14	133	0.1052632
NODE_32103_length_4442_cov_4.352752	3427	3560	4	8	133	0.0601504
NODE_32109_length_4442_cov_4.022335	3728	3861	3	3	133	0.0225564
NODE_32109_length_4442_cov_4.022335	3728	3861	5	20	133	0.1503759
NODE_32109_length_4442_cov_4.022335	3728	3861	6	11	133	0.0827068
NODE_32109_length_4442_cov_4.022335	3728	3861	8	43	133	0.3233083
NODE_32109_length_4442_cov_4.022335	3728	3861	9	10	133	0.0751880
NODE_32109_length_4442_cov_4.022335	3728	3861	10	31	133	0.2330827
NODE_32109_length_4442_cov_4.022335	3728	3861	11	5	133	0.0375940
NODE_32109_length_4442_cov_4.022335	3728	3861	12	4	133	0.0300752
NODE_32109_length_4442_cov_4.022335	3728	3861	13	6	133	0.0451128
NODE_32129_length_4441_cov_4.148779	2505	2638	7	4	133	0.0300752
NODE_32129_length_4441_cov_4.148779	2505	2638	9	2	133	0.0150376
NODE_32129_length_4441_cov_4.148779	2505	2638	10	34	133	0.2556391
NODE_32129_length_4441_cov_4.148779	2505	2638	11	9	133	0.0676692
NODE_32129_length_4441_cov_4.148779	2505	2638	12	11	133	0.0827068
NODE_32129_length_4441_cov_4.148779	2505	2638	13	1	133	0.0075188
NODE_32129_length_4441_cov_4.148779	2505	2638	14	10	133	0.0751880
NODE_32129_length_4441_cov_4.148779	2505	2638	15	19	133	0.1428571
NODE_32129_length_4441_cov_4.148779	2505	2638	16	22	133	0.1654135
NODE_32129_length_4441_cov_4.148779	2505	2638	17	17	133	0.1278196
NODE_32129_length_4441_cov_4.148779	2505	2638	18	4	133	0.0300752
NODE_32144_length_4440_cov_4.709053	169	302	4	24	133	0.1804511
NODE_32144_length_4440_cov_4.709053	169	302	5	38	133	0.2857143
NODE_32144_length_4440_cov_4.709053	169	302	6	29	133	0.2180451
NODE_32144_length_4440_cov_4.709053	169	302	7	42	133	0.3157895
NODE_321463_length_677_cov_3.119377	150	283	2	35	133	0.2631579
NODE_321463_length_677_cov_3.119377	150	283	3	16	133	0.1203008
NODE_321463_length_677_cov_3.119377	150	283	5	1	133	0.0075188
NODE_321463_length_677_cov_3.119377	150	283	7	5	133	0.0375940
NODE_321463_length_677_cov_3.119377	150	283	8	29	133	0.2180451
NODE_321463_length_677_cov_3.119377	150	283	9	17	133	0.1278196
NODE_321463_length_677_cov_3.119377	150	283	10	13	133	0.0977444
NODE_321463_length_677_cov_3.119377	150	283	11	17	133	0.1278196
NODE_32160_length_4439_cov_4.709677	1027	1160	7	7	133	0.0526316
NODE_32160_length_4439_cov_4.709677	1027	1160	8	7	133	0.0526316
NODE_32160_length_4439_cov_4.709677	1027	1160	9	8	133	0.0601504
NODE_32160_length_4439_cov_4.709677	1027	1160	11	1	133	0.0075188
NODE_32160_length_4439_cov_4.709677	1027	1160	12	3	133	0.0225564
NODE_32160_length_4439_cov_4.709677	1027	1160	13	6	133	0.0451128
NODE_32160_length_4439_cov_4.709677	1027	1160	14	3	133	0.0225564
NODE_32160_length_4439_cov_4.709677	1027	1160	15	9	133	0.0676692
NODE_32160_length_4439_cov_4.709677	1027	1160	16	3	133	0.0225564
NODE_32160_length_4439_cov_4.709677	1027	1160	17	22	133	0.1654135
NODE_32160_length_4439_cov_4.709677	1027	1160	19	1	133	0.0075188
NODE_32160_length_4439_cov_4.709677	1027	1160	20	9	133	0.0676692
NODE_32160_length_4439_cov_4.709677	1027	1160	21	7	133	0.0526316
NODE_32160_length_4439_cov_4.709677	1027	1160	22	3	133	0.0225564
NODE_32160_length_4439_cov_4.709677	1027	1160	23	2	133	0.0150376
NODE_32160_length_4439_cov_4.709677	1027	1160	25	3	133	0.0225564
NODE_32160_length_4439_cov_4.709677	1027	1160	26	32	133	0.2406015
NODE_32160_length_4439_cov_4.709677	1027	1160	31	7	133	0.0526316
NODE_3218_length_10810_cov_4.572496	9198	9331	7	4	133	0.0300752
NODE_3218_length_10810_cov_4.572496	9198	9331	8	11	133	0.0827068
NODE_3218_length_10810_cov_4.572496	9198	9331	9	2	133	0.0150376
NODE_3218_length_10810_cov_4.572496	9198	9331	11	1	133	0.0075188
NODE_3218_length_10810_cov_4.572496	9198	9331	12	27	133	0.2030075
NODE_3218_length_10810_cov_4.572496	9198	9331	13	10	133	0.0751880
NODE_3218_length_10810_cov_4.572496	9198	9331	14	46	133	0.3458647
NODE_3218_length_10810_cov_4.572496	9198	9331	15	29	133	0.2180451
NODE_3218_length_10810_cov_4.572496	9198	9331	16	1	133	0.0075188
NODE_3218_length_10810_cov_4.572496	9198	9331	17	2	133	0.0150376
NODE_32197_length_4436_cov_5.507955	2386	2519	6	15	133	0.1127820
NODE_32197_length_4436_cov_5.507955	2386	2519	7	11	133	0.0827068
NODE_32197_length_4436_cov_5.507955	2386	2519	8	4	133	0.0300752
NODE_32197_length_4436_cov_5.507955	2386	2519	9	10	133	0.0751880
NODE_32197_length_4436_cov_5.507955	2386	2519	10	6	133	0.0451128
NODE_32197_length_4436_cov_5.507955	2386	2519	11	4	133	0.0300752
NODE_32197_length_4436_cov_5.507955	2386	2519	12	30	133	0.2255639
NODE_32197_length_4436_cov_5.507955	2386	2519	13	43	133	0.3233083
NODE_32197_length_4436_cov_5.507955	2386	2519	14	10	133	0.0751880
NODE_321_length_19696_cov_9.717559	6385	6518	20	9	133	0.0676692
NODE_321_length_19696_cov_9.717559	6385	6518	21	16	133	0.1203008
NODE_321_length_19696_cov_9.717559	6385	6518	22	23	133	0.1729323
NODE_321_length_19696_cov_9.717559	6385	6518	23	11	133	0.0827068
NODE_321_length_19696_cov_9.717559	6385	6518	24	13	133	0.0977444
NODE_321_length_19696_cov_9.717559	6385	6518	25	3	133	0.0225564
NODE_321_length_19696_cov_9.717559	6385	6518	26	4	133	0.0300752
NODE_321_length_19696_cov_9.717559	6385	6518	29	29	133	0.2180451
NODE_321_length_19696_cov_9.717559	6385	6518	30	25	133	0.1879699
NODE_32204_length_4436_cov_4.068250	1353	1486	0	133	133	1.0000000
NODE_32205_length_4436_cov_3.774037	1826	1959	5	10	133	0.0751880
NODE_32205_length_4436_cov_3.774037	1826	1959	6	4	133	0.0300752
NODE_32205_length_4436_cov_3.774037	1826	1959	7	40	133	0.3007519
NODE_32205_length_4436_cov_3.774037	1826	1959	9	2	133	0.0150376
NODE_32205_length_4436_cov_3.774037	1826	1959	10	4	133	0.0300752
NODE_32205_length_4436_cov_3.774037	1826	1959	11	17	133	0.1278196
NODE_32205_length_4436_cov_3.774037	1826	1959	12	36	133	0.2706767
NODE_32205_length_4436_cov_3.774037	1826	1959	13	2	133	0.0150376
NODE_32205_length_4436_cov_3.774037	1826	1959	14	18	133	0.1353384
NODE_322181_length_674_cov_4.191304	137	270	5	39	133	0.2932331
NODE_322181_length_674_cov_4.191304	137	270	7	18	133	0.1353384
NODE_322181_length_674_cov_4.191304	137	270	8	32	133	0.2406015
NODE_322181_length_674_cov_4.191304	137	270	9	26	133	0.1954887
NODE_322181_length_674_cov_4.191304	137	270	10	18	133	0.1353384
NODE_32225_length_4435_cov_4.176430	3573	3706	10	1	133	0.0075188
NODE_32225_length_4435_cov_4.176430	3573	3706	11	15	133	0.1127820
NODE_32225_length_4435_cov_4.176430	3573	3706	12	25	133	0.1879699
NODE_32225_length_4435_cov_4.176430	3573	3706	13	31	133	0.2330827
NODE_32225_length_4435_cov_4.176430	3573	3706	14	23	133	0.1729323
NODE_32225_length_4435_cov_4.176430	3573	3706	16	35	133	0.2631579
NODE_32225_length_4435_cov_4.176430	3573	3706	17	3	133	0.0225564
NODE_32252_length_4433_cov_3.783110	539	672	2	24	133	0.1804511
NODE_32252_length_4433_cov_3.783110	539	672	3	22	133	0.1654135
NODE_32252_length_4433_cov_3.783110	539	672	4	2	133	0.0150376
NODE_32252_length_4433_cov_3.783110	539	672	6	1	133	0.0075188
NODE_32252_length_4433_cov_3.783110	539	672	7	22	133	0.1654135
NODE_32252_length_4433_cov_3.783110	539	672	8	33	133	0.2481203
NODE_32252_length_4433_cov_3.783110	539	672	9	29	133	0.2180451
NODE_32253_length_4433_cov_3.750115	3613	3746	1	13	133	0.0977444
NODE_32253_length_4433_cov_3.750115	3613	3746	2	30	133	0.2255639
NODE_32253_length_4433_cov_3.750115	3613	3746	3	5	133	0.0375940
NODE_32253_length_4433_cov_3.750115	3613	3746	4	9	133	0.0676692
NODE_32253_length_4433_cov_3.750115	3613	3746	5	76	133	0.5714286
NODE_32265_length_4432_cov_5.466190	130	263	0	6	133	0.0451128
NODE_32265_length_4432_cov_5.466190	130	263	1	40	133	0.3007519
NODE_32265_length_4432_cov_5.466190	130	263	2	65	133	0.4887218
NODE_32265_length_4432_cov_5.466190	130	263	4	22	133	0.1654135
NODE_32286_length_4431_cov_3.029778	2557	2690	3	25	133	0.1879699
NODE_32286_length_4431_cov_3.029778	2557	2690	6	49	133	0.3684210
NODE_32286_length_4431_cov_3.029778	2557	2690	7	12	133	0.0902256
NODE_32286_length_4431_cov_3.029778	2557	2690	8	5	133	0.0375940
NODE_32286_length_4431_cov_3.029778	2557	2690	9	5	133	0.0375940
NODE_32286_length_4431_cov_3.029778	2557	2690	10	23	133	0.1729323
NODE_32286_length_4431_cov_3.029778	2557	2690	11	4	133	0.0300752
NODE_32286_length_4431_cov_3.029778	2557	2690	13	10	133	0.0751880
NODE_3228_length_10805_cov_3.904726	1324	1457	17	9	133	0.0676692
NODE_3228_length_10805_cov_3.904726	1324	1457	18	11	133	0.0827068
NODE_3228_length_10805_cov_3.904726	1324	1457	19	6	133	0.0451128
NODE_3228_length_10805_cov_3.904726	1324	1457	20	20	133	0.1503759
NODE_3228_length_10805_cov_3.904726	1324	1457	21	10	133	0.0751880
NODE_3228_length_10805_cov_3.904726	1324	1457	22	23	133	0.1729323
NODE_3228_length_10805_cov_3.904726	1324	1457	23	34	133	0.2556391
NODE_3228_length_10805_cov_3.904726	1324	1457	24	18	133	0.1353384
NODE_3228_length_10805_cov_3.904726	1324	1457	25	2	133	0.0150376
NODE_323006_length_671_cov_3.662587	134	267	1	12	133	0.0902256
NODE_323006_length_671_cov_3.662587	134	267	2	12	133	0.0902256
NODE_323006_length_671_cov_3.662587	134	267	4	70	133	0.5263158
NODE_323006_length_671_cov_3.662587	134	267	5	23	133	0.1729323
NODE_323006_length_671_cov_3.662587	134	267	6	16	133	0.1203008
NODE_32314_length_4428_cov_4.038346	1902	2035	14	2	133	0.0150376
NODE_32314_length_4428_cov_4.038346	1902	2035	16	1	133	0.0075188
NODE_32314_length_4428_cov_4.038346	1902	2035	17	2	133	0.0150376
NODE_32314_length_4428_cov_4.038346	1902	2035	18	1	133	0.0075188
NODE_32314_length_4428_cov_4.038346	1902	2035	21	10	133	0.0751880
NODE_32314_length_4428_cov_4.038346	1902	2035	25	1	133	0.0075188
NODE_32314_length_4428_cov_4.038346	1902	2035	26	1	133	0.0075188
NODE_32314_length_4428_cov_4.038346	1902	2035	27	3	133	0.0225564
NODE_32314_length_4428_cov_4.038346	1902	2035	28	2	133	0.0150376
NODE_32314_length_4428_cov_4.038346	1902	2035	29	7	133	0.0526316
NODE_32314_length_4428_cov_4.038346	1902	2035	30	1	133	0.0075188
NODE_32314_length_4428_cov_4.038346	1902	2035	34	13	133	0.0977444
NODE_32314_length_4428_cov_4.038346	1902	2035	35	24	133	0.1804511
NODE_32314_length_4428_cov_4.038346	1902	2035	36	34	133	0.2556391
NODE_32314_length_4428_cov_4.038346	1902	2035	37	17	133	0.1278196
NODE_32314_length_4428_cov_4.038346	1902	2035	38	14	133	0.1052632
NODE_3232_length_10800_cov_5.071956	9746	9879	21	2	133	0.0150376
NODE_3232_length_10800_cov_5.071956	9746	9879	22	5	133	0.0375940
NODE_3232_length_10800_cov_5.071956	9746	9879	23	10	133	0.0751880
NODE_3232_length_10800_cov_5.071956	9746	9879	24	11	133	0.0827068
NODE_3232_length_10800_cov_5.071956	9746	9879	26	7	133	0.0526316
NODE_3232_length_10800_cov_5.071956	9746	9879	27	9	133	0.0676692
NODE_3232_length_10800_cov_5.071956	9746	9879	28	10	133	0.0751880
NODE_3232_length_10800_cov_5.071956	9746	9879	29	3	133	0.0225564
NODE_3232_length_10800_cov_5.071956	9746	9879	30	3	133	0.0225564
NODE_3232_length_10800_cov_5.071956	9746	9879	31	15	133	0.1127820
NODE_3232_length_10800_cov_5.071956	9746	9879	32	9	133	0.0676692
NODE_3232_length_10800_cov_5.071956	9746	9879	33	4	133	0.0300752
NODE_3232_length_10800_cov_5.071956	9746	9879	35	29	133	0.2180451
NODE_3232_length_10800_cov_5.071956	9746	9879	36	4	133	0.0300752
NODE_3232_length_10800_cov_5.071956	9746	9879	38	10	133	0.0751880
NODE_3232_length_10800_cov_5.071956	9746	9879	39	2	133	0.0150376
NODE_3234_length_10800_cov_4.837585	5549	5682	7	18	133	0.1353384
NODE_3234_length_10800_cov_4.837585	5549	5682	8	11	133	0.0827068
NODE_3234_length_10800_cov_4.837585	5549	5682	9	17	133	0.1278196
NODE_3234_length_10800_cov_4.837585	5549	5682	10	2	133	0.0150376
NODE_3234_length_10800_cov_4.837585	5549	5682	11	10	133	0.0751880
NODE_3234_length_10800_cov_4.837585	5549	5682	12	16	133	0.1203008
NODE_3234_length_10800_cov_4.837585	5549	5682	14	6	133	0.0451128
NODE_3234_length_10800_cov_4.837585	5549	5682	15	11	133	0.0827068
NODE_3234_length_10800_cov_4.837585	5549	5682	16	42	133	0.3157895
NODE_32371_length_4424_cov_4.677688	2052	2185	6	25	133	0.1879699
NODE_32371_length_4424_cov_4.677688	2052	2185	8	5	133	0.0375940
NODE_32371_length_4424_cov_4.677688	2052	2185	10	4	133	0.0300752
NODE_32371_length_4424_cov_4.677688	2052	2185	11	3	133	0.0225564
NODE_32371_length_4424_cov_4.677688	2052	2185	12	27	133	0.2030075
NODE_32371_length_4424_cov_4.677688	2052	2185	13	8	133	0.0601504
NODE_32371_length_4424_cov_4.677688	2052	2185	14	15	133	0.1127820
NODE_32371_length_4424_cov_4.677688	2052	2185	15	6	133	0.0451128
NODE_32371_length_4424_cov_4.677688	2052	2185	16	40	133	0.3007519
NODE_323742_length_668_cov_5.231986	392	525	4	5	133	0.0375940
NODE_323742_length_668_cov_5.231986	392	525	6	6	133	0.0451128
NODE_323742_length_668_cov_5.231986	392	525	7	7	133	0.0526316
NODE_323742_length_668_cov_5.231986	392	525	8	8	133	0.0601504
NODE_323742_length_668_cov_5.231986	392	525	9	38	133	0.2857143
NODE_323742_length_668_cov_5.231986	392	525	10	14	133	0.1052632
NODE_323742_length_668_cov_5.231986	392	525	11	25	133	0.1879699
NODE_323742_length_668_cov_5.231986	392	525	12	22	133	0.1654135
NODE_323742_length_668_cov_5.231986	392	525	13	8	133	0.0601504
NODE_32381_length_4423_cov_52.873034	297	430	19	13	133	0.0977444
NODE_32381_length_4423_cov_52.873034	297	430	21	15	133	0.1127820
NODE_32381_length_4423_cov_52.873034	297	430	22	2	133	0.0150376
NODE_32381_length_4423_cov_52.873034	297	430	23	1	133	0.0075188
NODE_32381_length_4423_cov_52.873034	297	430	24	4	133	0.0300752
NODE_32381_length_4423_cov_52.873034	297	430	26	8	133	0.0601504
NODE_32381_length_4423_cov_52.873034	297	430	27	1	133	0.0075188
NODE_32381_length_4423_cov_52.873034	297	430	28	3	133	0.0225564
NODE_32381_length_4423_cov_52.873034	297	430	29	11	133	0.0827068
NODE_32381_length_4423_cov_52.873034	297	430	30	4	133	0.0300752
NODE_32381_length_4423_cov_52.873034	297	430	32	12	133	0.0902256
NODE_32381_length_4423_cov_52.873034	297	430	33	13	133	0.0977444
NODE_32381_length_4423_cov_52.873034	297	430	34	19	133	0.1428571
NODE_32381_length_4423_cov_52.873034	297	430	35	3	133	0.0225564
NODE_32381_length_4423_cov_52.873034	297	430	36	20	133	0.1503759
NODE_32381_length_4423_cov_52.873034	297	430	37	1	133	0.0075188
NODE_32381_length_4423_cov_52.873034	297	430	38	3	133	0.0225564
NODE_3239_length_10798_cov_3.476026	9108	9241	2	11	133	0.0827068
NODE_3239_length_10798_cov_3.476026	9108	9241	3	30	133	0.2255639
NODE_3239_length_10798_cov_3.476026	9108	9241	5	31	133	0.2330827
NODE_3239_length_10798_cov_3.476026	9108	9241	6	61	133	0.4586466
NODE_324026_length_667_cov_3.860915	450	583	7	7	133	0.0526316
NODE_324026_length_667_cov_3.860915	450	583	8	11	133	0.0827068
NODE_324026_length_667_cov_3.860915	450	583	10	3	133	0.0225564
NODE_324026_length_667_cov_3.860915	450	583	11	6	133	0.0451128
NODE_324026_length_667_cov_3.860915	450	583	12	12	133	0.0902256
NODE_324026_length_667_cov_3.860915	450	583	13	1	133	0.0075188
NODE_324026_length_667_cov_3.860915	450	583	14	3	133	0.0225564
NODE_324026_length_667_cov_3.860915	450	583	15	7	133	0.0526316
NODE_324026_length_667_cov_3.860915	450	583	16	3	133	0.0225564
NODE_324026_length_667_cov_3.860915	450	583	17	6	133	0.0451128
NODE_324026_length_667_cov_3.860915	450	583	18	66	133	0.4962406
NODE_324026_length_667_cov_3.860915	450	583	19	8	133	0.0601504
NODE_324088_length_667_cov_3.098592	100	233	5	42	133	0.3157895
NODE_324088_length_667_cov_3.098592	100	233	6	69	133	0.5187970
NODE_324088_length_667_cov_3.098592	100	233	7	22	133	0.1654135
NODE_32426_length_4420_cov_8.101134	4020	4153	6	8	133	0.0601504
NODE_32426_length_4420_cov_8.101134	4020	4153	7	16	133	0.1203008
NODE_32426_length_4420_cov_8.101134	4020	4153	8	26	133	0.1954887
NODE_32426_length_4420_cov_8.101134	4020	4153	9	26	133	0.1954887
NODE_32426_length_4420_cov_8.101134	4020	4153	10	7	133	0.0526316
NODE_32426_length_4420_cov_8.101134	4020	4153	11	5	133	0.0375940
NODE_32426_length_4420_cov_8.101134	4020	4153	12	8	133	0.0601504
NODE_32426_length_4420_cov_8.101134	4020	4153	13	13	133	0.0977444
NODE_32426_length_4420_cov_8.101134	4020	4153	14	24	133	0.1804511
NODE_32433_length_4420_cov_4.282111	386	519	16	2	133	0.0150376
NODE_32433_length_4420_cov_4.282111	386	519	17	5	133	0.0375940
NODE_32433_length_4420_cov_4.282111	386	519	18	1	133	0.0075188
NODE_32433_length_4420_cov_4.282111	386	519	19	1	133	0.0075188
NODE_32433_length_4420_cov_4.282111	386	519	20	3	133	0.0225564
NODE_32433_length_4420_cov_4.282111	386	519	21	13	133	0.0977444
NODE_32433_length_4420_cov_4.282111	386	519	22	19	133	0.1428571
NODE_32433_length_4420_cov_4.282111	386	519	23	8	133	0.0601504
NODE_32433_length_4420_cov_4.282111	386	519	24	10	133	0.0751880
NODE_32433_length_4420_cov_4.282111	386	519	25	21	133	0.1578947
NODE_32433_length_4420_cov_4.282111	386	519	26	22	133	0.1654135
NODE_32433_length_4420_cov_4.282111	386	519	27	7	133	0.0526316
NODE_32433_length_4420_cov_4.282111	386	519	28	21	133	0.1578947
NODE_32455_length_4418_cov_4.906228	3733	3866	21	2	133	0.0150376
NODE_32455_length_4418_cov_4.906228	3733	3866	22	16	133	0.1203008
NODE_32455_length_4418_cov_4.906228	3733	3866	23	27	133	0.2030075
NODE_32455_length_4418_cov_4.906228	3733	3866	24	10	133	0.0751880
NODE_32455_length_4418_cov_4.906228	3733	3866	25	14	133	0.1052632
NODE_32455_length_4418_cov_4.906228	3733	3866	26	9	133	0.0676692
NODE_32455_length_4418_cov_4.906228	3733	3866	27	4	133	0.0300752
NODE_32455_length_4418_cov_4.906228	3733	3866	28	20	133	0.1503759
NODE_32455_length_4418_cov_4.906228	3733	3866	29	12	133	0.0902256
NODE_32455_length_4418_cov_4.906228	3733	3866	30	14	133	0.1052632
NODE_32455_length_4418_cov_4.906228	3733	3866	31	5	133	0.0375940
NODE_32480_length_4416_cov_6.986333	1305	1438	19	1	133	0.0075188
NODE_32480_length_4416_cov_6.986333	1305	1438	20	1	133	0.0075188
NODE_32480_length_4416_cov_6.986333	1305	1438	21	7	133	0.0526316
NODE_32480_length_4416_cov_6.986333	1305	1438	22	20	133	0.1503759
NODE_32480_length_4416_cov_6.986333	1305	1438	24	2	133	0.0150376
NODE_32480_length_4416_cov_6.986333	1305	1438	25	1	133	0.0075188
NODE_32480_length_4416_cov_6.986333	1305	1438	26	8	133	0.0601504
NODE_32480_length_4416_cov_6.986333	1305	1438	27	3	133	0.0225564
NODE_32480_length_4416_cov_6.986333	1305	1438	28	4	133	0.0300752
NODE_32480_length_4416_cov_6.986333	1305	1438	29	3	133	0.0225564
NODE_32480_length_4416_cov_6.986333	1305	1438	30	8	133	0.0601504
NODE_32480_length_4416_cov_6.986333	1305	1438	31	6	133	0.0451128
NODE_32480_length_4416_cov_6.986333	1305	1438	32	7	133	0.0526316
NODE_32480_length_4416_cov_6.986333	1305	1438	33	17	133	0.1278196
NODE_32480_length_4416_cov_6.986333	1305	1438	34	2	133	0.0150376
NODE_32480_length_4416_cov_6.986333	1305	1438	35	10	133	0.0751880
NODE_32480_length_4416_cov_6.986333	1305	1438	36	7	133	0.0526316
NODE_32480_length_4416_cov_6.986333	1305	1438	37	1	133	0.0075188
NODE_32480_length_4416_cov_6.986333	1305	1438	38	6	133	0.0451128
NODE_32480_length_4416_cov_6.986333	1305	1438	39	18	133	0.1353384
NODE_32480_length_4416_cov_6.986333	1305	1438	40	1	133	0.0075188
NODE_3249_length_10779_cov_13.859270	9225	9358	48	3	133	0.0225564
NODE_3249_length_10779_cov_13.859270	9225	9358	50	3	133	0.0225564
NODE_3249_length_10779_cov_13.859270	9225	9358	51	1	133	0.0075188
NODE_3249_length_10779_cov_13.859270	9225	9358	53	2	133	0.0150376
NODE_3249_length_10779_cov_13.859270	9225	9358	54	1	133	0.0075188
NODE_3249_length_10779_cov_13.859270	9225	9358	55	2	133	0.0150376
NODE_3249_length_10779_cov_13.859270	9225	9358	56	4	133	0.0300752
NODE_3249_length_10779_cov_13.859270	9225	9358	57	1	133	0.0075188
NODE_3249_length_10779_cov_13.859270	9225	9358	58	1	133	0.0075188
NODE_3249_length_10779_cov_13.859270	9225	9358	79	1	133	0.0075188
NODE_3249_length_10779_cov_13.859270	9225	9358	80	1	133	0.0075188
NODE_3249_length_10779_cov_13.859270	9225	9358	82	1	133	0.0075188
NODE_3249_length_10779_cov_13.859270	9225	9358	83	1	133	0.0075188
NODE_3249_length_10779_cov_13.859270	9225	9358	86	2	133	0.0150376
NODE_3249_length_10779_cov_13.859270	9225	9358	87	2	133	0.0150376
NODE_3249_length_10779_cov_13.859270	9225	9358	88	1	133	0.0075188
NODE_3249_length_10779_cov_13.859270	9225	9358	89	3	133	0.0225564
NODE_3249_length_10779_cov_13.859270	9225	9358	91	8	133	0.0601504
NODE_3249_length_10779_cov_13.859270	9225	9358	92	3	133	0.0225564
NODE_3249_length_10779_cov_13.859270	9225	9358	95	1	133	0.0075188
NODE_3249_length_10779_cov_13.859270	9225	9358	96	1	133	0.0075188
NODE_3249_length_10779_cov_13.859270	9225	9358	98	1	133	0.0075188
NODE_3249_length_10779_cov_13.859270	9225	9358	99	1	133	0.0075188
NODE_3249_length_10779_cov_13.859270	9225	9358	100	4	133	0.0300752
NODE_3249_length_10779_cov_13.859270	9225	9358	101	10	133	0.0751880
NODE_3249_length_10779_cov_13.859270	9225	9358	102	3	133	0.0225564
NODE_3249_length_10779_cov_13.859270	9225	9358	104	2	133	0.0150376
NODE_3249_length_10779_cov_13.859270	9225	9358	106	3	133	0.0225564
NODE_3249_length_10779_cov_13.859270	9225	9358	107	4	133	0.0300752
NODE_3249_length_10779_cov_13.859270	9225	9358	108	2	133	0.0150376
NODE_3249_length_10779_cov_13.859270	9225	9358	109	2	133	0.0150376
NODE_3249_length_10779_cov_13.859270	9225	9358	110	8	133	0.0601504
NODE_3249_length_10779_cov_13.859270	9225	9358	111	1	133	0.0075188
NODE_3249_length_10779_cov_13.859270	9225	9358	112	3	133	0.0225564
NODE_3249_length_10779_cov_13.859270	9225	9358	113	1	133	0.0075188
NODE_3249_length_10779_cov_13.859270	9225	9358	114	2	133	0.0150376
NODE_3249_length_10779_cov_13.859270	9225	9358	115	4	133	0.0300752
NODE_3249_length_10779_cov_13.859270	9225	9358	116	1	133	0.0075188
NODE_3249_length_10779_cov_13.859270	9225	9358	118	2	133	0.0150376
NODE_3249_length_10779_cov_13.859270	9225	9358	119	15	133	0.1127820
NODE_3249_length_10779_cov_13.859270	9225	9358	120	9	133	0.0676692
NODE_3249_length_10779_cov_13.859270	9225	9358	121	7	133	0.0526316
NODE_3249_length_10779_cov_13.859270	9225	9358	122	5	133	0.0375940
NODE_324_length_19668_cov_4.707394	19379	19512	20	22	133	0.1654135
NODE_324_length_19668_cov_4.707394	19379	19512	21	4	133	0.0300752
NODE_324_length_19668_cov_4.707394	19379	19512	23	8	133	0.0601504
NODE_324_length_19668_cov_4.707394	19379	19512	24	6	133	0.0451128
NODE_324_length_19668_cov_4.707394	19379	19512	25	12	133	0.0902256
NODE_324_length_19668_cov_4.707394	19379	19512	26	2	133	0.0150376
NODE_324_length_19668_cov_4.707394	19379	19512	27	4	133	0.0300752
NODE_324_length_19668_cov_4.707394	19379	19512	28	14	133	0.1052632
NODE_324_length_19668_cov_4.707394	19379	19512	29	5	133	0.0375940
NODE_324_length_19668_cov_4.707394	19379	19512	31	13	133	0.0977444
NODE_324_length_19668_cov_4.707394	19379	19512	32	20	133	0.1503759
NODE_324_length_19668_cov_4.707394	19379	19512	33	8	133	0.0601504
NODE_324_length_19668_cov_4.707394	19379	19512	34	15	133	0.1127820
NODE_325118_length_663_cov_3.773050	501	634	1	3	133	0.0225564
NODE_325118_length_663_cov_3.773050	501	634	3	4	133	0.0300752
NODE_325118_length_663_cov_3.773050	501	634	4	25	133	0.1879699
NODE_325118_length_663_cov_3.773050	501	634	5	3	133	0.0225564
NODE_325118_length_663_cov_3.773050	501	634	6	15	133	0.1127820
NODE_325118_length_663_cov_3.773050	501	634	8	4	133	0.0300752
NODE_325118_length_663_cov_3.773050	501	634	10	25	133	0.1879699
NODE_325118_length_663_cov_3.773050	501	634	11	5	133	0.0375940
NODE_325118_length_663_cov_3.773050	501	634	12	4	133	0.0300752
NODE_325118_length_663_cov_3.773050	501	634	13	1	133	0.0075188
NODE_325118_length_663_cov_3.773050	501	634	14	44	133	0.3308271
NODE_32520_length_4414_cov_5.021321	672	805	0	20	133	0.1503759
NODE_32520_length_4414_cov_5.021321	672	805	1	68	133	0.5112782
NODE_32520_length_4414_cov_5.021321	672	805	3	19	133	0.1428571
NODE_32520_length_4414_cov_5.021321	672	805	5	26	133	0.1954887
NODE_32524_length_4414_cov_3.795597	2576	2709	13	6	133	0.0451128
NODE_32524_length_4414_cov_3.795597	2576	2709	15	3	133	0.0225564
NODE_32524_length_4414_cov_3.795597	2576	2709	16	1	133	0.0075188
NODE_32524_length_4414_cov_3.795597	2576	2709	18	19	133	0.1428571
NODE_32524_length_4414_cov_3.795597	2576	2709	19	2	133	0.0150376
NODE_32524_length_4414_cov_3.795597	2576	2709	20	2	133	0.0150376
NODE_32524_length_4414_cov_3.795597	2576	2709	21	2	133	0.0150376
NODE_32524_length_4414_cov_3.795597	2576	2709	22	10	133	0.0751880
NODE_32524_length_4414_cov_3.795597	2576	2709	23	25	133	0.1879699
NODE_32524_length_4414_cov_3.795597	2576	2709	24	6	133	0.0451128
NODE_32524_length_4414_cov_3.795597	2576	2709	25	18	133	0.1353384
NODE_32524_length_4414_cov_3.795597	2576	2709	26	23	133	0.1729323
NODE_32524_length_4414_cov_3.795597	2576	2709	27	16	133	0.1203008
NODE_32534_length_4413_cov_4.280714	1296	1429	2	20	133	0.1503759
NODE_32534_length_4413_cov_4.280714	1296	1429	3	16	133	0.1203008
NODE_32534_length_4413_cov_4.280714	1296	1429	4	14	133	0.1052632
NODE_32534_length_4413_cov_4.280714	1296	1429	5	6	133	0.0451128
NODE_32534_length_4413_cov_4.280714	1296	1429	6	13	133	0.0977444
NODE_32534_length_4413_cov_4.280714	1296	1429	8	14	133	0.1052632
NODE_32534_length_4413_cov_4.280714	1296	1429	10	14	133	0.1052632
NODE_32534_length_4413_cov_4.280714	1296	1429	11	24	133	0.1804511
NODE_32534_length_4413_cov_4.280714	1296	1429	12	12	133	0.0902256
NODE_3254_length_10777_cov_4.648155	6944	7077	13	7	133	0.0526316
NODE_3254_length_10777_cov_4.648155	6944	7077	14	6	133	0.0451128
NODE_3254_length_10777_cov_4.648155	6944	7077	15	18	133	0.1353384
NODE_3254_length_10777_cov_4.648155	6944	7077	16	1	133	0.0075188
NODE_3254_length_10777_cov_4.648155	6944	7077	17	4	133	0.0300752
NODE_3254_length_10777_cov_4.648155	6944	7077	18	6	133	0.0451128
NODE_3254_length_10777_cov_4.648155	6944	7077	19	12	133	0.0902256
NODE_3254_length_10777_cov_4.648155	6944	7077	20	37	133	0.2781955
NODE_3254_length_10777_cov_4.648155	6944	7077	21	11	133	0.0827068
NODE_3254_length_10777_cov_4.648155	6944	7077	22	28	133	0.2105263
NODE_3254_length_10777_cov_4.648155	6944	7077	23	3	133	0.0225564
NODE_32551_length_4412_cov_3.838859	3922	4055	24	9	133	0.0676692
NODE_32551_length_4412_cov_3.838859	3922	4055	25	4	133	0.0300752
NODE_32551_length_4412_cov_3.838859	3922	4055	26	1	133	0.0075188
NODE_32551_length_4412_cov_3.838859	3922	4055	28	3	133	0.0225564
NODE_32551_length_4412_cov_3.838859	3922	4055	29	6	133	0.0451128
NODE_32551_length_4412_cov_3.838859	3922	4055	30	3	133	0.0225564
NODE_32551_length_4412_cov_3.838859	3922	4055	31	3	133	0.0225564
NODE_32551_length_4412_cov_3.838859	3922	4055	32	3	133	0.0225564
NODE_32551_length_4412_cov_3.838859	3922	4055	33	18	133	0.1353384
NODE_32551_length_4412_cov_3.838859	3922	4055	34	7	133	0.0526316
NODE_32551_length_4412_cov_3.838859	3922	4055	35	8	133	0.0601504
NODE_32551_length_4412_cov_3.838859	3922	4055	36	8	133	0.0601504
NODE_32551_length_4412_cov_3.838859	3922	4055	37	6	133	0.0451128
NODE_32551_length_4412_cov_3.838859	3922	4055	38	1	133	0.0075188
NODE_32551_length_4412_cov_3.838859	3922	4055	39	1	133	0.0075188
NODE_32551_length_4412_cov_3.838859	3922	4055	40	13	133	0.0977444
NODE_32551_length_4412_cov_3.838859	3922	4055	41	3	133	0.0225564
NODE_32551_length_4412_cov_3.838859	3922	4055	42	9	133	0.0676692
NODE_32551_length_4412_cov_3.838859	3922	4055	43	2	133	0.0150376
NODE_32551_length_4412_cov_3.838859	3922	4055	44	16	133	0.1203008
NODE_32551_length_4412_cov_3.838859	3922	4055	45	7	133	0.0526316
NODE_32551_length_4412_cov_3.838859	3922	4055	46	2	133	0.0150376
NODE_32555_length_4412_cov_3.320658	1426	1559	9	9	133	0.0676692
NODE_32555_length_4412_cov_3.320658	1426	1559	10	50	133	0.3759398
NODE_32555_length_4412_cov_3.320658	1426	1559	11	11	133	0.0827068
NODE_32555_length_4412_cov_3.320658	1426	1559	12	16	133	0.1203008
NODE_32555_length_4412_cov_3.320658	1426	1559	13	38	133	0.2857143
NODE_32555_length_4412_cov_3.320658	1426	1559	14	9	133	0.0676692
NODE_3255_length_10777_cov_3.797621	1307	1440	2	2	133	0.0150376
NODE_3255_length_10777_cov_3.797621	1307	1440	3	108	133	0.8120301
NODE_3255_length_10777_cov_3.797621	1307	1440	4	23	133	0.1729323
NODE_32563_length_4411_cov_4.621058	504	637	10	12	133	0.0902256
NODE_32563_length_4411_cov_4.621058	504	637	11	11	133	0.0827068
NODE_32563_length_4411_cov_4.621058	504	637	12	16	133	0.1203008
NODE_32563_length_4411_cov_4.621058	504	637	14	13	133	0.0977444
NODE_32563_length_4411_cov_4.621058	504	637	15	4	133	0.0300752
NODE_32563_length_4411_cov_4.621058	504	637	17	4	133	0.0300752
NODE_32563_length_4411_cov_4.621058	504	637	21	16	133	0.1203008
NODE_32563_length_4411_cov_4.621058	504	637	22	5	133	0.0375940
NODE_32563_length_4411_cov_4.621058	504	637	23	31	133	0.2330827
NODE_32563_length_4411_cov_4.621058	504	637	24	17	133	0.1278196
NODE_32563_length_4411_cov_4.621058	504	637	25	4	133	0.0300752
NODE_325659_length_661_cov_4.129893	339	472	7	9	133	0.0676692
NODE_325659_length_661_cov_4.129893	339	472	9	5	133	0.0375940
NODE_325659_length_661_cov_4.129893	339	472	10	12	133	0.0902256
NODE_325659_length_661_cov_4.129893	339	472	11	2	133	0.0150376
NODE_325659_length_661_cov_4.129893	339	472	13	10	133	0.0751880
NODE_325659_length_661_cov_4.129893	339	472	14	28	133	0.2105263
NODE_325659_length_661_cov_4.129893	339	472	15	12	133	0.0902256
NODE_325659_length_661_cov_4.129893	339	472	16	48	133	0.3609022
NODE_325659_length_661_cov_4.129893	339	472	17	7	133	0.0526316
NODE_32570_length_4411_cov_4.060065	3186	3319	4	3	133	0.0225564
NODE_32570_length_4411_cov_4.060065	3186	3319	5	2	133	0.0150376
NODE_32570_length_4411_cov_4.060065	3186	3319	8	2	133	0.0150376
NODE_32570_length_4411_cov_4.060065	3186	3319	9	12	133	0.0902256
NODE_32570_length_4411_cov_4.060065	3186	3319	10	7	133	0.0526316
NODE_32570_length_4411_cov_4.060065	3186	3319	11	11	133	0.0827068
NODE_32570_length_4411_cov_4.060065	3186	3319	12	4	133	0.0300752
NODE_32570_length_4411_cov_4.060065	3186	3319	14	9	133	0.0676692
NODE_32570_length_4411_cov_4.060065	3186	3319	15	3	133	0.0225564
NODE_32570_length_4411_cov_4.060065	3186	3319	16	5	133	0.0375940
NODE_32570_length_4411_cov_4.060065	3186	3319	17	33	133	0.2481203
NODE_32570_length_4411_cov_4.060065	3186	3319	18	20	133	0.1503759
NODE_32570_length_4411_cov_4.060065	3186	3319	19	22	133	0.1654135
NODE_32572_length_4411_cov_3.965909	117	250	1	116	133	0.8721805
NODE_32572_length_4411_cov_3.965909	117	250	2	17	133	0.1278196
NODE_325874_length_661_cov_1.544484	514	647	0	133	133	1.0000000
NODE_325_length_19651_cov_3.869169	18773	18906	11	3	133	0.0225564
NODE_325_length_19651_cov_3.869169	18773	18906	12	5	133	0.0375940
NODE_325_length_19651_cov_3.869169	18773	18906	13	12	133	0.0902256
NODE_325_length_19651_cov_3.869169	18773	18906	14	9	133	0.0676692
NODE_325_length_19651_cov_3.869169	18773	18906	15	26	133	0.1954887
NODE_325_length_19651_cov_3.869169	18773	18906	17	12	133	0.0902256
NODE_325_length_19651_cov_3.869169	18773	18906	18	3	133	0.0225564
NODE_325_length_19651_cov_3.869169	18773	18906	19	2	133	0.0150376
NODE_325_length_19651_cov_3.869169	18773	18906	20	38	133	0.2857143
NODE_325_length_19651_cov_3.869169	18773	18906	21	18	133	0.1353384
NODE_325_length_19651_cov_3.869169	18773	18906	22	5	133	0.0375940
NODE_326208_length_659_cov_4.212500	162	295	12	1	133	0.0075188
NODE_326208_length_659_cov_4.212500	162	295	13	25	133	0.1879699
NODE_326208_length_659_cov_4.212500	162	295	15	2	133	0.0150376
NODE_326208_length_659_cov_4.212500	162	295	17	22	133	0.1654135
NODE_326208_length_659_cov_4.212500	162	295	18	8	133	0.0601504
NODE_326208_length_659_cov_4.212500	162	295	19	16	133	0.1203008
NODE_326208_length_659_cov_4.212500	162	295	20	3	133	0.0225564
NODE_326208_length_659_cov_4.212500	162	295	21	1	133	0.0075188
NODE_326208_length_659_cov_4.212500	162	295	22	17	133	0.1278196
NODE_326208_length_659_cov_4.212500	162	295	23	33	133	0.2481203
NODE_326208_length_659_cov_4.212500	162	295	24	5	133	0.0375940
NODE_32623_length_4408_cov_4.133210	2196	2329	13	2	133	0.0150376
NODE_32623_length_4408_cov_4.133210	2196	2329	14	3	133	0.0225564
NODE_32623_length_4408_cov_4.133210	2196	2329	15	16	133	0.1203008
NODE_32623_length_4408_cov_4.133210	2196	2329	16	8	133	0.0601504
NODE_32623_length_4408_cov_4.133210	2196	2329	17	20	133	0.1503759
NODE_32623_length_4408_cov_4.133210	2196	2329	18	18	133	0.1353384
NODE_32623_length_4408_cov_4.133210	2196	2329	19	2	133	0.0150376
NODE_32623_length_4408_cov_4.133210	2196	2329	20	7	133	0.0526316
NODE_32623_length_4408_cov_4.133210	2196	2329	22	19	133	0.1428571
NODE_32623_length_4408_cov_4.133210	2196	2329	23	30	133	0.2255639
NODE_32623_length_4408_cov_4.133210	2196	2329	24	8	133	0.0601504
NODE_32631_length_4407_cov_5.098189	311	444	1	48	133	0.3609022
NODE_32631_length_4407_cov_5.098189	311	444	2	42	133	0.3157895
NODE_32631_length_4407_cov_5.098189	311	444	3	25	133	0.1879699
NODE_32631_length_4407_cov_5.098189	311	444	5	10	133	0.0751880
NODE_32631_length_4407_cov_5.098189	311	444	7	8	133	0.0601504
NODE_32674_length_4405_cov_3.622387	266	399	15	7	133	0.0526316
NODE_32674_length_4405_cov_3.622387	266	399	16	20	133	0.1503759
NODE_32674_length_4405_cov_3.622387	266	399	17	2	133	0.0150376
NODE_32674_length_4405_cov_3.622387	266	399	18	3	133	0.0225564
NODE_32674_length_4405_cov_3.622387	266	399	19	5	133	0.0375940
NODE_32674_length_4405_cov_3.622387	266	399	20	6	133	0.0451128
NODE_32674_length_4405_cov_3.622387	266	399	21	36	133	0.2706767
NODE_32674_length_4405_cov_3.622387	266	399	22	21	133	0.1578947
NODE_32674_length_4405_cov_3.622387	266	399	23	19	133	0.1428571
NODE_32674_length_4405_cov_3.622387	266	399	24	4	133	0.0300752
NODE_32674_length_4405_cov_3.622387	266	399	25	10	133	0.0751880
NODE_3269_length_10764_cov_3.887764	6956	7089	18	1	133	0.0075188
NODE_3269_length_10764_cov_3.887764	6956	7089	19	2	133	0.0150376
NODE_3269_length_10764_cov_3.887764	6956	7089	20	2	133	0.0150376
NODE_3269_length_10764_cov_3.887764	6956	7089	21	5	133	0.0375940
NODE_3269_length_10764_cov_3.887764	6956	7089	22	2	133	0.0150376
NODE_3269_length_10764_cov_3.887764	6956	7089	23	2	133	0.0150376
NODE_3269_length_10764_cov_3.887764	6956	7089	24	3	133	0.0225564
NODE_3269_length_10764_cov_3.887764	6956	7089	25	4	133	0.0300752
NODE_3269_length_10764_cov_3.887764	6956	7089	26	4	133	0.0300752
NODE_3269_length_10764_cov_3.887764	6956	7089	27	2	133	0.0150376
NODE_3269_length_10764_cov_3.887764	6956	7089	28	7	133	0.0526316
NODE_3269_length_10764_cov_3.887764	6956	7089	29	9	133	0.0676692
NODE_3269_length_10764_cov_3.887764	6956	7089	30	12	133	0.0902256
NODE_3269_length_10764_cov_3.887764	6956	7089	31	22	133	0.1654135
NODE_3269_length_10764_cov_3.887764	6956	7089	32	13	133	0.0977444
NODE_3269_length_10764_cov_3.887764	6956	7089	35	16	133	0.1203008
NODE_3269_length_10764_cov_3.887764	6956	7089	36	9	133	0.0676692
NODE_3269_length_10764_cov_3.887764	6956	7089	37	11	133	0.0827068
NODE_3269_length_10764_cov_3.887764	6956	7089	38	7	133	0.0526316
NODE_32700_length_4403_cov_8.460967	2740	2873	7	7	133	0.0526316
NODE_32700_length_4403_cov_8.460967	2740	2873	8	39	133	0.2932331
NODE_32700_length_4403_cov_8.460967	2740	2873	9	40	133	0.3007519
NODE_32700_length_4403_cov_8.460967	2740	2873	10	18	133	0.1353384
NODE_32700_length_4403_cov_8.460967	2740	2873	11	26	133	0.1954887
NODE_32700_length_4403_cov_8.460967	2740	2873	12	1	133	0.0075188
NODE_32700_length_4403_cov_8.460967	2740	2873	14	2	133	0.0150376
NODE_327079_length_656_cov_3.531418	440	573	1	29	133	0.2180451
NODE_327079_length_656_cov_3.531418	440	573	2	18	133	0.1353384
NODE_327079_length_656_cov_3.531418	440	573	4	8	133	0.0601504
NODE_327079_length_656_cov_3.531418	440	573	5	15	133	0.1127820
NODE_327079_length_656_cov_3.531418	440	573	6	5	133	0.0375940
NODE_327079_length_656_cov_3.531418	440	573	7	10	133	0.0751880
NODE_327079_length_656_cov_3.531418	440	573	8	2	133	0.0150376
NODE_327079_length_656_cov_3.531418	440	573	9	12	133	0.0902256
NODE_327079_length_656_cov_3.531418	440	573	10	34	133	0.2556391
NODE_327137_length_656_cov_2.845601	462	595	2	8	133	0.0601504
NODE_327137_length_656_cov_2.845601	462	595	3	26	133	0.1954887
NODE_327137_length_656_cov_2.845601	462	595	4	6	133	0.0451128
NODE_327137_length_656_cov_2.845601	462	595	5	55	133	0.4135338
NODE_327137_length_656_cov_2.845601	462	595	6	38	133	0.2857143
NODE_3271_length_10762_cov_3.277971	2860	2993	22	7	133	0.0526316
NODE_3271_length_10762_cov_3.277971	2860	2993	23	5	133	0.0375940
NODE_3271_length_10762_cov_3.277971	2860	2993	24	8	133	0.0601504
NODE_3271_length_10762_cov_3.277971	2860	2993	25	33	133	0.2481203
NODE_3271_length_10762_cov_3.277971	2860	2993	26	8	133	0.0601504
NODE_3271_length_10762_cov_3.277971	2860	2993	27	13	133	0.0977444
NODE_3271_length_10762_cov_3.277971	2860	2993	28	7	133	0.0526316
NODE_3271_length_10762_cov_3.277971	2860	2993	29	5	133	0.0375940
NODE_3271_length_10762_cov_3.277971	2860	2993	30	12	133	0.0902256
NODE_3271_length_10762_cov_3.277971	2860	2993	31	13	133	0.0977444
NODE_3271_length_10762_cov_3.277971	2860	2993	32	11	133	0.0827068
NODE_3271_length_10762_cov_3.277971	2860	2993	33	11	133	0.0827068
NODE_32720_length_4402_cov_3.578666	1286	1419	1	40	133	0.3007519
NODE_32720_length_4402_cov_3.578666	1286	1419	2	39	133	0.2932331
NODE_32720_length_4402_cov_3.578666	1286	1419	3	54	133	0.4060150
NODE_32733_length_4400_cov_5.357126	2713	2846	8	7	133	0.0526316
NODE_32733_length_4400_cov_5.357126	2713	2846	9	63	133	0.4736842
NODE_32733_length_4400_cov_5.357126	2713	2846	10	54	133	0.4060150
NODE_32733_length_4400_cov_5.357126	2713	2846	11	9	133	0.0676692
NODE_32781_length_4397_cov_4.127268	2704	2837	2	4	133	0.0300752
NODE_32781_length_4397_cov_4.127268	2704	2837	3	9	133	0.0676692
NODE_32781_length_4397_cov_4.127268	2704	2837	4	40	133	0.3007519
NODE_32781_length_4397_cov_4.127268	2704	2837	5	80	133	0.6015037
NODE_3279_length_10756_cov_8.072910	608	741	1	16	133	0.1203008
NODE_3279_length_10756_cov_8.072910	608	741	2	21	133	0.1578947
NODE_3279_length_10756_cov_8.072910	608	741	3	96	133	0.7218045
NODE_327_length_19638_cov_4.551154	677	810	6	17	133	0.1278196
NODE_327_length_19638_cov_4.551154	677	810	7	3	133	0.0225564
NODE_327_length_19638_cov_4.551154	677	810	8	5	133	0.0375940
NODE_327_length_19638_cov_4.551154	677	810	9	1	133	0.0075188
NODE_327_length_19638_cov_4.551154	677	810	10	5	133	0.0375940
NODE_327_length_19638_cov_4.551154	677	810	11	3	133	0.0225564
NODE_327_length_19638_cov_4.551154	677	810	12	12	133	0.0902256
NODE_327_length_19638_cov_4.551154	677	810	13	46	133	0.3458647
NODE_327_length_19638_cov_4.551154	677	810	14	40	133	0.3007519
NODE_327_length_19638_cov_4.551154	677	810	15	1	133	0.0075188
NODE_32806_length_4395_cov_4.562849	2603	2736	6	45	133	0.3383459
NODE_32806_length_4395_cov_4.562849	2603	2736	8	6	133	0.0451128
NODE_32806_length_4395_cov_4.562849	2603	2736	11	14	133	0.1052632
NODE_32806_length_4395_cov_4.562849	2603	2736	12	50	133	0.3759398
NODE_32806_length_4395_cov_4.562849	2603	2736	13	7	133	0.0526316
NODE_32806_length_4395_cov_4.562849	2603	2736	14	11	133	0.0827068
NODE_32811_length_4394_cov_29.369499	1213	1346	39	2	133	0.0150376
NODE_32811_length_4394_cov_29.369499	1213	1346	40	4	133	0.0300752
NODE_32811_length_4394_cov_29.369499	1213	1346	41	8	133	0.0601504
NODE_32811_length_4394_cov_29.369499	1213	1346	42	7	133	0.0526316
NODE_32811_length_4394_cov_29.369499	1213	1346	43	5	133	0.0375940
NODE_32811_length_4394_cov_29.369499	1213	1346	44	1	133	0.0075188
NODE_32811_length_4394_cov_29.369499	1213	1346	45	9	133	0.0676692
NODE_32811_length_4394_cov_29.369499	1213	1346	46	5	133	0.0375940
NODE_32811_length_4394_cov_29.369499	1213	1346	47	3	133	0.0225564
NODE_32811_length_4394_cov_29.369499	1213	1346	48	9	133	0.0676692
NODE_32811_length_4394_cov_29.369499	1213	1346	49	4	133	0.0300752
NODE_32811_length_4394_cov_29.369499	1213	1346	50	10	133	0.0751880
NODE_32811_length_4394_cov_29.369499	1213	1346	51	21	133	0.1578947
NODE_32811_length_4394_cov_29.369499	1213	1346	52	21	133	0.1578947
NODE_32811_length_4394_cov_29.369499	1213	1346	53	14	133	0.1052632
NODE_32811_length_4394_cov_29.369499	1213	1346	54	9	133	0.0676692
NODE_32811_length_4394_cov_29.369499	1213	1346	55	1	133	0.0075188
NODE_328132_length_652_cov_3.708861	494	627	0	5	133	0.0375940
NODE_328132_length_652_cov_3.708861	494	627	2	13	133	0.0977444
NODE_328132_length_652_cov_3.708861	494	627	3	9	133	0.0676692
NODE_328132_length_652_cov_3.708861	494	627	4	4	133	0.0300752
NODE_328132_length_652_cov_3.708861	494	627	5	16	133	0.1203008
NODE_328132_length_652_cov_3.708861	494	627	6	44	133	0.3308271
NODE_328132_length_652_cov_3.708861	494	627	7	34	133	0.2556391
NODE_328132_length_652_cov_3.708861	494	627	8	8	133	0.0601504
NODE_328365_length_651_cov_4.454710	532	665	0	133	133	1.0000000
NODE_32840_length_4392_cov_8.478919	3314	3447	9	9	133	0.0676692
NODE_32840_length_4392_cov_8.478919	3314	3447	11	22	133	0.1654135
NODE_32840_length_4392_cov_8.478919	3314	3447	12	14	133	0.1052632
NODE_32840_length_4392_cov_8.478919	3314	3447	13	4	133	0.0300752
NODE_32840_length_4392_cov_8.478919	3314	3447	14	12	133	0.0902256
NODE_32840_length_4392_cov_8.478919	3314	3447	15	19	133	0.1428571
NODE_32840_length_4392_cov_8.478919	3314	3447	16	18	133	0.1353384
NODE_32840_length_4392_cov_8.478919	3314	3447	17	30	133	0.2255639
NODE_32840_length_4392_cov_8.478919	3314	3447	18	2	133	0.0150376
NODE_32840_length_4392_cov_8.478919	3314	3447	19	3	133	0.0225564
NODE_32866_length_4391_cov_3.937092	2508	2641	3	15	133	0.1127820
NODE_32866_length_4391_cov_3.937092	2508	2641	4	1	133	0.0075188
NODE_32866_length_4391_cov_3.937092	2508	2641	5	33	133	0.2481203
NODE_32866_length_4391_cov_3.937092	2508	2641	6	63	133	0.4736842
NODE_32866_length_4391_cov_3.937092	2508	2641	7	21	133	0.1578947
NODE_3287_length_10744_cov_4.060592	8259	8392	4	81	133	0.6090226
NODE_3287_length_10744_cov_4.060592	8259	8392	5	15	133	0.1127820
NODE_3287_length_10744_cov_4.060592	8259	8392	6	33	133	0.2481203
NODE_3287_length_10744_cov_4.060592	8259	8392	7	4	133	0.0300752
NODE_32895_length_4389_cov_4.358741	2609	2742	9	5	133	0.0375940
NODE_32895_length_4389_cov_4.358741	2609	2742	10	16	133	0.1203008
NODE_32895_length_4389_cov_4.358741	2609	2742	11	2	133	0.0150376
NODE_32895_length_4389_cov_4.358741	2609	2742	12	3	133	0.0225564
NODE_32895_length_4389_cov_4.358741	2609	2742	13	57	133	0.4285714
NODE_32895_length_4389_cov_4.358741	2609	2742	14	13	133	0.0977444
NODE_32895_length_4389_cov_4.358741	2609	2742	15	37	133	0.2781955
NODE_32906_length_4388_cov_4.382140	492	625	5	2	133	0.0150376
NODE_32906_length_4388_cov_4.382140	492	625	6	31	133	0.2330827
NODE_32906_length_4388_cov_4.382140	492	625	7	15	133	0.1127820
NODE_32906_length_4388_cov_4.382140	492	625	9	5	133	0.0375940
NODE_32906_length_4388_cov_4.382140	492	625	12	17	133	0.1278196
NODE_32906_length_4388_cov_4.382140	492	625	13	14	133	0.1052632
NODE_32906_length_4388_cov_4.382140	492	625	14	33	133	0.2481203
NODE_32906_length_4388_cov_4.382140	492	625	15	16	133	0.1203008
NODE_32963_length_4385_cov_3.835044	302	435	5	2	133	0.0150376
NODE_32963_length_4385_cov_3.835044	302	435	6	6	133	0.0451128
NODE_32963_length_4385_cov_3.835044	302	435	8	1	133	0.0075188
NODE_32963_length_4385_cov_3.835044	302	435	9	1	133	0.0075188
NODE_32963_length_4385_cov_3.835044	302	435	11	4	133	0.0300752
NODE_32963_length_4385_cov_3.835044	302	435	12	16	133	0.1203008
NODE_32963_length_4385_cov_3.835044	302	435	14	3	133	0.0225564
NODE_32963_length_4385_cov_3.835044	302	435	15	12	133	0.0902256
NODE_32963_length_4385_cov_3.835044	302	435	16	2	133	0.0150376
NODE_32963_length_4385_cov_3.835044	302	435	17	4	133	0.0300752
NODE_32963_length_4385_cov_3.835044	302	435	18	8	133	0.0601504
NODE_32963_length_4385_cov_3.835044	302	435	19	12	133	0.0902256
NODE_32963_length_4385_cov_3.835044	302	435	20	8	133	0.0601504
NODE_32963_length_4385_cov_3.835044	302	435	21	7	133	0.0526316
NODE_32963_length_4385_cov_3.835044	302	435	22	15	133	0.1127820
NODE_32963_length_4385_cov_3.835044	302	435	23	25	133	0.1879699
NODE_32963_length_4385_cov_3.835044	302	435	24	7	133	0.0526316
NODE_329642_length_647_cov_2.456204	440	573	2	18	133	0.1353384
NODE_329642_length_647_cov_2.456204	440	573	3	2	133	0.0150376
NODE_329642_length_647_cov_2.456204	440	573	4	3	133	0.0225564
NODE_329642_length_647_cov_2.456204	440	573	6	25	133	0.1879699
NODE_329642_length_647_cov_2.456204	440	573	7	14	133	0.1052632
NODE_329642_length_647_cov_2.456204	440	573	8	49	133	0.3684210
NODE_329642_length_647_cov_2.456204	440	573	9	22	133	0.1654135
NODE_32970_length_4384_cov_4.291715	2955	3088	11	5	133	0.0375940
NODE_32970_length_4384_cov_4.291715	2955	3088	12	3	133	0.0225564
NODE_32970_length_4384_cov_4.291715	2955	3088	13	19	133	0.1428571
NODE_32970_length_4384_cov_4.291715	2955	3088	14	59	133	0.4436090
NODE_32970_length_4384_cov_4.291715	2955	3088	15	21	133	0.1578947
NODE_32970_length_4384_cov_4.291715	2955	3088	16	15	133	0.1127820
NODE_32970_length_4384_cov_4.291715	2955	3088	17	5	133	0.0375940
NODE_32970_length_4384_cov_4.291715	2955	3088	18	6	133	0.0451128
NODE_329884_length_646_cov_2.276051	480	613	0	24	133	0.1804511
NODE_329884_length_646_cov_2.276051	480	613	1	1	133	0.0075188
NODE_329884_length_646_cov_2.276051	480	613	4	2	133	0.0150376
NODE_329884_length_646_cov_2.276051	480	613	6	33	133	0.2481203
NODE_329884_length_646_cov_2.276051	480	613	8	73	133	0.5488722
NODE_32990_length_4382_cov_4.637170	1495	1628	5	40	133	0.3007519
NODE_32990_length_4382_cov_4.637170	1495	1628	6	9	133	0.0676692
NODE_32990_length_4382_cov_4.637170	1495	1628	7	44	133	0.3308271
NODE_32990_length_4382_cov_4.637170	1495	1628	8	33	133	0.2481203
NODE_32990_length_4382_cov_4.637170	1495	1628	10	7	133	0.0526316
NODE_330019_length_645_cov_3.611722	387	520	8	17	133	0.1278196
NODE_330019_length_645_cov_3.611722	387	520	9	11	133	0.0827068
NODE_330019_length_645_cov_3.611722	387	520	10	21	133	0.1578947
NODE_330019_length_645_cov_3.611722	387	520	11	42	133	0.3157895
NODE_330019_length_645_cov_3.611722	387	520	12	32	133	0.2406015
NODE_330019_length_645_cov_3.611722	387	520	13	9	133	0.0676692
NODE_330019_length_645_cov_3.611722	387	520	14	1	133	0.0075188
NODE_33018_length_4380_cov_4.577669	1868	2001	6	8	133	0.0601504
NODE_33018_length_4380_cov_4.577669	1868	2001	7	1	133	0.0075188
NODE_33018_length_4380_cov_4.577669	1868	2001	10	1	133	0.0075188
NODE_33018_length_4380_cov_4.577669	1868	2001	12	1	133	0.0075188
NODE_33018_length_4380_cov_4.577669	1868	2001	13	2	133	0.0150376
NODE_33018_length_4380_cov_4.577669	1868	2001	15	30	133	0.2255639
NODE_33018_length_4380_cov_4.577669	1868	2001	16	2	133	0.0150376
NODE_33018_length_4380_cov_4.577669	1868	2001	17	4	133	0.0300752
NODE_33018_length_4380_cov_4.577669	1868	2001	18	19	133	0.1428571
NODE_33018_length_4380_cov_4.577669	1868	2001	19	35	133	0.2631579
NODE_33018_length_4380_cov_4.577669	1868	2001	20	30	133	0.2255639
NODE_33029_length_4379_cov_5.889486	225	358	2	19	133	0.1428571
NODE_33029_length_4379_cov_5.889486	225	358	3	50	133	0.3759398
NODE_33029_length_4379_cov_5.889486	225	358	4	64	133	0.4812030
NODE_330305_length_644_cov_3.642202	506	639	5	18	133	0.1353384
NODE_330305_length_644_cov_3.642202	506	639	6	56	133	0.4210526
NODE_330305_length_644_cov_3.642202	506	639	7	7	133	0.0526316
NODE_330305_length_644_cov_3.642202	506	639	8	3	133	0.0225564
NODE_330305_length_644_cov_3.642202	506	639	9	26	133	0.1954887
NODE_330305_length_644_cov_3.642202	506	639	10	23	133	0.1729323
NODE_33048_length_4378_cov_5.173405	301	434	23	6	133	0.0451128
NODE_33048_length_4378_cov_5.173405	301	434	24	12	133	0.0902256
NODE_33048_length_4378_cov_5.173405	301	434	25	2	133	0.0150376
NODE_33048_length_4378_cov_5.173405	301	434	27	3	133	0.0225564
NODE_33048_length_4378_cov_5.173405	301	434	28	2	133	0.0150376
NODE_33048_length_4378_cov_5.173405	301	434	29	6	133	0.0451128
NODE_33048_length_4378_cov_5.173405	301	434	30	21	133	0.1578947
NODE_33048_length_4378_cov_5.173405	301	434	31	26	133	0.1954887
NODE_33048_length_4378_cov_5.173405	301	434	32	42	133	0.3157895
NODE_33048_length_4378_cov_5.173405	301	434	33	6	133	0.0451128
NODE_33048_length_4378_cov_5.173405	301	434	34	5	133	0.0375940
NODE_33048_length_4378_cov_5.173405	301	434	35	2	133	0.0150376
NODE_3304_length_10722_cov_4.846371	7520	7653	10	11	133	0.0827068
NODE_3304_length_10722_cov_4.846371	7520	7653	14	46	133	0.3458647
NODE_3304_length_10722_cov_4.846371	7520	7653	15	29	133	0.2180451
NODE_3304_length_10722_cov_4.846371	7520	7653	16	9	133	0.0676692
NODE_3304_length_10722_cov_4.846371	7520	7653	17	21	133	0.1578947
NODE_3304_length_10722_cov_4.846371	7520	7653	18	17	133	0.1278196
NODE_33051_length_4378_cov_4.811872	768	901	6	14	133	0.1052632
NODE_33051_length_4378_cov_4.811872	768	901	7	7	133	0.0526316
NODE_33051_length_4378_cov_4.811872	768	901	8	17	133	0.1278196
NODE_33051_length_4378_cov_4.811872	768	901	9	33	133	0.2481203
NODE_33051_length_4378_cov_4.811872	768	901	10	20	133	0.1503759
NODE_33051_length_4378_cov_4.811872	768	901	11	3	133	0.0225564
NODE_33051_length_4378_cov_4.811872	768	901	12	25	133	0.1879699
NODE_33051_length_4378_cov_4.811872	768	901	13	14	133	0.1052632
NODE_330561_length_643_cov_4.279412	129	262	3	7	133	0.0526316
NODE_330561_length_643_cov_4.279412	129	262	4	10	133	0.0751880
NODE_330561_length_643_cov_4.279412	129	262	5	3	133	0.0225564
NODE_330561_length_643_cov_4.279412	129	262	6	6	133	0.0451128
NODE_330561_length_643_cov_4.279412	129	262	7	5	133	0.0375940
NODE_330561_length_643_cov_4.279412	129	262	8	10	133	0.0751880
NODE_330561_length_643_cov_4.279412	129	262	9	3	133	0.0225564
NODE_330561_length_643_cov_4.279412	129	262	10	16	133	0.1203008
NODE_330561_length_643_cov_4.279412	129	262	11	24	133	0.1804511
NODE_330561_length_643_cov_4.279412	129	262	13	3	133	0.0225564
NODE_330561_length_643_cov_4.279412	129	262	14	31	133	0.2330827
NODE_330561_length_643_cov_4.279412	129	262	15	15	133	0.1127820
NODE_33073_length_4377_cov_3.012155	2008	2141	6	6	133	0.0451128
NODE_33073_length_4377_cov_3.012155	2008	2141	7	22	133	0.1654135
NODE_33073_length_4377_cov_3.012155	2008	2141	10	31	133	0.2330827
NODE_33073_length_4377_cov_3.012155	2008	2141	11	19	133	0.1428571
NODE_33073_length_4377_cov_3.012155	2008	2141	12	27	133	0.2030075
NODE_33073_length_4377_cov_3.012155	2008	2141	13	28	133	0.2105263
NODE_330883_length_642_cov_3.659300	471	604	1	29	133	0.2180451
NODE_330883_length_642_cov_3.659300	471	604	2	54	133	0.4060150
NODE_330883_length_642_cov_3.659300	471	604	3	50	133	0.3759398
NODE_33098_length_4374_cov_5.172632	2558	2691	11	2	133	0.0150376
NODE_33098_length_4374_cov_5.172632	2558	2691	15	17	133	0.1278196
NODE_33098_length_4374_cov_5.172632	2558	2691	19	7	133	0.0526316
NODE_33098_length_4374_cov_5.172632	2558	2691	20	7	133	0.0526316
NODE_33098_length_4374_cov_5.172632	2558	2691	21	8	133	0.0601504
NODE_33098_length_4374_cov_5.172632	2558	2691	22	19	133	0.1428571
NODE_33098_length_4374_cov_5.172632	2558	2691	23	38	133	0.2857143
NODE_33098_length_4374_cov_5.172632	2558	2691	24	1	133	0.0075188
NODE_33098_length_4374_cov_5.172632	2558	2691	25	18	133	0.1353384
NODE_33098_length_4374_cov_5.172632	2558	2691	26	16	133	0.1203008
NODE_3309_length_10718_cov_5.263302	6488	6621	7	5	133	0.0375940
NODE_3309_length_10718_cov_5.263302	6488	6621	8	23	133	0.1729323
NODE_3309_length_10718_cov_5.263302	6488	6621	9	1	133	0.0075188
NODE_3309_length_10718_cov_5.263302	6488	6621	10	35	133	0.2631579
NODE_3309_length_10718_cov_5.263302	6488	6621	11	9	133	0.0676692
NODE_3309_length_10718_cov_5.263302	6488	6621	12	30	133	0.2255639
NODE_3309_length_10718_cov_5.263302	6488	6621	13	30	133	0.2255639
NODE_330_length_19608_cov_4.906761	9672	9805	47	4	133	0.0300752
NODE_330_length_19608_cov_4.906761	9672	9805	48	3	133	0.0225564
NODE_330_length_19608_cov_4.906761	9672	9805	50	6	133	0.0451128
NODE_330_length_19608_cov_4.906761	9672	9805	51	3	133	0.0225564
NODE_330_length_19608_cov_4.906761	9672	9805	52	9	133	0.0676692
NODE_330_length_19608_cov_4.906761	9672	9805	53	2	133	0.0150376
NODE_330_length_19608_cov_4.906761	9672	9805	54	6	133	0.0451128
NODE_330_length_19608_cov_4.906761	9672	9805	55	2	133	0.0150376
NODE_330_length_19608_cov_4.906761	9672	9805	56	4	133	0.0300752
NODE_330_length_19608_cov_4.906761	9672	9805	57	12	133	0.0902256
NODE_330_length_19608_cov_4.906761	9672	9805	58	1	133	0.0075188
NODE_330_length_19608_cov_4.906761	9672	9805	59	8	133	0.0601504
NODE_330_length_19608_cov_4.906761	9672	9805	60	4	133	0.0300752
NODE_330_length_19608_cov_4.906761	9672	9805	61	6	133	0.0451128
NODE_330_length_19608_cov_4.906761	9672	9805	62	6	133	0.0451128
NODE_330_length_19608_cov_4.906761	9672	9805	63	3	133	0.0225564
NODE_330_length_19608_cov_4.906761	9672	9805	64	1	133	0.0075188
NODE_330_length_19608_cov_4.906761	9672	9805	65	19	133	0.1428571
NODE_330_length_19608_cov_4.906761	9672	9805	66	10	133	0.0751880
NODE_330_length_19608_cov_4.906761	9672	9805	67	3	133	0.0225564
NODE_330_length_19608_cov_4.906761	9672	9805	68	9	133	0.0676692
NODE_330_length_19608_cov_4.906761	9672	9805	69	12	133	0.0902256
NODE_331122_length_641_cov_4.140221	105	238	2	13	133	0.0977444
NODE_331122_length_641_cov_4.140221	105	238	3	25	133	0.1879699
NODE_331122_length_641_cov_4.140221	105	238	5	34	133	0.2556391
NODE_331122_length_641_cov_4.140221	105	238	7	20	133	0.1503759
NODE_331122_length_641_cov_4.140221	105	238	8	41	133	0.3082707
NODE_33122_length_4372_cov_4.636789	604	737	12	11	133	0.0827068
NODE_33122_length_4372_cov_4.636789	604	737	13	2	133	0.0150376
NODE_33122_length_4372_cov_4.636789	604	737	14	10	133	0.0751880
NODE_33122_length_4372_cov_4.636789	604	737	15	6	133	0.0451128
NODE_33122_length_4372_cov_4.636789	604	737	16	4	133	0.0300752
NODE_33122_length_4372_cov_4.636789	604	737	17	2	133	0.0150376
NODE_33122_length_4372_cov_4.636789	604	737	18	17	133	0.1278196
NODE_33122_length_4372_cov_4.636789	604	737	19	3	133	0.0225564
NODE_33122_length_4372_cov_4.636789	604	737	20	5	133	0.0375940
NODE_33122_length_4372_cov_4.636789	604	737	21	23	133	0.1729323
NODE_33122_length_4372_cov_4.636789	604	737	22	13	133	0.0977444
NODE_33122_length_4372_cov_4.636789	604	737	23	4	133	0.0300752
NODE_33122_length_4372_cov_4.636789	604	737	24	32	133	0.2406015
NODE_33122_length_4372_cov_4.636789	604	737	25	1	133	0.0075188
NODE_33158_length_4370_cov_4.812456	1968	2101	27	23	133	0.1729323
NODE_33158_length_4370_cov_4.812456	1968	2101	29	12	133	0.0902256
NODE_33158_length_4370_cov_4.812456	1968	2101	30	1	133	0.0075188
NODE_33158_length_4370_cov_4.812456	1968	2101	31	4	133	0.0300752
NODE_33158_length_4370_cov_4.812456	1968	2101	32	3	133	0.0225564
NODE_33158_length_4370_cov_4.812456	1968	2101	33	15	133	0.1127820
NODE_33158_length_4370_cov_4.812456	1968	2101	34	12	133	0.0902256
NODE_33158_length_4370_cov_4.812456	1968	2101	35	24	133	0.1804511
NODE_33158_length_4370_cov_4.812456	1968	2101	36	4	133	0.0300752
NODE_33158_length_4370_cov_4.812456	1968	2101	37	15	133	0.1127820
NODE_33158_length_4370_cov_4.812456	1968	2101	38	19	133	0.1428571
NODE_33158_length_4370_cov_4.812456	1968	2101	39	1	133	0.0075188
NODE_3315_length_10714_cov_3.895431	5337	5470	7	20	133	0.1503759
NODE_3315_length_10714_cov_3.895431	5337	5470	8	8	133	0.0601504
NODE_3315_length_10714_cov_3.895431	5337	5470	9	11	133	0.0827068
NODE_3315_length_10714_cov_3.895431	5337	5470	11	11	133	0.0827068
NODE_3315_length_10714_cov_3.895431	5337	5470	12	43	133	0.3233083
NODE_3315_length_10714_cov_3.895431	5337	5470	13	6	133	0.0451128
NODE_3315_length_10714_cov_3.895431	5337	5470	14	15	133	0.1127820
NODE_3315_length_10714_cov_3.895431	5337	5470	15	19	133	0.1428571
NODE_331759_length_639_cov_3.275926	383	516	5	4	133	0.0300752
NODE_331759_length_639_cov_3.275926	383	516	6	38	133	0.2857143
NODE_331759_length_639_cov_3.275926	383	516	7	91	133	0.6842105
NODE_332041_length_638_cov_3.398887	107	240	5	7	133	0.0526316
NODE_332041_length_638_cov_3.398887	107	240	6	10	133	0.0751880
NODE_332041_length_638_cov_3.398887	107	240	7	9	133	0.0676692
NODE_332041_length_638_cov_3.398887	107	240	9	4	133	0.0300752
NODE_332041_length_638_cov_3.398887	107	240	10	14	133	0.1052632
NODE_332041_length_638_cov_3.398887	107	240	11	15	133	0.1127820
NODE_332041_length_638_cov_3.398887	107	240	12	2	133	0.0150376
NODE_332041_length_638_cov_3.398887	107	240	13	6	133	0.0451128
NODE_332041_length_638_cov_3.398887	107	240	15	41	133	0.3082707
NODE_332041_length_638_cov_3.398887	107	240	16	20	133	0.1503759
NODE_332041_length_638_cov_3.398887	107	240	17	5	133	0.0375940
NODE_3320_length_10705_cov_4.205921	6017	6150	11	2	133	0.0150376
NODE_3320_length_10705_cov_4.205921	6017	6150	12	10	133	0.0751880
NODE_3320_length_10705_cov_4.205921	6017	6150	13	24	133	0.1804511
NODE_3320_length_10705_cov_4.205921	6017	6150	14	3	133	0.0225564
NODE_3320_length_10705_cov_4.205921	6017	6150	15	23	133	0.1729323
NODE_3320_length_10705_cov_4.205921	6017	6150	16	20	133	0.1503759
NODE_3320_length_10705_cov_4.205921	6017	6150	17	43	133	0.3233083
NODE_3320_length_10705_cov_4.205921	6017	6150	18	8	133	0.0601504
NODE_3321_length_10702_cov_26.549750	9766	9899	2	10	133	0.0751880
NODE_3321_length_10702_cov_26.549750	9766	9899	3	22	133	0.1654135
NODE_3321_length_10702_cov_26.549750	9766	9899	4	2	133	0.0150376
NODE_3321_length_10702_cov_26.549750	9766	9899	6	3	133	0.0225564
NODE_3321_length_10702_cov_26.549750	9766	9899	7	2	133	0.0150376
NODE_3321_length_10702_cov_26.549750	9766	9899	9	27	133	0.2030075
NODE_3321_length_10702_cov_26.549750	9766	9899	10	61	133	0.4586466
NODE_3321_length_10702_cov_26.549750	9766	9899	11	5	133	0.0375940
NODE_3321_length_10702_cov_26.549750	9766	9899	13	1	133	0.0075188
NODE_332273_length_637_cov_4.295539	192	325	5	1	133	0.0075188
NODE_332273_length_637_cov_4.295539	192	325	6	33	133	0.2481203
NODE_332273_length_637_cov_4.295539	192	325	7	41	133	0.3082707
NODE_332273_length_637_cov_4.295539	192	325	8	32	133	0.2406015
NODE_332273_length_637_cov_4.295539	192	325	9	26	133	0.1954887
NODE_33253_length_4364_cov_3.697773	2559	2692	10	4	133	0.0300752
NODE_33253_length_4364_cov_3.697773	2559	2692	11	1	133	0.0075188
NODE_33253_length_4364_cov_3.697773	2559	2692	12	6	133	0.0451128
NODE_33253_length_4364_cov_3.697773	2559	2692	13	9	133	0.0676692
NODE_33253_length_4364_cov_3.697773	2559	2692	14	37	133	0.2781955
NODE_33253_length_4364_cov_3.697773	2559	2692	15	13	133	0.0977444
NODE_33253_length_4364_cov_3.697773	2559	2692	16	28	133	0.2105263
NODE_33253_length_4364_cov_3.697773	2559	2692	17	21	133	0.1578947
NODE_33253_length_4364_cov_3.697773	2559	2692	18	14	133	0.1052632
NODE_33262_length_4363_cov_4.523921	1030	1163	6	19	133	0.1428571
NODE_33262_length_4363_cov_4.523921	1030	1163	7	19	133	0.1428571
NODE_33262_length_4363_cov_4.523921	1030	1163	8	9	133	0.0676692
NODE_33262_length_4363_cov_4.523921	1030	1163	10	31	133	0.2330827
NODE_33262_length_4363_cov_4.523921	1030	1163	11	27	133	0.2030075
NODE_33262_length_4363_cov_4.523921	1030	1163	12	28	133	0.2105263
NODE_33288_length_4361_cov_4.674097	2915	3048	5	2	133	0.0150376
NODE_33288_length_4361_cov_4.674097	2915	3048	7	9	133	0.0676692
NODE_33288_length_4361_cov_4.674097	2915	3048	9	28	133	0.2105263
NODE_33288_length_4361_cov_4.674097	2915	3048	10	31	133	0.2330827
NODE_33288_length_4361_cov_4.674097	2915	3048	12	2	133	0.0150376
NODE_33288_length_4361_cov_4.674097	2915	3048	13	4	133	0.0300752
NODE_33288_length_4361_cov_4.674097	2915	3048	14	51	133	0.3834586
NODE_33288_length_4361_cov_4.674097	2915	3048	16	6	133	0.0451128
NODE_33330_length_4358_cov_3.935431	637	770	20	12	133	0.0902256
NODE_33330_length_4358_cov_3.935431	637	770	22	3	133	0.0225564
NODE_33330_length_4358_cov_3.935431	637	770	24	1	133	0.0075188
NODE_33330_length_4358_cov_3.935431	637	770	25	2	133	0.0150376
NODE_33330_length_4358_cov_3.935431	637	770	26	8	133	0.0601504
NODE_33330_length_4358_cov_3.935431	637	770	27	1	133	0.0075188
NODE_33330_length_4358_cov_3.935431	637	770	28	2	133	0.0150376
NODE_33330_length_4358_cov_3.935431	637	770	29	3	133	0.0225564
NODE_33330_length_4358_cov_3.935431	637	770	32	5	133	0.0375940
NODE_33330_length_4358_cov_3.935431	637	770	33	3	133	0.0225564
NODE_33330_length_4358_cov_3.935431	637	770	35	9	133	0.0676692
NODE_33330_length_4358_cov_3.935431	637	770	37	12	133	0.0902256
NODE_33330_length_4358_cov_3.935431	637	770	38	6	133	0.0451128
NODE_33330_length_4358_cov_3.935431	637	770	39	1	133	0.0075188
NODE_33330_length_4358_cov_3.935431	637	770	40	45	133	0.3383459
NODE_33330_length_4358_cov_3.935431	637	770	41	12	133	0.0902256
NODE_33330_length_4358_cov_3.935431	637	770	42	7	133	0.0526316
NODE_33330_length_4358_cov_3.935431	637	770	43	1	133	0.0075188
NODE_33356_length_4357_cov_3.239314	3032	3165	3	2	133	0.0150376
NODE_33356_length_4357_cov_3.239314	3032	3165	4	3	133	0.0225564
NODE_33356_length_4357_cov_3.239314	3032	3165	6	12	133	0.0902256
NODE_33356_length_4357_cov_3.239314	3032	3165	7	10	133	0.0751880
NODE_33356_length_4357_cov_3.239314	3032	3165	8	26	133	0.1954887
NODE_33356_length_4357_cov_3.239314	3032	3165	10	67	133	0.5037594
NODE_33356_length_4357_cov_3.239314	3032	3165	11	13	133	0.0977444
NODE_333636_length_633_cov_2.114232	508	641	0	22	133	0.1654135
NODE_333636_length_633_cov_2.114232	508	641	1	111	133	0.8345864
NODE_33364_length_4356_cov_4.718111	643	776	7	34	133	0.2556391
NODE_33364_length_4356_cov_4.718111	643	776	8	12	133	0.0902256
NODE_33364_length_4356_cov_4.718111	643	776	10	33	133	0.2481203
NODE_33364_length_4356_cov_4.718111	643	776	11	31	133	0.2330827
NODE_33364_length_4356_cov_4.718111	643	776	12	23	133	0.1729323
NODE_3339_length_10676_cov_4.565567	2687	2820	12	2	133	0.0150376
NODE_3339_length_10676_cov_4.565567	2687	2820	13	6	133	0.0451128
NODE_3339_length_10676_cov_4.565567	2687	2820	15	1	133	0.0075188
NODE_3339_length_10676_cov_4.565567	2687	2820	16	4	133	0.0300752
NODE_3339_length_10676_cov_4.565567	2687	2820	17	1	133	0.0075188
NODE_3339_length_10676_cov_4.565567	2687	2820	18	2	133	0.0150376
NODE_3339_length_10676_cov_4.565567	2687	2820	19	11	133	0.0827068
NODE_3339_length_10676_cov_4.565567	2687	2820	21	3	133	0.0225564
NODE_3339_length_10676_cov_4.565567	2687	2820	22	3	133	0.0225564
NODE_3339_length_10676_cov_4.565567	2687	2820	23	8	133	0.0601504
NODE_3339_length_10676_cov_4.565567	2687	2820	24	8	133	0.0601504
NODE_3339_length_10676_cov_4.565567	2687	2820	25	6	133	0.0451128
NODE_3339_length_10676_cov_4.565567	2687	2820	26	11	133	0.0827068
NODE_3339_length_10676_cov_4.565567	2687	2820	28	17	133	0.1278196
NODE_3339_length_10676_cov_4.565567	2687	2820	29	8	133	0.0601504
NODE_3339_length_10676_cov_4.565567	2687	2820	30	25	133	0.1879699
NODE_3339_length_10676_cov_4.565567	2687	2820	31	9	133	0.0676692
NODE_3339_length_10676_cov_4.565567	2687	2820	32	7	133	0.0526316
NODE_3339_length_10676_cov_4.565567	2687	2820	33	1	133	0.0075188
NODE_333_length_19550_cov_4.467380	4982	5115	11	1	133	0.0075188
NODE_333_length_19550_cov_4.467380	4982	5115	12	6	133	0.0451128
NODE_333_length_19550_cov_4.467380	4982	5115	13	6	133	0.0451128
NODE_333_length_19550_cov_4.467380	4982	5115	14	2	133	0.0150376
NODE_333_length_19550_cov_4.467380	4982	5115	15	6	133	0.0451128
NODE_333_length_19550_cov_4.467380	4982	5115	17	9	133	0.0676692
NODE_333_length_19550_cov_4.467380	4982	5115	18	3	133	0.0225564
NODE_333_length_19550_cov_4.467380	4982	5115	19	2	133	0.0150376
NODE_333_length_19550_cov_4.467380	4982	5115	20	6	133	0.0451128
NODE_333_length_19550_cov_4.467380	4982	5115	21	2	133	0.0150376
NODE_333_length_19550_cov_4.467380	4982	5115	22	8	133	0.0601504
NODE_333_length_19550_cov_4.467380	4982	5115	23	17	133	0.1278196
NODE_333_length_19550_cov_4.467380	4982	5115	24	55	133	0.4135338
NODE_333_length_19550_cov_4.467380	4982	5115	25	9	133	0.0676692
NODE_333_length_19550_cov_4.467380	4982	5115	26	1	133	0.0075188
NODE_334073_length_631_cov_3.302632	441	574	5	11	133	0.0827068
NODE_334073_length_631_cov_3.302632	441	574	6	13	133	0.0977444
NODE_334073_length_631_cov_3.302632	441	574	9	2	133	0.0150376
NODE_334073_length_631_cov_3.302632	441	574	10	1	133	0.0075188
NODE_334073_length_631_cov_3.302632	441	574	11	13	133	0.0977444
NODE_334073_length_631_cov_3.302632	441	574	12	10	133	0.0751880
NODE_334073_length_631_cov_3.302632	441	574	13	16	133	0.1203008
NODE_334073_length_631_cov_3.302632	441	574	15	40	133	0.3007519
NODE_334073_length_631_cov_3.302632	441	574	16	27	133	0.2030075
NODE_334117_length_631_cov_2.911654	276	409	7	6	133	0.0451128
NODE_334117_length_631_cov_2.911654	276	409	9	9	133	0.0676692
NODE_334117_length_631_cov_2.911654	276	409	12	10	133	0.0751880
NODE_334117_length_631_cov_2.911654	276	409	13	17	133	0.1278196
NODE_334117_length_631_cov_2.911654	276	409	14	16	133	0.1203008
NODE_334117_length_631_cov_2.911654	276	409	15	3	133	0.0225564
NODE_334117_length_631_cov_2.911654	276	409	16	11	133	0.0827068
NODE_334117_length_631_cov_2.911654	276	409	17	6	133	0.0451128
NODE_334117_length_631_cov_2.911654	276	409	18	9	133	0.0676692
NODE_334117_length_631_cov_2.911654	276	409	19	7	133	0.0526316
NODE_334117_length_631_cov_2.911654	276	409	20	17	133	0.1278196
NODE_334117_length_631_cov_2.911654	276	409	21	21	133	0.1578947
NODE_334117_length_631_cov_2.911654	276	409	22	1	133	0.0075188
NODE_33469_length_4349_cov_5.000000	2407	2540	9	21	133	0.1578947
NODE_33469_length_4349_cov_5.000000	2407	2540	10	21	133	0.1578947
NODE_33469_length_4349_cov_5.000000	2407	2540	11	15	133	0.1127820
NODE_33469_length_4349_cov_5.000000	2407	2540	12	10	133	0.0751880
NODE_33469_length_4349_cov_5.000000	2407	2540	13	20	133	0.1503759
NODE_33469_length_4349_cov_5.000000	2407	2540	14	43	133	0.3233083
NODE_33469_length_4349_cov_5.000000	2407	2540	15	3	133	0.0225564
NODE_334846_length_628_cov_6.115312	385	518	3	9	133	0.0676692
NODE_334846_length_628_cov_6.115312	385	518	5	15	133	0.1127820
NODE_334846_length_628_cov_6.115312	385	518	6	5	133	0.0375940
NODE_334846_length_628_cov_6.115312	385	518	9	8	133	0.0601504
NODE_334846_length_628_cov_6.115312	385	518	11	15	133	0.1127820
NODE_334846_length_628_cov_6.115312	385	518	13	32	133	0.2406015
NODE_334846_length_628_cov_6.115312	385	518	14	2	133	0.0150376
NODE_334846_length_628_cov_6.115312	385	518	15	47	133	0.3533835
NODE_33505_length_4347_cov_3.081215	3629	3762	13	11	133	0.0827068
NODE_33505_length_4347_cov_3.081215	3629	3762	14	1	133	0.0075188
NODE_33505_length_4347_cov_3.081215	3629	3762	15	2	133	0.0150376
NODE_33505_length_4347_cov_3.081215	3629	3762	16	1	133	0.0075188
NODE_33505_length_4347_cov_3.081215	3629	3762	17	4	133	0.0300752
NODE_33505_length_4347_cov_3.081215	3629	3762	18	22	133	0.1654135
NODE_33505_length_4347_cov_3.081215	3629	3762	19	36	133	0.2706767
NODE_33505_length_4347_cov_3.081215	3629	3762	20	8	133	0.0601504
NODE_33505_length_4347_cov_3.081215	3629	3762	21	16	133	0.1203008
NODE_33505_length_4347_cov_3.081215	3629	3762	22	7	133	0.0526316
NODE_33505_length_4347_cov_3.081215	3629	3762	23	23	133	0.1729323
NODE_33505_length_4347_cov_3.081215	3629	3762	24	2	133	0.0150376
NODE_3350_length_10669_cov_10.329139	8558	8691	28	4	133	0.0300752
NODE_3350_length_10669_cov_10.329139	8558	8691	30	2	133	0.0150376
NODE_3350_length_10669_cov_10.329139	8558	8691	31	2	133	0.0150376
NODE_3350_length_10669_cov_10.329139	8558	8691	32	6	133	0.0451128
NODE_3350_length_10669_cov_10.329139	8558	8691	33	8	133	0.0601504
NODE_3350_length_10669_cov_10.329139	8558	8691	34	1	133	0.0075188
NODE_3350_length_10669_cov_10.329139	8558	8691	35	2	133	0.0150376
NODE_3350_length_10669_cov_10.329139	8558	8691	36	1	133	0.0075188
NODE_3350_length_10669_cov_10.329139	8558	8691	38	4	133	0.0300752
NODE_3350_length_10669_cov_10.329139	8558	8691	39	3	133	0.0225564
NODE_3350_length_10669_cov_10.329139	8558	8691	40	5	133	0.0375940
NODE_3350_length_10669_cov_10.329139	8558	8691	41	2	133	0.0150376
NODE_3350_length_10669_cov_10.329139	8558	8691	42	1	133	0.0075188
NODE_3350_length_10669_cov_10.329139	8558	8691	43	4	133	0.0300752
NODE_3350_length_10669_cov_10.329139	8558	8691	44	7	133	0.0526316
NODE_3350_length_10669_cov_10.329139	8558	8691	45	10	133	0.0751880
NODE_3350_length_10669_cov_10.329139	8558	8691	46	10	133	0.0751880
NODE_3350_length_10669_cov_10.329139	8558	8691	47	14	133	0.1052632
NODE_3350_length_10669_cov_10.329139	8558	8691	48	8	133	0.0601504
NODE_3350_length_10669_cov_10.329139	8558	8691	49	10	133	0.0751880
NODE_3350_length_10669_cov_10.329139	8558	8691	50	21	133	0.1578947
NODE_3350_length_10669_cov_10.329139	8558	8691	51	8	133	0.0601504
NODE_33515_length_4346_cov_3.477043	2590	2723	15	1	133	0.0075188
NODE_33515_length_4346_cov_3.477043	2590	2723	16	10	133	0.0751880
NODE_33515_length_4346_cov_3.477043	2590	2723	17	3	133	0.0225564
NODE_33515_length_4346_cov_3.477043	2590	2723	18	10	133	0.0751880
NODE_33515_length_4346_cov_3.477043	2590	2723	19	1	133	0.0075188
NODE_33515_length_4346_cov_3.477043	2590	2723	20	4	133	0.0300752
NODE_33515_length_4346_cov_3.477043	2590	2723	21	10	133	0.0751880
NODE_33515_length_4346_cov_3.477043	2590	2723	22	8	133	0.0601504
NODE_33515_length_4346_cov_3.477043	2590	2723	23	12	133	0.0902256
NODE_33515_length_4346_cov_3.477043	2590	2723	24	15	133	0.1127820
NODE_33515_length_4346_cov_3.477043	2590	2723	25	23	133	0.1729323
NODE_33515_length_4346_cov_3.477043	2590	2723	26	21	133	0.1578947
NODE_33515_length_4346_cov_3.477043	2590	2723	27	15	133	0.1127820
NODE_335482_length_626_cov_3.381404	430	563	4	17	133	0.1278196
NODE_335482_length_626_cov_3.381404	430	563	6	8	133	0.0601504
NODE_335482_length_626_cov_3.381404	430	563	7	22	133	0.1654135
NODE_335482_length_626_cov_3.381404	430	563	9	39	133	0.2932331
NODE_335482_length_626_cov_3.381404	430	563	11	16	133	0.1203008
NODE_335482_length_626_cov_3.381404	430	563	12	16	133	0.1203008
NODE_335482_length_626_cov_3.381404	430	563	13	15	133	0.1127820
NODE_3354_length_10664_cov_4.682537	5372	5505	0	37	133	0.2781955
NODE_3354_length_10664_cov_4.682537	5372	5505	1	1	133	0.0075188
NODE_3354_length_10664_cov_4.682537	5372	5505	2	95	133	0.7142857
NODE_33565_length_4342_cov_9.200094	2369	2502	21	2	133	0.0150376
NODE_33565_length_4342_cov_9.200094	2369	2502	22	9	133	0.0676692
NODE_33565_length_4342_cov_9.200094	2369	2502	23	2	133	0.0150376
NODE_33565_length_4342_cov_9.200094	2369	2502	27	2	133	0.0150376
NODE_33565_length_4342_cov_9.200094	2369	2502	29	9	133	0.0676692
NODE_33565_length_4342_cov_9.200094	2369	2502	30	7	133	0.0526316
NODE_33565_length_4342_cov_9.200094	2369	2502	31	1	133	0.0075188
NODE_33565_length_4342_cov_9.200094	2369	2502	32	11	133	0.0827068
NODE_33565_length_4342_cov_9.200094	2369	2502	33	7	133	0.0526316
NODE_33565_length_4342_cov_9.200094	2369	2502	34	9	133	0.0676692
NODE_33565_length_4342_cov_9.200094	2369	2502	35	17	133	0.1278196
NODE_33565_length_4342_cov_9.200094	2369	2502	36	16	133	0.1203008
NODE_33565_length_4342_cov_9.200094	2369	2502	37	21	133	0.1578947
NODE_33565_length_4342_cov_9.200094	2369	2502	38	6	133	0.0451128
NODE_33565_length_4342_cov_9.200094	2369	2502	39	6	133	0.0451128
NODE_33565_length_4342_cov_9.200094	2369	2502	40	8	133	0.0601504
NODE_335905_length_625_cov_2.349810	213	346	18	2	133	0.0150376
NODE_335905_length_625_cov_2.349810	213	346	19	1	133	0.0075188
NODE_335905_length_625_cov_2.349810	213	346	20	17	133	0.1278196
NODE_335905_length_625_cov_2.349810	213	346	22	15	133	0.1127820
NODE_335905_length_625_cov_2.349810	213	346	23	7	133	0.0526316
NODE_335905_length_625_cov_2.349810	213	346	24	29	133	0.2180451
NODE_335905_length_625_cov_2.349810	213	346	25	9	133	0.0676692
NODE_335905_length_625_cov_2.349810	213	346	26	32	133	0.2406015
NODE_335905_length_625_cov_2.349810	213	346	27	2	133	0.0150376
NODE_335905_length_625_cov_2.349810	213	346	28	19	133	0.1428571
NODE_33617_length_4339_cov_4.305896	2864	2997	9	25	133	0.1879699
NODE_33617_length_4339_cov_4.305896	2864	2997	10	14	133	0.1052632
NODE_33617_length_4339_cov_4.305896	2864	2997	11	13	133	0.0977444
NODE_33617_length_4339_cov_4.305896	2864	2997	13	5	133	0.0375940
NODE_33617_length_4339_cov_4.305896	2864	2997	14	30	133	0.2255639
NODE_33617_length_4339_cov_4.305896	2864	2997	15	6	133	0.0451128
NODE_33617_length_4339_cov_4.305896	2864	2997	16	6	133	0.0451128
NODE_33617_length_4339_cov_4.305896	2864	2997	17	13	133	0.0977444
NODE_33617_length_4339_cov_4.305896	2864	2997	18	21	133	0.1578947
NODE_336521_length_623_cov_2.045802	176	309	7	23	133	0.1729323
NODE_336521_length_623_cov_2.045802	176	309	8	12	133	0.0902256
NODE_336521_length_623_cov_2.045802	176	309	9	20	133	0.1503759
NODE_336521_length_623_cov_2.045802	176	309	10	42	133	0.3157895
NODE_336521_length_623_cov_2.045802	176	309	11	30	133	0.2255639
NODE_336521_length_623_cov_2.045802	176	309	12	6	133	0.0451128
NODE_336597_length_622_cov_4.753346	345	478	9	2	133	0.0150376
NODE_336597_length_622_cov_4.753346	345	478	10	34	133	0.2556391
NODE_336597_length_622_cov_4.753346	345	478	11	5	133	0.0375940
NODE_336597_length_622_cov_4.753346	345	478	12	13	133	0.0977444
NODE_336597_length_622_cov_4.753346	345	478	13	1	133	0.0075188
NODE_336597_length_622_cov_4.753346	345	478	14	12	133	0.0902256
NODE_336597_length_622_cov_4.753346	345	478	18	10	133	0.0751880
NODE_336597_length_622_cov_4.753346	345	478	19	12	133	0.0902256
NODE_336597_length_622_cov_4.753346	345	478	20	2	133	0.0150376
NODE_336597_length_622_cov_4.753346	345	478	21	6	133	0.0451128
NODE_336597_length_622_cov_4.753346	345	478	22	25	133	0.1879699
NODE_336597_length_622_cov_4.753346	345	478	23	10	133	0.0751880
NODE_336597_length_622_cov_4.753346	345	478	24	1	133	0.0075188
NODE_33661_length_4336_cov_4.032098	2727	2860	0	17	133	0.1278196
NODE_33661_length_4336_cov_4.032098	2727	2860	1	17	133	0.1278196
NODE_33661_length_4336_cov_4.032098	2727	2860	3	39	133	0.2932331
NODE_33661_length_4336_cov_4.032098	2727	2860	4	60	133	0.4511278
NODE_336731_length_622_cov_2.789675	353	486	31	6	133	0.0451128
NODE_336731_length_622_cov_2.789675	353	486	32	3	133	0.0225564
NODE_336731_length_622_cov_2.789675	353	486	33	3	133	0.0225564
NODE_336731_length_622_cov_2.789675	353	486	34	4	133	0.0300752
NODE_336731_length_622_cov_2.789675	353	486	36	7	133	0.0526316
NODE_336731_length_622_cov_2.789675	353	486	37	7	133	0.0526316
NODE_336731_length_622_cov_2.789675	353	486	38	24	133	0.1804511
NODE_336731_length_622_cov_2.789675	353	486	39	7	133	0.0526316
NODE_336731_length_622_cov_2.789675	353	486	40	11	133	0.0827068
NODE_336731_length_622_cov_2.789675	353	486	41	5	133	0.0375940
NODE_336731_length_622_cov_2.789675	353	486	42	16	133	0.1203008
NODE_336731_length_622_cov_2.789675	353	486	43	13	133	0.0977444
NODE_336731_length_622_cov_2.789675	353	486	44	12	133	0.0902256
NODE_336731_length_622_cov_2.789675	353	486	45	5	133	0.0375940
NODE_336731_length_622_cov_2.789675	353	486	46	3	133	0.0225564
NODE_336731_length_622_cov_2.789675	353	486	47	7	133	0.0526316
NODE_33674_length_4335_cov_3.708215	1305	1438	5	9	133	0.0676692
NODE_33674_length_4335_cov_3.708215	1305	1438	6	30	133	0.2255639
NODE_33674_length_4335_cov_3.708215	1305	1438	7	77	133	0.5789474
NODE_33674_length_4335_cov_3.708215	1305	1438	8	4	133	0.0300752
NODE_33674_length_4335_cov_3.708215	1305	1438	9	13	133	0.0977444
NODE_336801_length_622_cov_2.087954	143	276	14	5	133	0.0375940
NODE_336801_length_622_cov_2.087954	143	276	15	8	133	0.0601504
NODE_336801_length_622_cov_2.087954	143	276	16	5	133	0.0375940
NODE_336801_length_622_cov_2.087954	143	276	17	12	133	0.0902256
NODE_336801_length_622_cov_2.087954	143	276	18	7	133	0.0526316
NODE_336801_length_622_cov_2.087954	143	276	19	3	133	0.0225564
NODE_336801_length_622_cov_2.087954	143	276	20	9	133	0.0676692
NODE_336801_length_622_cov_2.087954	143	276	21	2	133	0.0150376
NODE_336801_length_622_cov_2.087954	143	276	22	4	133	0.0300752
NODE_336801_length_622_cov_2.087954	143	276	23	17	133	0.1278196
NODE_336801_length_622_cov_2.087954	143	276	24	21	133	0.1578947
NODE_336801_length_622_cov_2.087954	143	276	25	4	133	0.0300752
NODE_336801_length_622_cov_2.087954	143	276	27	27	133	0.2030075
NODE_336801_length_622_cov_2.087954	143	276	28	9	133	0.0676692
NODE_33685_length_4334_cov_4.109091	492	625	4	17	133	0.1278196
NODE_33685_length_4334_cov_4.109091	492	625	5	1	133	0.0075188
NODE_33685_length_4334_cov_4.109091	492	625	6	10	133	0.0751880
NODE_33685_length_4334_cov_4.109091	492	625	7	1	133	0.0075188
NODE_33685_length_4334_cov_4.109091	492	625	8	3	133	0.0225564
NODE_33685_length_4334_cov_4.109091	492	625	11	14	133	0.1052632
NODE_33685_length_4334_cov_4.109091	492	625	13	43	133	0.3233083
NODE_33685_length_4334_cov_4.109091	492	625	14	5	133	0.0375940
NODE_33685_length_4334_cov_4.109091	492	625	15	2	133	0.0150376
NODE_33685_length_4334_cov_4.109091	492	625	16	24	133	0.1804511
NODE_33685_length_4334_cov_4.109091	492	625	17	13	133	0.0977444
NODE_3368_length_10656_cov_7.313252	2571	2704	0	22	133	0.1654135
NODE_3368_length_10656_cov_7.313252	2571	2704	2	36	133	0.2706767
NODE_3368_length_10656_cov_7.313252	2571	2704	3	43	133	0.3233083
NODE_3368_length_10656_cov_7.313252	2571	2704	4	32	133	0.2406015
NODE_33722_length_4332_cov_3.658871	2054	2187	11	8	133	0.0601504
NODE_33722_length_4332_cov_3.658871	2054	2187	15	5	133	0.0375940
NODE_33722_length_4332_cov_3.658871	2054	2187	16	13	133	0.0977444
NODE_33722_length_4332_cov_3.658871	2054	2187	17	67	133	0.5037594
NODE_33722_length_4332_cov_3.658871	2054	2187	18	40	133	0.3007519
NODE_337502_length_619_cov_3.790385	106	239	7	1	133	0.0075188
NODE_337502_length_619_cov_3.790385	106	239	9	27	133	0.2030075
NODE_337502_length_619_cov_3.790385	106	239	10	5	133	0.0375940
NODE_337502_length_619_cov_3.790385	106	239	11	2	133	0.0150376
NODE_337502_length_619_cov_3.790385	106	239	12	5	133	0.0375940
NODE_337502_length_619_cov_3.790385	106	239	13	15	133	0.1127820
NODE_337502_length_619_cov_3.790385	106	239	14	19	133	0.1428571
NODE_337502_length_619_cov_3.790385	106	239	15	18	133	0.1353384
NODE_337502_length_619_cov_3.790385	106	239	16	41	133	0.3082707
NODE_3377_length_10650_cov_5.045778	4095	4228	12	10	133	0.0751880
NODE_3377_length_10650_cov_5.045778	4095	4228	14	1	133	0.0075188
NODE_3377_length_10650_cov_5.045778	4095	4228	16	1	133	0.0075188
NODE_3377_length_10650_cov_5.045778	4095	4228	18	3	133	0.0225564
NODE_3377_length_10650_cov_5.045778	4095	4228	19	2	133	0.0150376
NODE_3377_length_10650_cov_5.045778	4095	4228	20	1	133	0.0075188
NODE_3377_length_10650_cov_5.045778	4095	4228	21	3	133	0.0225564
NODE_3377_length_10650_cov_5.045778	4095	4228	22	6	133	0.0451128
NODE_3377_length_10650_cov_5.045778	4095	4228	23	11	133	0.0827068
NODE_3377_length_10650_cov_5.045778	4095	4228	25	3	133	0.0225564
NODE_3377_length_10650_cov_5.045778	4095	4228	26	5	133	0.0375940
NODE_3377_length_10650_cov_5.045778	4095	4228	28	4	133	0.0300752
NODE_3377_length_10650_cov_5.045778	4095	4228	29	3	133	0.0225564
NODE_3377_length_10650_cov_5.045778	4095	4228	31	5	133	0.0375940
NODE_3377_length_10650_cov_5.045778	4095	4228	32	10	133	0.0751880
NODE_3377_length_10650_cov_5.045778	4095	4228	33	12	133	0.0902256
NODE_3377_length_10650_cov_5.045778	4095	4228	34	31	133	0.2330827
NODE_3377_length_10650_cov_5.045778	4095	4228	35	12	133	0.0902256
NODE_3377_length_10650_cov_5.045778	4095	4228	36	3	133	0.0225564
NODE_3377_length_10650_cov_5.045778	4095	4228	37	4	133	0.0300752
NODE_3377_length_10650_cov_5.045778	4095	4228	38	1	133	0.0075188
NODE_3377_length_10650_cov_5.045778	4095	4228	39	2	133	0.0150376
NODE_337834_length_618_cov_3.302505	275	408	2	11	133	0.0827068
NODE_337834_length_618_cov_3.302505	275	408	3	3	133	0.0225564
NODE_337834_length_618_cov_3.302505	275	408	4	1	133	0.0075188
NODE_337834_length_618_cov_3.302505	275	408	5	10	133	0.0751880
NODE_337834_length_618_cov_3.302505	275	408	6	10	133	0.0751880
NODE_337834_length_618_cov_3.302505	275	408	7	1	133	0.0075188
NODE_337834_length_618_cov_3.302505	275	408	8	47	133	0.3533835
NODE_337834_length_618_cov_3.302505	275	408	9	50	133	0.3759398
NODE_33803_length_4327_cov_4.072848	1746	1879	2	57	133	0.4285714
NODE_33803_length_4327_cov_4.072848	1746	1879	3	38	133	0.2857143
NODE_33803_length_4327_cov_4.072848	1746	1879	4	38	133	0.2857143
NODE_33832_length_4325_cov_5.165878	3050	3183	1	17	133	0.1278196
NODE_33832_length_4325_cov_5.165878	3050	3183	2	9	133	0.0676692
NODE_33832_length_4325_cov_5.165878	3050	3183	3	11	133	0.0827068
NODE_33832_length_4325_cov_5.165878	3050	3183	4	25	133	0.1879699
NODE_33832_length_4325_cov_5.165878	3050	3183	5	11	133	0.0827068
NODE_33832_length_4325_cov_5.165878	3050	3183	6	36	133	0.2706767
NODE_33832_length_4325_cov_5.165878	3050	3183	7	5	133	0.0375940
NODE_33832_length_4325_cov_5.165878	3050	3183	8	19	133	0.1428571
NODE_3384_length_10646_cov_4.307576	5496	5629	4	18	133	0.1353384
NODE_3384_length_10646_cov_4.307576	5496	5629	5	35	133	0.2631579
NODE_3384_length_10646_cov_4.307576	5496	5629	6	6	133	0.0451128
NODE_3384_length_10646_cov_4.307576	5496	5629	7	6	133	0.0451128
NODE_3384_length_10646_cov_4.307576	5496	5629	8	68	133	0.5112782
NODE_338660_length_615_cov_5.831395	105	238	0	19	133	0.1428571
NODE_338660_length_615_cov_5.831395	105	238	2	11	133	0.0827068
NODE_338660_length_615_cov_5.831395	105	238	3	60	133	0.4511278
NODE_338660_length_615_cov_5.831395	105	238	4	43	133	0.3233083
NODE_338695_length_615_cov_4.104651	272	405	4	7	133	0.0526316
NODE_338695_length_615_cov_4.104651	272	405	6	3	133	0.0225564
NODE_338695_length_615_cov_4.104651	272	405	7	35	133	0.2631579
NODE_338695_length_615_cov_4.104651	272	405	8	11	133	0.0827068
NODE_338695_length_615_cov_4.104651	272	405	9	3	133	0.0225564
NODE_338695_length_615_cov_4.104651	272	405	11	8	133	0.0601504
NODE_338695_length_615_cov_4.104651	272	405	12	1	133	0.0075188
NODE_338695_length_615_cov_4.104651	272	405	13	18	133	0.1353384
NODE_338695_length_615_cov_4.104651	272	405	15	15	133	0.1127820
NODE_338695_length_615_cov_4.104651	272	405	16	2	133	0.0150376
NODE_338695_length_615_cov_4.104651	272	405	17	3	133	0.0225564
NODE_338695_length_615_cov_4.104651	272	405	19	21	133	0.1578947
NODE_338695_length_615_cov_4.104651	272	405	21	6	133	0.0451128
NODE_33871_length_4323_cov_3.563920	3731	3864	10	1	133	0.0075188
NODE_33871_length_4323_cov_3.563920	3731	3864	11	1	133	0.0075188
NODE_33871_length_4323_cov_3.563920	3731	3864	12	12	133	0.0902256
NODE_33871_length_4323_cov_3.563920	3731	3864	13	5	133	0.0375940
NODE_33871_length_4323_cov_3.563920	3731	3864	14	2	133	0.0150376
NODE_33871_length_4323_cov_3.563920	3731	3864	15	13	133	0.0977444
NODE_33871_length_4323_cov_3.563920	3731	3864	16	18	133	0.1353384
NODE_33871_length_4323_cov_3.563920	3731	3864	17	18	133	0.1353384
NODE_33871_length_4323_cov_3.563920	3731	3864	18	18	133	0.1353384
NODE_33871_length_4323_cov_3.563920	3731	3864	19	22	133	0.1654135
NODE_33871_length_4323_cov_3.563920	3731	3864	20	22	133	0.1654135
NODE_33871_length_4323_cov_3.563920	3731	3864	21	1	133	0.0075188
NODE_33907_length_4321_cov_3.404784	2381	2514	12	13	133	0.0977444
NODE_33907_length_4321_cov_3.404784	2381	2514	13	17	133	0.1278196
NODE_33907_length_4321_cov_3.404784	2381	2514	14	28	133	0.2105263
NODE_33907_length_4321_cov_3.404784	2381	2514	15	45	133	0.3383459
NODE_33907_length_4321_cov_3.404784	2381	2514	16	11	133	0.0827068
NODE_33907_length_4321_cov_3.404784	2381	2514	17	19	133	0.1428571
NODE_33914_length_4320_cov_4.395641	1153	1286	1	5	133	0.0375940
NODE_33914_length_4320_cov_4.395641	1153	1286	2	14	133	0.1052632
NODE_33914_length_4320_cov_4.395641	1153	1286	3	54	133	0.4060150
NODE_33914_length_4320_cov_4.395641	1153	1286	4	1	133	0.0075188
NODE_33914_length_4320_cov_4.395641	1153	1286	5	10	133	0.0751880
NODE_33914_length_4320_cov_4.395641	1153	1286	6	49	133	0.3684210
NODE_339377_length_613_cov_3.274319	126	259	2	25	133	0.1879699
NODE_339377_length_613_cov_3.274319	126	259	3	2	133	0.0150376
NODE_339377_length_613_cov_3.274319	126	259	5	11	133	0.0827068
NODE_339377_length_613_cov_3.274319	126	259	7	11	133	0.0827068
NODE_339377_length_613_cov_3.274319	126	259	8	6	133	0.0451128
NODE_339377_length_613_cov_3.274319	126	259	9	21	133	0.1578947
NODE_339377_length_613_cov_3.274319	126	259	10	39	133	0.2932331
NODE_339377_length_613_cov_3.274319	126	259	11	18	133	0.1353384
NODE_3394_length_10639_cov_5.246015	1213	1346	17	11	133	0.0827068
NODE_3394_length_10639_cov_5.246015	1213	1346	18	2	133	0.0150376
NODE_3394_length_10639_cov_5.246015	1213	1346	19	2	133	0.0150376
NODE_3394_length_10639_cov_5.246015	1213	1346	20	3	133	0.0225564
NODE_3394_length_10639_cov_5.246015	1213	1346	22	9	133	0.0676692
NODE_3394_length_10639_cov_5.246015	1213	1346	23	9	133	0.0676692
NODE_3394_length_10639_cov_5.246015	1213	1346	24	10	133	0.0751880
NODE_3394_length_10639_cov_5.246015	1213	1346	25	15	133	0.1127820
NODE_3394_length_10639_cov_5.246015	1213	1346	26	37	133	0.2781955
NODE_3394_length_10639_cov_5.246015	1213	1346	27	11	133	0.0827068
NODE_3394_length_10639_cov_5.246015	1213	1346	28	22	133	0.1654135
NODE_3394_length_10639_cov_5.246015	1213	1346	29	2	133	0.0150376
NODE_3397_length_10636_cov_3.964696	7740	7873	7	7	133	0.0526316
NODE_3397_length_10636_cov_3.964696	7740	7873	8	2	133	0.0150376
NODE_3397_length_10636_cov_3.964696	7740	7873	9	20	133	0.1503759
NODE_3397_length_10636_cov_3.964696	7740	7873	10	10	133	0.0751880
NODE_3397_length_10636_cov_3.964696	7740	7873	11	21	133	0.1578947
NODE_3397_length_10636_cov_3.964696	7740	7873	12	24	133	0.1804511
NODE_3397_length_10636_cov_3.964696	7740	7873	13	19	133	0.1428571
NODE_3397_length_10636_cov_3.964696	7740	7873	14	4	133	0.0300752
NODE_3397_length_10636_cov_3.964696	7740	7873	15	23	133	0.1729323
NODE_3397_length_10636_cov_3.964696	7740	7873	16	3	133	0.0225564
NODE_33981_length_4315_cov_4.865275	336	469	18	2	133	0.0150376
NODE_33981_length_4315_cov_4.865275	336	469	19	9	133	0.0676692
NODE_33981_length_4315_cov_4.865275	336	469	20	6	133	0.0451128
NODE_33981_length_4315_cov_4.865275	336	469	22	11	133	0.0827068
NODE_33981_length_4315_cov_4.865275	336	469	23	1	133	0.0075188
NODE_33981_length_4315_cov_4.865275	336	469	24	10	133	0.0751880
NODE_33981_length_4315_cov_4.865275	336	469	25	8	133	0.0601504
NODE_33981_length_4315_cov_4.865275	336	469	26	13	133	0.0977444
NODE_33981_length_4315_cov_4.865275	336	469	27	32	133	0.2406015
NODE_33981_length_4315_cov_4.865275	336	469	28	39	133	0.2932331
NODE_33981_length_4315_cov_4.865275	336	469	29	2	133	0.0150376
NODE_34018_length_4313_cov_3.812292	3850	3983	5	23	133	0.1729323
NODE_34018_length_4313_cov_3.812292	3850	3983	6	26	133	0.1954887
NODE_34018_length_4313_cov_3.812292	3850	3983	7	59	133	0.4436090
NODE_34018_length_4313_cov_3.812292	3850	3983	8	25	133	0.1879699
NODE_340244_length_610_cov_3.385519	121	254	7	9	133	0.0676692
NODE_340244_length_610_cov_3.385519	121	254	8	5	133	0.0375940
NODE_340244_length_610_cov_3.385519	121	254	9	32	133	0.2406015
NODE_340244_length_610_cov_3.385519	121	254	10	9	133	0.0676692
NODE_340244_length_610_cov_3.385519	121	254	11	45	133	0.3383459
NODE_340244_length_610_cov_3.385519	121	254	12	33	133	0.2481203
NODE_340294_length_610_cov_2.900196	277	410	5	6	133	0.0451128
NODE_340294_length_610_cov_2.900196	277	410	6	15	133	0.1127820
NODE_340294_length_610_cov_2.900196	277	410	7	33	133	0.2481203
NODE_340294_length_610_cov_2.900196	277	410	8	4	133	0.0300752
NODE_340294_length_610_cov_2.900196	277	410	9	3	133	0.0225564
NODE_340294_length_610_cov_2.900196	277	410	10	9	133	0.0676692
NODE_340294_length_610_cov_2.900196	277	410	11	52	133	0.3909774
NODE_340294_length_610_cov_2.900196	277	410	12	11	133	0.0827068
NODE_340331_length_610_cov_2.690802	137	270	7	9	133	0.0676692
NODE_340331_length_610_cov_2.690802	137	270	8	4	133	0.0300752
NODE_340331_length_610_cov_2.690802	137	270	9	15	133	0.1127820
NODE_340331_length_610_cov_2.690802	137	270	10	5	133	0.0375940
NODE_340331_length_610_cov_2.690802	137	270	12	32	133	0.2406015
NODE_340331_length_610_cov_2.690802	137	270	14	19	133	0.1428571
NODE_340331_length_610_cov_2.690802	137	270	15	5	133	0.0375940
NODE_340331_length_610_cov_2.690802	137	270	16	18	133	0.1353384
NODE_340331_length_610_cov_2.690802	137	270	17	9	133	0.0676692
NODE_340331_length_610_cov_2.690802	137	270	18	17	133	0.1278196
NODE_34038_length_4312_cov_3.829338	2752	2885	9	34	133	0.2556391
NODE_34038_length_4312_cov_3.829338	2752	2885	10	41	133	0.3082707
NODE_34038_length_4312_cov_3.829338	2752	2885	12	6	133	0.0451128
NODE_34038_length_4312_cov_3.829338	2752	2885	13	27	133	0.2030075
NODE_34038_length_4312_cov_3.829338	2752	2885	14	25	133	0.1879699
NODE_34074_length_4309_cov_4.638242	766	899	3	19	133	0.1428571
NODE_34074_length_4309_cov_4.638242	766	899	4	6	133	0.0451128
NODE_34074_length_4309_cov_4.638242	766	899	5	9	133	0.0676692
NODE_34074_length_4309_cov_4.638242	766	899	6	12	133	0.0902256
NODE_34074_length_4309_cov_4.638242	766	899	7	87	133	0.6541353
NODE_340811_length_608_cov_56.819253	53	186	45	9	133	0.0676692
NODE_340811_length_608_cov_56.819253	53	186	46	7	133	0.0526316
NODE_340811_length_608_cov_56.819253	53	186	47	2	133	0.0150376
NODE_340811_length_608_cov_56.819253	53	186	48	3	133	0.0225564
NODE_340811_length_608_cov_56.819253	53	186	49	1	133	0.0075188
NODE_340811_length_608_cov_56.819253	53	186	50	2	133	0.0150376
NODE_340811_length_608_cov_56.819253	53	186	51	2	133	0.0150376
NODE_340811_length_608_cov_56.819253	53	186	52	11	133	0.0827068
NODE_340811_length_608_cov_56.819253	53	186	53	2	133	0.0150376
NODE_340811_length_608_cov_56.819253	53	186	54	7	133	0.0526316
NODE_340811_length_608_cov_56.819253	53	186	55	7	133	0.0526316
NODE_340811_length_608_cov_56.819253	53	186	56	9	133	0.0676692
NODE_340811_length_608_cov_56.819253	53	186	57	4	133	0.0300752
NODE_340811_length_608_cov_56.819253	53	186	58	5	133	0.0375940
NODE_340811_length_608_cov_56.819253	53	186	59	1	133	0.0075188
NODE_340811_length_608_cov_56.819253	53	186	60	9	133	0.0676692
NODE_340811_length_608_cov_56.819253	53	186	61	4	133	0.0300752
NODE_340811_length_608_cov_56.819253	53	186	62	1	133	0.0075188
NODE_340811_length_608_cov_56.819253	53	186	63	6	133	0.0451128
NODE_340811_length_608_cov_56.819253	53	186	64	12	133	0.0902256
NODE_340811_length_608_cov_56.819253	53	186	65	6	133	0.0451128
NODE_340811_length_608_cov_56.819253	53	186	66	6	133	0.0451128
NODE_340811_length_608_cov_56.819253	53	186	67	8	133	0.0601504
NODE_340811_length_608_cov_56.819253	53	186	68	8	133	0.0601504
NODE_340811_length_608_cov_56.819253	53	186	69	1	133	0.0075188
NODE_34099_length_4307_cov_4.624762	1552	1685	5	1	133	0.0075188
NODE_34099_length_4307_cov_4.624762	1552	1685	6	9	133	0.0676692
NODE_34099_length_4307_cov_4.624762	1552	1685	7	14	133	0.1052632
NODE_34099_length_4307_cov_4.624762	1552	1685	8	8	133	0.0601504
NODE_34099_length_4307_cov_4.624762	1552	1685	9	4	133	0.0300752
NODE_34099_length_4307_cov_4.624762	1552	1685	11	13	133	0.0977444
NODE_34099_length_4307_cov_4.624762	1552	1685	12	3	133	0.0225564
NODE_34099_length_4307_cov_4.624762	1552	1685	14	14	133	0.1052632
NODE_34099_length_4307_cov_4.624762	1552	1685	15	49	133	0.3684210
NODE_34099_length_4307_cov_4.624762	1552	1685	16	18	133	0.1353384
NODE_340_length_19435_cov_4.426665	2576	2709	17	2	133	0.0150376
NODE_340_length_19435_cov_4.426665	2576	2709	19	10	133	0.0751880
NODE_340_length_19435_cov_4.426665	2576	2709	21	1	133	0.0075188
NODE_340_length_19435_cov_4.426665	2576	2709	22	2	133	0.0150376
NODE_340_length_19435_cov_4.426665	2576	2709	23	9	133	0.0676692
NODE_340_length_19435_cov_4.426665	2576	2709	24	8	133	0.0601504
NODE_340_length_19435_cov_4.426665	2576	2709	25	26	133	0.1954887
NODE_340_length_19435_cov_4.426665	2576	2709	26	18	133	0.1353384
NODE_340_length_19435_cov_4.426665	2576	2709	27	12	133	0.0902256
NODE_340_length_19435_cov_4.426665	2576	2709	28	4	133	0.0300752
NODE_340_length_19435_cov_4.426665	2576	2709	29	9	133	0.0676692
NODE_340_length_19435_cov_4.426665	2576	2709	30	29	133	0.2180451
NODE_340_length_19435_cov_4.426665	2576	2709	31	3	133	0.0225564
NODE_34100_length_4307_cov_4.612167	2142	2275	14	6	133	0.0451128
NODE_34100_length_4307_cov_4.612167	2142	2275	15	15	133	0.1127820
NODE_34100_length_4307_cov_4.612167	2142	2275	16	13	133	0.0977444
NODE_34100_length_4307_cov_4.612167	2142	2275	17	39	133	0.2932331
NODE_34100_length_4307_cov_4.612167	2142	2275	18	34	133	0.2556391
NODE_34100_length_4307_cov_4.612167	2142	2275	19	26	133	0.1954887
NODE_341034_length_608_cov_2.178782	144	277	0	133	133	1.0000000
NODE_34105_length_4307_cov_4.039686	1675	1808	16	4	133	0.0300752
NODE_34105_length_4307_cov_4.039686	1675	1808	17	12	133	0.0902256
NODE_34105_length_4307_cov_4.039686	1675	1808	18	5	133	0.0375940
NODE_34105_length_4307_cov_4.039686	1675	1808	19	29	133	0.2180451
NODE_34105_length_4307_cov_4.039686	1675	1808	21	23	133	0.1729323
NODE_34105_length_4307_cov_4.039686	1675	1808	22	5	133	0.0375940
NODE_34105_length_4307_cov_4.039686	1675	1808	23	2	133	0.0150376
NODE_34105_length_4307_cov_4.039686	1675	1808	24	6	133	0.0451128
NODE_34105_length_4307_cov_4.039686	1675	1808	25	22	133	0.1654135
NODE_34105_length_4307_cov_4.039686	1675	1808	26	3	133	0.0225564
NODE_34105_length_4307_cov_4.039686	1675	1808	27	5	133	0.0375940
NODE_34105_length_4307_cov_4.039686	1675	1808	28	6	133	0.0451128
NODE_34105_length_4307_cov_4.039686	1675	1808	29	11	133	0.0827068
NODE_3411_length_10630_cov_5.315260	3565	3698	4	7	133	0.0526316
NODE_3411_length_10630_cov_5.315260	3565	3698	5	21	133	0.1578947
NODE_3411_length_10630_cov_5.315260	3565	3698	6	34	133	0.2556391
NODE_3411_length_10630_cov_5.315260	3565	3698	7	51	133	0.3834586
NODE_3411_length_10630_cov_5.315260	3565	3698	8	20	133	0.1503759
NODE_34132_length_4305_cov_4.594627	846	979	23	4	133	0.0300752
NODE_34132_length_4305_cov_4.594627	846	979	24	5	133	0.0375940
NODE_34132_length_4305_cov_4.594627	846	979	25	3	133	0.0225564
NODE_34132_length_4305_cov_4.594627	846	979	26	1	133	0.0075188
NODE_34132_length_4305_cov_4.594627	846	979	27	1	133	0.0075188
NODE_34132_length_4305_cov_4.594627	846	979	28	6	133	0.0451128
NODE_34132_length_4305_cov_4.594627	846	979	29	17	133	0.1278196
NODE_34132_length_4305_cov_4.594627	846	979	30	11	133	0.0827068
NODE_34132_length_4305_cov_4.594627	846	979	31	8	133	0.0601504
NODE_34132_length_4305_cov_4.594627	846	979	32	15	133	0.1127820
NODE_34132_length_4305_cov_4.594627	846	979	33	14	133	0.1052632
NODE_34132_length_4305_cov_4.594627	846	979	34	16	133	0.1203008
NODE_34132_length_4305_cov_4.594627	846	979	35	9	133	0.0676692
NODE_34132_length_4305_cov_4.594627	846	979	36	7	133	0.0526316
NODE_34132_length_4305_cov_4.594627	846	979	37	6	133	0.0451128
NODE_34132_length_4305_cov_4.594627	846	979	38	10	133	0.0751880
NODE_34133_length_4305_cov_4.511650	3282	3415	22	8	133	0.0601504
NODE_34133_length_4305_cov_4.511650	3282	3415	23	6	133	0.0451128
NODE_34133_length_4305_cov_4.511650	3282	3415	25	5	133	0.0375940
NODE_34133_length_4305_cov_4.511650	3282	3415	26	19	133	0.1428571
NODE_34133_length_4305_cov_4.511650	3282	3415	27	7	133	0.0526316
NODE_34133_length_4305_cov_4.511650	3282	3415	28	14	133	0.1052632
NODE_34133_length_4305_cov_4.511650	3282	3415	29	6	133	0.0451128
NODE_34133_length_4305_cov_4.511650	3282	3415	30	3	133	0.0225564
NODE_34133_length_4305_cov_4.511650	3282	3415	31	4	133	0.0300752
NODE_34133_length_4305_cov_4.511650	3282	3415	32	9	133	0.0676692
NODE_34133_length_4305_cov_4.511650	3282	3415	33	1	133	0.0075188
NODE_34133_length_4305_cov_4.511650	3282	3415	34	2	133	0.0150376
NODE_34133_length_4305_cov_4.511650	3282	3415	35	23	133	0.1729323
NODE_34133_length_4305_cov_4.511650	3282	3415	36	8	133	0.0601504
NODE_34133_length_4305_cov_4.511650	3282	3415	37	7	133	0.0526316
NODE_34133_length_4305_cov_4.511650	3282	3415	38	7	133	0.0526316
NODE_34133_length_4305_cov_4.511650	3282	3415	39	3	133	0.0225564
NODE_34133_length_4305_cov_4.511650	3282	3415	41	1	133	0.0075188
NODE_34158_length_4304_cov_3.646373	2406	2539	2	59	133	0.4436090
NODE_34158_length_4304_cov_3.646373	2406	2539	3	74	133	0.5563910
NODE_34168_length_4303_cov_4.943387	3134	3267	26	4	133	0.0300752
NODE_34168_length_4303_cov_4.943387	3134	3267	28	10	133	0.0751880
NODE_34168_length_4303_cov_4.943387	3134	3267	30	1	133	0.0075188
NODE_34168_length_4303_cov_4.943387	3134	3267	31	2	133	0.0150376
NODE_34168_length_4303_cov_4.943387	3134	3267	32	5	133	0.0375940
NODE_34168_length_4303_cov_4.943387	3134	3267	33	6	133	0.0451128
NODE_34168_length_4303_cov_4.943387	3134	3267	34	25	133	0.1879699
NODE_34168_length_4303_cov_4.943387	3134	3267	35	10	133	0.0751880
NODE_34168_length_4303_cov_4.943387	3134	3267	36	14	133	0.1052632
NODE_34168_length_4303_cov_4.943387	3134	3267	37	8	133	0.0601504
NODE_34168_length_4303_cov_4.943387	3134	3267	38	10	133	0.0751880
NODE_34168_length_4303_cov_4.943387	3134	3267	39	6	133	0.0451128
NODE_34168_length_4303_cov_4.943387	3134	3267	40	6	133	0.0451128
NODE_34168_length_4303_cov_4.943387	3134	3267	41	8	133	0.0601504
NODE_34168_length_4303_cov_4.943387	3134	3267	42	17	133	0.1278196
NODE_34168_length_4303_cov_4.943387	3134	3267	43	1	133	0.0075188
NODE_34174_length_4303_cov_4.260466	2998	3131	0	115	133	0.8646616
NODE_34174_length_4303_cov_4.260466	2998	3131	1	18	133	0.1353384
NODE_34197_length_4302_cov_2.910778	585	718	0	20	133	0.1503759
NODE_34197_length_4302_cov_2.910778	585	718	1	85	133	0.6390978
NODE_34197_length_4302_cov_2.910778	585	718	2	28	133	0.2105263
NODE_34208_length_4301_cov_4.223941	2906	3039	4	9	133	0.0676692
NODE_34208_length_4301_cov_4.223941	2906	3039	5	19	133	0.1428571
NODE_34208_length_4301_cov_4.223941	2906	3039	6	11	133	0.0827068
NODE_34208_length_4301_cov_4.223941	2906	3039	7	1	133	0.0075188
NODE_34208_length_4301_cov_4.223941	2906	3039	8	26	133	0.1954887
NODE_34208_length_4301_cov_4.223941	2906	3039	9	37	133	0.2781955
NODE_34208_length_4301_cov_4.223941	2906	3039	10	30	133	0.2255639
NODE_342498_length_603_cov_2.468254	495	628	0	25	133	0.1879699
NODE_342498_length_603_cov_2.468254	495	628	2	84	133	0.6315789
NODE_342498_length_603_cov_2.468254	495	628	3	24	133	0.1804511
NODE_342531_length_603_cov_2.269841	328	461	3	40	133	0.3007519
NODE_342531_length_603_cov_2.269841	328	461	4	15	133	0.1127820
NODE_342531_length_603_cov_2.269841	328	461	5	41	133	0.3082707
NODE_342531_length_603_cov_2.269841	328	461	6	37	133	0.2781955
NODE_34264_length_4297_cov_4.853978	372	505	5	16	133	0.1203008
NODE_34264_length_4297_cov_4.853978	372	505	6	12	133	0.0902256
NODE_34264_length_4297_cov_4.853978	372	505	7	7	133	0.0526316
NODE_34264_length_4297_cov_4.853978	372	505	8	10	133	0.0751880
NODE_34264_length_4297_cov_4.853978	372	505	10	5	133	0.0375940
NODE_34264_length_4297_cov_4.853978	372	505	11	26	133	0.1954887
NODE_34264_length_4297_cov_4.853978	372	505	12	31	133	0.2330827
NODE_34264_length_4297_cov_4.853978	372	505	13	7	133	0.0526316
NODE_34264_length_4297_cov_4.853978	372	505	14	15	133	0.1127820
NODE_34264_length_4297_cov_4.853978	372	505	15	4	133	0.0300752
NODE_34283_length_4296_cov_4.382654	3096	3229	16	7	133	0.0526316
NODE_34283_length_4296_cov_4.382654	3096	3229	18	2	133	0.0150376
NODE_34283_length_4296_cov_4.382654	3096	3229	19	19	133	0.1428571
NODE_34283_length_4296_cov_4.382654	3096	3229	20	6	133	0.0451128
NODE_34283_length_4296_cov_4.382654	3096	3229	21	5	133	0.0375940
NODE_34283_length_4296_cov_4.382654	3096	3229	24	2	133	0.0150376
NODE_34283_length_4296_cov_4.382654	3096	3229	25	1	133	0.0075188
NODE_34283_length_4296_cov_4.382654	3096	3229	26	1	133	0.0075188
NODE_34283_length_4296_cov_4.382654	3096	3229	27	3	133	0.0225564
NODE_34283_length_4296_cov_4.382654	3096	3229	28	6	133	0.0451128
NODE_34283_length_4296_cov_4.382654	3096	3229	29	3	133	0.0225564
NODE_34283_length_4296_cov_4.382654	3096	3229	30	2	133	0.0150376
NODE_34283_length_4296_cov_4.382654	3096	3229	31	1	133	0.0075188
NODE_34283_length_4296_cov_4.382654	3096	3229	34	21	133	0.1578947
NODE_34283_length_4296_cov_4.382654	3096	3229	35	25	133	0.1879699
NODE_34283_length_4296_cov_4.382654	3096	3229	36	20	133	0.1503759
NODE_34283_length_4296_cov_4.382654	3096	3229	37	9	133	0.0676692
NODE_34285_length_4296_cov_4.035025	1063	1196	6	17	133	0.1278196
NODE_34285_length_4296_cov_4.035025	1063	1196	7	7	133	0.0526316
NODE_34285_length_4296_cov_4.035025	1063	1196	9	2	133	0.0150376
NODE_34285_length_4296_cov_4.035025	1063	1196	10	1	133	0.0075188
NODE_34285_length_4296_cov_4.035025	1063	1196	11	18	133	0.1353384
NODE_34285_length_4296_cov_4.035025	1063	1196	12	23	133	0.1729323
NODE_34285_length_4296_cov_4.035025	1063	1196	13	38	133	0.2857143
NODE_34285_length_4296_cov_4.035025	1063	1196	14	7	133	0.0526316
NODE_34285_length_4296_cov_4.035025	1063	1196	15	20	133	0.1503759
NODE_342921_length_601_cov_5.298805	120	253	5	9	133	0.0676692
NODE_342921_length_601_cov_5.298805	120	253	6	20	133	0.1503759
NODE_342921_length_601_cov_5.298805	120	253	7	33	133	0.2481203
NODE_342921_length_601_cov_5.298805	120	253	8	10	133	0.0751880
NODE_342921_length_601_cov_5.298805	120	253	9	36	133	0.2706767
NODE_342921_length_601_cov_5.298805	120	253	10	7	133	0.0526316
NODE_342921_length_601_cov_5.298805	120	253	11	18	133	0.1353384
NODE_342989_length_601_cov_3.444223	431	564	2	4	133	0.0300752
NODE_342989_length_601_cov_3.444223	431	564	3	16	133	0.1203008
NODE_342989_length_601_cov_3.444223	431	564	4	9	133	0.0676692
NODE_342989_length_601_cov_3.444223	431	564	5	35	133	0.2631579
NODE_342989_length_601_cov_3.444223	431	564	6	3	133	0.0225564
NODE_342989_length_601_cov_3.444223	431	564	7	6	133	0.0451128
NODE_342989_length_601_cov_3.444223	431	564	8	31	133	0.2330827
NODE_342989_length_601_cov_3.444223	431	564	9	11	133	0.0827068
NODE_342989_length_601_cov_3.444223	431	564	10	18	133	0.1353384
NODE_343036_length_601_cov_2.808765	401	534	5	2	133	0.0150376
NODE_343036_length_601_cov_2.808765	401	534	6	11	133	0.0827068
NODE_343036_length_601_cov_2.808765	401	534	7	3	133	0.0225564
NODE_343036_length_601_cov_2.808765	401	534	8	18	133	0.1353384
NODE_343036_length_601_cov_2.808765	401	534	9	50	133	0.3759398
NODE_343036_length_601_cov_2.808765	401	534	10	31	133	0.2330827
NODE_343036_length_601_cov_2.808765	401	534	11	9	133	0.0676692
NODE_343036_length_601_cov_2.808765	401	534	12	9	133	0.0676692
NODE_34310_length_4294_cov_4.692014	3242	3375	8	17	133	0.1278196
NODE_34310_length_4294_cov_4.692014	3242	3375	9	24	133	0.1804511
NODE_34310_length_4294_cov_4.692014	3242	3375	10	2	133	0.0150376
NODE_34310_length_4294_cov_4.692014	3242	3375	11	15	133	0.1127820
NODE_34310_length_4294_cov_4.692014	3242	3375	12	32	133	0.2406015
NODE_34310_length_4294_cov_4.692014	3242	3375	13	31	133	0.2330827
NODE_34310_length_4294_cov_4.692014	3242	3375	14	12	133	0.0902256
NODE_3431_length_10608_cov_4.770007	2505	2638	12	20	133	0.1503759
NODE_3431_length_10608_cov_4.770007	2505	2638	13	28	133	0.2105263
NODE_3431_length_10608_cov_4.770007	2505	2638	14	15	133	0.1127820
NODE_3431_length_10608_cov_4.770007	2505	2638	15	3	133	0.0225564
NODE_3431_length_10608_cov_4.770007	2505	2638	16	7	133	0.0526316
NODE_3431_length_10608_cov_4.770007	2505	2638	17	13	133	0.0977444
NODE_3431_length_10608_cov_4.770007	2505	2638	19	10	133	0.0751880
NODE_3431_length_10608_cov_4.770007	2505	2638	20	5	133	0.0375940
NODE_3431_length_10608_cov_4.770007	2505	2638	21	30	133	0.2255639
NODE_3431_length_10608_cov_4.770007	2505	2638	22	2	133	0.0150376
NODE_343498_length_599_cov_5.412000	27	160	15	4	133	0.0300752
NODE_343498_length_599_cov_5.412000	27	160	17	4	133	0.0300752
NODE_343498_length_599_cov_5.412000	27	160	18	1	133	0.0075188
NODE_343498_length_599_cov_5.412000	27	160	19	9	133	0.0676692
NODE_343498_length_599_cov_5.412000	27	160	20	5	133	0.0375940
NODE_343498_length_599_cov_5.412000	27	160	21	15	133	0.1127820
NODE_343498_length_599_cov_5.412000	27	160	22	4	133	0.0300752
NODE_343498_length_599_cov_5.412000	27	160	24	3	133	0.0225564
NODE_343498_length_599_cov_5.412000	27	160	25	4	133	0.0300752
NODE_343498_length_599_cov_5.412000	27	160	26	6	133	0.0451128
NODE_343498_length_599_cov_5.412000	27	160	27	11	133	0.0827068
NODE_343498_length_599_cov_5.412000	27	160	28	11	133	0.0827068
NODE_343498_length_599_cov_5.412000	27	160	29	4	133	0.0300752
NODE_343498_length_599_cov_5.412000	27	160	30	11	133	0.0827068
NODE_343498_length_599_cov_5.412000	27	160	31	33	133	0.2481203
NODE_343498_length_599_cov_5.412000	27	160	32	8	133	0.0601504
NODE_3435_length_10600_cov_4.511666	7449	7582	5	3	133	0.0225564
NODE_3435_length_10600_cov_4.511666	7449	7582	7	22	133	0.1654135
NODE_3435_length_10600_cov_4.511666	7449	7582	8	5	133	0.0375940
NODE_3435_length_10600_cov_4.511666	7449	7582	9	28	133	0.2105263
NODE_3435_length_10600_cov_4.511666	7449	7582	10	19	133	0.1428571
NODE_3435_length_10600_cov_4.511666	7449	7582	11	56	133	0.4210526
NODE_34414_length_4287_cov_4.729465	3776	3909	2	133	133	1.0000000
NODE_3442_length_10590_cov_4.633209	4438	4571	9	17	133	0.1278196
NODE_3442_length_10590_cov_4.633209	4438	4571	10	4	133	0.0300752
NODE_3442_length_10590_cov_4.633209	4438	4571	12	7	133	0.0526316
NODE_3442_length_10590_cov_4.633209	4438	4571	13	20	133	0.1503759
NODE_3442_length_10590_cov_4.633209	4438	4571	15	8	133	0.0601504
NODE_3442_length_10590_cov_4.633209	4438	4571	16	6	133	0.0451128
NODE_3442_length_10590_cov_4.633209	4438	4571	17	25	133	0.1879699
NODE_3442_length_10590_cov_4.633209	4438	4571	18	33	133	0.2481203
NODE_3442_length_10590_cov_4.633209	4438	4571	19	8	133	0.0601504
NODE_3442_length_10590_cov_4.633209	4438	4571	20	5	133	0.0375940
NODE_34435_length_4286_cov_5.188918	255	388	9	7	133	0.0526316
NODE_34435_length_4286_cov_5.188918	255	388	10	1	133	0.0075188
NODE_34435_length_4286_cov_5.188918	255	388	12	1	133	0.0075188
NODE_34435_length_4286_cov_5.188918	255	388	13	1	133	0.0075188
NODE_34435_length_4286_cov_5.188918	255	388	15	2	133	0.0150376
NODE_34435_length_4286_cov_5.188918	255	388	18	17	133	0.1278196
NODE_34435_length_4286_cov_5.188918	255	388	19	6	133	0.0451128
NODE_34435_length_4286_cov_5.188918	255	388	20	3	133	0.0225564
NODE_34435_length_4286_cov_5.188918	255	388	22	12	133	0.0902256
NODE_34435_length_4286_cov_5.188918	255	388	23	22	133	0.1654135
NODE_34435_length_4286_cov_5.188918	255	388	24	3	133	0.0225564
NODE_34435_length_4286_cov_5.188918	255	388	26	8	133	0.0601504
NODE_34435_length_4286_cov_5.188918	255	388	27	9	133	0.0676692
NODE_34435_length_4286_cov_5.188918	255	388	28	30	133	0.2255639
NODE_34435_length_4286_cov_5.188918	255	388	29	4	133	0.0300752
NODE_34435_length_4286_cov_5.188918	255	388	30	7	133	0.0526316
NODE_34449_length_4286_cov_3.850490	2389	2522	10	13	133	0.0977444
NODE_34449_length_4286_cov_3.850490	2389	2522	11	10	133	0.0751880
NODE_34449_length_4286_cov_3.850490	2389	2522	12	1	133	0.0075188
NODE_34449_length_4286_cov_3.850490	2389	2522	13	2	133	0.0150376
NODE_34449_length_4286_cov_3.850490	2389	2522	14	4	133	0.0300752
NODE_34449_length_4286_cov_3.850490	2389	2522	16	11	133	0.0827068
NODE_34449_length_4286_cov_3.850490	2389	2522	17	19	133	0.1428571
NODE_34449_length_4286_cov_3.850490	2389	2522	18	8	133	0.0601504
NODE_34449_length_4286_cov_3.850490	2389	2522	19	10	133	0.0751880
NODE_34449_length_4286_cov_3.850490	2389	2522	20	5	133	0.0375940
NODE_34449_length_4286_cov_3.850490	2389	2522	21	20	133	0.1503759
NODE_34449_length_4286_cov_3.850490	2389	2522	22	21	133	0.1578947
NODE_34449_length_4286_cov_3.850490	2389	2522	23	9	133	0.0676692
NODE_34522_length_4280_cov_4.735948	641	774	13	2	133	0.0150376
NODE_34522_length_4280_cov_4.735948	641	774	14	42	133	0.3157895
NODE_34522_length_4280_cov_4.735948	641	774	15	9	133	0.0676692
NODE_34522_length_4280_cov_4.735948	641	774	16	5	133	0.0375940
NODE_34522_length_4280_cov_4.735948	641	774	17	9	133	0.0676692
NODE_34522_length_4280_cov_4.735948	641	774	19	18	133	0.1353384
NODE_34522_length_4280_cov_4.735948	641	774	20	6	133	0.0451128
NODE_34522_length_4280_cov_4.735948	641	774	21	16	133	0.1203008
NODE_34522_length_4280_cov_4.735948	641	774	22	4	133	0.0300752
NODE_34522_length_4280_cov_4.735948	641	774	23	1	133	0.0075188
NODE_34522_length_4280_cov_4.735948	641	774	25	8	133	0.0601504
NODE_34522_length_4280_cov_4.735948	641	774	26	1	133	0.0075188
NODE_34522_length_4280_cov_4.735948	641	774	27	12	133	0.0902256
NODE_34529_length_4280_cov_3.875149	138	271	8	15	133	0.1127820
NODE_34529_length_4280_cov_3.875149	138	271	9	13	133	0.0977444
NODE_34529_length_4280_cov_3.875149	138	271	14	10	133	0.0751880
NODE_34529_length_4280_cov_3.875149	138	271	16	2	133	0.0150376
NODE_34529_length_4280_cov_3.875149	138	271	17	11	133	0.0827068
NODE_34529_length_4280_cov_3.875149	138	271	18	3	133	0.0225564
NODE_34529_length_4280_cov_3.875149	138	271	19	11	133	0.0827068
NODE_34529_length_4280_cov_3.875149	138	271	21	6	133	0.0451128
NODE_34529_length_4280_cov_3.875149	138	271	22	13	133	0.0977444
NODE_34529_length_4280_cov_3.875149	138	271	23	2	133	0.0150376
NODE_34529_length_4280_cov_3.875149	138	271	26	1	133	0.0075188
NODE_34529_length_4280_cov_3.875149	138	271	27	11	133	0.0827068
NODE_34529_length_4280_cov_3.875149	138	271	29	11	133	0.0827068
NODE_34529_length_4280_cov_3.875149	138	271	30	15	133	0.1127820
NODE_34529_length_4280_cov_3.875149	138	271	31	9	133	0.0676692
NODE_34583_length_4277_cov_3.948301	1984	2117	16	8	133	0.0601504
NODE_34583_length_4277_cov_3.948301	1984	2117	17	10	133	0.0751880
NODE_34583_length_4277_cov_3.948301	1984	2117	18	26	133	0.1954887
NODE_34583_length_4277_cov_3.948301	1984	2117	19	8	133	0.0601504
NODE_34583_length_4277_cov_3.948301	1984	2117	20	27	133	0.2030075
NODE_34583_length_4277_cov_3.948301	1984	2117	21	2	133	0.0150376
NODE_34583_length_4277_cov_3.948301	1984	2117	22	28	133	0.2105263
NODE_34583_length_4277_cov_3.948301	1984	2117	23	20	133	0.1503759
NODE_34583_length_4277_cov_3.948301	1984	2117	24	4	133	0.0300752
NODE_34599_length_4276_cov_3.812305	322	455	5	30	133	0.2255639
NODE_34599_length_4276_cov_3.812305	322	455	7	38	133	0.2857143
NODE_34599_length_4276_cov_3.812305	322	455	8	38	133	0.2857143
NODE_34599_length_4276_cov_3.812305	322	455	9	27	133	0.2030075
NODE_34605_length_4275_cov_5.307471	1172	1305	11	19	133	0.1428571
NODE_34605_length_4275_cov_5.307471	1172	1305	12	25	133	0.1879699
NODE_34605_length_4275_cov_5.307471	1172	1305	13	16	133	0.1203008
NODE_34605_length_4275_cov_5.307471	1172	1305	14	8	133	0.0601504
NODE_34605_length_4275_cov_5.307471	1172	1305	15	15	133	0.1127820
NODE_34605_length_4275_cov_5.307471	1172	1305	16	19	133	0.1428571
NODE_34605_length_4275_cov_5.307471	1172	1305	17	15	133	0.1127820
NODE_34605_length_4275_cov_5.307471	1172	1305	18	5	133	0.0375940
NODE_34605_length_4275_cov_5.307471	1172	1305	19	11	133	0.0827068
NODE_346119_length_591_cov_3.739837	229	362	8	13	133	0.0977444
NODE_346119_length_591_cov_3.739837	229	362	10	1	133	0.0075188
NODE_346119_length_591_cov_3.739837	229	362	11	1	133	0.0075188
NODE_346119_length_591_cov_3.739837	229	362	12	14	133	0.1052632
NODE_346119_length_591_cov_3.739837	229	362	13	13	133	0.0977444
NODE_346119_length_591_cov_3.739837	229	362	14	15	133	0.1127820
NODE_346119_length_591_cov_3.739837	229	362	15	15	133	0.1127820
NODE_346119_length_591_cov_3.739837	229	362	16	20	133	0.1503759
NODE_346119_length_591_cov_3.739837	229	362	17	5	133	0.0375940
NODE_346119_length_591_cov_3.739837	229	362	18	9	133	0.0676692
NODE_346119_length_591_cov_3.739837	229	362	19	8	133	0.0601504
NODE_346119_length_591_cov_3.739837	229	362	20	6	133	0.0451128
NODE_346119_length_591_cov_3.739837	229	362	21	13	133	0.0977444
NODE_34615_length_4274_cov_4.936527	3761	3894	20	1	133	0.0075188
NODE_34615_length_4274_cov_4.936527	3761	3894	22	3	133	0.0225564
NODE_34615_length_4274_cov_4.936527	3761	3894	24	9	133	0.0676692
NODE_34615_length_4274_cov_4.936527	3761	3894	25	10	133	0.0751880
NODE_34615_length_4274_cov_4.936527	3761	3894	26	8	133	0.0601504
NODE_34615_length_4274_cov_4.936527	3761	3894	27	5	133	0.0375940
NODE_34615_length_4274_cov_4.936527	3761	3894	28	18	133	0.1353384
NODE_34615_length_4274_cov_4.936527	3761	3894	29	8	133	0.0601504
NODE_34615_length_4274_cov_4.936527	3761	3894	30	34	133	0.2556391
NODE_34615_length_4274_cov_4.936527	3761	3894	31	16	133	0.1203008
NODE_34615_length_4274_cov_4.936527	3761	3894	32	21	133	0.1578947
NODE_34629_length_4274_cov_4.009581	747	880	12	14	133	0.1052632
NODE_34629_length_4274_cov_4.009581	747	880	13	17	133	0.1278196
NODE_34629_length_4274_cov_4.009581	747	880	14	5	133	0.0375940
NODE_34629_length_4274_cov_4.009581	747	880	15	16	133	0.1203008
NODE_34629_length_4274_cov_4.009581	747	880	16	2	133	0.0150376
NODE_34629_length_4274_cov_4.009581	747	880	17	10	133	0.0751880
NODE_34629_length_4274_cov_4.009581	747	880	18	30	133	0.2255639
NODE_34629_length_4274_cov_4.009581	747	880	19	11	133	0.0827068
NODE_34629_length_4274_cov_4.009581	747	880	20	28	133	0.2105263
NODE_34658_length_4272_cov_4.753894	3016	3149	13	3	133	0.0225564
NODE_34658_length_4272_cov_4.753894	3016	3149	14	6	133	0.0451128
NODE_34658_length_4272_cov_4.753894	3016	3149	15	8	133	0.0601504
NODE_34658_length_4272_cov_4.753894	3016	3149	16	7	133	0.0526316
NODE_34658_length_4272_cov_4.753894	3016	3149	17	3	133	0.0225564
NODE_34658_length_4272_cov_4.753894	3016	3149	18	6	133	0.0451128
NODE_34658_length_4272_cov_4.753894	3016	3149	19	3	133	0.0225564
NODE_34658_length_4272_cov_4.753894	3016	3149	20	11	133	0.0827068
NODE_34658_length_4272_cov_4.753894	3016	3149	21	25	133	0.1879699
NODE_34658_length_4272_cov_4.753894	3016	3149	22	4	133	0.0300752
NODE_34658_length_4272_cov_4.753894	3016	3149	23	11	133	0.0827068
NODE_34658_length_4272_cov_4.753894	3016	3149	24	7	133	0.0526316
NODE_34658_length_4272_cov_4.753894	3016	3149	25	1	133	0.0075188
NODE_34658_length_4272_cov_4.753894	3016	3149	26	7	133	0.0526316
NODE_34658_length_4272_cov_4.753894	3016	3149	27	8	133	0.0601504
NODE_34658_length_4272_cov_4.753894	3016	3149	28	12	133	0.0902256
NODE_34658_length_4272_cov_4.753894	3016	3149	29	11	133	0.0827068
NODE_34708_length_4268_cov_3.173183	2966	3099	11	1	133	0.0075188
NODE_34708_length_4268_cov_3.173183	2966	3099	12	6	133	0.0451128
NODE_34708_length_4268_cov_3.173183	2966	3099	13	30	133	0.2255639
NODE_34708_length_4268_cov_3.173183	2966	3099	14	1	133	0.0075188
NODE_34708_length_4268_cov_3.173183	2966	3099	15	13	133	0.0977444
NODE_34708_length_4268_cov_3.173183	2966	3099	17	9	133	0.0676692
NODE_34708_length_4268_cov_3.173183	2966	3099	19	4	133	0.0300752
NODE_34708_length_4268_cov_3.173183	2966	3099	20	7	133	0.0526316
NODE_34708_length_4268_cov_3.173183	2966	3099	21	12	133	0.0902256
NODE_34708_length_4268_cov_3.173183	2966	3099	23	19	133	0.1428571
NODE_34708_length_4268_cov_3.173183	2966	3099	25	23	133	0.1729323
NODE_34708_length_4268_cov_3.173183	2966	3099	26	8	133	0.0601504
NODE_347126_length_588_cov_3.030675	66	199	5	11	133	0.0827068
NODE_347126_length_588_cov_3.030675	66	199	6	17	133	0.1278196
NODE_347126_length_588_cov_3.030675	66	199	7	19	133	0.1428571
NODE_347126_length_588_cov_3.030675	66	199	11	20	133	0.1503759
NODE_347126_length_588_cov_3.030675	66	199	13	7	133	0.0526316
NODE_347126_length_588_cov_3.030675	66	199	15	51	133	0.3834586
NODE_347126_length_588_cov_3.030675	66	199	16	6	133	0.0451128
NODE_347126_length_588_cov_3.030675	66	199	17	2	133	0.0150376
NODE_34716_length_4267_cov_4.398512	2759	2892	5	13	133	0.0977444
NODE_34716_length_4267_cov_4.398512	2759	2892	6	11	133	0.0827068
NODE_34716_length_4267_cov_4.398512	2759	2892	7	3	133	0.0225564
NODE_34716_length_4267_cov_4.398512	2759	2892	8	1	133	0.0075188
NODE_34716_length_4267_cov_4.398512	2759	2892	10	1	133	0.0075188
NODE_34716_length_4267_cov_4.398512	2759	2892	11	6	133	0.0451128
NODE_34716_length_4267_cov_4.398512	2759	2892	13	13	133	0.0977444
NODE_34716_length_4267_cov_4.398512	2759	2892	14	11	133	0.0827068
NODE_34716_length_4267_cov_4.398512	2759	2892	16	7	133	0.0526316
NODE_34716_length_4267_cov_4.398512	2759	2892	17	8	133	0.0601504
NODE_34716_length_4267_cov_4.398512	2759	2892	19	5	133	0.0375940
NODE_34716_length_4267_cov_4.398512	2759	2892	20	2	133	0.0150376
NODE_34716_length_4267_cov_4.398512	2759	2892	21	17	133	0.1278196
NODE_34716_length_4267_cov_4.398512	2759	2892	22	21	133	0.1578947
NODE_34716_length_4267_cov_4.398512	2759	2892	23	14	133	0.1052632
NODE_3471_length_10548_cov_3.836444	4980	5113	4	3	133	0.0225564
NODE_3471_length_10548_cov_3.836444	4980	5113	5	7	133	0.0526316
NODE_3471_length_10548_cov_3.836444	4980	5113	6	14	133	0.1052632
NODE_3471_length_10548_cov_3.836444	4980	5113	7	4	133	0.0300752
NODE_3471_length_10548_cov_3.836444	4980	5113	8	18	133	0.1353384
NODE_3471_length_10548_cov_3.836444	4980	5113	9	26	133	0.1954887
NODE_3471_length_10548_cov_3.836444	4980	5113	10	19	133	0.1428571
NODE_3471_length_10548_cov_3.836444	4980	5113	11	42	133	0.3157895
NODE_34726_length_4266_cov_4.981042	2213	2346	5	3	133	0.0225564
NODE_34726_length_4266_cov_4.981042	2213	2346	6	4	133	0.0300752
NODE_34726_length_4266_cov_4.981042	2213	2346	7	16	133	0.1203008
NODE_34726_length_4266_cov_4.981042	2213	2346	8	19	133	0.1428571
NODE_34726_length_4266_cov_4.981042	2213	2346	9	20	133	0.1503759
NODE_34726_length_4266_cov_4.981042	2213	2346	10	10	133	0.0751880
NODE_34726_length_4266_cov_4.981042	2213	2346	11	9	133	0.0676692
NODE_34726_length_4266_cov_4.981042	2213	2346	12	6	133	0.0451128
NODE_34726_length_4266_cov_4.981042	2213	2346	13	6	133	0.0451128
NODE_34726_length_4266_cov_4.981042	2213	2346	14	1	133	0.0075188
NODE_34726_length_4266_cov_4.981042	2213	2346	15	6	133	0.0451128
NODE_34726_length_4266_cov_4.981042	2213	2346	16	33	133	0.2481203
NODE_34731_length_4266_cov_4.447804	1833	1966	2	81	133	0.6090226
NODE_34731_length_4266_cov_4.447804	1833	1966	4	52	133	0.3909774
NODE_34751_length_4265_cov_4.175468	1768	1901	7	10	133	0.0751880
NODE_34751_length_4265_cov_4.175468	1768	1901	8	12	133	0.0902256
NODE_34751_length_4265_cov_4.175468	1768	1901	9	5	133	0.0375940
NODE_34751_length_4265_cov_4.175468	1768	1901	10	3	133	0.0225564
NODE_34751_length_4265_cov_4.175468	1768	1901	11	4	133	0.0300752
NODE_34751_length_4265_cov_4.175468	1768	1901	12	27	133	0.2030075
NODE_34751_length_4265_cov_4.175468	1768	1901	13	1	133	0.0075188
NODE_34751_length_4265_cov_4.175468	1768	1901	14	2	133	0.0150376
NODE_34751_length_4265_cov_4.175468	1768	1901	15	5	133	0.0375940
NODE_34751_length_4265_cov_4.175468	1768	1901	16	3	133	0.0225564
NODE_34751_length_4265_cov_4.175468	1768	1901	17	61	133	0.4586466
NODE_347588_length_587_cov_1.950820	149	282	1	7	133	0.0526316
NODE_347588_length_587_cov_1.950820	149	282	2	4	133	0.0300752
NODE_347588_length_587_cov_1.950820	149	282	3	8	133	0.0601504
NODE_347588_length_587_cov_1.950820	149	282	4	11	133	0.0827068
NODE_347588_length_587_cov_1.950820	149	282	5	11	133	0.0827068
NODE_347588_length_587_cov_1.950820	149	282	6	19	133	0.1428571
NODE_347588_length_587_cov_1.950820	149	282	7	45	133	0.3383459
NODE_347588_length_587_cov_1.950820	149	282	8	3	133	0.0225564
NODE_347588_length_587_cov_1.950820	149	282	16	25	133	0.1879699
NODE_347647_length_586_cov_19.940452	349	482	9	12	133	0.0902256
NODE_347647_length_586_cov_19.940452	349	482	10	12	133	0.0902256
NODE_347647_length_586_cov_19.940452	349	482	11	2	133	0.0150376
NODE_347647_length_586_cov_19.940452	349	482	12	13	133	0.0977444
NODE_347647_length_586_cov_19.940452	349	482	13	24	133	0.1804511
NODE_347647_length_586_cov_19.940452	349	482	14	20	133	0.1503759
NODE_347647_length_586_cov_19.940452	349	482	15	20	133	0.1503759
NODE_347647_length_586_cov_19.940452	349	482	16	27	133	0.2030075
NODE_347647_length_586_cov_19.940452	349	482	17	3	133	0.0225564
NODE_3477_length_10540_cov_4.843980	147	280	5	7	133	0.0526316
NODE_3477_length_10540_cov_4.843980	147	280	6	12	133	0.0902256
NODE_3477_length_10540_cov_4.843980	147	280	7	10	133	0.0751880
NODE_3477_length_10540_cov_4.843980	147	280	8	3	133	0.0225564
NODE_3477_length_10540_cov_4.843980	147	280	10	22	133	0.1654135
NODE_3477_length_10540_cov_4.843980	147	280	11	1	133	0.0075188
NODE_3477_length_10540_cov_4.843980	147	280	12	11	133	0.0827068
NODE_3477_length_10540_cov_4.843980	147	280	13	67	133	0.5037594
NODE_34780_length_4263_cov_4.305476	358	491	4	28	133	0.2105263
NODE_34780_length_4263_cov_4.305476	358	491	5	12	133	0.0902256
NODE_34780_length_4263_cov_4.305476	358	491	7	48	133	0.3609022
NODE_34780_length_4263_cov_4.305476	358	491	8	25	133	0.1879699
NODE_34780_length_4263_cov_4.305476	358	491	9	16	133	0.1203008
NODE_34780_length_4263_cov_4.305476	358	491	10	3	133	0.0225564
NODE_34780_length_4263_cov_4.305476	358	491	11	1	133	0.0075188
NODE_347850_length_586_cov_2.755647	364	497	7	37	133	0.2781955
NODE_347850_length_586_cov_2.755647	364	497	8	27	133	0.2030075
NODE_347850_length_586_cov_2.755647	364	497	9	30	133	0.2255639
NODE_347850_length_586_cov_2.755647	364	497	10	11	133	0.0827068
NODE_347850_length_586_cov_2.755647	364	497	11	2	133	0.0150376
NODE_347850_length_586_cov_2.755647	364	497	12	8	133	0.0601504
NODE_347850_length_586_cov_2.755647	364	497	13	18	133	0.1353384
NODE_34792_length_4262_cov_4.451117	1125	1258	4	38	133	0.2857143
NODE_34792_length_4262_cov_4.451117	1125	1258	5	77	133	0.5789474
NODE_34792_length_4262_cov_4.451117	1125	1258	6	18	133	0.1353384
NODE_34798_length_4262_cov_4.153975	1038	1171	3	6	133	0.0451128
NODE_34798_length_4262_cov_4.153975	1038	1171	4	32	133	0.2406015
NODE_34798_length_4262_cov_4.153975	1038	1171	5	90	133	0.6766917
NODE_34798_length_4262_cov_4.153975	1038	1171	6	5	133	0.0375940
NODE_34848_length_4259_cov_4.540144	3866	3999	3	30	133	0.2255639
NODE_34848_length_4259_cov_4.540144	3866	3999	5	10	133	0.0751880
NODE_34848_length_4259_cov_4.540144	3866	3999	6	3	133	0.0225564
NODE_34848_length_4259_cov_4.540144	3866	3999	7	11	133	0.0827068
NODE_34848_length_4259_cov_4.540144	3866	3999	9	1	133	0.0075188
NODE_34848_length_4259_cov_4.540144	3866	3999	10	2	133	0.0150376
NODE_34848_length_4259_cov_4.540144	3866	3999	11	3	133	0.0225564
NODE_34848_length_4259_cov_4.540144	3866	3999	12	5	133	0.0375940
NODE_34848_length_4259_cov_4.540144	3866	3999	13	8	133	0.0601504
NODE_34848_length_4259_cov_4.540144	3866	3999	14	6	133	0.0451128
NODE_34848_length_4259_cov_4.540144	3866	3999	15	2	133	0.0150376
NODE_34848_length_4259_cov_4.540144	3866	3999	16	7	133	0.0526316
NODE_34848_length_4259_cov_4.540144	3866	3999	17	3	133	0.0225564
NODE_34848_length_4259_cov_4.540144	3866	3999	18	42	133	0.3157895
NODE_34853_length_4259_cov_4.079808	309	442	22	2	133	0.0150376
NODE_34853_length_4259_cov_4.079808	309	442	23	17	133	0.1278196
NODE_34853_length_4259_cov_4.079808	309	442	24	4	133	0.0300752
NODE_34853_length_4259_cov_4.079808	309	442	25	6	133	0.0451128
NODE_34853_length_4259_cov_4.079808	309	442	26	16	133	0.1203008
NODE_34853_length_4259_cov_4.079808	309	442	27	7	133	0.0526316
NODE_34853_length_4259_cov_4.079808	309	442	28	35	133	0.2631579
NODE_34853_length_4259_cov_4.079808	309	442	29	25	133	0.1879699
NODE_34853_length_4259_cov_4.079808	309	442	30	6	133	0.0451128
NODE_34853_length_4259_cov_4.079808	309	442	31	8	133	0.0601504
NODE_34853_length_4259_cov_4.079808	309	442	32	2	133	0.0150376
NODE_34853_length_4259_cov_4.079808	309	442	33	5	133	0.0375940
NODE_3485_length_10531_cov_4.427818	9338	9471	13	2	133	0.0150376
NODE_3485_length_10531_cov_4.427818	9338	9471	14	4	133	0.0300752
NODE_3485_length_10531_cov_4.427818	9338	9471	15	4	133	0.0300752
NODE_3485_length_10531_cov_4.427818	9338	9471	16	9	133	0.0676692
NODE_3485_length_10531_cov_4.427818	9338	9471	17	11	133	0.0827068
NODE_3485_length_10531_cov_4.427818	9338	9471	18	29	133	0.2180451
NODE_3485_length_10531_cov_4.427818	9338	9471	19	19	133	0.1428571
NODE_3485_length_10531_cov_4.427818	9338	9471	20	19	133	0.1428571
NODE_3485_length_10531_cov_4.427818	9338	9471	21	5	133	0.0375940
NODE_3485_length_10531_cov_4.427818	9338	9471	22	17	133	0.1278196
NODE_3485_length_10531_cov_4.427818	9338	9471	23	14	133	0.1052632
NODE_34865_length_4258_cov_3.857658	1493	1626	1	16	133	0.1203008
NODE_34865_length_4258_cov_3.857658	1493	1626	2	16	133	0.1203008
NODE_34865_length_4258_cov_3.857658	1493	1626	3	29	133	0.2180451
NODE_34865_length_4258_cov_3.857658	1493	1626	4	20	133	0.1503759
NODE_34865_length_4258_cov_3.857658	1493	1626	5	2	133	0.0150376
NODE_34865_length_4258_cov_3.857658	1493	1626	6	4	133	0.0300752
NODE_34865_length_4258_cov_3.857658	1493	1626	7	7	133	0.0526316
NODE_34865_length_4258_cov_3.857658	1493	1626	9	3	133	0.0225564
NODE_34865_length_4258_cov_3.857658	1493	1626	10	13	133	0.0977444
NODE_34865_length_4258_cov_3.857658	1493	1626	11	16	133	0.1203008
NODE_34865_length_4258_cov_3.857658	1493	1626	12	3	133	0.0225564
NODE_34865_length_4258_cov_3.857658	1493	1626	13	4	133	0.0300752
NODE_34867_length_4258_cov_3.768935	3864	3997	12	3	133	0.0225564
NODE_34867_length_4258_cov_3.768935	3864	3997	13	21	133	0.1578947
NODE_34867_length_4258_cov_3.768935	3864	3997	15	5	133	0.0375940
NODE_34867_length_4258_cov_3.768935	3864	3997	16	11	133	0.0827068
NODE_34867_length_4258_cov_3.768935	3864	3997	17	5	133	0.0375940
NODE_34867_length_4258_cov_3.768935	3864	3997	18	4	133	0.0300752
NODE_34867_length_4258_cov_3.768935	3864	3997	20	28	133	0.2105263
NODE_34867_length_4258_cov_3.768935	3864	3997	21	14	133	0.1052632
NODE_34867_length_4258_cov_3.768935	3864	3997	22	30	133	0.2255639
NODE_34867_length_4258_cov_3.768935	3864	3997	23	12	133	0.0902256
NODE_34879_length_4257_cov_4.301347	2501	2634	4	25	133	0.1879699
NODE_34879_length_4257_cov_4.301347	2501	2634	7	5	133	0.0375940
NODE_34879_length_4257_cov_4.301347	2501	2634	16	16	133	0.1203008
NODE_34879_length_4257_cov_4.301347	2501	2634	18	10	133	0.0751880
NODE_34879_length_4257_cov_4.301347	2501	2634	19	14	133	0.1052632
NODE_34879_length_4257_cov_4.301347	2501	2634	20	41	133	0.3082707
NODE_34879_length_4257_cov_4.301347	2501	2634	21	4	133	0.0300752
NODE_34879_length_4257_cov_4.301347	2501	2634	22	18	133	0.1353384
NODE_34881_length_4257_cov_4.049303	1007	1140	10	6	133	0.0451128
NODE_34881_length_4257_cov_4.049303	1007	1140	11	3	133	0.0225564
NODE_34881_length_4257_cov_4.049303	1007	1140	12	9	133	0.0676692
NODE_34881_length_4257_cov_4.049303	1007	1140	13	6	133	0.0451128
NODE_34881_length_4257_cov_4.049303	1007	1140	14	5	133	0.0375940
NODE_34881_length_4257_cov_4.049303	1007	1140	15	2	133	0.0150376
NODE_34881_length_4257_cov_4.049303	1007	1140	16	1	133	0.0075188
NODE_34881_length_4257_cov_4.049303	1007	1140	17	4	133	0.0300752
NODE_34881_length_4257_cov_4.049303	1007	1140	18	3	133	0.0225564
NODE_34881_length_4257_cov_4.049303	1007	1140	21	5	133	0.0375940
NODE_34881_length_4257_cov_4.049303	1007	1140	23	4	133	0.0300752
NODE_34881_length_4257_cov_4.049303	1007	1140	25	1	133	0.0075188
NODE_34881_length_4257_cov_4.049303	1007	1140	26	1	133	0.0075188
NODE_34881_length_4257_cov_4.049303	1007	1140	28	6	133	0.0451128
NODE_34881_length_4257_cov_4.049303	1007	1140	29	23	133	0.1729323
NODE_34881_length_4257_cov_4.049303	1007	1140	30	2	133	0.0150376
NODE_34881_length_4257_cov_4.049303	1007	1140	31	1	133	0.0075188
NODE_34881_length_4257_cov_4.049303	1007	1140	32	10	133	0.0751880
NODE_34881_length_4257_cov_4.049303	1007	1140	33	5	133	0.0375940
NODE_34881_length_4257_cov_4.049303	1007	1140	34	4	133	0.0300752
NODE_34881_length_4257_cov_4.049303	1007	1140	35	7	133	0.0526316
NODE_34881_length_4257_cov_4.049303	1007	1140	36	23	133	0.1729323
NODE_34881_length_4257_cov_4.049303	1007	1140	37	2	133	0.0150376
NODE_348_length_19311_cov_4.143764	7776	7909	10	8	133	0.0601504
NODE_348_length_19311_cov_4.143764	7776	7909	16	1	133	0.0075188
NODE_348_length_19311_cov_4.143764	7776	7909	17	8	133	0.0601504
NODE_348_length_19311_cov_4.143764	7776	7909	18	2	133	0.0150376
NODE_348_length_19311_cov_4.143764	7776	7909	19	24	133	0.1804511
NODE_348_length_19311_cov_4.143764	7776	7909	20	4	133	0.0300752
NODE_348_length_19311_cov_4.143764	7776	7909	21	17	133	0.1278196
NODE_348_length_19311_cov_4.143764	7776	7909	22	21	133	0.1578947
NODE_348_length_19311_cov_4.143764	7776	7909	23	1	133	0.0075188
NODE_348_length_19311_cov_4.143764	7776	7909	24	5	133	0.0375940
NODE_348_length_19311_cov_4.143764	7776	7909	25	8	133	0.0601504
NODE_348_length_19311_cov_4.143764	7776	7909	26	34	133	0.2556391
NODE_34982_length_4251_cov_3.895954	2214	2347	13	11	133	0.0827068
NODE_34982_length_4251_cov_3.895954	2214	2347	15	17	133	0.1278196
NODE_34982_length_4251_cov_3.895954	2214	2347	16	4	133	0.0300752
NODE_34982_length_4251_cov_3.895954	2214	2347	17	5	133	0.0375940
NODE_34982_length_4251_cov_3.895954	2214	2347	18	7	133	0.0526316
NODE_34982_length_4251_cov_3.895954	2214	2347	19	14	133	0.1052632
NODE_34982_length_4251_cov_3.895954	2214	2347	20	7	133	0.0526316
NODE_34982_length_4251_cov_3.895954	2214	2347	21	2	133	0.0150376
NODE_34982_length_4251_cov_3.895954	2214	2347	22	17	133	0.1278196
NODE_34982_length_4251_cov_3.895954	2214	2347	23	14	133	0.1052632
NODE_34982_length_4251_cov_3.895954	2214	2347	24	29	133	0.2180451
NODE_34982_length_4251_cov_3.895954	2214	2347	25	6	133	0.0451128
NODE_349961_length_580_cov_1.492723	27	160	0	8	133	0.0601504
NODE_349961_length_580_cov_1.492723	27	160	1	7	133	0.0526316
NODE_349961_length_580_cov_1.492723	27	160	2	118	133	0.8872181
NODE_349_length_19280_cov_4.574944	13006	13139	0	37	133	0.2781955
NODE_349_length_19280_cov_4.574944	13006	13139	2	40	133	0.3007519
NODE_349_length_19280_cov_4.574944	13006	13139	3	17	133	0.1278196
NODE_349_length_19280_cov_4.574944	13006	13139	4	39	133	0.2932331
NODE_3500_length_10516_cov_10.891139	4853	4986	7	1	133	0.0075188
NODE_3500_length_10516_cov_10.891139	4853	4986	8	7	133	0.0526316
NODE_3500_length_10516_cov_10.891139	4853	4986	9	1	133	0.0075188
NODE_3500_length_10516_cov_10.891139	4853	4986	10	11	133	0.0827068
NODE_3500_length_10516_cov_10.891139	4853	4986	11	13	133	0.0977444
NODE_3500_length_10516_cov_10.891139	4853	4986	12	5	133	0.0375940
NODE_3500_length_10516_cov_10.891139	4853	4986	13	21	133	0.1578947
NODE_3500_length_10516_cov_10.891139	4853	4986	14	13	133	0.0977444
NODE_3500_length_10516_cov_10.891139	4853	4986	15	4	133	0.0300752
NODE_3500_length_10516_cov_10.891139	4853	4986	16	15	133	0.1127820
NODE_3500_length_10516_cov_10.891139	4853	4986	17	9	133	0.0676692
NODE_3500_length_10516_cov_10.891139	4853	4986	18	1	133	0.0075188
NODE_3500_length_10516_cov_10.891139	4853	4986	19	4	133	0.0300752
NODE_3500_length_10516_cov_10.891139	4853	4986	22	1	133	0.0075188
NODE_3500_length_10516_cov_10.891139	4853	4986	23	1	133	0.0075188
NODE_3500_length_10516_cov_10.891139	4853	4986	24	1	133	0.0075188
NODE_3500_length_10516_cov_10.891139	4853	4986	25	4	133	0.0300752
NODE_3500_length_10516_cov_10.891139	4853	4986	26	1	133	0.0075188
NODE_3500_length_10516_cov_10.891139	4853	4986	28	1	133	0.0075188
NODE_3500_length_10516_cov_10.891139	4853	4986	29	2	133	0.0150376
NODE_3500_length_10516_cov_10.891139	4853	4986	30	7	133	0.0526316
NODE_3500_length_10516_cov_10.891139	4853	4986	31	10	133	0.0751880
NODE_35023_length_4248_cov_4.271873	1723	1856	10	14	133	0.1052632
NODE_35023_length_4248_cov_4.271873	1723	1856	11	9	133	0.0676692
NODE_35023_length_4248_cov_4.271873	1723	1856	12	2	133	0.0150376
NODE_35023_length_4248_cov_4.271873	1723	1856	13	1	133	0.0075188
NODE_35023_length_4248_cov_4.271873	1723	1856	14	4	133	0.0300752
NODE_35023_length_4248_cov_4.271873	1723	1856	15	34	133	0.2556391
NODE_35023_length_4248_cov_4.271873	1723	1856	16	34	133	0.2556391
NODE_35023_length_4248_cov_4.271873	1723	1856	17	24	133	0.1804511
NODE_35023_length_4248_cov_4.271873	1723	1856	18	11	133	0.0827068
NODE_35062_length_4246_cov_4.917772	2412	2545	23	4	133	0.0300752
NODE_35062_length_4246_cov_4.917772	2412	2545	24	4	133	0.0300752
NODE_35062_length_4246_cov_4.917772	2412	2545	25	10	133	0.0751880
NODE_35062_length_4246_cov_4.917772	2412	2545	27	3	133	0.0225564
NODE_35062_length_4246_cov_4.917772	2412	2545	28	16	133	0.1203008
NODE_35062_length_4246_cov_4.917772	2412	2545	29	5	133	0.0375940
NODE_35062_length_4246_cov_4.917772	2412	2545	30	18	133	0.1353384
NODE_35062_length_4246_cov_4.917772	2412	2545	31	8	133	0.0601504
NODE_35062_length_4246_cov_4.917772	2412	2545	32	36	133	0.2706767
NODE_35062_length_4246_cov_4.917772	2412	2545	33	16	133	0.1203008
NODE_35062_length_4246_cov_4.917772	2412	2545	34	6	133	0.0451128
NODE_35062_length_4246_cov_4.917772	2412	2545	35	7	133	0.0526316
NODE_350675_length_578_cov_1.340292	0	133	3	10	133	0.0751880
NODE_350675_length_578_cov_1.340292	0	133	4	43	133	0.3233083
NODE_350675_length_578_cov_1.340292	0	133	5	41	133	0.3082707
NODE_350675_length_578_cov_1.340292	0	133	6	39	133	0.2932331
NODE_35080_length_4245_cov_4.790883	3183	3316	14	3	133	0.0225564
NODE_35080_length_4245_cov_4.790883	3183	3316	15	7	133	0.0526316
NODE_35080_length_4245_cov_4.790883	3183	3316	16	18	133	0.1353384
NODE_35080_length_4245_cov_4.790883	3183	3316	17	26	133	0.1954887
NODE_35080_length_4245_cov_4.790883	3183	3316	18	46	133	0.3458647
NODE_35080_length_4245_cov_4.790883	3183	3316	19	9	133	0.0676692
NODE_35080_length_4245_cov_4.790883	3183	3316	20	13	133	0.0977444
NODE_35080_length_4245_cov_4.790883	3183	3316	21	11	133	0.0827068
NODE_35081_length_4245_cov_4.733719	1647	1780	24	21	133	0.1578947
NODE_35081_length_4245_cov_4.733719	1647	1780	25	4	133	0.0300752
NODE_35081_length_4245_cov_4.733719	1647	1780	27	8	133	0.0601504
NODE_35081_length_4245_cov_4.733719	1647	1780	28	7	133	0.0526316
NODE_35081_length_4245_cov_4.733719	1647	1780	29	4	133	0.0300752
NODE_35081_length_4245_cov_4.733719	1647	1780	31	5	133	0.0375940
NODE_35081_length_4245_cov_4.733719	1647	1780	32	18	133	0.1353384
NODE_35081_length_4245_cov_4.733719	1647	1780	33	18	133	0.1353384
NODE_35081_length_4245_cov_4.733719	1647	1780	34	1	133	0.0075188
NODE_35081_length_4245_cov_4.733719	1647	1780	35	9	133	0.0676692
NODE_35081_length_4245_cov_4.733719	1647	1780	37	3	133	0.0225564
NODE_35081_length_4245_cov_4.733719	1647	1780	38	6	133	0.0451128
NODE_35081_length_4245_cov_4.733719	1647	1780	39	8	133	0.0601504
NODE_35081_length_4245_cov_4.733719	1647	1780	40	6	133	0.0451128
NODE_35081_length_4245_cov_4.733719	1647	1780	41	6	133	0.0451128
NODE_35081_length_4245_cov_4.733719	1647	1780	42	2	133	0.0150376
NODE_35081_length_4245_cov_4.733719	1647	1780	43	7	133	0.0526316
NODE_35107_length_4243_cov_4.703185	2876	3009	7	2	133	0.0150376
NODE_35107_length_4243_cov_4.703185	2876	3009	8	25	133	0.1879699
NODE_35107_length_4243_cov_4.703185	2876	3009	9	4	133	0.0300752
NODE_35107_length_4243_cov_4.703185	2876	3009	10	15	133	0.1127820
NODE_35107_length_4243_cov_4.703185	2876	3009	11	39	133	0.2932331
NODE_35107_length_4243_cov_4.703185	2876	3009	12	42	133	0.3157895
NODE_35107_length_4243_cov_4.703185	2876	3009	13	2	133	0.0150376
NODE_35107_length_4243_cov_4.703185	2876	3009	14	4	133	0.0300752
NODE_35114_length_4243_cov_4.323600	1049	1182	14	2	133	0.0150376
NODE_35114_length_4243_cov_4.323600	1049	1182	15	10	133	0.0751880
NODE_35114_length_4243_cov_4.323600	1049	1182	16	6	133	0.0451128
NODE_35114_length_4243_cov_4.323600	1049	1182	17	15	133	0.1127820
NODE_35114_length_4243_cov_4.323600	1049	1182	18	1	133	0.0075188
NODE_35114_length_4243_cov_4.323600	1049	1182	19	2	133	0.0150376
NODE_35114_length_4243_cov_4.323600	1049	1182	20	16	133	0.1203008
NODE_35114_length_4243_cov_4.323600	1049	1182	21	14	133	0.1052632
NODE_35114_length_4243_cov_4.323600	1049	1182	22	28	133	0.2105263
NODE_35114_length_4243_cov_4.323600	1049	1182	23	15	133	0.1127820
NODE_35114_length_4243_cov_4.323600	1049	1182	24	3	133	0.0225564
NODE_35114_length_4243_cov_4.323600	1049	1182	25	1	133	0.0075188
NODE_35114_length_4243_cov_4.323600	1049	1182	26	9	133	0.0676692
NODE_35114_length_4243_cov_4.323600	1049	1182	27	5	133	0.0375940
NODE_35114_length_4243_cov_4.323600	1049	1182	28	6	133	0.0451128
NODE_35138_length_4242_cov_3.289645	1412	1545	10	5	133	0.0375940
NODE_35138_length_4242_cov_3.289645	1412	1545	11	6	133	0.0451128
NODE_35138_length_4242_cov_3.289645	1412	1545	12	17	133	0.1278196
NODE_35138_length_4242_cov_3.289645	1412	1545	13	34	133	0.2556391
NODE_35138_length_4242_cov_3.289645	1412	1545	14	11	133	0.0827068
NODE_35138_length_4242_cov_3.289645	1412	1545	15	42	133	0.3157895
NODE_35138_length_4242_cov_3.289645	1412	1545	16	18	133	0.1353384
NODE_35203_length_4237_cov_4.993475	2984	3117	8	18	133	0.1353384
NODE_35203_length_4237_cov_4.993475	2984	3117	9	32	133	0.2406015
NODE_35203_length_4237_cov_4.993475	2984	3117	10	3	133	0.0225564
NODE_35203_length_4237_cov_4.993475	2984	3117	11	16	133	0.1203008
NODE_35203_length_4237_cov_4.993475	2984	3117	12	12	133	0.0902256
NODE_35203_length_4237_cov_4.993475	2984	3117	13	13	133	0.0977444
NODE_35203_length_4237_cov_4.993475	2984	3117	14	34	133	0.2556391
NODE_35203_length_4237_cov_4.993475	2984	3117	15	5	133	0.0375940
NODE_35208_length_4237_cov_4.573465	1958	2091	15	2	133	0.0150376
NODE_35208_length_4237_cov_4.573465	1958	2091	16	2	133	0.0150376
NODE_35208_length_4237_cov_4.573465	1958	2091	17	15	133	0.1127820
NODE_35208_length_4237_cov_4.573465	1958	2091	18	10	133	0.0751880
NODE_35208_length_4237_cov_4.573465	1958	2091	19	7	133	0.0526316
NODE_35208_length_4237_cov_4.573465	1958	2091	20	3	133	0.0225564
NODE_35208_length_4237_cov_4.573465	1958	2091	21	10	133	0.0751880
NODE_35208_length_4237_cov_4.573465	1958	2091	22	1	133	0.0075188
NODE_35208_length_4237_cov_4.573465	1958	2091	23	16	133	0.1203008
NODE_35208_length_4237_cov_4.573465	1958	2091	24	28	133	0.2105263
NODE_35208_length_4237_cov_4.573465	1958	2091	25	14	133	0.1052632
NODE_35208_length_4237_cov_4.573465	1958	2091	26	5	133	0.0375940
NODE_35208_length_4237_cov_4.573465	1958	2091	27	10	133	0.0751880
NODE_35208_length_4237_cov_4.573465	1958	2091	28	8	133	0.0601504
NODE_35208_length_4237_cov_4.573465	1958	2091	29	2	133	0.0150376
NODE_352093_length_573_cov_4.027426	117	250	7	7	133	0.0526316
NODE_352093_length_573_cov_4.027426	117	250	9	4	133	0.0300752
NODE_352093_length_573_cov_4.027426	117	250	11	4	133	0.0300752
NODE_352093_length_573_cov_4.027426	117	250	12	26	133	0.1954887
NODE_352093_length_573_cov_4.027426	117	250	13	26	133	0.1954887
NODE_352093_length_573_cov_4.027426	117	250	14	34	133	0.2556391
NODE_352093_length_573_cov_4.027426	117	250	15	11	133	0.0827068
NODE_352093_length_573_cov_4.027426	117	250	16	21	133	0.1578947
NODE_3520_length_10504_cov_5.035175	4815	4948	14	24	133	0.1804511
NODE_3520_length_10504_cov_5.035175	4815	4948	15	15	133	0.1127820
NODE_3520_length_10504_cov_5.035175	4815	4948	17	2	133	0.0150376
NODE_3520_length_10504_cov_5.035175	4815	4948	18	12	133	0.0902256
NODE_3520_length_10504_cov_5.035175	4815	4948	19	42	133	0.3157895
NODE_3520_length_10504_cov_5.035175	4815	4948	20	24	133	0.1804511
NODE_3520_length_10504_cov_5.035175	4815	4948	21	14	133	0.1052632
NODE_35218_length_4237_cov_3.304012	2004	2137	3	4	133	0.0300752
NODE_35218_length_4237_cov_3.304012	2004	2137	4	1	133	0.0075188
NODE_35218_length_4237_cov_3.304012	2004	2137	5	19	133	0.1428571
NODE_35218_length_4237_cov_3.304012	2004	2137	6	42	133	0.3157895
NODE_35218_length_4237_cov_3.304012	2004	2137	7	44	133	0.3308271
NODE_35218_length_4237_cov_3.304012	2004	2137	8	23	133	0.1729323
NODE_35238_length_4236_cov_2.769882	3519	3652	10	12	133	0.0902256
NODE_35238_length_4236_cov_2.769882	3519	3652	11	7	133	0.0526316
NODE_35238_length_4236_cov_2.769882	3519	3652	12	18	133	0.1353384
NODE_35238_length_4236_cov_2.769882	3519	3652	13	10	133	0.0751880
NODE_35238_length_4236_cov_2.769882	3519	3652	14	50	133	0.3759398
NODE_35238_length_4236_cov_2.769882	3519	3652	15	16	133	0.1203008
NODE_35238_length_4236_cov_2.769882	3519	3652	16	16	133	0.1203008
NODE_35238_length_4236_cov_2.769882	3519	3652	17	4	133	0.0300752
NODE_352431_length_572_cov_4.238901	145	278	2	75	133	0.5639098
NODE_352431_length_572_cov_4.238901	145	278	4	53	133	0.3984962
NODE_352431_length_572_cov_4.238901	145	278	6	5	133	0.0375940
NODE_35257_length_4234_cov_3.800242	1046	1179	11	11	133	0.0827068
NODE_35257_length_4234_cov_3.800242	1046	1179	12	7	133	0.0526316
NODE_35257_length_4234_cov_3.800242	1046	1179	13	6	133	0.0451128
NODE_35257_length_4234_cov_3.800242	1046	1179	14	11	133	0.0827068
NODE_35257_length_4234_cov_3.800242	1046	1179	15	5	133	0.0375940
NODE_35257_length_4234_cov_3.800242	1046	1179	17	3	133	0.0225564
NODE_35257_length_4234_cov_3.800242	1046	1179	18	3	133	0.0225564
NODE_35257_length_4234_cov_3.800242	1046	1179	19	12	133	0.0902256
NODE_35257_length_4234_cov_3.800242	1046	1179	20	35	133	0.2631579
NODE_35257_length_4234_cov_3.800242	1046	1179	21	1	133	0.0075188
NODE_35257_length_4234_cov_3.800242	1046	1179	22	5	133	0.0375940
NODE_35257_length_4234_cov_3.800242	1046	1179	23	34	133	0.2556391
NODE_35261_length_4234_cov_3.275937	2085	2218	19	8	133	0.0601504
NODE_35261_length_4234_cov_3.275937	2085	2218	20	14	133	0.1052632
NODE_35261_length_4234_cov_3.275937	2085	2218	21	8	133	0.0601504
NODE_35261_length_4234_cov_3.275937	2085	2218	22	2	133	0.0150376
NODE_35261_length_4234_cov_3.275937	2085	2218	23	1	133	0.0075188
NODE_35261_length_4234_cov_3.275937	2085	2218	24	5	133	0.0375940
NODE_35261_length_4234_cov_3.275937	2085	2218	25	31	133	0.2330827
NODE_35261_length_4234_cov_3.275937	2085	2218	26	32	133	0.2406015
NODE_35261_length_4234_cov_3.275937	2085	2218	27	5	133	0.0375940
NODE_35261_length_4234_cov_3.275937	2085	2218	28	27	133	0.2030075
NODE_3526_length_10497_cov_5.814003	3466	3599	4	33	133	0.2481203
NODE_3526_length_10497_cov_5.814003	3466	3599	5	52	133	0.3909774
NODE_3526_length_10497_cov_5.814003	3466	3599	6	38	133	0.2857143
NODE_3526_length_10497_cov_5.814003	3466	3599	7	10	133	0.0751880
NODE_35283_length_4232_cov_5.446407	2196	2329	11	11	133	0.0827068
NODE_35283_length_4232_cov_5.446407	2196	2329	12	10	133	0.0751880
NODE_35283_length_4232_cov_5.446407	2196	2329	13	19	133	0.1428571
NODE_35283_length_4232_cov_5.446407	2196	2329	14	14	133	0.1052632
NODE_35283_length_4232_cov_5.446407	2196	2329	15	13	133	0.0977444
NODE_35283_length_4232_cov_5.446407	2196	2329	17	2	133	0.0150376
NODE_35283_length_4232_cov_5.446407	2196	2329	18	3	133	0.0225564
NODE_35283_length_4232_cov_5.446407	2196	2329	20	9	133	0.0676692
NODE_35283_length_4232_cov_5.446407	2196	2329	21	12	133	0.0902256
NODE_35283_length_4232_cov_5.446407	2196	2329	22	34	133	0.2556391
NODE_35283_length_4232_cov_5.446407	2196	2329	23	6	133	0.0451128
NODE_3528_length_10495_cov_7.666314	4519	4652	9	2	133	0.0150376
NODE_3528_length_10495_cov_7.666314	4519	4652	10	6	133	0.0451128
NODE_3528_length_10495_cov_7.666314	4519	4652	11	15	133	0.1127820
NODE_3528_length_10495_cov_7.666314	4519	4652	12	1	133	0.0075188
NODE_3528_length_10495_cov_7.666314	4519	4652	13	7	133	0.0526316
NODE_3528_length_10495_cov_7.666314	4519	4652	14	4	133	0.0300752
NODE_3528_length_10495_cov_7.666314	4519	4652	15	8	133	0.0601504
NODE_3528_length_10495_cov_7.666314	4519	4652	16	7	133	0.0526316
NODE_3528_length_10495_cov_7.666314	4519	4652	17	1	133	0.0075188
NODE_3528_length_10495_cov_7.666314	4519	4652	20	20	133	0.1503759
NODE_3528_length_10495_cov_7.666314	4519	4652	21	14	133	0.1052632
NODE_3528_length_10495_cov_7.666314	4519	4652	22	7	133	0.0526316
NODE_3528_length_10495_cov_7.666314	4519	4652	23	40	133	0.3007519
NODE_3528_length_10495_cov_7.666314	4519	4652	24	1	133	0.0075188
NODE_353055_length_570_cov_4.929936	164	297	6	16	133	0.1203008
NODE_353055_length_570_cov_4.929936	164	297	8	67	133	0.5037594
NODE_353055_length_570_cov_4.929936	164	297	10	50	133	0.3759398
NODE_353193_length_570_cov_2.798301	178	311	5	4	133	0.0300752
NODE_353193_length_570_cov_2.798301	178	311	6	12	133	0.0902256
NODE_353193_length_570_cov_2.798301	178	311	7	33	133	0.2481203
NODE_353193_length_570_cov_2.798301	178	311	8	35	133	0.2631579
NODE_353193_length_570_cov_2.798301	178	311	9	3	133	0.0225564
NODE_353193_length_570_cov_2.798301	178	311	10	36	133	0.2706767
NODE_353193_length_570_cov_2.798301	178	311	11	10	133	0.0751880
NODE_35319_length_4230_cov_3.739046	1623	1756	22	1	133	0.0075188
NODE_35319_length_4230_cov_3.739046	1623	1756	23	8	133	0.0601504
NODE_35319_length_4230_cov_3.739046	1623	1756	24	8	133	0.0601504
NODE_35319_length_4230_cov_3.739046	1623	1756	25	18	133	0.1353384
NODE_35319_length_4230_cov_3.739046	1623	1756	26	5	133	0.0375940
NODE_35319_length_4230_cov_3.739046	1623	1756	27	3	133	0.0225564
NODE_35319_length_4230_cov_3.739046	1623	1756	28	2	133	0.0150376
NODE_35319_length_4230_cov_3.739046	1623	1756	29	1	133	0.0075188
NODE_35319_length_4230_cov_3.739046	1623	1756	30	5	133	0.0375940
NODE_35319_length_4230_cov_3.739046	1623	1756	32	15	133	0.1127820
NODE_35319_length_4230_cov_3.739046	1623	1756	34	2	133	0.0150376
NODE_35319_length_4230_cov_3.739046	1623	1756	35	6	133	0.0451128
NODE_35319_length_4230_cov_3.739046	1623	1756	36	7	133	0.0526316
NODE_35319_length_4230_cov_3.739046	1623	1756	37	13	133	0.0977444
NODE_35319_length_4230_cov_3.739046	1623	1756	38	26	133	0.1954887
NODE_35319_length_4230_cov_3.739046	1623	1756	39	9	133	0.0676692
NODE_35319_length_4230_cov_3.739046	1623	1756	40	2	133	0.0150376
NODE_35319_length_4230_cov_3.739046	1623	1756	41	2	133	0.0150376
NODE_3531_length_10493_cov_6.124880	8927	9060	4	10	133	0.0751880
NODE_3531_length_10493_cov_6.124880	8927	9060	6	44	133	0.3308271
NODE_3531_length_10493_cov_6.124880	8927	9060	7	28	133	0.2105263
NODE_3531_length_10493_cov_6.124880	8927	9060	8	47	133	0.3533835
NODE_3531_length_10493_cov_6.124880	8927	9060	9	4	133	0.0300752
NODE_35321_length_4230_cov_3.313241	3206	3339	6	1	133	0.0075188
NODE_35321_length_4230_cov_3.313241	3206	3339	7	2	133	0.0150376
NODE_35321_length_4230_cov_3.313241	3206	3339	8	1	133	0.0075188
NODE_35321_length_4230_cov_3.313241	3206	3339	9	3	133	0.0225564
NODE_35321_length_4230_cov_3.313241	3206	3339	10	18	133	0.1353384
NODE_35321_length_4230_cov_3.313241	3206	3339	11	78	133	0.5864662
NODE_35321_length_4230_cov_3.313241	3206	3339	12	4	133	0.0300752
NODE_35321_length_4230_cov_3.313241	3206	3339	13	26	133	0.1954887
NODE_353253_length_570_cov_2.303609	360	493	0	79	133	0.5939850
NODE_353253_length_570_cov_2.303609	360	493	2	54	133	0.4060150
NODE_353254_length_570_cov_2.299363	128	261	0	133	133	1.0000000
NODE_353380_length_569_cov_4.389362	329	462	2	27	133	0.2030075
NODE_353380_length_569_cov_4.389362	329	462	4	8	133	0.0601504
NODE_353380_length_569_cov_4.389362	329	462	5	19	133	0.1428571
NODE_353380_length_569_cov_4.389362	329	462	6	26	133	0.1954887
NODE_353380_length_569_cov_4.389362	329	462	7	22	133	0.1654135
NODE_353380_length_569_cov_4.389362	329	462	8	31	133	0.2330827
NODE_35340_length_4228_cov_6.875757	1947	2080	13	5	133	0.0375940
NODE_35340_length_4228_cov_6.875757	1947	2080	14	29	133	0.2180451
NODE_35340_length_4228_cov_6.875757	1947	2080	15	27	133	0.2030075
NODE_35340_length_4228_cov_6.875757	1947	2080	16	10	133	0.0751880
NODE_35340_length_4228_cov_6.875757	1947	2080	17	9	133	0.0676692
NODE_35340_length_4228_cov_6.875757	1947	2080	18	4	133	0.0300752
NODE_35340_length_4228_cov_6.875757	1947	2080	19	3	133	0.0225564
NODE_35340_length_4228_cov_6.875757	1947	2080	20	3	133	0.0225564
NODE_35340_length_4228_cov_6.875757	1947	2080	21	35	133	0.2631579
NODE_35340_length_4228_cov_6.875757	1947	2080	22	8	133	0.0601504
NODE_35345_length_4228_cov_5.012109	3700	3833	7	15	133	0.1127820
NODE_35345_length_4228_cov_5.012109	3700	3833	8	4	133	0.0300752
NODE_35345_length_4228_cov_5.012109	3700	3833	9	8	133	0.0601504
NODE_35345_length_4228_cov_5.012109	3700	3833	10	6	133	0.0451128
NODE_35345_length_4228_cov_5.012109	3700	3833	11	2	133	0.0150376
NODE_35345_length_4228_cov_5.012109	3700	3833	12	2	133	0.0150376
NODE_35345_length_4228_cov_5.012109	3700	3833	13	4	133	0.0300752
NODE_35345_length_4228_cov_5.012109	3700	3833	15	1	133	0.0075188
NODE_35345_length_4228_cov_5.012109	3700	3833	17	10	133	0.0751880
NODE_35345_length_4228_cov_5.012109	3700	3833	18	4	133	0.0300752
NODE_35345_length_4228_cov_5.012109	3700	3833	19	10	133	0.0751880
NODE_35345_length_4228_cov_5.012109	3700	3833	20	17	133	0.1278196
NODE_35345_length_4228_cov_5.012109	3700	3833	21	6	133	0.0451128
NODE_35345_length_4228_cov_5.012109	3700	3833	22	26	133	0.1954887
NODE_35345_length_4228_cov_5.012109	3700	3833	23	14	133	0.1052632
NODE_35345_length_4228_cov_5.012109	3700	3833	25	4	133	0.0300752
NODE_35347_length_4228_cov_4.643739	616	749	7	1	133	0.0075188
NODE_35347_length_4228_cov_4.643739	616	749	8	8	133	0.0601504
NODE_35347_length_4228_cov_4.643739	616	749	9	3	133	0.0225564
NODE_35347_length_4228_cov_4.643739	616	749	10	4	133	0.0300752
NODE_35347_length_4228_cov_4.643739	616	749	12	14	133	0.1052632
NODE_35347_length_4228_cov_4.643739	616	749	14	8	133	0.0601504
NODE_35347_length_4228_cov_4.643739	616	749	16	9	133	0.0676692
NODE_35347_length_4228_cov_4.643739	616	749	17	5	133	0.0375940
NODE_35347_length_4228_cov_4.643739	616	749	18	5	133	0.0375940
NODE_35347_length_4228_cov_4.643739	616	749	19	12	133	0.0902256
NODE_35347_length_4228_cov_4.643739	616	749	20	30	133	0.2255639
NODE_35347_length_4228_cov_4.643739	616	749	21	20	133	0.1503759
NODE_35347_length_4228_cov_4.643739	616	749	22	14	133	0.1052632
NODE_35359_length_4228_cov_3.724631	348	481	4	48	133	0.3609022
NODE_35359_length_4228_cov_3.724631	348	481	5	16	133	0.1203008
NODE_35359_length_4228_cov_3.724631	348	481	6	35	133	0.2631579
NODE_35359_length_4228_cov_3.724631	348	481	7	34	133	0.2556391
NODE_353794_length_568_cov_3.268657	35	168	3	28	133	0.2105263
NODE_353794_length_568_cov_3.268657	35	168	5	43	133	0.3233083
NODE_353794_length_568_cov_3.268657	35	168	7	35	133	0.2631579
NODE_353794_length_568_cov_3.268657	35	168	8	27	133	0.2030075
NODE_353_length_19235_cov_4.789768	1314	1447	15	2	133	0.0150376
NODE_353_length_19235_cov_4.789768	1314	1447	16	4	133	0.0300752
NODE_353_length_19235_cov_4.789768	1314	1447	17	3	133	0.0225564
NODE_353_length_19235_cov_4.789768	1314	1447	18	40	133	0.3007519
NODE_353_length_19235_cov_4.789768	1314	1447	19	12	133	0.0902256
NODE_353_length_19235_cov_4.789768	1314	1447	20	20	133	0.1503759
NODE_353_length_19235_cov_4.789768	1314	1447	21	24	133	0.1804511
NODE_353_length_19235_cov_4.789768	1314	1447	22	21	133	0.1578947
NODE_353_length_19235_cov_4.789768	1314	1447	23	7	133	0.0526316
NODE_35400_length_4225_cov_4.721280	1432	1565	6	16	133	0.1203008
NODE_35400_length_4225_cov_4.721280	1432	1565	7	19	133	0.1428571
NODE_35400_length_4225_cov_4.721280	1432	1565	8	86	133	0.6466165
NODE_35400_length_4225_cov_4.721280	1432	1565	9	6	133	0.0451128
NODE_35400_length_4225_cov_4.721280	1432	1565	10	6	133	0.0451128
NODE_354164_length_567_cov_2.997863	276	409	8	4	133	0.0300752
NODE_354164_length_567_cov_2.997863	276	409	9	2	133	0.0150376
NODE_354164_length_567_cov_2.997863	276	409	11	6	133	0.0451128
NODE_354164_length_567_cov_2.997863	276	409	12	1	133	0.0075188
NODE_354164_length_567_cov_2.997863	276	409	13	8	133	0.0601504
NODE_354164_length_567_cov_2.997863	276	409	14	50	133	0.3759398
NODE_354164_length_567_cov_2.997863	276	409	15	38	133	0.2857143
NODE_354164_length_567_cov_2.997863	276	409	16	24	133	0.1804511
NODE_35429_length_4223_cov_4.536372	112	245	2	11	133	0.0827068
NODE_35429_length_4223_cov_4.536372	112	245	3	4	133	0.0300752
NODE_35429_length_4223_cov_4.536372	112	245	4	8	133	0.0601504
NODE_35429_length_4223_cov_4.536372	112	245	5	1	133	0.0075188
NODE_35429_length_4223_cov_4.536372	112	245	6	40	133	0.3007519
NODE_35429_length_4223_cov_4.536372	112	245	7	10	133	0.0751880
NODE_35429_length_4223_cov_4.536372	112	245	8	8	133	0.0601504
NODE_35429_length_4223_cov_4.536372	112	245	10	2	133	0.0150376
NODE_35429_length_4223_cov_4.536372	112	245	12	30	133	0.2255639
NODE_35429_length_4223_cov_4.536372	112	245	13	19	133	0.1428571
NODE_3542_length_10487_cov_4.416731	6926	7059	6	20	133	0.1503759
NODE_3542_length_10487_cov_4.416731	6926	7059	7	14	133	0.1052632
NODE_3542_length_10487_cov_4.416731	6926	7059	8	68	133	0.5112782
NODE_3542_length_10487_cov_4.416731	6926	7059	9	1	133	0.0075188
NODE_3542_length_10487_cov_4.416731	6926	7059	10	30	133	0.2255639
NODE_35430_length_4223_cov_4.329292	3508	3641	16	3	133	0.0225564
NODE_35430_length_4223_cov_4.329292	3508	3641	17	13	133	0.0977444
NODE_35430_length_4223_cov_4.329292	3508	3641	18	36	133	0.2706767
NODE_35430_length_4223_cov_4.329292	3508	3641	19	41	133	0.3082707
NODE_35430_length_4223_cov_4.329292	3508	3641	20	29	133	0.2180451
NODE_35430_length_4223_cov_4.329292	3508	3641	21	11	133	0.0827068
NODE_35436_length_4223_cov_3.272066	2690	2823	3	10	133	0.0751880
NODE_35436_length_4223_cov_3.272066	2690	2823	4	48	133	0.3609022
NODE_35436_length_4223_cov_3.272066	2690	2823	5	57	133	0.4285714
NODE_35436_length_4223_cov_3.272066	2690	2823	6	9	133	0.0676692
NODE_35436_length_4223_cov_3.272066	2690	2823	7	9	133	0.0676692
NODE_35464_length_4221_cov_4.443717	326	459	14	17	133	0.1278196
NODE_35464_length_4221_cov_4.443717	326	459	15	8	133	0.0601504
NODE_35464_length_4221_cov_4.443717	326	459	16	16	133	0.1203008
NODE_35464_length_4221_cov_4.443717	326	459	18	4	133	0.0300752
NODE_35464_length_4221_cov_4.443717	326	459	19	1	133	0.0075188
NODE_35464_length_4221_cov_4.443717	326	459	20	14	133	0.1052632
NODE_35464_length_4221_cov_4.443717	326	459	21	28	133	0.2105263
NODE_35464_length_4221_cov_4.443717	326	459	22	36	133	0.2706767
NODE_35464_length_4221_cov_4.443717	326	459	23	9	133	0.0676692
NODE_35470_length_4221_cov_3.384279	1860	1993	14	7	133	0.0526316
NODE_35470_length_4221_cov_3.384279	1860	1993	16	12	133	0.0902256
NODE_35470_length_4221_cov_3.384279	1860	1993	17	14	133	0.1052632
NODE_35470_length_4221_cov_3.384279	1860	1993	18	13	133	0.0977444
NODE_35470_length_4221_cov_3.384279	1860	1993	19	24	133	0.1804511
NODE_35470_length_4221_cov_3.384279	1860	1993	20	11	133	0.0827068
NODE_35470_length_4221_cov_3.384279	1860	1993	21	1	133	0.0075188
NODE_35470_length_4221_cov_3.384279	1860	1993	22	15	133	0.1127820
NODE_35470_length_4221_cov_3.384279	1860	1993	23	2	133	0.0150376
NODE_35470_length_4221_cov_3.384279	1860	1993	24	20	133	0.1503759
NODE_35470_length_4221_cov_3.384279	1860	1993	25	13	133	0.0977444
NODE_35470_length_4221_cov_3.384279	1860	1993	26	1	133	0.0075188
NODE_355137_length_564_cov_3.137634	126	259	9	2	133	0.0150376
NODE_355137_length_564_cov_3.137634	126	259	10	4	133	0.0300752
NODE_355137_length_564_cov_3.137634	126	259	11	6	133	0.0451128
NODE_355137_length_564_cov_3.137634	126	259	13	1	133	0.0075188
NODE_355137_length_564_cov_3.137634	126	259	15	2	133	0.0150376
NODE_355137_length_564_cov_3.137634	126	259	16	10	133	0.0751880
NODE_355137_length_564_cov_3.137634	126	259	17	24	133	0.1804511
NODE_355137_length_564_cov_3.137634	126	259	18	9	133	0.0676692
NODE_355137_length_564_cov_3.137634	126	259	19	39	133	0.2932331
NODE_355137_length_564_cov_3.137634	126	259	20	14	133	0.1052632
NODE_355137_length_564_cov_3.137634	126	259	21	22	133	0.1654135
NODE_35517_length_4218_cov_4.345229	3796	3929	0	133	133	1.0000000
NODE_35520_length_4218_cov_4.229910	3240	3373	6	14	133	0.1052632
NODE_35520_length_4218_cov_4.229910	3240	3373	7	1	133	0.0075188
NODE_35520_length_4218_cov_4.229910	3240	3373	8	21	133	0.1578947
NODE_35520_length_4218_cov_4.229910	3240	3373	9	10	133	0.0751880
NODE_35520_length_4218_cov_4.229910	3240	3373	10	3	133	0.0225564
NODE_35520_length_4218_cov_4.229910	3240	3373	11	5	133	0.0375940
NODE_35520_length_4218_cov_4.229910	3240	3373	12	9	133	0.0676692
NODE_35520_length_4218_cov_4.229910	3240	3373	13	20	133	0.1503759
NODE_35520_length_4218_cov_4.229910	3240	3373	14	49	133	0.3684210
NODE_35520_length_4218_cov_4.229910	3240	3373	15	1	133	0.0075188
NODE_35522_length_4218_cov_4.116048	479	612	3	4	133	0.0300752
NODE_35522_length_4218_cov_4.116048	479	612	4	10	133	0.0751880
NODE_35522_length_4218_cov_4.116048	479	612	5	18	133	0.1353384
NODE_35522_length_4218_cov_4.116048	479	612	6	19	133	0.1428571
NODE_35522_length_4218_cov_4.116048	479	612	7	15	133	0.1127820
NODE_35522_length_4218_cov_4.116048	479	612	8	47	133	0.3533835
NODE_35522_length_4218_cov_4.116048	479	612	9	20	133	0.1503759
NODE_35532_length_4217_cov_5.235066	2074	2207	3	30	133	0.2255639
NODE_35532_length_4217_cov_5.235066	2074	2207	4	1	133	0.0075188
NODE_35532_length_4217_cov_5.235066	2074	2207	5	14	133	0.1052632
NODE_35532_length_4217_cov_5.235066	2074	2207	6	7	133	0.0526316
NODE_35532_length_4217_cov_5.235066	2074	2207	7	7	133	0.0526316
NODE_35532_length_4217_cov_5.235066	2074	2207	8	2	133	0.0150376
NODE_35532_length_4217_cov_5.235066	2074	2207	9	7	133	0.0526316
NODE_35532_length_4217_cov_5.235066	2074	2207	10	5	133	0.0375940
NODE_35532_length_4217_cov_5.235066	2074	2207	11	13	133	0.0977444
NODE_35532_length_4217_cov_5.235066	2074	2207	12	8	133	0.0601504
NODE_35532_length_4217_cov_5.235066	2074	2207	13	6	133	0.0451128
NODE_35532_length_4217_cov_5.235066	2074	2207	14	2	133	0.0150376
NODE_35532_length_4217_cov_5.235066	2074	2207	15	1	133	0.0075188
NODE_35532_length_4217_cov_5.235066	2074	2207	16	2	133	0.0150376
NODE_35532_length_4217_cov_5.235066	2074	2207	17	5	133	0.0375940
NODE_35532_length_4217_cov_5.235066	2074	2207	18	1	133	0.0075188
NODE_35532_length_4217_cov_5.235066	2074	2207	19	1	133	0.0075188
NODE_35532_length_4217_cov_5.235066	2074	2207	20	4	133	0.0300752
NODE_35532_length_4217_cov_5.235066	2074	2207	21	1	133	0.0075188
NODE_35532_length_4217_cov_5.235066	2074	2207	22	1	133	0.0075188
NODE_35532_length_4217_cov_5.235066	2074	2207	23	2	133	0.0150376
NODE_35532_length_4217_cov_5.235066	2074	2207	24	8	133	0.0601504
NODE_35532_length_4217_cov_5.235066	2074	2207	25	5	133	0.0375940
NODE_35584_length_4214_cov_4.370109	436	569	17	4	133	0.0300752
NODE_35584_length_4214_cov_4.370109	436	569	18	1	133	0.0075188
NODE_35584_length_4214_cov_4.370109	436	569	20	3	133	0.0225564
NODE_35584_length_4214_cov_4.370109	436	569	23	1	133	0.0075188
NODE_35584_length_4214_cov_4.370109	436	569	24	1	133	0.0075188
NODE_35584_length_4214_cov_4.370109	436	569	25	5	133	0.0375940
NODE_35584_length_4214_cov_4.370109	436	569	26	9	133	0.0676692
NODE_35584_length_4214_cov_4.370109	436	569	27	6	133	0.0451128
NODE_35584_length_4214_cov_4.370109	436	569	29	4	133	0.0300752
NODE_35584_length_4214_cov_4.370109	436	569	30	1	133	0.0075188
NODE_35584_length_4214_cov_4.370109	436	569	31	10	133	0.0751880
NODE_35584_length_4214_cov_4.370109	436	569	32	6	133	0.0451128
NODE_35584_length_4214_cov_4.370109	436	569	33	6	133	0.0451128
NODE_35584_length_4214_cov_4.370109	436	569	34	5	133	0.0375940
NODE_35584_length_4214_cov_4.370109	436	569	35	2	133	0.0150376
NODE_35584_length_4214_cov_4.370109	436	569	36	8	133	0.0601504
NODE_35584_length_4214_cov_4.370109	436	569	37	8	133	0.0601504
NODE_35584_length_4214_cov_4.370109	436	569	38	24	133	0.1804511
NODE_35584_length_4214_cov_4.370109	436	569	39	22	133	0.1654135
NODE_35584_length_4214_cov_4.370109	436	569	40	5	133	0.0375940
NODE_35584_length_4214_cov_4.370109	436	569	41	2	133	0.0150376
NODE_35589_length_4214_cov_3.488457	1062	1195	12	1	133	0.0075188
NODE_35589_length_4214_cov_3.488457	1062	1195	13	33	133	0.2481203
NODE_35589_length_4214_cov_3.488457	1062	1195	14	10	133	0.0751880
NODE_35589_length_4214_cov_3.488457	1062	1195	15	2	133	0.0150376
NODE_35589_length_4214_cov_3.488457	1062	1195	16	10	133	0.0751880
NODE_35589_length_4214_cov_3.488457	1062	1195	18	3	133	0.0225564
NODE_35589_length_4214_cov_3.488457	1062	1195	19	4	133	0.0300752
NODE_35589_length_4214_cov_3.488457	1062	1195	20	4	133	0.0300752
NODE_35589_length_4214_cov_3.488457	1062	1195	21	2	133	0.0150376
NODE_35589_length_4214_cov_3.488457	1062	1195	22	3	133	0.0225564
NODE_35589_length_4214_cov_3.488457	1062	1195	23	2	133	0.0150376
NODE_35589_length_4214_cov_3.488457	1062	1195	24	1	133	0.0075188
NODE_35589_length_4214_cov_3.488457	1062	1195	25	1	133	0.0075188
NODE_35589_length_4214_cov_3.488457	1062	1195	26	1	133	0.0075188
NODE_35589_length_4214_cov_3.488457	1062	1195	27	7	133	0.0526316
NODE_35589_length_4214_cov_3.488457	1062	1195	29	1	133	0.0075188
NODE_35589_length_4214_cov_3.488457	1062	1195	31	5	133	0.0375940
NODE_35589_length_4214_cov_3.488457	1062	1195	33	2	133	0.0150376
NODE_35589_length_4214_cov_3.488457	1062	1195	34	2	133	0.0150376
NODE_35589_length_4214_cov_3.488457	1062	1195	35	4	133	0.0300752
NODE_35589_length_4214_cov_3.488457	1062	1195	36	2	133	0.0150376
NODE_35589_length_4214_cov_3.488457	1062	1195	38	13	133	0.0977444
NODE_35589_length_4214_cov_3.488457	1062	1195	39	2	133	0.0150376
NODE_35589_length_4214_cov_3.488457	1062	1195	40	1	133	0.0075188
NODE_35589_length_4214_cov_3.488457	1062	1195	42	1	133	0.0075188
NODE_35589_length_4214_cov_3.488457	1062	1195	43	4	133	0.0300752
NODE_35589_length_4214_cov_3.488457	1062	1195	44	6	133	0.0451128
NODE_35589_length_4214_cov_3.488457	1062	1195	45	2	133	0.0150376
NODE_35589_length_4214_cov_3.488457	1062	1195	46	4	133	0.0300752
NODE_355973_length_562_cov_2.354212	310	443	5	5	133	0.0375940
NODE_355973_length_562_cov_2.354212	310	443	6	2	133	0.0150376
NODE_355973_length_562_cov_2.354212	310	443	7	30	133	0.2255639
NODE_355973_length_562_cov_2.354212	310	443	8	14	133	0.1052632
NODE_355973_length_562_cov_2.354212	310	443	10	36	133	0.2706767
NODE_355973_length_562_cov_2.354212	310	443	11	35	133	0.2631579
NODE_355973_length_562_cov_2.354212	310	443	12	11	133	0.0827068
NODE_355974_length_562_cov_2.341253	330	463	5	27	133	0.2030075
NODE_355974_length_562_cov_2.341253	330	463	7	10	133	0.0751880
NODE_355974_length_562_cov_2.341253	330	463	8	1	133	0.0075188
NODE_355974_length_562_cov_2.341253	330	463	9	26	133	0.1954887
NODE_355974_length_562_cov_2.341253	330	463	11	8	133	0.0601504
NODE_355974_length_562_cov_2.341253	330	463	12	21	133	0.1578947
NODE_355974_length_562_cov_2.341253	330	463	13	40	133	0.3007519
NODE_35630_length_4211_cov_4.866002	1054	1187	10	9	133	0.0676692
NODE_35630_length_4211_cov_4.866002	1054	1187	11	15	133	0.1127820
NODE_35630_length_4211_cov_4.866002	1054	1187	12	10	133	0.0751880
NODE_35630_length_4211_cov_4.866002	1054	1187	13	21	133	0.1578947
NODE_35630_length_4211_cov_4.866002	1054	1187	14	9	133	0.0676692
NODE_35630_length_4211_cov_4.866002	1054	1187	15	14	133	0.1052632
NODE_35630_length_4211_cov_4.866002	1054	1187	16	36	133	0.2706767
NODE_35630_length_4211_cov_4.866002	1054	1187	17	14	133	0.1052632
NODE_35630_length_4211_cov_4.866002	1054	1187	18	2	133	0.0150376
NODE_35630_length_4211_cov_4.866002	1054	1187	19	3	133	0.0225564
NODE_35647_length_4210_cov_5.403795	1904	2037	2	55	133	0.4135338
NODE_35647_length_4210_cov_5.403795	1904	2037	3	22	133	0.1654135
NODE_35647_length_4210_cov_5.403795	1904	2037	5	56	133	0.4210526
NODE_356571_length_560_cov_3.258134	128	261	8	18	133	0.1353384
NODE_356571_length_560_cov_3.258134	128	261	9	32	133	0.2406015
NODE_356571_length_560_cov_3.258134	128	261	10	73	133	0.5488722
NODE_356571_length_560_cov_3.258134	128	261	11	3	133	0.0225564
NODE_356571_length_560_cov_3.258134	128	261	12	7	133	0.0526316
NODE_35666_length_4209_cov_5.317762	3276	3409	4	51	133	0.3834586
NODE_35666_length_4209_cov_5.317762	3276	3409	5	7	133	0.0526316
NODE_35666_length_4209_cov_5.317762	3276	3409	6	75	133	0.5639098
NODE_356846_length_559_cov_4.878261	120	253	3	1	133	0.0075188
NODE_356846_length_559_cov_4.878261	120	253	4	21	133	0.1578947
NODE_356846_length_559_cov_4.878261	120	253	5	13	133	0.0977444
NODE_356846_length_559_cov_4.878261	120	253	6	2	133	0.0150376
NODE_356846_length_559_cov_4.878261	120	253	7	2	133	0.0150376
NODE_356846_length_559_cov_4.878261	120	253	8	15	133	0.1127820
NODE_356846_length_559_cov_4.878261	120	253	9	3	133	0.0225564
NODE_356846_length_559_cov_4.878261	120	253	11	3	133	0.0225564
NODE_356846_length_559_cov_4.878261	120	253	12	2	133	0.0150376
NODE_356846_length_559_cov_4.878261	120	253	13	2	133	0.0150376
NODE_356846_length_559_cov_4.878261	120	253	14	3	133	0.0225564
NODE_356846_length_559_cov_4.878261	120	253	15	10	133	0.0751880
NODE_356846_length_559_cov_4.878261	120	253	16	11	133	0.0827068
NODE_356846_length_559_cov_4.878261	120	253	17	7	133	0.0526316
NODE_356846_length_559_cov_4.878261	120	253	18	5	133	0.0375940
NODE_356846_length_559_cov_4.878261	120	253	19	5	133	0.0375940
NODE_356846_length_559_cov_4.878261	120	253	21	10	133	0.0751880
NODE_356846_length_559_cov_4.878261	120	253	22	8	133	0.0601504
NODE_356846_length_559_cov_4.878261	120	253	23	1	133	0.0075188
NODE_356846_length_559_cov_4.878261	120	253	24	6	133	0.0451128
NODE_356846_length_559_cov_4.878261	120	253	25	2	133	0.0150376
NODE_356846_length_559_cov_4.878261	120	253	29	1	133	0.0075188
NODE_3568_length_10462_cov_3.861141	2194	2327	18	14	133	0.1052632
NODE_3568_length_10462_cov_3.861141	2194	2327	19	7	133	0.0526316
NODE_3568_length_10462_cov_3.861141	2194	2327	20	1	133	0.0075188
NODE_3568_length_10462_cov_3.861141	2194	2327	21	3	133	0.0225564
NODE_3568_length_10462_cov_3.861141	2194	2327	22	7	133	0.0526316
NODE_3568_length_10462_cov_3.861141	2194	2327	23	2	133	0.0150376
NODE_3568_length_10462_cov_3.861141	2194	2327	25	6	133	0.0451128
NODE_3568_length_10462_cov_3.861141	2194	2327	26	28	133	0.2105263
NODE_3568_length_10462_cov_3.861141	2194	2327	27	4	133	0.0300752
NODE_3568_length_10462_cov_3.861141	2194	2327	29	9	133	0.0676692
NODE_3568_length_10462_cov_3.861141	2194	2327	30	8	133	0.0601504
NODE_3568_length_10462_cov_3.861141	2194	2327	31	15	133	0.1127820
NODE_3568_length_10462_cov_3.861141	2194	2327	32	17	133	0.1278196
NODE_3568_length_10462_cov_3.861141	2194	2327	33	6	133	0.0451128
NODE_3568_length_10462_cov_3.861141	2194	2327	34	6	133	0.0451128
NODE_356_length_19207_cov_9.267323	1424	1557	89	1	133	0.0075188
NODE_356_length_19207_cov_9.267323	1424	1557	90	3	133	0.0225564
NODE_356_length_19207_cov_9.267323	1424	1557	93	1	133	0.0075188
NODE_356_length_19207_cov_9.267323	1424	1557	94	1	133	0.0075188
NODE_356_length_19207_cov_9.267323	1424	1557	95	1	133	0.0075188
NODE_356_length_19207_cov_9.267323	1424	1557	96	2	133	0.0150376
NODE_356_length_19207_cov_9.267323	1424	1557	97	2	133	0.0150376
NODE_356_length_19207_cov_9.267323	1424	1557	98	1	133	0.0075188
NODE_356_length_19207_cov_9.267323	1424	1557	99	1	133	0.0075188
NODE_356_length_19207_cov_9.267323	1424	1557	100	1	133	0.0075188
NODE_356_length_19207_cov_9.267323	1424	1557	101	4	133	0.0300752
NODE_356_length_19207_cov_9.267323	1424	1557	102	1	133	0.0075188
NODE_356_length_19207_cov_9.267323	1424	1557	103	4	133	0.0300752
NODE_356_length_19207_cov_9.267323	1424	1557	104	2	133	0.0150376
NODE_356_length_19207_cov_9.267323	1424	1557	105	2	133	0.0150376
NODE_356_length_19207_cov_9.267323	1424	1557	106	3	133	0.0225564
NODE_356_length_19207_cov_9.267323	1424	1557	110	2	133	0.0150376
NODE_356_length_19207_cov_9.267323	1424	1557	111	3	133	0.0225564
NODE_356_length_19207_cov_9.267323	1424	1557	113	1	133	0.0075188
NODE_356_length_19207_cov_9.267323	1424	1557	116	1	133	0.0075188
NODE_356_length_19207_cov_9.267323	1424	1557	117	1	133	0.0075188
NODE_356_length_19207_cov_9.267323	1424	1557	118	1	133	0.0075188
NODE_356_length_19207_cov_9.267323	1424	1557	119	1	133	0.0075188
NODE_356_length_19207_cov_9.267323	1424	1557	124	1	133	0.0075188
NODE_356_length_19207_cov_9.267323	1424	1557	125	1	133	0.0075188
NODE_356_length_19207_cov_9.267323	1424	1557	126	1	133	0.0075188
NODE_356_length_19207_cov_9.267323	1424	1557	127	1	133	0.0075188
NODE_356_length_19207_cov_9.267323	1424	1557	128	1	133	0.0075188
NODE_356_length_19207_cov_9.267323	1424	1557	129	2	133	0.0150376
NODE_356_length_19207_cov_9.267323	1424	1557	133	1	133	0.0075188
NODE_356_length_19207_cov_9.267323	1424	1557	137	1	133	0.0075188
NODE_356_length_19207_cov_9.267323	1424	1557	139	1	133	0.0075188
NODE_356_length_19207_cov_9.267323	1424	1557	140	1	133	0.0075188
NODE_356_length_19207_cov_9.267323	1424	1557	142	2	133	0.0150376
NODE_356_length_19207_cov_9.267323	1424	1557	143	1	133	0.0075188
NODE_356_length_19207_cov_9.267323	1424	1557	144	2	133	0.0150376
NODE_356_length_19207_cov_9.267323	1424	1557	145	1	133	0.0075188
NODE_356_length_19207_cov_9.267323	1424	1557	148	1	133	0.0075188
NODE_356_length_19207_cov_9.267323	1424	1557	149	4	133	0.0300752
NODE_356_length_19207_cov_9.267323	1424	1557	150	1	133	0.0075188
NODE_356_length_19207_cov_9.267323	1424	1557	153	1	133	0.0075188
NODE_356_length_19207_cov_9.267323	1424	1557	154	2	133	0.0150376
NODE_356_length_19207_cov_9.267323	1424	1557	155	12	133	0.0902256
NODE_356_length_19207_cov_9.267323	1424	1557	156	21	133	0.1578947
NODE_356_length_19207_cov_9.267323	1424	1557	157	4	133	0.0300752
NODE_356_length_19207_cov_9.267323	1424	1557	158	8	133	0.0601504
NODE_356_length_19207_cov_9.267323	1424	1557	159	5	133	0.0375940
NODE_356_length_19207_cov_9.267323	1424	1557	160	3	133	0.0225564
NODE_356_length_19207_cov_9.267323	1424	1557	161	3	133	0.0225564
NODE_356_length_19207_cov_9.267323	1424	1557	162	2	133	0.0150376
NODE_356_length_19207_cov_9.267323	1424	1557	163	5	133	0.0375940
NODE_356_length_19207_cov_9.267323	1424	1557	164	2	133	0.0150376
NODE_356_length_19207_cov_9.267323	1424	1557	165	2	133	0.0150376
NODE_357051_length_559_cov_2.584783	387	520	0	26	133	0.1954887
NODE_357051_length_559_cov_2.584783	387	520	2	107	133	0.8045112
NODE_35710_length_4206_cov_4.993669	2708	2841	12	2	133	0.0150376
NODE_35710_length_4206_cov_4.993669	2708	2841	13	6	133	0.0451128
NODE_35710_length_4206_cov_4.993669	2708	2841	14	27	133	0.2030075
NODE_35710_length_4206_cov_4.993669	2708	2841	15	1	133	0.0075188
NODE_35710_length_4206_cov_4.993669	2708	2841	16	12	133	0.0902256
NODE_35710_length_4206_cov_4.993669	2708	2841	17	27	133	0.2030075
NODE_35710_length_4206_cov_4.993669	2708	2841	18	36	133	0.2706767
NODE_35710_length_4206_cov_4.993669	2708	2841	19	22	133	0.1654135
NODE_35713_length_4206_cov_4.555880	661	794	8	8	133	0.0601504
NODE_35713_length_4206_cov_4.555880	661	794	9	36	133	0.2706767
NODE_35713_length_4206_cov_4.555880	661	794	10	8	133	0.0601504
NODE_35713_length_4206_cov_4.555880	661	794	11	1	133	0.0075188
NODE_35713_length_4206_cov_4.555880	661	794	12	17	133	0.1278196
NODE_35713_length_4206_cov_4.555880	661	794	13	25	133	0.1879699
NODE_35713_length_4206_cov_4.555880	661	794	14	27	133	0.2030075
NODE_35713_length_4206_cov_4.555880	661	794	15	11	133	0.0827068
NODE_357209_length_558_cov_6.370370	363	496	0	34	133	0.2556391
NODE_357209_length_558_cov_6.370370	363	496	2	99	133	0.7443609
NODE_35720_length_4206_cov_3.068663	1243	1376	9	12	133	0.0902256
NODE_35720_length_4206_cov_3.068663	1243	1376	10	2	133	0.0150376
NODE_35720_length_4206_cov_3.068663	1243	1376	12	1	133	0.0075188
NODE_35720_length_4206_cov_3.068663	1243	1376	13	4	133	0.0300752
NODE_35720_length_4206_cov_3.068663	1243	1376	15	1	133	0.0075188
NODE_35720_length_4206_cov_3.068663	1243	1376	16	16	133	0.1203008
NODE_35720_length_4206_cov_3.068663	1243	1376	17	8	133	0.0601504
NODE_35720_length_4206_cov_3.068663	1243	1376	18	9	133	0.0676692
NODE_35720_length_4206_cov_3.068663	1243	1376	19	2	133	0.0150376
NODE_35720_length_4206_cov_3.068663	1243	1376	20	15	133	0.1127820
NODE_35720_length_4206_cov_3.068663	1243	1376	21	30	133	0.2255639
NODE_35720_length_4206_cov_3.068663	1243	1376	22	33	133	0.2481203
NODE_35723_length_4205_cov_5.341208	3533	3666	8	15	133	0.1127820
NODE_35723_length_4205_cov_5.341208	3533	3666	9	81	133	0.6090226
NODE_35723_length_4205_cov_5.341208	3533	3666	10	25	133	0.1879699
NODE_35723_length_4205_cov_5.341208	3533	3666	11	12	133	0.0902256
NODE_357279_length_558_cov_3.697168	259	392	15	7	133	0.0526316
NODE_357279_length_558_cov_3.697168	259	392	16	7	133	0.0526316
NODE_357279_length_558_cov_3.697168	259	392	17	5	133	0.0375940
NODE_357279_length_558_cov_3.697168	259	392	18	13	133	0.0977444
NODE_357279_length_558_cov_3.697168	259	392	19	11	133	0.0827068
NODE_357279_length_558_cov_3.697168	259	392	20	24	133	0.1804511
NODE_357279_length_558_cov_3.697168	259	392	21	11	133	0.0827068
NODE_357279_length_558_cov_3.697168	259	392	22	32	133	0.2406015
NODE_357279_length_558_cov_3.697168	259	392	23	20	133	0.1503759
NODE_357279_length_558_cov_3.697168	259	392	24	3	133	0.0225564
NODE_3572_length_10457_cov_4.240780	8297	8430	0	32	133	0.2406015
NODE_3572_length_10457_cov_4.240780	8297	8430	1	7	133	0.0526316
NODE_3572_length_10457_cov_4.240780	8297	8430	3	94	133	0.7067669
NODE_35734_length_4205_cov_3.424257	2909	3042	38	8	133	0.0601504
NODE_35734_length_4205_cov_3.424257	2909	3042	39	2	133	0.0150376
NODE_35734_length_4205_cov_3.424257	2909	3042	40	1	133	0.0075188
NODE_35734_length_4205_cov_3.424257	2909	3042	41	6	133	0.0451128
NODE_35734_length_4205_cov_3.424257	2909	3042	42	1	133	0.0075188
NODE_35734_length_4205_cov_3.424257	2909	3042	44	2	133	0.0150376
NODE_35734_length_4205_cov_3.424257	2909	3042	45	7	133	0.0526316
NODE_35734_length_4205_cov_3.424257	2909	3042	46	11	133	0.0827068
NODE_35734_length_4205_cov_3.424257	2909	3042	48	3	133	0.0225564
NODE_35734_length_4205_cov_3.424257	2909	3042	49	4	133	0.0300752
NODE_35734_length_4205_cov_3.424257	2909	3042	50	13	133	0.0977444
NODE_35734_length_4205_cov_3.424257	2909	3042	51	13	133	0.0977444
NODE_35734_length_4205_cov_3.424257	2909	3042	52	22	133	0.1654135
NODE_35734_length_4205_cov_3.424257	2909	3042	53	7	133	0.0526316
NODE_35734_length_4205_cov_3.424257	2909	3042	54	19	133	0.1428571
NODE_35734_length_4205_cov_3.424257	2909	3042	55	12	133	0.0902256
NODE_35734_length_4205_cov_3.424257	2909	3042	56	1	133	0.0075188
NODE_35734_length_4205_cov_3.424257	2909	3042	57	1	133	0.0075188
NODE_3577_length_10454_cov_3.611202	8969	9102	13	16	133	0.1203008
NODE_3577_length_10454_cov_3.611202	8969	9102	14	3	133	0.0225564
NODE_3577_length_10454_cov_3.611202	8969	9102	15	23	133	0.1729323
NODE_3577_length_10454_cov_3.611202	8969	9102	16	20	133	0.1503759
NODE_3577_length_10454_cov_3.611202	8969	9102	17	19	133	0.1428571
NODE_3577_length_10454_cov_3.611202	8969	9102	18	21	133	0.1578947
NODE_3577_length_10454_cov_3.611202	8969	9102	19	10	133	0.0751880
NODE_3577_length_10454_cov_3.611202	8969	9102	20	6	133	0.0451128
NODE_3577_length_10454_cov_3.611202	8969	9102	21	15	133	0.1127820
NODE_3581_length_10449_cov_3.786280	5774	5907	5	6	133	0.0451128
NODE_3581_length_10449_cov_3.786280	5774	5907	7	72	133	0.5413534
NODE_3581_length_10449_cov_3.786280	5774	5907	8	55	133	0.4135338
NODE_3585_length_10443_cov_4.251063	1339	1472	5	16	133	0.1203008
NODE_3585_length_10443_cov_4.251063	1339	1472	6	16	133	0.1203008
NODE_3585_length_10443_cov_4.251063	1339	1472	7	64	133	0.4812030
NODE_3585_length_10443_cov_4.251063	1339	1472	8	37	133	0.2781955
NODE_358659_length_554_cov_3.362637	107	240	14	21	133	0.1578947
NODE_358659_length_554_cov_3.362637	107	240	15	1	133	0.0075188
NODE_358659_length_554_cov_3.362637	107	240	16	10	133	0.0751880
NODE_358659_length_554_cov_3.362637	107	240	17	4	133	0.0300752
NODE_358659_length_554_cov_3.362637	107	240	18	32	133	0.2406015
NODE_358659_length_554_cov_3.362637	107	240	19	33	133	0.2481203
NODE_358659_length_554_cov_3.362637	107	240	20	17	133	0.1278196
NODE_358659_length_554_cov_3.362637	107	240	21	15	133	0.1127820
NODE_3586_length_10443_cov_3.836620	6719	6852	7	30	133	0.2255639
NODE_3586_length_10443_cov_3.836620	6719	6852	8	7	133	0.0526316
NODE_3586_length_10443_cov_3.836620	6719	6852	9	4	133	0.0300752
NODE_3586_length_10443_cov_3.836620	6719	6852	10	24	133	0.1804511
NODE_3586_length_10443_cov_3.836620	6719	6852	11	35	133	0.2631579
NODE_3586_length_10443_cov_3.836620	6719	6852	12	30	133	0.2255639
NODE_3586_length_10443_cov_3.836620	6719	6852	13	3	133	0.0225564
NODE_35871_length_4198_cov_3.767992	3942	4075	5	9	133	0.0676692
NODE_35871_length_4198_cov_3.767992	3942	4075	6	4	133	0.0300752
NODE_35871_length_4198_cov_3.767992	3942	4075	8	6	133	0.0451128
NODE_35871_length_4198_cov_3.767992	3942	4075	9	5	133	0.0375940
NODE_35871_length_4198_cov_3.767992	3942	4075	10	11	133	0.0827068
NODE_35871_length_4198_cov_3.767992	3942	4075	12	2	133	0.0150376
NODE_35871_length_4198_cov_3.767992	3942	4075	13	3	133	0.0225564
NODE_35871_length_4198_cov_3.767992	3942	4075	14	1	133	0.0075188
NODE_35871_length_4198_cov_3.767992	3942	4075	15	1	133	0.0075188
NODE_35871_length_4198_cov_3.767992	3942	4075	16	13	133	0.0977444
NODE_35871_length_4198_cov_3.767992	3942	4075	17	4	133	0.0300752
NODE_35871_length_4198_cov_3.767992	3942	4075	18	2	133	0.0150376
NODE_35871_length_4198_cov_3.767992	3942	4075	20	5	133	0.0375940
NODE_35871_length_4198_cov_3.767992	3942	4075	21	6	133	0.0451128
NODE_35871_length_4198_cov_3.767992	3942	4075	22	6	133	0.0451128
NODE_35871_length_4198_cov_3.767992	3942	4075	24	12	133	0.0902256
NODE_35871_length_4198_cov_3.767992	3942	4075	25	18	133	0.1353384
NODE_35871_length_4198_cov_3.767992	3942	4075	26	6	133	0.0451128
NODE_35871_length_4198_cov_3.767992	3942	4075	27	13	133	0.0977444
NODE_35871_length_4198_cov_3.767992	3942	4075	28	6	133	0.0451128
NODE_358981_length_553_cov_4.156388	399	532	4	45	133	0.3383459
NODE_358981_length_553_cov_4.156388	399	532	6	11	133	0.0827068
NODE_358981_length_553_cov_4.156388	399	532	7	77	133	0.5789474
NODE_35979_length_4191_cov_105.720186	1523	1656	16	2	133	0.0150376
NODE_35979_length_4191_cov_105.720186	1523	1656	17	6	133	0.0451128
NODE_35979_length_4191_cov_105.720186	1523	1656	18	17	133	0.1278196
NODE_35979_length_4191_cov_105.720186	1523	1656	19	1	133	0.0075188
NODE_35979_length_4191_cov_105.720186	1523	1656	21	1	133	0.0075188
NODE_35979_length_4191_cov_105.720186	1523	1656	22	2	133	0.0150376
NODE_35979_length_4191_cov_105.720186	1523	1656	34	9	133	0.0676692
NODE_35979_length_4191_cov_105.720186	1523	1656	35	7	133	0.0526316
NODE_35979_length_4191_cov_105.720186	1523	1656	36	5	133	0.0375940
NODE_35979_length_4191_cov_105.720186	1523	1656	37	2	133	0.0150376
NODE_35979_length_4191_cov_105.720186	1523	1656	38	8	133	0.0601504
NODE_35979_length_4191_cov_105.720186	1523	1656	39	18	133	0.1353384
NODE_35979_length_4191_cov_105.720186	1523	1656	41	1	133	0.0075188
NODE_35979_length_4191_cov_105.720186	1523	1656	43	14	133	0.1052632
NODE_35979_length_4191_cov_105.720186	1523	1656	44	8	133	0.0601504
NODE_35979_length_4191_cov_105.720186	1523	1656	45	26	133	0.1954887
NODE_35979_length_4191_cov_105.720186	1523	1656	46	6	133	0.0451128
NODE_359898_length_551_cov_2.382743	271	404	14	7	133	0.0526316
NODE_359898_length_551_cov_2.382743	271	404	15	11	133	0.0827068
NODE_359898_length_551_cov_2.382743	271	404	16	2	133	0.0150376
NODE_359898_length_551_cov_2.382743	271	404	17	5	133	0.0375940
NODE_359898_length_551_cov_2.382743	271	404	19	10	133	0.0751880
NODE_359898_length_551_cov_2.382743	271	404	21	7	133	0.0526316
NODE_359898_length_551_cov_2.382743	271	404	23	4	133	0.0300752
NODE_359898_length_551_cov_2.382743	271	404	24	4	133	0.0300752
NODE_359898_length_551_cov_2.382743	271	404	25	24	133	0.1804511
NODE_359898_length_551_cov_2.382743	271	404	26	14	133	0.1052632
NODE_359898_length_551_cov_2.382743	271	404	27	12	133	0.0902256
NODE_359898_length_551_cov_2.382743	271	404	28	22	133	0.1654135
NODE_359898_length_551_cov_2.382743	271	404	29	2	133	0.0150376
NODE_359898_length_551_cov_2.382743	271	404	30	9	133	0.0676692
NODE_359_length_19157_cov_4.443069	18359	18492	4	31	133	0.2330827
NODE_359_length_19157_cov_4.443069	18359	18492	6	12	133	0.0902256
NODE_359_length_19157_cov_4.443069	18359	18492	7	18	133	0.1353384
NODE_359_length_19157_cov_4.443069	18359	18492	8	13	133	0.0977444
NODE_359_length_19157_cov_4.443069	18359	18492	9	13	133	0.0977444
NODE_359_length_19157_cov_4.443069	18359	18492	10	4	133	0.0300752
NODE_359_length_19157_cov_4.443069	18359	18492	11	14	133	0.1052632
NODE_359_length_19157_cov_4.443069	18359	18492	12	5	133	0.0375940
NODE_359_length_19157_cov_4.443069	18359	18492	13	23	133	0.1729323
NODE_36035_length_4189_cov_5.299756	3610	3743	10	2	133	0.0150376
NODE_36035_length_4189_cov_5.299756	3610	3743	12	24	133	0.1804511
NODE_36035_length_4189_cov_5.299756	3610	3743	13	8	133	0.0601504
NODE_36035_length_4189_cov_5.299756	3610	3743	15	4	133	0.0300752
NODE_36035_length_4189_cov_5.299756	3610	3743	17	10	133	0.0751880
NODE_36035_length_4189_cov_5.299756	3610	3743	18	3	133	0.0225564
NODE_36035_length_4189_cov_5.299756	3610	3743	19	24	133	0.1804511
NODE_36035_length_4189_cov_5.299756	3610	3743	20	35	133	0.2631579
NODE_36035_length_4189_cov_5.299756	3610	3743	21	23	133	0.1729323
NODE_360371_length_549_cov_3.995556	449	582	0	133	133	1.0000000
NODE_360373_length_549_cov_3.975556	189	322	19	3	133	0.0225564
NODE_360373_length_549_cov_3.975556	189	322	20	3	133	0.0225564
NODE_360373_length_549_cov_3.975556	189	322	21	15	133	0.1127820
NODE_360373_length_549_cov_3.975556	189	322	22	19	133	0.1428571
NODE_360373_length_549_cov_3.975556	189	322	23	16	133	0.1203008
NODE_360373_length_549_cov_3.975556	189	322	24	12	133	0.0902256
NODE_360373_length_549_cov_3.975556	189	322	25	15	133	0.1127820
NODE_360373_length_549_cov_3.975556	189	322	26	38	133	0.2857143
NODE_360373_length_549_cov_3.975556	189	322	27	3	133	0.0225564
NODE_360373_length_549_cov_3.975556	189	322	28	9	133	0.0676692
NODE_36050_length_4188_cov_4.422842	1197	1330	4	2	133	0.0150376
NODE_36050_length_4188_cov_4.422842	1197	1330	6	12	133	0.0902256
NODE_36050_length_4188_cov_4.422842	1197	1330	7	45	133	0.3383459
NODE_36050_length_4188_cov_4.422842	1197	1330	8	6	133	0.0451128
NODE_36050_length_4188_cov_4.422842	1197	1330	10	1	133	0.0075188
NODE_36050_length_4188_cov_4.422842	1197	1330	11	5	133	0.0375940
NODE_36050_length_4188_cov_4.422842	1197	1330	12	2	133	0.0150376
NODE_36050_length_4188_cov_4.422842	1197	1330	13	19	133	0.1428571
NODE_36050_length_4188_cov_4.422842	1197	1330	14	30	133	0.2255639
NODE_36050_length_4188_cov_4.422842	1197	1330	15	2	133	0.0150376
NODE_36050_length_4188_cov_4.422842	1197	1330	16	9	133	0.0676692
NODE_360577_length_549_cov_2.202222	321	454	2	7	133	0.0526316
NODE_360577_length_549_cov_2.202222	321	454	3	6	133	0.0451128
NODE_360577_length_549_cov_2.202222	321	454	4	2	133	0.0150376
NODE_360577_length_549_cov_2.202222	321	454	5	5	133	0.0375940
NODE_360577_length_549_cov_2.202222	321	454	6	4	133	0.0300752
NODE_360577_length_549_cov_2.202222	321	454	7	2	133	0.0150376
NODE_360577_length_549_cov_2.202222	321	454	8	7	133	0.0526316
NODE_360577_length_549_cov_2.202222	321	454	9	5	133	0.0375940
NODE_360577_length_549_cov_2.202222	321	454	10	6	133	0.0451128
NODE_360577_length_549_cov_2.202222	321	454	11	2	133	0.0150376
NODE_360577_length_549_cov_2.202222	321	454	13	6	133	0.0451128
NODE_360577_length_549_cov_2.202222	321	454	14	26	133	0.1954887
NODE_360577_length_549_cov_2.202222	321	454	16	54	133	0.4060150
NODE_360577_length_549_cov_2.202222	321	454	17	1	133	0.0075188
NODE_36064_length_4187_cov_4.638943	1545	1678	16	1	133	0.0075188
NODE_36064_length_4187_cov_4.638943	1545	1678	17	6	133	0.0451128
NODE_36064_length_4187_cov_4.638943	1545	1678	18	5	133	0.0375940
NODE_36064_length_4187_cov_4.638943	1545	1678	20	2	133	0.0150376
NODE_36064_length_4187_cov_4.638943	1545	1678	21	5	133	0.0375940
NODE_36064_length_4187_cov_4.638943	1545	1678	23	7	133	0.0526316
NODE_36064_length_4187_cov_4.638943	1545	1678	24	13	133	0.0977444
NODE_36064_length_4187_cov_4.638943	1545	1678	25	38	133	0.2857143
NODE_36064_length_4187_cov_4.638943	1545	1678	26	6	133	0.0451128
NODE_36064_length_4187_cov_4.638943	1545	1678	27	21	133	0.1578947
NODE_36064_length_4187_cov_4.638943	1545	1678	28	12	133	0.0902256
NODE_36064_length_4187_cov_4.638943	1545	1678	29	17	133	0.1278196
NODE_360761_length_548_cov_3.289532	42	175	5	8	133	0.0601504
NODE_360761_length_548_cov_3.289532	42	175	8	3	133	0.0225564
NODE_360761_length_548_cov_3.289532	42	175	9	2	133	0.0150376
NODE_360761_length_548_cov_3.289532	42	175	10	1	133	0.0075188
NODE_360761_length_548_cov_3.289532	42	175	11	8	133	0.0601504
NODE_360761_length_548_cov_3.289532	42	175	12	8	133	0.0601504
NODE_360761_length_548_cov_3.289532	42	175	13	1	133	0.0075188
NODE_360761_length_548_cov_3.289532	42	175	14	8	133	0.0601504
NODE_360761_length_548_cov_3.289532	42	175	15	10	133	0.0751880
NODE_360761_length_548_cov_3.289532	42	175	16	12	133	0.0902256
NODE_360761_length_548_cov_3.289532	42	175	17	39	133	0.2932331
NODE_360761_length_548_cov_3.289532	42	175	18	21	133	0.1578947
NODE_360761_length_548_cov_3.289532	42	175	19	4	133	0.0300752
NODE_360761_length_548_cov_3.289532	42	175	20	8	133	0.0601504
NODE_360975_length_548_cov_1.770601	262	395	1	5	133	0.0375940
NODE_360975_length_548_cov_1.770601	262	395	2	1	133	0.0075188
NODE_360975_length_548_cov_1.770601	262	395	3	11	133	0.0827068
NODE_360975_length_548_cov_1.770601	262	395	4	30	133	0.2255639
NODE_360975_length_548_cov_1.770601	262	395	5	44	133	0.3308271
NODE_360975_length_548_cov_1.770601	262	395	6	23	133	0.1729323
NODE_360975_length_548_cov_1.770601	262	395	8	9	133	0.0676692
NODE_360975_length_548_cov_1.770601	262	395	9	6	133	0.0451128
NODE_360975_length_548_cov_1.770601	262	395	11	4	133	0.0300752
NODE_360_length_19153_cov_4.194605	3659	3792	7	6	133	0.0451128
NODE_360_length_19153_cov_4.194605	3659	3792	8	2	133	0.0150376
NODE_360_length_19153_cov_4.194605	3659	3792	10	3	133	0.0225564
NODE_360_length_19153_cov_4.194605	3659	3792	11	4	133	0.0300752
NODE_360_length_19153_cov_4.194605	3659	3792	12	24	133	0.1804511
NODE_360_length_19153_cov_4.194605	3659	3792	13	15	133	0.1127820
NODE_360_length_19153_cov_4.194605	3659	3792	15	21	133	0.1578947
NODE_360_length_19153_cov_4.194605	3659	3792	16	4	133	0.0300752
NODE_360_length_19153_cov_4.194605	3659	3792	17	2	133	0.0150376
NODE_360_length_19153_cov_4.194605	3659	3792	18	21	133	0.1578947
NODE_360_length_19153_cov_4.194605	3659	3792	19	31	133	0.2330827
NODE_361177_length_547_cov_2.937500	128	261	8	4	133	0.0300752
NODE_361177_length_547_cov_2.937500	128	261	9	14	133	0.1052632
NODE_361177_length_547_cov_2.937500	128	261	10	9	133	0.0676692
NODE_361177_length_547_cov_2.937500	128	261	12	2	133	0.0150376
NODE_361177_length_547_cov_2.937500	128	261	13	23	133	0.1729323
NODE_361177_length_547_cov_2.937500	128	261	14	38	133	0.2857143
NODE_361177_length_547_cov_2.937500	128	261	15	2	133	0.0150376
NODE_361177_length_547_cov_2.937500	128	261	16	25	133	0.1879699
NODE_361177_length_547_cov_2.937500	128	261	17	14	133	0.1052632
NODE_361177_length_547_cov_2.937500	128	261	18	2	133	0.0150376
NODE_36150_length_4183_cov_3.189765	31	164	0	13	133	0.0977444
NODE_36150_length_4183_cov_3.189765	31	164	1	36	133	0.2706767
NODE_36150_length_4183_cov_3.189765	31	164	2	7	133	0.0526316
NODE_36150_length_4183_cov_3.189765	31	164	3	77	133	0.5789474
NODE_3615_length_10421_cov_4.087289	2510	2643	9	10	133	0.0751880
NODE_3615_length_10421_cov_4.087289	2510	2643	10	12	133	0.0902256
NODE_3615_length_10421_cov_4.087289	2510	2643	11	3	133	0.0225564
NODE_3615_length_10421_cov_4.087289	2510	2643	12	5	133	0.0375940
NODE_3615_length_10421_cov_4.087289	2510	2643	13	1	133	0.0075188
NODE_3615_length_10421_cov_4.087289	2510	2643	14	1	133	0.0075188
NODE_3615_length_10421_cov_4.087289	2510	2643	15	4	133	0.0300752
NODE_3615_length_10421_cov_4.087289	2510	2643	16	13	133	0.0977444
NODE_3615_length_10421_cov_4.087289	2510	2643	17	11	133	0.0827068
NODE_3615_length_10421_cov_4.087289	2510	2643	18	42	133	0.3157895
NODE_3615_length_10421_cov_4.087289	2510	2643	19	23	133	0.1729323
NODE_3615_length_10421_cov_4.087289	2510	2643	20	8	133	0.0601504
NODE_3616_length_10421_cov_3.641833	3047	3180	9	3	133	0.0225564
NODE_3616_length_10421_cov_3.641833	3047	3180	10	1	133	0.0075188
NODE_3616_length_10421_cov_3.641833	3047	3180	11	24	133	0.1804511
NODE_3616_length_10421_cov_3.641833	3047	3180	12	1	133	0.0075188
NODE_3616_length_10421_cov_3.641833	3047	3180	13	13	133	0.0977444
NODE_3616_length_10421_cov_3.641833	3047	3180	14	2	133	0.0150376
NODE_3616_length_10421_cov_3.641833	3047	3180	15	20	133	0.1503759
NODE_3616_length_10421_cov_3.641833	3047	3180	16	7	133	0.0526316
NODE_3616_length_10421_cov_3.641833	3047	3180	17	22	133	0.1654135
NODE_3616_length_10421_cov_3.641833	3047	3180	18	22	133	0.1654135
NODE_3616_length_10421_cov_3.641833	3047	3180	19	18	133	0.1353384
NODE_3618_length_10420_cov_4.435520	824	957	9	8	133	0.0601504
NODE_3618_length_10420_cov_4.435520	824	957	10	14	133	0.1052632
NODE_3618_length_10420_cov_4.435520	824	957	11	21	133	0.1578947
NODE_3618_length_10420_cov_4.435520	824	957	12	3	133	0.0225564
NODE_3618_length_10420_cov_4.435520	824	957	13	13	133	0.0977444
NODE_3618_length_10420_cov_4.435520	824	957	14	4	133	0.0300752
NODE_3618_length_10420_cov_4.435520	824	957	16	4	133	0.0300752
NODE_3618_length_10420_cov_4.435520	824	957	17	9	133	0.0676692
NODE_3618_length_10420_cov_4.435520	824	957	19	2	133	0.0150376
NODE_3618_length_10420_cov_4.435520	824	957	20	1	133	0.0075188
NODE_3618_length_10420_cov_4.435520	824	957	22	11	133	0.0827068
NODE_3618_length_10420_cov_4.435520	824	957	23	11	133	0.0827068
NODE_3618_length_10420_cov_4.435520	824	957	24	13	133	0.0977444
NODE_3618_length_10420_cov_4.435520	824	957	25	19	133	0.1428571
NODE_36210_length_4179_cov_3.842647	659	792	4	12	133	0.0902256
NODE_36210_length_4179_cov_3.842647	659	792	5	4	133	0.0300752
NODE_36210_length_4179_cov_3.842647	659	792	6	2	133	0.0150376
NODE_36210_length_4179_cov_3.842647	659	792	7	8	133	0.0601504
NODE_36210_length_4179_cov_3.842647	659	792	8	43	133	0.3233083
NODE_36210_length_4179_cov_3.842647	659	792	9	47	133	0.3533835
NODE_36210_length_4179_cov_3.842647	659	792	10	17	133	0.1278196
NODE_36240_length_4177_cov_3.910250	815	948	6	31	133	0.2330827
NODE_36240_length_4177_cov_3.910250	815	948	7	33	133	0.2481203
NODE_36240_length_4177_cov_3.910250	815	948	9	60	133	0.4511278
NODE_36240_length_4177_cov_3.910250	815	948	10	6	133	0.0451128
NODE_36240_length_4177_cov_3.910250	815	948	11	3	133	0.0225564
NODE_36255_length_4176_cov_3.978661	3646	3779	8	4	133	0.0300752
NODE_36255_length_4176_cov_3.978661	3646	3779	9	2	133	0.0150376
NODE_36255_length_4176_cov_3.978661	3646	3779	10	30	133	0.2255639
NODE_36255_length_4176_cov_3.978661	3646	3779	11	3	133	0.0225564
NODE_36255_length_4176_cov_3.978661	3646	3779	12	3	133	0.0225564
NODE_36255_length_4176_cov_3.978661	3646	3779	13	11	133	0.0827068
NODE_36255_length_4176_cov_3.978661	3646	3779	14	16	133	0.1203008
NODE_36255_length_4176_cov_3.978661	3646	3779	15	46	133	0.3458647
NODE_36255_length_4176_cov_3.978661	3646	3779	16	18	133	0.1353384
NODE_362566_length_543_cov_3.509009	36	169	2	13	133	0.0977444
NODE_362566_length_543_cov_3.509009	36	169	3	63	133	0.4736842
NODE_362566_length_543_cov_3.509009	36	169	4	54	133	0.4060150
NODE_362566_length_543_cov_3.509009	36	169	5	3	133	0.0225564
NODE_362616_length_543_cov_2.948198	190	323	1	27	133	0.2030075
NODE_362616_length_543_cov_2.948198	190	323	2	32	133	0.2406015
NODE_362616_length_543_cov_2.948198	190	323	3	74	133	0.5563910
NODE_362629_length_543_cov_2.835586	142	275	5	6	133	0.0451128
NODE_362629_length_543_cov_2.835586	142	275	6	17	133	0.1278196
NODE_362629_length_543_cov_2.835586	142	275	7	23	133	0.1729323
NODE_362629_length_543_cov_2.835586	142	275	8	2	133	0.0150376
NODE_362629_length_543_cov_2.835586	142	275	10	7	133	0.0526316
NODE_362629_length_543_cov_2.835586	142	275	11	2	133	0.0150376
NODE_362629_length_543_cov_2.835586	142	275	13	35	133	0.2631579
NODE_362629_length_543_cov_2.835586	142	275	14	1	133	0.0075188
NODE_362629_length_543_cov_2.835586	142	275	15	12	133	0.0902256
NODE_362629_length_543_cov_2.835586	142	275	16	2	133	0.0150376
NODE_362629_length_543_cov_2.835586	142	275	17	1	133	0.0075188
NODE_362629_length_543_cov_2.835586	142	275	18	4	133	0.0300752
NODE_362629_length_543_cov_2.835586	142	275	19	20	133	0.1503759
NODE_362629_length_543_cov_2.835586	142	275	20	1	133	0.0075188
NODE_36270_length_4175_cov_3.936457	2427	2560	15	7	133	0.0526316
NODE_36270_length_4175_cov_3.936457	2427	2560	16	10	133	0.0751880
NODE_36270_length_4175_cov_3.936457	2427	2560	17	4	133	0.0300752
NODE_36270_length_4175_cov_3.936457	2427	2560	19	3	133	0.0225564
NODE_36270_length_4175_cov_3.936457	2427	2560	20	4	133	0.0300752
NODE_36270_length_4175_cov_3.936457	2427	2560	21	6	133	0.0451128
NODE_36270_length_4175_cov_3.936457	2427	2560	23	8	133	0.0601504
NODE_36270_length_4175_cov_3.936457	2427	2560	24	2	133	0.0150376
NODE_36270_length_4175_cov_3.936457	2427	2560	25	15	133	0.1127820
NODE_36270_length_4175_cov_3.936457	2427	2560	26	14	133	0.1052632
NODE_36270_length_4175_cov_3.936457	2427	2560	27	39	133	0.2932331
NODE_36270_length_4175_cov_3.936457	2427	2560	28	4	133	0.0300752
NODE_36270_length_4175_cov_3.936457	2427	2560	29	13	133	0.0977444
NODE_36270_length_4175_cov_3.936457	2427	2560	30	4	133	0.0300752
NODE_36288_length_4174_cov_3.523436	50	183	10	11	133	0.0827068
NODE_36288_length_4174_cov_3.523436	50	183	11	4	133	0.0300752
NODE_36288_length_4174_cov_3.523436	50	183	12	7	133	0.0526316
NODE_36288_length_4174_cov_3.523436	50	183	14	6	133	0.0451128
NODE_36288_length_4174_cov_3.523436	50	183	15	10	133	0.0751880
NODE_36288_length_4174_cov_3.523436	50	183	16	18	133	0.1353384
NODE_36288_length_4174_cov_3.523436	50	183	17	18	133	0.1353384
NODE_36288_length_4174_cov_3.523436	50	183	19	39	133	0.2932331
NODE_36288_length_4174_cov_3.523436	50	183	20	8	133	0.0601504
NODE_36288_length_4174_cov_3.523436	50	183	21	12	133	0.0902256
NODE_362916_length_542_cov_3.690745	364	497	14	5	133	0.0375940
NODE_362916_length_542_cov_3.690745	364	497	15	25	133	0.1879699
NODE_362916_length_542_cov_3.690745	364	497	17	8	133	0.0601504
NODE_362916_length_542_cov_3.690745	364	497	18	5	133	0.0375940
NODE_362916_length_542_cov_3.690745	364	497	19	2	133	0.0150376
NODE_362916_length_542_cov_3.690745	364	497	20	26	133	0.1954887
NODE_362916_length_542_cov_3.690745	364	497	21	18	133	0.1353384
NODE_362916_length_542_cov_3.690745	364	497	23	32	133	0.2406015
NODE_362916_length_542_cov_3.690745	364	497	24	8	133	0.0601504
NODE_362916_length_542_cov_3.690745	364	497	25	4	133	0.0300752
NODE_363387_length_541_cov_2.712670	151	284	2	4	133	0.0300752
NODE_363387_length_541_cov_2.712670	151	284	3	14	133	0.1052632
NODE_363387_length_541_cov_2.712670	151	284	4	19	133	0.1428571
NODE_363387_length_541_cov_2.712670	151	284	5	9	133	0.0676692
NODE_363387_length_541_cov_2.712670	151	284	6	5	133	0.0375940
NODE_363387_length_541_cov_2.712670	151	284	7	11	133	0.0827068
NODE_363387_length_541_cov_2.712670	151	284	8	2	133	0.0150376
NODE_363387_length_541_cov_2.712670	151	284	9	4	133	0.0300752
NODE_363387_length_541_cov_2.712670	151	284	10	1	133	0.0075188
NODE_363387_length_541_cov_2.712670	151	284	11	13	133	0.0977444
NODE_363387_length_541_cov_2.712670	151	284	13	25	133	0.1879699
NODE_363387_length_541_cov_2.712670	151	284	14	8	133	0.0601504
NODE_363387_length_541_cov_2.712670	151	284	15	7	133	0.0526316
NODE_363387_length_541_cov_2.712670	151	284	16	9	133	0.0676692
NODE_363387_length_541_cov_2.712670	151	284	17	2	133	0.0150376
NODE_36343_length_4170_cov_5.100712	2644	2777	17	15	133	0.1127820
NODE_36343_length_4170_cov_5.100712	2644	2777	18	2	133	0.0150376
NODE_36343_length_4170_cov_5.100712	2644	2777	19	3	133	0.0225564
NODE_36343_length_4170_cov_5.100712	2644	2777	20	9	133	0.0676692
NODE_36343_length_4170_cov_5.100712	2644	2777	21	6	133	0.0451128
NODE_36343_length_4170_cov_5.100712	2644	2777	22	1	133	0.0075188
NODE_36343_length_4170_cov_5.100712	2644	2777	23	6	133	0.0451128
NODE_36343_length_4170_cov_5.100712	2644	2777	24	4	133	0.0300752
NODE_36343_length_4170_cov_5.100712	2644	2777	25	17	133	0.1278196
NODE_36343_length_4170_cov_5.100712	2644	2777	26	11	133	0.0827068
NODE_36343_length_4170_cov_5.100712	2644	2777	27	3	133	0.0225564
NODE_36343_length_4170_cov_5.100712	2644	2777	28	23	133	0.1729323
NODE_36343_length_4170_cov_5.100712	2644	2777	29	22	133	0.1654135
NODE_36343_length_4170_cov_5.100712	2644	2777	30	11	133	0.0827068
NODE_36354_length_4169_cov_5.066339	1542	1675	2	49	133	0.3684210
NODE_36354_length_4169_cov_5.066339	1542	1675	3	78	133	0.5864662
NODE_36354_length_4169_cov_5.066339	1542	1675	4	6	133	0.0451128
NODE_36355_length_4169_cov_4.391892	2596	2729	5	3	133	0.0225564
NODE_36355_length_4169_cov_4.391892	2596	2729	6	43	133	0.3233083
NODE_36355_length_4169_cov_4.391892	2596	2729	9	6	133	0.0451128
NODE_36355_length_4169_cov_4.391892	2596	2729	10	33	133	0.2481203
NODE_36355_length_4169_cov_4.391892	2596	2729	11	14	133	0.1052632
NODE_36355_length_4169_cov_4.391892	2596	2729	12	4	133	0.0300752
NODE_36355_length_4169_cov_4.391892	2596	2729	13	30	133	0.2255639
NODE_363732_length_540_cov_2.959184	146	279	14	8	133	0.0601504
NODE_363732_length_540_cov_2.959184	146	279	15	12	133	0.0902256
NODE_363732_length_540_cov_2.959184	146	279	16	3	133	0.0225564
NODE_363732_length_540_cov_2.959184	146	279	18	2	133	0.0150376
NODE_363732_length_540_cov_2.959184	146	279	19	8	133	0.0601504
NODE_363732_length_540_cov_2.959184	146	279	20	14	133	0.1052632
NODE_363732_length_540_cov_2.959184	146	279	21	7	133	0.0526316
NODE_363732_length_540_cov_2.959184	146	279	22	41	133	0.3082707
NODE_363732_length_540_cov_2.959184	146	279	23	23	133	0.1729323
NODE_363732_length_540_cov_2.959184	146	279	24	7	133	0.0526316
NODE_363732_length_540_cov_2.959184	146	279	25	6	133	0.0451128
NODE_363732_length_540_cov_2.959184	146	279	26	2	133	0.0150376
NODE_36376_length_4168_cov_3.856230	1828	1961	7	25	133	0.1879699
NODE_36376_length_4168_cov_3.856230	1828	1961	8	15	133	0.1127820
NODE_36376_length_4168_cov_3.856230	1828	1961	9	8	133	0.0601504
NODE_36376_length_4168_cov_3.856230	1828	1961	10	8	133	0.0601504
NODE_36376_length_4168_cov_3.856230	1828	1961	11	13	133	0.0977444
NODE_36376_length_4168_cov_3.856230	1828	1961	12	58	133	0.4360902
NODE_36376_length_4168_cov_3.856230	1828	1961	13	6	133	0.0451128
NODE_363836_length_540_cov_2.342404	117	250	2	3	133	0.0225564
NODE_363836_length_540_cov_2.342404	117	250	3	27	133	0.2030075
NODE_363836_length_540_cov_2.342404	117	250	4	21	133	0.1578947
NODE_363836_length_540_cov_2.342404	117	250	5	82	133	0.6165413
NODE_3639_length_10408_cov_11.308856	5294	5427	31	6	133	0.0451128
NODE_3639_length_10408_cov_11.308856	5294	5427	32	2	133	0.0150376
NODE_3639_length_10408_cov_11.308856	5294	5427	33	3	133	0.0225564
NODE_3639_length_10408_cov_11.308856	5294	5427	37	6	133	0.0451128
NODE_3639_length_10408_cov_11.308856	5294	5427	38	4	133	0.0300752
NODE_3639_length_10408_cov_11.308856	5294	5427	39	6	133	0.0451128
NODE_3639_length_10408_cov_11.308856	5294	5427	40	3	133	0.0225564
NODE_3639_length_10408_cov_11.308856	5294	5427	41	3	133	0.0225564
NODE_3639_length_10408_cov_11.308856	5294	5427	42	23	133	0.1729323
NODE_3639_length_10408_cov_11.308856	5294	5427	43	26	133	0.1954887
NODE_3639_length_10408_cov_11.308856	5294	5427	44	2	133	0.0150376
NODE_3639_length_10408_cov_11.308856	5294	5427	47	8	133	0.0601504
NODE_3639_length_10408_cov_11.308856	5294	5427	48	12	133	0.0902256
NODE_3639_length_10408_cov_11.308856	5294	5427	49	22	133	0.1654135
NODE_3639_length_10408_cov_11.308856	5294	5427	50	7	133	0.0526316
NODE_36410_length_4166_cov_4.339071	646	779	1	14	133	0.1052632
NODE_36410_length_4166_cov_4.339071	646	779	2	5	133	0.0375940
NODE_36410_length_4166_cov_4.339071	646	779	3	26	133	0.1954887
NODE_36410_length_4166_cov_4.339071	646	779	5	2	133	0.0150376
NODE_36410_length_4166_cov_4.339071	646	779	7	12	133	0.0902256
NODE_36410_length_4166_cov_4.339071	646	779	9	19	133	0.1428571
NODE_36410_length_4166_cov_4.339071	646	779	10	21	133	0.1578947
NODE_36410_length_4166_cov_4.339071	646	779	11	22	133	0.1654135
NODE_36410_length_4166_cov_4.339071	646	779	12	8	133	0.0601504
NODE_36410_length_4166_cov_4.339071	646	779	13	4	133	0.0300752
NODE_36411_length_4166_cov_4.283501	1777	1910	9	40	133	0.3007519
NODE_36411_length_4166_cov_4.283501	1777	1910	10	52	133	0.3909774
NODE_36411_length_4166_cov_4.283501	1777	1910	11	23	133	0.1729323
NODE_36411_length_4166_cov_4.283501	1777	1910	12	14	133	0.1052632
NODE_36411_length_4166_cov_4.283501	1777	1910	13	4	133	0.0300752
NODE_36414_length_4166_cov_3.986477	3333	3466	19	13	133	0.0977444
NODE_36414_length_4166_cov_3.986477	3333	3466	20	1	133	0.0075188
NODE_36414_length_4166_cov_3.986477	3333	3466	21	7	133	0.0526316
NODE_36414_length_4166_cov_3.986477	3333	3466	22	2	133	0.0150376
NODE_36414_length_4166_cov_3.986477	3333	3466	23	1	133	0.0075188
NODE_36414_length_4166_cov_3.986477	3333	3466	24	3	133	0.0225564
NODE_36414_length_4166_cov_3.986477	3333	3466	25	18	133	0.1353384
NODE_36414_length_4166_cov_3.986477	3333	3466	26	12	133	0.0902256
NODE_36414_length_4166_cov_3.986477	3333	3466	27	9	133	0.0676692
NODE_36414_length_4166_cov_3.986477	3333	3466	28	3	133	0.0225564
NODE_36414_length_4166_cov_3.986477	3333	3466	29	11	133	0.0827068
NODE_36414_length_4166_cov_3.986477	3333	3466	30	12	133	0.0902256
NODE_36414_length_4166_cov_3.986477	3333	3466	31	7	133	0.0526316
NODE_36414_length_4166_cov_3.986477	3333	3466	32	6	133	0.0451128
NODE_36414_length_4166_cov_3.986477	3333	3466	34	4	133	0.0300752
NODE_36414_length_4166_cov_3.986477	3333	3466	35	8	133	0.0601504
NODE_36414_length_4166_cov_3.986477	3333	3466	36	11	133	0.0827068
NODE_36414_length_4166_cov_3.986477	3333	3466	37	3	133	0.0225564
NODE_36414_length_4166_cov_3.986477	3333	3466	38	2	133	0.0150376
NODE_36427_length_4165_cov_4.204870	2477	2610	9	7	133	0.0526316
NODE_36427_length_4165_cov_4.204870	2477	2610	10	4	133	0.0300752
NODE_36427_length_4165_cov_4.204870	2477	2610	14	7	133	0.0526316
NODE_36427_length_4165_cov_4.204870	2477	2610	16	2	133	0.0150376
NODE_36427_length_4165_cov_4.204870	2477	2610	18	5	133	0.0375940
NODE_36427_length_4165_cov_4.204870	2477	2610	20	5	133	0.0375940
NODE_36427_length_4165_cov_4.204870	2477	2610	21	10	133	0.0751880
NODE_36427_length_4165_cov_4.204870	2477	2610	22	1	133	0.0075188
NODE_36427_length_4165_cov_4.204870	2477	2610	23	11	133	0.0827068
NODE_36427_length_4165_cov_4.204870	2477	2610	24	1	133	0.0075188
NODE_36427_length_4165_cov_4.204870	2477	2610	25	17	133	0.1278196
NODE_36427_length_4165_cov_4.204870	2477	2610	26	3	133	0.0225564
NODE_36427_length_4165_cov_4.204870	2477	2610	28	5	133	0.0375940
NODE_36427_length_4165_cov_4.204870	2477	2610	29	5	133	0.0375940
NODE_36427_length_4165_cov_4.204870	2477	2610	30	4	133	0.0300752
NODE_36427_length_4165_cov_4.204870	2477	2610	31	18	133	0.1353384
NODE_36427_length_4165_cov_4.204870	2477	2610	32	19	133	0.1428571
NODE_36427_length_4165_cov_4.204870	2477	2610	33	9	133	0.0676692
NODE_36464_length_4163_cov_4.535925	3810	3943	3	5	133	0.0375940
NODE_36464_length_4163_cov_4.535925	3810	3943	4	41	133	0.3082707
NODE_36464_length_4163_cov_4.535925	3810	3943	5	17	133	0.1278196
NODE_36464_length_4163_cov_4.535925	3810	3943	6	7	133	0.0526316
NODE_36464_length_4163_cov_4.535925	3810	3943	7	7	133	0.0526316
NODE_36464_length_4163_cov_4.535925	3810	3943	8	56	133	0.4210526
NODE_364724_length_537_cov_4.100457	105	238	2	9	133	0.0676692
NODE_364724_length_537_cov_4.100457	105	238	3	36	133	0.2706767
NODE_364724_length_537_cov_4.100457	105	238	4	22	133	0.1654135
NODE_364724_length_537_cov_4.100457	105	238	5	5	133	0.0375940
NODE_364724_length_537_cov_4.100457	105	238	6	46	133	0.3458647
NODE_364724_length_537_cov_4.100457	105	238	7	15	133	0.1127820
NODE_36475_length_4162_cov_5.485110	2843	2976	0	13	133	0.0977444
NODE_36475_length_4162_cov_5.485110	2843	2976	2	46	133	0.3458647
NODE_36475_length_4162_cov_5.485110	2843	2976	5	7	133	0.0526316
NODE_36475_length_4162_cov_5.485110	2843	2976	6	45	133	0.3383459
NODE_36475_length_4162_cov_5.485110	2843	2976	7	22	133	0.1654135
NODE_364761_length_537_cov_3.582192	139	272	19	12	133	0.0902256
NODE_364761_length_537_cov_3.582192	139	272	20	6	133	0.0451128
NODE_364761_length_537_cov_3.582192	139	272	21	16	133	0.1203008
NODE_364761_length_537_cov_3.582192	139	272	22	22	133	0.1654135
NODE_364761_length_537_cov_3.582192	139	272	23	6	133	0.0451128
NODE_364761_length_537_cov_3.582192	139	272	24	10	133	0.0751880
NODE_364761_length_537_cov_3.582192	139	272	25	15	133	0.1127820
NODE_364761_length_537_cov_3.582192	139	272	26	8	133	0.0601504
NODE_364761_length_537_cov_3.582192	139	272	27	5	133	0.0375940
NODE_364761_length_537_cov_3.582192	139	272	28	5	133	0.0375940
NODE_364761_length_537_cov_3.582192	139	272	30	20	133	0.1503759
NODE_364761_length_537_cov_3.582192	139	272	31	2	133	0.0150376
NODE_364761_length_537_cov_3.582192	139	272	32	6	133	0.0451128
NODE_364982_length_537_cov_1.906393	110	243	14	10	133	0.0751880
NODE_364982_length_537_cov_1.906393	110	243	15	6	133	0.0451128
NODE_364982_length_537_cov_1.906393	110	243	19	4	133	0.0300752
NODE_364982_length_537_cov_1.906393	110	243	20	8	133	0.0601504
NODE_364982_length_537_cov_1.906393	110	243	21	15	133	0.1127820
NODE_364982_length_537_cov_1.906393	110	243	22	7	133	0.0526316
NODE_364982_length_537_cov_1.906393	110	243	23	1	133	0.0075188
NODE_364982_length_537_cov_1.906393	110	243	24	9	133	0.0676692
NODE_364982_length_537_cov_1.906393	110	243	25	1	133	0.0075188
NODE_364982_length_537_cov_1.906393	110	243	26	1	133	0.0075188
NODE_364982_length_537_cov_1.906393	110	243	27	3	133	0.0225564
NODE_364982_length_537_cov_1.906393	110	243	28	16	133	0.1203008
NODE_364982_length_537_cov_1.906393	110	243	29	26	133	0.1954887
NODE_364982_length_537_cov_1.906393	110	243	30	22	133	0.1654135
NODE_364982_length_537_cov_1.906393	110	243	31	4	133	0.0300752
NODE_36512_length_4160_cov_4.694656	705	838	2	7	133	0.0526316
NODE_36512_length_4160_cov_4.694656	705	838	3	5	133	0.0375940
NODE_36512_length_4160_cov_4.694656	705	838	4	22	133	0.1654135
NODE_36512_length_4160_cov_4.694656	705	838	5	81	133	0.6090226
NODE_36512_length_4160_cov_4.694656	705	838	6	18	133	0.1353384
NODE_36526_length_4160_cov_3.801280	1020	1153	3	10	133	0.0751880
NODE_36526_length_4160_cov_3.801280	1020	1153	4	12	133	0.0902256
NODE_36526_length_4160_cov_3.801280	1020	1153	5	2	133	0.0150376
NODE_36526_length_4160_cov_3.801280	1020	1153	6	7	133	0.0526316
NODE_36526_length_4160_cov_3.801280	1020	1153	9	3	133	0.0225564
NODE_36526_length_4160_cov_3.801280	1020	1153	11	1	133	0.0075188
NODE_36526_length_4160_cov_3.801280	1020	1153	12	13	133	0.0977444
NODE_36526_length_4160_cov_3.801280	1020	1153	13	2	133	0.0150376
NODE_36526_length_4160_cov_3.801280	1020	1153	14	22	133	0.1654135
NODE_36526_length_4160_cov_3.801280	1020	1153	15	12	133	0.0902256
NODE_36526_length_4160_cov_3.801280	1020	1153	16	1	133	0.0075188
NODE_36526_length_4160_cov_3.801280	1020	1153	17	9	133	0.0676692
NODE_36526_length_4160_cov_3.801280	1020	1153	18	4	133	0.0300752
NODE_36526_length_4160_cov_3.801280	1020	1153	19	10	133	0.0751880
NODE_36526_length_4160_cov_3.801280	1020	1153	20	8	133	0.0601504
NODE_36526_length_4160_cov_3.801280	1020	1153	21	9	133	0.0676692
NODE_36526_length_4160_cov_3.801280	1020	1153	22	8	133	0.0601504
NODE_365478_length_535_cov_3.951835	279	412	7	2	133	0.0150376
NODE_365478_length_535_cov_3.951835	279	412	9	13	133	0.0977444
NODE_365478_length_535_cov_3.951835	279	412	10	16	133	0.1203008
NODE_365478_length_535_cov_3.951835	279	412	11	5	133	0.0375940
NODE_365478_length_535_cov_3.951835	279	412	12	10	133	0.0751880
NODE_365478_length_535_cov_3.951835	279	412	13	9	133	0.0676692
NODE_365478_length_535_cov_3.951835	279	412	14	18	133	0.1353384
NODE_365478_length_535_cov_3.951835	279	412	15	16	133	0.1203008
NODE_365478_length_535_cov_3.951835	279	412	16	36	133	0.2706767
NODE_365478_length_535_cov_3.951835	279	412	17	8	133	0.0601504
NODE_365901_length_534_cov_3.388506	166	299	15	7	133	0.0526316
NODE_365901_length_534_cov_3.388506	166	299	16	11	133	0.0827068
NODE_365901_length_534_cov_3.388506	166	299	17	16	133	0.1203008
NODE_365901_length_534_cov_3.388506	166	299	18	17	133	0.1278196
NODE_365901_length_534_cov_3.388506	166	299	19	3	133	0.0225564
NODE_365901_length_534_cov_3.388506	166	299	20	45	133	0.3383459
NODE_365901_length_534_cov_3.388506	166	299	21	19	133	0.1428571
NODE_365901_length_534_cov_3.388506	166	299	22	6	133	0.0451128
NODE_365901_length_534_cov_3.388506	166	299	23	5	133	0.0375940
NODE_365901_length_534_cov_3.388506	166	299	24	4	133	0.0300752
NODE_36607_length_4155_cov_4.563363	2768	2901	4	75	133	0.5639098
NODE_36607_length_4155_cov_4.563363	2768	2901	5	24	133	0.1804511
NODE_36607_length_4155_cov_4.563363	2768	2901	6	34	133	0.2556391
NODE_36614_length_4155_cov_3.871795	1230	1363	10	16	133	0.1203008
NODE_36614_length_4155_cov_3.871795	1230	1363	11	5	133	0.0375940
NODE_36614_length_4155_cov_3.871795	1230	1363	12	1	133	0.0075188
NODE_36614_length_4155_cov_3.871795	1230	1363	13	6	133	0.0451128
NODE_36614_length_4155_cov_3.871795	1230	1363	14	7	133	0.0526316
NODE_36614_length_4155_cov_3.871795	1230	1363	15	26	133	0.1954887
NODE_36614_length_4155_cov_3.871795	1230	1363	17	2	133	0.0150376
NODE_36614_length_4155_cov_3.871795	1230	1363	18	29	133	0.2180451
NODE_36614_length_4155_cov_3.871795	1230	1363	19	30	133	0.2255639
NODE_36614_length_4155_cov_3.871795	1230	1363	20	11	133	0.0827068
NODE_3663_length_10386_cov_5.410810	7197	7330	30	6	133	0.0451128
NODE_3663_length_10386_cov_5.410810	7197	7330	32	8	133	0.0601504
NODE_3663_length_10386_cov_5.410810	7197	7330	33	6	133	0.0451128
NODE_3663_length_10386_cov_5.410810	7197	7330	34	5	133	0.0375940
NODE_3663_length_10386_cov_5.410810	7197	7330	36	3	133	0.0225564
NODE_3663_length_10386_cov_5.410810	7197	7330	37	1	133	0.0075188
NODE_3663_length_10386_cov_5.410810	7197	7330	38	16	133	0.1203008
NODE_3663_length_10386_cov_5.410810	7197	7330	39	5	133	0.0375940
NODE_3663_length_10386_cov_5.410810	7197	7330	40	1	133	0.0075188
NODE_3663_length_10386_cov_5.410810	7197	7330	41	9	133	0.0676692
NODE_3663_length_10386_cov_5.410810	7197	7330	42	12	133	0.0902256
NODE_3663_length_10386_cov_5.410810	7197	7330	43	4	133	0.0300752
NODE_3663_length_10386_cov_5.410810	7197	7330	44	3	133	0.0225564
NODE_3663_length_10386_cov_5.410810	7197	7330	45	10	133	0.0751880
NODE_3663_length_10386_cov_5.410810	7197	7330	46	1	133	0.0075188
NODE_3663_length_10386_cov_5.410810	7197	7330	47	7	133	0.0526316
NODE_3663_length_10386_cov_5.410810	7197	7330	48	4	133	0.0300752
NODE_3663_length_10386_cov_5.410810	7197	7330	49	6	133	0.0451128
NODE_3663_length_10386_cov_5.410810	7197	7330	50	1	133	0.0075188
NODE_3663_length_10386_cov_5.410810	7197	7330	51	11	133	0.0827068
NODE_3663_length_10386_cov_5.410810	7197	7330	52	11	133	0.0827068
NODE_3663_length_10386_cov_5.410810	7197	7330	53	3	133	0.0225564
NODE_36687_length_4150_cov_4.848679	1924	2057	8	6	133	0.0451128
NODE_36687_length_4150_cov_4.848679	1924	2057	9	13	133	0.0977444
NODE_36687_length_4150_cov_4.848679	1924	2057	10	30	133	0.2255639
NODE_36687_length_4150_cov_4.848679	1924	2057	11	50	133	0.3759398
NODE_36687_length_4150_cov_4.848679	1924	2057	12	15	133	0.1127820
NODE_36687_length_4150_cov_4.848679	1924	2057	13	19	133	0.1428571
NODE_36703_length_4149_cov_5.740247	785	918	5	11	133	0.0827068
NODE_36703_length_4149_cov_5.740247	785	918	6	9	133	0.0676692
NODE_36703_length_4149_cov_5.740247	785	918	8	22	133	0.1654135
NODE_36703_length_4149_cov_5.740247	785	918	9	26	133	0.1954887
NODE_36703_length_4149_cov_5.740247	785	918	10	26	133	0.1954887
NODE_36703_length_4149_cov_5.740247	785	918	11	39	133	0.2932331
NODE_36706_length_4149_cov_4.872840	3860	3993	18	3	133	0.0225564
NODE_36706_length_4149_cov_4.872840	3860	3993	19	7	133	0.0526316
NODE_36706_length_4149_cov_4.872840	3860	3993	21	14	133	0.1052632
NODE_36706_length_4149_cov_4.872840	3860	3993	22	20	133	0.1503759
NODE_36706_length_4149_cov_4.872840	3860	3993	23	5	133	0.0375940
NODE_36706_length_4149_cov_4.872840	3860	3993	24	7	133	0.0526316
NODE_36706_length_4149_cov_4.872840	3860	3993	25	8	133	0.0601504
NODE_36706_length_4149_cov_4.872840	3860	3993	26	1	133	0.0075188
NODE_36706_length_4149_cov_4.872840	3860	3993	27	7	133	0.0526316
NODE_36706_length_4149_cov_4.872840	3860	3993	28	23	133	0.1729323
NODE_36706_length_4149_cov_4.872840	3860	3993	29	4	133	0.0300752
NODE_36706_length_4149_cov_4.872840	3860	3993	30	10	133	0.0751880
NODE_36706_length_4149_cov_4.872840	3860	3993	31	5	133	0.0375940
NODE_36706_length_4149_cov_4.872840	3860	3993	32	17	133	0.1278196
NODE_36706_length_4149_cov_4.872840	3860	3993	33	2	133	0.0150376
NODE_36730_length_4148_cov_3.585577	132	265	12	7	133	0.0526316
NODE_36730_length_4148_cov_3.585577	132	265	13	3	133	0.0225564
NODE_36730_length_4148_cov_3.585577	132	265	14	6	133	0.0451128
NODE_36730_length_4148_cov_3.585577	132	265	15	3	133	0.0225564
NODE_36730_length_4148_cov_3.585577	132	265	17	2	133	0.0150376
NODE_36730_length_4148_cov_3.585577	132	265	18	2	133	0.0150376
NODE_36730_length_4148_cov_3.585577	132	265	19	4	133	0.0300752
NODE_36730_length_4148_cov_3.585577	132	265	20	4	133	0.0300752
NODE_36730_length_4148_cov_3.585577	132	265	22	7	133	0.0526316
NODE_36730_length_4148_cov_3.585577	132	265	23	7	133	0.0526316
NODE_36730_length_4148_cov_3.585577	132	265	25	4	133	0.0300752
NODE_36730_length_4148_cov_3.585577	132	265	26	2	133	0.0150376
NODE_36730_length_4148_cov_3.585577	132	265	27	10	133	0.0751880
NODE_36730_length_4148_cov_3.585577	132	265	28	5	133	0.0375940
NODE_36730_length_4148_cov_3.585577	132	265	30	3	133	0.0225564
NODE_36730_length_4148_cov_3.585577	132	265	32	9	133	0.0676692
NODE_36730_length_4148_cov_3.585577	132	265	33	3	133	0.0225564
NODE_36730_length_4148_cov_3.585577	132	265	35	1	133	0.0075188
NODE_36730_length_4148_cov_3.585577	132	265	36	10	133	0.0751880
NODE_36730_length_4148_cov_3.585577	132	265	37	5	133	0.0375940
NODE_36730_length_4148_cov_3.585577	132	265	39	8	133	0.0601504
NODE_36730_length_4148_cov_3.585577	132	265	40	6	133	0.0451128
NODE_36730_length_4148_cov_3.585577	132	265	41	3	133	0.0225564
NODE_36730_length_4148_cov_3.585577	132	265	42	1	133	0.0075188
NODE_36730_length_4148_cov_3.585577	132	265	43	6	133	0.0451128
NODE_36730_length_4148_cov_3.585577	132	265	44	8	133	0.0601504
NODE_36730_length_4148_cov_3.585577	132	265	45	1	133	0.0075188
NODE_36730_length_4148_cov_3.585577	132	265	47	3	133	0.0225564
NODE_36740_length_4147_cov_4.362895	1650	1783	14	2	133	0.0150376
NODE_36740_length_4147_cov_4.362895	1650	1783	15	2	133	0.0150376
NODE_36740_length_4147_cov_4.362895	1650	1783	16	3	133	0.0225564
NODE_36740_length_4147_cov_4.362895	1650	1783	17	4	133	0.0300752
NODE_36740_length_4147_cov_4.362895	1650	1783	19	1	133	0.0075188
NODE_36740_length_4147_cov_4.362895	1650	1783	20	1	133	0.0075188
NODE_36740_length_4147_cov_4.362895	1650	1783	21	11	133	0.0827068
NODE_36740_length_4147_cov_4.362895	1650	1783	22	2	133	0.0150376
NODE_36740_length_4147_cov_4.362895	1650	1783	23	3	133	0.0225564
NODE_36740_length_4147_cov_4.362895	1650	1783	24	6	133	0.0451128
NODE_36740_length_4147_cov_4.362895	1650	1783	25	5	133	0.0375940
NODE_36740_length_4147_cov_4.362895	1650	1783	26	4	133	0.0300752
NODE_36740_length_4147_cov_4.362895	1650	1783	27	3	133	0.0225564
NODE_36740_length_4147_cov_4.362895	1650	1783	28	1	133	0.0075188
NODE_36740_length_4147_cov_4.362895	1650	1783	29	2	133	0.0150376
NODE_36740_length_4147_cov_4.362895	1650	1783	30	6	133	0.0451128
NODE_36740_length_4147_cov_4.362895	1650	1783	32	1	133	0.0075188
NODE_36740_length_4147_cov_4.362895	1650	1783	33	4	133	0.0300752
NODE_36740_length_4147_cov_4.362895	1650	1783	34	5	133	0.0375940
NODE_36740_length_4147_cov_4.362895	1650	1783	35	4	133	0.0300752
NODE_36740_length_4147_cov_4.362895	1650	1783	36	3	133	0.0225564
NODE_36740_length_4147_cov_4.362895	1650	1783	37	16	133	0.1203008
NODE_36740_length_4147_cov_4.362895	1650	1783	38	14	133	0.1052632
NODE_36740_length_4147_cov_4.362895	1650	1783	39	9	133	0.0676692
NODE_36740_length_4147_cov_4.362895	1650	1783	40	4	133	0.0300752
NODE_36740_length_4147_cov_4.362895	1650	1783	41	11	133	0.0827068
NODE_36740_length_4147_cov_4.362895	1650	1783	42	6	133	0.0451128
NODE_3675_length_10372_cov_5.082546	805	938	10	4	133	0.0300752
NODE_3675_length_10372_cov_5.082546	805	938	11	4	133	0.0300752
NODE_3675_length_10372_cov_5.082546	805	938	12	2	133	0.0150376
NODE_3675_length_10372_cov_5.082546	805	938	14	35	133	0.2631579
NODE_3675_length_10372_cov_5.082546	805	938	15	22	133	0.1654135
NODE_3675_length_10372_cov_5.082546	805	938	16	6	133	0.0451128
NODE_3675_length_10372_cov_5.082546	805	938	17	5	133	0.0375940
NODE_3675_length_10372_cov_5.082546	805	938	18	1	133	0.0075188
NODE_3675_length_10372_cov_5.082546	805	938	19	43	133	0.3233083
NODE_3675_length_10372_cov_5.082546	805	938	21	10	133	0.0751880
NODE_3675_length_10372_cov_5.082546	805	938	22	1	133	0.0075188
NODE_3678_length_10369_cov_4.593574	757	890	5	16	133	0.1203008
NODE_3678_length_10369_cov_4.593574	757	890	6	13	133	0.0977444
NODE_3678_length_10369_cov_4.593574	757	890	7	19	133	0.1428571
NODE_3678_length_10369_cov_4.593574	757	890	8	47	133	0.3533835
NODE_3678_length_10369_cov_4.593574	757	890	9	15	133	0.1127820
NODE_3678_length_10369_cov_4.593574	757	890	10	23	133	0.1729323
NODE_367_length_19116_cov_4.594941	2565	2698	3	25	133	0.1879699
NODE_367_length_19116_cov_4.594941	2565	2698	4	11	133	0.0827068
NODE_367_length_19116_cov_4.594941	2565	2698	7	19	133	0.1428571
NODE_367_length_19116_cov_4.594941	2565	2698	9	5	133	0.0375940
NODE_367_length_19116_cov_4.594941	2565	2698	11	2	133	0.0150376
NODE_367_length_19116_cov_4.594941	2565	2698	12	71	133	0.5338346
NODE_36803_length_4144_cov_2.617800	1041	1174	8	23	133	0.1729323
NODE_36803_length_4144_cov_2.617800	1041	1174	9	15	133	0.1127820
NODE_36803_length_4144_cov_2.617800	1041	1174	10	17	133	0.1278196
NODE_36803_length_4144_cov_2.617800	1041	1174	11	1	133	0.0075188
NODE_36803_length_4144_cov_2.617800	1041	1174	13	25	133	0.1879699
NODE_36803_length_4144_cov_2.617800	1041	1174	14	29	133	0.2180451
NODE_36803_length_4144_cov_2.617800	1041	1174	15	15	133	0.1127820
NODE_36803_length_4144_cov_2.617800	1041	1174	16	6	133	0.0451128
NODE_36803_length_4144_cov_2.617800	1041	1174	17	2	133	0.0150376
NODE_368174_length_528_cov_4.156177	201	334	8	4	133	0.0300752
NODE_368174_length_528_cov_4.156177	201	334	9	40	133	0.3007519
NODE_368174_length_528_cov_4.156177	201	334	10	61	133	0.4586466
NODE_368174_length_528_cov_4.156177	201	334	11	25	133	0.1879699
NODE_368174_length_528_cov_4.156177	201	334	12	3	133	0.0225564
NODE_368222_length_528_cov_3.594406	110	243	13	15	133	0.1127820
NODE_368222_length_528_cov_3.594406	110	243	14	5	133	0.0375940
NODE_368222_length_528_cov_3.594406	110	243	15	8	133	0.0601504
NODE_368222_length_528_cov_3.594406	110	243	16	23	133	0.1729323
NODE_368222_length_528_cov_3.594406	110	243	17	13	133	0.0977444
NODE_368222_length_528_cov_3.594406	110	243	18	3	133	0.0225564
NODE_368222_length_528_cov_3.594406	110	243	19	14	133	0.1052632
NODE_368222_length_528_cov_3.594406	110	243	21	9	133	0.0676692
NODE_368222_length_528_cov_3.594406	110	243	22	35	133	0.2631579
NODE_368222_length_528_cov_3.594406	110	243	23	8	133	0.0601504
NODE_368302_length_528_cov_2.869464	34	167	2	2	133	0.0150376
NODE_368302_length_528_cov_2.869464	34	167	3	50	133	0.3759398
NODE_368302_length_528_cov_2.869464	34	167	4	2	133	0.0150376
NODE_368302_length_528_cov_2.869464	34	167	5	35	133	0.2631579
NODE_368302_length_528_cov_2.869464	34	167	6	7	133	0.0526316
NODE_368302_length_528_cov_2.869464	34	167	7	37	133	0.2781955
NODE_3685_length_10364_cov_4.127423	8344	8477	9	6	133	0.0451128
NODE_3685_length_10364_cov_4.127423	8344	8477	11	13	133	0.0977444
NODE_3685_length_10364_cov_4.127423	8344	8477	12	5	133	0.0375940
NODE_3685_length_10364_cov_4.127423	8344	8477	13	12	133	0.0902256
NODE_3685_length_10364_cov_4.127423	8344	8477	16	5	133	0.0375940
NODE_3685_length_10364_cov_4.127423	8344	8477	17	6	133	0.0451128
NODE_3685_length_10364_cov_4.127423	8344	8477	18	53	133	0.3984962
NODE_3685_length_10364_cov_4.127423	8344	8477	19	32	133	0.2406015
NODE_3685_length_10364_cov_4.127423	8344	8477	20	1	133	0.0075188
NODE_368_length_19086_cov_4.777111	10021	10154	2	25	133	0.1879699
NODE_368_length_19086_cov_4.777111	10021	10154	4	54	133	0.4060150
NODE_368_length_19086_cov_4.777111	10021	10154	5	3	133	0.0225564
NODE_368_length_19086_cov_4.777111	10021	10154	6	51	133	0.3834586
NODE_36900_length_4138_cov_5.253776	3956	4089	0	47	133	0.3533835
NODE_36900_length_4138_cov_5.253776	3956	4089	3	24	133	0.1804511
NODE_36900_length_4138_cov_5.253776	3956	4089	5	4	133	0.0300752
NODE_36900_length_4138_cov_5.253776	3956	4089	6	13	133	0.0977444
NODE_36900_length_4138_cov_5.253776	3956	4089	7	45	133	0.3383459
NODE_36917_length_4138_cov_3.852934	3451	3584	8	17	133	0.1278196
NODE_36917_length_4138_cov_3.852934	3451	3584	9	21	133	0.1578947
NODE_36917_length_4138_cov_3.852934	3451	3584	10	19	133	0.1428571
NODE_36917_length_4138_cov_3.852934	3451	3584	11	1	133	0.0075188
NODE_36917_length_4138_cov_3.852934	3451	3584	13	1	133	0.0075188
NODE_36917_length_4138_cov_3.852934	3451	3584	14	4	133	0.0300752
NODE_36917_length_4138_cov_3.852934	3451	3584	15	7	133	0.0526316
NODE_36917_length_4138_cov_3.852934	3451	3584	16	45	133	0.3383459
NODE_36917_length_4138_cov_3.852934	3451	3584	17	18	133	0.1353384
NODE_36937_length_4136_cov_5.029230	1368	1501	38	1	133	0.0075188
NODE_36937_length_4136_cov_5.029230	1368	1501	39	5	133	0.0375940
NODE_36937_length_4136_cov_5.029230	1368	1501	40	4	133	0.0300752
NODE_36937_length_4136_cov_5.029230	1368	1501	41	1	133	0.0075188
NODE_36937_length_4136_cov_5.029230	1368	1501	47	4	133	0.0300752
NODE_36937_length_4136_cov_5.029230	1368	1501	48	1	133	0.0075188
NODE_36937_length_4136_cov_5.029230	1368	1501	49	6	133	0.0451128
NODE_36937_length_4136_cov_5.029230	1368	1501	50	2	133	0.0150376
NODE_36937_length_4136_cov_5.029230	1368	1501	51	2	133	0.0150376
NODE_36937_length_4136_cov_5.029230	1368	1501	52	4	133	0.0300752
NODE_36937_length_4136_cov_5.029230	1368	1501	53	1	133	0.0075188
NODE_36937_length_4136_cov_5.029230	1368	1501	54	1	133	0.0075188
NODE_36937_length_4136_cov_5.029230	1368	1501	55	5	133	0.0375940
NODE_36937_length_4136_cov_5.029230	1368	1501	56	9	133	0.0676692
NODE_36937_length_4136_cov_5.029230	1368	1501	57	8	133	0.0601504
NODE_36937_length_4136_cov_5.029230	1368	1501	58	8	133	0.0601504
NODE_36937_length_4136_cov_5.029230	1368	1501	59	12	133	0.0902256
NODE_36937_length_4136_cov_5.029230	1368	1501	60	6	133	0.0451128
NODE_36937_length_4136_cov_5.029230	1368	1501	61	6	133	0.0451128
NODE_36937_length_4136_cov_5.029230	1368	1501	62	10	133	0.0751880
NODE_36937_length_4136_cov_5.029230	1368	1501	63	5	133	0.0375940
NODE_36937_length_4136_cov_5.029230	1368	1501	64	12	133	0.0902256
NODE_36937_length_4136_cov_5.029230	1368	1501	65	2	133	0.0150376
NODE_36937_length_4136_cov_5.029230	1368	1501	67	3	133	0.0225564
NODE_36937_length_4136_cov_5.029230	1368	1501	68	7	133	0.0526316
NODE_36937_length_4136_cov_5.029230	1368	1501	69	3	133	0.0225564
NODE_36937_length_4136_cov_5.029230	1368	1501	70	4	133	0.0300752
NODE_36937_length_4136_cov_5.029230	1368	1501	71	1	133	0.0075188
NODE_3698_length_10357_cov_5.096510	1000	1133	6	13	133	0.0977444
NODE_3698_length_10357_cov_5.096510	1000	1133	7	21	133	0.1578947
NODE_3698_length_10357_cov_5.096510	1000	1133	8	9	133	0.0676692
NODE_3698_length_10357_cov_5.096510	1000	1133	9	8	133	0.0601504
NODE_3698_length_10357_cov_5.096510	1000	1133	10	54	133	0.4060150
NODE_3698_length_10357_cov_5.096510	1000	1133	11	28	133	0.2105263
NODE_36990_length_4133_cov_9.191869	1674	1807	10	3	133	0.0225564
NODE_36990_length_4133_cov_9.191869	1674	1807	11	27	133	0.2030075
NODE_36990_length_4133_cov_9.191869	1674	1807	12	15	133	0.1127820
NODE_36990_length_4133_cov_9.191869	1674	1807	13	7	133	0.0526316
NODE_36990_length_4133_cov_9.191869	1674	1807	14	1	133	0.0075188
NODE_36990_length_4133_cov_9.191869	1674	1807	15	20	133	0.1503759
NODE_36990_length_4133_cov_9.191869	1674	1807	16	30	133	0.2255639
NODE_36990_length_4133_cov_9.191869	1674	1807	17	18	133	0.1353384
NODE_36990_length_4133_cov_9.191869	1674	1807	18	12	133	0.0902256
NODE_36995_length_4133_cov_4.290283	1856	1989	16	1	133	0.0075188
NODE_36995_length_4133_cov_4.290283	1856	1989	17	5	133	0.0375940
NODE_36995_length_4133_cov_4.290283	1856	1989	19	6	133	0.0451128
NODE_36995_length_4133_cov_4.290283	1856	1989	20	18	133	0.1353384
NODE_36995_length_4133_cov_4.290283	1856	1989	21	14	133	0.1052632
NODE_36995_length_4133_cov_4.290283	1856	1989	22	12	133	0.0902256
NODE_36995_length_4133_cov_4.290283	1856	1989	23	9	133	0.0676692
NODE_36995_length_4133_cov_4.290283	1856	1989	24	21	133	0.1578947
NODE_36995_length_4133_cov_4.290283	1856	1989	25	25	133	0.1879699
NODE_36995_length_4133_cov_4.290283	1856	1989	26	7	133	0.0526316
NODE_36995_length_4133_cov_4.290283	1856	1989	27	14	133	0.1052632
NODE_36995_length_4133_cov_4.290283	1856	1989	28	1	133	0.0075188
NODE_369_length_19085_cov_4.419888	13657	13790	5	9	133	0.0676692
NODE_369_length_19085_cov_4.419888	13657	13790	6	38	133	0.2857143
NODE_369_length_19085_cov_4.419888	13657	13790	7	30	133	0.2255639
NODE_369_length_19085_cov_4.419888	13657	13790	8	28	133	0.2105263
NODE_369_length_19085_cov_4.419888	13657	13790	9	28	133	0.2105263
NODE_37024_length_4132_cov_4.477064	1023	1156	6	10	133	0.0751880
NODE_37024_length_4132_cov_4.477064	1023	1156	7	18	133	0.1353384
NODE_37024_length_4132_cov_4.477064	1023	1156	8	9	133	0.0676692
NODE_37024_length_4132_cov_4.477064	1023	1156	9	42	133	0.3157895
NODE_37024_length_4132_cov_4.477064	1023	1156	10	10	133	0.0751880
NODE_37024_length_4132_cov_4.477064	1023	1156	11	12	133	0.0902256
NODE_37024_length_4132_cov_4.477064	1023	1156	12	4	133	0.0300752
NODE_37024_length_4132_cov_4.477064	1023	1156	13	25	133	0.1879699
NODE_37024_length_4132_cov_4.477064	1023	1156	14	3	133	0.0225564
NODE_37038_length_4131_cov_4.374008	2174	2307	3	4	133	0.0300752
NODE_37038_length_4131_cov_4.374008	2174	2307	4	6	133	0.0451128
NODE_37038_length_4131_cov_4.374008	2174	2307	5	2	133	0.0150376
NODE_37038_length_4131_cov_4.374008	2174	2307	6	66	133	0.4962406
NODE_37038_length_4131_cov_4.374008	2174	2307	7	55	133	0.4135338
NODE_370535_length_522_cov_4.070922	111	244	5	41	133	0.3082707
NODE_370535_length_522_cov_4.070922	111	244	7	9	133	0.0676692
NODE_370535_length_522_cov_4.070922	111	244	8	21	133	0.1578947
NODE_370535_length_522_cov_4.070922	111	244	9	57	133	0.4285714
NODE_370535_length_522_cov_4.070922	111	244	10	5	133	0.0375940
NODE_37067_length_4130_cov_3.447532	1761	1894	22	6	133	0.0451128
NODE_37067_length_4130_cov_3.447532	1761	1894	24	3	133	0.0225564
NODE_37067_length_4130_cov_3.447532	1761	1894	25	25	133	0.1879699
NODE_37067_length_4130_cov_3.447532	1761	1894	26	16	133	0.1203008
NODE_37067_length_4130_cov_3.447532	1761	1894	27	34	133	0.2556391
NODE_37067_length_4130_cov_3.447532	1761	1894	28	17	133	0.1278196
NODE_37067_length_4130_cov_3.447532	1761	1894	29	19	133	0.1428571
NODE_37067_length_4130_cov_3.447532	1761	1894	30	13	133	0.0977444
NODE_3708_length_10345_cov_5.109799	3072	3205	4	4	133	0.0300752
NODE_3708_length_10345_cov_5.109799	3072	3205	5	16	133	0.1203008
NODE_3708_length_10345_cov_5.109799	3072	3205	7	10	133	0.0751880
NODE_3708_length_10345_cov_5.109799	3072	3205	8	25	133	0.1879699
NODE_3708_length_10345_cov_5.109799	3072	3205	9	23	133	0.1729323
NODE_3708_length_10345_cov_5.109799	3072	3205	10	24	133	0.1804511
NODE_3708_length_10345_cov_5.109799	3072	3205	11	31	133	0.2330827
NODE_370900_length_521_cov_4.886256	201	334	9	6	133	0.0451128
NODE_370900_length_521_cov_4.886256	201	334	10	5	133	0.0375940
NODE_370900_length_521_cov_4.886256	201	334	11	26	133	0.1954887
NODE_370900_length_521_cov_4.886256	201	334	13	3	133	0.0225564
NODE_370900_length_521_cov_4.886256	201	334	14	3	133	0.0225564
NODE_370900_length_521_cov_4.886256	201	334	15	3	133	0.0225564
NODE_370900_length_521_cov_4.886256	201	334	16	15	133	0.1127820
NODE_370900_length_521_cov_4.886256	201	334	17	24	133	0.1804511
NODE_370900_length_521_cov_4.886256	201	334	18	30	133	0.2255639
NODE_370900_length_521_cov_4.886256	201	334	19	6	133	0.0451128
NODE_370900_length_521_cov_4.886256	201	334	20	12	133	0.0902256
NODE_371103_length_521_cov_2.438389	294	427	2	1	133	0.0075188
NODE_371103_length_521_cov_2.438389	294	427	3	4	133	0.0300752
NODE_371103_length_521_cov_2.438389	294	427	5	6	133	0.0451128
NODE_371103_length_521_cov_2.438389	294	427	6	2	133	0.0150376
NODE_371103_length_521_cov_2.438389	294	427	7	3	133	0.0225564
NODE_371103_length_521_cov_2.438389	294	427	8	30	133	0.2255639
NODE_371103_length_521_cov_2.438389	294	427	10	29	133	0.2180451
NODE_371103_length_521_cov_2.438389	294	427	11	29	133	0.2180451
NODE_371103_length_521_cov_2.438389	294	427	12	29	133	0.2180451
NODE_37111_length_4127_cov_4.090616	3134	3267	2	6	133	0.0451128
NODE_37111_length_4127_cov_4.090616	3134	3267	3	4	133	0.0300752
NODE_37111_length_4127_cov_4.090616	3134	3267	4	5	133	0.0375940
NODE_37111_length_4127_cov_4.090616	3134	3267	6	4	133	0.0300752
NODE_37111_length_4127_cov_4.090616	3134	3267	7	55	133	0.4135338
NODE_37111_length_4127_cov_4.090616	3134	3267	8	6	133	0.0451128
NODE_37111_length_4127_cov_4.090616	3134	3267	9	53	133	0.3984962
NODE_37131_length_4126_cov_3.606407	1955	2088	35	2	133	0.0150376
NODE_37131_length_4126_cov_3.606407	1955	2088	36	6	133	0.0451128
NODE_37131_length_4126_cov_3.606407	1955	2088	37	2	133	0.0150376
NODE_37131_length_4126_cov_3.606407	1955	2088	38	4	133	0.0300752
NODE_37131_length_4126_cov_3.606407	1955	2088	39	5	133	0.0375940
NODE_37131_length_4126_cov_3.606407	1955	2088	40	7	133	0.0526316
NODE_37131_length_4126_cov_3.606407	1955	2088	41	6	133	0.0451128
NODE_37131_length_4126_cov_3.606407	1955	2088	43	7	133	0.0526316
NODE_37131_length_4126_cov_3.606407	1955	2088	44	5	133	0.0375940
NODE_37131_length_4126_cov_3.606407	1955	2088	45	2	133	0.0150376
NODE_37131_length_4126_cov_3.606407	1955	2088	46	3	133	0.0225564
NODE_37131_length_4126_cov_3.606407	1955	2088	47	3	133	0.0225564
NODE_37131_length_4126_cov_3.606407	1955	2088	48	1	133	0.0075188
NODE_37131_length_4126_cov_3.606407	1955	2088	49	6	133	0.0451128
NODE_37131_length_4126_cov_3.606407	1955	2088	50	2	133	0.0150376
NODE_37131_length_4126_cov_3.606407	1955	2088	51	1	133	0.0075188
NODE_37131_length_4126_cov_3.606407	1955	2088	52	1	133	0.0075188
NODE_37131_length_4126_cov_3.606407	1955	2088	53	5	133	0.0375940
NODE_37131_length_4126_cov_3.606407	1955	2088	54	4	133	0.0300752
NODE_37131_length_4126_cov_3.606407	1955	2088	55	14	133	0.1052632
NODE_37131_length_4126_cov_3.606407	1955	2088	56	8	133	0.0601504
NODE_37131_length_4126_cov_3.606407	1955	2088	57	6	133	0.0451128
NODE_37131_length_4126_cov_3.606407	1955	2088	58	4	133	0.0300752
NODE_37131_length_4126_cov_3.606407	1955	2088	59	10	133	0.0751880
NODE_37131_length_4126_cov_3.606407	1955	2088	60	12	133	0.0902256
NODE_37131_length_4126_cov_3.606407	1955	2088	61	7	133	0.0526316
NODE_37138_length_4125_cov_4.610283	1984	2117	19	5	133	0.0375940
NODE_37138_length_4125_cov_4.610283	1984	2117	20	2	133	0.0150376
NODE_37138_length_4125_cov_4.610283	1984	2117	21	5	133	0.0375940
NODE_37138_length_4125_cov_4.610283	1984	2117	22	35	133	0.2631579
NODE_37138_length_4125_cov_4.610283	1984	2117	23	12	133	0.0902256
NODE_37138_length_4125_cov_4.610283	1984	2117	24	33	133	0.2481203
NODE_37138_length_4125_cov_4.610283	1984	2117	25	19	133	0.1428571
NODE_37138_length_4125_cov_4.610283	1984	2117	26	16	133	0.1203008
NODE_37138_length_4125_cov_4.610283	1984	2117	27	6	133	0.0451128
NODE_37140_length_4125_cov_4.418530	3585	3718	4	21	133	0.1578947
NODE_37140_length_4125_cov_4.418530	3585	3718	5	99	133	0.7443609
NODE_37140_length_4125_cov_4.418530	3585	3718	6	13	133	0.0977444
NODE_371412_length_520_cov_3.059382	264	397	4	3	133	0.0225564
NODE_371412_length_520_cov_3.059382	264	397	5	18	133	0.1353384
NODE_371412_length_520_cov_3.059382	264	397	7	55	133	0.4135338
NODE_371412_length_520_cov_3.059382	264	397	8	23	133	0.1729323
NODE_371412_length_520_cov_3.059382	264	397	9	34	133	0.2556391
NODE_37144_length_4125_cov_4.221311	1469	1602	10	8	133	0.0601504
NODE_37144_length_4125_cov_4.221311	1469	1602	11	12	133	0.0902256
NODE_37144_length_4125_cov_4.221311	1469	1602	12	4	133	0.0300752
NODE_37144_length_4125_cov_4.221311	1469	1602	13	3	133	0.0225564
NODE_37144_length_4125_cov_4.221311	1469	1602	14	6	133	0.0451128
NODE_37144_length_4125_cov_4.221311	1469	1602	16	45	133	0.3383459
NODE_37144_length_4125_cov_4.221311	1469	1602	17	21	133	0.1578947
NODE_37144_length_4125_cov_4.221311	1469	1602	18	34	133	0.2556391
NODE_3714_length_10340_cov_3.856362	6289	6422	7	13	133	0.0977444
NODE_3714_length_10340_cov_3.856362	6289	6422	8	20	133	0.1503759
NODE_3714_length_10340_cov_3.856362	6289	6422	9	1	133	0.0075188
NODE_3714_length_10340_cov_3.856362	6289	6422	10	20	133	0.1503759
NODE_3714_length_10340_cov_3.856362	6289	6422	11	15	133	0.1127820
NODE_3714_length_10340_cov_3.856362	6289	6422	12	31	133	0.2330827
NODE_3714_length_10340_cov_3.856362	6289	6422	13	33	133	0.2481203
NODE_37161_length_4124_cov_5.070062	3431	3564	10	9	133	0.0676692
NODE_37161_length_4124_cov_5.070062	3431	3564	11	4	133	0.0300752
NODE_37161_length_4124_cov_5.070062	3431	3564	13	3	133	0.0225564
NODE_37161_length_4124_cov_5.070062	3431	3564	14	3	133	0.0225564
NODE_37161_length_4124_cov_5.070062	3431	3564	15	4	133	0.0300752
NODE_37161_length_4124_cov_5.070062	3431	3564	16	3	133	0.0225564
NODE_37161_length_4124_cov_5.070062	3431	3564	18	3	133	0.0225564
NODE_37161_length_4124_cov_5.070062	3431	3564	19	10	133	0.0751880
NODE_37161_length_4124_cov_5.070062	3431	3564	20	13	133	0.0977444
NODE_37161_length_4124_cov_5.070062	3431	3564	21	24	133	0.1804511
NODE_37161_length_4124_cov_5.070062	3431	3564	22	7	133	0.0526316
NODE_37161_length_4124_cov_5.070062	3431	3564	23	23	133	0.1729323
NODE_37161_length_4124_cov_5.070062	3431	3564	24	27	133	0.2030075
NODE_37206_length_4122_cov_4.379319	1411	1544	13	6	133	0.0451128
NODE_37206_length_4122_cov_4.379319	1411	1544	14	4	133	0.0300752
NODE_37206_length_4122_cov_4.379319	1411	1544	15	2	133	0.0150376
NODE_37206_length_4122_cov_4.379319	1411	1544	16	1	133	0.0075188
NODE_37206_length_4122_cov_4.379319	1411	1544	17	1	133	0.0075188
NODE_37206_length_4122_cov_4.379319	1411	1544	18	2	133	0.0150376
NODE_37206_length_4122_cov_4.379319	1411	1544	19	3	133	0.0225564
NODE_37206_length_4122_cov_4.379319	1411	1544	21	6	133	0.0451128
NODE_37206_length_4122_cov_4.379319	1411	1544	22	14	133	0.1052632
NODE_37206_length_4122_cov_4.379319	1411	1544	23	4	133	0.0300752
NODE_37206_length_4122_cov_4.379319	1411	1544	24	8	133	0.0601504
NODE_37206_length_4122_cov_4.379319	1411	1544	25	31	133	0.2330827
NODE_37206_length_4122_cov_4.379319	1411	1544	26	28	133	0.2105263
NODE_37206_length_4122_cov_4.379319	1411	1544	27	11	133	0.0827068
NODE_37206_length_4122_cov_4.379319	1411	1544	28	5	133	0.0375940
NODE_37206_length_4122_cov_4.379319	1411	1544	29	7	133	0.0526316
NODE_372159_length_518_cov_3.763723	229	362	7	7	133	0.0526316
NODE_372159_length_518_cov_3.763723	229	362	8	18	133	0.1353384
NODE_372159_length_518_cov_3.763723	229	362	9	3	133	0.0225564
NODE_372159_length_518_cov_3.763723	229	362	10	76	133	0.5714286
NODE_372159_length_518_cov_3.763723	229	362	11	23	133	0.1729323
NODE_372159_length_518_cov_3.763723	229	362	12	6	133	0.0451128
NODE_37225_length_4120_cov_4.304651	2981	3114	15	2	133	0.0150376
NODE_37225_length_4120_cov_4.304651	2981	3114	17	1	133	0.0075188
NODE_37225_length_4120_cov_4.304651	2981	3114	18	3	133	0.0225564
NODE_37225_length_4120_cov_4.304651	2981	3114	19	19	133	0.1428571
NODE_37225_length_4120_cov_4.304651	2981	3114	21	17	133	0.1278196
NODE_37225_length_4120_cov_4.304651	2981	3114	25	15	133	0.1127820
NODE_37225_length_4120_cov_4.304651	2981	3114	26	20	133	0.1503759
NODE_37225_length_4120_cov_4.304651	2981	3114	27	9	133	0.0676692
NODE_37225_length_4120_cov_4.304651	2981	3114	28	5	133	0.0375940
NODE_37225_length_4120_cov_4.304651	2981	3114	29	41	133	0.3082707
NODE_37225_length_4120_cov_4.304651	2981	3114	30	1	133	0.0075188
NODE_3727_length_10329_cov_4.331672	4634	4767	5	14	133	0.1052632
NODE_3727_length_10329_cov_4.331672	4634	4767	6	76	133	0.5714286
NODE_3727_length_10329_cov_4.331672	4634	4767	7	11	133	0.0827068
NODE_3727_length_10329_cov_4.331672	4634	4767	8	32	133	0.2406015
NODE_37292_length_4117_cov_3.688900	1351	1484	8	5	133	0.0375940
NODE_37292_length_4117_cov_3.688900	1351	1484	9	8	133	0.0601504
NODE_37292_length_4117_cov_3.688900	1351	1484	10	30	133	0.2255639
NODE_37292_length_4117_cov_3.688900	1351	1484	11	16	133	0.1203008
NODE_37292_length_4117_cov_3.688900	1351	1484	12	3	133	0.0225564
NODE_37292_length_4117_cov_3.688900	1351	1484	13	2	133	0.0150376
NODE_37292_length_4117_cov_3.688900	1351	1484	14	17	133	0.1278196
NODE_37292_length_4117_cov_3.688900	1351	1484	15	7	133	0.0526316
NODE_37292_length_4117_cov_3.688900	1351	1484	16	6	133	0.0451128
NODE_37292_length_4117_cov_3.688900	1351	1484	17	3	133	0.0225564
NODE_37292_length_4117_cov_3.688900	1351	1484	18	36	133	0.2706767
NODE_3729_length_10328_cov_4.341969	4094	4227	12	1	133	0.0075188
NODE_3729_length_10328_cov_4.341969	4094	4227	13	18	133	0.1353384
NODE_3729_length_10328_cov_4.341969	4094	4227	14	1	133	0.0075188
NODE_3729_length_10328_cov_4.341969	4094	4227	15	7	133	0.0526316
NODE_3729_length_10328_cov_4.341969	4094	4227	16	38	133	0.2857143
NODE_3729_length_10328_cov_4.341969	4094	4227	17	12	133	0.0902256
NODE_3729_length_10328_cov_4.341969	4094	4227	18	28	133	0.2105263
NODE_3729_length_10328_cov_4.341969	4094	4227	19	28	133	0.2105263
NODE_373158_length_516_cov_1.872902	266	399	2	31	133	0.2330827
NODE_373158_length_516_cov_1.872902	266	399	4	41	133	0.3082707
NODE_373158_length_516_cov_1.872902	266	399	5	36	133	0.2706767
NODE_373158_length_516_cov_1.872902	266	399	6	10	133	0.0751880
NODE_373158_length_516_cov_1.872902	266	399	7	15	133	0.1127820
NODE_37315_length_4116_cov_4.000000	2108	2241	7	12	133	0.0902256
NODE_37315_length_4116_cov_4.000000	2108	2241	8	6	133	0.0451128
NODE_37315_length_4116_cov_4.000000	2108	2241	9	3	133	0.0225564
NODE_37315_length_4116_cov_4.000000	2108	2241	10	8	133	0.0601504
NODE_37315_length_4116_cov_4.000000	2108	2241	11	3	133	0.0225564
NODE_37315_length_4116_cov_4.000000	2108	2241	12	3	133	0.0225564
NODE_37315_length_4116_cov_4.000000	2108	2241	13	2	133	0.0150376
NODE_37315_length_4116_cov_4.000000	2108	2241	15	3	133	0.0225564
NODE_37315_length_4116_cov_4.000000	2108	2241	16	12	133	0.0902256
NODE_37315_length_4116_cov_4.000000	2108	2241	17	2	133	0.0150376
NODE_37315_length_4116_cov_4.000000	2108	2241	18	15	133	0.1127820
NODE_37315_length_4116_cov_4.000000	2108	2241	20	6	133	0.0451128
NODE_37315_length_4116_cov_4.000000	2108	2241	21	12	133	0.0902256
NODE_37315_length_4116_cov_4.000000	2108	2241	22	24	133	0.1804511
NODE_37315_length_4116_cov_4.000000	2108	2241	23	16	133	0.1203008
NODE_37315_length_4116_cov_4.000000	2108	2241	24	3	133	0.0225564
NODE_37315_length_4116_cov_4.000000	2108	2241	26	3	133	0.0225564
NODE_373429_length_515_cov_2.673077	429	562	0	47	133	0.3533835
NODE_373429_length_515_cov_2.673077	429	562	5	1	133	0.0075188
NODE_373429_length_515_cov_2.673077	429	562	6	8	133	0.0601504
NODE_373429_length_515_cov_2.673077	429	562	7	1	133	0.0075188
NODE_373429_length_515_cov_2.673077	429	562	9	6	133	0.0451128
NODE_373429_length_515_cov_2.673077	429	562	11	4	133	0.0300752
NODE_373429_length_515_cov_2.673077	429	562	12	6	133	0.0451128
NODE_373429_length_515_cov_2.673077	429	562	13	1	133	0.0075188
NODE_373429_length_515_cov_2.673077	429	562	16	1	133	0.0075188
NODE_373429_length_515_cov_2.673077	429	562	18	5	133	0.0375940
NODE_373429_length_515_cov_2.673077	429	562	19	1	133	0.0075188
NODE_373429_length_515_cov_2.673077	429	562	21	1	133	0.0075188
NODE_373429_length_515_cov_2.673077	429	562	22	6	133	0.0451128
NODE_373429_length_515_cov_2.673077	429	562	24	16	133	0.1203008
NODE_373429_length_515_cov_2.673077	429	562	25	16	133	0.1203008
NODE_373429_length_515_cov_2.673077	429	562	26	13	133	0.0977444
NODE_37363_length_4114_cov_3.152927	2271	2404	16	17	133	0.1278196
NODE_37363_length_4114_cov_3.152927	2271	2404	18	1	133	0.0075188
NODE_37363_length_4114_cov_3.152927	2271	2404	20	4	133	0.0300752
NODE_37363_length_4114_cov_3.152927	2271	2404	21	3	133	0.0225564
NODE_37363_length_4114_cov_3.152927	2271	2404	23	4	133	0.0300752
NODE_37363_length_4114_cov_3.152927	2271	2404	24	9	133	0.0676692
NODE_37363_length_4114_cov_3.152927	2271	2404	26	1	133	0.0075188
NODE_37363_length_4114_cov_3.152927	2271	2404	27	1	133	0.0075188
NODE_37363_length_4114_cov_3.152927	2271	2404	29	1	133	0.0075188
NODE_37363_length_4114_cov_3.152927	2271	2404	30	3	133	0.0225564
NODE_37363_length_4114_cov_3.152927	2271	2404	31	11	133	0.0827068
NODE_37363_length_4114_cov_3.152927	2271	2404	32	19	133	0.1428571
NODE_37363_length_4114_cov_3.152927	2271	2404	33	11	133	0.0827068
NODE_37363_length_4114_cov_3.152927	2271	2404	34	7	133	0.0526316
NODE_37363_length_4114_cov_3.152927	2271	2404	35	29	133	0.2180451
NODE_37363_length_4114_cov_3.152927	2271	2404	36	7	133	0.0526316
NODE_37363_length_4114_cov_3.152927	2271	2404	37	5	133	0.0375940
NODE_37367_length_4113_cov_4.884654	1030	1163	14	2	133	0.0150376
NODE_37367_length_4113_cov_4.884654	1030	1163	16	4	133	0.0300752
NODE_37367_length_4113_cov_4.884654	1030	1163	17	4	133	0.0300752
NODE_37367_length_4113_cov_4.884654	1030	1163	19	1	133	0.0075188
NODE_37367_length_4113_cov_4.884654	1030	1163	20	15	133	0.1127820
NODE_37367_length_4113_cov_4.884654	1030	1163	22	9	133	0.0676692
NODE_37367_length_4113_cov_4.884654	1030	1163	23	2	133	0.0150376
NODE_37367_length_4113_cov_4.884654	1030	1163	24	3	133	0.0225564
NODE_37367_length_4113_cov_4.884654	1030	1163	25	4	133	0.0300752
NODE_37367_length_4113_cov_4.884654	1030	1163	26	4	133	0.0300752
NODE_37367_length_4113_cov_4.884654	1030	1163	27	28	133	0.2105263
NODE_37367_length_4113_cov_4.884654	1030	1163	28	4	133	0.0300752
NODE_37367_length_4113_cov_4.884654	1030	1163	29	18	133	0.1353384
NODE_37367_length_4113_cov_4.884654	1030	1163	30	22	133	0.1654135
NODE_37367_length_4113_cov_4.884654	1030	1163	31	13	133	0.0977444
NODE_373730_length_514_cov_3.171084	422	555	0	41	133	0.3082707
NODE_373730_length_514_cov_3.171084	422	555	3	5	133	0.0375940
NODE_373730_length_514_cov_3.171084	422	555	4	14	133	0.1052632
NODE_373730_length_514_cov_3.171084	422	555	8	11	133	0.0827068
NODE_373730_length_514_cov_3.171084	422	555	10	7	133	0.0526316
NODE_373730_length_514_cov_3.171084	422	555	11	14	133	0.1052632
NODE_373730_length_514_cov_3.171084	422	555	13	3	133	0.0225564
NODE_373730_length_514_cov_3.171084	422	555	15	16	133	0.1203008
NODE_373730_length_514_cov_3.171084	422	555	17	22	133	0.1654135
NODE_37386_length_4112_cov_4.941690	2189	2322	40	4	133	0.0300752
NODE_37386_length_4112_cov_4.941690	2189	2322	41	2	133	0.0150376
NODE_37386_length_4112_cov_4.941690	2189	2322	42	2	133	0.0150376
NODE_37386_length_4112_cov_4.941690	2189	2322	43	4	133	0.0300752
NODE_37386_length_4112_cov_4.941690	2189	2322	44	3	133	0.0225564
NODE_37386_length_4112_cov_4.941690	2189	2322	46	4	133	0.0300752
NODE_37386_length_4112_cov_4.941690	2189	2322	48	10	133	0.0751880
NODE_37386_length_4112_cov_4.941690	2189	2322	49	5	133	0.0375940
NODE_37386_length_4112_cov_4.941690	2189	2322	50	9	133	0.0676692
NODE_37386_length_4112_cov_4.941690	2189	2322	51	3	133	0.0225564
NODE_37386_length_4112_cov_4.941690	2189	2322	52	6	133	0.0451128
NODE_37386_length_4112_cov_4.941690	2189	2322	53	22	133	0.1654135
NODE_37386_length_4112_cov_4.941690	2189	2322	54	8	133	0.0601504
NODE_37386_length_4112_cov_4.941690	2189	2322	55	8	133	0.0601504
NODE_37386_length_4112_cov_4.941690	2189	2322	56	10	133	0.0751880
NODE_37386_length_4112_cov_4.941690	2189	2322	58	14	133	0.1052632
NODE_37386_length_4112_cov_4.941690	2189	2322	59	3	133	0.0225564
NODE_37386_length_4112_cov_4.941690	2189	2322	60	3	133	0.0225564
NODE_37386_length_4112_cov_4.941690	2189	2322	61	6	133	0.0451128
NODE_37386_length_4112_cov_4.941690	2189	2322	62	1	133	0.0075188
NODE_37386_length_4112_cov_4.941690	2189	2322	63	3	133	0.0225564
NODE_37386_length_4112_cov_4.941690	2189	2322	64	3	133	0.0225564
NODE_373_length_18999_cov_4.264180	17993	18126	9	9	133	0.0676692
NODE_373_length_18999_cov_4.264180	17993	18126	10	4	133	0.0300752
NODE_373_length_18999_cov_4.264180	17993	18126	12	3	133	0.0225564
NODE_373_length_18999_cov_4.264180	17993	18126	13	1	133	0.0075188
NODE_373_length_18999_cov_4.264180	17993	18126	14	4	133	0.0300752
NODE_373_length_18999_cov_4.264180	17993	18126	15	10	133	0.0751880
NODE_373_length_18999_cov_4.264180	17993	18126	16	5	133	0.0375940
NODE_373_length_18999_cov_4.264180	17993	18126	18	1	133	0.0075188
NODE_373_length_18999_cov_4.264180	17993	18126	19	4	133	0.0300752
NODE_373_length_18999_cov_4.264180	17993	18126	20	24	133	0.1804511
NODE_373_length_18999_cov_4.264180	17993	18126	21	6	133	0.0451128
NODE_373_length_18999_cov_4.264180	17993	18126	22	13	133	0.0977444
NODE_373_length_18999_cov_4.264180	17993	18126	23	2	133	0.0150376
NODE_373_length_18999_cov_4.264180	17993	18126	24	8	133	0.0601504
NODE_373_length_18999_cov_4.264180	17993	18126	25	26	133	0.1954887
NODE_373_length_18999_cov_4.264180	17993	18126	26	10	133	0.0751880
NODE_373_length_18999_cov_4.264180	17993	18126	27	3	133	0.0225564
NODE_37409_length_4111_cov_4.678963	146	279	6	1	133	0.0075188
NODE_37409_length_4111_cov_4.678963	146	279	7	25	133	0.1879699
NODE_37409_length_4111_cov_4.678963	146	279	8	5	133	0.0375940
NODE_37409_length_4111_cov_4.678963	146	279	9	2	133	0.0150376
NODE_37409_length_4111_cov_4.678963	146	279	10	11	133	0.0827068
NODE_37409_length_4111_cov_4.678963	146	279	11	5	133	0.0375940
NODE_37409_length_4111_cov_4.678963	146	279	13	4	133	0.0300752
NODE_37409_length_4111_cov_4.678963	146	279	14	4	133	0.0300752
NODE_37409_length_4111_cov_4.678963	146	279	16	18	133	0.1353384
NODE_37409_length_4111_cov_4.678963	146	279	17	41	133	0.3082707
NODE_37409_length_4111_cov_4.678963	146	279	18	17	133	0.1278196
NODE_37434_length_4110_cov_4.372226	2127	2260	14	1	133	0.0075188
NODE_37434_length_4110_cov_4.372226	2127	2260	19	4	133	0.0300752
NODE_37434_length_4110_cov_4.372226	2127	2260	20	1	133	0.0075188
NODE_37434_length_4110_cov_4.372226	2127	2260	21	2	133	0.0150376
NODE_37434_length_4110_cov_4.372226	2127	2260	22	1	133	0.0075188
NODE_37434_length_4110_cov_4.372226	2127	2260	23	11	133	0.0827068
NODE_37434_length_4110_cov_4.372226	2127	2260	24	5	133	0.0375940
NODE_37434_length_4110_cov_4.372226	2127	2260	25	10	133	0.0751880
NODE_37434_length_4110_cov_4.372226	2127	2260	26	5	133	0.0375940
NODE_37434_length_4110_cov_4.372226	2127	2260	27	13	133	0.0977444
NODE_37434_length_4110_cov_4.372226	2127	2260	28	12	133	0.0902256
NODE_37434_length_4110_cov_4.372226	2127	2260	29	16	133	0.1203008
NODE_37434_length_4110_cov_4.372226	2127	2260	30	14	133	0.1052632
NODE_37434_length_4110_cov_4.372226	2127	2260	31	2	133	0.0150376
NODE_37434_length_4110_cov_4.372226	2127	2260	32	36	133	0.2706767
NODE_3743_length_10316_cov_4.584222	4681	4814	16	2	133	0.0150376
NODE_3743_length_10316_cov_4.584222	4681	4814	17	12	133	0.0902256
NODE_3743_length_10316_cov_4.584222	4681	4814	19	11	133	0.0827068
NODE_3743_length_10316_cov_4.584222	4681	4814	21	6	133	0.0451128
NODE_3743_length_10316_cov_4.584222	4681	4814	22	18	133	0.1353384
NODE_3743_length_10316_cov_4.584222	4681	4814	23	68	133	0.5112782
NODE_3743_length_10316_cov_4.584222	4681	4814	24	16	133	0.1203008
NODE_374702_length_512_cov_2.314770	341	474	5	9	133	0.0676692
NODE_374702_length_512_cov_2.314770	341	474	6	10	133	0.0751880
NODE_374702_length_512_cov_2.314770	341	474	8	3	133	0.0225564
NODE_374702_length_512_cov_2.314770	341	474	9	9	133	0.0676692
NODE_374702_length_512_cov_2.314770	341	474	10	4	133	0.0300752
NODE_374702_length_512_cov_2.314770	341	474	13	8	133	0.0601504
NODE_374702_length_512_cov_2.314770	341	474	14	5	133	0.0375940
NODE_374702_length_512_cov_2.314770	341	474	17	11	133	0.0827068
NODE_374702_length_512_cov_2.314770	341	474	18	11	133	0.0827068
NODE_374702_length_512_cov_2.314770	341	474	19	6	133	0.0451128
NODE_374702_length_512_cov_2.314770	341	474	20	26	133	0.1954887
NODE_374702_length_512_cov_2.314770	341	474	21	4	133	0.0300752
NODE_374702_length_512_cov_2.314770	341	474	22	10	133	0.0751880
NODE_374702_length_512_cov_2.314770	341	474	23	17	133	0.1278196
NODE_37478_length_4108_cov_3.565228	2828	2961	17	2	133	0.0150376
NODE_37478_length_4108_cov_3.565228	2828	2961	18	3	133	0.0225564
NODE_37478_length_4108_cov_3.565228	2828	2961	19	2	133	0.0150376
NODE_37478_length_4108_cov_3.565228	2828	2961	20	2	133	0.0150376
NODE_37478_length_4108_cov_3.565228	2828	2961	21	1	133	0.0075188
NODE_37478_length_4108_cov_3.565228	2828	2961	22	3	133	0.0225564
NODE_37478_length_4108_cov_3.565228	2828	2961	24	9	133	0.0676692
NODE_37478_length_4108_cov_3.565228	2828	2961	25	6	133	0.0451128
NODE_37478_length_4108_cov_3.565228	2828	2961	26	2	133	0.0150376
NODE_37478_length_4108_cov_3.565228	2828	2961	27	19	133	0.1428571
NODE_37478_length_4108_cov_3.565228	2828	2961	28	8	133	0.0601504
NODE_37478_length_4108_cov_3.565228	2828	2961	29	7	133	0.0526316
NODE_37478_length_4108_cov_3.565228	2828	2961	30	2	133	0.0150376
NODE_37478_length_4108_cov_3.565228	2828	2961	31	9	133	0.0676692
NODE_37478_length_4108_cov_3.565228	2828	2961	33	5	133	0.0375940
NODE_37478_length_4108_cov_3.565228	2828	2961	34	2	133	0.0150376
NODE_37478_length_4108_cov_3.565228	2828	2961	35	2	133	0.0150376
NODE_37478_length_4108_cov_3.565228	2828	2961	36	9	133	0.0676692
NODE_37478_length_4108_cov_3.565228	2828	2961	37	11	133	0.0827068
NODE_37478_length_4108_cov_3.565228	2828	2961	38	10	133	0.0751880
NODE_37478_length_4108_cov_3.565228	2828	2961	39	1	133	0.0075188
NODE_37478_length_4108_cov_3.565228	2828	2961	40	1	133	0.0075188
NODE_37478_length_4108_cov_3.565228	2828	2961	41	17	133	0.1278196
NODE_37528_length_4105_cov_20.491013	3773	3906	2	13	133	0.0977444
NODE_37528_length_4105_cov_20.491013	3773	3906	3	12	133	0.0902256
NODE_37528_length_4105_cov_20.491013	3773	3906	4	3	133	0.0225564
NODE_37528_length_4105_cov_20.491013	3773	3906	5	1	133	0.0075188
NODE_37528_length_4105_cov_20.491013	3773	3906	7	8	133	0.0601504
NODE_37528_length_4105_cov_20.491013	3773	3906	8	1	133	0.0075188
NODE_37528_length_4105_cov_20.491013	3773	3906	9	2	133	0.0150376
NODE_37528_length_4105_cov_20.491013	3773	3906	11	1	133	0.0075188
NODE_37528_length_4105_cov_20.491013	3773	3906	13	9	133	0.0676692
NODE_37528_length_4105_cov_20.491013	3773	3906	14	2	133	0.0150376
NODE_37528_length_4105_cov_20.491013	3773	3906	15	5	133	0.0375940
NODE_37528_length_4105_cov_20.491013	3773	3906	18	6	133	0.0451128
NODE_37528_length_4105_cov_20.491013	3773	3906	19	1	133	0.0075188
NODE_37528_length_4105_cov_20.491013	3773	3906	21	3	133	0.0225564
NODE_37528_length_4105_cov_20.491013	3773	3906	22	2	133	0.0150376
NODE_37528_length_4105_cov_20.491013	3773	3906	25	2	133	0.0150376
NODE_37528_length_4105_cov_20.491013	3773	3906	26	2	133	0.0150376
NODE_37528_length_4105_cov_20.491013	3773	3906	27	6	133	0.0451128
NODE_37528_length_4105_cov_20.491013	3773	3906	29	1	133	0.0075188
NODE_37528_length_4105_cov_20.491013	3773	3906	30	1	133	0.0075188
NODE_37528_length_4105_cov_20.491013	3773	3906	32	3	133	0.0225564
NODE_37528_length_4105_cov_20.491013	3773	3906	35	3	133	0.0225564
NODE_37528_length_4105_cov_20.491013	3773	3906	36	4	133	0.0300752
NODE_37528_length_4105_cov_20.491013	3773	3906	38	2	133	0.0150376
NODE_37528_length_4105_cov_20.491013	3773	3906	40	1	133	0.0075188
NODE_37528_length_4105_cov_20.491013	3773	3906	45	1	133	0.0075188
NODE_37528_length_4105_cov_20.491013	3773	3906	47	1	133	0.0075188
NODE_37528_length_4105_cov_20.491013	3773	3906	48	3	133	0.0225564
NODE_37528_length_4105_cov_20.491013	3773	3906	49	1	133	0.0075188
NODE_37528_length_4105_cov_20.491013	3773	3906	50	1	133	0.0075188
NODE_37528_length_4105_cov_20.491013	3773	3906	51	2	133	0.0150376
NODE_37528_length_4105_cov_20.491013	3773	3906	53	1	133	0.0075188
NODE_37528_length_4105_cov_20.491013	3773	3906	55	2	133	0.0150376
NODE_37528_length_4105_cov_20.491013	3773	3906	57	1	133	0.0075188
NODE_37528_length_4105_cov_20.491013	3773	3906	58	4	133	0.0300752
NODE_37528_length_4105_cov_20.491013	3773	3906	60	1	133	0.0075188
NODE_37528_length_4105_cov_20.491013	3773	3906	63	1	133	0.0075188
NODE_37528_length_4105_cov_20.491013	3773	3906	64	5	133	0.0375940
NODE_37528_length_4105_cov_20.491013	3773	3906	66	5	133	0.0375940
NODE_37528_length_4105_cov_20.491013	3773	3906	68	1	133	0.0075188
NODE_37528_length_4105_cov_20.491013	3773	3906	70	7	133	0.0526316
NODE_37528_length_4105_cov_20.491013	3773	3906	75	2	133	0.0150376
NODE_375363_length_510_cov_3.104623	110	243	3	12	133	0.0902256
NODE_375363_length_510_cov_3.104623	110	243	4	3	133	0.0225564
NODE_375363_length_510_cov_3.104623	110	243	5	12	133	0.0902256
NODE_375363_length_510_cov_3.104623	110	243	6	4	133	0.0300752
NODE_375363_length_510_cov_3.104623	110	243	7	15	133	0.1127820
NODE_375363_length_510_cov_3.104623	110	243	8	5	133	0.0375940
NODE_375363_length_510_cov_3.104623	110	243	9	19	133	0.1428571
NODE_375363_length_510_cov_3.104623	110	243	10	63	133	0.4736842
NODE_375413_length_510_cov_2.798054	0	133	4	26	133	0.1954887
NODE_375413_length_510_cov_2.798054	0	133	5	4	133	0.0300752
NODE_375413_length_510_cov_2.798054	0	133	6	9	133	0.0676692
NODE_375413_length_510_cov_2.798054	0	133	7	15	133	0.1127820
NODE_375413_length_510_cov_2.798054	0	133	8	71	133	0.5338346
NODE_375413_length_510_cov_2.798054	0	133	9	8	133	0.0601504
NODE_37564_length_4103_cov_5.865135	3697	3830	6	5	133	0.0375940
NODE_37564_length_4103_cov_5.865135	3697	3830	7	4	133	0.0300752
NODE_37564_length_4103_cov_5.865135	3697	3830	9	28	133	0.2105263
NODE_37564_length_4103_cov_5.865135	3697	3830	11	9	133	0.0676692
NODE_37564_length_4103_cov_5.865135	3697	3830	12	18	133	0.1353384
NODE_37564_length_4103_cov_5.865135	3697	3830	13	27	133	0.2030075
NODE_37564_length_4103_cov_5.865135	3697	3830	14	11	133	0.0827068
NODE_37564_length_4103_cov_5.865135	3697	3830	15	6	133	0.0451128
NODE_37564_length_4103_cov_5.865135	3697	3830	17	5	133	0.0375940
NODE_37564_length_4103_cov_5.865135	3697	3830	18	10	133	0.0751880
NODE_37564_length_4103_cov_5.865135	3697	3830	19	10	133	0.0751880
NODE_37565_length_4103_cov_5.691309	2163	2296	9	2	133	0.0150376
NODE_37565_length_4103_cov_5.691309	2163	2296	12	21	133	0.1578947
NODE_37565_length_4103_cov_5.691309	2163	2296	13	11	133	0.0827068
NODE_37565_length_4103_cov_5.691309	2163	2296	14	20	133	0.1503759
NODE_37565_length_4103_cov_5.691309	2163	2296	15	39	133	0.2932331
NODE_37565_length_4103_cov_5.691309	2163	2296	16	37	133	0.2781955
NODE_37565_length_4103_cov_5.691309	2163	2296	17	3	133	0.0225564
NODE_37569_length_4103_cov_4.764985	1032	1165	13	5	133	0.0375940
NODE_37569_length_4103_cov_4.764985	1032	1165	15	19	133	0.1428571
NODE_37569_length_4103_cov_4.764985	1032	1165	16	3	133	0.0225564
NODE_37569_length_4103_cov_4.764985	1032	1165	17	9	133	0.0676692
NODE_37569_length_4103_cov_4.764985	1032	1165	18	5	133	0.0375940
NODE_37569_length_4103_cov_4.764985	1032	1165	19	4	133	0.0300752
NODE_37569_length_4103_cov_4.764985	1032	1165	20	22	133	0.1654135
NODE_37569_length_4103_cov_4.764985	1032	1165	21	16	133	0.1203008
NODE_37569_length_4103_cov_4.764985	1032	1165	22	12	133	0.0902256
NODE_37569_length_4103_cov_4.764985	1032	1165	23	17	133	0.1278196
NODE_37569_length_4103_cov_4.764985	1032	1165	24	10	133	0.0751880
NODE_37569_length_4103_cov_4.764985	1032	1165	25	6	133	0.0451128
NODE_37569_length_4103_cov_4.764985	1032	1165	26	5	133	0.0375940
NODE_376139_length_508_cov_3.782396	249	382	3	12	133	0.0902256
NODE_376139_length_508_cov_3.782396	249	382	5	5	133	0.0375940
NODE_376139_length_508_cov_3.782396	249	382	6	3	133	0.0225564
NODE_376139_length_508_cov_3.782396	249	382	9	23	133	0.1729323
NODE_376139_length_508_cov_3.782396	249	382	10	36	133	0.2706767
NODE_376139_length_508_cov_3.782396	249	382	11	54	133	0.4060150
NODE_376561_length_507_cov_3.352941	294	427	2	7	133	0.0526316
NODE_376561_length_507_cov_3.352941	294	427	4	54	133	0.4060150
NODE_376561_length_507_cov_3.352941	294	427	5	72	133	0.5413534
NODE_37694_length_4095_cov_3.871371	724	857	8	7	133	0.0526316
NODE_37694_length_4095_cov_3.871371	724	857	9	19	133	0.1428571
NODE_37694_length_4095_cov_3.871371	724	857	10	1	133	0.0075188
NODE_37694_length_4095_cov_3.871371	724	857	11	1	133	0.0075188
NODE_37694_length_4095_cov_3.871371	724	857	12	4	133	0.0300752
NODE_37694_length_4095_cov_3.871371	724	857	13	12	133	0.0902256
NODE_37694_length_4095_cov_3.871371	724	857	14	28	133	0.2105263
NODE_37694_length_4095_cov_3.871371	724	857	15	3	133	0.0225564
NODE_37694_length_4095_cov_3.871371	724	857	16	14	133	0.1052632
NODE_37694_length_4095_cov_3.871371	724	857	17	11	133	0.0827068
NODE_37694_length_4095_cov_3.871371	724	857	18	32	133	0.2406015
NODE_37694_length_4095_cov_3.871371	724	857	19	1	133	0.0075188
NODE_3769_length_10297_cov_4.951559	2733	2866	12	15	133	0.1127820
NODE_3769_length_10297_cov_4.951559	2733	2866	13	9	133	0.0676692
NODE_3769_length_10297_cov_4.951559	2733	2866	15	4	133	0.0300752
NODE_3769_length_10297_cov_4.951559	2733	2866	16	10	133	0.0751880
NODE_3769_length_10297_cov_4.951559	2733	2866	17	11	133	0.0827068
NODE_3769_length_10297_cov_4.951559	2733	2866	18	28	133	0.2105263
NODE_3769_length_10297_cov_4.951559	2733	2866	19	33	133	0.2481203
NODE_3769_length_10297_cov_4.951559	2733	2866	20	15	133	0.1127820
NODE_3769_length_10297_cov_4.951559	2733	2866	21	8	133	0.0601504
NODE_377131_length_506_cov_2.267813	169	302	17	3	133	0.0225564
NODE_377131_length_506_cov_2.267813	169	302	18	5	133	0.0375940
NODE_377131_length_506_cov_2.267813	169	302	19	9	133	0.0676692
NODE_377131_length_506_cov_2.267813	169	302	20	8	133	0.0601504
NODE_377131_length_506_cov_2.267813	169	302	21	9	133	0.0676692
NODE_377131_length_506_cov_2.267813	169	302	22	23	133	0.1729323
NODE_377131_length_506_cov_2.267813	169	302	23	1	133	0.0075188
NODE_377131_length_506_cov_2.267813	169	302	24	2	133	0.0150376
NODE_377131_length_506_cov_2.267813	169	302	25	29	133	0.2180451
NODE_377131_length_506_cov_2.267813	169	302	26	21	133	0.1578947
NODE_377131_length_506_cov_2.267813	169	302	27	14	133	0.1052632
NODE_377131_length_506_cov_2.267813	169	302	28	9	133	0.0676692
NODE_37768_length_4091_cov_3.039579	2387	2520	29	12	133	0.0902256
NODE_37768_length_4091_cov_3.039579	2387	2520	31	4	133	0.0300752
NODE_37768_length_4091_cov_3.039579	2387	2520	33	3	133	0.0225564
NODE_37768_length_4091_cov_3.039579	2387	2520	34	19	133	0.1428571
NODE_37768_length_4091_cov_3.039579	2387	2520	35	15	133	0.1127820
NODE_37768_length_4091_cov_3.039579	2387	2520	36	8	133	0.0601504
NODE_37768_length_4091_cov_3.039579	2387	2520	37	12	133	0.0902256
NODE_37768_length_4091_cov_3.039579	2387	2520	38	9	133	0.0676692
NODE_37768_length_4091_cov_3.039579	2387	2520	39	6	133	0.0451128
NODE_37768_length_4091_cov_3.039579	2387	2520	40	4	133	0.0300752
NODE_37768_length_4091_cov_3.039579	2387	2520	41	4	133	0.0300752
NODE_37768_length_4091_cov_3.039579	2387	2520	42	5	133	0.0375940
NODE_37768_length_4091_cov_3.039579	2387	2520	43	10	133	0.0751880
NODE_37768_length_4091_cov_3.039579	2387	2520	44	3	133	0.0225564
NODE_37768_length_4091_cov_3.039579	2387	2520	45	8	133	0.0601504
NODE_37768_length_4091_cov_3.039579	2387	2520	46	10	133	0.0751880
NODE_37768_length_4091_cov_3.039579	2387	2520	47	1	133	0.0075188
NODE_37772_length_4090_cov_4.159609	1835	1968	12	5	133	0.0375940
NODE_37772_length_4090_cov_4.159609	1835	1968	13	10	133	0.0751880
NODE_37772_length_4090_cov_4.159609	1835	1968	14	8	133	0.0601504
NODE_37772_length_4090_cov_4.159609	1835	1968	15	3	133	0.0225564
NODE_37772_length_4090_cov_4.159609	1835	1968	16	7	133	0.0526316
NODE_37772_length_4090_cov_4.159609	1835	1968	17	2	133	0.0150376
NODE_37772_length_4090_cov_4.159609	1835	1968	18	13	133	0.0977444
NODE_37772_length_4090_cov_4.159609	1835	1968	19	12	133	0.0902256
NODE_37772_length_4090_cov_4.159609	1835	1968	20	11	133	0.0827068
NODE_37772_length_4090_cov_4.159609	1835	1968	21	6	133	0.0451128
NODE_37772_length_4090_cov_4.159609	1835	1968	22	1	133	0.0075188
NODE_37772_length_4090_cov_4.159609	1835	1968	23	12	133	0.0902256
NODE_37772_length_4090_cov_4.159609	1835	1968	24	5	133	0.0375940
NODE_37772_length_4090_cov_4.159609	1835	1968	25	11	133	0.0827068
NODE_37772_length_4090_cov_4.159609	1835	1968	26	18	133	0.1353384
NODE_37772_length_4090_cov_4.159609	1835	1968	27	3	133	0.0225564
NODE_37772_length_4090_cov_4.159609	1835	1968	28	6	133	0.0451128
NODE_377_length_18910_cov_27.348945	15586	15719	1	33	133	0.2481203
NODE_377_length_18910_cov_27.348945	15586	15719	2	12	133	0.0902256
NODE_377_length_18910_cov_27.348945	15586	15719	3	25	133	0.1879699
NODE_377_length_18910_cov_27.348945	15586	15719	4	17	133	0.1278196
NODE_377_length_18910_cov_27.348945	15586	15719	9	3	133	0.0225564
NODE_377_length_18910_cov_27.348945	15586	15719	10	1	133	0.0075188
NODE_377_length_18910_cov_27.348945	15586	15719	11	42	133	0.3157895
NODE_37822_length_4087_cov_4.671013	2471	2604	19	1	133	0.0075188
NODE_37822_length_4087_cov_4.671013	2471	2604	20	15	133	0.1127820
NODE_37822_length_4087_cov_4.671013	2471	2604	21	24	133	0.1804511
NODE_37822_length_4087_cov_4.671013	2471	2604	22	19	133	0.1428571
NODE_37822_length_4087_cov_4.671013	2471	2604	23	3	133	0.0225564
NODE_37822_length_4087_cov_4.671013	2471	2604	24	24	133	0.1804511
NODE_37822_length_4087_cov_4.671013	2471	2604	25	3	133	0.0225564
NODE_37822_length_4087_cov_4.671013	2471	2604	26	14	133	0.1052632
NODE_37822_length_4087_cov_4.671013	2471	2604	27	6	133	0.0451128
NODE_37822_length_4087_cov_4.671013	2471	2604	28	7	133	0.0526316
NODE_37822_length_4087_cov_4.671013	2471	2604	29	12	133	0.0902256
NODE_37822_length_4087_cov_4.671013	2471	2604	30	5	133	0.0375940
NODE_3784_length_10282_cov_5.540018	1533	1666	3	6	133	0.0451128
NODE_3784_length_10282_cov_5.540018	1533	1666	5	2	133	0.0150376
NODE_3784_length_10282_cov_5.540018	1533	1666	7	5	133	0.0375940
NODE_3784_length_10282_cov_5.540018	1533	1666	8	24	133	0.1804511
NODE_3784_length_10282_cov_5.540018	1533	1666	10	3	133	0.0225564
NODE_3784_length_10282_cov_5.540018	1533	1666	11	25	133	0.1879699
NODE_3784_length_10282_cov_5.540018	1533	1666	12	1	133	0.0075188
NODE_3784_length_10282_cov_5.540018	1533	1666	13	2	133	0.0150376
NODE_3784_length_10282_cov_5.540018	1533	1666	14	21	133	0.1578947
NODE_3784_length_10282_cov_5.540018	1533	1666	15	24	133	0.1804511
NODE_3784_length_10282_cov_5.540018	1533	1666	16	20	133	0.1503759
NODE_37854_length_4086_cov_3.195134	1528	1661	8	4	133	0.0300752
NODE_37854_length_4086_cov_3.195134	1528	1661	9	11	133	0.0827068
NODE_37854_length_4086_cov_3.195134	1528	1661	11	11	133	0.0827068
NODE_37854_length_4086_cov_3.195134	1528	1661	13	14	133	0.1052632
NODE_37854_length_4086_cov_3.195134	1528	1661	14	5	133	0.0375940
NODE_37854_length_4086_cov_3.195134	1528	1661	15	23	133	0.1729323
NODE_37854_length_4086_cov_3.195134	1528	1661	16	19	133	0.1428571
NODE_37854_length_4086_cov_3.195134	1528	1661	17	26	133	0.1954887
NODE_37854_length_4086_cov_3.195134	1528	1661	18	8	133	0.0601504
NODE_37854_length_4086_cov_3.195134	1528	1661	19	12	133	0.0902256
NODE_3789_length_10277_cov_16.915013	4449	4582	26	1	133	0.0075188
NODE_3789_length_10277_cov_16.915013	4449	4582	29	2	133	0.0150376
NODE_3789_length_10277_cov_16.915013	4449	4582	30	3	133	0.0225564
NODE_3789_length_10277_cov_16.915013	4449	4582	31	5	133	0.0375940
NODE_3789_length_10277_cov_16.915013	4449	4582	32	3	133	0.0225564
NODE_3789_length_10277_cov_16.915013	4449	4582	33	10	133	0.0751880
NODE_3789_length_10277_cov_16.915013	4449	4582	34	3	133	0.0225564
NODE_3789_length_10277_cov_16.915013	4449	4582	35	6	133	0.0451128
NODE_3789_length_10277_cov_16.915013	4449	4582	36	5	133	0.0375940
NODE_3789_length_10277_cov_16.915013	4449	4582	37	2	133	0.0150376
NODE_3789_length_10277_cov_16.915013	4449	4582	38	7	133	0.0526316
NODE_3789_length_10277_cov_16.915013	4449	4582	39	25	133	0.1879699
NODE_3789_length_10277_cov_16.915013	4449	4582	40	30	133	0.2255639
NODE_3789_length_10277_cov_16.915013	4449	4582	41	19	133	0.1428571
NODE_3789_length_10277_cov_16.915013	4449	4582	42	12	133	0.0902256
NODE_3791_length_10275_cov_42.743318	5008	5141	51	6	133	0.0451128
NODE_3791_length_10275_cov_42.743318	5008	5141	52	2	133	0.0150376
NODE_3791_length_10275_cov_42.743318	5008	5141	55	2	133	0.0150376
NODE_3791_length_10275_cov_42.743318	5008	5141	56	11	133	0.0827068
NODE_3791_length_10275_cov_42.743318	5008	5141	57	10	133	0.0751880
NODE_3791_length_10275_cov_42.743318	5008	5141	58	7	133	0.0526316
NODE_3791_length_10275_cov_42.743318	5008	5141	59	3	133	0.0225564
NODE_3791_length_10275_cov_42.743318	5008	5141	60	2	133	0.0150376
NODE_3791_length_10275_cov_42.743318	5008	5141	62	2	133	0.0150376
NODE_3791_length_10275_cov_42.743318	5008	5141	63	3	133	0.0225564
NODE_3791_length_10275_cov_42.743318	5008	5141	65	1	133	0.0075188
NODE_3791_length_10275_cov_42.743318	5008	5141	67	1	133	0.0075188
NODE_3791_length_10275_cov_42.743318	5008	5141	69	1	133	0.0075188
NODE_3791_length_10275_cov_42.743318	5008	5141	70	1	133	0.0075188
NODE_3791_length_10275_cov_42.743318	5008	5141	73	1	133	0.0075188
NODE_3791_length_10275_cov_42.743318	5008	5141	75	2	133	0.0150376
NODE_3791_length_10275_cov_42.743318	5008	5141	76	3	133	0.0225564
NODE_3791_length_10275_cov_42.743318	5008	5141	77	3	133	0.0225564
NODE_3791_length_10275_cov_42.743318	5008	5141	78	2	133	0.0150376
NODE_3791_length_10275_cov_42.743318	5008	5141	81	1	133	0.0075188
NODE_3791_length_10275_cov_42.743318	5008	5141	83	3	133	0.0225564
NODE_3791_length_10275_cov_42.743318	5008	5141	84	3	133	0.0225564
NODE_3791_length_10275_cov_42.743318	5008	5141	85	7	133	0.0526316
NODE_3791_length_10275_cov_42.743318	5008	5141	86	6	133	0.0451128
NODE_3791_length_10275_cov_42.743318	5008	5141	87	8	133	0.0601504
NODE_3791_length_10275_cov_42.743318	5008	5141	88	1	133	0.0075188
NODE_3791_length_10275_cov_42.743318	5008	5141	89	2	133	0.0150376
NODE_3791_length_10275_cov_42.743318	5008	5141	90	6	133	0.0451128
NODE_3791_length_10275_cov_42.743318	5008	5141	91	6	133	0.0451128
NODE_3791_length_10275_cov_42.743318	5008	5141	92	2	133	0.0150376
NODE_3791_length_10275_cov_42.743318	5008	5141	93	7	133	0.0526316
NODE_3791_length_10275_cov_42.743318	5008	5141	94	1	133	0.0075188
NODE_3791_length_10275_cov_42.743318	5008	5141	95	1	133	0.0075188
NODE_3791_length_10275_cov_42.743318	5008	5141	97	2	133	0.0150376
NODE_3791_length_10275_cov_42.743318	5008	5141	98	4	133	0.0300752
NODE_3791_length_10275_cov_42.743318	5008	5141	99	2	133	0.0150376
NODE_3791_length_10275_cov_42.743318	5008	5141	100	1	133	0.0075188
NODE_3791_length_10275_cov_42.743318	5008	5141	101	1	133	0.0075188
NODE_3791_length_10275_cov_42.743318	5008	5141	102	1	133	0.0075188
NODE_3791_length_10275_cov_42.743318	5008	5141	103	4	133	0.0300752
NODE_3791_length_10275_cov_42.743318	5008	5141	105	1	133	0.0075188
NODE_37921_length_4082_cov_3.896560	850	983	0	75	133	0.5639098
NODE_37921_length_4082_cov_3.896560	850	983	1	22	133	0.1654135
NODE_37921_length_4082_cov_3.896560	850	983	2	36	133	0.2706767
NODE_37938_length_4081_cov_4.363134	335	468	2	46	133	0.3458647
NODE_37938_length_4081_cov_4.363134	335	468	3	39	133	0.2932331
NODE_37938_length_4081_cov_4.363134	335	468	4	26	133	0.1954887
NODE_37938_length_4081_cov_4.363134	335	468	5	22	133	0.1654135
NODE_37966_length_4079_cov_4.590704	2085	2218	6	9	133	0.0676692
NODE_37966_length_4079_cov_4.590704	2085	2218	7	20	133	0.1503759
NODE_37966_length_4079_cov_4.590704	2085	2218	9	1	133	0.0075188
NODE_37966_length_4079_cov_4.590704	2085	2218	10	2	133	0.0150376
NODE_37966_length_4079_cov_4.590704	2085	2218	11	26	133	0.1954887
NODE_37966_length_4079_cov_4.590704	2085	2218	12	29	133	0.2180451
NODE_37966_length_4079_cov_4.590704	2085	2218	13	19	133	0.1428571
NODE_37966_length_4079_cov_4.590704	2085	2218	14	27	133	0.2030075
NODE_3796_length_10272_cov_4.133687	7111	7244	7	3	133	0.0225564
NODE_3796_length_10272_cov_4.133687	7111	7244	8	31	133	0.2330827
NODE_3796_length_10272_cov_4.133687	7111	7244	9	18	133	0.1353384
NODE_3796_length_10272_cov_4.133687	7111	7244	10	1	133	0.0075188
NODE_3796_length_10272_cov_4.133687	7111	7244	11	33	133	0.2481203
NODE_3796_length_10272_cov_4.133687	7111	7244	12	43	133	0.3233083
NODE_3796_length_10272_cov_4.133687	7111	7244	13	4	133	0.0300752
NODE_37970_length_4079_cov_4.346231	319	452	1	84	133	0.6315789
NODE_37970_length_4079_cov_4.346231	319	452	2	49	133	0.3684210
NODE_37998_length_4077_cov_4.206134	3526	3659	0	64	133	0.4812030
NODE_37998_length_4077_cov_4.206134	3526	3659	5	26	133	0.1954887
NODE_37998_length_4077_cov_4.206134	3526	3659	6	27	133	0.2030075
NODE_37998_length_4077_cov_4.206134	3526	3659	7	16	133	0.1203008
NODE_3799_length_10269_cov_3.786627	9639	9772	1	24	133	0.1804511
NODE_3799_length_10269_cov_3.786627	9639	9772	2	12	133	0.0902256
NODE_3799_length_10269_cov_3.786627	9639	9772	3	2	133	0.0150376
NODE_3799_length_10269_cov_3.786627	9639	9772	4	14	133	0.1052632
NODE_3799_length_10269_cov_3.786627	9639	9772	5	14	133	0.1052632
NODE_3799_length_10269_cov_3.786627	9639	9772	6	46	133	0.3458647
NODE_3799_length_10269_cov_3.786627	9639	9772	7	21	133	0.1578947
NODE_3803_length_10265_cov_3.622270	8507	8640	20	20	133	0.1503759
NODE_3803_length_10265_cov_3.622270	8507	8640	21	1	133	0.0075188
NODE_3803_length_10265_cov_3.622270	8507	8640	22	2	133	0.0150376
NODE_3803_length_10265_cov_3.622270	8507	8640	23	17	133	0.1278196
NODE_3803_length_10265_cov_3.622270	8507	8640	24	11	133	0.0827068
NODE_3803_length_10265_cov_3.622270	8507	8640	25	17	133	0.1278196
NODE_3803_length_10265_cov_3.622270	8507	8640	26	8	133	0.0601504
NODE_3803_length_10265_cov_3.622270	8507	8640	27	8	133	0.0601504
NODE_3803_length_10265_cov_3.622270	8507	8640	28	11	133	0.0827068
NODE_3803_length_10265_cov_3.622270	8507	8640	29	16	133	0.1203008
NODE_3803_length_10265_cov_3.622270	8507	8640	30	19	133	0.1428571
NODE_3803_length_10265_cov_3.622270	8507	8640	31	3	133	0.0225564
NODE_380468_length_498_cov_1.604010	247	380	2	23	133	0.1729323
NODE_380468_length_498_cov_1.604010	247	380	4	28	133	0.2105263
NODE_380468_length_498_cov_1.604010	247	380	5	23	133	0.1729323
NODE_380468_length_498_cov_1.604010	247	380	6	32	133	0.2406015
NODE_380468_length_498_cov_1.604010	247	380	7	27	133	0.2030075
NODE_38070_length_4072_cov_4.434936	3453	3586	12	3	133	0.0225564
NODE_38070_length_4072_cov_4.434936	3453	3586	13	13	133	0.0977444
NODE_38070_length_4072_cov_4.434936	3453	3586	14	2	133	0.0150376
NODE_38070_length_4072_cov_4.434936	3453	3586	15	6	133	0.0451128
NODE_38070_length_4072_cov_4.434936	3453	3586	17	4	133	0.0300752
NODE_38070_length_4072_cov_4.434936	3453	3586	18	1	133	0.0075188
NODE_38070_length_4072_cov_4.434936	3453	3586	20	1	133	0.0075188
NODE_38070_length_4072_cov_4.434936	3453	3586	22	4	133	0.0300752
NODE_38070_length_4072_cov_4.434936	3453	3586	23	12	133	0.0902256
NODE_38070_length_4072_cov_4.434936	3453	3586	24	32	133	0.2406015
NODE_38070_length_4072_cov_4.434936	3453	3586	25	27	133	0.2030075
NODE_38070_length_4072_cov_4.434936	3453	3586	26	25	133	0.1879699
NODE_38070_length_4072_cov_4.434936	3453	3586	27	2	133	0.0150376
NODE_38070_length_4072_cov_4.434936	3453	3586	28	1	133	0.0075188
NODE_380954_length_496_cov_155.904282	342	475	55	3	133	0.0225564
NODE_380954_length_496_cov_155.904282	342	475	59	1	133	0.0075188
NODE_380954_length_496_cov_155.904282	342	475	61	2	133	0.0150376
NODE_380954_length_496_cov_155.904282	342	475	66	2	133	0.0150376
NODE_380954_length_496_cov_155.904282	342	475	67	2	133	0.0150376
NODE_380954_length_496_cov_155.904282	342	475	68	2	133	0.0150376
NODE_380954_length_496_cov_155.904282	342	475	72	2	133	0.0150376
NODE_380954_length_496_cov_155.904282	342	475	75	1	133	0.0075188
NODE_380954_length_496_cov_155.904282	342	475	78	1	133	0.0075188
NODE_380954_length_496_cov_155.904282	342	475	79	3	133	0.0225564
NODE_380954_length_496_cov_155.904282	342	475	81	4	133	0.0300752
NODE_380954_length_496_cov_155.904282	342	475	82	1	133	0.0075188
NODE_380954_length_496_cov_155.904282	342	475	83	1	133	0.0075188
NODE_380954_length_496_cov_155.904282	342	475	84	1	133	0.0075188
NODE_380954_length_496_cov_155.904282	342	475	86	2	133	0.0150376
NODE_380954_length_496_cov_155.904282	342	475	87	2	133	0.0150376
NODE_380954_length_496_cov_155.904282	342	475	89	2	133	0.0150376
NODE_380954_length_496_cov_155.904282	342	475	96	1	133	0.0075188
NODE_380954_length_496_cov_155.904282	342	475	100	1	133	0.0075188
NODE_380954_length_496_cov_155.904282	342	475	107	1	133	0.0075188
NODE_380954_length_496_cov_155.904282	342	475	109	1	133	0.0075188
NODE_380954_length_496_cov_155.904282	342	475	112	2	133	0.0150376
NODE_380954_length_496_cov_155.904282	342	475	114	4	133	0.0300752
NODE_380954_length_496_cov_155.904282	342	475	118	1	133	0.0075188
NODE_380954_length_496_cov_155.904282	342	475	120	3	133	0.0225564
NODE_380954_length_496_cov_155.904282	342	475	122	1	133	0.0075188
NODE_380954_length_496_cov_155.904282	342	475	127	1	133	0.0075188
NODE_380954_length_496_cov_155.904282	342	475	128	2	133	0.0150376
NODE_380954_length_496_cov_155.904282	342	475	131	1	133	0.0075188
NODE_380954_length_496_cov_155.904282	342	475	133	1	133	0.0075188
NODE_380954_length_496_cov_155.904282	342	475	134	1	133	0.0075188
NODE_380954_length_496_cov_155.904282	342	475	137	2	133	0.0150376
NODE_380954_length_496_cov_155.904282	342	475	142	2	133	0.0150376
NODE_380954_length_496_cov_155.904282	342	475	143	6	133	0.0451128
NODE_380954_length_496_cov_155.904282	342	475	144	1	133	0.0075188
NODE_380954_length_496_cov_155.904282	342	475	146	1	133	0.0075188
NODE_380954_length_496_cov_155.904282	342	475	147	2	133	0.0150376
NODE_380954_length_496_cov_155.904282	342	475	150	2	133	0.0150376
NODE_380954_length_496_cov_155.904282	342	475	153	2	133	0.0150376
NODE_380954_length_496_cov_155.904282	342	475	154	1	133	0.0075188
NODE_380954_length_496_cov_155.904282	342	475	155	3	133	0.0225564
NODE_380954_length_496_cov_155.904282	342	475	156	1	133	0.0075188
NODE_380954_length_496_cov_155.904282	342	475	157	3	133	0.0225564
NODE_380954_length_496_cov_155.904282	342	475	158	3	133	0.0225564
NODE_380954_length_496_cov_155.904282	342	475	159	4	133	0.0300752
NODE_380954_length_496_cov_155.904282	342	475	160	7	133	0.0526316
NODE_380954_length_496_cov_155.904282	342	475	161	1	133	0.0075188
NODE_380954_length_496_cov_155.904282	342	475	163	3	133	0.0225564
NODE_380954_length_496_cov_155.904282	342	475	164	3	133	0.0225564
NODE_380954_length_496_cov_155.904282	342	475	166	2	133	0.0150376
NODE_380954_length_496_cov_155.904282	342	475	168	1	133	0.0075188
NODE_380954_length_496_cov_155.904282	342	475	169	6	133	0.0451128
NODE_380954_length_496_cov_155.904282	342	475	170	1	133	0.0075188
NODE_380954_length_496_cov_155.904282	342	475	171	4	133	0.0300752
NODE_380954_length_496_cov_155.904282	342	475	172	4	133	0.0300752
NODE_380954_length_496_cov_155.904282	342	475	173	2	133	0.0150376
NODE_380954_length_496_cov_155.904282	342	475	174	4	133	0.0300752
NODE_380954_length_496_cov_155.904282	342	475	175	7	133	0.0526316
NODE_380954_length_496_cov_155.904282	342	475	176	2	133	0.0150376
NODE_381051_length_496_cov_3.314861	138	271	8	8	133	0.0601504
NODE_381051_length_496_cov_3.314861	138	271	9	33	133	0.2481203
NODE_381051_length_496_cov_3.314861	138	271	10	20	133	0.1503759
NODE_381051_length_496_cov_3.314861	138	271	11	2	133	0.0150376
NODE_381051_length_496_cov_3.314861	138	271	12	1	133	0.0075188
NODE_381051_length_496_cov_3.314861	138	271	13	28	133	0.2105263
NODE_381051_length_496_cov_3.314861	138	271	14	31	133	0.2330827
NODE_381051_length_496_cov_3.314861	138	271	15	10	133	0.0751880
NODE_38140_length_4068_cov_5.023432	3685	3818	9	3	133	0.0225564
NODE_38140_length_4068_cov_5.023432	3685	3818	10	27	133	0.2030075
NODE_38140_length_4068_cov_5.023432	3685	3818	11	47	133	0.3533835
NODE_38140_length_4068_cov_5.023432	3685	3818	12	28	133	0.2105263
NODE_38140_length_4068_cov_5.023432	3685	3818	13	23	133	0.1729323
NODE_38140_length_4068_cov_5.023432	3685	3818	14	5	133	0.0375940
NODE_3814_length_10253_cov_3.571794	9701	9834	5	1	133	0.0075188
NODE_3814_length_10253_cov_3.571794	9701	9834	6	7	133	0.0526316
NODE_3814_length_10253_cov_3.571794	9701	9834	7	28	133	0.2105263
NODE_3814_length_10253_cov_3.571794	9701	9834	8	15	133	0.1127820
NODE_3814_length_10253_cov_3.571794	9701	9834	9	1	133	0.0075188
NODE_3814_length_10253_cov_3.571794	9701	9834	10	1	133	0.0075188
NODE_3814_length_10253_cov_3.571794	9701	9834	12	6	133	0.0451128
NODE_3814_length_10253_cov_3.571794	9701	9834	13	2	133	0.0150376
NODE_3814_length_10253_cov_3.571794	9701	9834	14	18	133	0.1353384
NODE_3814_length_10253_cov_3.571794	9701	9834	15	40	133	0.3007519
NODE_3814_length_10253_cov_3.571794	9701	9834	16	14	133	0.1052632
NODE_38151_length_4068_cov_3.550768	2784	2917	9	3	133	0.0225564
NODE_38151_length_4068_cov_3.550768	2784	2917	11	3	133	0.0225564
NODE_38151_length_4068_cov_3.550768	2784	2917	12	2	133	0.0150376
NODE_38151_length_4068_cov_3.550768	2784	2917	14	1	133	0.0075188
NODE_38151_length_4068_cov_3.550768	2784	2917	15	2	133	0.0150376
NODE_38151_length_4068_cov_3.550768	2784	2917	16	24	133	0.1804511
NODE_38151_length_4068_cov_3.550768	2784	2917	17	17	133	0.1278196
NODE_38151_length_4068_cov_3.550768	2784	2917	18	9	133	0.0676692
NODE_38151_length_4068_cov_3.550768	2784	2917	19	19	133	0.1428571
NODE_38151_length_4068_cov_3.550768	2784	2917	20	10	133	0.0751880
NODE_38151_length_4068_cov_3.550768	2784	2917	21	15	133	0.1127820
NODE_38151_length_4068_cov_3.550768	2784	2917	22	20	133	0.1503759
NODE_38151_length_4068_cov_3.550768	2784	2917	23	8	133	0.0601504
NODE_38152_length_4068_cov_3.476190	353	486	4	22	133	0.1654135
NODE_38152_length_4068_cov_3.476190	353	486	5	22	133	0.1654135
NODE_38152_length_4068_cov_3.476190	353	486	6	14	133	0.1052632
NODE_38152_length_4068_cov_3.476190	353	486	7	15	133	0.1127820
NODE_38152_length_4068_cov_3.476190	353	486	8	2	133	0.0150376
NODE_38152_length_4068_cov_3.476190	353	486	9	9	133	0.0676692
NODE_38152_length_4068_cov_3.476190	353	486	10	8	133	0.0601504
NODE_38152_length_4068_cov_3.476190	353	486	11	5	133	0.0375940
NODE_38152_length_4068_cov_3.476190	353	486	12	8	133	0.0601504
NODE_38152_length_4068_cov_3.476190	353	486	13	11	133	0.0827068
NODE_38152_length_4068_cov_3.476190	353	486	14	7	133	0.0526316
NODE_38152_length_4068_cov_3.476190	353	486	15	3	133	0.0225564
NODE_38152_length_4068_cov_3.476190	353	486	16	7	133	0.0526316
NODE_381581_length_495_cov_2.547980	49	182	3	18	133	0.1353384
NODE_381581_length_495_cov_2.547980	49	182	5	11	133	0.0827068
NODE_381581_length_495_cov_2.547980	49	182	6	9	133	0.0676692
NODE_381581_length_495_cov_2.547980	49	182	7	9	133	0.0676692
NODE_381581_length_495_cov_2.547980	49	182	8	8	133	0.0601504
NODE_381581_length_495_cov_2.547980	49	182	9	2	133	0.0150376
NODE_381581_length_495_cov_2.547980	49	182	10	76	133	0.5714286
NODE_38172_length_4066_cov_5.466347	2186	2319	9	4	133	0.0300752
NODE_38172_length_4066_cov_5.466347	2186	2319	10	3	133	0.0225564
NODE_38172_length_4066_cov_5.466347	2186	2319	11	15	133	0.1127820
NODE_38172_length_4066_cov_5.466347	2186	2319	12	16	133	0.1203008
NODE_38172_length_4066_cov_5.466347	2186	2319	13	22	133	0.1654135
NODE_38172_length_4066_cov_5.466347	2186	2319	14	28	133	0.2105263
NODE_38172_length_4066_cov_5.466347	2186	2319	15	5	133	0.0375940
NODE_38172_length_4066_cov_5.466347	2186	2319	16	15	133	0.1127820
NODE_38172_length_4066_cov_5.466347	2186	2319	17	25	133	0.1879699
NODE_38185_length_4066_cov_3.907991	815	948	9	3	133	0.0225564
NODE_38185_length_4066_cov_3.907991	815	948	10	10	133	0.0751880
NODE_38185_length_4066_cov_3.907991	815	948	11	2	133	0.0150376
NODE_38185_length_4066_cov_3.907991	815	948	12	5	133	0.0375940
NODE_38185_length_4066_cov_3.907991	815	948	13	28	133	0.2105263
NODE_38185_length_4066_cov_3.907991	815	948	14	12	133	0.0902256
NODE_38185_length_4066_cov_3.907991	815	948	15	15	133	0.1127820
NODE_38185_length_4066_cov_3.907991	815	948	16	8	133	0.0601504
NODE_38185_length_4066_cov_3.907991	815	948	20	12	133	0.0902256
NODE_38185_length_4066_cov_3.907991	815	948	23	8	133	0.0601504
NODE_38185_length_4066_cov_3.907991	815	948	24	5	133	0.0375940
NODE_38185_length_4066_cov_3.907991	815	948	25	3	133	0.0225564
NODE_38185_length_4066_cov_3.907991	815	948	26	14	133	0.1052632
NODE_38185_length_4066_cov_3.907991	815	948	27	6	133	0.0451128
NODE_38185_length_4066_cov_3.907991	815	948	29	2	133	0.0150376
NODE_38196_length_4065_cov_5.279123	2628	2761	6	4	133	0.0300752
NODE_38196_length_4065_cov_5.279123	2628	2761	7	1	133	0.0075188
NODE_38196_length_4065_cov_5.279123	2628	2761	8	8	133	0.0601504
NODE_38196_length_4065_cov_5.279123	2628	2761	9	3	133	0.0225564
NODE_38196_length_4065_cov_5.279123	2628	2761	10	10	133	0.0751880
NODE_38196_length_4065_cov_5.279123	2628	2761	11	96	133	0.7218045
NODE_38196_length_4065_cov_5.279123	2628	2761	12	7	133	0.0526316
NODE_38196_length_4065_cov_5.279123	2628	2761	13	4	133	0.0300752
NODE_38213_length_4065_cov_3.443520	3329	3462	4	35	133	0.2631579
NODE_38213_length_4065_cov_3.443520	3329	3462	6	30	133	0.2255639
NODE_38213_length_4065_cov_3.443520	3329	3462	8	54	133	0.4060150
NODE_38213_length_4065_cov_3.443520	3329	3462	9	8	133	0.0601504
NODE_38213_length_4065_cov_3.443520	3329	3462	10	6	133	0.0451128
NODE_382171_length_494_cov_1.787342	113	246	0	12	133	0.0902256
NODE_382171_length_494_cov_1.787342	113	246	2	71	133	0.5338346
NODE_382171_length_494_cov_1.787342	113	246	3	6	133	0.0451128
NODE_382171_length_494_cov_1.787342	113	246	4	44	133	0.3308271
NODE_3822_length_10245_cov_3.727380	5878	6011	10	12	133	0.0902256
NODE_3822_length_10245_cov_3.727380	5878	6011	11	15	133	0.1127820
NODE_3822_length_10245_cov_3.727380	5878	6011	12	10	133	0.0751880
NODE_3822_length_10245_cov_3.727380	5878	6011	13	2	133	0.0150376
NODE_3822_length_10245_cov_3.727380	5878	6011	14	1	133	0.0075188
NODE_3822_length_10245_cov_3.727380	5878	6011	15	18	133	0.1353384
NODE_3822_length_10245_cov_3.727380	5878	6011	16	12	133	0.0902256
NODE_3822_length_10245_cov_3.727380	5878	6011	17	7	133	0.0526316
NODE_3822_length_10245_cov_3.727380	5878	6011	18	38	133	0.2857143
NODE_3822_length_10245_cov_3.727380	5878	6011	19	14	133	0.1052632
NODE_3822_length_10245_cov_3.727380	5878	6011	20	4	133	0.0300752
NODE_38248_length_4062_cov_4.934898	1317	1450	7	7	133	0.0526316
NODE_38248_length_4062_cov_4.934898	1317	1450	8	6	133	0.0451128
NODE_38248_length_4062_cov_4.934898	1317	1450	9	11	133	0.0827068
NODE_38248_length_4062_cov_4.934898	1317	1450	10	6	133	0.0451128
NODE_38248_length_4062_cov_4.934898	1317	1450	12	3	133	0.0225564
NODE_38248_length_4062_cov_4.934898	1317	1450	13	4	133	0.0300752
NODE_38248_length_4062_cov_4.934898	1317	1450	14	1	133	0.0075188
NODE_38248_length_4062_cov_4.934898	1317	1450	15	1	133	0.0075188
NODE_38248_length_4062_cov_4.934898	1317	1450	17	9	133	0.0676692
NODE_38248_length_4062_cov_4.934898	1317	1450	18	44	133	0.3308271
NODE_38248_length_4062_cov_4.934898	1317	1450	19	28	133	0.2105263
NODE_38248_length_4062_cov_4.934898	1317	1450	20	13	133	0.0977444
NODE_38279_length_4060_cov_5.161070	446	579	0	133	133	1.0000000
NODE_38285_length_4060_cov_4.338046	3358	3491	1	19	133	0.1428571
NODE_38285_length_4060_cov_4.338046	3358	3491	2	27	133	0.2030075
NODE_38285_length_4060_cov_4.338046	3358	3491	3	1	133	0.0075188
NODE_38285_length_4060_cov_4.338046	3358	3491	4	10	133	0.0751880
NODE_38285_length_4060_cov_4.338046	3358	3491	5	19	133	0.1428571
NODE_38285_length_4060_cov_4.338046	3358	3491	6	17	133	0.1278196
NODE_38285_length_4060_cov_4.338046	3358	3491	7	14	133	0.1052632
NODE_38285_length_4060_cov_4.338046	3358	3491	8	26	133	0.1954887
NODE_38297_length_4059_cov_4.516667	3418	3551	10	5	133	0.0375940
NODE_38297_length_4059_cov_4.516667	3418	3551	11	11	133	0.0827068
NODE_38297_length_4059_cov_4.516667	3418	3551	12	15	133	0.1127820
NODE_38297_length_4059_cov_4.516667	3418	3551	13	4	133	0.0300752
NODE_38297_length_4059_cov_4.516667	3418	3551	14	4	133	0.0300752
NODE_38297_length_4059_cov_4.516667	3418	3551	16	4	133	0.0300752
NODE_38297_length_4059_cov_4.516667	3418	3551	17	6	133	0.0451128
NODE_38297_length_4059_cov_4.516667	3418	3551	19	5	133	0.0375940
NODE_38297_length_4059_cov_4.516667	3418	3551	20	26	133	0.1954887
NODE_38297_length_4059_cov_4.516667	3418	3551	21	31	133	0.2330827
NODE_38297_length_4059_cov_4.516667	3418	3551	22	17	133	0.1278196
NODE_38297_length_4059_cov_4.516667	3418	3551	23	5	133	0.0375940
NODE_383091_length_491_cov_5.589286	142	275	5	25	133	0.1879699
NODE_383091_length_491_cov_5.589286	142	275	6	12	133	0.0902256
NODE_383091_length_491_cov_5.589286	142	275	7	7	133	0.0526316
NODE_383091_length_491_cov_5.589286	142	275	8	9	133	0.0676692
NODE_383091_length_491_cov_5.589286	142	275	9	35	133	0.2631579
NODE_383091_length_491_cov_5.589286	142	275	10	25	133	0.1879699
NODE_383091_length_491_cov_5.589286	142	275	11	9	133	0.0676692
NODE_383091_length_491_cov_5.589286	142	275	12	11	133	0.0827068
NODE_38316_length_4058_cov_4.226067	14	147	2	6	133	0.0451128
NODE_38316_length_4058_cov_4.226067	14	147	3	23	133	0.1729323
NODE_38316_length_4058_cov_4.226067	14	147	4	6	133	0.0451128
NODE_38316_length_4058_cov_4.226067	14	147	5	65	133	0.4887218
NODE_38316_length_4058_cov_4.226067	14	147	6	33	133	0.2481203
NODE_38344_length_4056_cov_5.105383	2622	2755	7	19	133	0.1428571
NODE_38344_length_4056_cov_5.105383	2622	2755	8	39	133	0.2932331
NODE_38344_length_4056_cov_5.105383	2622	2755	9	40	133	0.3007519
NODE_38344_length_4056_cov_5.105383	2622	2755	10	4	133	0.0300752
NODE_38344_length_4056_cov_5.105383	2622	2755	11	13	133	0.0977444
NODE_38344_length_4056_cov_5.105383	2622	2755	12	5	133	0.0375940
NODE_38344_length_4056_cov_5.105383	2622	2755	13	13	133	0.0977444
NODE_383640_length_490_cov_3.099744	231	364	27	2	133	0.0150376
NODE_383640_length_490_cov_3.099744	231	364	28	3	133	0.0225564
NODE_383640_length_490_cov_3.099744	231	364	29	8	133	0.0601504
NODE_383640_length_490_cov_3.099744	231	364	30	3	133	0.0225564
NODE_383640_length_490_cov_3.099744	231	364	33	2	133	0.0150376
NODE_383640_length_490_cov_3.099744	231	364	34	7	133	0.0526316
NODE_383640_length_490_cov_3.099744	231	364	35	9	133	0.0676692
NODE_383640_length_490_cov_3.099744	231	364	36	10	133	0.0751880
NODE_383640_length_490_cov_3.099744	231	364	37	20	133	0.1503759
NODE_383640_length_490_cov_3.099744	231	364	38	1	133	0.0075188
NODE_383640_length_490_cov_3.099744	231	364	39	1	133	0.0075188
NODE_383640_length_490_cov_3.099744	231	364	40	5	133	0.0375940
NODE_383640_length_490_cov_3.099744	231	364	41	5	133	0.0375940
NODE_383640_length_490_cov_3.099744	231	364	42	4	133	0.0300752
NODE_383640_length_490_cov_3.099744	231	364	43	5	133	0.0375940
NODE_383640_length_490_cov_3.099744	231	364	44	17	133	0.1278196
NODE_383640_length_490_cov_3.099744	231	364	45	18	133	0.1353384
NODE_383640_length_490_cov_3.099744	231	364	46	9	133	0.0676692
NODE_383640_length_490_cov_3.099744	231	364	47	4	133	0.0300752
NODE_38378_length_4055_cov_4.083670	787	920	7	33	133	0.2481203
NODE_38378_length_4055_cov_4.083670	787	920	8	12	133	0.0902256
NODE_38378_length_4055_cov_4.083670	787	920	9	2	133	0.0150376
NODE_38378_length_4055_cov_4.083670	787	920	11	26	133	0.1954887
NODE_38378_length_4055_cov_4.083670	787	920	12	22	133	0.1654135
NODE_38378_length_4055_cov_4.083670	787	920	13	9	133	0.0676692
NODE_38378_length_4055_cov_4.083670	787	920	14	9	133	0.0676692
NODE_38378_length_4055_cov_4.083670	787	920	15	4	133	0.0300752
NODE_38378_length_4055_cov_4.083670	787	920	16	16	133	0.1203008
NODE_3839_length_10233_cov_5.150187	6529	6662	16	8	133	0.0601504
NODE_3839_length_10233_cov_5.150187	6529	6662	18	13	133	0.0977444
NODE_3839_length_10233_cov_5.150187	6529	6662	19	7	133	0.0526316
NODE_3839_length_10233_cov_5.150187	6529	6662	20	6	133	0.0451128
NODE_3839_length_10233_cov_5.150187	6529	6662	21	8	133	0.0601504
NODE_3839_length_10233_cov_5.150187	6529	6662	22	9	133	0.0676692
NODE_3839_length_10233_cov_5.150187	6529	6662	23	2	133	0.0150376
NODE_3839_length_10233_cov_5.150187	6529	6662	24	9	133	0.0676692
NODE_3839_length_10233_cov_5.150187	6529	6662	25	7	133	0.0526316
NODE_3839_length_10233_cov_5.150187	6529	6662	27	1	133	0.0075188
NODE_3839_length_10233_cov_5.150187	6529	6662	28	4	133	0.0300752
NODE_3839_length_10233_cov_5.150187	6529	6662	30	1	133	0.0075188
NODE_3839_length_10233_cov_5.150187	6529	6662	31	7	133	0.0526316
NODE_3839_length_10233_cov_5.150187	6529	6662	32	10	133	0.0751880
NODE_3839_length_10233_cov_5.150187	6529	6662	33	4	133	0.0300752
NODE_3839_length_10233_cov_5.150187	6529	6662	34	10	133	0.0751880
NODE_3839_length_10233_cov_5.150187	6529	6662	35	4	133	0.0300752
NODE_3839_length_10233_cov_5.150187	6529	6662	36	7	133	0.0526316
NODE_3839_length_10233_cov_5.150187	6529	6662	37	6	133	0.0451128
NODE_3839_length_10233_cov_5.150187	6529	6662	38	5	133	0.0375940
NODE_3839_length_10233_cov_5.150187	6529	6662	39	1	133	0.0075188
NODE_3839_length_10233_cov_5.150187	6529	6662	40	4	133	0.0300752
NODE_38411_length_4053_cov_6.878351	115	248	4	12	133	0.0902256
NODE_38411_length_4053_cov_6.878351	115	248	6	65	133	0.4887218
NODE_38411_length_4053_cov_6.878351	115	248	7	3	133	0.0225564
NODE_38411_length_4053_cov_6.878351	115	248	8	11	133	0.0827068
NODE_38411_length_4053_cov_6.878351	115	248	9	10	133	0.0751880
NODE_38411_length_4053_cov_6.878351	115	248	10	8	133	0.0601504
NODE_38411_length_4053_cov_6.878351	115	248	11	18	133	0.1353384
NODE_38411_length_4053_cov_6.878351	115	248	12	6	133	0.0451128
NODE_38414_length_4053_cov_4.602175	424	557	3	7	133	0.0526316
NODE_38414_length_4053_cov_4.602175	424	557	4	7	133	0.0526316
NODE_38414_length_4053_cov_4.602175	424	557	6	17	133	0.1278196
NODE_38414_length_4053_cov_4.602175	424	557	8	15	133	0.1127820
NODE_38414_length_4053_cov_4.602175	424	557	9	2	133	0.0150376
NODE_38414_length_4053_cov_4.602175	424	557	11	4	133	0.0300752
NODE_38414_length_4053_cov_4.602175	424	557	12	26	133	0.1954887
NODE_38414_length_4053_cov_4.602175	424	557	14	10	133	0.0751880
NODE_38414_length_4053_cov_4.602175	424	557	16	11	133	0.0827068
NODE_38414_length_4053_cov_4.602175	424	557	17	10	133	0.0751880
NODE_38414_length_4053_cov_4.602175	424	557	19	6	133	0.0451128
NODE_38414_length_4053_cov_4.602175	424	557	20	14	133	0.1052632
NODE_38414_length_4053_cov_4.602175	424	557	21	4	133	0.0300752
NODE_38431_length_4052_cov_5.269669	652	785	32	2	133	0.0150376
NODE_38431_length_4052_cov_5.269669	652	785	33	1	133	0.0075188
NODE_38431_length_4052_cov_5.269669	652	785	34	8	133	0.0601504
NODE_38431_length_4052_cov_5.269669	652	785	35	14	133	0.1052632
NODE_38431_length_4052_cov_5.269669	652	785	37	9	133	0.0676692
NODE_38431_length_4052_cov_5.269669	652	785	38	9	133	0.0676692
NODE_38431_length_4052_cov_5.269669	652	785	39	13	133	0.0977444
NODE_38431_length_4052_cov_5.269669	652	785	40	3	133	0.0225564
NODE_38431_length_4052_cov_5.269669	652	785	41	3	133	0.0225564
NODE_38431_length_4052_cov_5.269669	652	785	42	21	133	0.1578947
NODE_38431_length_4052_cov_5.269669	652	785	43	13	133	0.0977444
NODE_38431_length_4052_cov_5.269669	652	785	44	4	133	0.0300752
NODE_38431_length_4052_cov_5.269669	652	785	45	3	133	0.0225564
NODE_38431_length_4052_cov_5.269669	652	785	46	7	133	0.0526316
NODE_38431_length_4052_cov_5.269669	652	785	47	15	133	0.1127820
NODE_38431_length_4052_cov_5.269669	652	785	48	8	133	0.0601504
NODE_38453_length_4051_cov_4.491650	259	392	3	27	133	0.2030075
NODE_38453_length_4051_cov_4.491650	259	392	4	1	133	0.0075188
NODE_38453_length_4051_cov_4.491650	259	392	6	16	133	0.1203008
NODE_38453_length_4051_cov_4.491650	259	392	7	89	133	0.6691729
NODE_38459_length_4051_cov_3.960779	2132	2265	3	32	133	0.2406015
NODE_38459_length_4051_cov_3.960779	2132	2265	4	57	133	0.4285714
NODE_38459_length_4051_cov_3.960779	2132	2265	5	44	133	0.3308271
NODE_38487_length_4050_cov_2.965578	3479	3612	8	39	133	0.2932331
NODE_38487_length_4050_cov_2.965578	3479	3612	9	7	133	0.0526316
NODE_38487_length_4050_cov_2.965578	3479	3612	10	3	133	0.0225564
NODE_38487_length_4050_cov_2.965578	3479	3612	12	28	133	0.2105263
NODE_38487_length_4050_cov_2.965578	3479	3612	13	29	133	0.2180451
NODE_38487_length_4050_cov_2.965578	3479	3612	14	22	133	0.1654135
NODE_38487_length_4050_cov_2.965578	3479	3612	15	5	133	0.0375940
NODE_384_length_18777_cov_5.165542	9712	9845	0	133	133	1.0000000
NODE_3852_length_10219_cov_5.142292	4302	4435	12	10	133	0.0751880
NODE_3852_length_10219_cov_5.142292	4302	4435	13	2	133	0.0150376
NODE_3852_length_10219_cov_5.142292	4302	4435	14	18	133	0.1353384
NODE_3852_length_10219_cov_5.142292	4302	4435	15	14	133	0.1052632
NODE_3852_length_10219_cov_5.142292	4302	4435	16	16	133	0.1203008
NODE_3852_length_10219_cov_5.142292	4302	4435	17	1	133	0.0075188
NODE_3852_length_10219_cov_5.142292	4302	4435	18	1	133	0.0075188
NODE_3852_length_10219_cov_5.142292	4302	4435	19	10	133	0.0751880
NODE_3852_length_10219_cov_5.142292	4302	4435	20	21	133	0.1578947
NODE_3852_length_10219_cov_5.142292	4302	4435	21	29	133	0.2180451
NODE_3852_length_10219_cov_5.142292	4302	4435	22	5	133	0.0375940
NODE_3852_length_10219_cov_5.142292	4302	4435	23	2	133	0.0150376
NODE_3852_length_10219_cov_5.142292	4302	4435	24	4	133	0.0300752
NODE_38552_length_4046_cov_3.809982	2526	2659	9	22	133	0.1654135
NODE_38552_length_4046_cov_3.809982	2526	2659	13	11	133	0.0827068
NODE_38552_length_4046_cov_3.809982	2526	2659	14	21	133	0.1578947
NODE_38552_length_4046_cov_3.809982	2526	2659	15	25	133	0.1879699
NODE_38552_length_4046_cov_3.809982	2526	2659	16	13	133	0.0977444
NODE_38552_length_4046_cov_3.809982	2526	2659	17	31	133	0.2330827
NODE_38552_length_4046_cov_3.809982	2526	2659	18	10	133	0.0751880
NODE_38558_length_4046_cov_2.851026	1344	1477	10	7	133	0.0526316
NODE_38558_length_4046_cov_2.851026	1344	1477	11	3	133	0.0225564
NODE_38558_length_4046_cov_2.851026	1344	1477	13	8	133	0.0601504
NODE_38558_length_4046_cov_2.851026	1344	1477	14	2	133	0.0150376
NODE_38558_length_4046_cov_2.851026	1344	1477	15	40	133	0.3007519
NODE_38558_length_4046_cov_2.851026	1344	1477	16	6	133	0.0451128
NODE_38558_length_4046_cov_2.851026	1344	1477	17	16	133	0.1203008
NODE_38558_length_4046_cov_2.851026	1344	1477	18	1	133	0.0075188
NODE_38558_length_4046_cov_2.851026	1344	1477	19	18	133	0.1353384
NODE_38558_length_4046_cov_2.851026	1344	1477	20	1	133	0.0075188
NODE_38558_length_4046_cov_2.851026	1344	1477	21	12	133	0.0902256
NODE_38558_length_4046_cov_2.851026	1344	1477	22	19	133	0.1428571
NODE_385940_length_485_cov_2.186528	214	347	1	9	133	0.0676692
NODE_385940_length_485_cov_2.186528	214	347	2	35	133	0.2631579
NODE_385940_length_485_cov_2.186528	214	347	3	30	133	0.2255639
NODE_385940_length_485_cov_2.186528	214	347	4	12	133	0.0902256
NODE_385940_length_485_cov_2.186528	214	347	5	23	133	0.1729323
NODE_385940_length_485_cov_2.186528	214	347	7	1	133	0.0075188
NODE_385940_length_485_cov_2.186528	214	347	9	7	133	0.0526316
NODE_385940_length_485_cov_2.186528	214	347	10	3	133	0.0225564
NODE_385940_length_485_cov_2.186528	214	347	11	13	133	0.0977444
NODE_3861_length_10211_cov_5.142998	7150	7283	9	5	133	0.0375940
NODE_3861_length_10211_cov_5.142998	7150	7283	10	6	133	0.0451128
NODE_3861_length_10211_cov_5.142998	7150	7283	12	12	133	0.0902256
NODE_3861_length_10211_cov_5.142998	7150	7283	16	17	133	0.1278196
NODE_3861_length_10211_cov_5.142998	7150	7283	17	12	133	0.0902256
NODE_3861_length_10211_cov_5.142998	7150	7283	18	16	133	0.1203008
NODE_3861_length_10211_cov_5.142998	7150	7283	19	36	133	0.2706767
NODE_3861_length_10211_cov_5.142998	7150	7283	20	29	133	0.2180451
NODE_38629_length_4041_cov_4.136479	1226	1359	4	22	133	0.1654135
NODE_38629_length_4041_cov_4.136479	1226	1359	5	20	133	0.1503759
NODE_38629_length_4041_cov_4.136479	1226	1359	6	24	133	0.1804511
NODE_38629_length_4041_cov_4.136479	1226	1359	7	54	133	0.4060150
NODE_38629_length_4041_cov_4.136479	1226	1359	8	13	133	0.0977444
NODE_38635_length_4040_cov_5.510530	149	282	3	2	133	0.0150376
NODE_38635_length_4040_cov_5.510530	149	282	4	7	133	0.0526316
NODE_38635_length_4040_cov_5.510530	149	282	5	19	133	0.1428571
NODE_38635_length_4040_cov_5.510530	149	282	6	31	133	0.2330827
NODE_38635_length_4040_cov_5.510530	149	282	7	74	133	0.5563910
NODE_386569_length_483_cov_5.106771	328	461	4	10	133	0.0751880
NODE_386569_length_483_cov_5.106771	328	461	5	23	133	0.1729323
NODE_386569_length_483_cov_5.106771	328	461	6	2	133	0.0150376
NODE_386569_length_483_cov_5.106771	328	461	7	7	133	0.0526316
NODE_386569_length_483_cov_5.106771	328	461	8	36	133	0.2706767
NODE_386569_length_483_cov_5.106771	328	461	9	15	133	0.1127820
NODE_386569_length_483_cov_5.106771	328	461	10	40	133	0.3007519
NODE_386590_length_483_cov_4.260417	312	445	6	13	133	0.0977444
NODE_386590_length_483_cov_4.260417	312	445	7	2	133	0.0150376
NODE_386590_length_483_cov_4.260417	312	445	8	6	133	0.0451128
NODE_386590_length_483_cov_4.260417	312	445	10	21	133	0.1578947
NODE_386590_length_483_cov_4.260417	312	445	11	1	133	0.0075188
NODE_386590_length_483_cov_4.260417	312	445	12	1	133	0.0075188
NODE_386590_length_483_cov_4.260417	312	445	14	8	133	0.0601504
NODE_386590_length_483_cov_4.260417	312	445	15	8	133	0.0601504
NODE_386590_length_483_cov_4.260417	312	445	17	66	133	0.4962406
NODE_386590_length_483_cov_4.260417	312	445	18	7	133	0.0526316
NODE_38663_length_4039_cov_3.788071	819	952	16	13	133	0.0977444
NODE_38663_length_4039_cov_3.788071	819	952	17	1	133	0.0075188
NODE_38663_length_4039_cov_3.788071	819	952	18	48	133	0.3609022
NODE_38663_length_4039_cov_3.788071	819	952	19	71	133	0.5338346
NODE_38692_length_4036_cov_4.557531	2050	2183	27	1	133	0.0075188
NODE_38692_length_4036_cov_4.557531	2050	2183	28	11	133	0.0827068
NODE_38692_length_4036_cov_4.557531	2050	2183	30	6	133	0.0451128
NODE_38692_length_4036_cov_4.557531	2050	2183	31	7	133	0.0526316
NODE_38692_length_4036_cov_4.557531	2050	2183	32	2	133	0.0150376
NODE_38692_length_4036_cov_4.557531	2050	2183	33	7	133	0.0526316
NODE_38692_length_4036_cov_4.557531	2050	2183	34	7	133	0.0526316
NODE_38692_length_4036_cov_4.557531	2050	2183	35	12	133	0.0902256
NODE_38692_length_4036_cov_4.557531	2050	2183	36	13	133	0.0977444
NODE_38692_length_4036_cov_4.557531	2050	2183	37	2	133	0.0150376
NODE_38692_length_4036_cov_4.557531	2050	2183	38	7	133	0.0526316
NODE_38692_length_4036_cov_4.557531	2050	2183	39	3	133	0.0225564
NODE_38692_length_4036_cov_4.557531	2050	2183	40	9	133	0.0676692
NODE_38692_length_4036_cov_4.557531	2050	2183	41	3	133	0.0225564
NODE_38692_length_4036_cov_4.557531	2050	2183	42	7	133	0.0526316
NODE_38692_length_4036_cov_4.557531	2050	2183	43	1	133	0.0075188
NODE_38692_length_4036_cov_4.557531	2050	2183	44	5	133	0.0375940
NODE_38692_length_4036_cov_4.557531	2050	2183	45	25	133	0.1879699
NODE_38692_length_4036_cov_4.557531	2050	2183	46	5	133	0.0375940
NODE_38711_length_4035_cov_4.184959	2412	2545	13	22	133	0.1654135
NODE_38711_length_4035_cov_4.184959	2412	2545	14	9	133	0.0676692
NODE_38711_length_4035_cov_4.184959	2412	2545	15	4	133	0.0300752
NODE_38711_length_4035_cov_4.184959	2412	2545	16	7	133	0.0526316
NODE_38711_length_4035_cov_4.184959	2412	2545	17	4	133	0.0300752
NODE_38711_length_4035_cov_4.184959	2412	2545	18	1	133	0.0075188
NODE_38711_length_4035_cov_4.184959	2412	2545	20	24	133	0.1804511
NODE_38711_length_4035_cov_4.184959	2412	2545	21	16	133	0.1203008
NODE_38711_length_4035_cov_4.184959	2412	2545	22	7	133	0.0526316
NODE_38711_length_4035_cov_4.184959	2412	2545	24	12	133	0.0902256
NODE_38711_length_4035_cov_4.184959	2412	2545	25	7	133	0.0526316
NODE_38711_length_4035_cov_4.184959	2412	2545	28	4	133	0.0300752
NODE_38711_length_4035_cov_4.184959	2412	2545	29	3	133	0.0225564
NODE_38711_length_4035_cov_4.184959	2412	2545	30	3	133	0.0225564
NODE_38711_length_4035_cov_4.184959	2412	2545	31	1	133	0.0075188
NODE_38711_length_4035_cov_4.184959	2412	2545	32	5	133	0.0375940
NODE_38711_length_4035_cov_4.184959	2412	2545	33	4	133	0.0300752
NODE_38729_length_4034_cov_3.813977	2786	2919	3	37	133	0.2781955
NODE_38729_length_4034_cov_3.813977	2786	2919	4	49	133	0.3684210
NODE_38729_length_4034_cov_3.813977	2786	2919	5	9	133	0.0676692
NODE_38729_length_4034_cov_3.813977	2786	2919	6	13	133	0.0977444
NODE_38729_length_4034_cov_3.813977	2786	2919	7	11	133	0.0827068
NODE_38729_length_4034_cov_3.813977	2786	2919	8	14	133	0.1052632
NODE_387347_length_482_cov_1.979112	293	426	0	36	133	0.2706767
NODE_387347_length_482_cov_1.979112	293	426	1	4	133	0.0300752
NODE_387347_length_482_cov_1.979112	293	426	2	10	133	0.0751880
NODE_387347_length_482_cov_1.979112	293	426	4	35	133	0.2631579
NODE_387347_length_482_cov_1.979112	293	426	6	48	133	0.3609022
NODE_38738_length_4033_cov_4.729283	1537	1670	17	10	133	0.0751880
NODE_38738_length_4033_cov_4.729283	1537	1670	18	2	133	0.0150376
NODE_38738_length_4033_cov_4.729283	1537	1670	19	2	133	0.0150376
NODE_38738_length_4033_cov_4.729283	1537	1670	20	4	133	0.0300752
NODE_38738_length_4033_cov_4.729283	1537	1670	21	27	133	0.2030075
NODE_38738_length_4033_cov_4.729283	1537	1670	22	8	133	0.0601504
NODE_38738_length_4033_cov_4.729283	1537	1670	23	38	133	0.2857143
NODE_38738_length_4033_cov_4.729283	1537	1670	24	4	133	0.0300752
NODE_38738_length_4033_cov_4.729283	1537	1670	25	38	133	0.2857143
NODE_38758_length_4032_cov_4.039156	1080	1213	14	7	133	0.0526316
NODE_38758_length_4032_cov_4.039156	1080	1213	15	10	133	0.0751880
NODE_38758_length_4032_cov_4.039156	1080	1213	17	17	133	0.1278196
NODE_38758_length_4032_cov_4.039156	1080	1213	18	28	133	0.2105263
NODE_38758_length_4032_cov_4.039156	1080	1213	19	22	133	0.1654135
NODE_38758_length_4032_cov_4.039156	1080	1213	20	6	133	0.0451128
NODE_38758_length_4032_cov_4.039156	1080	1213	21	37	133	0.2781955
NODE_38758_length_4032_cov_4.039156	1080	1213	22	3	133	0.0225564
NODE_38758_length_4032_cov_4.039156	1080	1213	23	3	133	0.0225564
NODE_387857_length_481_cov_1.583770	255	388	2	18	133	0.1353384
NODE_387857_length_481_cov_1.583770	255	388	3	14	133	0.1052632
NODE_387857_length_481_cov_1.583770	255	388	5	2	133	0.0150376
NODE_387857_length_481_cov_1.583770	255	388	7	45	133	0.3383459
NODE_387857_length_481_cov_1.583770	255	388	8	11	133	0.0827068
NODE_387857_length_481_cov_1.583770	255	388	9	27	133	0.2030075
NODE_387857_length_481_cov_1.583770	255	388	10	16	133	0.1203008
NODE_38785_length_4030_cov_4.458408	2950	3083	27	10	133	0.0751880
NODE_38785_length_4030_cov_4.458408	2950	3083	28	10	133	0.0751880
NODE_38785_length_4030_cov_4.458408	2950	3083	29	2	133	0.0150376
NODE_38785_length_4030_cov_4.458408	2950	3083	31	2	133	0.0150376
NODE_38785_length_4030_cov_4.458408	2950	3083	32	6	133	0.0451128
NODE_38785_length_4030_cov_4.458408	2950	3083	35	1	133	0.0075188
NODE_38785_length_4030_cov_4.458408	2950	3083	36	10	133	0.0751880
NODE_38785_length_4030_cov_4.458408	2950	3083	37	3	133	0.0225564
NODE_38785_length_4030_cov_4.458408	2950	3083	38	26	133	0.1954887
NODE_38785_length_4030_cov_4.458408	2950	3083	39	19	133	0.1428571
NODE_38785_length_4030_cov_4.458408	2950	3083	40	16	133	0.1203008
NODE_38785_length_4030_cov_4.458408	2950	3083	41	12	133	0.0902256
NODE_38785_length_4030_cov_4.458408	2950	3083	42	12	133	0.0902256
NODE_38785_length_4030_cov_4.458408	2950	3083	43	2	133	0.0150376
NODE_38785_length_4030_cov_4.458408	2950	3083	46	2	133	0.0150376
NODE_38795_length_4030_cov_3.117782	1191	1324	8	2	133	0.0150376
NODE_38795_length_4030_cov_3.117782	1191	1324	9	21	133	0.1578947
NODE_38795_length_4030_cov_3.117782	1191	1324	10	18	133	0.1353384
NODE_38795_length_4030_cov_3.117782	1191	1324	11	2	133	0.0150376
NODE_38795_length_4030_cov_3.117782	1191	1324	13	29	133	0.2180451
NODE_38795_length_4030_cov_3.117782	1191	1324	14	32	133	0.2406015
NODE_38795_length_4030_cov_3.117782	1191	1324	15	17	133	0.1278196
NODE_38795_length_4030_cov_3.117782	1191	1324	16	12	133	0.0902256
NODE_388004_length_480_cov_3.309711	391	524	0	44	133	0.3308271
NODE_388004_length_480_cov_3.309711	391	524	2	89	133	0.6691729
NODE_3884_length_10192_cov_3.747251	2093	2226	6	1	133	0.0075188
NODE_3884_length_10192_cov_3.747251	2093	2226	7	14	133	0.1052632
NODE_3884_length_10192_cov_3.747251	2093	2226	8	15	133	0.1127820
NODE_3884_length_10192_cov_3.747251	2093	2226	10	2	133	0.0150376
NODE_3884_length_10192_cov_3.747251	2093	2226	11	34	133	0.2556391
NODE_3884_length_10192_cov_3.747251	2093	2226	12	58	133	0.4360902
NODE_3884_length_10192_cov_3.747251	2093	2226	13	9	133	0.0676692
NODE_388539_length_479_cov_2.457895	151	284	3	5	133	0.0375940
NODE_388539_length_479_cov_2.457895	151	284	4	5	133	0.0375940
NODE_388539_length_479_cov_2.457895	151	284	6	56	133	0.4210526
NODE_388539_length_479_cov_2.457895	151	284	7	67	133	0.5037594
NODE_3886_length_10190_cov_4.625409	9531	9664	13	6	133	0.0451128
NODE_3886_length_10190_cov_4.625409	9531	9664	14	22	133	0.1654135
NODE_3886_length_10190_cov_4.625409	9531	9664	15	20	133	0.1503759
NODE_3886_length_10190_cov_4.625409	9531	9664	16	6	133	0.0451128
NODE_3886_length_10190_cov_4.625409	9531	9664	17	5	133	0.0375940
NODE_3886_length_10190_cov_4.625409	9531	9664	18	6	133	0.0451128
NODE_3886_length_10190_cov_4.625409	9531	9664	19	2	133	0.0150376
NODE_3886_length_10190_cov_4.625409	9531	9664	20	17	133	0.1278196
NODE_3886_length_10190_cov_4.625409	9531	9664	21	9	133	0.0676692
NODE_3886_length_10190_cov_4.625409	9531	9664	22	32	133	0.2406015
NODE_3886_length_10190_cov_4.625409	9531	9664	23	6	133	0.0451128
NODE_3886_length_10190_cov_4.625409	9531	9664	24	2	133	0.0150376
NODE_38891_length_4024_cov_5.070828	3579	3712	7	12	133	0.0902256
NODE_38891_length_4024_cov_5.070828	3579	3712	8	12	133	0.0902256
NODE_38891_length_4024_cov_5.070828	3579	3712	10	2	133	0.0150376
NODE_38891_length_4024_cov_5.070828	3579	3712	11	3	133	0.0225564
NODE_38891_length_4024_cov_5.070828	3579	3712	13	17	133	0.1278196
NODE_38891_length_4024_cov_5.070828	3579	3712	14	11	133	0.0827068
NODE_38891_length_4024_cov_5.070828	3579	3712	15	18	133	0.1353384
NODE_38891_length_4024_cov_5.070828	3579	3712	16	9	133	0.0676692
NODE_38891_length_4024_cov_5.070828	3579	3712	17	26	133	0.1954887
NODE_38891_length_4024_cov_5.070828	3579	3712	18	8	133	0.0601504
NODE_38891_length_4024_cov_5.070828	3579	3712	19	10	133	0.0751880
NODE_38891_length_4024_cov_5.070828	3579	3712	20	5	133	0.0375940
NODE_38894_length_4024_cov_4.829299	2270	2403	30	6	133	0.0451128
NODE_38894_length_4024_cov_4.829299	2270	2403	31	13	133	0.0977444
NODE_38894_length_4024_cov_4.829299	2270	2403	32	1	133	0.0075188
NODE_38894_length_4024_cov_4.829299	2270	2403	33	1	133	0.0075188
NODE_38894_length_4024_cov_4.829299	2270	2403	34	3	133	0.0225564
NODE_38894_length_4024_cov_4.829299	2270	2403	35	2	133	0.0150376
NODE_38894_length_4024_cov_4.829299	2270	2403	36	7	133	0.0526316
NODE_38894_length_4024_cov_4.829299	2270	2403	37	13	133	0.0977444
NODE_38894_length_4024_cov_4.829299	2270	2403	38	2	133	0.0150376
NODE_38894_length_4024_cov_4.829299	2270	2403	39	2	133	0.0150376
NODE_38894_length_4024_cov_4.829299	2270	2403	40	6	133	0.0451128
NODE_38894_length_4024_cov_4.829299	2270	2403	41	21	133	0.1578947
NODE_38894_length_4024_cov_4.829299	2270	2403	42	29	133	0.2180451
NODE_38894_length_4024_cov_4.829299	2270	2403	43	15	133	0.1127820
NODE_38894_length_4024_cov_4.829299	2270	2403	44	9	133	0.0676692
NODE_38894_length_4024_cov_4.829299	2270	2403	45	3	133	0.0225564
NODE_389000_length_478_cov_2.408971	375	508	0	30	133	0.2255639
NODE_389000_length_478_cov_2.408971	375	508	6	11	133	0.0827068
NODE_389000_length_478_cov_2.408971	375	508	7	71	133	0.5338346
NODE_389000_length_478_cov_2.408971	375	508	9	21	133	0.1578947
NODE_38903_length_4024_cov_3.866242	3548	3681	5	1	133	0.0075188
NODE_38903_length_4024_cov_3.866242	3548	3681	6	4	133	0.0300752
NODE_38903_length_4024_cov_3.866242	3548	3681	7	3	133	0.0225564
NODE_38903_length_4024_cov_3.866242	3548	3681	8	5	133	0.0375940
NODE_38903_length_4024_cov_3.866242	3548	3681	9	14	133	0.1052632
NODE_38903_length_4024_cov_3.866242	3548	3681	10	7	133	0.0526316
NODE_38903_length_4024_cov_3.866242	3548	3681	11	7	133	0.0526316
NODE_38903_length_4024_cov_3.866242	3548	3681	12	29	133	0.2180451
NODE_38903_length_4024_cov_3.866242	3548	3681	13	54	133	0.4060150
NODE_38903_length_4024_cov_3.866242	3548	3681	14	9	133	0.0676692
NODE_38914_length_4024_cov_3.168408	3377	3510	21	5	133	0.0375940
NODE_38914_length_4024_cov_3.168408	3377	3510	22	9	133	0.0676692
NODE_38914_length_4024_cov_3.168408	3377	3510	23	8	133	0.0601504
NODE_38914_length_4024_cov_3.168408	3377	3510	24	3	133	0.0225564
NODE_38914_length_4024_cov_3.168408	3377	3510	25	7	133	0.0526316
NODE_38914_length_4024_cov_3.168408	3377	3510	26	5	133	0.0375940
NODE_38914_length_4024_cov_3.168408	3377	3510	27	5	133	0.0375940
NODE_38914_length_4024_cov_3.168408	3377	3510	29	13	133	0.0977444
NODE_38914_length_4024_cov_3.168408	3377	3510	30	21	133	0.1578947
NODE_38914_length_4024_cov_3.168408	3377	3510	31	3	133	0.0225564
NODE_38914_length_4024_cov_3.168408	3377	3510	32	18	133	0.1353384
NODE_38914_length_4024_cov_3.168408	3377	3510	33	2	133	0.0150376
NODE_38914_length_4024_cov_3.168408	3377	3510	34	18	133	0.1353384
NODE_38914_length_4024_cov_3.168408	3377	3510	35	11	133	0.0827068
NODE_38914_length_4024_cov_3.168408	3377	3510	36	5	133	0.0375940
NODE_38954_length_4021_cov_4.623916	1888	2021	9	11	133	0.0827068
NODE_38954_length_4021_cov_4.623916	1888	2021	10	2	133	0.0150376
NODE_38954_length_4021_cov_4.623916	1888	2021	11	9	133	0.0676692
NODE_38954_length_4021_cov_4.623916	1888	2021	13	15	133	0.1127820
NODE_38954_length_4021_cov_4.623916	1888	2021	14	5	133	0.0375940
NODE_38954_length_4021_cov_4.623916	1888	2021	15	12	133	0.0902256
NODE_38954_length_4021_cov_4.623916	1888	2021	16	8	133	0.0601504
NODE_38954_length_4021_cov_4.623916	1888	2021	17	13	133	0.0977444
NODE_38954_length_4021_cov_4.623916	1888	2021	18	8	133	0.0601504
NODE_38954_length_4021_cov_4.623916	1888	2021	19	7	133	0.0526316
NODE_38954_length_4021_cov_4.623916	1888	2021	20	32	133	0.2406015
NODE_38954_length_4021_cov_4.623916	1888	2021	21	10	133	0.0751880
NODE_38954_length_4021_cov_4.623916	1888	2021	22	1	133	0.0075188
NODE_389950_length_476_cov_2.183024	100	233	7	15	133	0.1127820
NODE_389950_length_476_cov_2.183024	100	233	8	16	133	0.1203008
NODE_389950_length_476_cov_2.183024	100	233	9	9	133	0.0676692
NODE_389950_length_476_cov_2.183024	100	233	10	3	133	0.0225564
NODE_389950_length_476_cov_2.183024	100	233	11	19	133	0.1428571
NODE_389950_length_476_cov_2.183024	100	233	12	66	133	0.4962406
NODE_389950_length_476_cov_2.183024	100	233	13	5	133	0.0375940
NODE_38999_length_4019_cov_4.772194	1622	1755	8	8	133	0.0601504
NODE_38999_length_4019_cov_4.772194	1622	1755	9	29	133	0.2180451
NODE_38999_length_4019_cov_4.772194	1622	1755	10	7	133	0.0526316
NODE_38999_length_4019_cov_4.772194	1622	1755	11	2	133	0.0150376
NODE_38999_length_4019_cov_4.772194	1622	1755	13	7	133	0.0526316
NODE_38999_length_4019_cov_4.772194	1622	1755	14	44	133	0.3308271
NODE_38999_length_4019_cov_4.772194	1622	1755	15	35	133	0.2631579
NODE_38999_length_4019_cov_4.772194	1622	1755	17	1	133	0.0075188
NODE_39034_length_4017_cov_5.068657	3672	3805	20	1	133	0.0075188
NODE_39034_length_4017_cov_5.068657	3672	3805	21	17	133	0.1278196
NODE_39034_length_4017_cov_5.068657	3672	3805	22	2	133	0.0150376
NODE_39034_length_4017_cov_5.068657	3672	3805	24	8	133	0.0601504
NODE_39034_length_4017_cov_5.068657	3672	3805	25	4	133	0.0300752
NODE_39034_length_4017_cov_5.068657	3672	3805	28	3	133	0.0225564
NODE_39034_length_4017_cov_5.068657	3672	3805	29	1	133	0.0075188
NODE_39034_length_4017_cov_5.068657	3672	3805	31	18	133	0.1353384
NODE_39034_length_4017_cov_5.068657	3672	3805	32	4	133	0.0300752
NODE_39034_length_4017_cov_5.068657	3672	3805	33	11	133	0.0827068
NODE_39034_length_4017_cov_5.068657	3672	3805	34	10	133	0.0751880
NODE_39034_length_4017_cov_5.068657	3672	3805	35	3	133	0.0225564
NODE_39034_length_4017_cov_5.068657	3672	3805	36	11	133	0.0827068
NODE_39034_length_4017_cov_5.068657	3672	3805	37	6	133	0.0451128
NODE_39034_length_4017_cov_5.068657	3672	3805	38	5	133	0.0375940
NODE_39034_length_4017_cov_5.068657	3672	3805	39	8	133	0.0601504
NODE_39034_length_4017_cov_5.068657	3672	3805	40	9	133	0.0676692
NODE_39034_length_4017_cov_5.068657	3672	3805	41	12	133	0.0902256
NODE_39035_length_4017_cov_5.022205	1603	1736	11	5	133	0.0375940
NODE_39035_length_4017_cov_5.022205	1603	1736	13	9	133	0.0676692
NODE_39035_length_4017_cov_5.022205	1603	1736	14	3	133	0.0225564
NODE_39035_length_4017_cov_5.022205	1603	1736	15	31	133	0.2330827
NODE_39035_length_4017_cov_5.022205	1603	1736	16	15	133	0.1127820
NODE_39035_length_4017_cov_5.022205	1603	1736	17	11	133	0.0827068
NODE_39035_length_4017_cov_5.022205	1603	1736	18	35	133	0.2631579
NODE_39035_length_4017_cov_5.022205	1603	1736	19	5	133	0.0375940
NODE_39035_length_4017_cov_5.022205	1603	1736	20	19	133	0.1428571
NODE_3905_length_10172_cov_4.325921	3048	3181	15	4	133	0.0300752
NODE_3905_length_10172_cov_4.325921	3048	3181	16	1	133	0.0075188
NODE_3905_length_10172_cov_4.325921	3048	3181	17	7	133	0.0526316
NODE_3905_length_10172_cov_4.325921	3048	3181	18	28	133	0.2105263
NODE_3905_length_10172_cov_4.325921	3048	3181	19	12	133	0.0902256
NODE_3905_length_10172_cov_4.325921	3048	3181	20	1	133	0.0075188
NODE_3905_length_10172_cov_4.325921	3048	3181	22	3	133	0.0225564
NODE_3905_length_10172_cov_4.325921	3048	3181	23	2	133	0.0150376
NODE_3905_length_10172_cov_4.325921	3048	3181	24	17	133	0.1278196
NODE_3905_length_10172_cov_4.325921	3048	3181	25	7	133	0.0526316
NODE_3905_length_10172_cov_4.325921	3048	3181	26	33	133	0.2481203
NODE_3905_length_10172_cov_4.325921	3048	3181	27	6	133	0.0451128
NODE_3905_length_10172_cov_4.325921	3048	3181	28	12	133	0.0902256
NODE_39066_length_4016_cov_3.535614	931	1064	6	1	133	0.0075188
NODE_39066_length_4016_cov_3.535614	931	1064	7	13	133	0.0977444
NODE_39066_length_4016_cov_3.535614	931	1064	8	1	133	0.0075188
NODE_39066_length_4016_cov_3.535614	931	1064	9	2	133	0.0150376
NODE_39066_length_4016_cov_3.535614	931	1064	10	1	133	0.0075188
NODE_39066_length_4016_cov_3.535614	931	1064	11	4	133	0.0300752
NODE_39066_length_4016_cov_3.535614	931	1064	12	2	133	0.0150376
NODE_39066_length_4016_cov_3.535614	931	1064	13	1	133	0.0075188
NODE_39066_length_4016_cov_3.535614	931	1064	14	45	133	0.3383459
NODE_39066_length_4016_cov_3.535614	931	1064	15	43	133	0.3233083
NODE_39066_length_4016_cov_3.535614	931	1064	16	14	133	0.1052632
NODE_39066_length_4016_cov_3.535614	931	1064	17	6	133	0.0451128
NODE_390793_length_474_cov_2.213333	104	237	0	133	133	1.0000000
NODE_3908_length_10169_cov_17.086892	8953	9086	29	6	133	0.0451128
NODE_3908_length_10169_cov_17.086892	8953	9086	30	3	133	0.0225564
NODE_3908_length_10169_cov_17.086892	8953	9086	31	5	133	0.0375940
NODE_3908_length_10169_cov_17.086892	8953	9086	32	1	133	0.0075188
NODE_3908_length_10169_cov_17.086892	8953	9086	35	1	133	0.0075188
NODE_3908_length_10169_cov_17.086892	8953	9086	36	5	133	0.0375940
NODE_3908_length_10169_cov_17.086892	8953	9086	37	1	133	0.0075188
NODE_3908_length_10169_cov_17.086892	8953	9086	38	7	133	0.0526316
NODE_3908_length_10169_cov_17.086892	8953	9086	39	3	133	0.0225564
NODE_3908_length_10169_cov_17.086892	8953	9086	40	4	133	0.0300752
NODE_3908_length_10169_cov_17.086892	8953	9086	42	2	133	0.0150376
NODE_3908_length_10169_cov_17.086892	8953	9086	44	6	133	0.0451128
NODE_3908_length_10169_cov_17.086892	8953	9086	46	3	133	0.0225564
NODE_3908_length_10169_cov_17.086892	8953	9086	47	2	133	0.0150376
NODE_3908_length_10169_cov_17.086892	8953	9086	48	31	133	0.2330827
NODE_3908_length_10169_cov_17.086892	8953	9086	49	19	133	0.1428571
NODE_3908_length_10169_cov_17.086892	8953	9086	50	20	133	0.1503759
NODE_3908_length_10169_cov_17.086892	8953	9086	51	13	133	0.0977444
NODE_3908_length_10169_cov_17.086892	8953	9086	52	1	133	0.0075188
NODE_39115_length_4013_cov_4.009964	778	911	5	17	133	0.1278196
NODE_39115_length_4013_cov_4.009964	778	911	6	10	133	0.0751880
NODE_39115_length_4013_cov_4.009964	778	911	7	2	133	0.0150376
NODE_39115_length_4013_cov_4.009964	778	911	8	25	133	0.1879699
NODE_39115_length_4013_cov_4.009964	778	911	9	37	133	0.2781955
NODE_39115_length_4013_cov_4.009964	778	911	10	36	133	0.2706767
NODE_39115_length_4013_cov_4.009964	778	911	12	6	133	0.0451128
NODE_3912_length_10168_cov_6.335982	5276	5409	26	3	133	0.0225564
NODE_3912_length_10168_cov_6.335982	5276	5409	27	1	133	0.0075188
NODE_3912_length_10168_cov_6.335982	5276	5409	28	4	133	0.0300752
NODE_3912_length_10168_cov_6.335982	5276	5409	29	3	133	0.0225564
NODE_3912_length_10168_cov_6.335982	5276	5409	32	4	133	0.0300752
NODE_3912_length_10168_cov_6.335982	5276	5409	35	1	133	0.0075188
NODE_3912_length_10168_cov_6.335982	5276	5409	36	4	133	0.0300752
NODE_3912_length_10168_cov_6.335982	5276	5409	38	2	133	0.0150376
NODE_3912_length_10168_cov_6.335982	5276	5409	40	4	133	0.0300752
NODE_3912_length_10168_cov_6.335982	5276	5409	41	8	133	0.0601504
NODE_3912_length_10168_cov_6.335982	5276	5409	42	8	133	0.0601504
NODE_3912_length_10168_cov_6.335982	5276	5409	43	11	133	0.0827068
NODE_3912_length_10168_cov_6.335982	5276	5409	44	9	133	0.0676692
NODE_3912_length_10168_cov_6.335982	5276	5409	45	23	133	0.1729323
NODE_3912_length_10168_cov_6.335982	5276	5409	46	8	133	0.0601504
NODE_3912_length_10168_cov_6.335982	5276	5409	47	8	133	0.0601504
NODE_3912_length_10168_cov_6.335982	5276	5409	48	5	133	0.0375940
NODE_3912_length_10168_cov_6.335982	5276	5409	49	8	133	0.0601504
NODE_3912_length_10168_cov_6.335982	5276	5409	51	1	133	0.0075188
NODE_3912_length_10168_cov_6.335982	5276	5409	52	5	133	0.0375940
NODE_3912_length_10168_cov_6.335982	5276	5409	53	3	133	0.0225564
NODE_3912_length_10168_cov_6.335982	5276	5409	54	9	133	0.0676692
NODE_3912_length_10168_cov_6.335982	5276	5409	55	1	133	0.0075188
NODE_39138_length_4012_cov_3.802964	479	612	12	8	133	0.0601504
NODE_39138_length_4012_cov_3.802964	479	612	13	3	133	0.0225564
NODE_39138_length_4012_cov_3.802964	479	612	14	34	133	0.2556391
NODE_39138_length_4012_cov_3.802964	479	612	17	4	133	0.0300752
NODE_39138_length_4012_cov_3.802964	479	612	18	1	133	0.0075188
NODE_39138_length_4012_cov_3.802964	479	612	20	1	133	0.0075188
NODE_39138_length_4012_cov_3.802964	479	612	21	8	133	0.0601504
NODE_39138_length_4012_cov_3.802964	479	612	22	10	133	0.0751880
NODE_39138_length_4012_cov_3.802964	479	612	23	16	133	0.1203008
NODE_39138_length_4012_cov_3.802964	479	612	24	15	133	0.1127820
NODE_39138_length_4012_cov_3.802964	479	612	25	19	133	0.1428571
NODE_39138_length_4012_cov_3.802964	479	612	26	14	133	0.1052632
NODE_391547_length_472_cov_2.847185	156	289	4	12	133	0.0902256
NODE_391547_length_472_cov_2.847185	156	289	6	16	133	0.1203008
NODE_391547_length_472_cov_2.847185	156	289	7	1	133	0.0075188
NODE_391547_length_472_cov_2.847185	156	289	8	16	133	0.1203008
NODE_391547_length_472_cov_2.847185	156	289	9	10	133	0.0751880
NODE_391547_length_472_cov_2.847185	156	289	11	1	133	0.0075188
NODE_391547_length_472_cov_2.847185	156	289	12	3	133	0.0225564
NODE_391547_length_472_cov_2.847185	156	289	13	19	133	0.1428571
NODE_391547_length_472_cov_2.847185	156	289	14	12	133	0.0902256
NODE_391547_length_472_cov_2.847185	156	289	15	27	133	0.2030075
NODE_391547_length_472_cov_2.847185	156	289	16	16	133	0.1203008
NODE_39182_length_4010_cov_3.122986	1967	2100	1	16	133	0.1203008
NODE_39182_length_4010_cov_3.122986	1967	2100	3	2	133	0.0150376
NODE_39182_length_4010_cov_3.122986	1967	2100	5	7	133	0.0526316
NODE_39182_length_4010_cov_3.122986	1967	2100	6	2	133	0.0150376
NODE_39182_length_4010_cov_3.122986	1967	2100	7	15	133	0.1127820
NODE_39182_length_4010_cov_3.122986	1967	2100	8	2	133	0.0150376
NODE_39182_length_4010_cov_3.122986	1967	2100	9	11	133	0.0827068
NODE_39182_length_4010_cov_3.122986	1967	2100	10	58	133	0.4360902
NODE_39182_length_4010_cov_3.122986	1967	2100	11	20	133	0.1503759
NODE_392062_length_471_cov_2.532258	145	278	19	7	133	0.0526316
NODE_392062_length_471_cov_2.532258	145	278	21	1	133	0.0075188
NODE_392062_length_471_cov_2.532258	145	278	23	3	133	0.0225564
NODE_392062_length_471_cov_2.532258	145	278	24	3	133	0.0225564
NODE_392062_length_471_cov_2.532258	145	278	26	4	133	0.0300752
NODE_392062_length_471_cov_2.532258	145	278	27	3	133	0.0225564
NODE_392062_length_471_cov_2.532258	145	278	28	4	133	0.0300752
NODE_392062_length_471_cov_2.532258	145	278	30	4	133	0.0300752
NODE_392062_length_471_cov_2.532258	145	278	31	2	133	0.0150376
NODE_392062_length_471_cov_2.532258	145	278	33	5	133	0.0375940
NODE_392062_length_471_cov_2.532258	145	278	34	1	133	0.0075188
NODE_392062_length_471_cov_2.532258	145	278	35	3	133	0.0225564
NODE_392062_length_471_cov_2.532258	145	278	36	2	133	0.0150376
NODE_392062_length_471_cov_2.532258	145	278	38	3	133	0.0225564
NODE_392062_length_471_cov_2.532258	145	278	39	2	133	0.0150376
NODE_392062_length_471_cov_2.532258	145	278	41	1	133	0.0075188
NODE_392062_length_471_cov_2.532258	145	278	43	2	133	0.0150376
NODE_392062_length_471_cov_2.532258	145	278	44	3	133	0.0225564
NODE_392062_length_471_cov_2.532258	145	278	45	28	133	0.2105263
NODE_392062_length_471_cov_2.532258	145	278	46	24	133	0.1804511
NODE_392062_length_471_cov_2.532258	145	278	47	12	133	0.0902256
NODE_392062_length_471_cov_2.532258	145	278	48	12	133	0.0902256
NODE_392062_length_471_cov_2.532258	145	278	49	4	133	0.0300752
NODE_3921_length_10159_cov_5.192445	1952	2085	19	10	133	0.0751880
NODE_3921_length_10159_cov_5.192445	1952	2085	20	8	133	0.0601504
NODE_3921_length_10159_cov_5.192445	1952	2085	21	16	133	0.1203008
NODE_3921_length_10159_cov_5.192445	1952	2085	22	11	133	0.0827068
NODE_3921_length_10159_cov_5.192445	1952	2085	23	33	133	0.2481203
NODE_3921_length_10159_cov_5.192445	1952	2085	24	40	133	0.3007519
NODE_3921_length_10159_cov_5.192445	1952	2085	25	15	133	0.1127820
NODE_39224_length_4007_cov_5.024053	660	793	3	68	133	0.5112782
NODE_39224_length_4007_cov_5.024053	660	793	5	5	133	0.0375940
NODE_39224_length_4007_cov_5.024053	660	793	7	7	133	0.0526316
NODE_39224_length_4007_cov_5.024053	660	793	8	32	133	0.2406015
NODE_39224_length_4007_cov_5.024053	660	793	9	21	133	0.1578947
NODE_39232_length_4007_cov_4.070113	494	627	13	14	133	0.1052632
NODE_39232_length_4007_cov_4.070113	494	627	14	8	133	0.0601504
NODE_39232_length_4007_cov_4.070113	494	627	19	1	133	0.0075188
NODE_39232_length_4007_cov_4.070113	494	627	21	3	133	0.0225564
NODE_39232_length_4007_cov_4.070113	494	627	22	12	133	0.0902256
NODE_39232_length_4007_cov_4.070113	494	627	23	1	133	0.0075188
NODE_39232_length_4007_cov_4.070113	494	627	24	20	133	0.1503759
NODE_39232_length_4007_cov_4.070113	494	627	25	16	133	0.1203008
NODE_39232_length_4007_cov_4.070113	494	627	26	9	133	0.0676692
NODE_39232_length_4007_cov_4.070113	494	627	27	36	133	0.2706767
NODE_39232_length_4007_cov_4.070113	494	627	28	5	133	0.0375940
NODE_39232_length_4007_cov_4.070113	494	627	29	8	133	0.0601504
NODE_392495_length_470_cov_2.466307	308	441	11	4	133	0.0300752
NODE_392495_length_470_cov_2.466307	308	441	12	10	133	0.0751880
NODE_392495_length_470_cov_2.466307	308	441	13	4	133	0.0300752
NODE_392495_length_470_cov_2.466307	308	441	15	2	133	0.0150376
NODE_392495_length_470_cov_2.466307	308	441	16	1	133	0.0075188
NODE_392495_length_470_cov_2.466307	308	441	17	3	133	0.0225564
NODE_392495_length_470_cov_2.466307	308	441	18	1	133	0.0075188
NODE_392495_length_470_cov_2.466307	308	441	20	2	133	0.0150376
NODE_392495_length_470_cov_2.466307	308	441	21	11	133	0.0827068
NODE_392495_length_470_cov_2.466307	308	441	22	22	133	0.1654135
NODE_392495_length_470_cov_2.466307	308	441	23	15	133	0.1127820
NODE_392495_length_470_cov_2.466307	308	441	24	20	133	0.1503759
NODE_392495_length_470_cov_2.466307	308	441	25	7	133	0.0526316
NODE_392495_length_470_cov_2.466307	308	441	26	2	133	0.0150376
NODE_392495_length_470_cov_2.466307	308	441	27	29	133	0.2180451
NODE_39281_length_4004_cov_3.709347	2340	2473	4	7	133	0.0526316
NODE_39281_length_4004_cov_3.709347	2340	2473	5	1	133	0.0075188
NODE_39281_length_4004_cov_3.709347	2340	2473	6	21	133	0.1578947
NODE_39281_length_4004_cov_3.709347	2340	2473	7	30	133	0.2255639
NODE_39281_length_4004_cov_3.709347	2340	2473	8	8	133	0.0601504
NODE_39281_length_4004_cov_3.709347	2340	2473	9	13	133	0.0977444
NODE_39281_length_4004_cov_3.709347	2340	2473	10	53	133	0.3984962
NODE_3934_length_10151_cov_4.562177	4647	4780	9	23	133	0.1729323
NODE_3934_length_10151_cov_4.562177	4647	4780	10	8	133	0.0601504
NODE_3934_length_10151_cov_4.562177	4647	4780	11	31	133	0.2330827
NODE_3934_length_10151_cov_4.562177	4647	4780	13	3	133	0.0225564
NODE_3934_length_10151_cov_4.562177	4647	4780	14	7	133	0.0526316
NODE_3934_length_10151_cov_4.562177	4647	4780	15	17	133	0.1278196
NODE_3934_length_10151_cov_4.562177	4647	4780	16	23	133	0.1729323
NODE_3934_length_10151_cov_4.562177	4647	4780	17	17	133	0.1278196
NODE_3934_length_10151_cov_4.562177	4647	4780	18	4	133	0.0300752
NODE_39351_length_4000_cov_3.528839	941	1074	3	1	133	0.0075188
NODE_39351_length_4000_cov_3.528839	941	1074	4	13	133	0.0977444
NODE_39351_length_4000_cov_3.528839	941	1074	6	27	133	0.2030075
NODE_39351_length_4000_cov_3.528839	941	1074	7	32	133	0.2406015
NODE_39351_length_4000_cov_3.528839	941	1074	8	4	133	0.0300752
NODE_39351_length_4000_cov_3.528839	941	1074	9	47	133	0.3533835
NODE_39351_length_4000_cov_3.528839	941	1074	11	9	133	0.0676692
NODE_393619_length_467_cov_5.826087	111	244	3	27	133	0.2030075
NODE_393619_length_467_cov_5.826087	111	244	4	8	133	0.0601504
NODE_393619_length_467_cov_5.826087	111	244	5	58	133	0.4360902
NODE_393619_length_467_cov_5.826087	111	244	6	40	133	0.3007519
NODE_393636_length_467_cov_4.581522	221	354	0	34	133	0.2556391
NODE_393636_length_467_cov_4.581522	221	354	2	39	133	0.2932331
NODE_393636_length_467_cov_4.581522	221	354	4	60	133	0.4511278
NODE_39375_length_3998_cov_4.974352	2061	2194	2	37	133	0.2781955
NODE_39375_length_3998_cov_4.974352	2061	2194	4	54	133	0.4060150
NODE_39375_length_3998_cov_4.974352	2061	2194	6	42	133	0.3157895
NODE_39430_length_3996_cov_3.544008	766	899	12	1	133	0.0075188
NODE_39430_length_3996_cov_3.544008	766	899	13	3	133	0.0225564
NODE_39430_length_3996_cov_3.544008	766	899	14	3	133	0.0225564
NODE_39430_length_3996_cov_3.544008	766	899	16	2	133	0.0150376
NODE_39430_length_3996_cov_3.544008	766	899	18	6	133	0.0451128
NODE_39430_length_3996_cov_3.544008	766	899	19	6	133	0.0451128
NODE_39430_length_3996_cov_3.544008	766	899	20	5	133	0.0375940
NODE_39430_length_3996_cov_3.544008	766	899	21	11	133	0.0827068
NODE_39430_length_3996_cov_3.544008	766	899	22	8	133	0.0601504
NODE_39430_length_3996_cov_3.544008	766	899	23	33	133	0.2481203
NODE_39430_length_3996_cov_3.544008	766	899	24	28	133	0.2105263
NODE_39430_length_3996_cov_3.544008	766	899	25	22	133	0.1654135
NODE_39430_length_3996_cov_3.544008	766	899	26	5	133	0.0375940
NODE_39468_length_3993_cov_5.326400	1256	1389	12	3	133	0.0225564
NODE_39468_length_3993_cov_5.326400	1256	1389	13	12	133	0.0902256
NODE_39468_length_3993_cov_5.326400	1256	1389	14	25	133	0.1879699
NODE_39468_length_3993_cov_5.326400	1256	1389	15	9	133	0.0676692
NODE_39468_length_3993_cov_5.326400	1256	1389	16	14	133	0.1052632
NODE_39468_length_3993_cov_5.326400	1256	1389	17	16	133	0.1203008
NODE_39468_length_3993_cov_5.326400	1256	1389	18	8	133	0.0601504
NODE_39468_length_3993_cov_5.326400	1256	1389	19	32	133	0.2406015
NODE_39468_length_3993_cov_5.326400	1256	1389	20	14	133	0.1052632
NODE_39479_length_3993_cov_3.213919	388	521	6	2	133	0.0150376
NODE_39479_length_3993_cov_3.213919	388	521	7	1	133	0.0075188
NODE_39479_length_3993_cov_3.213919	388	521	11	13	133	0.0977444
NODE_39479_length_3993_cov_3.213919	388	521	12	4	133	0.0300752
NODE_39479_length_3993_cov_3.213919	388	521	14	4	133	0.0300752
NODE_39479_length_3993_cov_3.213919	388	521	15	14	133	0.1052632
NODE_39479_length_3993_cov_3.213919	388	521	16	4	133	0.0300752
NODE_39479_length_3993_cov_3.213919	388	521	18	14	133	0.1052632
NODE_39479_length_3993_cov_3.213919	388	521	19	36	133	0.2706767
NODE_39479_length_3993_cov_3.213919	388	521	20	4	133	0.0300752
NODE_39479_length_3993_cov_3.213919	388	521	21	7	133	0.0526316
NODE_39479_length_3993_cov_3.213919	388	521	22	18	133	0.1353384
NODE_39479_length_3993_cov_3.213919	388	521	23	12	133	0.0902256
NODE_3950_length_10143_cov_4.666766	2545	2678	6	6	133	0.0451128
NODE_3950_length_10143_cov_4.666766	2545	2678	7	2	133	0.0150376
NODE_3950_length_10143_cov_4.666766	2545	2678	8	15	133	0.1127820
NODE_3950_length_10143_cov_4.666766	2545	2678	9	67	133	0.5037594
NODE_3950_length_10143_cov_4.666766	2545	2678	10	27	133	0.2030075
NODE_3950_length_10143_cov_4.666766	2545	2678	11	15	133	0.1127820
NODE_3950_length_10143_cov_4.666766	2545	2678	12	1	133	0.0075188
NODE_39532_length_3989_cov_4.517995	3274	3407	31	1	133	0.0075188
NODE_39532_length_3989_cov_4.517995	3274	3407	35	3	133	0.0225564
NODE_39532_length_3989_cov_4.517995	3274	3407	36	3	133	0.0225564
NODE_39532_length_3989_cov_4.517995	3274	3407	37	6	133	0.0451128
NODE_39532_length_3989_cov_4.517995	3274	3407	38	2	133	0.0150376
NODE_39532_length_3989_cov_4.517995	3274	3407	39	4	133	0.0300752
NODE_39532_length_3989_cov_4.517995	3274	3407	40	22	133	0.1654135
NODE_39532_length_3989_cov_4.517995	3274	3407	41	14	133	0.1052632
NODE_39532_length_3989_cov_4.517995	3274	3407	42	1	133	0.0075188
NODE_39532_length_3989_cov_4.517995	3274	3407	43	5	133	0.0375940
NODE_39532_length_3989_cov_4.517995	3274	3407	44	11	133	0.0827068
NODE_39532_length_3989_cov_4.517995	3274	3407	45	4	133	0.0300752
NODE_39532_length_3989_cov_4.517995	3274	3407	46	3	133	0.0225564
NODE_39532_length_3989_cov_4.517995	3274	3407	47	10	133	0.0751880
NODE_39532_length_3989_cov_4.517995	3274	3407	48	8	133	0.0601504
NODE_39532_length_3989_cov_4.517995	3274	3407	49	6	133	0.0451128
NODE_39532_length_3989_cov_4.517995	3274	3407	50	3	133	0.0225564
NODE_39532_length_3989_cov_4.517995	3274	3407	51	7	133	0.0526316
NODE_39532_length_3989_cov_4.517995	3274	3407	52	3	133	0.0225564
NODE_39532_length_3989_cov_4.517995	3274	3407	53	14	133	0.1052632
NODE_39532_length_3989_cov_4.517995	3274	3407	54	3	133	0.0225564
NODE_3955_length_10140_cov_4.258341	3576	3709	2	17	133	0.1278196
NODE_3955_length_10140_cov_4.258341	3576	3709	3	22	133	0.1654135
NODE_3955_length_10140_cov_4.258341	3576	3709	6	12	133	0.0902256
NODE_3955_length_10140_cov_4.258341	3576	3709	7	15	133	0.1127820
NODE_3955_length_10140_cov_4.258341	3576	3709	8	22	133	0.1654135
NODE_3955_length_10140_cov_4.258341	3576	3709	9	8	133	0.0601504
NODE_3955_length_10140_cov_4.258341	3576	3709	10	37	133	0.2781955
NODE_39578_length_3986_cov_3.614870	2026	2159	3	2	133	0.0150376
NODE_39578_length_3986_cov_3.614870	2026	2159	5	10	133	0.0751880
NODE_39578_length_3986_cov_3.614870	2026	2159	6	1	133	0.0075188
NODE_39578_length_3986_cov_3.614870	2026	2159	8	11	133	0.0827068
NODE_39578_length_3986_cov_3.614870	2026	2159	9	77	133	0.5789474
NODE_39578_length_3986_cov_3.614870	2026	2159	10	29	133	0.2180451
NODE_39578_length_3986_cov_3.614870	2026	2159	11	3	133	0.0225564
NODE_3957_length_10136_cov_4.043439	5818	5951	9	4	133	0.0300752
NODE_3957_length_10136_cov_4.043439	5818	5951	10	3	133	0.0225564
NODE_3957_length_10136_cov_4.043439	5818	5951	11	15	133	0.1127820
NODE_3957_length_10136_cov_4.043439	5818	5951	12	10	133	0.0751880
NODE_3957_length_10136_cov_4.043439	5818	5951	13	49	133	0.3684210
NODE_3957_length_10136_cov_4.043439	5818	5951	15	9	133	0.0676692
NODE_3957_length_10136_cov_4.043439	5818	5951	16	41	133	0.3082707
NODE_3957_length_10136_cov_4.043439	5818	5951	17	1	133	0.0075188
NODE_3957_length_10136_cov_4.043439	5818	5951	18	1	133	0.0075188
NODE_395_length_18698_cov_3.983924	2529	2662	6	2	133	0.0150376
NODE_395_length_18698_cov_3.983924	2529	2662	7	16	133	0.1203008
NODE_395_length_18698_cov_3.983924	2529	2662	8	39	133	0.2932331
NODE_395_length_18698_cov_3.983924	2529	2662	9	14	133	0.1052632
NODE_395_length_18698_cov_3.983924	2529	2662	10	57	133	0.4285714
NODE_395_length_18698_cov_3.983924	2529	2662	11	5	133	0.0375940
NODE_39625_length_3983_cov_4.849125	853	986	0	13	133	0.0977444
NODE_39625_length_3983_cov_4.849125	853	986	1	14	133	0.1052632
NODE_39625_length_3983_cov_4.849125	853	986	3	9	133	0.0676692
NODE_39625_length_3983_cov_4.849125	853	986	4	17	133	0.1278196
NODE_39625_length_3983_cov_4.849125	853	986	5	5	133	0.0375940
NODE_39625_length_3983_cov_4.849125	853	986	6	73	133	0.5488722
NODE_39625_length_3983_cov_4.849125	853	986	7	2	133	0.0150376
NODE_396415_length_461_cov_3.450276	28	161	10	4	133	0.0300752
NODE_396415_length_461_cov_3.450276	28	161	11	4	133	0.0300752
NODE_396415_length_461_cov_3.450276	28	161	12	3	133	0.0225564
NODE_396415_length_461_cov_3.450276	28	161	14	2	133	0.0150376
NODE_396415_length_461_cov_3.450276	28	161	16	2	133	0.0150376
NODE_396415_length_461_cov_3.450276	28	161	17	9	133	0.0676692
NODE_396415_length_461_cov_3.450276	28	161	18	11	133	0.0827068
NODE_396415_length_461_cov_3.450276	28	161	19	1	133	0.0075188
NODE_396415_length_461_cov_3.450276	28	161	20	34	133	0.2556391
NODE_396415_length_461_cov_3.450276	28	161	21	34	133	0.2556391
NODE_396415_length_461_cov_3.450276	28	161	22	11	133	0.0827068
NODE_396415_length_461_cov_3.450276	28	161	23	12	133	0.0902256
NODE_396415_length_461_cov_3.450276	28	161	24	6	133	0.0451128
NODE_39718_length_3978_cov_3.603248	1124	1257	2	8	133	0.0601504
NODE_39718_length_3978_cov_3.603248	1124	1257	3	9	133	0.0676692
NODE_39718_length_3978_cov_3.603248	1124	1257	4	12	133	0.0902256
NODE_39718_length_3978_cov_3.603248	1124	1257	5	9	133	0.0676692
NODE_39718_length_3978_cov_3.603248	1124	1257	6	10	133	0.0751880
NODE_39718_length_3978_cov_3.603248	1124	1257	8	5	133	0.0375940
NODE_39718_length_3978_cov_3.603248	1124	1257	9	27	133	0.2030075
NODE_39718_length_3978_cov_3.603248	1124	1257	10	42	133	0.3157895
NODE_39718_length_3978_cov_3.603248	1124	1257	11	11	133	0.0827068
NODE_39725_length_3977_cov_4.777205	1416	1549	0	40	133	0.3007519
NODE_39725_length_3977_cov_4.777205	1416	1549	2	93	133	0.6992481
NODE_3972_length_10123_cov_4.871508	4891	5024	3	4	133	0.0300752
NODE_3972_length_10123_cov_4.871508	4891	5024	5	20	133	0.1503759
NODE_3972_length_10123_cov_4.871508	4891	5024	6	17	133	0.1278196
NODE_3972_length_10123_cov_4.871508	4891	5024	7	1	133	0.0075188
NODE_3972_length_10123_cov_4.871508	4891	5024	8	34	133	0.2556391
NODE_3972_length_10123_cov_4.871508	4891	5024	9	5	133	0.0375940
NODE_3972_length_10123_cov_4.871508	4891	5024	10	2	133	0.0150376
NODE_3972_length_10123_cov_4.871508	4891	5024	11	50	133	0.3759398
NODE_39737_length_3977_cov_3.232336	448	581	4	2	133	0.0150376
NODE_39737_length_3977_cov_3.232336	448	581	5	8	133	0.0601504
NODE_39737_length_3977_cov_3.232336	448	581	7	11	133	0.0827068
NODE_39737_length_3977_cov_3.232336	448	581	8	26	133	0.1954887
NODE_39737_length_3977_cov_3.232336	448	581	9	15	133	0.1127820
NODE_39737_length_3977_cov_3.232336	448	581	12	1	133	0.0075188
NODE_39737_length_3977_cov_3.232336	448	581	14	2	133	0.0150376
NODE_39737_length_3977_cov_3.232336	448	581	15	4	133	0.0300752
NODE_39737_length_3977_cov_3.232336	448	581	16	6	133	0.0451128
NODE_39737_length_3977_cov_3.232336	448	581	17	22	133	0.1654135
NODE_39737_length_3977_cov_3.232336	448	581	18	36	133	0.2706767
NODE_39773_length_3975_cov_3.871001	2128	2261	13	9	133	0.0676692
NODE_39773_length_3975_cov_3.871001	2128	2261	14	3	133	0.0225564
NODE_39773_length_3975_cov_3.871001	2128	2261	15	1	133	0.0075188
NODE_39773_length_3975_cov_3.871001	2128	2261	16	2	133	0.0150376
NODE_39773_length_3975_cov_3.871001	2128	2261	18	12	133	0.0902256
NODE_39773_length_3975_cov_3.871001	2128	2261	19	3	133	0.0225564
NODE_39773_length_3975_cov_3.871001	2128	2261	21	11	133	0.0827068
NODE_39773_length_3975_cov_3.871001	2128	2261	22	11	133	0.0827068
NODE_39773_length_3975_cov_3.871001	2128	2261	23	24	133	0.1804511
NODE_39773_length_3975_cov_3.871001	2128	2261	24	28	133	0.2105263
NODE_39773_length_3975_cov_3.871001	2128	2261	25	17	133	0.1278196
NODE_39773_length_3975_cov_3.871001	2128	2261	26	12	133	0.0902256
NODE_3979_length_10116_cov_4.607767	3858	3991	6	1	133	0.0075188
NODE_3979_length_10116_cov_4.607767	3858	3991	9	43	133	0.3233083
NODE_3979_length_10116_cov_4.607767	3858	3991	10	2	133	0.0150376
NODE_3979_length_10116_cov_4.607767	3858	3991	11	17	133	0.1278196
NODE_3979_length_10116_cov_4.607767	3858	3991	12	67	133	0.5037594
NODE_3979_length_10116_cov_4.607767	3858	3991	13	3	133	0.0225564
NODE_39860_length_3970_cov_3.660811	1694	1827	17	3	133	0.0225564
NODE_39860_length_3970_cov_3.660811	1694	1827	18	18	133	0.1353384
NODE_39860_length_3970_cov_3.660811	1694	1827	21	4	133	0.0300752
NODE_39860_length_3970_cov_3.660811	1694	1827	22	3	133	0.0225564
NODE_39860_length_3970_cov_3.660811	1694	1827	23	3	133	0.0225564
NODE_39860_length_3970_cov_3.660811	1694	1827	25	4	133	0.0300752
NODE_39860_length_3970_cov_3.660811	1694	1827	27	12	133	0.0902256
NODE_39860_length_3970_cov_3.660811	1694	1827	28	3	133	0.0225564
NODE_39860_length_3970_cov_3.660811	1694	1827	29	11	133	0.0827068
NODE_39860_length_3970_cov_3.660811	1694	1827	30	12	133	0.0902256
NODE_39860_length_3970_cov_3.660811	1694	1827	31	11	133	0.0827068
NODE_39860_length_3970_cov_3.660811	1694	1827	32	25	133	0.1879699
NODE_39860_length_3970_cov_3.660811	1694	1827	33	12	133	0.0902256
NODE_39860_length_3970_cov_3.660811	1694	1827	34	11	133	0.0827068
NODE_39860_length_3970_cov_3.660811	1694	1827	35	1	133	0.0075188
NODE_39864_length_3969_cov_5.015504	3730	3863	6	14	133	0.1052632
NODE_39864_length_3969_cov_5.015504	3730	3863	7	6	133	0.0451128
NODE_39864_length_3969_cov_5.015504	3730	3863	8	4	133	0.0300752
NODE_39864_length_3969_cov_5.015504	3730	3863	9	1	133	0.0075188
NODE_39864_length_3969_cov_5.015504	3730	3863	10	2	133	0.0150376
NODE_39864_length_3969_cov_5.015504	3730	3863	11	1	133	0.0075188
NODE_39864_length_3969_cov_5.015504	3730	3863	12	11	133	0.0827068
NODE_39864_length_3969_cov_5.015504	3730	3863	15	2	133	0.0150376
NODE_39864_length_3969_cov_5.015504	3730	3863	16	2	133	0.0150376
NODE_39864_length_3969_cov_5.015504	3730	3863	17	10	133	0.0751880
NODE_39864_length_3969_cov_5.015504	3730	3863	18	5	133	0.0375940
NODE_39864_length_3969_cov_5.015504	3730	3863	19	9	133	0.0676692
NODE_39864_length_3969_cov_5.015504	3730	3863	20	3	133	0.0225564
NODE_39864_length_3969_cov_5.015504	3730	3863	21	10	133	0.0751880
NODE_39864_length_3969_cov_5.015504	3730	3863	22	18	133	0.1353384
NODE_39864_length_3969_cov_5.015504	3730	3863	23	7	133	0.0526316
NODE_39864_length_3969_cov_5.015504	3730	3863	24	12	133	0.0902256
NODE_39864_length_3969_cov_5.015504	3730	3863	25	16	133	0.1203008
NODE_39872_length_3969_cov_4.046512	3586	3719	15	10	133	0.0751880
NODE_39872_length_3969_cov_4.046512	3586	3719	17	4	133	0.0300752
NODE_39872_length_3969_cov_4.046512	3586	3719	19	14	133	0.1052632
NODE_39872_length_3969_cov_4.046512	3586	3719	20	9	133	0.0676692
NODE_39872_length_3969_cov_4.046512	3586	3719	21	18	133	0.1353384
NODE_39872_length_3969_cov_4.046512	3586	3719	22	13	133	0.0977444
NODE_39872_length_3969_cov_4.046512	3586	3719	23	14	133	0.1052632
NODE_39872_length_3969_cov_4.046512	3586	3719	24	4	133	0.0300752
NODE_39872_length_3969_cov_4.046512	3586	3719	25	2	133	0.0150376
NODE_39872_length_3969_cov_4.046512	3586	3719	26	7	133	0.0526316
NODE_39872_length_3969_cov_4.046512	3586	3719	27	19	133	0.1428571
NODE_39872_length_3969_cov_4.046512	3586	3719	28	8	133	0.0601504
NODE_39872_length_3969_cov_4.046512	3586	3719	29	8	133	0.0601504
NODE_39872_length_3969_cov_4.046512	3586	3719	30	3	133	0.0225564
NODE_39884_length_3968_cov_4.852675	1969	2102	0	1	133	0.0075188
NODE_39884_length_3968_cov_4.852675	1969	2102	1	23	133	0.1729323
NODE_39884_length_3968_cov_4.852675	1969	2102	2	31	133	0.2330827
NODE_39884_length_3968_cov_4.852675	1969	2102	3	46	133	0.3458647
NODE_39884_length_3968_cov_4.852675	1969	2102	4	32	133	0.2406015
NODE_39885_length_3968_cov_4.793228	31	164	7	37	133	0.2781955
NODE_39885_length_3968_cov_4.793228	31	164	8	61	133	0.4586466
NODE_39885_length_3968_cov_4.793228	31	164	9	8	133	0.0601504
NODE_39885_length_3968_cov_4.793228	31	164	10	27	133	0.2030075
NODE_39889_length_3968_cov_4.379426	2582	2715	2	19	133	0.1428571
NODE_39889_length_3968_cov_4.379426	2582	2715	3	17	133	0.1278196
NODE_39889_length_3968_cov_4.379426	2582	2715	4	59	133	0.4436090
NODE_39889_length_3968_cov_4.379426	2582	2715	5	5	133	0.0375940
NODE_39889_length_3968_cov_4.379426	2582	2715	6	33	133	0.2481203
NODE_398989_length_456_cov_2.112045	31	164	0	133	133	1.0000000
NODE_398998_length_456_cov_2.081232	358	491	0	35	133	0.2631579
NODE_398998_length_456_cov_2.081232	358	491	3	4	133	0.0300752
NODE_398998_length_456_cov_2.081232	358	491	4	21	133	0.1578947
NODE_398998_length_456_cov_2.081232	358	491	5	33	133	0.2481203
NODE_398998_length_456_cov_2.081232	358	491	6	40	133	0.3007519
NODE_39950_length_3965_cov_4.554061	3483	3616	27	9	133	0.0676692
NODE_39950_length_3965_cov_4.554061	3483	3616	30	5	133	0.0375940
NODE_39950_length_3965_cov_4.554061	3483	3616	31	2	133	0.0150376
NODE_39950_length_3965_cov_4.554061	3483	3616	32	2	133	0.0150376
NODE_39950_length_3965_cov_4.554061	3483	3616	34	1	133	0.0075188
NODE_39950_length_3965_cov_4.554061	3483	3616	35	6	133	0.0451128
NODE_39950_length_3965_cov_4.554061	3483	3616	36	2	133	0.0150376
NODE_39950_length_3965_cov_4.554061	3483	3616	37	4	133	0.0300752
NODE_39950_length_3965_cov_4.554061	3483	3616	38	9	133	0.0676692
NODE_39950_length_3965_cov_4.554061	3483	3616	40	8	133	0.0601504
NODE_39950_length_3965_cov_4.554061	3483	3616	41	13	133	0.0977444
NODE_39950_length_3965_cov_4.554061	3483	3616	42	7	133	0.0526316
NODE_39950_length_3965_cov_4.554061	3483	3616	44	11	133	0.0827068
NODE_39950_length_3965_cov_4.554061	3483	3616	45	3	133	0.0225564
NODE_39950_length_3965_cov_4.554061	3483	3616	47	2	133	0.0150376
NODE_39950_length_3965_cov_4.554061	3483	3616	48	9	133	0.0676692
NODE_39950_length_3965_cov_4.554061	3483	3616	49	22	133	0.1654135
NODE_39950_length_3965_cov_4.554061	3483	3616	50	18	133	0.1353384
NODE_399553_length_455_cov_1.786517	289	422	17	9	133	0.0676692
NODE_399553_length_455_cov_1.786517	289	422	19	22	133	0.1654135
NODE_399553_length_455_cov_1.786517	289	422	20	1	133	0.0075188
NODE_399553_length_455_cov_1.786517	289	422	21	13	133	0.0977444
NODE_399553_length_455_cov_1.786517	289	422	22	14	133	0.1052632
NODE_399553_length_455_cov_1.786517	289	422	23	17	133	0.1278196
NODE_399553_length_455_cov_1.786517	289	422	24	2	133	0.0150376
NODE_399553_length_455_cov_1.786517	289	422	25	13	133	0.0977444
NODE_399553_length_455_cov_1.786517	289	422	26	17	133	0.1278196
NODE_399553_length_455_cov_1.786517	289	422	27	6	133	0.0451128
NODE_399553_length_455_cov_1.786517	289	422	28	9	133	0.0676692
NODE_399553_length_455_cov_1.786517	289	422	29	10	133	0.0751880
NODE_39959_length_3965_cov_3.751164	904	1037	11	1	133	0.0075188
NODE_39959_length_3965_cov_3.751164	904	1037	12	26	133	0.1954887
NODE_39959_length_3965_cov_3.751164	904	1037	13	4	133	0.0300752
NODE_39959_length_3965_cov_3.751164	904	1037	14	5	133	0.0375940
NODE_39959_length_3965_cov_3.751164	904	1037	15	12	133	0.0902256
NODE_39959_length_3965_cov_3.751164	904	1037	16	12	133	0.0902256
NODE_39959_length_3965_cov_3.751164	904	1037	17	32	133	0.2406015
NODE_39959_length_3965_cov_3.751164	904	1037	18	12	133	0.0902256
NODE_39959_length_3965_cov_3.751164	904	1037	19	15	133	0.1127820
NODE_39959_length_3965_cov_3.751164	904	1037	20	14	133	0.1052632
NODE_400145_length_453_cov_4.564972	344	477	0	133	133	1.0000000
NODE_40016_length_3961_cov_4.281201	3286	3419	17	4	133	0.0300752
NODE_40016_length_3961_cov_4.281201	3286	3419	18	1	133	0.0075188
NODE_40016_length_3961_cov_4.281201	3286	3419	19	2	133	0.0150376
NODE_40016_length_3961_cov_4.281201	3286	3419	21	3	133	0.0225564
NODE_40016_length_3961_cov_4.281201	3286	3419	22	7	133	0.0526316
NODE_40016_length_3961_cov_4.281201	3286	3419	23	15	133	0.1127820
NODE_40016_length_3961_cov_4.281201	3286	3419	24	5	133	0.0375940
NODE_40016_length_3961_cov_4.281201	3286	3419	25	14	133	0.1052632
NODE_40016_length_3961_cov_4.281201	3286	3419	26	4	133	0.0300752
NODE_40016_length_3961_cov_4.281201	3286	3419	27	6	133	0.0451128
NODE_40016_length_3961_cov_4.281201	3286	3419	28	16	133	0.1203008
NODE_40016_length_3961_cov_4.281201	3286	3419	29	12	133	0.0902256
NODE_40016_length_3961_cov_4.281201	3286	3419	30	2	133	0.0150376
NODE_40016_length_3961_cov_4.281201	3286	3419	31	16	133	0.1203008
NODE_40016_length_3961_cov_4.281201	3286	3419	32	19	133	0.1428571
NODE_40016_length_3961_cov_4.281201	3286	3419	33	7	133	0.0526316
NODE_4003_length_10094_cov_3.439120	7106	7239	0	103	133	0.7744361
NODE_4003_length_10094_cov_3.439120	7106	7239	1	30	133	0.2255639
NODE_40043_length_3959_cov_5.020725	1358	1491	18	4	133	0.0300752
NODE_40043_length_3959_cov_5.020725	1358	1491	19	9	133	0.0676692
NODE_40043_length_3959_cov_5.020725	1358	1491	20	7	133	0.0526316
NODE_40043_length_3959_cov_5.020725	1358	1491	22	15	133	0.1127820
NODE_40043_length_3959_cov_5.020725	1358	1491	23	15	133	0.1127820
NODE_40043_length_3959_cov_5.020725	1358	1491	24	9	133	0.0676692
NODE_40043_length_3959_cov_5.020725	1358	1491	25	8	133	0.0601504
NODE_40043_length_3959_cov_5.020725	1358	1491	26	8	133	0.0601504
NODE_40043_length_3959_cov_5.020725	1358	1491	27	4	133	0.0300752
NODE_40043_length_3959_cov_5.020725	1358	1491	28	10	133	0.0751880
NODE_40043_length_3959_cov_5.020725	1358	1491	29	19	133	0.1428571
NODE_40043_length_3959_cov_5.020725	1358	1491	30	16	133	0.1203008
NODE_40043_length_3959_cov_5.020725	1358	1491	31	9	133	0.0676692
NODE_40044_length_3959_cov_4.709585	2499	2632	14	4	133	0.0300752
NODE_40044_length_3959_cov_4.709585	2499	2632	15	25	133	0.1879699
NODE_40044_length_3959_cov_4.709585	2499	2632	16	7	133	0.0526316
NODE_40044_length_3959_cov_4.709585	2499	2632	17	7	133	0.0526316
NODE_40044_length_3959_cov_4.709585	2499	2632	19	2	133	0.0150376
NODE_40044_length_3959_cov_4.709585	2499	2632	20	3	133	0.0225564
NODE_40044_length_3959_cov_4.709585	2499	2632	21	28	133	0.2105263
NODE_40044_length_3959_cov_4.709585	2499	2632	23	4	133	0.0300752
NODE_40044_length_3959_cov_4.709585	2499	2632	24	9	133	0.0676692
NODE_40044_length_3959_cov_4.709585	2499	2632	25	9	133	0.0676692
NODE_40044_length_3959_cov_4.709585	2499	2632	26	15	133	0.1127820
NODE_40044_length_3959_cov_4.709585	2499	2632	27	9	133	0.0676692
NODE_40044_length_3959_cov_4.709585	2499	2632	28	11	133	0.0827068
NODE_4012_length_10091_cov_4.304544	3171	3304	0	133	133	1.0000000
NODE_40132_length_3955_cov_3.825726	1281	1414	11	4	133	0.0300752
NODE_40132_length_3955_cov_3.825726	1281	1414	12	3	133	0.0225564
NODE_40132_length_3955_cov_3.825726	1281	1414	14	1	133	0.0075188
NODE_40132_length_3955_cov_3.825726	1281	1414	15	6	133	0.0451128
NODE_40132_length_3955_cov_3.825726	1281	1414	16	1	133	0.0075188
NODE_40132_length_3955_cov_3.825726	1281	1414	18	9	133	0.0676692
NODE_40132_length_3955_cov_3.825726	1281	1414	19	8	133	0.0601504
NODE_40132_length_3955_cov_3.825726	1281	1414	20	9	133	0.0676692
NODE_40132_length_3955_cov_3.825726	1281	1414	21	5	133	0.0375940
NODE_40132_length_3955_cov_3.825726	1281	1414	22	14	133	0.1052632
NODE_40132_length_3955_cov_3.825726	1281	1414	23	5	133	0.0375940
NODE_40132_length_3955_cov_3.825726	1281	1414	24	5	133	0.0375940
NODE_40132_length_3955_cov_3.825726	1281	1414	25	14	133	0.1052632
NODE_40132_length_3955_cov_3.825726	1281	1414	26	12	133	0.0902256
NODE_40132_length_3955_cov_3.825726	1281	1414	27	8	133	0.0601504
NODE_40132_length_3955_cov_3.825726	1281	1414	28	24	133	0.1804511
NODE_40132_length_3955_cov_3.825726	1281	1414	29	5	133	0.0375940
NODE_40138_length_3954_cov_5.626978	774	907	4	8	133	0.0601504
NODE_40138_length_3954_cov_5.626978	774	907	5	74	133	0.5563910
NODE_40138_length_3954_cov_5.626978	774	907	6	43	133	0.3233083
NODE_40138_length_3954_cov_5.626978	774	907	7	8	133	0.0601504
NODE_40149_length_3954_cov_4.322438	1385	1518	2	10	133	0.0751880
NODE_40149_length_3954_cov_4.322438	1385	1518	3	6	133	0.0451128
NODE_40149_length_3954_cov_4.322438	1385	1518	4	27	133	0.2030075
NODE_40149_length_3954_cov_4.322438	1385	1518	7	11	133	0.0827068
NODE_40149_length_3954_cov_4.322438	1385	1518	8	5	133	0.0375940
NODE_40149_length_3954_cov_4.322438	1385	1518	9	1	133	0.0075188
NODE_40149_length_3954_cov_4.322438	1385	1518	10	3	133	0.0225564
NODE_40149_length_3954_cov_4.322438	1385	1518	12	7	133	0.0526316
NODE_40149_length_3954_cov_4.322438	1385	1518	13	24	133	0.1804511
NODE_40149_length_3954_cov_4.322438	1385	1518	14	39	133	0.2932331
NODE_40158_length_3954_cov_3.252918	2438	2571	12	13	133	0.0977444
NODE_40158_length_3954_cov_3.252918	2438	2571	13	5	133	0.0375940
NODE_40158_length_3954_cov_3.252918	2438	2571	15	7	133	0.0526316
NODE_40158_length_3954_cov_3.252918	2438	2571	16	10	133	0.0751880
NODE_40158_length_3954_cov_3.252918	2438	2571	18	16	133	0.1203008
NODE_40158_length_3954_cov_3.252918	2438	2571	19	25	133	0.1879699
NODE_40158_length_3954_cov_3.252918	2438	2571	20	4	133	0.0300752
NODE_40158_length_3954_cov_3.252918	2438	2571	21	9	133	0.0676692
NODE_40158_length_3954_cov_3.252918	2438	2571	22	23	133	0.1729323
NODE_40158_length_3954_cov_3.252918	2438	2571	23	11	133	0.0827068
NODE_40158_length_3954_cov_3.252918	2438	2571	24	10	133	0.0751880
NODE_4015_length_10090_cov_4.446602	4192	4325	18	6	133	0.0451128
NODE_4015_length_10090_cov_4.446602	4192	4325	19	2	133	0.0150376
NODE_4015_length_10090_cov_4.446602	4192	4325	20	19	133	0.1428571
NODE_4015_length_10090_cov_4.446602	4192	4325	22	19	133	0.1428571
NODE_4015_length_10090_cov_4.446602	4192	4325	23	6	133	0.0451128
NODE_4015_length_10090_cov_4.446602	4192	4325	24	26	133	0.1954887
NODE_4015_length_10090_cov_4.446602	4192	4325	25	14	133	0.1052632
NODE_4015_length_10090_cov_4.446602	4192	4325	26	3	133	0.0225564
NODE_4015_length_10090_cov_4.446602	4192	4325	27	18	133	0.1353384
NODE_4015_length_10090_cov_4.446602	4192	4325	28	10	133	0.0751880
NODE_4015_length_10090_cov_4.446602	4192	4325	29	10	133	0.0751880
NODE_401698_length_450_cov_3.085470	310	443	6	6	133	0.0451128
NODE_401698_length_450_cov_3.085470	310	443	7	4	133	0.0300752
NODE_401698_length_450_cov_3.085470	310	443	8	11	133	0.0827068
NODE_401698_length_450_cov_3.085470	310	443	9	12	133	0.0902256
NODE_401698_length_450_cov_3.085470	310	443	10	1	133	0.0075188
NODE_401698_length_450_cov_3.085470	310	443	11	2	133	0.0150376
NODE_401698_length_450_cov_3.085470	310	443	12	7	133	0.0526316
NODE_401698_length_450_cov_3.085470	310	443	13	2	133	0.0150376
NODE_401698_length_450_cov_3.085470	310	443	14	36	133	0.2706767
NODE_401698_length_450_cov_3.085470	310	443	15	52	133	0.3909774
NODE_401_length_18628_cov_4.299315	14958	15091	5	1	133	0.0075188
NODE_401_length_18628_cov_4.299315	14958	15091	6	21	133	0.1578947
NODE_401_length_18628_cov_4.299315	14958	15091	7	21	133	0.1578947
NODE_401_length_18628_cov_4.299315	14958	15091	8	3	133	0.0225564
NODE_401_length_18628_cov_4.299315	14958	15091	9	18	133	0.1353384
NODE_401_length_18628_cov_4.299315	14958	15091	10	37	133	0.2781955
NODE_401_length_18628_cov_4.299315	14958	15091	11	22	133	0.1654135
NODE_401_length_18628_cov_4.299315	14958	15091	12	2	133	0.0150376
NODE_401_length_18628_cov_4.299315	14958	15091	15	3	133	0.0225564
NODE_401_length_18628_cov_4.299315	14958	15091	16	5	133	0.0375940
NODE_40218_length_3950_cov_4.592833	2021	2154	15	5	133	0.0375940
NODE_40218_length_3950_cov_4.592833	2021	2154	16	1	133	0.0075188
NODE_40218_length_3950_cov_4.592833	2021	2154	17	1	133	0.0075188
NODE_40218_length_3950_cov_4.592833	2021	2154	18	5	133	0.0375940
NODE_40218_length_3950_cov_4.592833	2021	2154	19	6	133	0.0451128
NODE_40218_length_3950_cov_4.592833	2021	2154	20	10	133	0.0751880
NODE_40218_length_3950_cov_4.592833	2021	2154	21	3	133	0.0225564
NODE_40218_length_3950_cov_4.592833	2021	2154	22	16	133	0.1203008
NODE_40218_length_3950_cov_4.592833	2021	2154	23	20	133	0.1503759
NODE_40218_length_3950_cov_4.592833	2021	2154	24	6	133	0.0451128
NODE_40218_length_3950_cov_4.592833	2021	2154	25	3	133	0.0225564
NODE_40218_length_3950_cov_4.592833	2021	2154	26	8	133	0.0601504
NODE_40218_length_3950_cov_4.592833	2021	2154	27	9	133	0.0676692
NODE_40218_length_3950_cov_4.592833	2021	2154	28	6	133	0.0451128
NODE_40218_length_3950_cov_4.592833	2021	2154	29	4	133	0.0300752
NODE_40218_length_3950_cov_4.592833	2021	2154	30	9	133	0.0676692
NODE_40218_length_3950_cov_4.592833	2021	2154	31	11	133	0.0827068
NODE_40218_length_3950_cov_4.592833	2021	2154	32	10	133	0.0751880
NODE_4023_length_10087_cov_3.738787	1026	1159	0	1	133	0.0075188
NODE_4023_length_10087_cov_3.738787	1026	1159	2	17	133	0.1278196
NODE_4023_length_10087_cov_3.738787	1026	1159	3	2	133	0.0150376
NODE_4023_length_10087_cov_3.738787	1026	1159	5	8	133	0.0601504
NODE_4023_length_10087_cov_3.738787	1026	1159	6	13	133	0.0977444
NODE_4023_length_10087_cov_3.738787	1026	1159	7	14	133	0.1052632
NODE_4023_length_10087_cov_3.738787	1026	1159	8	1	133	0.0075188
NODE_4023_length_10087_cov_3.738787	1026	1159	10	17	133	0.1278196
NODE_4023_length_10087_cov_3.738787	1026	1159	12	2	133	0.0150376
NODE_4023_length_10087_cov_3.738787	1026	1159	14	4	133	0.0300752
NODE_4023_length_10087_cov_3.738787	1026	1159	15	3	133	0.0225564
NODE_4023_length_10087_cov_3.738787	1026	1159	16	3	133	0.0225564
NODE_4023_length_10087_cov_3.738787	1026	1159	17	16	133	0.1203008
NODE_4023_length_10087_cov_3.738787	1026	1159	19	1	133	0.0075188
NODE_4023_length_10087_cov_3.738787	1026	1159	20	28	133	0.2105263
NODE_4023_length_10087_cov_3.738787	1026	1159	22	3	133	0.0225564
NODE_40243_length_3949_cov_3.376883	1579	1712	5	15	133	0.1127820
NODE_40243_length_3949_cov_3.376883	1579	1712	7	1	133	0.0075188
NODE_40243_length_3949_cov_3.376883	1579	1712	9	3	133	0.0225564
NODE_40243_length_3949_cov_3.376883	1579	1712	10	5	133	0.0375940
NODE_40243_length_3949_cov_3.376883	1579	1712	11	6	133	0.0451128
NODE_40243_length_3949_cov_3.376883	1579	1712	12	23	133	0.1729323
NODE_40243_length_3949_cov_3.376883	1579	1712	13	16	133	0.1203008
NODE_40243_length_3949_cov_3.376883	1579	1712	14	55	133	0.4135338
NODE_40243_length_3949_cov_3.376883	1579	1712	15	7	133	0.0526316
NODE_40243_length_3949_cov_3.376883	1579	1712	16	2	133	0.0150376
NODE_40266_length_3947_cov_8.168659	3186	3319	3	18	133	0.1353384
NODE_40266_length_3947_cov_8.168659	3186	3319	4	17	133	0.1278196
NODE_40266_length_3947_cov_8.168659	3186	3319	5	26	133	0.1954887
NODE_40266_length_3947_cov_8.168659	3186	3319	6	22	133	0.1654135
NODE_40266_length_3947_cov_8.168659	3186	3319	7	23	133	0.1729323
NODE_40266_length_3947_cov_8.168659	3186	3319	8	26	133	0.1954887
NODE_40266_length_3947_cov_8.168659	3186	3319	9	1	133	0.0075188
NODE_4027_length_10085_cov_4.488784	8062	8195	4	18	133	0.1353384
NODE_4027_length_10085_cov_4.488784	8062	8195	5	6	133	0.0451128
NODE_4027_length_10085_cov_4.488784	8062	8195	6	7	133	0.0526316
NODE_4027_length_10085_cov_4.488784	8062	8195	7	4	133	0.0300752
NODE_4027_length_10085_cov_4.488784	8062	8195	8	20	133	0.1503759
NODE_4027_length_10085_cov_4.488784	8062	8195	9	9	133	0.0676692
NODE_4027_length_10085_cov_4.488784	8062	8195	10	48	133	0.3609022
NODE_4027_length_10085_cov_4.488784	8062	8195	11	21	133	0.1578947
NODE_40284_length_3946_cov_4.333247	2530	2663	7	15	133	0.1127820
NODE_40284_length_3946_cov_4.333247	2530	2663	8	90	133	0.6766917
NODE_40284_length_3946_cov_4.333247	2530	2663	9	28	133	0.2105263
NODE_40291_length_3946_cov_3.545100	1339	1472	1	33	133	0.2481203
NODE_40291_length_3946_cov_3.545100	1339	1472	2	55	133	0.4135338
NODE_40291_length_3946_cov_3.545100	1339	1472	3	24	133	0.1804511
NODE_40291_length_3946_cov_3.545100	1339	1472	4	21	133	0.1578947
NODE_402997_length_448_cov_1.441261	275	408	0	133	133	1.0000000
NODE_402_length_18623_cov_5.074606	5811	5944	22	1	133	0.0075188
NODE_402_length_18623_cov_5.074606	5811	5944	23	5	133	0.0375940
NODE_402_length_18623_cov_5.074606	5811	5944	24	9	133	0.0676692
NODE_402_length_18623_cov_5.074606	5811	5944	25	16	133	0.1203008
NODE_402_length_18623_cov_5.074606	5811	5944	26	2	133	0.0150376
NODE_402_length_18623_cov_5.074606	5811	5944	27	11	133	0.0827068
NODE_402_length_18623_cov_5.074606	5811	5944	28	8	133	0.0601504
NODE_402_length_18623_cov_5.074606	5811	5944	29	30	133	0.2255639
NODE_402_length_18623_cov_5.074606	5811	5944	30	12	133	0.0902256
NODE_402_length_18623_cov_5.074606	5811	5944	31	8	133	0.0601504
NODE_402_length_18623_cov_5.074606	5811	5944	32	21	133	0.1578947
NODE_402_length_18623_cov_5.074606	5811	5944	33	3	133	0.0225564
NODE_402_length_18623_cov_5.074606	5811	5944	34	7	133	0.0526316
NODE_40314_length_3945_cov_3.189808	3015	3148	13	1	133	0.0075188
NODE_40314_length_3945_cov_3.189808	3015	3148	14	18	133	0.1353384
NODE_40314_length_3945_cov_3.189808	3015	3148	15	11	133	0.0827068
NODE_40314_length_3945_cov_3.189808	3015	3148	17	11	133	0.0827068
NODE_40314_length_3945_cov_3.189808	3015	3148	18	12	133	0.0902256
NODE_40314_length_3945_cov_3.189808	3015	3148	19	12	133	0.0902256
NODE_40314_length_3945_cov_3.189808	3015	3148	20	11	133	0.0827068
NODE_40314_length_3945_cov_3.189808	3015	3148	21	2	133	0.0150376
NODE_40314_length_3945_cov_3.189808	3015	3148	22	10	133	0.0751880
NODE_40314_length_3945_cov_3.189808	3015	3148	23	37	133	0.2781955
NODE_40314_length_3945_cov_3.189808	3015	3148	24	8	133	0.0601504
NODE_40322_length_3944_cov_4.905332	1885	2018	13	2	133	0.0150376
NODE_40322_length_3944_cov_4.905332	1885	2018	14	1	133	0.0075188
NODE_40322_length_3944_cov_4.905332	1885	2018	15	8	133	0.0601504
NODE_40322_length_3944_cov_4.905332	1885	2018	16	9	133	0.0676692
NODE_40322_length_3944_cov_4.905332	1885	2018	17	7	133	0.0526316
NODE_40322_length_3944_cov_4.905332	1885	2018	18	2	133	0.0150376
NODE_40322_length_3944_cov_4.905332	1885	2018	19	7	133	0.0526316
NODE_40322_length_3944_cov_4.905332	1885	2018	20	33	133	0.2481203
NODE_40322_length_3944_cov_4.905332	1885	2018	21	25	133	0.1879699
NODE_40322_length_3944_cov_4.905332	1885	2018	22	31	133	0.2330827
NODE_40322_length_3944_cov_4.905332	1885	2018	23	8	133	0.0601504
NODE_40355_length_3942_cov_4.932865	3267	3400	3	10	133	0.0751880
NODE_40355_length_3942_cov_4.932865	3267	3400	4	6	133	0.0451128
NODE_40355_length_3942_cov_4.932865	3267	3400	5	5	133	0.0375940
NODE_40355_length_3942_cov_4.932865	3267	3400	6	36	133	0.2706767
NODE_40355_length_3942_cov_4.932865	3267	3400	8	34	133	0.2556391
NODE_40355_length_3942_cov_4.932865	3267	3400	9	35	133	0.2631579
NODE_40355_length_3942_cov_4.932865	3267	3400	10	7	133	0.0526316
NODE_40361_length_3942_cov_4.284673	2137	2270	6	6	133	0.0451128
NODE_40361_length_3942_cov_4.284673	2137	2270	8	7	133	0.0526316
NODE_40361_length_3942_cov_4.284673	2137	2270	9	16	133	0.1203008
NODE_40361_length_3942_cov_4.284673	2137	2270	10	1	133	0.0075188
NODE_40361_length_3942_cov_4.284673	2137	2270	11	2	133	0.0150376
NODE_40361_length_3942_cov_4.284673	2137	2270	13	1	133	0.0075188
NODE_40361_length_3942_cov_4.284673	2137	2270	14	5	133	0.0375940
NODE_40361_length_3942_cov_4.284673	2137	2270	15	17	133	0.1278196
NODE_40361_length_3942_cov_4.284673	2137	2270	16	10	133	0.0751880
NODE_40361_length_3942_cov_4.284673	2137	2270	17	14	133	0.1052632
NODE_40361_length_3942_cov_4.284673	2137	2270	18	30	133	0.2255639
NODE_40361_length_3942_cov_4.284673	2137	2270	19	24	133	0.1804511
NODE_4038_length_10077_cov_3.636901	4503	4636	5	20	133	0.1503759
NODE_4038_length_10077_cov_3.636901	4503	4636	6	23	133	0.1729323
NODE_4038_length_10077_cov_3.636901	4503	4636	7	44	133	0.3308271
NODE_4038_length_10077_cov_3.636901	4503	4636	8	18	133	0.1353384
NODE_4038_length_10077_cov_3.636901	4503	4636	9	28	133	0.2105263
NODE_40394_length_3940_cov_5.562874	518	651	7	8	133	0.0601504
NODE_40394_length_3940_cov_5.562874	518	651	8	7	133	0.0526316
NODE_40394_length_3940_cov_5.562874	518	651	10	13	133	0.0977444
NODE_40394_length_3940_cov_5.562874	518	651	11	8	133	0.0601504
NODE_40394_length_3940_cov_5.562874	518	651	12	21	133	0.1578947
NODE_40394_length_3940_cov_5.562874	518	651	13	39	133	0.2932331
NODE_40394_length_3940_cov_5.562874	518	651	14	19	133	0.1428571
NODE_40394_length_3940_cov_5.562874	518	651	15	18	133	0.1353384
NODE_404203_length_445_cov_2.722543	148	281	6	18	133	0.1353384
NODE_404203_length_445_cov_2.722543	148	281	8	16	133	0.1203008
NODE_404203_length_445_cov_2.722543	148	281	9	34	133	0.2556391
NODE_404203_length_445_cov_2.722543	148	281	10	16	133	0.1203008
NODE_404203_length_445_cov_2.722543	148	281	11	49	133	0.3684210
NODE_40441_length_3938_cov_4.370409	1768	1901	8	4	133	0.0300752
NODE_40441_length_3938_cov_4.370409	1768	1901	9	32	133	0.2406015
NODE_40441_length_3938_cov_4.370409	1768	1901	10	8	133	0.0601504
NODE_40441_length_3938_cov_4.370409	1768	1901	11	1	133	0.0075188
NODE_40441_length_3938_cov_4.370409	1768	1901	13	1	133	0.0075188
NODE_40441_length_3938_cov_4.370409	1768	1901	14	2	133	0.0150376
NODE_40441_length_3938_cov_4.370409	1768	1901	15	15	133	0.1127820
NODE_40441_length_3938_cov_4.370409	1768	1901	16	4	133	0.0300752
NODE_40441_length_3938_cov_4.370409	1768	1901	17	12	133	0.0902256
NODE_40441_length_3938_cov_4.370409	1768	1901	18	31	133	0.2330827
NODE_40441_length_3938_cov_4.370409	1768	1901	19	19	133	0.1428571
NODE_40441_length_3938_cov_4.370409	1768	1901	20	4	133	0.0300752
NODE_40445_length_3938_cov_4.074499	2628	2761	12	4	133	0.0300752
NODE_40445_length_3938_cov_4.074499	2628	2761	14	7	133	0.0526316
NODE_40445_length_3938_cov_4.074499	2628	2761	17	1	133	0.0075188
NODE_40445_length_3938_cov_4.074499	2628	2761	18	14	133	0.1052632
NODE_40445_length_3938_cov_4.074499	2628	2761	19	39	133	0.2932331
NODE_40445_length_3938_cov_4.074499	2628	2761	20	14	133	0.1052632
NODE_40445_length_3938_cov_4.074499	2628	2761	21	28	133	0.2105263
NODE_40445_length_3938_cov_4.074499	2628	2761	22	14	133	0.1052632
NODE_40445_length_3938_cov_4.074499	2628	2761	23	3	133	0.0225564
NODE_40445_length_3938_cov_4.074499	2628	2761	24	9	133	0.0676692
NODE_40459_length_3937_cov_4.648775	2377	2510	2	2	133	0.0150376
NODE_40459_length_3937_cov_4.648775	2377	2510	3	47	133	0.3533835
NODE_40459_length_3937_cov_4.648775	2377	2510	4	52	133	0.3909774
NODE_40459_length_3937_cov_4.648775	2377	2510	5	9	133	0.0676692
NODE_40459_length_3937_cov_4.648775	2377	2510	6	8	133	0.0601504
NODE_40459_length_3937_cov_4.648775	2377	2510	7	7	133	0.0526316
NODE_40459_length_3937_cov_4.648775	2377	2510	8	8	133	0.0601504
NODE_40467_length_3937_cov_3.664148	318	451	6	3	133	0.0225564
NODE_40467_length_3937_cov_3.664148	318	451	8	1	133	0.0075188
NODE_40467_length_3937_cov_3.664148	318	451	10	35	133	0.2631579
NODE_40467_length_3937_cov_3.664148	318	451	11	12	133	0.0902256
NODE_40467_length_3937_cov_3.664148	318	451	14	9	133	0.0676692
NODE_40467_length_3937_cov_3.664148	318	451	15	3	133	0.0225564
NODE_40467_length_3937_cov_3.664148	318	451	16	6	133	0.0451128
NODE_40467_length_3937_cov_3.664148	318	451	18	8	133	0.0601504
NODE_40467_length_3937_cov_3.664148	318	451	19	30	133	0.2255639
NODE_40467_length_3937_cov_3.664148	318	451	20	11	133	0.0827068
NODE_40467_length_3937_cov_3.664148	318	451	21	3	133	0.0225564
NODE_40467_length_3937_cov_3.664148	318	451	23	12	133	0.0902256
NODE_40535_length_3933_cov_4.795253	34	167	0	25	133	0.1879699
NODE_40535_length_3933_cov_4.795253	34	167	2	20	133	0.1503759
NODE_40535_length_3933_cov_4.795253	34	167	3	88	133	0.6616541
NODE_4053_length_10059_cov_4.589960	1222	1355	3	63	133	0.4736842
NODE_4053_length_10059_cov_4.589960	1222	1355	4	28	133	0.2105263
NODE_4053_length_10059_cov_4.589960	1222	1355	5	12	133	0.0902256
NODE_4053_length_10059_cov_4.589960	1222	1355	6	30	133	0.2255639
NODE_405410_length_443_cov_1.755814	112	245	22	3	133	0.0225564
NODE_405410_length_443_cov_1.755814	112	245	24	5	133	0.0375940
NODE_405410_length_443_cov_1.755814	112	245	27	1	133	0.0075188
NODE_405410_length_443_cov_1.755814	112	245	28	7	133	0.0526316
NODE_405410_length_443_cov_1.755814	112	245	30	2	133	0.0150376
NODE_405410_length_443_cov_1.755814	112	245	34	10	133	0.0751880
NODE_405410_length_443_cov_1.755814	112	245	35	8	133	0.0601504
NODE_405410_length_443_cov_1.755814	112	245	36	2	133	0.0150376
NODE_405410_length_443_cov_1.755814	112	245	40	5	133	0.0375940
NODE_405410_length_443_cov_1.755814	112	245	41	4	133	0.0300752
NODE_405410_length_443_cov_1.755814	112	245	43	1	133	0.0075188
NODE_405410_length_443_cov_1.755814	112	245	46	1	133	0.0075188
NODE_405410_length_443_cov_1.755814	112	245	49	1	133	0.0075188
NODE_405410_length_443_cov_1.755814	112	245	50	5	133	0.0375940
NODE_405410_length_443_cov_1.755814	112	245	52	6	133	0.0451128
NODE_405410_length_443_cov_1.755814	112	245	54	2	133	0.0150376
NODE_405410_length_443_cov_1.755814	112	245	55	8	133	0.0601504
NODE_405410_length_443_cov_1.755814	112	245	56	1	133	0.0075188
NODE_405410_length_443_cov_1.755814	112	245	57	1	133	0.0075188
NODE_405410_length_443_cov_1.755814	112	245	58	6	133	0.0451128
NODE_405410_length_443_cov_1.755814	112	245	59	2	133	0.0150376
NODE_405410_length_443_cov_1.755814	112	245	60	10	133	0.0751880
NODE_405410_length_443_cov_1.755814	112	245	61	26	133	0.1954887
NODE_405410_length_443_cov_1.755814	112	245	62	3	133	0.0225564
NODE_405410_length_443_cov_1.755814	112	245	63	3	133	0.0225564
NODE_405410_length_443_cov_1.755814	112	245	64	10	133	0.0751880
NODE_40553_length_3932_cov_5.089225	648	781	12	3	133	0.0225564
NODE_40553_length_3932_cov_5.089225	648	781	13	27	133	0.2030075
NODE_40553_length_3932_cov_5.089225	648	781	14	8	133	0.0601504
NODE_40553_length_3932_cov_5.089225	648	781	15	1	133	0.0075188
NODE_40553_length_3932_cov_5.089225	648	781	16	5	133	0.0375940
NODE_40553_length_3932_cov_5.089225	648	781	17	13	133	0.0977444
NODE_40553_length_3932_cov_5.089225	648	781	18	24	133	0.1804511
NODE_40553_length_3932_cov_5.089225	648	781	20	4	133	0.0300752
NODE_40553_length_3932_cov_5.089225	648	781	22	2	133	0.0150376
NODE_40553_length_3932_cov_5.089225	648	781	23	13	133	0.0977444
NODE_40553_length_3932_cov_5.089225	648	781	24	2	133	0.0150376
NODE_40553_length_3932_cov_5.089225	648	781	25	11	133	0.0827068
NODE_40553_length_3932_cov_5.089225	648	781	26	5	133	0.0375940
NODE_40553_length_3932_cov_5.089225	648	781	27	9	133	0.0676692
NODE_40553_length_3932_cov_5.089225	648	781	28	6	133	0.0451128
NODE_40556_length_3932_cov_4.883381	2478	2611	3	3	133	0.0225564
NODE_40556_length_3932_cov_4.883381	2478	2611	5	4	133	0.0300752
NODE_40556_length_3932_cov_4.883381	2478	2611	7	5	133	0.0375940
NODE_40556_length_3932_cov_4.883381	2478	2611	8	3	133	0.0225564
NODE_40556_length_3932_cov_4.883381	2478	2611	9	2	133	0.0150376
NODE_40556_length_3932_cov_4.883381	2478	2611	10	7	133	0.0526316
NODE_40556_length_3932_cov_4.883381	2478	2611	11	5	133	0.0375940
NODE_40556_length_3932_cov_4.883381	2478	2611	12	4	133	0.0300752
NODE_40556_length_3932_cov_4.883381	2478	2611	13	5	133	0.0375940
NODE_40556_length_3932_cov_4.883381	2478	2611	14	78	133	0.5864662
NODE_40556_length_3932_cov_4.883381	2478	2611	15	17	133	0.1278196
NODE_40566_length_3932_cov_3.964258	570	703	6	28	133	0.2105263
NODE_40566_length_3932_cov_3.964258	570	703	7	90	133	0.6766917
NODE_40566_length_3932_cov_3.964258	570	703	8	9	133	0.0676692
NODE_40566_length_3932_cov_3.964258	570	703	9	2	133	0.0150376
NODE_40566_length_3932_cov_3.964258	570	703	10	4	133	0.0300752
NODE_40577_length_3932_cov_3.083486	482	615	10	1	133	0.0075188
NODE_40577_length_3932_cov_3.083486	482	615	11	8	133	0.0601504
NODE_40577_length_3932_cov_3.083486	482	615	12	19	133	0.1428571
NODE_40577_length_3932_cov_3.083486	482	615	13	23	133	0.1729323
NODE_40577_length_3932_cov_3.083486	482	615	14	39	133	0.2932331
NODE_40577_length_3932_cov_3.083486	482	615	15	43	133	0.3233083
NODE_40583_length_3931_cov_4.691545	2282	2415	14	1	133	0.0075188
NODE_40583_length_3931_cov_4.691545	2282	2415	15	5	133	0.0375940
NODE_40583_length_3931_cov_4.691545	2282	2415	16	20	133	0.1503759
NODE_40583_length_3931_cov_4.691545	2282	2415	17	20	133	0.1503759
NODE_40583_length_3931_cov_4.691545	2282	2415	18	3	133	0.0225564
NODE_40583_length_3931_cov_4.691545	2282	2415	20	7	133	0.0526316
NODE_40583_length_3931_cov_4.691545	2282	2415	21	10	133	0.0751880
NODE_40583_length_3931_cov_4.691545	2282	2415	22	26	133	0.1954887
NODE_40583_length_3931_cov_4.691545	2282	2415	23	41	133	0.3082707
NODE_4058_length_10053_cov_4.604682	6139	6272	14	7	133	0.0526316
NODE_4058_length_10053_cov_4.604682	6139	6272	15	3	133	0.0225564
NODE_4058_length_10053_cov_4.604682	6139	6272	16	5	133	0.0375940
NODE_4058_length_10053_cov_4.604682	6139	6272	17	11	133	0.0827068
NODE_4058_length_10053_cov_4.604682	6139	6272	18	12	133	0.0902256
NODE_4058_length_10053_cov_4.604682	6139	6272	19	19	133	0.1428571
NODE_4058_length_10053_cov_4.604682	6139	6272	20	20	133	0.1503759
NODE_4058_length_10053_cov_4.604682	6139	6272	21	37	133	0.2781955
NODE_4058_length_10053_cov_4.604682	6139	6272	22	7	133	0.0526316
NODE_4058_length_10053_cov_4.604682	6139	6272	23	9	133	0.0676692
NODE_4058_length_10053_cov_4.604682	6139	6272	24	3	133	0.0225564
NODE_40599_length_3930_cov_18.411642	1794	1927	1	5	133	0.0375940
NODE_40599_length_3930_cov_18.411642	1794	1927	2	4	133	0.0300752
NODE_40599_length_3930_cov_18.411642	1794	1927	3	4	133	0.0300752
NODE_40599_length_3930_cov_18.411642	1794	1927	4	35	133	0.2631579
NODE_40599_length_3930_cov_18.411642	1794	1927	5	14	133	0.1052632
NODE_40599_length_3930_cov_18.411642	1794	1927	6	55	133	0.4135338
NODE_40599_length_3930_cov_18.411642	1794	1927	7	16	133	0.1203008
NODE_406025_length_441_cov_501.096491	245	378	39	3	133	0.0225564
NODE_406025_length_441_cov_501.096491	245	378	40	3	133	0.0225564
NODE_406025_length_441_cov_501.096491	245	378	41	3	133	0.0225564
NODE_406025_length_441_cov_501.096491	245	378	45	7	133	0.0526316
NODE_406025_length_441_cov_501.096491	245	378	46	3	133	0.0225564
NODE_406025_length_441_cov_501.096491	245	378	47	1	133	0.0075188
NODE_406025_length_441_cov_501.096491	245	378	48	3	133	0.0225564
NODE_406025_length_441_cov_501.096491	245	378	49	2	133	0.0150376
NODE_406025_length_441_cov_501.096491	245	378	50	1	133	0.0075188
NODE_406025_length_441_cov_501.096491	245	378	51	12	133	0.0902256
NODE_406025_length_441_cov_501.096491	245	378	52	5	133	0.0375940
NODE_406025_length_441_cov_501.096491	245	378	54	1	133	0.0075188
NODE_406025_length_441_cov_501.096491	245	378	55	1	133	0.0075188
NODE_406025_length_441_cov_501.096491	245	378	57	1	133	0.0075188
NODE_406025_length_441_cov_501.096491	245	378	58	3	133	0.0225564
NODE_406025_length_441_cov_501.096491	245	378	59	4	133	0.0300752
NODE_406025_length_441_cov_501.096491	245	378	60	12	133	0.0902256
NODE_406025_length_441_cov_501.096491	245	378	61	25	133	0.1879699
NODE_406025_length_441_cov_501.096491	245	378	62	13	133	0.0977444
NODE_406025_length_441_cov_501.096491	245	378	63	7	133	0.0526316
NODE_406025_length_441_cov_501.096491	245	378	64	11	133	0.0827068
NODE_406025_length_441_cov_501.096491	245	378	65	2	133	0.0150376
NODE_406025_length_441_cov_501.096491	245	378	66	4	133	0.0300752
NODE_406025_length_441_cov_501.096491	245	378	67	4	133	0.0300752
NODE_406025_length_441_cov_501.096491	245	378	68	2	133	0.0150376
NODE_40615_length_3930_cov_3.647090	762	895	1	33	133	0.2481203
NODE_40615_length_3930_cov_3.647090	762	895	2	5	133	0.0375940
NODE_40615_length_3930_cov_3.647090	762	895	3	22	133	0.1654135
NODE_40615_length_3930_cov_3.647090	762	895	4	40	133	0.3007519
NODE_40615_length_3930_cov_3.647090	762	895	5	33	133	0.2481203
NODE_40682_length_3925_cov_4.915839	3090	3223	1	48	133	0.3609022
NODE_40682_length_3925_cov_4.915839	3090	3223	2	9	133	0.0676692
NODE_40682_length_3925_cov_4.915839	3090	3223	3	67	133	0.5037594
NODE_40682_length_3925_cov_4.915839	3090	3223	4	9	133	0.0676692
NODE_406_length_18616_cov_5.048874	2779	2912	16	5	133	0.0375940
NODE_406_length_18616_cov_5.048874	2779	2912	17	1	133	0.0075188
NODE_406_length_18616_cov_5.048874	2779	2912	20	9	133	0.0676692
NODE_406_length_18616_cov_5.048874	2779	2912	22	1	133	0.0075188
NODE_406_length_18616_cov_5.048874	2779	2912	23	2	133	0.0150376
NODE_406_length_18616_cov_5.048874	2779	2912	25	6	133	0.0451128
NODE_406_length_18616_cov_5.048874	2779	2912	26	3	133	0.0225564
NODE_406_length_18616_cov_5.048874	2779	2912	27	2	133	0.0150376
NODE_406_length_18616_cov_5.048874	2779	2912	29	3	133	0.0225564
NODE_406_length_18616_cov_5.048874	2779	2912	30	4	133	0.0300752
NODE_406_length_18616_cov_5.048874	2779	2912	31	8	133	0.0601504
NODE_406_length_18616_cov_5.048874	2779	2912	32	8	133	0.0601504
NODE_406_length_18616_cov_5.048874	2779	2912	33	1	133	0.0075188
NODE_406_length_18616_cov_5.048874	2779	2912	34	2	133	0.0150376
NODE_406_length_18616_cov_5.048874	2779	2912	35	14	133	0.1052632
NODE_406_length_18616_cov_5.048874	2779	2912	36	4	133	0.0300752
NODE_406_length_18616_cov_5.048874	2779	2912	37	1	133	0.0075188
NODE_406_length_18616_cov_5.048874	2779	2912	38	4	133	0.0300752
NODE_406_length_18616_cov_5.048874	2779	2912	40	14	133	0.1052632
NODE_406_length_18616_cov_5.048874	2779	2912	41	7	133	0.0526316
NODE_406_length_18616_cov_5.048874	2779	2912	42	12	133	0.0902256
NODE_406_length_18616_cov_5.048874	2779	2912	44	21	133	0.1578947
NODE_406_length_18616_cov_5.048874	2779	2912	46	1	133	0.0075188
NODE_40705_length_3924_cov_4.075294	2797	2930	17	6	133	0.0451128
NODE_40705_length_3924_cov_4.075294	2797	2930	18	1	133	0.0075188
NODE_40705_length_3924_cov_4.075294	2797	2930	20	16	133	0.1203008
NODE_40705_length_3924_cov_4.075294	2797	2930	21	1	133	0.0075188
NODE_40705_length_3924_cov_4.075294	2797	2930	22	15	133	0.1127820
NODE_40705_length_3924_cov_4.075294	2797	2930	23	9	133	0.0676692
NODE_40705_length_3924_cov_4.075294	2797	2930	24	20	133	0.1503759
NODE_40705_length_3924_cov_4.075294	2797	2930	25	13	133	0.0977444
NODE_40705_length_3924_cov_4.075294	2797	2930	26	12	133	0.0902256
NODE_40705_length_3924_cov_4.075294	2797	2930	27	40	133	0.3007519
NODE_40706_length_3924_cov_4.037647	2567	2700	12	4	133	0.0300752
NODE_40706_length_3924_cov_4.037647	2567	2700	13	12	133	0.0902256
NODE_40706_length_3924_cov_4.037647	2567	2700	14	3	133	0.0225564
NODE_40706_length_3924_cov_4.037647	2567	2700	15	10	133	0.0751880
NODE_40706_length_3924_cov_4.037647	2567	2700	16	5	133	0.0375940
NODE_40706_length_3924_cov_4.037647	2567	2700	17	3	133	0.0225564
NODE_40706_length_3924_cov_4.037647	2567	2700	18	13	133	0.0977444
NODE_40706_length_3924_cov_4.037647	2567	2700	19	18	133	0.1353384
NODE_40706_length_3924_cov_4.037647	2567	2700	20	28	133	0.2105263
NODE_40706_length_3924_cov_4.037647	2567	2700	21	27	133	0.2030075
NODE_40706_length_3924_cov_4.037647	2567	2700	22	6	133	0.0451128
NODE_40706_length_3924_cov_4.037647	2567	2700	23	4	133	0.0300752
NODE_4071_length_10046_cov_3.913140	2702	2835	6	42	133	0.3157895
NODE_4071_length_10046_cov_3.913140	2702	2835	7	38	133	0.2857143
NODE_4071_length_10046_cov_3.913140	2702	2835	8	32	133	0.2406015
NODE_4071_length_10046_cov_3.913140	2702	2835	10	21	133	0.1578947
NODE_40738_length_3922_cov_4.193827	808	941	20	26	133	0.1954887
NODE_40738_length_3922_cov_4.193827	808	941	21	3	133	0.0225564
NODE_40738_length_3922_cov_4.193827	808	941	22	1	133	0.0075188
NODE_40738_length_3922_cov_4.193827	808	941	23	9	133	0.0676692
NODE_40738_length_3922_cov_4.193827	808	941	24	5	133	0.0375940
NODE_40738_length_3922_cov_4.193827	808	941	25	3	133	0.0225564
NODE_40738_length_3922_cov_4.193827	808	941	26	5	133	0.0375940
NODE_40738_length_3922_cov_4.193827	808	941	27	9	133	0.0676692
NODE_40738_length_3922_cov_4.193827	808	941	28	28	133	0.2105263
NODE_40738_length_3922_cov_4.193827	808	941	29	14	133	0.1052632
NODE_40738_length_3922_cov_4.193827	808	941	30	24	133	0.1804511
NODE_40738_length_3922_cov_4.193827	808	941	31	6	133	0.0451128
NODE_4074_length_10043_cov_5.721943	5045	5178	17	1	133	0.0075188
NODE_4074_length_10043_cov_5.721943	5045	5178	19	9	133	0.0676692
NODE_4074_length_10043_cov_5.721943	5045	5178	20	4	133	0.0300752
NODE_4074_length_10043_cov_5.721943	5045	5178	21	2	133	0.0150376
NODE_4074_length_10043_cov_5.721943	5045	5178	22	1	133	0.0075188
NODE_4074_length_10043_cov_5.721943	5045	5178	23	13	133	0.0977444
NODE_4074_length_10043_cov_5.721943	5045	5178	24	4	133	0.0300752
NODE_4074_length_10043_cov_5.721943	5045	5178	25	22	133	0.1654135
NODE_4074_length_10043_cov_5.721943	5045	5178	26	27	133	0.2030075
NODE_4074_length_10043_cov_5.721943	5045	5178	27	11	133	0.0827068
NODE_4074_length_10043_cov_5.721943	5045	5178	28	30	133	0.2255639
NODE_4074_length_10043_cov_5.721943	5045	5178	29	3	133	0.0225564
NODE_4074_length_10043_cov_5.721943	5045	5178	30	6	133	0.0451128
NODE_40755_length_3921_cov_4.467818	1250	1383	4	19	133	0.1428571
NODE_40755_length_3921_cov_4.467818	1250	1383	5	5	133	0.0375940
NODE_40755_length_3921_cov_4.467818	1250	1383	7	8	133	0.0601504
NODE_40755_length_3921_cov_4.467818	1250	1383	10	16	133	0.1203008
NODE_40755_length_3921_cov_4.467818	1250	1383	11	7	133	0.0526316
NODE_40755_length_3921_cov_4.467818	1250	1383	13	1	133	0.0075188
NODE_40755_length_3921_cov_4.467818	1250	1383	15	3	133	0.0225564
NODE_40755_length_3921_cov_4.467818	1250	1383	16	21	133	0.1578947
NODE_40755_length_3921_cov_4.467818	1250	1383	17	2	133	0.0150376
NODE_40755_length_3921_cov_4.467818	1250	1383	18	10	133	0.0751880
NODE_40755_length_3921_cov_4.467818	1250	1383	20	41	133	0.3082707
NODE_40769_length_3921_cov_3.531136	317	450	0	101	133	0.7593985
NODE_40769_length_3921_cov_3.531136	317	450	1	32	133	0.2406015
NODE_407812_length_438_cov_2.669617	121	254	9	20	133	0.1503759
NODE_407812_length_438_cov_2.669617	121	254	10	5	133	0.0375940
NODE_407812_length_438_cov_2.669617	121	254	11	1	133	0.0075188
NODE_407812_length_438_cov_2.669617	121	254	12	27	133	0.2030075
NODE_407812_length_438_cov_2.669617	121	254	13	53	133	0.3984962
NODE_407812_length_438_cov_2.669617	121	254	14	15	133	0.1127820
NODE_407812_length_438_cov_2.669617	121	254	15	12	133	0.0902256
NODE_407826_length_438_cov_2.578171	269	402	0	133	133	1.0000000
NODE_40782_length_3920_cov_4.786182	1775	1908	14	2	133	0.0150376
NODE_40782_length_3920_cov_4.786182	1775	1908	15	15	133	0.1127820
NODE_40782_length_3920_cov_4.786182	1775	1908	16	27	133	0.2030075
NODE_40782_length_3920_cov_4.786182	1775	1908	17	5	133	0.0375940
NODE_40782_length_3920_cov_4.786182	1775	1908	18	12	133	0.0902256
NODE_40782_length_3920_cov_4.786182	1775	1908	19	13	133	0.0977444
NODE_40782_length_3920_cov_4.786182	1775	1908	20	12	133	0.0902256
NODE_40782_length_3920_cov_4.786182	1775	1908	21	7	133	0.0526316
NODE_40782_length_3920_cov_4.786182	1775	1908	22	6	133	0.0451128
NODE_40782_length_3920_cov_4.786182	1775	1908	23	17	133	0.1278196
NODE_40782_length_3920_cov_4.786182	1775	1908	24	8	133	0.0601504
NODE_40782_length_3920_cov_4.786182	1775	1908	25	9	133	0.0676692
NODE_40802_length_3919_cov_4.676963	2066	2199	12	3	133	0.0225564
NODE_40802_length_3919_cov_4.676963	2066	2199	13	17	133	0.1278196
NODE_40802_length_3919_cov_4.676963	2066	2199	14	6	133	0.0451128
NODE_40802_length_3919_cov_4.676963	2066	2199	15	5	133	0.0375940
NODE_40802_length_3919_cov_4.676963	2066	2199	16	18	133	0.1353384
NODE_40802_length_3919_cov_4.676963	2066	2199	17	19	133	0.1428571
NODE_40802_length_3919_cov_4.676963	2066	2199	18	7	133	0.0526316
NODE_40802_length_3919_cov_4.676963	2066	2199	19	14	133	0.1052632
NODE_40802_length_3919_cov_4.676963	2066	2199	20	36	133	0.2706767
NODE_40802_length_3919_cov_4.676963	2066	2199	21	8	133	0.0601504
NODE_40814_length_3918_cov_5.667714	1040	1173	0	133	133	1.0000000
NODE_40825_length_3918_cov_3.995025	1834	1967	34	1	133	0.0075188
NODE_40825_length_3918_cov_3.995025	1834	1967	35	1	133	0.0075188
NODE_40825_length_3918_cov_3.995025	1834	1967	36	3	133	0.0225564
NODE_40825_length_3918_cov_3.995025	1834	1967	37	6	133	0.0451128
NODE_40825_length_3918_cov_3.995025	1834	1967	38	14	133	0.1052632
NODE_40825_length_3918_cov_3.995025	1834	1967	39	2	133	0.0150376
NODE_40825_length_3918_cov_3.995025	1834	1967	40	4	133	0.0300752
NODE_40825_length_3918_cov_3.995025	1834	1967	41	5	133	0.0375940
NODE_40825_length_3918_cov_3.995025	1834	1967	42	6	133	0.0451128
NODE_40825_length_3918_cov_3.995025	1834	1967	43	1	133	0.0075188
NODE_40825_length_3918_cov_3.995025	1834	1967	44	11	133	0.0827068
NODE_40825_length_3918_cov_3.995025	1834	1967	45	1	133	0.0075188
NODE_40825_length_3918_cov_3.995025	1834	1967	46	1	133	0.0075188
NODE_40825_length_3918_cov_3.995025	1834	1967	47	7	133	0.0526316
NODE_40825_length_3918_cov_3.995025	1834	1967	48	4	133	0.0300752
NODE_40825_length_3918_cov_3.995025	1834	1967	49	14	133	0.1052632
NODE_40825_length_3918_cov_3.995025	1834	1967	50	24	133	0.1804511
NODE_40825_length_3918_cov_3.995025	1834	1967	51	17	133	0.1278196
NODE_40825_length_3918_cov_3.995025	1834	1967	52	6	133	0.0451128
NODE_40825_length_3918_cov_3.995025	1834	1967	53	5	133	0.0375940
NODE_40831_length_3917_cov_10.029597	940	1073	7	12	133	0.0902256
NODE_40831_length_3917_cov_10.029597	940	1073	8	27	133	0.2030075
NODE_40831_length_3917_cov_10.029597	940	1073	9	36	133	0.2706767
NODE_40831_length_3917_cov_10.029597	940	1073	10	23	133	0.1729323
NODE_40831_length_3917_cov_10.029597	940	1073	11	16	133	0.1203008
NODE_40831_length_3917_cov_10.029597	940	1073	12	19	133	0.1428571
NODE_408983_length_436_cov_2.142433	346	479	0	43	133	0.3233083
NODE_408983_length_436_cov_2.142433	346	479	1	55	133	0.4135338
NODE_408983_length_436_cov_2.142433	346	479	2	35	133	0.2631579
NODE_40997_length_3909_cov_10.084514	1439	1572	29	1	133	0.0075188
NODE_40997_length_3909_cov_10.084514	1439	1572	30	6	133	0.0451128
NODE_40997_length_3909_cov_10.084514	1439	1572	31	1	133	0.0075188
NODE_40997_length_3909_cov_10.084514	1439	1572	32	1	133	0.0075188
NODE_40997_length_3909_cov_10.084514	1439	1572	34	2	133	0.0150376
NODE_40997_length_3909_cov_10.084514	1439	1572	35	4	133	0.0300752
NODE_40997_length_3909_cov_10.084514	1439	1572	36	3	133	0.0225564
NODE_40997_length_3909_cov_10.084514	1439	1572	37	2	133	0.0150376
NODE_40997_length_3909_cov_10.084514	1439	1572	38	6	133	0.0451128
NODE_40997_length_3909_cov_10.084514	1439	1572	39	6	133	0.0451128
NODE_40997_length_3909_cov_10.084514	1439	1572	40	1	133	0.0075188
NODE_40997_length_3909_cov_10.084514	1439	1572	41	2	133	0.0150376
NODE_40997_length_3909_cov_10.084514	1439	1572	42	6	133	0.0451128
NODE_40997_length_3909_cov_10.084514	1439	1572	43	5	133	0.0375940
NODE_40997_length_3909_cov_10.084514	1439	1572	44	7	133	0.0526316
NODE_40997_length_3909_cov_10.084514	1439	1572	45	17	133	0.1278196
NODE_40997_length_3909_cov_10.084514	1439	1572	46	13	133	0.0977444
NODE_40997_length_3909_cov_10.084514	1439	1572	47	6	133	0.0451128
NODE_40997_length_3909_cov_10.084514	1439	1572	48	17	133	0.1278196
NODE_40997_length_3909_cov_10.084514	1439	1572	49	3	133	0.0225564
NODE_40997_length_3909_cov_10.084514	1439	1572	50	1	133	0.0075188
NODE_40997_length_3909_cov_10.084514	1439	1572	51	2	133	0.0150376
NODE_40997_length_3909_cov_10.084514	1439	1572	52	12	133	0.0902256
NODE_40997_length_3909_cov_10.084514	1439	1572	53	9	133	0.0676692
NODE_40999_length_3909_cov_5.324672	1457	1590	7	3	133	0.0225564
NODE_40999_length_3909_cov_5.324672	1457	1590	8	21	133	0.1578947
NODE_40999_length_3909_cov_5.324672	1457	1590	10	20	133	0.1503759
NODE_40999_length_3909_cov_5.324672	1457	1590	11	40	133	0.3007519
NODE_40999_length_3909_cov_5.324672	1457	1590	12	22	133	0.1654135
NODE_40999_length_3909_cov_5.324672	1457	1590	13	12	133	0.0902256
NODE_40999_length_3909_cov_5.324672	1457	1590	14	2	133	0.0150376
NODE_40999_length_3909_cov_5.324672	1457	1590	15	10	133	0.0751880
NODE_40999_length_3909_cov_5.324672	1457	1590	16	3	133	0.0225564
NODE_410251_length_433_cov_3.502994	143	276	11	3	133	0.0225564
NODE_410251_length_433_cov_3.502994	143	276	13	9	133	0.0676692
NODE_410251_length_433_cov_3.502994	143	276	14	4	133	0.0300752
NODE_410251_length_433_cov_3.502994	143	276	15	8	133	0.0601504
NODE_410251_length_433_cov_3.502994	143	276	16	6	133	0.0451128
NODE_410251_length_433_cov_3.502994	143	276	17	7	133	0.0526316
NODE_410251_length_433_cov_3.502994	143	276	18	6	133	0.0451128
NODE_410251_length_433_cov_3.502994	143	276	19	14	133	0.1052632
NODE_410251_length_433_cov_3.502994	143	276	20	28	133	0.2105263
NODE_410251_length_433_cov_3.502994	143	276	21	3	133	0.0225564
NODE_410251_length_433_cov_3.502994	143	276	23	27	133	0.2030075
NODE_410251_length_433_cov_3.502994	143	276	24	18	133	0.1353384
NODE_4104_length_10018_cov_3.844440	8029	8162	16	2	133	0.0150376
NODE_4104_length_10018_cov_3.844440	8029	8162	17	1	133	0.0075188
NODE_4104_length_10018_cov_3.844440	8029	8162	18	16	133	0.1203008
NODE_4104_length_10018_cov_3.844440	8029	8162	19	6	133	0.0451128
NODE_4104_length_10018_cov_3.844440	8029	8162	20	16	133	0.1203008
NODE_4104_length_10018_cov_3.844440	8029	8162	21	36	133	0.2706767
NODE_4104_length_10018_cov_3.844440	8029	8162	22	16	133	0.1203008
NODE_4104_length_10018_cov_3.844440	8029	8162	24	29	133	0.2180451
NODE_4104_length_10018_cov_3.844440	8029	8162	25	11	133	0.0827068
NODE_41052_length_3906_cov_3.876281	3543	3676	15	11	133	0.0827068
NODE_41052_length_3906_cov_3.876281	3543	3676	16	1	133	0.0075188
NODE_41052_length_3906_cov_3.876281	3543	3676	17	4	133	0.0300752
NODE_41052_length_3906_cov_3.876281	3543	3676	18	5	133	0.0375940
NODE_41052_length_3906_cov_3.876281	3543	3676	19	22	133	0.1654135
NODE_41052_length_3906_cov_3.876281	3543	3676	29	5	133	0.0375940
NODE_41052_length_3906_cov_3.876281	3543	3676	30	12	133	0.0902256
NODE_41052_length_3906_cov_3.876281	3543	3676	31	1	133	0.0075188
NODE_41052_length_3906_cov_3.876281	3543	3676	32	2	133	0.0150376
NODE_41052_length_3906_cov_3.876281	3543	3676	33	1	133	0.0075188
NODE_41052_length_3906_cov_3.876281	3543	3676	34	7	133	0.0526316
NODE_41052_length_3906_cov_3.876281	3543	3676	35	14	133	0.1052632
NODE_41052_length_3906_cov_3.876281	3543	3676	36	33	133	0.2481203
NODE_41052_length_3906_cov_3.876281	3543	3676	37	15	133	0.1127820
NODE_41080_length_3904_cov_5.692247	1551	1684	0	133	133	1.0000000
NODE_410933_length_432_cov_2.501502	125	258	12	1	133	0.0075188
NODE_410933_length_432_cov_2.501502	125	258	13	23	133	0.1729323
NODE_410933_length_432_cov_2.501502	125	258	14	4	133	0.0300752
NODE_410933_length_432_cov_2.501502	125	258	15	3	133	0.0225564
NODE_410933_length_432_cov_2.501502	125	258	17	2	133	0.0150376
NODE_410933_length_432_cov_2.501502	125	258	19	11	133	0.0827068
NODE_410933_length_432_cov_2.501502	125	258	20	13	133	0.0977444
NODE_410933_length_432_cov_2.501502	125	258	21	14	133	0.1052632
NODE_410933_length_432_cov_2.501502	125	258	23	5	133	0.0375940
NODE_410933_length_432_cov_2.501502	125	258	24	20	133	0.1503759
NODE_410933_length_432_cov_2.501502	125	258	25	15	133	0.1127820
NODE_410933_length_432_cov_2.501502	125	258	26	6	133	0.0451128
NODE_410933_length_432_cov_2.501502	125	258	27	6	133	0.0451128
NODE_410933_length_432_cov_2.501502	125	258	28	10	133	0.0751880
NODE_41098_length_3904_cov_4.026281	693	826	11	6	133	0.0451128
NODE_41098_length_3904_cov_4.026281	693	826	12	10	133	0.0751880
NODE_41098_length_3904_cov_4.026281	693	826	13	9	133	0.0676692
NODE_41098_length_3904_cov_4.026281	693	826	15	30	133	0.2255639
NODE_41098_length_3904_cov_4.026281	693	826	16	17	133	0.1278196
NODE_41098_length_3904_cov_4.026281	693	826	17	3	133	0.0225564
NODE_41098_length_3904_cov_4.026281	693	826	19	2	133	0.0150376
NODE_41098_length_3904_cov_4.026281	693	826	20	12	133	0.0902256
NODE_41098_length_3904_cov_4.026281	693	826	21	20	133	0.1503759
NODE_41098_length_3904_cov_4.026281	693	826	22	6	133	0.0451128
NODE_41098_length_3904_cov_4.026281	693	826	23	1	133	0.0075188
NODE_41098_length_3904_cov_4.026281	693	826	25	5	133	0.0375940
NODE_41098_length_3904_cov_4.026281	693	826	26	6	133	0.0451128
NODE_41098_length_3904_cov_4.026281	693	826	27	3	133	0.0225564
NODE_41098_length_3904_cov_4.026281	693	826	29	3	133	0.0225564
NODE_41118_length_3903_cov_4.253943	455	588	6	10	133	0.0751880
NODE_41118_length_3903_cov_4.253943	455	588	7	8	133	0.0601504
NODE_41118_length_3903_cov_4.253943	455	588	8	32	133	0.2406015
NODE_41118_length_3903_cov_4.253943	455	588	9	20	133	0.1503759
NODE_41118_length_3903_cov_4.253943	455	588	10	46	133	0.3458647
NODE_41118_length_3903_cov_4.253943	455	588	11	17	133	0.1278196
NODE_41141_length_3902_cov_3.689456	934	1067	16	9	133	0.0676692
NODE_41141_length_3902_cov_3.689456	934	1067	17	4	133	0.0300752
NODE_41141_length_3902_cov_3.689456	934	1067	19	16	133	0.1203008
NODE_41141_length_3902_cov_3.689456	934	1067	20	12	133	0.0902256
NODE_41141_length_3902_cov_3.689456	934	1067	21	4	133	0.0300752
NODE_41141_length_3902_cov_3.689456	934	1067	22	4	133	0.0300752
NODE_41141_length_3902_cov_3.689456	934	1067	23	1	133	0.0075188
NODE_41141_length_3902_cov_3.689456	934	1067	24	1	133	0.0075188
NODE_41141_length_3902_cov_3.689456	934	1067	25	2	133	0.0150376
NODE_41141_length_3902_cov_3.689456	934	1067	26	4	133	0.0300752
NODE_41141_length_3902_cov_3.689456	934	1067	27	2	133	0.0150376
NODE_41141_length_3902_cov_3.689456	934	1067	28	5	133	0.0375940
NODE_41141_length_3902_cov_3.689456	934	1067	29	22	133	0.1654135
NODE_41141_length_3902_cov_3.689456	934	1067	30	41	133	0.3082707
NODE_41141_length_3902_cov_3.689456	934	1067	31	6	133	0.0451128
NODE_41142_length_3902_cov_3.201157	1472	1605	0	6	133	0.0451128
NODE_41142_length_3902_cov_3.201157	1472	1605	2	127	133	0.9548872
NODE_4114_length_10006_cov_4.633088	5867	6000	9	1	133	0.0075188
NODE_4114_length_10006_cov_4.633088	5867	6000	10	11	133	0.0827068
NODE_4114_length_10006_cov_4.633088	5867	6000	11	12	133	0.0902256
NODE_4114_length_10006_cov_4.633088	5867	6000	12	21	133	0.1578947
NODE_4114_length_10006_cov_4.633088	5867	6000	13	7	133	0.0526316
NODE_4114_length_10006_cov_4.633088	5867	6000	14	2	133	0.0150376
NODE_4114_length_10006_cov_4.633088	5867	6000	15	29	133	0.2180451
NODE_4114_length_10006_cov_4.633088	5867	6000	16	45	133	0.3383459
NODE_4114_length_10006_cov_4.633088	5867	6000	17	5	133	0.0375940
NODE_41160_length_3901_cov_3.380063	2256	2389	8	10	133	0.0751880
NODE_41160_length_3901_cov_3.380063	2256	2389	9	14	133	0.1052632
NODE_41160_length_3901_cov_3.380063	2256	2389	10	27	133	0.2030075
NODE_41160_length_3901_cov_3.380063	2256	2389	11	1	133	0.0075188
NODE_41160_length_3901_cov_3.380063	2256	2389	14	3	133	0.0225564
NODE_41160_length_3901_cov_3.380063	2256	2389	15	19	133	0.1428571
NODE_41160_length_3901_cov_3.380063	2256	2389	16	27	133	0.2030075
NODE_41160_length_3901_cov_3.380063	2256	2389	17	29	133	0.2180451
NODE_41160_length_3901_cov_3.380063	2256	2389	18	3	133	0.0225564
NODE_4117_length_10005_cov_4.746921	5801	5934	7	2	133	0.0150376
NODE_4117_length_10005_cov_4.746921	5801	5934	8	8	133	0.0601504
NODE_4117_length_10005_cov_4.746921	5801	5934	9	8	133	0.0601504
NODE_4117_length_10005_cov_4.746921	5801	5934	10	12	133	0.0902256
NODE_4117_length_10005_cov_4.746921	5801	5934	11	1	133	0.0075188
NODE_4117_length_10005_cov_4.746921	5801	5934	12	3	133	0.0225564
NODE_4117_length_10005_cov_4.746921	5801	5934	13	2	133	0.0150376
NODE_4117_length_10005_cov_4.746921	5801	5934	14	24	133	0.1804511
NODE_4117_length_10005_cov_4.746921	5801	5934	15	61	133	0.4586466
NODE_4117_length_10005_cov_4.746921	5801	5934	16	12	133	0.0902256
NODE_411_length_18547_cov_4.316674	4955	5088	6	11	133	0.0827068
NODE_411_length_18547_cov_4.316674	4955	5088	8	20	133	0.1503759
NODE_411_length_18547_cov_4.316674	4955	5088	9	2	133	0.0150376
NODE_411_length_18547_cov_4.316674	4955	5088	11	35	133	0.2631579
NODE_411_length_18547_cov_4.316674	4955	5088	12	13	133	0.0977444
NODE_411_length_18547_cov_4.316674	4955	5088	13	1	133	0.0075188
NODE_411_length_18547_cov_4.316674	4955	5088	14	1	133	0.0075188
NODE_411_length_18547_cov_4.316674	4955	5088	15	6	133	0.0451128
NODE_411_length_18547_cov_4.316674	4955	5088	16	6	133	0.0451128
NODE_411_length_18547_cov_4.316674	4955	5088	17	16	133	0.1203008
NODE_411_length_18547_cov_4.316674	4955	5088	18	16	133	0.1203008
NODE_411_length_18547_cov_4.316674	4955	5088	19	6	133	0.0451128
NODE_41210_length_3898_cov_4.413793	2982	3115	7	7	133	0.0526316
NODE_41210_length_3898_cov_4.413793	2982	3115	8	21	133	0.1578947
NODE_41210_length_3898_cov_4.413793	2982	3115	9	39	133	0.2932331
NODE_41210_length_3898_cov_4.413793	2982	3115	10	38	133	0.2857143
NODE_41210_length_3898_cov_4.413793	2982	3115	11	27	133	0.2030075
NODE_41210_length_3898_cov_4.413793	2982	3115	12	1	133	0.0075188
NODE_41266_length_3895_cov_4.242624	654	787	4	18	133	0.1353384
NODE_41266_length_3895_cov_4.242624	654	787	5	45	133	0.3383459
NODE_41266_length_3895_cov_4.242624	654	787	6	43	133	0.3233083
NODE_41266_length_3895_cov_4.242624	654	787	7	23	133	0.1729323
NODE_41266_length_3895_cov_4.242624	654	787	8	4	133	0.0300752
NODE_41269_length_3895_cov_3.812171	1008	1141	6	19	133	0.1428571
NODE_41269_length_3895_cov_3.812171	1008	1141	7	25	133	0.1879699
NODE_41269_length_3895_cov_3.812171	1008	1141	9	11	133	0.0827068
NODE_41269_length_3895_cov_3.812171	1008	1141	10	8	133	0.0601504
NODE_41269_length_3895_cov_3.812171	1008	1141	11	31	133	0.2330827
NODE_41269_length_3895_cov_3.812171	1008	1141	13	39	133	0.2932331
NODE_4126_length_10001_cov_4.208544	7074	7207	4	4	133	0.0300752
NODE_4126_length_10001_cov_4.208544	7074	7207	6	9	133	0.0676692
NODE_4126_length_10001_cov_4.208544	7074	7207	7	27	133	0.2030075
NODE_4126_length_10001_cov_4.208544	7074	7207	8	52	133	0.3909774
NODE_4126_length_10001_cov_4.208544	7074	7207	9	41	133	0.3082707
NODE_41330_length_3891_cov_5.279272	2563	2696	25	4	133	0.0300752
NODE_41330_length_3891_cov_5.279272	2563	2696	26	1	133	0.0075188
NODE_41330_length_3891_cov_5.279272	2563	2696	27	8	133	0.0601504
NODE_41330_length_3891_cov_5.279272	2563	2696	29	3	133	0.0225564
NODE_41330_length_3891_cov_5.279272	2563	2696	30	2	133	0.0150376
NODE_41330_length_3891_cov_5.279272	2563	2696	31	7	133	0.0526316
NODE_41330_length_3891_cov_5.279272	2563	2696	32	1	133	0.0075188
NODE_41330_length_3891_cov_5.279272	2563	2696	34	3	133	0.0225564
NODE_41330_length_3891_cov_5.279272	2563	2696	35	5	133	0.0375940
NODE_41330_length_3891_cov_5.279272	2563	2696	36	12	133	0.0902256
NODE_41330_length_3891_cov_5.279272	2563	2696	37	5	133	0.0375940
NODE_41330_length_3891_cov_5.279272	2563	2696	38	3	133	0.0225564
NODE_41330_length_3891_cov_5.279272	2563	2696	40	19	133	0.1428571
NODE_41330_length_3891_cov_5.279272	2563	2696	41	12	133	0.0902256
NODE_41330_length_3891_cov_5.279272	2563	2696	42	13	133	0.0977444
NODE_41330_length_3891_cov_5.279272	2563	2696	43	11	133	0.0827068
NODE_41330_length_3891_cov_5.279272	2563	2696	44	24	133	0.1804511
NODE_4134_length_9998_cov_3.353369	645	778	12	14	133	0.1052632
NODE_4134_length_9998_cov_3.353369	645	778	13	9	133	0.0676692
NODE_4134_length_9998_cov_3.353369	645	778	14	2	133	0.0150376
NODE_4134_length_9998_cov_3.353369	645	778	16	1	133	0.0075188
NODE_4134_length_9998_cov_3.353369	645	778	17	1	133	0.0075188
NODE_4134_length_9998_cov_3.353369	645	778	18	13	133	0.0977444
NODE_4134_length_9998_cov_3.353369	645	778	19	10	133	0.0751880
NODE_4134_length_9998_cov_3.353369	645	778	21	38	133	0.2857143
NODE_4134_length_9998_cov_3.353369	645	778	22	9	133	0.0676692
NODE_4134_length_9998_cov_3.353369	645	778	23	26	133	0.1954887
NODE_4134_length_9998_cov_3.353369	645	778	24	10	133	0.0751880
NODE_413797_length_427_cov_1.067073	138	271	5	51	133	0.3834586
NODE_413797_length_427_cov_1.067073	138	271	7	2	133	0.0150376
NODE_413797_length_427_cov_1.067073	138	271	8	15	133	0.1127820
NODE_413797_length_427_cov_1.067073	138	271	10	8	133	0.0601504
NODE_413797_length_427_cov_1.067073	138	271	12	1	133	0.0075188
NODE_413797_length_427_cov_1.067073	138	271	13	4	133	0.0300752
NODE_413797_length_427_cov_1.067073	138	271	14	15	133	0.1127820
NODE_413797_length_427_cov_1.067073	138	271	15	27	133	0.2030075
NODE_413797_length_427_cov_1.067073	138	271	16	10	133	0.0751880
NODE_413811_length_426_cov_805.107034	180	313	150	1	133	0.0075188
NODE_413811_length_426_cov_805.107034	180	313	151	3	133	0.0225564
NODE_413811_length_426_cov_805.107034	180	313	152	1	133	0.0075188
NODE_413811_length_426_cov_805.107034	180	313	153	1	133	0.0075188
NODE_413811_length_426_cov_805.107034	180	313	154	1	133	0.0075188
NODE_413811_length_426_cov_805.107034	180	313	158	1	133	0.0075188
NODE_413811_length_426_cov_805.107034	180	313	163	1	133	0.0075188
NODE_413811_length_426_cov_805.107034	180	313	165	2	133	0.0150376
NODE_413811_length_426_cov_805.107034	180	313	166	1	133	0.0075188
NODE_413811_length_426_cov_805.107034	180	313	169	2	133	0.0150376
NODE_413811_length_426_cov_805.107034	180	313	172	1	133	0.0075188
NODE_413811_length_426_cov_805.107034	180	313	173	1	133	0.0075188
NODE_413811_length_426_cov_805.107034	180	313	174	1	133	0.0075188
NODE_413811_length_426_cov_805.107034	180	313	176	6	133	0.0451128
NODE_413811_length_426_cov_805.107034	180	313	178	2	133	0.0150376
NODE_413811_length_426_cov_805.107034	180	313	179	6	133	0.0451128
NODE_413811_length_426_cov_805.107034	180	313	180	1	133	0.0075188
NODE_413811_length_426_cov_805.107034	180	313	181	2	133	0.0150376
NODE_413811_length_426_cov_805.107034	180	313	183	6	133	0.0451128
NODE_413811_length_426_cov_805.107034	180	313	184	3	133	0.0225564
NODE_413811_length_426_cov_805.107034	180	313	185	2	133	0.0150376
NODE_413811_length_426_cov_805.107034	180	313	187	1	133	0.0075188
NODE_413811_length_426_cov_805.107034	180	313	188	4	133	0.0300752
NODE_413811_length_426_cov_805.107034	180	313	189	1	133	0.0075188
NODE_413811_length_426_cov_805.107034	180	313	190	1	133	0.0075188
NODE_413811_length_426_cov_805.107034	180	313	191	2	133	0.0150376
NODE_413811_length_426_cov_805.107034	180	313	192	2	133	0.0150376
NODE_413811_length_426_cov_805.107034	180	313	193	1	133	0.0075188
NODE_413811_length_426_cov_805.107034	180	313	194	1	133	0.0075188
NODE_413811_length_426_cov_805.107034	180	313	195	2	133	0.0150376
NODE_413811_length_426_cov_805.107034	180	313	197	2	133	0.0150376
NODE_413811_length_426_cov_805.107034	180	313	198	2	133	0.0150376
NODE_413811_length_426_cov_805.107034	180	313	199	1	133	0.0075188
NODE_413811_length_426_cov_805.107034	180	313	200	2	133	0.0150376
NODE_413811_length_426_cov_805.107034	180	313	202	1	133	0.0075188
NODE_413811_length_426_cov_805.107034	180	313	203	3	133	0.0225564
NODE_413811_length_426_cov_805.107034	180	313	204	1	133	0.0075188
NODE_413811_length_426_cov_805.107034	180	313	205	5	133	0.0375940
NODE_413811_length_426_cov_805.107034	180	313	206	1	133	0.0075188
NODE_413811_length_426_cov_805.107034	180	313	207	3	133	0.0225564
NODE_413811_length_426_cov_805.107034	180	313	208	8	133	0.0601504
NODE_413811_length_426_cov_805.107034	180	313	209	7	133	0.0526316
NODE_413811_length_426_cov_805.107034	180	313	210	1	133	0.0075188
NODE_413811_length_426_cov_805.107034	180	313	211	3	133	0.0225564
NODE_413811_length_426_cov_805.107034	180	313	212	2	133	0.0150376
NODE_413811_length_426_cov_805.107034	180	313	213	4	133	0.0300752
NODE_413811_length_426_cov_805.107034	180	313	214	3	133	0.0225564
NODE_413811_length_426_cov_805.107034	180	313	215	1	133	0.0075188
NODE_413811_length_426_cov_805.107034	180	313	216	3	133	0.0225564
NODE_413811_length_426_cov_805.107034	180	313	217	6	133	0.0451128
NODE_413811_length_426_cov_805.107034	180	313	218	1	133	0.0075188
NODE_413811_length_426_cov_805.107034	180	313	219	2	133	0.0150376
NODE_413811_length_426_cov_805.107034	180	313	220	1	133	0.0075188
NODE_413811_length_426_cov_805.107034	180	313	221	1	133	0.0075188
NODE_413811_length_426_cov_805.107034	180	313	222	1	133	0.0075188
NODE_413811_length_426_cov_805.107034	180	313	223	2	133	0.0150376
NODE_413811_length_426_cov_805.107034	180	313	224	3	133	0.0225564
NODE_413811_length_426_cov_805.107034	180	313	225	3	133	0.0225564
NODE_41395_length_3887_cov_5.046990	867	1000	5	13	133	0.0977444
NODE_41395_length_3887_cov_5.046990	867	1000	6	21	133	0.1578947
NODE_41395_length_3887_cov_5.046990	867	1000	7	35	133	0.2631579
NODE_41395_length_3887_cov_5.046990	867	1000	8	11	133	0.0827068
NODE_41395_length_3887_cov_5.046990	867	1000	9	48	133	0.3609022
NODE_41395_length_3887_cov_5.046990	867	1000	10	5	133	0.0375940
NODE_4146_length_9988_cov_4.120336	6744	6877	9	8	133	0.0601504
NODE_4146_length_9988_cov_4.120336	6744	6877	10	76	133	0.5714286
NODE_4146_length_9988_cov_4.120336	6744	6877	11	49	133	0.3684210
NODE_41475_length_3883_cov_4.265328	2348	2481	8	3	133	0.0225564
NODE_41475_length_3883_cov_4.265328	2348	2481	9	5	133	0.0375940
NODE_41475_length_3883_cov_4.265328	2348	2481	11	23	133	0.1729323
NODE_41475_length_3883_cov_4.265328	2348	2481	12	16	133	0.1203008
NODE_41475_length_3883_cov_4.265328	2348	2481	13	46	133	0.3458647
NODE_41475_length_3883_cov_4.265328	2348	2481	14	5	133	0.0375940
NODE_41475_length_3883_cov_4.265328	2348	2481	15	35	133	0.2631579
NODE_41492_length_3882_cov_4.073487	2187	2320	5	7	133	0.0526316
NODE_41492_length_3882_cov_4.073487	2187	2320	6	7	133	0.0526316
NODE_41492_length_3882_cov_4.073487	2187	2320	7	38	133	0.2857143
NODE_41492_length_3882_cov_4.073487	2187	2320	8	23	133	0.1729323
NODE_41492_length_3882_cov_4.073487	2187	2320	9	2	133	0.0150376
NODE_41492_length_3882_cov_4.073487	2187	2320	10	19	133	0.1428571
NODE_41492_length_3882_cov_4.073487	2187	2320	12	37	133	0.2781955
NODE_41512_length_3881_cov_4.449233	2740	2873	20	9	133	0.0676692
NODE_41512_length_3881_cov_4.449233	2740	2873	21	3	133	0.0225564
NODE_41512_length_3881_cov_4.449233	2740	2873	22	2	133	0.0150376
NODE_41512_length_3881_cov_4.449233	2740	2873	23	2	133	0.0150376
NODE_41512_length_3881_cov_4.449233	2740	2873	24	6	133	0.0451128
NODE_41512_length_3881_cov_4.449233	2740	2873	27	2	133	0.0150376
NODE_41512_length_3881_cov_4.449233	2740	2873	28	4	133	0.0300752
NODE_41512_length_3881_cov_4.449233	2740	2873	29	4	133	0.0300752
NODE_41512_length_3881_cov_4.449233	2740	2873	30	23	133	0.1729323
NODE_41512_length_3881_cov_4.449233	2740	2873	31	19	133	0.1428571
NODE_41512_length_3881_cov_4.449233	2740	2873	32	4	133	0.0300752
NODE_41512_length_3881_cov_4.449233	2740	2873	33	8	133	0.0601504
NODE_41512_length_3881_cov_4.449233	2740	2873	34	27	133	0.2030075
NODE_41512_length_3881_cov_4.449233	2740	2873	35	7	133	0.0526316
NODE_41512_length_3881_cov_4.449233	2740	2873	36	7	133	0.0526316
NODE_41512_length_3881_cov_4.449233	2740	2873	37	6	133	0.0451128
NODE_4152_length_9979_cov_4.074089	2301	2434	7	19	133	0.1428571
NODE_4152_length_9979_cov_4.074089	2301	2434	8	10	133	0.0751880
NODE_4152_length_9979_cov_4.074089	2301	2434	9	43	133	0.3233083
NODE_4152_length_9979_cov_4.074089	2301	2434	10	37	133	0.2781955
NODE_4152_length_9979_cov_4.074089	2301	2434	11	24	133	0.1804511
NODE_41537_length_3880_cov_3.667019	2240	2373	6	17	133	0.1278196
NODE_41537_length_3880_cov_3.667019	2240	2373	7	41	133	0.3082707
NODE_41537_length_3880_cov_3.667019	2240	2373	8	20	133	0.1503759
NODE_41537_length_3880_cov_3.667019	2240	2373	9	20	133	0.1503759
NODE_41537_length_3880_cov_3.667019	2240	2373	10	20	133	0.1503759
NODE_41537_length_3880_cov_3.667019	2240	2373	11	15	133	0.1127820
NODE_41544_length_3879_cov_5.223016	771	904	15	1	133	0.0075188
NODE_41544_length_3879_cov_5.223016	771	904	16	5	133	0.0375940
NODE_41544_length_3879_cov_5.223016	771	904	17	3	133	0.0225564
NODE_41544_length_3879_cov_5.223016	771	904	19	1	133	0.0075188
NODE_41544_length_3879_cov_5.223016	771	904	20	1	133	0.0075188
NODE_41544_length_3879_cov_5.223016	771	904	22	9	133	0.0676692
NODE_41544_length_3879_cov_5.223016	771	904	24	49	133	0.3684210
NODE_41544_length_3879_cov_5.223016	771	904	26	24	133	0.1804511
NODE_41544_length_3879_cov_5.223016	771	904	27	17	133	0.1278196
NODE_41544_length_3879_cov_5.223016	771	904	28	7	133	0.0526316
NODE_41544_length_3879_cov_5.223016	771	904	29	5	133	0.0375940
NODE_41544_length_3879_cov_5.223016	771	904	30	6	133	0.0451128
NODE_41544_length_3879_cov_5.223016	771	904	31	5	133	0.0375940
NODE_4157_length_9977_cov_4.296922	5522	5655	10	1	133	0.0075188
NODE_4157_length_9977_cov_4.296922	5522	5655	11	14	133	0.1052632
NODE_4157_length_9977_cov_4.296922	5522	5655	12	26	133	0.1954887
NODE_4157_length_9977_cov_4.296922	5522	5655	13	53	133	0.3984962
NODE_4157_length_9977_cov_4.296922	5522	5655	14	36	133	0.2706767
NODE_4157_length_9977_cov_4.296922	5522	5655	15	3	133	0.0225564
NODE_41581_length_3877_cov_5.705929	3362	3495	9	15	133	0.1127820
NODE_41581_length_3877_cov_5.705929	3362	3495	10	2	133	0.0150376
NODE_41581_length_3877_cov_5.705929	3362	3495	11	5	133	0.0375940
NODE_41581_length_3877_cov_5.705929	3362	3495	12	61	133	0.4586466
NODE_41581_length_3877_cov_5.705929	3362	3495	13	35	133	0.2631579
NODE_41581_length_3877_cov_5.705929	3362	3495	14	14	133	0.1052632
NODE_41581_length_3877_cov_5.705929	3362	3495	15	1	133	0.0075188
NODE_415927_length_422_cov_3.538700	198	331	9	4	133	0.0300752
NODE_415927_length_422_cov_3.538700	198	331	10	7	133	0.0526316
NODE_415927_length_422_cov_3.538700	198	331	11	9	133	0.0676692
NODE_415927_length_422_cov_3.538700	198	331	12	10	133	0.0751880
NODE_415927_length_422_cov_3.538700	198	331	13	19	133	0.1428571
NODE_415927_length_422_cov_3.538700	198	331	14	53	133	0.3984962
NODE_415927_length_422_cov_3.538700	198	331	15	16	133	0.1203008
NODE_415927_length_422_cov_3.538700	198	331	16	11	133	0.0827068
NODE_415927_length_422_cov_3.538700	198	331	17	4	133	0.0300752
NODE_416133_length_422_cov_2.312693	0	133	2	24	133	0.1804511
NODE_416133_length_422_cov_2.312693	0	133	3	15	133	0.1127820
NODE_416133_length_422_cov_2.312693	0	133	5	59	133	0.4436090
NODE_416133_length_422_cov_2.312693	0	133	6	35	133	0.2631579
NODE_4163_length_9975_cov_3.762151	355	488	18	1	133	0.0075188
NODE_4163_length_9975_cov_3.762151	355	488	19	5	133	0.0375940
NODE_4163_length_9975_cov_3.762151	355	488	20	5	133	0.0375940
NODE_4163_length_9975_cov_3.762151	355	488	22	11	133	0.0827068
NODE_4163_length_9975_cov_3.762151	355	488	23	1	133	0.0075188
NODE_4163_length_9975_cov_3.762151	355	488	24	5	133	0.0375940
NODE_4163_length_9975_cov_3.762151	355	488	25	44	133	0.3308271
NODE_4163_length_9975_cov_3.762151	355	488	26	14	133	0.1052632
NODE_4163_length_9975_cov_3.762151	355	488	27	20	133	0.1503759
NODE_4163_length_9975_cov_3.762151	355	488	28	22	133	0.1654135
NODE_4163_length_9975_cov_3.762151	355	488	29	1	133	0.0075188
NODE_4163_length_9975_cov_3.762151	355	488	30	4	133	0.0300752
NODE_41652_length_3874_cov_4.634967	2113	2246	10	5	133	0.0375940
NODE_41652_length_3874_cov_4.634967	2113	2246	11	18	133	0.1353384
NODE_41652_length_3874_cov_4.634967	2113	2246	12	10	133	0.0751880
NODE_41652_length_3874_cov_4.634967	2113	2246	13	10	133	0.0751880
NODE_41652_length_3874_cov_4.634967	2113	2246	15	2	133	0.0150376
NODE_41652_length_3874_cov_4.634967	2113	2246	16	4	133	0.0300752
NODE_41652_length_3874_cov_4.634967	2113	2246	17	2	133	0.0150376
NODE_41652_length_3874_cov_4.634967	2113	2246	19	3	133	0.0225564
NODE_41652_length_3874_cov_4.634967	2113	2246	20	14	133	0.1052632
NODE_41652_length_3874_cov_4.634967	2113	2246	21	16	133	0.1203008
NODE_41652_length_3874_cov_4.634967	2113	2246	22	20	133	0.1503759
NODE_41652_length_3874_cov_4.634967	2113	2246	23	22	133	0.1654135
NODE_41652_length_3874_cov_4.634967	2113	2246	24	7	133	0.0526316
NODE_4170_length_9968_cov_4.558314	3055	3188	16	6	133	0.0451128
NODE_4170_length_9968_cov_4.558314	3055	3188	18	2	133	0.0150376
NODE_4170_length_9968_cov_4.558314	3055	3188	19	6	133	0.0451128
NODE_4170_length_9968_cov_4.558314	3055	3188	20	10	133	0.0751880
NODE_4170_length_9968_cov_4.558314	3055	3188	21	19	133	0.1428571
NODE_4170_length_9968_cov_4.558314	3055	3188	22	5	133	0.0375940
NODE_4170_length_9968_cov_4.558314	3055	3188	23	19	133	0.1428571
NODE_4170_length_9968_cov_4.558314	3055	3188	24	33	133	0.2481203
NODE_4170_length_9968_cov_4.558314	3055	3188	25	10	133	0.0751880
NODE_4170_length_9968_cov_4.558314	3055	3188	26	7	133	0.0526316
NODE_4170_length_9968_cov_4.558314	3055	3188	27	7	133	0.0526316
NODE_4170_length_9968_cov_4.558314	3055	3188	28	9	133	0.0676692
NODE_41747_length_3870_cov_4.435163	3129	3262	15	5	133	0.0375940
NODE_41747_length_3870_cov_4.435163	3129	3262	16	1	133	0.0075188
NODE_41747_length_3870_cov_4.435163	3129	3262	17	5	133	0.0375940
NODE_41747_length_3870_cov_4.435163	3129	3262	18	8	133	0.0601504
NODE_41747_length_3870_cov_4.435163	3129	3262	20	4	133	0.0300752
NODE_41747_length_3870_cov_4.435163	3129	3262	21	13	133	0.0977444
NODE_41747_length_3870_cov_4.435163	3129	3262	22	4	133	0.0300752
NODE_41747_length_3870_cov_4.435163	3129	3262	23	17	133	0.1278196
NODE_41747_length_3870_cov_4.435163	3129	3262	24	8	133	0.0601504
NODE_41747_length_3870_cov_4.435163	3129	3262	25	6	133	0.0451128
NODE_41747_length_3870_cov_4.435163	3129	3262	26	24	133	0.1804511
NODE_41747_length_3870_cov_4.435163	3129	3262	27	32	133	0.2406015
NODE_41747_length_3870_cov_4.435163	3129	3262	28	6	133	0.0451128
NODE_41749_length_3870_cov_4.143198	1477	1610	8	29	133	0.2180451
NODE_41749_length_3870_cov_4.143198	1477	1610	10	3	133	0.0225564
NODE_41749_length_3870_cov_4.143198	1477	1610	11	2	133	0.0150376
NODE_41749_length_3870_cov_4.143198	1477	1610	13	3	133	0.0225564
NODE_41749_length_3870_cov_4.143198	1477	1610	18	8	133	0.0601504
NODE_41749_length_3870_cov_4.143198	1477	1610	19	3	133	0.0225564
NODE_41749_length_3870_cov_4.143198	1477	1610	20	7	133	0.0526316
NODE_41749_length_3870_cov_4.143198	1477	1610	21	23	133	0.1729323
NODE_41749_length_3870_cov_4.143198	1477	1610	22	28	133	0.2105263
NODE_41749_length_3870_cov_4.143198	1477	1610	23	27	133	0.2030075
NODE_41805_length_3867_cov_4.699045	2254	2387	7	25	133	0.1879699
NODE_41805_length_3867_cov_4.699045	2254	2387	8	6	133	0.0451128
NODE_41805_length_3867_cov_4.699045	2254	2387	9	11	133	0.0827068
NODE_41805_length_3867_cov_4.699045	2254	2387	10	34	133	0.2556391
NODE_41805_length_3867_cov_4.699045	2254	2387	11	19	133	0.1428571
NODE_41805_length_3867_cov_4.699045	2254	2387	12	15	133	0.1127820
NODE_41805_length_3867_cov_4.699045	2254	2387	13	3	133	0.0225564
NODE_41805_length_3867_cov_4.699045	2254	2387	14	12	133	0.0902256
NODE_41805_length_3867_cov_4.699045	2254	2387	15	8	133	0.0601504
NODE_41808_length_3867_cov_4.394374	710	843	9	5	133	0.0375940
NODE_41808_length_3867_cov_4.394374	710	843	10	35	133	0.2631579
NODE_41808_length_3867_cov_4.394374	710	843	11	21	133	0.1578947
NODE_41808_length_3867_cov_4.394374	710	843	12	32	133	0.2406015
NODE_41808_length_3867_cov_4.394374	710	843	13	16	133	0.1203008
NODE_41808_length_3867_cov_4.394374	710	843	14	18	133	0.1353384
NODE_41808_length_3867_cov_4.394374	710	843	15	2	133	0.0150376
NODE_41808_length_3867_cov_4.394374	710	843	17	4	133	0.0300752
NODE_4183_length_9960_cov_3.481087	5526	5659	15	7	133	0.0526316
NODE_4183_length_9960_cov_3.481087	5526	5659	16	12	133	0.0902256
NODE_4183_length_9960_cov_3.481087	5526	5659	17	5	133	0.0375940
NODE_4183_length_9960_cov_3.481087	5526	5659	18	33	133	0.2481203
NODE_4183_length_9960_cov_3.481087	5526	5659	19	2	133	0.0150376
NODE_4183_length_9960_cov_3.481087	5526	5659	20	1	133	0.0075188
NODE_4183_length_9960_cov_3.481087	5526	5659	21	11	133	0.0827068
NODE_4183_length_9960_cov_3.481087	5526	5659	22	12	133	0.0902256
NODE_4183_length_9960_cov_3.481087	5526	5659	23	8	133	0.0601504
NODE_4183_length_9960_cov_3.481087	5526	5659	24	3	133	0.0225564
NODE_4183_length_9960_cov_3.481087	5526	5659	25	33	133	0.2481203
NODE_4183_length_9960_cov_3.481087	5526	5659	26	6	133	0.0451128
NODE_41840_length_3866_cov_2.810725	419	552	3	8	133	0.0601504
NODE_41840_length_3866_cov_2.810725	419	552	4	46	133	0.3458647
NODE_41840_length_3866_cov_2.810725	419	552	5	79	133	0.5939850
NODE_41922_length_3861_cov_4.341574	28	161	6	10	133	0.0751880
NODE_41922_length_3861_cov_4.341574	28	161	7	2	133	0.0150376
NODE_41922_length_3861_cov_4.341574	28	161	8	5	133	0.0375940
NODE_41922_length_3861_cov_4.341574	28	161	9	33	133	0.2481203
NODE_41922_length_3861_cov_4.341574	28	161	10	41	133	0.3082707
NODE_41922_length_3861_cov_4.341574	28	161	11	42	133	0.3157895
NODE_41940_length_3859_cov_6.406383	2898	3031	3	35	133	0.2631579
NODE_41940_length_3859_cov_6.406383	2898	3031	4	3	133	0.0225564
NODE_41940_length_3859_cov_6.406383	2898	3031	6	27	133	0.2030075
NODE_41940_length_3859_cov_6.406383	2898	3031	7	29	133	0.2180451
NODE_41940_length_3859_cov_6.406383	2898	3031	8	24	133	0.1804511
NODE_41940_length_3859_cov_6.406383	2898	3031	9	5	133	0.0375940
NODE_41940_length_3859_cov_6.406383	2898	3031	10	9	133	0.0676692
NODE_41940_length_3859_cov_6.406383	2898	3031	11	1	133	0.0075188
NODE_41944_length_3859_cov_5.049468	2564	2697	8	5	133	0.0375940
NODE_41944_length_3859_cov_5.049468	2564	2697	9	10	133	0.0751880
NODE_41944_length_3859_cov_5.049468	2564	2697	10	16	133	0.1203008
NODE_41944_length_3859_cov_5.049468	2564	2697	11	55	133	0.4135338
NODE_41944_length_3859_cov_5.049468	2564	2697	12	14	133	0.1052632
NODE_41944_length_3859_cov_5.049468	2564	2697	13	26	133	0.1954887
NODE_41944_length_3859_cov_5.049468	2564	2697	14	7	133	0.0526316
NODE_4199_length_9951_cov_4.353532	7366	7499	5	9	133	0.0676692
NODE_4199_length_9951_cov_4.353532	7366	7499	6	25	133	0.1879699
NODE_4199_length_9951_cov_4.353532	7366	7499	7	10	133	0.0751880
NODE_4199_length_9951_cov_4.353532	7366	7499	8	44	133	0.3308271
NODE_4199_length_9951_cov_4.353532	7366	7499	9	45	133	0.3383459
NODE_419_length_18445_cov_5.118936	3482	3615	1	4	133	0.0300752
NODE_419_length_18445_cov_5.118936	3482	3615	2	87	133	0.6541353
NODE_419_length_18445_cov_5.118936	3482	3615	3	26	133	0.1954887
NODE_419_length_18445_cov_5.118936	3482	3615	4	16	133	0.1203008
NODE_41_length_29035_cov_5.094035	21741	21874	25	4	133	0.0300752
NODE_41_length_29035_cov_5.094035	21741	21874	26	15	133	0.1127820
NODE_41_length_29035_cov_5.094035	21741	21874	27	1	133	0.0075188
NODE_41_length_29035_cov_5.094035	21741	21874	28	11	133	0.0827068
NODE_41_length_29035_cov_5.094035	21741	21874	29	13	133	0.0977444
NODE_41_length_29035_cov_5.094035	21741	21874	30	7	133	0.0526316
NODE_41_length_29035_cov_5.094035	21741	21874	31	17	133	0.1278196
NODE_41_length_29035_cov_5.094035	21741	21874	32	8	133	0.0601504
NODE_41_length_29035_cov_5.094035	21741	21874	33	2	133	0.0150376
NODE_41_length_29035_cov_5.094035	21741	21874	34	1	133	0.0075188
NODE_41_length_29035_cov_5.094035	21741	21874	35	5	133	0.0375940
NODE_41_length_29035_cov_5.094035	21741	21874	36	17	133	0.1278196
NODE_41_length_29035_cov_5.094035	21741	21874	37	19	133	0.1428571
NODE_41_length_29035_cov_5.094035	21741	21874	38	3	133	0.0225564
NODE_41_length_29035_cov_5.094035	21741	21874	39	10	133	0.0751880
NODE_42008_length_3856_cov_3.918818	2422	2555	9	4	133	0.0300752
NODE_42008_length_3856_cov_3.918818	2422	2555	10	4	133	0.0300752
NODE_42008_length_3856_cov_3.918818	2422	2555	12	2	133	0.0150376
NODE_42008_length_3856_cov_3.918818	2422	2555	14	3	133	0.0225564
NODE_42008_length_3856_cov_3.918818	2422	2555	15	29	133	0.2180451
NODE_42008_length_3856_cov_3.918818	2422	2555	16	44	133	0.3308271
NODE_42008_length_3856_cov_3.918818	2422	2555	17	34	133	0.2556391
NODE_42008_length_3856_cov_3.918818	2422	2555	18	9	133	0.0676692
NODE_42008_length_3856_cov_3.918818	2422	2555	19	4	133	0.0300752
NODE_42014_length_3856_cov_3.418419	1606	1739	17	9	133	0.0676692
NODE_42014_length_3856_cov_3.418419	1606	1739	18	3	133	0.0225564
NODE_42014_length_3856_cov_3.418419	1606	1739	19	7	133	0.0526316
NODE_42014_length_3856_cov_3.418419	1606	1739	20	16	133	0.1203008
NODE_42014_length_3856_cov_3.418419	1606	1739	21	21	133	0.1578947
NODE_42014_length_3856_cov_3.418419	1606	1739	22	2	133	0.0150376
NODE_42014_length_3856_cov_3.418419	1606	1739	23	2	133	0.0150376
NODE_42014_length_3856_cov_3.418419	1606	1739	24	9	133	0.0676692
NODE_42014_length_3856_cov_3.418419	1606	1739	25	6	133	0.0451128
NODE_42014_length_3856_cov_3.418419	1606	1739	26	7	133	0.0526316
NODE_42014_length_3856_cov_3.418419	1606	1739	27	6	133	0.0451128
NODE_42014_length_3856_cov_3.418419	1606	1739	29	25	133	0.1879699
NODE_42014_length_3856_cov_3.418419	1606	1739	30	13	133	0.0977444
NODE_42014_length_3856_cov_3.418419	1606	1739	31	7	133	0.0526316
NODE_42022_length_3855_cov_4.538871	3403	3536	6	23	133	0.1729323
NODE_42022_length_3855_cov_4.538871	3403	3536	7	9	133	0.0676692
NODE_42022_length_3855_cov_4.538871	3403	3536	8	3	133	0.0225564
NODE_42022_length_3855_cov_4.538871	3403	3536	9	36	133	0.2706767
NODE_42022_length_3855_cov_4.538871	3403	3536	10	16	133	0.1203008
NODE_42022_length_3855_cov_4.538871	3403	3536	11	24	133	0.1804511
NODE_42022_length_3855_cov_4.538871	3403	3536	12	15	133	0.1127820
NODE_42022_length_3855_cov_4.538871	3403	3536	14	7	133	0.0526316
NODE_4203_length_9949_cov_4.661320	1124	1257	11	4	133	0.0300752
NODE_4203_length_9949_cov_4.661320	1124	1257	12	38	133	0.2857143
NODE_4203_length_9949_cov_4.661320	1124	1257	13	12	133	0.0902256
NODE_4203_length_9949_cov_4.661320	1124	1257	14	4	133	0.0300752
NODE_4203_length_9949_cov_4.661320	1124	1257	15	1	133	0.0075188
NODE_4203_length_9949_cov_4.661320	1124	1257	16	3	133	0.0225564
NODE_4203_length_9949_cov_4.661320	1124	1257	17	19	133	0.1428571
NODE_4203_length_9949_cov_4.661320	1124	1257	18	14	133	0.1052632
NODE_4203_length_9949_cov_4.661320	1124	1257	19	21	133	0.1578947
NODE_4203_length_9949_cov_4.661320	1124	1257	20	2	133	0.0150376
NODE_4203_length_9949_cov_4.661320	1124	1257	21	2	133	0.0150376
NODE_4203_length_9949_cov_4.661320	1124	1257	22	13	133	0.0977444
NODE_420462_length_414_cov_2.415873	121	254	20	12	133	0.0902256
NODE_420462_length_414_cov_2.415873	121	254	21	2	133	0.0150376
NODE_420462_length_414_cov_2.415873	121	254	22	2	133	0.0150376
NODE_420462_length_414_cov_2.415873	121	254	23	9	133	0.0676692
NODE_420462_length_414_cov_2.415873	121	254	24	2	133	0.0150376
NODE_420462_length_414_cov_2.415873	121	254	25	4	133	0.0300752
NODE_420462_length_414_cov_2.415873	121	254	26	15	133	0.1127820
NODE_420462_length_414_cov_2.415873	121	254	27	6	133	0.0451128
NODE_420462_length_414_cov_2.415873	121	254	28	12	133	0.0902256
NODE_420462_length_414_cov_2.415873	121	254	29	16	133	0.1203008
NODE_420462_length_414_cov_2.415873	121	254	30	7	133	0.0526316
NODE_420462_length_414_cov_2.415873	121	254	31	4	133	0.0300752
NODE_420462_length_414_cov_2.415873	121	254	32	24	133	0.1804511
NODE_420462_length_414_cov_2.415873	121	254	33	9	133	0.0676692
NODE_420462_length_414_cov_2.415873	121	254	34	7	133	0.0526316
NODE_420462_length_414_cov_2.415873	121	254	35	2	133	0.0150376
NODE_420558_length_414_cov_2.041270	128	261	3	44	133	0.3308271
NODE_420558_length_414_cov_2.041270	128	261	6	3	133	0.0225564
NODE_420558_length_414_cov_2.041270	128	261	7	7	133	0.0526316
NODE_420558_length_414_cov_2.041270	128	261	9	8	133	0.0601504
NODE_420558_length_414_cov_2.041270	128	261	10	23	133	0.1729323
NODE_420558_length_414_cov_2.041270	128	261	11	36	133	0.2706767
NODE_420558_length_414_cov_2.041270	128	261	12	12	133	0.0902256
NODE_420810_length_413_cov_3.474522	101	234	12	18	133	0.1353384
NODE_420810_length_413_cov_3.474522	101	234	13	2	133	0.0150376
NODE_420810_length_413_cov_3.474522	101	234	14	1	133	0.0075188
NODE_420810_length_413_cov_3.474522	101	234	15	1	133	0.0075188
NODE_420810_length_413_cov_3.474522	101	234	16	5	133	0.0375940
NODE_420810_length_413_cov_3.474522	101	234	17	3	133	0.0225564
NODE_420810_length_413_cov_3.474522	101	234	18	6	133	0.0451128
NODE_420810_length_413_cov_3.474522	101	234	19	7	133	0.0526316
NODE_420810_length_413_cov_3.474522	101	234	20	10	133	0.0751880
NODE_420810_length_413_cov_3.474522	101	234	21	11	133	0.0827068
NODE_420810_length_413_cov_3.474522	101	234	22	4	133	0.0300752
NODE_420810_length_413_cov_3.474522	101	234	23	13	133	0.0977444
NODE_420810_length_413_cov_3.474522	101	234	24	1	133	0.0075188
NODE_420810_length_413_cov_3.474522	101	234	25	10	133	0.0751880
NODE_420810_length_413_cov_3.474522	101	234	26	24	133	0.1804511
NODE_420810_length_413_cov_3.474522	101	234	27	10	133	0.0751880
NODE_420810_length_413_cov_3.474522	101	234	28	7	133	0.0526316
NODE_42093_length_3851_cov_40.994670	1629	1762	4	22	133	0.1654135
NODE_42093_length_3851_cov_40.994670	1629	1762	5	90	133	0.6766917
NODE_42093_length_3851_cov_40.994670	1629	1762	7	21	133	0.1578947
NODE_4211_length_9940_cov_4.587135	562	695	6	16	133	0.1203008
NODE_4211_length_9940_cov_4.587135	562	695	7	9	133	0.0676692
NODE_4211_length_9940_cov_4.587135	562	695	8	7	133	0.0526316
NODE_4211_length_9940_cov_4.587135	562	695	11	9	133	0.0676692
NODE_4211_length_9940_cov_4.587135	562	695	12	9	133	0.0676692
NODE_4211_length_9940_cov_4.587135	562	695	13	6	133	0.0451128
NODE_4211_length_9940_cov_4.587135	562	695	14	17	133	0.1278196
NODE_4211_length_9940_cov_4.587135	562	695	15	17	133	0.1278196
NODE_4211_length_9940_cov_4.587135	562	695	16	43	133	0.3233083
NODE_42187_length_3846_cov_4.954630	1494	1627	11	4	133	0.0300752
NODE_42187_length_3846_cov_4.954630	1494	1627	12	1	133	0.0075188
NODE_42187_length_3846_cov_4.954630	1494	1627	13	4	133	0.0300752
NODE_42187_length_3846_cov_4.954630	1494	1627	14	1	133	0.0075188
NODE_42187_length_3846_cov_4.954630	1494	1627	15	5	133	0.0375940
NODE_42187_length_3846_cov_4.954630	1494	1627	16	8	133	0.0601504
NODE_42187_length_3846_cov_4.954630	1494	1627	17	8	133	0.0601504
NODE_42187_length_3846_cov_4.954630	1494	1627	18	12	133	0.0902256
NODE_42187_length_3846_cov_4.954630	1494	1627	19	2	133	0.0150376
NODE_42187_length_3846_cov_4.954630	1494	1627	22	10	133	0.0751880
NODE_42187_length_3846_cov_4.954630	1494	1627	25	3	133	0.0225564
NODE_42187_length_3846_cov_4.954630	1494	1627	26	33	133	0.2481203
NODE_42187_length_3846_cov_4.954630	1494	1627	27	26	133	0.1954887
NODE_42187_length_3846_cov_4.954630	1494	1627	28	16	133	0.1203008
NODE_42238_length_3844_cov_4.123364	1514	1647	4	4	133	0.0300752
NODE_42238_length_3844_cov_4.123364	1514	1647	5	12	133	0.0902256
NODE_42238_length_3844_cov_4.123364	1514	1647	6	11	133	0.0827068
NODE_42238_length_3844_cov_4.123364	1514	1647	8	10	133	0.0751880
NODE_42238_length_3844_cov_4.123364	1514	1647	10	4	133	0.0300752
NODE_42238_length_3844_cov_4.123364	1514	1647	11	1	133	0.0075188
NODE_42238_length_3844_cov_4.123364	1514	1647	12	6	133	0.0451128
NODE_42238_length_3844_cov_4.123364	1514	1647	14	3	133	0.0225564
NODE_42238_length_3844_cov_4.123364	1514	1647	15	8	133	0.0601504
NODE_42238_length_3844_cov_4.123364	1514	1647	16	2	133	0.0150376
NODE_42238_length_3844_cov_4.123364	1514	1647	17	6	133	0.0451128
NODE_42238_length_3844_cov_4.123364	1514	1647	18	3	133	0.0225564
NODE_42238_length_3844_cov_4.123364	1514	1647	20	33	133	0.2481203
NODE_42238_length_3844_cov_4.123364	1514	1647	21	5	133	0.0375940
NODE_42238_length_3844_cov_4.123364	1514	1647	22	25	133	0.1879699
NODE_42280_length_3841_cov_5.197755	3547	3680	7	4	133	0.0300752
NODE_42280_length_3841_cov_5.197755	3547	3680	8	7	133	0.0526316
NODE_42280_length_3841_cov_5.197755	3547	3680	9	7	133	0.0526316
NODE_42280_length_3841_cov_5.197755	3547	3680	10	26	133	0.1954887
NODE_42280_length_3841_cov_5.197755	3547	3680	12	10	133	0.0751880
NODE_42280_length_3841_cov_5.197755	3547	3680	13	31	133	0.2330827
NODE_42280_length_3841_cov_5.197755	3547	3680	14	25	133	0.1879699
NODE_42280_length_3841_cov_5.197755	3547	3680	15	3	133	0.0225564
NODE_42280_length_3841_cov_5.197755	3547	3680	16	11	133	0.0827068
NODE_42280_length_3841_cov_5.197755	3547	3680	17	9	133	0.0676692
NODE_42352_length_3838_cov_3.479273	636	769	66	1	133	0.0075188
NODE_42352_length_3838_cov_3.479273	636	769	67	6	133	0.0451128
NODE_42352_length_3838_cov_3.479273	636	769	68	2	133	0.0150376
NODE_42352_length_3838_cov_3.479273	636	769	73	1	133	0.0075188
NODE_42352_length_3838_cov_3.479273	636	769	75	1	133	0.0075188
NODE_42352_length_3838_cov_3.479273	636	769	77	6	133	0.0451128
NODE_42352_length_3838_cov_3.479273	636	769	78	2	133	0.0150376
NODE_42352_length_3838_cov_3.479273	636	769	79	1	133	0.0075188
NODE_42352_length_3838_cov_3.479273	636	769	80	7	133	0.0526316
NODE_42352_length_3838_cov_3.479273	636	769	81	4	133	0.0300752
NODE_42352_length_3838_cov_3.479273	636	769	82	7	133	0.0526316
NODE_42352_length_3838_cov_3.479273	636	769	83	5	133	0.0375940
NODE_42352_length_3838_cov_3.479273	636	769	84	3	133	0.0225564
NODE_42352_length_3838_cov_3.479273	636	769	85	17	133	0.1278196
NODE_42352_length_3838_cov_3.479273	636	769	86	15	133	0.1127820
NODE_42352_length_3838_cov_3.479273	636	769	87	14	133	0.1052632
NODE_42352_length_3838_cov_3.479273	636	769	88	7	133	0.0526316
NODE_42352_length_3838_cov_3.479273	636	769	89	17	133	0.1278196
NODE_42352_length_3838_cov_3.479273	636	769	90	17	133	0.1278196
NODE_42390_length_3836_cov_4.087236	1664	1797	4	14	133	0.1052632
NODE_42390_length_3836_cov_4.087236	1664	1797	5	19	133	0.1428571
NODE_42390_length_3836_cov_4.087236	1664	1797	6	60	133	0.4511278
NODE_42390_length_3836_cov_4.087236	1664	1797	7	9	133	0.0676692
NODE_42390_length_3836_cov_4.087236	1664	1797	8	13	133	0.0977444
NODE_42390_length_3836_cov_4.087236	1664	1797	9	18	133	0.1353384
NODE_42402_length_3835_cov_4.493576	725	858	13	2	133	0.0150376
NODE_42402_length_3835_cov_4.493576	725	858	14	23	133	0.1729323
NODE_42402_length_3835_cov_4.493576	725	858	15	28	133	0.2105263
NODE_42402_length_3835_cov_4.493576	725	858	16	2	133	0.0150376
NODE_42402_length_3835_cov_4.493576	725	858	17	22	133	0.1654135
NODE_42402_length_3835_cov_4.493576	725	858	18	21	133	0.1578947
NODE_42402_length_3835_cov_4.493576	725	858	19	23	133	0.1729323
NODE_42402_length_3835_cov_4.493576	725	858	20	3	133	0.0225564
NODE_42402_length_3835_cov_4.493576	725	858	21	9	133	0.0676692
NODE_42405_length_3835_cov_4.229925	2724	2857	0	9	133	0.0676692
NODE_42405_length_3835_cov_4.229925	2724	2857	1	38	133	0.2857143
NODE_42405_length_3835_cov_4.229925	2724	2857	2	86	133	0.6466165
NODE_42409_length_3835_cov_3.879818	1071	1204	1	14	133	0.1052632
NODE_42409_length_3835_cov_3.879818	1071	1204	2	20	133	0.1503759
NODE_42409_length_3835_cov_3.879818	1071	1204	3	6	133	0.0451128
NODE_42409_length_3835_cov_3.879818	1071	1204	4	56	133	0.4210526
NODE_42409_length_3835_cov_3.879818	1071	1204	5	28	133	0.2105263
NODE_42409_length_3835_cov_3.879818	1071	1204	6	9	133	0.0676692
NODE_42410_length_3835_cov_3.488758	2464	2597	6	1	133	0.0075188
NODE_42410_length_3835_cov_3.488758	2464	2597	7	10	133	0.0751880
NODE_42410_length_3835_cov_3.488758	2464	2597	8	11	133	0.0827068
NODE_42410_length_3835_cov_3.488758	2464	2597	9	14	133	0.1052632
NODE_42410_length_3835_cov_3.488758	2464	2597	10	11	133	0.0827068
NODE_42410_length_3835_cov_3.488758	2464	2597	12	5	133	0.0375940
NODE_42410_length_3835_cov_3.488758	2464	2597	13	21	133	0.1578947
NODE_42410_length_3835_cov_3.488758	2464	2597	15	57	133	0.4285714
NODE_42410_length_3835_cov_3.488758	2464	2597	16	3	133	0.0225564
NODE_4242_length_9922_cov_3.759748	555	688	4	12	133	0.0902256
NODE_4242_length_9922_cov_3.759748	555	688	5	2	133	0.0150376
NODE_4242_length_9922_cov_3.759748	555	688	6	49	133	0.3684210
NODE_4242_length_9922_cov_3.759748	555	688	7	50	133	0.3759398
NODE_4242_length_9922_cov_3.759748	555	688	8	17	133	0.1278196
NODE_4242_length_9922_cov_3.759748	555	688	9	3	133	0.0225564
NODE_42480_length_3831_cov_4.449089	2712	2845	6	33	133	0.2481203
NODE_42480_length_3831_cov_4.449089	2712	2845	7	6	133	0.0451128
NODE_42480_length_3831_cov_4.449089	2712	2845	8	59	133	0.4436090
NODE_42480_length_3831_cov_4.449089	2712	2845	9	35	133	0.2631579
NODE_425335_length_405_cov_5.147059	205	338	40	2	133	0.0150376
NODE_425335_length_405_cov_5.147059	205	338	41	8	133	0.0601504
NODE_425335_length_405_cov_5.147059	205	338	42	2	133	0.0150376
NODE_425335_length_405_cov_5.147059	205	338	43	7	133	0.0526316
NODE_425335_length_405_cov_5.147059	205	338	44	4	133	0.0300752
NODE_425335_length_405_cov_5.147059	205	338	46	4	133	0.0300752
NODE_425335_length_405_cov_5.147059	205	338	47	4	133	0.0300752
NODE_425335_length_405_cov_5.147059	205	338	48	3	133	0.0225564
NODE_425335_length_405_cov_5.147059	205	338	49	2	133	0.0150376
NODE_425335_length_405_cov_5.147059	205	338	50	4	133	0.0300752
NODE_425335_length_405_cov_5.147059	205	338	51	1	133	0.0075188
NODE_425335_length_405_cov_5.147059	205	338	52	4	133	0.0300752
NODE_425335_length_405_cov_5.147059	205	338	53	2	133	0.0150376
NODE_425335_length_405_cov_5.147059	205	338	55	8	133	0.0601504
NODE_425335_length_405_cov_5.147059	205	338	56	11	133	0.0827068
NODE_425335_length_405_cov_5.147059	205	338	57	10	133	0.0751880
NODE_425335_length_405_cov_5.147059	205	338	58	4	133	0.0300752
NODE_425335_length_405_cov_5.147059	205	338	59	5	133	0.0375940
NODE_425335_length_405_cov_5.147059	205	338	60	1	133	0.0075188
NODE_425335_length_405_cov_5.147059	205	338	61	11	133	0.0827068
NODE_425335_length_405_cov_5.147059	205	338	62	2	133	0.0150376
NODE_425335_length_405_cov_5.147059	205	338	63	14	133	0.1052632
NODE_425335_length_405_cov_5.147059	205	338	64	3	133	0.0225564
NODE_425335_length_405_cov_5.147059	205	338	65	10	133	0.0751880
NODE_425335_length_405_cov_5.147059	205	338	66	1	133	0.0075188
NODE_425335_length_405_cov_5.147059	205	338	67	1	133	0.0075188
NODE_425335_length_405_cov_5.147059	205	338	69	5	133	0.0375940
NODE_425549_length_405_cov_2.584967	246	379	0	39	133	0.2932331
NODE_425549_length_405_cov_2.584967	246	379	1	27	133	0.2030075
NODE_425549_length_405_cov_2.584967	246	379	2	11	133	0.0827068
NODE_425549_length_405_cov_2.584967	246	379	5	2	133	0.0150376
NODE_425549_length_405_cov_2.584967	246	379	6	54	133	0.4060150
NODE_425624_length_405_cov_2.320261	223	356	1	117	133	0.8796992
NODE_425624_length_405_cov_2.320261	223	356	2	16	133	0.1203008
NODE_42655_length_3821_cov_4.589468	2119	2252	0	11	133	0.0827068
NODE_42655_length_3821_cov_4.589468	2119	2252	1	32	133	0.2406015
NODE_42655_length_3821_cov_4.589468	2119	2252	2	6	133	0.0451128
NODE_42655_length_3821_cov_4.589468	2119	2252	4	84	133	0.6315789
NODE_4266_length_9909_cov_4.203568	7940	8073	5	21	133	0.1578947
NODE_4266_length_9909_cov_4.203568	7940	8073	6	1	133	0.0075188
NODE_4266_length_9909_cov_4.203568	7940	8073	7	23	133	0.1729323
NODE_4266_length_9909_cov_4.203568	7940	8073	8	34	133	0.2556391
NODE_4266_length_9909_cov_4.203568	7940	8073	9	24	133	0.1804511
NODE_4266_length_9909_cov_4.203568	7940	8073	10	17	133	0.1278196
NODE_4266_length_9909_cov_4.203568	7940	8073	11	9	133	0.0676692
NODE_4266_length_9909_cov_4.203568	7940	8073	12	4	133	0.0300752
NODE_42701_length_3819_cov_4.002957	3350	3483	0	19	133	0.1428571
NODE_42701_length_3819_cov_4.002957	3350	3483	2	32	133	0.2406015
NODE_42701_length_3819_cov_4.002957	3350	3483	4	82	133	0.6165413
NODE_4274_length_9903_cov_15.927071	3063	3196	9	1	133	0.0075188
NODE_4274_length_9903_cov_15.927071	3063	3196	11	33	133	0.2481203
NODE_4274_length_9903_cov_15.927071	3063	3196	12	34	133	0.2556391
NODE_4274_length_9903_cov_15.927071	3063	3196	13	6	133	0.0451128
NODE_4274_length_9903_cov_15.927071	3063	3196	15	3	133	0.0225564
NODE_4274_length_9903_cov_15.927071	3063	3196	18	1	133	0.0075188
NODE_4274_length_9903_cov_15.927071	3063	3196	19	3	133	0.0225564
NODE_4274_length_9903_cov_15.927071	3063	3196	20	4	133	0.0300752
NODE_4274_length_9903_cov_15.927071	3063	3196	21	1	133	0.0075188
NODE_4274_length_9903_cov_15.927071	3063	3196	22	5	133	0.0375940
NODE_4274_length_9903_cov_15.927071	3063	3196	23	3	133	0.0225564
NODE_4274_length_9903_cov_15.927071	3063	3196	24	1	133	0.0075188
NODE_4274_length_9903_cov_15.927071	3063	3196	25	3	133	0.0225564
NODE_4274_length_9903_cov_15.927071	3063	3196	26	6	133	0.0451128
NODE_4274_length_9903_cov_15.927071	3063	3196	27	6	133	0.0451128
NODE_4274_length_9903_cov_15.927071	3063	3196	28	4	133	0.0300752
NODE_4274_length_9903_cov_15.927071	3063	3196	30	5	133	0.0375940
NODE_4274_length_9903_cov_15.927071	3063	3196	32	2	133	0.0150376
NODE_4274_length_9903_cov_15.927071	3063	3196	33	10	133	0.0751880
NODE_4274_length_9903_cov_15.927071	3063	3196	35	2	133	0.0150376
NODE_42769_length_3816_cov_3.698682	1813	1946	13	9	133	0.0676692
NODE_42769_length_3816_cov_3.698682	1813	1946	14	1	133	0.0075188
NODE_42769_length_3816_cov_3.698682	1813	1946	16	7	133	0.0526316
NODE_42769_length_3816_cov_3.698682	1813	1946	17	10	133	0.0751880
NODE_42769_length_3816_cov_3.698682	1813	1946	18	6	133	0.0451128
NODE_42769_length_3816_cov_3.698682	1813	1946	19	3	133	0.0225564
NODE_42769_length_3816_cov_3.698682	1813	1946	20	18	133	0.1353384
NODE_42769_length_3816_cov_3.698682	1813	1946	21	22	133	0.1654135
NODE_42769_length_3816_cov_3.698682	1813	1946	22	10	133	0.0751880
NODE_42769_length_3816_cov_3.698682	1813	1946	23	5	133	0.0375940
NODE_42769_length_3816_cov_3.698682	1813	1946	25	10	133	0.0751880
NODE_42769_length_3816_cov_3.698682	1813	1946	26	7	133	0.0526316
NODE_42769_length_3816_cov_3.698682	1813	1946	27	3	133	0.0225564
NODE_42769_length_3816_cov_3.698682	1813	1946	28	8	133	0.0601504
NODE_42769_length_3816_cov_3.698682	1813	1946	29	2	133	0.0150376
NODE_42769_length_3816_cov_3.698682	1813	1946	30	9	133	0.0676692
NODE_42769_length_3816_cov_3.698682	1813	1946	31	2	133	0.0150376
NODE_42769_length_3816_cov_3.698682	1813	1946	32	1	133	0.0075188
NODE_42793_length_3815_cov_3.448332	2231	2364	19	6	133	0.0451128
NODE_42793_length_3815_cov_3.448332	2231	2364	21	2	133	0.0150376
NODE_42793_length_3815_cov_3.448332	2231	2364	22	13	133	0.0977444
NODE_42793_length_3815_cov_3.448332	2231	2364	23	12	133	0.0902256
NODE_42793_length_3815_cov_3.448332	2231	2364	24	19	133	0.1428571
NODE_42793_length_3815_cov_3.448332	2231	2364	25	29	133	0.2180451
NODE_42793_length_3815_cov_3.448332	2231	2364	26	25	133	0.1879699
NODE_42793_length_3815_cov_3.448332	2231	2364	27	23	133	0.1729323
NODE_42793_length_3815_cov_3.448332	2231	2364	28	4	133	0.0300752
NODE_42802_length_3814_cov_4.498250	2295	2428	18	7	133	0.0526316
NODE_42802_length_3814_cov_4.498250	2295	2428	21	1	133	0.0075188
NODE_42802_length_3814_cov_4.498250	2295	2428	22	8	133	0.0601504
NODE_42802_length_3814_cov_4.498250	2295	2428	23	6	133	0.0451128
NODE_42802_length_3814_cov_4.498250	2295	2428	24	1	133	0.0075188
NODE_42802_length_3814_cov_4.498250	2295	2428	25	4	133	0.0300752
NODE_42802_length_3814_cov_4.498250	2295	2428	26	4	133	0.0300752
NODE_42802_length_3814_cov_4.498250	2295	2428	27	1	133	0.0075188
NODE_42802_length_3814_cov_4.498250	2295	2428	28	2	133	0.0150376
NODE_42802_length_3814_cov_4.498250	2295	2428	29	6	133	0.0451128
NODE_42802_length_3814_cov_4.498250	2295	2428	31	3	133	0.0225564
NODE_42802_length_3814_cov_4.498250	2295	2428	33	7	133	0.0526316
NODE_42802_length_3814_cov_4.498250	2295	2428	34	2	133	0.0150376
NODE_42802_length_3814_cov_4.498250	2295	2428	35	3	133	0.0225564
NODE_42802_length_3814_cov_4.498250	2295	2428	36	1	133	0.0075188
NODE_42802_length_3814_cov_4.498250	2295	2428	37	2	133	0.0150376
NODE_42802_length_3814_cov_4.498250	2295	2428	38	3	133	0.0225564
NODE_42802_length_3814_cov_4.498250	2295	2428	39	1	133	0.0075188
NODE_42802_length_3814_cov_4.498250	2295	2428	40	2	133	0.0150376
NODE_42802_length_3814_cov_4.498250	2295	2428	42	3	133	0.0225564
NODE_42802_length_3814_cov_4.498250	2295	2428	44	6	133	0.0451128
NODE_42802_length_3814_cov_4.498250	2295	2428	46	5	133	0.0375940
NODE_42802_length_3814_cov_4.498250	2295	2428	48	21	133	0.1578947
NODE_42802_length_3814_cov_4.498250	2295	2428	49	15	133	0.1127820
NODE_42802_length_3814_cov_4.498250	2295	2428	50	4	133	0.0300752
NODE_42802_length_3814_cov_4.498250	2295	2428	51	5	133	0.0375940
NODE_42802_length_3814_cov_4.498250	2295	2428	52	10	133	0.0751880
NODE_42825_length_3813_cov_7.697900	3401	3534	5	1	133	0.0075188
NODE_42825_length_3813_cov_7.697900	3401	3534	6	15	133	0.1127820
NODE_42825_length_3813_cov_7.697900	3401	3534	7	21	133	0.1578947
NODE_42825_length_3813_cov_7.697900	3401	3534	8	20	133	0.1503759
NODE_42825_length_3813_cov_7.697900	3401	3534	9	31	133	0.2330827
NODE_42825_length_3813_cov_7.697900	3401	3534	14	27	133	0.2030075
NODE_42825_length_3813_cov_7.697900	3401	3534	15	18	133	0.1353384
NODE_42848_length_3812_cov_4.481282	2351	2484	12	2	133	0.0150376
NODE_42848_length_3812_cov_4.481282	2351	2484	13	9	133	0.0676692
NODE_42848_length_3812_cov_4.481282	2351	2484	14	12	133	0.0902256
NODE_42848_length_3812_cov_4.481282	2351	2484	16	28	133	0.2105263
NODE_42848_length_3812_cov_4.481282	2351	2484	17	22	133	0.1654135
NODE_42848_length_3812_cov_4.481282	2351	2484	18	24	133	0.1804511
NODE_42848_length_3812_cov_4.481282	2351	2484	19	36	133	0.2706767
NODE_42866_length_3811_cov_5.669989	2567	2700	7	5	133	0.0375940
NODE_42866_length_3811_cov_5.669989	2567	2700	8	13	133	0.0977444
NODE_42866_length_3811_cov_5.669989	2567	2700	9	15	133	0.1127820
NODE_42866_length_3811_cov_5.669989	2567	2700	10	26	133	0.1954887
NODE_42866_length_3811_cov_5.669989	2567	2700	11	58	133	0.4360902
NODE_42866_length_3811_cov_5.669989	2567	2700	12	16	133	0.1203008
NODE_429060_length_399_cov_2.376667	292	425	0	133	133	1.0000000
NODE_4290_length_9891_cov_5.007761	7549	7682	37	6	133	0.0451128
NODE_4290_length_9891_cov_5.007761	7549	7682	38	1	133	0.0075188
NODE_4290_length_9891_cov_5.007761	7549	7682	39	2	133	0.0150376
NODE_4290_length_9891_cov_5.007761	7549	7682	40	1	133	0.0075188
NODE_4290_length_9891_cov_5.007761	7549	7682	42	5	133	0.0375940
NODE_4290_length_9891_cov_5.007761	7549	7682	44	6	133	0.0451128
NODE_4290_length_9891_cov_5.007761	7549	7682	45	6	133	0.0451128
NODE_4290_length_9891_cov_5.007761	7549	7682	46	14	133	0.1052632
NODE_4290_length_9891_cov_5.007761	7549	7682	47	14	133	0.1052632
NODE_4290_length_9891_cov_5.007761	7549	7682	48	4	133	0.0300752
NODE_4290_length_9891_cov_5.007761	7549	7682	49	2	133	0.0150376
NODE_4290_length_9891_cov_5.007761	7549	7682	50	12	133	0.0902256
NODE_4290_length_9891_cov_5.007761	7549	7682	51	5	133	0.0375940
NODE_4290_length_9891_cov_5.007761	7549	7682	52	3	133	0.0225564
NODE_4290_length_9891_cov_5.007761	7549	7682	53	1	133	0.0075188
NODE_4290_length_9891_cov_5.007761	7549	7682	54	18	133	0.1353384
NODE_4290_length_9891_cov_5.007761	7549	7682	55	15	133	0.1127820
NODE_4290_length_9891_cov_5.007761	7549	7682	56	12	133	0.0902256
NODE_4290_length_9891_cov_5.007761	7549	7682	57	1	133	0.0075188
NODE_4290_length_9891_cov_5.007761	7549	7682	58	2	133	0.0150376
NODE_4290_length_9891_cov_5.007761	7549	7682	59	1	133	0.0075188
NODE_4290_length_9891_cov_5.007761	7549	7682	60	2	133	0.0150376
NODE_42915_length_3810_cov_3.130154	473	606	13	1	133	0.0075188
NODE_42915_length_3810_cov_3.130154	473	606	14	9	133	0.0676692
NODE_42915_length_3810_cov_3.130154	473	606	15	5	133	0.0375940
NODE_42915_length_3810_cov_3.130154	473	606	16	2	133	0.0150376
NODE_42915_length_3810_cov_3.130154	473	606	18	7	133	0.0526316
NODE_42915_length_3810_cov_3.130154	473	606	19	2	133	0.0150376
NODE_42915_length_3810_cov_3.130154	473	606	21	1	133	0.0075188
NODE_42915_length_3810_cov_3.130154	473	606	22	1	133	0.0075188
NODE_42915_length_3810_cov_3.130154	473	606	23	2	133	0.0150376
NODE_42915_length_3810_cov_3.130154	473	606	25	5	133	0.0375940
NODE_42915_length_3810_cov_3.130154	473	606	26	1	133	0.0075188
NODE_42915_length_3810_cov_3.130154	473	606	27	6	133	0.0451128
NODE_42915_length_3810_cov_3.130154	473	606	28	3	133	0.0225564
NODE_42915_length_3810_cov_3.130154	473	606	29	1	133	0.0075188
NODE_42915_length_3810_cov_3.130154	473	606	30	1	133	0.0075188
NODE_42915_length_3810_cov_3.130154	473	606	31	6	133	0.0451128
NODE_42915_length_3810_cov_3.130154	473	606	32	6	133	0.0451128
NODE_42915_length_3810_cov_3.130154	473	606	34	5	133	0.0375940
NODE_42915_length_3810_cov_3.130154	473	606	35	12	133	0.0902256
NODE_42915_length_3810_cov_3.130154	473	606	36	31	133	0.2330827
NODE_42915_length_3810_cov_3.130154	473	606	37	7	133	0.0526316
NODE_42915_length_3810_cov_3.130154	473	606	38	19	133	0.1428571
NODE_42918_length_3809_cov_9.318598	2720	2853	12	7	133	0.0526316
NODE_42918_length_3809_cov_9.318598	2720	2853	14	13	133	0.0977444
NODE_42918_length_3809_cov_9.318598	2720	2853	15	18	133	0.1353384
NODE_42918_length_3809_cov_9.318598	2720	2853	16	11	133	0.0827068
NODE_42918_length_3809_cov_9.318598	2720	2853	17	23	133	0.1729323
NODE_42918_length_3809_cov_9.318598	2720	2853	18	17	133	0.1278196
NODE_42918_length_3809_cov_9.318598	2720	2853	19	35	133	0.2631579
NODE_42918_length_3809_cov_9.318598	2720	2853	20	9	133	0.0676692
NODE_42926_length_3809_cov_4.388410	330	463	9	5	133	0.0375940
NODE_42926_length_3809_cov_4.388410	330	463	10	7	133	0.0526316
NODE_42926_length_3809_cov_4.388410	330	463	11	19	133	0.1428571
NODE_42926_length_3809_cov_4.388410	330	463	14	27	133	0.2030075
NODE_42926_length_3809_cov_4.388410	330	463	15	28	133	0.2105263
NODE_42926_length_3809_cov_4.388410	330	463	16	30	133	0.2255639
NODE_42926_length_3809_cov_4.388410	330	463	17	16	133	0.1203008
NODE_42926_length_3809_cov_4.388410	330	463	18	1	133	0.0075188
NODE_429332_length_399_cov_1.316667	111	244	0	28	133	0.2105263
NODE_429332_length_399_cov_1.316667	111	244	2	105	133	0.7894737
NODE_4297_length_9888_cov_4.266217	7648	7781	7	10	133	0.0751880
NODE_4297_length_9888_cov_4.266217	7648	7781	8	5	133	0.0375940
NODE_4297_length_9888_cov_4.266217	7648	7781	9	1	133	0.0075188
NODE_4297_length_9888_cov_4.266217	7648	7781	12	6	133	0.0451128
NODE_4297_length_9888_cov_4.266217	7648	7781	14	2	133	0.0150376
NODE_4297_length_9888_cov_4.266217	7648	7781	15	4	133	0.0300752
NODE_4297_length_9888_cov_4.266217	7648	7781	16	14	133	0.1052632
NODE_4297_length_9888_cov_4.266217	7648	7781	17	39	133	0.2932331
NODE_4297_length_9888_cov_4.266217	7648	7781	18	28	133	0.2105263
NODE_4297_length_9888_cov_4.266217	7648	7781	19	5	133	0.0375940
NODE_4297_length_9888_cov_4.266217	7648	7781	20	6	133	0.0451128
NODE_4297_length_9888_cov_4.266217	7648	7781	21	13	133	0.0977444
NODE_4304_length_9882_cov_6.583563	5200	5333	18	20	133	0.1503759
NODE_4304_length_9882_cov_6.583563	5200	5333	19	50	133	0.3759398
NODE_4304_length_9882_cov_6.583563	5200	5333	20	43	133	0.3233083
NODE_4304_length_9882_cov_6.583563	5200	5333	21	18	133	0.1353384
NODE_4304_length_9882_cov_6.583563	5200	5333	22	2	133	0.0150376
NODE_43084_length_3801_cov_4.959211	3101	3234	2	7	133	0.0526316
NODE_43084_length_3801_cov_4.959211	3101	3234	4	3	133	0.0225564
NODE_43084_length_3801_cov_4.959211	3101	3234	5	1	133	0.0075188
NODE_43084_length_3801_cov_4.959211	3101	3234	6	23	133	0.1729323
NODE_43084_length_3801_cov_4.959211	3101	3234	8	2	133	0.0150376
NODE_43084_length_3801_cov_4.959211	3101	3234	9	55	133	0.4135338
NODE_43084_length_3801_cov_4.959211	3101	3234	10	24	133	0.1804511
NODE_43084_length_3801_cov_4.959211	3101	3234	11	18	133	0.1353384
NODE_431550_length_395_cov_2.118243	139	272	2	6	133	0.0451128
NODE_431550_length_395_cov_2.118243	139	272	4	18	133	0.1353384
NODE_431550_length_395_cov_2.118243	139	272	6	22	133	0.1654135
NODE_431550_length_395_cov_2.118243	139	272	7	1	133	0.0075188
NODE_431550_length_395_cov_2.118243	139	272	8	1	133	0.0075188
NODE_431550_length_395_cov_2.118243	139	272	9	11	133	0.0827068
NODE_431550_length_395_cov_2.118243	139	272	11	20	133	0.1503759
NODE_431550_length_395_cov_2.118243	139	272	12	27	133	0.2030075
NODE_431550_length_395_cov_2.118243	139	272	13	27	133	0.2030075
NODE_43166_length_3797_cov_5.177664	1133	1266	18	1	133	0.0075188
NODE_43166_length_3797_cov_5.177664	1133	1266	19	1	133	0.0075188
NODE_43166_length_3797_cov_5.177664	1133	1266	20	20	133	0.1503759
NODE_43166_length_3797_cov_5.177664	1133	1266	21	5	133	0.0375940
NODE_43166_length_3797_cov_5.177664	1133	1266	22	1	133	0.0075188
NODE_43166_length_3797_cov_5.177664	1133	1266	23	1	133	0.0075188
NODE_43166_length_3797_cov_5.177664	1133	1266	24	17	133	0.1278196
NODE_43166_length_3797_cov_5.177664	1133	1266	25	12	133	0.0902256
NODE_43166_length_3797_cov_5.177664	1133	1266	26	17	133	0.1278196
NODE_43166_length_3797_cov_5.177664	1133	1266	27	34	133	0.2556391
NODE_43166_length_3797_cov_5.177664	1133	1266	28	14	133	0.1052632
NODE_43166_length_3797_cov_5.177664	1133	1266	29	10	133	0.0751880
NODE_4317_length_9868_cov_3.707340	4470	4603	20	1	133	0.0075188
NODE_4317_length_9868_cov_3.707340	4470	4603	21	2	133	0.0150376
NODE_4317_length_9868_cov_3.707340	4470	4603	22	8	133	0.0601504
NODE_4317_length_9868_cov_3.707340	4470	4603	26	1	133	0.0075188
NODE_4317_length_9868_cov_3.707340	4470	4603	27	4	133	0.0300752
NODE_4317_length_9868_cov_3.707340	4470	4603	28	21	133	0.1578947
NODE_4317_length_9868_cov_3.707340	4470	4603	29	4	133	0.0300752
NODE_4317_length_9868_cov_3.707340	4470	4603	30	26	133	0.1954887
NODE_4317_length_9868_cov_3.707340	4470	4603	31	23	133	0.1729323
NODE_4317_length_9868_cov_3.707340	4470	4603	32	15	133	0.1127820
NODE_4317_length_9868_cov_3.707340	4470	4603	33	10	133	0.0751880
NODE_4317_length_9868_cov_3.707340	4470	4603	34	6	133	0.0451128
NODE_4317_length_9868_cov_3.707340	4470	4603	35	10	133	0.0751880
NODE_4317_length_9868_cov_3.707340	4470	4603	36	2	133	0.0150376
NODE_432210_length_394_cov_1.871186	191	324	20	6	133	0.0451128
NODE_432210_length_394_cov_1.871186	191	324	22	1	133	0.0075188
NODE_432210_length_394_cov_1.871186	191	324	23	7	133	0.0526316
NODE_432210_length_394_cov_1.871186	191	324	24	13	133	0.0977444
NODE_432210_length_394_cov_1.871186	191	324	25	6	133	0.0451128
NODE_432210_length_394_cov_1.871186	191	324	26	1	133	0.0075188
NODE_432210_length_394_cov_1.871186	191	324	27	6	133	0.0451128
NODE_432210_length_394_cov_1.871186	191	324	28	5	133	0.0375940
NODE_432210_length_394_cov_1.871186	191	324	29	4	133	0.0300752
NODE_432210_length_394_cov_1.871186	191	324	30	21	133	0.1578947
NODE_432210_length_394_cov_1.871186	191	324	31	2	133	0.0150376
NODE_432210_length_394_cov_1.871186	191	324	32	7	133	0.0526316
NODE_432210_length_394_cov_1.871186	191	324	33	11	133	0.0827068
NODE_432210_length_394_cov_1.871186	191	324	34	16	133	0.1203008
NODE_432210_length_394_cov_1.871186	191	324	35	22	133	0.1654135
NODE_432210_length_394_cov_1.871186	191	324	36	1	133	0.0075188
NODE_432210_length_394_cov_1.871186	191	324	37	4	133	0.0300752
NODE_43239_length_3794_cov_4.779702	140	273	18	1	133	0.0075188
NODE_43239_length_3794_cov_4.779702	140	273	19	3	133	0.0225564
NODE_43239_length_3794_cov_4.779702	140	273	20	11	133	0.0827068
NODE_43239_length_3794_cov_4.779702	140	273	21	5	133	0.0375940
NODE_43239_length_3794_cov_4.779702	140	273	22	3	133	0.0225564
NODE_43239_length_3794_cov_4.779702	140	273	24	10	133	0.0751880
NODE_43239_length_3794_cov_4.779702	140	273	26	9	133	0.0676692
NODE_43239_length_3794_cov_4.779702	140	273	27	5	133	0.0375940
NODE_43239_length_3794_cov_4.779702	140	273	28	5	133	0.0375940
NODE_43239_length_3794_cov_4.779702	140	273	29	5	133	0.0375940
NODE_43239_length_3794_cov_4.779702	140	273	30	1	133	0.0075188
NODE_43239_length_3794_cov_4.779702	140	273	31	1	133	0.0075188
NODE_43239_length_3794_cov_4.779702	140	273	33	3	133	0.0225564
NODE_43239_length_3794_cov_4.779702	140	273	34	20	133	0.1503759
NODE_43239_length_3794_cov_4.779702	140	273	35	18	133	0.1353384
NODE_43239_length_3794_cov_4.779702	140	273	36	22	133	0.1654135
NODE_43239_length_3794_cov_4.779702	140	273	37	11	133	0.0827068
NODE_43295_length_3791_cov_4.681203	2291	2424	10	15	133	0.1127820
NODE_43295_length_3791_cov_4.681203	2291	2424	11	5	133	0.0375940
NODE_43295_length_3791_cov_4.681203	2291	2424	12	11	133	0.0827068
NODE_43295_length_3791_cov_4.681203	2291	2424	13	23	133	0.1729323
NODE_43295_length_3791_cov_4.681203	2291	2424	14	4	133	0.0300752
NODE_43295_length_3791_cov_4.681203	2291	2424	15	5	133	0.0375940
NODE_43295_length_3791_cov_4.681203	2291	2424	16	32	133	0.2406015
NODE_43295_length_3791_cov_4.681203	2291	2424	17	2	133	0.0150376
NODE_43295_length_3791_cov_4.681203	2291	2424	18	10	133	0.0751880
NODE_43295_length_3791_cov_4.681203	2291	2424	19	13	133	0.0977444
NODE_43295_length_3791_cov_4.681203	2291	2424	20	13	133	0.0977444
NODE_432_length_18271_cov_4.134052	12677	12810	1	11	133	0.0827068
NODE_432_length_18271_cov_4.134052	12677	12810	2	9	133	0.0676692
NODE_432_length_18271_cov_4.134052	12677	12810	3	1	133	0.0075188
NODE_432_length_18271_cov_4.134052	12677	12810	4	37	133	0.2781955
NODE_432_length_18271_cov_4.134052	12677	12810	5	19	133	0.1428571
NODE_432_length_18271_cov_4.134052	12677	12810	6	21	133	0.1578947
NODE_432_length_18271_cov_4.134052	12677	12810	7	10	133	0.0751880
NODE_432_length_18271_cov_4.134052	12677	12810	8	6	133	0.0451128
NODE_432_length_18271_cov_4.134052	12677	12810	9	19	133	0.1428571
NODE_4337_length_9855_cov_3.671074	8299	8432	10	6	133	0.0451128
NODE_4337_length_9855_cov_3.671074	8299	8432	11	9	133	0.0676692
NODE_4337_length_9855_cov_3.671074	8299	8432	12	2	133	0.0150376
NODE_4337_length_9855_cov_3.671074	8299	8432	13	6	133	0.0451128
NODE_4337_length_9855_cov_3.671074	8299	8432	14	33	133	0.2481203
NODE_4337_length_9855_cov_3.671074	8299	8432	15	21	133	0.1578947
NODE_4337_length_9855_cov_3.671074	8299	8432	16	11	133	0.0827068
NODE_4337_length_9855_cov_3.671074	8299	8432	17	45	133	0.3383459
NODE_434239_length_390_cov_3.742268	213	346	30	2	133	0.0150376
NODE_434239_length_390_cov_3.742268	213	346	32	5	133	0.0375940
NODE_434239_length_390_cov_3.742268	213	346	33	4	133	0.0300752
NODE_434239_length_390_cov_3.742268	213	346	34	4	133	0.0300752
NODE_434239_length_390_cov_3.742268	213	346	35	2	133	0.0150376
NODE_434239_length_390_cov_3.742268	213	346	37	2	133	0.0150376
NODE_434239_length_390_cov_3.742268	213	346	39	5	133	0.0375940
NODE_434239_length_390_cov_3.742268	213	346	41	2	133	0.0150376
NODE_434239_length_390_cov_3.742268	213	346	42	2	133	0.0150376
NODE_434239_length_390_cov_3.742268	213	346	43	2	133	0.0150376
NODE_434239_length_390_cov_3.742268	213	346	44	1	133	0.0075188
NODE_434239_length_390_cov_3.742268	213	346	45	2	133	0.0150376
NODE_434239_length_390_cov_3.742268	213	346	46	3	133	0.0225564
NODE_434239_length_390_cov_3.742268	213	346	47	2	133	0.0150376
NODE_434239_length_390_cov_3.742268	213	346	48	2	133	0.0150376
NODE_434239_length_390_cov_3.742268	213	346	49	1	133	0.0075188
NODE_434239_length_390_cov_3.742268	213	346	50	1	133	0.0075188
NODE_434239_length_390_cov_3.742268	213	346	51	5	133	0.0375940
NODE_434239_length_390_cov_3.742268	213	346	52	6	133	0.0451128
NODE_434239_length_390_cov_3.742268	213	346	53	15	133	0.1127820
NODE_434239_length_390_cov_3.742268	213	346	54	1	133	0.0075188
NODE_434239_length_390_cov_3.742268	213	346	55	3	133	0.0225564
NODE_434239_length_390_cov_3.742268	213	346	57	6	133	0.0451128
NODE_434239_length_390_cov_3.742268	213	346	58	10	133	0.0751880
NODE_434239_length_390_cov_3.742268	213	346	59	32	133	0.2406015
NODE_434239_length_390_cov_3.742268	213	346	60	1	133	0.0075188
NODE_434239_length_390_cov_3.742268	213	346	62	10	133	0.0751880
NODE_434239_length_390_cov_3.742268	213	346	63	1	133	0.0075188
NODE_434239_length_390_cov_3.742268	213	346	64	1	133	0.0075188
NODE_43426_length_3785_cov_4.739555	1416	1549	10	6	133	0.0451128
NODE_43426_length_3785_cov_4.739555	1416	1549	13	19	133	0.1428571
NODE_43426_length_3785_cov_4.739555	1416	1549	15	13	133	0.0977444
NODE_43426_length_3785_cov_4.739555	1416	1549	16	34	133	0.2556391
NODE_43426_length_3785_cov_4.739555	1416	1549	17	19	133	0.1428571
NODE_43426_length_3785_cov_4.739555	1416	1549	19	33	133	0.2481203
NODE_43426_length_3785_cov_4.739555	1416	1549	20	9	133	0.0676692
NODE_434402_length_390_cov_2.597938	151	284	4	34	133	0.2556391
NODE_434402_length_390_cov_2.597938	151	284	6	12	133	0.0902256
NODE_434402_length_390_cov_2.597938	151	284	7	13	133	0.0977444
NODE_434402_length_390_cov_2.597938	151	284	9	8	133	0.0601504
NODE_434402_length_390_cov_2.597938	151	284	10	8	133	0.0601504
NODE_434402_length_390_cov_2.597938	151	284	11	5	133	0.0375940
NODE_434402_length_390_cov_2.597938	151	284	12	17	133	0.1278196
NODE_434402_length_390_cov_2.597938	151	284	14	4	133	0.0300752
NODE_434402_length_390_cov_2.597938	151	284	15	3	133	0.0225564
NODE_434402_length_390_cov_2.597938	151	284	16	12	133	0.0902256
NODE_434402_length_390_cov_2.597938	151	284	17	9	133	0.0676692
NODE_434402_length_390_cov_2.597938	151	284	18	3	133	0.0225564
NODE_434402_length_390_cov_2.597938	151	284	19	4	133	0.0300752
NODE_434402_length_390_cov_2.597938	151	284	20	1	133	0.0075188
NODE_43452_length_3784_cov_4.713161	1795	1928	14	12	133	0.0902256
NODE_43452_length_3784_cov_4.713161	1795	1928	15	22	133	0.1654135
NODE_43452_length_3784_cov_4.713161	1795	1928	16	66	133	0.4962406
NODE_43452_length_3784_cov_4.713161	1795	1928	17	20	133	0.1503759
NODE_43452_length_3784_cov_4.713161	1795	1928	18	7	133	0.0526316
NODE_43452_length_3784_cov_4.713161	1795	1928	19	6	133	0.0451128
NODE_43453_length_3784_cov_4.564179	2123	2256	15	9	133	0.0676692
NODE_43453_length_3784_cov_4.564179	2123	2256	16	19	133	0.1428571
NODE_43453_length_3784_cov_4.564179	2123	2256	17	8	133	0.0601504
NODE_43453_length_3784_cov_4.564179	2123	2256	18	4	133	0.0300752
NODE_43453_length_3784_cov_4.564179	2123	2256	19	9	133	0.0676692
NODE_43453_length_3784_cov_4.564179	2123	2256	20	9	133	0.0676692
NODE_43453_length_3784_cov_4.564179	2123	2256	21	4	133	0.0300752
NODE_43453_length_3784_cov_4.564179	2123	2256	22	8	133	0.0601504
NODE_43453_length_3784_cov_4.564179	2123	2256	23	7	133	0.0526316
NODE_43453_length_3784_cov_4.564179	2123	2256	24	15	133	0.1127820
NODE_43453_length_3784_cov_4.564179	2123	2256	25	14	133	0.1052632
NODE_43453_length_3784_cov_4.564179	2123	2256	26	27	133	0.2030075
NODE_434548_length_390_cov_2.103093	119	252	8	3	133	0.0225564
NODE_434548_length_390_cov_2.103093	119	252	10	3	133	0.0225564
NODE_434548_length_390_cov_2.103093	119	252	11	17	133	0.1278196
NODE_434548_length_390_cov_2.103093	119	252	12	12	133	0.0902256
NODE_434548_length_390_cov_2.103093	119	252	13	34	133	0.2556391
NODE_434548_length_390_cov_2.103093	119	252	14	18	133	0.1353384
NODE_434548_length_390_cov_2.103093	119	252	15	26	133	0.1954887
NODE_434548_length_390_cov_2.103093	119	252	16	1	133	0.0075188
NODE_434548_length_390_cov_2.103093	119	252	17	7	133	0.0526316
NODE_434548_length_390_cov_2.103093	119	252	18	3	133	0.0225564
NODE_434548_length_390_cov_2.103093	119	252	19	9	133	0.0676692
NODE_43458_length_3784_cov_3.684668	3315	3448	29	8	133	0.0601504
NODE_43458_length_3784_cov_3.684668	3315	3448	32	3	133	0.0225564
NODE_43458_length_3784_cov_3.684668	3315	3448	33	2	133	0.0150376
NODE_43458_length_3784_cov_3.684668	3315	3448	34	1	133	0.0075188
NODE_43458_length_3784_cov_3.684668	3315	3448	37	3	133	0.0225564
NODE_43458_length_3784_cov_3.684668	3315	3448	38	3	133	0.0225564
NODE_43458_length_3784_cov_3.684668	3315	3448	39	11	133	0.0827068
NODE_43458_length_3784_cov_3.684668	3315	3448	40	2	133	0.0150376
NODE_43458_length_3784_cov_3.684668	3315	3448	42	24	133	0.1804511
NODE_43458_length_3784_cov_3.684668	3315	3448	43	11	133	0.0827068
NODE_43458_length_3784_cov_3.684668	3315	3448	44	5	133	0.0375940
NODE_43458_length_3784_cov_3.684668	3315	3448	45	10	133	0.0751880
NODE_43458_length_3784_cov_3.684668	3315	3448	46	3	133	0.0225564
NODE_43458_length_3784_cov_3.684668	3315	3448	48	12	133	0.0902256
NODE_43458_length_3784_cov_3.684668	3315	3448	49	17	133	0.1278196
NODE_43458_length_3784_cov_3.684668	3315	3448	50	17	133	0.1278196
NODE_43458_length_3784_cov_3.684668	3315	3448	51	1	133	0.0075188
NODE_43476_length_3783_cov_4.257872	2780	2913	5	1	133	0.0075188
NODE_43476_length_3783_cov_4.257872	2780	2913	6	5	133	0.0375940
NODE_43476_length_3783_cov_4.257872	2780	2913	7	4	133	0.0300752
NODE_43476_length_3783_cov_4.257872	2780	2913	8	48	133	0.3609022
NODE_43476_length_3783_cov_4.257872	2780	2913	9	46	133	0.3458647
NODE_43476_length_3783_cov_4.257872	2780	2913	10	29	133	0.2180451
NODE_434859_length_389_cov_3.565517	206	339	11	4	133	0.0300752
NODE_434859_length_389_cov_3.565517	206	339	15	3	133	0.0225564
NODE_434859_length_389_cov_3.565517	206	339	17	4	133	0.0300752
NODE_434859_length_389_cov_3.565517	206	339	18	1	133	0.0075188
NODE_434859_length_389_cov_3.565517	206	339	19	8	133	0.0601504
NODE_434859_length_389_cov_3.565517	206	339	20	9	133	0.0676692
NODE_434859_length_389_cov_3.565517	206	339	21	6	133	0.0451128
NODE_434859_length_389_cov_3.565517	206	339	22	34	133	0.2556391
NODE_434859_length_389_cov_3.565517	206	339	23	37	133	0.2781955
NODE_434859_length_389_cov_3.565517	206	339	24	16	133	0.1203008
NODE_434859_length_389_cov_3.565517	206	339	25	11	133	0.0827068
NODE_434930_length_389_cov_3.017241	235	368	5	6	133	0.0451128
NODE_434930_length_389_cov_3.017241	235	368	6	16	133	0.1203008
NODE_434930_length_389_cov_3.017241	235	368	7	9	133	0.0676692
NODE_434930_length_389_cov_3.017241	235	368	8	8	133	0.0601504
NODE_434930_length_389_cov_3.017241	235	368	9	27	133	0.2030075
NODE_434930_length_389_cov_3.017241	235	368	10	29	133	0.2180451
NODE_434930_length_389_cov_3.017241	235	368	11	38	133	0.2857143
NODE_43545_length_3779_cov_4.368207	1718	1851	9	11	133	0.0827068
NODE_43545_length_3779_cov_4.368207	1718	1851	11	10	133	0.0751880
NODE_43545_length_3779_cov_4.368207	1718	1851	12	6	133	0.0451128
NODE_43545_length_3779_cov_4.368207	1718	1851	14	9	133	0.0676692
NODE_43545_length_3779_cov_4.368207	1718	1851	15	13	133	0.0977444
NODE_43545_length_3779_cov_4.368207	1718	1851	16	23	133	0.1729323
NODE_43545_length_3779_cov_4.368207	1718	1851	17	25	133	0.1879699
NODE_43545_length_3779_cov_4.368207	1718	1851	18	15	133	0.1127820
NODE_43545_length_3779_cov_4.368207	1718	1851	19	21	133	0.1578947
NODE_435_length_18246_cov_4.966661	13387	13520	0	133	133	1.0000000
NODE_43648_length_3773_cov_4.251225	2917	3050	9	4	133	0.0300752
NODE_43648_length_3773_cov_4.251225	2917	3050	10	9	133	0.0676692
NODE_43648_length_3773_cov_4.251225	2917	3050	11	13	133	0.0977444
NODE_43648_length_3773_cov_4.251225	2917	3050	13	5	133	0.0375940
NODE_43648_length_3773_cov_4.251225	2917	3050	15	6	133	0.0451128
NODE_43648_length_3773_cov_4.251225	2917	3050	16	6	133	0.0451128
NODE_43648_length_3773_cov_4.251225	2917	3050	17	29	133	0.2180451
NODE_43648_length_3773_cov_4.251225	2917	3050	18	13	133	0.0977444
NODE_43648_length_3773_cov_4.251225	2917	3050	19	14	133	0.1052632
NODE_43648_length_3773_cov_4.251225	2917	3050	20	1	133	0.0075188
NODE_43648_length_3773_cov_4.251225	2917	3050	21	33	133	0.2481203
NODE_43668_length_3772_cov_3.899537	633	766	0	4	133	0.0300752
NODE_43668_length_3772_cov_3.899537	633	766	1	1	133	0.0075188
NODE_43668_length_3772_cov_3.899537	633	766	2	6	133	0.0451128
NODE_43668_length_3772_cov_3.899537	633	766	5	1	133	0.0075188
NODE_43668_length_3772_cov_3.899537	633	766	7	4	133	0.0300752
NODE_43668_length_3772_cov_3.899537	633	766	8	1	133	0.0075188
NODE_43668_length_3772_cov_3.899537	633	766	9	59	133	0.4436090
NODE_43668_length_3772_cov_3.899537	633	766	14	7	133	0.0526316
NODE_43668_length_3772_cov_3.899537	633	766	15	4	133	0.0300752
NODE_43668_length_3772_cov_3.899537	633	766	16	9	133	0.0676692
NODE_43668_length_3772_cov_3.899537	633	766	17	1	133	0.0075188
NODE_43668_length_3772_cov_3.899537	633	766	18	30	133	0.2255639
NODE_43668_length_3772_cov_3.899537	633	766	19	6	133	0.0451128
NODE_436812_length_386_cov_3.114983	70	203	0	12	133	0.0902256
NODE_436812_length_386_cov_3.114983	70	203	2	37	133	0.2781955
NODE_436812_length_386_cov_3.114983	70	203	3	84	133	0.6315789
NODE_436_length_18235_cov_5.051996	1075	1208	20	3	133	0.0225564
NODE_436_length_18235_cov_5.051996	1075	1208	21	4	133	0.0300752
NODE_436_length_18235_cov_5.051996	1075	1208	22	3	133	0.0225564
NODE_436_length_18235_cov_5.051996	1075	1208	23	15	133	0.1127820
NODE_436_length_18235_cov_5.051996	1075	1208	24	3	133	0.0225564
NODE_436_length_18235_cov_5.051996	1075	1208	25	7	133	0.0526316
NODE_436_length_18235_cov_5.051996	1075	1208	26	5	133	0.0375940
NODE_436_length_18235_cov_5.051996	1075	1208	27	6	133	0.0451128
NODE_436_length_18235_cov_5.051996	1075	1208	28	9	133	0.0676692
NODE_436_length_18235_cov_5.051996	1075	1208	29	7	133	0.0526316
NODE_436_length_18235_cov_5.051996	1075	1208	30	13	133	0.0977444
NODE_436_length_18235_cov_5.051996	1075	1208	32	14	133	0.1052632
NODE_436_length_18235_cov_5.051996	1075	1208	33	21	133	0.1578947
NODE_436_length_18235_cov_5.051996	1075	1208	34	23	133	0.1729323
NODE_43703_length_3771_cov_3.569172	1280	1413	9	1	133	0.0075188
NODE_43703_length_3771_cov_3.569172	1280	1413	10	9	133	0.0676692
NODE_43703_length_3771_cov_3.569172	1280	1413	11	5	133	0.0375940
NODE_43703_length_3771_cov_3.569172	1280	1413	13	16	133	0.1203008
NODE_43703_length_3771_cov_3.569172	1280	1413	14	21	133	0.1578947
NODE_43703_length_3771_cov_3.569172	1280	1413	15	9	133	0.0676692
NODE_43703_length_3771_cov_3.569172	1280	1413	16	26	133	0.1954887
NODE_43703_length_3771_cov_3.569172	1280	1413	17	13	133	0.0977444
NODE_43703_length_3771_cov_3.569172	1280	1413	18	30	133	0.2255639
NODE_43703_length_3771_cov_3.569172	1280	1413	19	3	133	0.0225564
NODE_4371_length_9834_cov_4.572162	2731	2864	14	4	133	0.0300752
NODE_4371_length_9834_cov_4.572162	2731	2864	15	9	133	0.0676692
NODE_4371_length_9834_cov_4.572162	2731	2864	17	4	133	0.0300752
NODE_4371_length_9834_cov_4.572162	2731	2864	19	8	133	0.0601504
NODE_4371_length_9834_cov_4.572162	2731	2864	23	6	133	0.0451128
NODE_4371_length_9834_cov_4.572162	2731	2864	24	7	133	0.0526316
NODE_4371_length_9834_cov_4.572162	2731	2864	25	2	133	0.0150376
NODE_4371_length_9834_cov_4.572162	2731	2864	26	23	133	0.1729323
NODE_4371_length_9834_cov_4.572162	2731	2864	27	12	133	0.0902256
NODE_4371_length_9834_cov_4.572162	2731	2864	28	7	133	0.0526316
NODE_4371_length_9834_cov_4.572162	2731	2864	29	4	133	0.0300752
NODE_4371_length_9834_cov_4.572162	2731	2864	30	15	133	0.1127820
NODE_4371_length_9834_cov_4.572162	2731	2864	31	14	133	0.1052632
NODE_4371_length_9834_cov_4.572162	2731	2864	32	18	133	0.1353384
NODE_43755_length_3768_cov_4.229218	2616	2749	0	24	133	0.1804511
NODE_43755_length_3768_cov_4.229218	2616	2749	1	86	133	0.6466165
NODE_43755_length_3768_cov_4.229218	2616	2749	2	23	133	0.1729323
NODE_43788_length_3766_cov_4.187074	3416	3549	4	10	133	0.0751880
NODE_43788_length_3766_cov_4.187074	3416	3549	5	13	133	0.0977444
NODE_43788_length_3766_cov_4.187074	3416	3549	6	38	133	0.2857143
NODE_43788_length_3766_cov_4.187074	3416	3549	7	56	133	0.4210526
NODE_43788_length_3766_cov_4.187074	3416	3549	8	16	133	0.1203008
NODE_437_length_18230_cov_4.242072	1782	1915	7	11	133	0.0827068
NODE_437_length_18230_cov_4.242072	1782	1915	8	17	133	0.1278196
NODE_437_length_18230_cov_4.242072	1782	1915	9	22	133	0.1654135
NODE_437_length_18230_cov_4.242072	1782	1915	11	39	133	0.2932331
NODE_437_length_18230_cov_4.242072	1782	1915	12	20	133	0.1503759
NODE_437_length_18230_cov_4.242072	1782	1915	13	12	133	0.0902256
NODE_437_length_18230_cov_4.242072	1782	1915	14	7	133	0.0526316
NODE_437_length_18230_cov_4.242072	1782	1915	15	5	133	0.0375940
NODE_43808_length_3765_cov_4.606656	3590	3723	3	14	133	0.1052632
NODE_43808_length_3765_cov_4.606656	3590	3723	4	4	133	0.0300752
NODE_43808_length_3765_cov_4.606656	3590	3723	5	2	133	0.0150376
NODE_43808_length_3765_cov_4.606656	3590	3723	8	3	133	0.0225564
NODE_43808_length_3765_cov_4.606656	3590	3723	10	5	133	0.0375940
NODE_43808_length_3765_cov_4.606656	3590	3723	11	2	133	0.0150376
NODE_43808_length_3765_cov_4.606656	3590	3723	12	38	133	0.2857143
NODE_43808_length_3765_cov_4.606656	3590	3723	13	6	133	0.0451128
NODE_43808_length_3765_cov_4.606656	3590	3723	14	38	133	0.2857143
NODE_43808_length_3765_cov_4.606656	3590	3723	15	21	133	0.1578947
NODE_43821_length_3765_cov_3.034643	1751	1884	4	41	133	0.3082707
NODE_43821_length_3765_cov_3.034643	1751	1884	5	10	133	0.0751880
NODE_43821_length_3765_cov_3.034643	1751	1884	6	7	133	0.0526316
NODE_43821_length_3765_cov_3.034643	1751	1884	7	7	133	0.0526316
NODE_43821_length_3765_cov_3.034643	1751	1884	8	18	133	0.1353384
NODE_43821_length_3765_cov_3.034643	1751	1884	9	5	133	0.0375940
NODE_43821_length_3765_cov_3.034643	1751	1884	10	3	133	0.0225564
NODE_43821_length_3765_cov_3.034643	1751	1884	11	14	133	0.1052632
NODE_43821_length_3765_cov_3.034643	1751	1884	12	13	133	0.0977444
NODE_43821_length_3765_cov_3.034643	1751	1884	13	15	133	0.1127820
NODE_43835_length_3764_cov_4.270941	3371	3504	1	6	133	0.0451128
NODE_43835_length_3764_cov_4.270941	3371	3504	3	1	133	0.0075188
NODE_43835_length_3764_cov_4.270941	3371	3504	5	41	133	0.3082707
NODE_43835_length_3764_cov_4.270941	3371	3504	7	23	133	0.1729323
NODE_43835_length_3764_cov_4.270941	3371	3504	8	8	133	0.0601504
NODE_43835_length_3764_cov_4.270941	3371	3504	10	4	133	0.0300752
NODE_43835_length_3764_cov_4.270941	3371	3504	11	3	133	0.0225564
NODE_43835_length_3764_cov_4.270941	3371	3504	12	34	133	0.2556391
NODE_43835_length_3764_cov_4.270941	3371	3504	13	3	133	0.0225564
NODE_43835_length_3764_cov_4.270941	3371	3504	14	10	133	0.0751880
NODE_43844_length_3764_cov_3.050750	685	818	9	2	133	0.0150376
NODE_43844_length_3764_cov_3.050750	685	818	10	4	133	0.0300752
NODE_43844_length_3764_cov_3.050750	685	818	12	10	133	0.0751880
NODE_43844_length_3764_cov_3.050750	685	818	13	7	133	0.0526316
NODE_43844_length_3764_cov_3.050750	685	818	14	6	133	0.0451128
NODE_43844_length_3764_cov_3.050750	685	818	15	2	133	0.0150376
NODE_43844_length_3764_cov_3.050750	685	818	16	5	133	0.0375940
NODE_43844_length_3764_cov_3.050750	685	818	17	65	133	0.4887218
NODE_43844_length_3764_cov_3.050750	685	818	18	29	133	0.2180451
NODE_43844_length_3764_cov_3.050750	685	818	20	3	133	0.0225564
NODE_438526_length_383_cov_4.003521	142	275	5	18	133	0.1353384
NODE_438526_length_383_cov_4.003521	142	275	6	4	133	0.0300752
NODE_438526_length_383_cov_4.003521	142	275	7	46	133	0.3458647
NODE_438526_length_383_cov_4.003521	142	275	8	14	133	0.1052632
NODE_438526_length_383_cov_4.003521	142	275	9	23	133	0.1729323
NODE_438526_length_383_cov_4.003521	142	275	10	28	133	0.2105263
NODE_43867_length_3762_cov_5.160797	1910	2043	3	19	133	0.1428571
NODE_43867_length_3762_cov_5.160797	1910	2043	5	6	133	0.0451128
NODE_43867_length_3762_cov_5.160797	1910	2043	6	5	133	0.0375940
NODE_43867_length_3762_cov_5.160797	1910	2043	7	22	133	0.1654135
NODE_43867_length_3762_cov_5.160797	1910	2043	8	5	133	0.0375940
NODE_43867_length_3762_cov_5.160797	1910	2043	9	7	133	0.0526316
NODE_43867_length_3762_cov_5.160797	1910	2043	11	3	133	0.0225564
NODE_43867_length_3762_cov_5.160797	1910	2043	13	1	133	0.0075188
NODE_43867_length_3762_cov_5.160797	1910	2043	14	2	133	0.0150376
NODE_43867_length_3762_cov_5.160797	1910	2043	15	3	133	0.0225564
NODE_43867_length_3762_cov_5.160797	1910	2043	16	6	133	0.0451128
NODE_43867_length_3762_cov_5.160797	1910	2043	17	6	133	0.0451128
NODE_43867_length_3762_cov_5.160797	1910	2043	18	3	133	0.0225564
NODE_43867_length_3762_cov_5.160797	1910	2043	19	12	133	0.0902256
NODE_43867_length_3762_cov_5.160797	1910	2043	21	1	133	0.0075188
NODE_43867_length_3762_cov_5.160797	1910	2043	22	25	133	0.1879699
NODE_43867_length_3762_cov_5.160797	1910	2043	24	7	133	0.0526316
NODE_43907_length_3760_cov_4.518711	3221	3354	18	6	133	0.0451128
NODE_43907_length_3760_cov_4.518711	3221	3354	19	13	133	0.0977444
NODE_43907_length_3760_cov_4.518711	3221	3354	20	1	133	0.0075188
NODE_43907_length_3760_cov_4.518711	3221	3354	21	2	133	0.0150376
NODE_43907_length_3760_cov_4.518711	3221	3354	22	2	133	0.0150376
NODE_43907_length_3760_cov_4.518711	3221	3354	24	2	133	0.0150376
NODE_43907_length_3760_cov_4.518711	3221	3354	27	3	133	0.0225564
NODE_43907_length_3760_cov_4.518711	3221	3354	28	31	133	0.2330827
NODE_43907_length_3760_cov_4.518711	3221	3354	29	24	133	0.1804511
NODE_43907_length_3760_cov_4.518711	3221	3354	30	37	133	0.2781955
NODE_43907_length_3760_cov_4.518711	3221	3354	31	10	133	0.0751880
NODE_43907_length_3760_cov_4.518711	3221	3354	32	2	133	0.0150376
NODE_439356_length_382_cov_2.445230	0	133	4	4	133	0.0300752
NODE_439356_length_382_cov_2.445230	0	133	5	15	133	0.1127820
NODE_439356_length_382_cov_2.445230	0	133	6	4	133	0.0300752
NODE_439356_length_382_cov_2.445230	0	133	7	9	133	0.0676692
NODE_439356_length_382_cov_2.445230	0	133	8	12	133	0.0902256
NODE_439356_length_382_cov_2.445230	0	133	9	43	133	0.3233083
NODE_439356_length_382_cov_2.445230	0	133	10	46	133	0.3458647
NODE_439409_length_382_cov_2.250883	151	284	0	69	133	0.5187970
NODE_439409_length_382_cov_2.250883	151	284	1	1	133	0.0075188
NODE_439409_length_382_cov_2.250883	151	284	2	7	133	0.0526316
NODE_439409_length_382_cov_2.250883	151	284	3	56	133	0.4210526
NODE_43953_length_3758_cov_3.461328	452	585	1	25	133	0.1879699
NODE_43953_length_3758_cov_3.461328	452	585	2	41	133	0.3082707
NODE_43953_length_3758_cov_3.461328	452	585	3	67	133	0.5037594
NODE_44001_length_3756_cov_3.412633	2484	2617	6	19	133	0.1428571
NODE_44001_length_3756_cov_3.412633	2484	2617	7	21	133	0.1578947
NODE_44001_length_3756_cov_3.412633	2484	2617	8	5	133	0.0375940
NODE_44001_length_3756_cov_3.412633	2484	2617	9	7	133	0.0526316
NODE_44001_length_3756_cov_3.412633	2484	2617	10	20	133	0.1503759
NODE_44001_length_3756_cov_3.412633	2484	2617	11	55	133	0.4135338
NODE_44001_length_3756_cov_3.412633	2484	2617	12	6	133	0.0451128
NODE_44002_length_3756_cov_3.401422	2551	2684	14	3	133	0.0225564
NODE_44002_length_3756_cov_3.401422	2551	2684	15	8	133	0.0601504
NODE_44002_length_3756_cov_3.401422	2551	2684	16	4	133	0.0300752
NODE_44002_length_3756_cov_3.401422	2551	2684	17	9	133	0.0676692
NODE_44002_length_3756_cov_3.401422	2551	2684	18	17	133	0.1278196
NODE_44002_length_3756_cov_3.401422	2551	2684	19	5	133	0.0375940
NODE_44002_length_3756_cov_3.401422	2551	2684	20	4	133	0.0300752
NODE_44002_length_3756_cov_3.401422	2551	2684	21	20	133	0.1503759
NODE_44002_length_3756_cov_3.401422	2551	2684	22	20	133	0.1503759
NODE_44002_length_3756_cov_3.401422	2551	2684	23	4	133	0.0300752
NODE_44002_length_3756_cov_3.401422	2551	2684	24	22	133	0.1654135
NODE_44002_length_3756_cov_3.401422	2551	2684	25	5	133	0.0375940
NODE_44002_length_3756_cov_3.401422	2551	2684	26	12	133	0.0902256
NODE_44003_length_3756_cov_3.304074	1343	1476	1	1	133	0.0075188
NODE_44003_length_3756_cov_3.304074	1343	1476	3	5	133	0.0375940
NODE_44003_length_3756_cov_3.304074	1343	1476	4	2	133	0.0150376
NODE_44003_length_3756_cov_3.304074	1343	1476	6	26	133	0.1954887
NODE_44003_length_3756_cov_3.304074	1343	1476	8	49	133	0.3684210
NODE_44003_length_3756_cov_3.304074	1343	1476	9	15	133	0.1127820
NODE_44003_length_3756_cov_3.304074	1343	1476	10	35	133	0.2631579
NODE_4400_length_9810_cov_3.552775	5628	5761	8	10	133	0.0751880
NODE_4400_length_9810_cov_3.552775	5628	5761	9	9	133	0.0676692
NODE_4400_length_9810_cov_3.552775	5628	5761	11	8	133	0.0601504
NODE_4400_length_9810_cov_3.552775	5628	5761	12	3	133	0.0225564
NODE_4400_length_9810_cov_3.552775	5628	5761	13	3	133	0.0225564
NODE_4400_length_9810_cov_3.552775	5628	5761	14	2	133	0.0150376
NODE_4400_length_9810_cov_3.552775	5628	5761	15	8	133	0.0601504
NODE_4400_length_9810_cov_3.552775	5628	5761	16	1	133	0.0075188
NODE_4400_length_9810_cov_3.552775	5628	5761	17	14	133	0.1052632
NODE_4400_length_9810_cov_3.552775	5628	5761	18	2	133	0.0150376
NODE_4400_length_9810_cov_3.552775	5628	5761	19	5	133	0.0375940
NODE_4400_length_9810_cov_3.552775	5628	5761	20	27	133	0.2030075
NODE_4400_length_9810_cov_3.552775	5628	5761	21	28	133	0.2105263
NODE_4400_length_9810_cov_3.552775	5628	5761	22	11	133	0.0827068
NODE_4400_length_9810_cov_3.552775	5628	5761	23	2	133	0.0150376
NODE_44013_length_3755_cov_5.486050	636	769	39	2	133	0.0150376
NODE_44013_length_3755_cov_5.486050	636	769	40	12	133	0.0902256
NODE_44013_length_3755_cov_5.486050	636	769	41	14	133	0.1052632
NODE_44013_length_3755_cov_5.486050	636	769	42	13	133	0.0977444
NODE_44013_length_3755_cov_5.486050	636	769	43	14	133	0.1052632
NODE_44013_length_3755_cov_5.486050	636	769	44	5	133	0.0375940
NODE_44013_length_3755_cov_5.486050	636	769	45	6	133	0.0451128
NODE_44013_length_3755_cov_5.486050	636	769	46	8	133	0.0601504
NODE_44013_length_3755_cov_5.486050	636	769	47	18	133	0.1353384
NODE_44013_length_3755_cov_5.486050	636	769	48	19	133	0.1428571
NODE_44013_length_3755_cov_5.486050	636	769	49	7	133	0.0526316
NODE_44013_length_3755_cov_5.486050	636	769	50	15	133	0.1127820
NODE_440246_length_381_cov_1.290780	145	278	4	1	133	0.0075188
NODE_440246_length_381_cov_1.290780	145	278	5	5	133	0.0375940
NODE_440246_length_381_cov_1.290780	145	278	6	29	133	0.2180451
NODE_440246_length_381_cov_1.290780	145	278	9	10	133	0.0751880
NODE_440246_length_381_cov_1.290780	145	278	11	1	133	0.0075188
NODE_440246_length_381_cov_1.290780	145	278	14	1	133	0.0075188
NODE_440246_length_381_cov_1.290780	145	278	15	2	133	0.0150376
NODE_440246_length_381_cov_1.290780	145	278	17	32	133	0.2406015
NODE_440246_length_381_cov_1.290780	145	278	18	6	133	0.0451128
NODE_440246_length_381_cov_1.290780	145	278	19	6	133	0.0451128
NODE_440246_length_381_cov_1.290780	145	278	20	20	133	0.1503759
NODE_440246_length_381_cov_1.290780	145	278	21	11	133	0.0827068
NODE_440246_length_381_cov_1.290780	145	278	22	9	133	0.0676692
NODE_44051_length_3753_cov_4.992885	3147	3280	8	16	133	0.1203008
NODE_44051_length_3753_cov_4.992885	3147	3280	9	16	133	0.1203008
NODE_44051_length_3753_cov_4.992885	3147	3280	10	23	133	0.1729323
NODE_44051_length_3753_cov_4.992885	3147	3280	11	55	133	0.4135338
NODE_44051_length_3753_cov_4.992885	3147	3280	12	23	133	0.1729323
NODE_44073_length_3753_cov_3.507937	2568	2701	0	133	133	1.0000000
NODE_44086_length_3752_cov_4.172187	2950	3083	4	5	133	0.0375940
NODE_44086_length_3752_cov_4.172187	2950	3083	5	22	133	0.1654135
NODE_44086_length_3752_cov_4.172187	2950	3083	6	70	133	0.5263158
NODE_44086_length_3752_cov_4.172187	2950	3083	7	24	133	0.1804511
NODE_44086_length_3752_cov_4.172187	2950	3083	8	12	133	0.0902256
NODE_440_length_18199_cov_4.175912	14762	14895	5	47	133	0.3533835
NODE_440_length_18199_cov_4.175912	14762	14895	6	25	133	0.1879699
NODE_440_length_18199_cov_4.175912	14762	14895	7	61	133	0.4586466
NODE_44108_length_3751_cov_3.479189	462	595	22	8	133	0.0601504
NODE_44108_length_3751_cov_3.479189	462	595	24	10	133	0.0751880
NODE_44108_length_3751_cov_3.479189	462	595	26	10	133	0.0751880
NODE_44108_length_3751_cov_3.479189	462	595	27	5	133	0.0375940
NODE_44108_length_3751_cov_3.479189	462	595	29	22	133	0.1654135
NODE_44108_length_3751_cov_3.479189	462	595	30	4	133	0.0300752
NODE_44108_length_3751_cov_3.479189	462	595	31	12	133	0.0902256
NODE_44108_length_3751_cov_3.479189	462	595	32	31	133	0.2330827
NODE_44108_length_3751_cov_3.479189	462	595	33	16	133	0.1203008
NODE_44108_length_3751_cov_3.479189	462	595	34	13	133	0.0977444
NODE_44108_length_3751_cov_3.479189	462	595	35	2	133	0.0150376
NODE_44112_length_3751_cov_2.974535	940	1073	2	5	133	0.0375940
NODE_44112_length_3751_cov_2.974535	940	1073	3	17	133	0.1278196
NODE_44112_length_3751_cov_2.974535	940	1073	4	38	133	0.2857143
NODE_44112_length_3751_cov_2.974535	940	1073	5	73	133	0.5488722
NODE_44164_length_3748_cov_4.351329	1392	1525	5	22	133	0.1654135
NODE_44164_length_3748_cov_4.351329	1392	1525	6	20	133	0.1503759
NODE_44164_length_3748_cov_4.351329	1392	1525	7	11	133	0.0827068
NODE_44164_length_3748_cov_4.351329	1392	1525	8	26	133	0.1954887
NODE_44164_length_3748_cov_4.351329	1392	1525	9	53	133	0.3984962
NODE_44164_length_3748_cov_4.351329	1392	1525	10	1	133	0.0075188
NODE_4417_length_9797_cov_4.996082	5060	5193	18	2	133	0.0150376
NODE_4417_length_9797_cov_4.996082	5060	5193	19	7	133	0.0526316
NODE_4417_length_9797_cov_4.996082	5060	5193	20	20	133	0.1503759
NODE_4417_length_9797_cov_4.996082	5060	5193	21	1	133	0.0075188
NODE_4417_length_9797_cov_4.996082	5060	5193	22	15	133	0.1127820
NODE_4417_length_9797_cov_4.996082	5060	5193	23	6	133	0.0451128
NODE_4417_length_9797_cov_4.996082	5060	5193	24	39	133	0.2932331
NODE_4417_length_9797_cov_4.996082	5060	5193	25	35	133	0.2631579
NODE_4417_length_9797_cov_4.996082	5060	5193	26	8	133	0.0601504
NODE_44201_length_3746_cov_6.548670	3193	3326	0	1	133	0.0075188
NODE_44201_length_3746_cov_6.548670	3193	3326	1	7	133	0.0526316
NODE_44201_length_3746_cov_6.548670	3193	3326	3	12	133	0.0902256
NODE_44201_length_3746_cov_6.548670	3193	3326	4	14	133	0.1052632
NODE_44201_length_3746_cov_6.548670	3193	3326	5	72	133	0.5413534
NODE_44201_length_3746_cov_6.548670	3193	3326	6	27	133	0.2030075
NODE_44235_length_3744_cov_4.785185	1432	1565	3	8	133	0.0601504
NODE_44235_length_3744_cov_4.785185	1432	1565	4	33	133	0.2481203
NODE_44235_length_3744_cov_4.785185	1432	1565	6	10	133	0.0751880
NODE_44235_length_3744_cov_4.785185	1432	1565	7	39	133	0.2932331
NODE_44235_length_3744_cov_4.785185	1432	1565	8	43	133	0.3233083
NODE_4424_length_9793_cov_4.465752	2067	2200	24	2	133	0.0150376
NODE_4424_length_9793_cov_4.465752	2067	2200	25	1	133	0.0075188
NODE_4424_length_9793_cov_4.465752	2067	2200	26	7	133	0.0526316
NODE_4424_length_9793_cov_4.465752	2067	2200	27	10	133	0.0751880
NODE_4424_length_9793_cov_4.465752	2067	2200	28	5	133	0.0375940
NODE_4424_length_9793_cov_4.465752	2067	2200	29	3	133	0.0225564
NODE_4424_length_9793_cov_4.465752	2067	2200	30	1	133	0.0075188
NODE_4424_length_9793_cov_4.465752	2067	2200	32	8	133	0.0601504
NODE_4424_length_9793_cov_4.465752	2067	2200	33	2	133	0.0150376
NODE_4424_length_9793_cov_4.465752	2067	2200	34	5	133	0.0375940
NODE_4424_length_9793_cov_4.465752	2067	2200	35	1	133	0.0075188
NODE_4424_length_9793_cov_4.465752	2067	2200	37	4	133	0.0300752
NODE_4424_length_9793_cov_4.465752	2067	2200	39	4	133	0.0300752
NODE_4424_length_9793_cov_4.465752	2067	2200	40	3	133	0.0225564
NODE_4424_length_9793_cov_4.465752	2067	2200	41	3	133	0.0225564
NODE_4424_length_9793_cov_4.465752	2067	2200	42	4	133	0.0300752
NODE_4424_length_9793_cov_4.465752	2067	2200	43	8	133	0.0601504
NODE_4424_length_9793_cov_4.465752	2067	2200	44	9	133	0.0676692
NODE_4424_length_9793_cov_4.465752	2067	2200	45	14	133	0.1052632
NODE_4424_length_9793_cov_4.465752	2067	2200	46	16	133	0.1203008
NODE_4424_length_9793_cov_4.465752	2067	2200	47	7	133	0.0526316
NODE_4424_length_9793_cov_4.465752	2067	2200	48	13	133	0.0977444
NODE_4424_length_9793_cov_4.465752	2067	2200	49	3	133	0.0225564
NODE_4425_length_9792_cov_3.858661	3456	3589	7	5	133	0.0375940
NODE_4425_length_9792_cov_3.858661	3456	3589	8	18	133	0.1353384
NODE_4425_length_9792_cov_3.858661	3456	3589	9	3	133	0.0225564
NODE_4425_length_9792_cov_3.858661	3456	3589	12	8	133	0.0601504
NODE_4425_length_9792_cov_3.858661	3456	3589	13	4	133	0.0300752
NODE_4425_length_9792_cov_3.858661	3456	3589	14	16	133	0.1203008
NODE_4425_length_9792_cov_3.858661	3456	3589	18	1	133	0.0075188
NODE_4425_length_9792_cov_3.858661	3456	3589	19	20	133	0.1503759
NODE_4425_length_9792_cov_3.858661	3456	3589	20	14	133	0.1052632
NODE_4425_length_9792_cov_3.858661	3456	3589	21	25	133	0.1879699
NODE_4425_length_9792_cov_3.858661	3456	3589	22	19	133	0.1428571
NODE_44286_length_3742_cov_3.850124	2140	2273	2	37	133	0.2781955
NODE_44286_length_3742_cov_3.850124	2140	2273	3	73	133	0.5488722
NODE_44286_length_3742_cov_3.850124	2140	2273	4	23	133	0.1729323
NODE_4428_length_9789_cov_12.504334	5842	5975	25	5	133	0.0375940
NODE_4428_length_9789_cov_12.504334	5842	5975	26	24	133	0.1804511
NODE_4428_length_9789_cov_12.504334	5842	5975	27	10	133	0.0751880
NODE_4428_length_9789_cov_12.504334	5842	5975	28	6	133	0.0451128
NODE_4428_length_9789_cov_12.504334	5842	5975	32	6	133	0.0451128
NODE_4428_length_9789_cov_12.504334	5842	5975	33	3	133	0.0225564
NODE_4428_length_9789_cov_12.504334	5842	5975	34	3	133	0.0225564
NODE_4428_length_9789_cov_12.504334	5842	5975	36	1	133	0.0075188
NODE_4428_length_9789_cov_12.504334	5842	5975	37	3	133	0.0225564
NODE_4428_length_9789_cov_12.504334	5842	5975	38	11	133	0.0827068
NODE_4428_length_9789_cov_12.504334	5842	5975	39	13	133	0.0977444
NODE_4428_length_9789_cov_12.504334	5842	5975	40	27	133	0.2030075
NODE_4428_length_9789_cov_12.504334	5842	5975	41	15	133	0.1127820
NODE_4428_length_9789_cov_12.504334	5842	5975	42	6	133	0.0451128
NODE_443180_length_376_cov_1.844765	22	155	5	1	133	0.0075188
NODE_443180_length_376_cov_1.844765	22	155	6	11	133	0.0827068
NODE_443180_length_376_cov_1.844765	22	155	7	12	133	0.0902256
NODE_443180_length_376_cov_1.844765	22	155	8	10	133	0.0751880
NODE_443180_length_376_cov_1.844765	22	155	9	32	133	0.2406015
NODE_443180_length_376_cov_1.844765	22	155	11	7	133	0.0526316
NODE_443180_length_376_cov_1.844765	22	155	12	29	133	0.2180451
NODE_443180_length_376_cov_1.844765	22	155	13	31	133	0.2330827
NODE_443598_length_375_cov_2.510870	191	324	7	3	133	0.0225564
NODE_443598_length_375_cov_2.510870	191	324	9	6	133	0.0451128
NODE_443598_length_375_cov_2.510870	191	324	10	3	133	0.0225564
NODE_443598_length_375_cov_2.510870	191	324	11	3	133	0.0225564
NODE_443598_length_375_cov_2.510870	191	324	12	1	133	0.0075188
NODE_443598_length_375_cov_2.510870	191	324	13	2	133	0.0150376
NODE_443598_length_375_cov_2.510870	191	324	15	3	133	0.0225564
NODE_443598_length_375_cov_2.510870	191	324	16	5	133	0.0375940
NODE_443598_length_375_cov_2.510870	191	324	17	8	133	0.0601504
NODE_443598_length_375_cov_2.510870	191	324	18	23	133	0.1729323
NODE_443598_length_375_cov_2.510870	191	324	19	28	133	0.2105263
NODE_443598_length_375_cov_2.510870	191	324	20	13	133	0.0977444
NODE_443598_length_375_cov_2.510870	191	324	21	35	133	0.2631579
NODE_444021_length_374_cov_5.105455	226	359	4	5	133	0.0375940
NODE_444021_length_374_cov_5.105455	226	359	5	4	133	0.0300752
NODE_444021_length_374_cov_5.105455	226	359	6	6	133	0.0451128
NODE_444021_length_374_cov_5.105455	226	359	7	13	133	0.0977444
NODE_444021_length_374_cov_5.105455	226	359	8	16	133	0.1203008
NODE_444021_length_374_cov_5.105455	226	359	9	25	133	0.1879699
NODE_444021_length_374_cov_5.105455	226	359	11	2	133	0.0150376
NODE_444021_length_374_cov_5.105455	226	359	12	14	133	0.1052632
NODE_444021_length_374_cov_5.105455	226	359	14	13	133	0.0977444
NODE_444021_length_374_cov_5.105455	226	359	15	1	133	0.0075188
NODE_444021_length_374_cov_5.105455	226	359	16	34	133	0.2556391
NODE_44402_length_3736_cov_5.428650	3038	3171	0	133	133	1.0000000
NODE_44404_length_3736_cov_4.944185	2648	2781	16	8	133	0.0601504
NODE_44404_length_3736_cov_4.944185	2648	2781	17	8	133	0.0601504
NODE_44404_length_3736_cov_4.944185	2648	2781	18	5	133	0.0375940
NODE_44404_length_3736_cov_4.944185	2648	2781	19	4	133	0.0300752
NODE_44404_length_3736_cov_4.944185	2648	2781	20	2	133	0.0150376
NODE_44404_length_3736_cov_4.944185	2648	2781	22	9	133	0.0676692
NODE_44404_length_3736_cov_4.944185	2648	2781	23	14	133	0.1052632
NODE_44404_length_3736_cov_4.944185	2648	2781	24	10	133	0.0751880
NODE_44404_length_3736_cov_4.944185	2648	2781	25	21	133	0.1578947
NODE_44404_length_3736_cov_4.944185	2648	2781	26	9	133	0.0676692
NODE_44404_length_3736_cov_4.944185	2648	2781	27	24	133	0.1804511
NODE_44404_length_3736_cov_4.944185	2648	2781	28	6	133	0.0451128
NODE_44404_length_3736_cov_4.944185	2648	2781	29	13	133	0.0977444
NODE_4445_length_9775_cov_4.218995	7815	7948	7	1	133	0.0075188
NODE_4445_length_9775_cov_4.218995	7815	7948	9	2	133	0.0150376
NODE_4445_length_9775_cov_4.218995	7815	7948	10	1	133	0.0075188
NODE_4445_length_9775_cov_4.218995	7815	7948	11	1	133	0.0075188
NODE_4445_length_9775_cov_4.218995	7815	7948	12	1	133	0.0075188
NODE_4445_length_9775_cov_4.218995	7815	7948	13	31	133	0.2330827
NODE_4445_length_9775_cov_4.218995	7815	7948	14	65	133	0.4887218
NODE_4445_length_9775_cov_4.218995	7815	7948	15	27	133	0.2030075
NODE_4445_length_9775_cov_4.218995	7815	7948	16	4	133	0.0300752
NODE_44464_length_3734_cov_3.724347	438	571	9	24	133	0.1804511
NODE_44464_length_3734_cov_3.724347	438	571	11	3	133	0.0225564
NODE_44464_length_3734_cov_3.724347	438	571	12	9	133	0.0676692
NODE_44464_length_3734_cov_3.724347	438	571	15	2	133	0.0150376
NODE_44464_length_3734_cov_3.724347	438	571	17	1	133	0.0075188
NODE_44464_length_3734_cov_3.724347	438	571	18	6	133	0.0451128
NODE_44464_length_3734_cov_3.724347	438	571	19	17	133	0.1278196
NODE_44464_length_3734_cov_3.724347	438	571	20	15	133	0.1127820
NODE_44464_length_3734_cov_3.724347	438	571	21	30	133	0.2255639
NODE_44464_length_3734_cov_3.724347	438	571	22	3	133	0.0225564
NODE_44464_length_3734_cov_3.724347	438	571	23	4	133	0.0300752
NODE_44464_length_3734_cov_3.724347	438	571	24	10	133	0.0751880
NODE_44464_length_3734_cov_3.724347	438	571	25	9	133	0.0676692
NODE_444925_length_373_cov_2.368613	213	346	8	15	133	0.1127820
NODE_444925_length_373_cov_2.368613	213	346	9	12	133	0.0902256
NODE_444925_length_373_cov_2.368613	213	346	11	4	133	0.0300752
NODE_444925_length_373_cov_2.368613	213	346	12	3	133	0.0225564
NODE_444925_length_373_cov_2.368613	213	346	14	2	133	0.0150376
NODE_444925_length_373_cov_2.368613	213	346	15	1	133	0.0075188
NODE_444925_length_373_cov_2.368613	213	346	18	31	133	0.2330827
NODE_444925_length_373_cov_2.368613	213	346	19	4	133	0.0300752
NODE_444925_length_373_cov_2.368613	213	346	20	19	133	0.1428571
NODE_444925_length_373_cov_2.368613	213	346	21	22	133	0.1654135
NODE_444925_length_373_cov_2.368613	213	346	22	3	133	0.0225564
NODE_444925_length_373_cov_2.368613	213	346	23	17	133	0.1278196
NODE_44496_length_3732_cov_4.925406	2182	2315	3	54	133	0.4060150
NODE_44496_length_3732_cov_4.925406	2182	2315	4	25	133	0.1879699
NODE_44496_length_3732_cov_4.925406	2182	2315	5	54	133	0.4060150
NODE_4449_length_9773_cov_4.159293	3303	3436	1	32	133	0.2406015
NODE_4449_length_9773_cov_4.159293	3303	3436	2	1	133	0.0075188
NODE_4449_length_9773_cov_4.159293	3303	3436	3	100	133	0.7518797
NODE_44509_length_3731_cov_5.344989	1579	1712	1	28	133	0.2105263
NODE_44509_length_3731_cov_5.344989	1579	1712	2	12	133	0.0902256
NODE_44509_length_3731_cov_5.344989	1579	1712	3	93	133	0.6992481
NODE_445309_length_372_cov_4.534799	106	239	0	120	133	0.9022557
NODE_445309_length_372_cov_4.534799	106	239	2	13	133	0.0977444
NODE_44545_length_3730_cov_4.040760	2405	2538	5	2	133	0.0150376
NODE_44545_length_3730_cov_4.040760	2405	2538	6	4	133	0.0300752
NODE_44545_length_3730_cov_4.040760	2405	2538	7	7	133	0.0526316
NODE_44545_length_3730_cov_4.040760	2405	2538	8	2	133	0.0150376
NODE_44545_length_3730_cov_4.040760	2405	2538	9	11	133	0.0827068
NODE_44545_length_3730_cov_4.040760	2405	2538	10	35	133	0.2631579
NODE_44545_length_3730_cov_4.040760	2405	2538	11	34	133	0.2556391
NODE_44545_length_3730_cov_4.040760	2405	2538	12	25	133	0.1879699
NODE_44545_length_3730_cov_4.040760	2405	2538	13	2	133	0.0150376
NODE_44545_length_3730_cov_4.040760	2405	2538	14	11	133	0.0827068
NODE_4454_length_9767_cov_5.154634	8999	9132	11	2	133	0.0150376
NODE_4454_length_9767_cov_5.154634	8999	9132	12	13	133	0.0977444
NODE_4454_length_9767_cov_5.154634	8999	9132	13	7	133	0.0526316
NODE_4454_length_9767_cov_5.154634	8999	9132	14	10	133	0.0751880
NODE_4454_length_9767_cov_5.154634	8999	9132	16	1	133	0.0075188
NODE_4454_length_9767_cov_5.154634	8999	9132	17	14	133	0.1052632
NODE_4454_length_9767_cov_5.154634	8999	9132	19	2	133	0.0150376
NODE_4454_length_9767_cov_5.154634	8999	9132	20	7	133	0.0526316
NODE_4454_length_9767_cov_5.154634	8999	9132	21	12	133	0.0902256
NODE_4454_length_9767_cov_5.154634	8999	9132	22	1	133	0.0075188
NODE_4454_length_9767_cov_5.154634	8999	9132	23	4	133	0.0300752
NODE_4454_length_9767_cov_5.154634	8999	9132	24	17	133	0.1278196
NODE_4454_length_9767_cov_5.154634	8999	9132	25	20	133	0.1503759
NODE_4454_length_9767_cov_5.154634	8999	9132	26	2	133	0.0150376
NODE_4454_length_9767_cov_5.154634	8999	9132	27	11	133	0.0827068
NODE_4454_length_9767_cov_5.154634	8999	9132	28	6	133	0.0451128
NODE_4454_length_9767_cov_5.154634	8999	9132	29	3	133	0.0225564
NODE_4454_length_9767_cov_5.154634	8999	9132	30	1	133	0.0075188
NODE_44580_length_3728_cov_4.581152	682	815	10	2	133	0.0150376
NODE_44580_length_3728_cov_4.581152	682	815	11	17	133	0.1278196
NODE_44580_length_3728_cov_4.581152	682	815	12	1	133	0.0075188
NODE_44580_length_3728_cov_4.581152	682	815	13	4	133	0.0300752
NODE_44580_length_3728_cov_4.581152	682	815	14	2	133	0.0150376
NODE_44580_length_3728_cov_4.581152	682	815	16	3	133	0.0225564
NODE_44580_length_3728_cov_4.581152	682	815	17	14	133	0.1052632
NODE_44580_length_3728_cov_4.581152	682	815	18	1	133	0.0075188
NODE_44580_length_3728_cov_4.581152	682	815	19	13	133	0.0977444
NODE_44580_length_3728_cov_4.581152	682	815	20	1	133	0.0075188
NODE_44580_length_3728_cov_4.581152	682	815	22	1	133	0.0075188
NODE_44580_length_3728_cov_4.581152	682	815	23	7	133	0.0526316
NODE_44580_length_3728_cov_4.581152	682	815	24	3	133	0.0225564
NODE_44580_length_3728_cov_4.581152	682	815	25	9	133	0.0676692
NODE_44580_length_3728_cov_4.581152	682	815	26	6	133	0.0451128
NODE_44580_length_3728_cov_4.581152	682	815	27	11	133	0.0827068
NODE_44580_length_3728_cov_4.581152	682	815	28	7	133	0.0526316
NODE_44580_length_3728_cov_4.581152	682	815	29	8	133	0.0601504
NODE_44580_length_3728_cov_4.581152	682	815	30	3	133	0.0225564
NODE_44580_length_3728_cov_4.581152	682	815	31	6	133	0.0451128
NODE_44580_length_3728_cov_4.581152	682	815	32	2	133	0.0150376
NODE_44580_length_3728_cov_4.581152	682	815	33	12	133	0.0902256
NODE_4458_length_9766_cov_4.578256	760	893	12	11	133	0.0827068
NODE_4458_length_9766_cov_4.578256	760	893	13	3	133	0.0225564
NODE_4458_length_9766_cov_4.578256	760	893	14	11	133	0.0827068
NODE_4458_length_9766_cov_4.578256	760	893	15	10	133	0.0751880
NODE_4458_length_9766_cov_4.578256	760	893	16	4	133	0.0300752
NODE_4458_length_9766_cov_4.578256	760	893	17	59	133	0.4436090
NODE_4458_length_9766_cov_4.578256	760	893	18	23	133	0.1729323
NODE_4458_length_9766_cov_4.578256	760	893	19	3	133	0.0225564
NODE_4458_length_9766_cov_4.578256	760	893	20	9	133	0.0676692
NODE_445_length_18162_cov_4.342523	1922	2055	4	1	133	0.0075188
NODE_445_length_18162_cov_4.342523	1922	2055	5	19	133	0.1428571
NODE_445_length_18162_cov_4.342523	1922	2055	6	6	133	0.0451128
NODE_445_length_18162_cov_4.342523	1922	2055	7	4	133	0.0300752
NODE_445_length_18162_cov_4.342523	1922	2055	8	3	133	0.0225564
NODE_445_length_18162_cov_4.342523	1922	2055	9	2	133	0.0150376
NODE_445_length_18162_cov_4.342523	1922	2055	10	2	133	0.0150376
NODE_445_length_18162_cov_4.342523	1922	2055	12	3	133	0.0225564
NODE_445_length_18162_cov_4.342523	1922	2055	13	18	133	0.1353384
NODE_445_length_18162_cov_4.342523	1922	2055	14	45	133	0.3383459
NODE_445_length_18162_cov_4.342523	1922	2055	15	30	133	0.2255639
NODE_4463_length_9764_cov_4.619141	3857	3990	27	5	133	0.0375940
NODE_4463_length_9764_cov_4.619141	3857	3990	28	13	133	0.0977444
NODE_4463_length_9764_cov_4.619141	3857	3990	29	4	133	0.0300752
NODE_4463_length_9764_cov_4.619141	3857	3990	30	12	133	0.0902256
NODE_4463_length_9764_cov_4.619141	3857	3990	31	11	133	0.0827068
NODE_4463_length_9764_cov_4.619141	3857	3990	32	10	133	0.0751880
NODE_4463_length_9764_cov_4.619141	3857	3990	33	20	133	0.1503759
NODE_4463_length_9764_cov_4.619141	3857	3990	34	16	133	0.1203008
NODE_4463_length_9764_cov_4.619141	3857	3990	35	18	133	0.1353384
NODE_4463_length_9764_cov_4.619141	3857	3990	36	7	133	0.0526316
NODE_4463_length_9764_cov_4.619141	3857	3990	37	10	133	0.0751880
NODE_4463_length_9764_cov_4.619141	3857	3990	38	7	133	0.0526316
NODE_446515_length_371_cov_0.933824	221	354	3	5	133	0.0375940
NODE_446515_length_371_cov_0.933824	221	354	4	29	133	0.2180451
NODE_446515_length_371_cov_0.933824	221	354	5	9	133	0.0676692
NODE_446515_length_371_cov_0.933824	221	354	6	25	133	0.1879699
NODE_446515_length_371_cov_0.933824	221	354	7	6	133	0.0451128
NODE_446515_length_371_cov_0.933824	221	354	9	17	133	0.1278196
NODE_446515_length_371_cov_0.933824	221	354	10	7	133	0.0526316
NODE_446515_length_371_cov_0.933824	221	354	12	35	133	0.2631579
NODE_44731_length_3721_cov_3.377140	164	297	11	10	133	0.0751880
NODE_44731_length_3721_cov_3.377140	164	297	12	28	133	0.2105263
NODE_44731_length_3721_cov_3.377140	164	297	13	2	133	0.0150376
NODE_44731_length_3721_cov_3.377140	164	297	14	14	133	0.1052632
NODE_44731_length_3721_cov_3.377140	164	297	15	33	133	0.2481203
NODE_44731_length_3721_cov_3.377140	164	297	16	42	133	0.3157895
NODE_44731_length_3721_cov_3.377140	164	297	17	4	133	0.0300752
NODE_44749_length_3720_cov_4.598730	2595	2728	7	1	133	0.0075188
NODE_44749_length_3720_cov_4.598730	2595	2728	8	2	133	0.0150376
NODE_44749_length_3720_cov_4.598730	2595	2728	9	26	133	0.1954887
NODE_44749_length_3720_cov_4.598730	2595	2728	11	2	133	0.0150376
NODE_44749_length_3720_cov_4.598730	2595	2728	12	1	133	0.0075188
NODE_44749_length_3720_cov_4.598730	2595	2728	13	4	133	0.0300752
NODE_44749_length_3720_cov_4.598730	2595	2728	14	39	133	0.2932331
NODE_44749_length_3720_cov_4.598730	2595	2728	15	27	133	0.2030075
NODE_44749_length_3720_cov_4.598730	2595	2728	16	23	133	0.1729323
NODE_44749_length_3720_cov_4.598730	2595	2728	17	6	133	0.0451128
NODE_44749_length_3720_cov_4.598730	2595	2728	18	1	133	0.0075188
NODE_44749_length_3720_cov_4.598730	2595	2728	19	1	133	0.0075188
NODE_447509_length_369_cov_2.100000	56	189	1	18	133	0.1353384
NODE_447509_length_369_cov_2.100000	56	189	3	3	133	0.0225564
NODE_447509_length_369_cov_2.100000	56	189	4	70	133	0.5263158
NODE_447509_length_369_cov_2.100000	56	189	5	31	133	0.2330827
NODE_447509_length_369_cov_2.100000	56	189	6	11	133	0.0827068
NODE_44797_length_3718_cov_4.821498	2470	2603	8	3	133	0.0225564
NODE_44797_length_3718_cov_4.821498	2470	2603	9	4	133	0.0300752
NODE_44797_length_3718_cov_4.821498	2470	2603	11	16	133	0.1203008
NODE_44797_length_3718_cov_4.821498	2470	2603	13	39	133	0.2932331
NODE_44797_length_3718_cov_4.821498	2470	2603	14	16	133	0.1203008
NODE_44797_length_3718_cov_4.821498	2470	2603	15	20	133	0.1503759
NODE_44797_length_3718_cov_4.821498	2470	2603	16	22	133	0.1654135
NODE_44797_length_3718_cov_4.821498	2470	2603	17	13	133	0.0977444
NODE_44817_length_3717_cov_5.076009	781	914	5	1	133	0.0075188
NODE_44817_length_3717_cov_5.076009	781	914	6	1	133	0.0075188
NODE_44817_length_3717_cov_5.076009	781	914	7	15	133	0.1127820
NODE_44817_length_3717_cov_5.076009	781	914	8	48	133	0.3609022
NODE_44817_length_3717_cov_5.076009	781	914	9	2	133	0.0150376
NODE_44817_length_3717_cov_5.076009	781	914	10	30	133	0.2255639
NODE_44817_length_3717_cov_5.076009	781	914	11	16	133	0.1203008
NODE_44817_length_3717_cov_5.076009	781	914	12	20	133	0.1503759
NODE_44821_length_3717_cov_4.115257	2785	2918	13	8	133	0.0601504
NODE_44821_length_3717_cov_4.115257	2785	2918	14	9	133	0.0676692
NODE_44821_length_3717_cov_4.115257	2785	2918	15	2	133	0.0150376
NODE_44821_length_3717_cov_4.115257	2785	2918	16	6	133	0.0451128
NODE_44821_length_3717_cov_4.115257	2785	2918	18	3	133	0.0225564
NODE_44821_length_3717_cov_4.115257	2785	2918	20	8	133	0.0601504
NODE_44821_length_3717_cov_4.115257	2785	2918	21	15	133	0.1127820
NODE_44821_length_3717_cov_4.115257	2785	2918	22	13	133	0.0977444
NODE_44821_length_3717_cov_4.115257	2785	2918	23	21	133	0.1578947
NODE_44821_length_3717_cov_4.115257	2785	2918	24	10	133	0.0751880
NODE_44821_length_3717_cov_4.115257	2785	2918	25	16	133	0.1203008
NODE_44821_length_3717_cov_4.115257	2785	2918	26	2	133	0.0150376
NODE_44821_length_3717_cov_4.115257	2785	2918	27	20	133	0.1503759
NODE_44838_length_3716_cov_5.108377	358	491	5	14	133	0.1052632
NODE_44838_length_3716_cov_5.108377	358	491	6	2	133	0.0150376
NODE_44838_length_3716_cov_5.108377	358	491	8	30	133	0.2255639
NODE_44838_length_3716_cov_5.108377	358	491	9	9	133	0.0676692
NODE_44838_length_3716_cov_5.108377	358	491	10	7	133	0.0526316
NODE_44838_length_3716_cov_5.108377	358	491	11	1	133	0.0075188
NODE_44838_length_3716_cov_5.108377	358	491	12	25	133	0.1879699
NODE_44838_length_3716_cov_5.108377	358	491	13	39	133	0.2932331
NODE_44838_length_3716_cov_5.108377	358	491	14	6	133	0.0451128
NODE_44888_length_3714_cov_4.889073	1309	1442	15	4	133	0.0300752
NODE_44888_length_3714_cov_4.889073	1309	1442	17	2	133	0.0150376
NODE_44888_length_3714_cov_4.889073	1309	1442	19	9	133	0.0676692
NODE_44888_length_3714_cov_4.889073	1309	1442	20	9	133	0.0676692
NODE_44888_length_3714_cov_4.889073	1309	1442	21	1	133	0.0075188
NODE_44888_length_3714_cov_4.889073	1309	1442	24	4	133	0.0300752
NODE_44888_length_3714_cov_4.889073	1309	1442	25	2	133	0.0150376
NODE_44888_length_3714_cov_4.889073	1309	1442	26	9	133	0.0676692
NODE_44888_length_3714_cov_4.889073	1309	1442	27	4	133	0.0300752
NODE_44888_length_3714_cov_4.889073	1309	1442	28	5	133	0.0375940
NODE_44888_length_3714_cov_4.889073	1309	1442	29	5	133	0.0375940
NODE_44888_length_3714_cov_4.889073	1309	1442	31	6	133	0.0451128
NODE_44888_length_3714_cov_4.889073	1309	1442	32	1	133	0.0075188
NODE_44888_length_3714_cov_4.889073	1309	1442	33	4	133	0.0300752
NODE_44888_length_3714_cov_4.889073	1309	1442	34	1	133	0.0075188
NODE_44888_length_3714_cov_4.889073	1309	1442	35	14	133	0.1052632
NODE_44888_length_3714_cov_4.889073	1309	1442	36	11	133	0.0827068
NODE_44888_length_3714_cov_4.889073	1309	1442	37	30	133	0.2255639
NODE_44888_length_3714_cov_4.889073	1309	1442	39	12	133	0.0902256
NODE_44904_length_3714_cov_3.614385	3151	3284	2	20	133	0.1503759
NODE_44904_length_3714_cov_3.614385	3151	3284	3	8	133	0.0601504
NODE_44904_length_3714_cov_3.614385	3151	3284	5	30	133	0.2255639
NODE_44904_length_3714_cov_3.614385	3151	3284	6	30	133	0.2255639
NODE_44904_length_3714_cov_3.614385	3151	3284	8	45	133	0.3383459
NODE_44937_length_3712_cov_4.927207	1811	1944	8	4	133	0.0300752
NODE_44937_length_3712_cov_4.927207	1811	1944	9	5	133	0.0375940
NODE_44937_length_3712_cov_4.927207	1811	1944	10	19	133	0.1428571
NODE_44937_length_3712_cov_4.927207	1811	1944	11	59	133	0.4436090
NODE_44937_length_3712_cov_4.927207	1811	1944	12	22	133	0.1654135
NODE_44937_length_3712_cov_4.927207	1811	1944	13	21	133	0.1578947
NODE_44937_length_3712_cov_4.927207	1811	1944	14	3	133	0.0225564
NODE_44980_length_3710_cov_6.607311	1825	1958	32	3	133	0.0225564
NODE_44980_length_3710_cov_6.607311	1825	1958	33	5	133	0.0375940
NODE_44980_length_3710_cov_6.607311	1825	1958	34	2	133	0.0150376
NODE_44980_length_3710_cov_6.607311	1825	1958	35	3	133	0.0225564
NODE_44980_length_3710_cov_6.607311	1825	1958	37	1	133	0.0075188
NODE_44980_length_3710_cov_6.607311	1825	1958	38	2	133	0.0150376
NODE_44980_length_3710_cov_6.607311	1825	1958	54	3	133	0.0225564
NODE_44980_length_3710_cov_6.607311	1825	1958	55	4	133	0.0300752
NODE_44980_length_3710_cov_6.607311	1825	1958	57	1	133	0.0075188
NODE_44980_length_3710_cov_6.607311	1825	1958	59	1	133	0.0075188
NODE_44980_length_3710_cov_6.607311	1825	1958	60	1	133	0.0075188
NODE_44980_length_3710_cov_6.607311	1825	1958	62	5	133	0.0375940
NODE_44980_length_3710_cov_6.607311	1825	1958	64	1	133	0.0075188
NODE_44980_length_3710_cov_6.607311	1825	1958	66	1	133	0.0075188
NODE_44980_length_3710_cov_6.607311	1825	1958	67	6	133	0.0451128
NODE_44980_length_3710_cov_6.607311	1825	1958	70	1	133	0.0075188
NODE_44980_length_3710_cov_6.607311	1825	1958	72	1	133	0.0075188
NODE_44980_length_3710_cov_6.607311	1825	1958	75	2	133	0.0150376
NODE_44980_length_3710_cov_6.607311	1825	1958	77	2	133	0.0150376
NODE_44980_length_3710_cov_6.607311	1825	1958	78	2	133	0.0150376
NODE_44980_length_3710_cov_6.607311	1825	1958	82	6	133	0.0451128
NODE_44980_length_3710_cov_6.607311	1825	1958	83	8	133	0.0601504
NODE_44980_length_3710_cov_6.607311	1825	1958	84	7	133	0.0526316
NODE_44980_length_3710_cov_6.607311	1825	1958	85	1	133	0.0075188
NODE_44980_length_3710_cov_6.607311	1825	1958	86	1	133	0.0075188
NODE_44980_length_3710_cov_6.607311	1825	1958	87	3	133	0.0225564
NODE_44980_length_3710_cov_6.607311	1825	1958	88	1	133	0.0075188
NODE_44980_length_3710_cov_6.607311	1825	1958	89	2	133	0.0150376
NODE_44980_length_3710_cov_6.607311	1825	1958	90	1	133	0.0075188
NODE_44980_length_3710_cov_6.607311	1825	1958	91	3	133	0.0225564
NODE_44980_length_3710_cov_6.607311	1825	1958	92	11	133	0.0827068
NODE_44980_length_3710_cov_6.607311	1825	1958	93	10	133	0.0751880
NODE_44980_length_3710_cov_6.607311	1825	1958	94	4	133	0.0300752
NODE_44980_length_3710_cov_6.607311	1825	1958	96	3	133	0.0225564
NODE_44980_length_3710_cov_6.607311	1825	1958	98	2	133	0.0150376
NODE_44980_length_3710_cov_6.607311	1825	1958	99	1	133	0.0075188
NODE_44980_length_3710_cov_6.607311	1825	1958	100	9	133	0.0676692
NODE_44980_length_3710_cov_6.607311	1825	1958	101	5	133	0.0375940
NODE_44980_length_3710_cov_6.607311	1825	1958	102	5	133	0.0375940
NODE_44980_length_3710_cov_6.607311	1825	1958	103	3	133	0.0225564
NODE_44981_length_3710_cov_5.938521	488	621	10	14	133	0.1052632
NODE_44981_length_3710_cov_5.938521	488	621	12	4	133	0.0300752
NODE_44981_length_3710_cov_5.938521	488	621	13	16	133	0.1203008
NODE_44981_length_3710_cov_5.938521	488	621	15	10	133	0.0751880
NODE_44981_length_3710_cov_5.938521	488	621	16	2	133	0.0150376
NODE_44981_length_3710_cov_5.938521	488	621	17	5	133	0.0375940
NODE_44981_length_3710_cov_5.938521	488	621	18	47	133	0.3533835
NODE_44981_length_3710_cov_5.938521	488	621	19	35	133	0.2631579
NODE_44991_length_3710_cov_4.526447	2553	2686	9	28	133	0.2105263
NODE_44991_length_3710_cov_4.526447	2553	2686	10	17	133	0.1278196
NODE_44991_length_3710_cov_4.526447	2553	2686	11	3	133	0.0225564
NODE_44991_length_3710_cov_4.526447	2553	2686	12	4	133	0.0300752
NODE_44991_length_3710_cov_4.526447	2553	2686	13	17	133	0.1278196
NODE_44991_length_3710_cov_4.526447	2553	2686	14	18	133	0.1353384
NODE_44991_length_3710_cov_4.526447	2553	2686	15	1	133	0.0075188
NODE_44991_length_3710_cov_4.526447	2553	2686	16	40	133	0.3007519
NODE_44991_length_3710_cov_4.526447	2553	2686	17	5	133	0.0375940
NODE_45048_length_3708_cov_3.407869	2925	3058	5	1	133	0.0075188
NODE_45048_length_3708_cov_3.407869	2925	3058	6	3	133	0.0225564
NODE_45048_length_3708_cov_3.407869	2925	3058	7	1	133	0.0075188
NODE_45048_length_3708_cov_3.407869	2925	3058	10	21	133	0.1578947
NODE_45048_length_3708_cov_3.407869	2925	3058	12	1	133	0.0075188
NODE_45048_length_3708_cov_3.407869	2925	3058	13	5	133	0.0375940
NODE_45048_length_3708_cov_3.407869	2925	3058	14	9	133	0.0676692
NODE_45048_length_3708_cov_3.407869	2925	3058	15	26	133	0.1954887
NODE_45048_length_3708_cov_3.407869	2925	3058	16	32	133	0.2406015
NODE_45048_length_3708_cov_3.407869	2925	3058	17	21	133	0.1578947
NODE_45048_length_3708_cov_3.407869	2925	3058	18	13	133	0.0977444
NODE_4505_length_9732_cov_4.510329	6886	7019	14	4	133	0.0300752
NODE_4505_length_9732_cov_4.510329	6886	7019	15	4	133	0.0300752
NODE_4505_length_9732_cov_4.510329	6886	7019	16	4	133	0.0300752
NODE_4505_length_9732_cov_4.510329	6886	7019	18	8	133	0.0601504
NODE_4505_length_9732_cov_4.510329	6886	7019	19	4	133	0.0300752
NODE_4505_length_9732_cov_4.510329	6886	7019	20	18	133	0.1353384
NODE_4505_length_9732_cov_4.510329	6886	7019	21	32	133	0.2406015
NODE_4505_length_9732_cov_4.510329	6886	7019	22	16	133	0.1203008
NODE_4505_length_9732_cov_4.510329	6886	7019	23	37	133	0.2781955
NODE_4505_length_9732_cov_4.510329	6886	7019	24	2	133	0.0150376
NODE_4505_length_9732_cov_4.510329	6886	7019	25	4	133	0.0300752
NODE_45075_length_3706_cov_4.908788	257	390	5	16	133	0.1203008
NODE_45075_length_3706_cov_4.908788	257	390	6	43	133	0.3233083
NODE_45075_length_3706_cov_4.908788	257	390	7	41	133	0.3082707
NODE_45075_length_3706_cov_4.908788	257	390	8	17	133	0.1278196
NODE_45075_length_3706_cov_4.908788	257	390	9	3	133	0.0225564
NODE_45075_length_3706_cov_4.908788	257	390	10	13	133	0.0977444
NODE_45105_length_3705_cov_4.732113	3459	3592	2	6	133	0.0451128
NODE_45105_length_3705_cov_4.732113	3459	3592	3	18	133	0.1353384
NODE_45105_length_3705_cov_4.732113	3459	3592	4	41	133	0.3082707
NODE_45105_length_3705_cov_4.732113	3459	3592	5	38	133	0.2857143
NODE_45105_length_3705_cov_4.732113	3459	3592	6	30	133	0.2255639
NODE_45122_length_3704_cov_5.127601	2394	2527	15	1	133	0.0075188
NODE_45122_length_3704_cov_5.127601	2394	2527	16	8	133	0.0601504
NODE_45122_length_3704_cov_5.127601	2394	2527	17	10	133	0.0751880
NODE_45122_length_3704_cov_5.127601	2394	2527	18	3	133	0.0225564
NODE_45122_length_3704_cov_5.127601	2394	2527	19	2	133	0.0150376
NODE_45122_length_3704_cov_5.127601	2394	2527	20	6	133	0.0451128
NODE_45122_length_3704_cov_5.127601	2394	2527	21	21	133	0.1578947
NODE_45122_length_3704_cov_5.127601	2394	2527	22	12	133	0.0902256
NODE_45122_length_3704_cov_5.127601	2394	2527	23	13	133	0.0977444
NODE_45122_length_3704_cov_5.127601	2394	2527	24	34	133	0.2556391
NODE_45122_length_3704_cov_5.127601	2394	2527	25	11	133	0.0827068
NODE_45122_length_3704_cov_5.127601	2394	2527	26	7	133	0.0526316
NODE_45122_length_3704_cov_5.127601	2394	2527	27	3	133	0.0225564
NODE_45122_length_3704_cov_5.127601	2394	2527	28	1	133	0.0075188
NODE_45122_length_3704_cov_5.127601	2394	2527	29	1	133	0.0075188
NODE_45159_length_3703_cov_3.777469	1410	1543	3	33	133	0.2481203
NODE_45159_length_3703_cov_3.777469	1410	1543	4	20	133	0.1503759
NODE_45159_length_3703_cov_3.777469	1410	1543	5	1	133	0.0075188
NODE_45159_length_3703_cov_3.777469	1410	1543	7	8	133	0.0601504
NODE_45159_length_3703_cov_3.777469	1410	1543	8	63	133	0.4736842
NODE_45159_length_3703_cov_3.777469	1410	1543	9	8	133	0.0601504
NODE_4516_length_9724_cov_3.878442	7522	7655	12	8	133	0.0601504
NODE_4516_length_9724_cov_3.878442	7522	7655	13	6	133	0.0451128
NODE_4516_length_9724_cov_3.878442	7522	7655	16	1	133	0.0075188
NODE_4516_length_9724_cov_3.878442	7522	7655	18	2	133	0.0150376
NODE_4516_length_9724_cov_3.878442	7522	7655	19	3	133	0.0225564
NODE_4516_length_9724_cov_3.878442	7522	7655	20	2	133	0.0150376
NODE_4516_length_9724_cov_3.878442	7522	7655	21	10	133	0.0751880
NODE_4516_length_9724_cov_3.878442	7522	7655	22	8	133	0.0601504
NODE_4516_length_9724_cov_3.878442	7522	7655	23	26	133	0.1954887
NODE_4516_length_9724_cov_3.878442	7522	7655	24	17	133	0.1278196
NODE_4516_length_9724_cov_3.878442	7522	7655	25	28	133	0.2105263
NODE_4516_length_9724_cov_3.878442	7522	7655	26	16	133	0.1203008
NODE_4516_length_9724_cov_3.878442	7522	7655	27	6	133	0.0451128
NODE_4517_length_9723_cov_11.001143	163	296	0	133	133	1.0000000
NODE_451934_length_362_cov_3.030418	41	174	9	2	133	0.0150376
NODE_451934_length_362_cov_3.030418	41	174	10	9	133	0.0676692
NODE_451934_length_362_cov_3.030418	41	174	12	11	133	0.0827068
NODE_451934_length_362_cov_3.030418	41	174	13	8	133	0.0601504
NODE_451934_length_362_cov_3.030418	41	174	14	13	133	0.0977444
NODE_451934_length_362_cov_3.030418	41	174	15	21	133	0.1578947
NODE_451934_length_362_cov_3.030418	41	174	16	33	133	0.2481203
NODE_451934_length_362_cov_3.030418	41	174	17	36	133	0.2706767
NODE_45201_length_3701_cov_4.499167	2429	2562	3	15	133	0.1127820
NODE_45201_length_3701_cov_4.499167	2429	2562	4	14	133	0.1052632
NODE_45201_length_3701_cov_4.499167	2429	2562	6	59	133	0.4436090
NODE_45201_length_3701_cov_4.499167	2429	2562	7	25	133	0.1879699
NODE_45201_length_3701_cov_4.499167	2429	2562	8	20	133	0.1503759
NODE_4520_length_9721_cov_3.257951	5375	5508	14	13	133	0.0977444
NODE_4520_length_9721_cov_3.257951	5375	5508	15	9	133	0.0676692
NODE_4520_length_9721_cov_3.257951	5375	5508	16	10	133	0.0751880
NODE_4520_length_9721_cov_3.257951	5375	5508	17	7	133	0.0526316
NODE_4520_length_9721_cov_3.257951	5375	5508	19	3	133	0.0225564
NODE_4520_length_9721_cov_3.257951	5375	5508	20	3	133	0.0225564
NODE_4520_length_9721_cov_3.257951	5375	5508	21	6	133	0.0451128
NODE_4520_length_9721_cov_3.257951	5375	5508	22	36	133	0.2706767
NODE_4520_length_9721_cov_3.257951	5375	5508	23	2	133	0.0150376
NODE_4520_length_9721_cov_3.257951	5375	5508	24	5	133	0.0375940
NODE_4520_length_9721_cov_3.257951	5375	5508	25	7	133	0.0526316
NODE_4520_length_9721_cov_3.257951	5375	5508	26	17	133	0.1278196
NODE_4520_length_9721_cov_3.257951	5375	5508	27	15	133	0.1127820
NODE_452407_length_362_cov_1.433460	152	285	4	7	133	0.0526316
NODE_452407_length_362_cov_1.433460	152	285	5	17	133	0.1278196
NODE_452407_length_362_cov_1.433460	152	285	6	1	133	0.0075188
NODE_452407_length_362_cov_1.433460	152	285	7	46	133	0.3458647
NODE_452407_length_362_cov_1.433460	152	285	8	6	133	0.0451128
NODE_452407_length_362_cov_1.433460	152	285	9	2	133	0.0150376
NODE_452407_length_362_cov_1.433460	152	285	10	10	133	0.0751880
NODE_452407_length_362_cov_1.433460	152	285	11	20	133	0.1503759
NODE_452407_length_362_cov_1.433460	152	285	13	22	133	0.1654135
NODE_452407_length_362_cov_1.433460	152	285	14	2	133	0.0150376
NODE_45255_length_3698_cov_5.509864	244	377	13	13	133	0.0977444
NODE_45255_length_3698_cov_5.509864	244	377	14	8	133	0.0601504
NODE_45255_length_3698_cov_5.509864	244	377	16	12	133	0.0902256
NODE_45255_length_3698_cov_5.509864	244	377	17	19	133	0.1428571
NODE_45255_length_3698_cov_5.509864	244	377	19	10	133	0.0751880
NODE_45255_length_3698_cov_5.509864	244	377	22	5	133	0.0375940
NODE_45255_length_3698_cov_5.509864	244	377	23	8	133	0.0601504
NODE_45255_length_3698_cov_5.509864	244	377	24	6	133	0.0451128
NODE_45255_length_3698_cov_5.509864	244	377	25	3	133	0.0225564
NODE_45255_length_3698_cov_5.509864	244	377	26	2	133	0.0150376
NODE_45255_length_3698_cov_5.509864	244	377	27	7	133	0.0526316
NODE_45255_length_3698_cov_5.509864	244	377	28	9	133	0.0676692
NODE_45255_length_3698_cov_5.509864	244	377	29	13	133	0.0977444
NODE_45255_length_3698_cov_5.509864	244	377	30	18	133	0.1353384
NODE_452563_length_361_cov_3.503817	210	343	1	47	133	0.3533835
NODE_452563_length_361_cov_3.503817	210	343	3	22	133	0.1654135
NODE_452563_length_361_cov_3.503817	210	343	4	18	133	0.1353384
NODE_452563_length_361_cov_3.503817	210	343	6	46	133	0.3458647
NODE_45270_length_3698_cov_3.677133	3024	3157	11	6	133	0.0451128
NODE_45270_length_3698_cov_3.677133	3024	3157	12	14	133	0.1052632
NODE_45270_length_3698_cov_3.677133	3024	3157	13	22	133	0.1654135
NODE_45270_length_3698_cov_3.677133	3024	3157	14	58	133	0.4360902
NODE_45270_length_3698_cov_3.677133	3024	3157	15	25	133	0.1879699
NODE_45270_length_3698_cov_3.677133	3024	3157	16	8	133	0.0601504
NODE_45273_length_3697_cov_12.907449	2675	2808	13	5	133	0.0375940
NODE_45273_length_3697_cov_12.907449	2675	2808	14	17	133	0.1278196
NODE_45273_length_3697_cov_12.907449	2675	2808	15	2	133	0.0150376
NODE_45273_length_3697_cov_12.907449	2675	2808	16	8	133	0.0601504
NODE_45273_length_3697_cov_12.907449	2675	2808	17	8	133	0.0601504
NODE_45273_length_3697_cov_12.907449	2675	2808	18	7	133	0.0526316
NODE_45273_length_3697_cov_12.907449	2675	2808	19	17	133	0.1278196
NODE_45273_length_3697_cov_12.907449	2675	2808	20	27	133	0.2030075
NODE_45273_length_3697_cov_12.907449	2675	2808	21	19	133	0.1428571
NODE_45273_length_3697_cov_12.907449	2675	2808	22	18	133	0.1353384
NODE_45273_length_3697_cov_12.907449	2675	2808	23	5	133	0.0375940
NODE_4527_length_9713_cov_4.625130	7527	7660	1	4	133	0.0300752
NODE_4527_length_9713_cov_4.625130	7527	7660	3	21	133	0.1578947
NODE_4527_length_9713_cov_4.625130	7527	7660	4	73	133	0.5488722
NODE_4527_length_9713_cov_4.625130	7527	7660	5	28	133	0.2105263
NODE_4527_length_9713_cov_4.625130	7527	7660	6	7	133	0.0526316
NODE_45310_length_3696_cov_4.161245	2536	2669	7	30	133	0.2255639
NODE_45310_length_3696_cov_4.161245	2536	2669	8	24	133	0.1804511
NODE_45310_length_3696_cov_4.161245	2536	2669	9	36	133	0.2706767
NODE_45310_length_3696_cov_4.161245	2536	2669	10	27	133	0.2030075
NODE_45310_length_3696_cov_4.161245	2536	2669	11	16	133	0.1203008
NODE_4531_length_9709_cov_16.018314	5323	5456	10	2	133	0.0150376
NODE_4531_length_9709_cov_16.018314	5323	5456	11	9	133	0.0676692
NODE_4531_length_9709_cov_16.018314	5323	5456	12	14	133	0.1052632
NODE_4531_length_9709_cov_16.018314	5323	5456	13	3	133	0.0225564
NODE_4531_length_9709_cov_16.018314	5323	5456	14	6	133	0.0451128
NODE_4531_length_9709_cov_16.018314	5323	5456	16	6	133	0.0451128
NODE_4531_length_9709_cov_16.018314	5323	5456	17	1	133	0.0075188
NODE_4531_length_9709_cov_16.018314	5323	5456	18	4	133	0.0300752
NODE_4531_length_9709_cov_16.018314	5323	5456	20	2	133	0.0150376
NODE_4531_length_9709_cov_16.018314	5323	5456	21	19	133	0.1428571
NODE_4531_length_9709_cov_16.018314	5323	5456	22	19	133	0.1428571
NODE_4531_length_9709_cov_16.018314	5323	5456	23	7	133	0.0526316
NODE_4531_length_9709_cov_16.018314	5323	5456	24	7	133	0.0526316
NODE_4531_length_9709_cov_16.018314	5323	5456	28	1	133	0.0075188
NODE_4531_length_9709_cov_16.018314	5323	5456	29	16	133	0.1203008
NODE_4531_length_9709_cov_16.018314	5323	5456	30	17	133	0.1278196
NODE_4533_length_9709_cov_4.474194	6223	6356	47	2	133	0.0150376
NODE_4533_length_9709_cov_4.474194	6223	6356	48	5	133	0.0375940
NODE_4533_length_9709_cov_4.474194	6223	6356	49	3	133	0.0225564
NODE_4533_length_9709_cov_4.474194	6223	6356	50	2	133	0.0150376
NODE_4533_length_9709_cov_4.474194	6223	6356	51	3	133	0.0225564
NODE_4533_length_9709_cov_4.474194	6223	6356	52	5	133	0.0375940
NODE_4533_length_9709_cov_4.474194	6223	6356	53	2	133	0.0150376
NODE_4533_length_9709_cov_4.474194	6223	6356	54	10	133	0.0751880
NODE_4533_length_9709_cov_4.474194	6223	6356	55	13	133	0.0977444
NODE_4533_length_9709_cov_4.474194	6223	6356	56	2	133	0.0150376
NODE_4533_length_9709_cov_4.474194	6223	6356	57	1	133	0.0075188
NODE_4533_length_9709_cov_4.474194	6223	6356	58	7	133	0.0526316
NODE_4533_length_9709_cov_4.474194	6223	6356	59	3	133	0.0225564
NODE_4533_length_9709_cov_4.474194	6223	6356	61	10	133	0.0751880
NODE_4533_length_9709_cov_4.474194	6223	6356	62	5	133	0.0375940
NODE_4533_length_9709_cov_4.474194	6223	6356	63	4	133	0.0300752
NODE_4533_length_9709_cov_4.474194	6223	6356	64	2	133	0.0150376
NODE_4533_length_9709_cov_4.474194	6223	6356	65	2	133	0.0150376
NODE_4533_length_9709_cov_4.474194	6223	6356	67	11	133	0.0827068
NODE_4533_length_9709_cov_4.474194	6223	6356	68	7	133	0.0526316
NODE_4533_length_9709_cov_4.474194	6223	6356	69	6	133	0.0451128
NODE_4533_length_9709_cov_4.474194	6223	6356	70	10	133	0.0751880
NODE_4533_length_9709_cov_4.474194	6223	6356	71	3	133	0.0225564
NODE_4533_length_9709_cov_4.474194	6223	6356	72	4	133	0.0300752
NODE_4533_length_9709_cov_4.474194	6223	6356	73	8	133	0.0601504
NODE_4533_length_9709_cov_4.474194	6223	6356	74	3	133	0.0225564
NODE_453511_length_360_cov_2.072797	34	167	6	1	133	0.0075188
NODE_453511_length_360_cov_2.072797	34	167	7	25	133	0.1879699
NODE_453511_length_360_cov_2.072797	34	167	8	4	133	0.0300752
NODE_453511_length_360_cov_2.072797	34	167	9	3	133	0.0225564
NODE_453511_length_360_cov_2.072797	34	167	11	3	133	0.0225564
NODE_453511_length_360_cov_2.072797	34	167	13	1	133	0.0075188
NODE_453511_length_360_cov_2.072797	34	167	14	4	133	0.0300752
NODE_453511_length_360_cov_2.072797	34	167	15	2	133	0.0150376
NODE_453511_length_360_cov_2.072797	34	167	16	9	133	0.0676692
NODE_453511_length_360_cov_2.072797	34	167	17	2	133	0.0150376
NODE_453511_length_360_cov_2.072797	34	167	19	2	133	0.0150376
NODE_453511_length_360_cov_2.072797	34	167	20	5	133	0.0375940
NODE_453511_length_360_cov_2.072797	34	167	21	2	133	0.0150376
NODE_453511_length_360_cov_2.072797	34	167	22	5	133	0.0375940
NODE_453511_length_360_cov_2.072797	34	167	23	11	133	0.0827068
NODE_453511_length_360_cov_2.072797	34	167	24	52	133	0.3909774
NODE_453511_length_360_cov_2.072797	34	167	25	2	133	0.0150376
NODE_45376_length_3693_cov_5.215359	3236	3369	16	4	133	0.0300752
NODE_45376_length_3693_cov_5.215359	3236	3369	18	9	133	0.0676692
NODE_45376_length_3693_cov_5.215359	3236	3369	19	3	133	0.0225564
NODE_45376_length_3693_cov_5.215359	3236	3369	20	13	133	0.0977444
NODE_45376_length_3693_cov_5.215359	3236	3369	21	14	133	0.1052632
NODE_45376_length_3693_cov_5.215359	3236	3369	22	3	133	0.0225564
NODE_45376_length_3693_cov_5.215359	3236	3369	23	1	133	0.0075188
NODE_45376_length_3693_cov_5.215359	3236	3369	24	13	133	0.0977444
NODE_45376_length_3693_cov_5.215359	3236	3369	25	20	133	0.1503759
NODE_45376_length_3693_cov_5.215359	3236	3369	26	14	133	0.1052632
NODE_45376_length_3693_cov_5.215359	3236	3369	27	5	133	0.0375940
NODE_45376_length_3693_cov_5.215359	3236	3369	28	4	133	0.0300752
NODE_45376_length_3693_cov_5.215359	3236	3369	29	8	133	0.0601504
NODE_45376_length_3693_cov_5.215359	3236	3369	30	7	133	0.0526316
NODE_45376_length_3693_cov_5.215359	3236	3369	31	14	133	0.1052632
NODE_45376_length_3693_cov_5.215359	3236	3369	32	1	133	0.0075188
NODE_4537_length_9706_cov_4.816904	7845	7978	7	11	133	0.0827068
NODE_4537_length_9706_cov_4.816904	7845	7978	9	25	133	0.1879699
NODE_4537_length_9706_cov_4.816904	7845	7978	10	13	133	0.0977444
NODE_4537_length_9706_cov_4.816904	7845	7978	11	26	133	0.1954887
NODE_4537_length_9706_cov_4.816904	7845	7978	12	27	133	0.2030075
NODE_4537_length_9706_cov_4.816904	7845	7978	13	12	133	0.0902256
NODE_4537_length_9706_cov_4.816904	7845	7978	14	7	133	0.0526316
NODE_4537_length_9706_cov_4.816904	7845	7978	15	12	133	0.0902256
NODE_45419_length_3691_cov_4.854677	1514	1647	4	2	133	0.0150376
NODE_45419_length_3691_cov_4.854677	1514	1647	5	8	133	0.0601504
NODE_45419_length_3691_cov_4.854677	1514	1647	6	14	133	0.1052632
NODE_45419_length_3691_cov_4.854677	1514	1647	8	28	133	0.2105263
NODE_45419_length_3691_cov_4.854677	1514	1647	9	7	133	0.0526316
NODE_45419_length_3691_cov_4.854677	1514	1647	11	8	133	0.0601504
NODE_45419_length_3691_cov_4.854677	1514	1647	12	1	133	0.0075188
NODE_45419_length_3691_cov_4.854677	1514	1647	13	6	133	0.0451128
NODE_45419_length_3691_cov_4.854677	1514	1647	14	22	133	0.1654135
NODE_45419_length_3691_cov_4.854677	1514	1647	16	4	133	0.0300752
NODE_45419_length_3691_cov_4.854677	1514	1647	20	20	133	0.1503759
NODE_45419_length_3691_cov_4.854677	1514	1647	21	5	133	0.0375940
NODE_45419_length_3691_cov_4.854677	1514	1647	22	8	133	0.0601504
NODE_45473_length_3689_cov_3.212535	2306	2439	1	10	133	0.0751880
NODE_45473_length_3689_cov_3.212535	2306	2439	2	11	133	0.0827068
NODE_45473_length_3689_cov_3.212535	2306	2439	3	39	133	0.2932331
NODE_45473_length_3689_cov_3.212535	2306	2439	4	35	133	0.2631579
NODE_45473_length_3689_cov_3.212535	2306	2439	5	17	133	0.1278196
NODE_45473_length_3689_cov_3.212535	2306	2439	6	13	133	0.0977444
NODE_45473_length_3689_cov_3.212535	2306	2439	7	8	133	0.0601504
NODE_45485_length_3688_cov_4.478685	796	929	7	9	133	0.0676692
NODE_45485_length_3688_cov_4.478685	796	929	8	23	133	0.1729323
NODE_45485_length_3688_cov_4.478685	796	929	9	28	133	0.2105263
NODE_45485_length_3688_cov_4.478685	796	929	10	19	133	0.1428571
NODE_45485_length_3688_cov_4.478685	796	929	11	4	133	0.0300752
NODE_45485_length_3688_cov_4.478685	796	929	12	9	133	0.0676692
NODE_45485_length_3688_cov_4.478685	796	929	13	2	133	0.0150376
NODE_45485_length_3688_cov_4.478685	796	929	14	20	133	0.1503759
NODE_45485_length_3688_cov_4.478685	796	929	15	19	133	0.1428571
NODE_4549_length_9700_cov_5.365483	4006	4139	10	6	133	0.0451128
NODE_4549_length_9700_cov_5.365483	4006	4139	11	1	133	0.0075188
NODE_4549_length_9700_cov_5.365483	4006	4139	13	7	133	0.0526316
NODE_4549_length_9700_cov_5.365483	4006	4139	14	25	133	0.1879699
NODE_4549_length_9700_cov_5.365483	4006	4139	15	20	133	0.1503759
NODE_4549_length_9700_cov_5.365483	4006	4139	16	57	133	0.4285714
NODE_4549_length_9700_cov_5.365483	4006	4139	17	5	133	0.0375940
NODE_4549_length_9700_cov_5.365483	4006	4139	18	12	133	0.0902256
NODE_45510_length_3687_cov_3.082497	1804	1937	5	14	133	0.1052632
NODE_45510_length_3687_cov_3.082497	1804	1937	6	19	133	0.1428571
NODE_45510_length_3687_cov_3.082497	1804	1937	7	31	133	0.2330827
NODE_45510_length_3687_cov_3.082497	1804	1937	8	36	133	0.2706767
NODE_45510_length_3687_cov_3.082497	1804	1937	9	19	133	0.1428571
NODE_45510_length_3687_cov_3.082497	1804	1937	10	14	133	0.1052632
NODE_45551_length_3685_cov_3.584216	685	818	1	6	133	0.0451128
NODE_45551_length_3685_cov_3.584216	685	818	2	40	133	0.3007519
NODE_45551_length_3685_cov_3.584216	685	818	3	18	133	0.1353384
NODE_45551_length_3685_cov_3.584216	685	818	4	3	133	0.0225564
NODE_45551_length_3685_cov_3.584216	685	818	5	13	133	0.0977444
NODE_45551_length_3685_cov_3.584216	685	818	6	53	133	0.3984962
NODE_45561_length_3684_cov_4.935286	1767	1900	0	32	133	0.2406015
NODE_45561_length_3684_cov_4.935286	1767	1900	2	101	133	0.7593985
NODE_45564_length_3684_cov_4.809484	1595	1728	2	13	133	0.0977444
NODE_45564_length_3684_cov_4.809484	1595	1728	3	8	133	0.0601504
NODE_45564_length_3684_cov_4.809484	1595	1728	4	10	133	0.0751880
NODE_45564_length_3684_cov_4.809484	1595	1728	5	1	133	0.0075188
NODE_45564_length_3684_cov_4.809484	1595	1728	6	1	133	0.0075188
NODE_45564_length_3684_cov_4.809484	1595	1728	7	3	133	0.0225564
NODE_45564_length_3684_cov_4.809484	1595	1728	8	10	133	0.0751880
NODE_45564_length_3684_cov_4.809484	1595	1728	10	4	133	0.0300752
NODE_45564_length_3684_cov_4.809484	1595	1728	11	6	133	0.0451128
NODE_45564_length_3684_cov_4.809484	1595	1728	12	2	133	0.0150376
NODE_45564_length_3684_cov_4.809484	1595	1728	14	9	133	0.0676692
NODE_45564_length_3684_cov_4.809484	1595	1728	16	10	133	0.0751880
NODE_45564_length_3684_cov_4.809484	1595	1728	17	4	133	0.0300752
NODE_45564_length_3684_cov_4.809484	1595	1728	19	17	133	0.1278196
NODE_45564_length_3684_cov_4.809484	1595	1728	20	4	133	0.0300752
NODE_45564_length_3684_cov_4.809484	1595	1728	22	1	133	0.0075188
NODE_45564_length_3684_cov_4.809484	1595	1728	23	1	133	0.0075188
NODE_45564_length_3684_cov_4.809484	1595	1728	24	5	133	0.0375940
NODE_45564_length_3684_cov_4.809484	1595	1728	25	13	133	0.0977444
NODE_45564_length_3684_cov_4.809484	1595	1728	26	11	133	0.0827068
NODE_45567_length_3684_cov_4.562064	1422	1555	7	4	133	0.0300752
NODE_45567_length_3684_cov_4.562064	1422	1555	8	18	133	0.1353384
NODE_45567_length_3684_cov_4.562064	1422	1555	9	61	133	0.4586466
NODE_45567_length_3684_cov_4.562064	1422	1555	10	14	133	0.1052632
NODE_45567_length_3684_cov_4.562064	1422	1555	11	30	133	0.2255639
NODE_45567_length_3684_cov_4.562064	1422	1555	12	6	133	0.0451128
NODE_45603_length_3683_cov_3.372489	2696	2829	5	3	133	0.0225564
NODE_45603_length_3683_cov_3.372489	2696	2829	6	73	133	0.5488722
NODE_45603_length_3683_cov_3.372489	2696	2829	7	3	133	0.0225564
NODE_45603_length_3683_cov_3.372489	2696	2829	8	54	133	0.4060150
NODE_456_length_18043_cov_4.649744	623	756	5	21	133	0.1578947
NODE_456_length_18043_cov_4.649744	623	756	6	19	133	0.1428571
NODE_456_length_18043_cov_4.649744	623	756	8	8	133	0.0601504
NODE_456_length_18043_cov_4.649744	623	756	9	3	133	0.0225564
NODE_456_length_18043_cov_4.649744	623	756	10	29	133	0.2180451
NODE_456_length_18043_cov_4.649744	623	756	11	8	133	0.0601504
NODE_456_length_18043_cov_4.649744	623	756	12	45	133	0.3383459
NODE_457532_length_354_cov_2.400000	151	284	2	14	133	0.1052632
NODE_457532_length_354_cov_2.400000	151	284	3	17	133	0.1278196
NODE_457532_length_354_cov_2.400000	151	284	4	1	133	0.0075188
NODE_457532_length_354_cov_2.400000	151	284	6	17	133	0.1278196
NODE_457532_length_354_cov_2.400000	151	284	7	1	133	0.0075188
NODE_457532_length_354_cov_2.400000	151	284	8	32	133	0.2406015
NODE_457532_length_354_cov_2.400000	151	284	9	36	133	0.2706767
NODE_457532_length_354_cov_2.400000	151	284	10	15	133	0.1127820
NODE_45763_length_3676_cov_3.634330	783	916	10	6	133	0.0451128
NODE_45763_length_3676_cov_3.634330	783	916	11	28	133	0.2105263
NODE_45763_length_3676_cov_3.634330	783	916	12	39	133	0.2932331
NODE_45763_length_3676_cov_3.634330	783	916	13	9	133	0.0676692
NODE_45763_length_3676_cov_3.634330	783	916	14	3	133	0.0225564
NODE_45763_length_3676_cov_3.634330	783	916	15	20	133	0.1503759
NODE_45763_length_3676_cov_3.634330	783	916	16	9	133	0.0676692
NODE_45763_length_3676_cov_3.634330	783	916	17	1	133	0.0075188
NODE_45763_length_3676_cov_3.634330	783	916	18	2	133	0.0150376
NODE_45763_length_3676_cov_3.634330	783	916	19	15	133	0.1127820
NODE_45763_length_3676_cov_3.634330	783	916	20	1	133	0.0075188
NODE_457_length_18042_cov_4.266399	15173	15306	5	16	133	0.1203008
NODE_457_length_18042_cov_4.266399	15173	15306	6	1	133	0.0075188
NODE_457_length_18042_cov_4.266399	15173	15306	7	22	133	0.1654135
NODE_457_length_18042_cov_4.266399	15173	15306	8	22	133	0.1654135
NODE_457_length_18042_cov_4.266399	15173	15306	9	10	133	0.0751880
NODE_457_length_18042_cov_4.266399	15173	15306	10	24	133	0.1804511
NODE_457_length_18042_cov_4.266399	15173	15306	11	38	133	0.2857143
NODE_45907_length_3670_cov_3.195743	2465	2598	12	51	133	0.3834586
NODE_45907_length_3670_cov_3.195743	2465	2598	13	5	133	0.0375940
NODE_45907_length_3670_cov_3.195743	2465	2598	14	12	133	0.0902256
NODE_45907_length_3670_cov_3.195743	2465	2598	15	5	133	0.0375940
NODE_45907_length_3670_cov_3.195743	2465	2598	16	19	133	0.1428571
NODE_45907_length_3670_cov_3.195743	2465	2598	17	25	133	0.1879699
NODE_45907_length_3670_cov_3.195743	2465	2598	18	5	133	0.0375940
NODE_45907_length_3670_cov_3.195743	2465	2598	19	11	133	0.0827068
NODE_459_length_18011_cov_4.576597	14393	14526	3	2	133	0.0150376
NODE_459_length_18011_cov_4.576597	14393	14526	4	6	133	0.0451128
NODE_459_length_18011_cov_4.576597	14393	14526	5	1	133	0.0075188
NODE_459_length_18011_cov_4.576597	14393	14526	6	27	133	0.2030075
NODE_459_length_18011_cov_4.576597	14393	14526	7	24	133	0.1804511
NODE_459_length_18011_cov_4.576597	14393	14526	8	22	133	0.1654135
NODE_459_length_18011_cov_4.576597	14393	14526	9	23	133	0.1729323
NODE_459_length_18011_cov_4.576597	14393	14526	10	28	133	0.2105263
NODE_45_length_28321_cov_4.398909	3613	3746	11	11	133	0.0827068
NODE_45_length_28321_cov_4.398909	3613	3746	12	2	133	0.0150376
NODE_45_length_28321_cov_4.398909	3613	3746	13	13	133	0.0977444
NODE_45_length_28321_cov_4.398909	3613	3746	14	21	133	0.1578947
NODE_45_length_28321_cov_4.398909	3613	3746	16	18	133	0.1353384
NODE_45_length_28321_cov_4.398909	3613	3746	17	42	133	0.3157895
NODE_45_length_28321_cov_4.398909	3613	3746	18	16	133	0.1203008
NODE_45_length_28321_cov_4.398909	3613	3746	19	10	133	0.0751880
NODE_46004_length_3665_cov_4.453449	165	298	15	12	133	0.0902256
NODE_46004_length_3665_cov_4.453449	165	298	16	18	133	0.1353384
NODE_46004_length_3665_cov_4.453449	165	298	17	33	133	0.2481203
NODE_46004_length_3665_cov_4.453449	165	298	18	26	133	0.1954887
NODE_46004_length_3665_cov_4.453449	165	298	19	16	133	0.1203008
NODE_46004_length_3665_cov_4.453449	165	298	20	8	133	0.0601504
NODE_46004_length_3665_cov_4.453449	165	298	21	20	133	0.1503759
NODE_46016_length_3664_cov_4.668724	283	416	28	4	133	0.0300752
NODE_46016_length_3664_cov_4.668724	283	416	29	2	133	0.0150376
NODE_46016_length_3664_cov_4.668724	283	416	30	1	133	0.0075188
NODE_46016_length_3664_cov_4.668724	283	416	31	3	133	0.0225564
NODE_46016_length_3664_cov_4.668724	283	416	32	12	133	0.0902256
NODE_46016_length_3664_cov_4.668724	283	416	33	7	133	0.0526316
NODE_46016_length_3664_cov_4.668724	283	416	34	7	133	0.0526316
NODE_46016_length_3664_cov_4.668724	283	416	35	4	133	0.0300752
NODE_46016_length_3664_cov_4.668724	283	416	36	9	133	0.0676692
NODE_46016_length_3664_cov_4.668724	283	416	38	8	133	0.0601504
NODE_46016_length_3664_cov_4.668724	283	416	39	4	133	0.0300752
NODE_46016_length_3664_cov_4.668724	283	416	40	1	133	0.0075188
NODE_46016_length_3664_cov_4.668724	283	416	41	25	133	0.1879699
NODE_46016_length_3664_cov_4.668724	283	416	42	9	133	0.0676692
NODE_46016_length_3664_cov_4.668724	283	416	43	17	133	0.1278196
NODE_46016_length_3664_cov_4.668724	283	416	44	9	133	0.0676692
NODE_46016_length_3664_cov_4.668724	283	416	45	11	133	0.0827068
NODE_4606_length_9660_cov_4.109403	304	437	1	28	133	0.2105263
NODE_4606_length_9660_cov_4.109403	304	437	3	105	133	0.7894737
NODE_460749_length_349_cov_6.248000	175	308	0	23	133	0.1729323
NODE_460749_length_349_cov_6.248000	175	308	2	110	133	0.8270677
NODE_4607_length_9660_cov_3.951156	7175	7308	7	7	133	0.0526316
NODE_4607_length_9660_cov_3.951156	7175	7308	8	47	133	0.3533835
NODE_4607_length_9660_cov_3.951156	7175	7308	9	2	133	0.0150376
NODE_4607_length_9660_cov_3.951156	7175	7308	10	3	133	0.0225564
NODE_4607_length_9660_cov_3.951156	7175	7308	11	19	133	0.1428571
NODE_4607_length_9660_cov_3.951156	7175	7308	12	8	133	0.0601504
NODE_4607_length_9660_cov_3.951156	7175	7308	13	20	133	0.1503759
NODE_4607_length_9660_cov_3.951156	7175	7308	14	18	133	0.1353384
NODE_4607_length_9660_cov_3.951156	7175	7308	15	9	133	0.0676692
NODE_46085_length_3662_cov_3.373562	1733	1866	15	5	133	0.0375940
NODE_46085_length_3662_cov_3.373562	1733	1866	18	2	133	0.0150376
NODE_46085_length_3662_cov_3.373562	1733	1866	20	6	133	0.0451128
NODE_46085_length_3662_cov_3.373562	1733	1866	21	10	133	0.0751880
NODE_46085_length_3662_cov_3.373562	1733	1866	22	7	133	0.0526316
NODE_46085_length_3662_cov_3.373562	1733	1866	25	1	133	0.0075188
NODE_46085_length_3662_cov_3.373562	1733	1866	27	1	133	0.0075188
NODE_46085_length_3662_cov_3.373562	1733	1866	29	8	133	0.0601504
NODE_46085_length_3662_cov_3.373562	1733	1866	30	2	133	0.0150376
NODE_46085_length_3662_cov_3.373562	1733	1866	32	1	133	0.0075188
NODE_46085_length_3662_cov_3.373562	1733	1866	34	10	133	0.0751880
NODE_46085_length_3662_cov_3.373562	1733	1866	35	5	133	0.0375940
NODE_46085_length_3662_cov_3.373562	1733	1866	36	5	133	0.0375940
NODE_46085_length_3662_cov_3.373562	1733	1866	37	2	133	0.0150376
NODE_46085_length_3662_cov_3.373562	1733	1866	38	4	133	0.0300752
NODE_46085_length_3662_cov_3.373562	1733	1866	39	10	133	0.0751880
NODE_46085_length_3662_cov_3.373562	1733	1866	40	3	133	0.0225564
NODE_46085_length_3662_cov_3.373562	1733	1866	41	1	133	0.0075188
NODE_46085_length_3662_cov_3.373562	1733	1866	42	14	133	0.1052632
NODE_46085_length_3662_cov_3.373562	1733	1866	43	20	133	0.1503759
NODE_46085_length_3662_cov_3.373562	1733	1866	44	12	133	0.0902256
NODE_46085_length_3662_cov_3.373562	1733	1866	45	4	133	0.0300752
NODE_4610_length_9659_cov_4.769665	2502	2635	9	3	133	0.0225564
NODE_4610_length_9659_cov_4.769665	2502	2635	10	4	133	0.0300752
NODE_4610_length_9659_cov_4.769665	2502	2635	11	17	133	0.1278196
NODE_4610_length_9659_cov_4.769665	2502	2635	12	1	133	0.0075188
NODE_4610_length_9659_cov_4.769665	2502	2635	13	12	133	0.0902256
NODE_4610_length_9659_cov_4.769665	2502	2635	14	17	133	0.1278196
NODE_4610_length_9659_cov_4.769665	2502	2635	15	33	133	0.2481203
NODE_4610_length_9659_cov_4.769665	2502	2635	16	3	133	0.0225564
NODE_4610_length_9659_cov_4.769665	2502	2635	17	12	133	0.0902256
NODE_4610_length_9659_cov_4.769665	2502	2635	18	30	133	0.2255639
NODE_4610_length_9659_cov_4.769665	2502	2635	19	1	133	0.0075188
NODE_46121_length_3660_cov_5.112609	3134	3267	5	3	133	0.0225564
NODE_46121_length_3660_cov_5.112609	3134	3267	6	26	133	0.1954887
NODE_46121_length_3660_cov_5.112609	3134	3267	7	14	133	0.1052632
NODE_46121_length_3660_cov_5.112609	3134	3267	9	3	133	0.0225564
NODE_46121_length_3660_cov_5.112609	3134	3267	10	48	133	0.3609022
NODE_46121_length_3660_cov_5.112609	3134	3267	11	26	133	0.1954887
NODE_46121_length_3660_cov_5.112609	3134	3267	12	13	133	0.0977444
NODE_46122_length_3660_cov_4.980904	2649	2782	10	6	133	0.0451128
NODE_46122_length_3660_cov_4.980904	2649	2782	11	19	133	0.1428571
NODE_46122_length_3660_cov_4.980904	2649	2782	12	11	133	0.0827068
NODE_46122_length_3660_cov_4.980904	2649	2782	13	8	133	0.0601504
NODE_46122_length_3660_cov_4.980904	2649	2782	14	56	133	0.4210526
NODE_46122_length_3660_cov_4.980904	2649	2782	15	28	133	0.2105263
NODE_46122_length_3660_cov_4.980904	2649	2782	16	5	133	0.0375940
NODE_46144_length_3660_cov_3.317327	2554	2687	10	11	133	0.0827068
NODE_46144_length_3660_cov_3.317327	2554	2687	11	7	133	0.0526316
NODE_46144_length_3660_cov_3.317327	2554	2687	12	13	133	0.0977444
NODE_46144_length_3660_cov_3.317327	2554	2687	13	20	133	0.1503759
NODE_46144_length_3660_cov_3.317327	2554	2687	14	25	133	0.1879699
NODE_46144_length_3660_cov_3.317327	2554	2687	15	4	133	0.0300752
NODE_46144_length_3660_cov_3.317327	2554	2687	16	27	133	0.2030075
NODE_46144_length_3660_cov_3.317327	2554	2687	17	9	133	0.0676692
NODE_46144_length_3660_cov_3.317327	2554	2687	18	17	133	0.1278196
NODE_4614_length_9654_cov_3.952695	6160	6293	0	133	133	1.0000000
NODE_46188_length_3658_cov_3.960944	2326	2459	8	1	133	0.0075188
NODE_46188_length_3658_cov_3.960944	2326	2459	9	3	133	0.0225564
NODE_46188_length_3658_cov_3.960944	2326	2459	10	7	133	0.0526316
NODE_46188_length_3658_cov_3.960944	2326	2459	11	10	133	0.0751880
NODE_46188_length_3658_cov_3.960944	2326	2459	12	38	133	0.2857143
NODE_46188_length_3658_cov_3.960944	2326	2459	13	25	133	0.1879699
NODE_46188_length_3658_cov_3.960944	2326	2459	14	23	133	0.1729323
NODE_46188_length_3658_cov_3.960944	2326	2459	15	26	133	0.1954887
NODE_46203_length_3657_cov_5.766442	2683	2816	8	9	133	0.0676692
NODE_46203_length_3657_cov_5.766442	2683	2816	9	12	133	0.0902256
NODE_46203_length_3657_cov_5.766442	2683	2816	10	2	133	0.0150376
NODE_46203_length_3657_cov_5.766442	2683	2816	11	11	133	0.0827068
NODE_46203_length_3657_cov_5.766442	2683	2816	12	39	133	0.2932331
NODE_46203_length_3657_cov_5.766442	2683	2816	13	3	133	0.0225564
NODE_46203_length_3657_cov_5.766442	2683	2816	14	33	133	0.2481203
NODE_46203_length_3657_cov_5.766442	2683	2816	15	24	133	0.1804511
NODE_4627_length_9648_cov_5.487590	5978	6111	21	2	133	0.0150376
NODE_4627_length_9648_cov_5.487590	5978	6111	23	4	133	0.0300752
NODE_4627_length_9648_cov_5.487590	5978	6111	24	9	133	0.0676692
NODE_4627_length_9648_cov_5.487590	5978	6111	25	9	133	0.0676692
NODE_4627_length_9648_cov_5.487590	5978	6111	26	1	133	0.0075188
NODE_4627_length_9648_cov_5.487590	5978	6111	27	6	133	0.0451128
NODE_4627_length_9648_cov_5.487590	5978	6111	28	7	133	0.0526316
NODE_4627_length_9648_cov_5.487590	5978	6111	29	3	133	0.0225564
NODE_4627_length_9648_cov_5.487590	5978	6111	31	5	133	0.0375940
NODE_4627_length_9648_cov_5.487590	5978	6111	32	8	133	0.0601504
NODE_4627_length_9648_cov_5.487590	5978	6111	33	6	133	0.0451128
NODE_4627_length_9648_cov_5.487590	5978	6111	34	8	133	0.0601504
NODE_4627_length_9648_cov_5.487590	5978	6111	38	22	133	0.1654135
NODE_4627_length_9648_cov_5.487590	5978	6111	39	23	133	0.1729323
NODE_4627_length_9648_cov_5.487590	5978	6111	40	9	133	0.0676692
NODE_4627_length_9648_cov_5.487590	5978	6111	41	3	133	0.0225564
NODE_4627_length_9648_cov_5.487590	5978	6111	42	5	133	0.0375940
NODE_4627_length_9648_cov_5.487590	5978	6111	43	3	133	0.0225564
NODE_46287_length_3654_cov_4.601406	331	464	3	5	133	0.0375940
NODE_46287_length_3654_cov_4.601406	331	464	4	3	133	0.0225564
NODE_46287_length_3654_cov_4.601406	331	464	7	5	133	0.0375940
NODE_46287_length_3654_cov_4.601406	331	464	8	4	133	0.0300752
NODE_46287_length_3654_cov_4.601406	331	464	9	51	133	0.3834586
NODE_46287_length_3654_cov_4.601406	331	464	10	40	133	0.3007519
NODE_46287_length_3654_cov_4.601406	331	464	12	25	133	0.1879699
NODE_46301_length_3653_cov_7.030670	2540	2673	15	4	133	0.0300752
NODE_46301_length_3653_cov_7.030670	2540	2673	17	2	133	0.0150376
NODE_46301_length_3653_cov_7.030670	2540	2673	18	5	133	0.0375940
NODE_46301_length_3653_cov_7.030670	2540	2673	19	1	133	0.0075188
NODE_46301_length_3653_cov_7.030670	2540	2673	22	1	133	0.0075188
NODE_46301_length_3653_cov_7.030670	2540	2673	23	1	133	0.0075188
NODE_46301_length_3653_cov_7.030670	2540	2673	27	6	133	0.0451128
NODE_46301_length_3653_cov_7.030670	2540	2673	29	2	133	0.0150376
NODE_46301_length_3653_cov_7.030670	2540	2673	31	2	133	0.0150376
NODE_46301_length_3653_cov_7.030670	2540	2673	32	3	133	0.0225564
NODE_46301_length_3653_cov_7.030670	2540	2673	33	7	133	0.0526316
NODE_46301_length_3653_cov_7.030670	2540	2673	34	3	133	0.0225564
NODE_46301_length_3653_cov_7.030670	2540	2673	36	7	133	0.0526316
NODE_46301_length_3653_cov_7.030670	2540	2673	37	12	133	0.0902256
NODE_46301_length_3653_cov_7.030670	2540	2673	38	3	133	0.0225564
NODE_46301_length_3653_cov_7.030670	2540	2673	39	4	133	0.0300752
NODE_46301_length_3653_cov_7.030670	2540	2673	40	2	133	0.0150376
NODE_46301_length_3653_cov_7.030670	2540	2673	41	22	133	0.1654135
NODE_46301_length_3653_cov_7.030670	2540	2673	42	11	133	0.0827068
NODE_46301_length_3653_cov_7.030670	2540	2673	43	19	133	0.1428571
NODE_46301_length_3653_cov_7.030670	2540	2673	44	16	133	0.1203008
NODE_463189_length_346_cov_1.821862	203	336	3	10	133	0.0751880
NODE_463189_length_346_cov_1.821862	203	336	4	6	133	0.0451128
NODE_463189_length_346_cov_1.821862	203	336	5	10	133	0.0751880
NODE_463189_length_346_cov_1.821862	203	336	6	11	133	0.0827068
NODE_463189_length_346_cov_1.821862	203	336	7	9	133	0.0676692
NODE_463189_length_346_cov_1.821862	203	336	8	8	133	0.0601504
NODE_463189_length_346_cov_1.821862	203	336	9	19	133	0.1428571
NODE_463189_length_346_cov_1.821862	203	336	10	4	133	0.0300752
NODE_463189_length_346_cov_1.821862	203	336	12	1	133	0.0075188
NODE_463189_length_346_cov_1.821862	203	336	13	3	133	0.0225564
NODE_463189_length_346_cov_1.821862	203	336	14	22	133	0.1654135
NODE_463189_length_346_cov_1.821862	203	336	15	18	133	0.1353384
NODE_463189_length_346_cov_1.821862	203	336	16	12	133	0.0902256
NODE_46320_length_3653_cov_3.849184	560	693	11	1	133	0.0075188
NODE_46320_length_3653_cov_3.849184	560	693	14	15	133	0.1127820
NODE_46320_length_3653_cov_3.849184	560	693	15	5	133	0.0375940
NODE_46320_length_3653_cov_3.849184	560	693	18	15	133	0.1127820
NODE_46320_length_3653_cov_3.849184	560	693	19	14	133	0.1052632
NODE_46320_length_3653_cov_3.849184	560	693	20	4	133	0.0300752
NODE_46320_length_3653_cov_3.849184	560	693	21	19	133	0.1428571
NODE_46320_length_3653_cov_3.849184	560	693	22	24	133	0.1804511
NODE_46320_length_3653_cov_3.849184	560	693	23	32	133	0.2406015
NODE_46320_length_3653_cov_3.849184	560	693	24	4	133	0.0300752
NODE_46326_length_3653_cov_3.462859	3318	3451	1	11	133	0.0827068
NODE_46326_length_3653_cov_3.462859	3318	3451	2	1	133	0.0075188
NODE_46326_length_3653_cov_3.462859	3318	3451	3	10	133	0.0751880
NODE_46326_length_3653_cov_3.462859	3318	3451	4	34	133	0.2556391
NODE_46326_length_3653_cov_3.462859	3318	3451	5	12	133	0.0902256
NODE_46326_length_3653_cov_3.462859	3318	3451	6	7	133	0.0526316
NODE_46326_length_3653_cov_3.462859	3318	3451	8	58	133	0.4360902
NODE_4637_length_9641_cov_5.286523	811	944	18	6	133	0.0451128
NODE_4637_length_9641_cov_5.286523	811	944	19	7	133	0.0526316
NODE_4637_length_9641_cov_5.286523	811	944	20	8	133	0.0601504
NODE_4637_length_9641_cov_5.286523	811	944	23	3	133	0.0225564
NODE_4637_length_9641_cov_5.286523	811	944	24	1	133	0.0075188
NODE_4637_length_9641_cov_5.286523	811	944	26	8	133	0.0601504
NODE_4637_length_9641_cov_5.286523	811	944	27	8	133	0.0601504
NODE_4637_length_9641_cov_5.286523	811	944	28	11	133	0.0827068
NODE_4637_length_9641_cov_5.286523	811	944	29	4	133	0.0300752
NODE_4637_length_9641_cov_5.286523	811	944	30	7	133	0.0526316
NODE_4637_length_9641_cov_5.286523	811	944	31	1	133	0.0075188
NODE_4637_length_9641_cov_5.286523	811	944	33	3	133	0.0225564
NODE_4637_length_9641_cov_5.286523	811	944	34	2	133	0.0150376
NODE_4637_length_9641_cov_5.286523	811	944	36	2	133	0.0150376
NODE_4637_length_9641_cov_5.286523	811	944	38	4	133	0.0300752
NODE_4637_length_9641_cov_5.286523	811	944	39	7	133	0.0526316
NODE_4637_length_9641_cov_5.286523	811	944	40	6	133	0.0451128
NODE_4637_length_9641_cov_5.286523	811	944	41	12	133	0.0902256
NODE_4637_length_9641_cov_5.286523	811	944	42	11	133	0.0827068
NODE_4637_length_9641_cov_5.286523	811	944	43	5	133	0.0375940
NODE_4637_length_9641_cov_5.286523	811	944	44	3	133	0.0225564
NODE_4637_length_9641_cov_5.286523	811	944	45	14	133	0.1052632
NODE_46391_length_3650_cov_3.762884	126	259	1	14	133	0.1052632
NODE_46391_length_3650_cov_3.762884	126	259	3	10	133	0.0751880
NODE_46391_length_3650_cov_3.762884	126	259	4	15	133	0.1127820
NODE_46391_length_3650_cov_3.762884	126	259	5	11	133	0.0827068
NODE_46391_length_3650_cov_3.762884	126	259	6	25	133	0.1879699
NODE_46391_length_3650_cov_3.762884	126	259	7	26	133	0.1954887
NODE_46391_length_3650_cov_3.762884	126	259	8	15	133	0.1127820
NODE_46391_length_3650_cov_3.762884	126	259	9	3	133	0.0225564
NODE_46391_length_3650_cov_3.762884	126	259	10	14	133	0.1052632
NODE_46425_length_3648_cov_5.544379	187	320	7	20	133	0.1503759
NODE_46425_length_3648_cov_5.544379	187	320	8	43	133	0.3233083
NODE_46425_length_3648_cov_5.544379	187	320	9	70	133	0.5263158
NODE_464_length_17953_cov_4.725720	9946	10079	1	47	133	0.3533835
NODE_464_length_17953_cov_4.725720	9946	10079	6	86	133	0.6466165
NODE_46610_length_3641_cov_3.092038	1954	2087	17	1	133	0.0075188
NODE_46610_length_3641_cov_3.092038	1954	2087	19	12	133	0.0902256
NODE_46610_length_3641_cov_3.092038	1954	2087	20	21	133	0.1578947
NODE_46610_length_3641_cov_3.092038	1954	2087	22	6	133	0.0451128
NODE_46610_length_3641_cov_3.092038	1954	2087	23	19	133	0.1428571
NODE_46610_length_3641_cov_3.092038	1954	2087	24	2	133	0.0150376
NODE_46610_length_3641_cov_3.092038	1954	2087	25	3	133	0.0225564
NODE_46610_length_3641_cov_3.092038	1954	2087	27	24	133	0.1804511
NODE_46610_length_3641_cov_3.092038	1954	2087	28	1	133	0.0075188
NODE_46610_length_3641_cov_3.092038	1954	2087	29	3	133	0.0225564
NODE_46610_length_3641_cov_3.092038	1954	2087	30	1	133	0.0075188
NODE_46610_length_3641_cov_3.092038	1954	2087	31	10	133	0.0751880
NODE_46610_length_3641_cov_3.092038	1954	2087	32	7	133	0.0526316
NODE_46610_length_3641_cov_3.092038	1954	2087	33	1	133	0.0075188
NODE_46610_length_3641_cov_3.092038	1954	2087	34	11	133	0.0827068
NODE_46610_length_3641_cov_3.092038	1954	2087	35	11	133	0.0827068
NODE_466466_length_341_cov_2.578512	146	279	0	7	133	0.0526316
NODE_466466_length_341_cov_2.578512	146	279	2	1	133	0.0075188
NODE_466466_length_341_cov_2.578512	146	279	6	4	133	0.0300752
NODE_466466_length_341_cov_2.578512	146	279	7	7	133	0.0526316
NODE_466466_length_341_cov_2.578512	146	279	8	10	133	0.0751880
NODE_466466_length_341_cov_2.578512	146	279	9	5	133	0.0375940
NODE_466466_length_341_cov_2.578512	146	279	10	3	133	0.0225564
NODE_466466_length_341_cov_2.578512	146	279	12	20	133	0.1503759
NODE_466466_length_341_cov_2.578512	146	279	14	5	133	0.0375940
NODE_466466_length_341_cov_2.578512	146	279	16	12	133	0.0902256
NODE_466466_length_341_cov_2.578512	146	279	17	9	133	0.0676692
NODE_466466_length_341_cov_2.578512	146	279	18	26	133	0.1954887
NODE_466466_length_341_cov_2.578512	146	279	19	7	133	0.0526316
NODE_466466_length_341_cov_2.578512	146	279	20	4	133	0.0300752
NODE_466466_length_341_cov_2.578512	146	279	21	13	133	0.0977444
NODE_4664_length_9620_cov_5.297868	285	418	4	9	133	0.0676692
NODE_4664_length_9620_cov_5.297868	285	418	5	3	133	0.0225564
NODE_4664_length_9620_cov_5.297868	285	418	6	19	133	0.1428571
NODE_4664_length_9620_cov_5.297868	285	418	7	7	133	0.0526316
NODE_4664_length_9620_cov_5.297868	285	418	8	5	133	0.0375940
NODE_4664_length_9620_cov_5.297868	285	418	10	54	133	0.4060150
NODE_4664_length_9620_cov_5.297868	285	418	11	29	133	0.2180451
NODE_4664_length_9620_cov_5.297868	285	418	12	7	133	0.0526316
NODE_4666_length_9619_cov_3.824685	2637	2770	1	33	133	0.2481203
NODE_4666_length_9619_cov_3.824685	2637	2770	2	82	133	0.6165413
NODE_4666_length_9619_cov_3.824685	2637	2770	4	18	133	0.1353384
NODE_466885_length_341_cov_1.338843	118	251	21	1	133	0.0075188
NODE_466885_length_341_cov_1.338843	118	251	22	8	133	0.0601504
NODE_466885_length_341_cov_1.338843	118	251	23	5	133	0.0375940
NODE_466885_length_341_cov_1.338843	118	251	24	14	133	0.1052632
NODE_466885_length_341_cov_1.338843	118	251	25	9	133	0.0676692
NODE_466885_length_341_cov_1.338843	118	251	26	8	133	0.0601504
NODE_466885_length_341_cov_1.338843	118	251	27	11	133	0.0827068
NODE_466885_length_341_cov_1.338843	118	251	28	7	133	0.0526316
NODE_466885_length_341_cov_1.338843	118	251	29	8	133	0.0601504
NODE_466885_length_341_cov_1.338843	118	251	30	16	133	0.1203008
NODE_466885_length_341_cov_1.338843	118	251	32	25	133	0.1879699
NODE_466885_length_341_cov_1.338843	118	251	33	16	133	0.1203008
NODE_466885_length_341_cov_1.338843	118	251	34	5	133	0.0375940
NODE_46734_length_3636_cov_4.872491	1971	2104	0	25	133	0.1879699
NODE_46734_length_3636_cov_4.872491	1971	2104	1	66	133	0.4962406
NODE_46734_length_3636_cov_4.872491	1971	2104	2	28	133	0.2105263
NODE_46734_length_3636_cov_4.872491	1971	2104	3	1	133	0.0075188
NODE_46734_length_3636_cov_4.872491	1971	2104	4	1	133	0.0075188
NODE_46734_length_3636_cov_4.872491	1971	2104	5	12	133	0.0902256
NODE_46745_length_3636_cov_3.866836	1761	1894	6	7	133	0.0526316
NODE_46745_length_3636_cov_3.866836	1761	1894	7	25	133	0.1879699
NODE_46745_length_3636_cov_3.866836	1761	1894	8	6	133	0.0451128
NODE_46745_length_3636_cov_3.866836	1761	1894	9	31	133	0.2330827
NODE_46745_length_3636_cov_3.866836	1761	1894	10	60	133	0.4511278
NODE_46745_length_3636_cov_3.866836	1761	1894	11	4	133	0.0300752
NODE_4675_length_9609_cov_20.687487	7118	7251	6	22	133	0.1654135
NODE_4675_length_9609_cov_20.687487	7118	7251	7	52	133	0.3909774
NODE_4675_length_9609_cov_20.687487	7118	7251	8	22	133	0.1654135
NODE_4675_length_9609_cov_20.687487	7118	7251	9	8	133	0.0601504
NODE_4675_length_9609_cov_20.687487	7118	7251	10	4	133	0.0300752
NODE_4675_length_9609_cov_20.687487	7118	7251	12	1	133	0.0075188
NODE_4675_length_9609_cov_20.687487	7118	7251	13	5	133	0.0375940
NODE_4675_length_9609_cov_20.687487	7118	7251	14	7	133	0.0526316
NODE_4675_length_9609_cov_20.687487	7118	7251	15	7	133	0.0526316
NODE_4675_length_9609_cov_20.687487	7118	7251	16	5	133	0.0375940
NODE_467803_length_339_cov_2.870833	44	177	10	5	133	0.0375940
NODE_467803_length_339_cov_2.870833	44	177	11	11	133	0.0827068
NODE_467803_length_339_cov_2.870833	44	177	12	5	133	0.0375940
NODE_467803_length_339_cov_2.870833	44	177	13	4	133	0.0300752
NODE_467803_length_339_cov_2.870833	44	177	15	24	133	0.1804511
NODE_467803_length_339_cov_2.870833	44	177	16	2	133	0.0150376
NODE_467803_length_339_cov_2.870833	44	177	17	11	133	0.0827068
NODE_467803_length_339_cov_2.870833	44	177	18	12	133	0.0902256
NODE_467803_length_339_cov_2.870833	44	177	19	18	133	0.1353384
NODE_467803_length_339_cov_2.870833	44	177	20	37	133	0.2781955
NODE_467803_length_339_cov_2.870833	44	177	21	2	133	0.0150376
NODE_467803_length_339_cov_2.870833	44	177	22	2	133	0.0150376
NODE_467894_length_339_cov_2.520833	144	277	1	36	133	0.2706767
NODE_467894_length_339_cov_2.520833	144	277	2	38	133	0.2857143
NODE_467894_length_339_cov_2.520833	144	277	3	59	133	0.4436090
NODE_46802_length_3633_cov_20.384550	2224	2357	17	4	133	0.0300752
NODE_46802_length_3633_cov_20.384550	2224	2357	18	10	133	0.0751880
NODE_46802_length_3633_cov_20.384550	2224	2357	19	6	133	0.0451128
NODE_46802_length_3633_cov_20.384550	2224	2357	20	8	133	0.0601504
NODE_46802_length_3633_cov_20.384550	2224	2357	21	5	133	0.0375940
NODE_46802_length_3633_cov_20.384550	2224	2357	22	16	133	0.1203008
NODE_46802_length_3633_cov_20.384550	2224	2357	23	13	133	0.0977444
NODE_46802_length_3633_cov_20.384550	2224	2357	24	16	133	0.1203008
NODE_46802_length_3633_cov_20.384550	2224	2357	25	22	133	0.1654135
NODE_46802_length_3633_cov_20.384550	2224	2357	26	21	133	0.1578947
NODE_46802_length_3633_cov_20.384550	2224	2357	27	2	133	0.0150376
NODE_46802_length_3633_cov_20.384550	2224	2357	28	9	133	0.0676692
NODE_46802_length_3633_cov_20.384550	2224	2357	29	1	133	0.0075188
NODE_468093_length_339_cov_1.900000	125	258	4	2	133	0.0150376
NODE_468093_length_339_cov_1.900000	125	258	5	15	133	0.1127820
NODE_468093_length_339_cov_1.900000	125	258	6	47	133	0.3533835
NODE_468093_length_339_cov_1.900000	125	258	7	6	133	0.0451128
NODE_468093_length_339_cov_1.900000	125	258	8	48	133	0.3609022
NODE_468093_length_339_cov_1.900000	125	258	9	15	133	0.1127820
NODE_46842_length_3632_cov_3.325785	3	136	0	39	133	0.2932331
NODE_46842_length_3632_cov_3.325785	3	136	4	94	133	0.7067669
NODE_4689_length_9600_cov_5.373013	4186	4319	7	6	133	0.0451128
NODE_4689_length_9600_cov_5.373013	4186	4319	8	12	133	0.0902256
NODE_4689_length_9600_cov_5.373013	4186	4319	9	28	133	0.2105263
NODE_4689_length_9600_cov_5.373013	4186	4319	10	64	133	0.4812030
NODE_4689_length_9600_cov_5.373013	4186	4319	11	17	133	0.1278196
NODE_4689_length_9600_cov_5.373013	4186	4319	12	1	133	0.0075188
NODE_4689_length_9600_cov_5.373013	4186	4319	13	5	133	0.0375940
NODE_46903_length_3629_cov_5.184703	2102	2235	3	2	133	0.0150376
NODE_46903_length_3629_cov_5.184703	2102	2235	4	23	133	0.1729323
NODE_46903_length_3629_cov_5.184703	2102	2235	8	24	133	0.1804511
NODE_46903_length_3629_cov_5.184703	2102	2235	9	22	133	0.1654135
NODE_46903_length_3629_cov_5.184703	2102	2235	10	32	133	0.2406015
NODE_46903_length_3629_cov_5.184703	2102	2235	11	30	133	0.2255639
NODE_46933_length_3628_cov_4.002834	2288	2421	3	19	133	0.1428571
NODE_46933_length_3628_cov_4.002834	2288	2421	4	4	133	0.0300752
NODE_46933_length_3628_cov_4.002834	2288	2421	6	33	133	0.2481203
NODE_46933_length_3628_cov_4.002834	2288	2421	7	11	133	0.0827068
NODE_46933_length_3628_cov_4.002834	2288	2421	8	66	133	0.4962406
NODE_4695_length_9595_cov_3.860889	6299	6432	17	3	133	0.0225564
NODE_4695_length_9595_cov_3.860889	6299	6432	18	6	133	0.0451128
NODE_4695_length_9595_cov_3.860889	6299	6432	19	3	133	0.0225564
NODE_4695_length_9595_cov_3.860889	6299	6432	21	6	133	0.0451128
NODE_4695_length_9595_cov_3.860889	6299	6432	22	20	133	0.1503759
NODE_4695_length_9595_cov_3.860889	6299	6432	23	4	133	0.0300752
NODE_4695_length_9595_cov_3.860889	6299	6432	24	9	133	0.0676692
NODE_4695_length_9595_cov_3.860889	6299	6432	25	1	133	0.0075188
NODE_4695_length_9595_cov_3.860889	6299	6432	26	2	133	0.0150376
NODE_4695_length_9595_cov_3.860889	6299	6432	27	26	133	0.1954887
NODE_4695_length_9595_cov_3.860889	6299	6432	28	10	133	0.0751880
NODE_4695_length_9595_cov_3.860889	6299	6432	29	7	133	0.0526316
NODE_4695_length_9595_cov_3.860889	6299	6432	30	19	133	0.1428571
NODE_4695_length_9595_cov_3.860889	6299	6432	31	8	133	0.0601504
NODE_4695_length_9595_cov_3.860889	6299	6432	32	9	133	0.0676692
NODE_4696_length_9594_cov_4.670879	3868	4001	6	3	133	0.0225564
NODE_4696_length_9594_cov_4.670879	3868	4001	7	1	133	0.0075188
NODE_4696_length_9594_cov_4.670879	3868	4001	8	4	133	0.0300752
NODE_4696_length_9594_cov_4.670879	3868	4001	12	5	133	0.0375940
NODE_4696_length_9594_cov_4.670879	3868	4001	14	22	133	0.1654135
NODE_4696_length_9594_cov_4.670879	3868	4001	15	10	133	0.0751880
NODE_4696_length_9594_cov_4.670879	3868	4001	16	2	133	0.0150376
NODE_4696_length_9594_cov_4.670879	3868	4001	17	2	133	0.0150376
NODE_4696_length_9594_cov_4.670879	3868	4001	18	4	133	0.0300752
NODE_4696_length_9594_cov_4.670879	3868	4001	19	12	133	0.0902256
NODE_4696_length_9594_cov_4.670879	3868	4001	20	27	133	0.2030075
NODE_4696_length_9594_cov_4.670879	3868	4001	21	41	133	0.3082707
NODE_47009_length_3625_cov_3.823313	110	243	9	43	133	0.3233083
NODE_47009_length_3625_cov_3.823313	110	243	10	5	133	0.0375940
NODE_47009_length_3625_cov_3.823313	110	243	11	5	133	0.0375940
NODE_47009_length_3625_cov_3.823313	110	243	12	4	133	0.0300752
NODE_47009_length_3625_cov_3.823313	110	243	13	11	133	0.0827068
NODE_47009_length_3625_cov_3.823313	110	243	14	1	133	0.0075188
NODE_47009_length_3625_cov_3.823313	110	243	15	18	133	0.1353384
NODE_47009_length_3625_cov_3.823313	110	243	17	1	133	0.0075188
NODE_47009_length_3625_cov_3.823313	110	243	20	9	133	0.0676692
NODE_47009_length_3625_cov_3.823313	110	243	22	20	133	0.1503759
NODE_47009_length_3625_cov_3.823313	110	243	23	2	133	0.0150376
NODE_47009_length_3625_cov_3.823313	110	243	24	4	133	0.0300752
NODE_47009_length_3625_cov_3.823313	110	243	25	10	133	0.0751880
NODE_47073_length_3622_cov_4.785126	2338	2471	2	63	133	0.4736842
NODE_47073_length_3622_cov_4.785126	2338	2471	3	70	133	0.5263158
NODE_4707_length_9588_cov_4.221941	645	778	36	9	133	0.0676692
NODE_4707_length_9588_cov_4.221941	645	778	37	10	133	0.0751880
NODE_4707_length_9588_cov_4.221941	645	778	38	6	133	0.0451128
NODE_4707_length_9588_cov_4.221941	645	778	39	4	133	0.0300752
NODE_4707_length_9588_cov_4.221941	645	778	40	1	133	0.0075188
NODE_4707_length_9588_cov_4.221941	645	778	41	7	133	0.0526316
NODE_4707_length_9588_cov_4.221941	645	778	42	2	133	0.0150376
NODE_4707_length_9588_cov_4.221941	645	778	43	1	133	0.0075188
NODE_4707_length_9588_cov_4.221941	645	778	44	8	133	0.0601504
NODE_4707_length_9588_cov_4.221941	645	778	45	7	133	0.0526316
NODE_4707_length_9588_cov_4.221941	645	778	47	11	133	0.0827068
NODE_4707_length_9588_cov_4.221941	645	778	48	18	133	0.1353384
NODE_4707_length_9588_cov_4.221941	645	778	49	23	133	0.1729323
NODE_4707_length_9588_cov_4.221941	645	778	50	19	133	0.1428571
NODE_4707_length_9588_cov_4.221941	645	778	51	7	133	0.0526316
NODE_47090_length_3622_cov_3.349702	834	967	1	16	133	0.1203008
NODE_47090_length_3622_cov_3.349702	834	967	2	13	133	0.0977444
NODE_47090_length_3622_cov_3.349702	834	967	3	23	133	0.1729323
NODE_47090_length_3622_cov_3.349702	834	967	4	33	133	0.2481203
NODE_47090_length_3622_cov_3.349702	834	967	5	48	133	0.3609022
NODE_47096_length_3621_cov_4.940091	2311	2444	11	7	133	0.0526316
NODE_47096_length_3621_cov_4.940091	2311	2444	13	10	133	0.0751880
NODE_47096_length_3621_cov_4.940091	2311	2444	14	22	133	0.1654135
NODE_47096_length_3621_cov_4.940091	2311	2444	15	5	133	0.0375940
NODE_47096_length_3621_cov_4.940091	2311	2444	16	14	133	0.1052632
NODE_47096_length_3621_cov_4.940091	2311	2444	17	4	133	0.0300752
NODE_47096_length_3621_cov_4.940091	2311	2444	18	28	133	0.2105263
NODE_47096_length_3621_cov_4.940091	2311	2444	19	7	133	0.0526316
NODE_47096_length_3621_cov_4.940091	2311	2444	20	6	133	0.0451128
NODE_47096_length_3621_cov_4.940091	2311	2444	21	30	133	0.2255639
NODE_470_length_17889_cov_3.606352	5870	6003	12	10	133	0.0751880
NODE_470_length_17889_cov_3.606352	5870	6003	13	1	133	0.0075188
NODE_470_length_17889_cov_3.606352	5870	6003	14	20	133	0.1503759
NODE_470_length_17889_cov_3.606352	5870	6003	15	43	133	0.3233083
NODE_470_length_17889_cov_3.606352	5870	6003	16	47	133	0.3533835
NODE_470_length_17889_cov_3.606352	5870	6003	17	12	133	0.0902256
NODE_47149_length_3619_cov_4.415341	115	248	5	10	133	0.0751880
NODE_47149_length_3619_cov_4.415341	115	248	6	10	133	0.0751880
NODE_47149_length_3619_cov_4.415341	115	248	7	4	133	0.0300752
NODE_47149_length_3619_cov_4.415341	115	248	8	14	133	0.1052632
NODE_47149_length_3619_cov_4.415341	115	248	9	7	133	0.0526316
NODE_47149_length_3619_cov_4.415341	115	248	10	4	133	0.0300752
NODE_47149_length_3619_cov_4.415341	115	248	11	15	133	0.1127820
NODE_47149_length_3619_cov_4.415341	115	248	12	1	133	0.0075188
NODE_47149_length_3619_cov_4.415341	115	248	13	18	133	0.1353384
NODE_47149_length_3619_cov_4.415341	115	248	15	2	133	0.0150376
NODE_47149_length_3619_cov_4.415341	115	248	16	6	133	0.0451128
NODE_47149_length_3619_cov_4.415341	115	248	18	2	133	0.0150376
NODE_47149_length_3619_cov_4.415341	115	248	19	16	133	0.1203008
NODE_47149_length_3619_cov_4.415341	115	248	20	1	133	0.0075188
NODE_47149_length_3619_cov_4.415341	115	248	22	9	133	0.0676692
NODE_47149_length_3619_cov_4.415341	115	248	23	1	133	0.0075188
NODE_47149_length_3619_cov_4.415341	115	248	24	13	133	0.0977444
NODE_47181_length_3618_cov_3.661552	303	436	4	4	133	0.0300752
NODE_47181_length_3618_cov_3.661552	303	436	5	17	133	0.1278196
NODE_47181_length_3618_cov_3.661552	303	436	7	45	133	0.3383459
NODE_47181_length_3618_cov_3.661552	303	436	8	22	133	0.1654135
NODE_47181_length_3618_cov_3.661552	303	436	9	36	133	0.2706767
NODE_47181_length_3618_cov_3.661552	303	436	10	9	133	0.0676692
NODE_4718_length_9582_cov_4.172836	1741	1874	13	6	133	0.0451128
NODE_4718_length_9582_cov_4.172836	1741	1874	14	11	133	0.0827068
NODE_4718_length_9582_cov_4.172836	1741	1874	15	10	133	0.0751880
NODE_4718_length_9582_cov_4.172836	1741	1874	16	4	133	0.0300752
NODE_4718_length_9582_cov_4.172836	1741	1874	18	6	133	0.0451128
NODE_4718_length_9582_cov_4.172836	1741	1874	21	2	133	0.0150376
NODE_4718_length_9582_cov_4.172836	1741	1874	22	2	133	0.0150376
NODE_4718_length_9582_cov_4.172836	1741	1874	23	2	133	0.0150376
NODE_4718_length_9582_cov_4.172836	1741	1874	25	8	133	0.0601504
NODE_4718_length_9582_cov_4.172836	1741	1874	26	6	133	0.0451128
NODE_4718_length_9582_cov_4.172836	1741	1874	27	8	133	0.0601504
NODE_4718_length_9582_cov_4.172836	1741	1874	28	26	133	0.1954887
NODE_4718_length_9582_cov_4.172836	1741	1874	29	25	133	0.1879699
NODE_4718_length_9582_cov_4.172836	1741	1874	30	16	133	0.1203008
NODE_4718_length_9582_cov_4.172836	1741	1874	31	1	133	0.0075188
NODE_47244_length_3615_cov_4.236917	156	289	15	4	133	0.0300752
NODE_47244_length_3615_cov_4.236917	156	289	16	15	133	0.1127820
NODE_47244_length_3615_cov_4.236917	156	289	17	21	133	0.1578947
NODE_47244_length_3615_cov_4.236917	156	289	18	20	133	0.1503759
NODE_47244_length_3615_cov_4.236917	156	289	19	57	133	0.4285714
NODE_47244_length_3615_cov_4.236917	156	289	20	13	133	0.0977444
NODE_47244_length_3615_cov_4.236917	156	289	21	3	133	0.0225564
NODE_47263_length_3614_cov_5.139687	1372	1505	4	62	133	0.4661654
NODE_47263_length_3614_cov_5.139687	1372	1505	5	71	133	0.5338346
NODE_472_length_17863_cov_4.575039	1051	1184	3	34	133	0.2556391
NODE_472_length_17863_cov_4.575039	1051	1184	4	1	133	0.0075188
NODE_472_length_17863_cov_4.575039	1051	1184	5	72	133	0.5413534
NODE_472_length_17863_cov_4.575039	1051	1184	6	26	133	0.1954887
NODE_47313_length_3612_cov_3.198406	2302	2435	11	5	133	0.0375940
NODE_47313_length_3612_cov_3.198406	2302	2435	12	14	133	0.1052632
NODE_47313_length_3612_cov_3.198406	2302	2435	13	15	133	0.1127820
NODE_47313_length_3612_cov_3.198406	2302	2435	14	21	133	0.1578947
NODE_47313_length_3612_cov_3.198406	2302	2435	15	33	133	0.2481203
NODE_47313_length_3612_cov_3.198406	2302	2435	16	22	133	0.1654135
NODE_47313_length_3612_cov_3.198406	2302	2435	17	7	133	0.0526316
NODE_47313_length_3612_cov_3.198406	2302	2435	18	16	133	0.1203008
NODE_47353_length_3610_cov_3.782683	3400	3533	3	6	133	0.0451128
NODE_47353_length_3610_cov_3.782683	3400	3533	4	16	133	0.1203008
NODE_47353_length_3610_cov_3.782683	3400	3533	6	40	133	0.3007519
NODE_47353_length_3610_cov_3.782683	3400	3533	7	15	133	0.1127820
NODE_47353_length_3610_cov_3.782683	3400	3533	8	30	133	0.2255639
NODE_47353_length_3610_cov_3.782683	3400	3533	9	26	133	0.1954887
NODE_47388_length_3608_cov_4.791964	153	286	2	18	133	0.1353384
NODE_47388_length_3608_cov_4.791964	153	286	3	46	133	0.3458647
NODE_47388_length_3608_cov_4.791964	153	286	4	69	133	0.5187970
NODE_47390_length_3608_cov_4.403534	793	926	9	9	133	0.0676692
NODE_47390_length_3608_cov_4.403534	793	926	10	1	133	0.0075188
NODE_47390_length_3608_cov_4.403534	793	926	12	5	133	0.0375940
NODE_47390_length_3608_cov_4.403534	793	926	13	7	133	0.0526316
NODE_47390_length_3608_cov_4.403534	793	926	14	12	133	0.0902256
NODE_47390_length_3608_cov_4.403534	793	926	15	4	133	0.0300752
NODE_47390_length_3608_cov_4.403534	793	926	16	2	133	0.0150376
NODE_47390_length_3608_cov_4.403534	793	926	17	15	133	0.1127820
NODE_47390_length_3608_cov_4.403534	793	926	18	19	133	0.1428571
NODE_47390_length_3608_cov_4.403534	793	926	19	2	133	0.0150376
NODE_47390_length_3608_cov_4.403534	793	926	20	16	133	0.1203008
NODE_47390_length_3608_cov_4.403534	793	926	21	24	133	0.1804511
NODE_47390_length_3608_cov_4.403534	793	926	22	8	133	0.0601504
NODE_47390_length_3608_cov_4.403534	793	926	23	9	133	0.0676692
NODE_47399_length_3608_cov_3.856369	1776	1909	5	28	133	0.2105263
NODE_47399_length_3608_cov_3.856369	1776	1909	6	31	133	0.2330827
NODE_47399_length_3608_cov_3.856369	1776	1909	7	46	133	0.3458647
NODE_47399_length_3608_cov_3.856369	1776	1909	8	20	133	0.1503759
NODE_47399_length_3608_cov_3.856369	1776	1909	9	8	133	0.0601504
NODE_473_length_17859_cov_10.423029	10026	10159	18	4	133	0.0300752
NODE_473_length_17859_cov_10.423029	10026	10159	20	9	133	0.0676692
NODE_473_length_17859_cov_10.423029	10026	10159	22	1	133	0.0075188
NODE_473_length_17859_cov_10.423029	10026	10159	23	1	133	0.0075188
NODE_473_length_17859_cov_10.423029	10026	10159	24	3	133	0.0225564
NODE_473_length_17859_cov_10.423029	10026	10159	25	9	133	0.0676692
NODE_473_length_17859_cov_10.423029	10026	10159	26	19	133	0.1428571
NODE_473_length_17859_cov_10.423029	10026	10159	27	9	133	0.0676692
NODE_473_length_17859_cov_10.423029	10026	10159	29	2	133	0.0150376
NODE_473_length_17859_cov_10.423029	10026	10159	32	16	133	0.1203008
NODE_473_length_17859_cov_10.423029	10026	10159	34	23	133	0.1729323
NODE_473_length_17859_cov_10.423029	10026	10159	35	29	133	0.2180451
NODE_473_length_17859_cov_10.423029	10026	10159	36	2	133	0.0150376
NODE_473_length_17859_cov_10.423029	10026	10159	37	3	133	0.0225564
NODE_473_length_17859_cov_10.423029	10026	10159	38	3	133	0.0225564
NODE_47406_length_3608_cov_3.046167	1759	1892	4	21	133	0.1578947
NODE_47406_length_3608_cov_3.046167	1759	1892	5	5	133	0.0375940
NODE_47406_length_3608_cov_3.046167	1759	1892	7	2	133	0.0150376
NODE_47406_length_3608_cov_3.046167	1759	1892	8	55	133	0.4135338
NODE_47406_length_3608_cov_3.046167	1759	1892	9	50	133	0.3759398
NODE_4741_length_9567_cov_3.896388	767	900	12	4	133	0.0300752
NODE_4741_length_9567_cov_3.896388	767	900	13	6	133	0.0451128
NODE_4741_length_9567_cov_3.896388	767	900	14	18	133	0.1353384
NODE_4741_length_9567_cov_3.896388	767	900	15	1	133	0.0075188
NODE_4741_length_9567_cov_3.896388	767	900	16	15	133	0.1127820
NODE_4741_length_9567_cov_3.896388	767	900	17	47	133	0.3533835
NODE_4741_length_9567_cov_3.896388	767	900	18	36	133	0.2706767
NODE_4741_length_9567_cov_3.896388	767	900	19	6	133	0.0451128
NODE_47497_length_3604_cov_4.264765	1931	2064	4	31	133	0.2330827
NODE_47497_length_3604_cov_4.264765	1931	2064	5	4	133	0.0300752
NODE_47497_length_3604_cov_4.264765	1931	2064	6	6	133	0.0451128
NODE_47497_length_3604_cov_4.264765	1931	2064	7	16	133	0.1203008
NODE_47497_length_3604_cov_4.264765	1931	2064	8	4	133	0.0300752
NODE_47497_length_3604_cov_4.264765	1931	2064	9	54	133	0.4060150
NODE_47497_length_3604_cov_4.264765	1931	2064	10	16	133	0.1203008
NODE_47497_length_3604_cov_4.264765	1931	2064	11	2	133	0.0150376
NODE_47514_length_3603_cov_4.863299	199	332	9	1	133	0.0075188
NODE_47514_length_3603_cov_4.863299	199	332	10	18	133	0.1353384
NODE_47514_length_3603_cov_4.863299	199	332	13	18	133	0.1353384
NODE_47514_length_3603_cov_4.863299	199	332	14	30	133	0.2255639
NODE_47514_length_3603_cov_4.863299	199	332	15	13	133	0.0977444
NODE_47514_length_3603_cov_4.863299	199	332	16	9	133	0.0676692
NODE_47514_length_3603_cov_4.863299	199	332	17	34	133	0.2556391
NODE_47514_length_3603_cov_4.863299	199	332	18	10	133	0.0751880
NODE_4753_length_9555_cov_3.838198	6806	6939	3	8	133	0.0601504
NODE_4753_length_9555_cov_3.838198	6806	6939	5	10	133	0.0751880
NODE_4753_length_9555_cov_3.838198	6806	6939	6	21	133	0.1578947
NODE_4753_length_9555_cov_3.838198	6806	6939	7	22	133	0.1654135
NODE_4753_length_9555_cov_3.838198	6806	6939	8	9	133	0.0676692
NODE_4753_length_9555_cov_3.838198	6806	6939	9	46	133	0.3458647
NODE_4753_length_9555_cov_3.838198	6806	6939	10	17	133	0.1278196
NODE_475451_length_329_cov_1.952174	114	247	0	133	133	1.0000000
NODE_47568_length_3601_cov_4.068532	394	527	1	7	133	0.0526316
NODE_47568_length_3601_cov_4.068532	394	527	2	7	133	0.0526316
NODE_47568_length_3601_cov_4.068532	394	527	3	14	133	0.1052632
NODE_47568_length_3601_cov_4.068532	394	527	4	18	133	0.1353384
NODE_47568_length_3601_cov_4.068532	394	527	5	62	133	0.4661654
NODE_47568_length_3601_cov_4.068532	394	527	6	2	133	0.0150376
NODE_47568_length_3601_cov_4.068532	394	527	10	1	133	0.0075188
NODE_47568_length_3601_cov_4.068532	394	527	11	13	133	0.0977444
NODE_47568_length_3601_cov_4.068532	394	527	12	1	133	0.0075188
NODE_47568_length_3601_cov_4.068532	394	527	13	8	133	0.0601504
NODE_47594_length_3600_cov_3.764639	1918	2051	7	10	133	0.0751880
NODE_47594_length_3600_cov_3.764639	1918	2051	8	2	133	0.0150376
NODE_47594_length_3600_cov_3.764639	1918	2051	9	4	133	0.0300752
NODE_47594_length_3600_cov_3.764639	1918	2051	10	10	133	0.0751880
NODE_47594_length_3600_cov_3.764639	1918	2051	12	9	133	0.0676692
NODE_47594_length_3600_cov_3.764639	1918	2051	13	6	133	0.0451128
NODE_47594_length_3600_cov_3.764639	1918	2051	14	51	133	0.3834586
NODE_47594_length_3600_cov_3.764639	1918	2051	15	23	133	0.1729323
NODE_47594_length_3600_cov_3.764639	1918	2051	16	10	133	0.0751880
NODE_47594_length_3600_cov_3.764639	1918	2051	17	4	133	0.0300752
NODE_47594_length_3600_cov_3.764639	1918	2051	18	4	133	0.0300752
NODE_475986_length_328_cov_2.593886	254	387	0	71	133	0.5338346
NODE_475986_length_328_cov_2.593886	254	387	1	62	133	0.4661654
NODE_475_length_17832_cov_4.716461	9315	9448	13	1	133	0.0075188
NODE_475_length_17832_cov_4.716461	9315	9448	14	7	133	0.0526316
NODE_475_length_17832_cov_4.716461	9315	9448	15	1	133	0.0075188
NODE_475_length_17832_cov_4.716461	9315	9448	16	3	133	0.0225564
NODE_475_length_17832_cov_4.716461	9315	9448	17	23	133	0.1729323
NODE_475_length_17832_cov_4.716461	9315	9448	18	57	133	0.4285714
NODE_475_length_17832_cov_4.716461	9315	9448	19	22	133	0.1654135
NODE_475_length_17832_cov_4.716461	9315	9448	20	19	133	0.1428571
NODE_47614_length_3599_cov_4.230000	2236	2369	3	3	133	0.0225564
NODE_47614_length_3599_cov_4.230000	2236	2369	5	27	133	0.2030075
NODE_47614_length_3599_cov_4.230000	2236	2369	7	7	133	0.0526316
NODE_47614_length_3599_cov_4.230000	2236	2369	8	26	133	0.1954887
NODE_47614_length_3599_cov_4.230000	2236	2369	9	6	133	0.0451128
NODE_47614_length_3599_cov_4.230000	2236	2369	10	10	133	0.0751880
NODE_47614_length_3599_cov_4.230000	2236	2369	11	10	133	0.0751880
NODE_47614_length_3599_cov_4.230000	2236	2369	12	4	133	0.0300752
NODE_47614_length_3599_cov_4.230000	2236	2369	13	24	133	0.1804511
NODE_47614_length_3599_cov_4.230000	2236	2369	15	5	133	0.0375940
NODE_47614_length_3599_cov_4.230000	2236	2369	16	11	133	0.0827068
NODE_4761_length_9550_cov_4.459846	3547	3680	9	20	133	0.1503759
NODE_4761_length_9550_cov_4.459846	3547	3680	10	5	133	0.0375940
NODE_4761_length_9550_cov_4.459846	3547	3680	11	2	133	0.0150376
NODE_4761_length_9550_cov_4.459846	3547	3680	12	3	133	0.0225564
NODE_4761_length_9550_cov_4.459846	3547	3680	13	19	133	0.1428571
NODE_4761_length_9550_cov_4.459846	3547	3680	14	31	133	0.2330827
NODE_4761_length_9550_cov_4.459846	3547	3680	15	21	133	0.1578947
NODE_4761_length_9550_cov_4.459846	3547	3680	16	20	133	0.1503759
NODE_4761_length_9550_cov_4.459846	3547	3680	17	9	133	0.0676692
NODE_4761_length_9550_cov_4.459846	3547	3680	18	3	133	0.0225564
NODE_4771_length_9541_cov_5.497140	5259	5392	17	2	133	0.0150376
NODE_4771_length_9541_cov_5.497140	5259	5392	18	6	133	0.0451128
NODE_4771_length_9541_cov_5.497140	5259	5392	19	2	133	0.0150376
NODE_4771_length_9541_cov_5.497140	5259	5392	21	2	133	0.0150376
NODE_4771_length_9541_cov_5.497140	5259	5392	22	3	133	0.0225564
NODE_4771_length_9541_cov_5.497140	5259	5392	23	5	133	0.0375940
NODE_4771_length_9541_cov_5.497140	5259	5392	24	9	133	0.0676692
NODE_4771_length_9541_cov_5.497140	5259	5392	25	2	133	0.0150376
NODE_4771_length_9541_cov_5.497140	5259	5392	26	13	133	0.0977444
NODE_4771_length_9541_cov_5.497140	5259	5392	27	7	133	0.0526316
NODE_4771_length_9541_cov_5.497140	5259	5392	28	15	133	0.1127820
NODE_4771_length_9541_cov_5.497140	5259	5392	29	4	133	0.0300752
NODE_4771_length_9541_cov_5.497140	5259	5392	30	7	133	0.0526316
NODE_4771_length_9541_cov_5.497140	5259	5392	31	14	133	0.1052632
NODE_4771_length_9541_cov_5.497140	5259	5392	32	3	133	0.0225564
NODE_4771_length_9541_cov_5.497140	5259	5392	33	28	133	0.2105263
NODE_4771_length_9541_cov_5.497140	5259	5392	34	9	133	0.0676692
NODE_4771_length_9541_cov_5.497140	5259	5392	35	2	133	0.0150376
NODE_47760_length_3592_cov_4.861437	1914	2047	11	8	133	0.0601504
NODE_47760_length_3592_cov_4.861437	1914	2047	12	4	133	0.0300752
NODE_47760_length_3592_cov_4.861437	1914	2047	14	1	133	0.0075188
NODE_47760_length_3592_cov_4.861437	1914	2047	15	7	133	0.0526316
NODE_47760_length_3592_cov_4.861437	1914	2047	16	1	133	0.0075188
NODE_47760_length_3592_cov_4.861437	1914	2047	18	3	133	0.0225564
NODE_47760_length_3592_cov_4.861437	1914	2047	19	26	133	0.1954887
NODE_47760_length_3592_cov_4.861437	1914	2047	20	16	133	0.1203008
NODE_47760_length_3592_cov_4.861437	1914	2047	21	2	133	0.0150376
NODE_47760_length_3592_cov_4.861437	1914	2047	22	19	133	0.1428571
NODE_47760_length_3592_cov_4.861437	1914	2047	23	5	133	0.0375940
NODE_47760_length_3592_cov_4.861437	1914	2047	24	7	133	0.0526316
NODE_47760_length_3592_cov_4.861437	1914	2047	25	19	133	0.1428571
NODE_47760_length_3592_cov_4.861437	1914	2047	26	5	133	0.0375940
NODE_47760_length_3592_cov_4.861437	1914	2047	27	1	133	0.0075188
NODE_47760_length_3592_cov_4.861437	1914	2047	28	9	133	0.0676692
NODE_4778_length_9539_cov_18.432733	6772	6905	4	29	133	0.2180451
NODE_4778_length_9539_cov_18.432733	6772	6905	5	5	133	0.0375940
NODE_4778_length_9539_cov_18.432733	6772	6905	6	37	133	0.2781955
NODE_4778_length_9539_cov_18.432733	6772	6905	7	4	133	0.0300752
NODE_4778_length_9539_cov_18.432733	6772	6905	8	24	133	0.1804511
NODE_4778_length_9539_cov_18.432733	6772	6905	9	4	133	0.0300752
NODE_4778_length_9539_cov_18.432733	6772	6905	11	20	133	0.1503759
NODE_4778_length_9539_cov_18.432733	6772	6905	12	10	133	0.0751880
NODE_47899_length_3586_cov_4.282191	1183	1316	15	7	133	0.0526316
NODE_47899_length_3586_cov_4.282191	1183	1316	19	2	133	0.0150376
NODE_47899_length_3586_cov_4.282191	1183	1316	20	24	133	0.1804511
NODE_47899_length_3586_cov_4.282191	1183	1316	21	10	133	0.0751880
NODE_47899_length_3586_cov_4.282191	1183	1316	22	4	133	0.0300752
NODE_47899_length_3586_cov_4.282191	1183	1316	23	7	133	0.0526316
NODE_47899_length_3586_cov_4.282191	1183	1316	24	16	133	0.1203008
NODE_47899_length_3586_cov_4.282191	1183	1316	26	11	133	0.0827068
NODE_47899_length_3586_cov_4.282191	1183	1316	27	3	133	0.0225564
NODE_47899_length_3586_cov_4.282191	1183	1316	28	21	133	0.1578947
NODE_47899_length_3586_cov_4.282191	1183	1316	29	15	133	0.1127820
NODE_47899_length_3586_cov_4.282191	1183	1316	30	7	133	0.0526316
NODE_47899_length_3586_cov_4.282191	1183	1316	32	6	133	0.0451128
NODE_47902_length_3586_cov_4.035274	2436	2569	12	30	133	0.2255639
NODE_47902_length_3586_cov_4.035274	2436	2569	13	1	133	0.0075188
NODE_47902_length_3586_cov_4.035274	2436	2569	15	2	133	0.0150376
NODE_47902_length_3586_cov_4.035274	2436	2569	16	19	133	0.1428571
NODE_47902_length_3586_cov_4.035274	2436	2569	17	15	133	0.1127820
NODE_47902_length_3586_cov_4.035274	2436	2569	18	12	133	0.0902256
NODE_47902_length_3586_cov_4.035274	2436	2569	20	9	133	0.0676692
NODE_47902_length_3586_cov_4.035274	2436	2569	21	26	133	0.1954887
NODE_47902_length_3586_cov_4.035274	2436	2569	22	19	133	0.1428571
NODE_47923_length_3585_cov_4.804073	1573	1706	2	26	133	0.1954887
NODE_47923_length_3585_cov_4.804073	1573	1706	3	8	133	0.0601504
NODE_47923_length_3585_cov_4.804073	1573	1706	4	19	133	0.1428571
NODE_47923_length_3585_cov_4.804073	1573	1706	5	3	133	0.0225564
NODE_47923_length_3585_cov_4.804073	1573	1706	6	48	133	0.3609022
NODE_47923_length_3585_cov_4.804073	1573	1706	7	29	133	0.2180451
NODE_47940_length_3585_cov_2.904188	2061	2194	11	3	133	0.0225564
NODE_47940_length_3585_cov_2.904188	2061	2194	12	13	133	0.0977444
NODE_47940_length_3585_cov_2.904188	2061	2194	13	45	133	0.3383459
NODE_47940_length_3585_cov_2.904188	2061	2194	14	38	133	0.2857143
NODE_47940_length_3585_cov_2.904188	2061	2194	15	9	133	0.0676692
NODE_47940_length_3585_cov_2.904188	2061	2194	16	25	133	0.1879699
NODE_479449_length_324_cov_1.795556	152	285	10	25	133	0.1879699
NODE_479449_length_324_cov_1.795556	152	285	11	31	133	0.2330827
NODE_479449_length_324_cov_1.795556	152	285	13	21	133	0.1578947
NODE_479449_length_324_cov_1.795556	152	285	15	22	133	0.1654135
NODE_479449_length_324_cov_1.795556	152	285	16	21	133	0.1578947
NODE_479449_length_324_cov_1.795556	152	285	17	13	133	0.0977444
NODE_48015_length_3581_cov_5.797243	2031	2164	8	7	133	0.0526316
NODE_48015_length_3581_cov_5.797243	2031	2164	9	22	133	0.1654135
NODE_48015_length_3581_cov_5.797243	2031	2164	10	12	133	0.0902256
NODE_48015_length_3581_cov_5.797243	2031	2164	11	27	133	0.2030075
NODE_48015_length_3581_cov_5.797243	2031	2164	12	25	133	0.1879699
NODE_48015_length_3581_cov_5.797243	2031	2164	13	40	133	0.3007519
NODE_48019_length_3581_cov_4.646468	2418	2551	4	7	133	0.0526316
NODE_48019_length_3581_cov_4.646468	2418	2551	5	37	133	0.2781955
NODE_48019_length_3581_cov_4.646468	2418	2551	6	52	133	0.3909774
NODE_48019_length_3581_cov_4.646468	2418	2551	7	37	133	0.2781955
NODE_4802_length_9526_cov_4.591599	9056	9189	1	2	133	0.0150376
NODE_4802_length_9526_cov_4.591599	9056	9189	2	28	133	0.2105263
NODE_4802_length_9526_cov_4.591599	9056	9189	3	28	133	0.2105263
NODE_4802_length_9526_cov_4.591599	9056	9189	4	41	133	0.3082707
NODE_4802_length_9526_cov_4.591599	9056	9189	5	34	133	0.2556391
NODE_48080_length_3579_cov_2.907471	895	1028	25	5	133	0.0375940
NODE_48080_length_3579_cov_2.907471	895	1028	26	6	133	0.0451128
NODE_48080_length_3579_cov_2.907471	895	1028	27	3	133	0.0225564
NODE_48080_length_3579_cov_2.907471	895	1028	28	2	133	0.0150376
NODE_48080_length_3579_cov_2.907471	895	1028	29	8	133	0.0601504
NODE_48080_length_3579_cov_2.907471	895	1028	30	2	133	0.0150376
NODE_48080_length_3579_cov_2.907471	895	1028	31	3	133	0.0225564
NODE_48080_length_3579_cov_2.907471	895	1028	32	8	133	0.0601504
NODE_48080_length_3579_cov_2.907471	895	1028	34	1	133	0.0075188
NODE_48080_length_3579_cov_2.907471	895	1028	35	3	133	0.0225564
NODE_48080_length_3579_cov_2.907471	895	1028	36	4	133	0.0300752
NODE_48080_length_3579_cov_2.907471	895	1028	37	6	133	0.0451128
NODE_48080_length_3579_cov_2.907471	895	1028	38	2	133	0.0150376
NODE_48080_length_3579_cov_2.907471	895	1028	39	8	133	0.0601504
NODE_48080_length_3579_cov_2.907471	895	1028	40	9	133	0.0676692
NODE_48080_length_3579_cov_2.907471	895	1028	41	23	133	0.1729323
NODE_48080_length_3579_cov_2.907471	895	1028	42	2	133	0.0150376
NODE_48080_length_3579_cov_2.907471	895	1028	43	15	133	0.1127820
NODE_48080_length_3579_cov_2.907471	895	1028	44	10	133	0.0751880
NODE_48080_length_3579_cov_2.907471	895	1028	45	13	133	0.0977444
NODE_48111_length_3577_cov_4.694940	3183	3316	6	2	133	0.0150376
NODE_48111_length_3577_cov_4.694940	3183	3316	7	30	133	0.2255639
NODE_48111_length_3577_cov_4.694940	3183	3316	8	38	133	0.2857143
NODE_48111_length_3577_cov_4.694940	3183	3316	9	13	133	0.0977444
NODE_48111_length_3577_cov_4.694940	3183	3316	10	6	133	0.0451128
NODE_48111_length_3577_cov_4.694940	3183	3316	11	44	133	0.3308271
NODE_48143_length_3576_cov_3.294219	921	1054	4	19	133	0.1428571
NODE_48143_length_3576_cov_3.294219	921	1054	5	8	133	0.0601504
NODE_48143_length_3576_cov_3.294219	921	1054	6	10	133	0.0751880
NODE_48143_length_3576_cov_3.294219	921	1054	7	32	133	0.2406015
NODE_48143_length_3576_cov_3.294219	921	1054	8	44	133	0.3308271
NODE_48143_length_3576_cov_3.294219	921	1054	9	20	133	0.1503759
NODE_48189_length_3574_cov_3.058417	407	540	0	116	133	0.8721805
NODE_48189_length_3574_cov_3.058417	407	540	1	17	133	0.1278196
NODE_481_length_17789_cov_4.447711	4606	4739	6	17	133	0.1278196
NODE_481_length_17789_cov_4.447711	4606	4739	7	6	133	0.0451128
NODE_481_length_17789_cov_4.447711	4606	4739	8	13	133	0.0977444
NODE_481_length_17789_cov_4.447711	4606	4739	9	74	133	0.5563910
NODE_481_length_17789_cov_4.447711	4606	4739	10	23	133	0.1729323
NODE_4829_length_9514_cov_3.842910	8785	8918	1	5	133	0.0375940
NODE_4829_length_9514_cov_3.842910	8785	8918	2	5	133	0.0375940
NODE_4829_length_9514_cov_3.842910	8785	8918	4	13	133	0.0977444
NODE_4829_length_9514_cov_3.842910	8785	8918	5	33	133	0.2481203
NODE_4829_length_9514_cov_3.842910	8785	8918	6	40	133	0.3007519
NODE_4829_length_9514_cov_3.842910	8785	8918	7	37	133	0.2781955
NODE_4838_length_9506_cov_4.501116	5068	5201	19	10	133	0.0751880
NODE_4838_length_9506_cov_4.501116	5068	5201	20	28	133	0.2105263
NODE_4838_length_9506_cov_4.501116	5068	5201	21	49	133	0.3684210
NODE_4838_length_9506_cov_4.501116	5068	5201	22	45	133	0.3383459
NODE_4838_length_9506_cov_4.501116	5068	5201	23	1	133	0.0075188
NODE_48405_length_3564_cov_5.062915	1408	1541	33	3	133	0.0225564
NODE_48405_length_3564_cov_5.062915	1408	1541	34	1	133	0.0075188
NODE_48405_length_3564_cov_5.062915	1408	1541	36	2	133	0.0150376
NODE_48405_length_3564_cov_5.062915	1408	1541	37	1	133	0.0075188
NODE_48405_length_3564_cov_5.062915	1408	1541	38	1	133	0.0075188
NODE_48405_length_3564_cov_5.062915	1408	1541	39	2	133	0.0150376
NODE_48405_length_3564_cov_5.062915	1408	1541	40	3	133	0.0225564
NODE_48405_length_3564_cov_5.062915	1408	1541	41	1	133	0.0075188
NODE_48405_length_3564_cov_5.062915	1408	1541	42	5	133	0.0375940
NODE_48405_length_3564_cov_5.062915	1408	1541	45	2	133	0.0150376
NODE_48405_length_3564_cov_5.062915	1408	1541	46	17	133	0.1278196
NODE_48405_length_3564_cov_5.062915	1408	1541	47	15	133	0.1127820
NODE_48405_length_3564_cov_5.062915	1408	1541	48	20	133	0.1503759
NODE_48405_length_3564_cov_5.062915	1408	1541	49	24	133	0.1804511
NODE_48405_length_3564_cov_5.062915	1408	1541	50	7	133	0.0526316
NODE_48405_length_3564_cov_5.062915	1408	1541	51	7	133	0.0526316
NODE_48405_length_3564_cov_5.062915	1408	1541	52	5	133	0.0375940
NODE_48405_length_3564_cov_5.062915	1408	1541	53	9	133	0.0676692
NODE_48405_length_3564_cov_5.062915	1408	1541	54	2	133	0.0150376
NODE_48405_length_3564_cov_5.062915	1408	1541	55	6	133	0.0451128
NODE_48430_length_3563_cov_4.685335	873	1006	6	4	133	0.0300752
NODE_48430_length_3563_cov_4.685335	873	1006	7	22	133	0.1654135
NODE_48430_length_3563_cov_4.685335	873	1006	8	20	133	0.1503759
NODE_48430_length_3563_cov_4.685335	873	1006	9	62	133	0.4661654
NODE_48430_length_3563_cov_4.685335	873	1006	10	25	133	0.1879699
NODE_484320_length_318_cov_1.698630	245	378	0	60	133	0.4511278
NODE_484320_length_318_cov_1.698630	245	378	8	2	133	0.0150376
NODE_484320_length_318_cov_1.698630	245	378	9	7	133	0.0526316
NODE_484320_length_318_cov_1.698630	245	378	10	33	133	0.2481203
NODE_484320_length_318_cov_1.698630	245	378	11	16	133	0.1203008
NODE_484320_length_318_cov_1.698630	245	378	12	6	133	0.0451128
NODE_484320_length_318_cov_1.698630	245	378	13	9	133	0.0676692
NODE_484332_length_318_cov_1.643836	198	331	0	13	133	0.0977444
NODE_484332_length_318_cov_1.643836	198	331	3	29	133	0.2180451
NODE_484332_length_318_cov_1.643836	198	331	4	1	133	0.0075188
NODE_484332_length_318_cov_1.643836	198	331	5	1	133	0.0075188
NODE_484332_length_318_cov_1.643836	198	331	6	7	133	0.0526316
NODE_484332_length_318_cov_1.643836	198	331	7	34	133	0.2556391
NODE_484332_length_318_cov_1.643836	198	331	8	48	133	0.3609022
NODE_48447_length_3562_cov_5.516315	1615	1748	22	1	133	0.0075188
NODE_48447_length_3562_cov_5.516315	1615	1748	23	1	133	0.0075188
NODE_48447_length_3562_cov_5.516315	1615	1748	24	16	133	0.1203008
NODE_48447_length_3562_cov_5.516315	1615	1748	25	9	133	0.0676692
NODE_48447_length_3562_cov_5.516315	1615	1748	26	15	133	0.1127820
NODE_48447_length_3562_cov_5.516315	1615	1748	27	10	133	0.0751880
NODE_48447_length_3562_cov_5.516315	1615	1748	28	11	133	0.0827068
NODE_48447_length_3562_cov_5.516315	1615	1748	29	8	133	0.0601504
NODE_48447_length_3562_cov_5.516315	1615	1748	30	13	133	0.0977444
NODE_48447_length_3562_cov_5.516315	1615	1748	31	7	133	0.0526316
NODE_48447_length_3562_cov_5.516315	1615	1748	32	29	133	0.2180451
NODE_48447_length_3562_cov_5.516315	1615	1748	33	13	133	0.0977444
NODE_48517_length_3559_cov_4.104046	2749	2882	33	3	133	0.0225564
NODE_48517_length_3559_cov_4.104046	2749	2882	34	5	133	0.0375940
NODE_48517_length_3559_cov_4.104046	2749	2882	37	1	133	0.0075188
NODE_48517_length_3559_cov_4.104046	2749	2882	38	5	133	0.0375940
NODE_48517_length_3559_cov_4.104046	2749	2882	39	1	133	0.0075188
NODE_48517_length_3559_cov_4.104046	2749	2882	40	5	133	0.0375940
NODE_48517_length_3559_cov_4.104046	2749	2882	41	9	133	0.0676692
NODE_48517_length_3559_cov_4.104046	2749	2882	42	5	133	0.0375940
NODE_48517_length_3559_cov_4.104046	2749	2882	43	2	133	0.0150376
NODE_48517_length_3559_cov_4.104046	2749	2882	45	6	133	0.0451128
NODE_48517_length_3559_cov_4.104046	2749	2882	46	4	133	0.0300752
NODE_48517_length_3559_cov_4.104046	2749	2882	48	12	133	0.0902256
NODE_48517_length_3559_cov_4.104046	2749	2882	49	14	133	0.1052632
NODE_48517_length_3559_cov_4.104046	2749	2882	50	14	133	0.1052632
NODE_48517_length_3559_cov_4.104046	2749	2882	51	16	133	0.1203008
NODE_48517_length_3559_cov_4.104046	2749	2882	52	2	133	0.0150376
NODE_48517_length_3559_cov_4.104046	2749	2882	53	10	133	0.0751880
NODE_48517_length_3559_cov_4.104046	2749	2882	54	13	133	0.0977444
NODE_48517_length_3559_cov_4.104046	2749	2882	55	6	133	0.0451128
NODE_48542_length_3558_cov_2.318878	2654	2787	5	56	133	0.4210526
NODE_48542_length_3558_cov_2.318878	2654	2787	6	20	133	0.1503759
NODE_48542_length_3558_cov_2.318878	2654	2787	7	25	133	0.1879699
NODE_48542_length_3558_cov_2.318878	2654	2787	8	32	133	0.2406015
NODE_48546_length_3557_cov_5.609890	359	492	20	8	133	0.0601504
NODE_48546_length_3557_cov_5.609890	359	492	21	5	133	0.0375940
NODE_48546_length_3557_cov_5.609890	359	492	22	16	133	0.1203008
NODE_48546_length_3557_cov_5.609890	359	492	23	40	133	0.3007519
NODE_48546_length_3557_cov_5.609890	359	492	24	35	133	0.2631579
NODE_48546_length_3557_cov_5.609890	359	492	25	17	133	0.1278196
NODE_48546_length_3557_cov_5.609890	359	492	26	12	133	0.0902256
NODE_48565_length_3557_cov_3.299595	3238	3371	7	4	133	0.0300752
NODE_48565_length_3557_cov_3.299595	3238	3371	8	10	133	0.0751880
NODE_48565_length_3557_cov_3.299595	3238	3371	12	2	133	0.0150376
NODE_48565_length_3557_cov_3.299595	3238	3371	13	5	133	0.0375940
NODE_48565_length_3557_cov_3.299595	3238	3371	14	8	133	0.0601504
NODE_48565_length_3557_cov_3.299595	3238	3371	15	12	133	0.0902256
NODE_48565_length_3557_cov_3.299595	3238	3371	16	12	133	0.0902256
NODE_48565_length_3557_cov_3.299595	3238	3371	17	15	133	0.1127820
NODE_48565_length_3557_cov_3.299595	3238	3371	18	55	133	0.4135338
NODE_48565_length_3557_cov_3.299595	3238	3371	19	10	133	0.0751880
NODE_48601_length_3555_cov_4.317708	381	514	8	5	133	0.0375940
NODE_48601_length_3555_cov_4.317708	381	514	12	1	133	0.0075188
NODE_48601_length_3555_cov_4.317708	381	514	13	3	133	0.0225564
NODE_48601_length_3555_cov_4.317708	381	514	14	4	133	0.0300752
NODE_48601_length_3555_cov_4.317708	381	514	15	6	133	0.0451128
NODE_48601_length_3555_cov_4.317708	381	514	16	9	133	0.0676692
NODE_48601_length_3555_cov_4.317708	381	514	17	2	133	0.0150376
NODE_48601_length_3555_cov_4.317708	381	514	18	17	133	0.1278196
NODE_48601_length_3555_cov_4.317708	381	514	19	35	133	0.2631579
NODE_48601_length_3555_cov_4.317708	381	514	20	36	133	0.2706767
NODE_48601_length_3555_cov_4.317708	381	514	21	15	133	0.1127820
NODE_48617_length_3554_cov_5.059045	3005	3138	8	10	133	0.0751880
NODE_48617_length_3554_cov_5.059045	3005	3138	9	41	133	0.3082707
NODE_48617_length_3554_cov_5.059045	3005	3138	10	71	133	0.5338346
NODE_48617_length_3554_cov_5.059045	3005	3138	11	11	133	0.0827068
NODE_48663_length_3552_cov_5.356502	2875	3008	17	4	133	0.0300752
NODE_48663_length_3552_cov_5.356502	2875	3008	18	2	133	0.0150376
NODE_48663_length_3552_cov_5.356502	2875	3008	19	5	133	0.0375940
NODE_48663_length_3552_cov_5.356502	2875	3008	20	2	133	0.0150376
NODE_48663_length_3552_cov_5.356502	2875	3008	21	5	133	0.0375940
NODE_48663_length_3552_cov_5.356502	2875	3008	23	6	133	0.0451128
NODE_48663_length_3552_cov_5.356502	2875	3008	24	7	133	0.0526316
NODE_48663_length_3552_cov_5.356502	2875	3008	25	1	133	0.0075188
NODE_48663_length_3552_cov_5.356502	2875	3008	26	4	133	0.0300752
NODE_48663_length_3552_cov_5.356502	2875	3008	27	4	133	0.0300752
NODE_48663_length_3552_cov_5.356502	2875	3008	28	5	133	0.0375940
NODE_48663_length_3552_cov_5.356502	2875	3008	29	4	133	0.0300752
NODE_48663_length_3552_cov_5.356502	2875	3008	30	4	133	0.0300752
NODE_48663_length_3552_cov_5.356502	2875	3008	31	4	133	0.0300752
NODE_48663_length_3552_cov_5.356502	2875	3008	32	2	133	0.0150376
NODE_48663_length_3552_cov_5.356502	2875	3008	33	4	133	0.0300752
NODE_48663_length_3552_cov_5.356502	2875	3008	34	1	133	0.0075188
NODE_48663_length_3552_cov_5.356502	2875	3008	35	18	133	0.1353384
NODE_48663_length_3552_cov_5.356502	2875	3008	36	45	133	0.3383459
NODE_48663_length_3552_cov_5.356502	2875	3008	37	6	133	0.0451128
NODE_48699_length_3551_cov_3.345307	1506	1639	19	4	133	0.0300752
NODE_48699_length_3551_cov_3.345307	1506	1639	21	2	133	0.0150376
NODE_48699_length_3551_cov_3.345307	1506	1639	22	5	133	0.0375940
NODE_48699_length_3551_cov_3.345307	1506	1639	23	19	133	0.1428571
NODE_48699_length_3551_cov_3.345307	1506	1639	24	14	133	0.1052632
NODE_48699_length_3551_cov_3.345307	1506	1639	25	19	133	0.1428571
NODE_48699_length_3551_cov_3.345307	1506	1639	26	12	133	0.0902256
NODE_48699_length_3551_cov_3.345307	1506	1639	27	18	133	0.1353384
NODE_48699_length_3551_cov_3.345307	1506	1639	28	29	133	0.2180451
NODE_48699_length_3551_cov_3.345307	1506	1639	29	11	133	0.0827068
NODE_48709_length_3550_cov_4.475514	2789	2922	13	8	133	0.0601504
NODE_48709_length_3550_cov_4.475514	2789	2922	14	13	133	0.0977444
NODE_48709_length_3550_cov_4.475514	2789	2922	15	2	133	0.0150376
NODE_48709_length_3550_cov_4.475514	2789	2922	16	4	133	0.0300752
NODE_48709_length_3550_cov_4.475514	2789	2922	17	2	133	0.0150376
NODE_48709_length_3550_cov_4.475514	2789	2922	18	12	133	0.0902256
NODE_48709_length_3550_cov_4.475514	2789	2922	19	12	133	0.0902256
NODE_48709_length_3550_cov_4.475514	2789	2922	20	53	133	0.3984962
NODE_48709_length_3550_cov_4.475514	2789	2922	21	16	133	0.1203008
NODE_48709_length_3550_cov_4.475514	2789	2922	22	9	133	0.0676692
NODE_48709_length_3550_cov_4.475514	2789	2922	23	2	133	0.0150376
NODE_48719_length_3550_cov_3.019125	112	245	8	32	133	0.2406015
NODE_48719_length_3550_cov_3.019125	112	245	9	41	133	0.3082707
NODE_48719_length_3550_cov_3.019125	112	245	10	4	133	0.0300752
NODE_48719_length_3550_cov_3.019125	112	245	11	11	133	0.0827068
NODE_48719_length_3550_cov_3.019125	112	245	12	24	133	0.1804511
NODE_48719_length_3550_cov_3.019125	112	245	13	21	133	0.1578947
NODE_48750_length_3548_cov_4.423891	1889	2022	15	8	133	0.0601504
NODE_48750_length_3548_cov_4.423891	1889	2022	16	4	133	0.0300752
NODE_48750_length_3548_cov_4.423891	1889	2022	17	14	133	0.1052632
NODE_48750_length_3548_cov_4.423891	1889	2022	18	5	133	0.0375940
NODE_48750_length_3548_cov_4.423891	1889	2022	19	4	133	0.0300752
NODE_48750_length_3548_cov_4.423891	1889	2022	20	17	133	0.1278196
NODE_48750_length_3548_cov_4.423891	1889	2022	21	5	133	0.0375940
NODE_48750_length_3548_cov_4.423891	1889	2022	22	16	133	0.1203008
NODE_48750_length_3548_cov_4.423891	1889	2022	23	7	133	0.0526316
NODE_48750_length_3548_cov_4.423891	1889	2022	24	5	133	0.0375940
NODE_48750_length_3548_cov_4.423891	1889	2022	25	10	133	0.0751880
NODE_48750_length_3548_cov_4.423891	1889	2022	26	15	133	0.1127820
NODE_48750_length_3548_cov_4.423891	1889	2022	27	4	133	0.0300752
NODE_48750_length_3548_cov_4.423891	1889	2022	28	19	133	0.1428571
NODE_48771_length_3547_cov_4.789153	2792	2925	11	4	133	0.0300752
NODE_48771_length_3547_cov_4.789153	2792	2925	13	9	133	0.0676692
NODE_48771_length_3547_cov_4.789153	2792	2925	14	6	133	0.0451128
NODE_48771_length_3547_cov_4.789153	2792	2925	15	3	133	0.0225564
NODE_48771_length_3547_cov_4.789153	2792	2925	16	4	133	0.0300752
NODE_48771_length_3547_cov_4.789153	2792	2925	17	1	133	0.0075188
NODE_48771_length_3547_cov_4.789153	2792	2925	19	5	133	0.0375940
NODE_48771_length_3547_cov_4.789153	2792	2925	20	1	133	0.0075188
NODE_48771_length_3547_cov_4.789153	2792	2925	21	1	133	0.0075188
NODE_48771_length_3547_cov_4.789153	2792	2925	22	8	133	0.0601504
NODE_48771_length_3547_cov_4.789153	2792	2925	23	6	133	0.0451128
NODE_48771_length_3547_cov_4.789153	2792	2925	24	6	133	0.0451128
NODE_48771_length_3547_cov_4.789153	2792	2925	26	5	133	0.0375940
NODE_48771_length_3547_cov_4.789153	2792	2925	27	7	133	0.0526316
NODE_48771_length_3547_cov_4.789153	2792	2925	29	1	133	0.0075188
NODE_48771_length_3547_cov_4.789153	2792	2925	35	11	133	0.0827068
NODE_48771_length_3547_cov_4.789153	2792	2925	36	2	133	0.0150376
NODE_48771_length_3547_cov_4.789153	2792	2925	37	7	133	0.0526316
NODE_48771_length_3547_cov_4.789153	2792	2925	38	7	133	0.0526316
NODE_48771_length_3547_cov_4.789153	2792	2925	39	14	133	0.1052632
NODE_48771_length_3547_cov_4.789153	2792	2925	40	21	133	0.1578947
NODE_48771_length_3547_cov_4.789153	2792	2925	41	4	133	0.0300752
NODE_48817_length_3545_cov_4.845328	149	282	1	2	133	0.0150376
NODE_48817_length_3545_cov_4.845328	149	282	2	14	133	0.1052632
NODE_48817_length_3545_cov_4.845328	149	282	3	1	133	0.0075188
NODE_48817_length_3545_cov_4.845328	149	282	4	33	133	0.2481203
NODE_48817_length_3545_cov_4.845328	149	282	5	13	133	0.0977444
NODE_48817_length_3545_cov_4.845328	149	282	6	9	133	0.0676692
NODE_48817_length_3545_cov_4.845328	149	282	7	14	133	0.1052632
NODE_48817_length_3545_cov_4.845328	149	282	8	35	133	0.2631579
NODE_48817_length_3545_cov_4.845328	149	282	9	12	133	0.0902256
NODE_48819_length_3545_cov_4.612594	122	255	0	25	133	0.1879699
NODE_48819_length_3545_cov_4.612594	122	255	1	108	133	0.8120301
NODE_48931_length_3540_cov_4.131648	2429	2562	4	5	133	0.0375940
NODE_48931_length_3540_cov_4.131648	2429	2562	5	13	133	0.0977444
NODE_48931_length_3540_cov_4.131648	2429	2562	6	46	133	0.3458647
NODE_48931_length_3540_cov_4.131648	2429	2562	7	15	133	0.1127820
NODE_48931_length_3540_cov_4.131648	2429	2562	8	22	133	0.1654135
NODE_48931_length_3540_cov_4.131648	2429	2562	9	3	133	0.0225564
NODE_48931_length_3540_cov_4.131648	2429	2562	10	21	133	0.1578947
NODE_48931_length_3540_cov_4.131648	2429	2562	11	8	133	0.0601504
NODE_489708_length_311_cov_3.594340	34	167	0	133	133	1.0000000
NODE_48995_length_3538_cov_3.587962	109	242	8	11	133	0.0827068
NODE_48995_length_3538_cov_3.587962	109	242	9	32	133	0.2406015
NODE_48995_length_3538_cov_3.587962	109	242	10	33	133	0.2481203
NODE_48995_length_3538_cov_3.587962	109	242	11	34	133	0.2556391
NODE_48995_length_3538_cov_3.587962	109	242	12	9	133	0.0676692
NODE_48995_length_3538_cov_3.587962	109	242	13	14	133	0.1052632
NODE_489_length_17736_cov_4.985031	8170	8303	12	7	133	0.0526316
NODE_489_length_17736_cov_4.985031	8170	8303	13	22	133	0.1654135
NODE_489_length_17736_cov_4.985031	8170	8303	14	22	133	0.1654135
NODE_489_length_17736_cov_4.985031	8170	8303	15	3	133	0.0225564
NODE_489_length_17736_cov_4.985031	8170	8303	16	17	133	0.1278196
NODE_489_length_17736_cov_4.985031	8170	8303	17	26	133	0.1954887
NODE_489_length_17736_cov_4.985031	8170	8303	18	30	133	0.2255639
NODE_489_length_17736_cov_4.985031	8170	8303	19	6	133	0.0451128
NODE_48_length_28031_cov_4.317414	10854	10987	13	5	133	0.0375940
NODE_48_length_28031_cov_4.317414	10854	10987	14	18	133	0.1353384
NODE_48_length_28031_cov_4.317414	10854	10987	16	5	133	0.0375940
NODE_48_length_28031_cov_4.317414	10854	10987	18	12	133	0.0902256
NODE_48_length_28031_cov_4.317414	10854	10987	19	15	133	0.1127820
NODE_48_length_28031_cov_4.317414	10854	10987	20	21	133	0.1578947
NODE_48_length_28031_cov_4.317414	10854	10987	21	3	133	0.0225564
NODE_48_length_28031_cov_4.317414	10854	10987	22	14	133	0.1052632
NODE_48_length_28031_cov_4.317414	10854	10987	23	14	133	0.1052632
NODE_48_length_28031_cov_4.317414	10854	10987	24	15	133	0.1127820
NODE_48_length_28031_cov_4.317414	10854	10987	25	9	133	0.0676692
NODE_48_length_28031_cov_4.317414	10854	10987	26	2	133	0.0150376
NODE_49006_length_3537_cov_7.258581	263	396	25	18	133	0.1353384
NODE_49006_length_3537_cov_7.258581	263	396	26	5	133	0.0375940
NODE_49006_length_3537_cov_7.258581	263	396	28	3	133	0.0225564
NODE_49006_length_3537_cov_7.258581	263	396	29	5	133	0.0375940
NODE_49006_length_3537_cov_7.258581	263	396	30	4	133	0.0300752
NODE_49006_length_3537_cov_7.258581	263	396	31	15	133	0.1127820
NODE_49006_length_3537_cov_7.258581	263	396	32	1	133	0.0075188
NODE_49006_length_3537_cov_7.258581	263	396	33	5	133	0.0375940
NODE_49006_length_3537_cov_7.258581	263	396	34	5	133	0.0375940
NODE_49006_length_3537_cov_7.258581	263	396	36	8	133	0.0601504
NODE_49006_length_3537_cov_7.258581	263	396	37	4	133	0.0300752
NODE_49006_length_3537_cov_7.258581	263	396	38	5	133	0.0375940
NODE_49006_length_3537_cov_7.258581	263	396	40	1	133	0.0075188
NODE_49006_length_3537_cov_7.258581	263	396	41	3	133	0.0225564
NODE_49006_length_3537_cov_7.258581	263	396	42	4	133	0.0300752
NODE_49006_length_3537_cov_7.258581	263	396	43	22	133	0.1654135
NODE_49006_length_3537_cov_7.258581	263	396	44	5	133	0.0375940
NODE_49006_length_3537_cov_7.258581	263	396	45	4	133	0.0300752
NODE_49006_length_3537_cov_7.258581	263	396	46	1	133	0.0075188
NODE_49006_length_3537_cov_7.258581	263	396	47	13	133	0.0977444
NODE_49006_length_3537_cov_7.258581	263	396	49	2	133	0.0150376
NODE_49053_length_3535_cov_5.226135	2886	3019	14	6	133	0.0451128
NODE_49053_length_3535_cov_5.226135	2886	3019	15	22	133	0.1654135
NODE_49053_length_3535_cov_5.226135	2886	3019	16	1	133	0.0075188
NODE_49053_length_3535_cov_5.226135	2886	3019	18	12	133	0.0902256
NODE_49053_length_3535_cov_5.226135	2886	3019	19	10	133	0.0751880
NODE_49053_length_3535_cov_5.226135	2886	3019	20	16	133	0.1203008
NODE_49053_length_3535_cov_5.226135	2886	3019	21	35	133	0.2631579
NODE_49053_length_3535_cov_5.226135	2886	3019	22	20	133	0.1503759
NODE_49053_length_3535_cov_5.226135	2886	3019	23	8	133	0.0601504
NODE_49053_length_3535_cov_5.226135	2886	3019	24	3	133	0.0225564
NODE_49078_length_3534_cov_4.752838	176	309	15	6	133	0.0451128
NODE_49078_length_3534_cov_4.752838	176	309	16	2	133	0.0150376
NODE_49078_length_3534_cov_4.752838	176	309	17	2	133	0.0150376
NODE_49078_length_3534_cov_4.752838	176	309	18	7	133	0.0526316
NODE_49078_length_3534_cov_4.752838	176	309	19	6	133	0.0451128
NODE_49078_length_3534_cov_4.752838	176	309	20	16	133	0.1203008
NODE_49078_length_3534_cov_4.752838	176	309	21	4	133	0.0300752
NODE_49078_length_3534_cov_4.752838	176	309	22	20	133	0.1503759
NODE_49078_length_3534_cov_4.752838	176	309	25	6	133	0.0451128
NODE_49078_length_3534_cov_4.752838	176	309	26	6	133	0.0451128
NODE_49078_length_3534_cov_4.752838	176	309	27	6	133	0.0451128
NODE_49078_length_3534_cov_4.752838	176	309	28	13	133	0.0977444
NODE_49078_length_3534_cov_4.752838	176	309	29	26	133	0.1954887
NODE_49078_length_3534_cov_4.752838	176	309	30	13	133	0.0977444
NODE_49086_length_3534_cov_4.307424	1239	1372	11	9	133	0.0676692
NODE_49086_length_3534_cov_4.307424	1239	1372	12	11	133	0.0827068
NODE_49086_length_3534_cov_4.307424	1239	1372	14	17	133	0.1278196
NODE_49086_length_3534_cov_4.307424	1239	1372	15	15	133	0.1127820
NODE_49086_length_3534_cov_4.307424	1239	1372	16	13	133	0.0977444
NODE_49086_length_3534_cov_4.307424	1239	1372	17	13	133	0.0977444
NODE_49086_length_3534_cov_4.307424	1239	1372	18	5	133	0.0375940
NODE_49086_length_3534_cov_4.307424	1239	1372	19	43	133	0.3233083
NODE_49086_length_3534_cov_4.307424	1239	1372	20	7	133	0.0526316
NODE_4913_length_9465_cov_5.024984	1792	1925	9	8	133	0.0601504
NODE_4913_length_9465_cov_5.024984	1792	1925	11	23	133	0.1729323
NODE_4913_length_9465_cov_5.024984	1792	1925	12	5	133	0.0375940
NODE_4913_length_9465_cov_5.024984	1792	1925	13	10	133	0.0751880
NODE_4913_length_9465_cov_5.024984	1792	1925	14	31	133	0.2330827
NODE_4913_length_9465_cov_5.024984	1792	1925	15	15	133	0.1127820
NODE_4913_length_9465_cov_5.024984	1792	1925	16	4	133	0.0300752
NODE_4913_length_9465_cov_5.024984	1792	1925	17	3	133	0.0225564
NODE_4913_length_9465_cov_5.024984	1792	1925	18	13	133	0.0977444
NODE_4913_length_9465_cov_5.024984	1792	1925	19	17	133	0.1278196
NODE_4913_length_9465_cov_5.024984	1792	1925	20	4	133	0.0300752
NODE_49140_length_3532_cov_4.102534	548	681	8	13	133	0.0977444
NODE_49140_length_3532_cov_4.102534	548	681	10	8	133	0.0601504
NODE_49140_length_3532_cov_4.102534	548	681	11	4	133	0.0300752
NODE_49140_length_3532_cov_4.102534	548	681	12	11	133	0.0827068
NODE_49140_length_3532_cov_4.102534	548	681	14	25	133	0.1879699
NODE_49140_length_3532_cov_4.102534	548	681	15	17	133	0.1278196
NODE_49140_length_3532_cov_4.102534	548	681	16	33	133	0.2481203
NODE_49140_length_3532_cov_4.102534	548	681	17	9	133	0.0676692
NODE_49140_length_3532_cov_4.102534	548	681	18	13	133	0.0977444
NODE_49181_length_3530_cov_4.554940	1932	2065	4	22	133	0.1654135
NODE_49181_length_3530_cov_4.554940	1932	2065	6	2	133	0.0150376
NODE_49181_length_3530_cov_4.554940	1932	2065	8	7	133	0.0526316
NODE_49181_length_3530_cov_4.554940	1932	2065	9	43	133	0.3233083
NODE_49181_length_3530_cov_4.554940	1932	2065	10	52	133	0.3909774
NODE_49181_length_3530_cov_4.554940	1932	2065	11	7	133	0.0526316
NODE_49196_length_3529_cov_5.891254	1008	1141	12	4	133	0.0300752
NODE_49196_length_3529_cov_5.891254	1008	1141	13	5	133	0.0375940
NODE_49196_length_3529_cov_5.891254	1008	1141	14	20	133	0.1503759
NODE_49196_length_3529_cov_5.891254	1008	1141	15	17	133	0.1278196
NODE_49196_length_3529_cov_5.891254	1008	1141	16	17	133	0.1278196
NODE_49196_length_3529_cov_5.891254	1008	1141	17	47	133	0.3533835
NODE_49196_length_3529_cov_5.891254	1008	1141	18	16	133	0.1203008
NODE_49196_length_3529_cov_5.891254	1008	1141	19	7	133	0.0526316
NODE_49221_length_3529_cov_3.163848	2974	3107	5	8	133	0.0601504
NODE_49221_length_3529_cov_3.163848	2974	3107	6	15	133	0.1127820
NODE_49221_length_3529_cov_3.163848	2974	3107	8	25	133	0.1879699
NODE_49221_length_3529_cov_3.163848	2974	3107	9	4	133	0.0300752
NODE_49221_length_3529_cov_3.163848	2974	3107	10	8	133	0.0601504
NODE_49221_length_3529_cov_3.163848	2974	3107	12	2	133	0.0150376
NODE_49221_length_3529_cov_3.163848	2974	3107	13	7	133	0.0526316
NODE_49221_length_3529_cov_3.163848	2974	3107	15	2	133	0.0150376
NODE_49221_length_3529_cov_3.163848	2974	3107	16	1	133	0.0075188
NODE_49221_length_3529_cov_3.163848	2974	3107	17	6	133	0.0451128
NODE_49221_length_3529_cov_3.163848	2974	3107	18	12	133	0.0902256
NODE_49221_length_3529_cov_3.163848	2974	3107	19	8	133	0.0601504
NODE_49221_length_3529_cov_3.163848	2974	3107	21	21	133	0.1578947
NODE_49221_length_3529_cov_3.163848	2974	3107	22	1	133	0.0075188
NODE_49221_length_3529_cov_3.163848	2974	3107	23	11	133	0.0827068
NODE_49221_length_3529_cov_3.163848	2974	3107	24	2	133	0.0150376
NODE_49250_length_3527_cov_5.092765	839	972	5	5	133	0.0375940
NODE_49250_length_3527_cov_5.092765	839	972	6	7	133	0.0526316
NODE_49250_length_3527_cov_5.092765	839	972	7	18	133	0.1353384
NODE_49250_length_3527_cov_5.092765	839	972	8	3	133	0.0225564
NODE_49250_length_3527_cov_5.092765	839	972	9	27	133	0.2030075
NODE_49250_length_3527_cov_5.092765	839	972	10	51	133	0.3834586
NODE_49250_length_3527_cov_5.092765	839	972	12	22	133	0.1654135
NODE_49297_length_3525_cov_6.142148	1130	1263	0	133	133	1.0000000
NODE_49316_length_3525_cov_3.644191	739	872	7	10	133	0.0751880
NODE_49316_length_3525_cov_3.644191	739	872	8	27	133	0.2030075
NODE_49316_length_3525_cov_3.644191	739	872	9	14	133	0.1052632
NODE_49316_length_3525_cov_3.644191	739	872	10	34	133	0.2556391
NODE_49316_length_3525_cov_3.644191	739	872	11	26	133	0.1954887
NODE_49316_length_3525_cov_3.644191	739	872	12	15	133	0.1127820
NODE_49316_length_3525_cov_3.644191	739	872	13	1	133	0.0075188
NODE_49316_length_3525_cov_3.644191	739	872	14	6	133	0.0451128
NODE_4931_length_9457_cov_3.899765	5638	5771	26	6	133	0.0451128
NODE_4931_length_9457_cov_3.899765	5638	5771	27	7	133	0.0526316
NODE_4931_length_9457_cov_3.899765	5638	5771	28	15	133	0.1127820
NODE_4931_length_9457_cov_3.899765	5638	5771	29	6	133	0.0451128
NODE_4931_length_9457_cov_3.899765	5638	5771	30	10	133	0.0751880
NODE_4931_length_9457_cov_3.899765	5638	5771	31	28	133	0.2105263
NODE_4931_length_9457_cov_3.899765	5638	5771	32	13	133	0.0977444
NODE_4931_length_9457_cov_3.899765	5638	5771	33	29	133	0.2180451
NODE_4931_length_9457_cov_3.899765	5638	5771	34	18	133	0.1353384
NODE_4931_length_9457_cov_3.899765	5638	5771	35	1	133	0.0075188
NODE_4932_length_9457_cov_3.807651	8335	8468	7	16	133	0.1203008
NODE_4932_length_9457_cov_3.807651	8335	8468	8	8	133	0.0601504
NODE_4932_length_9457_cov_3.807651	8335	8468	9	6	133	0.0451128
NODE_4932_length_9457_cov_3.807651	8335	8468	10	26	133	0.1954887
NODE_4932_length_9457_cov_3.807651	8335	8468	11	60	133	0.4511278
NODE_4932_length_9457_cov_3.807651	8335	8468	12	17	133	0.1278196
NODE_4934_length_9456_cov_3.874212	5557	5690	9	1	133	0.0075188
NODE_4934_length_9456_cov_3.874212	5557	5690	10	9	133	0.0676692
NODE_4934_length_9456_cov_3.874212	5557	5690	11	11	133	0.0827068
NODE_4934_length_9456_cov_3.874212	5557	5690	12	7	133	0.0526316
NODE_4934_length_9456_cov_3.874212	5557	5690	13	7	133	0.0526316
NODE_4934_length_9456_cov_3.874212	5557	5690	14	9	133	0.0676692
NODE_4934_length_9456_cov_3.874212	5557	5690	15	1	133	0.0075188
NODE_4934_length_9456_cov_3.874212	5557	5690	16	22	133	0.1654135
NODE_4934_length_9456_cov_3.874212	5557	5690	17	20	133	0.1503759
NODE_4934_length_9456_cov_3.874212	5557	5690	18	9	133	0.0676692
NODE_4934_length_9456_cov_3.874212	5557	5690	19	5	133	0.0375940
NODE_4934_length_9456_cov_3.874212	5557	5690	20	19	133	0.1428571
NODE_4934_length_9456_cov_3.874212	5557	5690	21	13	133	0.0977444
NODE_493645_length_307_cov_1.701923	30	163	0	61	133	0.4586466
NODE_493645_length_307_cov_1.701923	30	163	2	72	133	0.5413534
NODE_493835_length_307_cov_1.216346	107	240	4	27	133	0.2030075
NODE_493835_length_307_cov_1.216346	107	240	6	57	133	0.4285714
NODE_493835_length_307_cov_1.216346	107	240	7	49	133	0.3684210
NODE_49407_length_3521_cov_4.941847	2116	2249	5	17	133	0.1278196
NODE_49407_length_3521_cov_4.941847	2116	2249	8	10	133	0.0751880
NODE_49407_length_3521_cov_4.941847	2116	2249	9	18	133	0.1353384
NODE_49407_length_3521_cov_4.941847	2116	2249	10	2	133	0.0150376
NODE_49407_length_3521_cov_4.941847	2116	2249	11	13	133	0.0977444
NODE_49407_length_3521_cov_4.941847	2116	2249	12	30	133	0.2255639
NODE_49407_length_3521_cov_4.941847	2116	2249	13	28	133	0.2105263
NODE_49407_length_3521_cov_4.941847	2116	2249	14	15	133	0.1127820
NODE_49419_length_3521_cov_3.201929	1813	1946	1	7	133	0.0526316
NODE_49419_length_3521_cov_3.201929	1813	1946	3	2	133	0.0150376
NODE_49419_length_3521_cov_3.201929	1813	1946	5	8	133	0.0601504
NODE_49419_length_3521_cov_3.201929	1813	1946	6	12	133	0.0902256
NODE_49419_length_3521_cov_3.201929	1813	1946	8	31	133	0.2330827
NODE_49419_length_3521_cov_3.201929	1813	1946	10	53	133	0.3984962
NODE_49419_length_3521_cov_3.201929	1813	1946	11	20	133	0.1503759
NODE_49433_length_3520_cov_3.893306	1663	1796	7	6	133	0.0451128
NODE_49433_length_3520_cov_3.893306	1663	1796	8	3	133	0.0225564
NODE_49433_length_3520_cov_3.893306	1663	1796	9	14	133	0.1052632
NODE_49433_length_3520_cov_3.893306	1663	1796	10	2	133	0.0150376
NODE_49433_length_3520_cov_3.893306	1663	1796	12	43	133	0.3233083
NODE_49433_length_3520_cov_3.893306	1663	1796	13	17	133	0.1278196
NODE_49433_length_3520_cov_3.893306	1663	1796	14	29	133	0.2180451
NODE_49433_length_3520_cov_3.893306	1663	1796	15	4	133	0.0300752
NODE_49433_length_3520_cov_3.893306	1663	1796	16	15	133	0.1127820
NODE_4944_length_9448_cov_4.807787	7395	7528	11	12	133	0.0902256
NODE_4944_length_9448_cov_4.807787	7395	7528	12	2	133	0.0150376
NODE_4944_length_9448_cov_4.807787	7395	7528	13	10	133	0.0751880
NODE_4944_length_9448_cov_4.807787	7395	7528	14	10	133	0.0751880
NODE_4944_length_9448_cov_4.807787	7395	7528	15	6	133	0.0451128
NODE_4944_length_9448_cov_4.807787	7395	7528	16	2	133	0.0150376
NODE_4944_length_9448_cov_4.807787	7395	7528	18	16	133	0.1203008
NODE_4944_length_9448_cov_4.807787	7395	7528	19	19	133	0.1428571
NODE_4944_length_9448_cov_4.807787	7395	7528	20	7	133	0.0526316
NODE_4944_length_9448_cov_4.807787	7395	7528	21	13	133	0.0977444
NODE_4944_length_9448_cov_4.807787	7395	7528	22	19	133	0.1428571
NODE_4944_length_9448_cov_4.807787	7395	7528	23	17	133	0.1278196
NODE_494646_length_306_cov_1.415459	130	263	3	12	133	0.0902256
NODE_494646_length_306_cov_1.415459	130	263	5	11	133	0.0827068
NODE_494646_length_306_cov_1.415459	130	263	6	9	133	0.0676692
NODE_494646_length_306_cov_1.415459	130	263	7	14	133	0.1052632
NODE_494646_length_306_cov_1.415459	130	263	10	16	133	0.1203008
NODE_494646_length_306_cov_1.415459	130	263	11	11	133	0.0827068
NODE_494646_length_306_cov_1.415459	130	263	12	12	133	0.0902256
NODE_494646_length_306_cov_1.415459	130	263	14	24	133	0.1804511
NODE_494646_length_306_cov_1.415459	130	263	15	10	133	0.0751880
NODE_494646_length_306_cov_1.415459	130	263	16	14	133	0.1052632
NODE_49488_length_3517_cov_4.306905	2555	2688	2	31	133	0.2330827
NODE_49488_length_3517_cov_4.306905	2555	2688	3	50	133	0.3759398
NODE_49488_length_3517_cov_4.306905	2555	2688	4	52	133	0.3909774
NODE_4949_length_9446_cov_4.178988	3834	3967	14	4	133	0.0300752
NODE_4949_length_9446_cov_4.178988	3834	3967	15	5	133	0.0375940
NODE_4949_length_9446_cov_4.178988	3834	3967	16	1	133	0.0075188
NODE_4949_length_9446_cov_4.178988	3834	3967	17	37	133	0.2781955
NODE_4949_length_9446_cov_4.178988	3834	3967	18	23	133	0.1729323
NODE_4949_length_9446_cov_4.178988	3834	3967	19	19	133	0.1428571
NODE_4949_length_9446_cov_4.178988	3834	3967	20	33	133	0.2481203
NODE_4949_length_9446_cov_4.178988	3834	3967	21	6	133	0.0451128
NODE_4949_length_9446_cov_4.178988	3834	3967	22	5	133	0.0375940
NODE_4958_length_9440_cov_3.744567	2777	2910	7	4	133	0.0300752
NODE_4958_length_9440_cov_3.744567	2777	2910	8	2	133	0.0150376
NODE_4958_length_9440_cov_3.744567	2777	2910	11	1	133	0.0075188
NODE_4958_length_9440_cov_3.744567	2777	2910	12	23	133	0.1729323
NODE_4958_length_9440_cov_3.744567	2777	2910	13	35	133	0.2631579
NODE_4958_length_9440_cov_3.744567	2777	2910	14	12	133	0.0902256
NODE_4958_length_9440_cov_3.744567	2777	2910	15	13	133	0.0977444
NODE_4958_length_9440_cov_3.744567	2777	2910	16	7	133	0.0526316
NODE_4958_length_9440_cov_3.744567	2777	2910	17	36	133	0.2706767
NODE_496697_length_303_cov_4.475490	161	294	6	9	133	0.0676692
NODE_496697_length_303_cov_4.475490	161	294	7	3	133	0.0225564
NODE_496697_length_303_cov_4.475490	161	294	8	7	133	0.0526316
NODE_496697_length_303_cov_4.475490	161	294	10	5	133	0.0375940
NODE_496697_length_303_cov_4.475490	161	294	11	10	133	0.0751880
NODE_496697_length_303_cov_4.475490	161	294	13	5	133	0.0375940
NODE_496697_length_303_cov_4.475490	161	294	14	1	133	0.0075188
NODE_496697_length_303_cov_4.475490	161	294	16	9	133	0.0676692
NODE_496697_length_303_cov_4.475490	161	294	17	32	133	0.2406015
NODE_496697_length_303_cov_4.475490	161	294	18	7	133	0.0526316
NODE_496697_length_303_cov_4.475490	161	294	19	4	133	0.0300752
NODE_496697_length_303_cov_4.475490	161	294	20	30	133	0.2255639
NODE_496697_length_303_cov_4.475490	161	294	21	11	133	0.0827068
NODE_49700_length_3510_cov_4.026385	1716	1849	5	4	133	0.0300752
NODE_49700_length_3510_cov_4.026385	1716	1849	6	16	133	0.1203008
NODE_49700_length_3510_cov_4.026385	1716	1849	7	64	133	0.4812030
NODE_49700_length_3510_cov_4.026385	1716	1849	9	20	133	0.1503759
NODE_49700_length_3510_cov_4.026385	1716	1849	10	17	133	0.1278196
NODE_49700_length_3510_cov_4.026385	1716	1849	11	12	133	0.0902256
NODE_49718_length_3509_cov_5.398827	2476	2609	0	5	133	0.0375940
NODE_49718_length_3509_cov_5.398827	2476	2609	2	10	133	0.0751880
NODE_49718_length_3509_cov_5.398827	2476	2609	3	33	133	0.2481203
NODE_49718_length_3509_cov_5.398827	2476	2609	5	40	133	0.3007519
NODE_49718_length_3509_cov_5.398827	2476	2609	6	36	133	0.2706767
NODE_49718_length_3509_cov_5.398827	2476	2609	7	9	133	0.0676692
NODE_49764_length_3507_cov_4.877347	447	580	3	18	133	0.1353384
NODE_49764_length_3507_cov_4.877347	447	580	4	5	133	0.0375940
NODE_49764_length_3507_cov_4.877347	447	580	5	13	133	0.0977444
NODE_49764_length_3507_cov_4.877347	447	580	8	8	133	0.0601504
NODE_49764_length_3507_cov_4.877347	447	580	9	40	133	0.3007519
NODE_49764_length_3507_cov_4.877347	447	580	10	17	133	0.1278196
NODE_49764_length_3507_cov_4.877347	447	580	11	13	133	0.0977444
NODE_49764_length_3507_cov_4.877347	447	580	13	19	133	0.1428571
NODE_49788_length_3506_cov_4.981802	1026	1159	9	9	133	0.0676692
NODE_49788_length_3506_cov_4.981802	1026	1159	10	14	133	0.1052632
NODE_49788_length_3506_cov_4.981802	1026	1159	11	4	133	0.0300752
NODE_49788_length_3506_cov_4.981802	1026	1159	13	5	133	0.0375940
NODE_49788_length_3506_cov_4.981802	1026	1159	14	15	133	0.1127820
NODE_49788_length_3506_cov_4.981802	1026	1159	15	4	133	0.0300752
NODE_49788_length_3506_cov_4.981802	1026	1159	16	16	133	0.1203008
NODE_49788_length_3506_cov_4.981802	1026	1159	17	5	133	0.0375940
NODE_49788_length_3506_cov_4.981802	1026	1159	18	4	133	0.0300752
NODE_49788_length_3506_cov_4.981802	1026	1159	19	4	133	0.0300752
NODE_49788_length_3506_cov_4.981802	1026	1159	20	11	133	0.0827068
NODE_49788_length_3506_cov_4.981802	1026	1159	21	1	133	0.0075188
NODE_49788_length_3506_cov_4.981802	1026	1159	22	24	133	0.1804511
NODE_49788_length_3506_cov_4.981802	1026	1159	23	17	133	0.1278196
NODE_4980_length_9424_cov_10.645147	6326	6459	12	5	133	0.0375940
NODE_4980_length_9424_cov_10.645147	6326	6459	13	16	133	0.1203008
NODE_4980_length_9424_cov_10.645147	6326	6459	14	4	133	0.0300752
NODE_4980_length_9424_cov_10.645147	6326	6459	15	25	133	0.1879699
NODE_4980_length_9424_cov_10.645147	6326	6459	16	11	133	0.0827068
NODE_4980_length_9424_cov_10.645147	6326	6459	17	7	133	0.0526316
NODE_4980_length_9424_cov_10.645147	6326	6459	18	17	133	0.1278196
NODE_4980_length_9424_cov_10.645147	6326	6459	19	18	133	0.1353384
NODE_4980_length_9424_cov_10.645147	6326	6459	20	5	133	0.0375940
NODE_4980_length_9424_cov_10.645147	6326	6459	21	9	133	0.0676692
NODE_4980_length_9424_cov_10.645147	6326	6459	22	12	133	0.0902256
NODE_4980_length_9424_cov_10.645147	6326	6459	23	2	133	0.0150376
NODE_4980_length_9424_cov_10.645147	6326	6459	24	2	133	0.0150376
NODE_49818_length_3505_cov_4.189078	2768	2901	9	1	133	0.0075188
NODE_49818_length_3505_cov_4.189078	2768	2901	10	3	133	0.0225564
NODE_49818_length_3505_cov_4.189078	2768	2901	11	2	133	0.0150376
NODE_49818_length_3505_cov_4.189078	2768	2901	14	4	133	0.0300752
NODE_49818_length_3505_cov_4.189078	2768	2901	16	2	133	0.0150376
NODE_49818_length_3505_cov_4.189078	2768	2901	17	28	133	0.2105263
NODE_49818_length_3505_cov_4.189078	2768	2901	18	23	133	0.1729323
NODE_49818_length_3505_cov_4.189078	2768	2901	19	5	133	0.0375940
NODE_49818_length_3505_cov_4.189078	2768	2901	20	6	133	0.0451128
NODE_49818_length_3505_cov_4.189078	2768	2901	21	12	133	0.0902256
NODE_49818_length_3505_cov_4.189078	2768	2901	22	8	133	0.0601504
NODE_49818_length_3505_cov_4.189078	2768	2901	23	25	133	0.1879699
NODE_49818_length_3505_cov_4.189078	2768	2901	24	14	133	0.1052632
NODE_49838_length_3505_cov_2.982971	2353	2486	1	13	133	0.0977444
NODE_49838_length_3505_cov_2.982971	2353	2486	2	26	133	0.1954887
NODE_49838_length_3505_cov_2.982971	2353	2486	3	8	133	0.0601504
NODE_49838_length_3505_cov_2.982971	2353	2486	4	15	133	0.1127820
NODE_49838_length_3505_cov_2.982971	2353	2486	5	10	133	0.0751880
NODE_49838_length_3505_cov_2.982971	2353	2486	6	61	133	0.4586466
NODE_49846_length_3504_cov_4.708076	2358	2491	1	25	133	0.1879699
NODE_49846_length_3504_cov_4.708076	2358	2491	2	24	133	0.1804511
NODE_49846_length_3504_cov_4.708076	2358	2491	3	84	133	0.6315789
NODE_49848_length_3504_cov_4.604993	2079	2212	9	1	133	0.0075188
NODE_49848_length_3504_cov_4.604993	2079	2212	10	6	133	0.0451128
NODE_49848_length_3504_cov_4.604993	2079	2212	11	2	133	0.0150376
NODE_49848_length_3504_cov_4.604993	2079	2212	12	3	133	0.0225564
NODE_49848_length_3504_cov_4.604993	2079	2212	13	1	133	0.0075188
NODE_49848_length_3504_cov_4.604993	2079	2212	14	28	133	0.2105263
NODE_49848_length_3504_cov_4.604993	2079	2212	15	17	133	0.1278196
NODE_49848_length_3504_cov_4.604993	2079	2212	16	23	133	0.1729323
NODE_49848_length_3504_cov_4.604993	2079	2212	17	1	133	0.0075188
NODE_49848_length_3504_cov_4.604993	2079	2212	18	6	133	0.0451128
NODE_49848_length_3504_cov_4.604993	2079	2212	19	20	133	0.1503759
NODE_49848_length_3504_cov_4.604993	2079	2212	20	20	133	0.1503759
NODE_49848_length_3504_cov_4.604993	2079	2212	21	5	133	0.0375940
NODE_49866_length_3504_cov_2.999413	137	270	0	3	133	0.0225564
NODE_49866_length_3504_cov_2.999413	137	270	9	4	133	0.0300752
NODE_49866_length_3504_cov_2.999413	137	270	10	9	133	0.0676692
NODE_49866_length_3504_cov_2.999413	137	270	11	22	133	0.1654135
NODE_49866_length_3504_cov_2.999413	137	270	12	1	133	0.0075188
NODE_49866_length_3504_cov_2.999413	137	270	13	8	133	0.0601504
NODE_49866_length_3504_cov_2.999413	137	270	14	15	133	0.1127820
NODE_49866_length_3504_cov_2.999413	137	270	15	2	133	0.0150376
NODE_49866_length_3504_cov_2.999413	137	270	16	59	133	0.4436090
NODE_49866_length_3504_cov_2.999413	137	270	17	3	133	0.0225564
NODE_49866_length_3504_cov_2.999413	137	270	18	7	133	0.0526316
NODE_4990_length_9418_cov_4.771220	6973	7106	6	15	133	0.1127820
NODE_4990_length_9418_cov_4.771220	6973	7106	7	2	133	0.0150376
NODE_4990_length_9418_cov_4.771220	6973	7106	9	8	133	0.0601504
NODE_4990_length_9418_cov_4.771220	6973	7106	10	2	133	0.0150376
NODE_4990_length_9418_cov_4.771220	6973	7106	11	9	133	0.0676692
NODE_4990_length_9418_cov_4.771220	6973	7106	12	15	133	0.1127820
NODE_4990_length_9418_cov_4.771220	6973	7106	13	43	133	0.3233083
NODE_4990_length_9418_cov_4.771220	6973	7106	14	39	133	0.2932331
NODE_4_length_42968_cov_4.491707	27868	28001	10	6	133	0.0451128
NODE_4_length_42968_cov_4.491707	27868	28001	11	15	133	0.1127820
NODE_4_length_42968_cov_4.491707	27868	28001	12	22	133	0.1654135
NODE_4_length_42968_cov_4.491707	27868	28001	13	4	133	0.0300752
NODE_4_length_42968_cov_4.491707	27868	28001	14	16	133	0.1203008
NODE_4_length_42968_cov_4.491707	27868	28001	15	26	133	0.1954887
NODE_4_length_42968_cov_4.491707	27868	28001	16	10	133	0.0751880
NODE_4_length_42968_cov_4.491707	27868	28001	17	19	133	0.1428571
NODE_4_length_42968_cov_4.491707	27868	28001	18	6	133	0.0451128
NODE_4_length_42968_cov_4.491707	27868	28001	19	9	133	0.0676692
NODE_50026_length_3497_cov_4.236610	2337	2470	20	7	133	0.0526316
NODE_50026_length_3497_cov_4.236610	2337	2470	22	10	133	0.0751880
NODE_50026_length_3497_cov_4.236610	2337	2470	23	2	133	0.0150376
NODE_50026_length_3497_cov_4.236610	2337	2470	24	13	133	0.0977444
NODE_50026_length_3497_cov_4.236610	2337	2470	25	5	133	0.0375940
NODE_50026_length_3497_cov_4.236610	2337	2470	28	6	133	0.0451128
NODE_50026_length_3497_cov_4.236610	2337	2470	29	19	133	0.1428571
NODE_50026_length_3497_cov_4.236610	2337	2470	30	10	133	0.0751880
NODE_50026_length_3497_cov_4.236610	2337	2470	31	7	133	0.0526316
NODE_50026_length_3497_cov_4.236610	2337	2470	32	30	133	0.2255639
NODE_50026_length_3497_cov_4.236610	2337	2470	33	15	133	0.1127820
NODE_50026_length_3497_cov_4.236610	2337	2470	34	7	133	0.0526316
NODE_50026_length_3497_cov_4.236610	2337	2470	35	2	133	0.0150376
NODE_50031_length_3497_cov_3.487345	2438	2571	0	25	133	0.1879699
NODE_50031_length_3497_cov_3.487345	2438	2571	2	62	133	0.4661654
NODE_50031_length_3497_cov_3.487345	2438	2571	3	23	133	0.1729323
NODE_50031_length_3497_cov_3.487345	2438	2571	4	23	133	0.1729323
NODE_50043_length_3496_cov_5.429202	1132	1265	21	11	133	0.0827068
NODE_50043_length_3496_cov_5.429202	1132	1265	22	4	133	0.0300752
NODE_50043_length_3496_cov_5.429202	1132	1265	23	7	133	0.0526316
NODE_50043_length_3496_cov_5.429202	1132	1265	24	10	133	0.0751880
NODE_50043_length_3496_cov_5.429202	1132	1265	25	9	133	0.0676692
NODE_50043_length_3496_cov_5.429202	1132	1265	26	26	133	0.1954887
NODE_50043_length_3496_cov_5.429202	1132	1265	27	15	133	0.1127820
NODE_50043_length_3496_cov_5.429202	1132	1265	28	43	133	0.3233083
NODE_50043_length_3496_cov_5.429202	1132	1265	29	8	133	0.0601504
NODE_50048_length_3496_cov_4.805417	3071	3204	9	7	133	0.0526316
NODE_50048_length_3496_cov_4.805417	3071	3204	10	5	133	0.0375940
NODE_50048_length_3496_cov_4.805417	3071	3204	11	1	133	0.0075188
NODE_50048_length_3496_cov_4.805417	3071	3204	13	2	133	0.0150376
NODE_50048_length_3496_cov_4.805417	3071	3204	17	2	133	0.0150376
NODE_50048_length_3496_cov_4.805417	3071	3204	19	6	133	0.0451128
NODE_50048_length_3496_cov_4.805417	3071	3204	20	5	133	0.0375940
NODE_50048_length_3496_cov_4.805417	3071	3204	21	1	133	0.0075188
NODE_50048_length_3496_cov_4.805417	3071	3204	22	3	133	0.0225564
NODE_50048_length_3496_cov_4.805417	3071	3204	23	8	133	0.0601504
NODE_50048_length_3496_cov_4.805417	3071	3204	24	4	133	0.0300752
NODE_50048_length_3496_cov_4.805417	3071	3204	25	2	133	0.0150376
NODE_50048_length_3496_cov_4.805417	3071	3204	26	36	133	0.2706767
NODE_50048_length_3496_cov_4.805417	3071	3204	28	18	133	0.1353384
NODE_50048_length_3496_cov_4.805417	3071	3204	29	29	133	0.2180451
NODE_50048_length_3496_cov_4.805417	3071	3204	30	4	133	0.0300752
NODE_50054_length_3496_cov_3.867530	1686	1819	7	1	133	0.0075188
NODE_50054_length_3496_cov_3.867530	1686	1819	8	5	133	0.0375940
NODE_50054_length_3496_cov_3.867530	1686	1819	9	14	133	0.1052632
NODE_50054_length_3496_cov_3.867530	1686	1819	11	6	133	0.0451128
NODE_50054_length_3496_cov_3.867530	1686	1819	12	15	133	0.1127820
NODE_50054_length_3496_cov_3.867530	1686	1819	13	21	133	0.1578947
NODE_50054_length_3496_cov_3.867530	1686	1819	14	14	133	0.1052632
NODE_50054_length_3496_cov_3.867530	1686	1819	15	7	133	0.0526316
NODE_50054_length_3496_cov_3.867530	1686	1819	16	37	133	0.2781955
NODE_50054_length_3496_cov_3.867530	1686	1819	17	13	133	0.0977444
NODE_50066_length_3495_cov_5.513545	2087	2220	2	56	133	0.4210526
NODE_50066_length_3495_cov_5.513545	2087	2220	3	75	133	0.5639098
NODE_50066_length_3495_cov_5.513545	2087	2220	4	2	133	0.0150376
NODE_5006_length_9412_cov_4.205627	4426	4559	10	5	133	0.0375940
NODE_5006_length_9412_cov_4.205627	4426	4559	11	30	133	0.2255639
NODE_5006_length_9412_cov_4.205627	4426	4559	12	49	133	0.3684210
NODE_5006_length_9412_cov_4.205627	4426	4559	13	11	133	0.0827068
NODE_5006_length_9412_cov_4.205627	4426	4559	14	6	133	0.0451128
NODE_5006_length_9412_cov_4.205627	4426	4559	15	22	133	0.1654135
NODE_5006_length_9412_cov_4.205627	4426	4559	16	10	133	0.0751880
NODE_50083_length_3495_cov_3.949352	1745	1878	14	6	133	0.0451128
NODE_50083_length_3495_cov_3.949352	1745	1878	15	5	133	0.0375940
NODE_50083_length_3495_cov_3.949352	1745	1878	20	11	133	0.0827068
NODE_50083_length_3495_cov_3.949352	1745	1878	21	10	133	0.0751880
NODE_50083_length_3495_cov_3.949352	1745	1878	24	1	133	0.0075188
NODE_50083_length_3495_cov_3.949352	1745	1878	25	2	133	0.0150376
NODE_50083_length_3495_cov_3.949352	1745	1878	26	3	133	0.0225564
NODE_50083_length_3495_cov_3.949352	1745	1878	27	3	133	0.0225564
NODE_50083_length_3495_cov_3.949352	1745	1878	30	3	133	0.0225564
NODE_50083_length_3495_cov_3.949352	1745	1878	32	5	133	0.0375940
NODE_50083_length_3495_cov_3.949352	1745	1878	34	1	133	0.0075188
NODE_50083_length_3495_cov_3.949352	1745	1878	35	15	133	0.1127820
NODE_50083_length_3495_cov_3.949352	1745	1878	36	6	133	0.0451128
NODE_50083_length_3495_cov_3.949352	1745	1878	37	3	133	0.0225564
NODE_50083_length_3495_cov_3.949352	1745	1878	38	10	133	0.0751880
NODE_50083_length_3495_cov_3.949352	1745	1878	39	13	133	0.0977444
NODE_50083_length_3495_cov_3.949352	1745	1878	40	14	133	0.1052632
NODE_50083_length_3495_cov_3.949352	1745	1878	41	22	133	0.1654135
NODE_5009_length_9410_cov_4.502953	5340	5473	9	8	133	0.0601504
NODE_5009_length_9410_cov_4.502953	5340	5473	11	7	133	0.0526316
NODE_5009_length_9410_cov_4.502953	5340	5473	12	25	133	0.1879699
NODE_5009_length_9410_cov_4.502953	5340	5473	13	38	133	0.2857143
NODE_5009_length_9410_cov_4.502953	5340	5473	14	48	133	0.3609022
NODE_5009_length_9410_cov_4.502953	5340	5473	15	7	133	0.0526316
NODE_50102_length_3494_cov_5.091016	799	932	4	23	133	0.1729323
NODE_50102_length_3494_cov_5.091016	799	932	5	30	133	0.2255639
NODE_50102_length_3494_cov_5.091016	799	932	6	34	133	0.2556391
NODE_50102_length_3494_cov_5.091016	799	932	7	8	133	0.0601504
NODE_50102_length_3494_cov_5.091016	799	932	9	36	133	0.2706767
NODE_50102_length_3494_cov_5.091016	799	932	10	2	133	0.0150376
NODE_5016_length_9408_cov_5.333011	1135	1268	6	5	133	0.0375940
NODE_5016_length_9408_cov_5.333011	1135	1268	7	17	133	0.1278196
NODE_5016_length_9408_cov_5.333011	1135	1268	8	2	133	0.0150376
NODE_5016_length_9408_cov_5.333011	1135	1268	9	3	133	0.0225564
NODE_5016_length_9408_cov_5.333011	1135	1268	10	34	133	0.2556391
NODE_5016_length_9408_cov_5.333011	1135	1268	11	61	133	0.4586466
NODE_5016_length_9408_cov_5.333011	1135	1268	12	11	133	0.0827068
NODE_50226_length_3489_cov_4.692035	184	317	2	7	133	0.0526316
NODE_50226_length_3489_cov_4.692035	184	317	3	37	133	0.2781955
NODE_50226_length_3489_cov_4.692035	184	317	4	89	133	0.6691729
NODE_50237_length_3489_cov_3.791740	2942	3075	1	66	133	0.4962406
NODE_50237_length_3489_cov_3.791740	2942	3075	5	21	133	0.1578947
NODE_50237_length_3489_cov_3.791740	2942	3075	6	11	133	0.0827068
NODE_50237_length_3489_cov_3.791740	2942	3075	8	21	133	0.1578947
NODE_50237_length_3489_cov_3.791740	2942	3075	9	14	133	0.1052632
NODE_50247_length_3489_cov_3.390855	281	414	1	4	133	0.0300752
NODE_50247_length_3489_cov_3.390855	281	414	2	59	133	0.4436090
NODE_50247_length_3489_cov_3.390855	281	414	3	70	133	0.5263158
NODE_50262_length_3488_cov_3.830038	1758	1891	8	7	133	0.0526316
NODE_50262_length_3488_cov_3.830038	1758	1891	9	1	133	0.0075188
NODE_50262_length_3488_cov_3.830038	1758	1891	10	10	133	0.0751880
NODE_50262_length_3488_cov_3.830038	1758	1891	11	1	133	0.0075188
NODE_50262_length_3488_cov_3.830038	1758	1891	12	1	133	0.0075188
NODE_50262_length_3488_cov_3.830038	1758	1891	13	27	133	0.2030075
NODE_50262_length_3488_cov_3.830038	1758	1891	14	37	133	0.2781955
NODE_50262_length_3488_cov_3.830038	1758	1891	15	45	133	0.3383459
NODE_50262_length_3488_cov_3.830038	1758	1891	16	4	133	0.0300752
NODE_5027_length_9402_cov_4.046114	5663	5796	9	1	133	0.0075188
NODE_5027_length_9402_cov_4.046114	5663	5796	10	57	133	0.4285714
NODE_5027_length_9402_cov_4.046114	5663	5796	11	34	133	0.2556391
NODE_5027_length_9402_cov_4.046114	5663	5796	12	13	133	0.0977444
NODE_5027_length_9402_cov_4.046114	5663	5796	13	10	133	0.0751880
NODE_5027_length_9402_cov_4.046114	5663	5796	14	10	133	0.0751880
NODE_5027_length_9402_cov_4.046114	5663	5796	15	2	133	0.0150376
NODE_5027_length_9402_cov_4.046114	5663	5796	16	6	133	0.0451128
NODE_50316_length_3485_cov_5.960130	1629	1762	5	14	133	0.1052632
NODE_50316_length_3485_cov_5.960130	1629	1762	6	11	133	0.0827068
NODE_50316_length_3485_cov_5.960130	1629	1762	7	8	133	0.0601504
NODE_50316_length_3485_cov_5.960130	1629	1762	8	57	133	0.4285714
NODE_50316_length_3485_cov_5.960130	1629	1762	9	19	133	0.1428571
NODE_50316_length_3485_cov_5.960130	1629	1762	10	24	133	0.1804511
NODE_50327_length_3485_cov_4.007088	830	963	11	12	133	0.0902256
NODE_50327_length_3485_cov_4.007088	830	963	12	61	133	0.4586466
NODE_50327_length_3485_cov_4.007088	830	963	13	20	133	0.1503759
NODE_50327_length_3485_cov_4.007088	830	963	14	3	133	0.0225564
NODE_50327_length_3485_cov_4.007088	830	963	15	6	133	0.0451128
NODE_50327_length_3485_cov_4.007088	830	963	16	18	133	0.1353384
NODE_50327_length_3485_cov_4.007088	830	963	17	6	133	0.0451128
NODE_50327_length_3485_cov_4.007088	830	963	18	4	133	0.0300752
NODE_50327_length_3485_cov_4.007088	830	963	19	2	133	0.0150376
NODE_50327_length_3485_cov_4.007088	830	963	20	1	133	0.0075188
NODE_50351_length_3484_cov_4.061743	1316	1449	9	1	133	0.0075188
NODE_50351_length_3484_cov_4.061743	1316	1449	10	3	133	0.0225564
NODE_50351_length_3484_cov_4.061743	1316	1449	11	13	133	0.0977444
NODE_50351_length_3484_cov_4.061743	1316	1449	12	4	133	0.0300752
NODE_50351_length_3484_cov_4.061743	1316	1449	13	1	133	0.0075188
NODE_50351_length_3484_cov_4.061743	1316	1449	14	5	133	0.0375940
NODE_50351_length_3484_cov_4.061743	1316	1449	15	6	133	0.0451128
NODE_50351_length_3484_cov_4.061743	1316	1449	17	18	133	0.1353384
NODE_50351_length_3484_cov_4.061743	1316	1449	18	2	133	0.0150376
NODE_50351_length_3484_cov_4.061743	1316	1449	19	11	133	0.0827068
NODE_50351_length_3484_cov_4.061743	1316	1449	20	1	133	0.0075188
NODE_50351_length_3484_cov_4.061743	1316	1449	21	14	133	0.1052632
NODE_50351_length_3484_cov_4.061743	1316	1449	22	14	133	0.1052632
NODE_50351_length_3484_cov_4.061743	1316	1449	23	9	133	0.0676692
NODE_50351_length_3484_cov_4.061743	1316	1449	24	5	133	0.0375940
NODE_50351_length_3484_cov_4.061743	1316	1449	25	26	133	0.1954887
NODE_503647_length_296_cov_2.192893	120	253	2	38	133	0.2857143
NODE_503647_length_296_cov_2.192893	120	253	3	1	133	0.0075188
NODE_503647_length_296_cov_2.192893	120	253	4	32	133	0.2406015
NODE_503647_length_296_cov_2.192893	120	253	6	25	133	0.1879699
NODE_503647_length_296_cov_2.192893	120	253	7	14	133	0.1052632
NODE_503647_length_296_cov_2.192893	120	253	8	23	133	0.1729323
NODE_503_length_17624_cov_4.295806	10280	10413	2	35	133	0.2631579
NODE_503_length_17624_cov_4.295806	10280	10413	3	22	133	0.1654135
NODE_503_length_17624_cov_4.295806	10280	10413	4	6	133	0.0451128
NODE_503_length_17624_cov_4.295806	10280	10413	5	70	133	0.5263158
NODE_50428_length_3481_cov_3.869604	1909	2042	0	8	133	0.0601504
NODE_50428_length_3481_cov_3.869604	1909	2042	1	10	133	0.0751880
NODE_50428_length_3481_cov_3.869604	1909	2042	2	40	133	0.3007519
NODE_50428_length_3481_cov_3.869604	1909	2042	3	75	133	0.5639098
NODE_50458_length_3480_cov_3.951494	2441	2574	6	3	133	0.0225564
NODE_50458_length_3480_cov_3.951494	2441	2574	7	22	133	0.1654135
NODE_50458_length_3480_cov_3.951494	2441	2574	9	31	133	0.2330827
NODE_50458_length_3480_cov_3.951494	2441	2574	10	52	133	0.3909774
NODE_50458_length_3480_cov_3.951494	2441	2574	11	25	133	0.1879699
NODE_504752_length_295_cov_2.005102	128	261	3	4	133	0.0300752
NODE_504752_length_295_cov_2.005102	128	261	5	3	133	0.0225564
NODE_504752_length_295_cov_2.005102	128	261	6	9	133	0.0676692
NODE_504752_length_295_cov_2.005102	128	261	8	35	133	0.2631579
NODE_504752_length_295_cov_2.005102	128	261	10	4	133	0.0300752
NODE_504752_length_295_cov_2.005102	128	261	12	78	133	0.5864662
NODE_50478_length_3479_cov_4.825740	2876	3009	23	3	133	0.0225564
NODE_50478_length_3479_cov_4.825740	2876	3009	24	8	133	0.0601504
NODE_50478_length_3479_cov_4.825740	2876	3009	25	12	133	0.0902256
NODE_50478_length_3479_cov_4.825740	2876	3009	26	26	133	0.1954887
NODE_50478_length_3479_cov_4.825740	2876	3009	28	23	133	0.1729323
NODE_50478_length_3479_cov_4.825740	2876	3009	29	18	133	0.1353384
NODE_50478_length_3479_cov_4.825740	2876	3009	30	22	133	0.1654135
NODE_50478_length_3479_cov_4.825740	2876	3009	31	21	133	0.1578947
NODE_5048_length_9392_cov_5.359195	1809	1942	3	25	133	0.1879699
NODE_5048_length_9392_cov_5.359195	1809	1942	4	36	133	0.2706767
NODE_5048_length_9392_cov_5.359195	1809	1942	5	19	133	0.1428571
NODE_5048_length_9392_cov_5.359195	1809	1942	6	53	133	0.3984962
NODE_5051_length_9390_cov_5.321924	4537	4670	4	17	133	0.1278196
NODE_5051_length_9390_cov_5.321924	4537	4670	5	35	133	0.2631579
NODE_5051_length_9390_cov_5.321924	4537	4670	9	3	133	0.0225564
NODE_5051_length_9390_cov_5.321924	4537	4670	10	24	133	0.1804511
NODE_5051_length_9390_cov_5.321924	4537	4670	11	2	133	0.0150376
NODE_5051_length_9390_cov_5.321924	4537	4670	13	3	133	0.0225564
NODE_5051_length_9390_cov_5.321924	4537	4670	14	49	133	0.3684210
NODE_50535_length_3477_cov_4.147425	3133	3266	3	69	133	0.5187970
NODE_50535_length_3477_cov_4.147425	3133	3266	4	27	133	0.2030075
NODE_50535_length_3477_cov_4.147425	3133	3266	5	33	133	0.2481203
NODE_50535_length_3477_cov_4.147425	3133	3266	6	4	133	0.0300752
NODE_50538_length_3477_cov_3.964180	2666	2799	0	3	133	0.0225564
NODE_50538_length_3477_cov_3.964180	2666	2799	2	11	133	0.0827068
NODE_50538_length_3477_cov_3.964180	2666	2799	3	16	133	0.1203008
NODE_50538_length_3477_cov_3.964180	2666	2799	4	15	133	0.1127820
NODE_50538_length_3477_cov_3.964180	2666	2799	5	88	133	0.6616541
NODE_505687_length_294_cov_2.107692	113	246	0	17	133	0.1278196
NODE_505687_length_294_cov_2.107692	113	246	1	25	133	0.1879699
NODE_505687_length_294_cov_2.107692	113	246	3	2	133	0.0150376
NODE_505687_length_294_cov_2.107692	113	246	4	4	133	0.0300752
NODE_505687_length_294_cov_2.107692	113	246	5	2	133	0.0150376
NODE_505687_length_294_cov_2.107692	113	246	7	8	133	0.0601504
NODE_505687_length_294_cov_2.107692	113	246	8	5	133	0.0375940
NODE_505687_length_294_cov_2.107692	113	246	10	12	133	0.0902256
NODE_505687_length_294_cov_2.107692	113	246	11	11	133	0.0827068
NODE_505687_length_294_cov_2.107692	113	246	12	2	133	0.0150376
NODE_505687_length_294_cov_2.107692	113	246	13	2	133	0.0150376
NODE_505687_length_294_cov_2.107692	113	246	15	6	133	0.0451128
NODE_505687_length_294_cov_2.107692	113	246	16	6	133	0.0451128
NODE_505687_length_294_cov_2.107692	113	246	17	18	133	0.1353384
NODE_505687_length_294_cov_2.107692	113	246	19	13	133	0.0977444
NODE_505_length_17613_cov_7.193959	10033	10166	3	2	133	0.0150376
NODE_505_length_17613_cov_7.193959	10033	10166	4	43	133	0.3233083
NODE_505_length_17613_cov_7.193959	10033	10166	5	11	133	0.0827068
NODE_505_length_17613_cov_7.193959	10033	10166	6	12	133	0.0902256
NODE_505_length_17613_cov_7.193959	10033	10166	8	4	133	0.0300752
NODE_505_length_17613_cov_7.193959	10033	10166	10	12	133	0.0902256
NODE_505_length_17613_cov_7.193959	10033	10166	11	25	133	0.1879699
NODE_505_length_17613_cov_7.193959	10033	10166	12	24	133	0.1804511
NODE_50613_length_3474_cov_4.718519	1078	1211	6	1	133	0.0075188
NODE_50613_length_3474_cov_4.718519	1078	1211	8	1	133	0.0075188
NODE_50613_length_3474_cov_4.718519	1078	1211	10	4	133	0.0300752
NODE_50613_length_3474_cov_4.718519	1078	1211	11	19	133	0.1428571
NODE_50613_length_3474_cov_4.718519	1078	1211	12	16	133	0.1203008
NODE_50613_length_3474_cov_4.718519	1078	1211	13	24	133	0.1804511
NODE_50613_length_3474_cov_4.718519	1078	1211	14	62	133	0.4661654
NODE_50613_length_3474_cov_4.718519	1078	1211	15	6	133	0.0451128
NODE_50623_length_3474_cov_3.635852	1488	1621	4	8	133	0.0601504
NODE_50623_length_3474_cov_3.635852	1488	1621	5	1	133	0.0075188
NODE_50623_length_3474_cov_3.635852	1488	1621	7	10	133	0.0751880
NODE_50623_length_3474_cov_3.635852	1488	1621	9	15	133	0.1127820
NODE_50623_length_3474_cov_3.635852	1488	1621	10	21	133	0.1578947
NODE_50623_length_3474_cov_3.635852	1488	1621	11	28	133	0.2105263
NODE_50623_length_3474_cov_3.635852	1488	1621	12	23	133	0.1729323
NODE_50623_length_3474_cov_3.635852	1488	1621	13	8	133	0.0601504
NODE_50623_length_3474_cov_3.635852	1488	1621	14	19	133	0.1428571
NODE_50658_length_3472_cov_4.668544	404	537	13	2	133	0.0150376
NODE_50658_length_3472_cov_4.668544	404	537	14	5	133	0.0375940
NODE_50658_length_3472_cov_4.668544	404	537	15	3	133	0.0225564
NODE_50658_length_3472_cov_4.668544	404	537	16	1	133	0.0075188
NODE_50658_length_3472_cov_4.668544	404	537	17	6	133	0.0451128
NODE_50658_length_3472_cov_4.668544	404	537	18	8	133	0.0601504
NODE_50658_length_3472_cov_4.668544	404	537	19	5	133	0.0375940
NODE_50658_length_3472_cov_4.668544	404	537	20	8	133	0.0601504
NODE_50658_length_3472_cov_4.668544	404	537	21	12	133	0.0902256
NODE_50658_length_3472_cov_4.668544	404	537	23	1	133	0.0075188
NODE_50658_length_3472_cov_4.668544	404	537	24	5	133	0.0375940
NODE_50658_length_3472_cov_4.668544	404	537	25	16	133	0.1203008
NODE_50658_length_3472_cov_4.668544	404	537	26	24	133	0.1804511
NODE_50658_length_3472_cov_4.668544	404	537	27	32	133	0.2406015
NODE_50658_length_3472_cov_4.668544	404	537	28	5	133	0.0375940
NODE_5065_length_9385_cov_5.199332	2226	2359	4	5	133	0.0375940
NODE_5065_length_9385_cov_5.199332	2226	2359	5	22	133	0.1654135
NODE_5065_length_9385_cov_5.199332	2226	2359	6	23	133	0.1729323
NODE_5065_length_9385_cov_5.199332	2226	2359	7	15	133	0.1127820
NODE_5065_length_9385_cov_5.199332	2226	2359	8	4	133	0.0300752
NODE_5065_length_9385_cov_5.199332	2226	2359	9	41	133	0.3082707
NODE_5065_length_9385_cov_5.199332	2226	2359	10	23	133	0.1729323
NODE_506758_length_293_cov_1.994845	218	351	0	58	133	0.4360902
NODE_506758_length_293_cov_1.994845	218	351	5	12	133	0.0902256
NODE_506758_length_293_cov_1.994845	218	351	6	8	133	0.0601504
NODE_506758_length_293_cov_1.994845	218	351	7	55	133	0.4135338
NODE_50700_length_3471_cov_3.481020	3035	3168	2	11	133	0.0827068
NODE_50700_length_3471_cov_3.481020	3035	3168	3	85	133	0.6390978
NODE_50700_length_3471_cov_3.481020	3035	3168	4	20	133	0.1503759
NODE_50700_length_3471_cov_3.481020	3035	3168	5	5	133	0.0375940
NODE_50700_length_3471_cov_3.481020	3035	3168	6	12	133	0.0902256
NODE_50738_length_3469_cov_3.923145	2437	2570	5	26	133	0.1954887
NODE_50738_length_3469_cov_3.923145	2437	2570	6	16	133	0.1203008
NODE_50738_length_3469_cov_3.923145	2437	2570	7	4	133	0.0300752
NODE_50738_length_3469_cov_3.923145	2437	2570	8	16	133	0.1203008
NODE_50738_length_3469_cov_3.923145	2437	2570	10	8	133	0.0601504
NODE_50738_length_3469_cov_3.923145	2437	2570	11	33	133	0.2481203
NODE_50738_length_3469_cov_3.923145	2437	2570	12	18	133	0.1353384
NODE_50738_length_3469_cov_3.923145	2437	2570	13	6	133	0.0451128
NODE_50738_length_3469_cov_3.923145	2437	2570	14	1	133	0.0075188
NODE_50738_length_3469_cov_3.923145	2437	2570	15	3	133	0.0225564
NODE_50738_length_3469_cov_3.923145	2437	2570	17	1	133	0.0075188
NODE_50738_length_3469_cov_3.923145	2437	2570	18	1	133	0.0075188
NODE_50756_length_3468_cov_5.086376	2769	2902	4	8	133	0.0601504
NODE_50756_length_3468_cov_5.086376	2769	2902	5	5	133	0.0375940
NODE_50756_length_3468_cov_5.086376	2769	2902	6	2	133	0.0150376
NODE_50756_length_3468_cov_5.086376	2769	2902	7	10	133	0.0751880
NODE_50756_length_3468_cov_5.086376	2769	2902	8	12	133	0.0902256
NODE_50756_length_3468_cov_5.086376	2769	2902	10	22	133	0.1654135
NODE_50756_length_3468_cov_5.086376	2769	2902	11	34	133	0.2556391
NODE_50756_length_3468_cov_5.086376	2769	2902	12	32	133	0.2406015
NODE_50756_length_3468_cov_5.086376	2769	2902	13	8	133	0.0601504
NODE_50763_length_3468_cov_4.135649	2137	2270	12	1	133	0.0075188
NODE_50763_length_3468_cov_4.135649	2137	2270	13	6	133	0.0451128
NODE_50763_length_3468_cov_4.135649	2137	2270	14	3	133	0.0225564
NODE_50763_length_3468_cov_4.135649	2137	2270	15	3	133	0.0225564
NODE_50763_length_3468_cov_4.135649	2137	2270	16	9	133	0.0676692
NODE_50763_length_3468_cov_4.135649	2137	2270	17	4	133	0.0300752
NODE_50763_length_3468_cov_4.135649	2137	2270	18	2	133	0.0150376
NODE_50763_length_3468_cov_4.135649	2137	2270	19	4	133	0.0300752
NODE_50763_length_3468_cov_4.135649	2137	2270	21	4	133	0.0300752
NODE_50763_length_3468_cov_4.135649	2137	2270	22	1	133	0.0075188
NODE_50763_length_3468_cov_4.135649	2137	2270	23	5	133	0.0375940
NODE_50763_length_3468_cov_4.135649	2137	2270	24	1	133	0.0075188
NODE_50763_length_3468_cov_4.135649	2137	2270	25	1	133	0.0075188
NODE_50763_length_3468_cov_4.135649	2137	2270	27	1	133	0.0075188
NODE_50763_length_3468_cov_4.135649	2137	2270	28	7	133	0.0526316
NODE_50763_length_3468_cov_4.135649	2137	2270	29	2	133	0.0150376
NODE_50763_length_3468_cov_4.135649	2137	2270	30	19	133	0.1428571
NODE_50763_length_3468_cov_4.135649	2137	2270	31	2	133	0.0150376
NODE_50763_length_3468_cov_4.135649	2137	2270	32	7	133	0.0526316
NODE_50763_length_3468_cov_4.135649	2137	2270	34	1	133	0.0075188
NODE_50763_length_3468_cov_4.135649	2137	2270	35	3	133	0.0225564
NODE_50763_length_3468_cov_4.135649	2137	2270	36	1	133	0.0075188
NODE_50763_length_3468_cov_4.135649	2137	2270	37	11	133	0.0827068
NODE_50763_length_3468_cov_4.135649	2137	2270	39	9	133	0.0676692
NODE_50763_length_3468_cov_4.135649	2137	2270	40	4	133	0.0300752
NODE_50763_length_3468_cov_4.135649	2137	2270	41	22	133	0.1654135
NODE_5076_length_9378_cov_3.610734	6393	6526	2	3	133	0.0225564
NODE_5076_length_9378_cov_3.610734	6393	6526	3	100	133	0.7518797
NODE_5076_length_9378_cov_3.610734	6393	6526	4	30	133	0.2255639
NODE_507_length_17600_cov_5.677676	8889	9022	10	6	133	0.0451128
NODE_507_length_17600_cov_5.677676	8889	9022	11	9	133	0.0676692
NODE_507_length_17600_cov_5.677676	8889	9022	12	2	133	0.0150376
NODE_507_length_17600_cov_5.677676	8889	9022	14	12	133	0.0902256
NODE_507_length_17600_cov_5.677676	8889	9022	15	4	133	0.0300752
NODE_507_length_17600_cov_5.677676	8889	9022	16	4	133	0.0300752
NODE_507_length_17600_cov_5.677676	8889	9022	17	17	133	0.1278196
NODE_507_length_17600_cov_5.677676	8889	9022	18	10	133	0.0751880
NODE_507_length_17600_cov_5.677676	8889	9022	19	2	133	0.0150376
NODE_507_length_17600_cov_5.677676	8889	9022	21	17	133	0.1278196
NODE_507_length_17600_cov_5.677676	8889	9022	22	14	133	0.1052632
NODE_507_length_17600_cov_5.677676	8889	9022	23	6	133	0.0451128
NODE_507_length_17600_cov_5.677676	8889	9022	24	14	133	0.1052632
NODE_507_length_17600_cov_5.677676	8889	9022	25	10	133	0.0751880
NODE_507_length_17600_cov_5.677676	8889	9022	27	3	133	0.0225564
NODE_507_length_17600_cov_5.677676	8889	9022	28	3	133	0.0225564
NODE_5081_length_9375_cov_4.046248	5848	5981	12	5	133	0.0375940
NODE_5081_length_9375_cov_4.046248	5848	5981	13	21	133	0.1578947
NODE_5081_length_9375_cov_4.046248	5848	5981	14	19	133	0.1428571
NODE_5081_length_9375_cov_4.046248	5848	5981	15	11	133	0.0827068
NODE_5081_length_9375_cov_4.046248	5848	5981	16	18	133	0.1353384
NODE_5081_length_9375_cov_4.046248	5848	5981	17	17	133	0.1278196
NODE_5081_length_9375_cov_4.046248	5848	5981	18	39	133	0.2932331
NODE_5081_length_9375_cov_4.046248	5848	5981	19	3	133	0.0225564
NODE_5084_length_9372_cov_5.540278	1736	1869	22	6	133	0.0451128
NODE_5084_length_9372_cov_5.540278	1736	1869	24	1	133	0.0075188
NODE_5084_length_9372_cov_5.540278	1736	1869	25	1	133	0.0075188
NODE_5084_length_9372_cov_5.540278	1736	1869	26	10	133	0.0751880
NODE_5084_length_9372_cov_5.540278	1736	1869	27	4	133	0.0300752
NODE_5084_length_9372_cov_5.540278	1736	1869	28	24	133	0.1804511
NODE_5084_length_9372_cov_5.540278	1736	1869	30	14	133	0.1052632
NODE_5084_length_9372_cov_5.540278	1736	1869	31	5	133	0.0375940
NODE_5084_length_9372_cov_5.540278	1736	1869	32	3	133	0.0225564
NODE_5084_length_9372_cov_5.540278	1736	1869	33	17	133	0.1278196
NODE_5084_length_9372_cov_5.540278	1736	1869	34	23	133	0.1729323
NODE_5084_length_9372_cov_5.540278	1736	1869	35	9	133	0.0676692
NODE_5084_length_9372_cov_5.540278	1736	1869	36	12	133	0.0902256
NODE_5084_length_9372_cov_5.540278	1736	1869	37	4	133	0.0300752
NODE_509055_length_291_cov_1.432292	151	284	6	13	133	0.0977444
NODE_509055_length_291_cov_1.432292	151	284	7	1	133	0.0075188
NODE_509055_length_291_cov_1.432292	151	284	9	23	133	0.1729323
NODE_509055_length_291_cov_1.432292	151	284	10	9	133	0.0676692
NODE_509055_length_291_cov_1.432292	151	284	11	7	133	0.0526316
NODE_509055_length_291_cov_1.432292	151	284	12	4	133	0.0300752
NODE_509055_length_291_cov_1.432292	151	284	13	27	133	0.2030075
NODE_509055_length_291_cov_1.432292	151	284	14	8	133	0.0601504
NODE_509055_length_291_cov_1.432292	151	284	15	15	133	0.1127820
NODE_509055_length_291_cov_1.432292	151	284	16	13	133	0.0977444
NODE_509055_length_291_cov_1.432292	151	284	17	13	133	0.0977444
NODE_50928_length_3461_cov_4.997620	52	185	0	20	133	0.1503759
NODE_50928_length_3461_cov_4.997620	52	185	1	13	133	0.0977444
NODE_50928_length_3461_cov_4.997620	52	185	2	28	133	0.2105263
NODE_50928_length_3461_cov_4.997620	52	185	3	24	133	0.1804511
NODE_50928_length_3461_cov_4.997620	52	185	4	28	133	0.2105263
NODE_50928_length_3461_cov_4.997620	52	185	5	1	133	0.0075188
NODE_50928_length_3461_cov_4.997620	52	185	6	19	133	0.1428571
NODE_50957_length_3461_cov_3.304283	2455	2588	2	9	133	0.0676692
NODE_50957_length_3461_cov_3.304283	2455	2588	3	15	133	0.1127820
NODE_50957_length_3461_cov_3.304283	2455	2588	4	2	133	0.0150376
NODE_50957_length_3461_cov_3.304283	2455	2588	5	19	133	0.1428571
NODE_50957_length_3461_cov_3.304283	2455	2588	6	88	133	0.6616541
NODE_50970_length_3460_cov_3.357929	2245	2378	21	6	133	0.0451128
NODE_50970_length_3460_cov_3.357929	2245	2378	22	5	133	0.0375940
NODE_50970_length_3460_cov_3.357929	2245	2378	23	4	133	0.0300752
NODE_50970_length_3460_cov_3.357929	2245	2378	24	3	133	0.0225564
NODE_50970_length_3460_cov_3.357929	2245	2378	26	7	133	0.0526316
NODE_50970_length_3460_cov_3.357929	2245	2378	29	1	133	0.0075188
NODE_50970_length_3460_cov_3.357929	2245	2378	31	14	133	0.1052632
NODE_50970_length_3460_cov_3.357929	2245	2378	32	10	133	0.0751880
NODE_50970_length_3460_cov_3.357929	2245	2378	33	16	133	0.1203008
NODE_50970_length_3460_cov_3.357929	2245	2378	34	1	133	0.0075188
NODE_50970_length_3460_cov_3.357929	2245	2378	35	9	133	0.0676692
NODE_50970_length_3460_cov_3.357929	2245	2378	36	13	133	0.0977444
NODE_50970_length_3460_cov_3.357929	2245	2378	37	10	133	0.0751880
NODE_50970_length_3460_cov_3.357929	2245	2378	38	23	133	0.1729323
NODE_50970_length_3460_cov_3.357929	2245	2378	39	7	133	0.0526316
NODE_50970_length_3460_cov_3.357929	2245	2378	40	4	133	0.0300752
NODE_50989_length_3459_cov_4.191071	895	1028	21	2	133	0.0150376
NODE_50989_length_3459_cov_4.191071	895	1028	22	4	133	0.0300752
NODE_50989_length_3459_cov_4.191071	895	1028	23	1	133	0.0075188
NODE_50989_length_3459_cov_4.191071	895	1028	24	5	133	0.0375940
NODE_50989_length_3459_cov_4.191071	895	1028	26	7	133	0.0526316
NODE_50989_length_3459_cov_4.191071	895	1028	27	11	133	0.0827068
NODE_50989_length_3459_cov_4.191071	895	1028	28	26	133	0.1954887
NODE_50989_length_3459_cov_4.191071	895	1028	29	12	133	0.0902256
NODE_50989_length_3459_cov_4.191071	895	1028	30	3	133	0.0225564
NODE_50989_length_3459_cov_4.191071	895	1028	31	14	133	0.1052632
NODE_50989_length_3459_cov_4.191071	895	1028	32	23	133	0.1729323
NODE_50989_length_3459_cov_4.191071	895	1028	33	1	133	0.0075188
NODE_50989_length_3459_cov_4.191071	895	1028	34	1	133	0.0075188
NODE_50989_length_3459_cov_4.191071	895	1028	35	5	133	0.0375940
NODE_50989_length_3459_cov_4.191071	895	1028	36	9	133	0.0676692
NODE_50989_length_3459_cov_4.191071	895	1028	37	6	133	0.0451128
NODE_50989_length_3459_cov_4.191071	895	1028	38	3	133	0.0225564
NODE_50_length_27867_cov_4.528882	14143	14276	8	20	133	0.1503759
NODE_50_length_27867_cov_4.528882	14143	14276	9	1	133	0.0075188
NODE_50_length_27867_cov_4.528882	14143	14276	10	2	133	0.0150376
NODE_50_length_27867_cov_4.528882	14143	14276	11	18	133	0.1353384
NODE_50_length_27867_cov_4.528882	14143	14276	12	11	133	0.0827068
NODE_50_length_27867_cov_4.528882	14143	14276	13	51	133	0.3834586
NODE_50_length_27867_cov_4.528882	14143	14276	14	30	133	0.2255639
NODE_51025_length_3457_cov_4.791245	804	937	8	4	133	0.0300752
NODE_51025_length_3457_cov_4.791245	804	937	10	1	133	0.0075188
NODE_51025_length_3457_cov_4.791245	804	937	11	6	133	0.0451128
NODE_51025_length_3457_cov_4.791245	804	937	12	1	133	0.0075188
NODE_51025_length_3457_cov_4.791245	804	937	13	13	133	0.0977444
NODE_51025_length_3457_cov_4.791245	804	937	15	1	133	0.0075188
NODE_51025_length_3457_cov_4.791245	804	937	17	17	133	0.1278196
NODE_51025_length_3457_cov_4.791245	804	937	18	8	133	0.0601504
NODE_51025_length_3457_cov_4.791245	804	937	19	15	133	0.1127820
NODE_51025_length_3457_cov_4.791245	804	937	20	7	133	0.0526316
NODE_51025_length_3457_cov_4.791245	804	937	21	17	133	0.1278196
NODE_51025_length_3457_cov_4.791245	804	937	22	43	133	0.3233083
NODE_51031_length_3457_cov_4.249256	3232	3365	36	1	133	0.0075188
NODE_51031_length_3457_cov_4.249256	3232	3365	37	1	133	0.0075188
NODE_51031_length_3457_cov_4.249256	3232	3365	38	3	133	0.0225564
NODE_51031_length_3457_cov_4.249256	3232	3365	39	3	133	0.0225564
NODE_51031_length_3457_cov_4.249256	3232	3365	40	1	133	0.0075188
NODE_51031_length_3457_cov_4.249256	3232	3365	41	2	133	0.0150376
NODE_51031_length_3457_cov_4.249256	3232	3365	43	1	133	0.0075188
NODE_51031_length_3457_cov_4.249256	3232	3365	44	3	133	0.0225564
NODE_51031_length_3457_cov_4.249256	3232	3365	45	2	133	0.0150376
NODE_51031_length_3457_cov_4.249256	3232	3365	46	14	133	0.1052632
NODE_51031_length_3457_cov_4.249256	3232	3365	47	4	133	0.0300752
NODE_51031_length_3457_cov_4.249256	3232	3365	48	2	133	0.0150376
NODE_51031_length_3457_cov_4.249256	3232	3365	49	1	133	0.0075188
NODE_51031_length_3457_cov_4.249256	3232	3365	50	2	133	0.0150376
NODE_51031_length_3457_cov_4.249256	3232	3365	51	5	133	0.0375940
NODE_51031_length_3457_cov_4.249256	3232	3365	52	10	133	0.0751880
NODE_51031_length_3457_cov_4.249256	3232	3365	53	3	133	0.0225564
NODE_51031_length_3457_cov_4.249256	3232	3365	54	12	133	0.0902256
NODE_51031_length_3457_cov_4.249256	3232	3365	56	9	133	0.0676692
NODE_51031_length_3457_cov_4.249256	3232	3365	57	9	133	0.0676692
NODE_51031_length_3457_cov_4.249256	3232	3365	58	20	133	0.1503759
NODE_51031_length_3457_cov_4.249256	3232	3365	59	2	133	0.0150376
NODE_51031_length_3457_cov_4.249256	3232	3365	60	17	133	0.1278196
NODE_51031_length_3457_cov_4.249256	3232	3365	61	6	133	0.0451128
NODE_510694_length_289_cov_2.357895	0	133	0	133	133	1.0000000
NODE_5107_length_9357_cov_3.789695	6942	7075	4	4	133	0.0300752
NODE_5107_length_9357_cov_3.789695	6942	7075	5	3	133	0.0225564
NODE_5107_length_9357_cov_3.789695	6942	7075	7	5	133	0.0375940
NODE_5107_length_9357_cov_3.789695	6942	7075	9	2	133	0.0150376
NODE_5107_length_9357_cov_3.789695	6942	7075	10	6	133	0.0451128
NODE_5107_length_9357_cov_3.789695	6942	7075	11	6	133	0.0451128
NODE_5107_length_9357_cov_3.789695	6942	7075	13	3	133	0.0225564
NODE_5107_length_9357_cov_3.789695	6942	7075	14	10	133	0.0751880
NODE_5107_length_9357_cov_3.789695	6942	7075	15	2	133	0.0150376
NODE_5107_length_9357_cov_3.789695	6942	7075	16	6	133	0.0451128
NODE_5107_length_9357_cov_3.789695	6942	7075	17	1	133	0.0075188
NODE_5107_length_9357_cov_3.789695	6942	7075	18	3	133	0.0225564
NODE_5107_length_9357_cov_3.789695	6942	7075	19	3	133	0.0225564
NODE_5107_length_9357_cov_3.789695	6942	7075	20	21	133	0.1578947
NODE_5107_length_9357_cov_3.789695	6942	7075	21	29	133	0.2180451
NODE_5107_length_9357_cov_3.789695	6942	7075	22	22	133	0.1654135
NODE_5107_length_9357_cov_3.789695	6942	7075	23	7	133	0.0526316
NODE_51087_length_3454_cov_48.702832	2700	2833	4	27	133	0.2030075
NODE_51087_length_3454_cov_48.702832	2700	2833	5	14	133	0.1052632
NODE_51087_length_3454_cov_48.702832	2700	2833	6	5	133	0.0375940
NODE_51087_length_3454_cov_48.702832	2700	2833	7	47	133	0.3533835
NODE_51087_length_3454_cov_48.702832	2700	2833	8	15	133	0.1127820
NODE_51087_length_3454_cov_48.702832	2700	2833	9	2	133	0.0150376
NODE_51087_length_3454_cov_48.702832	2700	2833	10	23	133	0.1729323
NODE_5109_length_9355_cov_5.558124	5736	5869	4	7	133	0.0526316
NODE_5109_length_9355_cov_5.558124	5736	5869	5	4	133	0.0300752
NODE_5109_length_9355_cov_5.558124	5736	5869	6	10	133	0.0751880
NODE_5109_length_9355_cov_5.558124	5736	5869	7	14	133	0.1052632
NODE_5109_length_9355_cov_5.558124	5736	5869	8	50	133	0.3759398
NODE_5109_length_9355_cov_5.558124	5736	5869	9	11	133	0.0827068
NODE_5109_length_9355_cov_5.558124	5736	5869	10	37	133	0.2781955
NODE_510_length_17560_cov_12.462173	1940	2073	13	1	133	0.0075188
NODE_510_length_17560_cov_12.462173	1940	2073	14	6	133	0.0451128
NODE_510_length_17560_cov_12.462173	1940	2073	16	1	133	0.0075188
NODE_510_length_17560_cov_12.462173	1940	2073	19	1	133	0.0075188
NODE_510_length_17560_cov_12.462173	1940	2073	20	7	133	0.0526316
NODE_510_length_17560_cov_12.462173	1940	2073	21	18	133	0.1353384
NODE_510_length_17560_cov_12.462173	1940	2073	22	25	133	0.1879699
NODE_510_length_17560_cov_12.462173	1940	2073	23	22	133	0.1654135
NODE_510_length_17560_cov_12.462173	1940	2073	24	34	133	0.2556391
NODE_510_length_17560_cov_12.462173	1940	2073	25	10	133	0.0751880
NODE_510_length_17560_cov_12.462173	1940	2073	26	8	133	0.0601504
NODE_5110_length_9355_cov_4.395527	3773	3906	4	38	133	0.2857143
NODE_5110_length_9355_cov_4.395527	3773	3906	5	33	133	0.2481203
NODE_5110_length_9355_cov_4.395527	3773	3906	6	44	133	0.3308271
NODE_5110_length_9355_cov_4.395527	3773	3906	7	18	133	0.1353384
NODE_51130_length_3453_cov_3.785033	308	441	18	4	133	0.0300752
NODE_51130_length_3453_cov_3.785033	308	441	19	9	133	0.0676692
NODE_51130_length_3453_cov_3.785033	308	441	21	5	133	0.0375940
NODE_51130_length_3453_cov_3.785033	308	441	22	7	133	0.0526316
NODE_51130_length_3453_cov_3.785033	308	441	23	4	133	0.0300752
NODE_51130_length_3453_cov_3.785033	308	441	24	16	133	0.1203008
NODE_51130_length_3453_cov_3.785033	308	441	25	9	133	0.0676692
NODE_51130_length_3453_cov_3.785033	308	441	26	7	133	0.0526316
NODE_51130_length_3453_cov_3.785033	308	441	27	4	133	0.0300752
NODE_51130_length_3453_cov_3.785033	308	441	28	19	133	0.1428571
NODE_51130_length_3453_cov_3.785033	308	441	29	14	133	0.1052632
NODE_51130_length_3453_cov_3.785033	308	441	30	26	133	0.1954887
NODE_51130_length_3453_cov_3.785033	308	441	31	9	133	0.0676692
NODE_511555_length_288_cov_2.899471	149	282	0	43	133	0.3233083
NODE_511555_length_288_cov_2.899471	149	282	1	2	133	0.0150376
NODE_511555_length_288_cov_2.899471	149	282	2	88	133	0.6616541
NODE_5117_length_9352_cov_15.156166	2202	2335	23	1	133	0.0075188
NODE_5117_length_9352_cov_15.156166	2202	2335	24	1	133	0.0075188
NODE_5117_length_9352_cov_15.156166	2202	2335	25	14	133	0.1052632
NODE_5117_length_9352_cov_15.156166	2202	2335	26	7	133	0.0526316
NODE_5117_length_9352_cov_15.156166	2202	2335	27	15	133	0.1127820
NODE_5117_length_9352_cov_15.156166	2202	2335	28	21	133	0.1578947
NODE_5117_length_9352_cov_15.156166	2202	2335	29	4	133	0.0300752
NODE_5117_length_9352_cov_15.156166	2202	2335	30	8	133	0.0601504
NODE_5117_length_9352_cov_15.156166	2202	2335	31	11	133	0.0827068
NODE_5117_length_9352_cov_15.156166	2202	2335	32	14	133	0.1052632
NODE_5117_length_9352_cov_15.156166	2202	2335	33	16	133	0.1203008
NODE_5117_length_9352_cov_15.156166	2202	2335	34	14	133	0.1052632
NODE_5117_length_9352_cov_15.156166	2202	2335	35	7	133	0.0526316
NODE_51213_length_3449_cov_5.364478	2266	2399	12	19	133	0.1428571
NODE_51213_length_3449_cov_5.364478	2266	2399	13	75	133	0.5639098
NODE_51213_length_3449_cov_5.364478	2266	2399	14	39	133	0.2932331
NODE_5122_length_9351_cov_5.240489	2778	2911	2	20	133	0.1503759
NODE_5122_length_9351_cov_5.240489	2778	2911	3	6	133	0.0451128
NODE_5122_length_9351_cov_5.240489	2778	2911	4	19	133	0.1428571
NODE_5122_length_9351_cov_5.240489	2778	2911	5	6	133	0.0451128
NODE_5122_length_9351_cov_5.240489	2778	2911	6	3	133	0.0225564
NODE_5122_length_9351_cov_5.240489	2778	2911	7	9	133	0.0676692
NODE_5122_length_9351_cov_5.240489	2778	2911	8	54	133	0.4060150
NODE_5122_length_9351_cov_5.240489	2778	2911	9	16	133	0.1203008
NODE_51262_length_3448_cov_3.524933	2435	2568	8	2	133	0.0150376
NODE_51262_length_3448_cov_3.524933	2435	2568	9	3	133	0.0225564
NODE_51262_length_3448_cov_3.524933	2435	2568	10	50	133	0.3759398
NODE_51262_length_3448_cov_3.524933	2435	2568	11	21	133	0.1578947
NODE_51262_length_3448_cov_3.524933	2435	2568	12	55	133	0.4135338
NODE_51262_length_3448_cov_3.524933	2435	2568	13	1	133	0.0075188
NODE_51262_length_3448_cov_3.524933	2435	2568	14	1	133	0.0075188
NODE_513035_length_287_cov_1.898936	136	269	2	13	133	0.0977444
NODE_513035_length_287_cov_1.898936	136	269	4	23	133	0.1729323
NODE_513035_length_287_cov_1.898936	136	269	6	9	133	0.0676692
NODE_513035_length_287_cov_1.898936	136	269	7	16	133	0.1203008
NODE_513035_length_287_cov_1.898936	136	269	8	9	133	0.0676692
NODE_513035_length_287_cov_1.898936	136	269	9	18	133	0.1353384
NODE_513035_length_287_cov_1.898936	136	269	10	5	133	0.0375940
NODE_513035_length_287_cov_1.898936	136	269	11	11	133	0.0827068
NODE_513035_length_287_cov_1.898936	136	269	12	29	133	0.2180451
NODE_5130_length_9348_cov_4.353768	7840	7973	8	37	133	0.2781955
NODE_5130_length_9348_cov_4.353768	7840	7973	9	43	133	0.3233083
NODE_5130_length_9348_cov_4.353768	7840	7973	10	50	133	0.3759398
NODE_5130_length_9348_cov_4.353768	7840	7973	11	3	133	0.0225564
NODE_51327_length_3445_cov_4.971608	403	536	3	7	133	0.0526316
NODE_51327_length_3445_cov_4.971608	403	536	6	13	133	0.0977444
NODE_51327_length_3445_cov_4.971608	403	536	7	13	133	0.0977444
NODE_51327_length_3445_cov_4.971608	403	536	8	10	133	0.0751880
NODE_51327_length_3445_cov_4.971608	403	536	9	19	133	0.1428571
NODE_51327_length_3445_cov_4.971608	403	536	10	12	133	0.0902256
NODE_51327_length_3445_cov_4.971608	403	536	11	12	133	0.0902256
NODE_51327_length_3445_cov_4.971608	403	536	13	1	133	0.0075188
NODE_51327_length_3445_cov_4.971608	403	536	14	8	133	0.0601504
NODE_51327_length_3445_cov_4.971608	403	536	15	3	133	0.0225564
NODE_51327_length_3445_cov_4.971608	403	536	16	10	133	0.0751880
NODE_51327_length_3445_cov_4.971608	403	536	17	5	133	0.0375940
NODE_51327_length_3445_cov_4.971608	403	536	18	17	133	0.1278196
NODE_51327_length_3445_cov_4.971608	403	536	19	3	133	0.0225564
NODE_513498_length_287_cov_0.994681	38	171	0	92	133	0.6917293
NODE_513498_length_287_cov_0.994681	38	171	1	25	133	0.1879699
NODE_513498_length_287_cov_0.994681	38	171	2	16	133	0.1203008
NODE_51351_length_3445_cov_3.158996	1844	1977	2	70	133	0.5263158
NODE_51351_length_3445_cov_3.158996	1844	1977	3	63	133	0.4736842
NODE_51389_length_3443_cov_4.979366	733	866	5	21	133	0.1578947
NODE_51389_length_3443_cov_4.979366	733	866	6	19	133	0.1428571
NODE_51389_length_3443_cov_4.979366	733	866	8	93	133	0.6992481
NODE_51403_length_3443_cov_3.956340	794	927	11	4	133	0.0300752
NODE_51403_length_3443_cov_3.956340	794	927	12	16	133	0.1203008
NODE_51403_length_3443_cov_3.956340	794	927	14	17	133	0.1278196
NODE_51403_length_3443_cov_3.956340	794	927	16	7	133	0.0526316
NODE_51403_length_3443_cov_3.956340	794	927	17	9	133	0.0676692
NODE_51403_length_3443_cov_3.956340	794	927	18	11	133	0.0827068
NODE_51403_length_3443_cov_3.956340	794	927	19	7	133	0.0526316
NODE_51403_length_3443_cov_3.956340	794	927	21	5	133	0.0375940
NODE_51403_length_3443_cov_3.956340	794	927	22	21	133	0.1578947
NODE_51403_length_3443_cov_3.956340	794	927	23	19	133	0.1428571
NODE_51403_length_3443_cov_3.956340	794	927	24	17	133	0.1278196
NODE_51502_length_3439_cov_6.123054	2009	2142	1	4	133	0.0300752
NODE_51502_length_3439_cov_6.123054	2009	2142	3	24	133	0.1804511
NODE_51502_length_3439_cov_6.123054	2009	2142	4	24	133	0.1804511
NODE_51502_length_3439_cov_6.123054	2009	2142	5	32	133	0.2406015
NODE_51502_length_3439_cov_6.123054	2009	2142	6	39	133	0.2932331
NODE_51502_length_3439_cov_6.123054	2009	2142	7	6	133	0.0451128
NODE_51502_length_3439_cov_6.123054	2009	2142	8	4	133	0.0300752
NODE_51511_length_3439_cov_4.630539	2765	2898	0	133	133	1.0000000
NODE_5155_length_9332_cov_5.643886	5877	6010	8	11	133	0.0827068
NODE_5155_length_9332_cov_5.643886	5877	6010	9	5	133	0.0375940
NODE_5155_length_9332_cov_5.643886	5877	6010	10	3	133	0.0225564
NODE_5155_length_9332_cov_5.643886	5877	6010	11	2	133	0.0150376
NODE_5155_length_9332_cov_5.643886	5877	6010	12	3	133	0.0225564
NODE_5155_length_9332_cov_5.643886	5877	6010	13	1	133	0.0075188
NODE_5155_length_9332_cov_5.643886	5877	6010	14	14	133	0.1052632
NODE_5155_length_9332_cov_5.643886	5877	6010	15	3	133	0.0225564
NODE_5155_length_9332_cov_5.643886	5877	6010	16	11	133	0.0827068
NODE_5155_length_9332_cov_5.643886	5877	6010	18	11	133	0.0827068
NODE_5155_length_9332_cov_5.643886	5877	6010	19	19	133	0.1428571
NODE_5155_length_9332_cov_5.643886	5877	6010	20	11	133	0.0827068
NODE_5155_length_9332_cov_5.643886	5877	6010	21	3	133	0.0225564
NODE_5155_length_9332_cov_5.643886	5877	6010	22	34	133	0.2556391
NODE_5155_length_9332_cov_5.643886	5877	6010	23	2	133	0.0150376
NODE_51583_length_3437_cov_3.658179	2467	2600	2	8	133	0.0601504
NODE_51583_length_3437_cov_3.658179	2467	2600	3	8	133	0.0601504
NODE_51583_length_3437_cov_3.658179	2467	2600	5	9	133	0.0676692
NODE_51583_length_3437_cov_3.658179	2467	2600	6	69	133	0.5187970
NODE_51583_length_3437_cov_3.658179	2467	2600	7	39	133	0.2932331
NODE_51593_length_3436_cov_4.855259	1291	1424	5	1	133	0.0075188
NODE_51593_length_3436_cov_4.855259	1291	1424	7	3	133	0.0225564
NODE_51593_length_3436_cov_4.855259	1291	1424	8	19	133	0.1428571
NODE_51593_length_3436_cov_4.855259	1291	1424	9	44	133	0.3308271
NODE_51593_length_3436_cov_4.855259	1291	1424	10	32	133	0.2406015
NODE_51593_length_3436_cov_4.855259	1291	1424	11	8	133	0.0601504
NODE_51593_length_3436_cov_4.855259	1291	1424	12	1	133	0.0075188
NODE_51593_length_3436_cov_4.855259	1291	1424	13	3	133	0.0225564
NODE_51593_length_3436_cov_4.855259	1291	1424	14	16	133	0.1203008
NODE_51593_length_3436_cov_4.855259	1291	1424	15	6	133	0.0451128
NODE_51609_length_3436_cov_3.665868	2734	2867	2	10	133	0.0751880
NODE_51609_length_3436_cov_3.665868	2734	2867	3	20	133	0.1503759
NODE_51609_length_3436_cov_3.665868	2734	2867	4	103	133	0.7744361
NODE_5163_length_9329_cov_3.309642	9018	9151	14	4	133	0.0300752
NODE_5163_length_9329_cov_3.309642	9018	9151	15	17	133	0.1278196
NODE_5163_length_9329_cov_3.309642	9018	9151	16	19	133	0.1428571
NODE_5163_length_9329_cov_3.309642	9018	9151	17	2	133	0.0150376
NODE_5163_length_9329_cov_3.309642	9018	9151	19	16	133	0.1203008
NODE_5163_length_9329_cov_3.309642	9018	9151	20	4	133	0.0300752
NODE_5163_length_9329_cov_3.309642	9018	9151	21	12	133	0.0902256
NODE_5163_length_9329_cov_3.309642	9018	9151	22	3	133	0.0225564
NODE_5163_length_9329_cov_3.309642	9018	9151	24	15	133	0.1127820
NODE_5163_length_9329_cov_3.309642	9018	9151	25	15	133	0.1127820
NODE_5163_length_9329_cov_3.309642	9018	9151	26	14	133	0.1052632
NODE_5163_length_9329_cov_3.309642	9018	9151	27	12	133	0.0902256
NODE_51716_length_3432_cov_12.680468	2253	2386	5	4	133	0.0300752
NODE_51716_length_3432_cov_12.680468	2253	2386	6	13	133	0.0977444
NODE_51716_length_3432_cov_12.680468	2253	2386	7	11	133	0.0827068
NODE_51716_length_3432_cov_12.680468	2253	2386	8	27	133	0.2030075
NODE_51716_length_3432_cov_12.680468	2253	2386	9	10	133	0.0751880
NODE_51716_length_3432_cov_12.680468	2253	2386	10	6	133	0.0451128
NODE_51716_length_3432_cov_12.680468	2253	2386	11	14	133	0.1052632
NODE_51716_length_3432_cov_12.680468	2253	2386	13	4	133	0.0300752
NODE_51716_length_3432_cov_12.680468	2253	2386	14	8	133	0.0601504
NODE_51716_length_3432_cov_12.680468	2253	2386	15	35	133	0.2631579
NODE_51716_length_3432_cov_12.680468	2253	2386	16	1	133	0.0075188
NODE_51723_length_3432_cov_4.690969	3046	3179	8	11	133	0.0827068
NODE_51723_length_3432_cov_4.690969	3046	3179	9	9	133	0.0676692
NODE_51723_length_3432_cov_4.690969	3046	3179	10	6	133	0.0451128
NODE_51723_length_3432_cov_4.690969	3046	3179	14	4	133	0.0300752
NODE_51723_length_3432_cov_4.690969	3046	3179	17	1	133	0.0075188
NODE_51723_length_3432_cov_4.690969	3046	3179	19	1	133	0.0075188
NODE_51723_length_3432_cov_4.690969	3046	3179	20	24	133	0.1804511
NODE_51723_length_3432_cov_4.690969	3046	3179	21	7	133	0.0526316
NODE_51723_length_3432_cov_4.690969	3046	3179	23	5	133	0.0375940
NODE_51723_length_3432_cov_4.690969	3046	3179	24	7	133	0.0526316
NODE_51723_length_3432_cov_4.690969	3046	3179	25	11	133	0.0827068
NODE_51723_length_3432_cov_4.690969	3046	3179	26	11	133	0.0827068
NODE_51723_length_3432_cov_4.690969	3046	3179	27	23	133	0.1729323
NODE_51723_length_3432_cov_4.690969	3046	3179	28	13	133	0.0977444
NODE_51731_length_3432_cov_3.967897	2651	2784	13	1	133	0.0075188
NODE_51731_length_3432_cov_3.967897	2651	2784	15	6	133	0.0451128
NODE_51731_length_3432_cov_3.967897	2651	2784	16	8	133	0.0601504
NODE_51731_length_3432_cov_3.967897	2651	2784	19	18	133	0.1353384
NODE_51731_length_3432_cov_3.967897	2651	2784	20	20	133	0.1503759
NODE_51731_length_3432_cov_3.967897	2651	2784	21	11	133	0.0827068
NODE_51731_length_3432_cov_3.967897	2651	2784	22	14	133	0.1052632
NODE_51731_length_3432_cov_3.967897	2651	2784	23	19	133	0.1428571
NODE_51731_length_3432_cov_3.967897	2651	2784	24	7	133	0.0526316
NODE_51731_length_3432_cov_3.967897	2651	2784	25	29	133	0.2180451
NODE_51753_length_3431_cov_4.561224	467	600	12	8	133	0.0601504
NODE_51753_length_3431_cov_4.561224	467	600	13	28	133	0.2105263
NODE_51753_length_3431_cov_4.561224	467	600	14	29	133	0.2180451
NODE_51753_length_3431_cov_4.561224	467	600	15	25	133	0.1879699
NODE_51753_length_3431_cov_4.561224	467	600	16	10	133	0.0751880
NODE_51753_length_3431_cov_4.561224	467	600	17	20	133	0.1503759
NODE_51753_length_3431_cov_4.561224	467	600	18	3	133	0.0225564
NODE_51753_length_3431_cov_4.561224	467	600	19	7	133	0.0526316
NODE_51753_length_3431_cov_4.561224	467	600	20	3	133	0.0225564
NODE_51795_length_3429_cov_4.536937	2568	2701	8	17	133	0.1278196
NODE_51795_length_3429_cov_4.536937	2568	2701	9	14	133	0.1052632
NODE_51795_length_3429_cov_4.536937	2568	2701	11	5	133	0.0375940
NODE_51795_length_3429_cov_4.536937	2568	2701	12	6	133	0.0451128
NODE_51795_length_3429_cov_4.536937	2568	2701	14	19	133	0.1428571
NODE_51795_length_3429_cov_4.536937	2568	2701	15	27	133	0.2030075
NODE_51795_length_3429_cov_4.536937	2568	2701	16	3	133	0.0225564
NODE_51795_length_3429_cov_4.536937	2568	2701	17	8	133	0.0601504
NODE_51795_length_3429_cov_4.536937	2568	2701	18	9	133	0.0676692
NODE_51795_length_3429_cov_4.536937	2568	2701	19	25	133	0.1879699
NODE_517_length_17492_cov_4.887024	3020	3153	18	1	133	0.0075188
NODE_517_length_17492_cov_4.887024	3020	3153	20	1	133	0.0075188
NODE_517_length_17492_cov_4.887024	3020	3153	21	1	133	0.0075188
NODE_517_length_17492_cov_4.887024	3020	3153	22	7	133	0.0526316
NODE_517_length_17492_cov_4.887024	3020	3153	23	12	133	0.0902256
NODE_517_length_17492_cov_4.887024	3020	3153	25	7	133	0.0526316
NODE_517_length_17492_cov_4.887024	3020	3153	26	8	133	0.0601504
NODE_517_length_17492_cov_4.887024	3020	3153	27	3	133	0.0225564
NODE_517_length_17492_cov_4.887024	3020	3153	28	9	133	0.0676692
NODE_517_length_17492_cov_4.887024	3020	3153	29	9	133	0.0676692
NODE_517_length_17492_cov_4.887024	3020	3153	30	10	133	0.0751880
NODE_517_length_17492_cov_4.887024	3020	3153	31	2	133	0.0150376
NODE_517_length_17492_cov_4.887024	3020	3153	32	14	133	0.1052632
NODE_517_length_17492_cov_4.887024	3020	3153	34	15	133	0.1127820
NODE_517_length_17492_cov_4.887024	3020	3153	35	6	133	0.0451128
NODE_517_length_17492_cov_4.887024	3020	3153	36	11	133	0.0827068
NODE_517_length_17492_cov_4.887024	3020	3153	37	9	133	0.0676692
NODE_517_length_17492_cov_4.887024	3020	3153	38	8	133	0.0601504
NODE_5180_length_9320_cov_7.085240	3098	3231	8	6	133	0.0451128
NODE_5180_length_9320_cov_7.085240	3098	3231	9	6	133	0.0451128
NODE_5180_length_9320_cov_7.085240	3098	3231	10	6	133	0.0451128
NODE_5180_length_9320_cov_7.085240	3098	3231	11	39	133	0.2932331
NODE_5180_length_9320_cov_7.085240	3098	3231	12	41	133	0.3082707
NODE_5180_length_9320_cov_7.085240	3098	3231	13	15	133	0.1127820
NODE_5180_length_9320_cov_7.085240	3098	3231	14	13	133	0.0977444
NODE_5180_length_9320_cov_7.085240	3098	3231	15	2	133	0.0150376
NODE_5180_length_9320_cov_7.085240	3098	3231	16	5	133	0.0375940
NODE_51816_length_3429_cov_3.031231	1677	1810	4	55	133	0.4135338
NODE_51816_length_3429_cov_3.031231	1677	1810	5	32	133	0.2406015
NODE_51816_length_3429_cov_3.031231	1677	1810	6	44	133	0.3308271
NODE_51816_length_3429_cov_3.031231	1677	1810	7	2	133	0.0150376
NODE_51848_length_3427_cov_4.763221	1216	1349	2	26	133	0.1954887
NODE_51848_length_3427_cov_4.763221	1216	1349	3	37	133	0.2781955
NODE_51848_length_3427_cov_4.763221	1216	1349	4	59	133	0.4436090
NODE_51848_length_3427_cov_4.763221	1216	1349	5	11	133	0.0827068
NODE_518898_length_282_cov_1.557377	133	266	0	52	133	0.3909774
NODE_518898_length_282_cov_1.557377	133	266	6	19	133	0.1428571
NODE_518898_length_282_cov_1.557377	133	266	7	9	133	0.0676692
NODE_518898_length_282_cov_1.557377	133	266	8	14	133	0.1052632
NODE_518898_length_282_cov_1.557377	133	266	10	20	133	0.1503759
NODE_518898_length_282_cov_1.557377	133	266	11	1	133	0.0075188
NODE_518898_length_282_cov_1.557377	133	266	12	18	133	0.1353384
NODE_5190_length_9315_cov_10.726562	8385	8518	12	2	133	0.0150376
NODE_5190_length_9315_cov_10.726562	8385	8518	13	9	133	0.0676692
NODE_5190_length_9315_cov_10.726562	8385	8518	14	16	133	0.1203008
NODE_5190_length_9315_cov_10.726562	8385	8518	15	7	133	0.0526316
NODE_5190_length_9315_cov_10.726562	8385	8518	16	17	133	0.1278196
NODE_5190_length_9315_cov_10.726562	8385	8518	17	53	133	0.3984962
NODE_5190_length_9315_cov_10.726562	8385	8518	18	17	133	0.1278196
NODE_5190_length_9315_cov_10.726562	8385	8518	19	12	133	0.0902256
NODE_51916_length_3425_cov_3.359591	2143	2276	3	1	133	0.0075188
NODE_51916_length_3425_cov_3.359591	2143	2276	4	7	133	0.0526316
NODE_51916_length_3425_cov_3.359591	2143	2276	5	12	133	0.0902256
NODE_51916_length_3425_cov_3.359591	2143	2276	6	8	133	0.0601504
NODE_51916_length_3425_cov_3.359591	2143	2276	7	2	133	0.0150376
NODE_51916_length_3425_cov_3.359591	2143	2276	8	87	133	0.6541353
NODE_51916_length_3425_cov_3.359591	2143	2276	9	16	133	0.1203008
NODE_51918_length_3425_cov_2.857186	1864	1997	6	4	133	0.0300752
NODE_51918_length_3425_cov_2.857186	1864	1997	8	20	133	0.1503759
NODE_51918_length_3425_cov_2.857186	1864	1997	9	5	133	0.0375940
NODE_51918_length_3425_cov_2.857186	1864	1997	10	24	133	0.1804511
NODE_51918_length_3425_cov_2.857186	1864	1997	11	12	133	0.0902256
NODE_51918_length_3425_cov_2.857186	1864	1997	12	14	133	0.1052632
NODE_51918_length_3425_cov_2.857186	1864	1997	13	7	133	0.0526316
NODE_51918_length_3425_cov_2.857186	1864	1997	14	15	133	0.1127820
NODE_51918_length_3425_cov_2.857186	1864	1997	15	22	133	0.1654135
NODE_51918_length_3425_cov_2.857186	1864	1997	16	10	133	0.0751880
NODE_51928_length_3424_cov_4.876090	1801	1934	10	5	133	0.0375940
NODE_51928_length_3424_cov_4.876090	1801	1934	12	8	133	0.0601504
NODE_51928_length_3424_cov_4.876090	1801	1934	13	49	133	0.3684210
NODE_51928_length_3424_cov_4.876090	1801	1934	14	42	133	0.3157895
NODE_51928_length_3424_cov_4.876090	1801	1934	15	11	133	0.0827068
NODE_51928_length_3424_cov_4.876090	1801	1934	16	18	133	0.1353384
NODE_51935_length_3424_cov_3.805714	2076	2209	8	3	133	0.0225564
NODE_51935_length_3424_cov_3.805714	2076	2209	9	11	133	0.0827068
NODE_51935_length_3424_cov_3.805714	2076	2209	11	3	133	0.0225564
NODE_51935_length_3424_cov_3.805714	2076	2209	12	22	133	0.1654135
NODE_51935_length_3424_cov_3.805714	2076	2209	13	3	133	0.0225564
NODE_51935_length_3424_cov_3.805714	2076	2209	14	8	133	0.0601504
NODE_51935_length_3424_cov_3.805714	2076	2209	15	51	133	0.3834586
NODE_51935_length_3424_cov_3.805714	2076	2209	17	5	133	0.0375940
NODE_51935_length_3424_cov_3.805714	2076	2209	18	26	133	0.1954887
NODE_51935_length_3424_cov_3.805714	2076	2209	19	1	133	0.0075188
NODE_51952_length_3423_cov_4.522563	1296	1429	4	2	133	0.0150376
NODE_51952_length_3423_cov_4.522563	1296	1429	5	17	133	0.1278196
NODE_51952_length_3423_cov_4.522563	1296	1429	6	2	133	0.0150376
NODE_51952_length_3423_cov_4.522563	1296	1429	7	16	133	0.1203008
NODE_51952_length_3423_cov_4.522563	1296	1429	8	64	133	0.4812030
NODE_51952_length_3423_cov_4.522563	1296	1429	9	32	133	0.2406015
NODE_51968_length_3423_cov_3.384777	3002	3135	8	8	133	0.0601504
NODE_51968_length_3423_cov_3.384777	3002	3135	9	35	133	0.2631579
NODE_51968_length_3423_cov_3.384777	3002	3135	10	37	133	0.2781955
NODE_51968_length_3423_cov_3.384777	3002	3135	11	22	133	0.1654135
NODE_51968_length_3423_cov_3.384777	3002	3135	12	20	133	0.1503759
NODE_51968_length_3423_cov_3.384777	3002	3135	13	11	133	0.0827068
NODE_51_length_27845_cov_3.983890	5878	6011	12	3	133	0.0225564
NODE_51_length_27845_cov_3.983890	5878	6011	13	7	133	0.0526316
NODE_51_length_27845_cov_3.983890	5878	6011	14	28	133	0.2105263
NODE_51_length_27845_cov_3.983890	5878	6011	15	17	133	0.1278196
NODE_51_length_27845_cov_3.983890	5878	6011	16	11	133	0.0827068
NODE_51_length_27845_cov_3.983890	5878	6011	18	57	133	0.4285714
NODE_51_length_27845_cov_3.983890	5878	6011	19	10	133	0.0751880
NODE_52061_length_3419_cov_4.229217	55	188	5	40	133	0.3007519
NODE_52061_length_3419_cov_4.229217	55	188	6	52	133	0.3909774
NODE_52061_length_3419_cov_4.229217	55	188	7	41	133	0.3082707
NODE_52088_length_3418_cov_4.066586	200	333	2	1	133	0.0075188
NODE_52088_length_3418_cov_4.066586	200	333	3	12	133	0.0902256
NODE_52088_length_3418_cov_4.066586	200	333	4	28	133	0.2105263
NODE_52088_length_3418_cov_4.066586	200	333	5	33	133	0.2481203
NODE_52088_length_3418_cov_4.066586	200	333	6	59	133	0.4436090
NODE_520967_length_280_cov_1.972376	38	171	0	133	133	1.0000000
NODE_52119_length_3417_cov_3.908077	1586	1719	15	3	133	0.0225564
NODE_52119_length_3417_cov_3.908077	1586	1719	16	7	133	0.0526316
NODE_52119_length_3417_cov_3.908077	1586	1719	17	15	133	0.1127820
NODE_52119_length_3417_cov_3.908077	1586	1719	18	34	133	0.2556391
NODE_52119_length_3417_cov_3.908077	1586	1719	19	24	133	0.1804511
NODE_52119_length_3417_cov_3.908077	1586	1719	20	34	133	0.2556391
NODE_52119_length_3417_cov_3.908077	1586	1719	21	13	133	0.0977444
NODE_52119_length_3417_cov_3.908077	1586	1719	22	3	133	0.0225564
NODE_52129_length_3417_cov_3.415612	1468	1601	11	20	133	0.1503759
NODE_52129_length_3417_cov_3.415612	1468	1601	12	5	133	0.0375940
NODE_52129_length_3417_cov_3.415612	1468	1601	13	13	133	0.0977444
NODE_52129_length_3417_cov_3.415612	1468	1601	15	1	133	0.0075188
NODE_52129_length_3417_cov_3.415612	1468	1601	16	13	133	0.0977444
NODE_52129_length_3417_cov_3.415612	1468	1601	17	2	133	0.0150376
NODE_52129_length_3417_cov_3.415612	1468	1601	18	13	133	0.0977444
NODE_52129_length_3417_cov_3.415612	1468	1601	19	18	133	0.1353384
NODE_52129_length_3417_cov_3.415612	1468	1601	20	31	133	0.2330827
NODE_52129_length_3417_cov_3.415612	1468	1601	21	15	133	0.1127820
NODE_52129_length_3417_cov_3.415612	1468	1601	22	2	133	0.0150376
NODE_52150_length_3416_cov_3.548387	2178	2311	11	2	133	0.0150376
NODE_52150_length_3416_cov_3.548387	2178	2311	12	10	133	0.0751880
NODE_52150_length_3416_cov_3.548387	2178	2311	14	4	133	0.0300752
NODE_52150_length_3416_cov_3.548387	2178	2311	16	7	133	0.0526316
NODE_52150_length_3416_cov_3.548387	2178	2311	17	6	133	0.0451128
NODE_52150_length_3416_cov_3.548387	2178	2311	18	2	133	0.0150376
NODE_52150_length_3416_cov_3.548387	2178	2311	19	24	133	0.1804511
NODE_52150_length_3416_cov_3.548387	2178	2311	21	9	133	0.0676692
NODE_52150_length_3416_cov_3.548387	2178	2311	22	10	133	0.0751880
NODE_52150_length_3416_cov_3.548387	2178	2311	23	25	133	0.1879699
NODE_52150_length_3416_cov_3.548387	2178	2311	24	25	133	0.1879699
NODE_52150_length_3416_cov_3.548387	2178	2311	25	9	133	0.0676692
NODE_52161_length_3415_cov_4.811218	1478	1611	14	10	133	0.0751880
NODE_52161_length_3415_cov_4.811218	1478	1611	15	12	133	0.0902256
NODE_52161_length_3415_cov_4.811218	1478	1611	16	20	133	0.1503759
NODE_52161_length_3415_cov_4.811218	1478	1611	17	24	133	0.1804511
NODE_52161_length_3415_cov_4.811218	1478	1611	18	10	133	0.0751880
NODE_52161_length_3415_cov_4.811218	1478	1611	19	27	133	0.2030075
NODE_52161_length_3415_cov_4.811218	1478	1611	20	1	133	0.0075188
NODE_52161_length_3415_cov_4.811218	1478	1611	21	24	133	0.1804511
NODE_52161_length_3415_cov_4.811218	1478	1611	22	5	133	0.0375940
NODE_52171_length_3415_cov_3.641134	1647	1780	4	89	133	0.6691729
NODE_52171_length_3415_cov_3.641134	1647	1780	5	44	133	0.3308271
NODE_52193_length_3414_cov_3.999397	2511	2644	7	4	133	0.0300752
NODE_52193_length_3414_cov_3.999397	2511	2644	8	18	133	0.1353384
NODE_52193_length_3414_cov_3.999397	2511	2644	9	1	133	0.0075188
NODE_52193_length_3414_cov_3.999397	2511	2644	11	5	133	0.0375940
NODE_52193_length_3414_cov_3.999397	2511	2644	13	20	133	0.1503759
NODE_52193_length_3414_cov_3.999397	2511	2644	14	2	133	0.0150376
NODE_52193_length_3414_cov_3.999397	2511	2644	15	12	133	0.0902256
NODE_52193_length_3414_cov_3.999397	2511	2644	16	12	133	0.0902256
NODE_52193_length_3414_cov_3.999397	2511	2644	17	26	133	0.1954887
NODE_52193_length_3414_cov_3.999397	2511	2644	18	16	133	0.1203008
NODE_52193_length_3414_cov_3.999397	2511	2644	19	3	133	0.0225564
NODE_52193_length_3414_cov_3.999397	2511	2644	20	14	133	0.1052632
NODE_52227_length_3413_cov_3.681654	1515	1648	8	10	133	0.0751880
NODE_52227_length_3413_cov_3.681654	1515	1648	9	1	133	0.0075188
NODE_52227_length_3413_cov_3.681654	1515	1648	10	11	133	0.0827068
NODE_52227_length_3413_cov_3.681654	1515	1648	11	17	133	0.1278196
NODE_52227_length_3413_cov_3.681654	1515	1648	12	2	133	0.0150376
NODE_52227_length_3413_cov_3.681654	1515	1648	13	4	133	0.0300752
NODE_52227_length_3413_cov_3.681654	1515	1648	14	29	133	0.2180451
NODE_52227_length_3413_cov_3.681654	1515	1648	15	25	133	0.1879699
NODE_52227_length_3413_cov_3.681654	1515	1648	16	24	133	0.1804511
NODE_52227_length_3413_cov_3.681654	1515	1648	17	1	133	0.0075188
NODE_52227_length_3413_cov_3.681654	1515	1648	18	9	133	0.0676692
NODE_52292_length_3410_cov_5.091211	1022	1155	18	1	133	0.0075188
NODE_52292_length_3410_cov_5.091211	1022	1155	19	15	133	0.1127820
NODE_52292_length_3410_cov_5.091211	1022	1155	20	10	133	0.0751880
NODE_52292_length_3410_cov_5.091211	1022	1155	21	2	133	0.0150376
NODE_52292_length_3410_cov_5.091211	1022	1155	22	4	133	0.0300752
NODE_52292_length_3410_cov_5.091211	1022	1155	24	8	133	0.0601504
NODE_52292_length_3410_cov_5.091211	1022	1155	25	12	133	0.0902256
NODE_52292_length_3410_cov_5.091211	1022	1155	27	11	133	0.0827068
NODE_52292_length_3410_cov_5.091211	1022	1155	28	22	133	0.1654135
NODE_52292_length_3410_cov_5.091211	1022	1155	29	18	133	0.1353384
NODE_52292_length_3410_cov_5.091211	1022	1155	30	11	133	0.0827068
NODE_52292_length_3410_cov_5.091211	1022	1155	31	16	133	0.1203008
NODE_52292_length_3410_cov_5.091211	1022	1155	32	3	133	0.0225564
NODE_52293_length_3410_cov_5.083056	2364	2497	0	68	133	0.5112782
NODE_52293_length_3410_cov_5.083056	2364	2497	1	65	133	0.4887218
NODE_52364_length_3408_cov_2.919009	2349	2482	5	11	133	0.0827068
NODE_52364_length_3408_cov_2.919009	2349	2482	7	1	133	0.0075188
NODE_52364_length_3408_cov_2.919009	2349	2482	8	14	133	0.1052632
NODE_52364_length_3408_cov_2.919009	2349	2482	9	10	133	0.0751880
NODE_52364_length_3408_cov_2.919009	2349	2482	11	11	133	0.0827068
NODE_52364_length_3408_cov_2.919009	2349	2482	13	16	133	0.1203008
NODE_52364_length_3408_cov_2.919009	2349	2482	14	35	133	0.2631579
NODE_52364_length_3408_cov_2.919009	2349	2482	15	24	133	0.1804511
NODE_52364_length_3408_cov_2.919009	2349	2482	17	6	133	0.0451128
NODE_52364_length_3408_cov_2.919009	2349	2482	18	5	133	0.0375940
NODE_52393_length_3407_cov_3.388452	1307	1440	5	3	133	0.0225564
NODE_52393_length_3407_cov_3.388452	1307	1440	6	7	133	0.0526316
NODE_52393_length_3407_cov_3.388452	1307	1440	7	2	133	0.0150376
NODE_52393_length_3407_cov_3.388452	1307	1440	8	13	133	0.0977444
NODE_52393_length_3407_cov_3.388452	1307	1440	9	3	133	0.0225564
NODE_52393_length_3407_cov_3.388452	1307	1440	10	27	133	0.2030075
NODE_52393_length_3407_cov_3.388452	1307	1440	11	37	133	0.2781955
NODE_52393_length_3407_cov_3.388452	1307	1440	12	36	133	0.2706767
NODE_52393_length_3407_cov_3.388452	1307	1440	13	5	133	0.0375940
NODE_52394_length_3407_cov_3.219166	1337	1470	5	1	133	0.0075188
NODE_52394_length_3407_cov_3.219166	1337	1470	6	10	133	0.0751880
NODE_52394_length_3407_cov_3.219166	1337	1470	7	20	133	0.1503759
NODE_52394_length_3407_cov_3.219166	1337	1470	8	1	133	0.0075188
NODE_52394_length_3407_cov_3.219166	1337	1470	9	5	133	0.0375940
NODE_52394_length_3407_cov_3.219166	1337	1470	10	18	133	0.1353384
NODE_52394_length_3407_cov_3.219166	1337	1470	11	1	133	0.0075188
NODE_52394_length_3407_cov_3.219166	1337	1470	12	26	133	0.1954887
NODE_52394_length_3407_cov_3.219166	1337	1470	13	24	133	0.1804511
NODE_52394_length_3407_cov_3.219166	1337	1470	14	14	133	0.1052632
NODE_52394_length_3407_cov_3.219166	1337	1470	15	13	133	0.0977444
NODE_52432_length_3405_cov_4.632486	2815	2948	19	9	133	0.0676692
NODE_52432_length_3405_cov_4.632486	2815	2948	20	6	133	0.0451128
NODE_52432_length_3405_cov_4.632486	2815	2948	21	10	133	0.0751880
NODE_52432_length_3405_cov_4.632486	2815	2948	22	6	133	0.0451128
NODE_52432_length_3405_cov_4.632486	2815	2948	23	9	133	0.0676692
NODE_52432_length_3405_cov_4.632486	2815	2948	24	5	133	0.0375940
NODE_52432_length_3405_cov_4.632486	2815	2948	25	1	133	0.0075188
NODE_52432_length_3405_cov_4.632486	2815	2948	26	12	133	0.0902256
NODE_52432_length_3405_cov_4.632486	2815	2948	27	18	133	0.1353384
NODE_52432_length_3405_cov_4.632486	2815	2948	28	7	133	0.0526316
NODE_52432_length_3405_cov_4.632486	2815	2948	29	30	133	0.2255639
NODE_52432_length_3405_cov_4.632486	2815	2948	30	17	133	0.1278196
NODE_52432_length_3405_cov_4.632486	2815	2948	31	3	133	0.0225564
NODE_52498_length_3403_cov_4.055690	2613	2746	2	14	133	0.1052632
NODE_52498_length_3403_cov_4.055690	2613	2746	3	79	133	0.5939850
NODE_52498_length_3403_cov_4.055690	2613	2746	4	40	133	0.3007519
NODE_524_length_17429_cov_4.754299	3765	3898	19	2	133	0.0150376
NODE_524_length_17429_cov_4.754299	3765	3898	21	9	133	0.0676692
NODE_524_length_17429_cov_4.754299	3765	3898	22	7	133	0.0526316
NODE_524_length_17429_cov_4.754299	3765	3898	23	1	133	0.0075188
NODE_524_length_17429_cov_4.754299	3765	3898	24	20	133	0.1503759
NODE_524_length_17429_cov_4.754299	3765	3898	25	3	133	0.0225564
NODE_524_length_17429_cov_4.754299	3765	3898	26	10	133	0.0751880
NODE_524_length_17429_cov_4.754299	3765	3898	27	8	133	0.0601504
NODE_524_length_17429_cov_4.754299	3765	3898	28	12	133	0.0902256
NODE_524_length_17429_cov_4.754299	3765	3898	29	43	133	0.3233083
NODE_524_length_17429_cov_4.754299	3765	3898	30	13	133	0.0977444
NODE_524_length_17429_cov_4.754299	3765	3898	31	1	133	0.0075188
NODE_524_length_17429_cov_4.754299	3765	3898	32	4	133	0.0300752
NODE_5250_length_9284_cov_4.442134	5879	6012	2	47	133	0.3533835
NODE_5250_length_9284_cov_4.442134	5879	6012	3	16	133	0.1203008
NODE_5250_length_9284_cov_4.442134	5879	6012	4	32	133	0.2406015
NODE_5250_length_9284_cov_4.442134	5879	6012	6	38	133	0.2857143
NODE_525213_length_277_cov_0.573034	121	254	3	23	133	0.1729323
NODE_525213_length_277_cov_0.573034	121	254	4	16	133	0.1203008
NODE_525213_length_277_cov_0.573034	121	254	5	10	133	0.0751880
NODE_525213_length_277_cov_0.573034	121	254	6	2	133	0.0150376
NODE_525213_length_277_cov_0.573034	121	254	8	25	133	0.1879699
NODE_525213_length_277_cov_0.573034	121	254	10	9	133	0.0676692
NODE_525213_length_277_cov_0.573034	121	254	11	32	133	0.2406015
NODE_525213_length_277_cov_0.573034	121	254	12	15	133	0.1127820
NODE_525213_length_277_cov_0.573034	121	254	13	1	133	0.0075188
NODE_525458_length_276_cov_2.802260	148	281	0	5	133	0.0375940
NODE_525458_length_276_cov_2.802260	148	281	2	2	133	0.0150376
NODE_525458_length_276_cov_2.802260	148	281	4	6	133	0.0451128
NODE_525458_length_276_cov_2.802260	148	281	6	16	133	0.1203008
NODE_525458_length_276_cov_2.802260	148	281	7	9	133	0.0676692
NODE_525458_length_276_cov_2.802260	148	281	8	7	133	0.0526316
NODE_525458_length_276_cov_2.802260	148	281	9	62	133	0.4661654
NODE_525458_length_276_cov_2.802260	148	281	10	26	133	0.1954887
NODE_52549_length_3401_cov_4.167474	2694	2827	21	8	133	0.0601504
NODE_52549_length_3401_cov_4.167474	2694	2827	23	9	133	0.0676692
NODE_52549_length_3401_cov_4.167474	2694	2827	25	4	133	0.0300752
NODE_52549_length_3401_cov_4.167474	2694	2827	26	8	133	0.0601504
NODE_52549_length_3401_cov_4.167474	2694	2827	27	2	133	0.0150376
NODE_52549_length_3401_cov_4.167474	2694	2827	28	8	133	0.0601504
NODE_52549_length_3401_cov_4.167474	2694	2827	29	1	133	0.0075188
NODE_52549_length_3401_cov_4.167474	2694	2827	30	33	133	0.2481203
NODE_52549_length_3401_cov_4.167474	2694	2827	31	12	133	0.0902256
NODE_52549_length_3401_cov_4.167474	2694	2827	32	5	133	0.0375940
NODE_52549_length_3401_cov_4.167474	2694	2827	33	12	133	0.0902256
NODE_52549_length_3401_cov_4.167474	2694	2827	34	4	133	0.0300752
NODE_52549_length_3401_cov_4.167474	2694	2827	35	7	133	0.0526316
NODE_52549_length_3401_cov_4.167474	2694	2827	36	14	133	0.1052632
NODE_52549_length_3401_cov_4.167474	2694	2827	38	6	133	0.0451128
NODE_5256_length_9282_cov_3.442012	3730	3863	23	3	133	0.0225564
NODE_5256_length_9282_cov_3.442012	3730	3863	24	1	133	0.0075188
NODE_5256_length_9282_cov_3.442012	3730	3863	25	6	133	0.0451128
NODE_5256_length_9282_cov_3.442012	3730	3863	26	2	133	0.0150376
NODE_5256_length_9282_cov_3.442012	3730	3863	27	3	133	0.0225564
NODE_5256_length_9282_cov_3.442012	3730	3863	28	11	133	0.0827068
NODE_5256_length_9282_cov_3.442012	3730	3863	29	16	133	0.1203008
NODE_5256_length_9282_cov_3.442012	3730	3863	30	13	133	0.0977444
NODE_5256_length_9282_cov_3.442012	3730	3863	31	16	133	0.1203008
NODE_5256_length_9282_cov_3.442012	3730	3863	32	24	133	0.1804511
NODE_5256_length_9282_cov_3.442012	3730	3863	33	4	133	0.0300752
NODE_5256_length_9282_cov_3.442012	3730	3863	35	34	133	0.2556391
NODE_5257_length_9281_cov_4.901764	683	816	8	5	133	0.0375940
NODE_5257_length_9281_cov_4.901764	683	816	9	23	133	0.1729323
NODE_5257_length_9281_cov_4.901764	683	816	10	25	133	0.1879699
NODE_5257_length_9281_cov_4.901764	683	816	11	19	133	0.1428571
NODE_5257_length_9281_cov_4.901764	683	816	12	6	133	0.0451128
NODE_5257_length_9281_cov_4.901764	683	816	13	3	133	0.0225564
NODE_5257_length_9281_cov_4.901764	683	816	14	14	133	0.1052632
NODE_5257_length_9281_cov_4.901764	683	816	15	12	133	0.0902256
NODE_5257_length_9281_cov_4.901764	683	816	16	1	133	0.0075188
NODE_5257_length_9281_cov_4.901764	683	816	17	4	133	0.0300752
NODE_5257_length_9281_cov_4.901764	683	816	18	3	133	0.0225564
NODE_5257_length_9281_cov_4.901764	683	816	19	2	133	0.0150376
NODE_5257_length_9281_cov_4.901764	683	816	20	14	133	0.1052632
NODE_5257_length_9281_cov_4.901764	683	816	21	2	133	0.0150376
NODE_52618_length_3398_cov_4.150652	1723	1856	0	13	133	0.0977444
NODE_52618_length_3398_cov_4.150652	1723	1856	1	1	133	0.0075188
NODE_52618_length_3398_cov_4.150652	1723	1856	3	40	133	0.3007519
NODE_52618_length_3398_cov_4.150652	1723	1856	5	19	133	0.1428571
NODE_52618_length_3398_cov_4.150652	1723	1856	6	60	133	0.4511278
NODE_52744_length_3394_cov_2.725645	3161	3294	5	62	133	0.4661654
NODE_52744_length_3394_cov_2.725645	3161	3294	7	61	133	0.4586466
NODE_52744_length_3394_cov_2.725645	3161	3294	8	10	133	0.0751880
NODE_5274_length_9272_cov_4.800720	4625	4758	1	66	133	0.4962406
NODE_5274_length_9272_cov_4.800720	4625	4758	2	37	133	0.2781955
NODE_5274_length_9272_cov_4.800720	4625	4758	3	1	133	0.0075188
NODE_5274_length_9272_cov_4.800720	4625	4758	6	29	133	0.2180451
NODE_52781_length_3392_cov_5.572730	680	813	18	11	133	0.0827068
NODE_52781_length_3392_cov_5.572730	680	813	19	3	133	0.0225564
NODE_52781_length_3392_cov_5.572730	680	813	20	5	133	0.0375940
NODE_52781_length_3392_cov_5.572730	680	813	21	1	133	0.0075188
NODE_52781_length_3392_cov_5.572730	680	813	22	6	133	0.0451128
NODE_52781_length_3392_cov_5.572730	680	813	24	3	133	0.0225564
NODE_52781_length_3392_cov_5.572730	680	813	26	3	133	0.0225564
NODE_52781_length_3392_cov_5.572730	680	813	27	3	133	0.0225564
NODE_52781_length_3392_cov_5.572730	680	813	28	3	133	0.0225564
NODE_52781_length_3392_cov_5.572730	680	813	29	2	133	0.0150376
NODE_52781_length_3392_cov_5.572730	680	813	30	4	133	0.0300752
NODE_52781_length_3392_cov_5.572730	680	813	31	9	133	0.0676692
NODE_52781_length_3392_cov_5.572730	680	813	33	4	133	0.0300752
NODE_52781_length_3392_cov_5.572730	680	813	34	3	133	0.0225564
NODE_52781_length_3392_cov_5.572730	680	813	35	16	133	0.1203008
NODE_52781_length_3392_cov_5.572730	680	813	36	12	133	0.0902256
NODE_52781_length_3392_cov_5.572730	680	813	37	12	133	0.0902256
NODE_52781_length_3392_cov_5.572730	680	813	38	9	133	0.0676692
NODE_52781_length_3392_cov_5.572730	680	813	39	1	133	0.0075188
NODE_52781_length_3392_cov_5.572730	680	813	40	6	133	0.0451128
NODE_52781_length_3392_cov_5.572730	680	813	41	12	133	0.0902256
NODE_52781_length_3392_cov_5.572730	680	813	42	5	133	0.0375940
NODE_52865_length_3389_cov_4.474164	1956	2089	8	15	133	0.1127820
NODE_52865_length_3389_cov_4.474164	1956	2089	9	36	133	0.2706767
NODE_52865_length_3389_cov_4.474164	1956	2089	10	34	133	0.2556391
NODE_52865_length_3389_cov_4.474164	1956	2089	11	19	133	0.1428571
NODE_52865_length_3389_cov_4.474164	1956	2089	12	29	133	0.2180451
NODE_5286_length_9265_cov_4.946978	4290	4423	12	13	133	0.0977444
NODE_5286_length_9265_cov_4.946978	4290	4423	13	8	133	0.0601504
NODE_5286_length_9265_cov_4.946978	4290	4423	14	3	133	0.0225564
NODE_5286_length_9265_cov_4.946978	4290	4423	15	4	133	0.0300752
NODE_5286_length_9265_cov_4.946978	4290	4423	16	5	133	0.0375940
NODE_5286_length_9265_cov_4.946978	4290	4423	18	5	133	0.0375940
NODE_5286_length_9265_cov_4.946978	4290	4423	19	18	133	0.1353384
NODE_5286_length_9265_cov_4.946978	4290	4423	20	2	133	0.0150376
NODE_5286_length_9265_cov_4.946978	4290	4423	21	16	133	0.1203008
NODE_5286_length_9265_cov_4.946978	4290	4423	22	5	133	0.0375940
NODE_5286_length_9265_cov_4.946978	4290	4423	24	34	133	0.2556391
NODE_5286_length_9265_cov_4.946978	4290	4423	25	20	133	0.1503759
NODE_52895_length_3388_cov_4.795379	2000	2133	9	1	133	0.0075188
NODE_52895_length_3388_cov_4.795379	2000	2133	13	8	133	0.0601504
NODE_52895_length_3388_cov_4.795379	2000	2133	15	16	133	0.1203008
NODE_52895_length_3388_cov_4.795379	2000	2133	16	2	133	0.0150376
NODE_52895_length_3388_cov_4.795379	2000	2133	18	15	133	0.1127820
NODE_52895_length_3388_cov_4.795379	2000	2133	19	11	133	0.0827068
NODE_52895_length_3388_cov_4.795379	2000	2133	20	47	133	0.3533835
NODE_52895_length_3388_cov_4.795379	2000	2133	21	33	133	0.2481203
NODE_528_length_17379_cov_4.595139	16891	17024	10	5	133	0.0375940
NODE_528_length_17379_cov_4.595139	16891	17024	11	8	133	0.0601504
NODE_528_length_17379_cov_4.595139	16891	17024	12	29	133	0.2180451
NODE_528_length_17379_cov_4.595139	16891	17024	13	4	133	0.0300752
NODE_528_length_17379_cov_4.595139	16891	17024	14	1	133	0.0075188
NODE_528_length_17379_cov_4.595139	16891	17024	15	7	133	0.0526316
NODE_528_length_17379_cov_4.595139	16891	17024	16	11	133	0.0827068
NODE_528_length_17379_cov_4.595139	16891	17024	17	28	133	0.2105263
NODE_528_length_17379_cov_4.595139	16891	17024	18	27	133	0.2030075
NODE_528_length_17379_cov_4.595139	16891	17024	19	13	133	0.0977444
NODE_52924_length_3387_cov_4.507299	0	133	1	54	133	0.4060150
NODE_52924_length_3387_cov_4.507299	0	133	2	66	133	0.4962406
NODE_52924_length_3387_cov_4.507299	0	133	3	13	133	0.0977444
NODE_52937_length_3387_cov_3.572689	2357	2490	12	4	133	0.0300752
NODE_52937_length_3387_cov_3.572689	2357	2490	13	18	133	0.1353384
NODE_52937_length_3387_cov_3.572689	2357	2490	14	14	133	0.1052632
NODE_52937_length_3387_cov_3.572689	2357	2490	15	8	133	0.0601504
NODE_52937_length_3387_cov_3.572689	2357	2490	16	56	133	0.4210526
NODE_52937_length_3387_cov_3.572689	2357	2490	17	24	133	0.1804511
NODE_52937_length_3387_cov_3.572689	2357	2490	18	9	133	0.0676692
NODE_52961_length_3386_cov_3.451171	3077	3210	0	51	133	0.3834586
NODE_52961_length_3386_cov_3.451171	3077	3210	2	82	133	0.6165413
NODE_53010_length_3384_cov_3.818874	2844	2977	0	19	133	0.1428571
NODE_53010_length_3384_cov_3.818874	2844	2977	1	2	133	0.0150376
NODE_53010_length_3384_cov_3.818874	2844	2977	2	17	133	0.1278196
NODE_53010_length_3384_cov_3.818874	2844	2977	4	39	133	0.2932331
NODE_53010_length_3384_cov_3.818874	2844	2977	5	56	133	0.4210526
NODE_53045_length_3382_cov_4.983247	2240	2373	13	18	133	0.1353384
NODE_53045_length_3382_cov_4.983247	2240	2373	14	47	133	0.3533835
NODE_53045_length_3382_cov_4.983247	2240	2373	15	14	133	0.1052632
NODE_53045_length_3382_cov_4.983247	2240	2373	16	13	133	0.0977444
NODE_53045_length_3382_cov_4.983247	2240	2373	17	23	133	0.1729323
NODE_53045_length_3382_cov_4.983247	2240	2373	18	1	133	0.0075188
NODE_53045_length_3382_cov_4.983247	2240	2373	19	3	133	0.0225564
NODE_53045_length_3382_cov_4.983247	2240	2373	20	9	133	0.0676692
NODE_53045_length_3382_cov_4.983247	2240	2373	21	5	133	0.0375940
NODE_53101_length_3380_cov_3.661079	2102	2235	4	9	133	0.0676692
NODE_53101_length_3380_cov_3.661079	2102	2235	5	24	133	0.1804511
NODE_53101_length_3380_cov_3.661079	2102	2235	6	14	133	0.1052632
NODE_53101_length_3380_cov_3.661079	2102	2235	7	24	133	0.1804511
NODE_53101_length_3380_cov_3.661079	2102	2235	8	7	133	0.0526316
NODE_53101_length_3380_cov_3.661079	2102	2235	9	47	133	0.3533835
NODE_53101_length_3380_cov_3.661079	2102	2235	10	8	133	0.0601504
NODE_5312_length_9249_cov_3.924153	1851	1984	5	7	133	0.0526316
NODE_5312_length_9249_cov_3.924153	1851	1984	6	1	133	0.0075188
NODE_5312_length_9249_cov_3.924153	1851	1984	8	54	133	0.4060150
NODE_5312_length_9249_cov_3.924153	1851	1984	9	21	133	0.1578947
NODE_5312_length_9249_cov_3.924153	1851	1984	10	7	133	0.0526316
NODE_5312_length_9249_cov_3.924153	1851	1984	11	7	133	0.0526316
NODE_5312_length_9249_cov_3.924153	1851	1984	12	22	133	0.1654135
NODE_5312_length_9249_cov_3.924153	1851	1984	13	14	133	0.1052632
NODE_53166_length_3377_cov_4.804759	2949	3082	5	6	133	0.0451128
NODE_53166_length_3377_cov_4.804759	2949	3082	6	2	133	0.0150376
NODE_53166_length_3377_cov_4.804759	2949	3082	8	16	133	0.1203008
NODE_53166_length_3377_cov_4.804759	2949	3082	10	7	133	0.0526316
NODE_53166_length_3377_cov_4.804759	2949	3082	11	11	133	0.0827068
NODE_53166_length_3377_cov_4.804759	2949	3082	12	1	133	0.0075188
NODE_53166_length_3377_cov_4.804759	2949	3082	13	6	133	0.0451128
NODE_53166_length_3377_cov_4.804759	2949	3082	14	9	133	0.0676692
NODE_53166_length_3377_cov_4.804759	2949	3082	15	20	133	0.1503759
NODE_53166_length_3377_cov_4.804759	2949	3082	16	21	133	0.1578947
NODE_53166_length_3377_cov_4.804759	2949	3082	17	12	133	0.0902256
NODE_53166_length_3377_cov_4.804759	2949	3082	18	22	133	0.1654135
NODE_53194_length_3376_cov_5.238633	915	1048	3	34	133	0.2556391
NODE_53194_length_3376_cov_5.238633	915	1048	4	11	133	0.0827068
NODE_53194_length_3376_cov_5.238633	915	1048	5	28	133	0.2105263
NODE_53194_length_3376_cov_5.238633	915	1048	6	11	133	0.0827068
NODE_53194_length_3376_cov_5.238633	915	1048	7	14	133	0.1052632
NODE_53194_length_3376_cov_5.238633	915	1048	8	35	133	0.2631579
NODE_53213_length_3376_cov_3.584986	1505	1638	11	2	133	0.0150376
NODE_53213_length_3376_cov_3.584986	1505	1638	13	12	133	0.0902256
NODE_53213_length_3376_cov_3.584986	1505	1638	15	5	133	0.0375940
NODE_53213_length_3376_cov_3.584986	1505	1638	16	30	133	0.2255639
NODE_53213_length_3376_cov_3.584986	1505	1638	17	13	133	0.0977444
NODE_53213_length_3376_cov_3.584986	1505	1638	18	6	133	0.0451128
NODE_53213_length_3376_cov_3.584986	1505	1638	19	49	133	0.3684210
NODE_53213_length_3376_cov_3.584986	1505	1638	20	16	133	0.1203008
NODE_53305_length_3372_cov_5.110602	104	237	10	8	133	0.0601504
NODE_53305_length_3372_cov_5.110602	104	237	11	13	133	0.0977444
NODE_53305_length_3372_cov_5.110602	104	237	12	7	133	0.0526316
NODE_53305_length_3372_cov_5.110602	104	237	13	9	133	0.0676692
NODE_53305_length_3372_cov_5.110602	104	237	14	3	133	0.0225564
NODE_53305_length_3372_cov_5.110602	104	237	16	2	133	0.0150376
NODE_53305_length_3372_cov_5.110602	104	237	18	11	133	0.0827068
NODE_53305_length_3372_cov_5.110602	104	237	20	5	133	0.0375940
NODE_53305_length_3372_cov_5.110602	104	237	21	7	133	0.0526316
NODE_53305_length_3372_cov_5.110602	104	237	22	1	133	0.0075188
NODE_53305_length_3372_cov_5.110602	104	237	23	1	133	0.0075188
NODE_53305_length_3372_cov_5.110602	104	237	24	6	133	0.0451128
NODE_53305_length_3372_cov_5.110602	104	237	25	22	133	0.1654135
NODE_53305_length_3372_cov_5.110602	104	237	26	6	133	0.0451128
NODE_53305_length_3372_cov_5.110602	104	237	27	14	133	0.1052632
NODE_53305_length_3372_cov_5.110602	104	237	28	3	133	0.0225564
NODE_53305_length_3372_cov_5.110602	104	237	29	2	133	0.0150376
NODE_53305_length_3372_cov_5.110602	104	237	30	13	133	0.0977444
NODE_53306_length_3372_cov_5.104491	527	660	0	42	133	0.3157895
NODE_53306_length_3372_cov_5.104491	527	660	2	64	133	0.4812030
NODE_53306_length_3372_cov_5.104491	527	660	3	27	133	0.2030075
NODE_53330_length_3371_cov_8.713631	2064	2197	2	79	133	0.5939850
NODE_53330_length_3371_cov_8.713631	2064	2197	3	35	133	0.2631579
NODE_53330_length_3371_cov_8.713631	2064	2197	4	19	133	0.1428571
NODE_53361_length_3370_cov_5.096912	1883	2016	1	64	133	0.4812030
NODE_53361_length_3370_cov_5.096912	1883	2016	2	69	133	0.5187970
NODE_533782_length_270_cov_1.795322	125	258	0	37	133	0.2781955
NODE_533782_length_270_cov_1.795322	125	258	4	3	133	0.0225564
NODE_533782_length_270_cov_1.795322	125	258	5	40	133	0.3007519
NODE_533782_length_270_cov_1.795322	125	258	6	53	133	0.3984962
NODE_5338_length_9230_cov_4.709342	3584	3717	21	1	133	0.0075188
NODE_5338_length_9230_cov_4.709342	3584	3717	22	7	133	0.0526316
NODE_5338_length_9230_cov_4.709342	3584	3717	23	1	133	0.0075188
NODE_5338_length_9230_cov_4.709342	3584	3717	25	5	133	0.0375940
NODE_5338_length_9230_cov_4.709342	3584	3717	26	10	133	0.0751880
NODE_5338_length_9230_cov_4.709342	3584	3717	27	9	133	0.0676692
NODE_5338_length_9230_cov_4.709342	3584	3717	28	9	133	0.0676692
NODE_5338_length_9230_cov_4.709342	3584	3717	29	9	133	0.0676692
NODE_5338_length_9230_cov_4.709342	3584	3717	30	6	133	0.0451128
NODE_5338_length_9230_cov_4.709342	3584	3717	31	2	133	0.0150376
NODE_5338_length_9230_cov_4.709342	3584	3717	33	1	133	0.0075188
NODE_5338_length_9230_cov_4.709342	3584	3717	35	2	133	0.0150376
NODE_5338_length_9230_cov_4.709342	3584	3717	36	14	133	0.1052632
NODE_5338_length_9230_cov_4.709342	3584	3717	37	3	133	0.0225564
NODE_5338_length_9230_cov_4.709342	3584	3717	38	6	133	0.0451128
NODE_5338_length_9230_cov_4.709342	3584	3717	39	3	133	0.0225564
NODE_5338_length_9230_cov_4.709342	3584	3717	40	17	133	0.1278196
NODE_5338_length_9230_cov_4.709342	3584	3717	41	22	133	0.1654135
NODE_5338_length_9230_cov_4.709342	3584	3717	42	2	133	0.0150376
NODE_5338_length_9230_cov_4.709342	3584	3717	43	4	133	0.0300752
NODE_533_length_17346_cov_3.597959	4408	4541	5	14	133	0.1052632
NODE_533_length_17346_cov_3.597959	4408	4541	7	9	133	0.0676692
NODE_533_length_17346_cov_3.597959	4408	4541	8	14	133	0.1052632
NODE_533_length_17346_cov_3.597959	4408	4541	9	33	133	0.2481203
NODE_533_length_17346_cov_3.597959	4408	4541	10	50	133	0.3759398
NODE_533_length_17346_cov_3.597959	4408	4541	11	13	133	0.0977444
NODE_53404_length_3369_cov_3.320183	634	767	8	11	133	0.0827068
NODE_53404_length_3369_cov_3.320183	634	767	9	22	133	0.1654135
NODE_53404_length_3369_cov_3.320183	634	767	10	24	133	0.1804511
NODE_53404_length_3369_cov_3.320183	634	767	11	30	133	0.2255639
NODE_53404_length_3369_cov_3.320183	634	767	12	7	133	0.0526316
NODE_53404_length_3369_cov_3.320183	634	767	13	23	133	0.1729323
NODE_53404_length_3369_cov_3.320183	634	767	14	16	133	0.1203008
NODE_53418_length_3368_cov_4.527072	415	548	14	24	133	0.1804511
NODE_53418_length_3368_cov_4.527072	415	548	16	3	133	0.0225564
NODE_53418_length_3368_cov_4.527072	415	548	17	1	133	0.0075188
NODE_53418_length_3368_cov_4.527072	415	548	18	13	133	0.0977444
NODE_53418_length_3368_cov_4.527072	415	548	19	5	133	0.0375940
NODE_53418_length_3368_cov_4.527072	415	548	20	7	133	0.0526316
NODE_53418_length_3368_cov_4.527072	415	548	21	20	133	0.1503759
NODE_53418_length_3368_cov_4.527072	415	548	22	6	133	0.0451128
NODE_53418_length_3368_cov_4.527072	415	548	23	10	133	0.0751880
NODE_53418_length_3368_cov_4.527072	415	548	24	7	133	0.0526316
NODE_53418_length_3368_cov_4.527072	415	548	25	13	133	0.0977444
NODE_53418_length_3368_cov_4.527072	415	548	26	16	133	0.1203008
NODE_53418_length_3368_cov_4.527072	415	548	27	8	133	0.0601504
NODE_53419_length_3368_cov_4.401652	2399	2532	1	25	133	0.1879699
NODE_53419_length_3368_cov_4.401652	2399	2532	2	5	133	0.0375940
NODE_53419_length_3368_cov_4.401652	2399	2532	3	32	133	0.2406015
NODE_53419_length_3368_cov_4.401652	2399	2532	4	24	133	0.1804511
NODE_53419_length_3368_cov_4.401652	2399	2532	5	19	133	0.1428571
NODE_53419_length_3368_cov_4.401652	2399	2532	6	28	133	0.2105263
NODE_53438_length_3367_cov_5.384027	2660	2793	5	8	133	0.0601504
NODE_53438_length_3367_cov_5.384027	2660	2793	6	10	133	0.0751880
NODE_53438_length_3367_cov_5.384027	2660	2793	7	39	133	0.2932331
NODE_53438_length_3367_cov_5.384027	2660	2793	8	38	133	0.2857143
NODE_53438_length_3367_cov_5.384027	2660	2793	9	8	133	0.0601504
NODE_53438_length_3367_cov_5.384027	2660	2793	10	19	133	0.1428571
NODE_53438_length_3367_cov_5.384027	2660	2793	11	11	133	0.0827068
NODE_5343_length_9227_cov_21.925833	3241	3374	12	9	133	0.0676692
NODE_5343_length_9227_cov_21.925833	3241	3374	13	4	133	0.0300752
NODE_5343_length_9227_cov_21.925833	3241	3374	14	6	133	0.0451128
NODE_5343_length_9227_cov_21.925833	3241	3374	15	3	133	0.0225564
NODE_5343_length_9227_cov_21.925833	3241	3374	16	6	133	0.0451128
NODE_5343_length_9227_cov_21.925833	3241	3374	18	2	133	0.0150376
NODE_5343_length_9227_cov_21.925833	3241	3374	19	7	133	0.0526316
NODE_5343_length_9227_cov_21.925833	3241	3374	21	30	133	0.2255639
NODE_5343_length_9227_cov_21.925833	3241	3374	22	18	133	0.1353384
NODE_5343_length_9227_cov_21.925833	3241	3374	23	13	133	0.0977444
NODE_5343_length_9227_cov_21.925833	3241	3374	24	6	133	0.0451128
NODE_5343_length_9227_cov_21.925833	3241	3374	25	10	133	0.0751880
NODE_5343_length_9227_cov_21.925833	3241	3374	26	19	133	0.1428571
NODE_5344_length_9227_cov_5.148663	5123	5256	2	3	133	0.0225564
NODE_5344_length_9227_cov_5.148663	5123	5256	3	27	133	0.2030075
NODE_5344_length_9227_cov_5.148663	5123	5256	4	14	133	0.1052632
NODE_5344_length_9227_cov_5.148663	5123	5256	5	3	133	0.0225564
NODE_5344_length_9227_cov_5.148663	5123	5256	7	7	133	0.0526316
NODE_5344_length_9227_cov_5.148663	5123	5256	8	18	133	0.1353384
NODE_5344_length_9227_cov_5.148663	5123	5256	9	40	133	0.3007519
NODE_5344_length_9227_cov_5.148663	5123	5256	10	21	133	0.1578947
NODE_53472_length_3366_cov_4.421488	3107	3240	2	13	133	0.0977444
NODE_53472_length_3366_cov_4.421488	3107	3240	3	5	133	0.0375940
NODE_53472_length_3366_cov_4.421488	3107	3240	4	3	133	0.0225564
NODE_53472_length_3366_cov_4.421488	3107	3240	5	53	133	0.3984962
NODE_53472_length_3366_cov_4.421488	3107	3240	6	57	133	0.4285714
NODE_53472_length_3366_cov_4.421488	3107	3240	7	2	133	0.0150376
NODE_53515_length_3364_cov_5.248392	1656	1789	17	8	133	0.0601504
NODE_53515_length_3364_cov_5.248392	1656	1789	18	4	133	0.0300752
NODE_53515_length_3364_cov_5.248392	1656	1789	19	1	133	0.0075188
NODE_53515_length_3364_cov_5.248392	1656	1789	20	13	133	0.0977444
NODE_53515_length_3364_cov_5.248392	1656	1789	21	4	133	0.0300752
NODE_53515_length_3364_cov_5.248392	1656	1789	22	27	133	0.2030075
NODE_53515_length_3364_cov_5.248392	1656	1789	23	1	133	0.0075188
NODE_53515_length_3364_cov_5.248392	1656	1789	24	1	133	0.0075188
NODE_53515_length_3364_cov_5.248392	1656	1789	25	11	133	0.0827068
NODE_53515_length_3364_cov_5.248392	1656	1789	26	9	133	0.0676692
NODE_53515_length_3364_cov_5.248392	1656	1789	28	9	133	0.0676692
NODE_53515_length_3364_cov_5.248392	1656	1789	29	8	133	0.0601504
NODE_53515_length_3364_cov_5.248392	1656	1789	30	23	133	0.1729323
NODE_53515_length_3364_cov_5.248392	1656	1789	31	14	133	0.1052632
NODE_53536_length_3363_cov_11.144608	1728	1861	6	31	133	0.2330827
NODE_53536_length_3363_cov_11.144608	1728	1861	8	10	133	0.0751880
NODE_53536_length_3363_cov_11.144608	1728	1861	9	23	133	0.1729323
NODE_53536_length_3363_cov_11.144608	1728	1861	11	5	133	0.0375940
NODE_53536_length_3363_cov_11.144608	1728	1861	12	30	133	0.2255639
NODE_53536_length_3363_cov_11.144608	1728	1861	13	1	133	0.0075188
NODE_53536_length_3363_cov_11.144608	1728	1861	14	33	133	0.2481203
NODE_53553_length_3363_cov_3.579044	1969	2102	2	25	133	0.1879699
NODE_53553_length_3363_cov_3.579044	1969	2102	3	6	133	0.0451128
NODE_53553_length_3363_cov_3.579044	1969	2102	4	10	133	0.0751880
NODE_53553_length_3363_cov_3.579044	1969	2102	5	59	133	0.4436090
NODE_53553_length_3363_cov_3.579044	1969	2102	6	33	133	0.2481203
NODE_53554_length_3363_cov_3.537071	3129	3262	9	8	133	0.0601504
NODE_53554_length_3363_cov_3.537071	3129	3262	10	2	133	0.0150376
NODE_53554_length_3363_cov_3.537071	3129	3262	12	16	133	0.1203008
NODE_53554_length_3363_cov_3.537071	3129	3262	13	39	133	0.2932331
NODE_53554_length_3363_cov_3.537071	3129	3262	14	22	133	0.1654135
NODE_53554_length_3363_cov_3.537071	3129	3262	15	20	133	0.1503759
NODE_53554_length_3363_cov_3.537071	3129	3262	17	26	133	0.1954887
NODE_53571_length_3362_cov_4.176525	1621	1754	0	15	133	0.1127820
NODE_53571_length_3362_cov_4.176525	1621	1754	1	7	133	0.0526316
NODE_53571_length_3362_cov_4.176525	1621	1754	2	8	133	0.0601504
NODE_53571_length_3362_cov_4.176525	1621	1754	3	1	133	0.0075188
NODE_53571_length_3362_cov_4.176525	1621	1754	4	15	133	0.1127820
NODE_53571_length_3362_cov_4.176525	1621	1754	5	20	133	0.1503759
NODE_53571_length_3362_cov_4.176525	1621	1754	8	1	133	0.0075188
NODE_53571_length_3362_cov_4.176525	1621	1754	9	6	133	0.0451128
NODE_53571_length_3362_cov_4.176525	1621	1754	11	7	133	0.0526316
NODE_53571_length_3362_cov_4.176525	1621	1754	12	7	133	0.0526316
NODE_53571_length_3362_cov_4.176525	1621	1754	13	34	133	0.2556391
NODE_53571_length_3362_cov_4.176525	1621	1754	14	12	133	0.0902256
NODE_53582_length_3362_cov_3.194606	1069	1202	8	6	133	0.0451128
NODE_53582_length_3362_cov_3.194606	1069	1202	9	3	133	0.0225564
NODE_53582_length_3362_cov_3.194606	1069	1202	10	7	133	0.0526316
NODE_53582_length_3362_cov_3.194606	1069	1202	11	14	133	0.1052632
NODE_53582_length_3362_cov_3.194606	1069	1202	12	1	133	0.0075188
NODE_53582_length_3362_cov_3.194606	1069	1202	14	8	133	0.0601504
NODE_53582_length_3362_cov_3.194606	1069	1202	15	8	133	0.0601504
NODE_53582_length_3362_cov_3.194606	1069	1202	16	14	133	0.1052632
NODE_53582_length_3362_cov_3.194606	1069	1202	17	6	133	0.0451128
NODE_53582_length_3362_cov_3.194606	1069	1202	18	2	133	0.0150376
NODE_53582_length_3362_cov_3.194606	1069	1202	19	6	133	0.0451128
NODE_53582_length_3362_cov_3.194606	1069	1202	20	6	133	0.0451128
NODE_53582_length_3362_cov_3.194606	1069	1202	21	9	133	0.0676692
NODE_53582_length_3362_cov_3.194606	1069	1202	22	9	133	0.0676692
NODE_53582_length_3362_cov_3.194606	1069	1202	23	2	133	0.0150376
NODE_53582_length_3362_cov_3.194606	1069	1202	24	7	133	0.0526316
NODE_53582_length_3362_cov_3.194606	1069	1202	25	3	133	0.0225564
NODE_53582_length_3362_cov_3.194606	1069	1202	26	14	133	0.1052632
NODE_53582_length_3362_cov_3.194606	1069	1202	27	8	133	0.0601504
NODE_535927_length_268_cov_3.017751	114	247	5	7	133	0.0526316
NODE_535927_length_268_cov_3.017751	114	247	6	9	133	0.0676692
NODE_535927_length_268_cov_3.017751	114	247	7	18	133	0.1353384
NODE_535927_length_268_cov_3.017751	114	247	8	6	133	0.0451128
NODE_535927_length_268_cov_3.017751	114	247	9	4	133	0.0300752
NODE_535927_length_268_cov_3.017751	114	247	10	54	133	0.4060150
NODE_535927_length_268_cov_3.017751	114	247	11	16	133	0.1203008
NODE_535927_length_268_cov_3.017751	114	247	12	19	133	0.1428571
NODE_53672_length_3359_cov_3.111963	2078	2211	8	4	133	0.0300752
NODE_53672_length_3359_cov_3.111963	2078	2211	9	7	133	0.0526316
NODE_53672_length_3359_cov_3.111963	2078	2211	10	6	133	0.0451128
NODE_53672_length_3359_cov_3.111963	2078	2211	11	7	133	0.0526316
NODE_53672_length_3359_cov_3.111963	2078	2211	12	19	133	0.1428571
NODE_53672_length_3359_cov_3.111963	2078	2211	13	8	133	0.0601504
NODE_53672_length_3359_cov_3.111963	2078	2211	15	1	133	0.0075188
NODE_53672_length_3359_cov_3.111963	2078	2211	16	5	133	0.0375940
NODE_53672_length_3359_cov_3.111963	2078	2211	17	1	133	0.0075188
NODE_53672_length_3359_cov_3.111963	2078	2211	20	1	133	0.0075188
NODE_53672_length_3359_cov_3.111963	2078	2211	21	4	133	0.0300752
NODE_53672_length_3359_cov_3.111963	2078	2211	23	2	133	0.0150376
NODE_53672_length_3359_cov_3.111963	2078	2211	25	20	133	0.1503759
NODE_53672_length_3359_cov_3.111963	2078	2211	26	11	133	0.0827068
NODE_53672_length_3359_cov_3.111963	2078	2211	27	30	133	0.2255639
NODE_53672_length_3359_cov_3.111963	2078	2211	28	7	133	0.0526316
NODE_537351_length_267_cov_3.035714	126	259	0	11	133	0.0827068
NODE_537351_length_267_cov_3.035714	126	259	3	11	133	0.0827068
NODE_537351_length_267_cov_3.035714	126	259	4	15	133	0.1127820
NODE_537351_length_267_cov_3.035714	126	259	5	2	133	0.0150376
NODE_537351_length_267_cov_3.035714	126	259	6	22	133	0.1654135
NODE_537351_length_267_cov_3.035714	126	259	7	11	133	0.0827068
NODE_537351_length_267_cov_3.035714	126	259	8	2	133	0.0150376
NODE_537351_length_267_cov_3.035714	126	259	9	26	133	0.1954887
NODE_537351_length_267_cov_3.035714	126	259	11	11	133	0.0827068
NODE_537351_length_267_cov_3.035714	126	259	12	8	133	0.0601504
NODE_537351_length_267_cov_3.035714	126	259	14	14	133	0.1052632
NODE_53746_length_3355_cov_5.338452	1100	1233	4	6	133	0.0451128
NODE_53746_length_3355_cov_5.338452	1100	1233	5	10	133	0.0751880
NODE_53746_length_3355_cov_5.338452	1100	1233	6	6	133	0.0451128
NODE_53746_length_3355_cov_5.338452	1100	1233	8	15	133	0.1127820
NODE_53746_length_3355_cov_5.338452	1100	1233	9	16	133	0.1203008
NODE_53746_length_3355_cov_5.338452	1100	1233	10	14	133	0.1052632
NODE_53746_length_3355_cov_5.338452	1100	1233	11	42	133	0.3157895
NODE_53746_length_3355_cov_5.338452	1100	1233	12	24	133	0.1804511
NODE_5374_length_9214_cov_4.901042	7108	7241	8	9	133	0.0676692
NODE_5374_length_9214_cov_4.901042	7108	7241	9	14	133	0.1052632
NODE_5374_length_9214_cov_4.901042	7108	7241	10	2	133	0.0150376
NODE_5374_length_9214_cov_4.901042	7108	7241	11	12	133	0.0902256
NODE_5374_length_9214_cov_4.901042	7108	7241	12	8	133	0.0601504
NODE_5374_length_9214_cov_4.901042	7108	7241	13	8	133	0.0601504
NODE_5374_length_9214_cov_4.901042	7108	7241	14	3	133	0.0225564
NODE_5374_length_9214_cov_4.901042	7108	7241	15	3	133	0.0225564
NODE_5374_length_9214_cov_4.901042	7108	7241	16	19	133	0.1428571
NODE_5374_length_9214_cov_4.901042	7108	7241	17	5	133	0.0375940
NODE_5374_length_9214_cov_4.901042	7108	7241	18	1	133	0.0075188
NODE_5374_length_9214_cov_4.901042	7108	7241	19	36	133	0.2706767
NODE_5374_length_9214_cov_4.901042	7108	7241	20	13	133	0.0977444
NODE_53818_length_3353_cov_4.697910	1483	1616	5	11	133	0.0827068
NODE_53818_length_3353_cov_4.697910	1483	1616	6	27	133	0.2030075
NODE_53818_length_3353_cov_4.697910	1483	1616	7	24	133	0.1804511
NODE_53818_length_3353_cov_4.697910	1483	1616	8	5	133	0.0375940
NODE_53818_length_3353_cov_4.697910	1483	1616	9	1	133	0.0075188
NODE_53818_length_3353_cov_4.697910	1483	1616	10	25	133	0.1879699
NODE_53818_length_3353_cov_4.697910	1483	1616	11	13	133	0.0977444
NODE_53818_length_3353_cov_4.697910	1483	1616	12	19	133	0.1428571
NODE_53818_length_3353_cov_4.697910	1483	1616	13	8	133	0.0601504
NODE_5384_length_9209_cov_4.473436	1886	2019	13	9	133	0.0676692
NODE_5384_length_9209_cov_4.473436	1886	2019	14	18	133	0.1353384
NODE_5384_length_9209_cov_4.473436	1886	2019	15	20	133	0.1503759
NODE_5384_length_9209_cov_4.473436	1886	2019	16	6	133	0.0451128
NODE_5384_length_9209_cov_4.473436	1886	2019	17	14	133	0.1052632
NODE_5384_length_9209_cov_4.473436	1886	2019	18	40	133	0.3007519
NODE_5384_length_9209_cov_4.473436	1886	2019	19	22	133	0.1654135
NODE_5384_length_9209_cov_4.473436	1886	2019	20	4	133	0.0300752
NODE_53887_length_3351_cov_4.088868	2268	2401	4	13	133	0.0977444
NODE_53887_length_3351_cov_4.088868	2268	2401	6	10	133	0.0751880
NODE_53887_length_3351_cov_4.088868	2268	2401	8	1	133	0.0075188
NODE_53887_length_3351_cov_4.088868	2268	2401	10	6	133	0.0451128
NODE_53887_length_3351_cov_4.088868	2268	2401	12	3	133	0.0225564
NODE_53887_length_3351_cov_4.088868	2268	2401	13	47	133	0.3533835
NODE_53887_length_3351_cov_4.088868	2268	2401	14	28	133	0.2105263
NODE_53887_length_3351_cov_4.088868	2268	2401	15	22	133	0.1654135
NODE_53887_length_3351_cov_4.088868	2268	2401	16	3	133	0.0225564
NODE_53903_length_3350_cov_5.211627	2484	2617	4	4	133	0.0300752
NODE_53903_length_3350_cov_5.211627	2484	2617	5	25	133	0.1879699
NODE_53903_length_3350_cov_5.211627	2484	2617	6	3	133	0.0225564
NODE_53903_length_3350_cov_5.211627	2484	2617	7	54	133	0.4060150
NODE_53903_length_3350_cov_5.211627	2484	2617	8	47	133	0.3533835
NODE_5394_length_9204_cov_3.941680	2675	2808	9	5	133	0.0375940
NODE_5394_length_9204_cov_3.941680	2675	2808	10	11	133	0.0827068
NODE_5394_length_9204_cov_3.941680	2675	2808	11	7	133	0.0526316
NODE_5394_length_9204_cov_3.941680	2675	2808	13	2	133	0.0150376
NODE_5394_length_9204_cov_3.941680	2675	2808	15	5	133	0.0375940
NODE_5394_length_9204_cov_3.941680	2675	2808	16	1	133	0.0075188
NODE_5394_length_9204_cov_3.941680	2675	2808	17	30	133	0.2255639
NODE_5394_length_9204_cov_3.941680	2675	2808	19	4	133	0.0300752
NODE_5394_length_9204_cov_3.941680	2675	2808	20	4	133	0.0300752
NODE_5394_length_9204_cov_3.941680	2675	2808	21	22	133	0.1654135
NODE_5394_length_9204_cov_3.941680	2675	2808	22	9	133	0.0676692
NODE_5394_length_9204_cov_3.941680	2675	2808	23	9	133	0.0676692
NODE_5394_length_9204_cov_3.941680	2675	2808	24	16	133	0.1203008
NODE_5394_length_9204_cov_3.941680	2675	2808	25	8	133	0.0601504
NODE_53962_length_3348_cov_3.759003	597	730	10	15	133	0.1127820
NODE_53962_length_3348_cov_3.759003	597	730	11	24	133	0.1804511
NODE_53962_length_3348_cov_3.759003	597	730	12	27	133	0.2030075
NODE_53962_length_3348_cov_3.759003	597	730	13	20	133	0.1503759
NODE_53962_length_3348_cov_3.759003	597	730	14	39	133	0.2932331
NODE_53962_length_3348_cov_3.759003	597	730	15	2	133	0.0150376
NODE_53962_length_3348_cov_3.759003	597	730	16	6	133	0.0451128
NODE_53997_length_3346_cov_5.257468	761	894	7	6	133	0.0451128
NODE_53997_length_3346_cov_5.257468	761	894	8	1	133	0.0075188
NODE_53997_length_3346_cov_5.257468	761	894	11	1	133	0.0075188
NODE_53997_length_3346_cov_5.257468	761	894	13	1	133	0.0075188
NODE_53997_length_3346_cov_5.257468	761	894	14	7	133	0.0526316
NODE_53997_length_3346_cov_5.257468	761	894	16	5	133	0.0375940
NODE_53997_length_3346_cov_5.257468	761	894	17	14	133	0.1052632
NODE_53997_length_3346_cov_5.257468	761	894	19	1	133	0.0075188
NODE_53997_length_3346_cov_5.257468	761	894	21	4	133	0.0300752
NODE_53997_length_3346_cov_5.257468	761	894	23	3	133	0.0225564
NODE_53997_length_3346_cov_5.257468	761	894	25	4	133	0.0300752
NODE_53997_length_3346_cov_5.257468	761	894	26	1	133	0.0075188
NODE_53997_length_3346_cov_5.257468	761	894	27	16	133	0.1203008
NODE_53997_length_3346_cov_5.257468	761	894	28	5	133	0.0375940
NODE_53997_length_3346_cov_5.257468	761	894	29	3	133	0.0225564
NODE_53997_length_3346_cov_5.257468	761	894	31	4	133	0.0300752
NODE_53997_length_3346_cov_5.257468	761	894	32	9	133	0.0676692
NODE_53997_length_3346_cov_5.257468	761	894	33	13	133	0.0977444
NODE_53997_length_3346_cov_5.257468	761	894	34	30	133	0.2255639
NODE_53997_length_3346_cov_5.257468	761	894	35	5	133	0.0375940
NODE_54017_length_3346_cov_3.727441	1033	1166	14	7	133	0.0526316
NODE_54017_length_3346_cov_3.727441	1033	1166	16	5	133	0.0375940
NODE_54017_length_3346_cov_3.727441	1033	1166	17	22	133	0.1654135
NODE_54017_length_3346_cov_3.727441	1033	1166	18	2	133	0.0150376
NODE_54017_length_3346_cov_3.727441	1033	1166	19	37	133	0.2781955
NODE_54017_length_3346_cov_3.727441	1033	1166	20	14	133	0.1052632
NODE_54017_length_3346_cov_3.727441	1033	1166	21	5	133	0.0375940
NODE_54017_length_3346_cov_3.727441	1033	1166	22	6	133	0.0451128
NODE_54017_length_3346_cov_3.727441	1033	1166	24	20	133	0.1503759
NODE_54017_length_3346_cov_3.727441	1033	1166	25	3	133	0.0225564
NODE_54017_length_3346_cov_3.727441	1033	1166	26	9	133	0.0676692
NODE_54017_length_3346_cov_3.727441	1033	1166	27	3	133	0.0225564
NODE_54064_length_3344_cov_3.808629	493	626	13	5	133	0.0375940
NODE_54064_length_3344_cov_3.808629	493	626	15	1	133	0.0075188
NODE_54064_length_3344_cov_3.808629	493	626	18	8	133	0.0601504
NODE_54064_length_3344_cov_3.808629	493	626	19	27	133	0.2030075
NODE_54064_length_3344_cov_3.808629	493	626	20	2	133	0.0150376
NODE_54064_length_3344_cov_3.808629	493	626	21	13	133	0.0977444
NODE_54064_length_3344_cov_3.808629	493	626	22	10	133	0.0751880
NODE_54064_length_3344_cov_3.808629	493	626	23	19	133	0.1428571
NODE_54064_length_3344_cov_3.808629	493	626	24	19	133	0.1428571
NODE_54064_length_3344_cov_3.808629	493	626	25	28	133	0.2105263
NODE_54064_length_3344_cov_3.808629	493	626	26	1	133	0.0075188
NODE_54078_length_3343_cov_5.038224	1807	1940	0	11	133	0.0827068
NODE_54078_length_3343_cov_5.038224	1807	1940	2	8	133	0.0601504
NODE_54078_length_3343_cov_5.038224	1807	1940	3	2	133	0.0150376
NODE_54078_length_3343_cov_5.038224	1807	1940	4	22	133	0.1654135
NODE_54078_length_3343_cov_5.038224	1807	1940	5	7	133	0.0526316
NODE_54078_length_3343_cov_5.038224	1807	1940	6	35	133	0.2631579
NODE_54078_length_3343_cov_5.038224	1807	1940	7	4	133	0.0300752
NODE_54078_length_3343_cov_5.038224	1807	1940	8	44	133	0.3308271
NODE_5407_length_9193_cov_4.408951	2750	2883	4	29	133	0.2180451
NODE_5407_length_9193_cov_4.408951	2750	2883	5	49	133	0.3684210
NODE_5407_length_9193_cov_4.408951	2750	2883	6	45	133	0.3383459
NODE_5407_length_9193_cov_4.408951	2750	2883	7	10	133	0.0751880
NODE_540_length_17282_cov_4.326718	9000	9133	1	34	133	0.2556391
NODE_540_length_17282_cov_4.326718	9000	9133	2	96	133	0.7218045
NODE_540_length_17282_cov_4.326718	9000	9133	4	3	133	0.0225564
NODE_54119_length_3342_cov_3.968856	2170	2303	10	19	133	0.1428571
NODE_54119_length_3342_cov_3.968856	2170	2303	11	1	133	0.0075188
NODE_54119_length_3342_cov_3.968856	2170	2303	12	1	133	0.0075188
NODE_54119_length_3342_cov_3.968856	2170	2303	13	41	133	0.3082707
NODE_54119_length_3342_cov_3.968856	2170	2303	14	15	133	0.1127820
NODE_54119_length_3342_cov_3.968856	2170	2303	15	25	133	0.1879699
NODE_54119_length_3342_cov_3.968856	2170	2303	16	29	133	0.2180451
NODE_54119_length_3342_cov_3.968856	2170	2303	17	2	133	0.0150376
NODE_5411_length_9192_cov_3.334873	8486	8619	5	8	133	0.0601504
NODE_5411_length_9192_cov_3.334873	8486	8619	6	1	133	0.0075188
NODE_5411_length_9192_cov_3.334873	8486	8619	7	33	133	0.2481203
NODE_5411_length_9192_cov_3.334873	8486	8619	8	27	133	0.2030075
NODE_5411_length_9192_cov_3.334873	8486	8619	9	60	133	0.4511278
NODE_5411_length_9192_cov_3.334873	8486	8619	10	4	133	0.0300752
NODE_54120_length_3342_cov_3.823620	291	424	8	2	133	0.0150376
NODE_54120_length_3342_cov_3.823620	291	424	9	19	133	0.1428571
NODE_54120_length_3342_cov_3.823620	291	424	10	1	133	0.0075188
NODE_54120_length_3342_cov_3.823620	291	424	11	25	133	0.1879699
NODE_54120_length_3342_cov_3.823620	291	424	12	40	133	0.3007519
NODE_54120_length_3342_cov_3.823620	291	424	13	3	133	0.0225564
NODE_54120_length_3342_cov_3.823620	291	424	14	3	133	0.0225564
NODE_54120_length_3342_cov_3.823620	291	424	15	38	133	0.2857143
NODE_54120_length_3342_cov_3.823620	291	424	16	1	133	0.0075188
NODE_54120_length_3342_cov_3.823620	291	424	17	1	133	0.0075188
NODE_54145_length_3341_cov_4.267428	418	551	5	37	133	0.2781955
NODE_54145_length_3341_cov_4.267428	418	551	6	19	133	0.1428571
NODE_54145_length_3341_cov_4.267428	418	551	7	35	133	0.2631579
NODE_54145_length_3341_cov_4.267428	418	551	8	42	133	0.3157895
NODE_54161_length_3340_cov_5.208269	1608	1741	12	2	133	0.0150376
NODE_54161_length_3340_cov_5.208269	1608	1741	13	23	133	0.1729323
NODE_54161_length_3340_cov_5.208269	1608	1741	14	8	133	0.0601504
NODE_54161_length_3340_cov_5.208269	1608	1741	15	2	133	0.0150376
NODE_54161_length_3340_cov_5.208269	1608	1741	16	9	133	0.0676692
NODE_54161_length_3340_cov_5.208269	1608	1741	17	16	133	0.1203008
NODE_54161_length_3340_cov_5.208269	1608	1741	18	48	133	0.3609022
NODE_54161_length_3340_cov_5.208269	1608	1741	19	14	133	0.1052632
NODE_54161_length_3340_cov_5.208269	1608	1741	20	11	133	0.0827068
NODE_5417_length_9189_cov_4.628713	3501	3634	8	4	133	0.0300752
NODE_5417_length_9189_cov_4.628713	3501	3634	10	3	133	0.0225564
NODE_5417_length_9189_cov_4.628713	3501	3634	11	28	133	0.2105263
NODE_5417_length_9189_cov_4.628713	3501	3634	12	53	133	0.3984962
NODE_5417_length_9189_cov_4.628713	3501	3634	13	40	133	0.3007519
NODE_5417_length_9189_cov_4.628713	3501	3634	14	5	133	0.0375940
NODE_54191_length_3339_cov_5.031173	2261	2394	34	1	133	0.0075188
NODE_54191_length_3339_cov_5.031173	2261	2394	36	4	133	0.0300752
NODE_54191_length_3339_cov_5.031173	2261	2394	39	1	133	0.0075188
NODE_54191_length_3339_cov_5.031173	2261	2394	40	1	133	0.0075188
NODE_54191_length_3339_cov_5.031173	2261	2394	41	2	133	0.0150376
NODE_54191_length_3339_cov_5.031173	2261	2394	42	4	133	0.0300752
NODE_54191_length_3339_cov_5.031173	2261	2394	43	1	133	0.0075188
NODE_54191_length_3339_cov_5.031173	2261	2394	44	1	133	0.0075188
NODE_54191_length_3339_cov_5.031173	2261	2394	45	1	133	0.0075188
NODE_54191_length_3339_cov_5.031173	2261	2394	46	5	133	0.0375940
NODE_54191_length_3339_cov_5.031173	2261	2394	47	1	133	0.0075188
NODE_54191_length_3339_cov_5.031173	2261	2394	48	1	133	0.0075188
NODE_54191_length_3339_cov_5.031173	2261	2394	49	2	133	0.0150376
NODE_54191_length_3339_cov_5.031173	2261	2394	51	5	133	0.0375940
NODE_54191_length_3339_cov_5.031173	2261	2394	52	3	133	0.0225564
NODE_54191_length_3339_cov_5.031173	2261	2394	53	1	133	0.0075188
NODE_54191_length_3339_cov_5.031173	2261	2394	54	1	133	0.0075188
NODE_54191_length_3339_cov_5.031173	2261	2394	56	4	133	0.0300752
NODE_54191_length_3339_cov_5.031173	2261	2394	57	3	133	0.0225564
NODE_54191_length_3339_cov_5.031173	2261	2394	58	1	133	0.0075188
NODE_54191_length_3339_cov_5.031173	2261	2394	59	1	133	0.0075188
NODE_54191_length_3339_cov_5.031173	2261	2394	63	1	133	0.0075188
NODE_54191_length_3339_cov_5.031173	2261	2394	64	1	133	0.0075188
NODE_54191_length_3339_cov_5.031173	2261	2394	65	2	133	0.0150376
NODE_54191_length_3339_cov_5.031173	2261	2394	66	4	133	0.0300752
NODE_54191_length_3339_cov_5.031173	2261	2394	67	11	133	0.0827068
NODE_54191_length_3339_cov_5.031173	2261	2394	68	13	133	0.0977444
NODE_54191_length_3339_cov_5.031173	2261	2394	69	15	133	0.1127820
NODE_54191_length_3339_cov_5.031173	2261	2394	70	17	133	0.1278196
NODE_54191_length_3339_cov_5.031173	2261	2394	71	11	133	0.0827068
NODE_54191_length_3339_cov_5.031173	2261	2394	72	6	133	0.0451128
NODE_54191_length_3339_cov_5.031173	2261	2394	73	5	133	0.0375940
NODE_54191_length_3339_cov_5.031173	2261	2394	74	1	133	0.0075188
NODE_54191_length_3339_cov_5.031173	2261	2394	75	2	133	0.0150376
NODE_54205_length_3339_cov_4.080556	2063	2196	5	16	133	0.1203008
NODE_54205_length_3339_cov_4.080556	2063	2196	6	41	133	0.3082707
NODE_54205_length_3339_cov_4.080556	2063	2196	7	10	133	0.0751880
NODE_54205_length_3339_cov_4.080556	2063	2196	8	27	133	0.2030075
NODE_54205_length_3339_cov_4.080556	2063	2196	9	29	133	0.2180451
NODE_54205_length_3339_cov_4.080556	2063	2196	10	10	133	0.0751880
NODE_5420_length_9187_cov_4.567562	6160	6293	15	2	133	0.0150376
NODE_5420_length_9187_cov_4.567562	6160	6293	16	11	133	0.0827068
NODE_5420_length_9187_cov_4.567562	6160	6293	18	4	133	0.0300752
NODE_5420_length_9187_cov_4.567562	6160	6293	19	5	133	0.0375940
NODE_5420_length_9187_cov_4.567562	6160	6293	21	1	133	0.0075188
NODE_5420_length_9187_cov_4.567562	6160	6293	22	1	133	0.0075188
NODE_5420_length_9187_cov_4.567562	6160	6293	23	1	133	0.0075188
NODE_5420_length_9187_cov_4.567562	6160	6293	25	2	133	0.0150376
NODE_5420_length_9187_cov_4.567562	6160	6293	26	2	133	0.0150376
NODE_5420_length_9187_cov_4.567562	6160	6293	30	1	133	0.0075188
NODE_5420_length_9187_cov_4.567562	6160	6293	31	4	133	0.0300752
NODE_5420_length_9187_cov_4.567562	6160	6293	32	1	133	0.0075188
NODE_5420_length_9187_cov_4.567562	6160	6293	33	5	133	0.0375940
NODE_5420_length_9187_cov_4.567562	6160	6293	34	6	133	0.0451128
NODE_5420_length_9187_cov_4.567562	6160	6293	35	2	133	0.0150376
NODE_5420_length_9187_cov_4.567562	6160	6293	36	1	133	0.0075188
NODE_5420_length_9187_cov_4.567562	6160	6293	37	13	133	0.0977444
NODE_5420_length_9187_cov_4.567562	6160	6293	38	3	133	0.0225564
NODE_5420_length_9187_cov_4.567562	6160	6293	39	1	133	0.0075188
NODE_5420_length_9187_cov_4.567562	6160	6293	40	5	133	0.0375940
NODE_5420_length_9187_cov_4.567562	6160	6293	42	2	133	0.0150376
NODE_5420_length_9187_cov_4.567562	6160	6293	44	7	133	0.0526316
NODE_5420_length_9187_cov_4.567562	6160	6293	45	16	133	0.1203008
NODE_5420_length_9187_cov_4.567562	6160	6293	46	13	133	0.0977444
NODE_5420_length_9187_cov_4.567562	6160	6293	47	14	133	0.1052632
NODE_5420_length_9187_cov_4.567562	6160	6293	48	9	133	0.0676692
NODE_5420_length_9187_cov_4.567562	6160	6293	50	1	133	0.0075188
NODE_5423_length_9186_cov_12.852867	8786	8919	5	4	133	0.0300752
NODE_5423_length_9186_cov_12.852867	8786	8919	6	5	133	0.0375940
NODE_5423_length_9186_cov_12.852867	8786	8919	8	14	133	0.1052632
NODE_5423_length_9186_cov_12.852867	8786	8919	9	5	133	0.0375940
NODE_5423_length_9186_cov_12.852867	8786	8919	10	21	133	0.1578947
NODE_5423_length_9186_cov_12.852867	8786	8919	11	1	133	0.0075188
NODE_5423_length_9186_cov_12.852867	8786	8919	12	47	133	0.3533835
NODE_5423_length_9186_cov_12.852867	8786	8919	13	7	133	0.0526316
NODE_5423_length_9186_cov_12.852867	8786	8919	14	29	133	0.2180451
NODE_54268_length_3336_cov_5.294408	200	333	16	1	133	0.0075188
NODE_54268_length_3336_cov_5.294408	200	333	19	3	133	0.0225564
NODE_54268_length_3336_cov_5.294408	200	333	20	3	133	0.0225564
NODE_54268_length_3336_cov_5.294408	200	333	21	6	133	0.0451128
NODE_54268_length_3336_cov_5.294408	200	333	22	1	133	0.0075188
NODE_54268_length_3336_cov_5.294408	200	333	23	6	133	0.0451128
NODE_54268_length_3336_cov_5.294408	200	333	24	6	133	0.0451128
NODE_54268_length_3336_cov_5.294408	200	333	25	1	133	0.0075188
NODE_54268_length_3336_cov_5.294408	200	333	27	1	133	0.0075188
NODE_54268_length_3336_cov_5.294408	200	333	28	4	133	0.0300752
NODE_54268_length_3336_cov_5.294408	200	333	29	1	133	0.0075188
NODE_54268_length_3336_cov_5.294408	200	333	31	2	133	0.0150376
NODE_54268_length_3336_cov_5.294408	200	333	33	3	133	0.0225564
NODE_54268_length_3336_cov_5.294408	200	333	34	2	133	0.0150376
NODE_54268_length_3336_cov_5.294408	200	333	35	8	133	0.0601504
NODE_54268_length_3336_cov_5.294408	200	333	36	4	133	0.0300752
NODE_54268_length_3336_cov_5.294408	200	333	37	4	133	0.0300752
NODE_54268_length_3336_cov_5.294408	200	333	38	4	133	0.0300752
NODE_54268_length_3336_cov_5.294408	200	333	39	5	133	0.0375940
NODE_54268_length_3336_cov_5.294408	200	333	40	15	133	0.1127820
NODE_54268_length_3336_cov_5.294408	200	333	41	40	133	0.3007519
NODE_54268_length_3336_cov_5.294408	200	333	42	7	133	0.0526316
NODE_54268_length_3336_cov_5.294408	200	333	43	6	133	0.0451128
NODE_5428_length_9185_cov_3.746423	5098	5231	17	9	133	0.0676692
NODE_5428_length_9185_cov_3.746423	5098	5231	18	2	133	0.0150376
NODE_5428_length_9185_cov_3.746423	5098	5231	20	5	133	0.0375940
NODE_5428_length_9185_cov_3.746423	5098	5231	21	1	133	0.0075188
NODE_5428_length_9185_cov_3.746423	5098	5231	22	1	133	0.0075188
NODE_5428_length_9185_cov_3.746423	5098	5231	24	1	133	0.0075188
NODE_5428_length_9185_cov_3.746423	5098	5231	25	3	133	0.0225564
NODE_5428_length_9185_cov_3.746423	5098	5231	26	3	133	0.0225564
NODE_5428_length_9185_cov_3.746423	5098	5231	27	3	133	0.0225564
NODE_5428_length_9185_cov_3.746423	5098	5231	28	13	133	0.0977444
NODE_5428_length_9185_cov_3.746423	5098	5231	29	7	133	0.0526316
NODE_5428_length_9185_cov_3.746423	5098	5231	30	4	133	0.0300752
NODE_5428_length_9185_cov_3.746423	5098	5231	31	4	133	0.0300752
NODE_5428_length_9185_cov_3.746423	5098	5231	32	7	133	0.0526316
NODE_5428_length_9185_cov_3.746423	5098	5231	33	39	133	0.2932331
NODE_5428_length_9185_cov_3.746423	5098	5231	34	12	133	0.0902256
NODE_5428_length_9185_cov_3.746423	5098	5231	35	18	133	0.1353384
NODE_5428_length_9185_cov_3.746423	5098	5231	36	1	133	0.0075188
NODE_542_length_17270_cov_4.511269	3020	3153	9	3	133	0.0225564
NODE_542_length_17270_cov_4.511269	3020	3153	10	6	133	0.0451128
NODE_542_length_17270_cov_4.511269	3020	3153	11	18	133	0.1353384
NODE_542_length_17270_cov_4.511269	3020	3153	12	16	133	0.1203008
NODE_542_length_17270_cov_4.511269	3020	3153	17	3	133	0.0225564
NODE_542_length_17270_cov_4.511269	3020	3153	18	4	133	0.0300752
NODE_542_length_17270_cov_4.511269	3020	3153	20	5	133	0.0375940
NODE_542_length_17270_cov_4.511269	3020	3153	22	2	133	0.0150376
NODE_542_length_17270_cov_4.511269	3020	3153	23	3	133	0.0225564
NODE_542_length_17270_cov_4.511269	3020	3153	24	5	133	0.0375940
NODE_542_length_17270_cov_4.511269	3020	3153	25	9	133	0.0676692
NODE_542_length_17270_cov_4.511269	3020	3153	26	20	133	0.1503759
NODE_542_length_17270_cov_4.511269	3020	3153	27	12	133	0.0902256
NODE_542_length_17270_cov_4.511269	3020	3153	28	6	133	0.0451128
NODE_542_length_17270_cov_4.511269	3020	3153	29	4	133	0.0300752
NODE_542_length_17270_cov_4.511269	3020	3153	30	2	133	0.0150376
NODE_542_length_17270_cov_4.511269	3020	3153	31	15	133	0.1127820
NODE_5430_length_9184_cov_4.317336	3078	3211	7	2	133	0.0150376
NODE_5430_length_9184_cov_4.317336	3078	3211	8	21	133	0.1578947
NODE_5430_length_9184_cov_4.317336	3078	3211	10	9	133	0.0676692
NODE_5430_length_9184_cov_4.317336	3078	3211	11	6	133	0.0451128
NODE_5430_length_9184_cov_4.317336	3078	3211	12	19	133	0.1428571
NODE_5430_length_9184_cov_4.317336	3078	3211	13	60	133	0.4511278
NODE_5430_length_9184_cov_4.317336	3078	3211	14	16	133	0.1203008
NODE_54339_length_3334_cov_3.932612	342	475	7	8	133	0.0601504
NODE_54339_length_3334_cov_3.932612	342	475	8	11	133	0.0827068
NODE_54339_length_3334_cov_3.932612	342	475	10	6	133	0.0451128
NODE_54339_length_3334_cov_3.932612	342	475	11	1	133	0.0075188
NODE_54339_length_3334_cov_3.932612	342	475	12	1	133	0.0075188
NODE_54339_length_3334_cov_3.932612	342	475	13	39	133	0.2932331
NODE_54339_length_3334_cov_3.932612	342	475	14	23	133	0.1729323
NODE_54339_length_3334_cov_3.932612	342	475	15	44	133	0.3308271
NODE_54385_length_3332_cov_4.952676	692	825	1	41	133	0.3082707
NODE_54385_length_3332_cov_4.952676	692	825	3	74	133	0.5563910
NODE_54385_length_3332_cov_4.952676	692	825	4	3	133	0.0225564
NODE_54385_length_3332_cov_4.952676	692	825	5	15	133	0.1127820
NODE_54394_length_3332_cov_4.123415	2485	2618	16	2	133	0.0150376
NODE_54394_length_3332_cov_4.123415	2485	2618	17	2	133	0.0150376
NODE_54394_length_3332_cov_4.123415	2485	2618	18	3	133	0.0225564
NODE_54394_length_3332_cov_4.123415	2485	2618	19	4	133	0.0300752
NODE_54394_length_3332_cov_4.123415	2485	2618	20	1	133	0.0075188
NODE_54394_length_3332_cov_4.123415	2485	2618	21	3	133	0.0225564
NODE_54394_length_3332_cov_4.123415	2485	2618	22	11	133	0.0827068
NODE_54394_length_3332_cov_4.123415	2485	2618	23	17	133	0.1278196
NODE_54394_length_3332_cov_4.123415	2485	2618	24	9	133	0.0676692
NODE_54394_length_3332_cov_4.123415	2485	2618	25	4	133	0.0300752
NODE_54394_length_3332_cov_4.123415	2485	2618	26	13	133	0.0977444
NODE_54394_length_3332_cov_4.123415	2485	2618	27	34	133	0.2556391
NODE_54394_length_3332_cov_4.123415	2485	2618	28	10	133	0.0751880
NODE_54394_length_3332_cov_4.123415	2485	2618	29	13	133	0.0977444
NODE_54394_length_3332_cov_4.123415	2485	2618	30	4	133	0.0300752
NODE_54394_length_3332_cov_4.123415	2485	2618	31	3	133	0.0225564
NODE_5439_length_9176_cov_4.647681	3254	3387	11	6	133	0.0451128
NODE_5439_length_9176_cov_4.647681	3254	3387	13	23	133	0.1729323
NODE_5439_length_9176_cov_4.647681	3254	3387	14	14	133	0.1052632
NODE_5439_length_9176_cov_4.647681	3254	3387	16	30	133	0.2255639
NODE_5439_length_9176_cov_4.647681	3254	3387	17	3	133	0.0225564
NODE_5439_length_9176_cov_4.647681	3254	3387	18	2	133	0.0150376
NODE_5439_length_9176_cov_4.647681	3254	3387	19	6	133	0.0451128
NODE_5439_length_9176_cov_4.647681	3254	3387	20	7	133	0.0526316
NODE_5439_length_9176_cov_4.647681	3254	3387	21	1	133	0.0075188
NODE_5439_length_9176_cov_4.647681	3254	3387	22	8	133	0.0601504
NODE_5439_length_9176_cov_4.647681	3254	3387	24	17	133	0.1278196
NODE_5439_length_9176_cov_4.647681	3254	3387	25	1	133	0.0075188
NODE_5439_length_9176_cov_4.647681	3254	3387	26	2	133	0.0150376
NODE_5439_length_9176_cov_4.647681	3254	3387	27	12	133	0.0902256
NODE_5439_length_9176_cov_4.647681	3254	3387	28	1	133	0.0075188
NODE_54417_length_3331_cov_4.598082	2539	2672	20	2	133	0.0150376
NODE_54417_length_3331_cov_4.598082	2539	2672	23	4	133	0.0300752
NODE_54417_length_3331_cov_4.598082	2539	2672	24	2	133	0.0150376
NODE_54417_length_3331_cov_4.598082	2539	2672	27	1	133	0.0075188
NODE_54417_length_3331_cov_4.598082	2539	2672	28	2	133	0.0150376
NODE_54417_length_3331_cov_4.598082	2539	2672	29	1	133	0.0075188
NODE_54417_length_3331_cov_4.598082	2539	2672	30	4	133	0.0300752
NODE_54417_length_3331_cov_4.598082	2539	2672	33	1	133	0.0075188
NODE_54417_length_3331_cov_4.598082	2539	2672	34	2	133	0.0150376
NODE_54417_length_3331_cov_4.598082	2539	2672	37	3	133	0.0225564
NODE_54417_length_3331_cov_4.598082	2539	2672	38	6	133	0.0451128
NODE_54417_length_3331_cov_4.598082	2539	2672	39	1	133	0.0075188
NODE_54417_length_3331_cov_4.598082	2539	2672	40	9	133	0.0676692
NODE_54417_length_3331_cov_4.598082	2539	2672	41	9	133	0.0676692
NODE_54417_length_3331_cov_4.598082	2539	2672	42	6	133	0.0451128
NODE_54417_length_3331_cov_4.598082	2539	2672	43	7	133	0.0526316
NODE_54417_length_3331_cov_4.598082	2539	2672	45	11	133	0.0827068
NODE_54417_length_3331_cov_4.598082	2539	2672	46	6	133	0.0451128
NODE_54417_length_3331_cov_4.598082	2539	2672	47	12	133	0.0902256
NODE_54417_length_3331_cov_4.598082	2539	2672	48	15	133	0.1127820
NODE_54417_length_3331_cov_4.598082	2539	2672	49	28	133	0.2105263
NODE_54417_length_3331_cov_4.598082	2539	2672	50	1	133	0.0075188
NODE_54456_length_3330_cov_3.987001	2562	2695	6	3	133	0.0225564
NODE_54456_length_3330_cov_3.987001	2562	2695	8	17	133	0.1278196
NODE_54456_length_3330_cov_3.987001	2562	2695	9	33	133	0.2481203
NODE_54456_length_3330_cov_3.987001	2562	2695	10	27	133	0.2030075
NODE_54456_length_3330_cov_3.987001	2562	2695	11	49	133	0.3684210
NODE_54456_length_3330_cov_3.987001	2562	2695	12	3	133	0.0225564
NODE_54456_length_3330_cov_3.987001	2562	2695	13	1	133	0.0075188
NODE_54474_length_3329_cov_4.757895	2574	2707	0	133	133	1.0000000
NODE_54508_length_3328_cov_3.765872	361	494	11	4	133	0.0300752
NODE_54508_length_3328_cov_3.765872	361	494	13	40	133	0.3007519
NODE_54508_length_3328_cov_3.765872	361	494	14	3	133	0.0225564
NODE_54508_length_3328_cov_3.765872	361	494	15	14	133	0.1052632
NODE_54508_length_3328_cov_3.765872	361	494	16	28	133	0.2105263
NODE_54508_length_3328_cov_3.765872	361	494	17	16	133	0.1203008
NODE_54508_length_3328_cov_3.765872	361	494	18	28	133	0.2105263
NODE_54529_length_3327_cov_3.658302	628	761	10	7	133	0.0526316
NODE_54529_length_3327_cov_3.658302	628	761	11	4	133	0.0300752
NODE_54529_length_3327_cov_3.658302	628	761	13	2	133	0.0150376
NODE_54529_length_3327_cov_3.658302	628	761	14	6	133	0.0451128
NODE_54529_length_3327_cov_3.658302	628	761	15	6	133	0.0451128
NODE_54529_length_3327_cov_3.658302	628	761	19	11	133	0.0827068
NODE_54529_length_3327_cov_3.658302	628	761	21	7	133	0.0526316
NODE_54529_length_3327_cov_3.658302	628	761	22	7	133	0.0526316
NODE_54529_length_3327_cov_3.658302	628	761	23	13	133	0.0977444
NODE_54529_length_3327_cov_3.658302	628	761	24	5	133	0.0375940
NODE_54529_length_3327_cov_3.658302	628	761	25	5	133	0.0375940
NODE_54529_length_3327_cov_3.658302	628	761	26	26	133	0.1954887
NODE_54529_length_3327_cov_3.658302	628	761	27	18	133	0.1353384
NODE_54529_length_3327_cov_3.658302	628	761	28	13	133	0.0977444
NODE_54529_length_3327_cov_3.658302	628	761	29	3	133	0.0225564
NODE_54627_length_3324_cov_3.336124	1189	1322	0	12	133	0.0902256
NODE_54627_length_3324_cov_3.336124	1189	1322	2	15	133	0.1127820
NODE_54627_length_3324_cov_3.336124	1189	1322	3	13	133	0.0977444
NODE_54627_length_3324_cov_3.336124	1189	1322	4	58	133	0.4360902
NODE_54627_length_3324_cov_3.336124	1189	1322	6	35	133	0.2631579
NODE_5465_length_9164_cov_3.924766	587	720	17	5	133	0.0375940
NODE_5465_length_9164_cov_3.924766	587	720	18	6	133	0.0451128
NODE_5465_length_9164_cov_3.924766	587	720	19	10	133	0.0751880
NODE_5465_length_9164_cov_3.924766	587	720	20	20	133	0.1503759
NODE_5465_length_9164_cov_3.924766	587	720	21	23	133	0.1729323
NODE_5465_length_9164_cov_3.924766	587	720	22	14	133	0.1052632
NODE_5465_length_9164_cov_3.924766	587	720	23	20	133	0.1503759
NODE_5465_length_9164_cov_3.924766	587	720	24	20	133	0.1503759
NODE_5465_length_9164_cov_3.924766	587	720	25	12	133	0.0902256
NODE_5465_length_9164_cov_3.924766	587	720	26	3	133	0.0225564
NODE_546_length_17240_cov_5.441865	14037	14170	15	2	133	0.0150376
NODE_546_length_17240_cov_5.441865	14037	14170	17	18	133	0.1353384
NODE_546_length_17240_cov_5.441865	14037	14170	18	13	133	0.0977444
NODE_546_length_17240_cov_5.441865	14037	14170	19	59	133	0.4436090
NODE_546_length_17240_cov_5.441865	14037	14170	20	20	133	0.1503759
NODE_546_length_17240_cov_5.441865	14037	14170	21	14	133	0.1052632
NODE_546_length_17240_cov_5.441865	14037	14170	22	6	133	0.0451128
NODE_546_length_17240_cov_5.441865	14037	14170	23	1	133	0.0075188
NODE_54755_length_3319_cov_3.748447	3014	3147	7	4	133	0.0300752
NODE_54755_length_3319_cov_3.748447	3014	3147	8	3	133	0.0225564
NODE_54755_length_3319_cov_3.748447	3014	3147	10	1	133	0.0075188
NODE_54755_length_3319_cov_3.748447	3014	3147	11	1	133	0.0075188
NODE_54755_length_3319_cov_3.748447	3014	3147	12	4	133	0.0300752
NODE_54755_length_3319_cov_3.748447	3014	3147	13	8	133	0.0601504
NODE_54755_length_3319_cov_3.748447	3014	3147	14	1	133	0.0075188
NODE_54755_length_3319_cov_3.748447	3014	3147	17	1	133	0.0075188
NODE_54755_length_3319_cov_3.748447	3014	3147	18	6	133	0.0451128
NODE_54755_length_3319_cov_3.748447	3014	3147	20	2	133	0.0150376
NODE_54755_length_3319_cov_3.748447	3014	3147	21	25	133	0.1879699
NODE_54755_length_3319_cov_3.748447	3014	3147	22	26	133	0.1954887
NODE_54755_length_3319_cov_3.748447	3014	3147	23	26	133	0.1954887
NODE_54755_length_3319_cov_3.748447	3014	3147	24	9	133	0.0676692
NODE_54755_length_3319_cov_3.748447	3014	3147	25	16	133	0.1203008
NODE_54764_length_3318_cov_4.888475	1238	1371	0	133	133	1.0000000
NODE_54769_length_3318_cov_4.450140	1642	1775	16	4	133	0.0300752
NODE_54769_length_3318_cov_4.450140	1642	1775	17	12	133	0.0902256
NODE_54769_length_3318_cov_4.450140	1642	1775	18	9	133	0.0676692
NODE_54769_length_3318_cov_4.450140	1642	1775	19	12	133	0.0902256
NODE_54769_length_3318_cov_4.450140	1642	1775	20	25	133	0.1879699
NODE_54769_length_3318_cov_4.450140	1642	1775	21	39	133	0.2932331
NODE_54769_length_3318_cov_4.450140	1642	1775	22	26	133	0.1954887
NODE_54769_length_3318_cov_4.450140	1642	1775	23	6	133	0.0451128
NODE_5478_length_9157_cov_4.128174	6131	6264	28	1	133	0.0075188
NODE_5478_length_9157_cov_4.128174	6131	6264	29	2	133	0.0150376
NODE_5478_length_9157_cov_4.128174	6131	6264	30	1	133	0.0075188
NODE_5478_length_9157_cov_4.128174	6131	6264	32	2	133	0.0150376
NODE_5478_length_9157_cov_4.128174	6131	6264	34	2	133	0.0150376
NODE_5478_length_9157_cov_4.128174	6131	6264	36	3	133	0.0225564
NODE_5478_length_9157_cov_4.128174	6131	6264	37	3	133	0.0225564
NODE_5478_length_9157_cov_4.128174	6131	6264	41	6	133	0.0451128
NODE_5478_length_9157_cov_4.128174	6131	6264	44	1	133	0.0075188
NODE_5478_length_9157_cov_4.128174	6131	6264	45	4	133	0.0300752
NODE_5478_length_9157_cov_4.128174	6131	6264	46	1	133	0.0075188
NODE_5478_length_9157_cov_4.128174	6131	6264	47	4	133	0.0300752
NODE_5478_length_9157_cov_4.128174	6131	6264	48	7	133	0.0526316
NODE_5478_length_9157_cov_4.128174	6131	6264	50	5	133	0.0375940
NODE_5478_length_9157_cov_4.128174	6131	6264	51	1	133	0.0075188
NODE_5478_length_9157_cov_4.128174	6131	6264	52	3	133	0.0225564
NODE_5478_length_9157_cov_4.128174	6131	6264	53	4	133	0.0300752
NODE_5478_length_9157_cov_4.128174	6131	6264	54	8	133	0.0601504
NODE_5478_length_9157_cov_4.128174	6131	6264	55	15	133	0.1127820
NODE_5478_length_9157_cov_4.128174	6131	6264	56	4	133	0.0300752
NODE_5478_length_9157_cov_4.128174	6131	6264	57	1	133	0.0075188
NODE_5478_length_9157_cov_4.128174	6131	6264	58	8	133	0.0601504
NODE_5478_length_9157_cov_4.128174	6131	6264	59	8	133	0.0601504
NODE_5478_length_9157_cov_4.128174	6131	6264	60	11	133	0.0827068
NODE_5478_length_9157_cov_4.128174	6131	6264	61	6	133	0.0451128
NODE_5478_length_9157_cov_4.128174	6131	6264	62	3	133	0.0225564
NODE_5478_length_9157_cov_4.128174	6131	6264	63	3	133	0.0225564
NODE_5478_length_9157_cov_4.128174	6131	6264	64	6	133	0.0451128
NODE_5478_length_9157_cov_4.128174	6131	6264	65	9	133	0.0676692
NODE_5478_length_9157_cov_4.128174	6131	6264	66	1	133	0.0075188
NODE_547_length_17225_cov_5.510218	13224	13357	8	1	133	0.0075188
NODE_547_length_17225_cov_5.510218	13224	13357	9	7	133	0.0526316
NODE_547_length_17225_cov_5.510218	13224	13357	10	10	133	0.0751880
NODE_547_length_17225_cov_5.510218	13224	13357	11	10	133	0.0751880
NODE_547_length_17225_cov_5.510218	13224	13357	12	1	133	0.0075188
NODE_547_length_17225_cov_5.510218	13224	13357	13	2	133	0.0150376
NODE_547_length_17225_cov_5.510218	13224	13357	14	1	133	0.0075188
NODE_547_length_17225_cov_5.510218	13224	13357	15	21	133	0.1578947
NODE_547_length_17225_cov_5.510218	13224	13357	16	3	133	0.0225564
NODE_547_length_17225_cov_5.510218	13224	13357	17	8	133	0.0601504
NODE_547_length_17225_cov_5.510218	13224	13357	18	2	133	0.0150376
NODE_547_length_17225_cov_5.510218	13224	13357	20	3	133	0.0225564
NODE_547_length_17225_cov_5.510218	13224	13357	21	1	133	0.0075188
NODE_547_length_17225_cov_5.510218	13224	13357	22	5	133	0.0375940
NODE_547_length_17225_cov_5.510218	13224	13357	23	5	133	0.0375940
NODE_547_length_17225_cov_5.510218	13224	13357	24	1	133	0.0075188
NODE_547_length_17225_cov_5.510218	13224	13357	25	1	133	0.0075188
NODE_547_length_17225_cov_5.510218	13224	13357	26	4	133	0.0300752
NODE_547_length_17225_cov_5.510218	13224	13357	27	5	133	0.0375940
NODE_547_length_17225_cov_5.510218	13224	13357	28	3	133	0.0225564
NODE_547_length_17225_cov_5.510218	13224	13357	29	4	133	0.0300752
NODE_547_length_17225_cov_5.510218	13224	13357	30	8	133	0.0601504
NODE_547_length_17225_cov_5.510218	13224	13357	31	11	133	0.0827068
NODE_547_length_17225_cov_5.510218	13224	13357	32	2	133	0.0150376
NODE_547_length_17225_cov_5.510218	13224	13357	34	1	133	0.0075188
NODE_547_length_17225_cov_5.510218	13224	13357	36	5	133	0.0375940
NODE_547_length_17225_cov_5.510218	13224	13357	37	1	133	0.0075188
NODE_547_length_17225_cov_5.510218	13224	13357	38	2	133	0.0150376
NODE_547_length_17225_cov_5.510218	13224	13357	39	4	133	0.0300752
NODE_547_length_17225_cov_5.510218	13224	13357	40	1	133	0.0075188
NODE_54848_length_3315_cov_4.352923	230	363	7	13	133	0.0977444
NODE_54848_length_3315_cov_4.352923	230	363	9	2	133	0.0150376
NODE_54848_length_3315_cov_4.352923	230	363	10	2	133	0.0150376
NODE_54848_length_3315_cov_4.352923	230	363	11	2	133	0.0150376
NODE_54848_length_3315_cov_4.352923	230	363	12	31	133	0.2330827
NODE_54848_length_3315_cov_4.352923	230	363	13	5	133	0.0375940
NODE_54848_length_3315_cov_4.352923	230	363	14	28	133	0.2105263
NODE_54848_length_3315_cov_4.352923	230	363	15	18	133	0.1353384
NODE_54848_length_3315_cov_4.352923	230	363	16	30	133	0.2255639
NODE_54848_length_3315_cov_4.352923	230	363	17	2	133	0.0150376
NODE_54872_length_3314_cov_4.366407	616	749	0	133	133	1.0000000
NODE_54923_length_3312_cov_5.495176	1987	2120	2	28	133	0.2105263
NODE_54923_length_3312_cov_5.495176	1987	2120	3	38	133	0.2857143
NODE_54923_length_3312_cov_5.495176	1987	2120	4	52	133	0.3909774
NODE_54923_length_3312_cov_5.495176	1987	2120	5	15	133	0.1127820
NODE_55015_length_3309_cov_5.320872	2220	2353	17	6	133	0.0451128
NODE_55015_length_3309_cov_5.320872	2220	2353	18	3	133	0.0225564
NODE_55015_length_3309_cov_5.320872	2220	2353	19	3	133	0.0225564
NODE_55015_length_3309_cov_5.320872	2220	2353	21	7	133	0.0526316
NODE_55015_length_3309_cov_5.320872	2220	2353	22	11	133	0.0827068
NODE_55015_length_3309_cov_5.320872	2220	2353	23	18	133	0.1353384
NODE_55015_length_3309_cov_5.320872	2220	2353	24	14	133	0.1052632
NODE_55015_length_3309_cov_5.320872	2220	2353	25	5	133	0.0375940
NODE_55015_length_3309_cov_5.320872	2220	2353	26	5	133	0.0375940
NODE_55015_length_3309_cov_5.320872	2220	2353	27	4	133	0.0300752
NODE_55015_length_3309_cov_5.320872	2220	2353	28	27	133	0.2030075
NODE_55015_length_3309_cov_5.320872	2220	2353	29	17	133	0.1278196
NODE_55015_length_3309_cov_5.320872	2220	2353	30	13	133	0.0977444
NODE_55061_length_3308_cov_3.452477	2351	2484	6	16	133	0.1203008
NODE_55061_length_3308_cov_3.452477	2351	2484	7	32	133	0.2406015
NODE_55061_length_3308_cov_3.452477	2351	2484	9	56	133	0.4210526
NODE_55061_length_3308_cov_3.452477	2351	2484	10	11	133	0.0827068
NODE_55061_length_3308_cov_3.452477	2351	2484	11	18	133	0.1353384
NODE_55076_length_3307_cov_4.768703	1041	1174	5	8	133	0.0601504
NODE_55076_length_3307_cov_4.768703	1041	1174	6	38	133	0.2857143
NODE_55076_length_3307_cov_4.768703	1041	1174	7	29	133	0.2180451
NODE_55076_length_3307_cov_4.768703	1041	1174	8	13	133	0.0977444
NODE_55076_length_3307_cov_4.768703	1041	1174	9	34	133	0.2556391
NODE_55076_length_3307_cov_4.768703	1041	1174	10	11	133	0.0827068
NODE_55098_length_3306_cov_4.558466	1597	1730	8	71	133	0.5338346
NODE_55098_length_3306_cov_4.558466	1597	1730	9	22	133	0.1654135
NODE_55098_length_3306_cov_4.558466	1597	1730	10	35	133	0.2631579
NODE_55098_length_3306_cov_4.558466	1597	1730	11	5	133	0.0375940
NODE_55110_length_3306_cov_3.589024	3052	3185	9	3	133	0.0225564
NODE_55110_length_3306_cov_3.589024	3052	3185	10	2	133	0.0150376
NODE_55110_length_3306_cov_3.589024	3052	3185	12	1	133	0.0075188
NODE_55110_length_3306_cov_3.589024	3052	3185	13	4	133	0.0300752
NODE_55110_length_3306_cov_3.589024	3052	3185	14	21	133	0.1578947
NODE_55110_length_3306_cov_3.589024	3052	3185	15	5	133	0.0375940
NODE_55110_length_3306_cov_3.589024	3052	3185	16	22	133	0.1654135
NODE_55110_length_3306_cov_3.589024	3052	3185	17	47	133	0.3533835
NODE_55110_length_3306_cov_3.589024	3052	3185	18	20	133	0.1503759
NODE_55110_length_3306_cov_3.589024	3052	3185	19	8	133	0.0601504
NODE_55125_length_3305_cov_4.005303	197	330	6	39	133	0.2932331
NODE_55125_length_3305_cov_4.005303	197	330	7	19	133	0.1428571
NODE_55125_length_3305_cov_4.005303	197	330	8	51	133	0.3834586
NODE_55125_length_3305_cov_4.005303	197	330	9	24	133	0.1804511
NODE_55139_length_3304_cov_4.972855	2362	2495	1	11	133	0.0827068
NODE_55139_length_3304_cov_4.972855	2362	2495	2	80	133	0.6015037
NODE_55139_length_3304_cov_4.972855	2362	2495	3	42	133	0.3157895
NODE_55147_length_3304_cov_4.039626	1677	1810	12	5	133	0.0375940
NODE_55147_length_3304_cov_4.039626	1677	1810	13	22	133	0.1654135
NODE_55147_length_3304_cov_4.039626	1677	1810	14	1	133	0.0075188
NODE_55147_length_3304_cov_4.039626	1677	1810	15	11	133	0.0827068
NODE_55147_length_3304_cov_4.039626	1677	1810	16	27	133	0.2030075
NODE_55147_length_3304_cov_4.039626	1677	1810	17	13	133	0.0977444
NODE_55147_length_3304_cov_4.039626	1677	1810	18	19	133	0.1428571
NODE_55147_length_3304_cov_4.039626	1677	1810	19	22	133	0.1654135
NODE_55147_length_3304_cov_4.039626	1677	1810	20	13	133	0.0977444
NODE_5519_length_9140_cov_5.514545	2016	2149	7	5	133	0.0375940
NODE_5519_length_9140_cov_5.514545	2016	2149	8	6	133	0.0451128
NODE_5519_length_9140_cov_5.514545	2016	2149	9	22	133	0.1654135
NODE_5519_length_9140_cov_5.514545	2016	2149	10	19	133	0.1428571
NODE_5519_length_9140_cov_5.514545	2016	2149	12	11	133	0.0827068
NODE_5519_length_9140_cov_5.514545	2016	2149	13	11	133	0.0827068
NODE_5519_length_9140_cov_5.514545	2016	2149	14	17	133	0.1278196
NODE_5519_length_9140_cov_5.514545	2016	2149	15	41	133	0.3082707
NODE_5519_length_9140_cov_5.514545	2016	2149	17	1	133	0.0075188
NODE_55214_length_3301_cov_5.249532	789	922	8	4	133	0.0300752
NODE_55214_length_3301_cov_5.249532	789	922	9	1	133	0.0075188
NODE_55214_length_3301_cov_5.249532	789	922	10	7	133	0.0526316
NODE_55214_length_3301_cov_5.249532	789	922	11	1	133	0.0075188
NODE_55214_length_3301_cov_5.249532	789	922	12	3	133	0.0225564
NODE_55214_length_3301_cov_5.249532	789	922	13	7	133	0.0526316
NODE_55214_length_3301_cov_5.249532	789	922	16	19	133	0.1428571
NODE_55214_length_3301_cov_5.249532	789	922	17	13	133	0.0977444
NODE_55214_length_3301_cov_5.249532	789	922	19	7	133	0.0526316
NODE_55214_length_3301_cov_5.249532	789	922	21	1	133	0.0075188
NODE_55214_length_3301_cov_5.249532	789	922	22	26	133	0.1954887
NODE_55214_length_3301_cov_5.249532	789	922	23	4	133	0.0300752
NODE_55214_length_3301_cov_5.249532	789	922	24	4	133	0.0300752
NODE_55214_length_3301_cov_5.249532	789	922	26	14	133	0.1052632
NODE_55214_length_3301_cov_5.249532	789	922	27	1	133	0.0075188
NODE_55214_length_3301_cov_5.249532	789	922	28	5	133	0.0375940
NODE_55214_length_3301_cov_5.249532	789	922	30	5	133	0.0375940
NODE_55214_length_3301_cov_5.249532	789	922	31	9	133	0.0676692
NODE_55214_length_3301_cov_5.249532	789	922	32	2	133	0.0150376
NODE_55254_length_3300_cov_4.076226	1934	2067	7	4	133	0.0300752
NODE_55254_length_3300_cov_4.076226	1934	2067	8	25	133	0.1879699
NODE_55254_length_3300_cov_4.076226	1934	2067	9	3	133	0.0225564
NODE_55254_length_3300_cov_4.076226	1934	2067	10	32	133	0.2406015
NODE_55254_length_3300_cov_4.076226	1934	2067	11	20	133	0.1503759
NODE_55254_length_3300_cov_4.076226	1934	2067	12	48	133	0.3609022
NODE_55254_length_3300_cov_4.076226	1934	2067	13	1	133	0.0075188
NODE_55280_length_3299_cov_3.593750	707	840	15	3	133	0.0225564
NODE_55280_length_3299_cov_3.593750	707	840	16	8	133	0.0601504
NODE_55280_length_3299_cov_3.593750	707	840	17	3	133	0.0225564
NODE_55280_length_3299_cov_3.593750	707	840	18	24	133	0.1804511
NODE_55280_length_3299_cov_3.593750	707	840	19	36	133	0.2706767
NODE_55280_length_3299_cov_3.593750	707	840	20	46	133	0.3458647
NODE_55280_length_3299_cov_3.593750	707	840	21	13	133	0.0977444
NODE_55295_length_3298_cov_4.868396	2881	3014	5	22	133	0.1654135
NODE_55295_length_3298_cov_4.868396	2881	3014	6	37	133	0.2781955
NODE_55295_length_3298_cov_4.868396	2881	3014	7	5	133	0.0375940
NODE_55295_length_3298_cov_4.868396	2881	3014	8	36	133	0.2706767
NODE_55295_length_3298_cov_4.868396	2881	3014	9	31	133	0.2330827
NODE_55295_length_3298_cov_4.868396	2881	3014	10	2	133	0.0150376
NODE_5532_length_9134_cov_4.764693	597	730	15	4	133	0.0300752
NODE_5532_length_9134_cov_4.764693	597	730	16	7	133	0.0526316
NODE_5532_length_9134_cov_4.764693	597	730	17	1	133	0.0075188
NODE_5532_length_9134_cov_4.764693	597	730	18	7	133	0.0526316
NODE_5532_length_9134_cov_4.764693	597	730	19	12	133	0.0902256
NODE_5532_length_9134_cov_4.764693	597	730	20	1	133	0.0075188
NODE_5532_length_9134_cov_4.764693	597	730	21	8	133	0.0601504
NODE_5532_length_9134_cov_4.764693	597	730	22	4	133	0.0300752
NODE_5532_length_9134_cov_4.764693	597	730	23	14	133	0.1052632
NODE_5532_length_9134_cov_4.764693	597	730	24	14	133	0.1052632
NODE_5532_length_9134_cov_4.764693	597	730	25	20	133	0.1503759
NODE_5532_length_9134_cov_4.764693	597	730	26	6	133	0.0451128
NODE_5532_length_9134_cov_4.764693	597	730	27	6	133	0.0451128
NODE_5532_length_9134_cov_4.764693	597	730	28	25	133	0.1879699
NODE_5532_length_9134_cov_4.764693	597	730	29	4	133	0.0300752
NODE_553341_length_257_cov_1.613924	119	252	1	33	133	0.2481203
NODE_553341_length_257_cov_1.613924	119	252	2	8	133	0.0601504
NODE_553341_length_257_cov_1.613924	119	252	3	92	133	0.6917293
NODE_55365_length_3296_cov_3.415077	999	1132	11	5	133	0.0375940
NODE_55365_length_3296_cov_3.415077	999	1132	12	15	133	0.1127820
NODE_55365_length_3296_cov_3.415077	999	1132	13	8	133	0.0601504
NODE_55365_length_3296_cov_3.415077	999	1132	14	15	133	0.1127820
NODE_55365_length_3296_cov_3.415077	999	1132	15	4	133	0.0300752
NODE_55365_length_3296_cov_3.415077	999	1132	16	1	133	0.0075188
NODE_55365_length_3296_cov_3.415077	999	1132	17	1	133	0.0075188
NODE_55365_length_3296_cov_3.415077	999	1132	18	19	133	0.1428571
NODE_55365_length_3296_cov_3.415077	999	1132	19	20	133	0.1503759
NODE_55365_length_3296_cov_3.415077	999	1132	20	24	133	0.1804511
NODE_55365_length_3296_cov_3.415077	999	1132	21	16	133	0.1203008
NODE_55365_length_3296_cov_3.415077	999	1132	22	5	133	0.0375940
NODE_5538_length_9131_cov_5.469331	4581	4714	5	1	133	0.0075188
NODE_5538_length_9131_cov_5.469331	4581	4714	6	2	133	0.0150376
NODE_5538_length_9131_cov_5.469331	4581	4714	7	24	133	0.1804511
NODE_5538_length_9131_cov_5.469331	4581	4714	8	17	133	0.1278196
NODE_5538_length_9131_cov_5.469331	4581	4714	9	38	133	0.2857143
NODE_5538_length_9131_cov_5.469331	4581	4714	10	5	133	0.0375940
NODE_5538_length_9131_cov_5.469331	4581	4714	11	21	133	0.1578947
NODE_5538_length_9131_cov_5.469331	4581	4714	12	18	133	0.1353384
NODE_5538_length_9131_cov_5.469331	4581	4714	13	7	133	0.0526316
NODE_55408_length_3294_cov_4.000626	1034	1167	11	1	133	0.0075188
NODE_55408_length_3294_cov_4.000626	1034	1167	12	20	133	0.1503759
NODE_55408_length_3294_cov_4.000626	1034	1167	13	5	133	0.0375940
NODE_55408_length_3294_cov_4.000626	1034	1167	14	15	133	0.1127820
NODE_55408_length_3294_cov_4.000626	1034	1167	15	7	133	0.0526316
NODE_55408_length_3294_cov_4.000626	1034	1167	16	17	133	0.1278196
NODE_55408_length_3294_cov_4.000626	1034	1167	17	24	133	0.1804511
NODE_55408_length_3294_cov_4.000626	1034	1167	18	19	133	0.1428571
NODE_55408_length_3294_cov_4.000626	1034	1167	19	11	133	0.0827068
NODE_55408_length_3294_cov_4.000626	1034	1167	20	14	133	0.1052632
NODE_55413_length_3294_cov_3.593114	2374	2507	8	8	133	0.0601504
NODE_55413_length_3294_cov_3.593114	2374	2507	9	9	133	0.0676692
NODE_55413_length_3294_cov_3.593114	2374	2507	10	20	133	0.1503759
NODE_55413_length_3294_cov_3.593114	2374	2507	11	2	133	0.0150376
NODE_55413_length_3294_cov_3.593114	2374	2507	13	12	133	0.0902256
NODE_55413_length_3294_cov_3.593114	2374	2507	14	10	133	0.0751880
NODE_55413_length_3294_cov_3.593114	2374	2507	15	2	133	0.0150376
NODE_55413_length_3294_cov_3.593114	2374	2507	16	1	133	0.0075188
NODE_55413_length_3294_cov_3.593114	2374	2507	17	37	133	0.2781955
NODE_55413_length_3294_cov_3.593114	2374	2507	18	32	133	0.2406015
NODE_55428_length_3293_cov_4.840639	764	897	31	4	133	0.0300752
NODE_55428_length_3293_cov_4.840639	764	897	32	6	133	0.0451128
NODE_55428_length_3293_cov_4.840639	764	897	33	1	133	0.0075188
NODE_55428_length_3293_cov_4.840639	764	897	35	2	133	0.0150376
NODE_55428_length_3293_cov_4.840639	764	897	36	4	133	0.0300752
NODE_55428_length_3293_cov_4.840639	764	897	37	2	133	0.0150376
NODE_55428_length_3293_cov_4.840639	764	897	40	5	133	0.0375940
NODE_55428_length_3293_cov_4.840639	764	897	41	7	133	0.0526316
NODE_55428_length_3293_cov_4.840639	764	897	42	10	133	0.0751880
NODE_55428_length_3293_cov_4.840639	764	897	43	15	133	0.1127820
NODE_55428_length_3293_cov_4.840639	764	897	44	2	133	0.0150376
NODE_55428_length_3293_cov_4.840639	764	897	45	9	133	0.0676692
NODE_55428_length_3293_cov_4.840639	764	897	46	8	133	0.0601504
NODE_55428_length_3293_cov_4.840639	764	897	47	5	133	0.0375940
NODE_55428_length_3293_cov_4.840639	764	897	49	3	133	0.0225564
NODE_55428_length_3293_cov_4.840639	764	897	50	8	133	0.0601504
NODE_55428_length_3293_cov_4.840639	764	897	51	7	133	0.0526316
NODE_55428_length_3293_cov_4.840639	764	897	52	4	133	0.0300752
NODE_55428_length_3293_cov_4.840639	764	897	53	21	133	0.1578947
NODE_55428_length_3293_cov_4.840639	764	897	54	10	133	0.0751880
NODE_55440_length_3293_cov_3.561052	791	924	7	3	133	0.0225564
NODE_55440_length_3293_cov_3.561052	791	924	8	8	133	0.0601504
NODE_55440_length_3293_cov_3.561052	791	924	9	25	133	0.1879699
NODE_55440_length_3293_cov_3.561052	791	924	10	22	133	0.1654135
NODE_55440_length_3293_cov_3.561052	791	924	11	50	133	0.3759398
NODE_55440_length_3293_cov_3.561052	791	924	12	16	133	0.1203008
NODE_55440_length_3293_cov_3.561052	791	924	13	9	133	0.0676692
NODE_55511_length_3290_cov_3.969602	1381	1514	6	7	133	0.0526316
NODE_55511_length_3290_cov_3.969602	1381	1514	7	21	133	0.1578947
NODE_55511_length_3290_cov_3.969602	1381	1514	8	1	133	0.0075188
NODE_55511_length_3290_cov_3.969602	1381	1514	10	4	133	0.0300752
NODE_55511_length_3290_cov_3.969602	1381	1514	11	6	133	0.0451128
NODE_55511_length_3290_cov_3.969602	1381	1514	12	2	133	0.0150376
NODE_55511_length_3290_cov_3.969602	1381	1514	13	84	133	0.6315789
NODE_55511_length_3290_cov_3.969602	1381	1514	14	8	133	0.0601504
NODE_5553_length_9120_cov_5.212393	3754	3887	29	7	133	0.0526316
NODE_5553_length_9120_cov_5.212393	3754	3887	31	9	133	0.0676692
NODE_5553_length_9120_cov_5.212393	3754	3887	32	13	133	0.0977444
NODE_5553_length_9120_cov_5.212393	3754	3887	33	12	133	0.0902256
NODE_5553_length_9120_cov_5.212393	3754	3887	34	4	133	0.0300752
NODE_5553_length_9120_cov_5.212393	3754	3887	35	15	133	0.1127820
NODE_5553_length_9120_cov_5.212393	3754	3887	36	8	133	0.0601504
NODE_5553_length_9120_cov_5.212393	3754	3887	38	12	133	0.0902256
NODE_5553_length_9120_cov_5.212393	3754	3887	39	11	133	0.0827068
NODE_5553_length_9120_cov_5.212393	3754	3887	40	3	133	0.0225564
NODE_5553_length_9120_cov_5.212393	3754	3887	41	4	133	0.0300752
NODE_5553_length_9120_cov_5.212393	3754	3887	42	3	133	0.0225564
NODE_5553_length_9120_cov_5.212393	3754	3887	44	4	133	0.0300752
NODE_5553_length_9120_cov_5.212393	3754	3887	45	4	133	0.0300752
NODE_5553_length_9120_cov_5.212393	3754	3887	46	19	133	0.1428571
NODE_5553_length_9120_cov_5.212393	3754	3887	47	5	133	0.0375940
NODE_555997_length_255_cov_2.288462	152	285	0	30	133	0.2255639
NODE_555997_length_255_cov_2.288462	152	285	1	14	133	0.1052632
NODE_555997_length_255_cov_2.288462	152	285	2	1	133	0.0075188
NODE_555997_length_255_cov_2.288462	152	285	3	14	133	0.1052632
NODE_555997_length_255_cov_2.288462	152	285	4	3	133	0.0225564
NODE_555997_length_255_cov_2.288462	152	285	5	61	133	0.4586466
NODE_555997_length_255_cov_2.288462	152	285	6	2	133	0.0150376
NODE_555997_length_255_cov_2.288462	152	285	7	3	133	0.0225564
NODE_555997_length_255_cov_2.288462	152	285	8	5	133	0.0375940
NODE_5561_length_9118_cov_3.590309	3585	3718	6	14	133	0.1052632
NODE_5561_length_9118_cov_3.590309	3585	3718	8	53	133	0.3984962
NODE_5561_length_9118_cov_3.590309	3585	3718	9	11	133	0.0827068
NODE_5561_length_9118_cov_3.590309	3585	3718	10	18	133	0.1353384
NODE_5561_length_9118_cov_3.590309	3585	3718	11	4	133	0.0300752
NODE_5561_length_9118_cov_3.590309	3585	3718	12	33	133	0.2481203
NODE_55634_length_3285_cov_4.786880	200	333	6	13	133	0.0977444
NODE_55634_length_3285_cov_4.786880	200	333	7	30	133	0.2255639
NODE_55634_length_3285_cov_4.786880	200	333	8	1	133	0.0075188
NODE_55634_length_3285_cov_4.786880	200	333	9	2	133	0.0150376
NODE_55634_length_3285_cov_4.786880	200	333	10	3	133	0.0225564
NODE_55634_length_3285_cov_4.786880	200	333	11	17	133	0.1278196
NODE_55634_length_3285_cov_4.786880	200	333	12	28	133	0.2105263
NODE_55634_length_3285_cov_4.786880	200	333	13	39	133	0.2932331
NODE_55636_length_3285_cov_4.521971	1336	1469	6	4	133	0.0300752
NODE_55636_length_3285_cov_4.521971	1336	1469	7	36	133	0.2706767
NODE_55636_length_3285_cov_4.521971	1336	1469	8	64	133	0.4812030
NODE_55636_length_3285_cov_4.521971	1336	1469	9	29	133	0.2180451
NODE_55641_length_3285_cov_4.035154	31	164	2	12	133	0.0902256
NODE_55641_length_3285_cov_4.035154	31	164	4	8	133	0.0601504
NODE_55641_length_3285_cov_4.035154	31	164	5	2	133	0.0150376
NODE_55641_length_3285_cov_4.035154	31	164	6	20	133	0.1503759
NODE_55641_length_3285_cov_4.035154	31	164	8	91	133	0.6842105
NODE_55645_length_3285_cov_3.699937	1784	1917	11	1	133	0.0075188
NODE_55645_length_3285_cov_3.699937	1784	1917	12	5	133	0.0375940
NODE_55645_length_3285_cov_3.699937	1784	1917	13	16	133	0.1203008
NODE_55645_length_3285_cov_3.699937	1784	1917	14	2	133	0.0150376
NODE_55645_length_3285_cov_3.699937	1784	1917	16	3	133	0.0225564
NODE_55645_length_3285_cov_3.699937	1784	1917	17	1	133	0.0075188
NODE_55645_length_3285_cov_3.699937	1784	1917	28	1	133	0.0075188
NODE_55645_length_3285_cov_3.699937	1784	1917	29	1	133	0.0075188
NODE_55645_length_3285_cov_3.699937	1784	1917	31	2	133	0.0150376
NODE_55645_length_3285_cov_3.699937	1784	1917	33	5	133	0.0375940
NODE_55645_length_3285_cov_3.699937	1784	1917	34	1	133	0.0075188
NODE_55645_length_3285_cov_3.699937	1784	1917	36	3	133	0.0225564
NODE_55645_length_3285_cov_3.699937	1784	1917	37	2	133	0.0150376
NODE_55645_length_3285_cov_3.699937	1784	1917	40	10	133	0.0751880
NODE_55645_length_3285_cov_3.699937	1784	1917	42	3	133	0.0225564
NODE_55645_length_3285_cov_3.699937	1784	1917	43	11	133	0.0827068
NODE_55645_length_3285_cov_3.699937	1784	1917	44	2	133	0.0150376
NODE_55645_length_3285_cov_3.699937	1784	1917	45	11	133	0.0827068
NODE_55645_length_3285_cov_3.699937	1784	1917	47	1	133	0.0075188
NODE_55645_length_3285_cov_3.699937	1784	1917	48	16	133	0.1203008
NODE_55645_length_3285_cov_3.699937	1784	1917	49	13	133	0.0977444
NODE_55645_length_3285_cov_3.699937	1784	1917	50	16	133	0.1203008
NODE_55645_length_3285_cov_3.699937	1784	1917	51	7	133	0.0526316
NODE_5564_length_9117_cov_4.724107	1129	1262	1	73	133	0.5488722
NODE_5564_length_9117_cov_4.724107	1129	1262	2	60	133	0.4511278
NODE_556874_length_255_cov_1.301282	46	179	0	14	133	0.1052632
NODE_556874_length_255_cov_1.301282	46	179	1	119	133	0.8947368
NODE_55695_length_3283_cov_4.835741	1261	1394	6	35	133	0.2631579
NODE_55695_length_3283_cov_4.835741	1261	1394	7	2	133	0.0150376
NODE_55695_length_3283_cov_4.835741	1261	1394	9	3	133	0.0225564
NODE_55695_length_3283_cov_4.835741	1261	1394	10	51	133	0.3834586
NODE_55695_length_3283_cov_4.835741	1261	1394	11	9	133	0.0676692
NODE_55695_length_3283_cov_4.835741	1261	1394	12	29	133	0.2180451
NODE_55695_length_3283_cov_4.835741	1261	1394	13	4	133	0.0300752
NODE_55737_length_3282_cov_3.775055	2776	2909	20	6	133	0.0451128
NODE_55737_length_3282_cov_3.775055	2776	2909	21	4	133	0.0300752
NODE_55737_length_3282_cov_3.775055	2776	2909	22	6	133	0.0451128
NODE_55737_length_3282_cov_3.775055	2776	2909	23	3	133	0.0225564
NODE_55737_length_3282_cov_3.775055	2776	2909	24	2	133	0.0150376
NODE_55737_length_3282_cov_3.775055	2776	2909	26	1	133	0.0075188
NODE_55737_length_3282_cov_3.775055	2776	2909	27	4	133	0.0300752
NODE_55737_length_3282_cov_3.775055	2776	2909	31	5	133	0.0375940
NODE_55737_length_3282_cov_3.775055	2776	2909	32	17	133	0.1278196
NODE_55737_length_3282_cov_3.775055	2776	2909	33	14	133	0.1052632
NODE_55737_length_3282_cov_3.775055	2776	2909	34	25	133	0.1879699
NODE_55737_length_3282_cov_3.775055	2776	2909	35	21	133	0.1578947
NODE_55737_length_3282_cov_3.775055	2776	2909	36	14	133	0.1052632
NODE_55737_length_3282_cov_3.775055	2776	2909	37	10	133	0.0751880
NODE_55737_length_3282_cov_3.775055	2776	2909	38	1	133	0.0075188
NODE_5574_length_9111_cov_5.676431	2334	2467	30	9	133	0.0676692
NODE_5574_length_9111_cov_5.676431	2334	2467	31	6	133	0.0451128
NODE_5574_length_9111_cov_5.676431	2334	2467	34	2	133	0.0150376
NODE_5574_length_9111_cov_5.676431	2334	2467	35	2	133	0.0150376
NODE_5574_length_9111_cov_5.676431	2334	2467	36	2	133	0.0150376
NODE_5574_length_9111_cov_5.676431	2334	2467	37	4	133	0.0300752
NODE_5574_length_9111_cov_5.676431	2334	2467	38	2	133	0.0150376
NODE_5574_length_9111_cov_5.676431	2334	2467	40	3	133	0.0225564
NODE_5574_length_9111_cov_5.676431	2334	2467	41	6	133	0.0451128
NODE_5574_length_9111_cov_5.676431	2334	2467	42	4	133	0.0300752
NODE_5574_length_9111_cov_5.676431	2334	2467	43	10	133	0.0751880
NODE_5574_length_9111_cov_5.676431	2334	2467	44	12	133	0.0902256
NODE_5574_length_9111_cov_5.676431	2334	2467	45	21	133	0.1578947
NODE_5574_length_9111_cov_5.676431	2334	2467	46	9	133	0.0676692
NODE_5574_length_9111_cov_5.676431	2334	2467	47	29	133	0.2180451
NODE_5574_length_9111_cov_5.676431	2334	2467	48	7	133	0.0526316
NODE_5574_length_9111_cov_5.676431	2334	2467	49	5	133	0.0375940
NODE_55761_length_3281_cov_4.331238	559	692	0	133	133	1.0000000
NODE_55762_length_3281_cov_4.110622	2498	2631	4	1	133	0.0075188
NODE_55762_length_3281_cov_4.110622	2498	2631	5	7	133	0.0526316
NODE_55762_length_3281_cov_4.110622	2498	2631	6	12	133	0.0902256
NODE_55762_length_3281_cov_4.110622	2498	2631	7	5	133	0.0375940
NODE_55762_length_3281_cov_4.110622	2498	2631	8	5	133	0.0375940
NODE_55762_length_3281_cov_4.110622	2498	2631	10	23	133	0.1729323
NODE_55762_length_3281_cov_4.110622	2498	2631	11	29	133	0.2180451
NODE_55762_length_3281_cov_4.110622	2498	2631	12	4	133	0.0300752
NODE_55762_length_3281_cov_4.110622	2498	2631	13	10	133	0.0751880
NODE_55762_length_3281_cov_4.110622	2498	2631	14	37	133	0.2781955
NODE_5579_length_9110_cov_4.417934	5273	5406	9	4	133	0.0300752
NODE_5579_length_9110_cov_4.417934	5273	5406	10	9	133	0.0676692
NODE_5579_length_9110_cov_4.417934	5273	5406	11	11	133	0.0827068
NODE_5579_length_9110_cov_4.417934	5273	5406	12	7	133	0.0526316
NODE_5579_length_9110_cov_4.417934	5273	5406	13	19	133	0.1428571
NODE_5579_length_9110_cov_4.417934	5273	5406	14	6	133	0.0451128
NODE_5579_length_9110_cov_4.417934	5273	5406	15	18	133	0.1353384
NODE_5579_length_9110_cov_4.417934	5273	5406	16	18	133	0.1353384
NODE_5579_length_9110_cov_4.417934	5273	5406	17	41	133	0.3082707
NODE_55825_length_3279_cov_3.716352	1059	1192	2	38	133	0.2857143
NODE_55825_length_3279_cov_3.716352	1059	1192	3	24	133	0.1804511
NODE_55825_length_3279_cov_3.716352	1059	1192	4	49	133	0.3684210
NODE_55825_length_3279_cov_3.716352	1059	1192	5	22	133	0.1654135
NODE_55828_length_3279_cov_3.499371	464	597	9	19	133	0.1428571
NODE_55828_length_3279_cov_3.499371	464	597	10	7	133	0.0526316
NODE_55828_length_3279_cov_3.499371	464	597	12	12	133	0.0902256
NODE_55828_length_3279_cov_3.499371	464	597	14	11	133	0.0827068
NODE_55828_length_3279_cov_3.499371	464	597	16	29	133	0.2180451
NODE_55828_length_3279_cov_3.499371	464	597	17	9	133	0.0676692
NODE_55828_length_3279_cov_3.499371	464	597	18	9	133	0.0676692
NODE_55828_length_3279_cov_3.499371	464	597	19	30	133	0.2255639
NODE_55828_length_3279_cov_3.499371	464	597	20	2	133	0.0150376
NODE_55828_length_3279_cov_3.499371	464	597	22	5	133	0.0375940
NODE_558295_length_254_cov_1.619355	108	241	16	8	133	0.0601504
NODE_558295_length_254_cov_1.619355	108	241	18	8	133	0.0601504
NODE_558295_length_254_cov_1.619355	108	241	19	1	133	0.0075188
NODE_558295_length_254_cov_1.619355	108	241	20	1	133	0.0075188
NODE_558295_length_254_cov_1.619355	108	241	24	2	133	0.0150376
NODE_558295_length_254_cov_1.619355	108	241	25	11	133	0.0827068
NODE_558295_length_254_cov_1.619355	108	241	26	4	133	0.0300752
NODE_558295_length_254_cov_1.619355	108	241	27	6	133	0.0451128
NODE_558295_length_254_cov_1.619355	108	241	28	16	133	0.1203008
NODE_558295_length_254_cov_1.619355	108	241	29	7	133	0.0526316
NODE_558295_length_254_cov_1.619355	108	241	30	2	133	0.0150376
NODE_558295_length_254_cov_1.619355	108	241	31	14	133	0.1052632
NODE_558295_length_254_cov_1.619355	108	241	32	38	133	0.2857143
NODE_558295_length_254_cov_1.619355	108	241	33	2	133	0.0150376
NODE_558295_length_254_cov_1.619355	108	241	34	13	133	0.0977444
NODE_5582_length_9108_cov_3.776779	2311	2444	1	58	133	0.4360902
NODE_5582_length_9108_cov_3.776779	2311	2444	3	34	133	0.2556391
NODE_5582_length_9108_cov_3.776779	2311	2444	4	28	133	0.2105263
NODE_5582_length_9108_cov_3.776779	2311	2444	5	1	133	0.0075188
NODE_5582_length_9108_cov_3.776779	2311	2444	6	12	133	0.0902256
NODE_558753_length_254_cov_0.890323	37	170	7	8	133	0.0601504
NODE_558753_length_254_cov_0.890323	37	170	8	19	133	0.1428571
NODE_558753_length_254_cov_0.890323	37	170	9	3	133	0.0225564
NODE_558753_length_254_cov_0.890323	37	170	11	1	133	0.0075188
NODE_558753_length_254_cov_0.890323	37	170	13	7	133	0.0526316
NODE_558753_length_254_cov_0.890323	37	170	15	15	133	0.1127820
NODE_558753_length_254_cov_0.890323	37	170	16	4	133	0.0300752
NODE_558753_length_254_cov_0.890323	37	170	17	31	133	0.2330827
NODE_558753_length_254_cov_0.890323	37	170	19	22	133	0.1654135
NODE_558753_length_254_cov_0.890323	37	170	21	23	133	0.1729323
NODE_5587_length_9104_cov_4.470294	3152	3285	6	3	133	0.0225564
NODE_5587_length_9104_cov_4.470294	3152	3285	7	5	133	0.0375940
NODE_5587_length_9104_cov_4.470294	3152	3285	8	1	133	0.0075188
NODE_5587_length_9104_cov_4.470294	3152	3285	9	2	133	0.0150376
NODE_5587_length_9104_cov_4.470294	3152	3285	10	18	133	0.1353384
NODE_5587_length_9104_cov_4.470294	3152	3285	11	15	133	0.1127820
NODE_5587_length_9104_cov_4.470294	3152	3285	12	31	133	0.2330827
NODE_5587_length_9104_cov_4.470294	3152	3285	13	58	133	0.4360902
NODE_55947_length_3275_cov_3.350441	403	536	10	38	133	0.2857143
NODE_55947_length_3275_cov_3.350441	403	536	14	2	133	0.0150376
NODE_55947_length_3275_cov_3.350441	403	536	16	19	133	0.1428571
NODE_55947_length_3275_cov_3.350441	403	536	17	32	133	0.2406015
NODE_55947_length_3275_cov_3.350441	403	536	18	19	133	0.1428571
NODE_55947_length_3275_cov_3.350441	403	536	19	3	133	0.0225564
NODE_55947_length_3275_cov_3.350441	403	536	20	12	133	0.0902256
NODE_55947_length_3275_cov_3.350441	403	536	21	8	133	0.0601504
NODE_5596_length_9098_cov_4.883543	3594	3727	11	1	133	0.0075188
NODE_5596_length_9098_cov_4.883543	3594	3727	13	5	133	0.0375940
NODE_5596_length_9098_cov_4.883543	3594	3727	14	14	133	0.1052632
NODE_5596_length_9098_cov_4.883543	3594	3727	16	4	133	0.0300752
NODE_5596_length_9098_cov_4.883543	3594	3727	17	18	133	0.1353384
NODE_5596_length_9098_cov_4.883543	3594	3727	19	3	133	0.0225564
NODE_5596_length_9098_cov_4.883543	3594	3727	20	8	133	0.0601504
NODE_5596_length_9098_cov_4.883543	3594	3727	21	31	133	0.2330827
NODE_5596_length_9098_cov_4.883543	3594	3727	22	32	133	0.2406015
NODE_5596_length_9098_cov_4.883543	3594	3727	23	17	133	0.1278196
NODE_55983_length_3273_cov_5.145558	1945	2078	3	16	133	0.1203008
NODE_55983_length_3273_cov_5.145558	1945	2078	4	14	133	0.1052632
NODE_55983_length_3273_cov_5.145558	1945	2078	6	15	133	0.1127820
NODE_55983_length_3273_cov_5.145558	1945	2078	7	26	133	0.1954887
NODE_55983_length_3273_cov_5.145558	1945	2078	8	46	133	0.3458647
NODE_55983_length_3273_cov_5.145558	1945	2078	9	16	133	0.1203008
NODE_55990_length_3273_cov_4.137996	2896	3029	11	6	133	0.0451128
NODE_55990_length_3273_cov_4.137996	2896	3029	13	1	133	0.0075188
NODE_55990_length_3273_cov_4.137996	2896	3029	14	5	133	0.0375940
NODE_55990_length_3273_cov_4.137996	2896	3029	17	10	133	0.0751880
NODE_55990_length_3273_cov_4.137996	2896	3029	21	3	133	0.0225564
NODE_55990_length_3273_cov_4.137996	2896	3029	23	2	133	0.0150376
NODE_55990_length_3273_cov_4.137996	2896	3029	26	12	133	0.0902256
NODE_55990_length_3273_cov_4.137996	2896	3029	27	11	133	0.0827068
NODE_55990_length_3273_cov_4.137996	2896	3029	28	25	133	0.1879699
NODE_55990_length_3273_cov_4.137996	2896	3029	30	20	133	0.1503759
NODE_55990_length_3273_cov_4.137996	2896	3029	31	18	133	0.1353384
NODE_55990_length_3273_cov_4.137996	2896	3029	32	6	133	0.0451128
NODE_55990_length_3273_cov_4.137996	2896	3029	33	14	133	0.1052632
NODE_55991_length_3273_cov_4.114997	2611	2744	1	7	133	0.0526316
NODE_55991_length_3273_cov_4.114997	2611	2744	2	16	133	0.1203008
NODE_55991_length_3273_cov_4.114997	2611	2744	4	13	133	0.0977444
NODE_55991_length_3273_cov_4.114997	2611	2744	5	36	133	0.2706767
NODE_55991_length_3273_cov_4.114997	2611	2744	6	10	133	0.0751880
NODE_55991_length_3273_cov_4.114997	2611	2744	8	23	133	0.1729323
NODE_55991_length_3273_cov_4.114997	2611	2744	9	28	133	0.2105263
NODE_56011_length_3272_cov_4.938544	2713	2846	7	4	133	0.0300752
NODE_56011_length_3272_cov_4.938544	2713	2846	8	3	133	0.0225564
NODE_56011_length_3272_cov_4.938544	2713	2846	10	20	133	0.1503759
NODE_56011_length_3272_cov_4.938544	2713	2846	11	65	133	0.4887218
NODE_56011_length_3272_cov_4.938544	2713	2846	12	39	133	0.2932331
NODE_56011_length_3272_cov_4.938544	2713	2846	13	2	133	0.0150376
NODE_56014_length_3272_cov_4.647967	2770	2903	5	6	133	0.0451128
NODE_56014_length_3272_cov_4.647967	2770	2903	6	1	133	0.0075188
NODE_56014_length_3272_cov_4.647967	2770	2903	10	8	133	0.0601504
NODE_56014_length_3272_cov_4.647967	2770	2903	11	5	133	0.0375940
NODE_56014_length_3272_cov_4.647967	2770	2903	12	3	133	0.0225564
NODE_56014_length_3272_cov_4.647967	2770	2903	14	12	133	0.0902256
NODE_56014_length_3272_cov_4.647967	2770	2903	15	8	133	0.0601504
NODE_56014_length_3272_cov_4.647967	2770	2903	16	11	133	0.0827068
NODE_56014_length_3272_cov_4.647967	2770	2903	18	5	133	0.0375940
NODE_56014_length_3272_cov_4.647967	2770	2903	20	2	133	0.0150376
NODE_56014_length_3272_cov_4.647967	2770	2903	21	2	133	0.0150376
NODE_56014_length_3272_cov_4.647967	2770	2903	22	30	133	0.2255639
NODE_56014_length_3272_cov_4.647967	2770	2903	23	18	133	0.1353384
NODE_56014_length_3272_cov_4.647967	2770	2903	24	21	133	0.1578947
NODE_56014_length_3272_cov_4.647967	2770	2903	25	1	133	0.0075188
NODE_56017_length_3272_cov_4.196659	1555	1688	6	54	133	0.4060150
NODE_56017_length_3272_cov_4.196659	1555	1688	7	7	133	0.0526316
NODE_56017_length_3272_cov_4.196659	1555	1688	8	2	133	0.0150376
NODE_56017_length_3272_cov_4.196659	1555	1688	9	18	133	0.1353384
NODE_56017_length_3272_cov_4.196659	1555	1688	10	2	133	0.0150376
NODE_56017_length_3272_cov_4.196659	1555	1688	11	11	133	0.0827068
NODE_56017_length_3272_cov_4.196659	1555	1688	12	20	133	0.1503759
NODE_56017_length_3272_cov_4.196659	1555	1688	13	5	133	0.0375940
NODE_56017_length_3272_cov_4.196659	1555	1688	15	2	133	0.0150376
NODE_56017_length_3272_cov_4.196659	1555	1688	16	12	133	0.0902256
NODE_56030_length_3272_cov_3.403404	1049	1182	4	9	133	0.0676692
NODE_56030_length_3272_cov_3.403404	1049	1182	5	2	133	0.0150376
NODE_56030_length_3272_cov_3.403404	1049	1182	6	16	133	0.1203008
NODE_56030_length_3272_cov_3.403404	1049	1182	7	11	133	0.0827068
NODE_56030_length_3272_cov_3.403404	1049	1182	8	46	133	0.3458647
NODE_56030_length_3272_cov_3.403404	1049	1182	9	49	133	0.3684210
NODE_56068_length_3271_cov_3.444199	2260	2393	4	5	133	0.0375940
NODE_56068_length_3271_cov_3.444199	2260	2393	6	12	133	0.0902256
NODE_56068_length_3271_cov_3.444199	2260	2393	8	16	133	0.1203008
NODE_56068_length_3271_cov_3.444199	2260	2393	9	1	133	0.0075188
NODE_56068_length_3271_cov_3.444199	2260	2393	10	5	133	0.0375940
NODE_56068_length_3271_cov_3.444199	2260	2393	11	34	133	0.2556391
NODE_56068_length_3271_cov_3.444199	2260	2393	12	56	133	0.4210526
NODE_56068_length_3271_cov_3.444199	2260	2393	13	4	133	0.0300752
NODE_5609_length_9093_cov_3.616744	3485	3618	4	20	133	0.1503759
NODE_5609_length_9093_cov_3.616744	3485	3618	5	2	133	0.0150376
NODE_5609_length_9093_cov_3.616744	3485	3618	6	20	133	0.1503759
NODE_5609_length_9093_cov_3.616744	3485	3618	8	20	133	0.1503759
NODE_5609_length_9093_cov_3.616744	3485	3618	9	6	133	0.0451128
NODE_5609_length_9093_cov_3.616744	3485	3618	10	47	133	0.3533835
NODE_5609_length_9093_cov_3.616744	3485	3618	11	18	133	0.1353384
NODE_560_length_17155_cov_4.299367	12038	12171	3	1	133	0.0075188
NODE_560_length_17155_cov_4.299367	12038	12171	4	19	133	0.1428571
NODE_560_length_17155_cov_4.299367	12038	12171	6	16	133	0.1203008
NODE_560_length_17155_cov_4.299367	12038	12171	8	13	133	0.0977444
NODE_560_length_17155_cov_4.299367	12038	12171	9	44	133	0.3308271
NODE_560_length_17155_cov_4.299367	12038	12171	10	32	133	0.2406015
NODE_560_length_17155_cov_4.299367	12038	12171	11	5	133	0.0375940
NODE_560_length_17155_cov_4.299367	12038	12171	12	3	133	0.0225564
NODE_56185_length_3267_cov_3.939078	1127	1260	4	5	133	0.0375940
NODE_56185_length_3267_cov_3.939078	1127	1260	5	52	133	0.3909774
NODE_56185_length_3267_cov_3.939078	1127	1260	6	5	133	0.0375940
NODE_56185_length_3267_cov_3.939078	1127	1260	7	70	133	0.5263158
NODE_56185_length_3267_cov_3.939078	1127	1260	8	1	133	0.0075188
NODE_56254_length_3265_cov_3.651927	2023	2156	7	10	133	0.0751880
NODE_56254_length_3265_cov_3.651927	2023	2156	10	9	133	0.0676692
NODE_56254_length_3265_cov_3.651927	2023	2156	11	3	133	0.0225564
NODE_56254_length_3265_cov_3.651927	2023	2156	12	1	133	0.0075188
NODE_56254_length_3265_cov_3.651927	2023	2156	13	19	133	0.1428571
NODE_56254_length_3265_cov_3.651927	2023	2156	14	30	133	0.2255639
NODE_56254_length_3265_cov_3.651927	2023	2156	15	22	133	0.1654135
NODE_56254_length_3265_cov_3.651927	2023	2156	16	32	133	0.2406015
NODE_56254_length_3265_cov_3.651927	2023	2156	18	3	133	0.0225564
NODE_56254_length_3265_cov_3.651927	2023	2156	19	4	133	0.0300752
NODE_56271_length_3264_cov_4.395261	1051	1184	2	41	133	0.3082707
NODE_56271_length_3264_cov_4.395261	1051	1184	3	92	133	0.6917293
NODE_56308_length_3263_cov_4.469659	1016	1149	10	3	133	0.0225564
NODE_56308_length_3263_cov_4.469659	1016	1149	11	14	133	0.1052632
NODE_56308_length_3263_cov_4.469659	1016	1149	12	11	133	0.0827068
NODE_56308_length_3263_cov_4.469659	1016	1149	13	13	133	0.0977444
NODE_56308_length_3263_cov_4.469659	1016	1149	14	15	133	0.1127820
NODE_56308_length_3263_cov_4.469659	1016	1149	15	41	133	0.3082707
NODE_56308_length_3263_cov_4.469659	1016	1149	16	22	133	0.1654135
NODE_56308_length_3263_cov_4.469659	1016	1149	17	3	133	0.0225564
NODE_56308_length_3263_cov_4.469659	1016	1149	18	11	133	0.0827068
NODE_5631_length_9084_cov_4.074791	7137	7270	1	19	133	0.1428571
NODE_5631_length_9084_cov_4.074791	7137	7270	2	10	133	0.0751880
NODE_5631_length_9084_cov_4.074791	7137	7270	3	29	133	0.2180451
NODE_5631_length_9084_cov_4.074791	7137	7270	5	40	133	0.3007519
NODE_5631_length_9084_cov_4.074791	7137	7270	6	35	133	0.2631579
NODE_56321_length_3263_cov_3.884008	807	940	11	11	133	0.0827068
NODE_56321_length_3263_cov_3.884008	807	940	12	22	133	0.1654135
NODE_56321_length_3263_cov_3.884008	807	940	13	11	133	0.0827068
NODE_56321_length_3263_cov_3.884008	807	940	14	28	133	0.2105263
NODE_56321_length_3263_cov_3.884008	807	940	15	45	133	0.3383459
NODE_56321_length_3263_cov_3.884008	807	940	16	16	133	0.1203008
NODE_56327_length_3263_cov_3.662769	2562	2695	1	34	133	0.2556391
NODE_56327_length_3263_cov_3.662769	2562	2695	2	59	133	0.4436090
NODE_56327_length_3263_cov_3.662769	2562	2695	3	40	133	0.3007519
NODE_5640_length_9080_cov_21.275582	3258	3391	19	13	133	0.0977444
NODE_5640_length_9080_cov_21.275582	3258	3391	20	4	133	0.0300752
NODE_5640_length_9080_cov_21.275582	3258	3391	21	1	133	0.0075188
NODE_5640_length_9080_cov_21.275582	3258	3391	23	4	133	0.0300752
NODE_5640_length_9080_cov_21.275582	3258	3391	24	32	133	0.2406015
NODE_5640_length_9080_cov_21.275582	3258	3391	25	14	133	0.1052632
NODE_5640_length_9080_cov_21.275582	3258	3391	26	2	133	0.0150376
NODE_5640_length_9080_cov_21.275582	3258	3391	28	12	133	0.0902256
NODE_5640_length_9080_cov_21.275582	3258	3391	29	5	133	0.0375940
NODE_5640_length_9080_cov_21.275582	3258	3391	30	27	133	0.2030075
NODE_5640_length_9080_cov_21.275582	3258	3391	31	19	133	0.1428571
NODE_5644_length_9075_cov_4.736074	753	886	29	8	133	0.0601504
NODE_5644_length_9075_cov_4.736074	753	886	30	9	133	0.0676692
NODE_5644_length_9075_cov_4.736074	753	886	31	5	133	0.0375940
NODE_5644_length_9075_cov_4.736074	753	886	32	2	133	0.0150376
NODE_5644_length_9075_cov_4.736074	753	886	34	3	133	0.0225564
NODE_5644_length_9075_cov_4.736074	753	886	35	1	133	0.0075188
NODE_5644_length_9075_cov_4.736074	753	886	36	3	133	0.0225564
NODE_5644_length_9075_cov_4.736074	753	886	38	2	133	0.0150376
NODE_5644_length_9075_cov_4.736074	753	886	39	4	133	0.0300752
NODE_5644_length_9075_cov_4.736074	753	886	40	6	133	0.0451128
NODE_5644_length_9075_cov_4.736074	753	886	41	2	133	0.0150376
NODE_5644_length_9075_cov_4.736074	753	886	42	1	133	0.0075188
NODE_5644_length_9075_cov_4.736074	753	886	43	15	133	0.1127820
NODE_5644_length_9075_cov_4.736074	753	886	44	11	133	0.0827068
NODE_5644_length_9075_cov_4.736074	753	886	45	4	133	0.0300752
NODE_5644_length_9075_cov_4.736074	753	886	46	5	133	0.0375940
NODE_5644_length_9075_cov_4.736074	753	886	47	6	133	0.0451128
NODE_5644_length_9075_cov_4.736074	753	886	48	19	133	0.1428571
NODE_5644_length_9075_cov_4.736074	753	886	49	7	133	0.0526316
NODE_5644_length_9075_cov_4.736074	753	886	50	12	133	0.0902256
NODE_5644_length_9075_cov_4.736074	753	886	51	6	133	0.0451128
NODE_5644_length_9075_cov_4.736074	753	886	52	2	133	0.0150376
NODE_56459_length_3258_cov_7.068376	1525	1658	24	7	133	0.0526316
NODE_56459_length_3258_cov_7.068376	1525	1658	25	11	133	0.0827068
NODE_56459_length_3258_cov_7.068376	1525	1658	26	17	133	0.1278196
NODE_56459_length_3258_cov_7.068376	1525	1658	27	12	133	0.0902256
NODE_56459_length_3258_cov_7.068376	1525	1658	28	17	133	0.1278196
NODE_56459_length_3258_cov_7.068376	1525	1658	29	4	133	0.0300752
NODE_56459_length_3258_cov_7.068376	1525	1658	30	31	133	0.2330827
NODE_56459_length_3258_cov_7.068376	1525	1658	31	8	133	0.0601504
NODE_56459_length_3258_cov_7.068376	1525	1658	32	5	133	0.0375940
NODE_56459_length_3258_cov_7.068376	1525	1658	33	14	133	0.1052632
NODE_56459_length_3258_cov_7.068376	1525	1658	34	7	133	0.0526316
NODE_56476_length_3258_cov_3.857866	2314	2447	4	21	133	0.1578947
NODE_56476_length_3258_cov_3.857866	2314	2447	5	39	133	0.2932331
NODE_56476_length_3258_cov_3.857866	2314	2447	6	18	133	0.1353384
NODE_56476_length_3258_cov_3.857866	2314	2447	7	44	133	0.3308271
NODE_56476_length_3258_cov_3.857866	2314	2447	8	11	133	0.0827068
NODE_56499_length_3257_cov_4.024699	1001	1134	9	20	133	0.1503759
NODE_56499_length_3257_cov_4.024699	1001	1134	10	3	133	0.0225564
NODE_56499_length_3257_cov_4.024699	1001	1134	12	20	133	0.1503759
NODE_56499_length_3257_cov_4.024699	1001	1134	13	22	133	0.1654135
NODE_56499_length_3257_cov_4.024699	1001	1134	14	35	133	0.2631579
NODE_56499_length_3257_cov_4.024699	1001	1134	15	23	133	0.1729323
NODE_56499_length_3257_cov_4.024699	1001	1134	16	10	133	0.0751880
NODE_56538_length_3256_cov_3.514412	1236	1369	12	17	133	0.1278196
NODE_56538_length_3256_cov_3.514412	1236	1369	13	9	133	0.0676692
NODE_56538_length_3256_cov_3.514412	1236	1369	14	26	133	0.1954887
NODE_56538_length_3256_cov_3.514412	1236	1369	15	38	133	0.2857143
NODE_56538_length_3256_cov_3.514412	1236	1369	16	25	133	0.1879699
NODE_56538_length_3256_cov_3.514412	1236	1369	17	11	133	0.0827068
NODE_56538_length_3256_cov_3.514412	1236	1369	18	7	133	0.0526316
NODE_5655_length_9066_cov_4.728783	6119	6252	6	4	133	0.0300752
NODE_5655_length_9066_cov_4.728783	6119	6252	7	18	133	0.1353384
NODE_5655_length_9066_cov_4.728783	6119	6252	8	1	133	0.0075188
NODE_5655_length_9066_cov_4.728783	6119	6252	10	19	133	0.1428571
NODE_5655_length_9066_cov_4.728783	6119	6252	12	1	133	0.0075188
NODE_5655_length_9066_cov_4.728783	6119	6252	14	2	133	0.0150376
NODE_5655_length_9066_cov_4.728783	6119	6252	15	6	133	0.0451128
NODE_5655_length_9066_cov_4.728783	6119	6252	16	13	133	0.0977444
NODE_5655_length_9066_cov_4.728783	6119	6252	17	12	133	0.0902256
NODE_5655_length_9066_cov_4.728783	6119	6252	18	10	133	0.0751880
NODE_5655_length_9066_cov_4.728783	6119	6252	19	17	133	0.1278196
NODE_5655_length_9066_cov_4.728783	6119	6252	20	16	133	0.1203008
NODE_5655_length_9066_cov_4.728783	6119	6252	21	14	133	0.1052632
NODE_56566_length_3255_cov_3.713878	511	644	8	4	133	0.0300752
NODE_56566_length_3255_cov_3.713878	511	644	10	5	133	0.0375940
NODE_56566_length_3255_cov_3.713878	511	644	11	3	133	0.0225564
NODE_56566_length_3255_cov_3.713878	511	644	12	1	133	0.0075188
NODE_56566_length_3255_cov_3.713878	511	644	13	1	133	0.0075188
NODE_56566_length_3255_cov_3.713878	511	644	14	3	133	0.0225564
NODE_56566_length_3255_cov_3.713878	511	644	15	21	133	0.1578947
NODE_56566_length_3255_cov_3.713878	511	644	16	25	133	0.1879699
NODE_56566_length_3255_cov_3.713878	511	644	17	19	133	0.1428571
NODE_56566_length_3255_cov_3.713878	511	644	18	3	133	0.0225564
NODE_56566_length_3255_cov_3.713878	511	644	19	21	133	0.1578947
NODE_56566_length_3255_cov_3.713878	511	644	20	20	133	0.1503759
NODE_56566_length_3255_cov_3.713878	511	644	21	7	133	0.0526316
NODE_56633_length_3253_cov_3.714965	1665	1798	16	9	133	0.0676692
NODE_56633_length_3253_cov_3.714965	1665	1798	17	7	133	0.0526316
NODE_56633_length_3253_cov_3.714965	1665	1798	18	13	133	0.0977444
NODE_56633_length_3253_cov_3.714965	1665	1798	19	13	133	0.0977444
NODE_56633_length_3253_cov_3.714965	1665	1798	20	8	133	0.0601504
NODE_56633_length_3253_cov_3.714965	1665	1798	21	9	133	0.0676692
NODE_56633_length_3253_cov_3.714965	1665	1798	22	9	133	0.0676692
NODE_56633_length_3253_cov_3.714965	1665	1798	23	12	133	0.0902256
NODE_56633_length_3253_cov_3.714965	1665	1798	24	17	133	0.1278196
NODE_56633_length_3253_cov_3.714965	1665	1798	25	5	133	0.0375940
NODE_56633_length_3253_cov_3.714965	1665	1798	26	12	133	0.0902256
NODE_56633_length_3253_cov_3.714965	1665	1798	27	10	133	0.0751880
NODE_56633_length_3253_cov_3.714965	1665	1798	28	9	133	0.0676692
NODE_5666_length_9060_cov_5.112822	6895	7028	8	9	133	0.0676692
NODE_5666_length_9060_cov_5.112822	6895	7028	9	4	133	0.0300752
NODE_5666_length_9060_cov_5.112822	6895	7028	10	5	133	0.0375940
NODE_5666_length_9060_cov_5.112822	6895	7028	11	1	133	0.0075188
NODE_5666_length_9060_cov_5.112822	6895	7028	12	7	133	0.0526316
NODE_5666_length_9060_cov_5.112822	6895	7028	14	4	133	0.0300752
NODE_5666_length_9060_cov_5.112822	6895	7028	15	12	133	0.0902256
NODE_5666_length_9060_cov_5.112822	6895	7028	16	5	133	0.0375940
NODE_5666_length_9060_cov_5.112822	6895	7028	17	36	133	0.2706767
NODE_5666_length_9060_cov_5.112822	6895	7028	18	9	133	0.0676692
NODE_5666_length_9060_cov_5.112822	6895	7028	19	2	133	0.0150376
NODE_5666_length_9060_cov_5.112822	6895	7028	21	9	133	0.0676692
NODE_5666_length_9060_cov_5.112822	6895	7028	22	17	133	0.1278196
NODE_5666_length_9060_cov_5.112822	6895	7028	24	7	133	0.0526316
NODE_5666_length_9060_cov_5.112822	6895	7028	25	6	133	0.0451128
NODE_56684_length_3251_cov_4.609772	1031	1164	14	1	133	0.0075188
NODE_56684_length_3251_cov_4.609772	1031	1164	15	8	133	0.0601504
NODE_56684_length_3251_cov_4.609772	1031	1164	16	3	133	0.0225564
NODE_56684_length_3251_cov_4.609772	1031	1164	17	4	133	0.0300752
NODE_56684_length_3251_cov_4.609772	1031	1164	18	1	133	0.0075188
NODE_56684_length_3251_cov_4.609772	1031	1164	20	5	133	0.0375940
NODE_56684_length_3251_cov_4.609772	1031	1164	21	4	133	0.0300752
NODE_56684_length_3251_cov_4.609772	1031	1164	22	1	133	0.0075188
NODE_56684_length_3251_cov_4.609772	1031	1164	24	4	133	0.0300752
NODE_56684_length_3251_cov_4.609772	1031	1164	25	1	133	0.0075188
NODE_56684_length_3251_cov_4.609772	1031	1164	26	2	133	0.0150376
NODE_56684_length_3251_cov_4.609772	1031	1164	27	6	133	0.0451128
NODE_56684_length_3251_cov_4.609772	1031	1164	28	5	133	0.0375940
NODE_56684_length_3251_cov_4.609772	1031	1164	29	17	133	0.1278196
NODE_56684_length_3251_cov_4.609772	1031	1164	30	8	133	0.0601504
NODE_56684_length_3251_cov_4.609772	1031	1164	31	1	133	0.0075188
NODE_56684_length_3251_cov_4.609772	1031	1164	32	2	133	0.0150376
NODE_56684_length_3251_cov_4.609772	1031	1164	33	6	133	0.0451128
NODE_56684_length_3251_cov_4.609772	1031	1164	36	1	133	0.0075188
NODE_56684_length_3251_cov_4.609772	1031	1164	37	2	133	0.0150376
NODE_56684_length_3251_cov_4.609772	1031	1164	38	8	133	0.0601504
NODE_56684_length_3251_cov_4.609772	1031	1164	39	1	133	0.0075188
NODE_56684_length_3251_cov_4.609772	1031	1164	40	5	133	0.0375940
NODE_56684_length_3251_cov_4.609772	1031	1164	41	1	133	0.0075188
NODE_56684_length_3251_cov_4.609772	1031	1164	43	9	133	0.0676692
NODE_56684_length_3251_cov_4.609772	1031	1164	44	11	133	0.0827068
NODE_56684_length_3251_cov_4.609772	1031	1164	45	8	133	0.0601504
NODE_56684_length_3251_cov_4.609772	1031	1164	46	7	133	0.0526316
NODE_56684_length_3251_cov_4.609772	1031	1164	49	1	133	0.0075188
NODE_56769_length_3248_cov_4.613528	1887	2020	0	86	133	0.6466165
NODE_56769_length_3248_cov_4.613528	1887	2020	2	47	133	0.3533835
NODE_5677_length_9057_cov_3.856553	4859	4992	16	1	133	0.0075188
NODE_5677_length_9057_cov_3.856553	4859	4992	17	9	133	0.0676692
NODE_5677_length_9057_cov_3.856553	4859	4992	19	6	133	0.0451128
NODE_5677_length_9057_cov_3.856553	4859	4992	20	12	133	0.0902256
NODE_5677_length_9057_cov_3.856553	4859	4992	21	23	133	0.1729323
NODE_5677_length_9057_cov_3.856553	4859	4992	22	1	133	0.0075188
NODE_5677_length_9057_cov_3.856553	4859	4992	24	13	133	0.0977444
NODE_5677_length_9057_cov_3.856553	4859	4992	25	8	133	0.0601504
NODE_5677_length_9057_cov_3.856553	4859	4992	26	8	133	0.0601504
NODE_5677_length_9057_cov_3.856553	4859	4992	27	19	133	0.1428571
NODE_5677_length_9057_cov_3.856553	4859	4992	28	21	133	0.1578947
NODE_5677_length_9057_cov_3.856553	4859	4992	29	12	133	0.0902256
NODE_56780_length_3248_cov_3.749444	3040	3173	22	3	133	0.0225564
NODE_56780_length_3248_cov_3.749444	3040	3173	23	8	133	0.0601504
NODE_56780_length_3248_cov_3.749444	3040	3173	25	6	133	0.0451128
NODE_56780_length_3248_cov_3.749444	3040	3173	26	6	133	0.0451128
NODE_56780_length_3248_cov_3.749444	3040	3173	27	4	133	0.0300752
NODE_56780_length_3248_cov_3.749444	3040	3173	28	4	133	0.0300752
NODE_56780_length_3248_cov_3.749444	3040	3173	29	3	133	0.0225564
NODE_56780_length_3248_cov_3.749444	3040	3173	30	4	133	0.0300752
NODE_56780_length_3248_cov_3.749444	3040	3173	31	4	133	0.0300752
NODE_56780_length_3248_cov_3.749444	3040	3173	32	8	133	0.0601504
NODE_56780_length_3248_cov_3.749444	3040	3173	33	6	133	0.0451128
NODE_56780_length_3248_cov_3.749444	3040	3173	34	1	133	0.0075188
NODE_56780_length_3248_cov_3.749444	3040	3173	35	21	133	0.1578947
NODE_56780_length_3248_cov_3.749444	3040	3173	36	21	133	0.1578947
NODE_56780_length_3248_cov_3.749444	3040	3173	37	25	133	0.1879699
NODE_56780_length_3248_cov_3.749444	3040	3173	38	7	133	0.0526316
NODE_56780_length_3248_cov_3.749444	3040	3173	39	2	133	0.0150376
NODE_56793_length_3247_cov_9.580368	1952	2085	5	4	133	0.0300752
NODE_56793_length_3247_cov_9.580368	1952	2085	6	12	133	0.0902256
NODE_56793_length_3247_cov_9.580368	1952	2085	7	37	133	0.2781955
NODE_56793_length_3247_cov_9.580368	1952	2085	8	65	133	0.4887218
NODE_56793_length_3247_cov_9.580368	1952	2085	9	15	133	0.1127820
NODE_56803_length_3247_cov_4.630877	1080	1213	3	8	133	0.0601504
NODE_56803_length_3247_cov_4.630877	1080	1213	4	89	133	0.6691729
NODE_56803_length_3247_cov_4.630877	1080	1213	5	30	133	0.2255639
NODE_56803_length_3247_cov_4.630877	1080	1213	6	6	133	0.0451128
NODE_56819_length_3247_cov_3.297014	651	784	2	2	133	0.0150376
NODE_56819_length_3247_cov_3.297014	651	784	3	26	133	0.1954887
NODE_56819_length_3247_cov_3.297014	651	784	4	105	133	0.7894737
NODE_56874_length_3245_cov_4.397648	2685	2818	10	7	133	0.0526316
NODE_56874_length_3245_cov_4.397648	2685	2818	11	49	133	0.3684210
NODE_56874_length_3245_cov_4.397648	2685	2818	12	37	133	0.2781955
NODE_56874_length_3245_cov_4.397648	2685	2818	13	36	133	0.2706767
NODE_56874_length_3245_cov_4.397648	2685	2818	14	4	133	0.0300752
NODE_5687_length_9052_cov_4.497152	8714	8847	5	55	133	0.4135338
NODE_5687_length_9052_cov_4.497152	8714	8847	6	19	133	0.1428571
NODE_5687_length_9052_cov_4.497152	8714	8847	7	29	133	0.2180451
NODE_5687_length_9052_cov_4.497152	8714	8847	8	4	133	0.0300752
NODE_5687_length_9052_cov_4.497152	8714	8847	9	26	133	0.1954887
NODE_56890_length_3245_cov_3.789256	2082	2215	26	1	133	0.0075188
NODE_56890_length_3245_cov_3.789256	2082	2215	27	13	133	0.0977444
NODE_56890_length_3245_cov_3.789256	2082	2215	28	2	133	0.0150376
NODE_56890_length_3245_cov_3.789256	2082	2215	29	1	133	0.0075188
NODE_56890_length_3245_cov_3.789256	2082	2215	30	1	133	0.0075188
NODE_56890_length_3245_cov_3.789256	2082	2215	31	1	133	0.0075188
NODE_56890_length_3245_cov_3.789256	2082	2215	32	9	133	0.0676692
NODE_56890_length_3245_cov_3.789256	2082	2215	33	9	133	0.0676692
NODE_56890_length_3245_cov_3.789256	2082	2215	34	4	133	0.0300752
NODE_56890_length_3245_cov_3.789256	2082	2215	35	13	133	0.0977444
NODE_56890_length_3245_cov_3.789256	2082	2215	36	33	133	0.2481203
NODE_56890_length_3245_cov_3.789256	2082	2215	37	17	133	0.1278196
NODE_56890_length_3245_cov_3.789256	2082	2215	38	19	133	0.1428571
NODE_56890_length_3245_cov_3.789256	2082	2215	39	6	133	0.0451128
NODE_56890_length_3245_cov_3.789256	2082	2215	40	4	133	0.0300752
NODE_56905_length_3244_cov_4.394595	2815	2948	3	16	133	0.1203008
NODE_56905_length_3244_cov_4.394595	2815	2948	5	11	133	0.0827068
NODE_56905_length_3244_cov_4.394595	2815	2948	6	5	133	0.0375940
NODE_56905_length_3244_cov_4.394595	2815	2948	7	5	133	0.0375940
NODE_56905_length_3244_cov_4.394595	2815	2948	9	51	133	0.3834586
NODE_56905_length_3244_cov_4.394595	2815	2948	10	45	133	0.3383459
NODE_5692_length_9050_cov_5.707519	5966	6099	9	32	133	0.2406015
NODE_5692_length_9050_cov_5.707519	5966	6099	10	64	133	0.4812030
NODE_5692_length_9050_cov_5.707519	5966	6099	11	24	133	0.1804511
NODE_5692_length_9050_cov_5.707519	5966	6099	12	7	133	0.0526316
NODE_5692_length_9050_cov_5.707519	5966	6099	13	1	133	0.0075188
NODE_5692_length_9050_cov_5.707519	5966	6099	14	5	133	0.0375940
NODE_56985_length_3242_cov_3.491569	2572	2705	6	11	133	0.0827068
NODE_56985_length_3242_cov_3.491569	2572	2705	7	86	133	0.6466165
NODE_56985_length_3242_cov_3.491569	2572	2705	8	13	133	0.0977444
NODE_56985_length_3242_cov_3.491569	2572	2705	9	15	133	0.1127820
NODE_56985_length_3242_cov_3.491569	2572	2705	10	8	133	0.0601504
NODE_57017_length_3241_cov_3.223743	1830	1963	6	30	133	0.2255639
NODE_57017_length_3241_cov_3.223743	1830	1963	7	9	133	0.0676692
NODE_57017_length_3241_cov_3.223743	1830	1963	8	69	133	0.5187970
NODE_57017_length_3241_cov_3.223743	1830	1963	9	5	133	0.0375940
NODE_57017_length_3241_cov_3.223743	1830	1963	10	20	133	0.1503759
NODE_57117_length_3237_cov_5.025494	1134	1267	3	6	133	0.0451128
NODE_57117_length_3237_cov_5.025494	1134	1267	5	3	133	0.0225564
NODE_57117_length_3237_cov_5.025494	1134	1267	6	15	133	0.1127820
NODE_57117_length_3237_cov_5.025494	1134	1267	8	49	133	0.3684210
NODE_57117_length_3237_cov_5.025494	1134	1267	9	48	133	0.3609022
NODE_57117_length_3237_cov_5.025494	1134	1267	10	12	133	0.0902256
NODE_57128_length_3237_cov_4.067878	380	513	0	21	133	0.1578947
NODE_57128_length_3237_cov_4.067878	380	513	1	17	133	0.1278196
NODE_57128_length_3237_cov_4.067878	380	513	2	6	133	0.0451128
NODE_57128_length_3237_cov_4.067878	380	513	3	2	133	0.0150376
NODE_57128_length_3237_cov_4.067878	380	513	4	50	133	0.3759398
NODE_57128_length_3237_cov_4.067878	380	513	5	12	133	0.0902256
NODE_57128_length_3237_cov_4.067878	380	513	6	16	133	0.1203008
NODE_57128_length_3237_cov_4.067878	380	513	7	9	133	0.0676692
NODE_57131_length_3237_cov_4.014340	812	945	3	2	133	0.0150376
NODE_57131_length_3237_cov_4.014340	812	945	4	16	133	0.1203008
NODE_57131_length_3237_cov_4.014340	812	945	5	56	133	0.4210526
NODE_57131_length_3237_cov_4.014340	812	945	6	59	133	0.4436090
NODE_5714_length_9040_cov_4.124930	2676	2809	5	21	133	0.1578947
NODE_5714_length_9040_cov_4.124930	2676	2809	6	85	133	0.6390978
NODE_5714_length_9040_cov_4.124930	2676	2809	7	5	133	0.0375940
NODE_5714_length_9040_cov_4.124930	2676	2809	8	22	133	0.1654135
NODE_57157_length_3236_cov_5.000319	231	364	17	4	133	0.0300752
NODE_57157_length_3236_cov_5.000319	231	364	18	30	133	0.2255639
NODE_57157_length_3236_cov_5.000319	231	364	19	10	133	0.0751880
NODE_57157_length_3236_cov_5.000319	231	364	20	22	133	0.1654135
NODE_57157_length_3236_cov_5.000319	231	364	21	34	133	0.2556391
NODE_57157_length_3236_cov_5.000319	231	364	22	20	133	0.1503759
NODE_57157_length_3236_cov_5.000319	231	364	23	13	133	0.0977444
NODE_57171_length_3236_cov_3.550207	939	1072	9	2	133	0.0150376
NODE_57171_length_3236_cov_3.550207	939	1072	11	4	133	0.0300752
NODE_57171_length_3236_cov_3.550207	939	1072	13	7	133	0.0526316
NODE_57171_length_3236_cov_3.550207	939	1072	14	9	133	0.0676692
NODE_57171_length_3236_cov_3.550207	939	1072	15	45	133	0.3383459
NODE_57171_length_3236_cov_3.550207	939	1072	16	16	133	0.1203008
NODE_57171_length_3236_cov_3.550207	939	1072	17	4	133	0.0300752
NODE_57171_length_3236_cov_3.550207	939	1072	18	1	133	0.0075188
NODE_57171_length_3236_cov_3.550207	939	1072	19	45	133	0.3383459
NODE_5719_length_9038_cov_13.701197	2659	2792	7	5	133	0.0375940
NODE_5719_length_9038_cov_13.701197	2659	2792	8	24	133	0.1804511
NODE_5719_length_9038_cov_13.701197	2659	2792	10	2	133	0.0150376
NODE_5719_length_9038_cov_13.701197	2659	2792	12	23	133	0.1729323
NODE_5719_length_9038_cov_13.701197	2659	2792	13	26	133	0.1954887
NODE_5719_length_9038_cov_13.701197	2659	2792	14	50	133	0.3759398
NODE_5719_length_9038_cov_13.701197	2659	2792	15	3	133	0.0225564
NODE_571_length_17052_cov_4.768714	12902	13035	7	11	133	0.0827068
NODE_571_length_17052_cov_4.768714	12902	13035	8	26	133	0.1954887
NODE_571_length_17052_cov_4.768714	12902	13035	9	19	133	0.1428571
NODE_571_length_17052_cov_4.768714	12902	13035	10	4	133	0.0300752
NODE_571_length_17052_cov_4.768714	12902	13035	11	10	133	0.0751880
NODE_571_length_17052_cov_4.768714	12902	13035	12	4	133	0.0300752
NODE_571_length_17052_cov_4.768714	12902	13035	13	48	133	0.3609022
NODE_571_length_17052_cov_4.768714	12902	13035	14	11	133	0.0827068
NODE_57218_length_3234_cov_4.760766	2787	2920	4	4	133	0.0300752
NODE_57218_length_3234_cov_4.760766	2787	2920	5	1	133	0.0075188
NODE_57218_length_3234_cov_4.760766	2787	2920	6	6	133	0.0451128
NODE_57218_length_3234_cov_4.760766	2787	2920	7	14	133	0.1052632
NODE_57218_length_3234_cov_4.760766	2787	2920	8	71	133	0.5338346
NODE_57218_length_3234_cov_4.760766	2787	2920	9	5	133	0.0375940
NODE_57218_length_3234_cov_4.760766	2787	2920	10	32	133	0.2406015
NODE_57227_length_3234_cov_4.443381	1999	2132	4	9	133	0.0676692
NODE_57227_length_3234_cov_4.443381	1999	2132	5	20	133	0.1503759
NODE_57227_length_3234_cov_4.443381	1999	2132	6	34	133	0.2556391
NODE_57227_length_3234_cov_4.443381	1999	2132	7	13	133	0.0977444
NODE_57227_length_3234_cov_4.443381	1999	2132	8	57	133	0.4285714
NODE_5729_length_9032_cov_5.369529	7704	7837	10	26	133	0.1954887
NODE_5729_length_9032_cov_5.369529	7704	7837	11	2	133	0.0150376
NODE_5729_length_9032_cov_5.369529	7704	7837	13	1	133	0.0075188
NODE_5729_length_9032_cov_5.369529	7704	7837	14	3	133	0.0225564
NODE_5729_length_9032_cov_5.369529	7704	7837	16	3	133	0.0225564
NODE_5729_length_9032_cov_5.369529	7704	7837	17	12	133	0.0902256
NODE_5729_length_9032_cov_5.369529	7704	7837	18	8	133	0.0601504
NODE_5729_length_9032_cov_5.369529	7704	7837	19	23	133	0.1729323
NODE_5729_length_9032_cov_5.369529	7704	7837	20	8	133	0.0601504
NODE_5729_length_9032_cov_5.369529	7704	7837	21	19	133	0.1428571
NODE_5729_length_9032_cov_5.369529	7704	7837	22	22	133	0.1654135
NODE_5729_length_9032_cov_5.369529	7704	7837	23	6	133	0.0451128
NODE_5734_length_9027_cov_4.703517	6673	6806	11	2	133	0.0150376
NODE_5734_length_9027_cov_4.703517	6673	6806	12	23	133	0.1729323
NODE_5734_length_9027_cov_4.703517	6673	6806	13	3	133	0.0225564
NODE_5734_length_9027_cov_4.703517	6673	6806	15	13	133	0.0977444
NODE_5734_length_9027_cov_4.703517	6673	6806	16	5	133	0.0375940
NODE_5734_length_9027_cov_4.703517	6673	6806	17	5	133	0.0375940
NODE_5734_length_9027_cov_4.703517	6673	6806	18	12	133	0.0902256
NODE_5734_length_9027_cov_4.703517	6673	6806	19	7	133	0.0526316
NODE_5734_length_9027_cov_4.703517	6673	6806	20	19	133	0.1428571
NODE_5734_length_9027_cov_4.703517	6673	6806	21	15	133	0.1127820
NODE_5734_length_9027_cov_4.703517	6673	6806	22	1	133	0.0075188
NODE_5734_length_9027_cov_4.703517	6673	6806	23	17	133	0.1278196
NODE_5734_length_9027_cov_4.703517	6673	6806	24	11	133	0.0827068
NODE_57355_length_3230_cov_2.843820	2676	2809	20	7	133	0.0526316
NODE_57355_length_3230_cov_2.843820	2676	2809	21	2	133	0.0150376
NODE_57355_length_3230_cov_2.843820	2676	2809	22	22	133	0.1654135
NODE_57355_length_3230_cov_2.843820	2676	2809	23	8	133	0.0601504
NODE_57355_length_3230_cov_2.843820	2676	2809	24	26	133	0.1954887
NODE_57355_length_3230_cov_2.843820	2676	2809	25	4	133	0.0300752
NODE_57355_length_3230_cov_2.843820	2676	2809	26	13	133	0.0977444
NODE_57355_length_3230_cov_2.843820	2676	2809	27	6	133	0.0451128
NODE_57355_length_3230_cov_2.843820	2676	2809	28	3	133	0.0225564
NODE_57355_length_3230_cov_2.843820	2676	2809	29	8	133	0.0601504
NODE_57355_length_3230_cov_2.843820	2676	2809	30	1	133	0.0075188
NODE_57355_length_3230_cov_2.843820	2676	2809	31	8	133	0.0601504
NODE_57355_length_3230_cov_2.843820	2676	2809	32	2	133	0.0150376
NODE_57355_length_3230_cov_2.843820	2676	2809	33	19	133	0.1428571
NODE_57355_length_3230_cov_2.843820	2676	2809	34	2	133	0.0150376
NODE_57355_length_3230_cov_2.843820	2676	2809	35	1	133	0.0075188
NODE_57355_length_3230_cov_2.843820	2676	2809	36	1	133	0.0075188
NODE_57362_length_3229_cov_4.894249	2324	2457	22	3	133	0.0225564
NODE_57362_length_3229_cov_4.894249	2324	2457	23	1	133	0.0075188
NODE_57362_length_3229_cov_4.894249	2324	2457	25	5	133	0.0375940
NODE_57362_length_3229_cov_4.894249	2324	2457	26	3	133	0.0225564
NODE_57362_length_3229_cov_4.894249	2324	2457	27	7	133	0.0526316
NODE_57362_length_3229_cov_4.894249	2324	2457	28	10	133	0.0751880
NODE_57362_length_3229_cov_4.894249	2324	2457	29	3	133	0.0225564
NODE_57362_length_3229_cov_4.894249	2324	2457	30	1	133	0.0075188
NODE_57362_length_3229_cov_4.894249	2324	2457	31	8	133	0.0601504
NODE_57362_length_3229_cov_4.894249	2324	2457	32	11	133	0.0827068
NODE_57362_length_3229_cov_4.894249	2324	2457	33	17	133	0.1278196
NODE_57362_length_3229_cov_4.894249	2324	2457	34	16	133	0.1203008
NODE_57362_length_3229_cov_4.894249	2324	2457	35	29	133	0.2180451
NODE_57362_length_3229_cov_4.894249	2324	2457	36	4	133	0.0300752
NODE_57362_length_3229_cov_4.894249	2324	2457	37	11	133	0.0827068
NODE_57362_length_3229_cov_4.894249	2324	2457	38	4	133	0.0300752
NODE_5736_length_9025_cov_4.761707	373	506	2	18	133	0.1353384
NODE_5736_length_9025_cov_4.761707	373	506	3	14	133	0.1052632
NODE_5736_length_9025_cov_4.761707	373	506	7	9	133	0.0676692
NODE_5736_length_9025_cov_4.761707	373	506	9	14	133	0.1052632
NODE_5736_length_9025_cov_4.761707	373	506	11	11	133	0.0827068
NODE_5736_length_9025_cov_4.761707	373	506	12	4	133	0.0300752
NODE_5736_length_9025_cov_4.761707	373	506	14	5	133	0.0375940
NODE_5736_length_9025_cov_4.761707	373	506	16	25	133	0.1879699
NODE_5736_length_9025_cov_4.761707	373	506	17	13	133	0.0977444
NODE_5736_length_9025_cov_4.761707	373	506	18	20	133	0.1503759
NODE_5742_length_9022_cov_4.271545	6297	6430	12	19	133	0.1428571
NODE_5742_length_9022_cov_4.271545	6297	6430	13	4	133	0.0300752
NODE_5742_length_9022_cov_4.271545	6297	6430	14	40	133	0.3007519
NODE_5742_length_9022_cov_4.271545	6297	6430	16	11	133	0.0827068
NODE_5742_length_9022_cov_4.271545	6297	6430	17	15	133	0.1127820
NODE_5742_length_9022_cov_4.271545	6297	6430	18	30	133	0.2255639
NODE_5742_length_9022_cov_4.271545	6297	6430	19	13	133	0.0977444
NODE_5742_length_9022_cov_4.271545	6297	6430	20	1	133	0.0075188
NODE_57461_length_3226_cov_4.888711	1122	1255	13	5	133	0.0375940
NODE_57461_length_3226_cov_4.888711	1122	1255	14	11	133	0.0827068
NODE_57461_length_3226_cov_4.888711	1122	1255	15	27	133	0.2030075
NODE_57461_length_3226_cov_4.888711	1122	1255	16	15	133	0.1127820
NODE_57461_length_3226_cov_4.888711	1122	1255	17	1	133	0.0075188
NODE_57461_length_3226_cov_4.888711	1122	1255	18	3	133	0.0225564
NODE_57461_length_3226_cov_4.888711	1122	1255	19	3	133	0.0225564
NODE_57461_length_3226_cov_4.888711	1122	1255	20	6	133	0.0451128
NODE_57461_length_3226_cov_4.888711	1122	1255	21	14	133	0.1052632
NODE_57461_length_3226_cov_4.888711	1122	1255	22	28	133	0.2105263
NODE_57461_length_3226_cov_4.888711	1122	1255	23	20	133	0.1503759
NODE_5746_length_9020_cov_4.399619	6916	7049	4	6	133	0.0451128
NODE_5746_length_9020_cov_4.399619	6916	7049	5	15	133	0.1127820
NODE_5746_length_9020_cov_4.399619	6916	7049	6	10	133	0.0751880
NODE_5746_length_9020_cov_4.399619	6916	7049	7	30	133	0.2255639
NODE_5746_length_9020_cov_4.399619	6916	7049	9	8	133	0.0601504
NODE_5746_length_9020_cov_4.399619	6916	7049	10	8	133	0.0601504
NODE_5746_length_9020_cov_4.399619	6916	7049	11	24	133	0.1804511
NODE_5746_length_9020_cov_4.399619	6916	7049	12	12	133	0.0902256
NODE_5746_length_9020_cov_4.399619	6916	7049	13	20	133	0.1503759
NODE_5750_length_9019_cov_3.227242	6535	6668	7	13	133	0.0977444
NODE_5750_length_9019_cov_3.227242	6535	6668	8	62	133	0.4661654
NODE_5750_length_9019_cov_3.227242	6535	6668	9	18	133	0.1353384
NODE_5750_length_9019_cov_3.227242	6535	6668	10	38	133	0.2857143
NODE_5750_length_9019_cov_3.227242	6535	6668	11	2	133	0.0150376
NODE_57511_length_3225_cov_3.594370	2448	2581	0	18	133	0.1353384
NODE_57511_length_3225_cov_3.594370	2448	2581	13	1	133	0.0075188
NODE_57511_length_3225_cov_3.594370	2448	2581	14	4	133	0.0300752
NODE_57511_length_3225_cov_3.594370	2448	2581	15	4	133	0.0300752
NODE_57511_length_3225_cov_3.594370	2448	2581	17	6	133	0.0451128
NODE_57511_length_3225_cov_3.594370	2448	2581	19	38	133	0.2857143
NODE_57511_length_3225_cov_3.594370	2448	2581	21	16	133	0.1203008
NODE_57511_length_3225_cov_3.594370	2448	2581	22	17	133	0.1278196
NODE_57511_length_3225_cov_3.594370	2448	2581	23	29	133	0.2180451
NODE_57583_length_3222_cov_4.531540	1663	1796	2	16	133	0.1203008
NODE_57583_length_3222_cov_4.531540	1663	1796	3	6	133	0.0451128
NODE_57583_length_3222_cov_4.531540	1663	1796	4	14	133	0.1052632
NODE_57583_length_3222_cov_4.531540	1663	1796	5	15	133	0.1127820
NODE_57583_length_3222_cov_4.531540	1663	1796	7	9	133	0.0676692
NODE_57583_length_3222_cov_4.531540	1663	1796	9	5	133	0.0375940
NODE_57583_length_3222_cov_4.531540	1663	1796	10	64	133	0.4812030
NODE_57583_length_3222_cov_4.531540	1663	1796	11	4	133	0.0300752
NODE_57588_length_3222_cov_4.148255	1848	1981	1	3	133	0.0225564
NODE_57588_length_3222_cov_4.148255	1848	1981	2	10	133	0.0751880
NODE_57588_length_3222_cov_4.148255	1848	1981	3	19	133	0.1428571
NODE_57588_length_3222_cov_4.148255	1848	1981	5	29	133	0.2180451
NODE_57588_length_3222_cov_4.148255	1848	1981	6	69	133	0.5187970
NODE_57588_length_3222_cov_4.148255	1848	1981	7	3	133	0.0225564
NODE_5765_length_9011_cov_4.501010	5177	5310	16	2	133	0.0150376
NODE_5765_length_9011_cov_4.501010	5177	5310	17	5	133	0.0375940
NODE_5765_length_9011_cov_4.501010	5177	5310	18	4	133	0.0300752
NODE_5765_length_9011_cov_4.501010	5177	5310	19	9	133	0.0676692
NODE_5765_length_9011_cov_4.501010	5177	5310	20	2	133	0.0150376
NODE_5765_length_9011_cov_4.501010	5177	5310	21	3	133	0.0225564
NODE_5765_length_9011_cov_4.501010	5177	5310	22	3	133	0.0225564
NODE_5765_length_9011_cov_4.501010	5177	5310	23	4	133	0.0300752
NODE_5765_length_9011_cov_4.501010	5177	5310	24	15	133	0.1127820
NODE_5765_length_9011_cov_4.501010	5177	5310	25	1	133	0.0075188
NODE_5765_length_9011_cov_4.501010	5177	5310	26	6	133	0.0451128
NODE_5765_length_9011_cov_4.501010	5177	5310	27	6	133	0.0451128
NODE_5765_length_9011_cov_4.501010	5177	5310	28	7	133	0.0526316
NODE_5765_length_9011_cov_4.501010	5177	5310	29	16	133	0.1203008
NODE_5765_length_9011_cov_4.501010	5177	5310	30	22	133	0.1654135
NODE_5765_length_9011_cov_4.501010	5177	5310	31	19	133	0.1428571
NODE_5765_length_9011_cov_4.501010	5177	5310	32	5	133	0.0375940
NODE_5765_length_9011_cov_4.501010	5177	5310	33	4	133	0.0300752
NODE_57671_length_3219_cov_4.457372	822	955	19	2	133	0.0150376
NODE_57671_length_3219_cov_4.457372	822	955	20	1	133	0.0075188
NODE_57671_length_3219_cov_4.457372	822	955	21	7	133	0.0526316
NODE_57671_length_3219_cov_4.457372	822	955	22	20	133	0.1503759
NODE_57671_length_3219_cov_4.457372	822	955	23	7	133	0.0526316
NODE_57671_length_3219_cov_4.457372	822	955	24	10	133	0.0751880
NODE_57671_length_3219_cov_4.457372	822	955	25	9	133	0.0676692
NODE_57671_length_3219_cov_4.457372	822	955	26	5	133	0.0375940
NODE_57671_length_3219_cov_4.457372	822	955	27	31	133	0.2330827
NODE_57671_length_3219_cov_4.457372	822	955	28	11	133	0.0827068
NODE_57671_length_3219_cov_4.457372	822	955	29	5	133	0.0375940
NODE_57671_length_3219_cov_4.457372	822	955	30	10	133	0.0751880
NODE_57671_length_3219_cov_4.457372	822	955	31	3	133	0.0225564
NODE_57671_length_3219_cov_4.457372	822	955	32	12	133	0.0902256
NODE_5767_length_9009_cov_4.356566	4514	4647	13	1	133	0.0075188
NODE_5767_length_9009_cov_4.356566	4514	4647	15	35	133	0.2631579
NODE_5767_length_9009_cov_4.356566	4514	4647	16	19	133	0.1428571
NODE_5767_length_9009_cov_4.356566	4514	4647	17	5	133	0.0375940
NODE_5767_length_9009_cov_4.356566	4514	4647	18	9	133	0.0676692
NODE_5767_length_9009_cov_4.356566	4514	4647	19	47	133	0.3533835
NODE_5767_length_9009_cov_4.356566	4514	4647	20	9	133	0.0676692
NODE_5767_length_9009_cov_4.356566	4514	4647	21	8	133	0.0601504
NODE_57734_length_3217_cov_4.976588	292	425	30	1	133	0.0075188
NODE_57734_length_3217_cov_4.976588	292	425	31	1	133	0.0075188
NODE_57734_length_3217_cov_4.976588	292	425	32	30	133	0.2255639
NODE_57734_length_3217_cov_4.976588	292	425	33	11	133	0.0827068
NODE_57734_length_3217_cov_4.976588	292	425	34	36	133	0.2706767
NODE_57734_length_3217_cov_4.976588	292	425	35	21	133	0.1578947
NODE_57734_length_3217_cov_4.976588	292	425	36	21	133	0.1578947
NODE_57734_length_3217_cov_4.976588	292	425	37	7	133	0.0526316
NODE_57734_length_3217_cov_4.976588	292	425	38	5	133	0.0375940
NODE_57784_length_3215_cov_3.525353	1121	1254	5	8	133	0.0601504
NODE_57784_length_3215_cov_3.525353	1121	1254	6	31	133	0.2330827
NODE_57784_length_3215_cov_3.525353	1121	1254	7	4	133	0.0300752
NODE_57784_length_3215_cov_3.525353	1121	1254	8	14	133	0.1052632
NODE_57784_length_3215_cov_3.525353	1121	1254	10	8	133	0.0601504
NODE_57784_length_3215_cov_3.525353	1121	1254	11	3	133	0.0225564
NODE_57784_length_3215_cov_3.525353	1121	1254	13	12	133	0.0902256
NODE_57784_length_3215_cov_3.525353	1121	1254	14	31	133	0.2330827
NODE_57784_length_3215_cov_3.525353	1121	1254	15	22	133	0.1654135
NODE_57786_length_3215_cov_3.432606	1887	2020	11	12	133	0.0902256
NODE_57786_length_3215_cov_3.432606	1887	2020	12	4	133	0.0300752
NODE_57786_length_3215_cov_3.432606	1887	2020	13	29	133	0.2180451
NODE_57786_length_3215_cov_3.432606	1887	2020	14	35	133	0.2631579
NODE_57786_length_3215_cov_3.432606	1887	2020	15	33	133	0.2481203
NODE_57786_length_3215_cov_3.432606	1887	2020	16	20	133	0.1503759
NODE_57816_length_3214_cov_3.143178	253	386	3	33	133	0.2481203
NODE_57816_length_3214_cov_3.143178	253	386	4	14	133	0.1052632
NODE_57816_length_3214_cov_3.143178	253	386	6	2	133	0.0150376
NODE_57816_length_3214_cov_3.143178	253	386	7	1	133	0.0075188
NODE_57816_length_3214_cov_3.143178	253	386	8	13	133	0.0977444
NODE_57816_length_3214_cov_3.143178	253	386	9	20	133	0.1503759
NODE_57816_length_3214_cov_3.143178	253	386	10	11	133	0.0827068
NODE_57816_length_3214_cov_3.143178	253	386	11	39	133	0.2932331
NODE_57824_length_3213_cov_6.650931	1020	1153	0	133	133	1.0000000
NODE_57844_length_3212_cov_6.129136	2674	2807	13	8	133	0.0601504
NODE_57844_length_3212_cov_6.129136	2674	2807	14	5	133	0.0375940
NODE_57844_length_3212_cov_6.129136	2674	2807	15	25	133	0.1879699
NODE_57844_length_3212_cov_6.129136	2674	2807	16	26	133	0.1954887
NODE_57844_length_3212_cov_6.129136	2674	2807	17	25	133	0.1879699
NODE_57844_length_3212_cov_6.129136	2674	2807	18	32	133	0.2406015
NODE_57844_length_3212_cov_6.129136	2674	2807	19	12	133	0.0902256
NODE_57887_length_3211_cov_4.156491	2260	2393	1	46	133	0.3458647
NODE_57887_length_3211_cov_4.156491	2260	2393	2	10	133	0.0751880
NODE_57887_length_3211_cov_4.156491	2260	2393	3	3	133	0.0225564
NODE_57887_length_3211_cov_4.156491	2260	2393	4	67	133	0.5037594
NODE_57887_length_3211_cov_4.156491	2260	2393	5	7	133	0.0526316
NODE_57894_length_3211_cov_3.713046	142	275	15	5	133	0.0375940
NODE_57894_length_3211_cov_3.713046	142	275	16	6	133	0.0451128
NODE_57894_length_3211_cov_3.713046	142	275	17	13	133	0.0977444
NODE_57894_length_3211_cov_3.713046	142	275	19	14	133	0.1052632
NODE_57894_length_3211_cov_3.713046	142	275	20	22	133	0.1654135
NODE_57894_length_3211_cov_3.713046	142	275	21	5	133	0.0375940
NODE_57894_length_3211_cov_3.713046	142	275	22	18	133	0.1353384
NODE_57894_length_3211_cov_3.713046	142	275	23	13	133	0.0977444
NODE_57894_length_3211_cov_3.713046	142	275	24	37	133	0.2781955
NODE_578_length_17025_cov_4.628441	383	516	11	4	133	0.0300752
NODE_578_length_17025_cov_4.628441	383	516	12	2	133	0.0150376
NODE_578_length_17025_cov_4.628441	383	516	13	14	133	0.1052632
NODE_578_length_17025_cov_4.628441	383	516	14	2	133	0.0150376
NODE_578_length_17025_cov_4.628441	383	516	15	6	133	0.0451128
NODE_578_length_17025_cov_4.628441	383	516	16	8	133	0.0601504
NODE_578_length_17025_cov_4.628441	383	516	17	39	133	0.2932331
NODE_578_length_17025_cov_4.628441	383	516	18	37	133	0.2781955
NODE_578_length_17025_cov_4.628441	383	516	19	20	133	0.1503759
NODE_578_length_17025_cov_4.628441	383	516	20	1	133	0.0075188
NODE_57934_length_3210_cov_3.311154	1118	1251	1	5	133	0.0375940
NODE_57934_length_3210_cov_3.311154	1118	1251	2	6	133	0.0451128
NODE_57934_length_3210_cov_3.311154	1118	1251	4	8	133	0.0601504
NODE_57934_length_3210_cov_3.311154	1118	1251	5	14	133	0.1052632
NODE_57934_length_3210_cov_3.311154	1118	1251	6	100	133	0.7518797
NODE_57953_length_3209_cov_4.412862	2768	2901	16	8	133	0.0601504
NODE_57953_length_3209_cov_4.412862	2768	2901	17	11	133	0.0827068
NODE_57953_length_3209_cov_4.412862	2768	2901	18	10	133	0.0751880
NODE_57953_length_3209_cov_4.412862	2768	2901	19	35	133	0.2631579
NODE_57953_length_3209_cov_4.412862	2768	2901	20	44	133	0.3308271
NODE_57953_length_3209_cov_4.412862	2768	2901	21	25	133	0.1879699
NODE_57960_length_3209_cov_4.000965	1493	1626	3	2	133	0.0150376
NODE_57960_length_3209_cov_4.000965	1493	1626	4	10	133	0.0751880
NODE_57960_length_3209_cov_4.000965	1493	1626	5	7	133	0.0526316
NODE_57960_length_3209_cov_4.000965	1493	1626	6	8	133	0.0601504
NODE_57960_length_3209_cov_4.000965	1493	1626	8	20	133	0.1503759
NODE_57960_length_3209_cov_4.000965	1493	1626	9	16	133	0.1203008
NODE_57960_length_3209_cov_4.000965	1493	1626	11	9	133	0.0676692
NODE_57960_length_3209_cov_4.000965	1493	1626	13	2	133	0.0150376
NODE_57960_length_3209_cov_4.000965	1493	1626	14	15	133	0.1127820
NODE_57960_length_3209_cov_4.000965	1493	1626	15	17	133	0.1278196
NODE_57960_length_3209_cov_4.000965	1493	1626	16	27	133	0.2030075
NODE_58014_length_3207_cov_4.447233	852	985	17	4	133	0.0300752
NODE_58014_length_3207_cov_4.447233	852	985	20	7	133	0.0526316
NODE_58014_length_3207_cov_4.447233	852	985	21	21	133	0.1578947
NODE_58014_length_3207_cov_4.447233	852	985	22	4	133	0.0300752
NODE_58014_length_3207_cov_4.447233	852	985	23	3	133	0.0225564
NODE_58014_length_3207_cov_4.447233	852	985	24	12	133	0.0902256
NODE_58014_length_3207_cov_4.447233	852	985	25	7	133	0.0526316
NODE_58014_length_3207_cov_4.447233	852	985	26	7	133	0.0526316
NODE_58014_length_3207_cov_4.447233	852	985	27	1	133	0.0075188
NODE_58014_length_3207_cov_4.447233	852	985	28	14	133	0.1052632
NODE_58014_length_3207_cov_4.447233	852	985	29	46	133	0.3458647
NODE_58014_length_3207_cov_4.447233	852	985	30	7	133	0.0526316
NODE_5801_length_8992_cov_4.505229	1440	1573	7	12	133	0.0902256
NODE_5801_length_8992_cov_4.505229	1440	1573	8	18	133	0.1353384
NODE_5801_length_8992_cov_4.505229	1440	1573	9	15	133	0.1127820
NODE_5801_length_8992_cov_4.505229	1440	1573	11	2	133	0.0150376
NODE_5801_length_8992_cov_4.505229	1440	1573	12	2	133	0.0150376
NODE_5801_length_8992_cov_4.505229	1440	1573	13	6	133	0.0451128
NODE_5801_length_8992_cov_4.505229	1440	1573	14	16	133	0.1203008
NODE_5801_length_8992_cov_4.505229	1440	1573	15	33	133	0.2481203
NODE_5801_length_8992_cov_4.505229	1440	1573	16	20	133	0.1503759
NODE_5801_length_8992_cov_4.505229	1440	1573	17	1	133	0.0075188
NODE_5801_length_8992_cov_4.505229	1440	1573	18	8	133	0.0601504
NODE_5803_length_8992_cov_4.189700	4072	4205	17	1	133	0.0075188
NODE_5803_length_8992_cov_4.189700	4072	4205	18	3	133	0.0225564
NODE_5803_length_8992_cov_4.189700	4072	4205	19	10	133	0.0751880
NODE_5803_length_8992_cov_4.189700	4072	4205	20	8	133	0.0601504
NODE_5803_length_8992_cov_4.189700	4072	4205	21	19	133	0.1428571
NODE_5803_length_8992_cov_4.189700	4072	4205	22	12	133	0.0902256
NODE_5803_length_8992_cov_4.189700	4072	4205	23	10	133	0.0751880
NODE_5803_length_8992_cov_4.189700	4072	4205	24	20	133	0.1503759
NODE_5803_length_8992_cov_4.189700	4072	4205	25	20	133	0.1503759
NODE_5803_length_8992_cov_4.189700	4072	4205	26	11	133	0.0827068
NODE_5803_length_8992_cov_4.189700	4072	4205	27	8	133	0.0601504
NODE_5803_length_8992_cov_4.189700	4072	4205	28	10	133	0.0751880
NODE_5803_length_8992_cov_4.189700	4072	4205	29	1	133	0.0075188
NODE_58134_length_3203_cov_4.114046	2207	2340	14	1	133	0.0075188
NODE_58134_length_3203_cov_4.114046	2207	2340	16	4	133	0.0300752
NODE_58134_length_3203_cov_4.114046	2207	2340	17	8	133	0.0601504
NODE_58134_length_3203_cov_4.114046	2207	2340	19	2	133	0.0150376
NODE_58134_length_3203_cov_4.114046	2207	2340	20	2	133	0.0150376
NODE_58134_length_3203_cov_4.114046	2207	2340	21	28	133	0.2105263
NODE_58134_length_3203_cov_4.114046	2207	2340	22	4	133	0.0300752
NODE_58134_length_3203_cov_4.114046	2207	2340	23	9	133	0.0676692
NODE_58134_length_3203_cov_4.114046	2207	2340	24	2	133	0.0150376
NODE_58134_length_3203_cov_4.114046	2207	2340	26	2	133	0.0150376
NODE_58134_length_3203_cov_4.114046	2207	2340	27	3	133	0.0225564
NODE_58134_length_3203_cov_4.114046	2207	2340	28	4	133	0.0300752
NODE_58134_length_3203_cov_4.114046	2207	2340	29	3	133	0.0225564
NODE_58134_length_3203_cov_4.114046	2207	2340	30	11	133	0.0827068
NODE_58134_length_3203_cov_4.114046	2207	2340	31	11	133	0.0827068
NODE_58134_length_3203_cov_4.114046	2207	2340	32	31	133	0.2330827
NODE_58134_length_3203_cov_4.114046	2207	2340	33	8	133	0.0601504
NODE_58167_length_3202_cov_3.484370	1570	1703	15	7	133	0.0526316
NODE_58167_length_3202_cov_3.484370	1570	1703	16	4	133	0.0300752
NODE_58167_length_3202_cov_3.484370	1570	1703	17	19	133	0.1428571
NODE_58167_length_3202_cov_3.484370	1570	1703	18	2	133	0.0150376
NODE_58167_length_3202_cov_3.484370	1570	1703	20	1	133	0.0075188
NODE_58167_length_3202_cov_3.484370	1570	1703	22	9	133	0.0676692
NODE_58167_length_3202_cov_3.484370	1570	1703	23	7	133	0.0526316
NODE_58167_length_3202_cov_3.484370	1570	1703	24	9	133	0.0676692
NODE_58167_length_3202_cov_3.484370	1570	1703	25	12	133	0.0902256
NODE_58167_length_3202_cov_3.484370	1570	1703	26	15	133	0.1127820
NODE_58167_length_3202_cov_3.484370	1570	1703	27	11	133	0.0827068
NODE_58167_length_3202_cov_3.484370	1570	1703	28	2	133	0.0150376
NODE_58167_length_3202_cov_3.484370	1570	1703	29	5	133	0.0375940
NODE_58167_length_3202_cov_3.484370	1570	1703	30	18	133	0.1353384
NODE_58167_length_3202_cov_3.484370	1570	1703	31	10	133	0.0751880
NODE_58167_length_3202_cov_3.484370	1570	1703	32	2	133	0.0150376
NODE_5817_length_8983_cov_4.792661	8021	8154	14	1	133	0.0075188
NODE_5817_length_8983_cov_4.792661	8021	8154	16	1	133	0.0075188
NODE_5817_length_8983_cov_4.792661	8021	8154	17	8	133	0.0601504
NODE_5817_length_8983_cov_4.792661	8021	8154	18	17	133	0.1278196
NODE_5817_length_8983_cov_4.792661	8021	8154	19	8	133	0.0601504
NODE_5817_length_8983_cov_4.792661	8021	8154	20	4	133	0.0300752
NODE_5817_length_8983_cov_4.792661	8021	8154	21	4	133	0.0300752
NODE_5817_length_8983_cov_4.792661	8021	8154	22	1	133	0.0075188
NODE_5817_length_8983_cov_4.792661	8021	8154	24	1	133	0.0075188
NODE_5817_length_8983_cov_4.792661	8021	8154	25	20	133	0.1503759
NODE_5817_length_8983_cov_4.792661	8021	8154	26	4	133	0.0300752
NODE_5817_length_8983_cov_4.792661	8021	8154	27	2	133	0.0150376
NODE_5817_length_8983_cov_4.792661	8021	8154	28	11	133	0.0827068
NODE_5817_length_8983_cov_4.792661	8021	8154	29	14	133	0.1052632
NODE_5817_length_8983_cov_4.792661	8021	8154	30	10	133	0.0751880
NODE_5817_length_8983_cov_4.792661	8021	8154	31	22	133	0.1654135
NODE_5817_length_8983_cov_4.792661	8021	8154	32	4	133	0.0300752
NODE_5817_length_8983_cov_4.792661	8021	8154	33	1	133	0.0075188
NODE_58240_length_3199_cov_4.837742	2574	2707	11	10	133	0.0751880
NODE_58240_length_3199_cov_4.837742	2574	2707	12	10	133	0.0751880
NODE_58240_length_3199_cov_4.837742	2574	2707	13	37	133	0.2781955
NODE_58240_length_3199_cov_4.837742	2574	2707	14	16	133	0.1203008
NODE_58240_length_3199_cov_4.837742	2574	2707	15	10	133	0.0751880
NODE_58240_length_3199_cov_4.837742	2574	2707	16	50	133	0.3759398
NODE_58246_length_3199_cov_4.540000	2358	2491	4	3	133	0.0225564
NODE_58246_length_3199_cov_4.540000	2358	2491	5	50	133	0.3759398
NODE_58246_length_3199_cov_4.540000	2358	2491	7	8	133	0.0601504
NODE_58246_length_3199_cov_4.540000	2358	2491	8	16	133	0.1203008
NODE_58246_length_3199_cov_4.540000	2358	2491	9	7	133	0.0526316
NODE_58246_length_3199_cov_4.540000	2358	2491	10	37	133	0.2781955
NODE_58246_length_3199_cov_4.540000	2358	2491	11	12	133	0.0902256
NODE_58265_length_3198_cov_5.283317	2374	2507	20	1	133	0.0075188
NODE_58265_length_3198_cov_5.283317	2374	2507	21	3	133	0.0225564
NODE_58265_length_3198_cov_5.283317	2374	2507	23	3	133	0.0225564
NODE_58265_length_3198_cov_5.283317	2374	2507	24	3	133	0.0225564
NODE_58265_length_3198_cov_5.283317	2374	2507	25	3	133	0.0225564
NODE_58265_length_3198_cov_5.283317	2374	2507	26	10	133	0.0751880
NODE_58265_length_3198_cov_5.283317	2374	2507	27	20	133	0.1503759
NODE_58265_length_3198_cov_5.283317	2374	2507	28	10	133	0.0751880
NODE_58265_length_3198_cov_5.283317	2374	2507	29	2	133	0.0150376
NODE_58265_length_3198_cov_5.283317	2374	2507	30	27	133	0.2030075
NODE_58265_length_3198_cov_5.283317	2374	2507	31	21	133	0.1578947
NODE_58265_length_3198_cov_5.283317	2374	2507	32	27	133	0.2030075
NODE_58265_length_3198_cov_5.283317	2374	2507	33	3	133	0.0225564
NODE_58268_length_3198_cov_4.874153	1970	2103	15	7	133	0.0526316
NODE_58268_length_3198_cov_4.874153	1970	2103	17	4	133	0.0300752
NODE_58268_length_3198_cov_4.874153	1970	2103	18	4	133	0.0300752
NODE_58268_length_3198_cov_4.874153	1970	2103	19	16	133	0.1203008
NODE_58268_length_3198_cov_4.874153	1970	2103	20	6	133	0.0451128
NODE_58268_length_3198_cov_4.874153	1970	2103	21	1	133	0.0075188
NODE_58268_length_3198_cov_4.874153	1970	2103	22	3	133	0.0225564
NODE_58268_length_3198_cov_4.874153	1970	2103	23	20	133	0.1503759
NODE_58268_length_3198_cov_4.874153	1970	2103	25	18	133	0.1353384
NODE_58268_length_3198_cov_4.874153	1970	2103	26	2	133	0.0150376
NODE_58268_length_3198_cov_4.874153	1970	2103	28	15	133	0.1127820
NODE_58268_length_3198_cov_4.874153	1970	2103	30	6	133	0.0451128
NODE_58268_length_3198_cov_4.874153	1970	2103	32	12	133	0.0902256
NODE_58268_length_3198_cov_4.874153	1970	2103	34	19	133	0.1428571
NODE_58286_length_3198_cov_3.719910	588	721	18	14	133	0.1052632
NODE_58286_length_3198_cov_3.719910	588	721	19	5	133	0.0375940
NODE_58286_length_3198_cov_3.719910	588	721	20	7	133	0.0526316
NODE_58286_length_3198_cov_3.719910	588	721	21	3	133	0.0225564
NODE_58286_length_3198_cov_3.719910	588	721	22	1	133	0.0075188
NODE_58286_length_3198_cov_3.719910	588	721	23	2	133	0.0150376
NODE_58286_length_3198_cov_3.719910	588	721	24	20	133	0.1503759
NODE_58286_length_3198_cov_3.719910	588	721	25	5	133	0.0375940
NODE_58286_length_3198_cov_3.719910	588	721	26	8	133	0.0601504
NODE_58286_length_3198_cov_3.719910	588	721	27	17	133	0.1278196
NODE_58286_length_3198_cov_3.719910	588	721	28	20	133	0.1503759
NODE_58286_length_3198_cov_3.719910	588	721	29	16	133	0.1203008
NODE_58286_length_3198_cov_3.719910	588	721	30	7	133	0.0526316
NODE_58286_length_3198_cov_3.719910	588	721	31	8	133	0.0601504
NODE_58306_length_3197_cov_4.934797	2010	2143	4	22	133	0.1654135
NODE_58306_length_3197_cov_4.934797	2010	2143	5	12	133	0.0902256
NODE_58306_length_3197_cov_4.934797	2010	2143	6	9	133	0.0676692
NODE_58306_length_3197_cov_4.934797	2010	2143	7	26	133	0.1954887
NODE_58306_length_3197_cov_4.934797	2010	2143	8	31	133	0.2330827
NODE_58306_length_3197_cov_4.934797	2010	2143	9	33	133	0.2481203
NODE_5833_length_8976_cov_4.804551	3565	3698	7	22	133	0.1654135
NODE_5833_length_8976_cov_4.804551	3565	3698	8	15	133	0.1127820
NODE_5833_length_8976_cov_4.804551	3565	3698	9	1	133	0.0075188
NODE_5833_length_8976_cov_4.804551	3565	3698	10	4	133	0.0300752
NODE_5833_length_8976_cov_4.804551	3565	3698	11	2	133	0.0150376
NODE_5833_length_8976_cov_4.804551	3565	3698	12	2	133	0.0150376
NODE_5833_length_8976_cov_4.804551	3565	3698	13	28	133	0.2105263
NODE_5833_length_8976_cov_4.804551	3565	3698	14	5	133	0.0375940
NODE_5833_length_8976_cov_4.804551	3565	3698	15	36	133	0.2706767
NODE_5833_length_8976_cov_4.804551	3565	3698	17	12	133	0.0902256
NODE_5833_length_8976_cov_4.804551	3565	3698	18	6	133	0.0451128
NODE_5834_length_8976_cov_4.623521	241	374	21	6	133	0.0451128
NODE_5834_length_8976_cov_4.623521	241	374	22	4	133	0.0300752
NODE_5834_length_8976_cov_4.623521	241	374	23	2	133	0.0150376
NODE_5834_length_8976_cov_4.623521	241	374	24	5	133	0.0375940
NODE_5834_length_8976_cov_4.623521	241	374	25	11	133	0.0827068
NODE_5834_length_8976_cov_4.623521	241	374	26	3	133	0.0225564
NODE_5834_length_8976_cov_4.623521	241	374	27	7	133	0.0526316
NODE_5834_length_8976_cov_4.623521	241	374	28	21	133	0.1578947
NODE_5834_length_8976_cov_4.623521	241	374	29	13	133	0.0977444
NODE_5834_length_8976_cov_4.623521	241	374	30	17	133	0.1278196
NODE_5834_length_8976_cov_4.623521	241	374	31	8	133	0.0601504
NODE_5834_length_8976_cov_4.623521	241	374	32	3	133	0.0225564
NODE_5834_length_8976_cov_4.623521	241	374	34	26	133	0.1954887
NODE_5834_length_8976_cov_4.623521	241	374	35	3	133	0.0225564
NODE_5834_length_8976_cov_4.623521	241	374	36	4	133	0.0300752
NODE_58366_length_3195_cov_4.429587	306	439	4	6	133	0.0451128
NODE_58366_length_3195_cov_4.429587	306	439	5	4	133	0.0300752
NODE_58366_length_3195_cov_4.429587	306	439	7	10	133	0.0751880
NODE_58366_length_3195_cov_4.429587	306	439	8	4	133	0.0300752
NODE_58366_length_3195_cov_4.429587	306	439	9	8	133	0.0601504
NODE_58366_length_3195_cov_4.429587	306	439	10	17	133	0.1278196
NODE_58366_length_3195_cov_4.429587	306	439	11	26	133	0.1954887
NODE_58366_length_3195_cov_4.429587	306	439	12	13	133	0.0977444
NODE_58366_length_3195_cov_4.429587	306	439	13	18	133	0.1353384
NODE_58366_length_3195_cov_4.429587	306	439	14	7	133	0.0526316
NODE_58366_length_3195_cov_4.429587	306	439	15	17	133	0.1278196
NODE_58366_length_3195_cov_4.429587	306	439	16	3	133	0.0225564
NODE_58369_length_3195_cov_4.299419	2840	2973	3	43	133	0.3233083
NODE_58369_length_3195_cov_4.299419	2840	2973	4	27	133	0.2030075
NODE_58369_length_3195_cov_4.299419	2840	2973	5	40	133	0.3007519
NODE_58369_length_3195_cov_4.299419	2840	2973	6	23	133	0.1729323
NODE_58382_length_3195_cov_3.660207	2957	3090	11	4	133	0.0300752
NODE_58382_length_3195_cov_3.660207	2957	3090	12	10	133	0.0751880
NODE_58382_length_3195_cov_3.660207	2957	3090	14	4	133	0.0300752
NODE_58382_length_3195_cov_3.660207	2957	3090	16	40	133	0.3007519
NODE_58382_length_3195_cov_3.660207	2957	3090	17	10	133	0.0751880
NODE_58382_length_3195_cov_3.660207	2957	3090	18	5	133	0.0375940
NODE_58382_length_3195_cov_3.660207	2957	3090	19	44	133	0.3308271
NODE_58382_length_3195_cov_3.660207	2957	3090	20	16	133	0.1203008
NODE_58409_length_3194_cov_4.135057	1865	1998	0	133	133	1.0000000
NODE_58492_length_3191_cov_32.629366	2458	2591	19	2	133	0.0150376
NODE_58492_length_3191_cov_32.629366	2458	2591	21	1	133	0.0075188
NODE_58492_length_3191_cov_32.629366	2458	2591	22	6	133	0.0451128
NODE_58492_length_3191_cov_32.629366	2458	2591	23	10	133	0.0751880
NODE_58492_length_3191_cov_32.629366	2458	2591	24	14	133	0.1052632
NODE_58492_length_3191_cov_32.629366	2458	2591	25	5	133	0.0375940
NODE_58492_length_3191_cov_32.629366	2458	2591	26	8	133	0.0601504
NODE_58492_length_3191_cov_32.629366	2458	2591	27	2	133	0.0150376
NODE_58492_length_3191_cov_32.629366	2458	2591	28	3	133	0.0225564
NODE_58492_length_3191_cov_32.629366	2458	2591	29	3	133	0.0225564
NODE_58492_length_3191_cov_32.629366	2458	2591	31	1	133	0.0075188
NODE_58492_length_3191_cov_32.629366	2458	2591	32	6	133	0.0451128
NODE_58492_length_3191_cov_32.629366	2458	2591	33	10	133	0.0751880
NODE_58492_length_3191_cov_32.629366	2458	2591	34	5	133	0.0375940
NODE_58492_length_3191_cov_32.629366	2458	2591	35	7	133	0.0526316
NODE_58492_length_3191_cov_32.629366	2458	2591	36	9	133	0.0676692
NODE_58492_length_3191_cov_32.629366	2458	2591	37	7	133	0.0526316
NODE_58492_length_3191_cov_32.629366	2458	2591	38	12	133	0.0902256
NODE_58492_length_3191_cov_32.629366	2458	2591	39	2	133	0.0150376
NODE_58492_length_3191_cov_32.629366	2458	2591	40	1	133	0.0075188
NODE_58492_length_3191_cov_32.629366	2458	2591	41	2	133	0.0150376
NODE_58492_length_3191_cov_32.629366	2458	2591	42	2	133	0.0150376
NODE_58492_length_3191_cov_32.629366	2458	2591	43	8	133	0.0601504
NODE_58492_length_3191_cov_32.629366	2458	2591	44	7	133	0.0526316
NODE_58498_length_3191_cov_5.021022	2925	3058	13	24	133	0.1804511
NODE_58498_length_3191_cov_5.021022	2925	3058	14	16	133	0.1203008
NODE_58498_length_3191_cov_5.021022	2925	3058	15	36	133	0.2706767
NODE_58498_length_3191_cov_5.021022	2925	3058	16	16	133	0.1203008
NODE_58498_length_3191_cov_5.021022	2925	3058	17	4	133	0.0300752
NODE_58498_length_3191_cov_5.021022	2925	3058	18	6	133	0.0451128
NODE_58498_length_3191_cov_5.021022	2925	3058	19	30	133	0.2255639
NODE_58498_length_3191_cov_5.021022	2925	3058	20	1	133	0.0075188
NODE_584_length_16993_cov_9.077838	9108	9241	19	2	133	0.0150376
NODE_584_length_16993_cov_9.077838	9108	9241	20	9	133	0.0676692
NODE_584_length_16993_cov_9.077838	9108	9241	21	2	133	0.0150376
NODE_584_length_16993_cov_9.077838	9108	9241	22	3	133	0.0225564
NODE_584_length_16993_cov_9.077838	9108	9241	23	2	133	0.0150376
NODE_584_length_16993_cov_9.077838	9108	9241	25	4	133	0.0300752
NODE_584_length_16993_cov_9.077838	9108	9241	26	5	133	0.0375940
NODE_584_length_16993_cov_9.077838	9108	9241	27	9	133	0.0676692
NODE_584_length_16993_cov_9.077838	9108	9241	28	21	133	0.1578947
NODE_584_length_16993_cov_9.077838	9108	9241	29	6	133	0.0451128
NODE_584_length_16993_cov_9.077838	9108	9241	30	9	133	0.0676692
NODE_584_length_16993_cov_9.077838	9108	9241	31	10	133	0.0751880
NODE_584_length_16993_cov_9.077838	9108	9241	32	19	133	0.1428571
NODE_584_length_16993_cov_9.077838	9108	9241	33	4	133	0.0300752
NODE_584_length_16993_cov_9.077838	9108	9241	34	10	133	0.0751880
NODE_584_length_16993_cov_9.077838	9108	9241	35	18	133	0.1353384
NODE_58513_length_3191_cov_3.967982	345	478	7	13	133	0.0977444
NODE_58513_length_3191_cov_3.967982	345	478	8	26	133	0.1954887
NODE_58513_length_3191_cov_3.967982	345	478	10	6	133	0.0451128
NODE_58513_length_3191_cov_3.967982	345	478	11	4	133	0.0300752
NODE_58513_length_3191_cov_3.967982	345	478	12	17	133	0.1278196
NODE_58513_length_3191_cov_3.967982	345	478	13	26	133	0.1954887
NODE_58513_length_3191_cov_3.967982	345	478	14	18	133	0.1353384
NODE_58513_length_3191_cov_3.967982	345	478	15	5	133	0.0375940
NODE_58513_length_3191_cov_3.967982	345	478	16	18	133	0.1353384
NODE_5851_length_8965_cov_4.568577	20	153	10	9	133	0.0676692
NODE_5851_length_8965_cov_4.568577	20	153	11	1	133	0.0075188
NODE_5851_length_8965_cov_4.568577	20	153	12	7	133	0.0526316
NODE_5851_length_8965_cov_4.568577	20	153	13	4	133	0.0300752
NODE_5851_length_8965_cov_4.568577	20	153	14	51	133	0.3834586
NODE_5851_length_8965_cov_4.568577	20	153	15	22	133	0.1654135
NODE_5851_length_8965_cov_4.568577	20	153	16	4	133	0.0300752
NODE_5851_length_8965_cov_4.568577	20	153	17	3	133	0.0225564
NODE_5851_length_8965_cov_4.568577	20	153	18	29	133	0.2180451
NODE_5851_length_8965_cov_4.568577	20	153	19	3	133	0.0225564
NODE_58546_length_3190_cov_3.682951	881	1014	0	63	133	0.4736842
NODE_58546_length_3190_cov_3.682951	881	1014	1	36	133	0.2706767
NODE_58546_length_3190_cov_3.682951	881	1014	2	34	133	0.2556391
NODE_5857_length_8963_cov_4.232626	6554	6687	3	23	133	0.1729323
NODE_5857_length_8963_cov_4.232626	6554	6687	4	69	133	0.5187970
NODE_5857_length_8963_cov_4.232626	6554	6687	5	41	133	0.3082707
NODE_58734_length_3183_cov_4.770428	921	1054	7	6	133	0.0451128
NODE_58734_length_3183_cov_4.770428	921	1054	8	9	133	0.0676692
NODE_58734_length_3183_cov_4.770428	921	1054	10	8	133	0.0601504
NODE_58734_length_3183_cov_4.770428	921	1054	11	11	133	0.0827068
NODE_58734_length_3183_cov_4.770428	921	1054	12	15	133	0.1127820
NODE_58734_length_3183_cov_4.770428	921	1054	13	36	133	0.2706767
NODE_58734_length_3183_cov_4.770428	921	1054	14	42	133	0.3157895
NODE_58734_length_3183_cov_4.770428	921	1054	15	2	133	0.0150376
NODE_58734_length_3183_cov_4.770428	921	1054	16	4	133	0.0300752
NODE_5873_length_8955_cov_5.480804	5597	5730	28	1	133	0.0075188
NODE_5873_length_8955_cov_5.480804	5597	5730	29	7	133	0.0526316
NODE_5873_length_8955_cov_5.480804	5597	5730	31	1	133	0.0075188
NODE_5873_length_8955_cov_5.480804	5597	5730	32	3	133	0.0225564
NODE_5873_length_8955_cov_5.480804	5597	5730	33	4	133	0.0300752
NODE_5873_length_8955_cov_5.480804	5597	5730	34	6	133	0.0451128
NODE_5873_length_8955_cov_5.480804	5597	5730	35	4	133	0.0300752
NODE_5873_length_8955_cov_5.480804	5597	5730	36	3	133	0.0225564
NODE_5873_length_8955_cov_5.480804	5597	5730	37	14	133	0.1052632
NODE_5873_length_8955_cov_5.480804	5597	5730	38	2	133	0.0150376
NODE_5873_length_8955_cov_5.480804	5597	5730	40	4	133	0.0300752
NODE_5873_length_8955_cov_5.480804	5597	5730	41	14	133	0.1052632
NODE_5873_length_8955_cov_5.480804	5597	5730	42	15	133	0.1127820
NODE_5873_length_8955_cov_5.480804	5597	5730	43	6	133	0.0451128
NODE_5873_length_8955_cov_5.480804	5597	5730	44	10	133	0.0751880
NODE_5873_length_8955_cov_5.480804	5597	5730	45	6	133	0.0451128
NODE_5873_length_8955_cov_5.480804	5597	5730	46	25	133	0.1879699
NODE_5873_length_8955_cov_5.480804	5597	5730	47	8	133	0.0601504
NODE_58782_length_3181_cov_5.166450	1844	1977	4	2	133	0.0150376
NODE_58782_length_3181_cov_5.166450	1844	1977	5	32	133	0.2406015
NODE_58782_length_3181_cov_5.166450	1844	1977	6	11	133	0.0827068
NODE_58782_length_3181_cov_5.166450	1844	1977	7	4	133	0.0300752
NODE_58782_length_3181_cov_5.166450	1844	1977	8	1	133	0.0075188
NODE_58782_length_3181_cov_5.166450	1844	1977	9	1	133	0.0075188
NODE_58782_length_3181_cov_5.166450	1844	1977	10	15	133	0.1127820
NODE_58782_length_3181_cov_5.166450	1844	1977	11	29	133	0.2180451
NODE_58782_length_3181_cov_5.166450	1844	1977	12	3	133	0.0225564
NODE_58782_length_3181_cov_5.166450	1844	1977	13	35	133	0.2631579
NODE_58784_length_3181_cov_5.072356	2473	2606	7	7	133	0.0526316
NODE_58784_length_3181_cov_5.072356	2473	2606	8	17	133	0.1278196
NODE_58784_length_3181_cov_5.072356	2473	2606	9	3	133	0.0225564
NODE_58784_length_3181_cov_5.072356	2473	2606	10	42	133	0.3157895
NODE_58784_length_3181_cov_5.072356	2473	2606	11	4	133	0.0300752
NODE_58784_length_3181_cov_5.072356	2473	2606	12	7	133	0.0526316
NODE_58784_length_3181_cov_5.072356	2473	2606	13	9	133	0.0676692
NODE_58784_length_3181_cov_5.072356	2473	2606	14	35	133	0.2631579
NODE_58784_length_3181_cov_5.072356	2473	2606	15	9	133	0.0676692
NODE_5885_length_8950_cov_4.628743	2385	2518	4	24	133	0.1804511
NODE_5885_length_8950_cov_4.628743	2385	2518	5	8	133	0.0601504
NODE_5885_length_8950_cov_4.628743	2385	2518	7	9	133	0.0676692
NODE_5885_length_8950_cov_4.628743	2385	2518	8	15	133	0.1127820
NODE_5885_length_8950_cov_4.628743	2385	2518	9	3	133	0.0225564
NODE_5885_length_8950_cov_4.628743	2385	2518	10	3	133	0.0225564
NODE_5885_length_8950_cov_4.628743	2385	2518	11	22	133	0.1654135
NODE_5885_length_8950_cov_4.628743	2385	2518	12	31	133	0.2330827
NODE_5885_length_8950_cov_4.628743	2385	2518	13	8	133	0.0601504
NODE_5885_length_8950_cov_4.628743	2385	2518	14	10	133	0.0751880
NODE_58872_length_3179_cov_3.417532	808	941	4	15	133	0.1127820
NODE_58872_length_3179_cov_3.417532	808	941	5	33	133	0.2481203
NODE_58872_length_3179_cov_3.417532	808	941	6	15	133	0.1127820
NODE_58872_length_3179_cov_3.417532	808	941	7	55	133	0.4135338
NODE_58872_length_3179_cov_3.417532	808	941	8	15	133	0.1127820
NODE_5893_length_8946_cov_5.243133	4089	4222	8	17	133	0.1278196
NODE_5893_length_8946_cov_5.243133	4089	4222	9	27	133	0.2030075
NODE_5893_length_8946_cov_5.243133	4089	4222	10	7	133	0.0526316
NODE_5893_length_8946_cov_5.243133	4089	4222	11	46	133	0.3458647
NODE_5893_length_8946_cov_5.243133	4089	4222	12	36	133	0.2706767
NODE_58942_length_3176_cov_4.454014	1443	1576	2	58	133	0.4360902
NODE_58942_length_3176_cov_4.454014	1443	1576	3	65	133	0.4887218
NODE_58942_length_3176_cov_4.454014	1443	1576	4	10	133	0.0751880
NODE_5896_length_8944_cov_4.789825	8469	8602	4	20	133	0.1503759
NODE_5896_length_8944_cov_4.789825	8469	8602	6	82	133	0.6165413
NODE_5896_length_8944_cov_4.789825	8469	8602	7	31	133	0.2330827
NODE_5897_length_8943_cov_5.196970	7289	7422	4	4	133	0.0300752
NODE_5897_length_8943_cov_5.196970	7289	7422	5	7	133	0.0526316
NODE_5897_length_8943_cov_5.196970	7289	7422	6	30	133	0.2255639
NODE_5897_length_8943_cov_5.196970	7289	7422	7	33	133	0.2481203
NODE_5897_length_8943_cov_5.196970	7289	7422	8	32	133	0.2406015
NODE_5897_length_8943_cov_5.196970	7289	7422	9	27	133	0.2030075
NODE_58982_length_3175_cov_3.466840	1609	1742	8	3	133	0.0225564
NODE_58982_length_3175_cov_3.466840	1609	1742	9	6	133	0.0451128
NODE_58982_length_3175_cov_3.466840	1609	1742	11	5	133	0.0375940
NODE_58982_length_3175_cov_3.466840	1609	1742	12	36	133	0.2706767
NODE_58982_length_3175_cov_3.466840	1609	1742	13	16	133	0.1203008
NODE_58982_length_3175_cov_3.466840	1609	1742	14	34	133	0.2556391
NODE_58982_length_3175_cov_3.466840	1609	1742	15	27	133	0.2030075
NODE_58982_length_3175_cov_3.466840	1609	1742	16	6	133	0.0451128
NODE_59082_length_3172_cov_3.273999	207	340	0	37	133	0.2781955
NODE_59082_length_3172_cov_3.273999	207	340	1	96	133	0.7218045
NODE_59103_length_3171_cov_4.260742	2202	2335	1	10	133	0.0751880
NODE_59103_length_3171_cov_4.260742	2202	2335	2	7	133	0.0526316
NODE_59103_length_3171_cov_4.260742	2202	2335	3	1	133	0.0075188
NODE_59103_length_3171_cov_4.260742	2202	2335	6	38	133	0.2857143
NODE_59103_length_3171_cov_4.260742	2202	2335	8	23	133	0.1729323
NODE_59103_length_3171_cov_4.260742	2202	2335	9	23	133	0.1729323
NODE_59103_length_3171_cov_4.260742	2202	2335	10	22	133	0.1654135
NODE_59103_length_3171_cov_4.260742	2202	2335	11	9	133	0.0676692
NODE_59106_length_3171_cov_3.997721	1985	2118	11	15	133	0.1127820
NODE_59106_length_3171_cov_3.997721	1985	2118	12	32	133	0.2406015
NODE_59106_length_3171_cov_3.997721	1985	2118	13	20	133	0.1503759
NODE_59106_length_3171_cov_3.997721	1985	2118	14	6	133	0.0451128
NODE_59106_length_3171_cov_3.997721	1985	2118	15	10	133	0.0751880
NODE_59106_length_3171_cov_3.997721	1985	2118	16	22	133	0.1654135
NODE_59106_length_3171_cov_3.997721	1985	2118	17	28	133	0.2105263
NODE_59192_length_3168_cov_4.793092	210	343	23	1	133	0.0075188
NODE_59192_length_3168_cov_4.793092	210	343	24	7	133	0.0526316
NODE_59192_length_3168_cov_4.793092	210	343	25	7	133	0.0526316
NODE_59192_length_3168_cov_4.793092	210	343	26	7	133	0.0526316
NODE_59192_length_3168_cov_4.793092	210	343	27	6	133	0.0451128
NODE_59192_length_3168_cov_4.793092	210	343	28	6	133	0.0451128
NODE_59192_length_3168_cov_4.793092	210	343	29	9	133	0.0676692
NODE_59192_length_3168_cov_4.793092	210	343	30	38	133	0.2857143
NODE_59192_length_3168_cov_4.793092	210	343	31	34	133	0.2556391
NODE_59192_length_3168_cov_4.793092	210	343	32	7	133	0.0526316
NODE_59192_length_3168_cov_4.793092	210	343	33	11	133	0.0827068
NODE_59202_length_3168_cov_4.278267	2141	2274	22	2	133	0.0150376
NODE_59202_length_3168_cov_4.278267	2141	2274	23	3	133	0.0225564
NODE_59202_length_3168_cov_4.278267	2141	2274	24	8	133	0.0601504
NODE_59202_length_3168_cov_4.278267	2141	2274	27	3	133	0.0225564
NODE_59202_length_3168_cov_4.278267	2141	2274	28	3	133	0.0225564
NODE_59202_length_3168_cov_4.278267	2141	2274	29	11	133	0.0827068
NODE_59202_length_3168_cov_4.278267	2141	2274	30	13	133	0.0977444
NODE_59202_length_3168_cov_4.278267	2141	2274	31	6	133	0.0451128
NODE_59202_length_3168_cov_4.278267	2141	2274	32	8	133	0.0601504
NODE_59202_length_3168_cov_4.278267	2141	2274	33	2	133	0.0150376
NODE_59202_length_3168_cov_4.278267	2141	2274	35	1	133	0.0075188
NODE_59202_length_3168_cov_4.278267	2141	2274	37	10	133	0.0751880
NODE_59202_length_3168_cov_4.278267	2141	2274	39	11	133	0.0827068
NODE_59202_length_3168_cov_4.278267	2141	2274	40	2	133	0.0150376
NODE_59202_length_3168_cov_4.278267	2141	2274	41	1	133	0.0075188
NODE_59202_length_3168_cov_4.278267	2141	2274	42	2	133	0.0150376
NODE_59202_length_3168_cov_4.278267	2141	2274	43	10	133	0.0751880
NODE_59202_length_3168_cov_4.278267	2141	2274	44	8	133	0.0601504
NODE_59202_length_3168_cov_4.278267	2141	2274	45	7	133	0.0526316
NODE_59202_length_3168_cov_4.278267	2141	2274	46	3	133	0.0225564
NODE_59202_length_3168_cov_4.278267	2141	2274	47	3	133	0.0225564
NODE_59202_length_3168_cov_4.278267	2141	2274	48	16	133	0.1203008
NODE_59243_length_3167_cov_4.210887	1581	1714	4	2	133	0.0150376
NODE_59243_length_3167_cov_4.210887	1581	1714	5	29	133	0.2180451
NODE_59243_length_3167_cov_4.210887	1581	1714	6	13	133	0.0977444
NODE_59243_length_3167_cov_4.210887	1581	1714	7	84	133	0.6315789
NODE_59243_length_3167_cov_4.210887	1581	1714	8	5	133	0.0375940
NODE_59245_length_3167_cov_3.665580	154	287	3	12	133	0.0902256
NODE_59245_length_3167_cov_3.665580	154	287	4	14	133	0.1052632
NODE_59245_length_3167_cov_3.665580	154	287	5	8	133	0.0601504
NODE_59245_length_3167_cov_3.665580	154	287	6	17	133	0.1278196
NODE_59245_length_3167_cov_3.665580	154	287	7	6	133	0.0451128
NODE_59245_length_3167_cov_3.665580	154	287	8	76	133	0.5714286
NODE_59246_length_3167_cov_3.578879	348	481	7	2	133	0.0150376
NODE_59246_length_3167_cov_3.578879	348	481	9	12	133	0.0902256
NODE_59246_length_3167_cov_3.578879	348	481	10	5	133	0.0375940
NODE_59246_length_3167_cov_3.578879	348	481	11	4	133	0.0300752
NODE_59246_length_3167_cov_3.578879	348	481	12	1	133	0.0075188
NODE_59246_length_3167_cov_3.578879	348	481	13	1	133	0.0075188
NODE_59246_length_3167_cov_3.578879	348	481	14	1	133	0.0075188
NODE_59246_length_3167_cov_3.578879	348	481	15	4	133	0.0300752
NODE_59246_length_3167_cov_3.578879	348	481	16	6	133	0.0451128
NODE_59246_length_3167_cov_3.578879	348	481	17	2	133	0.0150376
NODE_59246_length_3167_cov_3.578879	348	481	19	8	133	0.0601504
NODE_59246_length_3167_cov_3.578879	348	481	20	3	133	0.0225564
NODE_59246_length_3167_cov_3.578879	348	481	22	1	133	0.0075188
NODE_59246_length_3167_cov_3.578879	348	481	25	12	133	0.0902256
NODE_59246_length_3167_cov_3.578879	348	481	26	3	133	0.0225564
NODE_59246_length_3167_cov_3.578879	348	481	27	2	133	0.0150376
NODE_59246_length_3167_cov_3.578879	348	481	28	5	133	0.0375940
NODE_59246_length_3167_cov_3.578879	348	481	30	3	133	0.0225564
NODE_59246_length_3167_cov_3.578879	348	481	31	1	133	0.0075188
NODE_59246_length_3167_cov_3.578879	348	481	32	1	133	0.0075188
NODE_59246_length_3167_cov_3.578879	348	481	34	6	133	0.0451128
NODE_59246_length_3167_cov_3.578879	348	481	35	11	133	0.0827068
NODE_59246_length_3167_cov_3.578879	348	481	36	7	133	0.0526316
NODE_59246_length_3167_cov_3.578879	348	481	37	8	133	0.0601504
NODE_59246_length_3167_cov_3.578879	348	481	38	8	133	0.0601504
NODE_59246_length_3167_cov_3.578879	348	481	39	10	133	0.0751880
NODE_59246_length_3167_cov_3.578879	348	481	40	6	133	0.0451128
NODE_59254_length_3166_cov_5.460711	1554	1687	5	4	133	0.0300752
NODE_59254_length_3166_cov_5.460711	1554	1687	7	10	133	0.0751880
NODE_59254_length_3166_cov_5.460711	1554	1687	8	13	133	0.0977444
NODE_59254_length_3166_cov_5.460711	1554	1687	9	3	133	0.0225564
NODE_59254_length_3166_cov_5.460711	1554	1687	10	62	133	0.4661654
NODE_59254_length_3166_cov_5.460711	1554	1687	11	3	133	0.0225564
NODE_59254_length_3166_cov_5.460711	1554	1687	12	38	133	0.2857143
NODE_5926_length_8927_cov_4.063774	7565	7698	5	6	133	0.0451128
NODE_5926_length_8927_cov_4.063774	7565	7698	6	15	133	0.1127820
NODE_5926_length_8927_cov_4.063774	7565	7698	7	17	133	0.1278196
NODE_5926_length_8927_cov_4.063774	7565	7698	8	35	133	0.2631579
NODE_5926_length_8927_cov_4.063774	7565	7698	9	1	133	0.0075188
NODE_5926_length_8927_cov_4.063774	7565	7698	10	40	133	0.3007519
NODE_5926_length_8927_cov_4.063774	7565	7698	11	14	133	0.1052632
NODE_5926_length_8927_cov_4.063774	7565	7698	12	5	133	0.0375940
NODE_59278_length_3166_cov_3.020215	2451	2584	10	35	133	0.2631579
NODE_59278_length_3166_cov_3.020215	2451	2584	11	6	133	0.0451128
NODE_59278_length_3166_cov_3.020215	2451	2584	12	16	133	0.1203008
NODE_59278_length_3166_cov_3.020215	2451	2584	13	13	133	0.0977444
NODE_59278_length_3166_cov_3.020215	2451	2584	14	4	133	0.0300752
NODE_59278_length_3166_cov_3.020215	2451	2584	15	21	133	0.1578947
NODE_59278_length_3166_cov_3.020215	2451	2584	16	38	133	0.2857143
NODE_59293_length_3165_cov_4.172211	370	503	4	36	133	0.2706767
NODE_59293_length_3165_cov_4.172211	370	503	5	21	133	0.1578947
NODE_59293_length_3165_cov_4.172211	370	503	6	3	133	0.0225564
NODE_59293_length_3165_cov_4.172211	370	503	7	58	133	0.4360902
NODE_59293_length_3165_cov_4.172211	370	503	9	15	133	0.1127820
NODE_59297_length_3165_cov_3.926288	207	340	26	3	133	0.0225564
NODE_59297_length_3165_cov_3.926288	207	340	29	1	133	0.0075188
NODE_59297_length_3165_cov_3.926288	207	340	30	9	133	0.0676692
NODE_59297_length_3165_cov_3.926288	207	340	31	14	133	0.1052632
NODE_59297_length_3165_cov_3.926288	207	340	32	19	133	0.1428571
NODE_59297_length_3165_cov_3.926288	207	340	33	39	133	0.2932331
NODE_59297_length_3165_cov_3.926288	207	340	34	22	133	0.1654135
NODE_59297_length_3165_cov_3.926288	207	340	35	6	133	0.0451128
NODE_59297_length_3165_cov_3.926288	207	340	36	10	133	0.0751880
NODE_59297_length_3165_cov_3.926288	207	340	38	10	133	0.0751880
NODE_59314_length_3164_cov_5.362480	1911	2044	8	7	133	0.0526316
NODE_59314_length_3164_cov_5.362480	1911	2044	9	7	133	0.0526316
NODE_59314_length_3164_cov_5.362480	1911	2044	10	1	133	0.0075188
NODE_59314_length_3164_cov_5.362480	1911	2044	11	6	133	0.0451128
NODE_59314_length_3164_cov_5.362480	1911	2044	12	3	133	0.0225564
NODE_59314_length_3164_cov_5.362480	1911	2044	13	25	133	0.1879699
NODE_59314_length_3164_cov_5.362480	1911	2044	14	14	133	0.1052632
NODE_59314_length_3164_cov_5.362480	1911	2044	15	9	133	0.0676692
NODE_59314_length_3164_cov_5.362480	1911	2044	16	10	133	0.0751880
NODE_59314_length_3164_cov_5.362480	1911	2044	17	14	133	0.1052632
NODE_59314_length_3164_cov_5.362480	1911	2044	18	25	133	0.1879699
NODE_59314_length_3164_cov_5.362480	1911	2044	19	12	133	0.0902256
NODE_59324_length_3164_cov_4.417945	818	951	4	68	133	0.5112782
NODE_59324_length_3164_cov_4.417945	818	951	5	10	133	0.0751880
NODE_59324_length_3164_cov_4.417945	818	951	6	8	133	0.0601504
NODE_59324_length_3164_cov_4.417945	818	951	7	47	133	0.3533835
NODE_59332_length_3164_cov_3.714192	1239	1372	7	4	133	0.0300752
NODE_59332_length_3164_cov_3.714192	1239	1372	8	6	133	0.0451128
NODE_59332_length_3164_cov_3.714192	1239	1372	9	16	133	0.1203008
NODE_59332_length_3164_cov_3.714192	1239	1372	10	13	133	0.0977444
NODE_59332_length_3164_cov_3.714192	1239	1372	11	39	133	0.2932331
NODE_59332_length_3164_cov_3.714192	1239	1372	12	29	133	0.2180451
NODE_59332_length_3164_cov_3.714192	1239	1372	13	26	133	0.1954887
NODE_59334_length_3164_cov_3.528548	720	853	12	7	133	0.0526316
NODE_59334_length_3164_cov_3.528548	720	853	13	25	133	0.1879699
NODE_59334_length_3164_cov_3.528548	720	853	14	4	133	0.0300752
NODE_59334_length_3164_cov_3.528548	720	853	15	56	133	0.4210526
NODE_59334_length_3164_cov_3.528548	720	853	16	23	133	0.1729323
NODE_59334_length_3164_cov_3.528548	720	853	17	18	133	0.1353384
NODE_59442_length_3160_cov_7.254492	2710	2843	3	5	133	0.0375940
NODE_59442_length_3160_cov_7.254492	2710	2843	4	29	133	0.2180451
NODE_59442_length_3160_cov_7.254492	2710	2843	5	70	133	0.5263158
NODE_59442_length_3160_cov_7.254492	2710	2843	6	23	133	0.1729323
NODE_59442_length_3160_cov_7.254492	2710	2843	7	6	133	0.0451128
NODE_59457_length_3160_cov_3.872591	2570	2703	3	84	133	0.6315789
NODE_59457_length_3160_cov_3.872591	2570	2703	4	26	133	0.1954887
NODE_59457_length_3160_cov_3.872591	2570	2703	5	23	133	0.1729323
NODE_5945_length_8916_cov_7.608597	8624	8757	8	8	133	0.0601504
NODE_5945_length_8916_cov_7.608597	8624	8757	9	2	133	0.0150376
NODE_5945_length_8916_cov_7.608597	8624	8757	10	7	133	0.0526316
NODE_5945_length_8916_cov_7.608597	8624	8757	11	3	133	0.0225564
NODE_5945_length_8916_cov_7.608597	8624	8757	12	3	133	0.0225564
NODE_5945_length_8916_cov_7.608597	8624	8757	13	8	133	0.0601504
NODE_5945_length_8916_cov_7.608597	8624	8757	15	8	133	0.0601504
NODE_5945_length_8916_cov_7.608597	8624	8757	16	8	133	0.0601504
NODE_5945_length_8916_cov_7.608597	8624	8757	17	27	133	0.2030075
NODE_5945_length_8916_cov_7.608597	8624	8757	18	18	133	0.1353384
NODE_5945_length_8916_cov_7.608597	8624	8757	19	9	133	0.0676692
NODE_5945_length_8916_cov_7.608597	8624	8757	20	8	133	0.0601504
NODE_5945_length_8916_cov_7.608597	8624	8757	25	2	133	0.0150376
NODE_5945_length_8916_cov_7.608597	8624	8757	26	2	133	0.0150376
NODE_5945_length_8916_cov_7.608597	8624	8757	27	4	133	0.0300752
NODE_5945_length_8916_cov_7.608597	8624	8757	28	7	133	0.0526316
NODE_5945_length_8916_cov_7.608597	8624	8757	29	1	133	0.0075188
NODE_5945_length_8916_cov_7.608597	8624	8757	30	8	133	0.0601504
NODE_59460_length_3160_cov_3.355439	2067	2200	17	1	133	0.0075188
NODE_59460_length_3160_cov_3.355439	2067	2200	18	3	133	0.0225564
NODE_59460_length_3160_cov_3.355439	2067	2200	19	6	133	0.0451128
NODE_59460_length_3160_cov_3.355439	2067	2200	20	6	133	0.0451128
NODE_59460_length_3160_cov_3.355439	2067	2200	21	4	133	0.0300752
NODE_59460_length_3160_cov_3.355439	2067	2200	23	1	133	0.0075188
NODE_59460_length_3160_cov_3.355439	2067	2200	24	14	133	0.1052632
NODE_59460_length_3160_cov_3.355439	2067	2200	25	3	133	0.0225564
NODE_59460_length_3160_cov_3.355439	2067	2200	27	2	133	0.0150376
NODE_59460_length_3160_cov_3.355439	2067	2200	29	6	133	0.0451128
NODE_59460_length_3160_cov_3.355439	2067	2200	31	4	133	0.0300752
NODE_59460_length_3160_cov_3.355439	2067	2200	32	4	133	0.0300752
NODE_59460_length_3160_cov_3.355439	2067	2200	33	4	133	0.0300752
NODE_59460_length_3160_cov_3.355439	2067	2200	35	7	133	0.0526316
NODE_59460_length_3160_cov_3.355439	2067	2200	36	3	133	0.0225564
NODE_59460_length_3160_cov_3.355439	2067	2200	37	18	133	0.1353384
NODE_59460_length_3160_cov_3.355439	2067	2200	38	13	133	0.0977444
NODE_59460_length_3160_cov_3.355439	2067	2200	39	24	133	0.1804511
NODE_59460_length_3160_cov_3.355439	2067	2200	40	7	133	0.0526316
NODE_59460_length_3160_cov_3.355439	2067	2200	41	3	133	0.0225564
NODE_59476_length_3159_cov_4.781046	2228	2361	12	10	133	0.0751880
NODE_59476_length_3159_cov_4.781046	2228	2361	13	2	133	0.0150376
NODE_59476_length_3159_cov_4.781046	2228	2361	15	8	133	0.0601504
NODE_59476_length_3159_cov_4.781046	2228	2361	16	3	133	0.0225564
NODE_59476_length_3159_cov_4.781046	2228	2361	17	16	133	0.1203008
NODE_59476_length_3159_cov_4.781046	2228	2361	18	19	133	0.1428571
NODE_59476_length_3159_cov_4.781046	2228	2361	19	10	133	0.0751880
NODE_59476_length_3159_cov_4.781046	2228	2361	20	30	133	0.2255639
NODE_59476_length_3159_cov_4.781046	2228	2361	21	24	133	0.1804511
NODE_59476_length_3159_cov_4.781046	2228	2361	22	11	133	0.0827068
NODE_59574_length_3157_cov_3.591236	1022	1155	4	2	133	0.0150376
NODE_59574_length_3157_cov_3.591236	1022	1155	5	25	133	0.1879699
NODE_59574_length_3157_cov_3.591236	1022	1155	6	5	133	0.0375940
NODE_59574_length_3157_cov_3.591236	1022	1155	7	9	133	0.0676692
NODE_59574_length_3157_cov_3.591236	1022	1155	8	30	133	0.2255639
NODE_59574_length_3157_cov_3.591236	1022	1155	9	34	133	0.2556391
NODE_59574_length_3157_cov_3.591236	1022	1155	10	28	133	0.2105263
NODE_59583_length_3157_cov_2.811315	126	259	9	4	133	0.0300752
NODE_59583_length_3157_cov_2.811315	126	259	10	25	133	0.1879699
NODE_59583_length_3157_cov_2.811315	126	259	11	5	133	0.0375940
NODE_59583_length_3157_cov_2.811315	126	259	12	22	133	0.1654135
NODE_59583_length_3157_cov_2.811315	126	259	13	13	133	0.0977444
NODE_59583_length_3157_cov_2.811315	126	259	14	17	133	0.1278196
NODE_59583_length_3157_cov_2.811315	126	259	15	16	133	0.1203008
NODE_59583_length_3157_cov_2.811315	126	259	16	19	133	0.1428571
NODE_59583_length_3157_cov_2.811315	126	259	17	12	133	0.0902256
NODE_59607_length_3156_cov_3.821721	462	595	5	10	133	0.0751880
NODE_59607_length_3156_cov_3.821721	462	595	7	4	133	0.0300752
NODE_59607_length_3156_cov_3.821721	462	595	8	15	133	0.1127820
NODE_59607_length_3156_cov_3.821721	462	595	10	2	133	0.0150376
NODE_59607_length_3156_cov_3.821721	462	595	12	17	133	0.1278196
NODE_59607_length_3156_cov_3.821721	462	595	13	5	133	0.0375940
NODE_59607_length_3156_cov_3.821721	462	595	14	30	133	0.2255639
NODE_59607_length_3156_cov_3.821721	462	595	15	17	133	0.1278196
NODE_59607_length_3156_cov_3.821721	462	595	16	24	133	0.1804511
NODE_59607_length_3156_cov_3.821721	462	595	17	9	133	0.0676692
NODE_5962_length_8906_cov_4.984104	2997	3130	17	5	133	0.0375940
NODE_5962_length_8906_cov_4.984104	2997	3130	19	1	133	0.0075188
NODE_5962_length_8906_cov_4.984104	2997	3130	20	14	133	0.1052632
NODE_5962_length_8906_cov_4.984104	2997	3130	21	10	133	0.0751880
NODE_5962_length_8906_cov_4.984104	2997	3130	22	16	133	0.1203008
NODE_5962_length_8906_cov_4.984104	2997	3130	24	6	133	0.0451128
NODE_5962_length_8906_cov_4.984104	2997	3130	26	6	133	0.0451128
NODE_5962_length_8906_cov_4.984104	2997	3130	27	6	133	0.0451128
NODE_5962_length_8906_cov_4.984104	2997	3130	28	5	133	0.0375940
NODE_5962_length_8906_cov_4.984104	2997	3130	30	15	133	0.1127820
NODE_5962_length_8906_cov_4.984104	2997	3130	31	5	133	0.0375940
NODE_5962_length_8906_cov_4.984104	2997	3130	32	5	133	0.0375940
NODE_5962_length_8906_cov_4.984104	2997	3130	33	4	133	0.0300752
NODE_5962_length_8906_cov_4.984104	2997	3130	34	14	133	0.1052632
NODE_5962_length_8906_cov_4.984104	2997	3130	35	21	133	0.1578947
NODE_59648_length_3154_cov_6.034043	1959	2092	5	30	133	0.2255639
NODE_59648_length_3154_cov_6.034043	1959	2092	6	2	133	0.0150376
NODE_59648_length_3154_cov_6.034043	1959	2092	7	56	133	0.4210526
NODE_59648_length_3154_cov_6.034043	1959	2092	8	42	133	0.3157895
NODE_59648_length_3154_cov_6.034043	1959	2092	9	3	133	0.0225564
NODE_59669_length_3154_cov_4.118167	1131	1264	15	14	133	0.1052632
NODE_59669_length_3154_cov_4.118167	1131	1264	18	1	133	0.0075188
NODE_59669_length_3154_cov_4.118167	1131	1264	21	5	133	0.0375940
NODE_59669_length_3154_cov_4.118167	1131	1264	22	5	133	0.0375940
NODE_59669_length_3154_cov_4.118167	1131	1264	23	6	133	0.0451128
NODE_59669_length_3154_cov_4.118167	1131	1264	24	8	133	0.0601504
NODE_59669_length_3154_cov_4.118167	1131	1264	25	2	133	0.0150376
NODE_59669_length_3154_cov_4.118167	1131	1264	26	13	133	0.0977444
NODE_59669_length_3154_cov_4.118167	1131	1264	27	19	133	0.1428571
NODE_59669_length_3154_cov_4.118167	1131	1264	30	13	133	0.0977444
NODE_59669_length_3154_cov_4.118167	1131	1264	31	3	133	0.0225564
NODE_59669_length_3154_cov_4.118167	1131	1264	32	17	133	0.1278196
NODE_59669_length_3154_cov_4.118167	1131	1264	33	3	133	0.0225564
NODE_59669_length_3154_cov_4.118167	1131	1264	35	8	133	0.0601504
NODE_59669_length_3154_cov_4.118167	1131	1264	36	16	133	0.1203008
NODE_59713_length_3152_cov_30.661972	498	631	27	2	133	0.0150376
NODE_59713_length_3152_cov_30.661972	498	631	28	3	133	0.0225564
NODE_59713_length_3152_cov_30.661972	498	631	29	1	133	0.0075188
NODE_59713_length_3152_cov_30.661972	498	631	30	8	133	0.0601504
NODE_59713_length_3152_cov_30.661972	498	631	31	10	133	0.0751880
NODE_59713_length_3152_cov_30.661972	498	631	32	7	133	0.0526316
NODE_59713_length_3152_cov_30.661972	498	631	33	2	133	0.0150376
NODE_59713_length_3152_cov_30.661972	498	631	34	1	133	0.0075188
NODE_59713_length_3152_cov_30.661972	498	631	35	7	133	0.0526316
NODE_59713_length_3152_cov_30.661972	498	631	36	9	133	0.0676692
NODE_59713_length_3152_cov_30.661972	498	631	37	7	133	0.0526316
NODE_59713_length_3152_cov_30.661972	498	631	38	3	133	0.0225564
NODE_59713_length_3152_cov_30.661972	498	631	39	2	133	0.0150376
NODE_59713_length_3152_cov_30.661972	498	631	40	1	133	0.0075188
NODE_59713_length_3152_cov_30.661972	498	631	41	8	133	0.0601504
NODE_59713_length_3152_cov_30.661972	498	631	42	10	133	0.0751880
NODE_59713_length_3152_cov_30.661972	498	631	43	21	133	0.1578947
NODE_59713_length_3152_cov_30.661972	498	631	44	25	133	0.1879699
NODE_59713_length_3152_cov_30.661972	498	631	45	6	133	0.0451128
NODE_5971_length_8901_cov_4.607930	2483	2616	18	5	133	0.0375940
NODE_5971_length_8901_cov_4.607930	2483	2616	21	4	133	0.0300752
NODE_5971_length_8901_cov_4.607930	2483	2616	23	1	133	0.0075188
NODE_5971_length_8901_cov_4.607930	2483	2616	24	4	133	0.0300752
NODE_5971_length_8901_cov_4.607930	2483	2616	25	1	133	0.0075188
NODE_5971_length_8901_cov_4.607930	2483	2616	26	9	133	0.0676692
NODE_5971_length_8901_cov_4.607930	2483	2616	29	3	133	0.0225564
NODE_5971_length_8901_cov_4.607930	2483	2616	30	22	133	0.1654135
NODE_5971_length_8901_cov_4.607930	2483	2616	31	13	133	0.0977444
NODE_5971_length_8901_cov_4.607930	2483	2616	32	13	133	0.0977444
NODE_5971_length_8901_cov_4.607930	2483	2616	33	8	133	0.0601504
NODE_5971_length_8901_cov_4.607930	2483	2616	34	24	133	0.1804511
NODE_5971_length_8901_cov_4.607930	2483	2616	35	24	133	0.1804511
NODE_5971_length_8901_cov_4.607930	2483	2616	36	2	133	0.0150376
NODE_59756_length_3151_cov_4.462647	2084	2217	6	28	133	0.2105263
NODE_59756_length_3151_cov_4.462647	2084	2217	7	32	133	0.2406015
NODE_59756_length_3151_cov_4.462647	2084	2217	8	8	133	0.0601504
NODE_59756_length_3151_cov_4.462647	2084	2217	9	14	133	0.1052632
NODE_59756_length_3151_cov_4.462647	2084	2217	11	30	133	0.2255639
NODE_59756_length_3151_cov_4.462647	2084	2217	12	21	133	0.1578947
NODE_5978_length_8896_cov_4.558031	640	773	10	4	133	0.0300752
NODE_5978_length_8896_cov_4.558031	640	773	11	15	133	0.1127820
NODE_5978_length_8896_cov_4.558031	640	773	12	5	133	0.0375940
NODE_5978_length_8896_cov_4.558031	640	773	13	19	133	0.1428571
NODE_5978_length_8896_cov_4.558031	640	773	14	8	133	0.0601504
NODE_5978_length_8896_cov_4.558031	640	773	15	30	133	0.2255639
NODE_5978_length_8896_cov_4.558031	640	773	16	43	133	0.3233083
NODE_5978_length_8896_cov_4.558031	640	773	17	9	133	0.0676692
NODE_59808_length_3149_cov_4.919672	114	247	6	9	133	0.0676692
NODE_59808_length_3149_cov_4.919672	114	247	7	89	133	0.6691729
NODE_59808_length_3149_cov_4.919672	114	247	8	35	133	0.2631579
NODE_59852_length_3148_cov_3.917350	1116	1249	25	2	133	0.0150376
NODE_59852_length_3148_cov_3.917350	1116	1249	26	2	133	0.0150376
NODE_59852_length_3148_cov_3.917350	1116	1249	27	7	133	0.0526316
NODE_59852_length_3148_cov_3.917350	1116	1249	28	11	133	0.0827068
NODE_59852_length_3148_cov_3.917350	1116	1249	29	1	133	0.0075188
NODE_59852_length_3148_cov_3.917350	1116	1249	30	1	133	0.0075188
NODE_59852_length_3148_cov_3.917350	1116	1249	32	6	133	0.0451128
NODE_59852_length_3148_cov_3.917350	1116	1249	33	1	133	0.0075188
NODE_59852_length_3148_cov_3.917350	1116	1249	35	4	133	0.0300752
NODE_59852_length_3148_cov_3.917350	1116	1249	36	8	133	0.0601504
NODE_59852_length_3148_cov_3.917350	1116	1249	37	1	133	0.0075188
NODE_59852_length_3148_cov_3.917350	1116	1249	41	1	133	0.0075188
NODE_59852_length_3148_cov_3.917350	1116	1249	42	1	133	0.0075188
NODE_59852_length_3148_cov_3.917350	1116	1249	44	1	133	0.0075188
NODE_59852_length_3148_cov_3.917350	1116	1249	46	2	133	0.0150376
NODE_59852_length_3148_cov_3.917350	1116	1249	47	1	133	0.0075188
NODE_59852_length_3148_cov_3.917350	1116	1249	48	3	133	0.0225564
NODE_59852_length_3148_cov_3.917350	1116	1249	49	5	133	0.0375940
NODE_59852_length_3148_cov_3.917350	1116	1249	50	17	133	0.1278196
NODE_59852_length_3148_cov_3.917350	1116	1249	51	4	133	0.0300752
NODE_59852_length_3148_cov_3.917350	1116	1249	52	8	133	0.0601504
NODE_59852_length_3148_cov_3.917350	1116	1249	53	13	133	0.0977444
NODE_59852_length_3148_cov_3.917350	1116	1249	54	15	133	0.1127820
NODE_59852_length_3148_cov_3.917350	1116	1249	55	7	133	0.0526316
NODE_59852_length_3148_cov_3.917350	1116	1249	56	11	133	0.0827068
NODE_59854_length_3148_cov_3.516891	28	161	1	5	133	0.0375940
NODE_59854_length_3148_cov_3.516891	28	161	2	6	133	0.0451128
NODE_59854_length_3148_cov_3.516891	28	161	3	1	133	0.0075188
NODE_59854_length_3148_cov_3.516891	28	161	5	4	133	0.0300752
NODE_59854_length_3148_cov_3.516891	28	161	6	6	133	0.0451128
NODE_59854_length_3148_cov_3.516891	28	161	7	11	133	0.0827068
NODE_59854_length_3148_cov_3.516891	28	161	9	9	133	0.0676692
NODE_59854_length_3148_cov_3.516891	28	161	11	32	133	0.2406015
NODE_59854_length_3148_cov_3.516891	28	161	12	7	133	0.0526316
NODE_59854_length_3148_cov_3.516891	28	161	13	17	133	0.1278196
NODE_59854_length_3148_cov_3.516891	28	161	14	4	133	0.0300752
NODE_59854_length_3148_cov_3.516891	28	161	15	31	133	0.2330827
NODE_5986_length_8893_cov_3.762679	2383	2516	5	19	133	0.1428571
NODE_5986_length_8893_cov_3.762679	2383	2516	6	16	133	0.1203008
NODE_5986_length_8893_cov_3.762679	2383	2516	8	3	133	0.0225564
NODE_5986_length_8893_cov_3.762679	2383	2516	9	40	133	0.3007519
NODE_5986_length_8893_cov_3.762679	2383	2516	10	35	133	0.2631579
NODE_5986_length_8893_cov_3.762679	2383	2516	11	20	133	0.1503759
NODE_59877_length_3147_cov_4.707349	1822	1955	4	7	133	0.0526316
NODE_59877_length_3147_cov_4.707349	1822	1955	5	24	133	0.1804511
NODE_59877_length_3147_cov_4.707349	1822	1955	6	29	133	0.2180451
NODE_59877_length_3147_cov_4.707349	1822	1955	7	39	133	0.2932331
NODE_59877_length_3147_cov_4.707349	1822	1955	8	34	133	0.2556391
NODE_5987_length_8892_cov_4.227909	7524	7657	11	4	133	0.0300752
NODE_5987_length_8892_cov_4.227909	7524	7657	12	8	133	0.0601504
NODE_5987_length_8892_cov_4.227909	7524	7657	13	14	133	0.1052632
NODE_5987_length_8892_cov_4.227909	7524	7657	14	8	133	0.0601504
NODE_5987_length_8892_cov_4.227909	7524	7657	15	1	133	0.0075188
NODE_5987_length_8892_cov_4.227909	7524	7657	17	11	133	0.0827068
NODE_5987_length_8892_cov_4.227909	7524	7657	18	22	133	0.1654135
NODE_5987_length_8892_cov_4.227909	7524	7657	19	11	133	0.0827068
NODE_5987_length_8892_cov_4.227909	7524	7657	20	1	133	0.0075188
NODE_5987_length_8892_cov_4.227909	7524	7657	21	30	133	0.2255639
NODE_5987_length_8892_cov_4.227909	7524	7657	22	23	133	0.1729323
NODE_59899_length_3146_cov_6.298326	1421	1554	15	5	133	0.0375940
NODE_59899_length_3146_cov_6.298326	1421	1554	16	10	133	0.0751880
NODE_59899_length_3146_cov_6.298326	1421	1554	18	7	133	0.0526316
NODE_59899_length_3146_cov_6.298326	1421	1554	19	25	133	0.1879699
NODE_59899_length_3146_cov_6.298326	1421	1554	20	6	133	0.0451128
NODE_59899_length_3146_cov_6.298326	1421	1554	21	14	133	0.1052632
NODE_59899_length_3146_cov_6.298326	1421	1554	22	5	133	0.0375940
NODE_59899_length_3146_cov_6.298326	1421	1554	23	25	133	0.1879699
NODE_59899_length_3146_cov_6.298326	1421	1554	24	12	133	0.0902256
NODE_59899_length_3146_cov_6.298326	1421	1554	25	5	133	0.0375940
NODE_59899_length_3146_cov_6.298326	1421	1554	28	14	133	0.1052632
NODE_59899_length_3146_cov_6.298326	1421	1554	30	5	133	0.0375940
NODE_598_length_16872_cov_4.525845	8151	8284	31	1	133	0.0075188
NODE_598_length_16872_cov_4.525845	8151	8284	32	3	133	0.0225564
NODE_598_length_16872_cov_4.525845	8151	8284	34	1	133	0.0075188
NODE_598_length_16872_cov_4.525845	8151	8284	36	10	133	0.0751880
NODE_598_length_16872_cov_4.525845	8151	8284	37	2	133	0.0150376
NODE_598_length_16872_cov_4.525845	8151	8284	38	11	133	0.0827068
NODE_598_length_16872_cov_4.525845	8151	8284	39	8	133	0.0601504
NODE_598_length_16872_cov_4.525845	8151	8284	40	4	133	0.0300752
NODE_598_length_16872_cov_4.525845	8151	8284	41	2	133	0.0150376
NODE_598_length_16872_cov_4.525845	8151	8284	42	5	133	0.0375940
NODE_598_length_16872_cov_4.525845	8151	8284	43	4	133	0.0300752
NODE_598_length_16872_cov_4.525845	8151	8284	44	14	133	0.1052632
NODE_598_length_16872_cov_4.525845	8151	8284	45	21	133	0.1578947
NODE_598_length_16872_cov_4.525845	8151	8284	46	3	133	0.0225564
NODE_598_length_16872_cov_4.525845	8151	8284	47	22	133	0.1654135
NODE_598_length_16872_cov_4.525845	8151	8284	48	16	133	0.1203008
NODE_598_length_16872_cov_4.525845	8151	8284	49	6	133	0.0451128
NODE_5990_length_8890_cov_4.534183	5567	5700	3	12	133	0.0902256
NODE_5990_length_8890_cov_4.534183	5567	5700	4	1	133	0.0075188
NODE_5990_length_8890_cov_4.534183	5567	5700	5	45	133	0.3383459
NODE_5990_length_8890_cov_4.534183	5567	5700	6	70	133	0.5263158
NODE_5990_length_8890_cov_4.534183	5567	5700	7	5	133	0.0375940
NODE_59928_length_3145_cov_4.187787	556	689	14	8	133	0.0601504
NODE_59928_length_3145_cov_4.187787	556	689	16	7	133	0.0526316
NODE_59928_length_3145_cov_4.187787	556	689	17	7	133	0.0526316
NODE_59928_length_3145_cov_4.187787	556	689	18	10	133	0.0751880
NODE_59928_length_3145_cov_4.187787	556	689	19	2	133	0.0150376
NODE_59928_length_3145_cov_4.187787	556	689	20	34	133	0.2556391
NODE_59928_length_3145_cov_4.187787	556	689	21	2	133	0.0150376
NODE_59928_length_3145_cov_4.187787	556	689	22	21	133	0.1578947
NODE_59928_length_3145_cov_4.187787	556	689	23	8	133	0.0601504
NODE_59928_length_3145_cov_4.187787	556	689	24	7	133	0.0526316
NODE_59928_length_3145_cov_4.187787	556	689	25	10	133	0.0751880
NODE_59928_length_3145_cov_4.187787	556	689	26	5	133	0.0375940
NODE_59928_length_3145_cov_4.187787	556	689	27	10	133	0.0751880
NODE_59928_length_3145_cov_4.187787	556	689	28	2	133	0.0150376
NODE_59991_length_3143_cov_3.614980	2440	2573	14	7	133	0.0526316
NODE_59991_length_3143_cov_3.614980	2440	2573	15	13	133	0.0977444
NODE_59991_length_3143_cov_3.614980	2440	2573	16	2	133	0.0150376
NODE_59991_length_3143_cov_3.614980	2440	2573	17	20	133	0.1503759
NODE_59991_length_3143_cov_3.614980	2440	2573	18	22	133	0.1654135
NODE_59991_length_3143_cov_3.614980	2440	2573	19	40	133	0.3007519
NODE_59991_length_3143_cov_3.614980	2440	2573	20	9	133	0.0676692
NODE_59991_length_3143_cov_3.614980	2440	2573	21	18	133	0.1353384
NODE_59991_length_3143_cov_3.614980	2440	2573	22	2	133	0.0150376
NODE_5_length_39431_cov_4.693659	16441	16574	7	2	133	0.0150376
NODE_5_length_39431_cov_4.693659	16441	16574	8	11	133	0.0827068
NODE_5_length_39431_cov_4.693659	16441	16574	9	15	133	0.1127820
NODE_5_length_39431_cov_4.693659	16441	16574	10	36	133	0.2706767
NODE_5_length_39431_cov_4.693659	16441	16574	11	10	133	0.0751880
NODE_5_length_39431_cov_4.693659	16441	16574	12	27	133	0.2030075
NODE_5_length_39431_cov_4.693659	16441	16574	13	14	133	0.1052632
NODE_5_length_39431_cov_4.693659	16441	16574	14	18	133	0.1353384
NODE_60007_length_3142_cov_4.472560	2377	2510	4	14	133	0.1052632
NODE_60007_length_3142_cov_4.472560	2377	2510	5	43	133	0.3233083
NODE_60007_length_3142_cov_4.472560	2377	2510	7	40	133	0.3007519
NODE_60007_length_3142_cov_4.472560	2377	2510	8	36	133	0.2706767
NODE_6002_length_8884_cov_3.778031	4509	4642	1	60	133	0.4511278
NODE_6002_length_8884_cov_3.778031	4509	4642	2	8	133	0.0601504
NODE_6002_length_8884_cov_3.778031	4509	4642	4	58	133	0.4360902
NODE_6002_length_8884_cov_3.778031	4509	4642	5	7	133	0.0526316
NODE_6008_length_8880_cov_4.559503	4939	5072	3	21	133	0.1578947
NODE_6008_length_8880_cov_4.559503	4939	5072	4	20	133	0.1503759
NODE_6008_length_8880_cov_4.559503	4939	5072	5	52	133	0.3909774
NODE_6008_length_8880_cov_4.559503	4939	5072	7	29	133	0.2180451
NODE_6008_length_8880_cov_4.559503	4939	5072	8	11	133	0.0827068
NODE_60098_length_3139_cov_4.961513	1749	1882	6	4	133	0.0300752
NODE_60098_length_3139_cov_4.961513	1749	1882	7	5	133	0.0375940
NODE_60098_length_3139_cov_4.961513	1749	1882	8	27	133	0.2030075
NODE_60098_length_3139_cov_4.961513	1749	1882	9	36	133	0.2706767
NODE_60098_length_3139_cov_4.961513	1749	1882	10	1	133	0.0075188
NODE_60098_length_3139_cov_4.961513	1749	1882	11	27	133	0.2030075
NODE_60098_length_3139_cov_4.961513	1749	1882	12	26	133	0.1954887
NODE_60098_length_3139_cov_4.961513	1749	1882	13	7	133	0.0526316
NODE_6013_length_8878_cov_4.025174	5661	5794	1	98	133	0.7368421
NODE_6013_length_8878_cov_4.025174	5661	5794	2	35	133	0.2631579
NODE_60214_length_3136_cov_2.731972	2757	2890	1	9	133	0.0676692
NODE_60214_length_3136_cov_2.731972	2757	2890	2	9	133	0.0676692
NODE_60214_length_3136_cov_2.731972	2757	2890	3	15	133	0.1127820
NODE_60214_length_3136_cov_2.731972	2757	2890	4	4	133	0.0300752
NODE_60214_length_3136_cov_2.731972	2757	2890	6	5	133	0.0375940
NODE_60214_length_3136_cov_2.731972	2757	2890	7	10	133	0.0751880
NODE_60214_length_3136_cov_2.731972	2757	2890	8	1	133	0.0075188
NODE_60214_length_3136_cov_2.731972	2757	2890	11	1	133	0.0075188
NODE_60214_length_3136_cov_2.731972	2757	2890	12	66	133	0.4962406
NODE_60214_length_3136_cov_2.731972	2757	2890	14	13	133	0.0977444
NODE_60274_length_3134_cov_4.001977	582	715	15	9	133	0.0676692
NODE_60274_length_3134_cov_4.001977	582	715	16	1	133	0.0075188
NODE_60274_length_3134_cov_4.001977	582	715	17	4	133	0.0300752
NODE_60274_length_3134_cov_4.001977	582	715	18	2	133	0.0150376
NODE_60274_length_3134_cov_4.001977	582	715	21	1	133	0.0075188
NODE_60274_length_3134_cov_4.001977	582	715	22	1	133	0.0075188
NODE_60274_length_3134_cov_4.001977	582	715	23	3	133	0.0225564
NODE_60274_length_3134_cov_4.001977	582	715	27	4	133	0.0300752
NODE_60274_length_3134_cov_4.001977	582	715	28	5	133	0.0375940
NODE_60274_length_3134_cov_4.001977	582	715	30	1	133	0.0075188
NODE_60274_length_3134_cov_4.001977	582	715	31	7	133	0.0526316
NODE_60274_length_3134_cov_4.001977	582	715	32	19	133	0.1428571
NODE_60274_length_3134_cov_4.001977	582	715	33	7	133	0.0526316
NODE_60274_length_3134_cov_4.001977	582	715	34	2	133	0.0150376
NODE_60274_length_3134_cov_4.001977	582	715	35	11	133	0.0827068
NODE_60274_length_3134_cov_4.001977	582	715	36	1	133	0.0075188
NODE_60274_length_3134_cov_4.001977	582	715	37	1	133	0.0075188
NODE_60274_length_3134_cov_4.001977	582	715	38	13	133	0.0977444
NODE_60274_length_3134_cov_4.001977	582	715	39	15	133	0.1127820
NODE_60274_length_3134_cov_4.001977	582	715	40	7	133	0.0526316
NODE_60274_length_3134_cov_4.001977	582	715	41	7	133	0.0526316
NODE_60274_length_3134_cov_4.001977	582	715	42	12	133	0.0902256
NODE_602_length_16856_cov_4.665334	9141	9274	6	4	133	0.0300752
NODE_602_length_16856_cov_4.665334	9141	9274	7	21	133	0.1578947
NODE_602_length_16856_cov_4.665334	9141	9274	8	7	133	0.0526316
NODE_602_length_16856_cov_4.665334	9141	9274	9	4	133	0.0300752
NODE_602_length_16856_cov_4.665334	9141	9274	10	13	133	0.0977444
NODE_602_length_16856_cov_4.665334	9141	9274	11	7	133	0.0526316
NODE_602_length_16856_cov_4.665334	9141	9274	12	3	133	0.0225564
NODE_602_length_16856_cov_4.665334	9141	9274	13	9	133	0.0676692
NODE_602_length_16856_cov_4.665334	9141	9274	14	19	133	0.1428571
NODE_602_length_16856_cov_4.665334	9141	9274	15	12	133	0.0902256
NODE_602_length_16856_cov_4.665334	9141	9274	16	7	133	0.0526316
NODE_602_length_16856_cov_4.665334	9141	9274	17	27	133	0.2030075
NODE_60324_length_3133_cov_3.256098	1138	1271	2	19	133	0.1428571
NODE_60324_length_3133_cov_3.256098	1138	1271	3	20	133	0.1503759
NODE_60324_length_3133_cov_3.256098	1138	1271	4	5	133	0.0375940
NODE_60324_length_3133_cov_3.256098	1138	1271	5	45	133	0.3383459
NODE_60324_length_3133_cov_3.256098	1138	1271	6	2	133	0.0150376
NODE_60324_length_3133_cov_3.256098	1138	1271	7	42	133	0.3157895
NODE_6038_length_8860_cov_4.552220	376	509	24	1	133	0.0075188
NODE_6038_length_8860_cov_4.552220	376	509	25	9	133	0.0676692
NODE_6038_length_8860_cov_4.552220	376	509	27	8	133	0.0601504
NODE_6038_length_8860_cov_4.552220	376	509	28	4	133	0.0300752
NODE_6038_length_8860_cov_4.552220	376	509	29	1	133	0.0075188
NODE_6038_length_8860_cov_4.552220	376	509	30	20	133	0.1503759
NODE_6038_length_8860_cov_4.552220	376	509	31	9	133	0.0676692
NODE_6038_length_8860_cov_4.552220	376	509	32	12	133	0.0902256
NODE_6038_length_8860_cov_4.552220	376	509	33	14	133	0.1052632
NODE_6038_length_8860_cov_4.552220	376	509	35	10	133	0.0751880
NODE_6038_length_8860_cov_4.552220	376	509	36	16	133	0.1203008
NODE_6038_length_8860_cov_4.552220	376	509	37	6	133	0.0451128
NODE_6038_length_8860_cov_4.552220	376	509	38	13	133	0.0977444
NODE_6038_length_8860_cov_4.552220	376	509	39	10	133	0.0751880
NODE_60439_length_3129_cov_3.717492	2776	2909	11	7	133	0.0526316
NODE_60439_length_3129_cov_3.717492	2776	2909	12	4	133	0.0300752
NODE_60439_length_3129_cov_3.717492	2776	2909	13	20	133	0.1503759
NODE_60439_length_3129_cov_3.717492	2776	2909	14	9	133	0.0676692
NODE_60439_length_3129_cov_3.717492	2776	2909	15	22	133	0.1654135
NODE_60439_length_3129_cov_3.717492	2776	2909	16	33	133	0.2481203
NODE_60439_length_3129_cov_3.717492	2776	2909	17	7	133	0.0526316
NODE_60439_length_3129_cov_3.717492	2776	2909	18	13	133	0.0977444
NODE_60439_length_3129_cov_3.717492	2776	2909	19	18	133	0.1353384
NODE_6052_length_8851_cov_5.461380	6472	6605	17	16	133	0.1203008
NODE_6052_length_8851_cov_5.461380	6472	6605	18	3	133	0.0225564
NODE_6052_length_8851_cov_5.461380	6472	6605	19	9	133	0.0676692
NODE_6052_length_8851_cov_5.461380	6472	6605	20	3	133	0.0225564
NODE_6052_length_8851_cov_5.461380	6472	6605	21	10	133	0.0751880
NODE_6052_length_8851_cov_5.461380	6472	6605	22	13	133	0.0977444
NODE_6052_length_8851_cov_5.461380	6472	6605	23	9	133	0.0676692
NODE_6052_length_8851_cov_5.461380	6472	6605	24	11	133	0.0827068
NODE_6052_length_8851_cov_5.461380	6472	6605	25	18	133	0.1353384
NODE_6052_length_8851_cov_5.461380	6472	6605	26	25	133	0.1879699
NODE_6052_length_8851_cov_5.461380	6472	6605	27	15	133	0.1127820
NODE_6052_length_8851_cov_5.461380	6472	6605	28	1	133	0.0075188
NODE_6059_length_8849_cov_8.469257	8419	8552	7	19	133	0.1428571
NODE_6059_length_8849_cov_8.469257	8419	8552	8	5	133	0.0375940
NODE_6059_length_8849_cov_8.469257	8419	8552	9	3	133	0.0225564
NODE_6059_length_8849_cov_8.469257	8419	8552	10	45	133	0.3383459
NODE_6059_length_8849_cov_8.469257	8419	8552	11	8	133	0.0601504
NODE_6059_length_8849_cov_8.469257	8419	8552	12	24	133	0.1804511
NODE_6059_length_8849_cov_8.469257	8419	8552	13	27	133	0.2030075
NODE_6059_length_8849_cov_8.469257	8419	8552	14	2	133	0.0150376
NODE_6062_length_8848_cov_5.164019	3791	3924	1	12	133	0.0902256
NODE_6062_length_8848_cov_5.164019	3791	3924	2	8	133	0.0601504
NODE_6062_length_8848_cov_5.164019	3791	3924	3	40	133	0.3007519
NODE_6062_length_8848_cov_5.164019	3791	3924	4	44	133	0.3308271
NODE_6062_length_8848_cov_5.164019	3791	3924	5	10	133	0.0751880
NODE_6062_length_8848_cov_5.164019	3791	3924	6	19	133	0.1428571
NODE_60699_length_3121_cov_4.688948	163	296	12	11	133	0.0827068
NODE_60699_length_3121_cov_4.688948	163	296	13	12	133	0.0902256
NODE_60699_length_3121_cov_4.688948	163	296	14	16	133	0.1203008
NODE_60699_length_3121_cov_4.688948	163	296	15	11	133	0.0827068
NODE_60699_length_3121_cov_4.688948	163	296	16	4	133	0.0300752
NODE_60699_length_3121_cov_4.688948	163	296	17	22	133	0.1654135
NODE_60699_length_3121_cov_4.688948	163	296	18	30	133	0.2255639
NODE_60699_length_3121_cov_4.688948	163	296	19	8	133	0.0601504
NODE_60699_length_3121_cov_4.688948	163	296	20	19	133	0.1428571
NODE_6071_length_8844_cov_3.890452	649	782	10	4	133	0.0300752
NODE_6071_length_8844_cov_3.890452	649	782	11	5	133	0.0375940
NODE_6071_length_8844_cov_3.890452	649	782	12	4	133	0.0300752
NODE_6071_length_8844_cov_3.890452	649	782	13	13	133	0.0977444
NODE_6071_length_8844_cov_3.890452	649	782	14	10	133	0.0751880
NODE_6071_length_8844_cov_3.890452	649	782	15	80	133	0.6015037
NODE_6071_length_8844_cov_3.890452	649	782	16	15	133	0.1127820
NODE_6071_length_8844_cov_3.890452	649	782	17	2	133	0.0150376
NODE_60761_length_3119_cov_4.001987	2899	3032	7	9	133	0.0676692
NODE_60761_length_3119_cov_4.001987	2899	3032	9	5	133	0.0375940
NODE_60761_length_3119_cov_4.001987	2899	3032	10	1	133	0.0075188
NODE_60761_length_3119_cov_4.001987	2899	3032	12	4	133	0.0300752
NODE_60761_length_3119_cov_4.001987	2899	3032	13	6	133	0.0451128
NODE_60761_length_3119_cov_4.001987	2899	3032	14	13	133	0.0977444
NODE_60761_length_3119_cov_4.001987	2899	3032	15	20	133	0.1503759
NODE_60761_length_3119_cov_4.001987	2899	3032	16	14	133	0.1052632
NODE_60761_length_3119_cov_4.001987	2899	3032	17	61	133	0.4586466
NODE_60787_length_3118_cov_7.394833	1030	1163	12	12	133	0.0902256
NODE_60787_length_3118_cov_7.394833	1030	1163	13	18	133	0.1353384
NODE_60787_length_3118_cov_7.394833	1030	1163	14	11	133	0.0827068
NODE_60787_length_3118_cov_7.394833	1030	1163	15	8	133	0.0601504
NODE_60787_length_3118_cov_7.394833	1030	1163	16	16	133	0.1203008
NODE_60787_length_3118_cov_7.394833	1030	1163	17	14	133	0.1052632
NODE_60787_length_3118_cov_7.394833	1030	1163	18	26	133	0.1954887
NODE_60787_length_3118_cov_7.394833	1030	1163	19	23	133	0.1729323
NODE_60787_length_3118_cov_7.394833	1030	1163	20	5	133	0.0375940
NODE_6081_length_8838_cov_5.565854	1320	1453	7	11	133	0.0827068
NODE_6081_length_8838_cov_5.565854	1320	1453	8	21	133	0.1578947
NODE_6081_length_8838_cov_5.565854	1320	1453	10	10	133	0.0751880
NODE_6081_length_8838_cov_5.565854	1320	1453	11	32	133	0.2406015
NODE_6081_length_8838_cov_5.565854	1320	1453	12	59	133	0.4436090
NODE_608_length_16809_cov_9.891083	16524	16657	12	8	133	0.0601504
NODE_608_length_16809_cov_9.891083	16524	16657	14	9	133	0.0676692
NODE_608_length_16809_cov_9.891083	16524	16657	15	6	133	0.0451128
NODE_608_length_16809_cov_9.891083	16524	16657	16	7	133	0.0526316
NODE_608_length_16809_cov_9.891083	16524	16657	17	18	133	0.1353384
NODE_608_length_16809_cov_9.891083	16524	16657	20	3	133	0.0225564
NODE_608_length_16809_cov_9.891083	16524	16657	22	7	133	0.0526316
NODE_608_length_16809_cov_9.891083	16524	16657	24	1	133	0.0075188
NODE_608_length_16809_cov_9.891083	16524	16657	25	5	133	0.0375940
NODE_608_length_16809_cov_9.891083	16524	16657	26	9	133	0.0676692
NODE_608_length_16809_cov_9.891083	16524	16657	27	30	133	0.2255639
NODE_608_length_16809_cov_9.891083	16524	16657	28	14	133	0.1052632
NODE_608_length_16809_cov_9.891083	16524	16657	29	12	133	0.0902256
NODE_608_length_16809_cov_9.891083	16524	16657	30	2	133	0.0150376
NODE_608_length_16809_cov_9.891083	16524	16657	31	2	133	0.0150376
NODE_60948_length_3114_cov_4.215589	2415	2548	15	1	133	0.0075188
NODE_60948_length_3114_cov_4.215589	2415	2548	16	4	133	0.0300752
NODE_60948_length_3114_cov_4.215589	2415	2548	17	1	133	0.0075188
NODE_60948_length_3114_cov_4.215589	2415	2548	18	10	133	0.0751880
NODE_60948_length_3114_cov_4.215589	2415	2548	19	26	133	0.1954887
NODE_60948_length_3114_cov_4.215589	2415	2548	20	8	133	0.0601504
NODE_60948_length_3114_cov_4.215589	2415	2548	21	26	133	0.1954887
NODE_60948_length_3114_cov_4.215589	2415	2548	22	16	133	0.1203008
NODE_60948_length_3114_cov_4.215589	2415	2548	23	3	133	0.0225564
NODE_60948_length_3114_cov_4.215589	2415	2548	24	7	133	0.0526316
NODE_60948_length_3114_cov_4.215589	2415	2548	25	8	133	0.0601504
NODE_60948_length_3114_cov_4.215589	2415	2548	26	23	133	0.1729323
NODE_6097_length_8833_cov_4.715365	1009	1142	14	2	133	0.0150376
NODE_6097_length_8833_cov_4.715365	1009	1142	15	6	133	0.0451128
NODE_6097_length_8833_cov_4.715365	1009	1142	16	11	133	0.0827068
NODE_6097_length_8833_cov_4.715365	1009	1142	17	37	133	0.2781955
NODE_6097_length_8833_cov_4.715365	1009	1142	18	33	133	0.2481203
NODE_6097_length_8833_cov_4.715365	1009	1142	19	13	133	0.0977444
NODE_6097_length_8833_cov_4.715365	1009	1142	20	22	133	0.1654135
NODE_6097_length_8833_cov_4.715365	1009	1142	21	9	133	0.0676692
NODE_61016_length_3112_cov_4.315300	1736	1869	6	25	133	0.1879699
NODE_61016_length_3112_cov_4.315300	1736	1869	7	5	133	0.0375940
NODE_61016_length_3112_cov_4.315300	1736	1869	8	18	133	0.1353384
NODE_61016_length_3112_cov_4.315300	1736	1869	9	4	133	0.0300752
NODE_61016_length_3112_cov_4.315300	1736	1869	10	5	133	0.0375940
NODE_61016_length_3112_cov_4.315300	1736	1869	11	66	133	0.4962406
NODE_61016_length_3112_cov_4.315300	1736	1869	12	1	133	0.0075188
NODE_61016_length_3112_cov_4.315300	1736	1869	13	9	133	0.0676692
NODE_61049_length_3111_cov_4.509296	1056	1189	10	24	133	0.1804511
NODE_61049_length_3111_cov_4.509296	1056	1189	11	10	133	0.0751880
NODE_61049_length_3111_cov_4.509296	1056	1189	12	18	133	0.1353384
NODE_61049_length_3111_cov_4.509296	1056	1189	13	6	133	0.0451128
NODE_61049_length_3111_cov_4.509296	1056	1189	14	5	133	0.0375940
NODE_61049_length_3111_cov_4.509296	1056	1189	15	17	133	0.1278196
NODE_61049_length_3111_cov_4.509296	1056	1189	18	3	133	0.0225564
NODE_61049_length_3111_cov_4.509296	1056	1189	19	2	133	0.0150376
NODE_61049_length_3111_cov_4.509296	1056	1189	20	15	133	0.1127820
NODE_61049_length_3111_cov_4.509296	1056	1189	21	3	133	0.0225564
NODE_61049_length_3111_cov_4.509296	1056	1189	23	1	133	0.0075188
NODE_61049_length_3111_cov_4.509296	1056	1189	24	3	133	0.0225564
NODE_61049_length_3111_cov_4.509296	1056	1189	25	1	133	0.0075188
NODE_61049_length_3111_cov_4.509296	1056	1189	26	7	133	0.0526316
NODE_61049_length_3111_cov_4.509296	1056	1189	27	12	133	0.0902256
NODE_61049_length_3111_cov_4.509296	1056	1189	29	6	133	0.0451128
NODE_61056_length_3111_cov_3.406707	824	957	1	14	133	0.1052632
NODE_61056_length_3111_cov_3.406707	824	957	2	15	133	0.1127820
NODE_61056_length_3111_cov_3.406707	824	957	4	24	133	0.1804511
NODE_61056_length_3111_cov_3.406707	824	957	5	12	133	0.0902256
NODE_61056_length_3111_cov_3.406707	824	957	6	63	133	0.4736842
NODE_61056_length_3111_cov_3.406707	824	957	7	5	133	0.0375940
NODE_61057_length_3111_cov_3.327357	1103	1236	1	1	133	0.0075188
NODE_61057_length_3111_cov_3.327357	1103	1236	3	18	133	0.1353384
NODE_61057_length_3111_cov_3.327357	1103	1236	5	8	133	0.0601504
NODE_61057_length_3111_cov_3.327357	1103	1236	8	5	133	0.0375940
NODE_61057_length_3111_cov_3.327357	1103	1236	10	14	133	0.1052632
NODE_61057_length_3111_cov_3.327357	1103	1236	11	20	133	0.1503759
NODE_61057_length_3111_cov_3.327357	1103	1236	12	67	133	0.5037594
NODE_610_length_16797_cov_4.447539	12434	12567	19	4	133	0.0300752
NODE_610_length_16797_cov_4.447539	12434	12567	20	6	133	0.0451128
NODE_610_length_16797_cov_4.447539	12434	12567	21	1	133	0.0075188
NODE_610_length_16797_cov_4.447539	12434	12567	22	5	133	0.0375940
NODE_610_length_16797_cov_4.447539	12434	12567	23	1	133	0.0075188
NODE_610_length_16797_cov_4.447539	12434	12567	25	4	133	0.0300752
NODE_610_length_16797_cov_4.447539	12434	12567	26	5	133	0.0375940
NODE_610_length_16797_cov_4.447539	12434	12567	27	7	133	0.0526316
NODE_610_length_16797_cov_4.447539	12434	12567	28	14	133	0.1052632
NODE_610_length_16797_cov_4.447539	12434	12567	29	15	133	0.1127820
NODE_610_length_16797_cov_4.447539	12434	12567	30	14	133	0.1052632
NODE_610_length_16797_cov_4.447539	12434	12567	31	9	133	0.0676692
NODE_610_length_16797_cov_4.447539	12434	12567	32	11	133	0.0827068
NODE_610_length_16797_cov_4.447539	12434	12567	33	15	133	0.1127820
NODE_610_length_16797_cov_4.447539	12434	12567	34	21	133	0.1578947
NODE_610_length_16797_cov_4.447539	12434	12567	35	1	133	0.0075188
NODE_61104_length_3109_cov_4.409967	2115	2248	7	9	133	0.0676692
NODE_61104_length_3109_cov_4.409967	2115	2248	8	54	133	0.4060150
NODE_61104_length_3109_cov_4.409967	2115	2248	9	17	133	0.1278196
NODE_61104_length_3109_cov_4.409967	2115	2248	10	15	133	0.1127820
NODE_61104_length_3109_cov_4.409967	2115	2248	11	33	133	0.2481203
NODE_61104_length_3109_cov_4.409967	2115	2248	12	5	133	0.0375940
NODE_6111_length_8829_cov_3.807331	2255	2388	12	3	133	0.0225564
NODE_6111_length_8829_cov_3.807331	2255	2388	13	7	133	0.0526316
NODE_6111_length_8829_cov_3.807331	2255	2388	14	2	133	0.0150376
NODE_6111_length_8829_cov_3.807331	2255	2388	17	4	133	0.0300752
NODE_6111_length_8829_cov_3.807331	2255	2388	18	17	133	0.1278196
NODE_6111_length_8829_cov_3.807331	2255	2388	19	11	133	0.0827068
NODE_6111_length_8829_cov_3.807331	2255	2388	20	20	133	0.1503759
NODE_6111_length_8829_cov_3.807331	2255	2388	21	24	133	0.1804511
NODE_6111_length_8829_cov_3.807331	2255	2388	22	32	133	0.2406015
NODE_6111_length_8829_cov_3.807331	2255	2388	23	4	133	0.0300752
NODE_6111_length_8829_cov_3.807331	2255	2388	24	9	133	0.0676692
NODE_61120_length_3108_cov_5.528082	1547	1680	1	7	133	0.0526316
NODE_61120_length_3108_cov_5.528082	1547	1680	2	8	133	0.0601504
NODE_61120_length_3108_cov_5.528082	1547	1680	3	1	133	0.0075188
NODE_61120_length_3108_cov_5.528082	1547	1680	4	9	133	0.0676692
NODE_61120_length_3108_cov_5.528082	1547	1680	5	70	133	0.5263158
NODE_61120_length_3108_cov_5.528082	1547	1680	6	38	133	0.2857143
NODE_61123_length_3108_cov_5.250249	2138	2271	1	9	133	0.0676692
NODE_61123_length_3108_cov_5.250249	2138	2271	2	40	133	0.3007519
NODE_61123_length_3108_cov_5.250249	2138	2271	3	2	133	0.0150376
NODE_61123_length_3108_cov_5.250249	2138	2271	4	3	133	0.0225564
NODE_61123_length_3108_cov_5.250249	2138	2271	5	12	133	0.0902256
NODE_61123_length_3108_cov_5.250249	2138	2271	6	28	133	0.2105263
NODE_61123_length_3108_cov_5.250249	2138	2271	7	15	133	0.1127820
NODE_61123_length_3108_cov_5.250249	2138	2271	8	20	133	0.1503759
NODE_61123_length_3108_cov_5.250249	2138	2271	9	4	133	0.0300752
NODE_61141_length_3108_cov_4.040213	2896	3029	3	11	133	0.0827068
NODE_61141_length_3108_cov_4.040213	2896	3029	4	89	133	0.6691729
NODE_61141_length_3108_cov_4.040213	2896	3029	5	33	133	0.2481203
NODE_61146_length_3108_cov_3.781323	140	273	9	16	133	0.1203008
NODE_61146_length_3108_cov_3.781323	140	273	10	4	133	0.0300752
NODE_61146_length_3108_cov_3.781323	140	273	11	1	133	0.0075188
NODE_61146_length_3108_cov_3.781323	140	273	12	1	133	0.0075188
NODE_61146_length_3108_cov_3.781323	140	273	13	7	133	0.0526316
NODE_61146_length_3108_cov_3.781323	140	273	14	2	133	0.0150376
NODE_61146_length_3108_cov_3.781323	140	273	15	13	133	0.0977444
NODE_61146_length_3108_cov_3.781323	140	273	16	15	133	0.1127820
NODE_61146_length_3108_cov_3.781323	140	273	17	20	133	0.1503759
NODE_61146_length_3108_cov_3.781323	140	273	18	54	133	0.4060150
NODE_61187_length_3107_cov_4.081782	1237	1370	5	23	133	0.1729323
NODE_61187_length_3107_cov_4.081782	1237	1370	6	52	133	0.3909774
NODE_61187_length_3107_cov_4.081782	1237	1370	7	45	133	0.3383459
NODE_61187_length_3107_cov_4.081782	1237	1370	8	13	133	0.0977444
NODE_6127_length_8820_cov_5.402591	8454	8587	0	133	133	1.0000000
NODE_61315_length_3103_cov_3.813582	2612	2745	23	3	133	0.0225564
NODE_61315_length_3103_cov_3.813582	2612	2745	24	1	133	0.0075188
NODE_61315_length_3103_cov_3.813582	2612	2745	26	5	133	0.0375940
NODE_61315_length_3103_cov_3.813582	2612	2745	27	8	133	0.0601504
NODE_61315_length_3103_cov_3.813582	2612	2745	30	1	133	0.0075188
NODE_61315_length_3103_cov_3.813582	2612	2745	31	13	133	0.0977444
NODE_61315_length_3103_cov_3.813582	2612	2745	32	1	133	0.0075188
NODE_61315_length_3103_cov_3.813582	2612	2745	33	7	133	0.0526316
NODE_61315_length_3103_cov_3.813582	2612	2745	34	5	133	0.0375940
NODE_61315_length_3103_cov_3.813582	2612	2745	36	5	133	0.0375940
NODE_61315_length_3103_cov_3.813582	2612	2745	37	2	133	0.0150376
NODE_61315_length_3103_cov_3.813582	2612	2745	39	6	133	0.0451128
NODE_61315_length_3103_cov_3.813582	2612	2745	40	3	133	0.0225564
NODE_61315_length_3103_cov_3.813582	2612	2745	41	9	133	0.0676692
NODE_61315_length_3103_cov_3.813582	2612	2745	43	20	133	0.1503759
NODE_61315_length_3103_cov_3.813582	2612	2745	44	1	133	0.0075188
NODE_61315_length_3103_cov_3.813582	2612	2745	45	10	133	0.0751880
NODE_61315_length_3103_cov_3.813582	2612	2745	46	1	133	0.0075188
NODE_61315_length_3103_cov_3.813582	2612	2745	47	18	133	0.1353384
NODE_61315_length_3103_cov_3.813582	2612	2745	48	1	133	0.0075188
NODE_61315_length_3103_cov_3.813582	2612	2745	49	13	133	0.0977444
NODE_61349_length_3102_cov_3.695638	838	971	6	6	133	0.0451128
NODE_61349_length_3102_cov_3.695638	838	971	8	14	133	0.1052632
NODE_61349_length_3102_cov_3.695638	838	971	9	13	133	0.0977444
NODE_61349_length_3102_cov_3.695638	838	971	10	2	133	0.0150376
NODE_61349_length_3102_cov_3.695638	838	971	13	4	133	0.0300752
NODE_61349_length_3102_cov_3.695638	838	971	14	5	133	0.0375940
NODE_61349_length_3102_cov_3.695638	838	971	15	27	133	0.2030075
NODE_61349_length_3102_cov_3.695638	838	971	16	52	133	0.3909774
NODE_61349_length_3102_cov_3.695638	838	971	17	10	133	0.0751880
NODE_61383_length_3101_cov_3.597602	2488	2621	9	3	133	0.0225564
NODE_61383_length_3101_cov_3.597602	2488	2621	10	8	133	0.0601504
NODE_61383_length_3101_cov_3.597602	2488	2621	11	8	133	0.0601504
NODE_61383_length_3101_cov_3.597602	2488	2621	13	17	133	0.1278196
NODE_61383_length_3101_cov_3.597602	2488	2621	14	41	133	0.3082707
NODE_61383_length_3101_cov_3.597602	2488	2621	15	1	133	0.0075188
NODE_61383_length_3101_cov_3.597602	2488	2621	16	1	133	0.0075188
NODE_61383_length_3101_cov_3.597602	2488	2621	17	9	133	0.0676692
NODE_61383_length_3101_cov_3.597602	2488	2621	18	8	133	0.0601504
NODE_61383_length_3101_cov_3.597602	2488	2621	19	28	133	0.2105263
NODE_61383_length_3101_cov_3.597602	2488	2621	20	9	133	0.0676692
NODE_61498_length_3097_cov_5.168112	102	235	9	9	133	0.0676692
NODE_61498_length_3097_cov_5.168112	102	235	10	4	133	0.0300752
NODE_61498_length_3097_cov_5.168112	102	235	11	6	133	0.0451128
NODE_61498_length_3097_cov_5.168112	102	235	12	1	133	0.0075188
NODE_61498_length_3097_cov_5.168112	102	235	14	7	133	0.0526316
NODE_61498_length_3097_cov_5.168112	102	235	15	6	133	0.0451128
NODE_61498_length_3097_cov_5.168112	102	235	16	62	133	0.4661654
NODE_61498_length_3097_cov_5.168112	102	235	17	38	133	0.2857143
NODE_6154_length_8802_cov_4.460761	8312	8445	4	3	133	0.0225564
NODE_6154_length_8802_cov_4.460761	8312	8445	5	2	133	0.0150376
NODE_6154_length_8802_cov_4.460761	8312	8445	6	5	133	0.0375940
NODE_6154_length_8802_cov_4.460761	8312	8445	7	11	133	0.0827068
NODE_6154_length_8802_cov_4.460761	8312	8445	8	5	133	0.0375940
NODE_6154_length_8802_cov_4.460761	8312	8445	10	2	133	0.0150376
NODE_6154_length_8802_cov_4.460761	8312	8445	11	3	133	0.0225564
NODE_6154_length_8802_cov_4.460761	8312	8445	12	16	133	0.1203008
NODE_6154_length_8802_cov_4.460761	8312	8445	13	12	133	0.0902256
NODE_6154_length_8802_cov_4.460761	8312	8445	14	12	133	0.0902256
NODE_6154_length_8802_cov_4.460761	8312	8445	16	1	133	0.0075188
NODE_6154_length_8802_cov_4.460761	8312	8445	17	1	133	0.0075188
NODE_6154_length_8802_cov_4.460761	8312	8445	18	4	133	0.0300752
NODE_6154_length_8802_cov_4.460761	8312	8445	19	4	133	0.0300752
NODE_6154_length_8802_cov_4.460761	8312	8445	20	22	133	0.1654135
NODE_6154_length_8802_cov_4.460761	8312	8445	21	7	133	0.0526316
NODE_6154_length_8802_cov_4.460761	8312	8445	22	1	133	0.0075188
NODE_6154_length_8802_cov_4.460761	8312	8445	24	6	133	0.0451128
NODE_6154_length_8802_cov_4.460761	8312	8445	25	13	133	0.0977444
NODE_6154_length_8802_cov_4.460761	8312	8445	26	3	133	0.0225564
NODE_61642_length_3092_cov_4.390912	110	243	6	1	133	0.0075188
NODE_61642_length_3092_cov_4.390912	110	243	7	12	133	0.0902256
NODE_61642_length_3092_cov_4.390912	110	243	8	95	133	0.7142857
NODE_61642_length_3092_cov_4.390912	110	243	9	25	133	0.1879699
NODE_61660_length_3092_cov_2.221183	365	498	2	25	133	0.1879699
NODE_61660_length_3092_cov_2.221183	365	498	3	89	133	0.6691729
NODE_61660_length_3092_cov_2.221183	365	498	4	19	133	0.1428571
NODE_61701_length_3090_cov_4.472417	425	558	1	112	133	0.8421053
NODE_61701_length_3090_cov_4.472417	425	558	2	21	133	0.1578947
NODE_61715_length_3090_cov_3.148780	2885	3018	15	8	133	0.0601504
NODE_61715_length_3090_cov_3.148780	2885	3018	19	2	133	0.0150376
NODE_61715_length_3090_cov_3.148780	2885	3018	20	1	133	0.0075188
NODE_61715_length_3090_cov_3.148780	2885	3018	21	5	133	0.0375940
NODE_61715_length_3090_cov_3.148780	2885	3018	23	10	133	0.0751880
NODE_61715_length_3090_cov_3.148780	2885	3018	25	6	133	0.0451128
NODE_61715_length_3090_cov_3.148780	2885	3018	26	3	133	0.0225564
NODE_61715_length_3090_cov_3.148780	2885	3018	27	16	133	0.1203008
NODE_61715_length_3090_cov_3.148780	2885	3018	28	4	133	0.0300752
NODE_61715_length_3090_cov_3.148780	2885	3018	29	11	133	0.0827068
NODE_61715_length_3090_cov_3.148780	2885	3018	30	28	133	0.2105263
NODE_61715_length_3090_cov_3.148780	2885	3018	31	5	133	0.0375940
NODE_61715_length_3090_cov_3.148780	2885	3018	32	8	133	0.0601504
NODE_61715_length_3090_cov_3.148780	2885	3018	33	8	133	0.0601504
NODE_61715_length_3090_cov_3.148780	2885	3018	34	11	133	0.0827068
NODE_61715_length_3090_cov_3.148780	2885	3018	35	5	133	0.0375940
NODE_61715_length_3090_cov_3.148780	2885	3018	36	2	133	0.0150376
NODE_6171_length_8793_cov_3.763285	3591	3724	5	26	133	0.1954887
NODE_6171_length_8793_cov_3.763285	3591	3724	6	33	133	0.2481203
NODE_6171_length_8793_cov_3.763285	3591	3724	7	74	133	0.5563910
NODE_61734_length_3089_cov_3.838127	268	401	9	6	133	0.0451128
NODE_61734_length_3089_cov_3.838127	268	401	10	17	133	0.1278196
NODE_61734_length_3089_cov_3.838127	268	401	11	3	133	0.0225564
NODE_61734_length_3089_cov_3.838127	268	401	12	8	133	0.0601504
NODE_61734_length_3089_cov_3.838127	268	401	13	4	133	0.0300752
NODE_61734_length_3089_cov_3.838127	268	401	14	10	133	0.0751880
NODE_61734_length_3089_cov_3.838127	268	401	16	33	133	0.2481203
NODE_61734_length_3089_cov_3.838127	268	401	17	9	133	0.0676692
NODE_61734_length_3089_cov_3.838127	268	401	18	42	133	0.3157895
NODE_61734_length_3089_cov_3.838127	268	401	19	1	133	0.0075188
NODE_6173_length_8792_cov_4.237778	2781	2914	7	9	133	0.0676692
NODE_6173_length_8792_cov_4.237778	2781	2914	9	3	133	0.0225564
NODE_6173_length_8792_cov_4.237778	2781	2914	13	11	133	0.0827068
NODE_6173_length_8792_cov_4.237778	2781	2914	15	2	133	0.0150376
NODE_6173_length_8792_cov_4.237778	2781	2914	16	9	133	0.0676692
NODE_6173_length_8792_cov_4.237778	2781	2914	17	3	133	0.0225564
NODE_6173_length_8792_cov_4.237778	2781	2914	18	3	133	0.0225564
NODE_6173_length_8792_cov_4.237778	2781	2914	20	3	133	0.0225564
NODE_6173_length_8792_cov_4.237778	2781	2914	21	6	133	0.0451128
NODE_6173_length_8792_cov_4.237778	2781	2914	22	37	133	0.2781955
NODE_6173_length_8792_cov_4.237778	2781	2914	23	27	133	0.2030075
NODE_6173_length_8792_cov_4.237778	2781	2914	24	16	133	0.1203008
NODE_6173_length_8792_cov_4.237778	2781	2914	25	4	133	0.0300752
NODE_61768_length_3088_cov_3.615925	2553	2686	7	2	133	0.0150376
NODE_61768_length_3088_cov_3.615925	2553	2686	8	33	133	0.2481203
NODE_61768_length_3088_cov_3.615925	2553	2686	9	1	133	0.0075188
NODE_61768_length_3088_cov_3.615925	2553	2686	10	12	133	0.0902256
NODE_61768_length_3088_cov_3.615925	2553	2686	12	6	133	0.0451128
NODE_61768_length_3088_cov_3.615925	2553	2686	16	4	133	0.0300752
NODE_61768_length_3088_cov_3.615925	2553	2686	17	26	133	0.1954887
NODE_61768_length_3088_cov_3.615925	2553	2686	18	21	133	0.1578947
NODE_61768_length_3088_cov_3.615925	2553	2686	19	25	133	0.1879699
NODE_61768_length_3088_cov_3.615925	2553	2686	20	3	133	0.0225564
NODE_617_length_16742_cov_4.418975	7140	7273	14	4	133	0.0300752
NODE_617_length_16742_cov_4.418975	7140	7273	15	1	133	0.0075188
NODE_617_length_16742_cov_4.418975	7140	7273	16	1	133	0.0075188
NODE_617_length_16742_cov_4.418975	7140	7273	17	9	133	0.0676692
NODE_617_length_16742_cov_4.418975	7140	7273	18	2	133	0.0150376
NODE_617_length_16742_cov_4.418975	7140	7273	20	3	133	0.0225564
NODE_617_length_16742_cov_4.418975	7140	7273	21	4	133	0.0300752
NODE_617_length_16742_cov_4.418975	7140	7273	22	1	133	0.0075188
NODE_617_length_16742_cov_4.418975	7140	7273	23	11	133	0.0827068
NODE_617_length_16742_cov_4.418975	7140	7273	24	6	133	0.0451128
NODE_617_length_16742_cov_4.418975	7140	7273	25	8	133	0.0601504
NODE_617_length_16742_cov_4.418975	7140	7273	26	15	133	0.1127820
NODE_617_length_16742_cov_4.418975	7140	7273	27	37	133	0.2781955
NODE_617_length_16742_cov_4.418975	7140	7273	28	29	133	0.2180451
NODE_617_length_16742_cov_4.418975	7140	7273	29	2	133	0.0150376
NODE_61817_length_3086_cov_5.086040	255	388	8	4	133	0.0300752
NODE_61817_length_3086_cov_5.086040	255	388	9	1	133	0.0075188
NODE_61817_length_3086_cov_5.086040	255	388	11	19	133	0.1428571
NODE_61817_length_3086_cov_5.086040	255	388	12	10	133	0.0751880
NODE_61817_length_3086_cov_5.086040	255	388	13	14	133	0.1052632
NODE_61817_length_3086_cov_5.086040	255	388	14	14	133	0.1052632
NODE_61817_length_3086_cov_5.086040	255	388	15	29	133	0.2180451
NODE_61817_length_3086_cov_5.086040	255	388	16	42	133	0.3157895
NODE_61839_length_3086_cov_3.458654	850	983	16	5	133	0.0375940
NODE_61839_length_3086_cov_3.458654	850	983	17	11	133	0.0827068
NODE_61839_length_3086_cov_3.458654	850	983	18	10	133	0.0751880
NODE_61839_length_3086_cov_3.458654	850	983	19	5	133	0.0375940
NODE_61839_length_3086_cov_3.458654	850	983	21	13	133	0.0977444
NODE_61839_length_3086_cov_3.458654	850	983	22	15	133	0.1127820
NODE_61839_length_3086_cov_3.458654	850	983	23	32	133	0.2406015
NODE_61839_length_3086_cov_3.458654	850	983	24	25	133	0.1879699
NODE_61839_length_3086_cov_3.458654	850	983	25	15	133	0.1127820
NODE_61839_length_3086_cov_3.458654	850	983	27	2	133	0.0150376
NODE_61847_length_3085_cov_5.264233	734	867	1	78	133	0.5864662
NODE_61847_length_3085_cov_5.264233	734	867	3	41	133	0.3082707
NODE_61847_length_3085_cov_5.264233	734	867	4	3	133	0.0225564
NODE_61847_length_3085_cov_5.264233	734	867	5	10	133	0.0751880
NODE_61847_length_3085_cov_5.264233	734	867	6	1	133	0.0075188
NODE_61854_length_3085_cov_4.517415	2161	2294	8	12	133	0.0902256
NODE_61854_length_3085_cov_4.517415	2161	2294	9	29	133	0.2180451
NODE_61854_length_3085_cov_4.517415	2161	2294	10	4	133	0.0300752
NODE_61854_length_3085_cov_4.517415	2161	2294	11	45	133	0.3383459
NODE_61854_length_3085_cov_4.517415	2161	2294	12	43	133	0.3233083
NODE_6186_length_8787_cov_4.502762	3791	3924	9	2	133	0.0150376
NODE_6186_length_8787_cov_4.502762	3791	3924	10	19	133	0.1428571
NODE_6186_length_8787_cov_4.502762	3791	3924	11	23	133	0.1729323
NODE_6186_length_8787_cov_4.502762	3791	3924	12	35	133	0.2631579
NODE_6186_length_8787_cov_4.502762	3791	3924	13	18	133	0.1353384
NODE_6186_length_8787_cov_4.502762	3791	3924	14	36	133	0.2706767
NODE_61889_length_3084_cov_4.283752	886	1019	9	3	133	0.0225564
NODE_61889_length_3084_cov_4.283752	886	1019	10	25	133	0.1879699
NODE_61889_length_3084_cov_4.283752	886	1019	11	5	133	0.0375940
NODE_61889_length_3084_cov_4.283752	886	1019	12	15	133	0.1127820
NODE_61889_length_3084_cov_4.283752	886	1019	13	4	133	0.0300752
NODE_61889_length_3084_cov_4.283752	886	1019	14	1	133	0.0075188
NODE_61889_length_3084_cov_4.283752	886	1019	16	4	133	0.0300752
NODE_61889_length_3084_cov_4.283752	886	1019	17	30	133	0.2255639
NODE_61889_length_3084_cov_4.283752	886	1019	18	11	133	0.0827068
NODE_61889_length_3084_cov_4.283752	886	1019	19	18	133	0.1353384
NODE_61889_length_3084_cov_4.283752	886	1019	20	11	133	0.0827068
NODE_61889_length_3084_cov_4.283752	886	1019	21	6	133	0.0451128
NODE_61934_length_3083_cov_4.701743	2301	2434	5	7	133	0.0526316
NODE_61934_length_3083_cov_4.701743	2301	2434	6	9	133	0.0676692
NODE_61934_length_3083_cov_4.701743	2301	2434	7	29	133	0.2180451
NODE_61934_length_3083_cov_4.701743	2301	2434	8	39	133	0.2932331
NODE_61934_length_3083_cov_4.701743	2301	2434	9	11	133	0.0827068
NODE_61934_length_3083_cov_4.701743	2301	2434	10	38	133	0.2857143
NODE_61938_length_3083_cov_4.393767	1602	1735	1	8	133	0.0601504
NODE_61938_length_3083_cov_4.393767	1602	1735	2	24	133	0.1804511
NODE_61938_length_3083_cov_4.393767	1602	1735	4	49	133	0.3684210
NODE_61938_length_3083_cov_4.393767	1602	1735	5	19	133	0.1428571
NODE_61938_length_3083_cov_4.393767	1602	1735	6	25	133	0.1879699
NODE_61938_length_3083_cov_4.393767	1602	1735	7	8	133	0.0601504
NODE_61941_length_3083_cov_4.035858	1610	1743	1	5	133	0.0375940
NODE_61941_length_3083_cov_4.035858	1610	1743	2	9	133	0.0676692
NODE_61941_length_3083_cov_4.035858	1610	1743	3	8	133	0.0601504
NODE_61941_length_3083_cov_4.035858	1610	1743	4	7	133	0.0526316
NODE_61941_length_3083_cov_4.035858	1610	1743	6	7	133	0.0526316
NODE_61941_length_3083_cov_4.035858	1610	1743	7	4	133	0.0300752
NODE_61941_length_3083_cov_4.035858	1610	1743	8	1	133	0.0075188
NODE_61941_length_3083_cov_4.035858	1610	1743	9	9	133	0.0676692
NODE_61941_length_3083_cov_4.035858	1610	1743	10	15	133	0.1127820
NODE_61941_length_3083_cov_4.035858	1610	1743	11	39	133	0.2932331
NODE_61941_length_3083_cov_4.035858	1610	1743	12	29	133	0.2180451
NODE_61993_length_3082_cov_3.126383	1047	1180	7	6	133	0.0451128
NODE_61993_length_3082_cov_3.126383	1047	1180	8	2	133	0.0150376
NODE_61993_length_3082_cov_3.126383	1047	1180	9	24	133	0.1804511
NODE_61993_length_3082_cov_3.126383	1047	1180	10	8	133	0.0601504
NODE_61993_length_3082_cov_3.126383	1047	1180	11	4	133	0.0300752
NODE_61993_length_3082_cov_3.126383	1047	1180	12	6	133	0.0451128
NODE_61993_length_3082_cov_3.126383	1047	1180	13	7	133	0.0526316
NODE_61993_length_3082_cov_3.126383	1047	1180	15	17	133	0.1278196
NODE_61993_length_3082_cov_3.126383	1047	1180	16	3	133	0.0225564
NODE_61993_length_3082_cov_3.126383	1047	1180	17	18	133	0.1353384
NODE_61993_length_3082_cov_3.126383	1047	1180	18	14	133	0.1052632
NODE_61993_length_3082_cov_3.126383	1047	1180	19	20	133	0.1503759
NODE_61993_length_3082_cov_3.126383	1047	1180	20	4	133	0.0300752
NODE_61_length_27244_cov_4.495229	12272	12405	11	1	133	0.0075188
NODE_61_length_27244_cov_4.495229	12272	12405	12	18	133	0.1353384
NODE_61_length_27244_cov_4.495229	12272	12405	13	33	133	0.2481203
NODE_61_length_27244_cov_4.495229	12272	12405	14	55	133	0.4135338
NODE_61_length_27244_cov_4.495229	12272	12405	15	22	133	0.1654135
NODE_61_length_27244_cov_4.495229	12272	12405	16	2	133	0.0150376
NODE_61_length_27244_cov_4.495229	12272	12405	17	2	133	0.0150376
NODE_62000_length_3081_cov_5.584842	1110	1243	35	1	133	0.0075188
NODE_62000_length_3081_cov_5.584842	1110	1243	36	12	133	0.0902256
NODE_62000_length_3081_cov_5.584842	1110	1243	37	3	133	0.0225564
NODE_62000_length_3081_cov_5.584842	1110	1243	38	2	133	0.0150376
NODE_62000_length_3081_cov_5.584842	1110	1243	39	4	133	0.0300752
NODE_62000_length_3081_cov_5.584842	1110	1243	40	5	133	0.0375940
NODE_62000_length_3081_cov_5.584842	1110	1243	41	1	133	0.0075188
NODE_62000_length_3081_cov_5.584842	1110	1243	42	2	133	0.0150376
NODE_62000_length_3081_cov_5.584842	1110	1243	43	1	133	0.0075188
NODE_62000_length_3081_cov_5.584842	1110	1243	44	2	133	0.0150376
NODE_62000_length_3081_cov_5.584842	1110	1243	45	5	133	0.0375940
NODE_62000_length_3081_cov_5.584842	1110	1243	46	1	133	0.0075188
NODE_62000_length_3081_cov_5.584842	1110	1243	47	3	133	0.0225564
NODE_62000_length_3081_cov_5.584842	1110	1243	48	4	133	0.0300752
NODE_62000_length_3081_cov_5.584842	1110	1243	49	4	133	0.0300752
NODE_62000_length_3081_cov_5.584842	1110	1243	50	3	133	0.0225564
NODE_62000_length_3081_cov_5.584842	1110	1243	52	4	133	0.0300752
NODE_62000_length_3081_cov_5.584842	1110	1243	53	5	133	0.0375940
NODE_62000_length_3081_cov_5.584842	1110	1243	54	2	133	0.0150376
NODE_62000_length_3081_cov_5.584842	1110	1243	55	1	133	0.0075188
NODE_62000_length_3081_cov_5.584842	1110	1243	56	16	133	0.1203008
NODE_62000_length_3081_cov_5.584842	1110	1243	57	6	133	0.0451128
NODE_62000_length_3081_cov_5.584842	1110	1243	58	5	133	0.0375940
NODE_62000_length_3081_cov_5.584842	1110	1243	59	6	133	0.0451128
NODE_62000_length_3081_cov_5.584842	1110	1243	60	25	133	0.1879699
NODE_62000_length_3081_cov_5.584842	1110	1243	61	6	133	0.0451128
NODE_62000_length_3081_cov_5.584842	1110	1243	62	1	133	0.0075188
NODE_62000_length_3081_cov_5.584842	1110	1243	63	3	133	0.0225564
NODE_62002_length_3081_cov_4.896043	2762	2895	3	2	133	0.0150376
NODE_62002_length_3081_cov_4.896043	2762	2895	4	11	133	0.0827068
NODE_62002_length_3081_cov_4.896043	2762	2895	5	19	133	0.1428571
NODE_62002_length_3081_cov_4.896043	2762	2895	6	3	133	0.0225564
NODE_62002_length_3081_cov_4.896043	2762	2895	8	1	133	0.0075188
NODE_62002_length_3081_cov_4.896043	2762	2895	10	12	133	0.0902256
NODE_62002_length_3081_cov_4.896043	2762	2895	11	9	133	0.0676692
NODE_62002_length_3081_cov_4.896043	2762	2895	13	24	133	0.1804511
NODE_62002_length_3081_cov_4.896043	2762	2895	14	29	133	0.2180451
NODE_62002_length_3081_cov_4.896043	2762	2895	15	23	133	0.1729323
NODE_6204_length_8780_cov_4.265062	2463	2596	23	13	133	0.0977444
NODE_6204_length_8780_cov_4.265062	2463	2596	25	4	133	0.0300752
NODE_6204_length_8780_cov_4.265062	2463	2596	26	21	133	0.1578947
NODE_6204_length_8780_cov_4.265062	2463	2596	27	10	133	0.0751880
NODE_6204_length_8780_cov_4.265062	2463	2596	28	5	133	0.0375940
NODE_6204_length_8780_cov_4.265062	2463	2596	29	24	133	0.1804511
NODE_6204_length_8780_cov_4.265062	2463	2596	30	9	133	0.0676692
NODE_6204_length_8780_cov_4.265062	2463	2596	31	35	133	0.2631579
NODE_6204_length_8780_cov_4.265062	2463	2596	32	3	133	0.0225564
NODE_6204_length_8780_cov_4.265062	2463	2596	33	4	133	0.0300752
NODE_6204_length_8780_cov_4.265062	2463	2596	34	5	133	0.0375940
NODE_62115_length_3078_cov_3.942934	1361	1494	10	11	133	0.0827068
NODE_62115_length_3078_cov_3.942934	1361	1494	11	10	133	0.0751880
NODE_62115_length_3078_cov_3.942934	1361	1494	13	7	133	0.0526316
NODE_62115_length_3078_cov_3.942934	1361	1494	15	18	133	0.1353384
NODE_62115_length_3078_cov_3.942934	1361	1494	16	10	133	0.0751880
NODE_62115_length_3078_cov_3.942934	1361	1494	17	7	133	0.0526316
NODE_62115_length_3078_cov_3.942934	1361	1494	18	27	133	0.2030075
NODE_62115_length_3078_cov_3.942934	1361	1494	19	25	133	0.1879699
NODE_62115_length_3078_cov_3.942934	1361	1494	20	18	133	0.1353384
NODE_62143_length_3077_cov_4.505373	1418	1551	6	2	133	0.0150376
NODE_62143_length_3077_cov_4.505373	1418	1551	7	26	133	0.1954887
NODE_62143_length_3077_cov_4.505373	1418	1551	8	3	133	0.0225564
NODE_62143_length_3077_cov_4.505373	1418	1551	9	23	133	0.1729323
NODE_62143_length_3077_cov_4.505373	1418	1551	11	7	133	0.0526316
NODE_62143_length_3077_cov_4.505373	1418	1551	12	13	133	0.0977444
NODE_62143_length_3077_cov_4.505373	1418	1551	13	5	133	0.0375940
NODE_62143_length_3077_cov_4.505373	1418	1551	14	36	133	0.2706767
NODE_62143_length_3077_cov_4.505373	1418	1551	15	13	133	0.0977444
NODE_62143_length_3077_cov_4.505373	1418	1551	16	5	133	0.0375940
NODE_6222_length_8766_cov_4.610015	1102	1235	10	12	133	0.0902256
NODE_6222_length_8766_cov_4.610015	1102	1235	11	8	133	0.0601504
NODE_6222_length_8766_cov_4.610015	1102	1235	12	18	133	0.1353384
NODE_6222_length_8766_cov_4.610015	1102	1235	13	21	133	0.1578947
NODE_6222_length_8766_cov_4.610015	1102	1235	14	22	133	0.1654135
NODE_6222_length_8766_cov_4.610015	1102	1235	15	7	133	0.0526316
NODE_6222_length_8766_cov_4.610015	1102	1235	16	19	133	0.1428571
NODE_6222_length_8766_cov_4.610015	1102	1235	17	25	133	0.1879699
NODE_6222_length_8766_cov_4.610015	1102	1235	18	1	133	0.0075188
NODE_6223_length_8765_cov_4.192707	1878	2011	43	4	133	0.0300752
NODE_6223_length_8765_cov_4.192707	1878	2011	45	1	133	0.0075188
NODE_6223_length_8765_cov_4.192707	1878	2011	46	3	133	0.0225564
NODE_6223_length_8765_cov_4.192707	1878	2011	47	1	133	0.0075188
NODE_6223_length_8765_cov_4.192707	1878	2011	49	1	133	0.0075188
NODE_6223_length_8765_cov_4.192707	1878	2011	50	4	133	0.0300752
NODE_6223_length_8765_cov_4.192707	1878	2011	51	9	133	0.0676692
NODE_6223_length_8765_cov_4.192707	1878	2011	52	4	133	0.0300752
NODE_6223_length_8765_cov_4.192707	1878	2011	53	6	133	0.0451128
NODE_6223_length_8765_cov_4.192707	1878	2011	54	11	133	0.0827068
NODE_6223_length_8765_cov_4.192707	1878	2011	55	6	133	0.0451128
NODE_6223_length_8765_cov_4.192707	1878	2011	56	10	133	0.0751880
NODE_6223_length_8765_cov_4.192707	1878	2011	57	7	133	0.0526316
NODE_6223_length_8765_cov_4.192707	1878	2011	58	10	133	0.0751880
NODE_6223_length_8765_cov_4.192707	1878	2011	59	5	133	0.0375940
NODE_6223_length_8765_cov_4.192707	1878	2011	60	16	133	0.1203008
NODE_6223_length_8765_cov_4.192707	1878	2011	61	17	133	0.1278196
NODE_6223_length_8765_cov_4.192707	1878	2011	62	15	133	0.1127820
NODE_6223_length_8765_cov_4.192707	1878	2011	63	3	133	0.0225564
NODE_6227_length_8763_cov_4.545014	4605	4738	26	6	133	0.0451128
NODE_6227_length_8763_cov_4.545014	4605	4738	27	1	133	0.0075188
NODE_6227_length_8763_cov_4.545014	4605	4738	28	4	133	0.0300752
NODE_6227_length_8763_cov_4.545014	4605	4738	30	4	133	0.0300752
NODE_6227_length_8763_cov_4.545014	4605	4738	33	4	133	0.0300752
NODE_6227_length_8763_cov_4.545014	4605	4738	34	4	133	0.0300752
NODE_6227_length_8763_cov_4.545014	4605	4738	37	4	133	0.0300752
NODE_6227_length_8763_cov_4.545014	4605	4738	38	3	133	0.0225564
NODE_6227_length_8763_cov_4.545014	4605	4738	40	4	133	0.0300752
NODE_6227_length_8763_cov_4.545014	4605	4738	41	6	133	0.0451128
NODE_6227_length_8763_cov_4.545014	4605	4738	42	2	133	0.0150376
NODE_6227_length_8763_cov_4.545014	4605	4738	43	3	133	0.0225564
NODE_6227_length_8763_cov_4.545014	4605	4738	44	3	133	0.0225564
NODE_6227_length_8763_cov_4.545014	4605	4738	45	2	133	0.0150376
NODE_6227_length_8763_cov_4.545014	4605	4738	46	1	133	0.0075188
NODE_6227_length_8763_cov_4.545014	4605	4738	47	3	133	0.0225564
NODE_6227_length_8763_cov_4.545014	4605	4738	48	9	133	0.0676692
NODE_6227_length_8763_cov_4.545014	4605	4738	49	2	133	0.0150376
NODE_6227_length_8763_cov_4.545014	4605	4738	50	9	133	0.0676692
NODE_6227_length_8763_cov_4.545014	4605	4738	51	7	133	0.0526316
NODE_6227_length_8763_cov_4.545014	4605	4738	52	6	133	0.0451128
NODE_6227_length_8763_cov_4.545014	4605	4738	53	2	133	0.0150376
NODE_6227_length_8763_cov_4.545014	4605	4738	54	16	133	0.1203008
NODE_6227_length_8763_cov_4.545014	4605	4738	55	9	133	0.0676692
NODE_6227_length_8763_cov_4.545014	4605	4738	56	15	133	0.1127820
NODE_6227_length_8763_cov_4.545014	4605	4738	57	4	133	0.0300752
NODE_62298_length_3073_cov_3.263282	1419	1552	8	6	133	0.0451128
NODE_62298_length_3073_cov_3.263282	1419	1552	9	10	133	0.0751880
NODE_62298_length_3073_cov_3.263282	1419	1552	10	18	133	0.1353384
NODE_62298_length_3073_cov_3.263282	1419	1552	11	33	133	0.2481203
NODE_62298_length_3073_cov_3.263282	1419	1552	12	22	133	0.1654135
NODE_62298_length_3073_cov_3.263282	1419	1552	13	15	133	0.1127820
NODE_62298_length_3073_cov_3.263282	1419	1552	14	26	133	0.1954887
NODE_62298_length_3073_cov_3.263282	1419	1552	15	3	133	0.0225564
NODE_62305_length_3072_cov_6.334679	1800	1933	23	13	133	0.0977444
NODE_62305_length_3072_cov_6.334679	1800	1933	24	5	133	0.0375940
NODE_62305_length_3072_cov_6.334679	1800	1933	26	13	133	0.0977444
NODE_62305_length_3072_cov_6.334679	1800	1933	27	8	133	0.0601504
NODE_62305_length_3072_cov_6.334679	1800	1933	29	1	133	0.0075188
NODE_62305_length_3072_cov_6.334679	1800	1933	30	8	133	0.0601504
NODE_62305_length_3072_cov_6.334679	1800	1933	31	5	133	0.0375940
NODE_62305_length_3072_cov_6.334679	1800	1933	32	12	133	0.0902256
NODE_62305_length_3072_cov_6.334679	1800	1933	33	14	133	0.1052632
NODE_62305_length_3072_cov_6.334679	1800	1933	34	10	133	0.0751880
NODE_62305_length_3072_cov_6.334679	1800	1933	35	9	133	0.0676692
NODE_62305_length_3072_cov_6.334679	1800	1933	36	2	133	0.0150376
NODE_62305_length_3072_cov_6.334679	1800	1933	37	4	133	0.0300752
NODE_62305_length_3072_cov_6.334679	1800	1933	38	4	133	0.0300752
NODE_62305_length_3072_cov_6.334679	1800	1933	39	7	133	0.0526316
NODE_62305_length_3072_cov_6.334679	1800	1933	41	5	133	0.0375940
NODE_62305_length_3072_cov_6.334679	1800	1933	42	3	133	0.0225564
NODE_62305_length_3072_cov_6.334679	1800	1933	43	7	133	0.0526316
NODE_62305_length_3072_cov_6.334679	1800	1933	44	2	133	0.0150376
NODE_62305_length_3072_cov_6.334679	1800	1933	45	1	133	0.0075188
NODE_62329_length_3072_cov_3.799529	2266	2399	5	7	133	0.0526316
NODE_62329_length_3072_cov_3.799529	2266	2399	6	21	133	0.1578947
NODE_62329_length_3072_cov_3.799529	2266	2399	7	23	133	0.1729323
NODE_62329_length_3072_cov_3.799529	2266	2399	8	13	133	0.0977444
NODE_62329_length_3072_cov_3.799529	2266	2399	9	6	133	0.0451128
NODE_62329_length_3072_cov_3.799529	2266	2399	10	17	133	0.1278196
NODE_62329_length_3072_cov_3.799529	2266	2399	11	9	133	0.0676692
NODE_62329_length_3072_cov_3.799529	2266	2399	12	37	133	0.2781955
NODE_6242_length_8755_cov_5.090342	1467	1600	11	12	133	0.0902256
NODE_6242_length_8755_cov_5.090342	1467	1600	13	11	133	0.0827068
NODE_6242_length_8755_cov_5.090342	1467	1600	14	3	133	0.0225564
NODE_6242_length_8755_cov_5.090342	1467	1600	15	15	133	0.1127820
NODE_6242_length_8755_cov_5.090342	1467	1600	16	32	133	0.2406015
NODE_6242_length_8755_cov_5.090342	1467	1600	17	3	133	0.0225564
NODE_6242_length_8755_cov_5.090342	1467	1600	18	1	133	0.0075188
NODE_6242_length_8755_cov_5.090342	1467	1600	19	2	133	0.0150376
NODE_6242_length_8755_cov_5.090342	1467	1600	20	9	133	0.0676692
NODE_6242_length_8755_cov_5.090342	1467	1600	21	23	133	0.1729323
NODE_6242_length_8755_cov_5.090342	1467	1600	22	2	133	0.0150376
NODE_6242_length_8755_cov_5.090342	1467	1600	23	13	133	0.0977444
NODE_6242_length_8755_cov_5.090342	1467	1600	24	2	133	0.0150376
NODE_6242_length_8755_cov_5.090342	1467	1600	25	5	133	0.0375940
NODE_62438_length_3069_cov_4.013805	352	485	6	30	133	0.2255639
NODE_62438_length_3069_cov_4.013805	352	485	7	3	133	0.0225564
NODE_62438_length_3069_cov_4.013805	352	485	9	7	133	0.0526316
NODE_62438_length_3069_cov_4.013805	352	485	10	1	133	0.0075188
NODE_62438_length_3069_cov_4.013805	352	485	11	5	133	0.0375940
NODE_62438_length_3069_cov_4.013805	352	485	13	31	133	0.2330827
NODE_62438_length_3069_cov_4.013805	352	485	14	14	133	0.1052632
NODE_62438_length_3069_cov_4.013805	352	485	15	38	133	0.2857143
NODE_62438_length_3069_cov_4.013805	352	485	16	4	133	0.0300752
NODE_62446_length_3069_cov_3.865993	1123	1256	1	2	133	0.0150376
NODE_62446_length_3069_cov_3.865993	1123	1256	3	39	133	0.2932331
NODE_62446_length_3069_cov_3.865993	1123	1256	4	26	133	0.1954887
NODE_62446_length_3069_cov_3.865993	1123	1256	6	18	133	0.1353384
NODE_62446_length_3069_cov_3.865993	1123	1256	7	28	133	0.2105263
NODE_62446_length_3069_cov_3.865993	1123	1256	8	20	133	0.1503759
NODE_62467_length_3068_cov_4.818457	1162	1295	15	4	133	0.0300752
NODE_62467_length_3068_cov_4.818457	1162	1295	16	2	133	0.0150376
NODE_62467_length_3068_cov_4.818457	1162	1295	17	6	133	0.0451128
NODE_62467_length_3068_cov_4.818457	1162	1295	18	1	133	0.0075188
NODE_62467_length_3068_cov_4.818457	1162	1295	21	9	133	0.0676692
NODE_62467_length_3068_cov_4.818457	1162	1295	22	10	133	0.0751880
NODE_62467_length_3068_cov_4.818457	1162	1295	23	1	133	0.0075188
NODE_62467_length_3068_cov_4.818457	1162	1295	24	12	133	0.0902256
NODE_62467_length_3068_cov_4.818457	1162	1295	25	3	133	0.0225564
NODE_62467_length_3068_cov_4.818457	1162	1295	26	14	133	0.1052632
NODE_62467_length_3068_cov_4.818457	1162	1295	27	1	133	0.0075188
NODE_62467_length_3068_cov_4.818457	1162	1295	28	3	133	0.0225564
NODE_62467_length_3068_cov_4.818457	1162	1295	29	2	133	0.0150376
NODE_62467_length_3068_cov_4.818457	1162	1295	30	4	133	0.0300752
NODE_62467_length_3068_cov_4.818457	1162	1295	31	7	133	0.0526316
NODE_62467_length_3068_cov_4.818457	1162	1295	32	17	133	0.1278196
NODE_62467_length_3068_cov_4.818457	1162	1295	33	25	133	0.1879699
NODE_62467_length_3068_cov_4.818457	1162	1295	34	11	133	0.0827068
NODE_62467_length_3068_cov_4.818457	1162	1295	35	1	133	0.0075188
NODE_62470_length_3068_cov_4.453014	1922	2055	6	13	133	0.0977444
NODE_62470_length_3068_cov_4.453014	1922	2055	7	26	133	0.1954887
NODE_62470_length_3068_cov_4.453014	1922	2055	8	12	133	0.0902256
NODE_62470_length_3068_cov_4.453014	1922	2055	9	8	133	0.0601504
NODE_62470_length_3068_cov_4.453014	1922	2055	10	27	133	0.2030075
NODE_62470_length_3068_cov_4.453014	1922	2055	11	35	133	0.2631579
NODE_62470_length_3068_cov_4.453014	1922	2055	12	1	133	0.0075188
NODE_62470_length_3068_cov_4.453014	1922	2055	13	9	133	0.0676692
NODE_62470_length_3068_cov_4.453014	1922	2055	14	2	133	0.0150376
NODE_624_length_16703_cov_4.150205	7233	7366	11	7	133	0.0526316
NODE_624_length_16703_cov_4.150205	7233	7366	12	8	133	0.0601504
NODE_624_length_16703_cov_4.150205	7233	7366	14	12	133	0.0902256
NODE_624_length_16703_cov_4.150205	7233	7366	15	3	133	0.0225564
NODE_624_length_16703_cov_4.150205	7233	7366	16	30	133	0.2255639
NODE_624_length_16703_cov_4.150205	7233	7366	18	21	133	0.1578947
NODE_624_length_16703_cov_4.150205	7233	7366	19	21	133	0.1578947
NODE_624_length_16703_cov_4.150205	7233	7366	20	14	133	0.1052632
NODE_624_length_16703_cov_4.150205	7233	7366	21	10	133	0.0751880
NODE_624_length_16703_cov_4.150205	7233	7366	22	7	133	0.0526316
NODE_62517_length_3067_cov_4.094677	1060	1193	14	2	133	0.0150376
NODE_62517_length_3067_cov_4.094677	1060	1193	15	3	133	0.0225564
NODE_62517_length_3067_cov_4.094677	1060	1193	16	15	133	0.1127820
NODE_62517_length_3067_cov_4.094677	1060	1193	17	19	133	0.1428571
NODE_62517_length_3067_cov_4.094677	1060	1193	18	4	133	0.0300752
NODE_62517_length_3067_cov_4.094677	1060	1193	19	2	133	0.0150376
NODE_62517_length_3067_cov_4.094677	1060	1193	20	8	133	0.0601504
NODE_62517_length_3067_cov_4.094677	1060	1193	22	6	133	0.0451128
NODE_62517_length_3067_cov_4.094677	1060	1193	23	11	133	0.0827068
NODE_62517_length_3067_cov_4.094677	1060	1193	24	6	133	0.0451128
NODE_62517_length_3067_cov_4.094677	1060	1193	25	2	133	0.0150376
NODE_62517_length_3067_cov_4.094677	1060	1193	26	7	133	0.0526316
NODE_62517_length_3067_cov_4.094677	1060	1193	27	9	133	0.0676692
NODE_62517_length_3067_cov_4.094677	1060	1193	28	29	133	0.2180451
NODE_62517_length_3067_cov_4.094677	1060	1193	29	8	133	0.0601504
NODE_62517_length_3067_cov_4.094677	1060	1193	30	2	133	0.0150376
NODE_62548_length_3066_cov_5.037074	2688	2821	3	5	133	0.0375940
NODE_62548_length_3066_cov_5.037074	2688	2821	4	19	133	0.1428571
NODE_62548_length_3066_cov_5.037074	2688	2821	5	16	133	0.1203008
NODE_62548_length_3066_cov_5.037074	2688	2821	6	18	133	0.1353384
NODE_62548_length_3066_cov_5.037074	2688	2821	7	11	133	0.0827068
NODE_62548_length_3066_cov_5.037074	2688	2821	8	40	133	0.3007519
NODE_62548_length_3066_cov_5.037074	2688	2821	9	24	133	0.1804511
NODE_6257_length_8747_cov_4.328631	1703	1836	9	4	133	0.0300752
NODE_6257_length_8747_cov_4.328631	1703	1836	10	9	133	0.0676692
NODE_6257_length_8747_cov_4.328631	1703	1836	11	1	133	0.0075188
NODE_6257_length_8747_cov_4.328631	1703	1836	12	20	133	0.1503759
NODE_6257_length_8747_cov_4.328631	1703	1836	13	9	133	0.0676692
NODE_6257_length_8747_cov_4.328631	1703	1836	14	19	133	0.1428571
NODE_6257_length_8747_cov_4.328631	1703	1836	15	35	133	0.2631579
NODE_6257_length_8747_cov_4.328631	1703	1836	16	15	133	0.1127820
NODE_6257_length_8747_cov_4.328631	1703	1836	17	21	133	0.1578947
NODE_62614_length_3064_cov_5.627656	2284	2417	23	1	133	0.0075188
NODE_62614_length_3064_cov_5.627656	2284	2417	24	6	133	0.0451128
NODE_62614_length_3064_cov_5.627656	2284	2417	25	7	133	0.0526316
NODE_62614_length_3064_cov_5.627656	2284	2417	26	8	133	0.0601504
NODE_62614_length_3064_cov_5.627656	2284	2417	27	1	133	0.0075188
NODE_62614_length_3064_cov_5.627656	2284	2417	28	2	133	0.0150376
NODE_62614_length_3064_cov_5.627656	2284	2417	29	5	133	0.0375940
NODE_62614_length_3064_cov_5.627656	2284	2417	30	6	133	0.0451128
NODE_62614_length_3064_cov_5.627656	2284	2417	31	3	133	0.0225564
NODE_62614_length_3064_cov_5.627656	2284	2417	32	6	133	0.0451128
NODE_62614_length_3064_cov_5.627656	2284	2417	33	6	133	0.0451128
NODE_62614_length_3064_cov_5.627656	2284	2417	34	3	133	0.0225564
NODE_62614_length_3064_cov_5.627656	2284	2417	35	5	133	0.0375940
NODE_62614_length_3064_cov_5.627656	2284	2417	36	5	133	0.0375940
NODE_62614_length_3064_cov_5.627656	2284	2417	37	12	133	0.0902256
NODE_62614_length_3064_cov_5.627656	2284	2417	38	25	133	0.1879699
NODE_62614_length_3064_cov_5.627656	2284	2417	39	18	133	0.1353384
NODE_62614_length_3064_cov_5.627656	2284	2417	40	4	133	0.0300752
NODE_62614_length_3064_cov_5.627656	2284	2417	41	2	133	0.0150376
NODE_62614_length_3064_cov_5.627656	2284	2417	42	2	133	0.0150376
NODE_62614_length_3064_cov_5.627656	2284	2417	43	6	133	0.0451128
NODE_62677_length_3062_cov_5.116099	254	387	5	19	133	0.1428571
NODE_62677_length_3062_cov_5.116099	254	387	6	22	133	0.1654135
NODE_62677_length_3062_cov_5.116099	254	387	7	21	133	0.1578947
NODE_62677_length_3062_cov_5.116099	254	387	8	3	133	0.0225564
NODE_62677_length_3062_cov_5.116099	254	387	9	34	133	0.2556391
NODE_62677_length_3062_cov_5.116099	254	387	10	34	133	0.2556391
NODE_62705_length_3061_cov_5.117488	130	263	0	70	133	0.5263158
NODE_62705_length_3061_cov_5.117488	130	263	1	7	133	0.0526316
NODE_62705_length_3061_cov_5.117488	130	263	2	56	133	0.4210526
NODE_62712_length_3061_cov_4.204254	1155	1288	0	19	133	0.1428571
NODE_62712_length_3061_cov_4.204254	1155	1288	2	114	133	0.8571429
NODE_62717_length_3061_cov_4.013504	2556	2689	24	1	133	0.0075188
NODE_62717_length_3061_cov_4.013504	2556	2689	25	4	133	0.0300752
NODE_62717_length_3061_cov_4.013504	2556	2689	26	2	133	0.0150376
NODE_62717_length_3061_cov_4.013504	2556	2689	28	10	133	0.0751880
NODE_62717_length_3061_cov_4.013504	2556	2689	29	8	133	0.0601504
NODE_62717_length_3061_cov_4.013504	2556	2689	30	3	133	0.0225564
NODE_62717_length_3061_cov_4.013504	2556	2689	31	2	133	0.0150376
NODE_62717_length_3061_cov_4.013504	2556	2689	32	1	133	0.0075188
NODE_62717_length_3061_cov_4.013504	2556	2689	34	3	133	0.0225564
NODE_62717_length_3061_cov_4.013504	2556	2689	35	14	133	0.1052632
NODE_62717_length_3061_cov_4.013504	2556	2689	36	14	133	0.1052632
NODE_62717_length_3061_cov_4.013504	2556	2689	37	8	133	0.0601504
NODE_62717_length_3061_cov_4.013504	2556	2689	38	7	133	0.0526316
NODE_62717_length_3061_cov_4.013504	2556	2689	39	1	133	0.0075188
NODE_62717_length_3061_cov_4.013504	2556	2689	40	19	133	0.1428571
NODE_62717_length_3061_cov_4.013504	2556	2689	41	11	133	0.0827068
NODE_62717_length_3061_cov_4.013504	2556	2689	42	15	133	0.1127820
NODE_62717_length_3061_cov_4.013504	2556	2689	43	7	133	0.0526316
NODE_62717_length_3061_cov_4.013504	2556	2689	44	3	133	0.0225564
NODE_62719_length_3061_cov_3.964213	540	673	16	2	133	0.0150376
NODE_62719_length_3061_cov_3.964213	540	673	17	8	133	0.0601504
NODE_62719_length_3061_cov_3.964213	540	673	18	22	133	0.1654135
NODE_62719_length_3061_cov_3.964213	540	673	19	17	133	0.1278196
NODE_62719_length_3061_cov_3.964213	540	673	20	42	133	0.3157895
NODE_62719_length_3061_cov_3.964213	540	673	21	32	133	0.2406015
NODE_62719_length_3061_cov_3.964213	540	673	22	10	133	0.0751880
NODE_62776_length_3059_cov_4.144595	1684	1817	4	16	133	0.1203008
NODE_62776_length_3059_cov_4.144595	1684	1817	5	40	133	0.3007519
NODE_62776_length_3059_cov_4.144595	1684	1817	6	77	133	0.5789474
NODE_6278_length_8737_cov_4.736745	8435	8568	26	7	133	0.0526316
NODE_6278_length_8737_cov_4.736745	8435	8568	31	2	133	0.0150376
NODE_6278_length_8737_cov_4.736745	8435	8568	32	3	133	0.0225564
NODE_6278_length_8737_cov_4.736745	8435	8568	33	12	133	0.0902256
NODE_6278_length_8737_cov_4.736745	8435	8568	34	6	133	0.0451128
NODE_6278_length_8737_cov_4.736745	8435	8568	35	9	133	0.0676692
NODE_6278_length_8737_cov_4.736745	8435	8568	36	3	133	0.0225564
NODE_6278_length_8737_cov_4.736745	8435	8568	37	8	133	0.0601504
NODE_6278_length_8737_cov_4.736745	8435	8568	38	6	133	0.0451128
NODE_6278_length_8737_cov_4.736745	8435	8568	39	3	133	0.0225564
NODE_6278_length_8737_cov_4.736745	8435	8568	40	20	133	0.1503759
NODE_6278_length_8737_cov_4.736745	8435	8568	41	7	133	0.0526316
NODE_6278_length_8737_cov_4.736745	8435	8568	42	5	133	0.0375940
NODE_6278_length_8737_cov_4.736745	8435	8568	43	14	133	0.1052632
NODE_6278_length_8737_cov_4.736745	8435	8568	44	21	133	0.1578947
NODE_6278_length_8737_cov_4.736745	8435	8568	45	7	133	0.0526316
NODE_62857_length_3057_cov_3.204868	253	386	0	133	133	1.0000000
NODE_62884_length_3055_cov_5.850474	842	975	3	6	133	0.0451128
NODE_62884_length_3055_cov_5.850474	842	975	4	16	133	0.1203008
NODE_62884_length_3055_cov_5.850474	842	975	5	1	133	0.0075188
NODE_62884_length_3055_cov_5.850474	842	975	6	36	133	0.2706767
NODE_62884_length_3055_cov_5.850474	842	975	8	21	133	0.1578947
NODE_62884_length_3055_cov_5.850474	842	975	9	1	133	0.0075188
NODE_62884_length_3055_cov_5.850474	842	975	10	26	133	0.1954887
NODE_62884_length_3055_cov_5.850474	842	975	11	8	133	0.0601504
NODE_62884_length_3055_cov_5.850474	842	975	12	9	133	0.0676692
NODE_62884_length_3055_cov_5.850474	842	975	13	2	133	0.0150376
NODE_62884_length_3055_cov_5.850474	842	975	14	1	133	0.0075188
NODE_62884_length_3055_cov_5.850474	842	975	15	6	133	0.0451128
NODE_62988_length_3052_cov_4.287166	1212	1345	5	119	133	0.8947368
NODE_62988_length_3052_cov_4.287166	1212	1345	6	10	133	0.0751880
NODE_62988_length_3052_cov_4.287166	1212	1345	7	4	133	0.0300752
NODE_62993_length_3052_cov_4.057569	171	304	10	11	133	0.0827068
NODE_62993_length_3052_cov_4.057569	171	304	11	3	133	0.0225564
NODE_62993_length_3052_cov_4.057569	171	304	12	29	133	0.2180451
NODE_62993_length_3052_cov_4.057569	171	304	13	21	133	0.1578947
NODE_62993_length_3052_cov_4.057569	171	304	14	35	133	0.2631579
NODE_62993_length_3052_cov_4.057569	171	304	15	34	133	0.2556391
NODE_62_length_27204_cov_4.292418	2544	2677	2	40	133	0.3007519
NODE_62_length_27204_cov_4.292418	2544	2677	3	36	133	0.2706767
NODE_62_length_27204_cov_4.292418	2544	2677	5	53	133	0.3984962
NODE_62_length_27204_cov_4.292418	2544	2677	6	4	133	0.0300752
NODE_63042_length_3051_cov_2.994241	1237	1370	14	3	133	0.0225564
NODE_63042_length_3051_cov_2.994241	1237	1370	16	6	133	0.0451128
NODE_63042_length_3051_cov_2.994241	1237	1370	18	3	133	0.0225564
NODE_63042_length_3051_cov_2.994241	1237	1370	20	13	133	0.0977444
NODE_63042_length_3051_cov_2.994241	1237	1370	22	9	133	0.0676692
NODE_63042_length_3051_cov_2.994241	1237	1370	24	8	133	0.0601504
NODE_63042_length_3051_cov_2.994241	1237	1370	25	11	133	0.0827068
NODE_63042_length_3051_cov_2.994241	1237	1370	26	14	133	0.1052632
NODE_63042_length_3051_cov_2.994241	1237	1370	27	28	133	0.2105263
NODE_63042_length_3051_cov_2.994241	1237	1370	28	31	133	0.2330827
NODE_63042_length_3051_cov_2.994241	1237	1370	29	7	133	0.0526316
NODE_63047_length_3050_cov_5.465944	2552	2685	23	9	133	0.0676692
NODE_63047_length_3050_cov_5.465944	2552	2685	25	6	133	0.0451128
NODE_63047_length_3050_cov_5.465944	2552	2685	26	1	133	0.0075188
NODE_63047_length_3050_cov_5.465944	2552	2685	28	7	133	0.0526316
NODE_63047_length_3050_cov_5.465944	2552	2685	29	6	133	0.0451128
NODE_63047_length_3050_cov_5.465944	2552	2685	30	15	133	0.1127820
NODE_63047_length_3050_cov_5.465944	2552	2685	31	16	133	0.1203008
NODE_63047_length_3050_cov_5.465944	2552	2685	32	4	133	0.0300752
NODE_63047_length_3050_cov_5.465944	2552	2685	33	7	133	0.0526316
NODE_63047_length_3050_cov_5.465944	2552	2685	34	12	133	0.0902256
NODE_63047_length_3050_cov_5.465944	2552	2685	35	13	133	0.0977444
NODE_63047_length_3050_cov_5.465944	2552	2685	36	28	133	0.2105263
NODE_63047_length_3050_cov_5.465944	2552	2685	37	4	133	0.0300752
NODE_63047_length_3050_cov_5.465944	2552	2685	38	5	133	0.0375940
NODE_63057_length_3050_cov_4.601830	168	301	1	39	133	0.2932331
NODE_63057_length_3050_cov_4.601830	168	301	2	25	133	0.1879699
NODE_63057_length_3050_cov_4.601830	168	301	3	69	133	0.5187970
NODE_63135_length_3048_cov_3.717531	1031	1164	12	1	133	0.0075188
NODE_63135_length_3048_cov_3.717531	1031	1164	13	5	133	0.0375940
NODE_63135_length_3048_cov_3.717531	1031	1164	14	3	133	0.0225564
NODE_63135_length_3048_cov_3.717531	1031	1164	15	3	133	0.0225564
NODE_63135_length_3048_cov_3.717531	1031	1164	16	8	133	0.0601504
NODE_63135_length_3048_cov_3.717531	1031	1164	17	1	133	0.0075188
NODE_63135_length_3048_cov_3.717531	1031	1164	18	2	133	0.0150376
NODE_63135_length_3048_cov_3.717531	1031	1164	19	3	133	0.0225564
NODE_63135_length_3048_cov_3.717531	1031	1164	20	18	133	0.1353384
NODE_63135_length_3048_cov_3.717531	1031	1164	22	8	133	0.0601504
NODE_63135_length_3048_cov_3.717531	1031	1164	23	1	133	0.0075188
NODE_63135_length_3048_cov_3.717531	1031	1164	24	6	133	0.0451128
NODE_63135_length_3048_cov_3.717531	1031	1164	25	11	133	0.0827068
NODE_63135_length_3048_cov_3.717531	1031	1164	26	6	133	0.0451128
NODE_63135_length_3048_cov_3.717531	1031	1164	28	2	133	0.0150376
NODE_63135_length_3048_cov_3.717531	1031	1164	29	5	133	0.0375940
NODE_63135_length_3048_cov_3.717531	1031	1164	30	1	133	0.0075188
NODE_63135_length_3048_cov_3.717531	1031	1164	31	42	133	0.3157895
NODE_63135_length_3048_cov_3.717531	1031	1164	32	7	133	0.0526316
NODE_63141_length_3048_cov_3.426246	859	992	0	61	133	0.4586466
NODE_63141_length_3048_cov_3.426246	859	992	2	41	133	0.3082707
NODE_63141_length_3048_cov_3.426246	859	992	3	31	133	0.2330827
NODE_63147_length_3047_cov_7.047151	1757	1890	7	18	133	0.1353384
NODE_63147_length_3047_cov_7.047151	1757	1890	8	20	133	0.1503759
NODE_63147_length_3047_cov_7.047151	1757	1890	9	3	133	0.0225564
NODE_63147_length_3047_cov_7.047151	1757	1890	11	7	133	0.0526316
NODE_63147_length_3047_cov_7.047151	1757	1890	13	10	133	0.0751880
NODE_63147_length_3047_cov_7.047151	1757	1890	14	2	133	0.0150376
NODE_63147_length_3047_cov_7.047151	1757	1890	16	11	133	0.0827068
NODE_63147_length_3047_cov_7.047151	1757	1890	17	13	133	0.0977444
NODE_63147_length_3047_cov_7.047151	1757	1890	18	29	133	0.2180451
NODE_63147_length_3047_cov_7.047151	1757	1890	19	20	133	0.1503759
NODE_63158_length_3047_cov_4.273406	2946	3079	0	32	133	0.2406015
NODE_63158_length_3047_cov_4.273406	2946	3079	9	1	133	0.0075188
NODE_63158_length_3047_cov_4.273406	2946	3079	10	4	133	0.0300752
NODE_63158_length_3047_cov_4.273406	2946	3079	17	4	133	0.0300752
NODE_63158_length_3047_cov_4.273406	2946	3079	19	4	133	0.0300752
NODE_63158_length_3047_cov_4.273406	2946	3079	20	9	133	0.0676692
NODE_63158_length_3047_cov_4.273406	2946	3079	21	12	133	0.0902256
NODE_63158_length_3047_cov_4.273406	2946	3079	22	4	133	0.0300752
NODE_63158_length_3047_cov_4.273406	2946	3079	24	16	133	0.1203008
NODE_63158_length_3047_cov_4.273406	2946	3079	25	1	133	0.0075188
NODE_63158_length_3047_cov_4.273406	2946	3079	26	12	133	0.0902256
NODE_63158_length_3047_cov_4.273406	2946	3079	28	4	133	0.0300752
NODE_63158_length_3047_cov_4.273406	2946	3079	29	23	133	0.1729323
NODE_63158_length_3047_cov_4.273406	2946	3079	30	7	133	0.0526316
NODE_6317_length_8718_cov_4.982945	3231	3364	21	3	133	0.0225564
NODE_6317_length_8718_cov_4.982945	3231	3364	22	4	133	0.0300752
NODE_6317_length_8718_cov_4.982945	3231	3364	23	4	133	0.0300752
NODE_6317_length_8718_cov_4.982945	3231	3364	24	17	133	0.1278196
NODE_6317_length_8718_cov_4.982945	3231	3364	25	10	133	0.0751880
NODE_6317_length_8718_cov_4.982945	3231	3364	26	28	133	0.2105263
NODE_6317_length_8718_cov_4.982945	3231	3364	27	10	133	0.0751880
NODE_6317_length_8718_cov_4.982945	3231	3364	28	13	133	0.0977444
NODE_6317_length_8718_cov_4.982945	3231	3364	29	12	133	0.0902256
NODE_6317_length_8718_cov_4.982945	3231	3364	30	5	133	0.0375940
NODE_6317_length_8718_cov_4.982945	3231	3364	31	3	133	0.0225564
NODE_6317_length_8718_cov_4.982945	3231	3364	32	10	133	0.0751880
NODE_6317_length_8718_cov_4.982945	3231	3364	33	12	133	0.0902256
NODE_6317_length_8718_cov_4.982945	3231	3364	34	2	133	0.0150376
NODE_63190_length_3046_cov_3.793349	1264	1397	26	2	133	0.0150376
NODE_63190_length_3046_cov_3.793349	1264	1397	27	1	133	0.0075188
NODE_63190_length_3046_cov_3.793349	1264	1397	28	1	133	0.0075188
NODE_63190_length_3046_cov_3.793349	1264	1397	29	5	133	0.0375940
NODE_63190_length_3046_cov_3.793349	1264	1397	30	6	133	0.0451128
NODE_63190_length_3046_cov_3.793349	1264	1397	31	4	133	0.0300752
NODE_63190_length_3046_cov_3.793349	1264	1397	32	2	133	0.0150376
NODE_63190_length_3046_cov_3.793349	1264	1397	33	1	133	0.0075188
NODE_63190_length_3046_cov_3.793349	1264	1397	34	13	133	0.0977444
NODE_63190_length_3046_cov_3.793349	1264	1397	35	2	133	0.0150376
NODE_63190_length_3046_cov_3.793349	1264	1397	36	3	133	0.0225564
NODE_63190_length_3046_cov_3.793349	1264	1397	37	19	133	0.1428571
NODE_63190_length_3046_cov_3.793349	1264	1397	38	6	133	0.0451128
NODE_63190_length_3046_cov_3.793349	1264	1397	39	14	133	0.1052632
NODE_63190_length_3046_cov_3.793349	1264	1397	40	15	133	0.1127820
NODE_63190_length_3046_cov_3.793349	1264	1397	41	21	133	0.1578947
NODE_63190_length_3046_cov_3.793349	1264	1397	42	7	133	0.0526316
NODE_63190_length_3046_cov_3.793349	1264	1397	43	4	133	0.0300752
NODE_63190_length_3046_cov_3.793349	1264	1397	44	7	133	0.0526316
NODE_63208_length_3045_cov_7.299050	917	1050	17	2	133	0.0150376
NODE_63208_length_3045_cov_7.299050	917	1050	18	4	133	0.0300752
NODE_63208_length_3045_cov_7.299050	917	1050	19	14	133	0.1052632
NODE_63208_length_3045_cov_7.299050	917	1050	20	12	133	0.0902256
NODE_63208_length_3045_cov_7.299050	917	1050	21	24	133	0.1804511
NODE_63208_length_3045_cov_7.299050	917	1050	22	19	133	0.1428571
NODE_63208_length_3045_cov_7.299050	917	1050	23	31	133	0.2330827
NODE_63208_length_3045_cov_7.299050	917	1050	24	20	133	0.1503759
NODE_63208_length_3045_cov_7.299050	917	1050	25	6	133	0.0451128
NODE_63208_length_3045_cov_7.299050	917	1050	26	1	133	0.0075188
NODE_6320_length_8718_cov_4.002204	3257	3390	11	5	133	0.0375940
NODE_6320_length_8718_cov_4.002204	3257	3390	12	3	133	0.0225564
NODE_6320_length_8718_cov_4.002204	3257	3390	13	9	133	0.0676692
NODE_6320_length_8718_cov_4.002204	3257	3390	15	8	133	0.0601504
NODE_6320_length_8718_cov_4.002204	3257	3390	16	1	133	0.0075188
NODE_6320_length_8718_cov_4.002204	3257	3390	17	2	133	0.0150376
NODE_6320_length_8718_cov_4.002204	3257	3390	18	2	133	0.0150376
NODE_6320_length_8718_cov_4.002204	3257	3390	19	3	133	0.0225564
NODE_6320_length_8718_cov_4.002204	3257	3390	20	13	133	0.0977444
NODE_6320_length_8718_cov_4.002204	3257	3390	22	7	133	0.0526316
NODE_6320_length_8718_cov_4.002204	3257	3390	23	3	133	0.0225564
NODE_6320_length_8718_cov_4.002204	3257	3390	24	16	133	0.1203008
NODE_6320_length_8718_cov_4.002204	3257	3390	25	1	133	0.0075188
NODE_6320_length_8718_cov_4.002204	3257	3390	26	2	133	0.0150376
NODE_6320_length_8718_cov_4.002204	3257	3390	27	4	133	0.0300752
NODE_6320_length_8718_cov_4.002204	3257	3390	28	4	133	0.0300752
NODE_6320_length_8718_cov_4.002204	3257	3390	29	1	133	0.0075188
NODE_6320_length_8718_cov_4.002204	3257	3390	31	5	133	0.0375940
NODE_6320_length_8718_cov_4.002204	3257	3390	32	4	133	0.0300752
NODE_6320_length_8718_cov_4.002204	3257	3390	34	2	133	0.0150376
NODE_6320_length_8718_cov_4.002204	3257	3390	35	4	133	0.0300752
NODE_6320_length_8718_cov_4.002204	3257	3390	37	5	133	0.0375940
NODE_6320_length_8718_cov_4.002204	3257	3390	38	13	133	0.0977444
NODE_6320_length_8718_cov_4.002204	3257	3390	39	5	133	0.0375940
NODE_6320_length_8718_cov_4.002204	3257	3390	40	8	133	0.0601504
NODE_6320_length_8718_cov_4.002204	3257	3390	41	3	133	0.0225564
NODE_6334_length_8713_cov_4.290806	4549	4682	8	4	133	0.0300752
NODE_6334_length_8713_cov_4.290806	4549	4682	9	12	133	0.0902256
NODE_6334_length_8713_cov_4.290806	4549	4682	10	3	133	0.0225564
NODE_6334_length_8713_cov_4.290806	4549	4682	11	15	133	0.1127820
NODE_6334_length_8713_cov_4.290806	4549	4682	13	6	133	0.0451128
NODE_6334_length_8713_cov_4.290806	4549	4682	14	3	133	0.0225564
NODE_6334_length_8713_cov_4.290806	4549	4682	15	3	133	0.0225564
NODE_6334_length_8713_cov_4.290806	4549	4682	16	1	133	0.0075188
NODE_6334_length_8713_cov_4.290806	4549	4682	17	7	133	0.0526316
NODE_6334_length_8713_cov_4.290806	4549	4682	18	27	133	0.2030075
NODE_6334_length_8713_cov_4.290806	4549	4682	19	28	133	0.2105263
NODE_6334_length_8713_cov_4.290806	4549	4682	20	2	133	0.0150376
NODE_6334_length_8713_cov_4.290806	4549	4682	21	12	133	0.0902256
NODE_6334_length_8713_cov_4.290806	4549	4682	22	10	133	0.0751880
NODE_63404_length_3039_cov_5.194558	1858	1991	2	3	133	0.0225564
NODE_63404_length_3039_cov_5.194558	1858	1991	3	20	133	0.1503759
NODE_63404_length_3039_cov_5.194558	1858	1991	4	58	133	0.4360902
NODE_63404_length_3039_cov_5.194558	1858	1991	5	40	133	0.3007519
NODE_63404_length_3039_cov_5.194558	1858	1991	6	4	133	0.0300752
NODE_63404_length_3039_cov_5.194558	1858	1991	7	8	133	0.0601504
NODE_63417_length_3039_cov_4.240816	2483	2616	0	61	133	0.4586466
NODE_63417_length_3039_cov_4.240816	2483	2616	2	72	133	0.5413534
NODE_63448_length_3038_cov_4.651582	510	643	13	2	133	0.0150376
NODE_63448_length_3038_cov_4.651582	510	643	15	11	133	0.0827068
NODE_63448_length_3038_cov_4.651582	510	643	16	10	133	0.0751880
NODE_63448_length_3038_cov_4.651582	510	643	17	6	133	0.0451128
NODE_63448_length_3038_cov_4.651582	510	643	18	5	133	0.0375940
NODE_63448_length_3038_cov_4.651582	510	643	19	11	133	0.0827068
NODE_63448_length_3038_cov_4.651582	510	643	20	5	133	0.0375940
NODE_63448_length_3038_cov_4.651582	510	643	21	5	133	0.0375940
NODE_63448_length_3038_cov_4.651582	510	643	22	23	133	0.1729323
NODE_63448_length_3038_cov_4.651582	510	643	23	5	133	0.0375940
NODE_63448_length_3038_cov_4.651582	510	643	24	20	133	0.1503759
NODE_63448_length_3038_cov_4.651582	510	643	25	20	133	0.1503759
NODE_63448_length_3038_cov_4.651582	510	643	26	10	133	0.0751880
NODE_63509_length_3037_cov_2.924098	2283	2416	13	15	133	0.1127820
NODE_63509_length_3037_cov_2.924098	2283	2416	14	1	133	0.0075188
NODE_63509_length_3037_cov_2.924098	2283	2416	15	22	133	0.1654135
NODE_63509_length_3037_cov_2.924098	2283	2416	16	3	133	0.0225564
NODE_63509_length_3037_cov_2.924098	2283	2416	17	13	133	0.0977444
NODE_63509_length_3037_cov_2.924098	2283	2416	18	7	133	0.0526316
NODE_63509_length_3037_cov_2.924098	2283	2416	19	25	133	0.1879699
NODE_63509_length_3037_cov_2.924098	2283	2416	20	47	133	0.3533835
NODE_63594_length_3035_cov_3.232629	1751	1884	6	13	133	0.0977444
NODE_63594_length_3035_cov_3.232629	1751	1884	7	1	133	0.0075188
NODE_63594_length_3035_cov_3.232629	1751	1884	8	19	133	0.1428571
NODE_63594_length_3035_cov_3.232629	1751	1884	9	4	133	0.0300752
NODE_63594_length_3035_cov_3.232629	1751	1884	10	11	133	0.0827068
NODE_63594_length_3035_cov_3.232629	1751	1884	11	5	133	0.0375940
NODE_63594_length_3035_cov_3.232629	1751	1884	12	41	133	0.3082707
NODE_63594_length_3035_cov_3.232629	1751	1884	13	17	133	0.1278196
NODE_63594_length_3035_cov_3.232629	1751	1884	14	6	133	0.0451128
NODE_63594_length_3035_cov_3.232629	1751	1884	15	9	133	0.0676692
NODE_63594_length_3035_cov_3.232629	1751	1884	16	7	133	0.0526316
NODE_6359_length_8703_cov_3.592980	5204	5337	1	52	133	0.3909774
NODE_6359_length_8703_cov_3.592980	5204	5337	2	81	133	0.6090226
NODE_63601_length_3034_cov_5.017717	1312	1445	4	10	133	0.0751880
NODE_63601_length_3034_cov_5.017717	1312	1445	5	27	133	0.2030075
NODE_63601_length_3034_cov_5.017717	1312	1445	6	12	133	0.0902256
NODE_63601_length_3034_cov_5.017717	1312	1445	8	26	133	0.1954887
NODE_63601_length_3034_cov_5.017717	1312	1445	9	3	133	0.0225564
NODE_63601_length_3034_cov_5.017717	1312	1445	10	4	133	0.0300752
NODE_63601_length_3034_cov_5.017717	1312	1445	11	8	133	0.0601504
NODE_63601_length_3034_cov_5.017717	1312	1445	12	20	133	0.1503759
NODE_63601_length_3034_cov_5.017717	1312	1445	13	15	133	0.1127820
NODE_63601_length_3034_cov_5.017717	1312	1445	15	8	133	0.0601504
NODE_63613_length_3034_cov_4.034753	1507	1640	13	5	133	0.0375940
NODE_63613_length_3034_cov_4.034753	1507	1640	14	17	133	0.1278196
NODE_63613_length_3034_cov_4.034753	1507	1640	15	43	133	0.3233083
NODE_63613_length_3034_cov_4.034753	1507	1640	16	38	133	0.2857143
NODE_63613_length_3034_cov_4.034753	1507	1640	17	17	133	0.1278196
NODE_63613_length_3034_cov_4.034753	1507	1640	18	13	133	0.0977444
NODE_6367_length_8697_cov_5.673878	6844	6977	8	8	133	0.0601504
NODE_6367_length_8697_cov_5.673878	6844	6977	9	7	133	0.0526316
NODE_6367_length_8697_cov_5.673878	6844	6977	10	18	133	0.1353384
NODE_6367_length_8697_cov_5.673878	6844	6977	11	29	133	0.2180451
NODE_6367_length_8697_cov_5.673878	6844	6977	12	12	133	0.0902256
NODE_6367_length_8697_cov_5.673878	6844	6977	13	32	133	0.2406015
NODE_6367_length_8697_cov_5.673878	6844	6977	14	24	133	0.1804511
NODE_6367_length_8697_cov_5.673878	6844	6977	15	3	133	0.0225564
NODE_63750_length_3031_cov_3.412005	202	335	11	2	133	0.0150376
NODE_63750_length_3031_cov_3.412005	202	335	13	31	133	0.2330827
NODE_63750_length_3031_cov_3.412005	202	335	14	10	133	0.0751880
NODE_63750_length_3031_cov_3.412005	202	335	15	6	133	0.0451128
NODE_63750_length_3031_cov_3.412005	202	335	16	2	133	0.0150376
NODE_63750_length_3031_cov_3.412005	202	335	17	5	133	0.0375940
NODE_63750_length_3031_cov_3.412005	202	335	18	14	133	0.1052632
NODE_63750_length_3031_cov_3.412005	202	335	19	23	133	0.1729323
NODE_63750_length_3031_cov_3.412005	202	335	20	26	133	0.1954887
NODE_63750_length_3031_cov_3.412005	202	335	21	14	133	0.1052632
NODE_63807_length_3029_cov_4.400683	1008	1141	13	1	133	0.0075188
NODE_63807_length_3029_cov_4.400683	1008	1141	14	3	133	0.0225564
NODE_63807_length_3029_cov_4.400683	1008	1141	16	12	133	0.0902256
NODE_63807_length_3029_cov_4.400683	1008	1141	17	6	133	0.0451128
NODE_63807_length_3029_cov_4.400683	1008	1141	18	4	133	0.0300752
NODE_63807_length_3029_cov_4.400683	1008	1141	19	1	133	0.0075188
NODE_63807_length_3029_cov_4.400683	1008	1141	21	3	133	0.0225564
NODE_63807_length_3029_cov_4.400683	1008	1141	22	2	133	0.0150376
NODE_63807_length_3029_cov_4.400683	1008	1141	25	1	133	0.0075188
NODE_63807_length_3029_cov_4.400683	1008	1141	26	2	133	0.0150376
NODE_63807_length_3029_cov_4.400683	1008	1141	27	4	133	0.0300752
NODE_63807_length_3029_cov_4.400683	1008	1141	28	1	133	0.0075188
NODE_63807_length_3029_cov_4.400683	1008	1141	29	2	133	0.0150376
NODE_63807_length_3029_cov_4.400683	1008	1141	31	1	133	0.0075188
NODE_63807_length_3029_cov_4.400683	1008	1141	32	3	133	0.0225564
NODE_63807_length_3029_cov_4.400683	1008	1141	34	14	133	0.1052632
NODE_63807_length_3029_cov_4.400683	1008	1141	35	1	133	0.0075188
NODE_63807_length_3029_cov_4.400683	1008	1141	37	1	133	0.0075188
NODE_63807_length_3029_cov_4.400683	1008	1141	38	4	133	0.0300752
NODE_63807_length_3029_cov_4.400683	1008	1141	39	5	133	0.0375940
NODE_63807_length_3029_cov_4.400683	1008	1141	40	1	133	0.0075188
NODE_63807_length_3029_cov_4.400683	1008	1141	41	5	133	0.0375940
NODE_63807_length_3029_cov_4.400683	1008	1141	42	12	133	0.0902256
NODE_63807_length_3029_cov_4.400683	1008	1141	43	1	133	0.0075188
NODE_63807_length_3029_cov_4.400683	1008	1141	44	8	133	0.0601504
NODE_63807_length_3029_cov_4.400683	1008	1141	45	3	133	0.0225564
NODE_63807_length_3029_cov_4.400683	1008	1141	46	18	133	0.1353384
NODE_63807_length_3029_cov_4.400683	1008	1141	47	6	133	0.0451128
NODE_63807_length_3029_cov_4.400683	1008	1141	48	6	133	0.0451128
NODE_63807_length_3029_cov_4.400683	1008	1141	49	2	133	0.0150376
NODE_6380_length_8693_cov_17.938678	1014	1147	1	5	133	0.0375940
NODE_6380_length_8693_cov_17.938678	1014	1147	3	31	133	0.2330827
NODE_6380_length_8693_cov_17.938678	1014	1147	4	51	133	0.3834586
NODE_6380_length_8693_cov_17.938678	1014	1147	5	46	133	0.3458647
NODE_638_length_16645_cov_4.001451	2363	2496	16	14	133	0.1052632
NODE_638_length_16645_cov_4.001451	2363	2496	17	10	133	0.0751880
NODE_638_length_16645_cov_4.001451	2363	2496	18	7	133	0.0526316
NODE_638_length_16645_cov_4.001451	2363	2496	19	10	133	0.0751880
NODE_638_length_16645_cov_4.001451	2363	2496	20	2	133	0.0150376
NODE_638_length_16645_cov_4.001451	2363	2496	21	1	133	0.0075188
NODE_638_length_16645_cov_4.001451	2363	2496	22	6	133	0.0451128
NODE_638_length_16645_cov_4.001451	2363	2496	24	11	133	0.0827068
NODE_638_length_16645_cov_4.001451	2363	2496	25	12	133	0.0902256
NODE_638_length_16645_cov_4.001451	2363	2496	26	2	133	0.0150376
NODE_638_length_16645_cov_4.001451	2363	2496	27	28	133	0.2105263
NODE_638_length_16645_cov_4.001451	2363	2496	28	9	133	0.0676692
NODE_638_length_16645_cov_4.001451	2363	2496	29	6	133	0.0451128
NODE_638_length_16645_cov_4.001451	2363	2496	30	15	133	0.1127820
NODE_63950_length_3025_cov_4.725222	1229	1362	11	15	133	0.1127820
NODE_63950_length_3025_cov_4.725222	1229	1362	12	45	133	0.3383459
NODE_63950_length_3025_cov_4.725222	1229	1362	13	23	133	0.1729323
NODE_63950_length_3025_cov_4.725222	1229	1362	14	23	133	0.1729323
NODE_63950_length_3025_cov_4.725222	1229	1362	15	11	133	0.0827068
NODE_63950_length_3025_cov_4.725222	1229	1362	16	5	133	0.0375940
NODE_63950_length_3025_cov_4.725222	1229	1362	17	11	133	0.0827068
NODE_6395_length_8689_cov_3.780675	4604	4737	5	61	133	0.4586466
NODE_6395_length_8689_cov_3.780675	4604	4737	6	13	133	0.0977444
NODE_6395_length_8689_cov_3.780675	4604	4737	7	18	133	0.1353384
NODE_6395_length_8689_cov_3.780675	4604	4737	8	1	133	0.0075188
NODE_6395_length_8689_cov_3.780675	4604	4737	9	10	133	0.0751880
NODE_6395_length_8689_cov_3.780675	4604	4737	10	13	133	0.0977444
NODE_6395_length_8689_cov_3.780675	4604	4737	11	3	133	0.0225564
NODE_6395_length_8689_cov_3.780675	4604	4737	12	10	133	0.0751880
NODE_6395_length_8689_cov_3.780675	4604	4737	13	4	133	0.0300752
NODE_63992_length_3024_cov_4.292308	1369	1502	14	1	133	0.0075188
NODE_63992_length_3024_cov_4.292308	1369	1502	15	9	133	0.0676692
NODE_63992_length_3024_cov_4.292308	1369	1502	16	2	133	0.0150376
NODE_63992_length_3024_cov_4.292308	1369	1502	18	4	133	0.0300752
NODE_63992_length_3024_cov_4.292308	1369	1502	19	1	133	0.0075188
NODE_63992_length_3024_cov_4.292308	1369	1502	20	7	133	0.0526316
NODE_63992_length_3024_cov_4.292308	1369	1502	21	3	133	0.0225564
NODE_63992_length_3024_cov_4.292308	1369	1502	22	2	133	0.0150376
NODE_63992_length_3024_cov_4.292308	1369	1502	23	5	133	0.0375940
NODE_63992_length_3024_cov_4.292308	1369	1502	24	3	133	0.0225564
NODE_63992_length_3024_cov_4.292308	1369	1502	25	2	133	0.0150376
NODE_63992_length_3024_cov_4.292308	1369	1502	26	12	133	0.0902256
NODE_63992_length_3024_cov_4.292308	1369	1502	27	10	133	0.0751880
NODE_63992_length_3024_cov_4.292308	1369	1502	28	12	133	0.0902256
NODE_63992_length_3024_cov_4.292308	1369	1502	29	9	133	0.0676692
NODE_63992_length_3024_cov_4.292308	1369	1502	30	4	133	0.0300752
NODE_63992_length_3024_cov_4.292308	1369	1502	31	46	133	0.3458647
NODE_63992_length_3024_cov_4.292308	1369	1502	32	1	133	0.0075188
NODE_63993_length_3024_cov_4.212308	179	312	5	39	133	0.2932331
NODE_63993_length_3024_cov_4.212308	179	312	6	6	133	0.0451128
NODE_63993_length_3024_cov_4.212308	179	312	7	19	133	0.1428571
NODE_63993_length_3024_cov_4.212308	179	312	8	65	133	0.4887218
NODE_63993_length_3024_cov_4.212308	179	312	9	4	133	0.0300752
NODE_6403_length_8685_cov_3.564757	3011	3144	9	18	133	0.1353384
NODE_6403_length_8685_cov_3.564757	3011	3144	10	4	133	0.0300752
NODE_6403_length_8685_cov_3.564757	3011	3144	12	2	133	0.0150376
NODE_6403_length_8685_cov_3.564757	3011	3144	13	10	133	0.0751880
NODE_6403_length_8685_cov_3.564757	3011	3144	14	28	133	0.2105263
NODE_6403_length_8685_cov_3.564757	3011	3144	15	53	133	0.3984962
NODE_6403_length_8685_cov_3.564757	3011	3144	16	16	133	0.1203008
NODE_6403_length_8685_cov_3.564757	3011	3144	17	2	133	0.0150376
NODE_6405_length_8684_cov_4.315084	8371	8504	4	34	133	0.2556391
NODE_6405_length_8684_cov_4.315084	8371	8504	5	40	133	0.3007519
NODE_6405_length_8684_cov_4.315084	8371	8504	6	33	133	0.2481203
NODE_6405_length_8684_cov_4.315084	8371	8504	7	13	133	0.0977444
NODE_6405_length_8684_cov_4.315084	8371	8504	8	13	133	0.0977444
NODE_64105_length_3021_cov_3.642710	510	643	11	7	133	0.0526316
NODE_64105_length_3021_cov_3.642710	510	643	12	7	133	0.0526316
NODE_64105_length_3021_cov_3.642710	510	643	15	14	133	0.1052632
NODE_64105_length_3021_cov_3.642710	510	643	16	6	133	0.0451128
NODE_64105_length_3021_cov_3.642710	510	643	17	2	133	0.0150376
NODE_64105_length_3021_cov_3.642710	510	643	18	4	133	0.0300752
NODE_64105_length_3021_cov_3.642710	510	643	19	2	133	0.0150376
NODE_64105_length_3021_cov_3.642710	510	643	20	24	133	0.1804511
NODE_64105_length_3021_cov_3.642710	510	643	21	58	133	0.4360902
NODE_64105_length_3021_cov_3.642710	510	643	22	9	133	0.0676692
NODE_6410_length_8682_cov_4.483980	6542	6675	3	5	133	0.0375940
NODE_6410_length_8682_cov_4.483980	6542	6675	7	26	133	0.1954887
NODE_6410_length_8682_cov_4.483980	6542	6675	8	13	133	0.0977444
NODE_6410_length_8682_cov_4.483980	6542	6675	12	4	133	0.0300752
NODE_6410_length_8682_cov_4.483980	6542	6675	13	24	133	0.1804511
NODE_6410_length_8682_cov_4.483980	6542	6675	15	2	133	0.0150376
NODE_6410_length_8682_cov_4.483980	6542	6675	17	6	133	0.0451128
NODE_6410_length_8682_cov_4.483980	6542	6675	18	53	133	0.3984962
NODE_6412_length_8682_cov_3.528836	3367	3500	19	6	133	0.0451128
NODE_6412_length_8682_cov_3.528836	3367	3500	20	6	133	0.0451128
NODE_6412_length_8682_cov_3.528836	3367	3500	22	1	133	0.0075188
NODE_6412_length_8682_cov_3.528836	3367	3500	23	1	133	0.0075188
NODE_6412_length_8682_cov_3.528836	3367	3500	24	34	133	0.2556391
NODE_6412_length_8682_cov_3.528836	3367	3500	26	8	133	0.0601504
NODE_6412_length_8682_cov_3.528836	3367	3500	27	11	133	0.0827068
NODE_6412_length_8682_cov_3.528836	3367	3500	28	11	133	0.0827068
NODE_6412_length_8682_cov_3.528836	3367	3500	29	6	133	0.0451128
NODE_6412_length_8682_cov_3.528836	3367	3500	30	9	133	0.0676692
NODE_6412_length_8682_cov_3.528836	3367	3500	31	18	133	0.1353384
NODE_6412_length_8682_cov_3.528836	3367	3500	32	14	133	0.1052632
NODE_6412_length_8682_cov_3.528836	3367	3500	33	7	133	0.0526316
NODE_6412_length_8682_cov_3.528836	3367	3500	34	1	133	0.0075188
NODE_64232_length_3017_cov_4.856751	1011	1144	18	10	133	0.0751880
NODE_64232_length_3017_cov_4.856751	1011	1144	19	2	133	0.0150376
NODE_64232_length_3017_cov_4.856751	1011	1144	20	5	133	0.0375940
NODE_64232_length_3017_cov_4.856751	1011	1144	21	6	133	0.0451128
NODE_64232_length_3017_cov_4.856751	1011	1144	22	2	133	0.0150376
NODE_64232_length_3017_cov_4.856751	1011	1144	23	1	133	0.0075188
NODE_64232_length_3017_cov_4.856751	1011	1144	24	1	133	0.0075188
NODE_64232_length_3017_cov_4.856751	1011	1144	25	6	133	0.0451128
NODE_64232_length_3017_cov_4.856751	1011	1144	26	18	133	0.1353384
NODE_64232_length_3017_cov_4.856751	1011	1144	27	2	133	0.0150376
NODE_64232_length_3017_cov_4.856751	1011	1144	28	26	133	0.1954887
NODE_64232_length_3017_cov_4.856751	1011	1144	29	41	133	0.3082707
NODE_64232_length_3017_cov_4.856751	1011	1144	30	13	133	0.0977444
NODE_64404_length_3013_cov_4.206246	2368	2501	23	16	133	0.1203008
NODE_64404_length_3013_cov_4.206246	2368	2501	24	11	133	0.0827068
NODE_64404_length_3013_cov_4.206246	2368	2501	25	12	133	0.0902256
NODE_64404_length_3013_cov_4.206246	2368	2501	26	7	133	0.0526316
NODE_64404_length_3013_cov_4.206246	2368	2501	27	1	133	0.0075188
NODE_64404_length_3013_cov_4.206246	2368	2501	28	2	133	0.0150376
NODE_64404_length_3013_cov_4.206246	2368	2501	29	4	133	0.0300752
NODE_64404_length_3013_cov_4.206246	2368	2501	30	25	133	0.1879699
NODE_64404_length_3013_cov_4.206246	2368	2501	31	29	133	0.2180451
NODE_64404_length_3013_cov_4.206246	2368	2501	33	4	133	0.0300752
NODE_64404_length_3013_cov_4.206246	2368	2501	34	1	133	0.0075188
NODE_64404_length_3013_cov_4.206246	2368	2501	35	4	133	0.0300752
NODE_64404_length_3013_cov_4.206246	2368	2501	36	4	133	0.0300752
NODE_64404_length_3013_cov_4.206246	2368	2501	37	13	133	0.0977444
NODE_64419_length_3013_cov_2.856555	2266	2399	15	11	133	0.0827068
NODE_64419_length_3013_cov_2.856555	2266	2399	16	7	133	0.0526316
NODE_64419_length_3013_cov_2.856555	2266	2399	17	6	133	0.0451128
NODE_64419_length_3013_cov_2.856555	2266	2399	18	14	133	0.1052632
NODE_64419_length_3013_cov_2.856555	2266	2399	19	7	133	0.0526316
NODE_64419_length_3013_cov_2.856555	2266	2399	20	5	133	0.0375940
NODE_64419_length_3013_cov_2.856555	2266	2399	21	4	133	0.0300752
NODE_64419_length_3013_cov_2.856555	2266	2399	22	15	133	0.1127820
NODE_64419_length_3013_cov_2.856555	2266	2399	23	13	133	0.0977444
NODE_64419_length_3013_cov_2.856555	2266	2399	24	3	133	0.0225564
NODE_64419_length_3013_cov_2.856555	2266	2399	25	45	133	0.3383459
NODE_64419_length_3013_cov_2.856555	2266	2399	26	3	133	0.0225564
NODE_64433_length_3012_cov_4.635427	2409	2542	26	6	133	0.0451128
NODE_64433_length_3012_cov_4.635427	2409	2542	27	1	133	0.0075188
NODE_64433_length_3012_cov_4.635427	2409	2542	28	3	133	0.0225564
NODE_64433_length_3012_cov_4.635427	2409	2542	29	7	133	0.0526316
NODE_64433_length_3012_cov_4.635427	2409	2542	30	12	133	0.0902256
NODE_64433_length_3012_cov_4.635427	2409	2542	31	20	133	0.1503759
NODE_64433_length_3012_cov_4.635427	2409	2542	32	9	133	0.0676692
NODE_64433_length_3012_cov_4.635427	2409	2542	33	4	133	0.0300752
NODE_64433_length_3012_cov_4.635427	2409	2542	34	2	133	0.0150376
NODE_64433_length_3012_cov_4.635427	2409	2542	36	9	133	0.0676692
NODE_64433_length_3012_cov_4.635427	2409	2542	37	6	133	0.0451128
NODE_64433_length_3012_cov_4.635427	2409	2542	38	8	133	0.0601504
NODE_64433_length_3012_cov_4.635427	2409	2542	39	7	133	0.0526316
NODE_64433_length_3012_cov_4.635427	2409	2542	40	2	133	0.0150376
NODE_64433_length_3012_cov_4.635427	2409	2542	41	8	133	0.0601504
NODE_64433_length_3012_cov_4.635427	2409	2542	42	13	133	0.0977444
NODE_64433_length_3012_cov_4.635427	2409	2542	43	6	133	0.0451128
NODE_64433_length_3012_cov_4.635427	2409	2542	44	10	133	0.0751880
NODE_64467_length_3011_cov_4.336195	763	896	1	11	133	0.0827068
NODE_64467_length_3011_cov_4.336195	763	896	2	2	133	0.0150376
NODE_64467_length_3011_cov_4.336195	763	896	3	2	133	0.0150376
NODE_64467_length_3011_cov_4.336195	763	896	4	13	133	0.0977444
NODE_64467_length_3011_cov_4.336195	763	896	5	14	133	0.1052632
NODE_64467_length_3011_cov_4.336195	763	896	7	1	133	0.0075188
NODE_64467_length_3011_cov_4.336195	763	896	8	12	133	0.0902256
NODE_64467_length_3011_cov_4.336195	763	896	10	6	133	0.0451128
NODE_64467_length_3011_cov_4.336195	763	896	11	2	133	0.0150376
NODE_64467_length_3011_cov_4.336195	763	896	12	23	133	0.1729323
NODE_64467_length_3011_cov_4.336195	763	896	13	11	133	0.0827068
NODE_64467_length_3011_cov_4.336195	763	896	14	8	133	0.0601504
NODE_64467_length_3011_cov_4.336195	763	896	15	28	133	0.2105263
NODE_64563_length_3008_cov_4.358886	2638	2771	20	1	133	0.0075188
NODE_64563_length_3008_cov_4.358886	2638	2771	21	1	133	0.0075188
NODE_64563_length_3008_cov_4.358886	2638	2771	22	2	133	0.0150376
NODE_64563_length_3008_cov_4.358886	2638	2771	23	17	133	0.1278196
NODE_64563_length_3008_cov_4.358886	2638	2771	24	5	133	0.0375940
NODE_64563_length_3008_cov_4.358886	2638	2771	26	3	133	0.0225564
NODE_64563_length_3008_cov_4.358886	2638	2771	27	5	133	0.0375940
NODE_64563_length_3008_cov_4.358886	2638	2771	28	9	133	0.0676692
NODE_64563_length_3008_cov_4.358886	2638	2771	29	11	133	0.0827068
NODE_64563_length_3008_cov_4.358886	2638	2771	32	1	133	0.0075188
NODE_64563_length_3008_cov_4.358886	2638	2771	33	6	133	0.0451128
NODE_64563_length_3008_cov_4.358886	2638	2771	34	2	133	0.0150376
NODE_64563_length_3008_cov_4.358886	2638	2771	35	9	133	0.0676692
NODE_64563_length_3008_cov_4.358886	2638	2771	36	3	133	0.0225564
NODE_64563_length_3008_cov_4.358886	2638	2771	37	4	133	0.0300752
NODE_64563_length_3008_cov_4.358886	2638	2771	39	1	133	0.0075188
NODE_64563_length_3008_cov_4.358886	2638	2771	40	16	133	0.1203008
NODE_64563_length_3008_cov_4.358886	2638	2771	41	22	133	0.1654135
NODE_64563_length_3008_cov_4.358886	2638	2771	42	15	133	0.1127820
NODE_6460_length_8659_cov_4.716589	7002	7135	12	6	133	0.0451128
NODE_6460_length_8659_cov_4.716589	7002	7135	13	12	133	0.0902256
NODE_6460_length_8659_cov_4.716589	7002	7135	14	19	133	0.1428571
NODE_6460_length_8659_cov_4.716589	7002	7135	15	10	133	0.0751880
NODE_6460_length_8659_cov_4.716589	7002	7135	16	17	133	0.1278196
NODE_6460_length_8659_cov_4.716589	7002	7135	17	8	133	0.0601504
NODE_6460_length_8659_cov_4.716589	7002	7135	18	18	133	0.1353384
NODE_6460_length_8659_cov_4.716589	7002	7135	19	13	133	0.0977444
NODE_6460_length_8659_cov_4.716589	7002	7135	20	16	133	0.1203008
NODE_6460_length_8659_cov_4.716589	7002	7135	21	14	133	0.1052632
NODE_6462_length_8657_cov_59.144076	272	405	431	1	133	0.0075188
NODE_6462_length_8657_cov_59.144076	272	405	433	1	133	0.0075188
NODE_6462_length_8657_cov_59.144076	272	405	450	1	133	0.0075188
NODE_6462_length_8657_cov_59.144076	272	405	462	1	133	0.0075188
NODE_6462_length_8657_cov_59.144076	272	405	471	1	133	0.0075188
NODE_6462_length_8657_cov_59.144076	272	405	473	2	133	0.0150376
NODE_6462_length_8657_cov_59.144076	272	405	477	3	133	0.0225564
NODE_6462_length_8657_cov_59.144076	272	405	482	1	133	0.0075188
NODE_6462_length_8657_cov_59.144076	272	405	483	1	133	0.0075188
NODE_6462_length_8657_cov_59.144076	272	405	484	1	133	0.0075188
NODE_6462_length_8657_cov_59.144076	272	405	487	1	133	0.0075188
NODE_6462_length_8657_cov_59.144076	272	405	489	1	133	0.0075188
NODE_6462_length_8657_cov_59.144076	272	405	496	1	133	0.0075188
NODE_6462_length_8657_cov_59.144076	272	405	504	1	133	0.0075188
NODE_6462_length_8657_cov_59.144076	272	405	506	1	133	0.0075188
NODE_6462_length_8657_cov_59.144076	272	405	509	1	133	0.0075188
NODE_6462_length_8657_cov_59.144076	272	405	518	1	133	0.0075188
NODE_6462_length_8657_cov_59.144076	272	405	519	1	133	0.0075188
NODE_6462_length_8657_cov_59.144076	272	405	524	1	133	0.0075188
NODE_6462_length_8657_cov_59.144076	272	405	530	1	133	0.0075188
NODE_6462_length_8657_cov_59.144076	272	405	532	1	133	0.0075188
NODE_6462_length_8657_cov_59.144076	272	405	536	1	133	0.0075188
NODE_6462_length_8657_cov_59.144076	272	405	538	1	133	0.0075188
NODE_6462_length_8657_cov_59.144076	272	405	539	1	133	0.0075188
NODE_6462_length_8657_cov_59.144076	272	405	542	1	133	0.0075188
NODE_6462_length_8657_cov_59.144076	272	405	549	1	133	0.0075188
NODE_6462_length_8657_cov_59.144076	272	405	557	1	133	0.0075188
NODE_6462_length_8657_cov_59.144076	272	405	564	1	133	0.0075188
NODE_6462_length_8657_cov_59.144076	272	405	567	1	133	0.0075188
NODE_6462_length_8657_cov_59.144076	272	405	571	2	133	0.0150376
NODE_6462_length_8657_cov_59.144076	272	405	574	1	133	0.0075188
NODE_6462_length_8657_cov_59.144076	272	405	579	1	133	0.0075188
NODE_6462_length_8657_cov_59.144076	272	405	582	1	133	0.0075188
NODE_6462_length_8657_cov_59.144076	272	405	587	1	133	0.0075188
NODE_6462_length_8657_cov_59.144076	272	405	590	1	133	0.0075188
NODE_6462_length_8657_cov_59.144076	272	405	598	2	133	0.0150376
NODE_6462_length_8657_cov_59.144076	272	405	611	1	133	0.0075188
NODE_6462_length_8657_cov_59.144076	272	405	614	1	133	0.0075188
NODE_6462_length_8657_cov_59.144076	272	405	615	1	133	0.0075188
NODE_6462_length_8657_cov_59.144076	272	405	624	2	133	0.0150376
NODE_6462_length_8657_cov_59.144076	272	405	633	1	133	0.0075188
NODE_6462_length_8657_cov_59.144076	272	405	635	1	133	0.0075188
NODE_6462_length_8657_cov_59.144076	272	405	651	1	133	0.0075188
NODE_6462_length_8657_cov_59.144076	272	405	652	1	133	0.0075188
NODE_6462_length_8657_cov_59.144076	272	405	654	1	133	0.0075188
NODE_6462_length_8657_cov_59.144076	272	405	655	1	133	0.0075188
NODE_6462_length_8657_cov_59.144076	272	405	659	2	133	0.0150376
NODE_6462_length_8657_cov_59.144076	272	405	661	1	133	0.0075188
NODE_6462_length_8657_cov_59.144076	272	405	668	1	133	0.0075188
NODE_6462_length_8657_cov_59.144076	272	405	669	1	133	0.0075188
NODE_6462_length_8657_cov_59.144076	272	405	685	1	133	0.0075188
NODE_6462_length_8657_cov_59.144076	272	405	686	1	133	0.0075188
NODE_6462_length_8657_cov_59.144076	272	405	689	1	133	0.0075188
NODE_6462_length_8657_cov_59.144076	272	405	692	1	133	0.0075188
NODE_6462_length_8657_cov_59.144076	272	405	693	2	133	0.0150376
NODE_6462_length_8657_cov_59.144076	272	405	694	1	133	0.0075188
NODE_6462_length_8657_cov_59.144076	272	405	695	2	133	0.0150376
NODE_6462_length_8657_cov_59.144076	272	405	696	1	133	0.0075188
NODE_6462_length_8657_cov_59.144076	272	405	697	1	133	0.0075188
NODE_6462_length_8657_cov_59.144076	272	405	699	3	133	0.0225564
NODE_6462_length_8657_cov_59.144076	272	405	701	2	133	0.0150376
NODE_6462_length_8657_cov_59.144076	272	405	704	2	133	0.0150376
NODE_6462_length_8657_cov_59.144076	272	405	706	2	133	0.0150376
NODE_6462_length_8657_cov_59.144076	272	405	707	1	133	0.0075188
NODE_6462_length_8657_cov_59.144076	272	405	711	1	133	0.0075188
NODE_6462_length_8657_cov_59.144076	272	405	714	1	133	0.0075188
NODE_6462_length_8657_cov_59.144076	272	405	720	2	133	0.0150376
NODE_6462_length_8657_cov_59.144076	272	405	726	1	133	0.0075188
NODE_6462_length_8657_cov_59.144076	272	405	729	1	133	0.0075188
NODE_6462_length_8657_cov_59.144076	272	405	730	1	133	0.0075188
NODE_6462_length_8657_cov_59.144076	272	405	731	1	133	0.0075188
NODE_6462_length_8657_cov_59.144076	272	405	737	1	133	0.0075188
NODE_6462_length_8657_cov_59.144076	272	405	738	1	133	0.0075188
NODE_6462_length_8657_cov_59.144076	272	405	739	1	133	0.0075188
NODE_6462_length_8657_cov_59.144076	272	405	741	1	133	0.0075188
NODE_6462_length_8657_cov_59.144076	272	405	742	1	133	0.0075188
NODE_6462_length_8657_cov_59.144076	272	405	743	2	133	0.0150376
NODE_6462_length_8657_cov_59.144076	272	405	744	2	133	0.0150376
NODE_6462_length_8657_cov_59.144076	272	405	745	2	133	0.0150376
NODE_6462_length_8657_cov_59.144076	272	405	746	1	133	0.0075188
NODE_6462_length_8657_cov_59.144076	272	405	747	4	133	0.0300752
NODE_6462_length_8657_cov_59.144076	272	405	748	1	133	0.0075188
NODE_6462_length_8657_cov_59.144076	272	405	749	1	133	0.0075188
NODE_6462_length_8657_cov_59.144076	272	405	750	1	133	0.0075188
NODE_6462_length_8657_cov_59.144076	272	405	751	2	133	0.0150376
NODE_6462_length_8657_cov_59.144076	272	405	752	1	133	0.0075188
NODE_6462_length_8657_cov_59.144076	272	405	753	1	133	0.0075188
NODE_6462_length_8657_cov_59.144076	272	405	756	1	133	0.0075188
NODE_6462_length_8657_cov_59.144076	272	405	759	2	133	0.0150376
NODE_6462_length_8657_cov_59.144076	272	405	760	1	133	0.0075188
NODE_6462_length_8657_cov_59.144076	272	405	761	2	133	0.0150376
NODE_6462_length_8657_cov_59.144076	272	405	762	2	133	0.0150376
NODE_6462_length_8657_cov_59.144076	272	405	763	1	133	0.0075188
NODE_6462_length_8657_cov_59.144076	272	405	764	1	133	0.0075188
NODE_6462_length_8657_cov_59.144076	272	405	765	6	133	0.0451128
NODE_6462_length_8657_cov_59.144076	272	405	766	2	133	0.0150376
NODE_6462_length_8657_cov_59.144076	272	405	767	2	133	0.0150376
NODE_6462_length_8657_cov_59.144076	272	405	768	3	133	0.0225564
NODE_6462_length_8657_cov_59.144076	272	405	769	1	133	0.0075188
NODE_64641_length_3006_cov_3.606467	261	394	8	21	133	0.1578947
NODE_64641_length_3006_cov_3.606467	261	394	9	30	133	0.2255639
NODE_64641_length_3006_cov_3.606467	261	394	12	12	133	0.0902256
NODE_64641_length_3006_cov_3.606467	261	394	13	33	133	0.2481203
NODE_64641_length_3006_cov_3.606467	261	394	14	37	133	0.2781955
NODE_64648_length_3006_cov_2.942552	1947	2080	4	9	133	0.0676692
NODE_64648_length_3006_cov_2.942552	1947	2080	5	1	133	0.0075188
NODE_64648_length_3006_cov_2.942552	1947	2080	6	6	133	0.0451128
NODE_64648_length_3006_cov_2.942552	1947	2080	7	7	133	0.0526316
NODE_64648_length_3006_cov_2.942552	1947	2080	8	21	133	0.1578947
NODE_64648_length_3006_cov_2.942552	1947	2080	9	21	133	0.1578947
NODE_64648_length_3006_cov_2.942552	1947	2080	10	55	133	0.4135338
NODE_64648_length_3006_cov_2.942552	1947	2080	11	13	133	0.0977444
NODE_64650_length_3006_cov_2.802202	1588	1721	12	18	133	0.1353384
NODE_64650_length_3006_cov_2.802202	1588	1721	13	4	133	0.0300752
NODE_64650_length_3006_cov_2.802202	1588	1721	14	10	133	0.0751880
NODE_64650_length_3006_cov_2.802202	1588	1721	15	9	133	0.0676692
NODE_64650_length_3006_cov_2.802202	1588	1721	16	15	133	0.1127820
NODE_64650_length_3006_cov_2.802202	1588	1721	17	4	133	0.0300752
NODE_64650_length_3006_cov_2.802202	1588	1721	18	10	133	0.0751880
NODE_64650_length_3006_cov_2.802202	1588	1721	19	9	133	0.0676692
NODE_64650_length_3006_cov_2.802202	1588	1721	20	16	133	0.1203008
NODE_64650_length_3006_cov_2.802202	1588	1721	21	22	133	0.1654135
NODE_64650_length_3006_cov_2.802202	1588	1721	22	14	133	0.1052632
NODE_64650_length_3006_cov_2.802202	1588	1721	23	2	133	0.0150376
NODE_64727_length_3003_cov_7.129821	196	329	0	10	133	0.0751880
NODE_64727_length_3003_cov_7.129821	196	329	1	40	133	0.3007519
NODE_64727_length_3003_cov_7.129821	196	329	2	12	133	0.0902256
NODE_64727_length_3003_cov_7.129821	196	329	3	71	133	0.5338346
NODE_64771_length_3002_cov_4.529108	2744	2877	28	4	133	0.0300752
NODE_64771_length_3002_cov_4.529108	2744	2877	30	1	133	0.0075188
NODE_64771_length_3002_cov_4.529108	2744	2877	31	5	133	0.0375940
NODE_64771_length_3002_cov_4.529108	2744	2877	32	3	133	0.0225564
NODE_64771_length_3002_cov_4.529108	2744	2877	36	1	133	0.0075188
NODE_64771_length_3002_cov_4.529108	2744	2877	37	6	133	0.0451128
NODE_64771_length_3002_cov_4.529108	2744	2877	38	3	133	0.0225564
NODE_64771_length_3002_cov_4.529108	2744	2877	39	9	133	0.0676692
NODE_64771_length_3002_cov_4.529108	2744	2877	40	4	133	0.0300752
NODE_64771_length_3002_cov_4.529108	2744	2877	41	17	133	0.1278196
NODE_64771_length_3002_cov_4.529108	2744	2877	42	12	133	0.0902256
NODE_64771_length_3002_cov_4.529108	2744	2877	43	3	133	0.0225564
NODE_64771_length_3002_cov_4.529108	2744	2877	45	11	133	0.0827068
NODE_64771_length_3002_cov_4.529108	2744	2877	46	3	133	0.0225564
NODE_64771_length_3002_cov_4.529108	2744	2877	47	7	133	0.0526316
NODE_64771_length_3002_cov_4.529108	2744	2877	48	12	133	0.0902256
NODE_64771_length_3002_cov_4.529108	2744	2877	49	9	133	0.0676692
NODE_64771_length_3002_cov_4.529108	2744	2877	50	1	133	0.0075188
NODE_64771_length_3002_cov_4.529108	2744	2877	51	2	133	0.0150376
NODE_64771_length_3002_cov_4.529108	2744	2877	54	4	133	0.0300752
NODE_64771_length_3002_cov_4.529108	2744	2877	55	4	133	0.0300752
NODE_64771_length_3002_cov_4.529108	2744	2877	56	4	133	0.0300752
NODE_64771_length_3002_cov_4.529108	2744	2877	58	2	133	0.0150376
NODE_64771_length_3002_cov_4.529108	2744	2877	60	4	133	0.0300752
NODE_64771_length_3002_cov_4.529108	2744	2877	61	2	133	0.0150376
NODE_64901_length_2998_cov_4.911349	538	671	10	20	133	0.1503759
NODE_64901_length_2998_cov_4.911349	538	671	11	18	133	0.1353384
NODE_64901_length_2998_cov_4.911349	538	671	12	21	133	0.1578947
NODE_64901_length_2998_cov_4.911349	538	671	13	10	133	0.0751880
NODE_64901_length_2998_cov_4.911349	538	671	14	5	133	0.0375940
NODE_64901_length_2998_cov_4.911349	538	671	15	11	133	0.0827068
NODE_64901_length_2998_cov_4.911349	538	671	16	37	133	0.2781955
NODE_64901_length_2998_cov_4.911349	538	671	17	9	133	0.0676692
NODE_64901_length_2998_cov_4.911349	538	671	18	2	133	0.0150376
NODE_64916_length_2998_cov_3.734736	1705	1838	1	29	133	0.2180451
NODE_64916_length_2998_cov_3.734736	1705	1838	2	13	133	0.0977444
NODE_64916_length_2998_cov_3.734736	1705	1838	3	4	133	0.0300752
NODE_64916_length_2998_cov_3.734736	1705	1838	5	87	133	0.6541353
NODE_64917_length_2998_cov_3.698517	1631	1764	2	56	133	0.4210526
NODE_64917_length_2998_cov_3.698517	1631	1764	3	70	133	0.5263158
NODE_64917_length_2998_cov_3.698517	1631	1764	4	7	133	0.0526316
NODE_65035_length_2994_cov_4.522625	354	487	2	28	133	0.2105263
NODE_65035_length_2994_cov_4.522625	354	487	3	3	133	0.0225564
NODE_65035_length_2994_cov_4.522625	354	487	4	13	133	0.0977444
NODE_65035_length_2994_cov_4.522625	354	487	5	42	133	0.3157895
NODE_65035_length_2994_cov_4.522625	354	487	6	13	133	0.0977444
NODE_65035_length_2994_cov_4.522625	354	487	7	34	133	0.2556391
NODE_65063_length_2993_cov_4.939876	225	358	4	8	133	0.0601504
NODE_65063_length_2993_cov_4.939876	225	358	5	11	133	0.0827068
NODE_65063_length_2993_cov_4.939876	225	358	6	8	133	0.0601504
NODE_65063_length_2993_cov_4.939876	225	358	7	23	133	0.1729323
NODE_65063_length_2993_cov_4.939876	225	358	8	42	133	0.3157895
NODE_65063_length_2993_cov_4.939876	225	358	9	41	133	0.3082707
NODE_65072_length_2993_cov_4.295439	748	881	1	1	133	0.0075188
NODE_65072_length_2993_cov_4.295439	748	881	2	8	133	0.0601504
NODE_65072_length_2993_cov_4.295439	748	881	3	37	133	0.2781955
NODE_65072_length_2993_cov_4.295439	748	881	4	6	133	0.0451128
NODE_65072_length_2993_cov_4.295439	748	881	5	28	133	0.2105263
NODE_65072_length_2993_cov_4.295439	748	881	6	53	133	0.3984962
NODE_65090_length_2993_cov_3.046648	1112	1245	24	14	133	0.1052632
NODE_65090_length_2993_cov_3.046648	1112	1245	25	23	133	0.1729323
NODE_65090_length_2993_cov_3.046648	1112	1245	26	18	133	0.1353384
NODE_65090_length_2993_cov_3.046648	1112	1245	27	18	133	0.1353384
NODE_65090_length_2993_cov_3.046648	1112	1245	28	10	133	0.0751880
NODE_65090_length_2993_cov_3.046648	1112	1245	29	4	133	0.0300752
NODE_65090_length_2993_cov_3.046648	1112	1245	30	12	133	0.0902256
NODE_65090_length_2993_cov_3.046648	1112	1245	31	27	133	0.2030075
NODE_65090_length_2993_cov_3.046648	1112	1245	32	4	133	0.0300752
NODE_65090_length_2993_cov_3.046648	1112	1245	33	3	133	0.0225564
NODE_65132_length_2991_cov_5.010373	778	911	7	4	133	0.0300752
NODE_65132_length_2991_cov_5.010373	778	911	8	5	133	0.0375940
NODE_65132_length_2991_cov_5.010373	778	911	9	15	133	0.1127820
NODE_65132_length_2991_cov_5.010373	778	911	11	34	133	0.2556391
NODE_65132_length_2991_cov_5.010373	778	911	12	72	133	0.5413534
NODE_65132_length_2991_cov_5.010373	778	911	13	3	133	0.0225564
NODE_65162_length_2990_cov_6.455206	2406	2539	5	14	133	0.1052632
NODE_65162_length_2990_cov_6.455206	2406	2539	7	1	133	0.0075188
NODE_65162_length_2990_cov_6.455206	2406	2539	8	32	133	0.2406015
NODE_65162_length_2990_cov_6.455206	2406	2539	9	10	133	0.0751880
NODE_65162_length_2990_cov_6.455206	2406	2539	10	11	133	0.0827068
NODE_65162_length_2990_cov_6.455206	2406	2539	11	40	133	0.3007519
NODE_65162_length_2990_cov_6.455206	2406	2539	12	19	133	0.1428571
NODE_65162_length_2990_cov_6.455206	2406	2539	13	6	133	0.0451128
NODE_65184_length_2990_cov_3.621930	1880	2013	7	1	133	0.0075188
NODE_65184_length_2990_cov_3.621930	1880	2013	9	5	133	0.0375940
NODE_65184_length_2990_cov_3.621930	1880	2013	10	15	133	0.1127820
NODE_65184_length_2990_cov_3.621930	1880	2013	11	30	133	0.2255639
NODE_65184_length_2990_cov_3.621930	1880	2013	12	2	133	0.0150376
NODE_65184_length_2990_cov_3.621930	1880	2013	13	31	133	0.2330827
NODE_65184_length_2990_cov_3.621930	1880	2013	14	18	133	0.1353384
NODE_65184_length_2990_cov_3.621930	1880	2013	15	27	133	0.2030075
NODE_65184_length_2990_cov_3.621930	1880	2013	16	4	133	0.0300752
NODE_651_length_16577_cov_4.515961	15877	16010	8	21	133	0.1578947
NODE_651_length_16577_cov_4.515961	15877	16010	9	5	133	0.0375940
NODE_651_length_16577_cov_4.515961	15877	16010	10	60	133	0.4511278
NODE_651_length_16577_cov_4.515961	15877	16010	11	16	133	0.1203008
NODE_651_length_16577_cov_4.515961	15877	16010	12	31	133	0.2330827
NODE_65201_length_2989_cov_4.662284	423	556	2	30	133	0.2255639
NODE_65201_length_2989_cov_4.662284	423	556	3	5	133	0.0375940
NODE_65201_length_2989_cov_4.662284	423	556	4	98	133	0.7368421
NODE_65236_length_2988_cov_5.142610	424	557	1	4	133	0.0300752
NODE_65236_length_2988_cov_5.142610	424	557	2	15	133	0.1127820
NODE_65236_length_2988_cov_5.142610	424	557	4	24	133	0.1804511
NODE_65236_length_2988_cov_5.142610	424	557	5	30	133	0.2255639
NODE_65236_length_2988_cov_5.142610	424	557	6	14	133	0.1052632
NODE_65236_length_2988_cov_5.142610	424	557	7	46	133	0.3458647
NODE_65239_length_2988_cov_5.004846	1916	2049	3	1	133	0.0075188
NODE_65239_length_2988_cov_5.004846	1916	2049	4	21	133	0.1578947
NODE_65239_length_2988_cov_5.004846	1916	2049	5	60	133	0.4511278
NODE_65239_length_2988_cov_5.004846	1916	2049	6	16	133	0.1203008
NODE_65239_length_2988_cov_5.004846	1916	2049	7	35	133	0.2631579
NODE_65277_length_2987_cov_5.058864	272	405	26	2	133	0.0150376
NODE_65277_length_2987_cov_5.058864	272	405	27	1	133	0.0075188
NODE_65277_length_2987_cov_5.058864	272	405	29	7	133	0.0526316
NODE_65277_length_2987_cov_5.058864	272	405	30	1	133	0.0075188
NODE_65277_length_2987_cov_5.058864	272	405	31	4	133	0.0300752
NODE_65277_length_2987_cov_5.058864	272	405	32	1	133	0.0075188
NODE_65277_length_2987_cov_5.058864	272	405	34	1	133	0.0075188
NODE_65277_length_2987_cov_5.058864	272	405	35	1	133	0.0075188
NODE_65277_length_2987_cov_5.058864	272	405	36	2	133	0.0150376
NODE_65277_length_2987_cov_5.058864	272	405	38	3	133	0.0225564
NODE_65277_length_2987_cov_5.058864	272	405	39	3	133	0.0225564
NODE_65277_length_2987_cov_5.058864	272	405	40	6	133	0.0451128
NODE_65277_length_2987_cov_5.058864	272	405	41	7	133	0.0526316
NODE_65277_length_2987_cov_5.058864	272	405	42	13	133	0.0977444
NODE_65277_length_2987_cov_5.058864	272	405	43	2	133	0.0150376
NODE_65277_length_2987_cov_5.058864	272	405	44	3	133	0.0225564
NODE_65277_length_2987_cov_5.058864	272	405	45	15	133	0.1127820
NODE_65277_length_2987_cov_5.058864	272	405	46	2	133	0.0150376
NODE_65277_length_2987_cov_5.058864	272	405	47	11	133	0.0827068
NODE_65277_length_2987_cov_5.058864	272	405	48	9	133	0.0676692
NODE_65277_length_2987_cov_5.058864	272	405	49	9	133	0.0676692
NODE_65277_length_2987_cov_5.058864	272	405	50	17	133	0.1278196
NODE_65277_length_2987_cov_5.058864	272	405	51	11	133	0.0827068
NODE_65277_length_2987_cov_5.058864	272	405	52	2	133	0.0150376
NODE_6531_length_8622_cov_8.123665	6882	7015	0	133	133	1.0000000
NODE_65361_length_2985_cov_3.558212	637	770	40	4	133	0.0300752
NODE_65361_length_2985_cov_3.558212	637	770	41	4	133	0.0300752
NODE_65361_length_2985_cov_3.558212	637	770	42	1	133	0.0075188
NODE_65361_length_2985_cov_3.558212	637	770	43	2	133	0.0150376
NODE_65361_length_2985_cov_3.558212	637	770	44	13	133	0.0977444
NODE_65361_length_2985_cov_3.558212	637	770	45	5	133	0.0375940
NODE_65361_length_2985_cov_3.558212	637	770	46	11	133	0.0827068
NODE_65361_length_2985_cov_3.558212	637	770	47	13	133	0.0977444
NODE_65361_length_2985_cov_3.558212	637	770	48	19	133	0.1428571
NODE_65361_length_2985_cov_3.558212	637	770	49	19	133	0.1428571
NODE_65361_length_2985_cov_3.558212	637	770	50	6	133	0.0451128
NODE_65361_length_2985_cov_3.558212	637	770	51	14	133	0.1052632
NODE_65361_length_2985_cov_3.558212	637	770	52	9	133	0.0676692
NODE_65361_length_2985_cov_3.558212	637	770	53	8	133	0.0601504
NODE_65361_length_2985_cov_3.558212	637	770	54	5	133	0.0375940
NODE_6541_length_8621_cov_4.118986	1371	1504	3	5	133	0.0375940
NODE_6541_length_8621_cov_4.118986	1371	1504	5	116	133	0.8721805
NODE_6541_length_8621_cov_4.118986	1371	1504	6	12	133	0.0902256
NODE_65452_length_2982_cov_4.483871	2660	2793	6	2	133	0.0150376
NODE_65452_length_2982_cov_4.483871	2660	2793	7	5	133	0.0375940
NODE_65452_length_2982_cov_4.483871	2660	2793	8	1	133	0.0075188
NODE_65452_length_2982_cov_4.483871	2660	2793	10	4	133	0.0300752
NODE_65452_length_2982_cov_4.483871	2660	2793	13	6	133	0.0451128
NODE_65452_length_2982_cov_4.483871	2660	2793	14	40	133	0.3007519
NODE_65452_length_2982_cov_4.483871	2660	2793	15	59	133	0.4436090
NODE_65452_length_2982_cov_4.483871	2660	2793	17	16	133	0.1203008
NODE_6546_length_8619_cov_4.982277	5501	5634	1	113	133	0.8496240
NODE_6546_length_8619_cov_4.982277	5501	5634	2	20	133	0.1503759
NODE_6547_length_8617_cov_4.752759	4355	4488	11	1	133	0.0075188
NODE_6547_length_8617_cov_4.752759	4355	4488	13	13	133	0.0977444
NODE_6547_length_8617_cov_4.752759	4355	4488	14	4	133	0.0300752
NODE_6547_length_8617_cov_4.752759	4355	4488	15	16	133	0.1203008
NODE_6547_length_8617_cov_4.752759	4355	4488	16	6	133	0.0451128
NODE_6547_length_8617_cov_4.752759	4355	4488	17	3	133	0.0225564
NODE_6547_length_8617_cov_4.752759	4355	4488	18	2	133	0.0150376
NODE_6547_length_8617_cov_4.752759	4355	4488	19	29	133	0.2180451
NODE_6547_length_8617_cov_4.752759	4355	4488	20	50	133	0.3759398
NODE_6547_length_8617_cov_4.752759	4355	4488	21	9	133	0.0676692
NODE_6548_length_8616_cov_4.264530	2054	2187	13	5	133	0.0375940
NODE_6548_length_8616_cov_4.264530	2054	2187	14	20	133	0.1503759
NODE_6548_length_8616_cov_4.264530	2054	2187	15	38	133	0.2857143
NODE_6548_length_8616_cov_4.264530	2054	2187	16	22	133	0.1654135
NODE_6548_length_8616_cov_4.264530	2054	2187	17	14	133	0.1052632
NODE_6548_length_8616_cov_4.264530	2054	2187	18	8	133	0.0601504
NODE_6548_length_8616_cov_4.264530	2054	2187	19	10	133	0.0751880
NODE_6548_length_8616_cov_4.264530	2054	2187	20	13	133	0.0977444
NODE_6548_length_8616_cov_4.264530	2054	2187	21	3	133	0.0225564
NODE_65570_length_2979_cov_4.416667	1704	1837	7	1	133	0.0075188
NODE_65570_length_2979_cov_4.416667	1704	1837	9	17	133	0.1278196
NODE_65570_length_2979_cov_4.416667	1704	1837	10	5	133	0.0375940
NODE_65570_length_2979_cov_4.416667	1704	1837	11	66	133	0.4962406
NODE_65570_length_2979_cov_4.416667	1704	1837	12	18	133	0.1353384
NODE_65570_length_2979_cov_4.416667	1704	1837	13	9	133	0.0676692
NODE_65570_length_2979_cov_4.416667	1704	1837	14	17	133	0.1278196
NODE_65589_length_2979_cov_3.040972	1164	1297	4	3	133	0.0225564
NODE_65589_length_2979_cov_3.040972	1164	1297	5	22	133	0.1654135
NODE_65589_length_2979_cov_3.040972	1164	1297	6	36	133	0.2706767
NODE_65589_length_2979_cov_3.040972	1164	1297	7	6	133	0.0451128
NODE_65589_length_2979_cov_3.040972	1164	1297	8	17	133	0.1278196
NODE_65589_length_2979_cov_3.040972	1164	1297	9	49	133	0.3684210
NODE_65616_length_2978_cov_4.266759	460	593	11	38	133	0.2857143
NODE_65616_length_2978_cov_4.266759	460	593	12	16	133	0.1203008
NODE_65616_length_2978_cov_4.266759	460	593	13	16	133	0.1203008
NODE_65616_length_2978_cov_4.266759	460	593	14	14	133	0.1052632
NODE_65616_length_2978_cov_4.266759	460	593	15	37	133	0.2781955
NODE_65616_length_2978_cov_4.266759	460	593	16	12	133	0.0902256
NODE_656_length_16544_cov_5.058072	9080	9213	12	2	133	0.0150376
NODE_656_length_16544_cov_5.058072	9080	9213	13	9	133	0.0676692
NODE_656_length_16544_cov_5.058072	9080	9213	14	17	133	0.1278196
NODE_656_length_16544_cov_5.058072	9080	9213	15	13	133	0.0977444
NODE_656_length_16544_cov_5.058072	9080	9213	16	20	133	0.1503759
NODE_656_length_16544_cov_5.058072	9080	9213	17	7	133	0.0526316
NODE_656_length_16544_cov_5.058072	9080	9213	18	17	133	0.1278196
NODE_656_length_16544_cov_5.058072	9080	9213	19	6	133	0.0451128
NODE_656_length_16544_cov_5.058072	9080	9213	20	33	133	0.2481203
NODE_656_length_16544_cov_5.058072	9080	9213	21	9	133	0.0676692
NODE_6571_length_8607_cov_3.874941	7316	7449	13	9	133	0.0676692
NODE_6571_length_8607_cov_3.874941	7316	7449	14	6	133	0.0451128
NODE_6571_length_8607_cov_3.874941	7316	7449	15	6	133	0.0451128
NODE_6571_length_8607_cov_3.874941	7316	7449	16	1	133	0.0075188
NODE_6571_length_8607_cov_3.874941	7316	7449	17	8	133	0.0601504
NODE_6571_length_8607_cov_3.874941	7316	7449	18	9	133	0.0676692
NODE_6571_length_8607_cov_3.874941	7316	7449	20	23	133	0.1729323
NODE_6571_length_8607_cov_3.874941	7316	7449	21	11	133	0.0827068
NODE_6571_length_8607_cov_3.874941	7316	7449	22	32	133	0.2406015
NODE_6571_length_8607_cov_3.874941	7316	7449	23	15	133	0.1127820
NODE_6571_length_8607_cov_3.874941	7316	7449	24	13	133	0.0977444
NODE_6576_length_8606_cov_3.351593	312	445	1	33	133	0.2481203
NODE_6576_length_8606_cov_3.351593	312	445	2	3	133	0.0225564
NODE_6576_length_8606_cov_3.351593	312	445	3	19	133	0.1428571
NODE_6576_length_8606_cov_3.351593	312	445	4	78	133	0.5864662
NODE_65793_length_2973_cov_3.928671	735	868	12	2	133	0.0150376
NODE_65793_length_2973_cov_3.928671	735	868	14	5	133	0.0375940
NODE_65793_length_2973_cov_3.928671	735	868	15	4	133	0.0300752
NODE_65793_length_2973_cov_3.928671	735	868	16	4	133	0.0300752
NODE_65793_length_2973_cov_3.928671	735	868	18	1	133	0.0075188
NODE_65793_length_2973_cov_3.928671	735	868	20	6	133	0.0451128
NODE_65793_length_2973_cov_3.928671	735	868	22	1	133	0.0075188
NODE_65793_length_2973_cov_3.928671	735	868	24	9	133	0.0676692
NODE_65793_length_2973_cov_3.928671	735	868	28	3	133	0.0225564
NODE_65793_length_2973_cov_3.928671	735	868	30	7	133	0.0526316
NODE_65793_length_2973_cov_3.928671	735	868	31	6	133	0.0451128
NODE_65793_length_2973_cov_3.928671	735	868	32	5	133	0.0375940
NODE_65793_length_2973_cov_3.928671	735	868	34	5	133	0.0375940
NODE_65793_length_2973_cov_3.928671	735	868	35	3	133	0.0225564
NODE_65793_length_2973_cov_3.928671	735	868	36	7	133	0.0526316
NODE_65793_length_2973_cov_3.928671	735	868	37	14	133	0.1052632
NODE_65793_length_2973_cov_3.928671	735	868	38	14	133	0.1052632
NODE_65793_length_2973_cov_3.928671	735	868	39	20	133	0.1503759
NODE_65793_length_2973_cov_3.928671	735	868	40	17	133	0.1278196
NODE_6580_length_8604_cov_4.622810	6278	6411	7	18	133	0.1353384
NODE_6580_length_8604_cov_4.622810	6278	6411	8	18	133	0.1353384
NODE_6580_length_8604_cov_4.622810	6278	6411	9	14	133	0.1052632
NODE_6580_length_8604_cov_4.622810	6278	6411	10	11	133	0.0827068
NODE_6580_length_8604_cov_4.622810	6278	6411	11	3	133	0.0225564
NODE_6580_length_8604_cov_4.622810	6278	6411	13	26	133	0.1954887
NODE_6580_length_8604_cov_4.622810	6278	6411	14	43	133	0.3233083
NODE_65824_length_2972_cov_4.268361	2800	2933	7	10	133	0.0751880
NODE_65824_length_2972_cov_4.268361	2800	2933	8	2	133	0.0150376
NODE_65824_length_2972_cov_4.268361	2800	2933	9	7	133	0.0526316
NODE_65824_length_2972_cov_4.268361	2800	2933	10	1	133	0.0075188
NODE_65824_length_2972_cov_4.268361	2800	2933	11	10	133	0.0751880
NODE_65824_length_2972_cov_4.268361	2800	2933	13	12	133	0.0902256
NODE_65824_length_2972_cov_4.268361	2800	2933	14	29	133	0.2180451
NODE_65824_length_2972_cov_4.268361	2800	2933	15	5	133	0.0375940
NODE_65824_length_2972_cov_4.268361	2800	2933	16	4	133	0.0300752
NODE_65824_length_2972_cov_4.268361	2800	2933	17	7	133	0.0526316
NODE_65824_length_2972_cov_4.268361	2800	2933	18	13	133	0.0977444
NODE_65824_length_2972_cov_4.268361	2800	2933	19	21	133	0.1578947
NODE_65824_length_2972_cov_4.268361	2800	2933	20	11	133	0.0827068
NODE_65824_length_2972_cov_4.268361	2800	2933	21	1	133	0.0075188
NODE_65837_length_2972_cov_3.108597	2368	2501	19	4	133	0.0300752
NODE_65837_length_2972_cov_3.108597	2368	2501	21	12	133	0.0902256
NODE_65837_length_2972_cov_3.108597	2368	2501	22	1	133	0.0075188
NODE_65837_length_2972_cov_3.108597	2368	2501	23	2	133	0.0150376
NODE_65837_length_2972_cov_3.108597	2368	2501	24	7	133	0.0526316
NODE_65837_length_2972_cov_3.108597	2368	2501	27	6	133	0.0451128
NODE_65837_length_2972_cov_3.108597	2368	2501	28	8	133	0.0601504
NODE_65837_length_2972_cov_3.108597	2368	2501	29	2	133	0.0150376
NODE_65837_length_2972_cov_3.108597	2368	2501	30	4	133	0.0300752
NODE_65837_length_2972_cov_3.108597	2368	2501	31	11	133	0.0827068
NODE_65837_length_2972_cov_3.108597	2368	2501	32	6	133	0.0451128
NODE_65837_length_2972_cov_3.108597	2368	2501	33	12	133	0.0902256
NODE_65837_length_2972_cov_3.108597	2368	2501	34	23	133	0.1729323
NODE_65837_length_2972_cov_3.108597	2368	2501	35	18	133	0.1353384
NODE_65837_length_2972_cov_3.108597	2368	2501	36	17	133	0.1278196
NODE_65861_length_2971_cov_3.745474	2649	2782	7	4	133	0.0300752
NODE_65861_length_2971_cov_3.745474	2649	2782	8	9	133	0.0676692
NODE_65861_length_2971_cov_3.745474	2649	2782	12	6	133	0.0451128
NODE_65861_length_2971_cov_3.745474	2649	2782	13	14	133	0.1052632
NODE_65861_length_2971_cov_3.745474	2649	2782	14	25	133	0.1879699
NODE_65861_length_2971_cov_3.745474	2649	2782	15	1	133	0.0075188
NODE_65861_length_2971_cov_3.745474	2649	2782	16	6	133	0.0451128
NODE_65861_length_2971_cov_3.745474	2649	2782	17	16	133	0.1203008
NODE_65861_length_2971_cov_3.745474	2649	2782	18	41	133	0.3082707
NODE_65861_length_2971_cov_3.745474	2649	2782	19	11	133	0.0827068
NODE_65898_length_2970_cov_3.723093	805	938	6	35	133	0.2631579
NODE_65898_length_2970_cov_3.723093	805	938	7	93	133	0.6992481
NODE_65898_length_2970_cov_3.723093	805	938	8	5	133	0.0375940
NODE_6598_length_8598_cov_5.456642	3925	4058	2	4	133	0.0300752
NODE_6598_length_8598_cov_5.456642	3925	4058	3	73	133	0.5488722
NODE_6598_length_8598_cov_5.456642	3925	4058	4	33	133	0.2481203
NODE_6598_length_8598_cov_5.456642	3925	4058	5	23	133	0.1729323
NODE_66006_length_2966_cov_5.303104	2677	2810	16	5	133	0.0375940
NODE_66006_length_2966_cov_5.303104	2677	2810	17	12	133	0.0902256
NODE_66006_length_2966_cov_5.303104	2677	2810	18	5	133	0.0375940
NODE_66006_length_2966_cov_5.303104	2677	2810	20	2	133	0.0150376
NODE_66006_length_2966_cov_5.303104	2677	2810	22	5	133	0.0375940
NODE_66006_length_2966_cov_5.303104	2677	2810	23	4	133	0.0300752
NODE_66006_length_2966_cov_5.303104	2677	2810	24	1	133	0.0075188
NODE_66006_length_2966_cov_5.303104	2677	2810	27	2	133	0.0150376
NODE_66006_length_2966_cov_5.303104	2677	2810	29	4	133	0.0300752
NODE_66006_length_2966_cov_5.303104	2677	2810	31	8	133	0.0601504
NODE_66006_length_2966_cov_5.303104	2677	2810	32	3	133	0.0225564
NODE_66006_length_2966_cov_5.303104	2677	2810	33	5	133	0.0375940
NODE_66006_length_2966_cov_5.303104	2677	2810	34	1	133	0.0075188
NODE_66006_length_2966_cov_5.303104	2677	2810	35	4	133	0.0300752
NODE_66006_length_2966_cov_5.303104	2677	2810	36	11	133	0.0827068
NODE_66006_length_2966_cov_5.303104	2677	2810	37	13	133	0.0977444
NODE_66006_length_2966_cov_5.303104	2677	2810	39	24	133	0.1804511
NODE_66006_length_2966_cov_5.303104	2677	2810	40	15	133	0.1127820
NODE_66006_length_2966_cov_5.303104	2677	2810	41	9	133	0.0676692
NODE_6600_length_8598_cov_5.010001	3964	4097	26	2	133	0.0150376
NODE_6600_length_8598_cov_5.010001	3964	4097	27	15	133	0.1127820
NODE_6600_length_8598_cov_5.010001	3964	4097	28	5	133	0.0375940
NODE_6600_length_8598_cov_5.010001	3964	4097	29	3	133	0.0225564
NODE_6600_length_8598_cov_5.010001	3964	4097	30	1	133	0.0075188
NODE_6600_length_8598_cov_5.010001	3964	4097	31	3	133	0.0225564
NODE_6600_length_8598_cov_5.010001	3964	4097	32	4	133	0.0300752
NODE_6600_length_8598_cov_5.010001	3964	4097	33	7	133	0.0526316
NODE_6600_length_8598_cov_5.010001	3964	4097	35	1	133	0.0075188
NODE_6600_length_8598_cov_5.010001	3964	4097	36	2	133	0.0150376
NODE_6600_length_8598_cov_5.010001	3964	4097	37	6	133	0.0451128
NODE_6600_length_8598_cov_5.010001	3964	4097	38	17	133	0.1278196
NODE_6600_length_8598_cov_5.010001	3964	4097	39	19	133	0.1428571
NODE_6600_length_8598_cov_5.010001	3964	4097	41	9	133	0.0676692
NODE_6600_length_8598_cov_5.010001	3964	4097	42	1	133	0.0075188
NODE_6600_length_8598_cov_5.010001	3964	4097	43	7	133	0.0526316
NODE_6600_length_8598_cov_5.010001	3964	4097	44	8	133	0.0601504
NODE_6600_length_8598_cov_5.010001	3964	4097	45	5	133	0.0375940
NODE_6600_length_8598_cov_5.010001	3964	4097	46	4	133	0.0300752
NODE_6600_length_8598_cov_5.010001	3964	4097	47	7	133	0.0526316
NODE_6600_length_8598_cov_5.010001	3964	4097	48	7	133	0.0526316
NODE_66020_length_2966_cov_4.395535	1072	1205	18	5	133	0.0375940
NODE_66020_length_2966_cov_4.395535	1072	1205	20	5	133	0.0375940
NODE_66020_length_2966_cov_4.395535	1072	1205	21	4	133	0.0300752
NODE_66020_length_2966_cov_4.395535	1072	1205	22	4	133	0.0300752
NODE_66020_length_2966_cov_4.395535	1072	1205	23	1	133	0.0075188
NODE_66020_length_2966_cov_4.395535	1072	1205	25	4	133	0.0300752
NODE_66020_length_2966_cov_4.395535	1072	1205	26	9	133	0.0676692
NODE_66020_length_2966_cov_4.395535	1072	1205	27	1	133	0.0075188
NODE_66020_length_2966_cov_4.395535	1072	1205	28	7	133	0.0526316
NODE_66020_length_2966_cov_4.395535	1072	1205	29	4	133	0.0300752
NODE_66020_length_2966_cov_4.395535	1072	1205	30	7	133	0.0526316
NODE_66020_length_2966_cov_4.395535	1072	1205	31	17	133	0.1278196
NODE_66020_length_2966_cov_4.395535	1072	1205	32	15	133	0.1127820
NODE_66020_length_2966_cov_4.395535	1072	1205	33	1	133	0.0075188
NODE_66020_length_2966_cov_4.395535	1072	1205	34	8	133	0.0601504
NODE_66020_length_2966_cov_4.395535	1072	1205	36	17	133	0.1278196
NODE_66020_length_2966_cov_4.395535	1072	1205	38	13	133	0.0977444
NODE_66020_length_2966_cov_4.395535	1072	1205	39	3	133	0.0225564
NODE_66020_length_2966_cov_4.395535	1072	1205	40	7	133	0.0526316
NODE_66020_length_2966_cov_4.395535	1072	1205	41	1	133	0.0075188
NODE_66072_length_2965_cov_3.584787	2822	2955	5	6	133	0.0451128
NODE_66072_length_2965_cov_3.584787	2822	2955	8	2	133	0.0150376
NODE_66072_length_2965_cov_3.584787	2822	2955	9	4	133	0.0300752
NODE_66072_length_2965_cov_3.584787	2822	2955	10	2	133	0.0150376
NODE_66072_length_2965_cov_3.584787	2822	2955	11	8	133	0.0601504
NODE_66072_length_2965_cov_3.584787	2822	2955	13	7	133	0.0526316
NODE_66072_length_2965_cov_3.584787	2822	2955	15	1	133	0.0075188
NODE_66072_length_2965_cov_3.584787	2822	2955	17	2	133	0.0150376
NODE_66072_length_2965_cov_3.584787	2822	2955	19	6	133	0.0451128
NODE_66072_length_2965_cov_3.584787	2822	2955	20	8	133	0.0601504
NODE_66072_length_2965_cov_3.584787	2822	2955	21	2	133	0.0150376
NODE_66072_length_2965_cov_3.584787	2822	2955	22	2	133	0.0150376
NODE_66072_length_2965_cov_3.584787	2822	2955	23	2	133	0.0150376
NODE_66072_length_2965_cov_3.584787	2822	2955	27	7	133	0.0526316
NODE_66072_length_2965_cov_3.584787	2822	2955	28	9	133	0.0676692
NODE_66072_length_2965_cov_3.584787	2822	2955	29	9	133	0.0676692
NODE_66072_length_2965_cov_3.584787	2822	2955	30	1	133	0.0075188
NODE_66072_length_2965_cov_3.584787	2822	2955	32	9	133	0.0676692
NODE_66072_length_2965_cov_3.584787	2822	2955	33	4	133	0.0300752
NODE_66072_length_2965_cov_3.584787	2822	2955	34	4	133	0.0300752
NODE_66072_length_2965_cov_3.584787	2822	2955	35	7	133	0.0526316
NODE_66072_length_2965_cov_3.584787	2822	2955	36	8	133	0.0601504
NODE_66072_length_2965_cov_3.584787	2822	2955	37	3	133	0.0225564
NODE_66072_length_2965_cov_3.584787	2822	2955	38	20	133	0.1503759
NODE_66111_length_2963_cov_5.331355	1985	2118	2	4	133	0.0300752
NODE_66111_length_2963_cov_5.331355	1985	2118	3	8	133	0.0601504
NODE_66111_length_2963_cov_5.331355	1985	2118	4	20	133	0.1503759
NODE_66111_length_2963_cov_5.331355	1985	2118	5	1	133	0.0075188
NODE_66111_length_2963_cov_5.331355	1985	2118	6	2	133	0.0150376
NODE_66111_length_2963_cov_5.331355	1985	2118	8	5	133	0.0375940
NODE_66111_length_2963_cov_5.331355	1985	2118	9	1	133	0.0075188
NODE_66111_length_2963_cov_5.331355	1985	2118	10	15	133	0.1127820
NODE_66111_length_2963_cov_5.331355	1985	2118	12	24	133	0.1804511
NODE_66111_length_2963_cov_5.331355	1985	2118	14	6	133	0.0451128
NODE_66111_length_2963_cov_5.331355	1985	2118	15	21	133	0.1578947
NODE_66111_length_2963_cov_5.331355	1985	2118	16	2	133	0.0150376
NODE_66111_length_2963_cov_5.331355	1985	2118	18	16	133	0.1203008
NODE_66111_length_2963_cov_5.331355	1985	2118	19	8	133	0.0601504
NODE_66141_length_2962_cov_6.205030	306	439	5	35	133	0.2631579
NODE_66141_length_2962_cov_6.205030	306	439	7	36	133	0.2706767
NODE_66141_length_2962_cov_6.205030	306	439	8	18	133	0.1353384
NODE_66141_length_2962_cov_6.205030	306	439	9	24	133	0.1804511
NODE_66141_length_2962_cov_6.205030	306	439	10	20	133	0.1503759
NODE_66161_length_2962_cov_4.076144	2676	2809	29	3	133	0.0225564
NODE_66161_length_2962_cov_4.076144	2676	2809	30	11	133	0.0827068
NODE_66161_length_2962_cov_4.076144	2676	2809	31	6	133	0.0451128
NODE_66161_length_2962_cov_4.076144	2676	2809	32	3	133	0.0225564
NODE_66161_length_2962_cov_4.076144	2676	2809	33	3	133	0.0225564
NODE_66161_length_2962_cov_4.076144	2676	2809	35	6	133	0.0451128
NODE_66161_length_2962_cov_4.076144	2676	2809	37	5	133	0.0375940
NODE_66161_length_2962_cov_4.076144	2676	2809	38	2	133	0.0150376
NODE_66161_length_2962_cov_4.076144	2676	2809	39	9	133	0.0676692
NODE_66161_length_2962_cov_4.076144	2676	2809	40	2	133	0.0150376
NODE_66161_length_2962_cov_4.076144	2676	2809	41	2	133	0.0150376
NODE_66161_length_2962_cov_4.076144	2676	2809	42	10	133	0.0751880
NODE_66161_length_2962_cov_4.076144	2676	2809	43	11	133	0.0827068
NODE_66161_length_2962_cov_4.076144	2676	2809	44	5	133	0.0375940
NODE_66161_length_2962_cov_4.076144	2676	2809	45	7	133	0.0526316
NODE_66161_length_2962_cov_4.076144	2676	2809	46	13	133	0.0977444
NODE_66161_length_2962_cov_4.076144	2676	2809	47	21	133	0.1578947
NODE_66161_length_2962_cov_4.076144	2676	2809	48	3	133	0.0225564
NODE_66161_length_2962_cov_4.076144	2676	2809	49	8	133	0.0601504
NODE_66161_length_2962_cov_4.076144	2676	2809	50	3	133	0.0225564
NODE_66199_length_2961_cov_4.291055	369	502	7	6	133	0.0451128
NODE_66199_length_2961_cov_4.291055	369	502	9	7	133	0.0526316
NODE_66199_length_2961_cov_4.291055	369	502	10	13	133	0.0977444
NODE_66199_length_2961_cov_4.291055	369	502	11	5	133	0.0375940
NODE_66199_length_2961_cov_4.291055	369	502	12	27	133	0.2030075
NODE_66199_length_2961_cov_4.291055	369	502	13	52	133	0.3909774
NODE_66199_length_2961_cov_4.291055	369	502	14	23	133	0.1729323
NODE_66205_length_2961_cov_4.058700	1832	1965	2	77	133	0.5789474
NODE_66205_length_2961_cov_4.058700	1832	1965	3	25	133	0.1879699
NODE_66205_length_2961_cov_4.058700	1832	1965	4	31	133	0.2330827
NODE_66340_length_2957_cov_7.856893	2083	2216	0	133	133	1.0000000
NODE_6638_length_8577_cov_4.616065	4528	4661	9	2	133	0.0150376
NODE_6638_length_8577_cov_4.616065	4528	4661	10	15	133	0.1127820
NODE_6638_length_8577_cov_4.616065	4528	4661	11	20	133	0.1503759
NODE_6638_length_8577_cov_4.616065	4528	4661	13	42	133	0.3157895
NODE_6638_length_8577_cov_4.616065	4528	4661	14	7	133	0.0526316
NODE_6638_length_8577_cov_4.616065	4528	4661	15	15	133	0.1127820
NODE_6638_length_8577_cov_4.616065	4528	4661	16	15	133	0.1127820
NODE_6638_length_8577_cov_4.616065	4528	4661	17	8	133	0.0601504
NODE_6638_length_8577_cov_4.616065	4528	4661	18	9	133	0.0676692
NODE_6639_length_8577_cov_3.839467	7507	7640	2	2	133	0.0150376
NODE_6639_length_8577_cov_3.839467	7507	7640	3	2	133	0.0150376
NODE_6639_length_8577_cov_3.839467	7507	7640	4	6	133	0.0451128
NODE_6639_length_8577_cov_3.839467	7507	7640	5	3	133	0.0225564
NODE_6639_length_8577_cov_3.839467	7507	7640	6	120	133	0.9022557
NODE_66423_length_2955_cov_4.356443	367	500	5	5	133	0.0375940
NODE_66423_length_2955_cov_4.356443	367	500	6	21	133	0.1578947
NODE_66423_length_2955_cov_4.356443	367	500	7	42	133	0.3157895
NODE_66423_length_2955_cov_4.356443	367	500	8	12	133	0.0902256
NODE_66423_length_2955_cov_4.356443	367	500	10	5	133	0.0375940
NODE_66423_length_2955_cov_4.356443	367	500	12	8	133	0.0601504
NODE_66423_length_2955_cov_4.356443	367	500	13	10	133	0.0751880
NODE_66423_length_2955_cov_4.356443	367	500	14	3	133	0.0225564
NODE_66423_length_2955_cov_4.356443	367	500	15	20	133	0.1503759
NODE_66423_length_2955_cov_4.356443	367	500	16	7	133	0.0526316
NODE_66426_length_2955_cov_4.094538	1845	1978	4	27	133	0.2030075
NODE_66426_length_2955_cov_4.094538	1845	1978	5	21	133	0.1578947
NODE_66426_length_2955_cov_4.094538	1845	1978	6	65	133	0.4887218
NODE_66426_length_2955_cov_4.094538	1845	1978	7	13	133	0.0977444
NODE_66426_length_2955_cov_4.094538	1845	1978	8	7	133	0.0526316
NODE_664_length_16501_cov_4.521583	4421	4554	7	1	133	0.0075188
NODE_664_length_16501_cov_4.521583	4421	4554	8	1	133	0.0075188
NODE_664_length_16501_cov_4.521583	4421	4554	9	5	133	0.0375940
NODE_664_length_16501_cov_4.521583	4421	4554	10	4	133	0.0300752
NODE_664_length_16501_cov_4.521583	4421	4554	11	23	133	0.1729323
NODE_664_length_16501_cov_4.521583	4421	4554	12	12	133	0.0902256
NODE_664_length_16501_cov_4.521583	4421	4554	13	11	133	0.0827068
NODE_664_length_16501_cov_4.521583	4421	4554	14	1	133	0.0075188
NODE_664_length_16501_cov_4.521583	4421	4554	15	18	133	0.1353384
NODE_664_length_16501_cov_4.521583	4421	4554	16	16	133	0.1203008
NODE_664_length_16501_cov_4.521583	4421	4554	17	9	133	0.0676692
NODE_664_length_16501_cov_4.521583	4421	4554	18	5	133	0.0375940
NODE_664_length_16501_cov_4.521583	4421	4554	19	27	133	0.2030075
NODE_66543_length_2951_cov_5.071178	146	279	9	15	133	0.1127820
NODE_66543_length_2951_cov_5.071178	146	279	11	10	133	0.0751880
NODE_66543_length_2951_cov_5.071178	146	279	12	16	133	0.1203008
NODE_66543_length_2951_cov_5.071178	146	279	13	3	133	0.0225564
NODE_66543_length_2951_cov_5.071178	146	279	14	8	133	0.0601504
NODE_66543_length_2951_cov_5.071178	146	279	16	8	133	0.0601504
NODE_66543_length_2951_cov_5.071178	146	279	17	10	133	0.0751880
NODE_66543_length_2951_cov_5.071178	146	279	18	26	133	0.1954887
NODE_66543_length_2951_cov_5.071178	146	279	19	26	133	0.1954887
NODE_66543_length_2951_cov_5.071178	146	279	20	8	133	0.0601504
NODE_66543_length_2951_cov_5.071178	146	279	21	3	133	0.0225564
NODE_66552_length_2951_cov_4.367812	413	546	2	14	133	0.1052632
NODE_66552_length_2951_cov_4.367812	413	546	3	23	133	0.1729323
NODE_66552_length_2951_cov_4.367812	413	546	4	2	133	0.0150376
NODE_66552_length_2951_cov_4.367812	413	546	5	3	133	0.0225564
NODE_66552_length_2951_cov_4.367812	413	546	6	3	133	0.0225564
NODE_66552_length_2951_cov_4.367812	413	546	7	1	133	0.0075188
NODE_66552_length_2951_cov_4.367812	413	546	9	19	133	0.1428571
NODE_66552_length_2951_cov_4.367812	413	546	10	67	133	0.5037594
NODE_66552_length_2951_cov_4.367812	413	546	11	1	133	0.0075188
NODE_6668_length_8567_cov_5.236892	8107	8240	22	6	133	0.0451128
NODE_6668_length_8567_cov_5.236892	8107	8240	23	20	133	0.1503759
NODE_6668_length_8567_cov_5.236892	8107	8240	24	6	133	0.0451128
NODE_6668_length_8567_cov_5.236892	8107	8240	25	19	133	0.1428571
NODE_6668_length_8567_cov_5.236892	8107	8240	26	14	133	0.1052632
NODE_6668_length_8567_cov_5.236892	8107	8240	27	2	133	0.0150376
NODE_6668_length_8567_cov_5.236892	8107	8240	28	18	133	0.1353384
NODE_6668_length_8567_cov_5.236892	8107	8240	29	13	133	0.0977444
NODE_6668_length_8567_cov_5.236892	8107	8240	30	20	133	0.1503759
NODE_6668_length_8567_cov_5.236892	8107	8240	31	15	133	0.1127820
NODE_66726_length_2947_cov_2.849719	1028	1161	8	9	133	0.0676692
NODE_66726_length_2947_cov_2.849719	1028	1161	9	5	133	0.0375940
NODE_66726_length_2947_cov_2.849719	1028	1161	10	12	133	0.0902256
NODE_66726_length_2947_cov_2.849719	1028	1161	11	26	133	0.1954887
NODE_66726_length_2947_cov_2.849719	1028	1161	12	16	133	0.1203008
NODE_66726_length_2947_cov_2.849719	1028	1161	13	23	133	0.1729323
NODE_66726_length_2947_cov_2.849719	1028	1161	14	39	133	0.2932331
NODE_66726_length_2947_cov_2.849719	1028	1161	15	3	133	0.0225564
NODE_6676_length_8564_cov_4.854341	5846	5979	7	6	133	0.0451128
NODE_6676_length_8564_cov_4.854341	5846	5979	8	1	133	0.0075188
NODE_6676_length_8564_cov_4.854341	5846	5979	10	3	133	0.0225564
NODE_6676_length_8564_cov_4.854341	5846	5979	11	10	133	0.0751880
NODE_6676_length_8564_cov_4.854341	5846	5979	13	19	133	0.1428571
NODE_6676_length_8564_cov_4.854341	5846	5979	16	5	133	0.0375940
NODE_6676_length_8564_cov_4.854341	5846	5979	17	14	133	0.1052632
NODE_6676_length_8564_cov_4.854341	5846	5979	18	9	133	0.0676692
NODE_6676_length_8564_cov_4.854341	5846	5979	19	23	133	0.1729323
NODE_6676_length_8564_cov_4.854341	5846	5979	20	27	133	0.2030075
NODE_6676_length_8564_cov_4.854341	5846	5979	21	16	133	0.1203008
NODE_66781_length_2945_cov_3.945889	2063	2196	14	12	133	0.0902256
NODE_66781_length_2945_cov_3.945889	2063	2196	15	24	133	0.1804511
NODE_66781_length_2945_cov_3.945889	2063	2196	16	15	133	0.1127820
NODE_66781_length_2945_cov_3.945889	2063	2196	17	5	133	0.0375940
NODE_66781_length_2945_cov_3.945889	2063	2196	18	7	133	0.0526316
NODE_66781_length_2945_cov_3.945889	2063	2196	19	5	133	0.0375940
NODE_66781_length_2945_cov_3.945889	2063	2196	20	51	133	0.3834586
NODE_66781_length_2945_cov_3.945889	2063	2196	21	11	133	0.0827068
NODE_66781_length_2945_cov_3.945889	2063	2196	22	3	133	0.0225564
NODE_6679_length_8562_cov_5.280988	4806	4939	2	9	133	0.0676692
NODE_6679_length_8562_cov_5.280988	4806	4939	5	10	133	0.0751880
NODE_6679_length_8562_cov_5.280988	4806	4939	7	4	133	0.0300752
NODE_6679_length_8562_cov_5.280988	4806	4939	8	1	133	0.0075188
NODE_6679_length_8562_cov_5.280988	4806	4939	9	7	133	0.0526316
NODE_6679_length_8562_cov_5.280988	4806	4939	11	15	133	0.1127820
NODE_6679_length_8562_cov_5.280988	4806	4939	12	23	133	0.1729323
NODE_6679_length_8562_cov_5.280988	4806	4939	13	12	133	0.0902256
NODE_6679_length_8562_cov_5.280988	4806	4939	14	2	133	0.0150376
NODE_6679_length_8562_cov_5.280988	4806	4939	15	1	133	0.0075188
NODE_6679_length_8562_cov_5.280988	4806	4939	16	1	133	0.0075188
NODE_6679_length_8562_cov_5.280988	4806	4939	17	17	133	0.1278196
NODE_6679_length_8562_cov_5.280988	4806	4939	18	4	133	0.0300752
NODE_6679_length_8562_cov_5.280988	4806	4939	19	5	133	0.0375940
NODE_6679_length_8562_cov_5.280988	4806	4939	20	2	133	0.0150376
NODE_6679_length_8562_cov_5.280988	4806	4939	21	3	133	0.0225564
NODE_6679_length_8562_cov_5.280988	4806	4939	24	11	133	0.0827068
NODE_6679_length_8562_cov_5.280988	4806	4939	26	1	133	0.0075188
NODE_6679_length_8562_cov_5.280988	4806	4939	27	4	133	0.0300752
NODE_6679_length_8562_cov_5.280988	4806	4939	33	1	133	0.0075188
NODE_66801_length_2944_cov_5.303339	103	236	8	1	133	0.0075188
NODE_66801_length_2944_cov_5.303339	103	236	9	18	133	0.1353384
NODE_66801_length_2944_cov_5.303339	103	236	10	2	133	0.0150376
NODE_66801_length_2944_cov_5.303339	103	236	11	8	133	0.0601504
NODE_66801_length_2944_cov_5.303339	103	236	12	5	133	0.0375940
NODE_66801_length_2944_cov_5.303339	103	236	13	1	133	0.0075188
NODE_66801_length_2944_cov_5.303339	103	236	17	4	133	0.0300752
NODE_66801_length_2944_cov_5.303339	103	236	19	5	133	0.0375940
NODE_66801_length_2944_cov_5.303339	103	236	20	8	133	0.0601504
NODE_66801_length_2944_cov_5.303339	103	236	21	34	133	0.2556391
NODE_66801_length_2944_cov_5.303339	103	236	22	12	133	0.0902256
NODE_66801_length_2944_cov_5.303339	103	236	23	17	133	0.1278196
NODE_66801_length_2944_cov_5.303339	103	236	24	4	133	0.0300752
NODE_66801_length_2944_cov_5.303339	103	236	25	14	133	0.1052632
NODE_66897_length_2942_cov_4.445656	1930	2063	5	10	133	0.0751880
NODE_66897_length_2942_cov_4.445656	1930	2063	6	29	133	0.2180451
NODE_66897_length_2942_cov_4.445656	1930	2063	8	2	133	0.0150376
NODE_66897_length_2942_cov_4.445656	1930	2063	9	6	133	0.0451128
NODE_66897_length_2942_cov_4.445656	1930	2063	10	1	133	0.0075188
NODE_66897_length_2942_cov_4.445656	1930	2063	12	1	133	0.0075188
NODE_66897_length_2942_cov_4.445656	1930	2063	14	6	133	0.0451128
NODE_66897_length_2942_cov_4.445656	1930	2063	15	25	133	0.1879699
NODE_66897_length_2942_cov_4.445656	1930	2063	16	28	133	0.2105263
NODE_66897_length_2942_cov_4.445656	1930	2063	17	22	133	0.1654135
NODE_66897_length_2942_cov_4.445656	1930	2063	18	3	133	0.0225564
NODE_66941_length_2941_cov_4.476425	1292	1425	3	4	133	0.0300752
NODE_66941_length_2941_cov_4.476425	1292	1425	5	12	133	0.0902256
NODE_66941_length_2941_cov_4.476425	1292	1425	6	23	133	0.1729323
NODE_66941_length_2941_cov_4.476425	1292	1425	8	1	133	0.0075188
NODE_66941_length_2941_cov_4.476425	1292	1425	9	4	133	0.0300752
NODE_66941_length_2941_cov_4.476425	1292	1425	10	7	133	0.0526316
NODE_66941_length_2941_cov_4.476425	1292	1425	11	5	133	0.0375940
NODE_66941_length_2941_cov_4.476425	1292	1425	12	48	133	0.3609022
NODE_66941_length_2941_cov_4.476425	1292	1425	13	23	133	0.1729323
NODE_66941_length_2941_cov_4.476425	1292	1425	14	6	133	0.0451128
NODE_66948_length_2941_cov_4.011612	172	305	12	32	133	0.2406015
NODE_66948_length_2941_cov_4.011612	172	305	13	1	133	0.0075188
NODE_66948_length_2941_cov_4.011612	172	305	14	4	133	0.0300752
NODE_66948_length_2941_cov_4.011612	172	305	15	22	133	0.1654135
NODE_66948_length_2941_cov_4.011612	172	305	16	15	133	0.1127820
NODE_66948_length_2941_cov_4.011612	172	305	17	8	133	0.0601504
NODE_66948_length_2941_cov_4.011612	172	305	18	9	133	0.0676692
NODE_66948_length_2941_cov_4.011612	172	305	19	20	133	0.1503759
NODE_66948_length_2941_cov_4.011612	172	305	20	17	133	0.1278196
NODE_66948_length_2941_cov_4.011612	172	305	21	5	133	0.0375940
NODE_66_length_26996_cov_4.005763	6411	6544	18	5	133	0.0375940
NODE_66_length_26996_cov_4.005763	6411	6544	19	9	133	0.0676692
NODE_66_length_26996_cov_4.005763	6411	6544	20	1	133	0.0075188
NODE_66_length_26996_cov_4.005763	6411	6544	21	9	133	0.0676692
NODE_66_length_26996_cov_4.005763	6411	6544	22	16	133	0.1203008
NODE_66_length_26996_cov_4.005763	6411	6544	23	30	133	0.2255639
NODE_66_length_26996_cov_4.005763	6411	6544	24	29	133	0.2180451
NODE_66_length_26996_cov_4.005763	6411	6544	25	31	133	0.2330827
NODE_66_length_26996_cov_4.005763	6411	6544	26	3	133	0.0225564
NODE_67028_length_2939_cov_3.690845	1416	1549	13	14	133	0.1052632
NODE_67028_length_2939_cov_3.690845	1416	1549	14	2	133	0.0150376
NODE_67028_length_2939_cov_3.690845	1416	1549	15	3	133	0.0225564
NODE_67028_length_2939_cov_3.690845	1416	1549	16	28	133	0.2105263
NODE_67028_length_2939_cov_3.690845	1416	1549	17	32	133	0.2406015
NODE_67028_length_2939_cov_3.690845	1416	1549	18	4	133	0.0300752
NODE_67028_length_2939_cov_3.690845	1416	1549	19	15	133	0.1127820
NODE_67028_length_2939_cov_3.690845	1416	1549	20	14	133	0.1052632
NODE_67028_length_2939_cov_3.690845	1416	1549	21	17	133	0.1278196
NODE_67028_length_2939_cov_3.690845	1416	1549	22	4	133	0.0300752
NODE_67092_length_2937_cov_4.756871	2244	2377	4	2	133	0.0150376
NODE_67092_length_2937_cov_4.756871	2244	2377	5	20	133	0.1503759
NODE_67092_length_2937_cov_4.756871	2244	2377	6	38	133	0.2857143
NODE_67092_length_2937_cov_4.756871	2244	2377	7	9	133	0.0676692
NODE_67092_length_2937_cov_4.756871	2244	2377	8	32	133	0.2406015
NODE_67092_length_2937_cov_4.756871	2244	2377	9	32	133	0.2406015
NODE_67141_length_2936_cov_3.223476	2591	2724	2	15	133	0.1127820
NODE_67141_length_2936_cov_3.223476	2591	2724	3	14	133	0.1052632
NODE_67141_length_2936_cov_3.223476	2591	2724	5	2	133	0.0150376
NODE_67141_length_2936_cov_3.223476	2591	2724	6	14	133	0.1052632
NODE_67141_length_2936_cov_3.223476	2591	2724	7	25	133	0.1879699
NODE_67141_length_2936_cov_3.223476	2591	2724	8	1	133	0.0075188
NODE_67141_length_2936_cov_3.223476	2591	2724	9	62	133	0.4661654
NODE_67148_length_2935_cov_5.221439	2399	2532	8	12	133	0.0902256
NODE_67148_length_2935_cov_5.221439	2399	2532	9	4	133	0.0300752
NODE_67148_length_2935_cov_5.221439	2399	2532	10	28	133	0.2105263
NODE_67148_length_2935_cov_5.221439	2399	2532	11	9	133	0.0676692
NODE_67148_length_2935_cov_5.221439	2399	2532	13	1	133	0.0075188
NODE_67148_length_2935_cov_5.221439	2399	2532	15	18	133	0.1353384
NODE_67148_length_2935_cov_5.221439	2399	2532	16	4	133	0.0300752
NODE_67148_length_2935_cov_5.221439	2399	2532	17	18	133	0.1353384
NODE_67148_length_2935_cov_5.221439	2399	2532	19	27	133	0.2030075
NODE_67148_length_2935_cov_5.221439	2399	2532	20	9	133	0.0676692
NODE_67148_length_2935_cov_5.221439	2399	2532	21	3	133	0.0225564
NODE_67165_length_2935_cov_4.445346	1977	2110	6	30	133	0.2255639
NODE_67165_length_2935_cov_4.445346	1977	2110	8	11	133	0.0827068
NODE_67165_length_2935_cov_4.445346	1977	2110	9	4	133	0.0300752
NODE_67165_length_2935_cov_4.445346	1977	2110	10	13	133	0.0977444
NODE_67165_length_2935_cov_4.445346	1977	2110	11	8	133	0.0601504
NODE_67165_length_2935_cov_4.445346	1977	2110	12	1	133	0.0075188
NODE_67165_length_2935_cov_4.445346	1977	2110	14	32	133	0.2406015
NODE_67165_length_2935_cov_4.445346	1977	2110	15	3	133	0.0225564
NODE_67165_length_2935_cov_4.445346	1977	2110	16	7	133	0.0526316
NODE_67165_length_2935_cov_4.445346	1977	2110	17	3	133	0.0225564
NODE_67165_length_2935_cov_4.445346	1977	2110	19	3	133	0.0225564
NODE_67165_length_2935_cov_4.445346	1977	2110	20	9	133	0.0676692
NODE_67165_length_2935_cov_4.445346	1977	2110	21	1	133	0.0075188
NODE_67165_length_2935_cov_4.445346	1977	2110	22	2	133	0.0150376
NODE_67165_length_2935_cov_4.445346	1977	2110	25	2	133	0.0150376
NODE_67165_length_2935_cov_4.445346	1977	2110	26	4	133	0.0300752
NODE_67249_length_2933_cov_3.623853	1460	1593	4	3	133	0.0225564
NODE_67249_length_2933_cov_3.623853	1460	1593	5	6	133	0.0451128
NODE_67249_length_2933_cov_3.623853	1460	1593	7	27	133	0.2030075
NODE_67249_length_2933_cov_3.623853	1460	1593	8	3	133	0.0225564
NODE_67249_length_2933_cov_3.623853	1460	1593	10	12	133	0.0902256
NODE_67249_length_2933_cov_3.623853	1460	1593	12	10	133	0.0751880
NODE_67249_length_2933_cov_3.623853	1460	1593	13	13	133	0.0977444
NODE_67249_length_2933_cov_3.623853	1460	1593	14	23	133	0.1729323
NODE_67249_length_2933_cov_3.623853	1460	1593	15	32	133	0.2406015
NODE_67249_length_2933_cov_3.623853	1460	1593	16	2	133	0.0150376
NODE_67249_length_2933_cov_3.623853	1460	1593	18	2	133	0.0150376
NODE_67340_length_2930_cov_4.129283	791	924	4	48	133	0.3609022
NODE_67340_length_2930_cov_4.129283	791	924	5	20	133	0.1503759
NODE_67340_length_2930_cov_4.129283	791	924	7	53	133	0.3984962
NODE_67340_length_2930_cov_4.129283	791	924	8	12	133	0.0902256
NODE_6742_length_8533_cov_3.968698	1105	1238	0	13	133	0.0977444
NODE_6742_length_8533_cov_3.968698	1105	1238	6	68	133	0.5112782
NODE_6742_length_8533_cov_3.968698	1105	1238	8	24	133	0.1804511
NODE_6742_length_8533_cov_3.968698	1105	1238	10	14	133	0.1052632
NODE_6742_length_8533_cov_3.968698	1105	1238	11	9	133	0.0676692
NODE_6742_length_8533_cov_3.968698	1105	1238	12	3	133	0.0225564
NODE_6742_length_8533_cov_3.968698	1105	1238	13	2	133	0.0150376
NODE_67431_length_2927_cov_4.957214	2167	2300	5	19	133	0.1428571
NODE_67431_length_2927_cov_4.957214	2167	2300	6	59	133	0.4436090
NODE_67431_length_2927_cov_4.957214	2167	2300	7	25	133	0.1879699
NODE_67431_length_2927_cov_4.957214	2167	2300	8	30	133	0.2255639
NODE_67526_length_2925_cov_2.663128	1075	1208	2	10	133	0.0751880
NODE_67526_length_2925_cov_2.663128	1075	1208	3	4	133	0.0300752
NODE_67526_length_2925_cov_2.663128	1075	1208	5	24	133	0.1804511
NODE_67526_length_2925_cov_2.663128	1075	1208	6	20	133	0.1503759
NODE_67526_length_2925_cov_2.663128	1075	1208	7	27	133	0.2030075
NODE_67526_length_2925_cov_2.663128	1075	1208	8	20	133	0.1503759
NODE_67526_length_2925_cov_2.663128	1075	1208	9	28	133	0.2105263
NODE_67539_length_2924_cov_3.954336	1994	2127	10	17	133	0.1278196
NODE_67539_length_2924_cov_3.954336	1994	2127	11	11	133	0.0827068
NODE_67539_length_2924_cov_3.954336	1994	2127	12	3	133	0.0225564
NODE_67539_length_2924_cov_3.954336	1994	2127	13	4	133	0.0300752
NODE_67539_length_2924_cov_3.954336	1994	2127	15	42	133	0.3157895
NODE_67539_length_2924_cov_3.954336	1994	2127	16	22	133	0.1654135
NODE_67539_length_2924_cov_3.954336	1994	2127	17	17	133	0.1278196
NODE_67539_length_2924_cov_3.954336	1994	2127	18	10	133	0.0751880
NODE_67539_length_2924_cov_3.954336	1994	2127	19	4	133	0.0300752
NODE_67539_length_2924_cov_3.954336	1994	2127	20	3	133	0.0225564
NODE_67549_length_2924_cov_3.141593	501	634	18	8	133	0.0601504
NODE_67549_length_2924_cov_3.141593	501	634	19	9	133	0.0676692
NODE_67549_length_2924_cov_3.141593	501	634	20	8	133	0.0601504
NODE_67549_length_2924_cov_3.141593	501	634	22	2	133	0.0150376
NODE_67549_length_2924_cov_3.141593	501	634	24	5	133	0.0375940
NODE_67549_length_2924_cov_3.141593	501	634	25	1	133	0.0075188
NODE_67549_length_2924_cov_3.141593	501	634	26	5	133	0.0375940
NODE_67549_length_2924_cov_3.141593	501	634	27	1	133	0.0075188
NODE_67549_length_2924_cov_3.141593	501	634	28	11	133	0.0827068
NODE_67549_length_2924_cov_3.141593	501	634	30	8	133	0.0601504
NODE_67549_length_2924_cov_3.141593	501	634	31	7	133	0.0526316
NODE_67549_length_2924_cov_3.141593	501	634	32	11	133	0.0827068
NODE_67549_length_2924_cov_3.141593	501	634	33	18	133	0.1353384
NODE_67549_length_2924_cov_3.141593	501	634	34	5	133	0.0375940
NODE_67549_length_2924_cov_3.141593	501	634	35	2	133	0.0150376
NODE_67549_length_2924_cov_3.141593	501	634	36	2	133	0.0150376
NODE_67549_length_2924_cov_3.141593	501	634	37	3	133	0.0225564
NODE_67549_length_2924_cov_3.141593	501	634	38	3	133	0.0225564
NODE_67549_length_2924_cov_3.141593	501	634	39	2	133	0.0150376
NODE_67549_length_2924_cov_3.141593	501	634	43	5	133	0.0375940
NODE_67549_length_2924_cov_3.141593	501	634	44	12	133	0.0902256
NODE_67549_length_2924_cov_3.141593	501	634	45	5	133	0.0375940
NODE_67583_length_2923_cov_4.481586	2740	2873	6	41	133	0.3082707
NODE_67583_length_2923_cov_4.481586	2740	2873	7	5	133	0.0375940
NODE_67583_length_2923_cov_4.481586	2740	2873	8	12	133	0.0902256
NODE_67583_length_2923_cov_4.481586	2740	2873	9	9	133	0.0676692
NODE_67583_length_2923_cov_4.481586	2740	2873	10	36	133	0.2706767
NODE_67583_length_2923_cov_4.481586	2740	2873	11	30	133	0.2255639
NODE_6763_length_8525_cov_4.045811	6493	6626	9	11	133	0.0827068
NODE_6763_length_8525_cov_4.045811	6493	6626	11	13	133	0.0977444
NODE_6763_length_8525_cov_4.045811	6493	6626	12	8	133	0.0601504
NODE_6763_length_8525_cov_4.045811	6493	6626	13	11	133	0.0827068
NODE_6763_length_8525_cov_4.045811	6493	6626	15	3	133	0.0225564
NODE_6763_length_8525_cov_4.045811	6493	6626	16	2	133	0.0150376
NODE_6763_length_8525_cov_4.045811	6493	6626	17	8	133	0.0601504
NODE_6763_length_8525_cov_4.045811	6493	6626	18	33	133	0.2481203
NODE_6763_length_8525_cov_4.045811	6493	6626	19	21	133	0.1578947
NODE_6763_length_8525_cov_4.045811	6493	6626	20	6	133	0.0451128
NODE_6763_length_8525_cov_4.045811	6493	6626	21	3	133	0.0225564
NODE_6763_length_8525_cov_4.045811	6493	6626	22	5	133	0.0375940
NODE_6763_length_8525_cov_4.045811	6493	6626	23	9	133	0.0676692
NODE_6766_length_8522_cov_4.902885	6362	6495	6	1	133	0.0075188
NODE_6766_length_8522_cov_4.902885	6362	6495	8	9	133	0.0676692
NODE_6766_length_8522_cov_4.902885	6362	6495	9	23	133	0.1729323
NODE_6766_length_8522_cov_4.902885	6362	6495	11	31	133	0.2330827
NODE_6766_length_8522_cov_4.902885	6362	6495	12	22	133	0.1654135
NODE_6766_length_8522_cov_4.902885	6362	6495	13	26	133	0.1954887
NODE_6766_length_8522_cov_4.902885	6362	6495	14	21	133	0.1578947
NODE_6767_length_8522_cov_4.286596	2912	3045	6	4	133	0.0300752
NODE_6767_length_8522_cov_4.286596	2912	3045	8	7	133	0.0526316
NODE_6767_length_8522_cov_4.286596	2912	3045	9	37	133	0.2781955
NODE_6767_length_8522_cov_4.286596	2912	3045	10	32	133	0.2406015
NODE_6767_length_8522_cov_4.286596	2912	3045	11	6	133	0.0451128
NODE_6767_length_8522_cov_4.286596	2912	3045	12	47	133	0.3533835
NODE_676_length_16465_cov_5.304106	15477	15610	20	1	133	0.0075188
NODE_676_length_16465_cov_5.304106	15477	15610	23	3	133	0.0225564
NODE_676_length_16465_cov_5.304106	15477	15610	24	14	133	0.1052632
NODE_676_length_16465_cov_5.304106	15477	15610	25	19	133	0.1428571
NODE_676_length_16465_cov_5.304106	15477	15610	26	28	133	0.2105263
NODE_676_length_16465_cov_5.304106	15477	15610	27	29	133	0.2180451
NODE_676_length_16465_cov_5.304106	15477	15610	28	7	133	0.0526316
NODE_676_length_16465_cov_5.304106	15477	15610	29	29	133	0.2180451
NODE_676_length_16465_cov_5.304106	15477	15610	30	2	133	0.0150376
NODE_676_length_16465_cov_5.304106	15477	15610	31	1	133	0.0075188
NODE_67700_length_2920_cov_4.132932	292	425	5	5	133	0.0375940
NODE_67700_length_2920_cov_4.132932	292	425	6	24	133	0.1804511
NODE_67700_length_2920_cov_4.132932	292	425	7	9	133	0.0676692
NODE_67700_length_2920_cov_4.132932	292	425	8	75	133	0.5639098
NODE_67700_length_2920_cov_4.132932	292	425	9	20	133	0.1503759
NODE_67702_length_2920_cov_3.996455	643	776	8	2	133	0.0150376
NODE_67702_length_2920_cov_3.996455	643	776	9	2	133	0.0150376
NODE_67702_length_2920_cov_3.996455	643	776	11	2	133	0.0150376
NODE_67702_length_2920_cov_3.996455	643	776	12	6	133	0.0451128
NODE_67702_length_2920_cov_3.996455	643	776	14	2	133	0.0150376
NODE_67702_length_2920_cov_3.996455	643	776	15	2	133	0.0150376
NODE_67702_length_2920_cov_3.996455	643	776	16	3	133	0.0225564
NODE_67702_length_2920_cov_3.996455	643	776	18	5	133	0.0375940
NODE_67702_length_2920_cov_3.996455	643	776	19	3	133	0.0225564
NODE_67702_length_2920_cov_3.996455	643	776	20	2	133	0.0150376
NODE_67702_length_2920_cov_3.996455	643	776	21	3	133	0.0225564
NODE_67702_length_2920_cov_3.996455	643	776	22	15	133	0.1127820
NODE_67702_length_2920_cov_3.996455	643	776	26	6	133	0.0451128
NODE_67702_length_2920_cov_3.996455	643	776	27	1	133	0.0075188
NODE_67702_length_2920_cov_3.996455	643	776	28	1	133	0.0075188
NODE_67702_length_2920_cov_3.996455	643	776	29	2	133	0.0150376
NODE_67702_length_2920_cov_3.996455	643	776	30	7	133	0.0526316
NODE_67702_length_2920_cov_3.996455	643	776	31	2	133	0.0150376
NODE_67702_length_2920_cov_3.996455	643	776	32	2	133	0.0150376
NODE_67702_length_2920_cov_3.996455	643	776	33	23	133	0.1729323
NODE_67702_length_2920_cov_3.996455	643	776	34	4	133	0.0300752
NODE_67702_length_2920_cov_3.996455	643	776	35	7	133	0.0526316
NODE_67702_length_2920_cov_3.996455	643	776	36	15	133	0.1127820
NODE_67702_length_2920_cov_3.996455	643	776	37	11	133	0.0827068
NODE_67702_length_2920_cov_3.996455	643	776	38	5	133	0.0375940
NODE_67713_length_2920_cov_3.622474	1622	1755	10	1	133	0.0075188
NODE_67713_length_2920_cov_3.622474	1622	1755	11	4	133	0.0300752
NODE_67713_length_2920_cov_3.622474	1622	1755	12	2	133	0.0150376
NODE_67713_length_2920_cov_3.622474	1622	1755	13	4	133	0.0300752
NODE_67713_length_2920_cov_3.622474	1622	1755	14	6	133	0.0451128
NODE_67713_length_2920_cov_3.622474	1622	1755	15	11	133	0.0827068
NODE_67713_length_2920_cov_3.622474	1622	1755	17	19	133	0.1428571
NODE_67713_length_2920_cov_3.622474	1622	1755	18	17	133	0.1278196
NODE_67713_length_2920_cov_3.622474	1622	1755	19	10	133	0.0751880
NODE_67713_length_2920_cov_3.622474	1622	1755	20	5	133	0.0375940
NODE_67713_length_2920_cov_3.622474	1622	1755	21	27	133	0.2030075
NODE_67713_length_2920_cov_3.622474	1622	1755	22	12	133	0.0902256
NODE_67713_length_2920_cov_3.622474	1622	1755	23	15	133	0.1127820
NODE_67882_length_2915_cov_3.038707	1977	2110	5	1	133	0.0075188
NODE_67882_length_2915_cov_3.038707	1977	2110	7	30	133	0.2255639
NODE_67882_length_2915_cov_3.038707	1977	2110	8	7	133	0.0526316
NODE_67882_length_2915_cov_3.038707	1977	2110	9	8	133	0.0601504
NODE_67882_length_2915_cov_3.038707	1977	2110	12	27	133	0.2030075
NODE_67882_length_2915_cov_3.038707	1977	2110	13	2	133	0.0150376
NODE_67882_length_2915_cov_3.038707	1977	2110	14	17	133	0.1278196
NODE_67882_length_2915_cov_3.038707	1977	2110	15	8	133	0.0601504
NODE_67882_length_2915_cov_3.038707	1977	2110	16	33	133	0.2481203
NODE_6798_length_8511_cov_4.994650	796	929	6	6	133	0.0451128
NODE_6798_length_8511_cov_4.994650	796	929	7	9	133	0.0676692
NODE_6798_length_8511_cov_4.994650	796	929	8	52	133	0.3909774
NODE_6798_length_8511_cov_4.994650	796	929	9	31	133	0.2330827
NODE_6798_length_8511_cov_4.994650	796	929	10	30	133	0.2255639
NODE_6798_length_8511_cov_4.994650	796	929	11	5	133	0.0375940
NODE_6805_length_8507_cov_6.694101	571	704	5	13	133	0.0977444
NODE_6805_length_8507_cov_6.694101	571	704	7	2	133	0.0150376
NODE_6805_length_8507_cov_6.694101	571	704	8	32	133	0.2406015
NODE_6805_length_8507_cov_6.694101	571	704	9	12	133	0.0902256
NODE_6805_length_8507_cov_6.694101	571	704	10	7	133	0.0526316
NODE_6805_length_8507_cov_6.694101	571	704	11	28	133	0.2105263
NODE_6805_length_8507_cov_6.694101	571	704	12	39	133	0.2932331
NODE_68072_length_2909_cov_4.235943	2716	2849	0	133	133	1.0000000
NODE_6813_length_8503_cov_3.903855	4572	4705	3	25	133	0.1879699
NODE_6813_length_8503_cov_3.903855	4572	4705	5	93	133	0.6992481
NODE_6813_length_8503_cov_3.903855	4572	4705	6	15	133	0.1127820
NODE_68140_length_2907_cov_4.448718	1587	1720	10	10	133	0.0751880
NODE_68140_length_2907_cov_4.448718	1587	1720	11	11	133	0.0827068
NODE_68140_length_2907_cov_4.448718	1587	1720	12	23	133	0.1729323
NODE_68140_length_2907_cov_4.448718	1587	1720	13	42	133	0.3157895
NODE_68140_length_2907_cov_4.448718	1587	1720	14	18	133	0.1353384
NODE_68140_length_2907_cov_4.448718	1587	1720	15	29	133	0.2180451
NODE_68145_length_2907_cov_4.052350	1158	1291	21	2	133	0.0150376
NODE_68145_length_2907_cov_4.052350	1158	1291	22	1	133	0.0075188
NODE_68145_length_2907_cov_4.052350	1158	1291	23	7	133	0.0526316
NODE_68145_length_2907_cov_4.052350	1158	1291	25	3	133	0.0225564
NODE_68145_length_2907_cov_4.052350	1158	1291	26	1	133	0.0075188
NODE_68145_length_2907_cov_4.052350	1158	1291	27	11	133	0.0827068
NODE_68145_length_2907_cov_4.052350	1158	1291	29	7	133	0.0526316
NODE_68145_length_2907_cov_4.052350	1158	1291	30	11	133	0.0827068
NODE_68145_length_2907_cov_4.052350	1158	1291	31	5	133	0.0375940
NODE_68145_length_2907_cov_4.052350	1158	1291	33	3	133	0.0225564
NODE_68145_length_2907_cov_4.052350	1158	1291	34	13	133	0.0977444
NODE_68145_length_2907_cov_4.052350	1158	1291	35	27	133	0.2030075
NODE_68145_length_2907_cov_4.052350	1158	1291	36	10	133	0.0751880
NODE_68145_length_2907_cov_4.052350	1158	1291	37	14	133	0.1052632
NODE_68145_length_2907_cov_4.052350	1158	1291	38	5	133	0.0375940
NODE_68145_length_2907_cov_4.052350	1158	1291	39	11	133	0.0827068
NODE_68145_length_2907_cov_4.052350	1158	1291	40	2	133	0.0150376
NODE_68165_length_2906_cov_5.190239	2376	2509	1	12	133	0.0902256
NODE_68165_length_2906_cov_5.190239	2376	2509	2	26	133	0.1954887
NODE_68165_length_2906_cov_5.190239	2376	2509	3	79	133	0.5939850
NODE_68165_length_2906_cov_5.190239	2376	2509	4	16	133	0.1203008
NODE_68174_length_2906_cov_4.526541	2703	2836	11	10	133	0.0751880
NODE_68174_length_2906_cov_4.526541	2703	2836	12	14	133	0.1052632
NODE_68174_length_2906_cov_4.526541	2703	2836	13	3	133	0.0225564
NODE_68174_length_2906_cov_4.526541	2703	2836	15	9	133	0.0676692
NODE_68174_length_2906_cov_4.526541	2703	2836	17	8	133	0.0601504
NODE_68174_length_2906_cov_4.526541	2703	2836	18	2	133	0.0150376
NODE_68174_length_2906_cov_4.526541	2703	2836	19	1	133	0.0075188
NODE_68174_length_2906_cov_4.526541	2703	2836	20	6	133	0.0451128
NODE_68174_length_2906_cov_4.526541	2703	2836	21	10	133	0.0751880
NODE_68174_length_2906_cov_4.526541	2703	2836	22	13	133	0.0977444
NODE_68174_length_2906_cov_4.526541	2703	2836	24	23	133	0.1729323
NODE_68174_length_2906_cov_4.526541	2703	2836	25	5	133	0.0375940
NODE_68174_length_2906_cov_4.526541	2703	2836	26	29	133	0.2180451
NODE_6821_length_8500_cov_20.425545	5362	5495	3	20	133	0.1503759
NODE_6821_length_8500_cov_20.425545	5362	5495	4	5	133	0.0375940
NODE_6821_length_8500_cov_20.425545	5362	5495	5	15	133	0.1127820
NODE_6821_length_8500_cov_20.425545	5362	5495	6	17	133	0.1278196
NODE_6821_length_8500_cov_20.425545	5362	5495	7	33	133	0.2481203
NODE_6821_length_8500_cov_20.425545	5362	5495	8	43	133	0.3233083
NODE_68226_length_2905_cov_3.380257	452	585	3	17	133	0.1278196
NODE_68226_length_2905_cov_3.380257	452	585	4	5	133	0.0375940
NODE_68226_length_2905_cov_3.380257	452	585	5	2	133	0.0150376
NODE_68226_length_2905_cov_3.380257	452	585	7	24	133	0.1804511
NODE_68226_length_2905_cov_3.380257	452	585	9	27	133	0.2030075
NODE_68226_length_2905_cov_3.380257	452	585	10	20	133	0.1503759
NODE_68226_length_2905_cov_3.380257	452	585	11	13	133	0.0977444
NODE_68226_length_2905_cov_3.380257	452	585	12	14	133	0.1052632
NODE_68226_length_2905_cov_3.380257	452	585	13	11	133	0.0827068
NODE_68239_length_2904_cov_4.808913	899	1032	16	4	133	0.0300752
NODE_68239_length_2904_cov_4.808913	899	1032	17	7	133	0.0526316
NODE_68239_length_2904_cov_4.808913	899	1032	18	1	133	0.0075188
NODE_68239_length_2904_cov_4.808913	899	1032	19	4	133	0.0300752
NODE_68239_length_2904_cov_4.808913	899	1032	20	6	133	0.0451128
NODE_68239_length_2904_cov_4.808913	899	1032	21	1	133	0.0075188
NODE_68239_length_2904_cov_4.808913	899	1032	23	5	133	0.0375940
NODE_68239_length_2904_cov_4.808913	899	1032	25	6	133	0.0451128
NODE_68239_length_2904_cov_4.808913	899	1032	26	6	133	0.0451128
NODE_68239_length_2904_cov_4.808913	899	1032	27	7	133	0.0526316
NODE_68239_length_2904_cov_4.808913	899	1032	29	4	133	0.0300752
NODE_68239_length_2904_cov_4.808913	899	1032	30	2	133	0.0150376
NODE_68239_length_2904_cov_4.808913	899	1032	31	1	133	0.0075188
NODE_68239_length_2904_cov_4.808913	899	1032	32	5	133	0.0375940
NODE_68239_length_2904_cov_4.808913	899	1032	33	11	133	0.0827068
NODE_68239_length_2904_cov_4.808913	899	1032	34	11	133	0.0827068
NODE_68239_length_2904_cov_4.808913	899	1032	36	13	133	0.0977444
NODE_68239_length_2904_cov_4.808913	899	1032	37	27	133	0.2030075
NODE_68239_length_2904_cov_4.808913	899	1032	38	5	133	0.0375940
NODE_68239_length_2904_cov_4.808913	899	1032	39	4	133	0.0300752
NODE_68239_length_2904_cov_4.808913	899	1032	40	3	133	0.0225564
NODE_6825_length_8497_cov_4.366278	3587	3720	9	2	133	0.0150376
NODE_6825_length_8497_cov_4.366278	3587	3720	10	5	133	0.0375940
NODE_6825_length_8497_cov_4.366278	3587	3720	11	14	133	0.1052632
NODE_6825_length_8497_cov_4.366278	3587	3720	13	14	133	0.1052632
NODE_6825_length_8497_cov_4.366278	3587	3720	14	42	133	0.3157895
NODE_6825_length_8497_cov_4.366278	3587	3720	15	24	133	0.1804511
NODE_6825_length_8497_cov_4.366278	3587	3720	16	12	133	0.0902256
NODE_6825_length_8497_cov_4.366278	3587	3720	17	20	133	0.1503759
NODE_68290_length_2903_cov_3.769971	1011	1144	12	5	133	0.0375940
NODE_68290_length_2903_cov_3.769971	1011	1144	13	6	133	0.0451128
NODE_68290_length_2903_cov_3.769971	1011	1144	14	1	133	0.0075188
NODE_68290_length_2903_cov_3.769971	1011	1144	15	5	133	0.0375940
NODE_68290_length_2903_cov_3.769971	1011	1144	16	6	133	0.0451128
NODE_68290_length_2903_cov_3.769971	1011	1144	17	3	133	0.0225564
NODE_68290_length_2903_cov_3.769971	1011	1144	18	14	133	0.1052632
NODE_68290_length_2903_cov_3.769971	1011	1144	20	2	133	0.0150376
NODE_68290_length_2903_cov_3.769971	1011	1144	21	4	133	0.0300752
NODE_68290_length_2903_cov_3.769971	1011	1144	23	2	133	0.0150376
NODE_68290_length_2903_cov_3.769971	1011	1144	24	1	133	0.0075188
NODE_68290_length_2903_cov_3.769971	1011	1144	26	8	133	0.0601504
NODE_68290_length_2903_cov_3.769971	1011	1144	28	6	133	0.0451128
NODE_68290_length_2903_cov_3.769971	1011	1144	29	2	133	0.0150376
NODE_68290_length_2903_cov_3.769971	1011	1144	30	25	133	0.1879699
NODE_68290_length_2903_cov_3.769971	1011	1144	31	11	133	0.0827068
NODE_68290_length_2903_cov_3.769971	1011	1144	32	1	133	0.0075188
NODE_68290_length_2903_cov_3.769971	1011	1144	33	17	133	0.1278196
NODE_68290_length_2903_cov_3.769971	1011	1144	34	11	133	0.0827068
NODE_68290_length_2903_cov_3.769971	1011	1144	35	3	133	0.0225564
NODE_6834_length_8494_cov_3.744491	6329	6462	18	3	133	0.0225564
NODE_6834_length_8494_cov_3.744491	6329	6462	19	5	133	0.0375940
NODE_6834_length_8494_cov_3.744491	6329	6462	21	15	133	0.1127820
NODE_6834_length_8494_cov_3.744491	6329	6462	22	4	133	0.0300752
NODE_6834_length_8494_cov_3.744491	6329	6462	23	3	133	0.0225564
NODE_6834_length_8494_cov_3.744491	6329	6462	24	3	133	0.0225564
NODE_6834_length_8494_cov_3.744491	6329	6462	25	11	133	0.0827068
NODE_6834_length_8494_cov_3.744491	6329	6462	26	14	133	0.1052632
NODE_6834_length_8494_cov_3.744491	6329	6462	27	11	133	0.0827068
NODE_6834_length_8494_cov_3.744491	6329	6462	28	42	133	0.3157895
NODE_6834_length_8494_cov_3.744491	6329	6462	29	9	133	0.0676692
NODE_6834_length_8494_cov_3.744491	6329	6462	30	13	133	0.0977444
NODE_68350_length_2901_cov_5.395432	2272	2405	0	133	133	1.0000000
NODE_68381_length_2901_cov_3.742684	2247	2380	17	2	133	0.0150376
NODE_68381_length_2901_cov_3.742684	2247	2380	18	3	133	0.0225564
NODE_68381_length_2901_cov_3.742684	2247	2380	19	16	133	0.1203008
NODE_68381_length_2901_cov_3.742684	2247	2380	20	6	133	0.0451128
NODE_68381_length_2901_cov_3.742684	2247	2380	21	2	133	0.0150376
NODE_68381_length_2901_cov_3.742684	2247	2380	23	6	133	0.0451128
NODE_68381_length_2901_cov_3.742684	2247	2380	26	7	133	0.0526316
NODE_68381_length_2901_cov_3.742684	2247	2380	27	23	133	0.1729323
NODE_68381_length_2901_cov_3.742684	2247	2380	28	8	133	0.0601504
NODE_68381_length_2901_cov_3.742684	2247	2380	29	38	133	0.2857143
NODE_68381_length_2901_cov_3.742684	2247	2380	30	6	133	0.0451128
NODE_68381_length_2901_cov_3.742684	2247	2380	31	11	133	0.0827068
NODE_68381_length_2901_cov_3.742684	2247	2380	32	5	133	0.0375940
NODE_68388_length_2901_cov_3.237330	2477	2610	14	10	133	0.0751880
NODE_68388_length_2901_cov_3.237330	2477	2610	16	5	133	0.0375940
NODE_68388_length_2901_cov_3.237330	2477	2610	17	18	133	0.1353384
NODE_68388_length_2901_cov_3.237330	2477	2610	18	1	133	0.0075188
NODE_68388_length_2901_cov_3.237330	2477	2610	19	11	133	0.0827068
NODE_68388_length_2901_cov_3.237330	2477	2610	20	3	133	0.0225564
NODE_68388_length_2901_cov_3.237330	2477	2610	21	1	133	0.0075188
NODE_68388_length_2901_cov_3.237330	2477	2610	22	2	133	0.0150376
NODE_68388_length_2901_cov_3.237330	2477	2610	23	7	133	0.0526316
NODE_68388_length_2901_cov_3.237330	2477	2610	24	39	133	0.2932331
NODE_68388_length_2901_cov_3.237330	2477	2610	25	8	133	0.0601504
NODE_68388_length_2901_cov_3.237330	2477	2610	26	14	133	0.1052632
NODE_68388_length_2901_cov_3.237330	2477	2610	27	4	133	0.0300752
NODE_68388_length_2901_cov_3.237330	2477	2610	28	10	133	0.0751880
NODE_683_length_16423_cov_4.528976	4198	4331	10	7	133	0.0526316
NODE_683_length_16423_cov_4.528976	4198	4331	11	15	133	0.1127820
NODE_683_length_16423_cov_4.528976	4198	4331	12	7	133	0.0526316
NODE_683_length_16423_cov_4.528976	4198	4331	13	11	133	0.0827068
NODE_683_length_16423_cov_4.528976	4198	4331	14	9	133	0.0676692
NODE_683_length_16423_cov_4.528976	4198	4331	15	29	133	0.2180451
NODE_683_length_16423_cov_4.528976	4198	4331	16	43	133	0.3233083
NODE_683_length_16423_cov_4.528976	4198	4331	17	12	133	0.0902256
NODE_68407_length_2900_cov_4.260621	2510	2643	37	10	133	0.0751880
NODE_68407_length_2900_cov_4.260621	2510	2643	39	2	133	0.0150376
NODE_68407_length_2900_cov_4.260621	2510	2643	40	5	133	0.0375940
NODE_68407_length_2900_cov_4.260621	2510	2643	41	4	133	0.0300752
NODE_68407_length_2900_cov_4.260621	2510	2643	42	2	133	0.0150376
NODE_68407_length_2900_cov_4.260621	2510	2643	43	8	133	0.0601504
NODE_68407_length_2900_cov_4.260621	2510	2643	44	6	133	0.0451128
NODE_68407_length_2900_cov_4.260621	2510	2643	45	14	133	0.1052632
NODE_68407_length_2900_cov_4.260621	2510	2643	46	22	133	0.1654135
NODE_68407_length_2900_cov_4.260621	2510	2643	47	17	133	0.1278196
NODE_68407_length_2900_cov_4.260621	2510	2643	48	11	133	0.0827068
NODE_68407_length_2900_cov_4.260621	2510	2643	49	8	133	0.0601504
NODE_68407_length_2900_cov_4.260621	2510	2643	50	5	133	0.0375940
NODE_68407_length_2900_cov_4.260621	2510	2643	51	11	133	0.0827068
NODE_68407_length_2900_cov_4.260621	2510	2643	52	7	133	0.0526316
NODE_68407_length_2900_cov_4.260621	2510	2643	53	1	133	0.0075188
NODE_68418_length_2900_cov_3.866833	223	356	1	54	133	0.4060150
NODE_68418_length_2900_cov_3.866833	223	356	2	43	133	0.3233083
NODE_68418_length_2900_cov_3.866833	223	356	3	36	133	0.2706767
NODE_68434_length_2899_cov_5.058929	148	281	29	4	133	0.0300752
NODE_68434_length_2899_cov_5.058929	148	281	30	8	133	0.0601504
NODE_68434_length_2899_cov_5.058929	148	281	32	9	133	0.0676692
NODE_68434_length_2899_cov_5.058929	148	281	33	1	133	0.0075188
NODE_68434_length_2899_cov_5.058929	148	281	35	6	133	0.0451128
NODE_68434_length_2899_cov_5.058929	148	281	36	4	133	0.0300752
NODE_68434_length_2899_cov_5.058929	148	281	37	3	133	0.0225564
NODE_68434_length_2899_cov_5.058929	148	281	38	14	133	0.1052632
NODE_68434_length_2899_cov_5.058929	148	281	39	8	133	0.0601504
NODE_68434_length_2899_cov_5.058929	148	281	40	15	133	0.1127820
NODE_68434_length_2899_cov_5.058929	148	281	41	9	133	0.0676692
NODE_68434_length_2899_cov_5.058929	148	281	42	1	133	0.0075188
NODE_68434_length_2899_cov_5.058929	148	281	43	4	133	0.0300752
NODE_68434_length_2899_cov_5.058929	148	281	44	22	133	0.1654135
NODE_68434_length_2899_cov_5.058929	148	281	45	14	133	0.1052632
NODE_68434_length_2899_cov_5.058929	148	281	46	3	133	0.0225564
NODE_68434_length_2899_cov_5.058929	148	281	47	8	133	0.0601504
NODE_68453_length_2899_cov_3.445000	255	388	6	26	133	0.1954887
NODE_68453_length_2899_cov_3.445000	255	388	7	11	133	0.0827068
NODE_68453_length_2899_cov_3.445000	255	388	8	4	133	0.0300752
NODE_68453_length_2899_cov_3.445000	255	388	9	14	133	0.1052632
NODE_68453_length_2899_cov_3.445000	255	388	10	22	133	0.1654135
NODE_68453_length_2899_cov_3.445000	255	388	11	17	133	0.1278196
NODE_68453_length_2899_cov_3.445000	255	388	12	20	133	0.1503759
NODE_68453_length_2899_cov_3.445000	255	388	13	19	133	0.1428571
NODE_684_length_16419_cov_4.291912	4841	4974	7	8	133	0.0601504
NODE_684_length_16419_cov_4.291912	4841	4974	8	32	133	0.2406015
NODE_684_length_16419_cov_4.291912	4841	4974	9	16	133	0.1203008
NODE_684_length_16419_cov_4.291912	4841	4974	10	66	133	0.4962406
NODE_684_length_16419_cov_4.291912	4841	4974	11	11	133	0.0827068
NODE_6850_length_8487_cov_3.855866	3227	3360	22	7	133	0.0526316
NODE_6850_length_8487_cov_3.855866	3227	3360	23	4	133	0.0300752
NODE_6850_length_8487_cov_3.855866	3227	3360	25	4	133	0.0300752
NODE_6850_length_8487_cov_3.855866	3227	3360	26	9	133	0.0676692
NODE_6850_length_8487_cov_3.855866	3227	3360	27	9	133	0.0676692
NODE_6850_length_8487_cov_3.855866	3227	3360	28	21	133	0.1578947
NODE_6850_length_8487_cov_3.855866	3227	3360	29	3	133	0.0225564
NODE_6850_length_8487_cov_3.855866	3227	3360	30	3	133	0.0225564
NODE_6850_length_8487_cov_3.855866	3227	3360	32	11	133	0.0827068
NODE_6850_length_8487_cov_3.855866	3227	3360	33	9	133	0.0676692
NODE_6850_length_8487_cov_3.855866	3227	3360	34	6	133	0.0451128
NODE_6850_length_8487_cov_3.855866	3227	3360	35	5	133	0.0375940
NODE_6850_length_8487_cov_3.855866	3227	3360	36	4	133	0.0300752
NODE_6850_length_8487_cov_3.855866	3227	3360	37	19	133	0.1428571
NODE_6850_length_8487_cov_3.855866	3227	3360	38	14	133	0.1052632
NODE_6850_length_8487_cov_3.855866	3227	3360	39	5	133	0.0375940
NODE_68516_length_2897_cov_3.973553	2213	2346	9	9	133	0.0676692
NODE_68516_length_2897_cov_3.973553	2213	2346	10	2	133	0.0150376
NODE_68516_length_2897_cov_3.973553	2213	2346	11	16	133	0.1203008
NODE_68516_length_2897_cov_3.973553	2213	2346	12	30	133	0.2255639
NODE_68516_length_2897_cov_3.973553	2213	2346	13	2	133	0.0150376
NODE_68516_length_2897_cov_3.973553	2213	2346	14	11	133	0.0827068
NODE_68516_length_2897_cov_3.973553	2213	2346	15	1	133	0.0075188
NODE_68516_length_2897_cov_3.973553	2213	2346	16	29	133	0.2180451
NODE_68516_length_2897_cov_3.973553	2213	2346	17	9	133	0.0676692
NODE_68516_length_2897_cov_3.973553	2213	2346	18	15	133	0.1127820
NODE_68516_length_2897_cov_3.973553	2213	2346	19	9	133	0.0676692
NODE_68524_length_2897_cov_3.561115	1970	2103	7	8	133	0.0601504
NODE_68524_length_2897_cov_3.561115	1970	2103	8	39	133	0.2932331
NODE_68524_length_2897_cov_3.561115	1970	2103	9	2	133	0.0150376
NODE_68524_length_2897_cov_3.561115	1970	2103	10	28	133	0.2105263
NODE_68524_length_2897_cov_3.561115	1970	2103	11	53	133	0.3984962
NODE_68524_length_2897_cov_3.561115	1970	2103	12	3	133	0.0225564
NODE_68619_length_2894_cov_4.747048	685	818	2	4	133	0.0300752
NODE_68619_length_2894_cov_4.747048	685	818	4	15	133	0.1127820
NODE_68619_length_2894_cov_4.747048	685	818	5	74	133	0.5563910
NODE_68619_length_2894_cov_4.747048	685	818	6	40	133	0.3007519
NODE_6862_length_8479_cov_6.451074	2560	2693	14	7	133	0.0526316
NODE_6862_length_8479_cov_6.451074	2560	2693	15	5	133	0.0375940
NODE_6862_length_8479_cov_6.451074	2560	2693	16	18	133	0.1353384
NODE_6862_length_8479_cov_6.451074	2560	2693	17	4	133	0.0300752
NODE_6862_length_8479_cov_6.451074	2560	2693	19	19	133	0.1428571
NODE_6862_length_8479_cov_6.451074	2560	2693	20	24	133	0.1804511
NODE_6862_length_8479_cov_6.451074	2560	2693	21	18	133	0.1353384
NODE_6862_length_8479_cov_6.451074	2560	2693	22	14	133	0.1052632
NODE_6862_length_8479_cov_6.451074	2560	2693	23	13	133	0.0977444
NODE_6862_length_8479_cov_6.451074	2560	2693	24	11	133	0.0827068
NODE_68693_length_2893_cov_3.371152	149	282	10	10	133	0.0751880
NODE_68693_length_2893_cov_3.371152	149	282	11	5	133	0.0375940
NODE_68693_length_2893_cov_3.371152	149	282	12	8	133	0.0601504
NODE_68693_length_2893_cov_3.371152	149	282	13	40	133	0.3007519
NODE_68693_length_2893_cov_3.371152	149	282	14	15	133	0.1127820
NODE_68693_length_2893_cov_3.371152	149	282	15	35	133	0.2631579
NODE_68693_length_2893_cov_3.371152	149	282	16	20	133	0.1503759
NODE_6873_length_8475_cov_4.973376	6076	6209	12	20	133	0.1503759
NODE_6873_length_8475_cov_4.973376	6076	6209	13	40	133	0.3007519
NODE_6873_length_8475_cov_4.973376	6076	6209	14	1	133	0.0075188
NODE_6873_length_8475_cov_4.973376	6076	6209	15	10	133	0.0751880
NODE_6873_length_8475_cov_4.973376	6076	6209	16	26	133	0.1954887
NODE_6873_length_8475_cov_4.973376	6076	6209	17	19	133	0.1428571
NODE_6873_length_8475_cov_4.973376	6076	6209	18	17	133	0.1278196
NODE_6874_length_8475_cov_4.961437	37	170	4	6	133	0.0451128
NODE_6874_length_8475_cov_4.961437	37	170	6	3	133	0.0225564
NODE_6874_length_8475_cov_4.961437	37	170	7	9	133	0.0676692
NODE_6874_length_8475_cov_4.961437	37	170	8	58	133	0.4360902
NODE_6874_length_8475_cov_4.961437	37	170	9	44	133	0.3308271
NODE_6874_length_8475_cov_4.961437	37	170	10	13	133	0.0977444
NODE_68853_length_2889_cov_3.884229	1539	1672	2	17	133	0.1278196
NODE_68853_length_2889_cov_3.884229	1539	1672	3	3	133	0.0225564
NODE_68853_length_2889_cov_3.884229	1539	1672	4	9	133	0.0676692
NODE_68853_length_2889_cov_3.884229	1539	1672	5	2	133	0.0150376
NODE_68853_length_2889_cov_3.884229	1539	1672	6	6	133	0.0451128
NODE_68853_length_2889_cov_3.884229	1539	1672	8	13	133	0.0977444
NODE_68853_length_2889_cov_3.884229	1539	1672	10	29	133	0.2180451
NODE_68853_length_2889_cov_3.884229	1539	1672	11	6	133	0.0451128
NODE_68853_length_2889_cov_3.884229	1539	1672	12	19	133	0.1428571
NODE_68853_length_2889_cov_3.884229	1539	1672	13	8	133	0.0601504
NODE_68853_length_2889_cov_3.884229	1539	1672	14	7	133	0.0526316
NODE_68853_length_2889_cov_3.884229	1539	1672	15	14	133	0.1052632
NODE_68879_length_2888_cov_4.451058	1723	1856	23	8	133	0.0601504
NODE_68879_length_2888_cov_4.451058	1723	1856	24	5	133	0.0375940
NODE_68879_length_2888_cov_4.451058	1723	1856	25	1	133	0.0075188
NODE_68879_length_2888_cov_4.451058	1723	1856	26	15	133	0.1127820
NODE_68879_length_2888_cov_4.451058	1723	1856	27	16	133	0.1203008
NODE_68879_length_2888_cov_4.451058	1723	1856	28	34	133	0.2556391
NODE_68879_length_2888_cov_4.451058	1723	1856	29	10	133	0.0751880
NODE_68879_length_2888_cov_4.451058	1723	1856	30	28	133	0.2105263
NODE_68879_length_2888_cov_4.451058	1723	1856	31	6	133	0.0451128
NODE_68879_length_2888_cov_4.451058	1723	1856	32	10	133	0.0751880
NODE_68902_length_2888_cov_3.025816	849	982	0	20	133	0.1503759
NODE_68902_length_2888_cov_3.025816	849	982	1	1	133	0.0075188
NODE_68902_length_2888_cov_3.025816	849	982	2	3	133	0.0225564
NODE_68902_length_2888_cov_3.025816	849	982	8	2	133	0.0150376
NODE_68902_length_2888_cov_3.025816	849	982	9	17	133	0.1278196
NODE_68902_length_2888_cov_3.025816	849	982	10	9	133	0.0676692
NODE_68902_length_2888_cov_3.025816	849	982	11	4	133	0.0300752
NODE_68902_length_2888_cov_3.025816	849	982	12	77	133	0.5789474
NODE_6890_length_8471_cov_4.134735	2330	2463	15	1	133	0.0075188
NODE_6890_length_8471_cov_4.134735	2330	2463	16	11	133	0.0827068
NODE_6890_length_8471_cov_4.134735	2330	2463	18	6	133	0.0451128
NODE_6890_length_8471_cov_4.134735	2330	2463	19	1	133	0.0075188
NODE_6890_length_8471_cov_4.134735	2330	2463	20	2	133	0.0150376
NODE_6890_length_8471_cov_4.134735	2330	2463	21	3	133	0.0225564
NODE_6890_length_8471_cov_4.134735	2330	2463	23	1	133	0.0075188
NODE_6890_length_8471_cov_4.134735	2330	2463	24	1	133	0.0075188
NODE_6890_length_8471_cov_4.134735	2330	2463	25	2	133	0.0150376
NODE_6890_length_8471_cov_4.134735	2330	2463	26	6	133	0.0451128
NODE_6890_length_8471_cov_4.134735	2330	2463	27	3	133	0.0225564
NODE_6890_length_8471_cov_4.134735	2330	2463	28	19	133	0.1428571
NODE_6890_length_8471_cov_4.134735	2330	2463	29	16	133	0.1203008
NODE_6890_length_8471_cov_4.134735	2330	2463	30	15	133	0.1127820
NODE_6890_length_8471_cov_4.134735	2330	2463	31	16	133	0.1203008
NODE_6890_length_8471_cov_4.134735	2330	2463	32	10	133	0.0751880
NODE_6890_length_8471_cov_4.134735	2330	2463	34	5	133	0.0375940
NODE_6890_length_8471_cov_4.134735	2330	2463	35	4	133	0.0300752
NODE_6890_length_8471_cov_4.134735	2330	2463	36	4	133	0.0300752
NODE_6890_length_8471_cov_4.134735	2330	2463	37	3	133	0.0225564
NODE_6890_length_8471_cov_4.134735	2330	2463	38	4	133	0.0300752
NODE_68932_length_2887_cov_3.648135	1159	1292	26	9	133	0.0676692
NODE_68932_length_2887_cov_3.648135	1159	1292	27	3	133	0.0225564
NODE_68932_length_2887_cov_3.648135	1159	1292	28	16	133	0.1203008
NODE_68932_length_2887_cov_3.648135	1159	1292	29	10	133	0.0751880
NODE_68932_length_2887_cov_3.648135	1159	1292	30	10	133	0.0751880
NODE_68932_length_2887_cov_3.648135	1159	1292	31	24	133	0.1804511
NODE_68932_length_2887_cov_3.648135	1159	1292	32	9	133	0.0676692
NODE_68932_length_2887_cov_3.648135	1159	1292	33	39	133	0.2932331
NODE_68932_length_2887_cov_3.648135	1159	1292	34	13	133	0.0977444
NODE_68955_length_2886_cov_4.368855	687	820	7	2	133	0.0150376
NODE_68955_length_2886_cov_4.368855	687	820	8	14	133	0.1052632
NODE_68955_length_2886_cov_4.368855	687	820	9	19	133	0.1428571
NODE_68955_length_2886_cov_4.368855	687	820	10	3	133	0.0225564
NODE_68955_length_2886_cov_4.368855	687	820	11	7	133	0.0526316
NODE_68955_length_2886_cov_4.368855	687	820	12	4	133	0.0300752
NODE_68955_length_2886_cov_4.368855	687	820	13	1	133	0.0075188
NODE_68955_length_2886_cov_4.368855	687	820	15	7	133	0.0526316
NODE_68955_length_2886_cov_4.368855	687	820	16	3	133	0.0225564
NODE_68955_length_2886_cov_4.368855	687	820	17	2	133	0.0150376
NODE_68955_length_2886_cov_4.368855	687	820	18	10	133	0.0751880
NODE_68955_length_2886_cov_4.368855	687	820	19	32	133	0.2406015
NODE_68955_length_2886_cov_4.368855	687	820	20	27	133	0.2030075
NODE_68955_length_2886_cov_4.368855	687	820	21	2	133	0.0150376
NODE_68996_length_2885_cov_4.268844	2086	2219	13	1	133	0.0075188
NODE_68996_length_2885_cov_4.268844	2086	2219	14	45	133	0.3383459
NODE_68996_length_2885_cov_4.268844	2086	2219	15	33	133	0.2481203
NODE_68996_length_2885_cov_4.268844	2086	2219	16	30	133	0.2255639
NODE_68996_length_2885_cov_4.268844	2086	2219	17	16	133	0.1203008
NODE_68996_length_2885_cov_4.268844	2086	2219	18	8	133	0.0601504
NODE_69071_length_2883_cov_4.201868	1046	1179	10	2	133	0.0150376
NODE_69071_length_2883_cov_4.201868	1046	1179	12	9	133	0.0676692
NODE_69071_length_2883_cov_4.201868	1046	1179	14	2	133	0.0150376
NODE_69071_length_2883_cov_4.201868	1046	1179	16	6	133	0.0451128
NODE_69071_length_2883_cov_4.201868	1046	1179	17	21	133	0.1578947
NODE_69071_length_2883_cov_4.201868	1046	1179	18	3	133	0.0225564
NODE_69071_length_2883_cov_4.201868	1046	1179	19	18	133	0.1353384
NODE_69071_length_2883_cov_4.201868	1046	1179	20	1	133	0.0075188
NODE_69071_length_2883_cov_4.201868	1046	1179	22	4	133	0.0300752
NODE_69071_length_2883_cov_4.201868	1046	1179	23	29	133	0.2180451
NODE_69071_length_2883_cov_4.201868	1046	1179	24	19	133	0.1428571
NODE_69071_length_2883_cov_4.201868	1046	1179	25	4	133	0.0300752
NODE_69071_length_2883_cov_4.201868	1046	1179	27	5	133	0.0375940
NODE_69071_length_2883_cov_4.201868	1046	1179	28	10	133	0.0751880
NODE_6908_length_8465_cov_3.920870	420	553	16	1	133	0.0075188
NODE_6908_length_8465_cov_3.920870	420	553	17	12	133	0.0902256
NODE_6908_length_8465_cov_3.920870	420	553	18	29	133	0.2180451
NODE_6908_length_8465_cov_3.920870	420	553	19	21	133	0.1578947
NODE_6908_length_8465_cov_3.920870	420	553	20	28	133	0.2105263
NODE_6908_length_8465_cov_3.920870	420	553	21	34	133	0.2556391
NODE_6908_length_8465_cov_3.920870	420	553	22	6	133	0.0451128
NODE_6908_length_8465_cov_3.920870	420	553	23	2	133	0.0150376
NODE_69112_length_2882_cov_3.847287	589	722	7	17	133	0.1278196
NODE_69112_length_2882_cov_3.847287	589	722	8	32	133	0.2406015
NODE_69112_length_2882_cov_3.847287	589	722	9	12	133	0.0902256
NODE_69112_length_2882_cov_3.847287	589	722	10	41	133	0.3082707
NODE_69112_length_2882_cov_3.847287	589	722	11	12	133	0.0902256
NODE_69112_length_2882_cov_3.847287	589	722	13	2	133	0.0150376
NODE_69112_length_2882_cov_3.847287	589	722	14	7	133	0.0526316
NODE_69112_length_2882_cov_3.847287	589	722	15	3	133	0.0225564
NODE_69112_length_2882_cov_3.847287	589	722	16	2	133	0.0150376
NODE_69112_length_2882_cov_3.847287	589	722	17	5	133	0.0375940
NODE_6922_length_8459_cov_3.955981	3691	3824	8	3	133	0.0225564
NODE_6922_length_8459_cov_3.955981	3691	3824	9	2	133	0.0150376
NODE_6922_length_8459_cov_3.955981	3691	3824	10	14	133	0.1052632
NODE_6922_length_8459_cov_3.955981	3691	3824	11	28	133	0.2105263
NODE_6922_length_8459_cov_3.955981	3691	3824	12	34	133	0.2556391
NODE_6922_length_8459_cov_3.955981	3691	3824	13	52	133	0.3909774
NODE_69313_length_2876_cov_4.508822	1401	1534	5	56	133	0.4210526
NODE_69313_length_2876_cov_4.508822	1401	1534	6	54	133	0.4060150
NODE_69313_length_2876_cov_4.508822	1401	1534	7	19	133	0.1428571
NODE_69313_length_2876_cov_4.508822	1401	1534	8	4	133	0.0300752
NODE_69326_length_2876_cov_3.819589	557	690	5	23	133	0.1729323
NODE_69326_length_2876_cov_3.819589	557	690	6	5	133	0.0375940
NODE_69326_length_2876_cov_3.819589	557	690	7	37	133	0.2781955
NODE_69326_length_2876_cov_3.819589	557	690	8	50	133	0.3759398
NODE_69326_length_2876_cov_3.819589	557	690	9	18	133	0.1353384
NODE_69395_length_2874_cov_3.727928	1215	1348	3	2	133	0.0150376
NODE_69395_length_2874_cov_3.727928	1215	1348	4	8	133	0.0601504
NODE_69395_length_2874_cov_3.727928	1215	1348	5	23	133	0.1729323
NODE_69395_length_2874_cov_3.727928	1215	1348	6	100	133	0.7518797
NODE_69400_length_2874_cov_3.361441	1012	1145	5	7	133	0.0526316
NODE_69400_length_2874_cov_3.361441	1012	1145	6	75	133	0.5639098
NODE_69400_length_2874_cov_3.361441	1012	1145	7	46	133	0.3458647
NODE_69400_length_2874_cov_3.361441	1012	1145	8	5	133	0.0375940
NODE_6940_length_8450_cov_10.938091	6029	6162	196	1	133	0.0075188
NODE_6940_length_8450_cov_10.938091	6029	6162	208	1	133	0.0075188
NODE_6940_length_8450_cov_10.938091	6029	6162	210	1	133	0.0075188
NODE_6940_length_8450_cov_10.938091	6029	6162	217	1	133	0.0075188
NODE_6940_length_8450_cov_10.938091	6029	6162	219	2	133	0.0150376
NODE_6940_length_8450_cov_10.938091	6029	6162	224	1	133	0.0075188
NODE_6940_length_8450_cov_10.938091	6029	6162	226	1	133	0.0075188
NODE_6940_length_8450_cov_10.938091	6029	6162	228	3	133	0.0225564
NODE_6940_length_8450_cov_10.938091	6029	6162	231	6	133	0.0451128
NODE_6940_length_8450_cov_10.938091	6029	6162	232	1	133	0.0075188
NODE_6940_length_8450_cov_10.938091	6029	6162	233	1	133	0.0075188
NODE_6940_length_8450_cov_10.938091	6029	6162	236	1	133	0.0075188
NODE_6940_length_8450_cov_10.938091	6029	6162	237	1	133	0.0075188
NODE_6940_length_8450_cov_10.938091	6029	6162	238	1	133	0.0075188
NODE_6940_length_8450_cov_10.938091	6029	6162	239	4	133	0.0300752
NODE_6940_length_8450_cov_10.938091	6029	6162	240	3	133	0.0225564
NODE_6940_length_8450_cov_10.938091	6029	6162	241	5	133	0.0375940
NODE_6940_length_8450_cov_10.938091	6029	6162	242	2	133	0.0150376
NODE_6940_length_8450_cov_10.938091	6029	6162	243	3	133	0.0225564
NODE_6940_length_8450_cov_10.938091	6029	6162	244	2	133	0.0150376
NODE_6940_length_8450_cov_10.938091	6029	6162	245	1	133	0.0075188
NODE_6940_length_8450_cov_10.938091	6029	6162	248	2	133	0.0150376
NODE_6940_length_8450_cov_10.938091	6029	6162	249	2	133	0.0150376
NODE_6940_length_8450_cov_10.938091	6029	6162	250	1	133	0.0075188
NODE_6940_length_8450_cov_10.938091	6029	6162	251	1	133	0.0075188
NODE_6940_length_8450_cov_10.938091	6029	6162	253	1	133	0.0075188
NODE_6940_length_8450_cov_10.938091	6029	6162	254	3	133	0.0225564
NODE_6940_length_8450_cov_10.938091	6029	6162	255	1	133	0.0075188
NODE_6940_length_8450_cov_10.938091	6029	6162	258	3	133	0.0225564
NODE_6940_length_8450_cov_10.938091	6029	6162	259	2	133	0.0150376
NODE_6940_length_8450_cov_10.938091	6029	6162	260	1	133	0.0075188
NODE_6940_length_8450_cov_10.938091	6029	6162	261	1	133	0.0075188
NODE_6940_length_8450_cov_10.938091	6029	6162	262	4	133	0.0300752
NODE_6940_length_8450_cov_10.938091	6029	6162	263	3	133	0.0225564
NODE_6940_length_8450_cov_10.938091	6029	6162	265	1	133	0.0075188
NODE_6940_length_8450_cov_10.938091	6029	6162	267	1	133	0.0075188
NODE_6940_length_8450_cov_10.938091	6029	6162	268	1	133	0.0075188
NODE_6940_length_8450_cov_10.938091	6029	6162	269	1	133	0.0075188
NODE_6940_length_8450_cov_10.938091	6029	6162	270	1	133	0.0075188
NODE_6940_length_8450_cov_10.938091	6029	6162	271	1	133	0.0075188
NODE_6940_length_8450_cov_10.938091	6029	6162	272	2	133	0.0150376
NODE_6940_length_8450_cov_10.938091	6029	6162	273	3	133	0.0225564
NODE_6940_length_8450_cov_10.938091	6029	6162	274	2	133	0.0150376
NODE_6940_length_8450_cov_10.938091	6029	6162	275	3	133	0.0225564
NODE_6940_length_8450_cov_10.938091	6029	6162	276	3	133	0.0225564
NODE_6940_length_8450_cov_10.938091	6029	6162	277	2	133	0.0150376
NODE_6940_length_8450_cov_10.938091	6029	6162	278	6	133	0.0451128
NODE_6940_length_8450_cov_10.938091	6029	6162	279	3	133	0.0225564
NODE_6940_length_8450_cov_10.938091	6029	6162	280	6	133	0.0451128
NODE_6940_length_8450_cov_10.938091	6029	6162	281	11	133	0.0827068
NODE_6940_length_8450_cov_10.938091	6029	6162	282	6	133	0.0451128
NODE_6940_length_8450_cov_10.938091	6029	6162	283	7	133	0.0526316
NODE_6940_length_8450_cov_10.938091	6029	6162	284	3	133	0.0225564
NODE_6940_length_8450_cov_10.938091	6029	6162	285	3	133	0.0225564
NODE_69419_length_2873_cov_4.724946	520	653	5	2	133	0.0150376
NODE_69419_length_2873_cov_4.724946	520	653	6	2	133	0.0150376
NODE_69419_length_2873_cov_4.724946	520	653	8	3	133	0.0225564
NODE_69419_length_2873_cov_4.724946	520	653	9	9	133	0.0676692
NODE_69419_length_2873_cov_4.724946	520	653	10	5	133	0.0375940
NODE_69419_length_2873_cov_4.724946	520	653	12	38	133	0.2857143
NODE_69419_length_2873_cov_4.724946	520	653	13	9	133	0.0676692
NODE_69419_length_2873_cov_4.724946	520	653	14	6	133	0.0451128
NODE_69419_length_2873_cov_4.724946	520	653	15	31	133	0.2330827
NODE_69419_length_2873_cov_4.724946	520	653	16	2	133	0.0150376
NODE_69419_length_2873_cov_4.724946	520	653	17	17	133	0.1278196
NODE_69419_length_2873_cov_4.724946	520	653	18	9	133	0.0676692
NODE_69435_length_2873_cov_3.777217	879	1012	9	14	133	0.1052632
NODE_69435_length_2873_cov_3.777217	879	1012	10	41	133	0.3082707
NODE_69435_length_2873_cov_3.777217	879	1012	11	17	133	0.1278196
NODE_69435_length_2873_cov_3.777217	879	1012	12	42	133	0.3157895
NODE_69435_length_2873_cov_3.777217	879	1012	13	3	133	0.0225564
NODE_69435_length_2873_cov_3.777217	879	1012	14	16	133	0.1203008
NODE_69442_length_2873_cov_2.949892	491	624	0	39	133	0.2932331
NODE_69442_length_2873_cov_2.949892	491	624	1	94	133	0.7067669
NODE_69490_length_2871_cov_5.457071	1152	1285	9	16	133	0.1203008
NODE_69490_length_2871_cov_5.457071	1152	1285	12	21	133	0.1578947
NODE_69490_length_2871_cov_5.457071	1152	1285	13	31	133	0.2330827
NODE_69490_length_2871_cov_5.457071	1152	1285	14	11	133	0.0827068
NODE_69490_length_2871_cov_5.457071	1152	1285	15	20	133	0.1503759
NODE_69490_length_2871_cov_5.457071	1152	1285	16	20	133	0.1503759
NODE_69490_length_2871_cov_5.457071	1152	1285	17	5	133	0.0375940
NODE_69490_length_2871_cov_5.457071	1152	1285	18	9	133	0.0676692
NODE_69518_length_2871_cov_3.757576	2447	2580	17	3	133	0.0225564
NODE_69518_length_2871_cov_3.757576	2447	2580	18	10	133	0.0751880
NODE_69518_length_2871_cov_3.757576	2447	2580	19	10	133	0.0751880
NODE_69518_length_2871_cov_3.757576	2447	2580	20	8	133	0.0601504
NODE_69518_length_2871_cov_3.757576	2447	2580	21	13	133	0.0977444
NODE_69518_length_2871_cov_3.757576	2447	2580	22	18	133	0.1353384
NODE_69518_length_2871_cov_3.757576	2447	2580	23	18	133	0.1353384
NODE_69518_length_2871_cov_3.757576	2447	2580	24	1	133	0.0075188
NODE_69518_length_2871_cov_3.757576	2447	2580	25	13	133	0.0977444
NODE_69518_length_2871_cov_3.757576	2447	2580	26	20	133	0.1503759
NODE_69518_length_2871_cov_3.757576	2447	2580	27	19	133	0.1428571
NODE_6952_length_8448_cov_4.109235	853	986	8	3	133	0.0225564
NODE_6952_length_8448_cov_4.109235	853	986	10	7	133	0.0526316
NODE_6952_length_8448_cov_4.109235	853	986	11	3	133	0.0225564
NODE_6952_length_8448_cov_4.109235	853	986	12	2	133	0.0150376
NODE_6952_length_8448_cov_4.109235	853	986	13	39	133	0.2932331
NODE_6952_length_8448_cov_4.109235	853	986	14	18	133	0.1353384
NODE_6952_length_8448_cov_4.109235	853	986	15	1	133	0.0075188
NODE_6952_length_8448_cov_4.109235	853	986	16	21	133	0.1578947
NODE_6952_length_8448_cov_4.109235	853	986	17	39	133	0.2932331
NODE_69543_length_2870_cov_5.272104	796	929	1	72	133	0.5413534
NODE_69543_length_2870_cov_5.272104	796	929	2	30	133	0.2255639
NODE_69543_length_2870_cov_5.272104	796	929	3	25	133	0.1879699
NODE_69543_length_2870_cov_5.272104	796	929	4	6	133	0.0451128
NODE_69621_length_2868_cov_4.039364	220	353	5	21	133	0.1578947
NODE_69621_length_2868_cov_4.039364	220	353	6	26	133	0.1954887
NODE_69621_length_2868_cov_4.039364	220	353	8	23	133	0.1729323
NODE_69621_length_2868_cov_4.039364	220	353	9	19	133	0.1428571
NODE_69621_length_2868_cov_4.039364	220	353	10	30	133	0.2255639
NODE_69621_length_2868_cov_4.039364	220	353	11	14	133	0.1052632
NODE_69643_length_2867_cov_4.912572	837	970	0	15	133	0.1127820
NODE_69643_length_2867_cov_4.912572	837	970	1	10	133	0.0751880
NODE_69643_length_2867_cov_4.912572	837	970	2	13	133	0.0977444
NODE_69643_length_2867_cov_4.912572	837	970	3	22	133	0.1654135
NODE_69643_length_2867_cov_4.912572	837	970	5	1	133	0.0075188
NODE_69643_length_2867_cov_4.912572	837	970	6	31	133	0.2330827
NODE_69643_length_2867_cov_4.912572	837	970	7	41	133	0.3082707
NODE_6966_length_8443_cov_4.388663	369	502	14	16	133	0.1203008
NODE_6966_length_8443_cov_4.388663	369	502	15	24	133	0.1804511
NODE_6966_length_8443_cov_4.388663	369	502	16	43	133	0.3233083
NODE_6966_length_8443_cov_4.388663	369	502	17	25	133	0.1879699
NODE_6966_length_8443_cov_4.388663	369	502	18	25	133	0.1879699
NODE_69741_length_2865_cov_4.319595	2406	2539	2	23	133	0.1729323
NODE_69741_length_2865_cov_4.319595	2406	2539	3	16	133	0.1203008
NODE_69741_length_2865_cov_4.319595	2406	2539	4	15	133	0.1127820
NODE_69741_length_2865_cov_4.319595	2406	2539	6	5	133	0.0375940
NODE_69741_length_2865_cov_4.319595	2406	2539	7	66	133	0.4962406
NODE_69741_length_2865_cov_4.319595	2406	2539	8	8	133	0.0601504
NODE_6980_length_8438_cov_11.864972	7482	7615	7	5	133	0.0375940
NODE_6980_length_8438_cov_11.864972	7482	7615	8	12	133	0.0902256
NODE_6980_length_8438_cov_11.864972	7482	7615	9	60	133	0.4511278
NODE_6980_length_8438_cov_11.864972	7482	7615	10	24	133	0.1804511
NODE_6980_length_8438_cov_11.864972	7482	7615	11	28	133	0.2105263
NODE_6980_length_8438_cov_11.864972	7482	7615	13	4	133	0.0300752
NODE_69816_length_2863_cov_5.189942	656	789	6	2	133	0.0150376
NODE_69816_length_2863_cov_5.189942	656	789	7	9	133	0.0676692
NODE_69816_length_2863_cov_5.189942	656	789	8	2	133	0.0150376
NODE_69816_length_2863_cov_5.189942	656	789	10	10	133	0.0751880
NODE_69816_length_2863_cov_5.189942	656	789	12	4	133	0.0300752
NODE_69816_length_2863_cov_5.189942	656	789	13	6	133	0.0451128
NODE_69816_length_2863_cov_5.189942	656	789	14	7	133	0.0526316
NODE_69816_length_2863_cov_5.189942	656	789	17	16	133	0.1203008
NODE_69816_length_2863_cov_5.189942	656	789	18	5	133	0.0375940
NODE_69816_length_2863_cov_5.189942	656	789	19	11	133	0.0827068
NODE_69816_length_2863_cov_5.189942	656	789	20	10	133	0.0751880
NODE_69816_length_2863_cov_5.189942	656	789	21	16	133	0.1203008
NODE_69816_length_2863_cov_5.189942	656	789	22	2	133	0.0150376
NODE_69816_length_2863_cov_5.189942	656	789	23	2	133	0.0150376
NODE_69816_length_2863_cov_5.189942	656	789	24	1	133	0.0075188
NODE_69816_length_2863_cov_5.189942	656	789	25	1	133	0.0075188
NODE_69816_length_2863_cov_5.189942	656	789	26	6	133	0.0451128
NODE_69816_length_2863_cov_5.189942	656	789	27	14	133	0.1052632
NODE_69816_length_2863_cov_5.189942	656	789	28	8	133	0.0601504
NODE_69816_length_2863_cov_5.189942	656	789	29	1	133	0.0075188
NODE_6990_length_8434_cov_4.201200	3944	4077	10	22	133	0.1654135
NODE_6990_length_8434_cov_4.201200	3944	4077	11	40	133	0.3007519
NODE_6990_length_8434_cov_4.201200	3944	4077	12	11	133	0.0827068
NODE_6990_length_8434_cov_4.201200	3944	4077	13	17	133	0.1278196
NODE_6990_length_8434_cov_4.201200	3944	4077	14	37	133	0.2781955
NODE_6990_length_8434_cov_4.201200	3944	4077	15	6	133	0.0451128
NODE_6997_length_8431_cov_4.261522	7300	7433	2	46	133	0.3458647
NODE_6997_length_8431_cov_4.261522	7300	7433	3	67	133	0.5037594
NODE_6997_length_8431_cov_4.261522	7300	7433	4	20	133	0.1503759
NODE_699_length_16335_cov_4.006775	4844	4977	15	3	133	0.0225564
NODE_699_length_16335_cov_4.006775	4844	4977	17	8	133	0.0601504
NODE_699_length_16335_cov_4.006775	4844	4977	18	4	133	0.0300752
NODE_699_length_16335_cov_4.006775	4844	4977	19	8	133	0.0601504
NODE_699_length_16335_cov_4.006775	4844	4977	20	6	133	0.0451128
NODE_699_length_16335_cov_4.006775	4844	4977	21	13	133	0.0977444
NODE_699_length_16335_cov_4.006775	4844	4977	22	1	133	0.0075188
NODE_699_length_16335_cov_4.006775	4844	4977	23	12	133	0.0902256
NODE_699_length_16335_cov_4.006775	4844	4977	24	14	133	0.1052632
NODE_699_length_16335_cov_4.006775	4844	4977	25	13	133	0.0977444
NODE_699_length_16335_cov_4.006775	4844	4977	26	35	133	0.2631579
NODE_699_length_16335_cov_4.006775	4844	4977	27	5	133	0.0375940
NODE_699_length_16335_cov_4.006775	4844	4977	28	11	133	0.0827068
NODE_70084_length_2857_cov_4.175852	800	933	15	4	133	0.0300752
NODE_70084_length_2857_cov_4.175852	800	933	17	13	133	0.0977444
NODE_70084_length_2857_cov_4.175852	800	933	18	7	133	0.0526316
NODE_70084_length_2857_cov_4.175852	800	933	19	12	133	0.0902256
NODE_70084_length_2857_cov_4.175852	800	933	20	16	133	0.1203008
NODE_70084_length_2857_cov_4.175852	800	933	21	13	133	0.0977444
NODE_70084_length_2857_cov_4.175852	800	933	22	32	133	0.2406015
NODE_70084_length_2857_cov_4.175852	800	933	23	4	133	0.0300752
NODE_70084_length_2857_cov_4.175852	800	933	24	14	133	0.1052632
NODE_70084_length_2857_cov_4.175852	800	933	26	18	133	0.1353384
NODE_70112_length_2856_cov_6.220530	2219	2352	0	64	133	0.4812030
NODE_70112_length_2856_cov_6.220530	2219	2352	7	13	133	0.0977444
NODE_70112_length_2856_cov_6.220530	2219	2352	8	56	133	0.4210526
NODE_70116_length_2856_cov_4.684077	1289	1422	17	11	133	0.0827068
NODE_70116_length_2856_cov_4.684077	1289	1422	20	2	133	0.0150376
NODE_70116_length_2856_cov_4.684077	1289	1422	21	6	133	0.0451128
NODE_70116_length_2856_cov_4.684077	1289	1422	22	7	133	0.0526316
NODE_70116_length_2856_cov_4.684077	1289	1422	23	15	133	0.1127820
NODE_70116_length_2856_cov_4.684077	1289	1422	24	16	133	0.1203008
NODE_70116_length_2856_cov_4.684077	1289	1422	25	20	133	0.1503759
NODE_70116_length_2856_cov_4.684077	1289	1422	26	2	133	0.0150376
NODE_70116_length_2856_cov_4.684077	1289	1422	27	6	133	0.0451128
NODE_70116_length_2856_cov_4.684077	1289	1422	28	10	133	0.0751880
NODE_70116_length_2856_cov_4.684077	1289	1422	29	18	133	0.1353384
NODE_70116_length_2856_cov_4.684077	1289	1422	30	16	133	0.1203008
NODE_70116_length_2856_cov_4.684077	1289	1422	31	4	133	0.0300752
NODE_70123_length_2856_cov_3.973522	1963	2096	19	3	133	0.0225564
NODE_70123_length_2856_cov_3.973522	1963	2096	21	5	133	0.0375940
NODE_70123_length_2856_cov_3.973522	1963	2096	22	1	133	0.0075188
NODE_70123_length_2856_cov_3.973522	1963	2096	23	1	133	0.0075188
NODE_70123_length_2856_cov_3.973522	1963	2096	24	1	133	0.0075188
NODE_70123_length_2856_cov_3.973522	1963	2096	25	1	133	0.0075188
NODE_70123_length_2856_cov_3.973522	1963	2096	26	1	133	0.0075188
NODE_70123_length_2856_cov_3.973522	1963	2096	27	2	133	0.0150376
NODE_70123_length_2856_cov_3.973522	1963	2096	28	18	133	0.1353384
NODE_70123_length_2856_cov_3.973522	1963	2096	29	2	133	0.0150376
NODE_70123_length_2856_cov_3.973522	1963	2096	31	3	133	0.0225564
NODE_70123_length_2856_cov_3.973522	1963	2096	32	4	133	0.0300752
NODE_70123_length_2856_cov_3.973522	1963	2096	33	27	133	0.2030075
NODE_70123_length_2856_cov_3.973522	1963	2096	34	2	133	0.0150376
NODE_70123_length_2856_cov_3.973522	1963	2096	35	2	133	0.0150376
NODE_70123_length_2856_cov_3.973522	1963	2096	36	1	133	0.0075188
NODE_70123_length_2856_cov_3.973522	1963	2096	37	22	133	0.1654135
NODE_70123_length_2856_cov_3.973522	1963	2096	38	20	133	0.1503759
NODE_70123_length_2856_cov_3.973522	1963	2096	39	15	133	0.1127820
NODE_70123_length_2856_cov_3.973522	1963	2096	41	2	133	0.0150376
NODE_70167_length_2855_cov_3.201016	2023	2156	10	3	133	0.0225564
NODE_70167_length_2855_cov_3.201016	2023	2156	11	1	133	0.0075188
NODE_70167_length_2855_cov_3.201016	2023	2156	12	5	133	0.0375940
NODE_70167_length_2855_cov_3.201016	2023	2156	13	18	133	0.1353384
NODE_70167_length_2855_cov_3.201016	2023	2156	15	4	133	0.0300752
NODE_70167_length_2855_cov_3.201016	2023	2156	16	2	133	0.0150376
NODE_70167_length_2855_cov_3.201016	2023	2156	17	11	133	0.0827068
NODE_70167_length_2855_cov_3.201016	2023	2156	18	29	133	0.2180451
NODE_70167_length_2855_cov_3.201016	2023	2156	19	4	133	0.0300752
NODE_70167_length_2855_cov_3.201016	2023	2156	20	3	133	0.0225564
NODE_70167_length_2855_cov_3.201016	2023	2156	21	13	133	0.0977444
NODE_70167_length_2855_cov_3.201016	2023	2156	22	24	133	0.1804511
NODE_70167_length_2855_cov_3.201016	2023	2156	23	11	133	0.0827068
NODE_70167_length_2855_cov_3.201016	2023	2156	24	5	133	0.0375940
NODE_7016_length_8424_cov_4.191592	2622	2755	37	1	133	0.0075188
NODE_7016_length_8424_cov_4.191592	2622	2755	38	1	133	0.0075188
NODE_7016_length_8424_cov_4.191592	2622	2755	39	5	133	0.0375940
NODE_7016_length_8424_cov_4.191592	2622	2755	40	6	133	0.0451128
NODE_7016_length_8424_cov_4.191592	2622	2755	41	3	133	0.0225564
NODE_7016_length_8424_cov_4.191592	2622	2755	42	22	133	0.1654135
NODE_7016_length_8424_cov_4.191592	2622	2755	43	3	133	0.0225564
NODE_7016_length_8424_cov_4.191592	2622	2755	44	27	133	0.2030075
NODE_7016_length_8424_cov_4.191592	2622	2755	45	7	133	0.0526316
NODE_7016_length_8424_cov_4.191592	2622	2755	46	2	133	0.0150376
NODE_7016_length_8424_cov_4.191592	2622	2755	47	5	133	0.0375940
NODE_7016_length_8424_cov_4.191592	2622	2755	48	12	133	0.0902256
NODE_7016_length_8424_cov_4.191592	2622	2755	49	17	133	0.1278196
NODE_7016_length_8424_cov_4.191592	2622	2755	50	8	133	0.0601504
NODE_7016_length_8424_cov_4.191592	2622	2755	51	7	133	0.0526316
NODE_7016_length_8424_cov_4.191592	2622	2755	52	5	133	0.0375940
NODE_7016_length_8424_cov_4.191592	2622	2755	53	2	133	0.0150376
NODE_701_length_16325_cov_6.146925	3046	3179	6	3	133	0.0225564
NODE_701_length_16325_cov_6.146925	3046	3179	7	9	133	0.0676692
NODE_701_length_16325_cov_6.146925	3046	3179	8	11	133	0.0827068
NODE_701_length_16325_cov_6.146925	3046	3179	9	16	133	0.1203008
NODE_701_length_16325_cov_6.146925	3046	3179	10	24	133	0.1804511
NODE_701_length_16325_cov_6.146925	3046	3179	11	48	133	0.3609022
NODE_701_length_16325_cov_6.146925	3046	3179	12	22	133	0.1654135
NODE_70203_length_2854_cov_3.521597	2137	2270	6	2	133	0.0150376
NODE_70203_length_2854_cov_3.521597	2137	2270	7	5	133	0.0375940
NODE_70203_length_2854_cov_3.521597	2137	2270	8	17	133	0.1278196
NODE_70203_length_2854_cov_3.521597	2137	2270	9	15	133	0.1127820
NODE_70203_length_2854_cov_3.521597	2137	2270	10	36	133	0.2706767
NODE_70203_length_2854_cov_3.521597	2137	2270	11	48	133	0.3609022
NODE_70203_length_2854_cov_3.521597	2137	2270	12	10	133	0.0751880
NODE_70298_length_2852_cov_3.049037	331	464	3	7	133	0.0526316
NODE_70298_length_2852_cov_3.049037	331	464	4	5	133	0.0375940
NODE_70298_length_2852_cov_3.049037	331	464	5	21	133	0.1578947
NODE_70298_length_2852_cov_3.049037	331	464	6	6	133	0.0451128
NODE_70298_length_2852_cov_3.049037	331	464	7	7	133	0.0526316
NODE_70298_length_2852_cov_3.049037	331	464	8	1	133	0.0075188
NODE_70298_length_2852_cov_3.049037	331	464	9	3	133	0.0225564
NODE_70298_length_2852_cov_3.049037	331	464	10	7	133	0.0526316
NODE_70298_length_2852_cov_3.049037	331	464	12	11	133	0.0827068
NODE_70298_length_2852_cov_3.049037	331	464	13	3	133	0.0225564
NODE_70298_length_2852_cov_3.049037	331	464	14	26	133	0.1954887
NODE_70298_length_2852_cov_3.049037	331	464	15	36	133	0.2706767
NODE_70324_length_2851_cov_3.865916	1714	1847	23	12	133	0.0902256
NODE_70324_length_2851_cov_3.865916	1714	1847	24	13	133	0.0977444
NODE_70324_length_2851_cov_3.865916	1714	1847	25	11	133	0.0827068
NODE_70324_length_2851_cov_3.865916	1714	1847	26	18	133	0.1353384
NODE_70324_length_2851_cov_3.865916	1714	1847	27	12	133	0.0902256
NODE_70324_length_2851_cov_3.865916	1714	1847	28	11	133	0.0827068
NODE_70324_length_2851_cov_3.865916	1714	1847	29	10	133	0.0751880
NODE_70324_length_2851_cov_3.865916	1714	1847	30	4	133	0.0300752
NODE_70324_length_2851_cov_3.865916	1714	1847	31	15	133	0.1127820
NODE_70324_length_2851_cov_3.865916	1714	1847	32	15	133	0.1127820
NODE_70324_length_2851_cov_3.865916	1714	1847	33	9	133	0.0676692
NODE_70324_length_2851_cov_3.865916	1714	1847	34	3	133	0.0225564
NODE_7034_length_8415_cov_4.841150	5325	5458	13	17	133	0.1278196
NODE_7034_length_8415_cov_4.841150	5325	5458	15	7	133	0.0526316
NODE_7034_length_8415_cov_4.841150	5325	5458	16	8	133	0.0601504
NODE_7034_length_8415_cov_4.841150	5325	5458	17	2	133	0.0150376
NODE_7034_length_8415_cov_4.841150	5325	5458	20	31	133	0.2330827
NODE_7034_length_8415_cov_4.841150	5325	5458	21	44	133	0.3308271
NODE_7034_length_8415_cov_4.841150	5325	5458	22	22	133	0.1654135
NODE_7034_length_8415_cov_4.841150	5325	5458	23	1	133	0.0075188
NODE_7034_length_8415_cov_4.841150	5325	5458	24	1	133	0.0075188
NODE_70357_length_2850_cov_4.415485	428	561	7	27	133	0.2030075
NODE_70357_length_2850_cov_4.415485	428	561	8	10	133	0.0751880
NODE_70357_length_2850_cov_4.415485	428	561	9	34	133	0.2556391
NODE_70357_length_2850_cov_4.415485	428	561	10	28	133	0.2105263
NODE_70357_length_2850_cov_4.415485	428	561	11	31	133	0.2330827
NODE_70357_length_2850_cov_4.415485	428	561	12	3	133	0.0225564
NODE_7038_length_8414_cov_3.417679	3991	4124	2	2	133	0.0150376
NODE_7038_length_8414_cov_3.417679	3991	4124	3	5	133	0.0375940
NODE_7038_length_8414_cov_3.417679	3991	4124	4	11	133	0.0827068
NODE_7038_length_8414_cov_3.417679	3991	4124	6	6	133	0.0451128
NODE_7038_length_8414_cov_3.417679	3991	4124	10	5	133	0.0375940
NODE_7038_length_8414_cov_3.417679	3991	4124	11	20	133	0.1503759
NODE_7038_length_8414_cov_3.417679	3991	4124	12	11	133	0.0827068
NODE_7038_length_8414_cov_3.417679	3991	4124	13	4	133	0.0300752
NODE_7038_length_8414_cov_3.417679	3991	4124	14	33	133	0.2481203
NODE_7038_length_8414_cov_3.417679	3991	4124	15	4	133	0.0300752
NODE_7038_length_8414_cov_3.417679	3991	4124	16	2	133	0.0150376
NODE_7038_length_8414_cov_3.417679	3991	4124	17	24	133	0.1804511
NODE_7038_length_8414_cov_3.417679	3991	4124	18	6	133	0.0451128
NODE_70390_length_2849_cov_5.428000	596	729	10	9	133	0.0676692
NODE_70390_length_2849_cov_5.428000	596	729	11	10	133	0.0751880
NODE_70390_length_2849_cov_5.428000	596	729	15	6	133	0.0451128
NODE_70390_length_2849_cov_5.428000	596	729	18	2	133	0.0150376
NODE_70390_length_2849_cov_5.428000	596	729	19	2	133	0.0150376
NODE_70390_length_2849_cov_5.428000	596	729	20	3	133	0.0225564
NODE_70390_length_2849_cov_5.428000	596	729	21	12	133	0.0902256
NODE_70390_length_2849_cov_5.428000	596	729	22	8	133	0.0601504
NODE_70390_length_2849_cov_5.428000	596	729	23	8	133	0.0601504
NODE_70390_length_2849_cov_5.428000	596	729	24	18	133	0.1353384
NODE_70390_length_2849_cov_5.428000	596	729	25	6	133	0.0451128
NODE_70390_length_2849_cov_5.428000	596	729	26	13	133	0.0977444
NODE_70390_length_2849_cov_5.428000	596	729	27	17	133	0.1278196
NODE_70390_length_2849_cov_5.428000	596	729	28	1	133	0.0075188
NODE_70390_length_2849_cov_5.428000	596	729	29	13	133	0.0977444
NODE_70390_length_2849_cov_5.428000	596	729	30	5	133	0.0375940
NODE_70408_length_2849_cov_3.646545	255	388	6	7	133	0.0526316
NODE_70408_length_2849_cov_3.646545	255	388	7	11	133	0.0827068
NODE_70408_length_2849_cov_3.646545	255	388	8	24	133	0.1804511
NODE_70408_length_2849_cov_3.646545	255	388	9	15	133	0.1127820
NODE_70408_length_2849_cov_3.646545	255	388	10	76	133	0.5714286
NODE_7046_length_8411_cov_3.948869	1679	1812	16	7	133	0.0526316
NODE_7046_length_8411_cov_3.948869	1679	1812	18	2	133	0.0150376
NODE_7046_length_8411_cov_3.948869	1679	1812	20	6	133	0.0451128
NODE_7046_length_8411_cov_3.948869	1679	1812	22	7	133	0.0526316
NODE_7046_length_8411_cov_3.948869	1679	1812	23	22	133	0.1654135
NODE_7046_length_8411_cov_3.948869	1679	1812	24	5	133	0.0375940
NODE_7046_length_8411_cov_3.948869	1679	1812	25	19	133	0.1428571
NODE_7046_length_8411_cov_3.948869	1679	1812	26	11	133	0.0827068
NODE_7046_length_8411_cov_3.948869	1679	1812	27	6	133	0.0451128
NODE_7046_length_8411_cov_3.948869	1679	1812	28	15	133	0.1127820
NODE_7046_length_8411_cov_3.948869	1679	1812	29	7	133	0.0526316
NODE_7046_length_8411_cov_3.948869	1679	1812	30	21	133	0.1578947
NODE_7046_length_8411_cov_3.948869	1679	1812	31	5	133	0.0375940
NODE_704_length_16303_cov_4.425759	1317	1450	14	25	133	0.1879699
NODE_704_length_16303_cov_4.425759	1317	1450	16	7	133	0.0526316
NODE_704_length_16303_cov_4.425759	1317	1450	18	1	133	0.0075188
NODE_704_length_16303_cov_4.425759	1317	1450	19	8	133	0.0601504
NODE_704_length_16303_cov_4.425759	1317	1450	20	6	133	0.0451128
NODE_704_length_16303_cov_4.425759	1317	1450	21	2	133	0.0150376
NODE_704_length_16303_cov_4.425759	1317	1450	22	6	133	0.0451128
NODE_704_length_16303_cov_4.425759	1317	1450	23	19	133	0.1428571
NODE_704_length_16303_cov_4.425759	1317	1450	24	17	133	0.1278196
NODE_704_length_16303_cov_4.425759	1317	1450	25	38	133	0.2857143
NODE_704_length_16303_cov_4.425759	1317	1450	26	4	133	0.0300752
NODE_70562_length_2845_cov_3.265113	1610	1743	3	25	133	0.1879699
NODE_70562_length_2845_cov_3.265113	1610	1743	4	61	133	0.4586466
NODE_70562_length_2845_cov_3.265113	1610	1743	5	18	133	0.1353384
NODE_70562_length_2845_cov_3.265113	1610	1743	6	29	133	0.2180451
NODE_70629_length_2843_cov_3.854592	1341	1474	18	18	133	0.1353384
NODE_70629_length_2843_cov_3.854592	1341	1474	19	39	133	0.2932331
NODE_70629_length_2843_cov_3.854592	1341	1474	20	10	133	0.0751880
NODE_70629_length_2843_cov_3.854592	1341	1474	21	6	133	0.0451128
NODE_70629_length_2843_cov_3.854592	1341	1474	22	8	133	0.0601504
NODE_70629_length_2843_cov_3.854592	1341	1474	23	13	133	0.0977444
NODE_70629_length_2843_cov_3.854592	1341	1474	24	2	133	0.0150376
NODE_70629_length_2843_cov_3.854592	1341	1474	25	15	133	0.1127820
NODE_70629_length_2843_cov_3.854592	1341	1474	26	19	133	0.1428571
NODE_70629_length_2843_cov_3.854592	1341	1474	27	3	133	0.0225564
NODE_7062_length_8408_cov_3.979420	3951	4084	5	39	133	0.2932331
NODE_7062_length_8408_cov_3.979420	3951	4084	6	26	133	0.1954887
NODE_7062_length_8408_cov_3.979420	3951	4084	7	5	133	0.0375940
NODE_7062_length_8408_cov_3.979420	3951	4084	8	6	133	0.0451128
NODE_7062_length_8408_cov_3.979420	3951	4084	10	10	133	0.0751880
NODE_7062_length_8408_cov_3.979420	3951	4084	11	11	133	0.0827068
NODE_7062_length_8408_cov_3.979420	3951	4084	12	13	133	0.0977444
NODE_7062_length_8408_cov_3.979420	3951	4084	13	23	133	0.1729323
NODE_7063_length_8406_cov_5.163115	3296	3429	10	4	133	0.0300752
NODE_7063_length_8406_cov_5.163115	3296	3429	11	21	133	0.1578947
NODE_7063_length_8406_cov_5.163115	3296	3429	12	8	133	0.0601504
NODE_7063_length_8406_cov_5.163115	3296	3429	13	29	133	0.2180451
NODE_7063_length_8406_cov_5.163115	3296	3429	14	46	133	0.3458647
NODE_7063_length_8406_cov_5.163115	3296	3429	15	25	133	0.1879699
NODE_70674_length_2842_cov_2.649654	1555	1688	7	2	133	0.0150376
NODE_70674_length_2842_cov_2.649654	1555	1688	8	23	133	0.1729323
NODE_70674_length_2842_cov_2.649654	1555	1688	10	2	133	0.0150376
NODE_70674_length_2842_cov_2.649654	1555	1688	11	2	133	0.0150376
NODE_70674_length_2842_cov_2.649654	1555	1688	12	12	133	0.0902256
NODE_70674_length_2842_cov_2.649654	1555	1688	13	7	133	0.0526316
NODE_70674_length_2842_cov_2.649654	1555	1688	14	32	133	0.2406015
NODE_70674_length_2842_cov_2.649654	1555	1688	15	18	133	0.1353384
NODE_70674_length_2842_cov_2.649654	1555	1688	16	16	133	0.1203008
NODE_70674_length_2842_cov_2.649654	1555	1688	17	19	133	0.1428571
NODE_7068_length_8404_cov_4.767249	1015	1148	19	3	133	0.0225564
NODE_7068_length_8404_cov_4.767249	1015	1148	20	1	133	0.0075188
NODE_7068_length_8404_cov_4.767249	1015	1148	21	5	133	0.0375940
NODE_7068_length_8404_cov_4.767249	1015	1148	22	6	133	0.0451128
NODE_7068_length_8404_cov_4.767249	1015	1148	24	14	133	0.1052632
NODE_7068_length_8404_cov_4.767249	1015	1148	25	7	133	0.0526316
NODE_7068_length_8404_cov_4.767249	1015	1148	26	1	133	0.0075188
NODE_7068_length_8404_cov_4.767249	1015	1148	28	16	133	0.1203008
NODE_7068_length_8404_cov_4.767249	1015	1148	29	22	133	0.1654135
NODE_7068_length_8404_cov_4.767249	1015	1148	30	13	133	0.0977444
NODE_7068_length_8404_cov_4.767249	1015	1148	31	15	133	0.1127820
NODE_7068_length_8404_cov_4.767249	1015	1148	32	26	133	0.1954887
NODE_7068_length_8404_cov_4.767249	1015	1148	33	4	133	0.0300752
NODE_7069_length_8403_cov_4.513006	1091	1224	25	1	133	0.0075188
NODE_7069_length_8403_cov_4.513006	1091	1224	26	1	133	0.0075188
NODE_7069_length_8403_cov_4.513006	1091	1224	27	5	133	0.0375940
NODE_7069_length_8403_cov_4.513006	1091	1224	28	5	133	0.0375940
NODE_7069_length_8403_cov_4.513006	1091	1224	29	1	133	0.0075188
NODE_7069_length_8403_cov_4.513006	1091	1224	31	1	133	0.0075188
NODE_7069_length_8403_cov_4.513006	1091	1224	32	7	133	0.0526316
NODE_7069_length_8403_cov_4.513006	1091	1224	33	5	133	0.0375940
NODE_7069_length_8403_cov_4.513006	1091	1224	35	3	133	0.0225564
NODE_7069_length_8403_cov_4.513006	1091	1224	37	6	133	0.0451128
NODE_7069_length_8403_cov_4.513006	1091	1224	38	1	133	0.0075188
NODE_7069_length_8403_cov_4.513006	1091	1224	39	9	133	0.0676692
NODE_7069_length_8403_cov_4.513006	1091	1224	40	13	133	0.0977444
NODE_7069_length_8403_cov_4.513006	1091	1224	41	12	133	0.0902256
NODE_7069_length_8403_cov_4.513006	1091	1224	42	13	133	0.0977444
NODE_7069_length_8403_cov_4.513006	1091	1224	43	3	133	0.0225564
NODE_7069_length_8403_cov_4.513006	1091	1224	44	9	133	0.0676692
NODE_7069_length_8403_cov_4.513006	1091	1224	45	3	133	0.0225564
NODE_7069_length_8403_cov_4.513006	1091	1224	46	19	133	0.1428571
NODE_7069_length_8403_cov_4.513006	1091	1224	47	7	133	0.0526316
NODE_7069_length_8403_cov_4.513006	1091	1224	48	9	133	0.0676692
NODE_706_length_16298_cov_22.038891	4305	4438	57	1	133	0.0075188
NODE_706_length_16298_cov_22.038891	4305	4438	59	3	133	0.0225564
NODE_706_length_16298_cov_22.038891	4305	4438	60	2	133	0.0150376
NODE_706_length_16298_cov_22.038891	4305	4438	61	15	133	0.1127820
NODE_706_length_16298_cov_22.038891	4305	4438	62	11	133	0.0827068
NODE_706_length_16298_cov_22.038891	4305	4438	63	7	133	0.0526316
NODE_706_length_16298_cov_22.038891	4305	4438	64	15	133	0.1127820
NODE_706_length_16298_cov_22.038891	4305	4438	65	12	133	0.0902256
NODE_706_length_16298_cov_22.038891	4305	4438	66	4	133	0.0300752
NODE_706_length_16298_cov_22.038891	4305	4438	67	2	133	0.0150376
NODE_706_length_16298_cov_22.038891	4305	4438	68	1	133	0.0075188
NODE_706_length_16298_cov_22.038891	4305	4438	69	3	133	0.0225564
NODE_706_length_16298_cov_22.038891	4305	4438	70	2	133	0.0150376
NODE_706_length_16298_cov_22.038891	4305	4438	71	5	133	0.0375940
NODE_706_length_16298_cov_22.038891	4305	4438	72	2	133	0.0150376
NODE_706_length_16298_cov_22.038891	4305	4438	73	1	133	0.0075188
NODE_706_length_16298_cov_22.038891	4305	4438	74	10	133	0.0751880
NODE_706_length_16298_cov_22.038891	4305	4438	75	14	133	0.1052632
NODE_706_length_16298_cov_22.038891	4305	4438	76	21	133	0.1578947
NODE_706_length_16298_cov_22.038891	4305	4438	77	2	133	0.0150376
NODE_70805_length_2838_cov_5.715590	1233	1366	18	29	133	0.2180451
NODE_70805_length_2838_cov_5.715590	1233	1366	19	9	133	0.0676692
NODE_70805_length_2838_cov_5.715590	1233	1366	22	17	133	0.1278196
NODE_70805_length_2838_cov_5.715590	1233	1366	23	19	133	0.1428571
NODE_70805_length_2838_cov_5.715590	1233	1366	24	3	133	0.0225564
NODE_70805_length_2838_cov_5.715590	1233	1366	25	7	133	0.0526316
NODE_70805_length_2838_cov_5.715590	1233	1366	26	21	133	0.1578947
NODE_70805_length_2838_cov_5.715590	1233	1366	27	23	133	0.1729323
NODE_70805_length_2838_cov_5.715590	1233	1366	28	5	133	0.0375940
NODE_70871_length_2837_cov_2.250183	2551	2684	1	7	133	0.0526316
NODE_70871_length_2837_cov_2.250183	2551	2684	2	40	133	0.3007519
NODE_70871_length_2837_cov_2.250183	2551	2684	3	72	133	0.5413534
NODE_70871_length_2837_cov_2.250183	2551	2684	4	14	133	0.1052632
NODE_70873_length_2836_cov_5.934600	129	262	11	6	133	0.0451128
NODE_70873_length_2836_cov_5.934600	129	262	12	11	133	0.0827068
NODE_70873_length_2836_cov_5.934600	129	262	13	16	133	0.1203008
NODE_70873_length_2836_cov_5.934600	129	262	14	15	133	0.1127820
NODE_70873_length_2836_cov_5.934600	129	262	15	67	133	0.5037594
NODE_70873_length_2836_cov_5.934600	129	262	16	17	133	0.1278196
NODE_70873_length_2836_cov_5.934600	129	262	17	1	133	0.0075188
NODE_7089_length_8394_cov_3.973719	6167	6300	1	16	133	0.1203008
NODE_7089_length_8394_cov_3.973719	6167	6300	2	34	133	0.2556391
NODE_7089_length_8394_cov_3.973719	6167	6300	3	83	133	0.6240602
NODE_70916_length_2835_cov_4.666667	1005	1138	14	5	133	0.0375940
NODE_70916_length_2835_cov_4.666667	1005	1138	15	4	133	0.0300752
NODE_70916_length_2835_cov_4.666667	1005	1138	16	5	133	0.0375940
NODE_70916_length_2835_cov_4.666667	1005	1138	17	11	133	0.0827068
NODE_70916_length_2835_cov_4.666667	1005	1138	19	25	133	0.1879699
NODE_70916_length_2835_cov_4.666667	1005	1138	20	3	133	0.0225564
NODE_70916_length_2835_cov_4.666667	1005	1138	21	4	133	0.0300752
NODE_70916_length_2835_cov_4.666667	1005	1138	23	13	133	0.0977444
NODE_70916_length_2835_cov_4.666667	1005	1138	25	11	133	0.0827068
NODE_70916_length_2835_cov_4.666667	1005	1138	26	1	133	0.0075188
NODE_70916_length_2835_cov_4.666667	1005	1138	27	6	133	0.0451128
NODE_70916_length_2835_cov_4.666667	1005	1138	28	11	133	0.0827068
NODE_70916_length_2835_cov_4.666667	1005	1138	29	19	133	0.1428571
NODE_70916_length_2835_cov_4.666667	1005	1138	30	11	133	0.0827068
NODE_70916_length_2835_cov_4.666667	1005	1138	31	1	133	0.0075188
NODE_70916_length_2835_cov_4.666667	1005	1138	32	3	133	0.0225564
NODE_70926_length_2835_cov_3.875365	2071	2204	3	2	133	0.0150376
NODE_70926_length_2835_cov_3.875365	2071	2204	4	27	133	0.2030075
NODE_70926_length_2835_cov_3.875365	2071	2204	5	1	133	0.0075188
NODE_70926_length_2835_cov_3.875365	2071	2204	6	4	133	0.0300752
NODE_70926_length_2835_cov_3.875365	2071	2204	7	8	133	0.0601504
NODE_70926_length_2835_cov_3.875365	2071	2204	9	12	133	0.0902256
NODE_70926_length_2835_cov_3.875365	2071	2204	10	1	133	0.0075188
NODE_70926_length_2835_cov_3.875365	2071	2204	11	3	133	0.0225564
NODE_70926_length_2835_cov_3.875365	2071	2204	12	23	133	0.1729323
NODE_70926_length_2835_cov_3.875365	2071	2204	13	41	133	0.3082707
NODE_70926_length_2835_cov_3.875365	2071	2204	14	11	133	0.0827068
NODE_7092_length_8392_cov_5.271916	3258	3391	3	35	133	0.2631579
NODE_7092_length_8392_cov_5.271916	3258	3391	4	23	133	0.1729323
NODE_7092_length_8392_cov_5.271916	3258	3391	5	12	133	0.0902256
NODE_7092_length_8392_cov_5.271916	3258	3391	6	10	133	0.0751880
NODE_7092_length_8392_cov_5.271916	3258	3391	7	31	133	0.2330827
NODE_7092_length_8392_cov_5.271916	3258	3391	8	22	133	0.1654135
NODE_70960_length_2834_cov_3.244973	2226	2359	7	6	133	0.0451128
NODE_70960_length_2834_cov_3.244973	2226	2359	8	12	133	0.0902256
NODE_70960_length_2834_cov_3.244973	2226	2359	9	6	133	0.0451128
NODE_70960_length_2834_cov_3.244973	2226	2359	10	11	133	0.0827068
NODE_70960_length_2834_cov_3.244973	2226	2359	11	43	133	0.3233083
NODE_70960_length_2834_cov_3.244973	2226	2359	12	15	133	0.1127820
NODE_70960_length_2834_cov_3.244973	2226	2359	13	34	133	0.2556391
NODE_70960_length_2834_cov_3.244973	2226	2359	15	6	133	0.0451128
NODE_70981_length_2833_cov_4.438917	2260	2393	5	7	133	0.0526316
NODE_70981_length_2833_cov_4.438917	2260	2393	6	18	133	0.1353384
NODE_70981_length_2833_cov_4.438917	2260	2393	7	5	133	0.0375940
NODE_70981_length_2833_cov_4.438917	2260	2393	8	8	133	0.0601504
NODE_70981_length_2833_cov_4.438917	2260	2393	9	13	133	0.0977444
NODE_70981_length_2833_cov_4.438917	2260	2393	10	26	133	0.1954887
NODE_70981_length_2833_cov_4.438917	2260	2393	11	5	133	0.0375940
NODE_70981_length_2833_cov_4.438917	2260	2393	12	25	133	0.1879699
NODE_70981_length_2833_cov_4.438917	2260	2393	14	24	133	0.1804511
NODE_70981_length_2833_cov_4.438917	2260	2393	15	2	133	0.0150376
NODE_70989_length_2833_cov_4.076079	255	388	53	3	133	0.0225564
NODE_70989_length_2833_cov_4.076079	255	388	54	4	133	0.0300752
NODE_70989_length_2833_cov_4.076079	255	388	56	1	133	0.0075188
NODE_70989_length_2833_cov_4.076079	255	388	58	8	133	0.0601504
NODE_70989_length_2833_cov_4.076079	255	388	63	1	133	0.0075188
NODE_70989_length_2833_cov_4.076079	255	388	64	2	133	0.0150376
NODE_70989_length_2833_cov_4.076079	255	388	65	1	133	0.0075188
NODE_70989_length_2833_cov_4.076079	255	388	66	1	133	0.0075188
NODE_70989_length_2833_cov_4.076079	255	388	67	3	133	0.0225564
NODE_70989_length_2833_cov_4.076079	255	388	68	3	133	0.0225564
NODE_70989_length_2833_cov_4.076079	255	388	71	3	133	0.0225564
NODE_70989_length_2833_cov_4.076079	255	388	72	1	133	0.0075188
NODE_70989_length_2833_cov_4.076079	255	388	73	1	133	0.0075188
NODE_70989_length_2833_cov_4.076079	255	388	75	1	133	0.0075188
NODE_70989_length_2833_cov_4.076079	255	388	84	1	133	0.0075188
NODE_70989_length_2833_cov_4.076079	255	388	85	10	133	0.0751880
NODE_70989_length_2833_cov_4.076079	255	388	89	2	133	0.0150376
NODE_70989_length_2833_cov_4.076079	255	388	90	9	133	0.0676692
NODE_70989_length_2833_cov_4.076079	255	388	91	9	133	0.0676692
NODE_70989_length_2833_cov_4.076079	255	388	93	1	133	0.0075188
NODE_70989_length_2833_cov_4.076079	255	388	95	2	133	0.0150376
NODE_70989_length_2833_cov_4.076079	255	388	97	13	133	0.0977444
NODE_70989_length_2833_cov_4.076079	255	388	98	7	133	0.0526316
NODE_70989_length_2833_cov_4.076079	255	388	99	5	133	0.0375940
NODE_70989_length_2833_cov_4.076079	255	388	100	3	133	0.0225564
NODE_70989_length_2833_cov_4.076079	255	388	101	8	133	0.0601504
NODE_70989_length_2833_cov_4.076079	255	388	102	3	133	0.0225564
NODE_70989_length_2833_cov_4.076079	255	388	103	5	133	0.0375940
NODE_70989_length_2833_cov_4.076079	255	388	104	12	133	0.0902256
NODE_70989_length_2833_cov_4.076079	255	388	106	1	133	0.0075188
NODE_70989_length_2833_cov_4.076079	255	388	107	5	133	0.0375940
NODE_70989_length_2833_cov_4.076079	255	388	109	4	133	0.0300752
NODE_70997_length_2833_cov_3.687637	937	1070	4	2	133	0.0150376
NODE_70997_length_2833_cov_3.687637	937	1070	5	17	133	0.1278196
NODE_70997_length_2833_cov_3.687637	937	1070	6	19	133	0.1428571
NODE_70997_length_2833_cov_3.687637	937	1070	7	77	133	0.5789474
NODE_70997_length_2833_cov_3.687637	937	1070	8	18	133	0.1353384
NODE_71009_length_2832_cov_5.602634	2064	2197	10	1	133	0.0075188
NODE_71009_length_2832_cov_5.602634	2064	2197	11	2	133	0.0150376
NODE_71009_length_2832_cov_5.602634	2064	2197	12	16	133	0.1203008
NODE_71009_length_2832_cov_5.602634	2064	2197	13	11	133	0.0827068
NODE_71009_length_2832_cov_5.602634	2064	2197	14	2	133	0.0150376
NODE_71009_length_2832_cov_5.602634	2064	2197	18	21	133	0.1578947
NODE_71009_length_2832_cov_5.602634	2064	2197	19	15	133	0.1127820
NODE_71009_length_2832_cov_5.602634	2064	2197	20	6	133	0.0451128
NODE_71009_length_2832_cov_5.602634	2064	2197	22	3	133	0.0225564
NODE_71009_length_2832_cov_5.602634	2064	2197	25	3	133	0.0225564
NODE_71009_length_2832_cov_5.602634	2064	2197	27	3	133	0.0225564
NODE_71009_length_2832_cov_5.602634	2064	2197	29	4	133	0.0300752
NODE_71009_length_2832_cov_5.602634	2064	2197	30	12	133	0.0902256
NODE_71009_length_2832_cov_5.602634	2064	2197	31	6	133	0.0451128
NODE_71009_length_2832_cov_5.602634	2064	2197	32	1	133	0.0075188
NODE_71009_length_2832_cov_5.602634	2064	2197	34	6	133	0.0451128
NODE_71009_length_2832_cov_5.602634	2064	2197	35	2	133	0.0150376
NODE_71009_length_2832_cov_5.602634	2064	2197	36	3	133	0.0225564
NODE_71009_length_2832_cov_5.602634	2064	2197	37	3	133	0.0225564
NODE_71009_length_2832_cov_5.602634	2064	2197	38	5	133	0.0375940
NODE_71009_length_2832_cov_5.602634	2064	2197	39	2	133	0.0150376
NODE_71009_length_2832_cov_5.602634	2064	2197	40	6	133	0.0451128
NODE_71074_length_2830_cov_4.693153	773	906	17	2	133	0.0150376
NODE_71074_length_2830_cov_4.693153	773	906	18	5	133	0.0375940
NODE_71074_length_2830_cov_4.693153	773	906	20	14	133	0.1052632
NODE_71074_length_2830_cov_4.693153	773	906	21	9	133	0.0676692
NODE_71074_length_2830_cov_4.693153	773	906	22	3	133	0.0225564
NODE_71074_length_2830_cov_4.693153	773	906	23	10	133	0.0751880
NODE_71074_length_2830_cov_4.693153	773	906	24	9	133	0.0676692
NODE_71074_length_2830_cov_4.693153	773	906	25	11	133	0.0827068
NODE_71074_length_2830_cov_4.693153	773	906	26	6	133	0.0451128
NODE_71074_length_2830_cov_4.693153	773	906	27	21	133	0.1578947
NODE_71074_length_2830_cov_4.693153	773	906	28	10	133	0.0751880
NODE_71074_length_2830_cov_4.693153	773	906	29	33	133	0.2481203
NODE_7109_length_8384_cov_3.485576	3288	3421	5	6	133	0.0451128
NODE_7109_length_8384_cov_3.485576	3288	3421	6	32	133	0.2406015
NODE_7109_length_8384_cov_3.485576	3288	3421	7	76	133	0.5714286
NODE_7109_length_8384_cov_3.485576	3288	3421	8	19	133	0.1428571
NODE_71111_length_2829_cov_3.794872	2405	2538	4	37	133	0.2781955
NODE_71111_length_2829_cov_3.794872	2405	2538	5	11	133	0.0827068
NODE_71111_length_2829_cov_3.794872	2405	2538	6	11	133	0.0827068
NODE_71111_length_2829_cov_3.794872	2405	2538	7	34	133	0.2556391
NODE_71111_length_2829_cov_3.794872	2405	2538	8	40	133	0.3007519
NODE_71136_length_2828_cov_4.518505	1046	1179	17	2	133	0.0150376
NODE_71136_length_2828_cov_4.518505	1046	1179	18	8	133	0.0601504
NODE_71136_length_2828_cov_4.518505	1046	1179	21	6	133	0.0451128
NODE_71136_length_2828_cov_4.518505	1046	1179	22	7	133	0.0526316
NODE_71136_length_2828_cov_4.518505	1046	1179	23	9	133	0.0676692
NODE_71136_length_2828_cov_4.518505	1046	1179	24	8	133	0.0601504
NODE_71136_length_2828_cov_4.518505	1046	1179	25	18	133	0.1353384
NODE_71136_length_2828_cov_4.518505	1046	1179	26	38	133	0.2857143
NODE_71136_length_2828_cov_4.518505	1046	1179	27	23	133	0.1729323
NODE_71136_length_2828_cov_4.518505	1046	1179	28	3	133	0.0225564
NODE_71136_length_2828_cov_4.518505	1046	1179	29	11	133	0.0827068
NODE_7114_length_8381_cov_3.966071	5534	5667	0	26	133	0.1954887
NODE_7114_length_8381_cov_3.966071	5534	5667	1	9	133	0.0676692
NODE_7114_length_8381_cov_3.966071	5534	5667	2	98	133	0.7368421
NODE_71279_length_2825_cov_3.905356	2028	2161	11	1	133	0.0075188
NODE_71279_length_2825_cov_3.905356	2028	2161	12	2	133	0.0150376
NODE_71279_length_2825_cov_3.905356	2028	2161	13	6	133	0.0451128
NODE_71279_length_2825_cov_3.905356	2028	2161	14	3	133	0.0225564
NODE_71279_length_2825_cov_3.905356	2028	2161	15	4	133	0.0300752
NODE_71279_length_2825_cov_3.905356	2028	2161	16	5	133	0.0375940
NODE_71279_length_2825_cov_3.905356	2028	2161	17	9	133	0.0676692
NODE_71279_length_2825_cov_3.905356	2028	2161	18	4	133	0.0300752
NODE_71279_length_2825_cov_3.905356	2028	2161	19	23	133	0.1729323
NODE_71279_length_2825_cov_3.905356	2028	2161	20	21	133	0.1578947
NODE_71279_length_2825_cov_3.905356	2028	2161	21	39	133	0.2932331
NODE_71279_length_2825_cov_3.905356	2028	2161	22	16	133	0.1203008
NODE_71353_length_2823_cov_5.932085	2635	2768	0	33	133	0.2481203
NODE_71353_length_2823_cov_5.932085	2635	2768	2	12	133	0.0902256
NODE_71353_length_2823_cov_5.932085	2635	2768	4	1	133	0.0075188
NODE_71353_length_2823_cov_5.932085	2635	2768	5	1	133	0.0075188
NODE_71353_length_2823_cov_5.932085	2635	2768	6	86	133	0.6466165
NODE_71368_length_2823_cov_3.987151	1723	1856	1	28	133	0.2105263
NODE_71368_length_2823_cov_3.987151	1723	1856	2	24	133	0.1804511
NODE_71368_length_2823_cov_3.987151	1723	1856	3	14	133	0.1052632
NODE_71368_length_2823_cov_3.987151	1723	1856	4	4	133	0.0300752
NODE_71368_length_2823_cov_3.987151	1723	1856	6	12	133	0.0902256
NODE_71368_length_2823_cov_3.987151	1723	1856	9	22	133	0.1654135
NODE_71368_length_2823_cov_3.987151	1723	1856	10	29	133	0.2180451
NODE_71377_length_2823_cov_3.108297	141	274	4	1	133	0.0075188
NODE_71377_length_2823_cov_3.108297	141	274	5	13	133	0.0977444
NODE_71377_length_2823_cov_3.108297	141	274	6	7	133	0.0526316
NODE_71377_length_2823_cov_3.108297	141	274	7	57	133	0.4285714
NODE_71377_length_2823_cov_3.108297	141	274	8	55	133	0.4135338
NODE_7140_length_8368_cov_5.401137	6702	6835	3	5	133	0.0375940
NODE_7140_length_8368_cov_5.401137	6702	6835	4	24	133	0.1804511
NODE_7140_length_8368_cov_5.401137	6702	6835	5	2	133	0.0150376
NODE_7140_length_8368_cov_5.401137	6702	6835	7	4	133	0.0300752
NODE_7140_length_8368_cov_5.401137	6702	6835	8	3	133	0.0225564
NODE_7140_length_8368_cov_5.401137	6702	6835	9	8	133	0.0601504
NODE_7140_length_8368_cov_5.401137	6702	6835	10	1	133	0.0075188
NODE_7140_length_8368_cov_5.401137	6702	6835	12	30	133	0.2255639
NODE_7140_length_8368_cov_5.401137	6702	6835	13	56	133	0.4210526
NODE_71421_length_2822_cov_2.986045	2423	2556	4	13	133	0.0977444
NODE_71421_length_2822_cov_2.986045	2423	2556	5	6	133	0.0451128
NODE_71421_length_2822_cov_2.986045	2423	2556	6	1	133	0.0075188
NODE_71421_length_2822_cov_2.986045	2423	2556	7	43	133	0.3233083
NODE_71421_length_2822_cov_2.986045	2423	2556	8	4	133	0.0300752
NODE_71421_length_2822_cov_2.986045	2423	2556	9	41	133	0.3082707
NODE_71421_length_2822_cov_2.986045	2423	2556	10	18	133	0.1353384
NODE_71421_length_2822_cov_2.986045	2423	2556	12	3	133	0.0225564
NODE_71421_length_2822_cov_2.986045	2423	2556	13	2	133	0.0150376
NODE_71421_length_2822_cov_2.986045	2423	2556	14	2	133	0.0150376
NODE_71431_length_2821_cov_5.882072	668	801	4	3	133	0.0225564
NODE_71431_length_2821_cov_5.882072	668	801	5	40	133	0.3007519
NODE_71431_length_2821_cov_5.882072	668	801	6	2	133	0.0150376
NODE_71431_length_2821_cov_5.882072	668	801	7	22	133	0.1654135
NODE_71431_length_2821_cov_5.882072	668	801	8	4	133	0.0300752
NODE_71431_length_2821_cov_5.882072	668	801	10	8	133	0.0601504
NODE_71431_length_2821_cov_5.882072	668	801	12	12	133	0.0902256
NODE_71431_length_2821_cov_5.882072	668	801	13	26	133	0.1954887
NODE_71431_length_2821_cov_5.882072	668	801	14	8	133	0.0601504
NODE_71431_length_2821_cov_5.882072	668	801	15	8	133	0.0601504
NODE_71438_length_2821_cov_4.593314	718	851	15	5	133	0.0375940
NODE_71438_length_2821_cov_4.593314	718	851	16	5	133	0.0375940
NODE_71438_length_2821_cov_4.593314	718	851	18	3	133	0.0225564
NODE_71438_length_2821_cov_4.593314	718	851	19	6	133	0.0451128
NODE_71438_length_2821_cov_4.593314	718	851	20	1	133	0.0075188
NODE_71438_length_2821_cov_4.593314	718	851	22	10	133	0.0751880
NODE_71438_length_2821_cov_4.593314	718	851	23	3	133	0.0225564
NODE_71438_length_2821_cov_4.593314	718	851	24	1	133	0.0075188
NODE_71438_length_2821_cov_4.593314	718	851	25	15	133	0.1127820
NODE_71438_length_2821_cov_4.593314	718	851	26	20	133	0.1503759
NODE_71438_length_2821_cov_4.593314	718	851	27	22	133	0.1654135
NODE_71438_length_2821_cov_4.593314	718	851	28	23	133	0.1729323
NODE_71438_length_2821_cov_4.593314	718	851	29	1	133	0.0075188
NODE_71438_length_2821_cov_4.593314	718	851	30	5	133	0.0375940
NODE_71438_length_2821_cov_4.593314	718	851	32	4	133	0.0300752
NODE_71438_length_2821_cov_4.593314	718	851	33	3	133	0.0225564
NODE_71438_length_2821_cov_4.593314	718	851	34	6	133	0.0451128
NODE_71452_length_2821_cov_4.211609	1285	1418	6	5	133	0.0375940
NODE_71452_length_2821_cov_4.211609	1285	1418	10	3	133	0.0225564
NODE_71452_length_2821_cov_4.211609	1285	1418	11	20	133	0.1503759
NODE_71452_length_2821_cov_4.211609	1285	1418	12	1	133	0.0075188
NODE_71452_length_2821_cov_4.211609	1285	1418	13	19	133	0.1428571
NODE_71452_length_2821_cov_4.211609	1285	1418	14	8	133	0.0601504
NODE_71452_length_2821_cov_4.211609	1285	1418	15	29	133	0.2180451
NODE_71452_length_2821_cov_4.211609	1285	1418	16	7	133	0.0526316
NODE_71452_length_2821_cov_4.211609	1285	1418	17	10	133	0.0751880
NODE_71452_length_2821_cov_4.211609	1285	1418	18	20	133	0.1503759
NODE_71452_length_2821_cov_4.211609	1285	1418	19	11	133	0.0827068
NODE_71485_length_2820_cov_4.523337	1240	1373	7	31	133	0.2330827
NODE_71485_length_2820_cov_4.523337	1240	1373	8	50	133	0.3759398
NODE_71485_length_2820_cov_4.523337	1240	1373	9	9	133	0.0676692
NODE_71485_length_2820_cov_4.523337	1240	1373	10	43	133	0.3233083
NODE_71496_length_2820_cov_3.530687	1658	1791	5	20	133	0.1503759
NODE_71496_length_2820_cov_3.530687	1658	1791	7	3	133	0.0225564
NODE_71496_length_2820_cov_3.530687	1658	1791	8	17	133	0.1278196
NODE_71496_length_2820_cov_3.530687	1658	1791	9	10	133	0.0751880
NODE_71496_length_2820_cov_3.530687	1658	1791	10	27	133	0.2030075
NODE_71496_length_2820_cov_3.530687	1658	1791	11	40	133	0.3007519
NODE_71496_length_2820_cov_3.530687	1658	1791	12	16	133	0.1203008
NODE_714_length_16264_cov_11.000062	11548	11681	18	8	133	0.0601504
NODE_714_length_16264_cov_11.000062	11548	11681	19	18	133	0.1353384
NODE_714_length_16264_cov_11.000062	11548	11681	20	30	133	0.2255639
NODE_714_length_16264_cov_11.000062	11548	11681	21	46	133	0.3458647
NODE_714_length_16264_cov_11.000062	11548	11681	22	10	133	0.0751880
NODE_714_length_16264_cov_11.000062	11548	11681	23	15	133	0.1127820
NODE_714_length_16264_cov_11.000062	11548	11681	24	6	133	0.0451128
NODE_71515_length_2819_cov_4.738971	112	245	4	2	133	0.0150376
NODE_71515_length_2819_cov_4.738971	112	245	5	3	133	0.0225564
NODE_71515_length_2819_cov_4.738971	112	245	6	1	133	0.0075188
NODE_71515_length_2819_cov_4.738971	112	245	7	19	133	0.1428571
NODE_71515_length_2819_cov_4.738971	112	245	8	12	133	0.0902256
NODE_71515_length_2819_cov_4.738971	112	245	9	8	133	0.0601504
NODE_71515_length_2819_cov_4.738971	112	245	11	7	133	0.0526316
NODE_71515_length_2819_cov_4.738971	112	245	12	19	133	0.1428571
NODE_71515_length_2819_cov_4.738971	112	245	13	10	133	0.0751880
NODE_71515_length_2819_cov_4.738971	112	245	15	5	133	0.0375940
NODE_71515_length_2819_cov_4.738971	112	245	17	13	133	0.0977444
NODE_71515_length_2819_cov_4.738971	112	245	18	1	133	0.0075188
NODE_71515_length_2819_cov_4.738971	112	245	19	1	133	0.0075188
NODE_71515_length_2819_cov_4.738971	112	245	20	15	133	0.1127820
NODE_71515_length_2819_cov_4.738971	112	245	21	6	133	0.0451128
NODE_71515_length_2819_cov_4.738971	112	245	22	11	133	0.0827068
NODE_71530_length_2819_cov_3.953309	2461	2594	0	35	133	0.2631579
NODE_71530_length_2819_cov_3.953309	2461	2594	1	13	133	0.0977444
NODE_71530_length_2819_cov_3.953309	2461	2594	2	43	133	0.3233083
NODE_71530_length_2819_cov_3.953309	2461	2594	3	31	133	0.2330827
NODE_71530_length_2819_cov_3.953309	2461	2594	4	11	133	0.0827068
NODE_7159_length_8361_cov_4.538611	2328	2461	6	9	133	0.0676692
NODE_7159_length_8361_cov_4.538611	2328	2461	8	2	133	0.0150376
NODE_7159_length_8361_cov_4.538611	2328	2461	9	4	133	0.0300752
NODE_7159_length_8361_cov_4.538611	2328	2461	10	11	133	0.0827068
NODE_7159_length_8361_cov_4.538611	2328	2461	11	16	133	0.1203008
NODE_7159_length_8361_cov_4.538611	2328	2461	13	1	133	0.0075188
NODE_7159_length_8361_cov_4.538611	2328	2461	14	7	133	0.0526316
NODE_7159_length_8361_cov_4.538611	2328	2461	16	3	133	0.0225564
NODE_7159_length_8361_cov_4.538611	2328	2461	17	8	133	0.0601504
NODE_7159_length_8361_cov_4.538611	2328	2461	18	7	133	0.0526316
NODE_7159_length_8361_cov_4.538611	2328	2461	19	18	133	0.1353384
NODE_7159_length_8361_cov_4.538611	2328	2461	20	33	133	0.2481203
NODE_7159_length_8361_cov_4.538611	2328	2461	21	14	133	0.1052632
NODE_71618_length_2817_cov_4.026490	1351	1484	5	9	133	0.0676692
NODE_71618_length_2817_cov_4.026490	1351	1484	6	19	133	0.1428571
NODE_71618_length_2817_cov_4.026490	1351	1484	7	68	133	0.5112782
NODE_71618_length_2817_cov_4.026490	1351	1484	8	37	133	0.2781955
NODE_71676_length_2815_cov_6.040501	1896	2029	7	12	133	0.0902256
NODE_71676_length_2815_cov_6.040501	1896	2029	8	8	133	0.0601504
NODE_71676_length_2815_cov_6.040501	1896	2029	9	67	133	0.5037594
NODE_71676_length_2815_cov_6.040501	1896	2029	10	5	133	0.0375940
NODE_71676_length_2815_cov_6.040501	1896	2029	11	4	133	0.0300752
NODE_71676_length_2815_cov_6.040501	1896	2029	12	7	133	0.0526316
NODE_71676_length_2815_cov_6.040501	1896	2029	13	2	133	0.0150376
NODE_71676_length_2815_cov_6.040501	1896	2029	14	8	133	0.0601504
NODE_71676_length_2815_cov_6.040501	1896	2029	15	20	133	0.1503759
NODE_71694_length_2815_cov_3.996686	1900	2033	1	7	133	0.0526316
NODE_71694_length_2815_cov_3.996686	1900	2033	2	8	133	0.0601504
NODE_71694_length_2815_cov_3.996686	1900	2033	4	36	133	0.2706767
NODE_71694_length_2815_cov_3.996686	1900	2033	5	14	133	0.1052632
NODE_71694_length_2815_cov_3.996686	1900	2033	7	7	133	0.0526316
NODE_71694_length_2815_cov_3.996686	1900	2033	8	28	133	0.2105263
NODE_71694_length_2815_cov_3.996686	1900	2033	9	33	133	0.2481203
NODE_7169_length_8358_cov_4.560964	3385	3518	14	1	133	0.0075188
NODE_7169_length_8358_cov_4.560964	3385	3518	16	2	133	0.0150376
NODE_7169_length_8358_cov_4.560964	3385	3518	17	3	133	0.0225564
NODE_7169_length_8358_cov_4.560964	3385	3518	18	1	133	0.0075188
NODE_7169_length_8358_cov_4.560964	3385	3518	19	3	133	0.0225564
NODE_7169_length_8358_cov_4.560964	3385	3518	20	13	133	0.0977444
NODE_7169_length_8358_cov_4.560964	3385	3518	23	1	133	0.0075188
NODE_7169_length_8358_cov_4.560964	3385	3518	24	8	133	0.0601504
NODE_7169_length_8358_cov_4.560964	3385	3518	25	28	133	0.2105263
NODE_7169_length_8358_cov_4.560964	3385	3518	26	15	133	0.1127820
NODE_7169_length_8358_cov_4.560964	3385	3518	27	13	133	0.0977444
NODE_7169_length_8358_cov_4.560964	3385	3518	28	9	133	0.0676692
NODE_7169_length_8358_cov_4.560964	3385	3518	29	28	133	0.2105263
NODE_7169_length_8358_cov_4.560964	3385	3518	30	7	133	0.0526316
NODE_7169_length_8358_cov_4.560964	3385	3518	31	1	133	0.0075188
NODE_71802_length_2812_cov_3.807962	2087	2220	11	5	133	0.0375940
NODE_71802_length_2812_cov_3.807962	2087	2220	13	14	133	0.1052632
NODE_71802_length_2812_cov_3.807962	2087	2220	16	8	133	0.0601504
NODE_71802_length_2812_cov_3.807962	2087	2220	19	5	133	0.0375940
NODE_71802_length_2812_cov_3.807962	2087	2220	20	2	133	0.0150376
NODE_71802_length_2812_cov_3.807962	2087	2220	21	5	133	0.0375940
NODE_71802_length_2812_cov_3.807962	2087	2220	22	3	133	0.0225564
NODE_71802_length_2812_cov_3.807962	2087	2220	23	20	133	0.1503759
NODE_71802_length_2812_cov_3.807962	2087	2220	25	5	133	0.0375940
NODE_71802_length_2812_cov_3.807962	2087	2220	26	18	133	0.1353384
NODE_71802_length_2812_cov_3.807962	2087	2220	27	6	133	0.0451128
NODE_71802_length_2812_cov_3.807962	2087	2220	28	11	133	0.0827068
NODE_71802_length_2812_cov_3.807962	2087	2220	29	11	133	0.0827068
NODE_71802_length_2812_cov_3.807962	2087	2220	30	10	133	0.0751880
NODE_71802_length_2812_cov_3.807962	2087	2220	31	3	133	0.0225564
NODE_71802_length_2812_cov_3.807962	2087	2220	33	7	133	0.0526316
NODE_71848_length_2811_cov_3.455383	1967	2100	4	2	133	0.0150376
NODE_71848_length_2811_cov_3.455383	1967	2100	5	12	133	0.0902256
NODE_71848_length_2811_cov_3.455383	1967	2100	7	6	133	0.0451128
NODE_71848_length_2811_cov_3.455383	1967	2100	10	2	133	0.0150376
NODE_71848_length_2811_cov_3.455383	1967	2100	12	8	133	0.0601504
NODE_71848_length_2811_cov_3.455383	1967	2100	13	10	133	0.0751880
NODE_71848_length_2811_cov_3.455383	1967	2100	14	6	133	0.0451128
NODE_71848_length_2811_cov_3.455383	1967	2100	15	8	133	0.0601504
NODE_71848_length_2811_cov_3.455383	1967	2100	16	17	133	0.1278196
NODE_71848_length_2811_cov_3.455383	1967	2100	17	6	133	0.0451128
NODE_71848_length_2811_cov_3.455383	1967	2100	18	53	133	0.3984962
NODE_71848_length_2811_cov_3.455383	1967	2100	19	3	133	0.0225564
NODE_71895_length_2810_cov_3.520472	1029	1162	21	2	133	0.0150376
NODE_71895_length_2810_cov_3.520472	1029	1162	22	4	133	0.0300752
NODE_71895_length_2810_cov_3.520472	1029	1162	23	12	133	0.0902256
NODE_71895_length_2810_cov_3.520472	1029	1162	24	3	133	0.0225564
NODE_71895_length_2810_cov_3.520472	1029	1162	25	30	133	0.2255639
NODE_71895_length_2810_cov_3.520472	1029	1162	26	15	133	0.1127820
NODE_71895_length_2810_cov_3.520472	1029	1162	27	37	133	0.2781955
NODE_71895_length_2810_cov_3.520472	1029	1162	28	23	133	0.1729323
NODE_71895_length_2810_cov_3.520472	1029	1162	29	7	133	0.0526316
NODE_7189_length_8348_cov_5.064250	2218	2351	9	16	133	0.1203008
NODE_7189_length_8348_cov_5.064250	2218	2351	12	23	133	0.1729323
NODE_7189_length_8348_cov_5.064250	2218	2351	13	6	133	0.0451128
NODE_7189_length_8348_cov_5.064250	2218	2351	15	4	133	0.0300752
NODE_7189_length_8348_cov_5.064250	2218	2351	16	1	133	0.0075188
NODE_7189_length_8348_cov_5.064250	2218	2351	17	3	133	0.0225564
NODE_7189_length_8348_cov_5.064250	2218	2351	18	13	133	0.0977444
NODE_7189_length_8348_cov_5.064250	2218	2351	20	32	133	0.2406015
NODE_7189_length_8348_cov_5.064250	2218	2351	21	11	133	0.0827068
NODE_7189_length_8348_cov_5.064250	2218	2351	22	18	133	0.1353384
NODE_7189_length_8348_cov_5.064250	2218	2351	23	6	133	0.0451128
NODE_71949_length_2809_cov_2.759041	1550	1683	2	30	133	0.2255639
NODE_71949_length_2809_cov_2.759041	1550	1683	4	103	133	0.7744361
NODE_71_length_25874_cov_5.006440	21128	21261	48	1	133	0.0075188
NODE_71_length_25874_cov_5.006440	21128	21261	50	3	133	0.0225564
NODE_71_length_25874_cov_5.006440	21128	21261	52	10	133	0.0751880
NODE_71_length_25874_cov_5.006440	21128	21261	53	6	133	0.0451128
NODE_71_length_25874_cov_5.006440	21128	21261	54	4	133	0.0300752
NODE_71_length_25874_cov_5.006440	21128	21261	55	1	133	0.0075188
NODE_71_length_25874_cov_5.006440	21128	21261	56	3	133	0.0225564
NODE_71_length_25874_cov_5.006440	21128	21261	58	1	133	0.0075188
NODE_71_length_25874_cov_5.006440	21128	21261	59	1	133	0.0075188
NODE_71_length_25874_cov_5.006440	21128	21261	60	3	133	0.0225564
NODE_71_length_25874_cov_5.006440	21128	21261	61	1	133	0.0075188
NODE_71_length_25874_cov_5.006440	21128	21261	62	9	133	0.0676692
NODE_71_length_25874_cov_5.006440	21128	21261	63	5	133	0.0375940
NODE_71_length_25874_cov_5.006440	21128	21261	64	5	133	0.0375940
NODE_71_length_25874_cov_5.006440	21128	21261	65	2	133	0.0150376
NODE_71_length_25874_cov_5.006440	21128	21261	66	5	133	0.0375940
NODE_71_length_25874_cov_5.006440	21128	21261	68	11	133	0.0827068
NODE_71_length_25874_cov_5.006440	21128	21261	69	11	133	0.0827068
NODE_71_length_25874_cov_5.006440	21128	21261	70	10	133	0.0751880
NODE_71_length_25874_cov_5.006440	21128	21261	71	7	133	0.0526316
NODE_71_length_25874_cov_5.006440	21128	21261	72	15	133	0.1127820
NODE_71_length_25874_cov_5.006440	21128	21261	73	5	133	0.0375940
NODE_71_length_25874_cov_5.006440	21128	21261	74	8	133	0.0601504
NODE_71_length_25874_cov_5.006440	21128	21261	75	6	133	0.0451128
NODE_72041_length_2806_cov_4.280384	1790	1923	6	11	133	0.0827068
NODE_72041_length_2806_cov_4.280384	1790	1923	7	52	133	0.3909774
NODE_72041_length_2806_cov_4.280384	1790	1923	8	17	133	0.1278196
NODE_72041_length_2806_cov_4.280384	1790	1923	9	14	133	0.1052632
NODE_72041_length_2806_cov_4.280384	1790	1923	10	16	133	0.1203008
NODE_72041_length_2806_cov_4.280384	1790	1923	11	12	133	0.0902256
NODE_72041_length_2806_cov_4.280384	1790	1923	12	11	133	0.0827068
NODE_72056_length_2806_cov_3.473218	2695	2828	0	22	133	0.1654135
NODE_72056_length_2806_cov_3.473218	2695	2828	1	21	133	0.1578947
NODE_72056_length_2806_cov_3.473218	2695	2828	2	90	133	0.6766917
NODE_7205_length_8343_cov_3.867297	1998	2131	6	35	133	0.2631579
NODE_7205_length_8343_cov_3.867297	1998	2131	7	5	133	0.0375940
NODE_7205_length_8343_cov_3.867297	1998	2131	8	30	133	0.2255639
NODE_7205_length_8343_cov_3.867297	1998	2131	9	32	133	0.2406015
NODE_7205_length_8343_cov_3.867297	1998	2131	10	31	133	0.2330827
NODE_7209_length_8341_cov_4.770565	2815	2948	13	21	133	0.1578947
NODE_7209_length_8341_cov_4.770565	2815	2948	15	22	133	0.1654135
NODE_7209_length_8341_cov_4.770565	2815	2948	16	7	133	0.0526316
NODE_7209_length_8341_cov_4.770565	2815	2948	17	1	133	0.0075188
NODE_7209_length_8341_cov_4.770565	2815	2948	18	36	133	0.2706767
NODE_7209_length_8341_cov_4.770565	2815	2948	19	15	133	0.1127820
NODE_7209_length_8341_cov_4.770565	2815	2948	20	4	133	0.0300752
NODE_7209_length_8341_cov_4.770565	2815	2948	21	24	133	0.1804511
NODE_7209_length_8341_cov_4.770565	2815	2948	22	3	133	0.0225564
NODE_7211_length_8340_cov_4.331756	1244	1377	6	21	133	0.1578947
NODE_7211_length_8340_cov_4.331756	1244	1377	7	20	133	0.1503759
NODE_7211_length_8340_cov_4.331756	1244	1377	9	3	133	0.0225564
NODE_7211_length_8340_cov_4.331756	1244	1377	10	21	133	0.1578947
NODE_7211_length_8340_cov_4.331756	1244	1377	11	39	133	0.2932331
NODE_7211_length_8340_cov_4.331756	1244	1377	12	29	133	0.2180451
NODE_72123_length_2804_cov_4.613678	255	388	7	29	133	0.2180451
NODE_72123_length_2804_cov_4.613678	255	388	10	12	133	0.0902256
NODE_72123_length_2804_cov_4.613678	255	388	11	3	133	0.0225564
NODE_72123_length_2804_cov_4.613678	255	388	12	25	133	0.1879699
NODE_72123_length_2804_cov_4.613678	255	388	13	9	133	0.0676692
NODE_72123_length_2804_cov_4.613678	255	388	14	16	133	0.1203008
NODE_72123_length_2804_cov_4.613678	255	388	15	37	133	0.2781955
NODE_72123_length_2804_cov_4.613678	255	388	16	2	133	0.0150376
NODE_72127_length_2804_cov_4.406654	2088	2221	3	17	133	0.1278196
NODE_72127_length_2804_cov_4.406654	2088	2221	4	41	133	0.3082707
NODE_72127_length_2804_cov_4.406654	2088	2221	5	35	133	0.2631579
NODE_72127_length_2804_cov_4.406654	2088	2221	6	35	133	0.2631579
NODE_72127_length_2804_cov_4.406654	2088	2221	7	5	133	0.0375940
NODE_7216_length_8339_cov_4.088714	4512	4645	11	14	133	0.1052632
NODE_7216_length_8339_cov_4.088714	4512	4645	12	2	133	0.0150376
NODE_7216_length_8339_cov_4.088714	4512	4645	13	13	133	0.0977444
NODE_7216_length_8339_cov_4.088714	4512	4645	14	50	133	0.3759398
NODE_7216_length_8339_cov_4.088714	4512	4645	15	19	133	0.1428571
NODE_7216_length_8339_cov_4.088714	4512	4645	16	25	133	0.1879699
NODE_7216_length_8339_cov_4.088714	4512	4645	17	10	133	0.0751880
NODE_7218_length_8338_cov_4.726302	4972	5105	8	31	133	0.2330827
NODE_7218_length_8338_cov_4.726302	4972	5105	9	28	133	0.2105263
NODE_7218_length_8338_cov_4.726302	4972	5105	10	13	133	0.0977444
NODE_7218_length_8338_cov_4.726302	4972	5105	11	28	133	0.2105263
NODE_7218_length_8338_cov_4.726302	4972	5105	12	19	133	0.1428571
NODE_7218_length_8338_cov_4.726302	4972	5105	13	3	133	0.0225564
NODE_7218_length_8338_cov_4.726302	4972	5105	14	9	133	0.0676692
NODE_7218_length_8338_cov_4.726302	4972	5105	15	2	133	0.0150376
NODE_72220_length_2802_cov_4.065853	1317	1450	10	10	133	0.0751880
NODE_72220_length_2802_cov_4.065853	1317	1450	11	36	133	0.2706767
NODE_72220_length_2802_cov_4.065853	1317	1450	12	2	133	0.0150376
NODE_72220_length_2802_cov_4.065853	1317	1450	13	14	133	0.1052632
NODE_72220_length_2802_cov_4.065853	1317	1450	14	37	133	0.2781955
NODE_72220_length_2802_cov_4.065853	1317	1450	15	10	133	0.0751880
NODE_72220_length_2802_cov_4.065853	1317	1450	16	24	133	0.1804511
NODE_72227_length_2802_cov_3.897151	2205	2338	5	14	133	0.1052632
NODE_72227_length_2802_cov_3.897151	2205	2338	6	8	133	0.0601504
NODE_72227_length_2802_cov_3.897151	2205	2338	7	7	133	0.0526316
NODE_72227_length_2802_cov_3.897151	2205	2338	8	3	133	0.0225564
NODE_72227_length_2802_cov_3.897151	2205	2338	9	89	133	0.6691729
NODE_72227_length_2802_cov_3.897151	2205	2338	10	12	133	0.0902256
NODE_72237_length_2802_cov_3.595265	2314	2447	6	11	133	0.0827068
NODE_72237_length_2802_cov_3.595265	2314	2447	7	22	133	0.1654135
NODE_72237_length_2802_cov_3.595265	2314	2447	8	16	133	0.1203008
NODE_72237_length_2802_cov_3.595265	2314	2447	9	24	133	0.1804511
NODE_72237_length_2802_cov_3.595265	2314	2447	10	22	133	0.1654135
NODE_72237_length_2802_cov_3.595265	2314	2447	11	26	133	0.1954887
NODE_72237_length_2802_cov_3.595265	2314	2447	12	12	133	0.0902256
NODE_72260_length_2801_cov_4.303479	2545	2678	17	3	133	0.0225564
NODE_72260_length_2801_cov_4.303479	2545	2678	18	5	133	0.0375940
NODE_72260_length_2801_cov_4.303479	2545	2678	19	11	133	0.0827068
NODE_72260_length_2801_cov_4.303479	2545	2678	21	14	133	0.1052632
NODE_72260_length_2801_cov_4.303479	2545	2678	22	2	133	0.0150376
NODE_72260_length_2801_cov_4.303479	2545	2678	23	13	133	0.0977444
NODE_72260_length_2801_cov_4.303479	2545	2678	24	4	133	0.0300752
NODE_72260_length_2801_cov_4.303479	2545	2678	25	25	133	0.1879699
NODE_72260_length_2801_cov_4.303479	2545	2678	26	41	133	0.3082707
NODE_72260_length_2801_cov_4.303479	2545	2678	27	10	133	0.0751880
NODE_72260_length_2801_cov_4.303479	2545	2678	28	5	133	0.0375940
NODE_7226_length_8334_cov_5.035944	4726	4859	15	4	133	0.0300752
NODE_7226_length_8334_cov_5.035944	4726	4859	16	1	133	0.0075188
NODE_7226_length_8334_cov_5.035944	4726	4859	18	1	133	0.0075188
NODE_7226_length_8334_cov_5.035944	4726	4859	19	7	133	0.0526316
NODE_7226_length_8334_cov_5.035944	4726	4859	20	9	133	0.0676692
NODE_7226_length_8334_cov_5.035944	4726	4859	21	5	133	0.0375940
NODE_7226_length_8334_cov_5.035944	4726	4859	22	2	133	0.0150376
NODE_7226_length_8334_cov_5.035944	4726	4859	23	2	133	0.0150376
NODE_7226_length_8334_cov_5.035944	4726	4859	24	4	133	0.0300752
NODE_7226_length_8334_cov_5.035944	4726	4859	26	22	133	0.1654135
NODE_7226_length_8334_cov_5.035944	4726	4859	27	1	133	0.0075188
NODE_7226_length_8334_cov_5.035944	4726	4859	28	12	133	0.0902256
NODE_7226_length_8334_cov_5.035944	4726	4859	29	17	133	0.1278196
NODE_7226_length_8334_cov_5.035944	4726	4859	30	42	133	0.3157895
NODE_7226_length_8334_cov_5.035944	4726	4859	31	3	133	0.0225564
NODE_7226_length_8334_cov_5.035944	4726	4859	32	1	133	0.0075188
NODE_72369_length_2799_cov_3.086667	2721	2854	0	55	133	0.4135338
NODE_72369_length_2799_cov_3.086667	2721	2854	6	16	133	0.1203008
NODE_72369_length_2799_cov_3.086667	2721	2854	7	9	133	0.0676692
NODE_72369_length_2799_cov_3.086667	2721	2854	9	53	133	0.3984962
NODE_72384_length_2798_cov_4.987403	463	596	18	17	133	0.1278196
NODE_72384_length_2798_cov_4.987403	463	596	19	16	133	0.1203008
NODE_72384_length_2798_cov_4.987403	463	596	21	15	133	0.1127820
NODE_72384_length_2798_cov_4.987403	463	596	22	8	133	0.0601504
NODE_72384_length_2798_cov_4.987403	463	596	25	7	133	0.0526316
NODE_72384_length_2798_cov_4.987403	463	596	26	6	133	0.0451128
NODE_72384_length_2798_cov_4.987403	463	596	27	1	133	0.0075188
NODE_72384_length_2798_cov_4.987403	463	596	28	3	133	0.0225564
NODE_72384_length_2798_cov_4.987403	463	596	29	3	133	0.0225564
NODE_72384_length_2798_cov_4.987403	463	596	30	1	133	0.0075188
NODE_72384_length_2798_cov_4.987403	463	596	32	1	133	0.0075188
NODE_72384_length_2798_cov_4.987403	463	596	36	6	133	0.0451128
NODE_72384_length_2798_cov_4.987403	463	596	37	1	133	0.0075188
NODE_72384_length_2798_cov_4.987403	463	596	38	10	133	0.0751880
NODE_72384_length_2798_cov_4.987403	463	596	39	16	133	0.1203008
NODE_72384_length_2798_cov_4.987403	463	596	40	8	133	0.0601504
NODE_72384_length_2798_cov_4.987403	463	596	42	8	133	0.0601504
NODE_72384_length_2798_cov_4.987403	463	596	43	5	133	0.0375940
NODE_72384_length_2798_cov_4.987403	463	596	44	1	133	0.0075188
NODE_72388_length_2798_cov_4.662097	1870	2003	5	16	133	0.1203008
NODE_72388_length_2798_cov_4.662097	1870	2003	6	10	133	0.0751880
NODE_72388_length_2798_cov_4.662097	1870	2003	9	44	133	0.3308271
NODE_72388_length_2798_cov_4.662097	1870	2003	10	33	133	0.2481203
NODE_72388_length_2798_cov_4.662097	1870	2003	11	15	133	0.1127820
NODE_72388_length_2798_cov_4.662097	1870	2003	12	15	133	0.1127820
NODE_72398_length_2798_cov_4.152279	2242	2375	13	11	133	0.0827068
NODE_72398_length_2798_cov_4.152279	2242	2375	14	9	133	0.0676692
NODE_72398_length_2798_cov_4.152279	2242	2375	20	1	133	0.0075188
NODE_72398_length_2798_cov_4.152279	2242	2375	21	3	133	0.0225564
NODE_72398_length_2798_cov_4.152279	2242	2375	22	12	133	0.0902256
NODE_72398_length_2798_cov_4.152279	2242	2375	23	13	133	0.0977444
NODE_72398_length_2798_cov_4.152279	2242	2375	24	12	133	0.0902256
NODE_72398_length_2798_cov_4.152279	2242	2375	25	28	133	0.2105263
NODE_72398_length_2798_cov_4.152279	2242	2375	26	7	133	0.0526316
NODE_72398_length_2798_cov_4.152279	2242	2375	27	13	133	0.0977444
NODE_72398_length_2798_cov_4.152279	2242	2375	28	23	133	0.1729323
NODE_72398_length_2798_cov_4.152279	2242	2375	29	1	133	0.0075188
NODE_724_length_16194_cov_5.311401	10338	10471	4	1	133	0.0075188
NODE_724_length_16194_cov_5.311401	10338	10471	5	11	133	0.0827068
NODE_724_length_16194_cov_5.311401	10338	10471	6	2	133	0.0150376
NODE_724_length_16194_cov_5.311401	10338	10471	7	1	133	0.0075188
NODE_724_length_16194_cov_5.311401	10338	10471	8	1	133	0.0075188
NODE_724_length_16194_cov_5.311401	10338	10471	10	7	133	0.0526316
NODE_724_length_16194_cov_5.311401	10338	10471	11	6	133	0.0451128
NODE_724_length_16194_cov_5.311401	10338	10471	12	2	133	0.0150376
NODE_724_length_16194_cov_5.311401	10338	10471	13	9	133	0.0676692
NODE_724_length_16194_cov_5.311401	10338	10471	15	3	133	0.0225564
NODE_724_length_16194_cov_5.311401	10338	10471	17	13	133	0.0977444
NODE_724_length_16194_cov_5.311401	10338	10471	18	11	133	0.0827068
NODE_724_length_16194_cov_5.311401	10338	10471	19	33	133	0.2481203
NODE_724_length_16194_cov_5.311401	10338	10471	20	33	133	0.2481203
NODE_72530_length_2794_cov_5.419295	2497	2630	7	8	133	0.0601504
NODE_72530_length_2794_cov_5.419295	2497	2630	8	4	133	0.0300752
NODE_72530_length_2794_cov_5.419295	2497	2630	9	36	133	0.2706767
NODE_72530_length_2794_cov_5.419295	2497	2630	10	7	133	0.0526316
NODE_72530_length_2794_cov_5.419295	2497	2630	11	23	133	0.1729323
NODE_72530_length_2794_cov_5.419295	2497	2630	12	28	133	0.2105263
NODE_72530_length_2794_cov_5.419295	2497	2630	13	14	133	0.1052632
NODE_72530_length_2794_cov_5.419295	2497	2630	14	13	133	0.0977444
NODE_72587_length_2793_cov_3.966221	1563	1696	2	34	133	0.2556391
NODE_72587_length_2793_cov_3.966221	1563	1696	4	46	133	0.3458647
NODE_72587_length_2793_cov_3.966221	1563	1696	6	53	133	0.3984962
NODE_72639_length_2791_cov_4.551634	1980	2113	1	27	133	0.2030075
NODE_72639_length_2791_cov_4.551634	1980	2113	2	9	133	0.0676692
NODE_72639_length_2791_cov_4.551634	1980	2113	3	97	133	0.7293233
NODE_72673_length_2790_cov_5.296544	2237	2370	3	40	133	0.3007519
NODE_72673_length_2790_cov_5.296544	2237	2370	4	81	133	0.6090226
NODE_72673_length_2790_cov_5.296544	2237	2370	6	12	133	0.0902256
NODE_72735_length_2789_cov_5.231227	809	942	6	4	133	0.0300752
NODE_72735_length_2789_cov_5.231227	809	942	7	5	133	0.0375940
NODE_72735_length_2789_cov_5.231227	809	942	8	3	133	0.0225564
NODE_72735_length_2789_cov_5.231227	809	942	9	27	133	0.2030075
NODE_72735_length_2789_cov_5.231227	809	942	10	6	133	0.0451128
NODE_72735_length_2789_cov_5.231227	809	942	11	11	133	0.0827068
NODE_72735_length_2789_cov_5.231227	809	942	12	17	133	0.1278196
NODE_72735_length_2789_cov_5.231227	809	942	13	21	133	0.1578947
NODE_72735_length_2789_cov_5.231227	809	942	14	12	133	0.0902256
NODE_72735_length_2789_cov_5.231227	809	942	15	27	133	0.2030075
NODE_7276_length_8313_cov_4.737034	5813	5946	6	2	133	0.0150376
NODE_7276_length_8313_cov_4.737034	5813	5946	7	13	133	0.0977444
NODE_7276_length_8313_cov_4.737034	5813	5946	8	14	133	0.1052632
NODE_7276_length_8313_cov_4.737034	5813	5946	9	19	133	0.1428571
NODE_7276_length_8313_cov_4.737034	5813	5946	10	11	133	0.0827068
NODE_7276_length_8313_cov_4.737034	5813	5946	11	18	133	0.1353384
NODE_7276_length_8313_cov_4.737034	5813	5946	12	8	133	0.0601504
NODE_7276_length_8313_cov_4.737034	5813	5946	13	18	133	0.1353384
NODE_7276_length_8313_cov_4.737034	5813	5946	14	30	133	0.2255639
NODE_72781_length_2788_cov_4.692079	878	1011	5	2	133	0.0150376
NODE_72781_length_2788_cov_4.692079	878	1011	7	5	133	0.0375940
NODE_72781_length_2788_cov_4.692079	878	1011	8	35	133	0.2631579
NODE_72781_length_2788_cov_4.692079	878	1011	9	68	133	0.5112782
NODE_72781_length_2788_cov_4.692079	878	1011	10	23	133	0.1729323
NODE_72793_length_2788_cov_4.117516	1462	1595	0	31	133	0.2330827
NODE_72793_length_2788_cov_4.117516	1462	1595	1	36	133	0.2706767
NODE_72793_length_2788_cov_4.117516	1462	1595	2	66	133	0.4962406
NODE_72831_length_2787_cov_4.230283	576	709	1	12	133	0.0902256
NODE_72831_length_2787_cov_4.230283	576	709	2	33	133	0.2481203
NODE_72831_length_2787_cov_4.230283	576	709	4	62	133	0.4661654
NODE_72831_length_2787_cov_4.230283	576	709	5	6	133	0.0451128
NODE_72831_length_2787_cov_4.230283	576	709	6	20	133	0.1503759
NODE_72833_length_2787_cov_4.120164	1934	2067	6	12	133	0.0902256
NODE_72833_length_2787_cov_4.120164	1934	2067	7	81	133	0.6090226
NODE_72833_length_2787_cov_4.120164	1934	2067	8	16	133	0.1203008
NODE_72833_length_2787_cov_4.120164	1934	2067	9	24	133	0.1804511
NODE_7288_length_8309_cov_4.231669	3751	3884	5	5	133	0.0375940
NODE_7288_length_8309_cov_4.231669	3751	3884	7	1	133	0.0075188
NODE_7288_length_8309_cov_4.231669	3751	3884	8	1	133	0.0075188
NODE_7288_length_8309_cov_4.231669	3751	3884	9	8	133	0.0601504
NODE_7288_length_8309_cov_4.231669	3751	3884	10	15	133	0.1127820
NODE_7288_length_8309_cov_4.231669	3751	3884	12	11	133	0.0827068
NODE_7288_length_8309_cov_4.231669	3751	3884	13	25	133	0.1879699
NODE_7288_length_8309_cov_4.231669	3751	3884	14	1	133	0.0075188
NODE_7288_length_8309_cov_4.231669	3751	3884	15	24	133	0.1804511
NODE_7288_length_8309_cov_4.231669	3751	3884	16	21	133	0.1578947
NODE_7288_length_8309_cov_4.231669	3751	3884	17	21	133	0.1578947
NODE_7294_length_8307_cov_4.229288	6395	6528	20	1	133	0.0075188
NODE_7294_length_8307_cov_4.229288	6395	6528	21	17	133	0.1278196
NODE_7294_length_8307_cov_4.229288	6395	6528	22	4	133	0.0300752
NODE_7294_length_8307_cov_4.229288	6395	6528	23	7	133	0.0526316
NODE_7294_length_8307_cov_4.229288	6395	6528	24	3	133	0.0225564
NODE_7294_length_8307_cov_4.229288	6395	6528	25	12	133	0.0902256
NODE_7294_length_8307_cov_4.229288	6395	6528	26	12	133	0.0902256
NODE_7294_length_8307_cov_4.229288	6395	6528	27	2	133	0.0150376
NODE_7294_length_8307_cov_4.229288	6395	6528	28	19	133	0.1428571
NODE_7294_length_8307_cov_4.229288	6395	6528	29	4	133	0.0300752
NODE_7294_length_8307_cov_4.229288	6395	6528	30	9	133	0.0676692
NODE_7294_length_8307_cov_4.229288	6395	6528	31	12	133	0.0902256
NODE_7294_length_8307_cov_4.229288	6395	6528	32	18	133	0.1353384
NODE_7294_length_8307_cov_4.229288	6395	6528	33	13	133	0.0977444
NODE_72972_length_2783_cov_310.991058	1952	2085	144	1	133	0.0075188
NODE_72972_length_2783_cov_310.991058	1952	2085	146	1	133	0.0075188
NODE_72972_length_2783_cov_310.991058	1952	2085	147	2	133	0.0150376
NODE_72972_length_2783_cov_310.991058	1952	2085	148	3	133	0.0225564
NODE_72972_length_2783_cov_310.991058	1952	2085	149	6	133	0.0451128
NODE_72972_length_2783_cov_310.991058	1952	2085	150	4	133	0.0300752
NODE_72972_length_2783_cov_310.991058	1952	2085	151	3	133	0.0225564
NODE_72972_length_2783_cov_310.991058	1952	2085	152	2	133	0.0150376
NODE_72972_length_2783_cov_310.991058	1952	2085	153	1	133	0.0075188
NODE_72972_length_2783_cov_310.991058	1952	2085	154	1	133	0.0075188
NODE_72972_length_2783_cov_310.991058	1952	2085	157	1	133	0.0075188
NODE_72972_length_2783_cov_310.991058	1952	2085	158	2	133	0.0150376
NODE_72972_length_2783_cov_310.991058	1952	2085	159	2	133	0.0150376
NODE_72972_length_2783_cov_310.991058	1952	2085	160	3	133	0.0225564
NODE_72972_length_2783_cov_310.991058	1952	2085	161	6	133	0.0451128
NODE_72972_length_2783_cov_310.991058	1952	2085	162	3	133	0.0225564
NODE_72972_length_2783_cov_310.991058	1952	2085	163	1	133	0.0075188
NODE_72972_length_2783_cov_310.991058	1952	2085	164	4	133	0.0300752
NODE_72972_length_2783_cov_310.991058	1952	2085	168	3	133	0.0225564
NODE_72972_length_2783_cov_310.991058	1952	2085	171	4	133	0.0300752
NODE_72972_length_2783_cov_310.991058	1952	2085	172	1	133	0.0075188
NODE_72972_length_2783_cov_310.991058	1952	2085	173	1	133	0.0075188
NODE_72972_length_2783_cov_310.991058	1952	2085	174	2	133	0.0150376
NODE_72972_length_2783_cov_310.991058	1952	2085	176	1	133	0.0075188
NODE_72972_length_2783_cov_310.991058	1952	2085	177	1	133	0.0075188
NODE_72972_length_2783_cov_310.991058	1952	2085	186	1	133	0.0075188
NODE_72972_length_2783_cov_310.991058	1952	2085	191	1	133	0.0075188
NODE_72972_length_2783_cov_310.991058	1952	2085	195	1	133	0.0075188
NODE_72972_length_2783_cov_310.991058	1952	2085	196	1	133	0.0075188
NODE_72972_length_2783_cov_310.991058	1952	2085	197	2	133	0.0150376
NODE_72972_length_2783_cov_310.991058	1952	2085	199	3	133	0.0225564
NODE_72972_length_2783_cov_310.991058	1952	2085	200	6	133	0.0451128
NODE_72972_length_2783_cov_310.991058	1952	2085	201	6	133	0.0451128
NODE_72972_length_2783_cov_310.991058	1952	2085	202	3	133	0.0225564
NODE_72972_length_2783_cov_310.991058	1952	2085	203	3	133	0.0225564
NODE_72972_length_2783_cov_310.991058	1952	2085	204	1	133	0.0075188
NODE_72972_length_2783_cov_310.991058	1952	2085	205	5	133	0.0375940
NODE_72972_length_2783_cov_310.991058	1952	2085	206	1	133	0.0075188
NODE_72972_length_2783_cov_310.991058	1952	2085	207	5	133	0.0375940
NODE_72972_length_2783_cov_310.991058	1952	2085	209	1	133	0.0075188
NODE_72972_length_2783_cov_310.991058	1952	2085	211	1	133	0.0075188
NODE_72972_length_2783_cov_310.991058	1952	2085	213	4	133	0.0300752
NODE_72972_length_2783_cov_310.991058	1952	2085	214	2	133	0.0150376
NODE_72972_length_2783_cov_310.991058	1952	2085	215	4	133	0.0300752
NODE_72972_length_2783_cov_310.991058	1952	2085	216	2	133	0.0150376
NODE_72972_length_2783_cov_310.991058	1952	2085	217	2	133	0.0150376
NODE_72972_length_2783_cov_310.991058	1952	2085	218	4	133	0.0300752
NODE_72972_length_2783_cov_310.991058	1952	2085	219	3	133	0.0225564
NODE_72972_length_2783_cov_310.991058	1952	2085	220	1	133	0.0075188
NODE_72972_length_2783_cov_310.991058	1952	2085	221	5	133	0.0375940
NODE_72972_length_2783_cov_310.991058	1952	2085	223	2	133	0.0150376
NODE_72972_length_2783_cov_310.991058	1952	2085	224	2	133	0.0150376
NODE_72972_length_2783_cov_310.991058	1952	2085	226	2	133	0.0150376
NODE_7297_length_8306_cov_3.796393	1449	1582	0	8	133	0.0601504
NODE_7297_length_8306_cov_3.796393	1449	1582	1	17	133	0.1278196
NODE_7297_length_8306_cov_3.796393	1449	1582	2	108	133	0.8120301
NODE_72_length_25680_cov_4.528126	19383	19516	12	2	133	0.0150376
NODE_72_length_25680_cov_4.528126	19383	19516	13	4	133	0.0300752
NODE_72_length_25680_cov_4.528126	19383	19516	14	13	133	0.0977444
NODE_72_length_25680_cov_4.528126	19383	19516	15	3	133	0.0225564
NODE_72_length_25680_cov_4.528126	19383	19516	16	18	133	0.1353384
NODE_72_length_25680_cov_4.528126	19383	19516	17	2	133	0.0150376
NODE_72_length_25680_cov_4.528126	19383	19516	18	38	133	0.2857143
NODE_72_length_25680_cov_4.528126	19383	19516	19	11	133	0.0827068
NODE_72_length_25680_cov_4.528126	19383	19516	20	23	133	0.1729323
NODE_72_length_25680_cov_4.528126	19383	19516	21	3	133	0.0225564
NODE_72_length_25680_cov_4.528126	19383	19516	22	16	133	0.1203008
NODE_73000_length_2783_cov_3.056259	529	662	1	11	133	0.0827068
NODE_73000_length_2783_cov_3.056259	529	662	2	32	133	0.2406015
NODE_73000_length_2783_cov_3.056259	529	662	3	90	133	0.6766917
NODE_73012_length_2782_cov_5.592247	1585	1718	7	5	133	0.0375940
NODE_73012_length_2782_cov_5.592247	1585	1718	9	11	133	0.0827068
NODE_73012_length_2782_cov_5.592247	1585	1718	11	2	133	0.0150376
NODE_73012_length_2782_cov_5.592247	1585	1718	12	4	133	0.0300752
NODE_73012_length_2782_cov_5.592247	1585	1718	13	43	133	0.3233083
NODE_73012_length_2782_cov_5.592247	1585	1718	14	11	133	0.0827068
NODE_73012_length_2782_cov_5.592247	1585	1718	15	1	133	0.0075188
NODE_73012_length_2782_cov_5.592247	1585	1718	16	5	133	0.0375940
NODE_73012_length_2782_cov_5.592247	1585	1718	17	11	133	0.0827068
NODE_73012_length_2782_cov_5.592247	1585	1718	18	28	133	0.2105263
NODE_73012_length_2782_cov_5.592247	1585	1718	19	12	133	0.0902256
NODE_73036_length_2782_cov_3.115915	415	548	7	50	133	0.3759398
NODE_73036_length_2782_cov_3.115915	415	548	8	2	133	0.0150376
NODE_73036_length_2782_cov_3.115915	415	548	9	37	133	0.2781955
NODE_73036_length_2782_cov_3.115915	415	548	10	36	133	0.2706767
NODE_73036_length_2782_cov_3.115915	415	548	11	5	133	0.0375940
NODE_73036_length_2782_cov_3.115915	415	548	12	3	133	0.0225564
NODE_73068_length_2781_cov_3.763982	1119	1252	9	6	133	0.0451128
NODE_73068_length_2781_cov_3.763982	1119	1252	10	1	133	0.0075188
NODE_73068_length_2781_cov_3.763982	1119	1252	11	4	133	0.0300752
NODE_73068_length_2781_cov_3.763982	1119	1252	12	2	133	0.0150376
NODE_73068_length_2781_cov_3.763982	1119	1252	13	9	133	0.0676692
NODE_73068_length_2781_cov_3.763982	1119	1252	14	14	133	0.1052632
NODE_73068_length_2781_cov_3.763982	1119	1252	15	15	133	0.1127820
NODE_73068_length_2781_cov_3.763982	1119	1252	16	27	133	0.2030075
NODE_73068_length_2781_cov_3.763982	1119	1252	17	7	133	0.0526316
NODE_73068_length_2781_cov_3.763982	1119	1252	18	17	133	0.1278196
NODE_73068_length_2781_cov_3.763982	1119	1252	19	31	133	0.2330827
NODE_73110_length_2780_cov_3.784409	1255	1388	8	6	133	0.0451128
NODE_73110_length_2780_cov_3.784409	1255	1388	9	51	133	0.3834586
NODE_73110_length_2780_cov_3.784409	1255	1388	10	4	133	0.0300752
NODE_73110_length_2780_cov_3.784409	1255	1388	12	2	133	0.0150376
NODE_73110_length_2780_cov_3.784409	1255	1388	13	5	133	0.0375940
NODE_73110_length_2780_cov_3.784409	1255	1388	14	4	133	0.0300752
NODE_73110_length_2780_cov_3.784409	1255	1388	15	2	133	0.0150376
NODE_73110_length_2780_cov_3.784409	1255	1388	16	2	133	0.0150376
NODE_73110_length_2780_cov_3.784409	1255	1388	17	3	133	0.0225564
NODE_73110_length_2780_cov_3.784409	1255	1388	18	4	133	0.0300752
NODE_73110_length_2780_cov_3.784409	1255	1388	19	2	133	0.0150376
NODE_73110_length_2780_cov_3.784409	1255	1388	20	5	133	0.0375940
NODE_73110_length_2780_cov_3.784409	1255	1388	22	6	133	0.0451128
NODE_73110_length_2780_cov_3.784409	1255	1388	23	5	133	0.0375940
NODE_73110_length_2780_cov_3.784409	1255	1388	25	2	133	0.0150376
NODE_73110_length_2780_cov_3.784409	1255	1388	27	4	133	0.0300752
NODE_73110_length_2780_cov_3.784409	1255	1388	28	18	133	0.1353384
NODE_73110_length_2780_cov_3.784409	1255	1388	29	8	133	0.0601504
NODE_73159_length_2779_cov_3.461567	1036	1169	1	68	133	0.5112782
NODE_73159_length_2779_cov_3.461567	1036	1169	2	23	133	0.1729323
NODE_73159_length_2779_cov_3.461567	1036	1169	3	42	133	0.3157895
NODE_7321_length_8296_cov_4.888252	6463	6596	9	15	133	0.1127820
NODE_7321_length_8296_cov_4.888252	6463	6596	11	2	133	0.0150376
NODE_7321_length_8296_cov_4.888252	6463	6596	12	29	133	0.2180451
NODE_7321_length_8296_cov_4.888252	6463	6596	13	66	133	0.4962406
NODE_7321_length_8296_cov_4.888252	6463	6596	14	16	133	0.1203008
NODE_7321_length_8296_cov_4.888252	6463	6596	15	5	133	0.0375940
NODE_7325_length_8295_cov_6.968765	2232	2365	5	48	133	0.3609022
NODE_7325_length_8295_cov_6.968765	2232	2365	6	22	133	0.1654135
NODE_7325_length_8295_cov_6.968765	2232	2365	7	8	133	0.0601504
NODE_7325_length_8295_cov_6.968765	2232	2365	9	55	133	0.4135338
NODE_7328_length_8294_cov_11.365223	7311	7444	6	1	133	0.0075188
NODE_7328_length_8294_cov_11.365223	7311	7444	7	3	133	0.0225564
NODE_7328_length_8294_cov_11.365223	7311	7444	8	12	133	0.0902256
NODE_7328_length_8294_cov_11.365223	7311	7444	9	28	133	0.2105263
NODE_7328_length_8294_cov_11.365223	7311	7444	10	70	133	0.5263158
NODE_7328_length_8294_cov_11.365223	7311	7444	11	19	133	0.1428571
NODE_73334_length_2775_cov_3.711883	1210	1343	0	24	133	0.1804511
NODE_73334_length_2775_cov_3.711883	1210	1343	2	27	133	0.2030075
NODE_73334_length_2775_cov_3.711883	1210	1343	4	82	133	0.6165413
NODE_73450_length_2772_cov_3.213618	1232	1365	8	16	133	0.1203008
NODE_73450_length_2772_cov_3.213618	1232	1365	9	30	133	0.2255639
NODE_73450_length_2772_cov_3.213618	1232	1365	10	46	133	0.3458647
NODE_73450_length_2772_cov_3.213618	1232	1365	11	22	133	0.1654135
NODE_73450_length_2772_cov_3.213618	1232	1365	12	17	133	0.1278196
NODE_73450_length_2772_cov_3.213618	1232	1365	13	2	133	0.0150376
NODE_7355_length_8284_cov_4.356384	1787	1920	5	11	133	0.0827068
NODE_7355_length_8284_cov_4.356384	1787	1920	6	11	133	0.0827068
NODE_7355_length_8284_cov_4.356384	1787	1920	9	10	133	0.0751880
NODE_7355_length_8284_cov_4.356384	1787	1920	10	15	133	0.1127820
NODE_7355_length_8284_cov_4.356384	1787	1920	12	30	133	0.2255639
NODE_7355_length_8284_cov_4.356384	1787	1920	13	41	133	0.3082707
NODE_7355_length_8284_cov_4.356384	1787	1920	14	15	133	0.1127820
NODE_7357_length_8284_cov_2.964692	1546	1679	17	4	133	0.0300752
NODE_7357_length_8284_cov_2.964692	1546	1679	22	9	133	0.0676692
NODE_7357_length_8284_cov_2.964692	1546	1679	23	1	133	0.0075188
NODE_7357_length_8284_cov_2.964692	1546	1679	24	19	133	0.1428571
NODE_7357_length_8284_cov_2.964692	1546	1679	25	7	133	0.0526316
NODE_7357_length_8284_cov_2.964692	1546	1679	26	7	133	0.0526316
NODE_7357_length_8284_cov_2.964692	1546	1679	28	5	133	0.0375940
NODE_7357_length_8284_cov_2.964692	1546	1679	29	8	133	0.0601504
NODE_7357_length_8284_cov_2.964692	1546	1679	30	8	133	0.0601504
NODE_7357_length_8284_cov_2.964692	1546	1679	31	10	133	0.0751880
NODE_7357_length_8284_cov_2.964692	1546	1679	32	12	133	0.0902256
NODE_7357_length_8284_cov_2.964692	1546	1679	33	9	133	0.0676692
NODE_7357_length_8284_cov_2.964692	1546	1679	34	6	133	0.0451128
NODE_7357_length_8284_cov_2.964692	1546	1679	35	16	133	0.1203008
NODE_7357_length_8284_cov_2.964692	1546	1679	36	12	133	0.0902256
NODE_73582_length_2768_cov_4.738854	1191	1324	23	3	133	0.0225564
NODE_73582_length_2768_cov_4.738854	1191	1324	24	9	133	0.0676692
NODE_73582_length_2768_cov_4.738854	1191	1324	26	7	133	0.0526316
NODE_73582_length_2768_cov_4.738854	1191	1324	27	3	133	0.0225564
NODE_73582_length_2768_cov_4.738854	1191	1324	28	13	133	0.0977444
NODE_73582_length_2768_cov_4.738854	1191	1324	29	12	133	0.0902256
NODE_73582_length_2768_cov_4.738854	1191	1324	30	8	133	0.0601504
NODE_73582_length_2768_cov_4.738854	1191	1324	31	3	133	0.0225564
NODE_73582_length_2768_cov_4.738854	1191	1324	32	15	133	0.1127820
NODE_73582_length_2768_cov_4.738854	1191	1324	33	9	133	0.0676692
NODE_73582_length_2768_cov_4.738854	1191	1324	35	5	133	0.0375940
NODE_73582_length_2768_cov_4.738854	1191	1324	36	22	133	0.1654135
NODE_73582_length_2768_cov_4.738854	1191	1324	37	8	133	0.0601504
NODE_73582_length_2768_cov_4.738854	1191	1324	38	14	133	0.1052632
NODE_73582_length_2768_cov_4.738854	1191	1324	39	2	133	0.0150376
NODE_7358_length_8283_cov_4.587732	5932	6065	15	14	133	0.1052632
NODE_7358_length_8283_cov_4.587732	5932	6065	16	8	133	0.0601504
NODE_7358_length_8283_cov_4.587732	5932	6065	17	7	133	0.0526316
NODE_7358_length_8283_cov_4.587732	5932	6065	18	24	133	0.1804511
NODE_7358_length_8283_cov_4.587732	5932	6065	19	18	133	0.1353384
NODE_7358_length_8283_cov_4.587732	5932	6065	20	32	133	0.2406015
NODE_7358_length_8283_cov_4.587732	5932	6065	21	17	133	0.1278196
NODE_7358_length_8283_cov_4.587732	5932	6065	22	6	133	0.0451128
NODE_7358_length_8283_cov_4.587732	5932	6065	23	7	133	0.0526316
NODE_73607_length_2768_cov_3.348070	1806	1939	2	9	133	0.0676692
NODE_73607_length_2768_cov_3.348070	1806	1939	3	116	133	0.8721805
NODE_73607_length_2768_cov_3.348070	1806	1939	4	8	133	0.0601504
NODE_7374_length_8275_cov_4.511497	7206	7339	14	2	133	0.0150376
NODE_7374_length_8275_cov_4.511497	7206	7339	16	5	133	0.0375940
NODE_7374_length_8275_cov_4.511497	7206	7339	17	2	133	0.0150376
NODE_7374_length_8275_cov_4.511497	7206	7339	18	2	133	0.0150376
NODE_7374_length_8275_cov_4.511497	7206	7339	19	6	133	0.0451128
NODE_7374_length_8275_cov_4.511497	7206	7339	21	1	133	0.0075188
NODE_7374_length_8275_cov_4.511497	7206	7339	23	8	133	0.0601504
NODE_7374_length_8275_cov_4.511497	7206	7339	24	1	133	0.0075188
NODE_7374_length_8275_cov_4.511497	7206	7339	26	14	133	0.1052632
NODE_7374_length_8275_cov_4.511497	7206	7339	29	5	133	0.0375940
NODE_7374_length_8275_cov_4.511497	7206	7339	30	11	133	0.0827068
NODE_7374_length_8275_cov_4.511497	7206	7339	31	14	133	0.1052632
NODE_7374_length_8275_cov_4.511497	7206	7339	32	6	133	0.0451128
NODE_7374_length_8275_cov_4.511497	7206	7339	33	12	133	0.0902256
NODE_7374_length_8275_cov_4.511497	7206	7339	34	4	133	0.0300752
NODE_7374_length_8275_cov_4.511497	7206	7339	35	1	133	0.0075188
NODE_7374_length_8275_cov_4.511497	7206	7339	36	7	133	0.0526316
NODE_7374_length_8275_cov_4.511497	7206	7339	37	5	133	0.0375940
NODE_7374_length_8275_cov_4.511497	7206	7339	38	14	133	0.1052632
NODE_7374_length_8275_cov_4.511497	7206	7339	39	12	133	0.0902256
NODE_7374_length_8275_cov_4.511497	7206	7339	40	1	133	0.0075188
NODE_73760_length_2764_cov_4.515572	1141	1274	22	2	133	0.0150376
NODE_73760_length_2764_cov_4.515572	1141	1274	23	25	133	0.1879699
NODE_73760_length_2764_cov_4.515572	1141	1274	24	19	133	0.1428571
NODE_73760_length_2764_cov_4.515572	1141	1274	25	17	133	0.1278196
NODE_73760_length_2764_cov_4.515572	1141	1274	26	44	133	0.3308271
NODE_73760_length_2764_cov_4.515572	1141	1274	27	21	133	0.1578947
NODE_73760_length_2764_cov_4.515572	1141	1274	28	5	133	0.0375940
NODE_73888_length_2761_cov_3.702104	1075	1208	16	5	133	0.0375940
NODE_73888_length_2761_cov_3.702104	1075	1208	17	5	133	0.0375940
NODE_73888_length_2761_cov_3.702104	1075	1208	19	1	133	0.0075188
NODE_73888_length_2761_cov_3.702104	1075	1208	20	23	133	0.1729323
NODE_73888_length_2761_cov_3.702104	1075	1208	21	22	133	0.1654135
NODE_73888_length_2761_cov_3.702104	1075	1208	22	3	133	0.0225564
NODE_73888_length_2761_cov_3.702104	1075	1208	23	31	133	0.2330827
NODE_73888_length_2761_cov_3.702104	1075	1208	25	30	133	0.2255639
NODE_73888_length_2761_cov_3.702104	1075	1208	26	6	133	0.0451128
NODE_73888_length_2761_cov_3.702104	1075	1208	27	7	133	0.0526316
NODE_74000_length_2758_cov_5.253855	1826	1959	8	19	133	0.1428571
NODE_74000_length_2758_cov_5.253855	1826	1959	10	7	133	0.0526316
NODE_74000_length_2758_cov_5.253855	1826	1959	11	2	133	0.0150376
NODE_74000_length_2758_cov_5.253855	1826	1959	12	3	133	0.0225564
NODE_74000_length_2758_cov_5.253855	1826	1959	13	1	133	0.0075188
NODE_74000_length_2758_cov_5.253855	1826	1959	14	18	133	0.1353384
NODE_74000_length_2758_cov_5.253855	1826	1959	15	7	133	0.0526316
NODE_74000_length_2758_cov_5.253855	1826	1959	16	13	133	0.0977444
NODE_74000_length_2758_cov_5.253855	1826	1959	17	5	133	0.0375940
NODE_74000_length_2758_cov_5.253855	1826	1959	18	14	133	0.1052632
NODE_74000_length_2758_cov_5.253855	1826	1959	19	23	133	0.1729323
NODE_74000_length_2758_cov_5.253855	1826	1959	20	21	133	0.1578947
NODE_74006_length_2758_cov_4.549455	259	392	4	32	133	0.2406015
NODE_74006_length_2758_cov_4.549455	259	392	5	12	133	0.0902256
NODE_74006_length_2758_cov_4.549455	259	392	6	14	133	0.1052632
NODE_74006_length_2758_cov_4.549455	259	392	7	6	133	0.0451128
NODE_74006_length_2758_cov_4.549455	259	392	9	11	133	0.0827068
NODE_74006_length_2758_cov_4.549455	259	392	10	58	133	0.4360902
NODE_74046_length_2757_cov_5.030850	470	603	10	45	133	0.3383459
NODE_74046_length_2757_cov_5.030850	470	603	11	50	133	0.3759398
NODE_74046_length_2757_cov_5.030850	470	603	12	30	133	0.2255639
NODE_74046_length_2757_cov_5.030850	470	603	13	8	133	0.0601504
NODE_7405_length_8258_cov_4.564040	3037	3170	14	6	133	0.0451128
NODE_7405_length_8258_cov_4.564040	3037	3170	15	1	133	0.0075188
NODE_7405_length_8258_cov_4.564040	3037	3170	18	1	133	0.0075188
NODE_7405_length_8258_cov_4.564040	3037	3170	19	2	133	0.0150376
NODE_7405_length_8258_cov_4.564040	3037	3170	20	5	133	0.0375940
NODE_7405_length_8258_cov_4.564040	3037	3170	21	33	133	0.2481203
NODE_7405_length_8258_cov_4.564040	3037	3170	22	5	133	0.0375940
NODE_7405_length_8258_cov_4.564040	3037	3170	23	6	133	0.0451128
NODE_7405_length_8258_cov_4.564040	3037	3170	24	12	133	0.0902256
NODE_7405_length_8258_cov_4.564040	3037	3170	25	12	133	0.0902256
NODE_7405_length_8258_cov_4.564040	3037	3170	26	30	133	0.2255639
NODE_7405_length_8258_cov_4.564040	3037	3170	28	10	133	0.0751880
NODE_7405_length_8258_cov_4.564040	3037	3170	30	3	133	0.0225564
NODE_7405_length_8258_cov_4.564040	3037	3170	31	7	133	0.0526316
NODE_74160_length_2755_cov_3.111822	1860	1993	4	22	133	0.1654135
NODE_74160_length_2755_cov_3.111822	1860	1993	5	1	133	0.0075188
NODE_74160_length_2755_cov_3.111822	1860	1993	7	16	133	0.1203008
NODE_74160_length_2755_cov_3.111822	1860	1993	8	45	133	0.3383459
NODE_74160_length_2755_cov_3.111822	1860	1993	9	43	133	0.3233083
NODE_74160_length_2755_cov_3.111822	1860	1993	10	6	133	0.0451128
NODE_74179_length_2754_cov_4.550282	1770	1903	3	2	133	0.0150376
NODE_74179_length_2754_cov_4.550282	1770	1903	4	52	133	0.3909774
NODE_74179_length_2754_cov_4.550282	1770	1903	5	17	133	0.1278196
NODE_74179_length_2754_cov_4.550282	1770	1903	6	32	133	0.2406015
NODE_74179_length_2754_cov_4.550282	1770	1903	7	30	133	0.2255639
NODE_7421_length_8251_cov_4.795878	2527	2660	3	7	133	0.0526316
NODE_7421_length_8251_cov_4.795878	2527	2660	4	2	133	0.0150376
NODE_7421_length_8251_cov_4.795878	2527	2660	6	9	133	0.0676692
NODE_7421_length_8251_cov_4.795878	2527	2660	7	35	133	0.2631579
NODE_7421_length_8251_cov_4.795878	2527	2660	8	20	133	0.1503759
NODE_7421_length_8251_cov_4.795878	2527	2660	9	17	133	0.1278196
NODE_7421_length_8251_cov_4.795878	2527	2660	10	24	133	0.1804511
NODE_7421_length_8251_cov_4.795878	2527	2660	11	19	133	0.1428571
NODE_74259_length_2752_cov_5.313984	1036	1169	17	5	133	0.0375940
NODE_74259_length_2752_cov_5.313984	1036	1169	18	1	133	0.0075188
NODE_74259_length_2752_cov_5.313984	1036	1169	19	21	133	0.1578947
NODE_74259_length_2752_cov_5.313984	1036	1169	23	3	133	0.0225564
NODE_74259_length_2752_cov_5.313984	1036	1169	24	1	133	0.0075188
NODE_74259_length_2752_cov_5.313984	1036	1169	26	1	133	0.0075188
NODE_74259_length_2752_cov_5.313984	1036	1169	27	11	133	0.0827068
NODE_74259_length_2752_cov_5.313984	1036	1169	28	3	133	0.0225564
NODE_74259_length_2752_cov_5.313984	1036	1169	29	14	133	0.1052632
NODE_74259_length_2752_cov_5.313984	1036	1169	30	8	133	0.0601504
NODE_74259_length_2752_cov_5.313984	1036	1169	31	1	133	0.0075188
NODE_74259_length_2752_cov_5.313984	1036	1169	32	5	133	0.0375940
NODE_74259_length_2752_cov_5.313984	1036	1169	33	2	133	0.0150376
NODE_74259_length_2752_cov_5.313984	1036	1169	34	2	133	0.0150376
NODE_74259_length_2752_cov_5.313984	1036	1169	35	2	133	0.0150376
NODE_74259_length_2752_cov_5.313984	1036	1169	36	2	133	0.0150376
NODE_74259_length_2752_cov_5.313984	1036	1169	37	1	133	0.0075188
NODE_74259_length_2752_cov_5.313984	1036	1169	39	7	133	0.0526316
NODE_74259_length_2752_cov_5.313984	1036	1169	40	20	133	0.1503759
NODE_74259_length_2752_cov_5.313984	1036	1169	41	14	133	0.1052632
NODE_74259_length_2752_cov_5.313984	1036	1169	42	5	133	0.0375940
NODE_74259_length_2752_cov_5.313984	1036	1169	43	3	133	0.0225564
NODE_74259_length_2752_cov_5.313984	1036	1169	44	1	133	0.0075188
NODE_74278_length_2752_cov_3.900113	113	246	1	9	133	0.0676692
NODE_74278_length_2752_cov_3.900113	113	246	2	113	133	0.8496240
NODE_74278_length_2752_cov_3.900113	113	246	3	2	133	0.0150376
NODE_74278_length_2752_cov_3.900113	113	246	4	9	133	0.0676692
NODE_7434_length_8245_cov_3.884851	6707	6840	6	8	133	0.0601504
NODE_7434_length_8245_cov_3.884851	6707	6840	7	1	133	0.0075188
NODE_7434_length_8245_cov_3.884851	6707	6840	8	18	133	0.1353384
NODE_7434_length_8245_cov_3.884851	6707	6840	9	33	133	0.2481203
NODE_7434_length_8245_cov_3.884851	6707	6840	10	16	133	0.1203008
NODE_7434_length_8245_cov_3.884851	6707	6840	11	10	133	0.0751880
NODE_7434_length_8245_cov_3.884851	6707	6840	12	1	133	0.0075188
NODE_7434_length_8245_cov_3.884851	6707	6840	13	46	133	0.3458647
NODE_74389_length_2749_cov_4.365660	1349	1482	6	19	133	0.1428571
NODE_74389_length_2749_cov_4.365660	1349	1482	8	8	133	0.0601504
NODE_74389_length_2749_cov_4.365660	1349	1482	9	37	133	0.2781955
NODE_74389_length_2749_cov_4.365660	1349	1482	10	28	133	0.2105263
NODE_74389_length_2749_cov_4.365660	1349	1482	11	23	133	0.1729323
NODE_74389_length_2749_cov_4.365660	1349	1482	12	5	133	0.0375940
NODE_74389_length_2749_cov_4.365660	1349	1482	13	13	133	0.0977444
NODE_743_length_16077_cov_4.723870	11289	11422	6	1	133	0.0075188
NODE_743_length_16077_cov_4.723870	11289	11422	7	6	133	0.0451128
NODE_743_length_16077_cov_4.723870	11289	11422	8	1	133	0.0075188
NODE_743_length_16077_cov_4.723870	11289	11422	9	1	133	0.0075188
NODE_743_length_16077_cov_4.723870	11289	11422	10	6	133	0.0451128
NODE_743_length_16077_cov_4.723870	11289	11422	11	4	133	0.0300752
NODE_743_length_16077_cov_4.723870	11289	11422	12	10	133	0.0751880
NODE_743_length_16077_cov_4.723870	11289	11422	13	4	133	0.0300752
NODE_743_length_16077_cov_4.723870	11289	11422	14	22	133	0.1654135
NODE_743_length_16077_cov_4.723870	11289	11422	16	1	133	0.0075188
NODE_743_length_16077_cov_4.723870	11289	11422	17	33	133	0.2481203
NODE_743_length_16077_cov_4.723870	11289	11422	18	30	133	0.2255639
NODE_743_length_16077_cov_4.723870	11289	11422	19	14	133	0.1052632
NODE_74428_length_2748_cov_4.700642	2082	2215	0	133	133	1.0000000
NODE_74456_length_2747_cov_4.881420	1145	1278	1	19	133	0.1428571
NODE_74456_length_2747_cov_4.881420	1145	1278	2	21	133	0.1578947
NODE_74456_length_2747_cov_4.881420	1145	1278	3	27	133	0.2030075
NODE_74456_length_2747_cov_4.881420	1145	1278	4	66	133	0.4962406
NODE_744_length_16066_cov_5.240559	577	710	9	8	133	0.0601504
NODE_744_length_16066_cov_5.240559	577	710	10	9	133	0.0676692
NODE_744_length_16066_cov_5.240559	577	710	11	11	133	0.0827068
NODE_744_length_16066_cov_5.240559	577	710	12	8	133	0.0601504
NODE_744_length_16066_cov_5.240559	577	710	13	5	133	0.0375940
NODE_744_length_16066_cov_5.240559	577	710	14	8	133	0.0601504
NODE_744_length_16066_cov_5.240559	577	710	15	3	133	0.0225564
NODE_744_length_16066_cov_5.240559	577	710	16	16	133	0.1203008
NODE_744_length_16066_cov_5.240559	577	710	17	27	133	0.2030075
NODE_744_length_16066_cov_5.240559	577	710	18	35	133	0.2631579
NODE_744_length_16066_cov_5.240559	577	710	20	3	133	0.0225564
NODE_7461_length_8233_cov_4.201500	5599	5732	5	11	133	0.0827068
NODE_7461_length_8233_cov_4.201500	5599	5732	6	9	133	0.0676692
NODE_7461_length_8233_cov_4.201500	5599	5732	8	28	133	0.2105263
NODE_7461_length_8233_cov_4.201500	5599	5732	10	27	133	0.2030075
NODE_7461_length_8233_cov_4.201500	5599	5732	11	3	133	0.0225564
NODE_7461_length_8233_cov_4.201500	5599	5732	12	55	133	0.4135338
NODE_74635_length_2743_cov_4.246596	159	292	9	2	133	0.0150376
NODE_74635_length_2743_cov_4.246596	159	292	10	4	133	0.0300752
NODE_74635_length_2743_cov_4.246596	159	292	13	2	133	0.0150376
NODE_74635_length_2743_cov_4.246596	159	292	14	20	133	0.1503759
NODE_74635_length_2743_cov_4.246596	159	292	16	4	133	0.0300752
NODE_74635_length_2743_cov_4.246596	159	292	17	2	133	0.0150376
NODE_74635_length_2743_cov_4.246596	159	292	18	1	133	0.0075188
NODE_74635_length_2743_cov_4.246596	159	292	19	3	133	0.0225564
NODE_74635_length_2743_cov_4.246596	159	292	20	4	133	0.0300752
NODE_74635_length_2743_cov_4.246596	159	292	21	5	133	0.0375940
NODE_74635_length_2743_cov_4.246596	159	292	22	37	133	0.2781955
NODE_74635_length_2743_cov_4.246596	159	292	23	30	133	0.2255639
NODE_74635_length_2743_cov_4.246596	159	292	24	19	133	0.1428571
NODE_7465_length_8231_cov_4.830423	7028	7161	15	2	133	0.0150376
NODE_7465_length_8231_cov_4.830423	7028	7161	16	1	133	0.0075188
NODE_7465_length_8231_cov_4.830423	7028	7161	18	11	133	0.0827068
NODE_7465_length_8231_cov_4.830423	7028	7161	19	10	133	0.0751880
NODE_7465_length_8231_cov_4.830423	7028	7161	20	2	133	0.0150376
NODE_7465_length_8231_cov_4.830423	7028	7161	21	1	133	0.0075188
NODE_7465_length_8231_cov_4.830423	7028	7161	22	6	133	0.0451128
NODE_7465_length_8231_cov_4.830423	7028	7161	23	1	133	0.0075188
NODE_7465_length_8231_cov_4.830423	7028	7161	25	10	133	0.0751880
NODE_7465_length_8231_cov_4.830423	7028	7161	26	3	133	0.0225564
NODE_7465_length_8231_cov_4.830423	7028	7161	27	5	133	0.0375940
NODE_7465_length_8231_cov_4.830423	7028	7161	28	6	133	0.0451128
NODE_7465_length_8231_cov_4.830423	7028	7161	29	35	133	0.2631579
NODE_7465_length_8231_cov_4.830423	7028	7161	30	18	133	0.1353384
NODE_7465_length_8231_cov_4.830423	7028	7161	31	22	133	0.1654135
NODE_74673_length_2742_cov_5.101778	793	926	20	2	133	0.0150376
NODE_74673_length_2742_cov_5.101778	793	926	21	20	133	0.1503759
NODE_74673_length_2742_cov_5.101778	793	926	22	6	133	0.0451128
NODE_74673_length_2742_cov_5.101778	793	926	23	16	133	0.1203008
NODE_74673_length_2742_cov_5.101778	793	926	24	13	133	0.0977444
NODE_74673_length_2742_cov_5.101778	793	926	25	5	133	0.0375940
NODE_74673_length_2742_cov_5.101778	793	926	26	7	133	0.0526316
NODE_74673_length_2742_cov_5.101778	793	926	28	29	133	0.2180451
NODE_74673_length_2742_cov_5.101778	793	926	29	3	133	0.0225564
NODE_74673_length_2742_cov_5.101778	793	926	30	13	133	0.0977444
NODE_74673_length_2742_cov_5.101778	793	926	31	12	133	0.0902256
NODE_74673_length_2742_cov_5.101778	793	926	32	7	133	0.0526316
NODE_74707_length_2741_cov_6.725965	1016	1149	16	7	133	0.0526316
NODE_74707_length_2741_cov_6.725965	1016	1149	17	4	133	0.0300752
NODE_74707_length_2741_cov_6.725965	1016	1149	18	6	133	0.0451128
NODE_74707_length_2741_cov_6.725965	1016	1149	19	18	133	0.1353384
NODE_74707_length_2741_cov_6.725965	1016	1149	20	17	133	0.1278196
NODE_74707_length_2741_cov_6.725965	1016	1149	21	16	133	0.1203008
NODE_74707_length_2741_cov_6.725965	1016	1149	22	13	133	0.0977444
NODE_74707_length_2741_cov_6.725965	1016	1149	23	18	133	0.1353384
NODE_74707_length_2741_cov_6.725965	1016	1149	24	5	133	0.0375940
NODE_74707_length_2741_cov_6.725965	1016	1149	25	16	133	0.1203008
NODE_74707_length_2741_cov_6.725965	1016	1149	26	10	133	0.0751880
NODE_74707_length_2741_cov_6.725965	1016	1149	27	3	133	0.0225564
NODE_7475_length_8226_cov_5.411714	6527	6660	28	3	133	0.0225564
NODE_7475_length_8226_cov_5.411714	6527	6660	29	2	133	0.0150376
NODE_7475_length_8226_cov_5.411714	6527	6660	30	3	133	0.0225564
NODE_7475_length_8226_cov_5.411714	6527	6660	31	1	133	0.0075188
NODE_7475_length_8226_cov_5.411714	6527	6660	32	1	133	0.0075188
NODE_7475_length_8226_cov_5.411714	6527	6660	33	1	133	0.0075188
NODE_7475_length_8226_cov_5.411714	6527	6660	34	8	133	0.0601504
NODE_7475_length_8226_cov_5.411714	6527	6660	35	2	133	0.0150376
NODE_7475_length_8226_cov_5.411714	6527	6660	36	2	133	0.0150376
NODE_7475_length_8226_cov_5.411714	6527	6660	37	11	133	0.0827068
NODE_7475_length_8226_cov_5.411714	6527	6660	38	6	133	0.0451128
NODE_7475_length_8226_cov_5.411714	6527	6660	39	10	133	0.0751880
NODE_7475_length_8226_cov_5.411714	6527	6660	40	12	133	0.0902256
NODE_7475_length_8226_cov_5.411714	6527	6660	41	32	133	0.2406015
NODE_7475_length_8226_cov_5.411714	6527	6660	42	28	133	0.2105263
NODE_7475_length_8226_cov_5.411714	6527	6660	44	5	133	0.0375940
NODE_7475_length_8226_cov_5.411714	6527	6660	45	6	133	0.0451128
NODE_74806_length_2739_cov_4.100379	2073	2206	10	6	133	0.0451128
NODE_74806_length_2739_cov_4.100379	2073	2206	11	4	133	0.0300752
NODE_74806_length_2739_cov_4.100379	2073	2206	12	1	133	0.0075188
NODE_74806_length_2739_cov_4.100379	2073	2206	13	19	133	0.1428571
NODE_74806_length_2739_cov_4.100379	2073	2206	14	8	133	0.0601504
NODE_74806_length_2739_cov_4.100379	2073	2206	15	3	133	0.0225564
NODE_74806_length_2739_cov_4.100379	2073	2206	16	8	133	0.0601504
NODE_74806_length_2739_cov_4.100379	2073	2206	18	3	133	0.0225564
NODE_74806_length_2739_cov_4.100379	2073	2206	19	7	133	0.0526316
NODE_74806_length_2739_cov_4.100379	2073	2206	21	12	133	0.0902256
NODE_74806_length_2739_cov_4.100379	2073	2206	22	47	133	0.3533835
NODE_74806_length_2739_cov_4.100379	2073	2206	23	15	133	0.1127820
NODE_74831_length_2738_cov_6.699507	2065	2198	3	13	133	0.0977444
NODE_74831_length_2738_cov_6.699507	2065	2198	4	3	133	0.0225564
NODE_74831_length_2738_cov_6.699507	2065	2198	6	1	133	0.0075188
NODE_74831_length_2738_cov_6.699507	2065	2198	7	7	133	0.0526316
NODE_74831_length_2738_cov_6.699507	2065	2198	9	36	133	0.2706767
NODE_74831_length_2738_cov_6.699507	2065	2198	10	10	133	0.0751880
NODE_74831_length_2738_cov_6.699507	2065	2198	11	41	133	0.3082707
NODE_74831_length_2738_cov_6.699507	2065	2198	12	22	133	0.1654135
NODE_74886_length_2737_cov_3.985595	1058	1191	7	11	133	0.0827068
NODE_74886_length_2737_cov_3.985595	1058	1191	8	16	133	0.1203008
NODE_74886_length_2737_cov_3.985595	1058	1191	9	18	133	0.1353384
NODE_74886_length_2737_cov_3.985595	1058	1191	10	43	133	0.3233083
NODE_74886_length_2737_cov_3.985595	1058	1191	11	45	133	0.3383459
NODE_74943_length_2735_cov_4.861153	1015	1148	11	2	133	0.0150376
NODE_74943_length_2735_cov_4.861153	1015	1148	12	4	133	0.0300752
NODE_74943_length_2735_cov_4.861153	1015	1148	13	2	133	0.0150376
NODE_74943_length_2735_cov_4.861153	1015	1148	14	3	133	0.0225564
NODE_74943_length_2735_cov_4.861153	1015	1148	15	7	133	0.0526316
NODE_74943_length_2735_cov_4.861153	1015	1148	16	20	133	0.1503759
NODE_74943_length_2735_cov_4.861153	1015	1148	17	47	133	0.3533835
NODE_74943_length_2735_cov_4.861153	1015	1148	18	21	133	0.1578947
NODE_74943_length_2735_cov_4.861153	1015	1148	20	13	133	0.0977444
NODE_74943_length_2735_cov_4.861153	1015	1148	21	9	133	0.0676692
NODE_74943_length_2735_cov_4.861153	1015	1148	22	5	133	0.0375940
NODE_75019_length_2733_cov_5.709947	1263	1396	0	33	133	0.2481203
NODE_75019_length_2733_cov_5.709947	1263	1396	2	53	133	0.3984962
NODE_75019_length_2733_cov_5.709947	1263	1396	3	47	133	0.3533835
NODE_75209_length_2729_cov_3.976426	137	270	5	6	133	0.0451128
NODE_75209_length_2729_cov_3.976426	137	270	8	21	133	0.1578947
NODE_75209_length_2729_cov_3.976426	137	270	10	13	133	0.0977444
NODE_75209_length_2729_cov_3.976426	137	270	11	54	133	0.4060150
NODE_75209_length_2729_cov_3.976426	137	270	12	26	133	0.1954887
NODE_75209_length_2729_cov_3.976426	137	270	13	13	133	0.0977444
NODE_7538_length_8202_cov_3.815747	7321	7454	12	4	133	0.0300752
NODE_7538_length_8202_cov_3.815747	7321	7454	13	14	133	0.1052632
NODE_7538_length_8202_cov_3.815747	7321	7454	15	30	133	0.2255639
NODE_7538_length_8202_cov_3.815747	7321	7454	17	29	133	0.2180451
NODE_7538_length_8202_cov_3.815747	7321	7454	18	52	133	0.3909774
NODE_7538_length_8202_cov_3.815747	7321	7454	19	4	133	0.0300752
NODE_75422_length_2723_cov_5.583460	2054	2187	0	38	133	0.2857143
NODE_75422_length_2723_cov_5.583460	2054	2187	2	5	133	0.0375940
NODE_75422_length_2723_cov_5.583460	2054	2187	4	52	133	0.3909774
NODE_75422_length_2723_cov_5.583460	2054	2187	6	38	133	0.2857143
NODE_75450_length_2723_cov_3.708079	2593	2726	0	4	133	0.0300752
NODE_75450_length_2723_cov_3.708079	2593	2726	1	5	133	0.0375940
NODE_75450_length_2723_cov_3.708079	2593	2726	2	18	133	0.1353384
NODE_75450_length_2723_cov_3.708079	2593	2726	3	1	133	0.0075188
NODE_75450_length_2723_cov_3.708079	2593	2726	4	21	133	0.1578947
NODE_75450_length_2723_cov_3.708079	2593	2726	5	17	133	0.1278196
NODE_75450_length_2723_cov_3.708079	2593	2726	6	3	133	0.0225564
NODE_75450_length_2723_cov_3.708079	2593	2726	7	63	133	0.4736842
NODE_75450_length_2723_cov_3.708079	2593	2726	8	1	133	0.0075188
NODE_75596_length_2719_cov_5.314885	1520	1653	25	1	133	0.0075188
NODE_75596_length_2719_cov_5.314885	1520	1653	26	7	133	0.0526316
NODE_75596_length_2719_cov_5.314885	1520	1653	28	1	133	0.0075188
NODE_75596_length_2719_cov_5.314885	1520	1653	29	1	133	0.0075188
NODE_75596_length_2719_cov_5.314885	1520	1653	30	2	133	0.0150376
NODE_75596_length_2719_cov_5.314885	1520	1653	38	5	133	0.0375940
NODE_75596_length_2719_cov_5.314885	1520	1653	39	2	133	0.0150376
NODE_75596_length_2719_cov_5.314885	1520	1653	40	1	133	0.0075188
NODE_75596_length_2719_cov_5.314885	1520	1653	41	2	133	0.0150376
NODE_75596_length_2719_cov_5.314885	1520	1653	42	16	133	0.1203008
NODE_75596_length_2719_cov_5.314885	1520	1653	43	18	133	0.1353384
NODE_75596_length_2719_cov_5.314885	1520	1653	44	19	133	0.1428571
NODE_75596_length_2719_cov_5.314885	1520	1653	45	6	133	0.0451128
NODE_75596_length_2719_cov_5.314885	1520	1653	46	10	133	0.0751880
NODE_75596_length_2719_cov_5.314885	1520	1653	47	23	133	0.1729323
NODE_75596_length_2719_cov_5.314885	1520	1653	48	13	133	0.0977444
NODE_75596_length_2719_cov_5.314885	1520	1653	49	5	133	0.0375940
NODE_75596_length_2719_cov_5.314885	1520	1653	50	1	133	0.0075188
NODE_75598_length_2719_cov_4.892366	1810	1943	9	12	133	0.0902256
NODE_75598_length_2719_cov_4.892366	1810	1943	10	15	133	0.1127820
NODE_75598_length_2719_cov_4.892366	1810	1943	11	11	133	0.0827068
NODE_75598_length_2719_cov_4.892366	1810	1943	12	22	133	0.1654135
NODE_75598_length_2719_cov_4.892366	1810	1943	13	32	133	0.2406015
NODE_75598_length_2719_cov_4.892366	1810	1943	14	10	133	0.0751880
NODE_75598_length_2719_cov_4.892366	1810	1943	15	31	133	0.2330827
NODE_75625_length_2719_cov_3.130534	591	724	7	16	133	0.1203008
NODE_75625_length_2719_cov_3.130534	591	724	9	8	133	0.0601504
NODE_75625_length_2719_cov_3.130534	591	724	10	49	133	0.3684210
NODE_75625_length_2719_cov_3.130534	591	724	11	22	133	0.1654135
NODE_75625_length_2719_cov_3.130534	591	724	12	32	133	0.2406015
NODE_75625_length_2719_cov_3.130534	591	724	13	6	133	0.0451128
NODE_75698_length_2717_cov_3.605042	1165	1298	11	10	133	0.0751880
NODE_75698_length_2717_cov_3.605042	1165	1298	12	1	133	0.0075188
NODE_75698_length_2717_cov_3.605042	1165	1298	13	4	133	0.0300752
NODE_75698_length_2717_cov_3.605042	1165	1298	14	24	133	0.1804511
NODE_75698_length_2717_cov_3.605042	1165	1298	15	15	133	0.1127820
NODE_75698_length_2717_cov_3.605042	1165	1298	16	17	133	0.1278196
NODE_75698_length_2717_cov_3.605042	1165	1298	17	35	133	0.2631579
NODE_75698_length_2717_cov_3.605042	1165	1298	18	16	133	0.1203008
NODE_75698_length_2717_cov_3.605042	1165	1298	19	9	133	0.0676692
NODE_75698_length_2717_cov_3.605042	1165	1298	20	2	133	0.0150376
NODE_7584_length_8183_cov_11.398812	2744	2877	5	2	133	0.0150376
NODE_7584_length_8183_cov_11.398812	2744	2877	6	59	133	0.4436090
NODE_7584_length_8183_cov_11.398812	2744	2877	7	10	133	0.0751880
NODE_7584_length_8183_cov_11.398812	2744	2877	8	44	133	0.3308271
NODE_7584_length_8183_cov_11.398812	2744	2877	9	18	133	0.1353384
NODE_75853_length_2713_cov_5.570773	158	291	3	2	133	0.0150376
NODE_75853_length_2713_cov_5.570773	158	291	4	15	133	0.1127820
NODE_75853_length_2713_cov_5.570773	158	291	5	6	133	0.0451128
NODE_75853_length_2713_cov_5.570773	158	291	6	17	133	0.1278196
NODE_75853_length_2713_cov_5.570773	158	291	7	50	133	0.3759398
NODE_75853_length_2713_cov_5.570773	158	291	8	34	133	0.2556391
NODE_75853_length_2713_cov_5.570773	158	291	9	9	133	0.0676692
NODE_75905_length_2712_cov_5.629545	433	566	8	3	133	0.0225564
NODE_75905_length_2712_cov_5.629545	433	566	10	6	133	0.0451128
NODE_75905_length_2712_cov_5.629545	433	566	11	3	133	0.0225564
NODE_75905_length_2712_cov_5.629545	433	566	12	5	133	0.0375940
NODE_75905_length_2712_cov_5.629545	433	566	13	6	133	0.0451128
NODE_75905_length_2712_cov_5.629545	433	566	14	10	133	0.0751880
NODE_75905_length_2712_cov_5.629545	433	566	15	1	133	0.0075188
NODE_75905_length_2712_cov_5.629545	433	566	16	8	133	0.0601504
NODE_75905_length_2712_cov_5.629545	433	566	17	9	133	0.0676692
NODE_75905_length_2712_cov_5.629545	433	566	19	33	133	0.2481203
NODE_75905_length_2712_cov_5.629545	433	566	20	13	133	0.0977444
NODE_75905_length_2712_cov_5.629545	433	566	21	36	133	0.2706767
NODE_7594_length_8181_cov_4.270973	2929	3062	18	9	133	0.0676692
NODE_7594_length_8181_cov_4.270973	2929	3062	20	2	133	0.0150376
NODE_7594_length_8181_cov_4.270973	2929	3062	21	1	133	0.0075188
NODE_7594_length_8181_cov_4.270973	2929	3062	22	1	133	0.0075188
NODE_7594_length_8181_cov_4.270973	2929	3062	24	3	133	0.0225564
NODE_7594_length_8181_cov_4.270973	2929	3062	25	2	133	0.0150376
NODE_7594_length_8181_cov_4.270973	2929	3062	26	3	133	0.0225564
NODE_7594_length_8181_cov_4.270973	2929	3062	27	4	133	0.0300752
NODE_7594_length_8181_cov_4.270973	2929	3062	28	1	133	0.0075188
NODE_7594_length_8181_cov_4.270973	2929	3062	29	6	133	0.0451128
NODE_7594_length_8181_cov_4.270973	2929	3062	31	9	133	0.0676692
NODE_7594_length_8181_cov_4.270973	2929	3062	32	5	133	0.0375940
NODE_7594_length_8181_cov_4.270973	2929	3062	33	11	133	0.0827068
NODE_7594_length_8181_cov_4.270973	2929	3062	34	23	133	0.1729323
NODE_7594_length_8181_cov_4.270973	2929	3062	35	15	133	0.1127820
NODE_7594_length_8181_cov_4.270973	2929	3062	36	3	133	0.0225564
NODE_7594_length_8181_cov_4.270973	2929	3062	37	1	133	0.0075188
NODE_7594_length_8181_cov_4.270973	2929	3062	38	16	133	0.1203008
NODE_7594_length_8181_cov_4.270973	2929	3062	39	14	133	0.1052632
NODE_7594_length_8181_cov_4.270973	2929	3062	40	1	133	0.0075188
NODE_7594_length_8181_cov_4.270973	2929	3062	41	3	133	0.0225564
NODE_75_length_25460_cov_5.177280	7938	8071	1	16	133	0.1203008
NODE_75_length_25460_cov_5.177280	7938	8071	2	65	133	0.4887218
NODE_75_length_25460_cov_5.177280	7938	8071	3	30	133	0.2255639
NODE_75_length_25460_cov_5.177280	7938	8071	4	22	133	0.1654135
NODE_76068_length_2709_cov_2.935249	116	249	5	4	133	0.0300752
NODE_76068_length_2709_cov_2.935249	116	249	6	8	133	0.0601504
NODE_76068_length_2709_cov_2.935249	116	249	7	1	133	0.0075188
NODE_76068_length_2709_cov_2.935249	116	249	8	11	133	0.0827068
NODE_76068_length_2709_cov_2.935249	116	249	10	13	133	0.0977444
NODE_76068_length_2709_cov_2.935249	116	249	11	8	133	0.0601504
NODE_76068_length_2709_cov_2.935249	116	249	12	4	133	0.0300752
NODE_76068_length_2709_cov_2.935249	116	249	13	2	133	0.0150376
NODE_76068_length_2709_cov_2.935249	116	249	14	14	133	0.1052632
NODE_76068_length_2709_cov_2.935249	116	249	15	20	133	0.1503759
NODE_76068_length_2709_cov_2.935249	116	249	16	1	133	0.0075188
NODE_76068_length_2709_cov_2.935249	116	249	17	26	133	0.1954887
NODE_76068_length_2709_cov_2.935249	116	249	18	21	133	0.1578947
NODE_76084_length_2708_cov_4.155232	340	473	4	29	133	0.2180451
NODE_76084_length_2708_cov_4.155232	340	473	5	7	133	0.0526316
NODE_76084_length_2708_cov_4.155232	340	473	6	6	133	0.0451128
NODE_76084_length_2708_cov_4.155232	340	473	7	68	133	0.5112782
NODE_76084_length_2708_cov_4.155232	340	473	8	23	133	0.1729323
NODE_76116_length_2707_cov_4.264187	1182	1315	24	2	133	0.0150376
NODE_76116_length_2707_cov_4.264187	1182	1315	25	1	133	0.0075188
NODE_76116_length_2707_cov_4.264187	1182	1315	26	5	133	0.0375940
NODE_76116_length_2707_cov_4.264187	1182	1315	27	2	133	0.0150376
NODE_76116_length_2707_cov_4.264187	1182	1315	28	3	133	0.0225564
NODE_76116_length_2707_cov_4.264187	1182	1315	29	17	133	0.1278196
NODE_76116_length_2707_cov_4.264187	1182	1315	30	12	133	0.0902256
NODE_76116_length_2707_cov_4.264187	1182	1315	31	17	133	0.1278196
NODE_76116_length_2707_cov_4.264187	1182	1315	32	4	133	0.0300752
NODE_76116_length_2707_cov_4.264187	1182	1315	33	8	133	0.0601504
NODE_76116_length_2707_cov_4.264187	1182	1315	35	4	133	0.0300752
NODE_76116_length_2707_cov_4.264187	1182	1315	36	12	133	0.0902256
NODE_76116_length_2707_cov_4.264187	1182	1315	37	29	133	0.2180451
NODE_76116_length_2707_cov_4.264187	1182	1315	38	17	133	0.1278196
NODE_76176_length_2705_cov_14.993860	2060	2193	9	5	133	0.0375940
NODE_76176_length_2705_cov_14.993860	2060	2193	10	47	133	0.3533835
NODE_76176_length_2705_cov_14.993860	2060	2193	11	23	133	0.1729323
NODE_76176_length_2705_cov_14.993860	2060	2193	12	42	133	0.3157895
NODE_76176_length_2705_cov_14.993860	2060	2193	13	16	133	0.1203008
NODE_7619_length_8168_cov_4.634527	368	501	16	1	133	0.0075188
NODE_7619_length_8168_cov_4.634527	368	501	17	1	133	0.0075188
NODE_7619_length_8168_cov_4.634527	368	501	18	2	133	0.0150376
NODE_7619_length_8168_cov_4.634527	368	501	19	7	133	0.0526316
NODE_7619_length_8168_cov_4.634527	368	501	20	2	133	0.0150376
NODE_7619_length_8168_cov_4.634527	368	501	22	11	133	0.0827068
NODE_7619_length_8168_cov_4.634527	368	501	24	20	133	0.1503759
NODE_7619_length_8168_cov_4.634527	368	501	25	9	133	0.0676692
NODE_7619_length_8168_cov_4.634527	368	501	26	5	133	0.0375940
NODE_7619_length_8168_cov_4.634527	368	501	27	32	133	0.2406015
NODE_7619_length_8168_cov_4.634527	368	501	28	18	133	0.1353384
NODE_7619_length_8168_cov_4.634527	368	501	29	14	133	0.1052632
NODE_7619_length_8168_cov_4.634527	368	501	30	2	133	0.0150376
NODE_7619_length_8168_cov_4.634527	368	501	31	9	133	0.0676692
NODE_76222_length_2704_cov_5.727831	290	423	5	4	133	0.0300752
NODE_76222_length_2704_cov_5.727831	290	423	6	2	133	0.0150376
NODE_76222_length_2704_cov_5.727831	290	423	7	19	133	0.1428571
NODE_76222_length_2704_cov_5.727831	290	423	8	83	133	0.6240602
NODE_76222_length_2704_cov_5.727831	290	423	9	25	133	0.1879699
NODE_76285_length_2703_cov_4.053379	1561	1694	10	3	133	0.0225564
NODE_76285_length_2703_cov_4.053379	1561	1694	11	17	133	0.1278196
NODE_76285_length_2703_cov_4.053379	1561	1694	12	21	133	0.1578947
NODE_76285_length_2703_cov_4.053379	1561	1694	13	6	133	0.0451128
NODE_76285_length_2703_cov_4.053379	1561	1694	14	13	133	0.0977444
NODE_76285_length_2703_cov_4.053379	1561	1694	15	1	133	0.0075188
NODE_76285_length_2703_cov_4.053379	1561	1694	16	43	133	0.3233083
NODE_76285_length_2703_cov_4.053379	1561	1694	17	13	133	0.0977444
NODE_76285_length_2703_cov_4.053379	1561	1694	18	16	133	0.1203008
NODE_7628_length_8163_cov_5.048983	5032	5165	8	1	133	0.0075188
NODE_7628_length_8163_cov_5.048983	5032	5165	10	5	133	0.0375940
NODE_7628_length_8163_cov_5.048983	5032	5165	11	18	133	0.1353384
NODE_7628_length_8163_cov_5.048983	5032	5165	12	8	133	0.0601504
NODE_7628_length_8163_cov_5.048983	5032	5165	14	1	133	0.0075188
NODE_7628_length_8163_cov_5.048983	5032	5165	15	21	133	0.1578947
NODE_7628_length_8163_cov_5.048983	5032	5165	16	17	133	0.1278196
NODE_7628_length_8163_cov_5.048983	5032	5165	17	19	133	0.1428571
NODE_7628_length_8163_cov_5.048983	5032	5165	18	11	133	0.0827068
NODE_7628_length_8163_cov_5.048983	5032	5165	19	8	133	0.0601504
NODE_7628_length_8163_cov_5.048983	5032	5165	20	24	133	0.1804511
NODE_76323_length_2702_cov_4.676143	1840	1973	12	3	133	0.0225564
NODE_76323_length_2702_cov_4.676143	1840	1973	13	3	133	0.0225564
NODE_76323_length_2702_cov_4.676143	1840	1973	14	20	133	0.1503759
NODE_76323_length_2702_cov_4.676143	1840	1973	15	7	133	0.0526316
NODE_76323_length_2702_cov_4.676143	1840	1973	16	2	133	0.0150376
NODE_76323_length_2702_cov_4.676143	1840	1973	17	5	133	0.0375940
NODE_76323_length_2702_cov_4.676143	1840	1973	19	1	133	0.0075188
NODE_76323_length_2702_cov_4.676143	1840	1973	20	27	133	0.2030075
NODE_76323_length_2702_cov_4.676143	1840	1973	21	15	133	0.1127820
NODE_76323_length_2702_cov_4.676143	1840	1973	22	24	133	0.1804511
NODE_76323_length_2702_cov_4.676143	1840	1973	23	26	133	0.1954887
NODE_76406_length_2700_cov_4.063053	282	415	6	11	133	0.0827068
NODE_76406_length_2700_cov_4.063053	282	415	7	11	133	0.0827068
NODE_76406_length_2700_cov_4.063053	282	415	8	2	133	0.0150376
NODE_76406_length_2700_cov_4.063053	282	415	9	23	133	0.1729323
NODE_76406_length_2700_cov_4.063053	282	415	10	7	133	0.0526316
NODE_76406_length_2700_cov_4.063053	282	415	11	25	133	0.1879699
NODE_76406_length_2700_cov_4.063053	282	415	12	9	133	0.0676692
NODE_76406_length_2700_cov_4.063053	282	415	13	2	133	0.0150376
NODE_76406_length_2700_cov_4.063053	282	415	14	2	133	0.0150376
NODE_76406_length_2700_cov_4.063053	282	415	15	14	133	0.1052632
NODE_76406_length_2700_cov_4.063053	282	415	18	1	133	0.0075188
NODE_76406_length_2700_cov_4.063053	282	415	19	3	133	0.0225564
NODE_76406_length_2700_cov_4.063053	282	415	20	13	133	0.0977444
NODE_76406_length_2700_cov_4.063053	282	415	21	2	133	0.0150376
NODE_76406_length_2700_cov_4.063053	282	415	22	5	133	0.0375940
NODE_76406_length_2700_cov_4.063053	282	415	23	3	133	0.0225564
NODE_7640_length_8158_cov_4.892294	700	833	12	1	133	0.0075188
NODE_7640_length_8158_cov_4.892294	700	833	13	6	133	0.0451128
NODE_7640_length_8158_cov_4.892294	700	833	14	9	133	0.0676692
NODE_7640_length_8158_cov_4.892294	700	833	15	1	133	0.0075188
NODE_7640_length_8158_cov_4.892294	700	833	16	1	133	0.0075188
NODE_7640_length_8158_cov_4.892294	700	833	17	3	133	0.0225564
NODE_7640_length_8158_cov_4.892294	700	833	18	1	133	0.0075188
NODE_7640_length_8158_cov_4.892294	700	833	19	15	133	0.1127820
NODE_7640_length_8158_cov_4.892294	700	833	20	5	133	0.0375940
NODE_7640_length_8158_cov_4.892294	700	833	21	1	133	0.0075188
NODE_7640_length_8158_cov_4.892294	700	833	22	4	133	0.0300752
NODE_7640_length_8158_cov_4.892294	700	833	24	1	133	0.0075188
NODE_7640_length_8158_cov_4.892294	700	833	25	1	133	0.0075188
NODE_7640_length_8158_cov_4.892294	700	833	27	18	133	0.1353384
NODE_7640_length_8158_cov_4.892294	700	833	28	30	133	0.2255639
NODE_7640_length_8158_cov_4.892294	700	833	29	28	133	0.2105263
NODE_7640_length_8158_cov_4.892294	700	833	30	8	133	0.0601504
NODE_76426_length_2700_cov_3.534794	1055	1188	5	3	133	0.0225564
NODE_76426_length_2700_cov_3.534794	1055	1188	6	18	133	0.1353384
NODE_76426_length_2700_cov_3.534794	1055	1188	7	4	133	0.0300752
NODE_76426_length_2700_cov_3.534794	1055	1188	8	24	133	0.1804511
NODE_76426_length_2700_cov_3.534794	1055	1188	9	25	133	0.1879699
NODE_76426_length_2700_cov_3.534794	1055	1188	10	54	133	0.4060150
NODE_76426_length_2700_cov_3.534794	1055	1188	11	5	133	0.0375940
NODE_76474_length_2699_cov_3.416154	1680	1813	4	1	133	0.0075188
NODE_76474_length_2699_cov_3.416154	1680	1813	5	12	133	0.0902256
NODE_76474_length_2699_cov_3.416154	1680	1813	6	3	133	0.0225564
NODE_76474_length_2699_cov_3.416154	1680	1813	7	6	133	0.0451128
NODE_76474_length_2699_cov_3.416154	1680	1813	8	10	133	0.0751880
NODE_76474_length_2699_cov_3.416154	1680	1813	9	12	133	0.0902256
NODE_76474_length_2699_cov_3.416154	1680	1813	11	7	133	0.0526316
NODE_76474_length_2699_cov_3.416154	1680	1813	12	3	133	0.0225564
NODE_76474_length_2699_cov_3.416154	1680	1813	13	14	133	0.1052632
NODE_76474_length_2699_cov_3.416154	1680	1813	14	49	133	0.3684210
NODE_76474_length_2699_cov_3.416154	1680	1813	15	16	133	0.1203008
NODE_76507_length_2698_cov_3.731050	1355	1488	15	5	133	0.0375940
NODE_76507_length_2698_cov_3.731050	1355	1488	16	3	133	0.0225564
NODE_76507_length_2698_cov_3.731050	1355	1488	17	1	133	0.0075188
NODE_76507_length_2698_cov_3.731050	1355	1488	18	7	133	0.0526316
NODE_76507_length_2698_cov_3.731050	1355	1488	20	1	133	0.0075188
NODE_76507_length_2698_cov_3.731050	1355	1488	22	2	133	0.0150376
NODE_76507_length_2698_cov_3.731050	1355	1488	23	3	133	0.0225564
NODE_76507_length_2698_cov_3.731050	1355	1488	24	5	133	0.0375940
NODE_76507_length_2698_cov_3.731050	1355	1488	25	6	133	0.0451128
NODE_76507_length_2698_cov_3.731050	1355	1488	26	7	133	0.0526316
NODE_76507_length_2698_cov_3.731050	1355	1488	27	2	133	0.0150376
NODE_76507_length_2698_cov_3.731050	1355	1488	29	12	133	0.0902256
NODE_76507_length_2698_cov_3.731050	1355	1488	30	14	133	0.1052632
NODE_76507_length_2698_cov_3.731050	1355	1488	31	10	133	0.0751880
NODE_76507_length_2698_cov_3.731050	1355	1488	32	13	133	0.0977444
NODE_76507_length_2698_cov_3.731050	1355	1488	33	21	133	0.1578947
NODE_76507_length_2698_cov_3.731050	1355	1488	34	21	133	0.1578947
NODE_7651_length_8153_cov_5.042215	4141	4274	8	43	133	0.3233083
NODE_7651_length_8153_cov_5.042215	4141	4274	9	47	133	0.3533835
NODE_7651_length_8153_cov_5.042215	4141	4274	10	34	133	0.2556391
NODE_7651_length_8153_cov_5.042215	4141	4274	11	9	133	0.0676692
NODE_76566_length_2696_cov_5.465152	1806	1939	2	5	133	0.0375940
NODE_76566_length_2696_cov_5.465152	1806	1939	3	44	133	0.3308271
NODE_76566_length_2696_cov_5.465152	1806	1939	4	57	133	0.4285714
NODE_76566_length_2696_cov_5.465152	1806	1939	5	27	133	0.2030075
NODE_76581_length_2696_cov_4.001540	2005	2138	15	2	133	0.0150376
NODE_76581_length_2696_cov_4.001540	2005	2138	16	7	133	0.0526316
NODE_76581_length_2696_cov_4.001540	2005	2138	18	1	133	0.0075188
NODE_76581_length_2696_cov_4.001540	2005	2138	20	4	133	0.0300752
NODE_76581_length_2696_cov_4.001540	2005	2138	21	8	133	0.0601504
NODE_76581_length_2696_cov_4.001540	2005	2138	23	16	133	0.1203008
NODE_76581_length_2696_cov_4.001540	2005	2138	24	13	133	0.0977444
NODE_76581_length_2696_cov_4.001540	2005	2138	25	4	133	0.0300752
NODE_76581_length_2696_cov_4.001540	2005	2138	26	2	133	0.0150376
NODE_76581_length_2696_cov_4.001540	2005	2138	27	10	133	0.0751880
NODE_76581_length_2696_cov_4.001540	2005	2138	28	22	133	0.1654135
NODE_76581_length_2696_cov_4.001540	2005	2138	29	3	133	0.0225564
NODE_76581_length_2696_cov_4.001540	2005	2138	30	7	133	0.0526316
NODE_76581_length_2696_cov_4.001540	2005	2138	31	13	133	0.0977444
NODE_76581_length_2696_cov_4.001540	2005	2138	32	3	133	0.0225564
NODE_76581_length_2696_cov_4.001540	2005	2138	33	18	133	0.1353384
NODE_766_length_15931_cov_4.228714	13860	13993	2	10	133	0.0751880
NODE_766_length_15931_cov_4.228714	13860	13993	4	4	133	0.0300752
NODE_766_length_15931_cov_4.228714	13860	13993	6	21	133	0.1578947
NODE_766_length_15931_cov_4.228714	13860	13993	7	6	133	0.0451128
NODE_766_length_15931_cov_4.228714	13860	13993	8	89	133	0.6691729
NODE_766_length_15931_cov_4.228714	13860	13993	9	3	133	0.0225564
NODE_76700_length_2693_cov_4.294140	1571	1704	8	10	133	0.0751880
NODE_76700_length_2693_cov_4.294140	1571	1704	9	20	133	0.1503759
NODE_76700_length_2693_cov_4.294140	1571	1704	11	2	133	0.0150376
NODE_76700_length_2693_cov_4.294140	1571	1704	13	17	133	0.1278196
NODE_76700_length_2693_cov_4.294140	1571	1704	15	31	133	0.2330827
NODE_76700_length_2693_cov_4.294140	1571	1704	16	24	133	0.1804511
NODE_76700_length_2693_cov_4.294140	1571	1704	17	29	133	0.2180451
NODE_76762_length_2691_cov_5.256944	1932	2065	20	11	133	0.0827068
NODE_76762_length_2691_cov_5.256944	1932	2065	22	2	133	0.0150376
NODE_76762_length_2691_cov_5.256944	1932	2065	23	2	133	0.0150376
NODE_76762_length_2691_cov_5.256944	1932	2065	25	8	133	0.0601504
NODE_76762_length_2691_cov_5.256944	1932	2065	26	10	133	0.0751880
NODE_76762_length_2691_cov_5.256944	1932	2065	28	3	133	0.0225564
NODE_76762_length_2691_cov_5.256944	1932	2065	29	9	133	0.0676692
NODE_76762_length_2691_cov_5.256944	1932	2065	30	9	133	0.0676692
NODE_76762_length_2691_cov_5.256944	1932	2065	31	17	133	0.1278196
NODE_76762_length_2691_cov_5.256944	1932	2065	32	15	133	0.1127820
NODE_76762_length_2691_cov_5.256944	1932	2065	33	20	133	0.1503759
NODE_76762_length_2691_cov_5.256944	1932	2065	34	23	133	0.1729323
NODE_76762_length_2691_cov_5.256944	1932	2065	35	4	133	0.0300752
NODE_76804_length_2691_cov_3.032793	280	413	4	55	133	0.4135338
NODE_76804_length_2691_cov_3.032793	280	413	5	12	133	0.0902256
NODE_76804_length_2691_cov_3.032793	280	413	6	41	133	0.3082707
NODE_76804_length_2691_cov_3.032793	280	413	7	12	133	0.0902256
NODE_76804_length_2691_cov_3.032793	280	413	8	13	133	0.0977444
NODE_76849_length_2689_cov_5.420077	1875	2008	6	10	133	0.0751880
NODE_76849_length_2689_cov_5.420077	1875	2008	7	4	133	0.0300752
NODE_76849_length_2689_cov_5.420077	1875	2008	8	45	133	0.3383459
NODE_76849_length_2689_cov_5.420077	1875	2008	9	24	133	0.1804511
NODE_76849_length_2689_cov_5.420077	1875	2008	11	18	133	0.1353384
NODE_76849_length_2689_cov_5.420077	1875	2008	12	32	133	0.2406015
NODE_76869_length_2689_cov_3.776062	893	1026	10	15	133	0.1127820
NODE_76869_length_2689_cov_3.776062	893	1026	11	9	133	0.0676692
NODE_76869_length_2689_cov_3.776062	893	1026	13	2	133	0.0150376
NODE_76869_length_2689_cov_3.776062	893	1026	14	8	133	0.0601504
NODE_76869_length_2689_cov_3.776062	893	1026	15	15	133	0.1127820
NODE_76869_length_2689_cov_3.776062	893	1026	16	17	133	0.1278196
NODE_76869_length_2689_cov_3.776062	893	1026	17	19	133	0.1428571
NODE_76869_length_2689_cov_3.776062	893	1026	18	4	133	0.0300752
NODE_76869_length_2689_cov_3.776062	893	1026	19	4	133	0.0300752
NODE_76869_length_2689_cov_3.776062	893	1026	20	5	133	0.0375940
NODE_76869_length_2689_cov_3.776062	893	1026	21	1	133	0.0075188
NODE_76869_length_2689_cov_3.776062	893	1026	22	15	133	0.1127820
NODE_76869_length_2689_cov_3.776062	893	1026	23	9	133	0.0676692
NODE_76869_length_2689_cov_3.776062	893	1026	24	10	133	0.0751880
NODE_7687_length_8142_cov_5.164118	1072	1205	22	3	133	0.0225564
NODE_7687_length_8142_cov_5.164118	1072	1205	23	20	133	0.1503759
NODE_7687_length_8142_cov_5.164118	1072	1205	24	4	133	0.0300752
NODE_7687_length_8142_cov_5.164118	1072	1205	25	23	133	0.1729323
NODE_7687_length_8142_cov_5.164118	1072	1205	26	7	133	0.0526316
NODE_7687_length_8142_cov_5.164118	1072	1205	27	7	133	0.0526316
NODE_7687_length_8142_cov_5.164118	1072	1205	28	25	133	0.1879699
NODE_7687_length_8142_cov_5.164118	1072	1205	29	22	133	0.1654135
NODE_7687_length_8142_cov_5.164118	1072	1205	30	20	133	0.1503759
NODE_7687_length_8142_cov_5.164118	1072	1205	31	1	133	0.0075188
NODE_7687_length_8142_cov_5.164118	1072	1205	32	1	133	0.0075188
NODE_76901_length_2688_cov_4.336810	512	645	4	65	133	0.4887218
NODE_76901_length_2688_cov_4.336810	512	645	5	22	133	0.1654135
NODE_76901_length_2688_cov_4.336810	512	645	6	42	133	0.3157895
NODE_76901_length_2688_cov_4.336810	512	645	7	4	133	0.0300752
NODE_77023_length_2685_cov_4.336427	1090	1223	13	1	133	0.0075188
NODE_77023_length_2685_cov_4.336427	1090	1223	14	16	133	0.1203008
NODE_77023_length_2685_cov_4.336427	1090	1223	15	12	133	0.0902256
NODE_77023_length_2685_cov_4.336427	1090	1223	16	14	133	0.1052632
NODE_77023_length_2685_cov_4.336427	1090	1223	17	25	133	0.1879699
NODE_77023_length_2685_cov_4.336427	1090	1223	18	4	133	0.0300752
NODE_77023_length_2685_cov_4.336427	1090	1223	19	12	133	0.0902256
NODE_77023_length_2685_cov_4.336427	1090	1223	20	23	133	0.1729323
NODE_77023_length_2685_cov_4.336427	1090	1223	21	5	133	0.0375940
NODE_77023_length_2685_cov_4.336427	1090	1223	22	21	133	0.1578947
NODE_77102_length_2683_cov_3.423375	2101	2234	1	8	133	0.0601504
NODE_77102_length_2683_cov_3.423375	2101	2234	2	2	133	0.0150376
NODE_77102_length_2683_cov_3.423375	2101	2234	3	10	133	0.0751880
NODE_77102_length_2683_cov_3.423375	2101	2234	5	1	133	0.0075188
NODE_77102_length_2683_cov_3.423375	2101	2234	6	85	133	0.6390978
NODE_77102_length_2683_cov_3.423375	2101	2234	7	27	133	0.2030075
NODE_7711_length_8129_cov_37.241594	3529	3662	54	1	133	0.0075188
NODE_7711_length_8129_cov_37.241594	3529	3662	56	3	133	0.0225564
NODE_7711_length_8129_cov_37.241594	3529	3662	57	3	133	0.0225564
NODE_7711_length_8129_cov_37.241594	3529	3662	58	3	133	0.0225564
NODE_7711_length_8129_cov_37.241594	3529	3662	59	3	133	0.0225564
NODE_7711_length_8129_cov_37.241594	3529	3662	60	10	133	0.0751880
NODE_7711_length_8129_cov_37.241594	3529	3662	62	13	133	0.0977444
NODE_7711_length_8129_cov_37.241594	3529	3662	63	1	133	0.0075188
NODE_7711_length_8129_cov_37.241594	3529	3662	64	9	133	0.0676692
NODE_7711_length_8129_cov_37.241594	3529	3662	65	10	133	0.0751880
NODE_7711_length_8129_cov_37.241594	3529	3662	66	14	133	0.1052632
NODE_7711_length_8129_cov_37.241594	3529	3662	67	9	133	0.0676692
NODE_7711_length_8129_cov_37.241594	3529	3662	68	6	133	0.0451128
NODE_7711_length_8129_cov_37.241594	3529	3662	69	7	133	0.0526316
NODE_7711_length_8129_cov_37.241594	3529	3662	70	2	133	0.0150376
NODE_7711_length_8129_cov_37.241594	3529	3662	71	10	133	0.0751880
NODE_7711_length_8129_cov_37.241594	3529	3662	72	18	133	0.1353384
NODE_7711_length_8129_cov_37.241594	3529	3662	73	7	133	0.0526316
NODE_7711_length_8129_cov_37.241594	3529	3662	74	3	133	0.0225564
NODE_7711_length_8129_cov_37.241594	3529	3662	75	1	133	0.0075188
NODE_77151_length_2682_cov_3.483546	1278	1411	4	22	133	0.1654135
NODE_77151_length_2682_cov_3.483546	1278	1411	6	25	133	0.1879699
NODE_77151_length_2682_cov_3.483546	1278	1411	7	30	133	0.2255639
NODE_77151_length_2682_cov_3.483546	1278	1411	8	19	133	0.1428571
NODE_77151_length_2682_cov_3.483546	1278	1411	9	37	133	0.2781955
NODE_77177_length_2681_cov_5.286212	1148	1281	10	37	133	0.2781955
NODE_77177_length_2681_cov_5.286212	1148	1281	11	22	133	0.1654135
NODE_77177_length_2681_cov_5.286212	1148	1281	13	2	133	0.0150376
NODE_77177_length_2681_cov_5.286212	1148	1281	14	2	133	0.0150376
NODE_77177_length_2681_cov_5.286212	1148	1281	15	9	133	0.0676692
NODE_77177_length_2681_cov_5.286212	1148	1281	16	2	133	0.0150376
NODE_77177_length_2681_cov_5.286212	1148	1281	17	13	133	0.0977444
NODE_77177_length_2681_cov_5.286212	1148	1281	18	5	133	0.0375940
NODE_77177_length_2681_cov_5.286212	1148	1281	19	17	133	0.1278196
NODE_77177_length_2681_cov_5.286212	1148	1281	20	12	133	0.0902256
NODE_77177_length_2681_cov_5.286212	1148	1281	21	2	133	0.0150376
NODE_77177_length_2681_cov_5.286212	1148	1281	22	9	133	0.0676692
NODE_77177_length_2681_cov_5.286212	1148	1281	23	1	133	0.0075188
NODE_77227_length_2680_cov_4.624952	1159	1292	6	13	133	0.0977444
NODE_77227_length_2680_cov_4.624952	1159	1292	7	2	133	0.0150376
NODE_77227_length_2680_cov_4.624952	1159	1292	8	15	133	0.1127820
NODE_77227_length_2680_cov_4.624952	1159	1292	9	12	133	0.0902256
NODE_77227_length_2680_cov_4.624952	1159	1292	10	11	133	0.0827068
NODE_77227_length_2680_cov_4.624952	1159	1292	11	61	133	0.4586466
NODE_77227_length_2680_cov_4.624952	1159	1292	12	19	133	0.1428571
NODE_77253_length_2680_cov_3.369624	596	729	18	2	133	0.0150376
NODE_77253_length_2680_cov_3.369624	596	729	19	1	133	0.0075188
NODE_77253_length_2680_cov_3.369624	596	729	20	11	133	0.0827068
NODE_77253_length_2680_cov_3.369624	596	729	23	4	133	0.0300752
NODE_77253_length_2680_cov_3.369624	596	729	24	52	133	0.3909774
NODE_77253_length_2680_cov_3.369624	596	729	25	45	133	0.3383459
NODE_77253_length_2680_cov_3.369624	596	729	26	6	133	0.0451128
NODE_77253_length_2680_cov_3.369624	596	729	27	12	133	0.0902256
NODE_77312_length_2678_cov_5.922063	247	380	1	7	133	0.0526316
NODE_77312_length_2678_cov_5.922063	247	380	2	3	133	0.0225564
NODE_77312_length_2678_cov_5.922063	247	380	3	2	133	0.0150376
NODE_77312_length_2678_cov_5.922063	247	380	4	7	133	0.0526316
NODE_77312_length_2678_cov_5.922063	247	380	5	12	133	0.0902256
NODE_77312_length_2678_cov_5.922063	247	380	6	15	133	0.1127820
NODE_77312_length_2678_cov_5.922063	247	380	7	38	133	0.2857143
NODE_77312_length_2678_cov_5.922063	247	380	8	9	133	0.0676692
NODE_77312_length_2678_cov_5.922063	247	380	9	3	133	0.0225564
NODE_77312_length_2678_cov_5.922063	247	380	11	4	133	0.0300752
NODE_77312_length_2678_cov_5.922063	247	380	13	33	133	0.2481203
NODE_77320_length_2678_cov_4.338116	194	327	6	11	133	0.0827068
NODE_77320_length_2678_cov_4.338116	194	327	7	28	133	0.2105263
NODE_77320_length_2678_cov_4.338116	194	327	8	19	133	0.1428571
NODE_77320_length_2678_cov_4.338116	194	327	9	9	133	0.0676692
NODE_77320_length_2678_cov_4.338116	194	327	10	20	133	0.1503759
NODE_77320_length_2678_cov_4.338116	194	327	11	24	133	0.1804511
NODE_77320_length_2678_cov_4.338116	194	327	12	4	133	0.0300752
NODE_77320_length_2678_cov_4.338116	194	327	14	3	133	0.0225564
NODE_77320_length_2678_cov_4.338116	194	327	17	7	133	0.0526316
NODE_77320_length_2678_cov_4.338116	194	327	18	7	133	0.0526316
NODE_77320_length_2678_cov_4.338116	194	327	19	1	133	0.0075188
NODE_77416_length_2676_cov_4.131548	2001	2134	5	6	133	0.0451128
NODE_77416_length_2676_cov_4.131548	2001	2134	7	3	133	0.0225564
NODE_77416_length_2676_cov_4.131548	2001	2134	9	15	133	0.1127820
NODE_77416_length_2676_cov_4.131548	2001	2134	10	5	133	0.0375940
NODE_77416_length_2676_cov_4.131548	2001	2134	11	3	133	0.0225564
NODE_77416_length_2676_cov_4.131548	2001	2134	12	5	133	0.0375940
NODE_77416_length_2676_cov_4.131548	2001	2134	13	17	133	0.1278196
NODE_77416_length_2676_cov_4.131548	2001	2134	14	31	133	0.2330827
NODE_77416_length_2676_cov_4.131548	2001	2134	15	13	133	0.0977444
NODE_77416_length_2676_cov_4.131548	2001	2134	16	30	133	0.2255639
NODE_77416_length_2676_cov_4.131548	2001	2134	17	5	133	0.0375940
NODE_7744_length_8118_cov_4.490335	5190	5323	3	15	133	0.1127820
NODE_7744_length_8118_cov_4.490335	5190	5323	5	12	133	0.0902256
NODE_7744_length_8118_cov_4.490335	5190	5323	7	8	133	0.0601504
NODE_7744_length_8118_cov_4.490335	5190	5323	9	23	133	0.1729323
NODE_7744_length_8118_cov_4.490335	5190	5323	10	43	133	0.3233083
NODE_7744_length_8118_cov_4.490335	5190	5323	11	30	133	0.2255639
NODE_7744_length_8118_cov_4.490335	5190	5323	12	2	133	0.0150376
NODE_7745_length_8117_cov_5.383263	688	821	10	14	133	0.1052632
NODE_7745_length_8117_cov_5.383263	688	821	11	29	133	0.2180451
NODE_7745_length_8117_cov_5.383263	688	821	12	26	133	0.1954887
NODE_7745_length_8117_cov_5.383263	688	821	13	17	133	0.1278196
NODE_7745_length_8117_cov_5.383263	688	821	14	6	133	0.0451128
NODE_7745_length_8117_cov_5.383263	688	821	15	29	133	0.2180451
NODE_7745_length_8117_cov_5.383263	688	821	16	12	133	0.0902256
NODE_77489_length_2674_cov_4.744466	2205	2338	4	32	133	0.2406015
NODE_77489_length_2674_cov_4.744466	2205	2338	5	11	133	0.0827068
NODE_77489_length_2674_cov_4.744466	2205	2338	6	21	133	0.1578947
NODE_77489_length_2674_cov_4.744466	2205	2338	7	18	133	0.1353384
NODE_77489_length_2674_cov_4.744466	2205	2338	8	7	133	0.0526316
NODE_77489_length_2674_cov_4.744466	2205	2338	11	3	133	0.0225564
NODE_77489_length_2674_cov_4.744466	2205	2338	12	10	133	0.0751880
NODE_77489_length_2674_cov_4.744466	2205	2338	14	5	133	0.0375940
NODE_77489_length_2674_cov_4.744466	2205	2338	15	26	133	0.1954887
NODE_77578_length_2672_cov_5.510688	1605	1738	9	7	133	0.0526316
NODE_77578_length_2672_cov_5.510688	1605	1738	10	40	133	0.3007519
NODE_77578_length_2672_cov_5.510688	1605	1738	11	1	133	0.0075188
NODE_77578_length_2672_cov_5.510688	1605	1738	12	4	133	0.0300752
NODE_77578_length_2672_cov_5.510688	1605	1738	13	41	133	0.3082707
NODE_77578_length_2672_cov_5.510688	1605	1738	14	35	133	0.2631579
NODE_77578_length_2672_cov_5.510688	1605	1738	15	5	133	0.0375940
NODE_77586_length_2672_cov_5.124757	744	877	0	80	133	0.6015037
NODE_77586_length_2672_cov_5.124757	744	877	2	42	133	0.3157895
NODE_77586_length_2672_cov_5.124757	744	877	3	3	133	0.0225564
NODE_77586_length_2672_cov_5.124757	744	877	4	8	133	0.0601504
NODE_77594_length_2672_cov_4.425573	2027	2160	7	9	133	0.0676692
NODE_77594_length_2672_cov_4.425573	2027	2160	8	27	133	0.2030075
NODE_77594_length_2672_cov_4.425573	2027	2160	9	14	133	0.1052632
NODE_77594_length_2672_cov_4.425573	2027	2160	11	59	133	0.4436090
NODE_77594_length_2672_cov_4.425573	2027	2160	12	18	133	0.1353384
NODE_77594_length_2672_cov_4.425573	2027	2160	13	6	133	0.0451128
NODE_7763_length_8110_cov_4.787292	4623	4756	22	17	133	0.1278196
NODE_7763_length_8110_cov_4.787292	4623	4756	23	16	133	0.1203008
NODE_7763_length_8110_cov_4.787292	4623	4756	24	15	133	0.1127820
NODE_7763_length_8110_cov_4.787292	4623	4756	25	3	133	0.0225564
NODE_7763_length_8110_cov_4.787292	4623	4756	26	9	133	0.0676692
NODE_7763_length_8110_cov_4.787292	4623	4756	27	13	133	0.0977444
NODE_7763_length_8110_cov_4.787292	4623	4756	28	4	133	0.0300752
NODE_7763_length_8110_cov_4.787292	4623	4756	29	3	133	0.0225564
NODE_7763_length_8110_cov_4.787292	4623	4756	30	5	133	0.0375940
NODE_7763_length_8110_cov_4.787292	4623	4756	31	5	133	0.0375940
NODE_7763_length_8110_cov_4.787292	4623	4756	32	11	133	0.0827068
NODE_7763_length_8110_cov_4.787292	4623	4756	33	2	133	0.0150376
NODE_7763_length_8110_cov_4.787292	4623	4756	34	6	133	0.0451128
NODE_7763_length_8110_cov_4.787292	4623	4756	35	24	133	0.1804511
NODE_77643_length_2671_cov_4.059876	695	828	0	12	133	0.0902256
NODE_77643_length_2671_cov_4.059876	695	828	2	42	133	0.3157895
NODE_77643_length_2671_cov_4.059876	695	828	4	79	133	0.5939850
NODE_77654_length_2671_cov_3.087092	1839	1972	1	5	133	0.0375940
NODE_77654_length_2671_cov_3.087092	1839	1972	3	3	133	0.0225564
NODE_77654_length_2671_cov_3.087092	1839	1972	4	6	133	0.0451128
NODE_77654_length_2671_cov_3.087092	1839	1972	5	14	133	0.1052632
NODE_77654_length_2671_cov_3.087092	1839	1972	6	105	133	0.7894737
NODE_77679_length_2670_cov_3.779463	1982	2115	16	1	133	0.0075188
NODE_77679_length_2670_cov_3.779463	1982	2115	17	4	133	0.0300752
NODE_77679_length_2670_cov_3.779463	1982	2115	19	4	133	0.0300752
NODE_77679_length_2670_cov_3.779463	1982	2115	20	4	133	0.0300752
NODE_77679_length_2670_cov_3.779463	1982	2115	22	2	133	0.0150376
NODE_77679_length_2670_cov_3.779463	1982	2115	23	7	133	0.0526316
NODE_77679_length_2670_cov_3.779463	1982	2115	24	2	133	0.0150376
NODE_77679_length_2670_cov_3.779463	1982	2115	26	9	133	0.0676692
NODE_77679_length_2670_cov_3.779463	1982	2115	27	9	133	0.0676692
NODE_77679_length_2670_cov_3.779463	1982	2115	28	38	133	0.2857143
NODE_77679_length_2670_cov_3.779463	1982	2115	29	13	133	0.0977444
NODE_77679_length_2670_cov_3.779463	1982	2115	30	3	133	0.0225564
NODE_77679_length_2670_cov_3.779463	1982	2115	31	26	133	0.1954887
NODE_77679_length_2670_cov_3.779463	1982	2115	32	11	133	0.0827068
NODE_77724_length_2669_cov_3.783658	1385	1518	3	3	133	0.0225564
NODE_77724_length_2669_cov_3.783658	1385	1518	4	35	133	0.2631579
NODE_77724_length_2669_cov_3.783658	1385	1518	5	31	133	0.2330827
NODE_77724_length_2669_cov_3.783658	1385	1518	6	29	133	0.2180451
NODE_77724_length_2669_cov_3.783658	1385	1518	7	4	133	0.0300752
NODE_77724_length_2669_cov_3.783658	1385	1518	8	31	133	0.2330827
NODE_77758_length_2668_cov_4.045154	650	783	8	12	133	0.0902256
NODE_77758_length_2668_cov_4.045154	650	783	9	25	133	0.1879699
NODE_77758_length_2668_cov_4.045154	650	783	10	11	133	0.0827068
NODE_77758_length_2668_cov_4.045154	650	783	11	35	133	0.2631579
NODE_77758_length_2668_cov_4.045154	650	783	12	28	133	0.2105263
NODE_77758_length_2668_cov_4.045154	650	783	14	6	133	0.0451128
NODE_77758_length_2668_cov_4.045154	650	783	15	11	133	0.0827068
NODE_77758_length_2668_cov_4.045154	650	783	16	5	133	0.0375940
NODE_77763_length_2668_cov_3.792137	2118	2251	0	97	133	0.7293233
NODE_77763_length_2668_cov_3.792137	2118	2251	2	36	133	0.2706767
NODE_7782_length_8101_cov_6.416771	6200	6333	13	2	133	0.0150376
NODE_7782_length_8101_cov_6.416771	6200	6333	14	12	133	0.0902256
NODE_7782_length_8101_cov_6.416771	6200	6333	15	7	133	0.0526316
NODE_7782_length_8101_cov_6.416771	6200	6333	16	11	133	0.0827068
NODE_7782_length_8101_cov_6.416771	6200	6333	17	9	133	0.0676692
NODE_7782_length_8101_cov_6.416771	6200	6333	18	24	133	0.1804511
NODE_7782_length_8101_cov_6.416771	6200	6333	19	64	133	0.4812030
NODE_7782_length_8101_cov_6.416771	6200	6333	20	4	133	0.0300752
NODE_77863_length_2666_cov_3.772108	1030	1163	0	11	133	0.0827068
NODE_77863_length_2666_cov_3.772108	1030	1163	1	46	133	0.3458647
NODE_77863_length_2666_cov_3.772108	1030	1163	3	1	133	0.0075188
NODE_77863_length_2666_cov_3.772108	1030	1163	4	22	133	0.1654135
NODE_77863_length_2666_cov_3.772108	1030	1163	7	53	133	0.3984962
NODE_7787_length_8100_cov_4.687164	3155	3288	16	1	133	0.0075188
NODE_7787_length_8100_cov_4.687164	3155	3288	17	14	133	0.1052632
NODE_7787_length_8100_cov_4.687164	3155	3288	18	24	133	0.1804511
NODE_7787_length_8100_cov_4.687164	3155	3288	20	3	133	0.0225564
NODE_7787_length_8100_cov_4.687164	3155	3288	21	3	133	0.0225564
NODE_7787_length_8100_cov_4.687164	3155	3288	22	3	133	0.0225564
NODE_7787_length_8100_cov_4.687164	3155	3288	23	10	133	0.0751880
NODE_7787_length_8100_cov_4.687164	3155	3288	24	31	133	0.2330827
NODE_7787_length_8100_cov_4.687164	3155	3288	25	28	133	0.2105263
NODE_7787_length_8100_cov_4.687164	3155	3288	26	16	133	0.1203008
NODE_77885_length_2665_cov_5.076383	132	265	1	37	133	0.2781955
NODE_77885_length_2665_cov_5.076383	132	265	2	55	133	0.4135338
NODE_77885_length_2665_cov_5.076383	132	265	4	5	133	0.0375940
NODE_77885_length_2665_cov_5.076383	132	265	5	20	133	0.1503759
NODE_77885_length_2665_cov_5.076383	132	265	7	16	133	0.1203008
NODE_77900_length_2665_cov_3.706157	215	348	9	8	133	0.0601504
NODE_77900_length_2665_cov_3.706157	215	348	10	33	133	0.2481203
NODE_77900_length_2665_cov_3.706157	215	348	11	43	133	0.3233083
NODE_77900_length_2665_cov_3.706157	215	348	12	13	133	0.0977444
NODE_77900_length_2665_cov_3.706157	215	348	13	4	133	0.0300752
NODE_77900_length_2665_cov_3.706157	215	348	14	13	133	0.0977444
NODE_77900_length_2665_cov_3.706157	215	348	15	8	133	0.0601504
NODE_77900_length_2665_cov_3.706157	215	348	16	11	133	0.0827068
NODE_77902_length_2665_cov_3.530008	1465	1598	1	7	133	0.0526316
NODE_77902_length_2665_cov_3.530008	1465	1598	2	30	133	0.2255639
NODE_77902_length_2665_cov_3.530008	1465	1598	3	18	133	0.1353384
NODE_77902_length_2665_cov_3.530008	1465	1598	4	21	133	0.1578947
NODE_77902_length_2665_cov_3.530008	1465	1598	5	51	133	0.3834586
NODE_77902_length_2665_cov_3.530008	1465	1598	6	6	133	0.0451128
NODE_77911_length_2665_cov_2.915433	1271	1404	13	4	133	0.0300752
NODE_77911_length_2665_cov_2.915433	1271	1404	14	4	133	0.0300752
NODE_77911_length_2665_cov_2.915433	1271	1404	15	10	133	0.0751880
NODE_77911_length_2665_cov_2.915433	1271	1404	16	13	133	0.0977444
NODE_77911_length_2665_cov_2.915433	1271	1404	17	36	133	0.2706767
NODE_77911_length_2665_cov_2.915433	1271	1404	18	13	133	0.0977444
NODE_77911_length_2665_cov_2.915433	1271	1404	19	5	133	0.0375940
NODE_77911_length_2665_cov_2.915433	1271	1404	20	5	133	0.0375940
NODE_77911_length_2665_cov_2.915433	1271	1404	21	23	133	0.1729323
NODE_77911_length_2665_cov_2.915433	1271	1404	23	12	133	0.0902256
NODE_77911_length_2665_cov_2.915433	1271	1404	24	8	133	0.0601504
NODE_7794_length_8099_cov_3.781375	6045	6178	8	15	133	0.1127820
NODE_7794_length_8099_cov_3.781375	6045	6178	9	54	133	0.4060150
NODE_7794_length_8099_cov_3.781375	6045	6178	10	23	133	0.1729323
NODE_7794_length_8099_cov_3.781375	6045	6178	11	9	133	0.0676692
NODE_7794_length_8099_cov_3.781375	6045	6178	12	16	133	0.1203008
NODE_7794_length_8099_cov_3.781375	6045	6178	13	14	133	0.1052632
NODE_7794_length_8099_cov_3.781375	6045	6178	14	2	133	0.0150376
NODE_7796_length_8098_cov_3.858857	4480	4613	1	5	133	0.0375940
NODE_7796_length_8098_cov_3.858857	4480	4613	2	51	133	0.3834586
NODE_7796_length_8098_cov_3.858857	4480	4613	3	75	133	0.5639098
NODE_7796_length_8098_cov_3.858857	4480	4613	4	2	133	0.0150376
NODE_78019_length_2662_cov_4.486539	2416	2549	22	3	133	0.0225564
NODE_78019_length_2662_cov_4.486539	2416	2549	23	9	133	0.0676692
NODE_78019_length_2662_cov_4.486539	2416	2549	24	8	133	0.0601504
NODE_78019_length_2662_cov_4.486539	2416	2549	25	7	133	0.0526316
NODE_78019_length_2662_cov_4.486539	2416	2549	26	10	133	0.0751880
NODE_78019_length_2662_cov_4.486539	2416	2549	27	12	133	0.0902256
NODE_78019_length_2662_cov_4.486539	2416	2549	29	9	133	0.0676692
NODE_78019_length_2662_cov_4.486539	2416	2549	30	17	133	0.1278196
NODE_78019_length_2662_cov_4.486539	2416	2549	31	21	133	0.1578947
NODE_78019_length_2662_cov_4.486539	2416	2549	32	30	133	0.2255639
NODE_78019_length_2662_cov_4.486539	2416	2549	33	7	133	0.0526316
NODE_78034_length_2662_cov_3.650020	854	987	22	5	133	0.0375940
NODE_78034_length_2662_cov_3.650020	854	987	23	6	133	0.0451128
NODE_78034_length_2662_cov_3.650020	854	987	24	8	133	0.0601504
NODE_78034_length_2662_cov_3.650020	854	987	25	15	133	0.1127820
NODE_78034_length_2662_cov_3.650020	854	987	26	13	133	0.0977444
NODE_78034_length_2662_cov_3.650020	854	987	27	2	133	0.0150376
NODE_78034_length_2662_cov_3.650020	854	987	28	1	133	0.0075188
NODE_78034_length_2662_cov_3.650020	854	987	29	9	133	0.0676692
NODE_78034_length_2662_cov_3.650020	854	987	30	7	133	0.0526316
NODE_78034_length_2662_cov_3.650020	854	987	31	23	133	0.1729323
NODE_78034_length_2662_cov_3.650020	854	987	32	22	133	0.1654135
NODE_78034_length_2662_cov_3.650020	854	987	33	22	133	0.1654135
NODE_7806_length_8093_cov_7.335752	1609	1742	4	10	133	0.0751880
NODE_7806_length_8093_cov_7.335752	1609	1742	6	9	133	0.0676692
NODE_7806_length_8093_cov_7.335752	1609	1742	7	33	133	0.2481203
NODE_7806_length_8093_cov_7.335752	1609	1742	8	6	133	0.0451128
NODE_7806_length_8093_cov_7.335752	1609	1742	9	29	133	0.2180451
NODE_7806_length_8093_cov_7.335752	1609	1742	10	46	133	0.3458647
NODE_78092_length_2661_cov_2.747073	98	231	0	133	133	1.0000000
NODE_780_length_15867_cov_3.699518	12081	12214	6	11	133	0.0827068
NODE_780_length_15867_cov_3.699518	12081	12214	7	8	133	0.0601504
NODE_780_length_15867_cov_3.699518	12081	12214	8	48	133	0.3609022
NODE_780_length_15867_cov_3.699518	12081	12214	9	12	133	0.0902256
NODE_780_length_15867_cov_3.699518	12081	12214	10	10	133	0.0751880
NODE_780_length_15867_cov_3.699518	12081	12214	11	13	133	0.0977444
NODE_780_length_15867_cov_3.699518	12081	12214	12	31	133	0.2330827
NODE_78129_length_2660_cov_3.300664	1554	1687	4	5	133	0.0375940
NODE_78129_length_2660_cov_3.300664	1554	1687	5	15	133	0.1127820
NODE_78129_length_2660_cov_3.300664	1554	1687	7	12	133	0.0902256
NODE_78129_length_2660_cov_3.300664	1554	1687	8	14	133	0.1052632
NODE_78129_length_2660_cov_3.300664	1554	1687	9	7	133	0.0526316
NODE_78129_length_2660_cov_3.300664	1554	1687	11	9	133	0.0676692
NODE_78129_length_2660_cov_3.300664	1554	1687	12	17	133	0.1278196
NODE_78129_length_2660_cov_3.300664	1554	1687	13	27	133	0.2030075
NODE_78129_length_2660_cov_3.300664	1554	1687	14	16	133	0.1203008
NODE_78129_length_2660_cov_3.300664	1554	1687	15	11	133	0.0827068
NODE_781_length_15863_cov_5.282479	1009	1142	3	43	133	0.3233083
NODE_781_length_15863_cov_5.282479	1009	1142	4	20	133	0.1503759
NODE_781_length_15863_cov_5.282479	1009	1142	6	19	133	0.1428571
NODE_781_length_15863_cov_5.282479	1009	1142	7	10	133	0.0751880
NODE_781_length_15863_cov_5.282479	1009	1142	8	8	133	0.0601504
NODE_781_length_15863_cov_5.282479	1009	1142	10	15	133	0.1127820
NODE_781_length_15863_cov_5.282479	1009	1142	11	18	133	0.1353384
NODE_78260_length_2657_cov_3.120407	576	709	7	13	133	0.0977444
NODE_78260_length_2657_cov_3.120407	576	709	8	9	133	0.0676692
NODE_78260_length_2657_cov_3.120407	576	709	10	3	133	0.0225564
NODE_78260_length_2657_cov_3.120407	576	709	13	2	133	0.0150376
NODE_78260_length_2657_cov_3.120407	576	709	14	11	133	0.0827068
NODE_78260_length_2657_cov_3.120407	576	709	15	1	133	0.0075188
NODE_78260_length_2657_cov_3.120407	576	709	16	18	133	0.1353384
NODE_78260_length_2657_cov_3.120407	576	709	17	20	133	0.1503759
NODE_78260_length_2657_cov_3.120407	576	709	18	29	133	0.2180451
NODE_78260_length_2657_cov_3.120407	576	709	19	25	133	0.1879699
NODE_78260_length_2657_cov_3.120407	576	709	20	2	133	0.0150376
NODE_7829_length_8084_cov_4.357170	593	726	0	10	133	0.0751880
NODE_7829_length_8084_cov_4.357170	593	726	1	123	133	0.9248120
NODE_78334_length_2655_cov_4.012911	2294	2427	8	7	133	0.0526316
NODE_78334_length_2655_cov_4.012911	2294	2427	9	2	133	0.0150376
NODE_78334_length_2655_cov_4.012911	2294	2427	10	14	133	0.1052632
NODE_78334_length_2655_cov_4.012911	2294	2427	12	71	133	0.5338346
NODE_78334_length_2655_cov_4.012911	2294	2427	13	4	133	0.0300752
NODE_78334_length_2655_cov_4.012911	2294	2427	14	35	133	0.2631579
NODE_7834_length_8083_cov_4.841308	4676	4809	2	17	133	0.1278196
NODE_7834_length_8083_cov_4.841308	4676	4809	3	8	133	0.0601504
NODE_7834_length_8083_cov_4.841308	4676	4809	4	62	133	0.4661654
NODE_7834_length_8083_cov_4.841308	4676	4809	5	46	133	0.3458647
NODE_783_length_15845_cov_4.321987	7019	7152	2	44	133	0.3308271
NODE_783_length_15845_cov_4.321987	7019	7152	3	4	133	0.0300752
NODE_783_length_15845_cov_4.321987	7019	7152	4	2	133	0.0150376
NODE_783_length_15845_cov_4.321987	7019	7152	6	1	133	0.0075188
NODE_783_length_15845_cov_4.321987	7019	7152	7	40	133	0.3007519
NODE_783_length_15845_cov_4.321987	7019	7152	8	33	133	0.2481203
NODE_783_length_15845_cov_4.321987	7019	7152	10	9	133	0.0676692
NODE_78422_length_2653_cov_3.689898	1076	1209	8	5	133	0.0375940
NODE_78422_length_2653_cov_3.689898	1076	1209	9	20	133	0.1503759
NODE_78422_length_2653_cov_3.689898	1076	1209	10	3	133	0.0225564
NODE_78422_length_2653_cov_3.689898	1076	1209	11	7	133	0.0526316
NODE_78422_length_2653_cov_3.689898	1076	1209	13	4	133	0.0300752
NODE_78422_length_2653_cov_3.689898	1076	1209	14	2	133	0.0150376
NODE_78422_length_2653_cov_3.689898	1076	1209	15	3	133	0.0225564
NODE_78422_length_2653_cov_3.689898	1076	1209	16	16	133	0.1203008
NODE_78422_length_2653_cov_3.689898	1076	1209	17	35	133	0.2631579
NODE_78422_length_2653_cov_3.689898	1076	1209	18	32	133	0.2406015
NODE_78422_length_2653_cov_3.689898	1076	1209	19	6	133	0.0451128
NODE_78476_length_2652_cov_3.092832	1798	1931	1	14	133	0.1052632
NODE_78476_length_2652_cov_3.092832	1798	1931	2	8	133	0.0601504
NODE_78476_length_2652_cov_3.092832	1798	1931	3	3	133	0.0225564
NODE_78476_length_2652_cov_3.092832	1798	1931	4	21	133	0.1578947
NODE_78476_length_2652_cov_3.092832	1798	1931	5	21	133	0.1578947
NODE_78476_length_2652_cov_3.092832	1798	1931	7	56	133	0.4210526
NODE_78476_length_2652_cov_3.092832	1798	1931	8	10	133	0.0751880
NODE_78532_length_2650_cov_5.266170	1945	2078	4	10	133	0.0751880
NODE_78532_length_2650_cov_5.266170	1945	2078	5	3	133	0.0225564
NODE_78532_length_2650_cov_5.266170	1945	2078	7	8	133	0.0601504
NODE_78532_length_2650_cov_5.266170	1945	2078	8	2	133	0.0150376
NODE_78532_length_2650_cov_5.266170	1945	2078	9	16	133	0.1203008
NODE_78532_length_2650_cov_5.266170	1945	2078	10	80	133	0.6015037
NODE_78532_length_2650_cov_5.266170	1945	2078	11	14	133	0.1052632
NODE_78541_length_2650_cov_4.865543	353	486	6	9	133	0.0676692
NODE_78541_length_2650_cov_4.865543	353	486	7	4	133	0.0300752
NODE_78541_length_2650_cov_4.865543	353	486	8	12	133	0.0902256
NODE_78541_length_2650_cov_4.865543	353	486	9	22	133	0.1654135
NODE_78541_length_2650_cov_4.865543	353	486	10	33	133	0.2481203
NODE_78541_length_2650_cov_4.865543	353	486	11	37	133	0.2781955
NODE_78541_length_2650_cov_4.865543	353	486	12	16	133	0.1203008
NODE_7854_length_8076_cov_3.046007	6187	6320	6	34	133	0.2556391
NODE_7854_length_8076_cov_3.046007	6187	6320	8	9	133	0.0676692
NODE_7854_length_8076_cov_3.046007	6187	6320	10	32	133	0.2406015
NODE_7854_length_8076_cov_3.046007	6187	6320	11	7	133	0.0526316
NODE_7854_length_8076_cov_3.046007	6187	6320	12	9	133	0.0676692
NODE_7854_length_8076_cov_3.046007	6187	6320	13	6	133	0.0451128
NODE_7854_length_8076_cov_3.046007	6187	6320	14	36	133	0.2706767
NODE_7860_length_8073_cov_4.335340	2568	2701	26	4	133	0.0300752
NODE_7860_length_8073_cov_4.335340	2568	2701	28	10	133	0.0751880
NODE_7860_length_8073_cov_4.335340	2568	2701	29	10	133	0.0751880
NODE_7860_length_8073_cov_4.335340	2568	2701	30	7	133	0.0526316
NODE_7860_length_8073_cov_4.335340	2568	2701	31	21	133	0.1578947
NODE_7860_length_8073_cov_4.335340	2568	2701	32	6	133	0.0451128
NODE_7860_length_8073_cov_4.335340	2568	2701	33	6	133	0.0451128
NODE_7860_length_8073_cov_4.335340	2568	2701	34	11	133	0.0827068
NODE_7860_length_8073_cov_4.335340	2568	2701	35	36	133	0.2706767
NODE_7860_length_8073_cov_4.335340	2568	2701	36	21	133	0.1578947
NODE_7860_length_8073_cov_4.335340	2568	2701	37	1	133	0.0075188
NODE_78680_length_2647_cov_6.326923	162	295	10	2	133	0.0150376
NODE_78680_length_2647_cov_6.326923	162	295	11	7	133	0.0526316
NODE_78680_length_2647_cov_6.326923	162	295	12	9	133	0.0676692
NODE_78680_length_2647_cov_6.326923	162	295	13	14	133	0.1052632
NODE_78680_length_2647_cov_6.326923	162	295	14	9	133	0.0676692
NODE_78680_length_2647_cov_6.326923	162	295	15	1	133	0.0075188
NODE_78680_length_2647_cov_6.326923	162	295	16	2	133	0.0150376
NODE_78680_length_2647_cov_6.326923	162	295	17	6	133	0.0451128
NODE_78680_length_2647_cov_6.326923	162	295	18	3	133	0.0225564
NODE_78680_length_2647_cov_6.326923	162	295	20	3	133	0.0225564
NODE_78680_length_2647_cov_6.326923	162	295	22	1	133	0.0075188
NODE_78680_length_2647_cov_6.326923	162	295	23	2	133	0.0150376
NODE_78680_length_2647_cov_6.326923	162	295	26	1	133	0.0075188
NODE_78680_length_2647_cov_6.326923	162	295	27	5	133	0.0375940
NODE_78680_length_2647_cov_6.326923	162	295	28	3	133	0.0225564
NODE_78680_length_2647_cov_6.326923	162	295	29	1	133	0.0075188
NODE_78680_length_2647_cov_6.326923	162	295	30	1	133	0.0075188
NODE_78680_length_2647_cov_6.326923	162	295	31	2	133	0.0150376
NODE_78680_length_2647_cov_6.326923	162	295	33	5	133	0.0375940
NODE_78680_length_2647_cov_6.326923	162	295	34	5	133	0.0375940
NODE_78680_length_2647_cov_6.326923	162	295	36	2	133	0.0150376
NODE_78680_length_2647_cov_6.326923	162	295	37	2	133	0.0150376
NODE_78680_length_2647_cov_6.326923	162	295	38	2	133	0.0150376
NODE_78680_length_2647_cov_6.326923	162	295	39	3	133	0.0225564
NODE_78680_length_2647_cov_6.326923	162	295	40	4	133	0.0300752
NODE_78680_length_2647_cov_6.326923	162	295	41	4	133	0.0300752
NODE_78680_length_2647_cov_6.326923	162	295	42	1	133	0.0075188
NODE_78680_length_2647_cov_6.326923	162	295	43	9	133	0.0676692
NODE_78680_length_2647_cov_6.326923	162	295	44	11	133	0.0827068
NODE_78680_length_2647_cov_6.326923	162	295	45	7	133	0.0526316
NODE_78680_length_2647_cov_6.326923	162	295	47	2	133	0.0150376
NODE_78680_length_2647_cov_6.326923	162	295	48	4	133	0.0300752
NODE_786_length_15843_cov_4.607470	4036	4169	19	14	133	0.1052632
NODE_786_length_15843_cov_4.607470	4036	4169	20	20	133	0.1503759
NODE_786_length_15843_cov_4.607470	4036	4169	21	4	133	0.0300752
NODE_786_length_15843_cov_4.607470	4036	4169	22	3	133	0.0225564
NODE_786_length_15843_cov_4.607470	4036	4169	23	4	133	0.0300752
NODE_786_length_15843_cov_4.607470	4036	4169	24	34	133	0.2556391
NODE_786_length_15843_cov_4.607470	4036	4169	25	30	133	0.2255639
NODE_786_length_15843_cov_4.607470	4036	4169	26	24	133	0.1804511
NODE_7872_length_8069_cov_3.987955	5504	5637	6	5	133	0.0375940
NODE_7872_length_8069_cov_3.987955	5504	5637	7	12	133	0.0902256
NODE_7872_length_8069_cov_3.987955	5504	5637	8	34	133	0.2556391
NODE_7872_length_8069_cov_3.987955	5504	5637	9	8	133	0.0601504
NODE_7872_length_8069_cov_3.987955	5504	5637	10	5	133	0.0375940
NODE_7872_length_8069_cov_3.987955	5504	5637	11	16	133	0.1203008
NODE_7872_length_8069_cov_3.987955	5504	5637	12	45	133	0.3383459
NODE_7872_length_8069_cov_3.987955	5504	5637	13	8	133	0.0601504
NODE_78762_length_2646_cov_3.146447	1828	1961	2	8	133	0.0601504
NODE_78762_length_2646_cov_3.146447	1828	1961	3	65	133	0.4887218
NODE_78762_length_2646_cov_3.146447	1828	1961	4	18	133	0.1353384
NODE_78762_length_2646_cov_3.146447	1828	1961	5	42	133	0.3157895
NODE_78813_length_2645_cov_3.505106	1033	1166	18	7	133	0.0526316
NODE_78813_length_2645_cov_3.505106	1033	1166	19	7	133	0.0526316
NODE_78813_length_2645_cov_3.505106	1033	1166	20	6	133	0.0451128
NODE_78813_length_2645_cov_3.505106	1033	1166	21	7	133	0.0526316
NODE_78813_length_2645_cov_3.505106	1033	1166	22	18	133	0.1353384
NODE_78813_length_2645_cov_3.505106	1033	1166	23	5	133	0.0375940
NODE_78813_length_2645_cov_3.505106	1033	1166	24	20	133	0.1503759
NODE_78813_length_2645_cov_3.505106	1033	1166	25	14	133	0.1052632
NODE_78813_length_2645_cov_3.505106	1033	1166	26	13	133	0.0977444
NODE_78813_length_2645_cov_3.505106	1033	1166	27	20	133	0.1503759
NODE_78813_length_2645_cov_3.505106	1033	1166	28	14	133	0.1052632
NODE_78813_length_2645_cov_3.505106	1033	1166	29	2	133	0.0150376
NODE_78853_length_2644_cov_4.254224	693	826	1	4	133	0.0300752
NODE_78853_length_2644_cov_4.254224	693	826	3	22	133	0.1654135
NODE_78853_length_2644_cov_4.254224	693	826	4	33	133	0.2481203
NODE_78853_length_2644_cov_4.254224	693	826	5	74	133	0.5563910
NODE_78855_length_2644_cov_4.139096	1977	2110	16	4	133	0.0300752
NODE_78855_length_2644_cov_4.139096	1977	2110	18	8	133	0.0601504
NODE_78855_length_2644_cov_4.139096	1977	2110	19	3	133	0.0225564
NODE_78855_length_2644_cov_4.139096	1977	2110	20	8	133	0.0601504
NODE_78855_length_2644_cov_4.139096	1977	2110	22	3	133	0.0225564
NODE_78855_length_2644_cov_4.139096	1977	2110	23	8	133	0.0601504
NODE_78855_length_2644_cov_4.139096	1977	2110	24	15	133	0.1127820
NODE_78855_length_2644_cov_4.139096	1977	2110	25	16	133	0.1203008
NODE_78855_length_2644_cov_4.139096	1977	2110	26	13	133	0.0977444
NODE_78855_length_2644_cov_4.139096	1977	2110	27	18	133	0.1353384
NODE_78855_length_2644_cov_4.139096	1977	2110	28	12	133	0.0902256
NODE_78855_length_2644_cov_4.139096	1977	2110	29	6	133	0.0451128
NODE_78855_length_2644_cov_4.139096	1977	2110	30	13	133	0.0977444
NODE_78855_length_2644_cov_4.139096	1977	2110	31	6	133	0.0451128
NODE_78888_length_2643_cov_4.782233	1124	1257	0	57	133	0.4285714
NODE_78888_length_2643_cov_4.782233	1124	1257	1	48	133	0.3609022
NODE_78888_length_2643_cov_4.782233	1124	1257	2	28	133	0.2105263
NODE_7890_length_8064_cov_5.252856	4741	4874	8	7	133	0.0526316
NODE_7890_length_8064_cov_5.252856	4741	4874	9	4	133	0.0300752
NODE_7890_length_8064_cov_5.252856	4741	4874	10	6	133	0.0451128
NODE_7890_length_8064_cov_5.252856	4741	4874	11	38	133	0.2857143
NODE_7890_length_8064_cov_5.252856	4741	4874	12	30	133	0.2255639
NODE_7890_length_8064_cov_5.252856	4741	4874	13	31	133	0.2330827
NODE_7890_length_8064_cov_5.252856	4741	4874	14	17	133	0.1278196
NODE_78993_length_2641_cov_4.435090	2491	2624	23	5	133	0.0375940
NODE_78993_length_2641_cov_4.435090	2491	2624	26	4	133	0.0300752
NODE_78993_length_2641_cov_4.435090	2491	2624	27	3	133	0.0225564
NODE_78993_length_2641_cov_4.435090	2491	2624	28	3	133	0.0225564
NODE_78993_length_2641_cov_4.435090	2491	2624	29	2	133	0.0150376
NODE_78993_length_2641_cov_4.435090	2491	2624	30	3	133	0.0225564
NODE_78993_length_2641_cov_4.435090	2491	2624	31	1	133	0.0075188
NODE_78993_length_2641_cov_4.435090	2491	2624	32	12	133	0.0902256
NODE_78993_length_2641_cov_4.435090	2491	2624	34	5	133	0.0375940
NODE_78993_length_2641_cov_4.435090	2491	2624	41	3	133	0.0225564
NODE_78993_length_2641_cov_4.435090	2491	2624	42	1	133	0.0075188
NODE_78993_length_2641_cov_4.435090	2491	2624	43	1	133	0.0075188
NODE_78993_length_2641_cov_4.435090	2491	2624	44	5	133	0.0375940
NODE_78993_length_2641_cov_4.435090	2491	2624	45	7	133	0.0526316
NODE_78993_length_2641_cov_4.435090	2491	2624	46	3	133	0.0225564
NODE_78993_length_2641_cov_4.435090	2491	2624	47	3	133	0.0225564
NODE_78993_length_2641_cov_4.435090	2491	2624	48	1	133	0.0075188
NODE_78993_length_2641_cov_4.435090	2491	2624	50	4	133	0.0300752
NODE_78993_length_2641_cov_4.435090	2491	2624	51	8	133	0.0601504
NODE_78993_length_2641_cov_4.435090	2491	2624	52	2	133	0.0150376
NODE_78993_length_2641_cov_4.435090	2491	2624	53	16	133	0.1203008
NODE_78993_length_2641_cov_4.435090	2491	2624	55	2	133	0.0150376
NODE_78993_length_2641_cov_4.435090	2491	2624	57	12	133	0.0902256
NODE_78993_length_2641_cov_4.435090	2491	2624	58	7	133	0.0526316
NODE_78993_length_2641_cov_4.435090	2491	2624	59	14	133	0.1052632
NODE_78993_length_2641_cov_4.435090	2491	2624	60	4	133	0.0300752
NODE_78993_length_2641_cov_4.435090	2491	2624	61	2	133	0.0150376
NODE_789_length_15833_cov_4.694038	6408	6541	0	8	133	0.0601504
NODE_789_length_15833_cov_4.694038	6408	6541	1	21	133	0.1578947
NODE_789_length_15833_cov_4.694038	6408	6541	2	23	133	0.1729323
NODE_789_length_15833_cov_4.694038	6408	6541	3	22	133	0.1654135
NODE_789_length_15833_cov_4.694038	6408	6541	5	8	133	0.0601504
NODE_789_length_15833_cov_4.694038	6408	6541	7	51	133	0.3834586
NODE_79014_length_2641_cov_2.850511	920	1053	1	7	133	0.0526316
NODE_79014_length_2641_cov_2.850511	920	1053	5	5	133	0.0375940
NODE_79014_length_2641_cov_2.850511	920	1053	6	16	133	0.1203008
NODE_79014_length_2641_cov_2.850511	920	1053	7	6	133	0.0451128
NODE_79014_length_2641_cov_2.850511	920	1053	9	7	133	0.0526316
NODE_79014_length_2641_cov_2.850511	920	1053	12	11	133	0.0827068
NODE_79014_length_2641_cov_2.850511	920	1053	14	49	133	0.3684210
NODE_79014_length_2641_cov_2.850511	920	1053	15	8	133	0.0601504
NODE_79014_length_2641_cov_2.850511	920	1053	16	19	133	0.1428571
NODE_79014_length_2641_cov_2.850511	920	1053	17	5	133	0.0375940
NODE_79062_length_2639_cov_5.538976	2020	2153	5	7	133	0.0526316
NODE_79062_length_2639_cov_5.538976	2020	2153	9	14	133	0.1052632
NODE_79062_length_2639_cov_5.538976	2020	2153	10	12	133	0.0902256
NODE_79062_length_2639_cov_5.538976	2020	2153	11	19	133	0.1428571
NODE_79062_length_2639_cov_5.538976	2020	2153	13	2	133	0.0150376
NODE_79062_length_2639_cov_5.538976	2020	2153	14	2	133	0.0150376
NODE_79062_length_2639_cov_5.538976	2020	2153	15	6	133	0.0451128
NODE_79062_length_2639_cov_5.538976	2020	2153	17	1	133	0.0075188
NODE_79062_length_2639_cov_5.538976	2020	2153	19	9	133	0.0676692
NODE_79062_length_2639_cov_5.538976	2020	2153	20	61	133	0.4586466
NODE_79113_length_2638_cov_4.876723	258	391	14	4	133	0.0300752
NODE_79113_length_2638_cov_4.876723	258	391	15	10	133	0.0751880
NODE_79113_length_2638_cov_4.876723	258	391	16	7	133	0.0526316
NODE_79113_length_2638_cov_4.876723	258	391	17	20	133	0.1503759
NODE_79113_length_2638_cov_4.876723	258	391	18	11	133	0.0827068
NODE_79113_length_2638_cov_4.876723	258	391	19	6	133	0.0451128
NODE_79113_length_2638_cov_4.876723	258	391	20	10	133	0.0751880
NODE_79113_length_2638_cov_4.876723	258	391	21	18	133	0.1353384
NODE_79113_length_2638_cov_4.876723	258	391	22	3	133	0.0225564
NODE_79113_length_2638_cov_4.876723	258	391	23	10	133	0.0751880
NODE_79113_length_2638_cov_4.876723	258	391	24	3	133	0.0225564
NODE_79113_length_2638_cov_4.876723	258	391	25	25	133	0.1879699
NODE_79113_length_2638_cov_4.876723	258	391	26	6	133	0.0451128
NODE_79135_length_2638_cov_3.467507	2139	2272	4	15	133	0.1127820
NODE_79135_length_2638_cov_3.467507	2139	2272	5	2	133	0.0150376
NODE_79135_length_2638_cov_3.467507	2139	2272	7	30	133	0.2255639
NODE_79135_length_2638_cov_3.467507	2139	2272	8	34	133	0.2556391
NODE_79135_length_2638_cov_3.467507	2139	2272	9	36	133	0.2706767
NODE_79135_length_2638_cov_3.467507	2139	2272	10	16	133	0.1203008
NODE_791_length_15819_cov_5.108651	2567	2700	8	17	133	0.1278196
NODE_791_length_15819_cov_5.108651	2567	2700	9	4	133	0.0300752
NODE_791_length_15819_cov_5.108651	2567	2700	10	1	133	0.0075188
NODE_791_length_15819_cov_5.108651	2567	2700	11	1	133	0.0075188
NODE_791_length_15819_cov_5.108651	2567	2700	12	7	133	0.0526316
NODE_791_length_15819_cov_5.108651	2567	2700	14	18	133	0.1353384
NODE_791_length_15819_cov_5.108651	2567	2700	15	51	133	0.3834586
NODE_791_length_15819_cov_5.108651	2567	2700	16	34	133	0.2556391
NODE_79216_length_2636_cov_3.460386	1740	1873	11	21	133	0.1578947
NODE_79216_length_2636_cov_3.460386	1740	1873	12	27	133	0.2030075
NODE_79216_length_2636_cov_3.460386	1740	1873	13	18	133	0.1353384
NODE_79216_length_2636_cov_3.460386	1740	1873	14	15	133	0.1127820
NODE_79216_length_2636_cov_3.460386	1740	1873	15	14	133	0.1052632
NODE_79216_length_2636_cov_3.460386	1740	1873	16	26	133	0.1954887
NODE_79216_length_2636_cov_3.460386	1740	1873	17	12	133	0.0902256
NODE_79219_length_2636_cov_3.138352	1132	1265	11	3	133	0.0225564
NODE_79219_length_2636_cov_3.138352	1132	1265	12	2	133	0.0150376
NODE_79219_length_2636_cov_3.138352	1132	1265	13	24	133	0.1804511
NODE_79219_length_2636_cov_3.138352	1132	1265	14	10	133	0.0751880
NODE_79219_length_2636_cov_3.138352	1132	1265	15	26	133	0.1954887
NODE_79219_length_2636_cov_3.138352	1132	1265	16	13	133	0.0977444
NODE_79219_length_2636_cov_3.138352	1132	1265	17	12	133	0.0902256
NODE_79219_length_2636_cov_3.138352	1132	1265	18	20	133	0.1503759
NODE_79219_length_2636_cov_3.138352	1132	1265	19	12	133	0.0902256
NODE_79219_length_2636_cov_3.138352	1132	1265	20	11	133	0.0827068
NODE_79221_length_2636_cov_2.851793	574	707	10	11	133	0.0827068
NODE_79221_length_2636_cov_2.851793	574	707	12	9	133	0.0676692
NODE_79221_length_2636_cov_2.851793	574	707	13	34	133	0.2556391
NODE_79221_length_2636_cov_2.851793	574	707	14	6	133	0.0451128
NODE_79221_length_2636_cov_2.851793	574	707	15	6	133	0.0451128
NODE_79221_length_2636_cov_2.851793	574	707	16	45	133	0.3383459
NODE_79221_length_2636_cov_2.851793	574	707	17	11	133	0.0827068
NODE_79221_length_2636_cov_2.851793	574	707	18	11	133	0.0827068
NODE_79289_length_2634_cov_4.140828	1024	1157	8	3	133	0.0225564
NODE_79289_length_2634_cov_4.140828	1024	1157	9	3	133	0.0225564
NODE_79289_length_2634_cov_4.140828	1024	1157	10	8	133	0.0601504
NODE_79289_length_2634_cov_4.140828	1024	1157	11	10	133	0.0751880
NODE_79289_length_2634_cov_4.140828	1024	1157	12	53	133	0.3984962
NODE_79289_length_2634_cov_4.140828	1024	1157	13	3	133	0.0225564
NODE_79289_length_2634_cov_4.140828	1024	1157	14	15	133	0.1127820
NODE_79289_length_2634_cov_4.140828	1024	1157	15	28	133	0.2105263
NODE_79289_length_2634_cov_4.140828	1024	1157	16	10	133	0.0751880
NODE_79292_length_2634_cov_4.105720	1420	1553	8	7	133	0.0526316
NODE_79292_length_2634_cov_4.105720	1420	1553	9	5	133	0.0375940
NODE_79292_length_2634_cov_4.105720	1420	1553	11	11	133	0.0827068
NODE_79292_length_2634_cov_4.105720	1420	1553	12	5	133	0.0375940
NODE_79292_length_2634_cov_4.105720	1420	1553	13	7	133	0.0526316
NODE_79292_length_2634_cov_4.105720	1420	1553	14	12	133	0.0902256
NODE_79292_length_2634_cov_4.105720	1420	1553	15	1	133	0.0075188
NODE_79292_length_2634_cov_4.105720	1420	1553	16	13	133	0.0977444
NODE_79292_length_2634_cov_4.105720	1420	1553	17	5	133	0.0375940
NODE_79292_length_2634_cov_4.105720	1420	1553	18	30	133	0.2255639
NODE_79292_length_2634_cov_4.105720	1420	1553	19	37	133	0.2781955
NODE_79300_length_2634_cov_3.466272	1713	1846	2	3	133	0.0225564
NODE_79300_length_2634_cov_3.466272	1713	1846	5	19	133	0.1428571
NODE_79300_length_2634_cov_3.466272	1713	1846	6	30	133	0.2255639
NODE_79300_length_2634_cov_3.466272	1713	1846	7	21	133	0.1578947
NODE_79300_length_2634_cov_3.466272	1713	1846	8	8	133	0.0601504
NODE_79300_length_2634_cov_3.466272	1713	1846	10	12	133	0.0902256
NODE_79300_length_2634_cov_3.466272	1713	1846	11	22	133	0.1654135
NODE_79300_length_2634_cov_3.466272	1713	1846	12	18	133	0.1353384
NODE_79339_length_2633_cov_4.232044	1179	1312	2	2	133	0.0150376
NODE_79339_length_2633_cov_4.232044	1179	1312	3	87	133	0.6541353
NODE_79339_length_2633_cov_4.232044	1179	1312	4	44	133	0.3308271
NODE_79352_length_2633_cov_3.492502	2213	2346	8	2	133	0.0150376
NODE_79352_length_2633_cov_3.492502	2213	2346	9	26	133	0.1954887
NODE_79352_length_2633_cov_3.492502	2213	2346	10	5	133	0.0375940
NODE_79352_length_2633_cov_3.492502	2213	2346	11	18	133	0.1353384
NODE_79352_length_2633_cov_3.492502	2213	2346	12	10	133	0.0751880
NODE_79352_length_2633_cov_3.492502	2213	2346	13	18	133	0.1353384
NODE_79352_length_2633_cov_3.492502	2213	2346	14	40	133	0.3007519
NODE_79352_length_2633_cov_3.492502	2213	2346	15	14	133	0.1052632
NODE_79424_length_2631_cov_4.632306	2332	2465	3	7	133	0.0526316
NODE_79424_length_2631_cov_4.632306	2332	2465	4	33	133	0.2481203
NODE_79424_length_2631_cov_4.632306	2332	2465	5	8	133	0.0601504
NODE_79424_length_2631_cov_4.632306	2332	2465	6	40	133	0.3007519
NODE_79424_length_2631_cov_4.632306	2332	2465	7	24	133	0.1804511
NODE_79424_length_2631_cov_4.632306	2332	2465	8	9	133	0.0676692
NODE_79424_length_2631_cov_4.632306	2332	2465	9	12	133	0.0902256
NODE_7943_length_8048_cov_7.155491	1642	1775	20	41	133	0.3082707
NODE_7943_length_8048_cov_7.155491	1642	1775	21	16	133	0.1203008
NODE_7943_length_8048_cov_7.155491	1642	1775	22	52	133	0.3909774
NODE_7943_length_8048_cov_7.155491	1642	1775	23	24	133	0.1804511
NODE_794_length_15814_cov_5.135348	11560	11693	10	4	133	0.0300752
NODE_794_length_15814_cov_5.135348	11560	11693	11	7	133	0.0526316
NODE_794_length_15814_cov_5.135348	11560	11693	12	2	133	0.0150376
NODE_794_length_15814_cov_5.135348	11560	11693	13	12	133	0.0902256
NODE_794_length_15814_cov_5.135348	11560	11693	14	1	133	0.0075188
NODE_794_length_15814_cov_5.135348	11560	11693	15	2	133	0.0150376
NODE_794_length_15814_cov_5.135348	11560	11693	16	7	133	0.0526316
NODE_794_length_15814_cov_5.135348	11560	11693	17	11	133	0.0827068
NODE_794_length_15814_cov_5.135348	11560	11693	19	11	133	0.0827068
NODE_794_length_15814_cov_5.135348	11560	11693	20	23	133	0.1729323
NODE_794_length_15814_cov_5.135348	11560	11693	21	28	133	0.2105263
NODE_794_length_15814_cov_5.135348	11560	11693	22	24	133	0.1804511
NODE_794_length_15814_cov_5.135348	11560	11693	23	1	133	0.0075188
NODE_79549_length_2628_cov_5.039541	1159	1292	2	10	133	0.0751880
NODE_79549_length_2628_cov_5.039541	1159	1292	3	2	133	0.0150376
NODE_79549_length_2628_cov_5.039541	1159	1292	4	5	133	0.0375940
NODE_79549_length_2628_cov_5.039541	1159	1292	6	20	133	0.1503759
NODE_79549_length_2628_cov_5.039541	1159	1292	8	34	133	0.2556391
NODE_79549_length_2628_cov_5.039541	1159	1292	9	14	133	0.1052632
NODE_79549_length_2628_cov_5.039541	1159	1292	10	48	133	0.3609022
NODE_79560_length_2628_cov_4.152629	2253	2386	6	9	133	0.0676692
NODE_79560_length_2628_cov_4.152629	2253	2386	7	19	133	0.1428571
NODE_79560_length_2628_cov_4.152629	2253	2386	8	7	133	0.0526316
NODE_79560_length_2628_cov_4.152629	2253	2386	9	33	133	0.2481203
NODE_79560_length_2628_cov_4.152629	2253	2386	10	10	133	0.0751880
NODE_79560_length_2628_cov_4.152629	2253	2386	11	40	133	0.3007519
NODE_79560_length_2628_cov_4.152629	2253	2386	12	15	133	0.1127820
NODE_79586_length_2628_cov_3.198497	2131	2264	16	16	133	0.1203008
NODE_79586_length_2628_cov_3.198497	2131	2264	17	16	133	0.1203008
NODE_79586_length_2628_cov_3.198497	2131	2264	18	28	133	0.2105263
NODE_79586_length_2628_cov_3.198497	2131	2264	19	32	133	0.2406015
NODE_79586_length_2628_cov_3.198497	2131	2264	20	27	133	0.2030075
NODE_79586_length_2628_cov_3.198497	2131	2264	21	7	133	0.0526316
NODE_79586_length_2628_cov_3.198497	2131	2264	23	7	133	0.0526316
NODE_79603_length_2627_cov_4.348497	182	315	1	42	133	0.3157895
NODE_79603_length_2627_cov_4.348497	182	315	3	2	133	0.0150376
NODE_79603_length_2627_cov_4.348497	182	315	5	23	133	0.1729323
NODE_79603_length_2627_cov_4.348497	182	315	6	2	133	0.0150376
NODE_79603_length_2627_cov_4.348497	182	315	7	2	133	0.0150376
NODE_79603_length_2627_cov_4.348497	182	315	8	15	133	0.1127820
NODE_79603_length_2627_cov_4.348497	182	315	9	5	133	0.0375940
NODE_79603_length_2627_cov_4.348497	182	315	10	42	133	0.3157895
NODE_7964_length_8043_cov_3.701788	279	412	31	2	133	0.0150376
NODE_7964_length_8043_cov_3.701788	279	412	32	6	133	0.0451128
NODE_7964_length_8043_cov_3.701788	279	412	33	1	133	0.0075188
NODE_7964_length_8043_cov_3.701788	279	412	34	2	133	0.0150376
NODE_7964_length_8043_cov_3.701788	279	412	37	5	133	0.0375940
NODE_7964_length_8043_cov_3.701788	279	412	38	5	133	0.0375940
NODE_7964_length_8043_cov_3.701788	279	412	42	1	133	0.0075188
NODE_7964_length_8043_cov_3.701788	279	412	43	10	133	0.0751880
NODE_7964_length_8043_cov_3.701788	279	412	45	20	133	0.1503759
NODE_7964_length_8043_cov_3.701788	279	412	46	1	133	0.0075188
NODE_7964_length_8043_cov_3.701788	279	412	47	8	133	0.0601504
NODE_7964_length_8043_cov_3.701788	279	412	48	14	133	0.1052632
NODE_7964_length_8043_cov_3.701788	279	412	49	27	133	0.2030075
NODE_7964_length_8043_cov_3.701788	279	412	50	20	133	0.1503759
NODE_7964_length_8043_cov_3.701788	279	412	51	10	133	0.0751880
NODE_7964_length_8043_cov_3.701788	279	412	52	1	133	0.0075188
NODE_79687_length_2625_cov_4.906968	1315	1448	1	21	133	0.1578947
NODE_79687_length_2625_cov_4.906968	1315	1448	2	89	133	0.6691729
NODE_79687_length_2625_cov_4.906968	1315	1448	3	14	133	0.1052632
NODE_79687_length_2625_cov_4.906968	1315	1448	4	9	133	0.0676692
NODE_79689_length_2625_cov_4.820665	1611	1744	14	8	133	0.0601504
NODE_79689_length_2625_cov_4.820665	1611	1744	15	10	133	0.0751880
NODE_79689_length_2625_cov_4.820665	1611	1744	16	8	133	0.0601504
NODE_79689_length_2625_cov_4.820665	1611	1744	17	21	133	0.1578947
NODE_79689_length_2625_cov_4.820665	1611	1744	18	44	133	0.3308271
NODE_79689_length_2625_cov_4.820665	1611	1744	19	26	133	0.1954887
NODE_79689_length_2625_cov_4.820665	1611	1744	20	6	133	0.0451128
NODE_79689_length_2625_cov_4.820665	1611	1744	21	10	133	0.0751880
NODE_79695_length_2625_cov_4.417656	166	299	5	6	133	0.0451128
NODE_79695_length_2625_cov_4.417656	166	299	6	2	133	0.0150376
NODE_79695_length_2625_cov_4.417656	166	299	7	5	133	0.0375940
NODE_79695_length_2625_cov_4.417656	166	299	9	26	133	0.1954887
NODE_79695_length_2625_cov_4.417656	166	299	11	12	133	0.0902256
NODE_79695_length_2625_cov_4.417656	166	299	12	23	133	0.1729323
NODE_79695_length_2625_cov_4.417656	166	299	13	17	133	0.1278196
NODE_79695_length_2625_cov_4.417656	166	299	14	34	133	0.2556391
NODE_79695_length_2625_cov_4.417656	166	299	15	8	133	0.0601504
NODE_796_length_15809_cov_4.163335	12586	12719	21	3	133	0.0225564
NODE_796_length_15809_cov_4.163335	12586	12719	23	1	133	0.0075188
NODE_796_length_15809_cov_4.163335	12586	12719	24	8	133	0.0601504
NODE_796_length_15809_cov_4.163335	12586	12719	25	2	133	0.0150376
NODE_796_length_15809_cov_4.163335	12586	12719	26	8	133	0.0601504
NODE_796_length_15809_cov_4.163335	12586	12719	27	8	133	0.0601504
NODE_796_length_15809_cov_4.163335	12586	12719	28	21	133	0.1578947
NODE_796_length_15809_cov_4.163335	12586	12719	29	31	133	0.2330827
NODE_796_length_15809_cov_4.163335	12586	12719	30	19	133	0.1428571
NODE_796_length_15809_cov_4.163335	12586	12719	31	26	133	0.1954887
NODE_796_length_15809_cov_4.163335	12586	12719	32	6	133	0.0451128
NODE_79798_length_2623_cov_2.961569	1941	2074	5	3	133	0.0225564
NODE_79798_length_2623_cov_2.961569	1941	2074	6	8	133	0.0601504
NODE_79798_length_2623_cov_2.961569	1941	2074	8	2	133	0.0150376
NODE_79798_length_2623_cov_2.961569	1941	2074	10	1	133	0.0075188
NODE_79798_length_2623_cov_2.961569	1941	2074	11	6	133	0.0451128
NODE_79798_length_2623_cov_2.961569	1941	2074	15	10	133	0.0751880
NODE_79798_length_2623_cov_2.961569	1941	2074	16	16	133	0.1203008
NODE_79798_length_2623_cov_2.961569	1941	2074	17	1	133	0.0075188
NODE_79798_length_2623_cov_2.961569	1941	2074	18	10	133	0.0751880
NODE_79798_length_2623_cov_2.961569	1941	2074	19	11	133	0.0827068
NODE_79798_length_2623_cov_2.961569	1941	2074	20	39	133	0.2932331
NODE_79798_length_2623_cov_2.961569	1941	2074	21	8	133	0.0601504
NODE_79798_length_2623_cov_2.961569	1941	2074	22	5	133	0.0375940
NODE_79798_length_2623_cov_2.961569	1941	2074	23	9	133	0.0676692
NODE_79798_length_2623_cov_2.961569	1941	2074	24	4	133	0.0300752
NODE_79836_length_2622_cov_3.308759	1913	2046	17	4	133	0.0300752
NODE_79836_length_2622_cov_3.308759	1913	2046	18	2	133	0.0150376
NODE_79836_length_2622_cov_3.308759	1913	2046	19	15	133	0.1127820
NODE_79836_length_2622_cov_3.308759	1913	2046	20	7	133	0.0526316
NODE_79836_length_2622_cov_3.308759	1913	2046	21	24	133	0.1804511
NODE_79836_length_2622_cov_3.308759	1913	2046	22	5	133	0.0375940
NODE_79836_length_2622_cov_3.308759	1913	2046	23	2	133	0.0150376
NODE_79836_length_2622_cov_3.308759	1913	2046	24	10	133	0.0751880
NODE_79836_length_2622_cov_3.308759	1913	2046	25	29	133	0.2180451
NODE_79836_length_2622_cov_3.308759	1913	2046	26	13	133	0.0977444
NODE_79836_length_2622_cov_3.308759	1913	2046	27	16	133	0.1203008
NODE_79836_length_2622_cov_3.308759	1913	2046	28	2	133	0.0150376
NODE_79836_length_2622_cov_3.308759	1913	2046	29	4	133	0.0300752
NODE_79856_length_2621_cov_4.733941	1258	1391	20	6	133	0.0451128
NODE_79856_length_2621_cov_4.733941	1258	1391	21	17	133	0.1278196
NODE_79856_length_2621_cov_4.733941	1258	1391	22	3	133	0.0225564
NODE_79856_length_2621_cov_4.733941	1258	1391	23	19	133	0.1428571
NODE_79856_length_2621_cov_4.733941	1258	1391	24	39	133	0.2932331
NODE_79856_length_2621_cov_4.733941	1258	1391	25	14	133	0.1052632
NODE_79856_length_2621_cov_4.733941	1258	1391	26	9	133	0.0676692
NODE_79856_length_2621_cov_4.733941	1258	1391	27	8	133	0.0601504
NODE_79856_length_2621_cov_4.733941	1258	1391	28	8	133	0.0601504
NODE_79856_length_2621_cov_4.733941	1258	1391	29	10	133	0.0751880
NODE_79867_length_2621_cov_3.854084	1755	1888	0	130	133	0.9774436
NODE_79867_length_2621_cov_3.854084	1755	1888	1	3	133	0.0225564
NODE_79898_length_2620_cov_4.311781	1213	1346	7	8	133	0.0601504
NODE_79898_length_2620_cov_4.311781	1213	1346	8	19	133	0.1428571
NODE_79898_length_2620_cov_4.311781	1213	1346	9	51	133	0.3834586
NODE_79898_length_2620_cov_4.311781	1213	1346	10	27	133	0.2030075
NODE_79898_length_2620_cov_4.311781	1213	1346	11	27	133	0.2030075
NODE_79898_length_2620_cov_4.311781	1213	1346	12	1	133	0.0075188
NODE_799_length_15783_cov_4.681012	10848	10981	18	11	133	0.0827068
NODE_799_length_15783_cov_4.681012	10848	10981	19	1	133	0.0075188
NODE_799_length_15783_cov_4.681012	10848	10981	20	10	133	0.0751880
NODE_799_length_15783_cov_4.681012	10848	10981	21	17	133	0.1278196
NODE_799_length_15783_cov_4.681012	10848	10981	22	11	133	0.0827068
NODE_799_length_15783_cov_4.681012	10848	10981	23	15	133	0.1127820
NODE_799_length_15783_cov_4.681012	10848	10981	24	11	133	0.0827068
NODE_799_length_15783_cov_4.681012	10848	10981	25	5	133	0.0375940
NODE_799_length_15783_cov_4.681012	10848	10981	26	2	133	0.0150376
NODE_799_length_15783_cov_4.681012	10848	10981	28	3	133	0.0225564
NODE_799_length_15783_cov_4.681012	10848	10981	29	8	133	0.0601504
NODE_799_length_15783_cov_4.681012	10848	10981	30	35	133	0.2631579
NODE_799_length_15783_cov_4.681012	10848	10981	31	4	133	0.0300752
NODE_7_length_38877_cov_11.636392	29030	29163	14	4	133	0.0300752
NODE_7_length_38877_cov_11.636392	29030	29163	15	4	133	0.0300752
NODE_7_length_38877_cov_11.636392	29030	29163	16	5	133	0.0375940
NODE_7_length_38877_cov_11.636392	29030	29163	17	12	133	0.0902256
NODE_7_length_38877_cov_11.636392	29030	29163	18	15	133	0.1127820
NODE_7_length_38877_cov_11.636392	29030	29163	19	43	133	0.3233083
NODE_7_length_38877_cov_11.636392	29030	29163	20	41	133	0.3082707
NODE_7_length_38877_cov_11.636392	29030	29163	21	9	133	0.0676692
NODE_8000_length_8027_cov_5.110999	1524	1657	12	2	133	0.0150376
NODE_8000_length_8027_cov_5.110999	1524	1657	13	15	133	0.1127820
NODE_8000_length_8027_cov_5.110999	1524	1657	14	3	133	0.0225564
NODE_8000_length_8027_cov_5.110999	1524	1657	15	1	133	0.0075188
NODE_8000_length_8027_cov_5.110999	1524	1657	17	9	133	0.0676692
NODE_8000_length_8027_cov_5.110999	1524	1657	19	7	133	0.0526316
NODE_8000_length_8027_cov_5.110999	1524	1657	20	25	133	0.1879699
NODE_8000_length_8027_cov_5.110999	1524	1657	21	66	133	0.4962406
NODE_8000_length_8027_cov_5.110999	1524	1657	22	5	133	0.0375940
NODE_80079_length_2616_cov_3.452126	343	476	8	6	133	0.0451128
NODE_80079_length_2616_cov_3.452126	343	476	9	8	133	0.0601504
NODE_80079_length_2616_cov_3.452126	343	476	10	1	133	0.0075188
NODE_80079_length_2616_cov_3.452126	343	476	11	2	133	0.0150376
NODE_80079_length_2616_cov_3.452126	343	476	12	9	133	0.0676692
NODE_80079_length_2616_cov_3.452126	343	476	13	8	133	0.0601504
NODE_80079_length_2616_cov_3.452126	343	476	14	17	133	0.1278196
NODE_80079_length_2616_cov_3.452126	343	476	15	56	133	0.4210526
NODE_80079_length_2616_cov_3.452126	343	476	16	18	133	0.1353384
NODE_80079_length_2616_cov_3.452126	343	476	17	8	133	0.0601504
NODE_8020_length_8021_cov_7.322646	1020	1153	16	4	133	0.0300752
NODE_8020_length_8021_cov_7.322646	1020	1153	18	1	133	0.0075188
NODE_8020_length_8021_cov_7.322646	1020	1153	19	2	133	0.0150376
NODE_8020_length_8021_cov_7.322646	1020	1153	20	1	133	0.0075188
NODE_8020_length_8021_cov_7.322646	1020	1153	21	1	133	0.0075188
NODE_8020_length_8021_cov_7.322646	1020	1153	25	4	133	0.0300752
NODE_8020_length_8021_cov_7.322646	1020	1153	26	7	133	0.0526316
NODE_8020_length_8021_cov_7.322646	1020	1153	27	3	133	0.0225564
NODE_8020_length_8021_cov_7.322646	1020	1153	29	13	133	0.0977444
NODE_8020_length_8021_cov_7.322646	1020	1153	30	7	133	0.0526316
NODE_8020_length_8021_cov_7.322646	1020	1153	31	3	133	0.0225564
NODE_8020_length_8021_cov_7.322646	1020	1153	32	28	133	0.2105263
NODE_8020_length_8021_cov_7.322646	1020	1153	33	30	133	0.2255639
NODE_8020_length_8021_cov_7.322646	1020	1153	34	10	133	0.0751880
NODE_8020_length_8021_cov_7.322646	1020	1153	35	10	133	0.0751880
NODE_8020_length_8021_cov_7.322646	1020	1153	36	6	133	0.0451128
NODE_8020_length_8021_cov_7.322646	1020	1153	37	3	133	0.0225564
NODE_80211_length_2613_cov_3.601432	1737	1870	10	1	133	0.0075188
NODE_80211_length_2613_cov_3.601432	1737	1870	11	7	133	0.0526316
NODE_80211_length_2613_cov_3.601432	1737	1870	12	6	133	0.0451128
NODE_80211_length_2613_cov_3.601432	1737	1870	14	2	133	0.0150376
NODE_80211_length_2613_cov_3.601432	1737	1870	16	17	133	0.1278196
NODE_80211_length_2613_cov_3.601432	1737	1870	17	32	133	0.2406015
NODE_80211_length_2613_cov_3.601432	1737	1870	18	8	133	0.0601504
NODE_80211_length_2613_cov_3.601432	1737	1870	19	28	133	0.2105263
NODE_80211_length_2613_cov_3.601432	1737	1870	20	4	133	0.0300752
NODE_80211_length_2613_cov_3.601432	1737	1870	21	28	133	0.2105263
NODE_80221_length_2613_cov_3.146380	1326	1459	15	1	133	0.0075188
NODE_80221_length_2613_cov_3.146380	1326	1459	18	2	133	0.0150376
NODE_80221_length_2613_cov_3.146380	1326	1459	20	5	133	0.0375940
NODE_80221_length_2613_cov_3.146380	1326	1459	21	12	133	0.0902256
NODE_80221_length_2613_cov_3.146380	1326	1459	22	9	133	0.0676692
NODE_80221_length_2613_cov_3.146380	1326	1459	23	7	133	0.0526316
NODE_80221_length_2613_cov_3.146380	1326	1459	24	19	133	0.1428571
NODE_80221_length_2613_cov_3.146380	1326	1459	25	1	133	0.0075188
NODE_80221_length_2613_cov_3.146380	1326	1459	26	13	133	0.0977444
NODE_80221_length_2613_cov_3.146380	1326	1459	27	7	133	0.0526316
NODE_80221_length_2613_cov_3.146380	1326	1459	28	12	133	0.0902256
NODE_80221_length_2613_cov_3.146380	1326	1459	29	15	133	0.1127820
NODE_80221_length_2613_cov_3.146380	1326	1459	30	15	133	0.1127820
NODE_80221_length_2613_cov_3.146380	1326	1459	31	10	133	0.0751880
NODE_80221_length_2613_cov_3.146380	1326	1459	32	5	133	0.0375940
NODE_80328_length_2610_cov_4.465950	2006	2139	3	28	133	0.2105263
NODE_80328_length_2610_cov_4.465950	2006	2139	5	4	133	0.0300752
NODE_80328_length_2610_cov_4.465950	2006	2139	6	10	133	0.0751880
NODE_80328_length_2610_cov_4.465950	2006	2139	7	4	133	0.0300752
NODE_80328_length_2610_cov_4.465950	2006	2139	8	8	133	0.0601504
NODE_80328_length_2610_cov_4.465950	2006	2139	9	2	133	0.0150376
NODE_80328_length_2610_cov_4.465950	2006	2139	10	13	133	0.0977444
NODE_80328_length_2610_cov_4.465950	2006	2139	11	64	133	0.4812030
NODE_8032_length_8018_cov_4.007703	7151	7284	17	13	133	0.0977444
NODE_8032_length_8018_cov_4.007703	7151	7284	18	55	133	0.4135338
NODE_8032_length_8018_cov_4.007703	7151	7284	19	33	133	0.2481203
NODE_8032_length_8018_cov_4.007703	7151	7284	20	17	133	0.1278196
NODE_8032_length_8018_cov_4.007703	7151	7284	21	4	133	0.0300752
NODE_8032_length_8018_cov_4.007703	7151	7284	22	6	133	0.0451128
NODE_8032_length_8018_cov_4.007703	7151	7284	23	5	133	0.0375940
NODE_80423_length_2608_cov_4.119171	1323	1456	9	7	133	0.0526316
NODE_80423_length_2608_cov_4.119171	1323	1456	10	5	133	0.0375940
NODE_80423_length_2608_cov_4.119171	1323	1456	11	26	133	0.1954887
NODE_80423_length_2608_cov_4.119171	1323	1456	12	20	133	0.1503759
NODE_80423_length_2608_cov_4.119171	1323	1456	13	13	133	0.0977444
NODE_80423_length_2608_cov_4.119171	1323	1456	14	5	133	0.0375940
NODE_80423_length_2608_cov_4.119171	1323	1456	15	1	133	0.0075188
NODE_80423_length_2608_cov_4.119171	1323	1456	17	15	133	0.1127820
NODE_80423_length_2608_cov_4.119171	1323	1456	18	15	133	0.1127820
NODE_80423_length_2608_cov_4.119171	1323	1456	19	5	133	0.0375940
NODE_80423_length_2608_cov_4.119171	1323	1456	20	5	133	0.0375940
NODE_80423_length_2608_cov_4.119171	1323	1456	21	2	133	0.0150376
NODE_80423_length_2608_cov_4.119171	1323	1456	22	8	133	0.0601504
NODE_80423_length_2608_cov_4.119171	1323	1456	23	6	133	0.0451128
NODE_80465_length_2607_cov_4.503589	1581	1714	5	32	133	0.2406015
NODE_80465_length_2607_cov_4.503589	1581	1714	6	23	133	0.1729323
NODE_80465_length_2607_cov_4.503589	1581	1714	7	35	133	0.2631579
NODE_80465_length_2607_cov_4.503589	1581	1714	8	18	133	0.1353384
NODE_80465_length_2607_cov_4.503589	1581	1714	9	3	133	0.0225564
NODE_80465_length_2607_cov_4.503589	1581	1714	10	1	133	0.0075188
NODE_80465_length_2607_cov_4.503589	1581	1714	11	4	133	0.0300752
NODE_80465_length_2607_cov_4.503589	1581	1714	13	1	133	0.0075188
NODE_80465_length_2607_cov_4.503589	1581	1714	14	2	133	0.0150376
NODE_80465_length_2607_cov_4.503589	1581	1714	15	14	133	0.1052632
NODE_80468_length_2607_cov_4.359649	257	390	6	2	133	0.0150376
NODE_80468_length_2607_cov_4.359649	257	390	7	12	133	0.0902256
NODE_80468_length_2607_cov_4.359649	257	390	9	5	133	0.0375940
NODE_80468_length_2607_cov_4.359649	257	390	10	26	133	0.1954887
NODE_80468_length_2607_cov_4.359649	257	390	11	2	133	0.0150376
NODE_80468_length_2607_cov_4.359649	257	390	12	4	133	0.0300752
NODE_80468_length_2607_cov_4.359649	257	390	13	3	133	0.0225564
NODE_80468_length_2607_cov_4.359649	257	390	14	7	133	0.0526316
NODE_80468_length_2607_cov_4.359649	257	390	15	6	133	0.0451128
NODE_80468_length_2607_cov_4.359649	257	390	16	6	133	0.0451128
NODE_80468_length_2607_cov_4.359649	257	390	17	4	133	0.0300752
NODE_80468_length_2607_cov_4.359649	257	390	18	30	133	0.2255639
NODE_80468_length_2607_cov_4.359649	257	390	19	24	133	0.1804511
NODE_80468_length_2607_cov_4.359649	257	390	20	2	133	0.0150376
NODE_8046_length_8013_cov_11.071392	4846	4979	0	133	133	1.0000000
NODE_8053_length_8009_cov_4.376359	3694	3827	19	2	133	0.0150376
NODE_8053_length_8009_cov_4.376359	3694	3827	20	12	133	0.0902256
NODE_8053_length_8009_cov_4.376359	3694	3827	21	9	133	0.0676692
NODE_8053_length_8009_cov_4.376359	3694	3827	22	7	133	0.0526316
NODE_8053_length_8009_cov_4.376359	3694	3827	23	8	133	0.0601504
NODE_8053_length_8009_cov_4.376359	3694	3827	24	18	133	0.1353384
NODE_8053_length_8009_cov_4.376359	3694	3827	25	12	133	0.0902256
NODE_8053_length_8009_cov_4.376359	3694	3827	26	9	133	0.0676692
NODE_8053_length_8009_cov_4.376359	3694	3827	27	23	133	0.1729323
NODE_8053_length_8009_cov_4.376359	3694	3827	28	6	133	0.0451128
NODE_8053_length_8009_cov_4.376359	3694	3827	29	25	133	0.1879699
NODE_8053_length_8009_cov_4.376359	3694	3827	30	1	133	0.0075188
NODE_8053_length_8009_cov_4.376359	3694	3827	31	1	133	0.0075188
NODE_80559_length_2605_cov_4.230646	764	897	11	15	133	0.1127820
NODE_80559_length_2605_cov_4.230646	764	897	12	2	133	0.0150376
NODE_80559_length_2605_cov_4.230646	764	897	13	2	133	0.0150376
NODE_80559_length_2605_cov_4.230646	764	897	14	6	133	0.0451128
NODE_80559_length_2605_cov_4.230646	764	897	15	8	133	0.0601504
NODE_80559_length_2605_cov_4.230646	764	897	16	2	133	0.0150376
NODE_80559_length_2605_cov_4.230646	764	897	17	3	133	0.0225564
NODE_80559_length_2605_cov_4.230646	764	897	20	4	133	0.0300752
NODE_80559_length_2605_cov_4.230646	764	897	21	40	133	0.3007519
NODE_80559_length_2605_cov_4.230646	764	897	22	8	133	0.0601504
NODE_80559_length_2605_cov_4.230646	764	897	23	10	133	0.0751880
NODE_80559_length_2605_cov_4.230646	764	897	24	15	133	0.1127820
NODE_80559_length_2605_cov_4.230646	764	897	25	18	133	0.1353384
NODE_8055_length_8009_cov_4.150569	32	165	4	22	133	0.1654135
NODE_8055_length_8009_cov_4.150569	32	165	5	19	133	0.1428571
NODE_8055_length_8009_cov_4.150569	32	165	7	1	133	0.0075188
NODE_8055_length_8009_cov_4.150569	32	165	8	14	133	0.1052632
NODE_8055_length_8009_cov_4.150569	32	165	9	11	133	0.0827068
NODE_8055_length_8009_cov_4.150569	32	165	10	10	133	0.0751880
NODE_8055_length_8009_cov_4.150569	32	165	11	19	133	0.1428571
NODE_8055_length_8009_cov_4.150569	32	165	12	21	133	0.1578947
NODE_8055_length_8009_cov_4.150569	32	165	13	16	133	0.1203008
NODE_8056_length_8009_cov_3.642225	2055	2188	9	20	133	0.1503759
NODE_8056_length_8009_cov_3.642225	2055	2188	11	32	133	0.2406015
NODE_8056_length_8009_cov_3.642225	2055	2188	12	5	133	0.0375940
NODE_8056_length_8009_cov_3.642225	2055	2188	13	32	133	0.2406015
NODE_8056_length_8009_cov_3.642225	2055	2188	14	21	133	0.1578947
NODE_8056_length_8009_cov_3.642225	2055	2188	15	11	133	0.0827068
NODE_8056_length_8009_cov_3.642225	2055	2188	16	2	133	0.0150376
NODE_8056_length_8009_cov_3.642225	2055	2188	17	10	133	0.0751880
NODE_80592_length_2604_cov_4.183234	2418	2551	30	2	133	0.0150376
NODE_80592_length_2604_cov_4.183234	2418	2551	31	3	133	0.0225564
NODE_80592_length_2604_cov_4.183234	2418	2551	32	5	133	0.0375940
NODE_80592_length_2604_cov_4.183234	2418	2551	35	3	133	0.0225564
NODE_80592_length_2604_cov_4.183234	2418	2551	37	6	133	0.0451128
NODE_80592_length_2604_cov_4.183234	2418	2551	38	4	133	0.0300752
NODE_80592_length_2604_cov_4.183234	2418	2551	39	2	133	0.0150376
NODE_80592_length_2604_cov_4.183234	2418	2551	40	3	133	0.0225564
NODE_80592_length_2604_cov_4.183234	2418	2551	41	12	133	0.0902256
NODE_80592_length_2604_cov_4.183234	2418	2551	42	6	133	0.0451128
NODE_80592_length_2604_cov_4.183234	2418	2551	43	1	133	0.0075188
NODE_80592_length_2604_cov_4.183234	2418	2551	44	4	133	0.0300752
NODE_80592_length_2604_cov_4.183234	2418	2551	45	3	133	0.0225564
NODE_80592_length_2604_cov_4.183234	2418	2551	46	3	133	0.0225564
NODE_80592_length_2604_cov_4.183234	2418	2551	47	2	133	0.0150376
NODE_80592_length_2604_cov_4.183234	2418	2551	48	1	133	0.0075188
NODE_80592_length_2604_cov_4.183234	2418	2551	49	4	133	0.0300752
NODE_80592_length_2604_cov_4.183234	2418	2551	50	8	133	0.0601504
NODE_80592_length_2604_cov_4.183234	2418	2551	51	15	133	0.1127820
NODE_80592_length_2604_cov_4.183234	2418	2551	52	6	133	0.0451128
NODE_80592_length_2604_cov_4.183234	2418	2551	53	1	133	0.0075188
NODE_80592_length_2604_cov_4.183234	2418	2551	54	14	133	0.1052632
NODE_80592_length_2604_cov_4.183234	2418	2551	55	3	133	0.0225564
NODE_80592_length_2604_cov_4.183234	2418	2551	56	5	133	0.0375940
NODE_80592_length_2604_cov_4.183234	2418	2551	57	1	133	0.0075188
NODE_80592_length_2604_cov_4.183234	2418	2551	58	5	133	0.0375940
NODE_80592_length_2604_cov_4.183234	2418	2551	59	11	133	0.0827068
NODE_80606_length_2604_cov_3.581238	147	280	16	3	133	0.0225564
NODE_80606_length_2604_cov_3.581238	147	280	17	14	133	0.1052632
NODE_80606_length_2604_cov_3.581238	147	280	18	2	133	0.0150376
NODE_80606_length_2604_cov_3.581238	147	280	19	9	133	0.0676692
NODE_80606_length_2604_cov_3.581238	147	280	20	16	133	0.1203008
NODE_80606_length_2604_cov_3.581238	147	280	21	27	133	0.2030075
NODE_80606_length_2604_cov_3.581238	147	280	22	30	133	0.2255639
NODE_80606_length_2604_cov_3.581238	147	280	23	22	133	0.1654135
NODE_80606_length_2604_cov_3.581238	147	280	24	6	133	0.0451128
NODE_80606_length_2604_cov_3.581238	147	280	25	4	133	0.0300752
NODE_80691_length_2602_cov_3.765481	1023	1156	3	56	133	0.4210526
NODE_80691_length_2602_cov_3.765481	1023	1156	4	2	133	0.0150376
NODE_80691_length_2602_cov_3.765481	1023	1156	5	4	133	0.0300752
NODE_80691_length_2602_cov_3.765481	1023	1156	6	16	133	0.1203008
NODE_80691_length_2602_cov_3.765481	1023	1156	7	5	133	0.0375940
NODE_80691_length_2602_cov_3.765481	1023	1156	8	16	133	0.1203008
NODE_80691_length_2602_cov_3.765481	1023	1156	10	11	133	0.0827068
NODE_80691_length_2602_cov_3.765481	1023	1156	11	23	133	0.1729323
NODE_806_length_15742_cov_4.643099	9930	10063	5	7	133	0.0526316
NODE_806_length_15742_cov_4.643099	9930	10063	6	4	133	0.0300752
NODE_806_length_15742_cov_4.643099	9930	10063	7	10	133	0.0751880
NODE_806_length_15742_cov_4.643099	9930	10063	8	81	133	0.6090226
NODE_806_length_15742_cov_4.643099	9930	10063	9	7	133	0.0526316
NODE_806_length_15742_cov_4.643099	9930	10063	10	12	133	0.0902256
NODE_806_length_15742_cov_4.643099	9930	10063	11	12	133	0.0902256
NODE_80712_length_2601_cov_6.419664	2313	2446	3	10	133	0.0751880
NODE_80712_length_2601_cov_6.419664	2313	2446	4	42	133	0.3157895
NODE_80712_length_2601_cov_6.419664	2313	2446	5	30	133	0.2255639
NODE_80712_length_2601_cov_6.419664	2313	2446	6	51	133	0.3834586
NODE_80739_length_2601_cov_3.660272	1419	1552	5	12	133	0.0902256
NODE_80739_length_2601_cov_3.660272	1419	1552	6	17	133	0.1278196
NODE_80739_length_2601_cov_3.660272	1419	1552	7	13	133	0.0977444
NODE_80739_length_2601_cov_3.660272	1419	1552	9	1	133	0.0075188
NODE_80739_length_2601_cov_3.660272	1419	1552	10	6	133	0.0451128
NODE_80739_length_2601_cov_3.660272	1419	1552	12	4	133	0.0300752
NODE_80739_length_2601_cov_3.660272	1419	1552	13	21	133	0.1578947
NODE_80739_length_2601_cov_3.660272	1419	1552	14	59	133	0.4436090
NODE_80772_length_2600_cov_4.484606	119	252	5	9	133	0.0676692
NODE_80772_length_2600_cov_4.484606	119	252	6	25	133	0.1879699
NODE_80772_length_2600_cov_4.484606	119	252	7	14	133	0.1052632
NODE_80772_length_2600_cov_4.484606	119	252	8	2	133	0.0150376
NODE_80772_length_2600_cov_4.484606	119	252	9	16	133	0.1203008
NODE_80772_length_2600_cov_4.484606	119	252	10	61	133	0.4586466
NODE_80772_length_2600_cov_4.484606	119	252	11	6	133	0.0451128
NODE_80836_length_2599_cov_4.136800	724	857	12	1	133	0.0075188
NODE_80836_length_2599_cov_4.136800	724	857	15	1	133	0.0075188
NODE_80836_length_2599_cov_4.136800	724	857	16	24	133	0.1804511
NODE_80836_length_2599_cov_4.136800	724	857	17	7	133	0.0526316
NODE_80836_length_2599_cov_4.136800	724	857	18	4	133	0.0300752
NODE_80836_length_2599_cov_4.136800	724	857	19	5	133	0.0375940
NODE_80836_length_2599_cov_4.136800	724	857	20	3	133	0.0225564
NODE_80836_length_2599_cov_4.136800	724	857	22	16	133	0.1203008
NODE_80836_length_2599_cov_4.136800	724	857	23	2	133	0.0150376
NODE_80836_length_2599_cov_4.136800	724	857	24	4	133	0.0300752
NODE_80836_length_2599_cov_4.136800	724	857	25	15	133	0.1127820
NODE_80836_length_2599_cov_4.136800	724	857	26	13	133	0.0977444
NODE_80836_length_2599_cov_4.136800	724	857	27	14	133	0.1052632
NODE_80836_length_2599_cov_4.136800	724	857	29	12	133	0.0902256
NODE_80836_length_2599_cov_4.136800	724	857	30	12	133	0.0902256
NODE_80863_length_2598_cov_5.690676	263	396	4	2	133	0.0150376
NODE_80863_length_2598_cov_5.690676	263	396	5	6	133	0.0451128
NODE_80863_length_2598_cov_5.690676	263	396	6	25	133	0.1879699
NODE_80863_length_2598_cov_5.690676	263	396	7	33	133	0.2481203
NODE_80863_length_2598_cov_5.690676	263	396	8	4	133	0.0300752
NODE_80863_length_2598_cov_5.690676	263	396	9	37	133	0.2781955
NODE_80863_length_2598_cov_5.690676	263	396	10	24	133	0.1804511
NODE_80863_length_2598_cov_5.690676	263	396	11	2	133	0.0150376
NODE_8092_length_7995_cov_5.883485	6093	6226	3	24	133	0.1804511
NODE_8092_length_7995_cov_5.883485	6093	6226	4	2	133	0.0150376
NODE_8092_length_7995_cov_5.883485	6093	6226	6	3	133	0.0225564
NODE_8092_length_7995_cov_5.883485	6093	6226	7	72	133	0.5413534
NODE_8092_length_7995_cov_5.883485	6093	6226	8	32	133	0.2406015
NODE_8095_length_7994_cov_12.593667	1874	2007	0	17	133	0.1278196
NODE_8095_length_7994_cov_12.593667	1874	2007	1	4	133	0.0300752
NODE_8095_length_7994_cov_12.593667	1874	2007	2	17	133	0.1278196
NODE_8095_length_7994_cov_12.593667	1874	2007	3	79	133	0.5939850
NODE_8095_length_7994_cov_12.593667	1874	2007	4	16	133	0.1203008
NODE_80_length_25303_cov_4.930844	10937	11070	14	37	133	0.2781955
NODE_80_length_25303_cov_4.930844	10937	11070	15	25	133	0.1879699
NODE_80_length_25303_cov_4.930844	10937	11070	16	53	133	0.3984962
NODE_80_length_25303_cov_4.930844	10937	11070	17	9	133	0.0676692
NODE_80_length_25303_cov_4.930844	10937	11070	18	9	133	0.0676692
NODE_8104_length_7992_cov_3.738122	3772	3905	4	32	133	0.2406015
NODE_8104_length_7992_cov_3.738122	3772	3905	5	23	133	0.1729323
NODE_8104_length_7992_cov_3.738122	3772	3905	6	4	133	0.0300752
NODE_8104_length_7992_cov_3.738122	3772	3905	7	59	133	0.4436090
NODE_8104_length_7992_cov_3.738122	3772	3905	8	4	133	0.0300752
NODE_8104_length_7992_cov_3.738122	3772	3905	9	11	133	0.0827068
NODE_81062_length_2594_cov_4.931463	1456	1589	9	2	133	0.0150376
NODE_81062_length_2594_cov_4.931463	1456	1589	10	35	133	0.2631579
NODE_81062_length_2594_cov_4.931463	1456	1589	11	27	133	0.2030075
NODE_81062_length_2594_cov_4.931463	1456	1589	13	10	133	0.0751880
NODE_81062_length_2594_cov_4.931463	1456	1589	14	25	133	0.1879699
NODE_81062_length_2594_cov_4.931463	1456	1589	15	29	133	0.2180451
NODE_81062_length_2594_cov_4.931463	1456	1589	16	5	133	0.0375940
NODE_81075_length_2594_cov_4.257715	1322	1455	7	10	133	0.0751880
NODE_81075_length_2594_cov_4.257715	1322	1455	8	10	133	0.0751880
NODE_81075_length_2594_cov_4.257715	1322	1455	9	36	133	0.2706767
NODE_81075_length_2594_cov_4.257715	1322	1455	10	7	133	0.0526316
NODE_81075_length_2594_cov_4.257715	1322	1455	11	4	133	0.0300752
NODE_81075_length_2594_cov_4.257715	1322	1455	12	7	133	0.0526316
NODE_81075_length_2594_cov_4.257715	1322	1455	13	19	133	0.1428571
NODE_81075_length_2594_cov_4.257715	1322	1455	14	12	133	0.0902256
NODE_81075_length_2594_cov_4.257715	1322	1455	15	4	133	0.0300752
NODE_81075_length_2594_cov_4.257715	1322	1455	16	16	133	0.1203008
NODE_81075_length_2594_cov_4.257715	1322	1455	17	2	133	0.0150376
NODE_81075_length_2594_cov_4.257715	1322	1455	19	2	133	0.0150376
NODE_81075_length_2594_cov_4.257715	1322	1455	21	3	133	0.0225564
NODE_81075_length_2594_cov_4.257715	1322	1455	22	1	133	0.0075188
NODE_81104_length_2593_cov_5.073777	1062	1195	13	1	133	0.0075188
NODE_81104_length_2593_cov_5.073777	1062	1195	14	10	133	0.0751880
NODE_81104_length_2593_cov_5.073777	1062	1195	15	34	133	0.2556391
NODE_81104_length_2593_cov_5.073777	1062	1195	16	62	133	0.4661654
NODE_81104_length_2593_cov_5.073777	1062	1195	17	18	133	0.1353384
NODE_81104_length_2593_cov_5.073777	1062	1195	18	8	133	0.0601504
NODE_81127_length_2593_cov_3.614274	542	675	10	2	133	0.0150376
NODE_81127_length_2593_cov_3.614274	542	675	11	2	133	0.0150376
NODE_81127_length_2593_cov_3.614274	542	675	12	5	133	0.0375940
NODE_81127_length_2593_cov_3.614274	542	675	13	3	133	0.0225564
NODE_81127_length_2593_cov_3.614274	542	675	14	4	133	0.0300752
NODE_81127_length_2593_cov_3.614274	542	675	15	4	133	0.0300752
NODE_81127_length_2593_cov_3.614274	542	675	16	8	133	0.0601504
NODE_81127_length_2593_cov_3.614274	542	675	18	1	133	0.0075188
NODE_81127_length_2593_cov_3.614274	542	675	21	4	133	0.0300752
NODE_81127_length_2593_cov_3.614274	542	675	22	6	133	0.0451128
NODE_81127_length_2593_cov_3.614274	542	675	23	2	133	0.0150376
NODE_81127_length_2593_cov_3.614274	542	675	24	29	133	0.2180451
NODE_81127_length_2593_cov_3.614274	542	675	25	6	133	0.0451128
NODE_81127_length_2593_cov_3.614274	542	675	26	22	133	0.1654135
NODE_81127_length_2593_cov_3.614274	542	675	27	10	133	0.0751880
NODE_81127_length_2593_cov_3.614274	542	675	28	25	133	0.1879699
NODE_81153_length_2592_cov_5.237064	1716	1849	5	30	133	0.2255639
NODE_81153_length_2592_cov_5.237064	1716	1849	6	41	133	0.3082707
NODE_81153_length_2592_cov_5.237064	1716	1849	7	5	133	0.0375940
NODE_81153_length_2592_cov_5.237064	1716	1849	8	49	133	0.3684210
NODE_81153_length_2592_cov_5.237064	1716	1849	9	8	133	0.0601504
NODE_811_length_15696_cov_4.297621	6286	6419	13	6	133	0.0451128
NODE_811_length_15696_cov_4.297621	6286	6419	14	10	133	0.0751880
NODE_811_length_15696_cov_4.297621	6286	6419	15	1	133	0.0075188
NODE_811_length_15696_cov_4.297621	6286	6419	16	2	133	0.0150376
NODE_811_length_15696_cov_4.297621	6286	6419	17	4	133	0.0300752
NODE_811_length_15696_cov_4.297621	6286	6419	18	9	133	0.0676692
NODE_811_length_15696_cov_4.297621	6286	6419	19	7	133	0.0526316
NODE_811_length_15696_cov_4.297621	6286	6419	20	6	133	0.0451128
NODE_811_length_15696_cov_4.297621	6286	6419	21	7	133	0.0526316
NODE_811_length_15696_cov_4.297621	6286	6419	22	15	133	0.1127820
NODE_811_length_15696_cov_4.297621	6286	6419	23	23	133	0.1729323
NODE_811_length_15696_cov_4.297621	6286	6419	24	43	133	0.3233083
NODE_81259_length_2590_cov_4.369330	1287	1420	10	17	133	0.1278196
NODE_81259_length_2590_cov_4.369330	1287	1420	11	19	133	0.1428571
NODE_81259_length_2590_cov_4.369330	1287	1420	12	8	133	0.0601504
NODE_81259_length_2590_cov_4.369330	1287	1420	13	27	133	0.2030075
NODE_81259_length_2590_cov_4.369330	1287	1420	14	18	133	0.1353384
NODE_81259_length_2590_cov_4.369330	1287	1420	15	25	133	0.1879699
NODE_81259_length_2590_cov_4.369330	1287	1420	16	19	133	0.1428571
NODE_81280_length_2590_cov_2.667603	379	512	22	3	133	0.0225564
NODE_81280_length_2590_cov_2.667603	379	512	23	3	133	0.0225564
NODE_81280_length_2590_cov_2.667603	379	512	25	4	133	0.0300752
NODE_81280_length_2590_cov_2.667603	379	512	26	6	133	0.0451128
NODE_81280_length_2590_cov_2.667603	379	512	28	9	133	0.0676692
NODE_81280_length_2590_cov_2.667603	379	512	29	4	133	0.0300752
NODE_81280_length_2590_cov_2.667603	379	512	30	5	133	0.0375940
NODE_81280_length_2590_cov_2.667603	379	512	31	7	133	0.0526316
NODE_81280_length_2590_cov_2.667603	379	512	32	2	133	0.0150376
NODE_81280_length_2590_cov_2.667603	379	512	33	3	133	0.0225564
NODE_81280_length_2590_cov_2.667603	379	512	34	2	133	0.0150376
NODE_81280_length_2590_cov_2.667603	379	512	35	6	133	0.0451128
NODE_81280_length_2590_cov_2.667603	379	512	36	11	133	0.0827068
NODE_81280_length_2590_cov_2.667603	379	512	37	5	133	0.0375940
NODE_81280_length_2590_cov_2.667603	379	512	38	2	133	0.0150376
NODE_81280_length_2590_cov_2.667603	379	512	39	4	133	0.0300752
NODE_81280_length_2590_cov_2.667603	379	512	40	9	133	0.0676692
NODE_81280_length_2590_cov_2.667603	379	512	41	9	133	0.0676692
NODE_81280_length_2590_cov_2.667603	379	512	42	11	133	0.0827068
NODE_81280_length_2590_cov_2.667603	379	512	43	8	133	0.0601504
NODE_81280_length_2590_cov_2.667603	379	512	44	3	133	0.0225564
NODE_81280_length_2590_cov_2.667603	379	512	45	11	133	0.0827068
NODE_81280_length_2590_cov_2.667603	379	512	46	6	133	0.0451128
NODE_81315_length_2589_cov_3.746586	1478	1611	23	5	133	0.0375940
NODE_81315_length_2589_cov_3.746586	1478	1611	24	7	133	0.0526316
NODE_81315_length_2589_cov_3.746586	1478	1611	25	1	133	0.0075188
NODE_81315_length_2589_cov_3.746586	1478	1611	26	16	133	0.1203008
NODE_81315_length_2589_cov_3.746586	1478	1611	27	7	133	0.0526316
NODE_81315_length_2589_cov_3.746586	1478	1611	28	11	133	0.0827068
NODE_81315_length_2589_cov_3.746586	1478	1611	29	12	133	0.0902256
NODE_81315_length_2589_cov_3.746586	1478	1611	30	10	133	0.0751880
NODE_81315_length_2589_cov_3.746586	1478	1611	31	12	133	0.0902256
NODE_81315_length_2589_cov_3.746586	1478	1611	32	9	133	0.0676692
NODE_81315_length_2589_cov_3.746586	1478	1611	33	8	133	0.0601504
NODE_81315_length_2589_cov_3.746586	1478	1611	34	15	133	0.1127820
NODE_81315_length_2589_cov_3.746586	1478	1611	35	19	133	0.1428571
NODE_81315_length_2589_cov_3.746586	1478	1611	36	1	133	0.0075188
NODE_813_length_15678_cov_3.878940	6332	6465	1	64	133	0.4812030
NODE_813_length_15678_cov_3.878940	6332	6465	2	6	133	0.0451128
NODE_813_length_15678_cov_3.878940	6332	6465	4	36	133	0.2706767
NODE_813_length_15678_cov_3.878940	6332	6465	5	27	133	0.2030075
NODE_81406_length_2587_cov_4.320740	2017	2150	3	8	133	0.0601504
NODE_81406_length_2587_cov_4.320740	2017	2150	4	15	133	0.1127820
NODE_81406_length_2587_cov_4.320740	2017	2150	5	34	133	0.2556391
NODE_81406_length_2587_cov_4.320740	2017	2150	6	12	133	0.0902256
NODE_81406_length_2587_cov_4.320740	2017	2150	7	64	133	0.4812030
NODE_81429_length_2586_cov_6.791717	691	824	1	8	133	0.0601504
NODE_81429_length_2586_cov_6.791717	691	824	2	68	133	0.5112782
NODE_81429_length_2586_cov_6.791717	691	824	3	57	133	0.4285714
NODE_81453_length_2586_cov_3.968235	1704	1837	0	4	133	0.0300752
NODE_81453_length_2586_cov_3.968235	1704	1837	1	3	133	0.0225564
NODE_81453_length_2586_cov_3.968235	1704	1837	2	26	133	0.1954887
NODE_81453_length_2586_cov_3.968235	1704	1837	3	8	133	0.0601504
NODE_81453_length_2586_cov_3.968235	1704	1837	5	41	133	0.3082707
NODE_81453_length_2586_cov_3.968235	1704	1837	6	30	133	0.2255639
NODE_81453_length_2586_cov_3.968235	1704	1837	7	8	133	0.0601504
NODE_81453_length_2586_cov_3.968235	1704	1837	8	13	133	0.0977444
NODE_81472_length_2585_cov_16.382542	1721	1854	5	16	133	0.1203008
NODE_81472_length_2585_cov_16.382542	1721	1854	6	4	133	0.0300752
NODE_81472_length_2585_cov_16.382542	1721	1854	7	4	133	0.0300752
NODE_81472_length_2585_cov_16.382542	1721	1854	8	15	133	0.1127820
NODE_81472_length_2585_cov_16.382542	1721	1854	10	46	133	0.3458647
NODE_81472_length_2585_cov_16.382542	1721	1854	11	48	133	0.3609022
NODE_81479_length_2585_cov_5.155270	1346	1479	2	45	133	0.3383459
NODE_81479_length_2585_cov_5.155270	1346	1479	3	58	133	0.4360902
NODE_81479_length_2585_cov_5.155270	1346	1479	4	9	133	0.0676692
NODE_81479_length_2585_cov_5.155270	1346	1479	5	5	133	0.0375940
NODE_81479_length_2585_cov_5.155270	1346	1479	6	16	133	0.1203008
NODE_8149_length_7978_cov_4.033126	2815	2948	5	1	133	0.0075188
NODE_8149_length_7978_cov_4.033126	2815	2948	7	12	133	0.0902256
NODE_8149_length_7978_cov_4.033126	2815	2948	9	6	133	0.0451128
NODE_8149_length_7978_cov_4.033126	2815	2948	10	8	133	0.0601504
NODE_8149_length_7978_cov_4.033126	2815	2948	12	1	133	0.0075188
NODE_8149_length_7978_cov_4.033126	2815	2948	13	7	133	0.0526316
NODE_8149_length_7978_cov_4.033126	2815	2948	14	92	133	0.6917293
NODE_8149_length_7978_cov_4.033126	2815	2948	15	6	133	0.0451128
NODE_8170_length_7970_cov_4.440732	3978	4111	8	36	133	0.2706767
NODE_8170_length_7970_cov_4.440732	3978	4111	9	10	133	0.0751880
NODE_8170_length_7970_cov_4.440732	3978	4111	10	3	133	0.0225564
NODE_8170_length_7970_cov_4.440732	3978	4111	11	20	133	0.1503759
NODE_8170_length_7970_cov_4.440732	3978	4111	12	16	133	0.1203008
NODE_8170_length_7970_cov_4.440732	3978	4111	13	13	133	0.0977444
NODE_8170_length_7970_cov_4.440732	3978	4111	14	23	133	0.1729323
NODE_8170_length_7970_cov_4.440732	3978	4111	15	6	133	0.0451128
NODE_8170_length_7970_cov_4.440732	3978	4111	16	6	133	0.0451128
NODE_81753_length_2579_cov_4.433065	1016	1149	5	6	133	0.0451128
NODE_81753_length_2579_cov_4.433065	1016	1149	6	24	133	0.1804511
NODE_81753_length_2579_cov_4.433065	1016	1149	7	12	133	0.0902256
NODE_81753_length_2579_cov_4.433065	1016	1149	9	7	133	0.0526316
NODE_81753_length_2579_cov_4.433065	1016	1149	10	1	133	0.0075188
NODE_81753_length_2579_cov_4.433065	1016	1149	12	3	133	0.0225564
NODE_81753_length_2579_cov_4.433065	1016	1149	13	30	133	0.2255639
NODE_81753_length_2579_cov_4.433065	1016	1149	14	36	133	0.2706767
NODE_81753_length_2579_cov_4.433065	1016	1149	15	14	133	0.1052632
NODE_81792_length_2578_cov_4.879387	752	885	19	1	133	0.0075188
NODE_81792_length_2578_cov_4.879387	752	885	20	3	133	0.0225564
NODE_81792_length_2578_cov_4.879387	752	885	21	1	133	0.0075188
NODE_81792_length_2578_cov_4.879387	752	885	22	13	133	0.0977444
NODE_81792_length_2578_cov_4.879387	752	885	23	7	133	0.0526316
NODE_81792_length_2578_cov_4.879387	752	885	24	10	133	0.0751880
NODE_81792_length_2578_cov_4.879387	752	885	25	25	133	0.1879699
NODE_81792_length_2578_cov_4.879387	752	885	26	15	133	0.1127820
NODE_81792_length_2578_cov_4.879387	752	885	27	17	133	0.1278196
NODE_81792_length_2578_cov_4.879387	752	885	28	19	133	0.1428571
NODE_81792_length_2578_cov_4.879387	752	885	29	5	133	0.0375940
NODE_81792_length_2578_cov_4.879387	752	885	30	9	133	0.0676692
NODE_81792_length_2578_cov_4.879387	752	885	31	8	133	0.0601504
NODE_817_length_15635_cov_4.907827	4734	4867	3	18	133	0.1353384
NODE_817_length_15635_cov_4.907827	4734	4867	4	21	133	0.1578947
NODE_817_length_15635_cov_4.907827	4734	4867	5	3	133	0.0225564
NODE_817_length_15635_cov_4.907827	4734	4867	6	9	133	0.0676692
NODE_817_length_15635_cov_4.907827	4734	4867	7	11	133	0.0827068
NODE_817_length_15635_cov_4.907827	4734	4867	8	5	133	0.0375940
NODE_817_length_15635_cov_4.907827	4734	4867	9	2	133	0.0150376
NODE_817_length_15635_cov_4.907827	4734	4867	10	1	133	0.0075188
NODE_817_length_15635_cov_4.907827	4734	4867	11	13	133	0.0977444
NODE_817_length_15635_cov_4.907827	4734	4867	12	24	133	0.1804511
NODE_817_length_15635_cov_4.907827	4734	4867	13	26	133	0.1954887
NODE_81883_length_2577_cov_2.807103	834	967	21	4	133	0.0300752
NODE_81883_length_2577_cov_2.807103	834	967	23	5	133	0.0375940
NODE_81883_length_2577_cov_2.807103	834	967	24	9	133	0.0676692
NODE_81883_length_2577_cov_2.807103	834	967	25	2	133	0.0150376
NODE_81883_length_2577_cov_2.807103	834	967	26	4	133	0.0300752
NODE_81883_length_2577_cov_2.807103	834	967	27	9	133	0.0676692
NODE_81883_length_2577_cov_2.807103	834	967	28	4	133	0.0300752
NODE_81883_length_2577_cov_2.807103	834	967	29	5	133	0.0375940
NODE_81883_length_2577_cov_2.807103	834	967	30	6	133	0.0451128
NODE_81883_length_2577_cov_2.807103	834	967	31	8	133	0.0601504
NODE_81883_length_2577_cov_2.807103	834	967	32	24	133	0.1804511
NODE_81883_length_2577_cov_2.807103	834	967	33	5	133	0.0375940
NODE_81883_length_2577_cov_2.807103	834	967	34	4	133	0.0300752
NODE_81883_length_2577_cov_2.807103	834	967	35	16	133	0.1203008
NODE_81883_length_2577_cov_2.807103	834	967	36	9	133	0.0676692
NODE_81883_length_2577_cov_2.807103	834	967	37	9	133	0.0676692
NODE_81883_length_2577_cov_2.807103	834	967	38	5	133	0.0375940
NODE_81883_length_2577_cov_2.807103	834	967	39	5	133	0.0375940
NODE_81924_length_2576_cov_3.240614	47	180	17	2	133	0.0150376
NODE_81924_length_2576_cov_3.240614	47	180	18	18	133	0.1353384
NODE_81924_length_2576_cov_3.240614	47	180	19	5	133	0.0375940
NODE_81924_length_2576_cov_3.240614	47	180	20	12	133	0.0902256
NODE_81924_length_2576_cov_3.240614	47	180	21	4	133	0.0300752
NODE_81924_length_2576_cov_3.240614	47	180	22	1	133	0.0075188
NODE_81924_length_2576_cov_3.240614	47	180	23	9	133	0.0676692
NODE_81924_length_2576_cov_3.240614	47	180	25	11	133	0.0827068
NODE_81924_length_2576_cov_3.240614	47	180	26	3	133	0.0225564
NODE_81924_length_2576_cov_3.240614	47	180	27	9	133	0.0676692
NODE_81924_length_2576_cov_3.240614	47	180	29	7	133	0.0526316
NODE_81924_length_2576_cov_3.240614	47	180	30	9	133	0.0676692
NODE_81924_length_2576_cov_3.240614	47	180	31	6	133	0.0451128
NODE_81924_length_2576_cov_3.240614	47	180	32	1	133	0.0075188
NODE_81924_length_2576_cov_3.240614	47	180	33	4	133	0.0300752
NODE_81924_length_2576_cov_3.240614	47	180	34	19	133	0.1428571
NODE_81924_length_2576_cov_3.240614	47	180	35	8	133	0.0601504
NODE_81924_length_2576_cov_3.240614	47	180	36	5	133	0.0375940
NODE_81983_length_2574_cov_4.472323	323	456	16	2	133	0.0150376
NODE_81983_length_2574_cov_4.472323	323	456	17	33	133	0.2481203
NODE_81983_length_2574_cov_4.472323	323	456	18	29	133	0.2180451
NODE_81983_length_2574_cov_4.472323	323	456	19	19	133	0.1428571
NODE_81983_length_2574_cov_4.472323	323	456	20	13	133	0.0977444
NODE_81983_length_2574_cov_4.472323	323	456	21	28	133	0.2105263
NODE_81983_length_2574_cov_4.472323	323	456	22	9	133	0.0676692
NODE_8203_length_7954_cov_4.691661	2858	2991	11	1	133	0.0075188
NODE_8203_length_7954_cov_4.691661	2858	2991	13	3	133	0.0225564
NODE_8203_length_7954_cov_4.691661	2858	2991	14	1	133	0.0075188
NODE_8203_length_7954_cov_4.691661	2858	2991	15	16	133	0.1203008
NODE_8203_length_7954_cov_4.691661	2858	2991	16	5	133	0.0375940
NODE_8203_length_7954_cov_4.691661	2858	2991	17	22	133	0.1654135
NODE_8203_length_7954_cov_4.691661	2858	2991	18	27	133	0.2030075
NODE_8203_length_7954_cov_4.691661	2858	2991	19	1	133	0.0075188
NODE_8203_length_7954_cov_4.691661	2858	2991	20	39	133	0.2932331
NODE_8203_length_7954_cov_4.691661	2858	2991	21	13	133	0.0977444
NODE_8203_length_7954_cov_4.691661	2858	2991	22	5	133	0.0375940
NODE_82040_length_2573_cov_3.535166	499	632	2	28	133	0.2105263
NODE_82040_length_2573_cov_3.535166	499	632	3	28	133	0.2105263
NODE_82040_length_2573_cov_3.535166	499	632	4	2	133	0.0150376
NODE_82040_length_2573_cov_3.535166	499	632	5	70	133	0.5263158
NODE_82040_length_2573_cov_3.535166	499	632	6	5	133	0.0375940
NODE_82054_length_2572_cov_30.559644	1241	1374	24	3	133	0.0225564
NODE_82054_length_2572_cov_30.559644	1241	1374	25	1	133	0.0075188
NODE_82054_length_2572_cov_30.559644	1241	1374	26	5	133	0.0375940
NODE_82054_length_2572_cov_30.559644	1241	1374	27	5	133	0.0375940
NODE_82054_length_2572_cov_30.559644	1241	1374	28	4	133	0.0300752
NODE_82054_length_2572_cov_30.559644	1241	1374	29	18	133	0.1353384
NODE_82054_length_2572_cov_30.559644	1241	1374	30	10	133	0.0751880
NODE_82054_length_2572_cov_30.559644	1241	1374	31	2	133	0.0150376
NODE_82054_length_2572_cov_30.559644	1241	1374	32	5	133	0.0375940
NODE_82054_length_2572_cov_30.559644	1241	1374	33	22	133	0.1654135
NODE_82054_length_2572_cov_30.559644	1241	1374	34	5	133	0.0375940
NODE_82054_length_2572_cov_30.559644	1241	1374	35	5	133	0.0375940
NODE_82054_length_2572_cov_30.559644	1241	1374	36	12	133	0.0902256
NODE_82054_length_2572_cov_30.559644	1241	1374	38	2	133	0.0150376
NODE_82054_length_2572_cov_30.559644	1241	1374	39	10	133	0.0751880
NODE_82054_length_2572_cov_30.559644	1241	1374	40	11	133	0.0827068
NODE_82054_length_2572_cov_30.559644	1241	1374	41	1	133	0.0075188
NODE_82054_length_2572_cov_30.559644	1241	1374	42	7	133	0.0526316
NODE_82054_length_2572_cov_30.559644	1241	1374	43	5	133	0.0375940
NODE_82056_length_2572_cov_5.613021	269	402	15	4	133	0.0300752
NODE_82056_length_2572_cov_5.613021	269	402	16	2	133	0.0150376
NODE_82056_length_2572_cov_5.613021	269	402	17	5	133	0.0375940
NODE_82056_length_2572_cov_5.613021	269	402	18	13	133	0.0977444
NODE_82056_length_2572_cov_5.613021	269	402	19	16	133	0.1203008
NODE_82056_length_2572_cov_5.613021	269	402	20	2	133	0.0150376
NODE_82056_length_2572_cov_5.613021	269	402	21	1	133	0.0075188
NODE_82056_length_2572_cov_5.613021	269	402	22	27	133	0.2030075
NODE_82056_length_2572_cov_5.613021	269	402	24	4	133	0.0300752
NODE_82056_length_2572_cov_5.613021	269	402	25	15	133	0.1127820
NODE_82056_length_2572_cov_5.613021	269	402	26	3	133	0.0225564
NODE_82056_length_2572_cov_5.613021	269	402	27	22	133	0.1654135
NODE_82056_length_2572_cov_5.613021	269	402	28	19	133	0.1428571
NODE_82064_length_2572_cov_4.873029	1203	1336	9	25	133	0.1879699
NODE_82064_length_2572_cov_4.873029	1203	1336	10	15	133	0.1127820
NODE_82064_length_2572_cov_4.873029	1203	1336	11	33	133	0.2481203
NODE_82064_length_2572_cov_4.873029	1203	1336	12	4	133	0.0300752
NODE_82064_length_2572_cov_4.873029	1203	1336	13	33	133	0.2481203
NODE_82064_length_2572_cov_4.873029	1203	1336	14	23	133	0.1729323
NODE_82088_length_2572_cov_3.866154	123	256	3	36	133	0.2706767
NODE_82088_length_2572_cov_3.866154	123	256	5	6	133	0.0451128
NODE_82088_length_2572_cov_3.866154	123	256	6	2	133	0.0150376
NODE_82088_length_2572_cov_3.866154	123	256	7	42	133	0.3157895
NODE_82088_length_2572_cov_3.866154	123	256	8	19	133	0.1428571
NODE_82088_length_2572_cov_3.866154	123	256	9	2	133	0.0150376
NODE_82088_length_2572_cov_3.866154	123	256	10	26	133	0.1954887
NODE_82126_length_2571_cov_4.317152	1864	1997	3	20	133	0.1503759
NODE_82126_length_2571_cov_4.317152	1864	1997	4	5	133	0.0375940
NODE_82126_length_2571_cov_4.317152	1864	1997	5	32	133	0.2406015
NODE_82126_length_2571_cov_4.317152	1864	1997	6	59	133	0.4436090
NODE_82126_length_2571_cov_4.317152	1864	1997	7	3	133	0.0225564
NODE_82126_length_2571_cov_4.317152	1864	1997	8	11	133	0.0827068
NODE_82126_length_2571_cov_4.317152	1864	1997	9	3	133	0.0225564
NODE_82132_length_2571_cov_3.741100	749	882	9	5	133	0.0375940
NODE_82132_length_2571_cov_3.741100	749	882	11	8	133	0.0601504
NODE_82132_length_2571_cov_3.741100	749	882	12	17	133	0.1278196
NODE_82132_length_2571_cov_3.741100	749	882	13	8	133	0.0601504
NODE_82132_length_2571_cov_3.741100	749	882	14	54	133	0.4060150
NODE_82132_length_2571_cov_3.741100	749	882	15	13	133	0.0977444
NODE_82132_length_2571_cov_3.741100	749	882	16	28	133	0.2105263
NODE_821_length_15616_cov_5.508797	573	706	8	17	133	0.1278196
NODE_821_length_15616_cov_5.508797	573	706	9	21	133	0.1578947
NODE_821_length_15616_cov_5.508797	573	706	10	16	133	0.1203008
NODE_821_length_15616_cov_5.508797	573	706	11	6	133	0.0451128
NODE_821_length_15616_cov_5.508797	573	706	12	41	133	0.3082707
NODE_821_length_15616_cov_5.508797	573	706	13	29	133	0.2180451
NODE_821_length_15616_cov_5.508797	573	706	14	3	133	0.0225564
NODE_82236_length_2569_cov_3.685830	1551	1684	3	21	133	0.1578947
NODE_82236_length_2569_cov_3.685830	1551	1684	4	39	133	0.2932331
NODE_82236_length_2569_cov_3.685830	1551	1684	5	68	133	0.5112782
NODE_82236_length_2569_cov_3.685830	1551	1684	6	5	133	0.0375940
NODE_82425_length_2565_cov_5.349148	297	430	3	14	133	0.1052632
NODE_82425_length_2565_cov_5.349148	297	430	4	9	133	0.0676692
NODE_82425_length_2565_cov_5.349148	297	430	5	14	133	0.1052632
NODE_82425_length_2565_cov_5.349148	297	430	6	7	133	0.0526316
NODE_82425_length_2565_cov_5.349148	297	430	8	4	133	0.0300752
NODE_82425_length_2565_cov_5.349148	297	430	9	45	133	0.3383459
NODE_82425_length_2565_cov_5.349148	297	430	10	12	133	0.0902256
NODE_82425_length_2565_cov_5.349148	297	430	11	28	133	0.2105263
NODE_82429_length_2565_cov_4.800892	1704	1837	10	3	133	0.0225564
NODE_82429_length_2565_cov_4.800892	1704	1837	11	8	133	0.0601504
NODE_82429_length_2565_cov_4.800892	1704	1837	12	14	133	0.1052632
NODE_82429_length_2565_cov_4.800892	1704	1837	13	14	133	0.1052632
NODE_82429_length_2565_cov_4.800892	1704	1837	14	32	133	0.2406015
NODE_82429_length_2565_cov_4.800892	1704	1837	15	19	133	0.1428571
NODE_82429_length_2565_cov_4.800892	1704	1837	16	18	133	0.1353384
NODE_82429_length_2565_cov_4.800892	1704	1837	17	25	133	0.1879699
NODE_82447_length_2565_cov_4.057989	733	866	8	37	133	0.2781955
NODE_82447_length_2565_cov_4.057989	733	866	9	19	133	0.1428571
NODE_82447_length_2565_cov_4.057989	733	866	10	7	133	0.0526316
NODE_82447_length_2565_cov_4.057989	733	866	12	1	133	0.0075188
NODE_82447_length_2565_cov_4.057989	733	866	13	46	133	0.3458647
NODE_82447_length_2565_cov_4.057989	733	866	14	1	133	0.0075188
NODE_82447_length_2565_cov_4.057989	733	866	15	8	133	0.0601504
NODE_82447_length_2565_cov_4.057989	733	866	16	14	133	0.1052632
NODE_82470_length_2565_cov_2.279805	1570	1703	6	10	133	0.0751880
NODE_82470_length_2565_cov_2.279805	1570	1703	7	17	133	0.1278196
NODE_82470_length_2565_cov_2.279805	1570	1703	8	44	133	0.3308271
NODE_82470_length_2565_cov_2.279805	1570	1703	9	62	133	0.4661654
NODE_82533_length_2563_cov_4.873782	448	581	2	18	133	0.1353384
NODE_82533_length_2563_cov_4.873782	448	581	3	36	133	0.2706767
NODE_82533_length_2563_cov_4.873782	448	581	4	52	133	0.3909774
NODE_82533_length_2563_cov_4.873782	448	581	5	27	133	0.2030075
NODE_8256_length_7937_cov_4.262822	3045	3178	16	3	133	0.0225564
NODE_8256_length_7937_cov_4.262822	3045	3178	17	3	133	0.0225564
NODE_8256_length_7937_cov_4.262822	3045	3178	19	1	133	0.0075188
NODE_8256_length_7937_cov_4.262822	3045	3178	20	2	133	0.0150376
NODE_8256_length_7937_cov_4.262822	3045	3178	22	1	133	0.0075188
NODE_8256_length_7937_cov_4.262822	3045	3178	23	14	133	0.1052632
NODE_8256_length_7937_cov_4.262822	3045	3178	24	7	133	0.0526316
NODE_8256_length_7937_cov_4.262822	3045	3178	25	8	133	0.0601504
NODE_8256_length_7937_cov_4.262822	3045	3178	26	8	133	0.0601504
NODE_8256_length_7937_cov_4.262822	3045	3178	28	1	133	0.0075188
NODE_8256_length_7937_cov_4.262822	3045	3178	29	2	133	0.0150376
NODE_8256_length_7937_cov_4.262822	3045	3178	30	2	133	0.0150376
NODE_8256_length_7937_cov_4.262822	3045	3178	31	1	133	0.0075188
NODE_8256_length_7937_cov_4.262822	3045	3178	32	8	133	0.0601504
NODE_8256_length_7937_cov_4.262822	3045	3178	33	1	133	0.0075188
NODE_8256_length_7937_cov_4.262822	3045	3178	34	12	133	0.0902256
NODE_8256_length_7937_cov_4.262822	3045	3178	35	3	133	0.0225564
NODE_8256_length_7937_cov_4.262822	3045	3178	36	4	133	0.0300752
NODE_8256_length_7937_cov_4.262822	3045	3178	37	16	133	0.1203008
NODE_8256_length_7937_cov_4.262822	3045	3178	38	6	133	0.0451128
NODE_8256_length_7937_cov_4.262822	3045	3178	39	8	133	0.0601504
NODE_8256_length_7937_cov_4.262822	3045	3178	40	20	133	0.1503759
NODE_8256_length_7937_cov_4.262822	3045	3178	41	2	133	0.0150376
NODE_8258_length_7936_cov_5.622177	3705	3838	3	8	133	0.0601504
NODE_8258_length_7936_cov_5.622177	3705	3838	5	5	133	0.0375940
NODE_8258_length_7936_cov_5.622177	3705	3838	7	10	133	0.0751880
NODE_8258_length_7936_cov_5.622177	3705	3838	8	7	133	0.0526316
NODE_8258_length_7936_cov_5.622177	3705	3838	9	16	133	0.1203008
NODE_8258_length_7936_cov_5.622177	3705	3838	10	28	133	0.2105263
NODE_8258_length_7936_cov_5.622177	3705	3838	11	7	133	0.0526316
NODE_8258_length_7936_cov_5.622177	3705	3838	12	52	133	0.3909774
NODE_82591_length_2562_cov_3.722696	434	567	12	1	133	0.0075188
NODE_82591_length_2562_cov_3.722696	434	567	13	2	133	0.0150376
NODE_82591_length_2562_cov_3.722696	434	567	15	28	133	0.2105263
NODE_82591_length_2562_cov_3.722696	434	567	16	6	133	0.0451128
NODE_82591_length_2562_cov_3.722696	434	567	17	9	133	0.0676692
NODE_82591_length_2562_cov_3.722696	434	567	18	12	133	0.0902256
NODE_82591_length_2562_cov_3.722696	434	567	19	29	133	0.2180451
NODE_82591_length_2562_cov_3.722696	434	567	20	12	133	0.0902256
NODE_82591_length_2562_cov_3.722696	434	567	21	3	133	0.0225564
NODE_82591_length_2562_cov_3.722696	434	567	22	15	133	0.1127820
NODE_82591_length_2562_cov_3.722696	434	567	23	16	133	0.1203008
NODE_82592_length_2562_cov_3.628908	1665	1798	10	17	133	0.1278196
NODE_82592_length_2562_cov_3.628908	1665	1798	11	20	133	0.1503759
NODE_82592_length_2562_cov_3.628908	1665	1798	12	44	133	0.3308271
NODE_82592_length_2562_cov_3.628908	1665	1798	13	8	133	0.0601504
NODE_82592_length_2562_cov_3.628908	1665	1798	14	4	133	0.0300752
NODE_82592_length_2562_cov_3.628908	1665	1798	15	5	133	0.0375940
NODE_82592_length_2562_cov_3.628908	1665	1798	16	19	133	0.1428571
NODE_82592_length_2562_cov_3.628908	1665	1798	17	16	133	0.1203008
NODE_82694_length_2559_cov_8.900813	1804	1937	8	7	133	0.0526316
NODE_82694_length_2559_cov_8.900813	1804	1937	9	1	133	0.0075188
NODE_82694_length_2559_cov_8.900813	1804	1937	10	13	133	0.0977444
NODE_82694_length_2559_cov_8.900813	1804	1937	11	9	133	0.0676692
NODE_82694_length_2559_cov_8.900813	1804	1937	12	14	133	0.1052632
NODE_82694_length_2559_cov_8.900813	1804	1937	13	36	133	0.2706767
NODE_82694_length_2559_cov_8.900813	1804	1937	14	29	133	0.2180451
NODE_82694_length_2559_cov_8.900813	1804	1937	15	24	133	0.1804511
NODE_82781_length_2557_cov_4.420260	794	927	3	9	133	0.0676692
NODE_82781_length_2557_cov_4.420260	794	927	4	8	133	0.0601504
NODE_82781_length_2557_cov_4.420260	794	927	5	4	133	0.0300752
NODE_82781_length_2557_cov_4.420260	794	927	6	13	133	0.0977444
NODE_82781_length_2557_cov_4.420260	794	927	7	64	133	0.4812030
NODE_82781_length_2557_cov_4.420260	794	927	8	22	133	0.1654135
NODE_82781_length_2557_cov_4.420260	794	927	9	13	133	0.0977444
NODE_82814_length_2557_cov_3.157445	800	933	0	133	133	1.0000000
NODE_82842_length_2556_cov_4.106227	1081	1214	14	18	133	0.1353384
NODE_82842_length_2556_cov_4.106227	1081	1214	15	2	133	0.0150376
NODE_82842_length_2556_cov_4.106227	1081	1214	16	8	133	0.0601504
NODE_82842_length_2556_cov_4.106227	1081	1214	18	14	133	0.1052632
NODE_82842_length_2556_cov_4.106227	1081	1214	19	16	133	0.1203008
NODE_82842_length_2556_cov_4.106227	1081	1214	20	17	133	0.1278196
NODE_82842_length_2556_cov_4.106227	1081	1214	21	9	133	0.0676692
NODE_82842_length_2556_cov_4.106227	1081	1214	22	1	133	0.0075188
NODE_82842_length_2556_cov_4.106227	1081	1214	23	6	133	0.0451128
NODE_82842_length_2556_cov_4.106227	1081	1214	24	42	133	0.3157895
NODE_8286_length_7927_cov_4.714997	3577	3710	14	11	133	0.0827068
NODE_8286_length_7927_cov_4.714997	3577	3710	15	5	133	0.0375940
NODE_8286_length_7927_cov_4.714997	3577	3710	17	8	133	0.0601504
NODE_8286_length_7927_cov_4.714997	3577	3710	18	9	133	0.0676692
NODE_8286_length_7927_cov_4.714997	3577	3710	19	14	133	0.1052632
NODE_8286_length_7927_cov_4.714997	3577	3710	20	35	133	0.2631579
NODE_8286_length_7927_cov_4.714997	3577	3710	21	9	133	0.0676692
NODE_8286_length_7927_cov_4.714997	3577	3710	22	14	133	0.1052632
NODE_8286_length_7927_cov_4.714997	3577	3710	23	5	133	0.0375940
NODE_8286_length_7927_cov_4.714997	3577	3710	24	3	133	0.0225564
NODE_8286_length_7927_cov_4.714997	3577	3710	25	4	133	0.0300752
NODE_8286_length_7927_cov_4.714997	3577	3710	26	8	133	0.0601504
NODE_8286_length_7927_cov_4.714997	3577	3710	27	8	133	0.0601504
NODE_82887_length_2555_cov_3.666531	1	134	4	17	133	0.1278196
NODE_82887_length_2555_cov_3.666531	1	134	6	18	133	0.1353384
NODE_82887_length_2555_cov_3.666531	1	134	7	1	133	0.0075188
NODE_82887_length_2555_cov_3.666531	1	134	8	3	133	0.0225564
NODE_82887_length_2555_cov_3.666531	1	134	9	2	133	0.0150376
NODE_82887_length_2555_cov_3.666531	1	134	10	8	133	0.0601504
NODE_82887_length_2555_cov_3.666531	1	134	12	10	133	0.0751880
NODE_82887_length_2555_cov_3.666531	1	134	13	15	133	0.1127820
NODE_82887_length_2555_cov_3.666531	1	134	14	59	133	0.4436090
NODE_828_length_15583_cov_4.315552	6536	6669	1	20	133	0.1503759
NODE_828_length_15583_cov_4.315552	6536	6669	2	53	133	0.3984962
NODE_828_length_15583_cov_4.315552	6536	6669	3	22	133	0.1654135
NODE_828_length_15583_cov_4.315552	6536	6669	4	38	133	0.2857143
NODE_8304_length_7921_cov_4.641396	2604	2737	8	20	133	0.1503759
NODE_8304_length_7921_cov_4.641396	2604	2737	9	35	133	0.2631579
NODE_8304_length_7921_cov_4.641396	2604	2737	10	58	133	0.4360902
NODE_8304_length_7921_cov_4.641396	2604	2737	11	11	133	0.0827068
NODE_8304_length_7921_cov_4.641396	2604	2737	12	9	133	0.0676692
NODE_83053_length_2551_cov_6.771207	1539	1672	23	1	133	0.0075188
NODE_83053_length_2551_cov_6.771207	1539	1672	24	3	133	0.0225564
NODE_83053_length_2551_cov_6.771207	1539	1672	25	20	133	0.1503759
NODE_83053_length_2551_cov_6.771207	1539	1672	26	19	133	0.1428571
NODE_83053_length_2551_cov_6.771207	1539	1672	27	5	133	0.0375940
NODE_83053_length_2551_cov_6.771207	1539	1672	28	4	133	0.0300752
NODE_83053_length_2551_cov_6.771207	1539	1672	30	3	133	0.0225564
NODE_83053_length_2551_cov_6.771207	1539	1672	31	1	133	0.0075188
NODE_83053_length_2551_cov_6.771207	1539	1672	32	11	133	0.0827068
NODE_83053_length_2551_cov_6.771207	1539	1672	33	11	133	0.0827068
NODE_83053_length_2551_cov_6.771207	1539	1672	34	15	133	0.1127820
NODE_83053_length_2551_cov_6.771207	1539	1672	35	16	133	0.1203008
NODE_83053_length_2551_cov_6.771207	1539	1672	36	21	133	0.1578947
NODE_83053_length_2551_cov_6.771207	1539	1672	37	2	133	0.0150376
NODE_83053_length_2551_cov_6.771207	1539	1672	38	1	133	0.0075188
NODE_8318_length_7918_cov_4.033508	4106	4239	17	13	133	0.0977444
NODE_8318_length_7918_cov_4.033508	4106	4239	20	2	133	0.0150376
NODE_8318_length_7918_cov_4.033508	4106	4239	22	4	133	0.0300752
NODE_8318_length_7918_cov_4.033508	4106	4239	23	6	133	0.0451128
NODE_8318_length_7918_cov_4.033508	4106	4239	24	2	133	0.0150376
NODE_8318_length_7918_cov_4.033508	4106	4239	25	13	133	0.0977444
NODE_8318_length_7918_cov_4.033508	4106	4239	26	3	133	0.0225564
NODE_8318_length_7918_cov_4.033508	4106	4239	28	11	133	0.0827068
NODE_8318_length_7918_cov_4.033508	4106	4239	29	1	133	0.0075188
NODE_8318_length_7918_cov_4.033508	4106	4239	30	10	133	0.0751880
NODE_8318_length_7918_cov_4.033508	4106	4239	33	2	133	0.0150376
NODE_8318_length_7918_cov_4.033508	4106	4239	34	2	133	0.0150376
NODE_8318_length_7918_cov_4.033508	4106	4239	35	2	133	0.0150376
NODE_8318_length_7918_cov_4.033508	4106	4239	36	5	133	0.0375940
NODE_8318_length_7918_cov_4.033508	4106	4239	37	5	133	0.0375940
NODE_8318_length_7918_cov_4.033508	4106	4239	38	4	133	0.0300752
NODE_8318_length_7918_cov_4.033508	4106	4239	40	11	133	0.0827068
NODE_8318_length_7918_cov_4.033508	4106	4239	41	2	133	0.0150376
NODE_8318_length_7918_cov_4.033508	4106	4239	42	4	133	0.0300752
NODE_8318_length_7918_cov_4.033508	4106	4239	44	3	133	0.0225564
NODE_8318_length_7918_cov_4.033508	4106	4239	45	9	133	0.0676692
NODE_8318_length_7918_cov_4.033508	4106	4239	46	4	133	0.0300752
NODE_8318_length_7918_cov_4.033508	4106	4239	47	3	133	0.0225564
NODE_8318_length_7918_cov_4.033508	4106	4239	48	4	133	0.0300752
NODE_8318_length_7918_cov_4.033508	4106	4239	49	8	133	0.0601504
NODE_831_length_15558_cov_3.720292	4158	4291	6	3	133	0.0225564
NODE_831_length_15558_cov_3.720292	4158	4291	7	20	133	0.1503759
NODE_831_length_15558_cov_3.720292	4158	4291	8	21	133	0.1578947
NODE_831_length_15558_cov_3.720292	4158	4291	9	32	133	0.2406015
NODE_831_length_15558_cov_3.720292	4158	4291	10	34	133	0.2556391
NODE_831_length_15558_cov_3.720292	4158	4291	11	23	133	0.1729323
NODE_83298_length_2546_cov_3.832448	1709	1842	5	14	133	0.1052632
NODE_83298_length_2546_cov_3.832448	1709	1842	6	2	133	0.0150376
NODE_83298_length_2546_cov_3.832448	1709	1842	7	2	133	0.0150376
NODE_83298_length_2546_cov_3.832448	1709	1842	8	5	133	0.0375940
NODE_83298_length_2546_cov_3.832448	1709	1842	9	4	133	0.0300752
NODE_83298_length_2546_cov_3.832448	1709	1842	10	45	133	0.3383459
NODE_83298_length_2546_cov_3.832448	1709	1842	11	26	133	0.1954887
NODE_83298_length_2546_cov_3.832448	1709	1842	12	35	133	0.2631579
NODE_83319_length_2546_cov_2.885166	134	267	12	1	133	0.0075188
NODE_83319_length_2546_cov_2.885166	134	267	13	11	133	0.0827068
NODE_83319_length_2546_cov_2.885166	134	267	14	13	133	0.0977444
NODE_83319_length_2546_cov_2.885166	134	267	15	13	133	0.0977444
NODE_83319_length_2546_cov_2.885166	134	267	16	4	133	0.0300752
NODE_83319_length_2546_cov_2.885166	134	267	17	21	133	0.1578947
NODE_83319_length_2546_cov_2.885166	134	267	18	5	133	0.0375940
NODE_83319_length_2546_cov_2.885166	134	267	19	7	133	0.0526316
NODE_83319_length_2546_cov_2.885166	134	267	20	2	133	0.0150376
NODE_83319_length_2546_cov_2.885166	134	267	21	19	133	0.1428571
NODE_83319_length_2546_cov_2.885166	134	267	22	37	133	0.2781955
NODE_8342_length_7907_cov_4.704662	3935	4068	3	13	133	0.0977444
NODE_8342_length_7907_cov_4.704662	3935	4068	4	20	133	0.1503759
NODE_8342_length_7907_cov_4.704662	3935	4068	5	8	133	0.0601504
NODE_8342_length_7907_cov_4.704662	3935	4068	6	21	133	0.1578947
NODE_8342_length_7907_cov_4.704662	3935	4068	7	29	133	0.2180451
NODE_8342_length_7907_cov_4.704662	3935	4068	8	10	133	0.0751880
NODE_8342_length_7907_cov_4.704662	3935	4068	9	32	133	0.2406015
NODE_83430_length_2543_cov_4.676350	676	809	27	1	133	0.0075188
NODE_83430_length_2543_cov_4.676350	676	809	28	1	133	0.0075188
NODE_83430_length_2543_cov_4.676350	676	809	29	5	133	0.0375940
NODE_83430_length_2543_cov_4.676350	676	809	30	12	133	0.0902256
NODE_83430_length_2543_cov_4.676350	676	809	31	4	133	0.0300752
NODE_83430_length_2543_cov_4.676350	676	809	32	11	133	0.0827068
NODE_83430_length_2543_cov_4.676350	676	809	34	10	133	0.0751880
NODE_83430_length_2543_cov_4.676350	676	809	35	1	133	0.0075188
NODE_83430_length_2543_cov_4.676350	676	809	36	2	133	0.0150376
NODE_83430_length_2543_cov_4.676350	676	809	37	4	133	0.0300752
NODE_83430_length_2543_cov_4.676350	676	809	38	7	133	0.0526316
NODE_83430_length_2543_cov_4.676350	676	809	39	20	133	0.1503759
NODE_83430_length_2543_cov_4.676350	676	809	40	27	133	0.2030075
NODE_83430_length_2543_cov_4.676350	676	809	41	11	133	0.0827068
NODE_83430_length_2543_cov_4.676350	676	809	42	16	133	0.1203008
NODE_83430_length_2543_cov_4.676350	676	809	43	1	133	0.0075188
NODE_83443_length_2543_cov_4.098200	2003	2136	5	12	133	0.0902256
NODE_83443_length_2543_cov_4.098200	2003	2136	6	16	133	0.1203008
NODE_83443_length_2543_cov_4.098200	2003	2136	7	33	133	0.2481203
NODE_83443_length_2543_cov_4.098200	2003	2136	8	35	133	0.2631579
NODE_83443_length_2543_cov_4.098200	2003	2136	9	33	133	0.2481203
NODE_83443_length_2543_cov_4.098200	2003	2136	10	4	133	0.0300752
NODE_83455_length_2543_cov_3.500000	1823	1956	7	18	133	0.1353384
NODE_83455_length_2543_cov_3.500000	1823	1956	8	19	133	0.1428571
NODE_83455_length_2543_cov_3.500000	1823	1956	9	13	133	0.0977444
NODE_83455_length_2543_cov_3.500000	1823	1956	10	15	133	0.1127820
NODE_83455_length_2543_cov_3.500000	1823	1956	11	27	133	0.2030075
NODE_83455_length_2543_cov_3.500000	1823	1956	12	14	133	0.1052632
NODE_83455_length_2543_cov_3.500000	1823	1956	15	8	133	0.0601504
NODE_83455_length_2543_cov_3.500000	1823	1956	16	3	133	0.0225564
NODE_83455_length_2543_cov_3.500000	1823	1956	17	16	133	0.1203008
NODE_8346_length_7905_cov_5.041763	802	935	10	13	133	0.0977444
NODE_8346_length_7905_cov_5.041763	802	935	11	20	133	0.1503759
NODE_8346_length_7905_cov_5.041763	802	935	12	3	133	0.0225564
NODE_8346_length_7905_cov_5.041763	802	935	13	19	133	0.1428571
NODE_8346_length_7905_cov_5.041763	802	935	14	12	133	0.0902256
NODE_8346_length_7905_cov_5.041763	802	935	15	3	133	0.0225564
NODE_8346_length_7905_cov_5.041763	802	935	16	26	133	0.1954887
NODE_8346_length_7905_cov_5.041763	802	935	17	24	133	0.1804511
NODE_8346_length_7905_cov_5.041763	802	935	18	13	133	0.0977444
NODE_83498_length_2542_cov_3.938191	1186	1319	3	13	133	0.0977444
NODE_83498_length_2542_cov_3.938191	1186	1319	4	4	133	0.0300752
NODE_83498_length_2542_cov_3.938191	1186	1319	6	13	133	0.0977444
NODE_83498_length_2542_cov_3.938191	1186	1319	10	3	133	0.0225564
NODE_83498_length_2542_cov_3.938191	1186	1319	11	1	133	0.0075188
NODE_83498_length_2542_cov_3.938191	1186	1319	12	3	133	0.0225564
NODE_83498_length_2542_cov_3.938191	1186	1319	13	11	133	0.0827068
NODE_83498_length_2542_cov_3.938191	1186	1319	14	8	133	0.0601504
NODE_83498_length_2542_cov_3.938191	1186	1319	15	6	133	0.0451128
NODE_83498_length_2542_cov_3.938191	1186	1319	16	27	133	0.2030075
NODE_83498_length_2542_cov_3.938191	1186	1319	17	44	133	0.3308271
NODE_83499_length_2542_cov_3.878837	361	494	1	26	133	0.1954887
NODE_83499_length_2542_cov_3.878837	361	494	2	26	133	0.1954887
NODE_83499_length_2542_cov_3.878837	361	494	4	51	133	0.3834586
NODE_83499_length_2542_cov_3.878837	361	494	5	11	133	0.0827068
NODE_83499_length_2542_cov_3.878837	361	494	6	19	133	0.1428571
NODE_834_length_15552_cov_6.901055	8427	8560	10	1	133	0.0075188
NODE_834_length_15552_cov_6.901055	8427	8560	11	32	133	0.2406015
NODE_834_length_15552_cov_6.901055	8427	8560	12	34	133	0.2556391
NODE_834_length_15552_cov_6.901055	8427	8560	13	22	133	0.1654135
NODE_834_length_15552_cov_6.901055	8427	8560	14	13	133	0.0977444
NODE_834_length_15552_cov_6.901055	8427	8560	15	12	133	0.0902256
NODE_834_length_15552_cov_6.901055	8427	8560	16	19	133	0.1428571
NODE_83584_length_2540_cov_4.712413	2383	2516	1	12	133	0.0902256
NODE_83584_length_2540_cov_4.712413	2383	2516	2	41	133	0.3082707
NODE_83584_length_2540_cov_4.712413	2383	2516	3	1	133	0.0075188
NODE_83584_length_2540_cov_4.712413	2383	2516	4	45	133	0.3383459
NODE_83584_length_2540_cov_4.712413	2383	2516	5	34	133	0.2556391
NODE_835_length_15552_cov_5.305766	3122	3255	21	6	133	0.0451128
NODE_835_length_15552_cov_5.305766	3122	3255	22	10	133	0.0751880
NODE_835_length_15552_cov_5.305766	3122	3255	23	4	133	0.0300752
NODE_835_length_15552_cov_5.305766	3122	3255	24	18	133	0.1353384
NODE_835_length_15552_cov_5.305766	3122	3255	27	3	133	0.0225564
NODE_835_length_15552_cov_5.305766	3122	3255	28	18	133	0.1353384
NODE_835_length_15552_cov_5.305766	3122	3255	30	6	133	0.0451128
NODE_835_length_15552_cov_5.305766	3122	3255	31	14	133	0.1052632
NODE_835_length_15552_cov_5.305766	3122	3255	32	3	133	0.0225564
NODE_835_length_15552_cov_5.305766	3122	3255	33	11	133	0.0827068
NODE_835_length_15552_cov_5.305766	3122	3255	34	17	133	0.1278196
NODE_835_length_15552_cov_5.305766	3122	3255	35	8	133	0.0601504
NODE_835_length_15552_cov_5.305766	3122	3255	36	15	133	0.1127820
NODE_83630_length_2539_cov_4.753279	1612	1745	7	14	133	0.1052632
NODE_83630_length_2539_cov_4.753279	1612	1745	9	15	133	0.1127820
NODE_83630_length_2539_cov_4.753279	1612	1745	10	8	133	0.0601504
NODE_83630_length_2539_cov_4.753279	1612	1745	11	13	133	0.0977444
NODE_83630_length_2539_cov_4.753279	1612	1745	12	18	133	0.1353384
NODE_83630_length_2539_cov_4.753279	1612	1745	13	62	133	0.4661654
NODE_83630_length_2539_cov_4.753279	1612	1745	14	3	133	0.0225564
NODE_8363_length_7901_cov_4.872340	4735	4868	1	26	133	0.1954887
NODE_8363_length_7901_cov_4.872340	4735	4868	2	8	133	0.0601504
NODE_8363_length_7901_cov_4.872340	4735	4868	3	12	133	0.0902256
NODE_8363_length_7901_cov_4.872340	4735	4868	5	67	133	0.5037594
NODE_8363_length_7901_cov_4.872340	4735	4868	7	15	133	0.1127820
NODE_8363_length_7901_cov_4.872340	4735	4868	8	5	133	0.0375940
NODE_83690_length_2538_cov_4.031570	673	806	6	5	133	0.0375940
NODE_83690_length_2538_cov_4.031570	673	806	7	1	133	0.0075188
NODE_83690_length_2538_cov_4.031570	673	806	9	5	133	0.0375940
NODE_83690_length_2538_cov_4.031570	673	806	10	4	133	0.0300752
NODE_83690_length_2538_cov_4.031570	673	806	11	7	133	0.0526316
NODE_83690_length_2538_cov_4.031570	673	806	12	8	133	0.0601504
NODE_83690_length_2538_cov_4.031570	673	806	13	1	133	0.0075188
NODE_83690_length_2538_cov_4.031570	673	806	14	38	133	0.2857143
NODE_83690_length_2538_cov_4.031570	673	806	15	42	133	0.3157895
NODE_83690_length_2538_cov_4.031570	673	806	16	18	133	0.1353384
NODE_83690_length_2538_cov_4.031570	673	806	17	4	133	0.0300752
NODE_836_length_15549_cov_20.783236	7256	7389	17	4	133	0.0300752
NODE_836_length_15549_cov_20.783236	7256	7389	18	10	133	0.0751880
NODE_836_length_15549_cov_20.783236	7256	7389	19	51	133	0.3834586
NODE_836_length_15549_cov_20.783236	7256	7389	20	40	133	0.3007519
NODE_836_length_15549_cov_20.783236	7256	7389	21	22	133	0.1654135
NODE_836_length_15549_cov_20.783236	7256	7389	22	6	133	0.0451128
NODE_8374_length_7898_cov_4.781895	4600	4733	11	1	133	0.0075188
NODE_8374_length_7898_cov_4.781895	4600	4733	13	6	133	0.0451128
NODE_8374_length_7898_cov_4.781895	4600	4733	15	14	133	0.1052632
NODE_8374_length_7898_cov_4.781895	4600	4733	17	2	133	0.0150376
NODE_8374_length_7898_cov_4.781895	4600	4733	18	2	133	0.0150376
NODE_8374_length_7898_cov_4.781895	4600	4733	20	16	133	0.1203008
NODE_8374_length_7898_cov_4.781895	4600	4733	21	13	133	0.0977444
NODE_8374_length_7898_cov_4.781895	4600	4733	22	6	133	0.0451128
NODE_8374_length_7898_cov_4.781895	4600	4733	23	12	133	0.0902256
NODE_8374_length_7898_cov_4.781895	4600	4733	24	13	133	0.0977444
NODE_8374_length_7898_cov_4.781895	4600	4733	25	26	133	0.1954887
NODE_8374_length_7898_cov_4.781895	4600	4733	26	17	133	0.1278196
NODE_8374_length_7898_cov_4.781895	4600	4733	27	5	133	0.0375940
NODE_83763_length_2536_cov_5.031186	1931	2064	10	3	133	0.0225564
NODE_83763_length_2536_cov_5.031186	1931	2064	11	19	133	0.1428571
NODE_83763_length_2536_cov_5.031186	1931	2064	12	11	133	0.0827068
NODE_83763_length_2536_cov_5.031186	1931	2064	13	17	133	0.1278196
NODE_83763_length_2536_cov_5.031186	1931	2064	14	28	133	0.2105263
NODE_83763_length_2536_cov_5.031186	1931	2064	16	8	133	0.0601504
NODE_83763_length_2536_cov_5.031186	1931	2064	17	37	133	0.2781955
NODE_83763_length_2536_cov_5.031186	1931	2064	18	10	133	0.0751880
NODE_83766_length_2536_cov_4.676241	1603	1736	1	14	133	0.1052632
NODE_83766_length_2536_cov_4.676241	1603	1736	3	29	133	0.2180451
NODE_83766_length_2536_cov_4.676241	1603	1736	4	2	133	0.0150376
NODE_83766_length_2536_cov_4.676241	1603	1736	5	88	133	0.6616541
NODE_83772_length_2536_cov_4.340583	1057	1190	12	6	133	0.0451128
NODE_83772_length_2536_cov_4.340583	1057	1190	13	24	133	0.1804511
NODE_83772_length_2536_cov_4.340583	1057	1190	14	32	133	0.2406015
NODE_83772_length_2536_cov_4.340583	1057	1190	15	29	133	0.2180451
NODE_83772_length_2536_cov_4.340583	1057	1190	16	31	133	0.2330827
NODE_83772_length_2536_cov_4.340583	1057	1190	17	5	133	0.0375940
NODE_83772_length_2536_cov_4.340583	1057	1190	18	6	133	0.0451128
NODE_83799_length_2536_cov_2.997128	245	378	4	19	133	0.1428571
NODE_83799_length_2536_cov_2.997128	245	378	6	15	133	0.1127820
NODE_83799_length_2536_cov_2.997128	245	378	7	6	133	0.0451128
NODE_83799_length_2536_cov_2.997128	245	378	8	7	133	0.0526316
NODE_83799_length_2536_cov_2.997128	245	378	9	25	133	0.1879699
NODE_83799_length_2536_cov_2.997128	245	378	11	61	133	0.4586466
NODE_83804_length_2535_cov_405.358374	1279	1412	13	1	133	0.0075188
NODE_83804_length_2535_cov_405.358374	1279	1412	14	42	133	0.3157895
NODE_83804_length_2535_cov_405.358374	1279	1412	15	28	133	0.2105263
NODE_83804_length_2535_cov_405.358374	1279	1412	16	8	133	0.0601504
NODE_83804_length_2535_cov_405.358374	1279	1412	17	3	133	0.0225564
NODE_83804_length_2535_cov_405.358374	1279	1412	19	7	133	0.0526316
NODE_83804_length_2535_cov_405.358374	1279	1412	20	17	133	0.1278196
NODE_83804_length_2535_cov_405.358374	1279	1412	21	18	133	0.1353384
NODE_83804_length_2535_cov_405.358374	1279	1412	22	9	133	0.0676692
NODE_83865_length_2534_cov_4.455441	275	408	12	2	133	0.0150376
NODE_83865_length_2534_cov_4.455441	275	408	13	17	133	0.1278196
NODE_83865_length_2534_cov_4.455441	275	408	14	22	133	0.1654135
NODE_83865_length_2534_cov_4.455441	275	408	15	20	133	0.1503759
NODE_83865_length_2534_cov_4.455441	275	408	16	1	133	0.0075188
NODE_83865_length_2534_cov_4.455441	275	408	17	13	133	0.0977444
NODE_83865_length_2534_cov_4.455441	275	408	19	4	133	0.0300752
NODE_83865_length_2534_cov_4.455441	275	408	21	24	133	0.1804511
NODE_83865_length_2534_cov_4.455441	275	408	22	2	133	0.0150376
NODE_83865_length_2534_cov_4.455441	275	408	23	25	133	0.1879699
NODE_83865_length_2534_cov_4.455441	275	408	24	3	133	0.0225564
NODE_83883_length_2534_cov_3.748255	2000	2133	9	1	133	0.0075188
NODE_83883_length_2534_cov_3.748255	2000	2133	12	6	133	0.0451128
NODE_83883_length_2534_cov_3.748255	2000	2133	13	16	133	0.1203008
NODE_83883_length_2534_cov_3.748255	2000	2133	14	7	133	0.0526316
NODE_83883_length_2534_cov_3.748255	2000	2133	15	11	133	0.0827068
NODE_83883_length_2534_cov_3.748255	2000	2133	16	16	133	0.1203008
NODE_83883_length_2534_cov_3.748255	2000	2133	17	28	133	0.2105263
NODE_83883_length_2534_cov_3.748255	2000	2133	18	14	133	0.1052632
NODE_83883_length_2534_cov_3.748255	2000	2133	19	34	133	0.2556391
NODE_83898_length_2534_cov_3.451335	2399	2532	0	55	133	0.4135338
NODE_83898_length_2534_cov_3.451335	2399	2532	1	78	133	0.5864662
NODE_83937_length_2533_cov_3.836483	574	707	2	4	133	0.0300752
NODE_83937_length_2533_cov_3.836483	574	707	3	23	133	0.1729323
NODE_83937_length_2533_cov_3.836483	574	707	5	54	133	0.4060150
NODE_83937_length_2533_cov_3.836483	574	707	6	23	133	0.1729323
NODE_83937_length_2533_cov_3.836483	574	707	7	29	133	0.2180451
NODE_83945_length_2533_cov_3.585045	633	766	5	4	133	0.0300752
NODE_83945_length_2533_cov_3.585045	633	766	6	33	133	0.2481203
NODE_83945_length_2533_cov_3.585045	633	766	7	34	133	0.2556391
NODE_83945_length_2533_cov_3.585045	633	766	8	28	133	0.2105263
NODE_83945_length_2533_cov_3.585045	633	766	9	33	133	0.2481203
NODE_83945_length_2533_cov_3.585045	633	766	10	1	133	0.0075188
NODE_83967_length_2532_cov_5.275380	2318	2451	9	3	133	0.0225564
NODE_83967_length_2532_cov_5.275380	2318	2451	10	9	133	0.0676692
NODE_83967_length_2532_cov_5.275380	2318	2451	11	18	133	0.1353384
NODE_83967_length_2532_cov_5.275380	2318	2451	12	29	133	0.2180451
NODE_83967_length_2532_cov_5.275380	2318	2451	13	10	133	0.0751880
NODE_83967_length_2532_cov_5.275380	2318	2451	14	36	133	0.2706767
NODE_83967_length_2532_cov_5.275380	2318	2451	15	16	133	0.1203008
NODE_83967_length_2532_cov_5.275380	2318	2451	16	10	133	0.0751880
NODE_83967_length_2532_cov_5.275380	2318	2451	17	2	133	0.0150376
NODE_84021_length_2531_cov_9.199013	1681	1814	6	27	133	0.2030075
NODE_84021_length_2531_cov_9.199013	1681	1814	8	14	133	0.1052632
NODE_84021_length_2531_cov_9.199013	1681	1814	9	8	133	0.0601504
NODE_84021_length_2531_cov_9.199013	1681	1814	10	7	133	0.0526316
NODE_84021_length_2531_cov_9.199013	1681	1814	11	42	133	0.3157895
NODE_84021_length_2531_cov_9.199013	1681	1814	12	35	133	0.2631579
NODE_84172_length_2529_cov_3.160082	1923	2056	3	7	133	0.0526316
NODE_84172_length_2529_cov_3.160082	1923	2056	4	35	133	0.2631579
NODE_84172_length_2529_cov_3.160082	1923	2056	5	37	133	0.2781955
NODE_84172_length_2529_cov_3.160082	1923	2056	6	37	133	0.2781955
NODE_84172_length_2529_cov_3.160082	1923	2056	7	15	133	0.1127820
NODE_84172_length_2529_cov_3.160082	1923	2056	8	2	133	0.0150376
NODE_84250_length_2527_cov_3.987644	1247	1380	5	2	133	0.0150376
NODE_84250_length_2527_cov_3.987644	1247	1380	6	13	133	0.0977444
NODE_84250_length_2527_cov_3.987644	1247	1380	8	8	133	0.0601504
NODE_84250_length_2527_cov_3.987644	1247	1380	10	8	133	0.0601504
NODE_84250_length_2527_cov_3.987644	1247	1380	11	38	133	0.2857143
NODE_84250_length_2527_cov_3.987644	1247	1380	13	16	133	0.1203008
NODE_84250_length_2527_cov_3.987644	1247	1380	14	13	133	0.0977444
NODE_84250_length_2527_cov_3.987644	1247	1380	15	16	133	0.1203008
NODE_84250_length_2527_cov_3.987644	1247	1380	16	19	133	0.1428571
NODE_84296_length_2526_cov_3.515039	1021	1154	8	7	133	0.0526316
NODE_84296_length_2526_cov_3.515039	1021	1154	10	34	133	0.2556391
NODE_84296_length_2526_cov_3.515039	1021	1154	11	18	133	0.1353384
NODE_84296_length_2526_cov_3.515039	1021	1154	12	20	133	0.1503759
NODE_84296_length_2526_cov_3.515039	1021	1154	13	9	133	0.0676692
NODE_84296_length_2526_cov_3.515039	1021	1154	14	2	133	0.0150376
NODE_84296_length_2526_cov_3.515039	1021	1154	15	6	133	0.0451128
NODE_84296_length_2526_cov_3.515039	1021	1154	16	21	133	0.1578947
NODE_84296_length_2526_cov_3.515039	1021	1154	17	16	133	0.1203008
NODE_84370_length_2524_cov_4.646186	1402	1535	3	19	133	0.1428571
NODE_84370_length_2524_cov_4.646186	1402	1535	4	12	133	0.0902256
NODE_84370_length_2524_cov_4.646186	1402	1535	5	36	133	0.2706767
NODE_84370_length_2524_cov_4.646186	1402	1535	6	11	133	0.0827068
NODE_84370_length_2524_cov_4.646186	1402	1535	7	3	133	0.0225564
NODE_84370_length_2524_cov_4.646186	1402	1535	8	3	133	0.0225564
NODE_84370_length_2524_cov_4.646186	1402	1535	9	23	133	0.1729323
NODE_84370_length_2524_cov_4.646186	1402	1535	10	22	133	0.1654135
NODE_84370_length_2524_cov_4.646186	1402	1535	11	4	133	0.0300752
NODE_84418_length_2523_cov_4.416667	1110	1243	16	8	133	0.0601504
NODE_84418_length_2523_cov_4.416667	1110	1243	17	12	133	0.0902256
NODE_84418_length_2523_cov_4.416667	1110	1243	18	6	133	0.0451128
NODE_84418_length_2523_cov_4.416667	1110	1243	19	2	133	0.0150376
NODE_84418_length_2523_cov_4.416667	1110	1243	20	4	133	0.0300752
NODE_84418_length_2523_cov_4.416667	1110	1243	21	24	133	0.1804511
NODE_84418_length_2523_cov_4.416667	1110	1243	22	15	133	0.1127820
NODE_84418_length_2523_cov_4.416667	1110	1243	23	13	133	0.0977444
NODE_84418_length_2523_cov_4.416667	1110	1243	24	5	133	0.0375940
NODE_84418_length_2523_cov_4.416667	1110	1243	25	18	133	0.1353384
NODE_84418_length_2523_cov_4.416667	1110	1243	26	20	133	0.1503759
NODE_84418_length_2523_cov_4.416667	1110	1243	27	6	133	0.0451128
NODE_84480_length_2522_cov_4.330995	459	592	4	64	133	0.4812030
NODE_84480_length_2522_cov_4.330995	459	592	5	30	133	0.2255639
NODE_84480_length_2522_cov_4.330995	459	592	6	39	133	0.2932331
NODE_8448_length_7868_cov_3.948513	4300	4433	1	2	133	0.0150376
NODE_8448_length_7868_cov_3.948513	4300	4433	2	13	133	0.0977444
NODE_8448_length_7868_cov_3.948513	4300	4433	3	12	133	0.0902256
NODE_8448_length_7868_cov_3.948513	4300	4433	5	6	133	0.0451128
NODE_8448_length_7868_cov_3.948513	4300	4433	6	7	133	0.0526316
NODE_8448_length_7868_cov_3.948513	4300	4433	8	13	133	0.0977444
NODE_8448_length_7868_cov_3.948513	4300	4433	9	19	133	0.1428571
NODE_8448_length_7868_cov_3.948513	4300	4433	10	7	133	0.0526316
NODE_8448_length_7868_cov_3.948513	4300	4433	11	15	133	0.1127820
NODE_8448_length_7868_cov_3.948513	4300	4433	12	20	133	0.1503759
NODE_8448_length_7868_cov_3.948513	4300	4433	14	19	133	0.1428571
NODE_84598_length_2520_cov_3.669558	605	738	3	15	133	0.1127820
NODE_84598_length_2520_cov_3.669558	605	738	5	100	133	0.7518797
NODE_84598_length_2520_cov_3.669558	605	738	6	16	133	0.1203008
NODE_84598_length_2520_cov_3.669558	605	738	7	2	133	0.0150376
NODE_8462_length_7860_cov_4.486020	5879	6012	6	6	133	0.0451128
NODE_8462_length_7860_cov_4.486020	5879	6012	7	1	133	0.0075188
NODE_8462_length_7860_cov_4.486020	5879	6012	8	4	133	0.0300752
NODE_8462_length_7860_cov_4.486020	5879	6012	9	3	133	0.0225564
NODE_8462_length_7860_cov_4.486020	5879	6012	10	16	133	0.1203008
NODE_8462_length_7860_cov_4.486020	5879	6012	12	8	133	0.0601504
NODE_8462_length_7860_cov_4.486020	5879	6012	13	14	133	0.1052632
NODE_8462_length_7860_cov_4.486020	5879	6012	14	2	133	0.0150376
NODE_8462_length_7860_cov_4.486020	5879	6012	15	2	133	0.0150376
NODE_8462_length_7860_cov_4.486020	5879	6012	16	1	133	0.0075188
NODE_8462_length_7860_cov_4.486020	5879	6012	17	18	133	0.1353384
NODE_8462_length_7860_cov_4.486020	5879	6012	18	58	133	0.4360902
NODE_84668_length_2518_cov_4.871021	1057	1190	0	133	133	1.0000000
NODE_84702_length_2518_cov_3.242249	1808	1941	0	35	133	0.2631579
NODE_84702_length_2518_cov_3.242249	1808	1941	2	10	133	0.0751880
NODE_84702_length_2518_cov_3.242249	1808	1941	4	22	133	0.1654135
NODE_84702_length_2518_cov_3.242249	1808	1941	5	21	133	0.1578947
NODE_84702_length_2518_cov_3.242249	1808	1941	6	21	133	0.1578947
NODE_84702_length_2518_cov_3.242249	1808	1941	7	24	133	0.1804511
NODE_8470_length_7857_cov_4.270817	7487	7620	5	1	133	0.0075188
NODE_8470_length_7857_cov_4.270817	7487	7620	6	7	133	0.0526316
NODE_8470_length_7857_cov_4.270817	7487	7620	7	4	133	0.0300752
NODE_8470_length_7857_cov_4.270817	7487	7620	8	6	133	0.0451128
NODE_8470_length_7857_cov_4.270817	7487	7620	9	6	133	0.0451128
NODE_8470_length_7857_cov_4.270817	7487	7620	10	3	133	0.0225564
NODE_8470_length_7857_cov_4.270817	7487	7620	12	3	133	0.0225564
NODE_8470_length_7857_cov_4.270817	7487	7620	13	1	133	0.0075188
NODE_8470_length_7857_cov_4.270817	7487	7620	15	3	133	0.0225564
NODE_8470_length_7857_cov_4.270817	7487	7620	17	20	133	0.1503759
NODE_8470_length_7857_cov_4.270817	7487	7620	19	32	133	0.2406015
NODE_8470_length_7857_cov_4.270817	7487	7620	20	45	133	0.3383459
NODE_8470_length_7857_cov_4.270817	7487	7620	21	2	133	0.0150376
NODE_84730_length_2517_cov_4.596361	668	801	9	16	133	0.1203008
NODE_84730_length_2517_cov_4.596361	668	801	10	3	133	0.0225564
NODE_84730_length_2517_cov_4.596361	668	801	11	5	133	0.0375940
NODE_84730_length_2517_cov_4.596361	668	801	12	5	133	0.0375940
NODE_84730_length_2517_cov_4.596361	668	801	13	1	133	0.0075188
NODE_84730_length_2517_cov_4.596361	668	801	14	48	133	0.3609022
NODE_84730_length_2517_cov_4.596361	668	801	15	37	133	0.2781955
NODE_84730_length_2517_cov_4.596361	668	801	16	18	133	0.1353384
NODE_84771_length_2516_cov_6.172942	1519	1652	0	45	133	0.3383459
NODE_84771_length_2516_cov_6.172942	1519	1652	2	88	133	0.6616541
NODE_847_length_15509_cov_3.865737	7215	7348	21	3	133	0.0225564
NODE_847_length_15509_cov_3.865737	7215	7348	22	2	133	0.0150376
NODE_847_length_15509_cov_3.865737	7215	7348	23	5	133	0.0375940
NODE_847_length_15509_cov_3.865737	7215	7348	24	6	133	0.0451128
NODE_847_length_15509_cov_3.865737	7215	7348	25	2	133	0.0150376
NODE_847_length_15509_cov_3.865737	7215	7348	26	9	133	0.0676692
NODE_847_length_15509_cov_3.865737	7215	7348	27	2	133	0.0150376
NODE_847_length_15509_cov_3.865737	7215	7348	28	1	133	0.0075188
NODE_847_length_15509_cov_3.865737	7215	7348	29	4	133	0.0300752
NODE_847_length_15509_cov_3.865737	7215	7348	31	4	133	0.0300752
NODE_847_length_15509_cov_3.865737	7215	7348	33	5	133	0.0375940
NODE_847_length_15509_cov_3.865737	7215	7348	34	8	133	0.0601504
NODE_847_length_15509_cov_3.865737	7215	7348	35	5	133	0.0375940
NODE_847_length_15509_cov_3.865737	7215	7348	36	8	133	0.0601504
NODE_847_length_15509_cov_3.865737	7215	7348	37	1	133	0.0075188
NODE_847_length_15509_cov_3.865737	7215	7348	38	18	133	0.1353384
NODE_847_length_15509_cov_3.865737	7215	7348	39	28	133	0.2105263
NODE_847_length_15509_cov_3.865737	7215	7348	40	4	133	0.0300752
NODE_847_length_15509_cov_3.865737	7215	7348	41	18	133	0.1353384
NODE_84834_length_2515_cov_4.106788	1413	1546	6	12	133	0.0902256
NODE_84834_length_2515_cov_4.106788	1413	1546	8	5	133	0.0375940
NODE_84834_length_2515_cov_4.106788	1413	1546	9	5	133	0.0375940
NODE_84834_length_2515_cov_4.106788	1413	1546	10	23	133	0.1729323
NODE_84834_length_2515_cov_4.106788	1413	1546	11	35	133	0.2631579
NODE_84834_length_2515_cov_4.106788	1413	1546	12	31	133	0.2330827
NODE_84834_length_2515_cov_4.106788	1413	1546	13	20	133	0.1503759
NODE_84834_length_2515_cov_4.106788	1413	1546	14	2	133	0.0150376
NODE_8487_length_7850_cov_4.387563	424	557	5	16	133	0.1203008
NODE_8487_length_7850_cov_4.387563	424	557	6	3	133	0.0225564
NODE_8487_length_7850_cov_4.387563	424	557	7	11	133	0.0827068
NODE_8487_length_7850_cov_4.387563	424	557	8	2	133	0.0150376
NODE_8487_length_7850_cov_4.387563	424	557	9	4	133	0.0300752
NODE_8487_length_7850_cov_4.387563	424	557	11	26	133	0.1954887
NODE_8487_length_7850_cov_4.387563	424	557	12	8	133	0.0601504
NODE_8487_length_7850_cov_4.387563	424	557	13	15	133	0.1127820
NODE_8487_length_7850_cov_4.387563	424	557	14	7	133	0.0526316
NODE_8487_length_7850_cov_4.387563	424	557	15	39	133	0.2932331
NODE_8487_length_7850_cov_4.387563	424	557	16	2	133	0.0150376
NODE_84933_length_2513_cov_3.819801	1038	1171	7	4	133	0.0300752
NODE_84933_length_2513_cov_3.819801	1038	1171	8	15	133	0.1127820
NODE_84933_length_2513_cov_3.819801	1038	1171	9	14	133	0.1052632
NODE_84933_length_2513_cov_3.819801	1038	1171	11	8	133	0.0601504
NODE_84933_length_2513_cov_3.819801	1038	1171	12	9	133	0.0676692
NODE_84933_length_2513_cov_3.819801	1038	1171	13	19	133	0.1428571
NODE_84933_length_2513_cov_3.819801	1038	1171	14	35	133	0.2631579
NODE_84933_length_2513_cov_3.819801	1038	1171	16	1	133	0.0075188
NODE_84933_length_2513_cov_3.819801	1038	1171	18	22	133	0.1654135
NODE_84933_length_2513_cov_3.819801	1038	1171	19	2	133	0.0150376
NODE_84933_length_2513_cov_3.819801	1038	1171	20	4	133	0.0300752
NODE_8499_length_7845_cov_4.100826	6321	6454	32	6	133	0.0451128
NODE_8499_length_7845_cov_4.100826	6321	6454	33	1	133	0.0075188
NODE_8499_length_7845_cov_4.100826	6321	6454	34	6	133	0.0451128
NODE_8499_length_7845_cov_4.100826	6321	6454	35	16	133	0.1203008
NODE_8499_length_7845_cov_4.100826	6321	6454	36	8	133	0.0601504
NODE_8499_length_7845_cov_4.100826	6321	6454	37	1	133	0.0075188
NODE_8499_length_7845_cov_4.100826	6321	6454	38	11	133	0.0827068
NODE_8499_length_7845_cov_4.100826	6321	6454	39	18	133	0.1353384
NODE_8499_length_7845_cov_4.100826	6321	6454	40	16	133	0.1203008
NODE_8499_length_7845_cov_4.100826	6321	6454	41	3	133	0.0225564
NODE_8499_length_7845_cov_4.100826	6321	6454	42	1	133	0.0075188
NODE_8499_length_7845_cov_4.100826	6321	6454	43	5	133	0.0375940
NODE_8499_length_7845_cov_4.100826	6321	6454	44	20	133	0.1503759
NODE_8499_length_7845_cov_4.100826	6321	6454	45	12	133	0.0902256
NODE_8499_length_7845_cov_4.100826	6321	6454	46	9	133	0.0676692
NODE_849_length_15499_cov_4.929221	13465	13598	13	10	133	0.0751880
NODE_849_length_15499_cov_4.929221	13465	13598	15	10	133	0.0751880
NODE_849_length_15499_cov_4.929221	13465	13598	16	32	133	0.2406015
NODE_849_length_15499_cov_4.929221	13465	13598	19	1	133	0.0075188
NODE_849_length_15499_cov_4.929221	13465	13598	21	2	133	0.0150376
NODE_849_length_15499_cov_4.929221	13465	13598	22	17	133	0.1278196
NODE_849_length_15499_cov_4.929221	13465	13598	23	41	133	0.3082707
NODE_849_length_15499_cov_4.929221	13465	13598	24	12	133	0.0902256
NODE_849_length_15499_cov_4.929221	13465	13598	25	8	133	0.0601504
NODE_85128_length_2509_cov_3.880498	471	604	15	2	133	0.0150376
NODE_85128_length_2509_cov_3.880498	471	604	16	13	133	0.0977444
NODE_85128_length_2509_cov_3.880498	471	604	17	2	133	0.0150376
NODE_85128_length_2509_cov_3.880498	471	604	18	26	133	0.1954887
NODE_85128_length_2509_cov_3.880498	471	604	19	28	133	0.2105263
NODE_85128_length_2509_cov_3.880498	471	604	21	3	133	0.0225564
NODE_85128_length_2509_cov_3.880498	471	604	22	13	133	0.0977444
NODE_85128_length_2509_cov_3.880498	471	604	23	7	133	0.0526316
NODE_85128_length_2509_cov_3.880498	471	604	24	6	133	0.0451128
NODE_85128_length_2509_cov_3.880498	471	604	25	15	133	0.1127820
NODE_85128_length_2509_cov_3.880498	471	604	26	13	133	0.0977444
NODE_85128_length_2509_cov_3.880498	471	604	27	5	133	0.0375940
NODE_8514_length_7839_cov_5.004522	2003	2136	22	1	133	0.0075188
NODE_8514_length_7839_cov_5.004522	2003	2136	23	1	133	0.0075188
NODE_8514_length_7839_cov_5.004522	2003	2136	24	2	133	0.0150376
NODE_8514_length_7839_cov_5.004522	2003	2136	25	10	133	0.0751880
NODE_8514_length_7839_cov_5.004522	2003	2136	26	7	133	0.0526316
NODE_8514_length_7839_cov_5.004522	2003	2136	27	5	133	0.0375940
NODE_8514_length_7839_cov_5.004522	2003	2136	28	10	133	0.0751880
NODE_8514_length_7839_cov_5.004522	2003	2136	29	16	133	0.1203008
NODE_8514_length_7839_cov_5.004522	2003	2136	30	35	133	0.2631579
NODE_8514_length_7839_cov_5.004522	2003	2136	31	16	133	0.1203008
NODE_8514_length_7839_cov_5.004522	2003	2136	32	22	133	0.1654135
NODE_8514_length_7839_cov_5.004522	2003	2136	33	8	133	0.0601504
NODE_85166_length_2508_cov_4.026982	537	670	3	23	133	0.1729323
NODE_85166_length_2508_cov_4.026982	537	670	4	28	133	0.2105263
NODE_85166_length_2508_cov_4.026982	537	670	5	27	133	0.2030075
NODE_85166_length_2508_cov_4.026982	537	670	6	30	133	0.2255639
NODE_85166_length_2508_cov_4.026982	537	670	7	25	133	0.1879699
NODE_8522_length_7836_cov_4.656327	2025	2158	2	1	133	0.0075188
NODE_8522_length_7836_cov_4.656327	2025	2158	3	30	133	0.2255639
NODE_8522_length_7836_cov_4.656327	2025	2158	4	22	133	0.1654135
NODE_8522_length_7836_cov_4.656327	2025	2158	5	15	133	0.1127820
NODE_8522_length_7836_cov_4.656327	2025	2158	6	65	133	0.4887218
NODE_85282_length_2506_cov_3.848359	483	616	2	1	133	0.0075188
NODE_85282_length_2506_cov_3.848359	483	616	3	11	133	0.0827068
NODE_85282_length_2506_cov_3.848359	483	616	5	7	133	0.0526316
NODE_85282_length_2506_cov_3.848359	483	616	6	15	133	0.1127820
NODE_85282_length_2506_cov_3.848359	483	616	7	2	133	0.0150376
NODE_85282_length_2506_cov_3.848359	483	616	8	16	133	0.1203008
NODE_85282_length_2506_cov_3.848359	483	616	9	7	133	0.0526316
NODE_85282_length_2506_cov_3.848359	483	616	10	2	133	0.0150376
NODE_85282_length_2506_cov_3.848359	483	616	11	10	133	0.0751880
NODE_85282_length_2506_cov_3.848359	483	616	12	17	133	0.1278196
NODE_85282_length_2506_cov_3.848359	483	616	13	38	133	0.2857143
NODE_85282_length_2506_cov_3.848359	483	616	14	7	133	0.0526316
NODE_852_length_15497_cov_4.792116	3000	3133	5	10	133	0.0751880
NODE_852_length_15497_cov_4.792116	3000	3133	7	5	133	0.0375940
NODE_852_length_15497_cov_4.792116	3000	3133	8	35	133	0.2631579
NODE_852_length_15497_cov_4.792116	3000	3133	9	4	133	0.0300752
NODE_852_length_15497_cov_4.792116	3000	3133	10	3	133	0.0225564
NODE_852_length_15497_cov_4.792116	3000	3133	11	11	133	0.0827068
NODE_852_length_15497_cov_4.792116	3000	3133	12	1	133	0.0075188
NODE_852_length_15497_cov_4.792116	3000	3133	13	5	133	0.0375940
NODE_852_length_15497_cov_4.792116	3000	3133	14	24	133	0.1804511
NODE_852_length_15497_cov_4.792116	3000	3133	15	6	133	0.0451128
NODE_852_length_15497_cov_4.792116	3000	3133	16	6	133	0.0451128
NODE_852_length_15497_cov_4.792116	3000	3133	17	18	133	0.1353384
NODE_852_length_15497_cov_4.792116	3000	3133	18	5	133	0.0375940
NODE_85311_length_2506_cov_2.685916	2035	2168	8	8	133	0.0601504
NODE_85311_length_2506_cov_2.685916	2035	2168	10	26	133	0.1954887
NODE_85311_length_2506_cov_2.685916	2035	2168	11	42	133	0.3157895
NODE_85311_length_2506_cov_2.685916	2035	2168	12	9	133	0.0676692
NODE_85311_length_2506_cov_2.685916	2035	2168	13	30	133	0.2255639
NODE_85311_length_2506_cov_2.685916	2035	2168	14	18	133	0.1353384
NODE_85349_length_2505_cov_3.318786	746	879	4	8	133	0.0601504
NODE_85349_length_2505_cov_3.318786	746	879	5	20	133	0.1503759
NODE_85349_length_2505_cov_3.318786	746	879	7	13	133	0.0977444
NODE_85349_length_2505_cov_3.318786	746	879	9	3	133	0.0225564
NODE_85349_length_2505_cov_3.318786	746	879	11	7	133	0.0526316
NODE_85349_length_2505_cov_3.318786	746	879	13	2	133	0.0150376
NODE_85349_length_2505_cov_3.318786	746	879	15	6	133	0.0451128
NODE_85349_length_2505_cov_3.318786	746	879	16	1	133	0.0075188
NODE_85349_length_2505_cov_3.318786	746	879	17	11	133	0.0827068
NODE_85349_length_2505_cov_3.318786	746	879	18	7	133	0.0526316
NODE_85349_length_2505_cov_3.318786	746	879	19	3	133	0.0225564
NODE_85349_length_2505_cov_3.318786	746	879	20	2	133	0.0150376
NODE_85349_length_2505_cov_3.318786	746	879	22	5	133	0.0375940
NODE_85349_length_2505_cov_3.318786	746	879	23	2	133	0.0150376
NODE_85349_length_2505_cov_3.318786	746	879	24	32	133	0.2406015
NODE_85349_length_2505_cov_3.318786	746	879	25	11	133	0.0827068
NODE_85441_length_2503_cov_4.330699	2044	2177	12	5	133	0.0375940
NODE_85441_length_2503_cov_4.330699	2044	2177	16	3	133	0.0225564
NODE_85441_length_2503_cov_4.330699	2044	2177	17	7	133	0.0526316
NODE_85441_length_2503_cov_4.330699	2044	2177	18	4	133	0.0300752
NODE_85441_length_2503_cov_4.330699	2044	2177	20	1	133	0.0075188
NODE_85441_length_2503_cov_4.330699	2044	2177	21	1	133	0.0075188
NODE_85441_length_2503_cov_4.330699	2044	2177	22	5	133	0.0375940
NODE_85441_length_2503_cov_4.330699	2044	2177	23	29	133	0.2180451
NODE_85441_length_2503_cov_4.330699	2044	2177	24	12	133	0.0902256
NODE_85441_length_2503_cov_4.330699	2044	2177	25	18	133	0.1353384
NODE_85441_length_2503_cov_4.330699	2044	2177	26	5	133	0.0375940
NODE_85441_length_2503_cov_4.330699	2044	2177	27	2	133	0.0150376
NODE_85441_length_2503_cov_4.330699	2044	2177	28	4	133	0.0300752
NODE_85441_length_2503_cov_4.330699	2044	2177	29	2	133	0.0150376
NODE_85441_length_2503_cov_4.330699	2044	2177	30	33	133	0.2481203
NODE_85441_length_2503_cov_4.330699	2044	2177	31	2	133	0.0150376
NODE_85484_length_2502_cov_4.171868	1286	1419	10	17	133	0.1278196
NODE_85484_length_2502_cov_4.171868	1286	1419	12	11	133	0.0827068
NODE_85484_length_2502_cov_4.171868	1286	1419	13	2	133	0.0150376
NODE_85484_length_2502_cov_4.171868	1286	1419	14	14	133	0.1052632
NODE_85484_length_2502_cov_4.171868	1286	1419	15	40	133	0.3007519
NODE_85484_length_2502_cov_4.171868	1286	1419	16	11	133	0.0827068
NODE_85484_length_2502_cov_4.171868	1286	1419	17	17	133	0.1278196
NODE_85484_length_2502_cov_4.171868	1286	1419	18	4	133	0.0300752
NODE_85484_length_2502_cov_4.171868	1286	1419	19	17	133	0.1278196
NODE_8561_length_7823_cov_5.159373	2063	2196	9	2	133	0.0150376
NODE_8561_length_7823_cov_5.159373	2063	2196	10	24	133	0.1804511
NODE_8561_length_7823_cov_5.159373	2063	2196	11	14	133	0.1052632
NODE_8561_length_7823_cov_5.159373	2063	2196	12	58	133	0.4360902
NODE_8561_length_7823_cov_5.159373	2063	2196	13	35	133	0.2631579
NODE_8564_length_7822_cov_4.901463	1721	1854	16	3	133	0.0225564
NODE_8564_length_7822_cov_4.901463	1721	1854	17	7	133	0.0526316
NODE_8564_length_7822_cov_4.901463	1721	1854	20	2	133	0.0150376
NODE_8564_length_7822_cov_4.901463	1721	1854	21	1	133	0.0075188
NODE_8564_length_7822_cov_4.901463	1721	1854	22	9	133	0.0676692
NODE_8564_length_7822_cov_4.901463	1721	1854	25	10	133	0.0751880
NODE_8564_length_7822_cov_4.901463	1721	1854	26	13	133	0.0977444
NODE_8564_length_7822_cov_4.901463	1721	1854	27	6	133	0.0451128
NODE_8564_length_7822_cov_4.901463	1721	1854	28	5	133	0.0375940
NODE_8564_length_7822_cov_4.901463	1721	1854	29	10	133	0.0751880
NODE_8564_length_7822_cov_4.901463	1721	1854	31	4	133	0.0300752
NODE_8564_length_7822_cov_4.901463	1721	1854	32	5	133	0.0375940
NODE_8564_length_7822_cov_4.901463	1721	1854	33	27	133	0.2030075
NODE_8564_length_7822_cov_4.901463	1721	1854	34	14	133	0.1052632
NODE_8564_length_7822_cov_4.901463	1721	1854	35	16	133	0.1203008
NODE_8564_length_7822_cov_4.901463	1721	1854	36	1	133	0.0075188
NODE_856_length_15478_cov_4.193706	9560	9693	15	5	133	0.0375940
NODE_856_length_15478_cov_4.193706	9560	9693	16	4	133	0.0300752
NODE_856_length_15478_cov_4.193706	9560	9693	17	37	133	0.2781955
NODE_856_length_15478_cov_4.193706	9560	9693	18	27	133	0.2030075
NODE_856_length_15478_cov_4.193706	9560	9693	19	16	133	0.1203008
NODE_856_length_15478_cov_4.193706	9560	9693	20	13	133	0.0977444
NODE_856_length_15478_cov_4.193706	9560	9693	21	7	133	0.0526316
NODE_856_length_15478_cov_4.193706	9560	9693	22	18	133	0.1353384
NODE_856_length_15478_cov_4.193706	9560	9693	23	6	133	0.0451128
NODE_85739_length_2497_cov_4.488324	1908	2041	9	1	133	0.0075188
NODE_85739_length_2497_cov_4.488324	1908	2041	10	4	133	0.0300752
NODE_85739_length_2497_cov_4.488324	1908	2041	11	8	133	0.0601504
NODE_85739_length_2497_cov_4.488324	1908	2041	12	19	133	0.1428571
NODE_85739_length_2497_cov_4.488324	1908	2041	13	5	133	0.0375940
NODE_85739_length_2497_cov_4.488324	1908	2041	14	14	133	0.1052632
NODE_85739_length_2497_cov_4.488324	1908	2041	16	55	133	0.4135338
NODE_85739_length_2497_cov_4.488324	1908	2041	17	27	133	0.2030075
NODE_85741_length_2497_cov_4.439533	2293	2426	0	2	133	0.0150376
NODE_85741_length_2497_cov_4.439533	2293	2426	2	131	133	0.9849624
NODE_85769_length_2497_cov_3.423269	1225	1358	8	2	133	0.0150376
NODE_85769_length_2497_cov_3.423269	1225	1358	9	11	133	0.0827068
NODE_85769_length_2497_cov_3.423269	1225	1358	10	25	133	0.1879699
NODE_85769_length_2497_cov_3.423269	1225	1358	11	17	133	0.1278196
NODE_85769_length_2497_cov_3.423269	1225	1358	12	6	133	0.0451128
NODE_85769_length_2497_cov_3.423269	1225	1358	13	4	133	0.0300752
NODE_85769_length_2497_cov_3.423269	1225	1358	14	6	133	0.0451128
NODE_85769_length_2497_cov_3.423269	1225	1358	15	3	133	0.0225564
NODE_85769_length_2497_cov_3.423269	1225	1358	16	11	133	0.0827068
NODE_85769_length_2497_cov_3.423269	1225	1358	18	9	133	0.0676692
NODE_85769_length_2497_cov_3.423269	1225	1358	19	35	133	0.2631579
NODE_85769_length_2497_cov_3.423269	1225	1358	20	4	133	0.0300752
NODE_85810_length_2496_cov_3.694618	155	288	29	4	133	0.0300752
NODE_85810_length_2496_cov_3.694618	155	288	30	1	133	0.0075188
NODE_85810_length_2496_cov_3.694618	155	288	31	7	133	0.0526316
NODE_85810_length_2496_cov_3.694618	155	288	32	11	133	0.0827068
NODE_85810_length_2496_cov_3.694618	155	288	33	2	133	0.0150376
NODE_85810_length_2496_cov_3.694618	155	288	34	5	133	0.0375940
NODE_85810_length_2496_cov_3.694618	155	288	35	1	133	0.0075188
NODE_85810_length_2496_cov_3.694618	155	288	36	8	133	0.0601504
NODE_85810_length_2496_cov_3.694618	155	288	38	7	133	0.0526316
NODE_85810_length_2496_cov_3.694618	155	288	40	1	133	0.0075188
NODE_85810_length_2496_cov_3.694618	155	288	41	6	133	0.0451128
NODE_85810_length_2496_cov_3.694618	155	288	42	3	133	0.0225564
NODE_85810_length_2496_cov_3.694618	155	288	43	11	133	0.0827068
NODE_85810_length_2496_cov_3.694618	155	288	44	17	133	0.1278196
NODE_85810_length_2496_cov_3.694618	155	288	45	3	133	0.0225564
NODE_85810_length_2496_cov_3.694618	155	288	48	8	133	0.0601504
NODE_85810_length_2496_cov_3.694618	155	288	49	7	133	0.0526316
NODE_85810_length_2496_cov_3.694618	155	288	50	3	133	0.0225564
NODE_85810_length_2496_cov_3.694618	155	288	51	1	133	0.0075188
NODE_85810_length_2496_cov_3.694618	155	288	52	8	133	0.0601504
NODE_85810_length_2496_cov_3.694618	155	288	53	14	133	0.1052632
NODE_85810_length_2496_cov_3.694618	155	288	54	5	133	0.0375940
NODE_85937_length_2493_cov_5.017962	1288	1421	9	18	133	0.1353384
NODE_85937_length_2493_cov_5.017962	1288	1421	10	13	133	0.0977444
NODE_85937_length_2493_cov_5.017962	1288	1421	11	64	133	0.4812030
NODE_85937_length_2493_cov_5.017962	1288	1421	12	22	133	0.1654135
NODE_85937_length_2493_cov_5.017962	1288	1421	13	16	133	0.1203008
NODE_85947_length_2493_cov_4.394319	1909	2042	30	3	133	0.0225564
NODE_85947_length_2493_cov_4.394319	1909	2042	31	3	133	0.0225564
NODE_85947_length_2493_cov_4.394319	1909	2042	32	4	133	0.0300752
NODE_85947_length_2493_cov_4.394319	1909	2042	33	2	133	0.0150376
NODE_85947_length_2493_cov_4.394319	1909	2042	34	9	133	0.0676692
NODE_85947_length_2493_cov_4.394319	1909	2042	35	17	133	0.1278196
NODE_85947_length_2493_cov_4.394319	1909	2042	36	3	133	0.0225564
NODE_85947_length_2493_cov_4.394319	1909	2042	37	11	133	0.0827068
NODE_85947_length_2493_cov_4.394319	1909	2042	38	9	133	0.0676692
NODE_85947_length_2493_cov_4.394319	1909	2042	39	20	133	0.1503759
NODE_85947_length_2493_cov_4.394319	1909	2042	40	24	133	0.1804511
NODE_85947_length_2493_cov_4.394319	1909	2042	41	18	133	0.1353384
NODE_85947_length_2493_cov_4.394319	1909	2042	42	10	133	0.0751880
NODE_85954_length_2493_cov_4.081036	2295	2428	10	2	133	0.0150376
NODE_85954_length_2493_cov_4.081036	2295	2428	12	5	133	0.0375940
NODE_85954_length_2493_cov_4.081036	2295	2428	13	26	133	0.1954887
NODE_85954_length_2493_cov_4.081036	2295	2428	14	17	133	0.1278196
NODE_85954_length_2493_cov_4.081036	2295	2428	15	1	133	0.0075188
NODE_85954_length_2493_cov_4.081036	2295	2428	16	15	133	0.1127820
NODE_85954_length_2493_cov_4.081036	2295	2428	17	1	133	0.0075188
NODE_85954_length_2493_cov_4.081036	2295	2428	18	7	133	0.0526316
NODE_85954_length_2493_cov_4.081036	2295	2428	19	15	133	0.1127820
NODE_85954_length_2493_cov_4.081036	2295	2428	20	35	133	0.2631579
NODE_85954_length_2493_cov_4.081036	2295	2428	21	9	133	0.0676692
NODE_85972_length_2493_cov_3.288221	1428	1561	14	2	133	0.0150376
NODE_85972_length_2493_cov_3.288221	1428	1561	15	2	133	0.0150376
NODE_85972_length_2493_cov_3.288221	1428	1561	19	3	133	0.0225564
NODE_85972_length_2493_cov_3.288221	1428	1561	20	4	133	0.0300752
NODE_85972_length_2493_cov_3.288221	1428	1561	21	12	133	0.0902256
NODE_85972_length_2493_cov_3.288221	1428	1561	23	7	133	0.0526316
NODE_85972_length_2493_cov_3.288221	1428	1561	24	2	133	0.0150376
NODE_85972_length_2493_cov_3.288221	1428	1561	25	1	133	0.0075188
NODE_85972_length_2493_cov_3.288221	1428	1561	27	2	133	0.0150376
NODE_85972_length_2493_cov_3.288221	1428	1561	30	2	133	0.0150376
NODE_85972_length_2493_cov_3.288221	1428	1561	31	6	133	0.0451128
NODE_85972_length_2493_cov_3.288221	1428	1561	34	10	133	0.0751880
NODE_85972_length_2493_cov_3.288221	1428	1561	36	2	133	0.0150376
NODE_85972_length_2493_cov_3.288221	1428	1561	38	3	133	0.0225564
NODE_85972_length_2493_cov_3.288221	1428	1561	40	1	133	0.0075188
NODE_85972_length_2493_cov_3.288221	1428	1561	41	1	133	0.0075188
NODE_85972_length_2493_cov_3.288221	1428	1561	42	12	133	0.0902256
NODE_85972_length_2493_cov_3.288221	1428	1561	43	5	133	0.0375940
NODE_85972_length_2493_cov_3.288221	1428	1561	45	2	133	0.0150376
NODE_85972_length_2493_cov_3.288221	1428	1561	46	1	133	0.0075188
NODE_85972_length_2493_cov_3.288221	1428	1561	47	2	133	0.0150376
NODE_85972_length_2493_cov_3.288221	1428	1561	48	23	133	0.1729323
NODE_85972_length_2493_cov_3.288221	1428	1561	49	2	133	0.0150376
NODE_85972_length_2493_cov_3.288221	1428	1561	50	1	133	0.0075188
NODE_85972_length_2493_cov_3.288221	1428	1561	51	2	133	0.0150376
NODE_85972_length_2493_cov_3.288221	1428	1561	52	4	133	0.0300752
NODE_85972_length_2493_cov_3.288221	1428	1561	53	9	133	0.0676692
NODE_85972_length_2493_cov_3.288221	1428	1561	54	10	133	0.0751880
NODE_859_length_15449_cov_4.054984	1336	1469	16	4	133	0.0300752
NODE_859_length_15449_cov_4.054984	1336	1469	17	2	133	0.0150376
NODE_859_length_15449_cov_4.054984	1336	1469	19	2	133	0.0150376
NODE_859_length_15449_cov_4.054984	1336	1469	20	3	133	0.0225564
NODE_859_length_15449_cov_4.054984	1336	1469	21	2	133	0.0150376
NODE_859_length_15449_cov_4.054984	1336	1469	25	8	133	0.0601504
NODE_859_length_15449_cov_4.054984	1336	1469	26	1	133	0.0075188
NODE_859_length_15449_cov_4.054984	1336	1469	27	7	133	0.0526316
NODE_859_length_15449_cov_4.054984	1336	1469	28	8	133	0.0601504
NODE_859_length_15449_cov_4.054984	1336	1469	29	7	133	0.0526316
NODE_859_length_15449_cov_4.054984	1336	1469	30	10	133	0.0751880
NODE_859_length_15449_cov_4.054984	1336	1469	31	3	133	0.0225564
NODE_859_length_15449_cov_4.054984	1336	1469	32	26	133	0.1954887
NODE_859_length_15449_cov_4.054984	1336	1469	33	9	133	0.0676692
NODE_859_length_15449_cov_4.054984	1336	1469	34	3	133	0.0225564
NODE_859_length_15449_cov_4.054984	1336	1469	35	14	133	0.1052632
NODE_859_length_15449_cov_4.054984	1336	1469	36	6	133	0.0451128
NODE_859_length_15449_cov_4.054984	1336	1469	37	14	133	0.1052632
NODE_859_length_15449_cov_4.054984	1336	1469	38	4	133	0.0300752
NODE_8606_length_7811_cov_4.155731	7293	7426	22	3	133	0.0225564
NODE_8606_length_7811_cov_4.155731	7293	7426	24	3	133	0.0225564
NODE_8606_length_7811_cov_4.155731	7293	7426	25	8	133	0.0601504
NODE_8606_length_7811_cov_4.155731	7293	7426	26	1	133	0.0075188
NODE_8606_length_7811_cov_4.155731	7293	7426	28	11	133	0.0827068
NODE_8606_length_7811_cov_4.155731	7293	7426	29	18	133	0.1353384
NODE_8606_length_7811_cov_4.155731	7293	7426	31	6	133	0.0451128
NODE_8606_length_7811_cov_4.155731	7293	7426	32	7	133	0.0526316
NODE_8606_length_7811_cov_4.155731	7293	7426	33	17	133	0.1278196
NODE_8606_length_7811_cov_4.155731	7293	7426	34	4	133	0.0300752
NODE_8606_length_7811_cov_4.155731	7293	7426	35	12	133	0.0902256
NODE_8606_length_7811_cov_4.155731	7293	7426	36	7	133	0.0526316
NODE_8606_length_7811_cov_4.155731	7293	7426	37	29	133	0.2180451
NODE_8606_length_7811_cov_4.155731	7293	7426	38	7	133	0.0526316
NODE_8609_length_7809_cov_18.746433	1048	1181	20	1	133	0.0075188
NODE_8609_length_7809_cov_18.746433	1048	1181	24	5	133	0.0375940
NODE_8609_length_7809_cov_18.746433	1048	1181	25	2	133	0.0150376
NODE_8609_length_7809_cov_18.746433	1048	1181	27	1	133	0.0075188
NODE_8609_length_7809_cov_18.746433	1048	1181	28	18	133	0.1353384
NODE_8609_length_7809_cov_18.746433	1048	1181	30	21	133	0.1578947
NODE_8609_length_7809_cov_18.746433	1048	1181	31	7	133	0.0526316
NODE_8609_length_7809_cov_18.746433	1048	1181	32	4	133	0.0300752
NODE_8609_length_7809_cov_18.746433	1048	1181	33	16	133	0.1203008
NODE_8609_length_7809_cov_18.746433	1048	1181	34	11	133	0.0827068
NODE_8609_length_7809_cov_18.746433	1048	1181	35	3	133	0.0225564
NODE_8609_length_7809_cov_18.746433	1048	1181	36	2	133	0.0150376
NODE_8609_length_7809_cov_18.746433	1048	1181	37	5	133	0.0375940
NODE_8609_length_7809_cov_18.746433	1048	1181	38	2	133	0.0150376
NODE_8609_length_7809_cov_18.746433	1048	1181	39	12	133	0.0902256
NODE_8609_length_7809_cov_18.746433	1048	1181	40	14	133	0.1052632
NODE_8609_length_7809_cov_18.746433	1048	1181	42	2	133	0.0150376
NODE_8609_length_7809_cov_18.746433	1048	1181	43	7	133	0.0526316
NODE_860_length_15434_cov_4.932768	12587	12720	4	5	133	0.0375940
NODE_860_length_15434_cov_4.932768	12587	12720	5	1	133	0.0075188
NODE_860_length_15434_cov_4.932768	12587	12720	6	8	133	0.0601504
NODE_860_length_15434_cov_4.932768	12587	12720	8	10	133	0.0751880
NODE_860_length_15434_cov_4.932768	12587	12720	9	36	133	0.2706767
NODE_860_length_15434_cov_4.932768	12587	12720	10	3	133	0.0225564
NODE_860_length_15434_cov_4.932768	12587	12720	12	47	133	0.3533835
NODE_860_length_15434_cov_4.932768	12587	12720	13	23	133	0.1729323
NODE_86107_length_2489_cov_6.753556	515	648	1	17	133	0.1278196
NODE_86107_length_2489_cov_6.753556	515	648	2	27	133	0.2030075
NODE_86107_length_2489_cov_6.753556	515	648	3	1	133	0.0075188
NODE_86107_length_2489_cov_6.753556	515	648	4	52	133	0.3909774
NODE_86107_length_2489_cov_6.753556	515	648	5	16	133	0.1203008
NODE_86107_length_2489_cov_6.753556	515	648	6	20	133	0.1503759
NODE_8612_length_7809_cov_3.167315	292	425	4	8	133	0.0601504
NODE_8612_length_7809_cov_3.167315	292	425	5	72	133	0.5413534
NODE_8612_length_7809_cov_3.167315	292	425	6	1	133	0.0075188
NODE_8612_length_7809_cov_3.167315	292	425	7	52	133	0.3909774
NODE_8617_length_7806_cov_4.109251	6852	6985	20	20	133	0.1503759
NODE_8617_length_7806_cov_4.109251	6852	6985	21	19	133	0.1428571
NODE_8617_length_7806_cov_4.109251	6852	6985	22	13	133	0.0977444
NODE_8617_length_7806_cov_4.109251	6852	6985	23	36	133	0.2706767
NODE_8617_length_7806_cov_4.109251	6852	6985	24	7	133	0.0526316
NODE_8617_length_7806_cov_4.109251	6852	6985	26	21	133	0.1578947
NODE_8617_length_7806_cov_4.109251	6852	6985	27	2	133	0.0150376
NODE_8617_length_7806_cov_4.109251	6852	6985	28	14	133	0.1052632
NODE_8617_length_7806_cov_4.109251	6852	6985	29	1	133	0.0075188
NODE_861_length_15433_cov_3.816356	9148	9281	10	22	133	0.1654135
NODE_861_length_15433_cov_3.816356	9148	9281	11	24	133	0.1804511
NODE_861_length_15433_cov_3.816356	9148	9281	12	27	133	0.2030075
NODE_861_length_15433_cov_3.816356	9148	9281	13	23	133	0.1729323
NODE_861_length_15433_cov_3.816356	9148	9281	14	9	133	0.0676692
NODE_861_length_15433_cov_3.816356	9148	9281	15	8	133	0.0601504
NODE_861_length_15433_cov_3.816356	9148	9281	16	17	133	0.1278196
NODE_861_length_15433_cov_3.816356	9148	9281	17	3	133	0.0225564
NODE_8620_length_7805_cov_4.594731	4763	4896	4	5	133	0.0375940
NODE_8620_length_7805_cov_4.594731	4763	4896	6	4	133	0.0300752
NODE_8620_length_7805_cov_4.594731	4763	4896	8	18	133	0.1353384
NODE_8620_length_7805_cov_4.594731	4763	4896	9	21	133	0.1578947
NODE_8620_length_7805_cov_4.594731	4763	4896	10	18	133	0.1353384
NODE_8620_length_7805_cov_4.594731	4763	4896	11	32	133	0.2406015
NODE_8620_length_7805_cov_4.594731	4763	4896	12	35	133	0.2631579
NODE_86225_length_2487_cov_7.038945	137	270	9	25	133	0.1879699
NODE_86225_length_2487_cov_7.038945	137	270	10	34	133	0.2556391
NODE_86225_length_2487_cov_7.038945	137	270	11	30	133	0.2255639
NODE_86225_length_2487_cov_7.038945	137	270	12	36	133	0.2706767
NODE_86225_length_2487_cov_7.038945	137	270	13	8	133	0.0601504
NODE_86239_length_2487_cov_4.318258	353	486	14	9	133	0.0676692
NODE_86239_length_2487_cov_4.318258	353	486	15	8	133	0.0601504
NODE_86239_length_2487_cov_4.318258	353	486	16	3	133	0.0225564
NODE_86239_length_2487_cov_4.318258	353	486	17	5	133	0.0375940
NODE_86239_length_2487_cov_4.318258	353	486	19	2	133	0.0150376
NODE_86239_length_2487_cov_4.318258	353	486	21	2	133	0.0150376
NODE_86239_length_2487_cov_4.318258	353	486	22	6	133	0.0451128
NODE_86239_length_2487_cov_4.318258	353	486	23	10	133	0.0751880
NODE_86239_length_2487_cov_4.318258	353	486	24	9	133	0.0676692
NODE_86239_length_2487_cov_4.318258	353	486	25	2	133	0.0150376
NODE_86239_length_2487_cov_4.318258	353	486	26	11	133	0.0827068
NODE_86239_length_2487_cov_4.318258	353	486	28	6	133	0.0451128
NODE_86239_length_2487_cov_4.318258	353	486	29	4	133	0.0300752
NODE_86239_length_2487_cov_4.318258	353	486	30	28	133	0.2105263
NODE_86239_length_2487_cov_4.318258	353	486	31	6	133	0.0451128
NODE_86239_length_2487_cov_4.318258	353	486	32	15	133	0.1127820
NODE_86239_length_2487_cov_4.318258	353	486	33	7	133	0.0526316
NODE_86253_length_2487_cov_3.812395	2312	2445	0	133	133	1.0000000
NODE_8628_length_7803_cov_5.073728	1878	2011	9	6	133	0.0451128
NODE_8628_length_7803_cov_5.073728	1878	2011	11	13	133	0.0977444
NODE_8628_length_7803_cov_5.073728	1878	2011	12	15	133	0.1127820
NODE_8628_length_7803_cov_5.073728	1878	2011	13	12	133	0.0902256
NODE_8628_length_7803_cov_5.073728	1878	2011	14	8	133	0.0601504
NODE_8628_length_7803_cov_5.073728	1878	2011	15	34	133	0.2556391
NODE_8628_length_7803_cov_5.073728	1878	2011	16	16	133	0.1203008
NODE_8628_length_7803_cov_5.073728	1878	2011	17	21	133	0.1578947
NODE_8628_length_7803_cov_5.073728	1878	2011	18	8	133	0.0601504
NODE_86299_length_2486_cov_4.644742	1660	1793	4	52	133	0.3909774
NODE_86299_length_2486_cov_4.644742	1660	1793	5	6	133	0.0451128
NODE_86299_length_2486_cov_4.644742	1660	1793	6	2	133	0.0150376
NODE_86299_length_2486_cov_4.644742	1660	1793	7	7	133	0.0526316
NODE_86299_length_2486_cov_4.644742	1660	1793	8	58	133	0.4360902
NODE_86299_length_2486_cov_4.644742	1660	1793	9	8	133	0.0601504
NODE_86357_length_2485_cov_3.820620	2176	2309	11	10	133	0.0751880
NODE_86357_length_2485_cov_3.820620	2176	2309	12	4	133	0.0300752
NODE_86357_length_2485_cov_3.820620	2176	2309	13	3	133	0.0225564
NODE_86357_length_2485_cov_3.820620	2176	2309	15	6	133	0.0451128
NODE_86357_length_2485_cov_3.820620	2176	2309	16	4	133	0.0300752
NODE_86357_length_2485_cov_3.820620	2176	2309	20	1	133	0.0075188
NODE_86357_length_2485_cov_3.820620	2176	2309	21	3	133	0.0225564
NODE_86357_length_2485_cov_3.820620	2176	2309	23	2	133	0.0150376
NODE_86357_length_2485_cov_3.820620	2176	2309	25	6	133	0.0451128
NODE_86357_length_2485_cov_3.820620	2176	2309	26	14	133	0.1052632
NODE_86357_length_2485_cov_3.820620	2176	2309	27	8	133	0.0601504
NODE_86357_length_2485_cov_3.820620	2176	2309	29	12	133	0.0902256
NODE_86357_length_2485_cov_3.820620	2176	2309	31	3	133	0.0225564
NODE_86357_length_2485_cov_3.820620	2176	2309	33	4	133	0.0300752
NODE_86357_length_2485_cov_3.820620	2176	2309	34	15	133	0.1127820
NODE_86357_length_2485_cov_3.820620	2176	2309	35	12	133	0.0902256
NODE_86357_length_2485_cov_3.820620	2176	2309	36	8	133	0.0601504
NODE_86357_length_2485_cov_3.820620	2176	2309	37	6	133	0.0451128
NODE_86357_length_2485_cov_3.820620	2176	2309	38	3	133	0.0225564
NODE_86357_length_2485_cov_3.820620	2176	2309	39	9	133	0.0676692
NODE_8637_length_7801_cov_2.911452	7500	7633	3	3	133	0.0225564
NODE_8637_length_7801_cov_2.911452	7500	7633	5	2	133	0.0150376
NODE_8637_length_7801_cov_2.911452	7500	7633	6	10	133	0.0751880
NODE_8637_length_7801_cov_2.911452	7500	7633	7	39	133	0.2932331
NODE_8637_length_7801_cov_2.911452	7500	7633	8	3	133	0.0225564
NODE_8637_length_7801_cov_2.911452	7500	7633	9	25	133	0.1879699
NODE_8637_length_7801_cov_2.911452	7500	7633	10	51	133	0.3834586
NODE_86499_length_2482_cov_4.295426	725	858	30	2	133	0.0150376
NODE_86499_length_2482_cov_4.295426	725	858	31	3	133	0.0225564
NODE_86499_length_2482_cov_4.295426	725	858	32	1	133	0.0075188
NODE_86499_length_2482_cov_4.295426	725	858	33	3	133	0.0225564
NODE_86499_length_2482_cov_4.295426	725	858	34	4	133	0.0300752
NODE_86499_length_2482_cov_4.295426	725	858	35	1	133	0.0075188
NODE_86499_length_2482_cov_4.295426	725	858	36	6	133	0.0451128
NODE_86499_length_2482_cov_4.295426	725	858	37	8	133	0.0601504
NODE_86499_length_2482_cov_4.295426	725	858	38	28	133	0.2105263
NODE_86499_length_2482_cov_4.295426	725	858	39	3	133	0.0225564
NODE_86499_length_2482_cov_4.295426	725	858	40	10	133	0.0751880
NODE_86499_length_2482_cov_4.295426	725	858	41	1	133	0.0075188
NODE_86499_length_2482_cov_4.295426	725	858	42	10	133	0.0751880
NODE_86499_length_2482_cov_4.295426	725	858	43	3	133	0.0225564
NODE_86499_length_2482_cov_4.295426	725	858	44	3	133	0.0225564
NODE_86499_length_2482_cov_4.295426	725	858	45	17	133	0.1278196
NODE_86499_length_2482_cov_4.295426	725	858	46	15	133	0.1127820
NODE_86499_length_2482_cov_4.295426	725	858	47	1	133	0.0075188
NODE_86499_length_2482_cov_4.295426	725	858	48	12	133	0.0902256
NODE_86499_length_2482_cov_4.295426	725	858	49	2	133	0.0150376
NODE_86521_length_2482_cov_3.459505	1149	1282	3	23	133	0.1729323
NODE_86521_length_2482_cov_3.459505	1149	1282	4	1	133	0.0075188
NODE_86521_length_2482_cov_3.459505	1149	1282	5	29	133	0.2180451
NODE_86521_length_2482_cov_3.459505	1149	1282	6	48	133	0.3609022
NODE_86521_length_2482_cov_3.459505	1149	1282	7	26	133	0.1954887
NODE_86521_length_2482_cov_3.459505	1149	1282	8	6	133	0.0451128
NODE_86636_length_2479_cov_4.332773	1127	1260	0	4	133	0.0300752
NODE_86636_length_2479_cov_4.332773	1127	1260	2	4	133	0.0300752
NODE_86636_length_2479_cov_4.332773	1127	1260	3	24	133	0.1804511
NODE_86636_length_2479_cov_4.332773	1127	1260	4	10	133	0.0751880
NODE_86636_length_2479_cov_4.332773	1127	1260	5	5	133	0.0375940
NODE_86636_length_2479_cov_4.332773	1127	1260	6	3	133	0.0225564
NODE_86636_length_2479_cov_4.332773	1127	1260	7	9	133	0.0676692
NODE_86636_length_2479_cov_4.332773	1127	1260	9	13	133	0.0977444
NODE_86636_length_2479_cov_4.332773	1127	1260	11	35	133	0.2631579
NODE_86636_length_2479_cov_4.332773	1127	1260	12	1	133	0.0075188
NODE_86636_length_2479_cov_4.332773	1127	1260	13	25	133	0.1879699
NODE_86663_length_2479_cov_2.466807	1120	1253	18	1	133	0.0075188
NODE_86663_length_2479_cov_2.466807	1120	1253	19	2	133	0.0150376
NODE_86663_length_2479_cov_2.466807	1120	1253	20	5	133	0.0375940
NODE_86663_length_2479_cov_2.466807	1120	1253	21	1	133	0.0075188
NODE_86663_length_2479_cov_2.466807	1120	1253	22	2	133	0.0150376
NODE_86663_length_2479_cov_2.466807	1120	1253	23	3	133	0.0225564
NODE_86663_length_2479_cov_2.466807	1120	1253	24	3	133	0.0225564
NODE_86663_length_2479_cov_2.466807	1120	1253	25	1	133	0.0075188
NODE_86663_length_2479_cov_2.466807	1120	1253	26	3	133	0.0225564
NODE_86663_length_2479_cov_2.466807	1120	1253	27	4	133	0.0300752
NODE_86663_length_2479_cov_2.466807	1120	1253	29	4	133	0.0300752
NODE_86663_length_2479_cov_2.466807	1120	1253	31	5	133	0.0375940
NODE_86663_length_2479_cov_2.466807	1120	1253	32	4	133	0.0300752
NODE_86663_length_2479_cov_2.466807	1120	1253	34	3	133	0.0225564
NODE_86663_length_2479_cov_2.466807	1120	1253	36	8	133	0.0601504
NODE_86663_length_2479_cov_2.466807	1120	1253	37	7	133	0.0526316
NODE_86663_length_2479_cov_2.466807	1120	1253	38	9	133	0.0676692
NODE_86663_length_2479_cov_2.466807	1120	1253	41	4	133	0.0300752
NODE_86663_length_2479_cov_2.466807	1120	1253	42	4	133	0.0300752
NODE_86663_length_2479_cov_2.466807	1120	1253	44	5	133	0.0375940
NODE_86663_length_2479_cov_2.466807	1120	1253	45	2	133	0.0150376
NODE_86663_length_2479_cov_2.466807	1120	1253	47	5	133	0.0375940
NODE_86663_length_2479_cov_2.466807	1120	1253	48	22	133	0.1654135
NODE_86663_length_2479_cov_2.466807	1120	1253	49	2	133	0.0150376
NODE_86663_length_2479_cov_2.466807	1120	1253	50	2	133	0.0150376
NODE_86663_length_2479_cov_2.466807	1120	1253	51	7	133	0.0526316
NODE_86663_length_2479_cov_2.466807	1120	1253	52	15	133	0.1127820
NODE_86670_length_2478_cov_5.580496	453	586	27	5	133	0.0375940
NODE_86670_length_2478_cov_5.580496	453	586	28	11	133	0.0827068
NODE_86670_length_2478_cov_5.580496	453	586	29	6	133	0.0451128
NODE_86670_length_2478_cov_5.580496	453	586	30	15	133	0.1127820
NODE_86670_length_2478_cov_5.580496	453	586	31	8	133	0.0601504
NODE_86670_length_2478_cov_5.580496	453	586	32	3	133	0.0225564
NODE_86670_length_2478_cov_5.580496	453	586	33	10	133	0.0751880
NODE_86670_length_2478_cov_5.580496	453	586	34	5	133	0.0375940
NODE_86670_length_2478_cov_5.580496	453	586	35	2	133	0.0150376
NODE_86670_length_2478_cov_5.580496	453	586	36	2	133	0.0150376
NODE_86670_length_2478_cov_5.580496	453	586	37	13	133	0.0977444
NODE_86670_length_2478_cov_5.580496	453	586	38	1	133	0.0075188
NODE_86670_length_2478_cov_5.580496	453	586	39	3	133	0.0225564
NODE_86670_length_2478_cov_5.580496	453	586	40	24	133	0.1804511
NODE_86670_length_2478_cov_5.580496	453	586	41	20	133	0.1503759
NODE_86670_length_2478_cov_5.580496	453	586	42	2	133	0.0150376
NODE_86670_length_2478_cov_5.580496	453	586	43	3	133	0.0225564
NODE_866_length_15387_cov_4.383373	9794	9927	9	1	133	0.0075188
NODE_866_length_15387_cov_4.383373	9794	9927	10	17	133	0.1278196
NODE_866_length_15387_cov_4.383373	9794	9927	11	5	133	0.0375940
NODE_866_length_15387_cov_4.383373	9794	9927	13	2	133	0.0150376
NODE_866_length_15387_cov_4.383373	9794	9927	14	12	133	0.0902256
NODE_866_length_15387_cov_4.383373	9794	9927	20	12	133	0.0902256
NODE_866_length_15387_cov_4.383373	9794	9927	22	11	133	0.0827068
NODE_866_length_15387_cov_4.383373	9794	9927	25	58	133	0.4360902
NODE_866_length_15387_cov_4.383373	9794	9927	26	13	133	0.0977444
NODE_866_length_15387_cov_4.383373	9794	9927	27	2	133	0.0150376
NODE_86763_length_2477_cov_3.461312	179	312	4	40	133	0.3007519
NODE_86763_length_2477_cov_3.461312	179	312	5	64	133	0.4812030
NODE_86763_length_2477_cov_3.461312	179	312	6	3	133	0.0225564
NODE_86763_length_2477_cov_3.461312	179	312	7	22	133	0.1654135
NODE_86763_length_2477_cov_3.461312	179	312	8	4	133	0.0300752
NODE_86776_length_2476_cov_5.558267	1017	1150	1	28	133	0.2105263
NODE_86776_length_2476_cov_5.558267	1017	1150	3	5	133	0.0375940
NODE_86776_length_2476_cov_5.558267	1017	1150	4	4	133	0.0300752
NODE_86776_length_2476_cov_5.558267	1017	1150	6	8	133	0.0601504
NODE_86776_length_2476_cov_5.558267	1017	1150	9	5	133	0.0375940
NODE_86776_length_2476_cov_5.558267	1017	1150	10	22	133	0.1654135
NODE_86776_length_2476_cov_5.558267	1017	1150	12	10	133	0.0751880
NODE_86776_length_2476_cov_5.558267	1017	1150	13	16	133	0.1203008
NODE_86776_length_2476_cov_5.558267	1017	1150	14	31	133	0.2330827
NODE_86776_length_2476_cov_5.558267	1017	1150	15	4	133	0.0300752
NODE_8680_length_7788_cov_4.140070	2754	2887	7	8	133	0.0601504
NODE_8680_length_7788_cov_4.140070	2754	2887	10	18	133	0.1353384
NODE_8680_length_7788_cov_4.140070	2754	2887	11	16	133	0.1203008
NODE_8680_length_7788_cov_4.140070	2754	2887	12	41	133	0.3082707
NODE_8680_length_7788_cov_4.140070	2754	2887	13	21	133	0.1578947
NODE_8680_length_7788_cov_4.140070	2754	2887	14	19	133	0.1428571
NODE_8680_length_7788_cov_4.140070	2754	2887	15	10	133	0.0751880
NODE_87008_length_2472_cov_2.944796	1826	1959	3	7	133	0.0526316
NODE_87008_length_2472_cov_2.944796	1826	1959	4	20	133	0.1503759
NODE_87008_length_2472_cov_2.944796	1826	1959	5	17	133	0.1278196
NODE_87008_length_2472_cov_2.944796	1826	1959	6	5	133	0.0375940
NODE_87008_length_2472_cov_2.944796	1826	1959	7	3	133	0.0225564
NODE_87008_length_2472_cov_2.944796	1826	1959	8	5	133	0.0375940
NODE_87008_length_2472_cov_2.944796	1826	1959	10	1	133	0.0075188
NODE_87008_length_2472_cov_2.944796	1826	1959	12	11	133	0.0827068
NODE_87008_length_2472_cov_2.944796	1826	1959	13	22	133	0.1654135
NODE_87008_length_2472_cov_2.944796	1826	1959	14	2	133	0.0150376
NODE_87008_length_2472_cov_2.944796	1826	1959	15	26	133	0.1954887
NODE_87008_length_2472_cov_2.944796	1826	1959	16	11	133	0.0827068
NODE_87008_length_2472_cov_2.944796	1826	1959	17	3	133	0.0225564
NODE_87040_length_2471_cov_3.826728	93	226	0	5	133	0.0375940
NODE_87040_length_2471_cov_3.826728	93	226	6	1	133	0.0075188
NODE_87040_length_2471_cov_3.826728	93	226	7	32	133	0.2406015
NODE_87040_length_2471_cov_3.826728	93	226	8	24	133	0.1804511
NODE_87040_length_2471_cov_3.826728	93	226	9	6	133	0.0451128
NODE_87040_length_2471_cov_3.826728	93	226	10	31	133	0.2330827
NODE_87040_length_2471_cov_3.826728	93	226	11	34	133	0.2556391
NODE_87074_length_2470_cov_4.878111	593	726	3	6	133	0.0451128
NODE_87074_length_2470_cov_4.878111	593	726	4	18	133	0.1353384
NODE_87074_length_2470_cov_4.878111	593	726	7	10	133	0.0751880
NODE_87074_length_2470_cov_4.878111	593	726	8	91	133	0.6842105
NODE_87074_length_2470_cov_4.878111	593	726	9	8	133	0.0601504
NODE_8712_length_7777_cov_4.797864	2556	2689	13	8	133	0.0601504
NODE_8712_length_7777_cov_4.797864	2556	2689	14	3	133	0.0225564
NODE_8712_length_7777_cov_4.797864	2556	2689	15	2	133	0.0150376
NODE_8712_length_7777_cov_4.797864	2556	2689	16	6	133	0.0451128
NODE_8712_length_7777_cov_4.797864	2556	2689	17	2	133	0.0150376
NODE_8712_length_7777_cov_4.797864	2556	2689	18	1	133	0.0075188
NODE_8712_length_7777_cov_4.797864	2556	2689	20	8	133	0.0601504
NODE_8712_length_7777_cov_4.797864	2556	2689	21	2	133	0.0150376
NODE_8712_length_7777_cov_4.797864	2556	2689	22	1	133	0.0075188
NODE_8712_length_7777_cov_4.797864	2556	2689	23	14	133	0.1052632
NODE_8712_length_7777_cov_4.797864	2556	2689	24	2	133	0.0150376
NODE_8712_length_7777_cov_4.797864	2556	2689	25	9	133	0.0676692
NODE_8712_length_7777_cov_4.797864	2556	2689	26	28	133	0.2105263
NODE_8712_length_7777_cov_4.797864	2556	2689	27	9	133	0.0676692
NODE_8712_length_7777_cov_4.797864	2556	2689	28	34	133	0.2556391
NODE_8712_length_7777_cov_4.797864	2556	2689	29	2	133	0.0150376
NODE_8712_length_7777_cov_4.797864	2556	2689	30	2	133	0.0150376
NODE_8718_length_7774_cov_57.146450	6806	6939	21	16	133	0.1203008
NODE_8718_length_7774_cov_57.146450	6806	6939	22	6	133	0.0451128
NODE_8718_length_7774_cov_57.146450	6806	6939	23	2	133	0.0150376
NODE_8718_length_7774_cov_57.146450	6806	6939	24	2	133	0.0150376
NODE_8718_length_7774_cov_57.146450	6806	6939	26	5	133	0.0375940
NODE_8718_length_7774_cov_57.146450	6806	6939	27	14	133	0.1052632
NODE_8718_length_7774_cov_57.146450	6806	6939	29	6	133	0.0451128
NODE_8718_length_7774_cov_57.146450	6806	6939	31	4	133	0.0300752
NODE_8718_length_7774_cov_57.146450	6806	6939	32	1	133	0.0075188
NODE_8718_length_7774_cov_57.146450	6806	6939	33	26	133	0.1954887
NODE_8718_length_7774_cov_57.146450	6806	6939	34	5	133	0.0375940
NODE_8718_length_7774_cov_57.146450	6806	6939	35	6	133	0.0451128
NODE_8718_length_7774_cov_57.146450	6806	6939	36	12	133	0.0902256
NODE_8718_length_7774_cov_57.146450	6806	6939	37	28	133	0.2105263
NODE_87201_length_2468_cov_3.887294	140	273	6	6	133	0.0451128
NODE_87201_length_2468_cov_3.887294	140	273	8	9	133	0.0676692
NODE_87201_length_2468_cov_3.887294	140	273	9	27	133	0.2030075
NODE_87201_length_2468_cov_3.887294	140	273	10	4	133	0.0300752
NODE_87201_length_2468_cov_3.887294	140	273	11	2	133	0.0150376
NODE_87201_length_2468_cov_3.887294	140	273	12	21	133	0.1578947
NODE_87201_length_2468_cov_3.887294	140	273	13	23	133	0.1729323
NODE_87201_length_2468_cov_3.887294	140	273	14	41	133	0.3082707
NODE_87235_length_2467_cov_4.888936	1453	1586	16	6	133	0.0451128
NODE_87235_length_2467_cov_4.888936	1453	1586	19	5	133	0.0375940
NODE_87235_length_2467_cov_4.888936	1453	1586	21	3	133	0.0225564
NODE_87235_length_2467_cov_4.888936	1453	1586	22	15	133	0.1127820
NODE_87235_length_2467_cov_4.888936	1453	1586	24	2	133	0.0150376
NODE_87235_length_2467_cov_4.888936	1453	1586	25	2	133	0.0150376
NODE_87235_length_2467_cov_4.888936	1453	1586	26	5	133	0.0375940
NODE_87235_length_2467_cov_4.888936	1453	1586	28	6	133	0.0451128
NODE_87235_length_2467_cov_4.888936	1453	1586	30	2	133	0.0150376
NODE_87235_length_2467_cov_4.888936	1453	1586	31	1	133	0.0075188
NODE_87235_length_2467_cov_4.888936	1453	1586	32	19	133	0.1428571
NODE_87235_length_2467_cov_4.888936	1453	1586	33	18	133	0.1353384
NODE_87235_length_2467_cov_4.888936	1453	1586	34	29	133	0.2180451
NODE_87235_length_2467_cov_4.888936	1453	1586	35	20	133	0.1503759
NODE_87241_length_2467_cov_4.578970	1327	1460	1	8	133	0.0601504
NODE_87241_length_2467_cov_4.578970	1327	1460	2	27	133	0.2030075
NODE_87241_length_2467_cov_4.578970	1327	1460	3	33	133	0.2481203
NODE_87241_length_2467_cov_4.578970	1327	1460	5	7	133	0.0526316
NODE_87241_length_2467_cov_4.578970	1327	1460	6	4	133	0.0300752
NODE_87241_length_2467_cov_4.578970	1327	1460	7	11	133	0.0827068
NODE_87241_length_2467_cov_4.578970	1327	1460	8	43	133	0.3233083
NODE_87263_length_2467_cov_3.293074	1276	1409	16	7	133	0.0526316
NODE_87263_length_2467_cov_3.293074	1276	1409	17	2	133	0.0150376
NODE_87263_length_2467_cov_3.293074	1276	1409	18	3	133	0.0225564
NODE_87263_length_2467_cov_3.293074	1276	1409	19	20	133	0.1503759
NODE_87263_length_2467_cov_3.293074	1276	1409	20	9	133	0.0676692
NODE_87263_length_2467_cov_3.293074	1276	1409	21	6	133	0.0451128
NODE_87263_length_2467_cov_3.293074	1276	1409	22	12	133	0.0902256
NODE_87263_length_2467_cov_3.293074	1276	1409	23	40	133	0.3007519
NODE_87263_length_2467_cov_3.293074	1276	1409	24	7	133	0.0526316
NODE_87263_length_2467_cov_3.293074	1276	1409	25	9	133	0.0676692
NODE_87263_length_2467_cov_3.293074	1276	1409	26	11	133	0.0827068
NODE_87263_length_2467_cov_3.293074	1276	1409	27	6	133	0.0451128
NODE_87263_length_2467_cov_3.293074	1276	1409	28	1	133	0.0075188
NODE_87302_length_2466_cov_3.756232	1490	1623	7	7	133	0.0526316
NODE_87302_length_2466_cov_3.756232	1490	1623	8	30	133	0.2255639
NODE_87302_length_2466_cov_3.756232	1490	1623	9	3	133	0.0225564
NODE_87302_length_2466_cov_3.756232	1490	1623	10	57	133	0.4285714
NODE_87302_length_2466_cov_3.756232	1490	1623	11	26	133	0.1954887
NODE_87302_length_2466_cov_3.756232	1490	1623	12	2	133	0.0150376
NODE_87302_length_2466_cov_3.756232	1490	1623	13	8	133	0.0601504
NODE_8730_length_7771_cov_15.021507	2219	2352	16	6	133	0.0451128
NODE_8730_length_7771_cov_15.021507	2219	2352	17	8	133	0.0601504
NODE_8730_length_7771_cov_15.021507	2219	2352	18	16	133	0.1203008
NODE_8730_length_7771_cov_15.021507	2219	2352	19	5	133	0.0375940
NODE_8730_length_7771_cov_15.021507	2219	2352	20	23	133	0.1729323
NODE_8730_length_7771_cov_15.021507	2219	2352	21	36	133	0.2706767
NODE_8730_length_7771_cov_15.021507	2219	2352	22	15	133	0.1127820
NODE_8730_length_7771_cov_15.021507	2219	2352	23	6	133	0.0451128
NODE_8730_length_7771_cov_15.021507	2219	2352	24	10	133	0.0751880
NODE_8730_length_7771_cov_15.021507	2219	2352	26	6	133	0.0451128
NODE_8730_length_7771_cov_15.021507	2219	2352	27	1	133	0.0075188
NODE_8730_length_7771_cov_15.021507	2219	2352	29	1	133	0.0075188
NODE_87404_length_2464_cov_4.496406	1058	1191	8	6	133	0.0451128
NODE_87404_length_2464_cov_4.496406	1058	1191	11	17	133	0.1278196
NODE_87404_length_2464_cov_4.496406	1058	1191	12	11	133	0.0827068
NODE_87404_length_2464_cov_4.496406	1058	1191	14	4	133	0.0300752
NODE_87404_length_2464_cov_4.496406	1058	1191	16	3	133	0.0225564
NODE_87404_length_2464_cov_4.496406	1058	1191	18	7	133	0.0526316
NODE_87404_length_2464_cov_4.496406	1058	1191	19	1	133	0.0075188
NODE_87404_length_2464_cov_4.496406	1058	1191	20	3	133	0.0225564
NODE_87404_length_2464_cov_4.496406	1058	1191	23	7	133	0.0526316
NODE_87404_length_2464_cov_4.496406	1058	1191	24	11	133	0.0827068
NODE_87404_length_2464_cov_4.496406	1058	1191	25	1	133	0.0075188
NODE_87404_length_2464_cov_4.496406	1058	1191	26	24	133	0.1804511
NODE_87404_length_2464_cov_4.496406	1058	1191	27	27	133	0.2030075
NODE_87404_length_2464_cov_4.496406	1058	1191	28	11	133	0.0827068
NODE_87504_length_2462_cov_4.440542	720	853	8	8	133	0.0601504
NODE_87504_length_2462_cov_4.440542	720	853	9	3	133	0.0225564
NODE_87504_length_2462_cov_4.440542	720	853	10	22	133	0.1654135
NODE_87504_length_2462_cov_4.440542	720	853	11	9	133	0.0676692
NODE_87504_length_2462_cov_4.440542	720	853	12	20	133	0.1503759
NODE_87504_length_2462_cov_4.440542	720	853	13	69	133	0.5187970
NODE_87504_length_2462_cov_4.440542	720	853	14	2	133	0.0150376
NODE_87559_length_2461_cov_5.388654	1628	1761	1	111	133	0.8345864
NODE_87559_length_2461_cov_5.388654	1628	1761	2	22	133	0.1654135
NODE_87580_length_2461_cov_3.798052	1422	1555	0	44	133	0.3308271
NODE_87580_length_2461_cov_3.798052	1422	1555	1	6	133	0.0451128
NODE_87580_length_2461_cov_3.798052	1422	1555	2	11	133	0.0827068
NODE_87580_length_2461_cov_3.798052	1422	1555	3	72	133	0.5413534
NODE_87815_length_2456_cov_4.782350	376	509	18	19	133	0.1428571
NODE_87815_length_2456_cov_4.782350	376	509	19	9	133	0.0676692
NODE_87815_length_2456_cov_4.782350	376	509	20	8	133	0.0601504
NODE_87815_length_2456_cov_4.782350	376	509	21	5	133	0.0375940
NODE_87815_length_2456_cov_4.782350	376	509	22	4	133	0.0300752
NODE_87815_length_2456_cov_4.782350	376	509	23	23	133	0.1729323
NODE_87815_length_2456_cov_4.782350	376	509	24	7	133	0.0526316
NODE_87815_length_2456_cov_4.782350	376	509	25	7	133	0.0526316
NODE_87815_length_2456_cov_4.782350	376	509	26	19	133	0.1428571
NODE_87815_length_2456_cov_4.782350	376	509	27	24	133	0.1804511
NODE_87815_length_2456_cov_4.782350	376	509	28	8	133	0.0601504
NODE_87820_length_2456_cov_4.390751	593	726	5	11	133	0.0827068
NODE_87820_length_2456_cov_4.390751	593	726	6	18	133	0.1353384
NODE_87820_length_2456_cov_4.390751	593	726	7	8	133	0.0601504
NODE_87820_length_2456_cov_4.390751	593	726	8	3	133	0.0225564
NODE_87820_length_2456_cov_4.390751	593	726	9	45	133	0.3383459
NODE_87820_length_2456_cov_4.390751	593	726	10	30	133	0.2255639
NODE_87820_length_2456_cov_4.390751	593	726	11	18	133	0.1353384
NODE_87870_length_2455_cov_4.524194	215	348	2	3	133	0.0225564
NODE_87870_length_2455_cov_4.524194	215	348	3	4	133	0.0300752
NODE_87870_length_2455_cov_4.524194	215	348	5	1	133	0.0075188
NODE_87870_length_2455_cov_4.524194	215	348	7	11	133	0.0827068
NODE_87870_length_2455_cov_4.524194	215	348	8	6	133	0.0451128
NODE_87870_length_2455_cov_4.524194	215	348	9	3	133	0.0225564
NODE_87870_length_2455_cov_4.524194	215	348	11	32	133	0.2406015
NODE_87870_length_2455_cov_4.524194	215	348	12	19	133	0.1428571
NODE_87870_length_2455_cov_4.524194	215	348	13	54	133	0.4060150
NODE_87873_length_2455_cov_4.401952	601	734	9	5	133	0.0375940
NODE_87873_length_2455_cov_4.401952	601	734	11	6	133	0.0451128
NODE_87873_length_2455_cov_4.401952	601	734	12	11	133	0.0827068
NODE_87873_length_2455_cov_4.401952	601	734	13	33	133	0.2481203
NODE_87873_length_2455_cov_4.401952	601	734	14	12	133	0.0902256
NODE_87873_length_2455_cov_4.401952	601	734	15	37	133	0.2781955
NODE_87873_length_2455_cov_4.401952	601	734	16	15	133	0.1127820
NODE_87873_length_2455_cov_4.401952	601	734	17	14	133	0.1052632
NODE_87904_length_2455_cov_3.086587	2076	2209	7	7	133	0.0526316
NODE_87904_length_2455_cov_3.086587	2076	2209	8	2	133	0.0150376
NODE_87904_length_2455_cov_3.086587	2076	2209	9	14	133	0.1052632
NODE_87904_length_2455_cov_3.086587	2076	2209	11	1	133	0.0075188
NODE_87904_length_2455_cov_3.086587	2076	2209	12	21	133	0.1578947
NODE_87904_length_2455_cov_3.086587	2076	2209	13	6	133	0.0451128
NODE_87904_length_2455_cov_3.086587	2076	2209	14	7	133	0.0526316
NODE_87904_length_2455_cov_3.086587	2076	2209	15	28	133	0.2105263
NODE_87904_length_2455_cov_3.086587	2076	2209	17	8	133	0.0601504
NODE_87904_length_2455_cov_3.086587	2076	2209	18	6	133	0.0451128
NODE_87904_length_2455_cov_3.086587	2076	2209	19	33	133	0.2481203
NODE_87919_length_2454_cov_5.654352	774	907	11	2	133	0.0150376
NODE_87919_length_2454_cov_5.654352	774	907	14	1	133	0.0075188
NODE_87919_length_2454_cov_5.654352	774	907	16	14	133	0.1052632
NODE_87919_length_2454_cov_5.654352	774	907	18	3	133	0.0225564
NODE_87919_length_2454_cov_5.654352	774	907	19	2	133	0.0150376
NODE_87919_length_2454_cov_5.654352	774	907	20	12	133	0.0902256
NODE_87919_length_2454_cov_5.654352	774	907	21	7	133	0.0526316
NODE_87919_length_2454_cov_5.654352	774	907	22	6	133	0.0451128
NODE_87919_length_2454_cov_5.654352	774	907	23	6	133	0.0451128
NODE_87919_length_2454_cov_5.654352	774	907	25	4	133	0.0300752
NODE_87919_length_2454_cov_5.654352	774	907	26	9	133	0.0676692
NODE_87919_length_2454_cov_5.654352	774	907	27	8	133	0.0601504
NODE_87919_length_2454_cov_5.654352	774	907	28	10	133	0.0751880
NODE_87919_length_2454_cov_5.654352	774	907	29	24	133	0.1804511
NODE_87919_length_2454_cov_5.654352	774	907	30	18	133	0.1353384
NODE_87919_length_2454_cov_5.654352	774	907	31	7	133	0.0526316
NODE_87922_length_2454_cov_5.026327	1620	1753	1	21	133	0.1578947
NODE_87922_length_2454_cov_5.026327	1620	1753	2	9	133	0.0676692
NODE_87922_length_2454_cov_5.026327	1620	1753	4	34	133	0.2556391
NODE_87922_length_2454_cov_5.026327	1620	1753	5	5	133	0.0375940
NODE_87922_length_2454_cov_5.026327	1620	1753	6	11	133	0.0827068
NODE_87922_length_2454_cov_5.026327	1620	1753	7	5	133	0.0375940
NODE_87922_length_2454_cov_5.026327	1620	1753	8	1	133	0.0075188
NODE_87922_length_2454_cov_5.026327	1620	1753	9	22	133	0.1654135
NODE_87922_length_2454_cov_5.026327	1620	1753	10	25	133	0.1879699
NODE_87985_length_2453_cov_4.242141	1010	1143	10	19	133	0.1428571
NODE_87985_length_2453_cov_4.242141	1010	1143	11	36	133	0.2706767
NODE_87985_length_2453_cov_4.242141	1010	1143	12	19	133	0.1428571
NODE_87985_length_2453_cov_4.242141	1010	1143	13	4	133	0.0300752
NODE_87985_length_2453_cov_4.242141	1010	1143	14	5	133	0.0375940
NODE_87985_length_2453_cov_4.242141	1010	1143	15	20	133	0.1503759
NODE_87985_length_2453_cov_4.242141	1010	1143	16	23	133	0.1729323
NODE_87985_length_2453_cov_4.242141	1010	1143	17	7	133	0.0526316
NODE_88028_length_2452_cov_5.320867	116	249	8	5	133	0.0375940
NODE_88028_length_2452_cov_5.320867	116	249	9	6	133	0.0451128
NODE_88028_length_2452_cov_5.320867	116	249	12	4	133	0.0300752
NODE_88028_length_2452_cov_5.320867	116	249	13	24	133	0.1804511
NODE_88028_length_2452_cov_5.320867	116	249	14	11	133	0.0827068
NODE_88028_length_2452_cov_5.320867	116	249	15	4	133	0.0300752
NODE_88028_length_2452_cov_5.320867	116	249	17	1	133	0.0075188
NODE_88028_length_2452_cov_5.320867	116	249	18	3	133	0.0225564
NODE_88028_length_2452_cov_5.320867	116	249	20	8	133	0.0601504
NODE_88028_length_2452_cov_5.320867	116	249	21	7	133	0.0526316
NODE_88028_length_2452_cov_5.320867	116	249	22	15	133	0.1127820
NODE_88028_length_2452_cov_5.320867	116	249	23	11	133	0.0827068
NODE_88028_length_2452_cov_5.320867	116	249	24	7	133	0.0526316
NODE_88028_length_2452_cov_5.320867	116	249	25	12	133	0.0902256
NODE_88028_length_2452_cov_5.320867	116	249	29	9	133	0.0676692
NODE_88028_length_2452_cov_5.320867	116	249	30	6	133	0.0451128
NODE_8806_length_7749_cov_4.414379	3922	4055	3	6	133	0.0451128
NODE_8806_length_7749_cov_4.414379	3922	4055	4	5	133	0.0375940
NODE_8806_length_7749_cov_4.414379	3922	4055	5	11	133	0.0827068
NODE_8806_length_7749_cov_4.414379	3922	4055	6	3	133	0.0225564
NODE_8806_length_7749_cov_4.414379	3922	4055	8	13	133	0.0977444
NODE_8806_length_7749_cov_4.414379	3922	4055	9	43	133	0.3233083
NODE_8806_length_7749_cov_4.414379	3922	4055	10	34	133	0.2556391
NODE_8806_length_7749_cov_4.414379	3922	4055	11	18	133	0.1353384
NODE_88074_length_2452_cov_2.755631	2132	2265	6	2	133	0.0150376
NODE_88074_length_2452_cov_2.755631	2132	2265	7	6	133	0.0451128
NODE_88074_length_2452_cov_2.755631	2132	2265	8	4	133	0.0300752
NODE_88074_length_2452_cov_2.755631	2132	2265	9	19	133	0.1428571
NODE_88074_length_2452_cov_2.755631	2132	2265	10	14	133	0.1052632
NODE_88074_length_2452_cov_2.755631	2132	2265	11	24	133	0.1804511
NODE_88074_length_2452_cov_2.755631	2132	2265	12	47	133	0.3533835
NODE_88074_length_2452_cov_2.755631	2132	2265	13	17	133	0.1278196
NODE_88090_length_2451_cov_4.143707	727	860	8	10	133	0.0751880
NODE_88090_length_2451_cov_4.143707	727	860	9	6	133	0.0451128
NODE_88090_length_2451_cov_4.143707	727	860	10	4	133	0.0300752
NODE_88090_length_2451_cov_4.143707	727	860	11	5	133	0.0375940
NODE_88090_length_2451_cov_4.143707	727	860	13	2	133	0.0150376
NODE_88090_length_2451_cov_4.143707	727	860	14	29	133	0.2180451
NODE_88090_length_2451_cov_4.143707	727	860	15	40	133	0.3007519
NODE_88090_length_2451_cov_4.143707	727	860	16	23	133	0.1729323
NODE_88090_length_2451_cov_4.143707	727	860	17	13	133	0.0977444
NODE_88090_length_2451_cov_4.143707	727	860	18	1	133	0.0075188
NODE_880_length_15325_cov_4.630303	5542	5675	23	1	133	0.0075188
NODE_880_length_15325_cov_4.630303	5542	5675	24	7	133	0.0526316
NODE_880_length_15325_cov_4.630303	5542	5675	25	6	133	0.0451128
NODE_880_length_15325_cov_4.630303	5542	5675	26	2	133	0.0150376
NODE_880_length_15325_cov_4.630303	5542	5675	28	2	133	0.0150376
NODE_880_length_15325_cov_4.630303	5542	5675	32	2	133	0.0150376
NODE_880_length_15325_cov_4.630303	5542	5675	34	2	133	0.0150376
NODE_880_length_15325_cov_4.630303	5542	5675	36	1	133	0.0075188
NODE_880_length_15325_cov_4.630303	5542	5675	38	2	133	0.0150376
NODE_880_length_15325_cov_4.630303	5542	5675	39	1	133	0.0075188
NODE_880_length_15325_cov_4.630303	5542	5675	42	8	133	0.0601504
NODE_880_length_15325_cov_4.630303	5542	5675	43	9	133	0.0676692
NODE_880_length_15325_cov_4.630303	5542	5675	44	1	133	0.0075188
NODE_880_length_15325_cov_4.630303	5542	5675	45	6	133	0.0451128
NODE_880_length_15325_cov_4.630303	5542	5675	46	9	133	0.0676692
NODE_880_length_15325_cov_4.630303	5542	5675	47	6	133	0.0451128
NODE_880_length_15325_cov_4.630303	5542	5675	48	14	133	0.1052632
NODE_880_length_15325_cov_4.630303	5542	5675	49	23	133	0.1729323
NODE_880_length_15325_cov_4.630303	5542	5675	50	12	133	0.0902256
NODE_880_length_15325_cov_4.630303	5542	5675	51	7	133	0.0526316
NODE_880_length_15325_cov_4.630303	5542	5675	52	4	133	0.0300752
NODE_880_length_15325_cov_4.630303	5542	5675	54	1	133	0.0075188
NODE_880_length_15325_cov_4.630303	5542	5675	55	5	133	0.0375940
NODE_880_length_15325_cov_4.630303	5542	5675	56	2	133	0.0150376
NODE_88106_length_2451_cov_3.283163	917	1050	4	9	133	0.0676692
NODE_88106_length_2451_cov_3.283163	917	1050	5	8	133	0.0601504
NODE_88106_length_2451_cov_3.283163	917	1050	6	7	133	0.0526316
NODE_88106_length_2451_cov_3.283163	917	1050	7	7	133	0.0526316
NODE_88106_length_2451_cov_3.283163	917	1050	9	14	133	0.1052632
NODE_88106_length_2451_cov_3.283163	917	1050	10	27	133	0.2030075
NODE_88106_length_2451_cov_3.283163	917	1050	11	33	133	0.2481203
NODE_88106_length_2451_cov_3.283163	917	1050	12	14	133	0.1052632
NODE_88106_length_2451_cov_3.283163	917	1050	13	14	133	0.1052632
NODE_8814_length_7747_cov_4.209467	1195	1328	7	4	133	0.0300752
NODE_8814_length_7747_cov_4.209467	1195	1328	8	24	133	0.1804511
NODE_8814_length_7747_cov_4.209467	1195	1328	9	34	133	0.2556391
NODE_8814_length_7747_cov_4.209467	1195	1328	10	7	133	0.0526316
NODE_8814_length_7747_cov_4.209467	1195	1328	11	3	133	0.0225564
NODE_8814_length_7747_cov_4.209467	1195	1328	12	61	133	0.4586466
NODE_88233_length_2448_cov_4.572584	1100	1233	6	23	133	0.1729323
NODE_88233_length_2448_cov_4.572584	1100	1233	7	23	133	0.1729323
NODE_88233_length_2448_cov_4.572584	1100	1233	8	35	133	0.2631579
NODE_88233_length_2448_cov_4.572584	1100	1233	9	52	133	0.3909774
NODE_88255_length_2448_cov_3.359728	1317	1450	15	3	133	0.0225564
NODE_88255_length_2448_cov_3.359728	1317	1450	16	11	133	0.0827068
NODE_88255_length_2448_cov_3.359728	1317	1450	17	10	133	0.0751880
NODE_88255_length_2448_cov_3.359728	1317	1450	18	26	133	0.1954887
NODE_88255_length_2448_cov_3.359728	1317	1450	19	14	133	0.1052632
NODE_88255_length_2448_cov_3.359728	1317	1450	20	33	133	0.2481203
NODE_88255_length_2448_cov_3.359728	1317	1450	21	9	133	0.0676692
NODE_88255_length_2448_cov_3.359728	1317	1450	22	15	133	0.1127820
NODE_88255_length_2448_cov_3.359728	1317	1450	23	11	133	0.0827068
NODE_88255_length_2448_cov_3.359728	1317	1450	24	1	133	0.0075188
NODE_8833_length_7742_cov_4.822844	5989	6122	13	2	133	0.0150376
NODE_8833_length_7742_cov_4.822844	5989	6122	14	16	133	0.1203008
NODE_8833_length_7742_cov_4.822844	5989	6122	15	7	133	0.0526316
NODE_8833_length_7742_cov_4.822844	5989	6122	16	2	133	0.0150376
NODE_8833_length_7742_cov_4.822844	5989	6122	17	18	133	0.1353384
NODE_8833_length_7742_cov_4.822844	5989	6122	18	14	133	0.1052632
NODE_8833_length_7742_cov_4.822844	5989	6122	19	1	133	0.0075188
NODE_8833_length_7742_cov_4.822844	5989	6122	20	6	133	0.0451128
NODE_8833_length_7742_cov_4.822844	5989	6122	21	1	133	0.0075188
NODE_8833_length_7742_cov_4.822844	5989	6122	24	3	133	0.0225564
NODE_8833_length_7742_cov_4.822844	5989	6122	25	12	133	0.0902256
NODE_8833_length_7742_cov_4.822844	5989	6122	26	16	133	0.1203008
NODE_8833_length_7742_cov_4.822844	5989	6122	27	5	133	0.0375940
NODE_8833_length_7742_cov_4.822844	5989	6122	28	15	133	0.1127820
NODE_8833_length_7742_cov_4.822844	5989	6122	29	4	133	0.0300752
NODE_8833_length_7742_cov_4.822844	5989	6122	31	1	133	0.0075188
NODE_8833_length_7742_cov_4.822844	5989	6122	32	5	133	0.0375940
NODE_8833_length_7742_cov_4.822844	5989	6122	33	5	133	0.0375940
NODE_88345_length_2446_cov_3.861099	109	242	14	18	133	0.1353384
NODE_88345_length_2446_cov_3.861099	109	242	15	25	133	0.1879699
NODE_88345_length_2446_cov_3.861099	109	242	16	7	133	0.0526316
NODE_88345_length_2446_cov_3.861099	109	242	17	7	133	0.0526316
NODE_88345_length_2446_cov_3.861099	109	242	18	15	133	0.1127820
NODE_88345_length_2446_cov_3.861099	109	242	19	26	133	0.1954887
NODE_88345_length_2446_cov_3.861099	109	242	20	5	133	0.0375940
NODE_88345_length_2446_cov_3.861099	109	242	21	13	133	0.0977444
NODE_88345_length_2446_cov_3.861099	109	242	22	9	133	0.0676692
NODE_88345_length_2446_cov_3.861099	109	242	23	8	133	0.0601504
NODE_8837_length_7741_cov_4.825177	7077	7210	15	4	133	0.0300752
NODE_8837_length_7741_cov_4.825177	7077	7210	16	8	133	0.0601504
NODE_8837_length_7741_cov_4.825177	7077	7210	17	3	133	0.0225564
NODE_8837_length_7741_cov_4.825177	7077	7210	18	6	133	0.0451128
NODE_8837_length_7741_cov_4.825177	7077	7210	19	35	133	0.2631579
NODE_8837_length_7741_cov_4.825177	7077	7210	21	5	133	0.0375940
NODE_8837_length_7741_cov_4.825177	7077	7210	22	24	133	0.1804511
NODE_8837_length_7741_cov_4.825177	7077	7210	23	6	133	0.0451128
NODE_8837_length_7741_cov_4.825177	7077	7210	24	28	133	0.2105263
NODE_8837_length_7741_cov_4.825177	7077	7210	25	1	133	0.0075188
NODE_8837_length_7741_cov_4.825177	7077	7210	26	3	133	0.0225564
NODE_8837_length_7741_cov_4.825177	7077	7210	27	10	133	0.0751880
NODE_8844_length_7739_cov_5.247382	44	177	1	39	133	0.2932331
NODE_8844_length_7739_cov_5.247382	44	177	2	94	133	0.7067669
NODE_88457_length_2444_cov_3.920682	1809	1942	13	3	133	0.0225564
NODE_88457_length_2444_cov_3.920682	1809	1942	15	14	133	0.1052632
NODE_88457_length_2444_cov_3.920682	1809	1942	16	3	133	0.0225564
NODE_88457_length_2444_cov_3.920682	1809	1942	18	15	133	0.1127820
NODE_88457_length_2444_cov_3.920682	1809	1942	19	9	133	0.0676692
NODE_88457_length_2444_cov_3.920682	1809	1942	20	16	133	0.1203008
NODE_88457_length_2444_cov_3.920682	1809	1942	21	20	133	0.1503759
NODE_88457_length_2444_cov_3.920682	1809	1942	22	4	133	0.0300752
NODE_88457_length_2444_cov_3.920682	1809	1942	23	14	133	0.1052632
NODE_88457_length_2444_cov_3.920682	1809	1942	24	26	133	0.1954887
NODE_88457_length_2444_cov_3.920682	1809	1942	25	9	133	0.0676692
NODE_88470_length_2444_cov_3.122814	1157	1290	8	5	133	0.0375940
NODE_88470_length_2444_cov_3.122814	1157	1290	9	23	133	0.1729323
NODE_88470_length_2444_cov_3.122814	1157	1290	10	2	133	0.0150376
NODE_88470_length_2444_cov_3.122814	1157	1290	11	23	133	0.1729323
NODE_88470_length_2444_cov_3.122814	1157	1290	12	22	133	0.1654135
NODE_88470_length_2444_cov_3.122814	1157	1290	13	19	133	0.1428571
NODE_88470_length_2444_cov_3.122814	1157	1290	14	16	133	0.1203008
NODE_88470_length_2444_cov_3.122814	1157	1290	15	23	133	0.1729323
NODE_8858_length_7736_cov_4.225088	5727	5860	3	15	133	0.1127820
NODE_8858_length_7736_cov_4.225088	5727	5860	5	6	133	0.0451128
NODE_8858_length_7736_cov_4.225088	5727	5860	6	25	133	0.1879699
NODE_8858_length_7736_cov_4.225088	5727	5860	8	11	133	0.0827068
NODE_8858_length_7736_cov_4.225088	5727	5860	9	27	133	0.2030075
NODE_8858_length_7736_cov_4.225088	5727	5860	10	29	133	0.2180451
NODE_8858_length_7736_cov_4.225088	5727	5860	11	20	133	0.1503759
NODE_88604_length_2441_cov_4.345858	1280	1413	4	22	133	0.1654135
NODE_88604_length_2441_cov_4.345858	1280	1413	5	16	133	0.1203008
NODE_88604_length_2441_cov_4.345858	1280	1413	7	1	133	0.0075188
NODE_88604_length_2441_cov_4.345858	1280	1413	8	18	133	0.1353384
NODE_88604_length_2441_cov_4.345858	1280	1413	9	39	133	0.2932331
NODE_88604_length_2441_cov_4.345858	1280	1413	10	5	133	0.0375940
NODE_88604_length_2441_cov_4.345858	1280	1413	11	32	133	0.2406015
NODE_88612_length_2441_cov_3.802306	1199	1332	9	8	133	0.0601504
NODE_88612_length_2441_cov_3.802306	1199	1332	10	6	133	0.0451128
NODE_88612_length_2441_cov_3.802306	1199	1332	11	25	133	0.1879699
NODE_88612_length_2441_cov_3.802306	1199	1332	12	14	133	0.1052632
NODE_88612_length_2441_cov_3.802306	1199	1332	13	31	133	0.2330827
NODE_88612_length_2441_cov_3.802306	1199	1332	14	29	133	0.2180451
NODE_88612_length_2441_cov_3.802306	1199	1332	15	20	133	0.1503759
NODE_88618_length_2441_cov_3.672075	352	485	13	3	133	0.0225564
NODE_88618_length_2441_cov_3.672075	352	485	14	4	133	0.0300752
NODE_88618_length_2441_cov_3.672075	352	485	15	5	133	0.0375940
NODE_88618_length_2441_cov_3.672075	352	485	16	1	133	0.0075188
NODE_88618_length_2441_cov_3.672075	352	485	17	7	133	0.0526316
NODE_88618_length_2441_cov_3.672075	352	485	18	17	133	0.1278196
NODE_88618_length_2441_cov_3.672075	352	485	19	12	133	0.0902256
NODE_88618_length_2441_cov_3.672075	352	485	20	7	133	0.0526316
NODE_88618_length_2441_cov_3.672075	352	485	22	2	133	0.0150376
NODE_88618_length_2441_cov_3.672075	352	485	23	15	133	0.1127820
NODE_88618_length_2441_cov_3.672075	352	485	24	20	133	0.1503759
NODE_88618_length_2441_cov_3.672075	352	485	25	40	133	0.3007519
NODE_8863_length_7734_cov_5.093648	3101	3234	10	7	133	0.0526316
NODE_8863_length_7734_cov_5.093648	3101	3234	11	13	133	0.0977444
NODE_8863_length_7734_cov_5.093648	3101	3234	12	13	133	0.0977444
NODE_8863_length_7734_cov_5.093648	3101	3234	13	4	133	0.0300752
NODE_8863_length_7734_cov_5.093648	3101	3234	14	5	133	0.0375940
NODE_8863_length_7734_cov_5.093648	3101	3234	15	33	133	0.2481203
NODE_8863_length_7734_cov_5.093648	3101	3234	16	8	133	0.0601504
NODE_8863_length_7734_cov_5.093648	3101	3234	17	16	133	0.1203008
NODE_8863_length_7734_cov_5.093648	3101	3234	18	30	133	0.2255639
NODE_8863_length_7734_cov_5.093648	3101	3234	19	4	133	0.0300752
NODE_88643_length_2440_cov_5.340026	2218	2351	13	6	133	0.0451128
NODE_88643_length_2440_cov_5.340026	2218	2351	14	6	133	0.0451128
NODE_88643_length_2440_cov_5.340026	2218	2351	16	2	133	0.0150376
NODE_88643_length_2440_cov_5.340026	2218	2351	17	12	133	0.0902256
NODE_88643_length_2440_cov_5.340026	2218	2351	18	17	133	0.1278196
NODE_88643_length_2440_cov_5.340026	2218	2351	19	36	133	0.2706767
NODE_88643_length_2440_cov_5.340026	2218	2351	20	17	133	0.1278196
NODE_88643_length_2440_cov_5.340026	2218	2351	21	14	133	0.1052632
NODE_88643_length_2440_cov_5.340026	2218	2351	22	1	133	0.0075188
NODE_88643_length_2440_cov_5.340026	2218	2351	23	19	133	0.1428571
NODE_88643_length_2440_cov_5.340026	2218	2351	24	3	133	0.0225564
NODE_88659_length_2440_cov_4.285775	836	969	4	9	133	0.0676692
NODE_88659_length_2440_cov_4.285775	836	969	5	8	133	0.0601504
NODE_88659_length_2440_cov_4.285775	836	969	7	1	133	0.0075188
NODE_88659_length_2440_cov_4.285775	836	969	8	10	133	0.0751880
NODE_88659_length_2440_cov_4.285775	836	969	10	9	133	0.0676692
NODE_88659_length_2440_cov_4.285775	836	969	12	1	133	0.0075188
NODE_88659_length_2440_cov_4.285775	836	969	14	1	133	0.0075188
NODE_88659_length_2440_cov_4.285775	836	969	15	9	133	0.0676692
NODE_88659_length_2440_cov_4.285775	836	969	16	5	133	0.0375940
NODE_88659_length_2440_cov_4.285775	836	969	17	1	133	0.0075188
NODE_88659_length_2440_cov_4.285775	836	969	20	8	133	0.0601504
NODE_88659_length_2440_cov_4.285775	836	969	22	12	133	0.0902256
NODE_88659_length_2440_cov_4.285775	836	969	23	25	133	0.1879699
NODE_88659_length_2440_cov_4.285775	836	969	24	29	133	0.2180451
NODE_88659_length_2440_cov_4.285775	836	969	26	5	133	0.0375940
NODE_8870_length_7733_cov_4.839665	2361	2494	7	65	133	0.4887218
NODE_8870_length_7733_cov_4.839665	2361	2494	9	14	133	0.1052632
NODE_8870_length_7733_cov_4.839665	2361	2494	10	20	133	0.1503759
NODE_8870_length_7733_cov_4.839665	2361	2494	12	18	133	0.1353384
NODE_8870_length_7733_cov_4.839665	2361	2494	13	16	133	0.1203008
NODE_8878_length_7730_cov_3.752981	394	527	2	11	133	0.0827068
NODE_8878_length_7730_cov_3.752981	394	527	3	7	133	0.0526316
NODE_8878_length_7730_cov_3.752981	394	527	4	1	133	0.0075188
NODE_8878_length_7730_cov_3.752981	394	527	5	10	133	0.0751880
NODE_8878_length_7730_cov_3.752981	394	527	6	9	133	0.0676692
NODE_8878_length_7730_cov_3.752981	394	527	8	21	133	0.1578947
NODE_8878_length_7730_cov_3.752981	394	527	9	35	133	0.2631579
NODE_8878_length_7730_cov_3.752981	394	527	10	39	133	0.2932331
NODE_88811_length_2437_cov_4.607784	250	383	9	18	133	0.1353384
NODE_88811_length_2437_cov_4.607784	250	383	10	3	133	0.0225564
NODE_88811_length_2437_cov_4.607784	250	383	11	4	133	0.0300752
NODE_88811_length_2437_cov_4.607784	250	383	12	9	133	0.0676692
NODE_88811_length_2437_cov_4.607784	250	383	13	3	133	0.0225564
NODE_88811_length_2437_cov_4.607784	250	383	14	31	133	0.2330827
NODE_88811_length_2437_cov_4.607784	250	383	15	20	133	0.1503759
NODE_88811_length_2437_cov_4.607784	250	383	16	32	133	0.2406015
NODE_88811_length_2437_cov_4.607784	250	383	17	13	133	0.0977444
NODE_8889_length_7728_cov_5.063835	5024	5157	16	1	133	0.0075188
NODE_8889_length_7728_cov_5.063835	5024	5157	17	1	133	0.0075188
NODE_8889_length_7728_cov_5.063835	5024	5157	19	14	133	0.1052632
NODE_8889_length_7728_cov_5.063835	5024	5157	20	15	133	0.1127820
NODE_8889_length_7728_cov_5.063835	5024	5157	21	11	133	0.0827068
NODE_8889_length_7728_cov_5.063835	5024	5157	22	4	133	0.0300752
NODE_8889_length_7728_cov_5.063835	5024	5157	23	3	133	0.0225564
NODE_8889_length_7728_cov_5.063835	5024	5157	24	14	133	0.1052632
NODE_8889_length_7728_cov_5.063835	5024	5157	25	5	133	0.0375940
NODE_8889_length_7728_cov_5.063835	5024	5157	26	12	133	0.0902256
NODE_8889_length_7728_cov_5.063835	5024	5157	27	29	133	0.2180451
NODE_8889_length_7728_cov_5.063835	5024	5157	28	11	133	0.0827068
NODE_8889_length_7728_cov_5.063835	5024	5157	29	6	133	0.0451128
NODE_8889_length_7728_cov_5.063835	5024	5157	30	7	133	0.0526316
NODE_88970_length_2434_cov_4.378587	1522	1655	12	5	133	0.0375940
NODE_88970_length_2434_cov_4.378587	1522	1655	13	1	133	0.0075188
NODE_88970_length_2434_cov_4.378587	1522	1655	16	16	133	0.1203008
NODE_88970_length_2434_cov_4.378587	1522	1655	17	1	133	0.0075188
NODE_88970_length_2434_cov_4.378587	1522	1655	19	1	133	0.0075188
NODE_88970_length_2434_cov_4.378587	1522	1655	20	2	133	0.0150376
NODE_88970_length_2434_cov_4.378587	1522	1655	21	1	133	0.0075188
NODE_88970_length_2434_cov_4.378587	1522	1655	23	6	133	0.0451128
NODE_88970_length_2434_cov_4.378587	1522	1655	24	8	133	0.0601504
NODE_88970_length_2434_cov_4.378587	1522	1655	25	26	133	0.1954887
NODE_88970_length_2434_cov_4.378587	1522	1655	26	9	133	0.0676692
NODE_88970_length_2434_cov_4.378587	1522	1655	27	1	133	0.0075188
NODE_88970_length_2434_cov_4.378587	1522	1655	28	4	133	0.0300752
NODE_88970_length_2434_cov_4.378587	1522	1655	29	43	133	0.3233083
NODE_88970_length_2434_cov_4.378587	1522	1655	30	6	133	0.0451128
NODE_88970_length_2434_cov_4.378587	1522	1655	31	3	133	0.0225564
NODE_88973_length_2434_cov_4.278801	1685	1818	3	24	133	0.1804511
NODE_88973_length_2434_cov_4.278801	1685	1818	4	21	133	0.1578947
NODE_88973_length_2434_cov_4.278801	1685	1818	5	83	133	0.6240602
NODE_88973_length_2434_cov_4.278801	1685	1818	6	5	133	0.0375940
NODE_88_length_24837_cov_5.139219	2465	2598	7	2	133	0.0150376
NODE_88_length_24837_cov_5.139219	2465	2598	8	18	133	0.1353384
NODE_88_length_24837_cov_5.139219	2465	2598	9	4	133	0.0300752
NODE_88_length_24837_cov_5.139219	2465	2598	10	64	133	0.4812030
NODE_88_length_24837_cov_5.139219	2465	2598	11	9	133	0.0676692
NODE_88_length_24837_cov_5.139219	2465	2598	12	36	133	0.2706767
NODE_89055_length_2432_cov_5.229747	644	777	10	13	133	0.0977444
NODE_89055_length_2432_cov_5.229747	644	777	11	11	133	0.0827068
NODE_89055_length_2432_cov_5.229747	644	777	12	55	133	0.4135338
NODE_89055_length_2432_cov_5.229747	644	777	13	47	133	0.3533835
NODE_89055_length_2432_cov_5.229747	644	777	14	7	133	0.0526316
NODE_89109_length_2431_cov_4.151372	1969	2102	21	11	133	0.0827068
NODE_89109_length_2431_cov_4.151372	1969	2102	22	1	133	0.0075188
NODE_89109_length_2431_cov_4.151372	1969	2102	23	1	133	0.0075188
NODE_89109_length_2431_cov_4.151372	1969	2102	24	10	133	0.0751880
NODE_89109_length_2431_cov_4.151372	1969	2102	25	31	133	0.2330827
NODE_89109_length_2431_cov_4.151372	1969	2102	26	8	133	0.0601504
NODE_89109_length_2431_cov_4.151372	1969	2102	27	30	133	0.2255639
NODE_89109_length_2431_cov_4.151372	1969	2102	28	28	133	0.2105263
NODE_89109_length_2431_cov_4.151372	1969	2102	29	9	133	0.0676692
NODE_89109_length_2431_cov_4.151372	1969	2102	30	4	133	0.0300752
NODE_8912_length_7722_cov_4.874328	1914	2047	5	28	133	0.2105263
NODE_8912_length_7722_cov_4.874328	1914	2047	6	70	133	0.5263158
NODE_8912_length_7722_cov_4.874328	1914	2047	7	13	133	0.0977444
NODE_8912_length_7722_cov_4.874328	1914	2047	8	22	133	0.1654135
NODE_891_length_15307_cov_4.722251	14856	14989	2	8	133	0.0601504
NODE_891_length_15307_cov_4.722251	14856	14989	3	10	133	0.0751880
NODE_891_length_15307_cov_4.722251	14856	14989	4	29	133	0.2180451
NODE_891_length_15307_cov_4.722251	14856	14989	5	6	133	0.0451128
NODE_891_length_15307_cov_4.722251	14856	14989	6	20	133	0.1503759
NODE_891_length_15307_cov_4.722251	14856	14989	7	60	133	0.4511278
NODE_8922_length_7718_cov_4.247670	3726	3859	12	15	133	0.1127820
NODE_8922_length_7718_cov_4.247670	3726	3859	13	6	133	0.0451128
NODE_8922_length_7718_cov_4.247670	3726	3859	14	5	133	0.0375940
NODE_8922_length_7718_cov_4.247670	3726	3859	15	7	133	0.0526316
NODE_8922_length_7718_cov_4.247670	3726	3859	16	5	133	0.0375940
NODE_8922_length_7718_cov_4.247670	3726	3859	18	3	133	0.0225564
NODE_8922_length_7718_cov_4.247670	3726	3859	19	16	133	0.1203008
NODE_8922_length_7718_cov_4.247670	3726	3859	20	35	133	0.2631579
NODE_8922_length_7718_cov_4.247670	3726	3859	21	30	133	0.2255639
NODE_8922_length_7718_cov_4.247670	3726	3859	22	11	133	0.0827068
NODE_89249_length_2428_cov_4.013310	1612	1745	15	27	133	0.2030075
NODE_89249_length_2428_cov_4.013310	1612	1745	17	10	133	0.0751880
NODE_89249_length_2428_cov_4.013310	1612	1745	18	21	133	0.1578947
NODE_89249_length_2428_cov_4.013310	1612	1745	19	21	133	0.1578947
NODE_89249_length_2428_cov_4.013310	1612	1745	20	10	133	0.0751880
NODE_89249_length_2428_cov_4.013310	1612	1745	21	25	133	0.1879699
NODE_89249_length_2428_cov_4.013310	1612	1745	22	17	133	0.1278196
NODE_89249_length_2428_cov_4.013310	1612	1745	23	2	133	0.0150376
NODE_8927_length_7716_cov_4.049363	3376	3509	28	3	133	0.0225564
NODE_8927_length_7716_cov_4.049363	3376	3509	29	1	133	0.0075188
NODE_8927_length_7716_cov_4.049363	3376	3509	30	1	133	0.0075188
NODE_8927_length_7716_cov_4.049363	3376	3509	31	8	133	0.0601504
NODE_8927_length_7716_cov_4.049363	3376	3509	32	2	133	0.0150376
NODE_8927_length_7716_cov_4.049363	3376	3509	33	11	133	0.0827068
NODE_8927_length_7716_cov_4.049363	3376	3509	34	4	133	0.0300752
NODE_8927_length_7716_cov_4.049363	3376	3509	35	23	133	0.1729323
NODE_8927_length_7716_cov_4.049363	3376	3509	36	16	133	0.1203008
NODE_8927_length_7716_cov_4.049363	3376	3509	37	16	133	0.1203008
NODE_8927_length_7716_cov_4.049363	3376	3509	38	4	133	0.0300752
NODE_8927_length_7716_cov_4.049363	3376	3509	39	5	133	0.0375940
NODE_8927_length_7716_cov_4.049363	3376	3509	40	3	133	0.0225564
NODE_8927_length_7716_cov_4.049363	3376	3509	41	9	133	0.0676692
NODE_8927_length_7716_cov_4.049363	3376	3509	42	10	133	0.0751880
NODE_8927_length_7716_cov_4.049363	3376	3509	43	1	133	0.0075188
NODE_8927_length_7716_cov_4.049363	3376	3509	44	3	133	0.0225564
NODE_8927_length_7716_cov_4.049363	3376	3509	45	13	133	0.0977444
NODE_8929_length_7716_cov_3.752002	2540	2673	6	17	133	0.1278196
NODE_8929_length_7716_cov_3.752002	2540	2673	7	59	133	0.4436090
NODE_8929_length_7716_cov_3.752002	2540	2673	8	9	133	0.0676692
NODE_8929_length_7716_cov_3.752002	2540	2673	9	4	133	0.0300752
NODE_8929_length_7716_cov_3.752002	2540	2673	10	44	133	0.3308271
NODE_89320_length_2427_cov_3.659364	1861	1994	15	2	133	0.0150376
NODE_89320_length_2427_cov_3.659364	1861	1994	16	3	133	0.0225564
NODE_89320_length_2427_cov_3.659364	1861	1994	17	9	133	0.0676692
NODE_89320_length_2427_cov_3.659364	1861	1994	18	3	133	0.0225564
NODE_89320_length_2427_cov_3.659364	1861	1994	19	4	133	0.0300752
NODE_89320_length_2427_cov_3.659364	1861	1994	20	7	133	0.0526316
NODE_89320_length_2427_cov_3.659364	1861	1994	21	7	133	0.0526316
NODE_89320_length_2427_cov_3.659364	1861	1994	22	10	133	0.0751880
NODE_89320_length_2427_cov_3.659364	1861	1994	23	7	133	0.0526316
NODE_89320_length_2427_cov_3.659364	1861	1994	25	10	133	0.0751880
NODE_89320_length_2427_cov_3.659364	1861	1994	26	12	133	0.0902256
NODE_89320_length_2427_cov_3.659364	1861	1994	27	2	133	0.0150376
NODE_89320_length_2427_cov_3.659364	1861	1994	28	15	133	0.1127820
NODE_89320_length_2427_cov_3.659364	1861	1994	29	17	133	0.1278196
NODE_89320_length_2427_cov_3.659364	1861	1994	30	23	133	0.1729323
NODE_89320_length_2427_cov_3.659364	1861	1994	31	2	133	0.0150376
NODE_89374_length_2426_cov_3.923936	454	587	6	17	133	0.1278196
NODE_89374_length_2426_cov_3.923936	454	587	8	22	133	0.1654135
NODE_89374_length_2426_cov_3.923936	454	587	9	10	133	0.0751880
NODE_89374_length_2426_cov_3.923936	454	587	10	13	133	0.0977444
NODE_89374_length_2426_cov_3.923936	454	587	11	66	133	0.4962406
NODE_89374_length_2426_cov_3.923936	454	587	12	5	133	0.0375940
NODE_8937_length_7714_cov_4.440053	6946	7079	9	3	133	0.0225564
NODE_8937_length_7714_cov_4.440053	6946	7079	10	10	133	0.0751880
NODE_8937_length_7714_cov_4.440053	6946	7079	11	6	133	0.0451128
NODE_8937_length_7714_cov_4.440053	6946	7079	12	2	133	0.0150376
NODE_8937_length_7714_cov_4.440053	6946	7079	14	13	133	0.0977444
NODE_8937_length_7714_cov_4.440053	6946	7079	15	10	133	0.0751880
NODE_8937_length_7714_cov_4.440053	6946	7079	17	8	133	0.0601504
NODE_8937_length_7714_cov_4.440053	6946	7079	18	9	133	0.0676692
NODE_8937_length_7714_cov_4.440053	6946	7079	21	5	133	0.0375940
NODE_8937_length_7714_cov_4.440053	6946	7079	23	9	133	0.0676692
NODE_8937_length_7714_cov_4.440053	6946	7079	24	30	133	0.2255639
NODE_8937_length_7714_cov_4.440053	6946	7079	25	21	133	0.1578947
NODE_8937_length_7714_cov_4.440053	6946	7079	26	7	133	0.0526316
NODE_8938_length_7713_cov_4.649856	5167	5300	15	1	133	0.0075188
NODE_8938_length_7713_cov_4.649856	5167	5300	16	7	133	0.0526316
NODE_8938_length_7713_cov_4.649856	5167	5300	17	7	133	0.0526316
NODE_8938_length_7713_cov_4.649856	5167	5300	18	18	133	0.1353384
NODE_8938_length_7713_cov_4.649856	5167	5300	19	4	133	0.0300752
NODE_8938_length_7713_cov_4.649856	5167	5300	20	7	133	0.0526316
NODE_8938_length_7713_cov_4.649856	5167	5300	21	6	133	0.0451128
NODE_8938_length_7713_cov_4.649856	5167	5300	22	40	133	0.3007519
NODE_8938_length_7713_cov_4.649856	5167	5300	23	4	133	0.0300752
NODE_8938_length_7713_cov_4.649856	5167	5300	24	7	133	0.0526316
NODE_8938_length_7713_cov_4.649856	5167	5300	25	9	133	0.0676692
NODE_8938_length_7713_cov_4.649856	5167	5300	26	8	133	0.0601504
NODE_8938_length_7713_cov_4.649856	5167	5300	28	15	133	0.1127820
NODE_89395_length_2425_cov_7.134996	728	861	3	56	133	0.4210526
NODE_89395_length_2425_cov_7.134996	728	861	4	4	133	0.0300752
NODE_89395_length_2425_cov_7.134996	728	861	5	49	133	0.3684210
NODE_89395_length_2425_cov_7.134996	728	861	6	24	133	0.1804511
NODE_89410_length_2425_cov_4.597163	704	837	23	2	133	0.0150376
NODE_89410_length_2425_cov_4.597163	704	837	24	5	133	0.0375940
NODE_89410_length_2425_cov_4.597163	704	837	25	1	133	0.0075188
NODE_89410_length_2425_cov_4.597163	704	837	27	14	133	0.1052632
NODE_89410_length_2425_cov_4.597163	704	837	28	6	133	0.0451128
NODE_89410_length_2425_cov_4.597163	704	837	29	6	133	0.0451128
NODE_89410_length_2425_cov_4.597163	704	837	30	8	133	0.0601504
NODE_89410_length_2425_cov_4.597163	704	837	31	7	133	0.0526316
NODE_89410_length_2425_cov_4.597163	704	837	32	6	133	0.0451128
NODE_89410_length_2425_cov_4.597163	704	837	33	17	133	0.1278196
NODE_89410_length_2425_cov_4.597163	704	837	34	20	133	0.1503759
NODE_89410_length_2425_cov_4.597163	704	837	35	11	133	0.0827068
NODE_89410_length_2425_cov_4.597163	704	837	36	22	133	0.1654135
NODE_89410_length_2425_cov_4.597163	704	837	37	8	133	0.0601504
NODE_8945_length_7711_cov_5.308329	1844	1977	8	17	133	0.1278196
NODE_8945_length_7711_cov_5.308329	1844	1977	9	30	133	0.2255639
NODE_8945_length_7711_cov_5.308329	1844	1977	10	48	133	0.3609022
NODE_8945_length_7711_cov_5.308329	1844	1977	11	29	133	0.2180451
NODE_8945_length_7711_cov_5.308329	1844	1977	12	9	133	0.0676692
NODE_89470_length_2424_cov_4.497634	483	616	1	14	133	0.1052632
NODE_89470_length_2424_cov_4.497634	483	616	2	3	133	0.0225564
NODE_89470_length_2424_cov_4.497634	483	616	4	46	133	0.3458647
NODE_89470_length_2424_cov_4.497634	483	616	5	24	133	0.1804511
NODE_89470_length_2424_cov_4.497634	483	616	7	2	133	0.0150376
NODE_89470_length_2424_cov_4.497634	483	616	8	44	133	0.3308271
NODE_8966_length_7705_cov_4.876019	4792	4925	10	22	133	0.1654135
NODE_8966_length_7705_cov_4.876019	4792	4925	11	10	133	0.0751880
NODE_8966_length_7705_cov_4.876019	4792	4925	12	1	133	0.0075188
NODE_8966_length_7705_cov_4.876019	4792	4925	13	20	133	0.1503759
NODE_8966_length_7705_cov_4.876019	4792	4925	15	3	133	0.0225564
NODE_8966_length_7705_cov_4.876019	4792	4925	16	24	133	0.1804511
NODE_8966_length_7705_cov_4.876019	4792	4925	17	11	133	0.0827068
NODE_8966_length_7705_cov_4.876019	4792	4925	18	12	133	0.0902256
NODE_8966_length_7705_cov_4.876019	4792	4925	19	20	133	0.1503759
NODE_8966_length_7705_cov_4.876019	4792	4925	20	2	133	0.0150376
NODE_8966_length_7705_cov_4.876019	4792	4925	21	8	133	0.0601504
NODE_89753_length_2419_cov_4.598707	1898	2031	7	9	133	0.0676692
NODE_89753_length_2419_cov_4.598707	1898	2031	8	6	133	0.0451128
NODE_89753_length_2419_cov_4.598707	1898	2031	9	52	133	0.3909774
NODE_89753_length_2419_cov_4.598707	1898	2031	10	25	133	0.1879699
NODE_89753_length_2419_cov_4.598707	1898	2031	11	13	133	0.0977444
NODE_89753_length_2419_cov_4.598707	1898	2031	12	28	133	0.2105263
NODE_89805_length_2418_cov_5.356619	2250	2383	5	3	133	0.0225564
NODE_89805_length_2418_cov_5.356619	2250	2383	6	14	133	0.1052632
NODE_89805_length_2418_cov_5.356619	2250	2383	7	37	133	0.2781955
NODE_89805_length_2418_cov_5.356619	2250	2383	8	27	133	0.2030075
NODE_89805_length_2418_cov_5.356619	2250	2383	9	28	133	0.2105263
NODE_89805_length_2418_cov_5.356619	2250	2383	10	18	133	0.1353384
NODE_89805_length_2418_cov_5.356619	2250	2383	11	6	133	0.0451128
NODE_89839_length_2418_cov_3.710220	2220	2353	4	5	133	0.0375940
NODE_89839_length_2418_cov_3.710220	2220	2353	5	1	133	0.0075188
NODE_89839_length_2418_cov_3.710220	2220	2353	7	3	133	0.0225564
NODE_89839_length_2418_cov_3.710220	2220	2353	8	9	133	0.0676692
NODE_89839_length_2418_cov_3.710220	2220	2353	9	63	133	0.4736842
NODE_89839_length_2418_cov_3.710220	2220	2353	10	8	133	0.0601504
NODE_89839_length_2418_cov_3.710220	2220	2353	11	35	133	0.2631579
NODE_89839_length_2418_cov_3.710220	2220	2353	12	5	133	0.0375940
NODE_89839_length_2418_cov_3.710220	2220	2353	13	4	133	0.0300752
NODE_8987_length_7700_cov_4.792001	7135	7268	4	11	133	0.0827068
NODE_8987_length_7700_cov_4.792001	7135	7268	5	22	133	0.1654135
NODE_8987_length_7700_cov_4.792001	7135	7268	6	29	133	0.2180451
NODE_8987_length_7700_cov_4.792001	7135	7268	7	6	133	0.0451128
NODE_8987_length_7700_cov_4.792001	7135	7268	8	1	133	0.0075188
NODE_8987_length_7700_cov_4.792001	7135	7268	9	10	133	0.0751880
NODE_8987_length_7700_cov_4.792001	7135	7268	10	28	133	0.2105263
NODE_8987_length_7700_cov_4.792001	7135	7268	11	26	133	0.1954887
NODE_8999_length_7699_cov_4.221316	821	954	16	2	133	0.0150376
NODE_8999_length_7699_cov_4.221316	821	954	17	7	133	0.0526316
NODE_8999_length_7699_cov_4.221316	821	954	18	29	133	0.2180451
NODE_8999_length_7699_cov_4.221316	821	954	19	44	133	0.3308271
NODE_8999_length_7699_cov_4.221316	821	954	20	37	133	0.2781955
NODE_8999_length_7699_cov_4.221316	821	954	21	8	133	0.0601504
NODE_8999_length_7699_cov_4.221316	821	954	22	6	133	0.0451128
NODE_89_length_24813_cov_5.425548	15569	15702	21	4	133	0.0300752
NODE_89_length_24813_cov_5.425548	15569	15702	22	1	133	0.0075188
NODE_89_length_24813_cov_5.425548	15569	15702	23	5	133	0.0375940
NODE_89_length_24813_cov_5.425548	15569	15702	24	16	133	0.1203008
NODE_89_length_24813_cov_5.425548	15569	15702	25	1	133	0.0075188
NODE_89_length_24813_cov_5.425548	15569	15702	26	6	133	0.0451128
NODE_89_length_24813_cov_5.425548	15569	15702	27	10	133	0.0751880
NODE_89_length_24813_cov_5.425548	15569	15702	28	16	133	0.1203008
NODE_89_length_24813_cov_5.425548	15569	15702	29	19	133	0.1428571
NODE_89_length_24813_cov_5.425548	15569	15702	30	10	133	0.0751880
NODE_89_length_24813_cov_5.425548	15569	15702	31	22	133	0.1654135
NODE_89_length_24813_cov_5.425548	15569	15702	33	12	133	0.0902256
NODE_89_length_24813_cov_5.425548	15569	15702	34	2	133	0.0150376
NODE_89_length_24813_cov_5.425548	15569	15702	35	9	133	0.0676692
NODE_90118_length_2413_cov_5.202247	245	378	5	6	133	0.0451128
NODE_90118_length_2413_cov_5.202247	245	378	7	32	133	0.2406015
NODE_90118_length_2413_cov_5.202247	245	378	8	15	133	0.1127820
NODE_90118_length_2413_cov_5.202247	245	378	10	35	133	0.2631579
NODE_90118_length_2413_cov_5.202247	245	378	11	45	133	0.3383459
NODE_90119_length_2413_cov_5.201383	1889	2022	5	38	133	0.2857143
NODE_90119_length_2413_cov_5.201383	1889	2022	6	26	133	0.1954887
NODE_90119_length_2413_cov_5.201383	1889	2022	7	2	133	0.0150376
NODE_90119_length_2413_cov_5.201383	1889	2022	8	6	133	0.0451128
NODE_90119_length_2413_cov_5.201383	1889	2022	9	12	133	0.0902256
NODE_90119_length_2413_cov_5.201383	1889	2022	10	49	133	0.3684210
NODE_90122_length_2413_cov_5.058773	272	405	30	5	133	0.0375940
NODE_90122_length_2413_cov_5.058773	272	405	31	2	133	0.0150376
NODE_90122_length_2413_cov_5.058773	272	405	32	2	133	0.0150376
NODE_90122_length_2413_cov_5.058773	272	405	33	6	133	0.0451128
NODE_90122_length_2413_cov_5.058773	272	405	34	1	133	0.0075188
NODE_90122_length_2413_cov_5.058773	272	405	38	6	133	0.0451128
NODE_90122_length_2413_cov_5.058773	272	405	39	3	133	0.0225564
NODE_90122_length_2413_cov_5.058773	272	405	40	2	133	0.0150376
NODE_90122_length_2413_cov_5.058773	272	405	41	1	133	0.0075188
NODE_90122_length_2413_cov_5.058773	272	405	42	6	133	0.0451128
NODE_90122_length_2413_cov_5.058773	272	405	43	5	133	0.0375940
NODE_90122_length_2413_cov_5.058773	272	405	44	1	133	0.0075188
NODE_90122_length_2413_cov_5.058773	272	405	45	4	133	0.0300752
NODE_90122_length_2413_cov_5.058773	272	405	47	2	133	0.0150376
NODE_90122_length_2413_cov_5.058773	272	405	48	8	133	0.0601504
NODE_90122_length_2413_cov_5.058773	272	405	49	3	133	0.0225564
NODE_90122_length_2413_cov_5.058773	272	405	50	5	133	0.0375940
NODE_90122_length_2413_cov_5.058773	272	405	51	15	133	0.1127820
NODE_90122_length_2413_cov_5.058773	272	405	53	1	133	0.0075188
NODE_90122_length_2413_cov_5.058773	272	405	54	7	133	0.0526316
NODE_90122_length_2413_cov_5.058773	272	405	56	3	133	0.0225564
NODE_90122_length_2413_cov_5.058773	272	405	57	2	133	0.0150376
NODE_90122_length_2413_cov_5.058773	272	405	58	23	133	0.1729323
NODE_90122_length_2413_cov_5.058773	272	405	60	10	133	0.0751880
NODE_90122_length_2413_cov_5.058773	272	405	61	1	133	0.0075188
NODE_90122_length_2413_cov_5.058773	272	405	62	6	133	0.0451128
NODE_90122_length_2413_cov_5.058773	272	405	63	3	133	0.0225564
NODE_90187_length_2412_cov_3.357977	1761	1894	5	1	133	0.0075188
NODE_90187_length_2412_cov_3.357977	1761	1894	6	10	133	0.0751880
NODE_90187_length_2412_cov_3.357977	1761	1894	8	34	133	0.2556391
NODE_90187_length_2412_cov_3.357977	1761	1894	9	7	133	0.0526316
NODE_90187_length_2412_cov_3.357977	1761	1894	10	6	133	0.0451128
NODE_90187_length_2412_cov_3.357977	1761	1894	11	36	133	0.2706767
NODE_90187_length_2412_cov_3.357977	1761	1894	12	27	133	0.2030075
NODE_90187_length_2412_cov_3.357977	1761	1894	13	12	133	0.0902256
NODE_90263_length_2410_cov_4.970576	252	385	20	1	133	0.0075188
NODE_90263_length_2410_cov_4.970576	252	385	21	3	133	0.0225564
NODE_90263_length_2410_cov_4.970576	252	385	22	2	133	0.0150376
NODE_90263_length_2410_cov_4.970576	252	385	23	13	133	0.0977444
NODE_90263_length_2410_cov_4.970576	252	385	24	7	133	0.0526316
NODE_90263_length_2410_cov_4.970576	252	385	25	5	133	0.0375940
NODE_90263_length_2410_cov_4.970576	252	385	26	6	133	0.0451128
NODE_90263_length_2410_cov_4.970576	252	385	28	17	133	0.1278196
NODE_90263_length_2410_cov_4.970576	252	385	29	29	133	0.2180451
NODE_90263_length_2410_cov_4.970576	252	385	30	31	133	0.2330827
NODE_90263_length_2410_cov_4.970576	252	385	31	19	133	0.1428571
NODE_90383_length_2408_cov_4.152880	1162	1295	13	7	133	0.0526316
NODE_90383_length_2408_cov_4.152880	1162	1295	14	4	133	0.0300752
NODE_90383_length_2408_cov_4.152880	1162	1295	16	19	133	0.1428571
NODE_90383_length_2408_cov_4.152880	1162	1295	18	4	133	0.0300752
NODE_90383_length_2408_cov_4.152880	1162	1295	19	1	133	0.0075188
NODE_90383_length_2408_cov_4.152880	1162	1295	21	2	133	0.0150376
NODE_90383_length_2408_cov_4.152880	1162	1295	22	2	133	0.0150376
NODE_90383_length_2408_cov_4.152880	1162	1295	23	18	133	0.1353384
NODE_90383_length_2408_cov_4.152880	1162	1295	24	2	133	0.0150376
NODE_90383_length_2408_cov_4.152880	1162	1295	25	5	133	0.0375940
NODE_90383_length_2408_cov_4.152880	1162	1295	27	18	133	0.1353384
NODE_90383_length_2408_cov_4.152880	1162	1295	28	11	133	0.0827068
NODE_90383_length_2408_cov_4.152880	1162	1295	29	9	133	0.0676692
NODE_90383_length_2408_cov_4.152880	1162	1295	30	19	133	0.1428571
NODE_90383_length_2408_cov_4.152880	1162	1295	31	12	133	0.0902256
NODE_90390_length_2408_cov_4.015158	1515	1648	8	14	133	0.1052632
NODE_90390_length_2408_cov_4.015158	1515	1648	9	8	133	0.0601504
NODE_90390_length_2408_cov_4.015158	1515	1648	10	16	133	0.1203008
NODE_90390_length_2408_cov_4.015158	1515	1648	11	19	133	0.1428571
NODE_90390_length_2408_cov_4.015158	1515	1648	12	52	133	0.3909774
NODE_90390_length_2408_cov_4.015158	1515	1648	13	23	133	0.1729323
NODE_90390_length_2408_cov_4.015158	1515	1648	14	1	133	0.0075188
NODE_90394_length_2408_cov_3.907752	863	996	34	1	133	0.0075188
NODE_90394_length_2408_cov_3.907752	863	996	35	5	133	0.0375940
NODE_90394_length_2408_cov_3.907752	863	996	36	12	133	0.0902256
NODE_90394_length_2408_cov_3.907752	863	996	37	2	133	0.0150376
NODE_90394_length_2408_cov_3.907752	863	996	38	5	133	0.0375940
NODE_90394_length_2408_cov_3.907752	863	996	39	2	133	0.0150376
NODE_90394_length_2408_cov_3.907752	863	996	40	10	133	0.0751880
NODE_90394_length_2408_cov_3.907752	863	996	41	8	133	0.0601504
NODE_90394_length_2408_cov_3.907752	863	996	42	15	133	0.1127820
NODE_90394_length_2408_cov_3.907752	863	996	43	7	133	0.0526316
NODE_90394_length_2408_cov_3.907752	863	996	44	4	133	0.0300752
NODE_90394_length_2408_cov_3.907752	863	996	46	1	133	0.0075188
NODE_90394_length_2408_cov_3.907752	863	996	47	16	133	0.1203008
NODE_90394_length_2408_cov_3.907752	863	996	48	11	133	0.0827068
NODE_90394_length_2408_cov_3.907752	863	996	50	11	133	0.0827068
NODE_90394_length_2408_cov_3.907752	863	996	51	14	133	0.1052632
NODE_90394_length_2408_cov_3.907752	863	996	52	7	133	0.0526316
NODE_90394_length_2408_cov_3.907752	863	996	53	2	133	0.0150376
NODE_90418_length_2407_cov_5.312825	1020	1153	3	25	133	0.1879699
NODE_90418_length_2407_cov_5.312825	1020	1153	4	40	133	0.3007519
NODE_90418_length_2407_cov_5.312825	1020	1153	5	10	133	0.0751880
NODE_90418_length_2407_cov_5.312825	1020	1153	6	33	133	0.2481203
NODE_90418_length_2407_cov_5.312825	1020	1153	7	25	133	0.1879699
NODE_90472_length_2406_cov_5.967490	1020	1153	10	14	133	0.1052632
NODE_90472_length_2406_cov_5.967490	1020	1153	11	10	133	0.0751880
NODE_90472_length_2406_cov_5.967490	1020	1153	12	8	133	0.0601504
NODE_90472_length_2406_cov_5.967490	1020	1153	13	2	133	0.0150376
NODE_90472_length_2406_cov_5.967490	1020	1153	14	7	133	0.0526316
NODE_90472_length_2406_cov_5.967490	1020	1153	15	7	133	0.0526316
NODE_90472_length_2406_cov_5.967490	1020	1153	17	3	133	0.0225564
NODE_90472_length_2406_cov_5.967490	1020	1153	18	2	133	0.0150376
NODE_90472_length_2406_cov_5.967490	1020	1153	19	19	133	0.1428571
NODE_90472_length_2406_cov_5.967490	1020	1153	20	19	133	0.1428571
NODE_90472_length_2406_cov_5.967490	1020	1153	21	2	133	0.0150376
NODE_90472_length_2406_cov_5.967490	1020	1153	23	1	133	0.0075188
NODE_90472_length_2406_cov_5.967490	1020	1153	25	1	133	0.0075188
NODE_90472_length_2406_cov_5.967490	1020	1153	27	12	133	0.0902256
NODE_90472_length_2406_cov_5.967490	1020	1153	28	2	133	0.0150376
NODE_90472_length_2406_cov_5.967490	1020	1153	30	5	133	0.0375940
NODE_90472_length_2406_cov_5.967490	1020	1153	31	7	133	0.0526316
NODE_90472_length_2406_cov_5.967490	1020	1153	32	12	133	0.0902256
NODE_9049_length_7681_cov_4.612108	1569	1702	5	1	133	0.0075188
NODE_9049_length_7681_cov_4.612108	1569	1702	7	3	133	0.0225564
NODE_9049_length_7681_cov_4.612108	1569	1702	8	2	133	0.0150376
NODE_9049_length_7681_cov_4.612108	1569	1702	9	75	133	0.5639098
NODE_9049_length_7681_cov_4.612108	1569	1702	10	27	133	0.2030075
NODE_9049_length_7681_cov_4.612108	1569	1702	11	18	133	0.1353384
NODE_9049_length_7681_cov_4.612108	1569	1702	12	7	133	0.0526316
NODE_90561_length_2405_cov_2.826539	1028	1161	6	41	133	0.3082707
NODE_90561_length_2405_cov_2.826539	1028	1161	7	28	133	0.2105263
NODE_90561_length_2405_cov_2.826539	1028	1161	8	46	133	0.3458647
NODE_90561_length_2405_cov_2.826539	1028	1161	9	18	133	0.1353384
NODE_9059_length_7678_cov_3.730967	3850	3983	4	31	133	0.2330827
NODE_9059_length_7678_cov_3.730967	3850	3983	5	47	133	0.3533835
NODE_9059_length_7678_cov_3.730967	3850	3983	6	5	133	0.0375940
NODE_9059_length_7678_cov_3.730967	3850	3983	7	23	133	0.1729323
NODE_9059_length_7678_cov_3.730967	3850	3983	8	27	133	0.2030075
NODE_905_length_15258_cov_4.963190	8861	8994	5	10	133	0.0751880
NODE_905_length_15258_cov_4.963190	8861	8994	7	2	133	0.0150376
NODE_905_length_15258_cov_4.963190	8861	8994	8	3	133	0.0225564
NODE_905_length_15258_cov_4.963190	8861	8994	9	37	133	0.2781955
NODE_905_length_15258_cov_4.963190	8861	8994	10	57	133	0.4285714
NODE_905_length_15258_cov_4.963190	8861	8994	11	12	133	0.0902256
NODE_905_length_15258_cov_4.963190	8861	8994	12	12	133	0.0902256
NODE_90648_length_2403_cov_4.195747	1776	1909	6	1	133	0.0075188
NODE_90648_length_2403_cov_4.195747	1776	1909	7	16	133	0.1203008
NODE_90648_length_2403_cov_4.195747	1776	1909	8	4	133	0.0300752
NODE_90648_length_2403_cov_4.195747	1776	1909	9	1	133	0.0075188
NODE_90648_length_2403_cov_4.195747	1776	1909	10	13	133	0.0977444
NODE_90648_length_2403_cov_4.195747	1776	1909	11	3	133	0.0225564
NODE_90648_length_2403_cov_4.195747	1776	1909	12	14	133	0.1052632
NODE_90648_length_2403_cov_4.195747	1776	1909	13	81	133	0.6090226
NODE_906_length_15258_cov_4.584141	5953	6086	23	3	133	0.0225564
NODE_906_length_15258_cov_4.584141	5953	6086	24	1	133	0.0075188
NODE_906_length_15258_cov_4.584141	5953	6086	25	1	133	0.0075188
NODE_906_length_15258_cov_4.584141	5953	6086	26	9	133	0.0676692
NODE_906_length_15258_cov_4.584141	5953	6086	27	2	133	0.0150376
NODE_906_length_15258_cov_4.584141	5953	6086	28	2	133	0.0150376
NODE_906_length_15258_cov_4.584141	5953	6086	30	2	133	0.0150376
NODE_906_length_15258_cov_4.584141	5953	6086	31	8	133	0.0601504
NODE_906_length_15258_cov_4.584141	5953	6086	33	2	133	0.0150376
NODE_906_length_15258_cov_4.584141	5953	6086	34	13	133	0.0977444
NODE_906_length_15258_cov_4.584141	5953	6086	35	17	133	0.1278196
NODE_906_length_15258_cov_4.584141	5953	6086	36	9	133	0.0676692
NODE_906_length_15258_cov_4.584141	5953	6086	37	10	133	0.0751880
NODE_906_length_15258_cov_4.584141	5953	6086	38	5	133	0.0375940
NODE_906_length_15258_cov_4.584141	5953	6086	39	6	133	0.0451128
NODE_906_length_15258_cov_4.584141	5953	6086	40	1	133	0.0075188
NODE_906_length_15258_cov_4.584141	5953	6086	41	8	133	0.0601504
NODE_906_length_15258_cov_4.584141	5953	6086	42	6	133	0.0451128
NODE_906_length_15258_cov_4.584141	5953	6086	43	19	133	0.1428571
NODE_906_length_15258_cov_4.584141	5953	6086	44	9	133	0.0676692
NODE_90719_length_2402_cov_3.554928	2138	2271	6	4	133	0.0300752
NODE_90719_length_2402_cov_3.554928	2138	2271	8	7	133	0.0526316
NODE_90719_length_2402_cov_3.554928	2138	2271	9	15	133	0.1127820
NODE_90719_length_2402_cov_3.554928	2138	2271	10	15	133	0.1127820
NODE_90719_length_2402_cov_3.554928	2138	2271	11	17	133	0.1278196
NODE_90719_length_2402_cov_3.554928	2138	2271	12	11	133	0.0827068
NODE_90719_length_2402_cov_3.554928	2138	2271	13	59	133	0.4436090
NODE_90719_length_2402_cov_3.554928	2138	2271	14	5	133	0.0375940
NODE_9071_length_7674_cov_4.469703	5768	5901	21	2	133	0.0150376
NODE_9071_length_7674_cov_4.469703	5768	5901	22	5	133	0.0375940
NODE_9071_length_7674_cov_4.469703	5768	5901	23	1	133	0.0075188
NODE_9071_length_7674_cov_4.469703	5768	5901	26	4	133	0.0300752
NODE_9071_length_7674_cov_4.469703	5768	5901	27	1	133	0.0075188
NODE_9071_length_7674_cov_4.469703	5768	5901	28	1	133	0.0075188
NODE_9071_length_7674_cov_4.469703	5768	5901	30	3	133	0.0225564
NODE_9071_length_7674_cov_4.469703	5768	5901	32	10	133	0.0751880
NODE_9071_length_7674_cov_4.469703	5768	5901	33	9	133	0.0676692
NODE_9071_length_7674_cov_4.469703	5768	5901	34	6	133	0.0451128
NODE_9071_length_7674_cov_4.469703	5768	5901	35	1	133	0.0075188
NODE_9071_length_7674_cov_4.469703	5768	5901	36	1	133	0.0075188
NODE_9071_length_7674_cov_4.469703	5768	5901	37	6	133	0.0451128
NODE_9071_length_7674_cov_4.469703	5768	5901	38	10	133	0.0751880
NODE_9071_length_7674_cov_4.469703	5768	5901	39	17	133	0.1278196
NODE_9071_length_7674_cov_4.469703	5768	5901	40	12	133	0.0902256
NODE_9071_length_7674_cov_4.469703	5768	5901	41	19	133	0.1428571
NODE_9071_length_7674_cov_4.469703	5768	5901	42	23	133	0.1729323
NODE_9071_length_7674_cov_4.469703	5768	5901	43	2	133	0.0150376
NODE_9073_length_7674_cov_3.536766	1703	1836	9	25	133	0.1879699
NODE_9073_length_7674_cov_3.536766	1703	1836	10	15	133	0.1127820
NODE_9073_length_7674_cov_3.536766	1703	1836	11	15	133	0.1127820
NODE_9073_length_7674_cov_3.536766	1703	1836	12	18	133	0.1353384
NODE_9073_length_7674_cov_3.536766	1703	1836	13	5	133	0.0375940
NODE_9073_length_7674_cov_3.536766	1703	1836	14	19	133	0.1428571
NODE_9073_length_7674_cov_3.536766	1703	1836	15	3	133	0.0225564
NODE_9073_length_7674_cov_3.536766	1703	1836	16	26	133	0.1954887
NODE_9073_length_7674_cov_3.536766	1703	1836	17	7	133	0.0526316
NODE_90746_length_2401_cov_5.116421	347	480	16	1	133	0.0075188
NODE_90746_length_2401_cov_5.116421	347	480	17	5	133	0.0375940
NODE_90746_length_2401_cov_5.116421	347	480	18	7	133	0.0526316
NODE_90746_length_2401_cov_5.116421	347	480	20	6	133	0.0451128
NODE_90746_length_2401_cov_5.116421	347	480	21	6	133	0.0451128
NODE_90746_length_2401_cov_5.116421	347	480	22	21	133	0.1578947
NODE_90746_length_2401_cov_5.116421	347	480	23	4	133	0.0300752
NODE_90746_length_2401_cov_5.116421	347	480	24	4	133	0.0300752
NODE_90746_length_2401_cov_5.116421	347	480	25	28	133	0.2105263
NODE_90746_length_2401_cov_5.116421	347	480	26	24	133	0.1804511
NODE_90746_length_2401_cov_5.116421	347	480	27	26	133	0.1954887
NODE_90746_length_2401_cov_5.116421	347	480	28	1	133	0.0075188
NODE_9083_length_7671_cov_5.596672	5290	5423	9	3	133	0.0225564
NODE_9083_length_7671_cov_5.596672	5290	5423	10	3	133	0.0225564
NODE_9083_length_7671_cov_5.596672	5290	5423	11	1	133	0.0075188
NODE_9083_length_7671_cov_5.596672	5290	5423	13	9	133	0.0676692
NODE_9083_length_7671_cov_5.596672	5290	5423	14	18	133	0.1353384
NODE_9083_length_7671_cov_5.596672	5290	5423	15	1	133	0.0075188
NODE_9083_length_7671_cov_5.596672	5290	5423	16	1	133	0.0075188
NODE_9083_length_7671_cov_5.596672	5290	5423	17	29	133	0.2180451
NODE_9083_length_7671_cov_5.596672	5290	5423	18	21	133	0.1578947
NODE_9083_length_7671_cov_5.596672	5290	5423	20	11	133	0.0827068
NODE_9083_length_7671_cov_5.596672	5290	5423	21	22	133	0.1654135
NODE_9083_length_7671_cov_5.596672	5290	5423	22	8	133	0.0601504
NODE_9083_length_7671_cov_5.596672	5290	5423	23	6	133	0.0451128
NODE_90843_length_2400_cov_2.488918	1857	1990	7	22	133	0.1654135
NODE_90843_length_2400_cov_2.488918	1857	1990	12	11	133	0.0827068
NODE_90843_length_2400_cov_2.488918	1857	1990	13	48	133	0.3609022
NODE_90843_length_2400_cov_2.488918	1857	1990	14	21	133	0.1578947
NODE_90843_length_2400_cov_2.488918	1857	1990	15	31	133	0.2330827
NODE_90895_length_2399_cov_2.966522	1267	1400	9	6	133	0.0451128
NODE_90895_length_2399_cov_2.966522	1267	1400	11	3	133	0.0225564
NODE_90895_length_2399_cov_2.966522	1267	1400	12	60	133	0.4511278
NODE_90895_length_2399_cov_2.966522	1267	1400	13	28	133	0.2105263
NODE_90895_length_2399_cov_2.966522	1267	1400	14	30	133	0.2255639
NODE_90895_length_2399_cov_2.966522	1267	1400	15	6	133	0.0451128
NODE_90926_length_2398_cov_4.039582	535	668	0	56	133	0.4210526
NODE_90926_length_2398_cov_4.039582	535	668	1	73	133	0.5488722
NODE_90926_length_2398_cov_4.039582	535	668	2	4	133	0.0300752
NODE_90955_length_2398_cov_2.778599	1084	1217	5	2	133	0.0150376
NODE_90955_length_2398_cov_2.778599	1084	1217	6	17	133	0.1278196
NODE_90955_length_2398_cov_2.778599	1084	1217	7	45	133	0.3383459
NODE_90955_length_2398_cov_2.778599	1084	1217	8	24	133	0.1804511
NODE_90955_length_2398_cov_2.778599	1084	1217	9	45	133	0.3383459
NODE_90962_length_2397_cov_4.740209	1376	1509	18	18	133	0.1353384
NODE_90962_length_2397_cov_4.740209	1376	1509	19	17	133	0.1278196
NODE_90962_length_2397_cov_4.740209	1376	1509	20	3	133	0.0225564
NODE_90962_length_2397_cov_4.740209	1376	1509	21	7	133	0.0526316
NODE_90962_length_2397_cov_4.740209	1376	1509	22	19	133	0.1428571
NODE_90962_length_2397_cov_4.740209	1376	1509	23	7	133	0.0526316
NODE_90962_length_2397_cov_4.740209	1376	1509	24	5	133	0.0375940
NODE_90962_length_2397_cov_4.740209	1376	1509	25	24	133	0.1804511
NODE_90962_length_2397_cov_4.740209	1376	1509	26	5	133	0.0375940
NODE_90962_length_2397_cov_4.740209	1376	1509	28	28	133	0.2105263
NODE_91131_length_2394_cov_3.182135	1561	1694	8	8	133	0.0601504
NODE_91131_length_2394_cov_3.182135	1561	1694	9	13	133	0.0977444
NODE_91131_length_2394_cov_3.182135	1561	1694	10	2	133	0.0150376
NODE_91131_length_2394_cov_3.182135	1561	1694	11	4	133	0.0300752
NODE_91131_length_2394_cov_3.182135	1561	1694	12	3	133	0.0225564
NODE_91131_length_2394_cov_3.182135	1561	1694	14	2	133	0.0150376
NODE_91131_length_2394_cov_3.182135	1561	1694	15	18	133	0.1353384
NODE_91131_length_2394_cov_3.182135	1561	1694	16	14	133	0.1052632
NODE_91131_length_2394_cov_3.182135	1561	1694	17	21	133	0.1578947
NODE_91131_length_2394_cov_3.182135	1561	1694	18	4	133	0.0300752
NODE_91131_length_2394_cov_3.182135	1561	1694	19	9	133	0.0676692
NODE_91131_length_2394_cov_3.182135	1561	1694	20	35	133	0.2631579
NODE_91142_length_2394_cov_2.311547	1612	1745	6	4	133	0.0300752
NODE_91142_length_2394_cov_2.311547	1612	1745	7	3	133	0.0225564
NODE_91142_length_2394_cov_2.311547	1612	1745	8	8	133	0.0601504
NODE_91142_length_2394_cov_2.311547	1612	1745	9	16	133	0.1203008
NODE_91142_length_2394_cov_2.311547	1612	1745	10	4	133	0.0300752
NODE_91142_length_2394_cov_2.311547	1612	1745	11	11	133	0.0827068
NODE_91142_length_2394_cov_2.311547	1612	1745	12	16	133	0.1203008
NODE_91142_length_2394_cov_2.311547	1612	1745	14	26	133	0.1954887
NODE_91142_length_2394_cov_2.311547	1612	1745	15	45	133	0.3383459
NODE_91261_length_2391_cov_4.212042	1658	1791	13	4	133	0.0300752
NODE_91261_length_2391_cov_4.212042	1658	1791	15	8	133	0.0601504
NODE_91261_length_2391_cov_4.212042	1658	1791	17	9	133	0.0676692
NODE_91261_length_2391_cov_4.212042	1658	1791	18	5	133	0.0375940
NODE_91261_length_2391_cov_4.212042	1658	1791	19	10	133	0.0751880
NODE_91261_length_2391_cov_4.212042	1658	1791	20	9	133	0.0676692
NODE_91261_length_2391_cov_4.212042	1658	1791	21	20	133	0.1503759
NODE_91261_length_2391_cov_4.212042	1658	1791	22	6	133	0.0451128
NODE_91261_length_2391_cov_4.212042	1658	1791	24	11	133	0.0827068
NODE_91261_length_2391_cov_4.212042	1658	1791	25	4	133	0.0300752
NODE_91261_length_2391_cov_4.212042	1658	1791	26	2	133	0.0150376
NODE_91261_length_2391_cov_4.212042	1658	1791	28	27	133	0.2030075
NODE_91261_length_2391_cov_4.212042	1658	1791	29	18	133	0.1353384
NODE_91288_length_2391_cov_2.949825	2043	2176	6	14	133	0.1052632
NODE_91288_length_2391_cov_2.949825	2043	2176	7	12	133	0.0902256
NODE_91288_length_2391_cov_2.949825	2043	2176	8	35	133	0.2631579
NODE_91288_length_2391_cov_2.949825	2043	2176	9	64	133	0.4812030
NODE_91288_length_2391_cov_2.949825	2043	2176	10	8	133	0.0601504
NODE_91302_length_2390_cov_4.632038	1141	1274	27	1	133	0.0075188
NODE_91302_length_2390_cov_4.632038	1141	1274	33	2	133	0.0150376
NODE_91302_length_2390_cov_4.632038	1141	1274	38	1	133	0.0075188
NODE_91302_length_2390_cov_4.632038	1141	1274	40	5	133	0.0375940
NODE_91302_length_2390_cov_4.632038	1141	1274	41	6	133	0.0451128
NODE_91302_length_2390_cov_4.632038	1141	1274	45	1	133	0.0075188
NODE_91302_length_2390_cov_4.632038	1141	1274	46	1	133	0.0075188
NODE_91302_length_2390_cov_4.632038	1141	1274	47	6	133	0.0451128
NODE_91302_length_2390_cov_4.632038	1141	1274	48	1	133	0.0075188
NODE_91302_length_2390_cov_4.632038	1141	1274	50	4	133	0.0300752
NODE_91302_length_2390_cov_4.632038	1141	1274	51	1	133	0.0075188
NODE_91302_length_2390_cov_4.632038	1141	1274	53	3	133	0.0225564
NODE_91302_length_2390_cov_4.632038	1141	1274	54	6	133	0.0451128
NODE_91302_length_2390_cov_4.632038	1141	1274	55	4	133	0.0300752
NODE_91302_length_2390_cov_4.632038	1141	1274	56	5	133	0.0375940
NODE_91302_length_2390_cov_4.632038	1141	1274	57	23	133	0.1729323
NODE_91302_length_2390_cov_4.632038	1141	1274	58	12	133	0.0902256
NODE_91302_length_2390_cov_4.632038	1141	1274	59	7	133	0.0526316
NODE_91302_length_2390_cov_4.632038	1141	1274	60	19	133	0.1428571
NODE_91302_length_2390_cov_4.632038	1141	1274	61	4	133	0.0300752
NODE_91302_length_2390_cov_4.632038	1141	1274	62	11	133	0.0827068
NODE_91302_length_2390_cov_4.632038	1141	1274	63	7	133	0.0526316
NODE_91302_length_2390_cov_4.632038	1141	1274	64	3	133	0.0225564
NODE_91306_length_2390_cov_4.452204	172	305	0	6	133	0.0451128
NODE_91306_length_2390_cov_4.452204	172	305	1	127	133	0.9548872
NODE_9130_length_7656_cov_5.038640	4164	4297	18	8	133	0.0601504
NODE_9130_length_7656_cov_5.038640	4164	4297	19	9	133	0.0676692
NODE_9130_length_7656_cov_5.038640	4164	4297	20	5	133	0.0375940
NODE_9130_length_7656_cov_5.038640	4164	4297	21	21	133	0.1578947
NODE_9130_length_7656_cov_5.038640	4164	4297	22	22	133	0.1654135
NODE_9130_length_7656_cov_5.038640	4164	4297	23	17	133	0.1278196
NODE_9130_length_7656_cov_5.038640	4164	4297	25	11	133	0.0827068
NODE_9130_length_7656_cov_5.038640	4164	4297	26	9	133	0.0676692
NODE_9130_length_7656_cov_5.038640	4164	4297	27	12	133	0.0902256
NODE_9130_length_7656_cov_5.038640	4164	4297	28	2	133	0.0150376
NODE_9130_length_7656_cov_5.038640	4164	4297	29	17	133	0.1278196
NODE_91341_length_2390_cov_3.257529	247	380	9	9	133	0.0676692
NODE_91341_length_2390_cov_3.257529	247	380	11	1	133	0.0075188
NODE_91341_length_2390_cov_3.257529	247	380	13	4	133	0.0300752
NODE_91341_length_2390_cov_3.257529	247	380	15	16	133	0.1203008
NODE_91341_length_2390_cov_3.257529	247	380	16	3	133	0.0225564
NODE_91341_length_2390_cov_3.257529	247	380	17	15	133	0.1127820
NODE_91341_length_2390_cov_3.257529	247	380	18	31	133	0.2330827
NODE_91341_length_2390_cov_3.257529	247	380	19	22	133	0.1654135
NODE_91341_length_2390_cov_3.257529	247	380	20	31	133	0.2330827
NODE_91341_length_2390_cov_3.257529	247	380	21	1	133	0.0075188
NODE_91462_length_2387_cov_4.648164	360	493	3	28	133	0.2105263
NODE_91462_length_2387_cov_4.648164	360	493	4	10	133	0.0751880
NODE_91462_length_2387_cov_4.648164	360	493	5	28	133	0.2105263
NODE_91462_length_2387_cov_4.648164	360	493	6	63	133	0.4736842
NODE_91462_length_2387_cov_4.648164	360	493	7	4	133	0.0300752
NODE_9147_length_7652_cov_5.007414	1573	1706	14	8	133	0.0601504
NODE_9147_length_7652_cov_5.007414	1573	1706	15	23	133	0.1729323
NODE_9147_length_7652_cov_5.007414	1573	1706	16	8	133	0.0601504
NODE_9147_length_7652_cov_5.007414	1573	1706	17	2	133	0.0150376
NODE_9147_length_7652_cov_5.007414	1573	1706	18	27	133	0.2030075
NODE_9147_length_7652_cov_5.007414	1573	1706	19	18	133	0.1353384
NODE_9147_length_7652_cov_5.007414	1573	1706	20	15	133	0.1127820
NODE_9147_length_7652_cov_5.007414	1573	1706	21	12	133	0.0902256
NODE_9147_length_7652_cov_5.007414	1573	1706	22	13	133	0.0977444
NODE_9147_length_7652_cov_5.007414	1573	1706	23	7	133	0.0526316
NODE_91629_length_2384_cov_4.007877	1731	1864	6	18	133	0.1353384
NODE_91629_length_2384_cov_4.007877	1731	1864	7	7	133	0.0526316
NODE_91629_length_2384_cov_4.007877	1731	1864	10	1	133	0.0075188
NODE_91629_length_2384_cov_4.007877	1731	1864	11	3	133	0.0225564
NODE_91629_length_2384_cov_4.007877	1731	1864	12	8	133	0.0601504
NODE_91629_length_2384_cov_4.007877	1731	1864	13	24	133	0.1804511
NODE_91629_length_2384_cov_4.007877	1731	1864	14	42	133	0.3157895
NODE_91629_length_2384_cov_4.007877	1731	1864	15	24	133	0.1804511
NODE_91629_length_2384_cov_4.007877	1731	1864	16	6	133	0.0451128
NODE_91662_length_2383_cov_4.668564	1937	2070	2	17	133	0.1278196
NODE_91662_length_2383_cov_4.668564	1937	2070	3	32	133	0.2406015
NODE_91662_length_2383_cov_4.668564	1937	2070	4	62	133	0.4661654
NODE_91662_length_2383_cov_4.668564	1937	2070	5	22	133	0.1654135
NODE_9171_length_7644_cov_3.450099	2923	3056	7	1	133	0.0075188
NODE_9171_length_7644_cov_3.450099	2923	3056	8	1	133	0.0075188
NODE_9171_length_7644_cov_3.450099	2923	3056	9	2	133	0.0150376
NODE_9171_length_7644_cov_3.450099	2923	3056	10	12	133	0.0902256
NODE_9171_length_7644_cov_3.450099	2923	3056	12	10	133	0.0751880
NODE_9171_length_7644_cov_3.450099	2923	3056	13	8	133	0.0601504
NODE_9171_length_7644_cov_3.450099	2923	3056	14	20	133	0.1503759
NODE_9171_length_7644_cov_3.450099	2923	3056	15	1	133	0.0075188
NODE_9171_length_7644_cov_3.450099	2923	3056	16	20	133	0.1503759
NODE_9171_length_7644_cov_3.450099	2923	3056	17	22	133	0.1654135
NODE_9171_length_7644_cov_3.450099	2923	3056	18	36	133	0.2706767
NODE_91735_length_2382_cov_4.648708	1822	1955	7	14	133	0.1052632
NODE_91735_length_2382_cov_4.648708	1822	1955	8	27	133	0.2030075
NODE_91735_length_2382_cov_4.648708	1822	1955	9	7	133	0.0526316
NODE_91735_length_2382_cov_4.648708	1822	1955	10	11	133	0.0827068
NODE_91735_length_2382_cov_4.648708	1822	1955	11	10	133	0.0751880
NODE_91735_length_2382_cov_4.648708	1822	1955	12	7	133	0.0526316
NODE_91735_length_2382_cov_4.648708	1822	1955	13	21	133	0.1578947
NODE_91735_length_2382_cov_4.648708	1822	1955	14	36	133	0.2706767
NODE_91761_length_2382_cov_3.361805	295	428	13	1	133	0.0075188
NODE_91761_length_2382_cov_3.361805	295	428	14	2	133	0.0150376
NODE_91761_length_2382_cov_3.361805	295	428	19	1	133	0.0075188
NODE_91761_length_2382_cov_3.361805	295	428	20	4	133	0.0300752
NODE_91761_length_2382_cov_3.361805	295	428	21	3	133	0.0225564
NODE_91761_length_2382_cov_3.361805	295	428	22	2	133	0.0150376
NODE_91761_length_2382_cov_3.361805	295	428	23	5	133	0.0375940
NODE_91761_length_2382_cov_3.361805	295	428	24	3	133	0.0225564
NODE_91761_length_2382_cov_3.361805	295	428	25	3	133	0.0225564
NODE_91761_length_2382_cov_3.361805	295	428	26	6	133	0.0451128
NODE_91761_length_2382_cov_3.361805	295	428	27	12	133	0.0902256
NODE_91761_length_2382_cov_3.361805	295	428	28	7	133	0.0526316
NODE_91761_length_2382_cov_3.361805	295	428	29	6	133	0.0451128
NODE_91761_length_2382_cov_3.361805	295	428	30	16	133	0.1203008
NODE_91761_length_2382_cov_3.361805	295	428	31	3	133	0.0225564
NODE_91761_length_2382_cov_3.361805	295	428	32	4	133	0.0300752
NODE_91761_length_2382_cov_3.361805	295	428	33	15	133	0.1127820
NODE_91761_length_2382_cov_3.361805	295	428	34	9	133	0.0676692
NODE_91761_length_2382_cov_3.361805	295	428	35	13	133	0.0977444
NODE_91761_length_2382_cov_3.361805	295	428	36	3	133	0.0225564
NODE_91761_length_2382_cov_3.361805	295	428	37	9	133	0.0676692
NODE_91761_length_2382_cov_3.361805	295	428	38	6	133	0.0451128
NODE_91840_length_2381_cov_2.693252	929	1062	19	7	133	0.0526316
NODE_91840_length_2381_cov_2.693252	929	1062	20	2	133	0.0150376
NODE_91840_length_2381_cov_2.693252	929	1062	21	3	133	0.0225564
NODE_91840_length_2381_cov_2.693252	929	1062	24	10	133	0.0751880
NODE_91840_length_2381_cov_2.693252	929	1062	25	10	133	0.0751880
NODE_91840_length_2381_cov_2.693252	929	1062	26	7	133	0.0526316
NODE_91840_length_2381_cov_2.693252	929	1062	27	13	133	0.0977444
NODE_91840_length_2381_cov_2.693252	929	1062	28	28	133	0.2105263
NODE_91840_length_2381_cov_2.693252	929	1062	29	2	133	0.0150376
NODE_91840_length_2381_cov_2.693252	929	1062	30	34	133	0.2556391
NODE_91840_length_2381_cov_2.693252	929	1062	31	7	133	0.0526316
NODE_91840_length_2381_cov_2.693252	929	1062	32	10	133	0.0751880
NODE_91849_length_2380_cov_5.595791	235	368	6	1	133	0.0075188
NODE_91849_length_2380_cov_5.595791	235	368	7	8	133	0.0601504
NODE_91849_length_2380_cov_5.595791	235	368	8	14	133	0.1052632
NODE_91849_length_2380_cov_5.595791	235	368	9	16	133	0.1203008
NODE_91849_length_2380_cov_5.595791	235	368	11	26	133	0.1954887
NODE_91849_length_2380_cov_5.595791	235	368	12	25	133	0.1879699
NODE_91849_length_2380_cov_5.595791	235	368	13	6	133	0.0451128
NODE_91849_length_2380_cov_5.595791	235	368	14	19	133	0.1428571
NODE_91849_length_2380_cov_5.595791	235	368	15	12	133	0.0902256
NODE_91849_length_2380_cov_5.595791	235	368	16	6	133	0.0451128
NODE_91859_length_2380_cov_4.899605	896	1029	0	56	133	0.4210526
NODE_91859_length_2380_cov_4.899605	896	1029	1	5	133	0.0375940
NODE_91859_length_2380_cov_4.899605	896	1029	2	63	133	0.4736842
NODE_91859_length_2380_cov_4.899605	896	1029	3	9	133	0.0676692
NODE_91902_length_2379_cov_5.490789	2106	2239	12	2	133	0.0150376
NODE_91902_length_2379_cov_5.490789	2106	2239	14	9	133	0.0676692
NODE_91902_length_2379_cov_5.490789	2106	2239	15	12	133	0.0902256
NODE_91902_length_2379_cov_5.490789	2106	2239	16	4	133	0.0300752
NODE_91902_length_2379_cov_5.490789	2106	2239	17	1	133	0.0075188
NODE_91902_length_2379_cov_5.490789	2106	2239	18	21	133	0.1578947
NODE_91902_length_2379_cov_5.490789	2106	2239	19	31	133	0.2330827
NODE_91902_length_2379_cov_5.490789	2106	2239	20	53	133	0.3984962
NODE_91908_length_2379_cov_4.892544	623	756	31	1	133	0.0075188
NODE_91908_length_2379_cov_4.892544	623	756	33	3	133	0.0225564
NODE_91908_length_2379_cov_4.892544	623	756	34	1	133	0.0075188
NODE_91908_length_2379_cov_4.892544	623	756	35	4	133	0.0300752
NODE_91908_length_2379_cov_4.892544	623	756	36	4	133	0.0300752
NODE_91908_length_2379_cov_4.892544	623	756	38	8	133	0.0601504
NODE_91908_length_2379_cov_4.892544	623	756	39	13	133	0.0977444
NODE_91908_length_2379_cov_4.892544	623	756	40	9	133	0.0676692
NODE_91908_length_2379_cov_4.892544	623	756	41	12	133	0.0902256
NODE_91908_length_2379_cov_4.892544	623	756	42	12	133	0.0902256
NODE_91908_length_2379_cov_4.892544	623	756	43	15	133	0.1127820
NODE_91908_length_2379_cov_4.892544	623	756	44	18	133	0.1353384
NODE_91908_length_2379_cov_4.892544	623	756	45	6	133	0.0451128
NODE_91908_length_2379_cov_4.892544	623	756	46	7	133	0.0526316
NODE_91908_length_2379_cov_4.892544	623	756	48	2	133	0.0150376
NODE_91908_length_2379_cov_4.892544	623	756	49	1	133	0.0075188
NODE_91908_length_2379_cov_4.892544	623	756	50	5	133	0.0375940
NODE_91908_length_2379_cov_4.892544	623	756	51	6	133	0.0451128
NODE_91908_length_2379_cov_4.892544	623	756	52	6	133	0.0451128
NODE_91917_length_2379_cov_4.185526	1101	1234	12	4	133	0.0300752
NODE_91917_length_2379_cov_4.185526	1101	1234	13	13	133	0.0977444
NODE_91917_length_2379_cov_4.185526	1101	1234	14	10	133	0.0751880
NODE_91917_length_2379_cov_4.185526	1101	1234	15	18	133	0.1353384
NODE_91917_length_2379_cov_4.185526	1101	1234	16	47	133	0.3533835
NODE_91917_length_2379_cov_4.185526	1101	1234	17	27	133	0.2030075
NODE_91917_length_2379_cov_4.185526	1101	1234	18	14	133	0.1052632
NODE_91943_length_2379_cov_2.699561	1556	1689	0	133	133	1.0000000
NODE_91983_length_2378_cov_3.664765	1193	1326	0	2	133	0.0150376
NODE_91983_length_2378_cov_3.664765	1193	1326	2	1	133	0.0075188
NODE_91983_length_2378_cov_3.664765	1193	1326	4	11	133	0.0827068
NODE_91983_length_2378_cov_3.664765	1193	1326	5	2	133	0.0150376
NODE_91983_length_2378_cov_3.664765	1193	1326	6	5	133	0.0375940
NODE_91983_length_2378_cov_3.664765	1193	1326	7	15	133	0.1127820
NODE_91983_length_2378_cov_3.664765	1193	1326	11	10	133	0.0751880
NODE_91983_length_2378_cov_3.664765	1193	1326	12	7	133	0.0526316
NODE_91983_length_2378_cov_3.664765	1193	1326	14	44	133	0.3308271
NODE_91983_length_2378_cov_3.664765	1193	1326	15	21	133	0.1578947
NODE_91983_length_2378_cov_3.664765	1193	1326	16	10	133	0.0751880
NODE_91983_length_2378_cov_3.664765	1193	1326	17	1	133	0.0075188
NODE_91983_length_2378_cov_3.664765	1193	1326	18	1	133	0.0075188
NODE_91983_length_2378_cov_3.664765	1193	1326	19	3	133	0.0225564
NODE_92016_length_2377_cov_4.391572	1237	1370	9	5	133	0.0375940
NODE_92016_length_2377_cov_4.391572	1237	1370	11	13	133	0.0977444
NODE_92016_length_2377_cov_4.391572	1237	1370	12	56	133	0.4210526
NODE_92016_length_2377_cov_4.391572	1237	1370	13	18	133	0.1353384
NODE_92016_length_2377_cov_4.391572	1237	1370	14	24	133	0.1804511
NODE_92016_length_2377_cov_4.391572	1237	1370	15	4	133	0.0300752
NODE_92016_length_2377_cov_4.391572	1237	1370	16	9	133	0.0676692
NODE_92016_length_2377_cov_4.391572	1237	1370	17	4	133	0.0300752
NODE_92050_length_2377_cov_2.289289	1864	1997	9	8	133	0.0601504
NODE_92050_length_2377_cov_2.289289	1864	1997	10	8	133	0.0601504
NODE_92050_length_2377_cov_2.289289	1864	1997	11	34	133	0.2556391
NODE_92050_length_2377_cov_2.289289	1864	1997	12	10	133	0.0751880
NODE_92050_length_2377_cov_2.289289	1864	1997	13	6	133	0.0451128
NODE_92050_length_2377_cov_2.289289	1864	1997	14	26	133	0.1954887
NODE_92050_length_2377_cov_2.289289	1864	1997	15	27	133	0.2030075
NODE_92050_length_2377_cov_2.289289	1864	1997	16	12	133	0.0902256
NODE_92050_length_2377_cov_2.289289	1864	1997	17	2	133	0.0150376
NODE_92080_length_2376_cov_3.589811	166	299	3	31	133	0.2330827
NODE_92080_length_2376_cov_3.589811	166	299	4	2	133	0.0150376
NODE_92080_length_2376_cov_3.589811	166	299	5	2	133	0.0150376
NODE_92080_length_2376_cov_3.589811	166	299	7	9	133	0.0676692
NODE_92080_length_2376_cov_3.589811	166	299	8	11	133	0.0827068
NODE_92080_length_2376_cov_3.589811	166	299	9	10	133	0.0751880
NODE_92080_length_2376_cov_3.589811	166	299	10	51	133	0.3834586
NODE_92080_length_2376_cov_3.589811	166	299	11	17	133	0.1278196
NODE_9208_length_7633_cov_6.286568	4388	4521	7	7	133	0.0526316
NODE_9208_length_7633_cov_6.286568	4388	4521	12	11	133	0.0827068
NODE_9208_length_7633_cov_6.286568	4388	4521	13	14	133	0.1052632
NODE_9208_length_7633_cov_6.286568	4388	4521	14	39	133	0.2932331
NODE_9208_length_7633_cov_6.286568	4388	4521	15	7	133	0.0526316
NODE_9208_length_7633_cov_6.286568	4388	4521	16	14	133	0.1052632
NODE_9208_length_7633_cov_6.286568	4388	4521	17	25	133	0.1879699
NODE_9208_length_7633_cov_6.286568	4388	4521	18	16	133	0.1203008
NODE_920_length_15196_cov_4.505266	9930	10063	4	23	133	0.1729323
NODE_920_length_15196_cov_4.505266	9930	10063	5	2	133	0.0150376
NODE_920_length_15196_cov_4.505266	9930	10063	6	2	133	0.0150376
NODE_920_length_15196_cov_4.505266	9930	10063	7	6	133	0.0451128
NODE_920_length_15196_cov_4.505266	9930	10063	8	16	133	0.1203008
NODE_920_length_15196_cov_4.505266	9930	10063	9	9	133	0.0676692
NODE_920_length_15196_cov_4.505266	9930	10063	11	1	133	0.0075188
NODE_920_length_15196_cov_4.505266	9930	10063	13	15	133	0.1127820
NODE_920_length_15196_cov_4.505266	9930	10063	14	35	133	0.2631579
NODE_920_length_15196_cov_4.505266	9930	10063	15	17	133	0.1278196
NODE_920_length_15196_cov_4.505266	9930	10063	16	7	133	0.0526316
NODE_92223_length_2373_cov_4.180739	1493	1626	8	1	133	0.0075188
NODE_92223_length_2373_cov_4.180739	1493	1626	9	5	133	0.0375940
NODE_92223_length_2373_cov_4.180739	1493	1626	10	43	133	0.3233083
NODE_92223_length_2373_cov_4.180739	1493	1626	11	4	133	0.0300752
NODE_92223_length_2373_cov_4.180739	1493	1626	12	33	133	0.2481203
NODE_92223_length_2373_cov_4.180739	1493	1626	13	28	133	0.2105263
NODE_92223_length_2373_cov_4.180739	1493	1626	14	11	133	0.0827068
NODE_92223_length_2373_cov_4.180739	1493	1626	15	8	133	0.0601504
NODE_9223_length_7631_cov_3.888210	5920	6053	6	3	133	0.0225564
NODE_9223_length_7631_cov_3.888210	5920	6053	7	14	133	0.1052632
NODE_9223_length_7631_cov_3.888210	5920	6053	8	38	133	0.2857143
NODE_9223_length_7631_cov_3.888210	5920	6053	9	27	133	0.2030075
NODE_9223_length_7631_cov_3.888210	5920	6053	10	15	133	0.1127820
NODE_9223_length_7631_cov_3.888210	5920	6053	11	13	133	0.0977444
NODE_9223_length_7631_cov_3.888210	5920	6053	12	9	133	0.0676692
NODE_9223_length_7631_cov_3.888210	5920	6053	13	2	133	0.0150376
NODE_9223_length_7631_cov_3.888210	5920	6053	14	12	133	0.0902256
NODE_92361_length_2371_cov_3.270246	2304	2437	0	66	133	0.4962406
NODE_92361_length_2371_cov_3.270246	2304	2437	3	7	133	0.0526316
NODE_92361_length_2371_cov_3.270246	2304	2437	4	18	133	0.1353384
NODE_92361_length_2371_cov_3.270246	2304	2437	5	42	133	0.3157895
NODE_9236_length_7625_cov_4.182168	7055	7188	15	1	133	0.0075188
NODE_9236_length_7625_cov_4.182168	7055	7188	16	12	133	0.0902256
NODE_9236_length_7625_cov_4.182168	7055	7188	17	11	133	0.0827068
NODE_9236_length_7625_cov_4.182168	7055	7188	19	10	133	0.0751880
NODE_9236_length_7625_cov_4.182168	7055	7188	20	13	133	0.0977444
NODE_9236_length_7625_cov_4.182168	7055	7188	21	5	133	0.0375940
NODE_9236_length_7625_cov_4.182168	7055	7188	22	4	133	0.0300752
NODE_9236_length_7625_cov_4.182168	7055	7188	23	38	133	0.2857143
NODE_9236_length_7625_cov_4.182168	7055	7188	24	23	133	0.1729323
NODE_9236_length_7625_cov_4.182168	7055	7188	25	15	133	0.1127820
NODE_9236_length_7625_cov_4.182168	7055	7188	26	1	133	0.0075188
NODE_92384_length_2370_cov_4.538089	1229	1362	8	10	133	0.0751880
NODE_92384_length_2370_cov_4.538089	1229	1362	9	23	133	0.1729323
NODE_92384_length_2370_cov_4.538089	1229	1362	10	9	133	0.0676692
NODE_92384_length_2370_cov_4.538089	1229	1362	11	12	133	0.0902256
NODE_92384_length_2370_cov_4.538089	1229	1362	12	11	133	0.0827068
NODE_92384_length_2370_cov_4.538089	1229	1362	13	3	133	0.0225564
NODE_92384_length_2370_cov_4.538089	1229	1362	14	2	133	0.0150376
NODE_92384_length_2370_cov_4.538089	1229	1362	15	34	133	0.2556391
NODE_92384_length_2370_cov_4.538089	1229	1362	16	6	133	0.0451128
NODE_92384_length_2370_cov_4.538089	1229	1362	17	1	133	0.0075188
NODE_92384_length_2370_cov_4.538089	1229	1362	18	1	133	0.0075188
NODE_92384_length_2370_cov_4.538089	1229	1362	19	5	133	0.0375940
NODE_92384_length_2370_cov_4.538089	1229	1362	21	9	133	0.0676692
NODE_92384_length_2370_cov_4.538089	1229	1362	22	2	133	0.0150376
NODE_92384_length_2370_cov_4.538089	1229	1362	24	5	133	0.0375940
NODE_9238_length_7624_cov_5.080797	1346	1479	6	21	133	0.1578947
NODE_9238_length_7624_cov_5.080797	1346	1479	7	40	133	0.3007519
NODE_9238_length_7624_cov_5.080797	1346	1479	8	35	133	0.2631579
NODE_9238_length_7624_cov_5.080797	1346	1479	9	37	133	0.2781955
NODE_92417_length_2370_cov_3.215324	2027	2160	15	6	133	0.0451128
NODE_92417_length_2370_cov_3.215324	2027	2160	16	5	133	0.0375940
NODE_92417_length_2370_cov_3.215324	2027	2160	18	2	133	0.0150376
NODE_92417_length_2370_cov_3.215324	2027	2160	19	19	133	0.1428571
NODE_92417_length_2370_cov_3.215324	2027	2160	20	6	133	0.0451128
NODE_92417_length_2370_cov_3.215324	2027	2160	21	13	133	0.0977444
NODE_92417_length_2370_cov_3.215324	2027	2160	22	8	133	0.0601504
NODE_92417_length_2370_cov_3.215324	2027	2160	23	12	133	0.0902256
NODE_92417_length_2370_cov_3.215324	2027	2160	24	31	133	0.2330827
NODE_92417_length_2370_cov_3.215324	2027	2160	25	28	133	0.2105263
NODE_92417_length_2370_cov_3.215324	2027	2160	26	3	133	0.0225564
NODE_9245_length_7622_cov_4.043334	1009	1142	0	31	133	0.2330827
NODE_9245_length_7622_cov_4.043334	1009	1142	1	77	133	0.5789474
NODE_9245_length_7622_cov_4.043334	1009	1142	3	25	133	0.1879699
NODE_92475_length_2369_cov_3.648899	1950	2083	14	6	133	0.0451128
NODE_92475_length_2369_cov_3.648899	1950	2083	15	13	133	0.0977444
NODE_92475_length_2369_cov_3.648899	1950	2083	16	31	133	0.2330827
NODE_92475_length_2369_cov_3.648899	1950	2083	17	20	133	0.1503759
NODE_92475_length_2369_cov_3.648899	1950	2083	18	1	133	0.0075188
NODE_92475_length_2369_cov_3.648899	1950	2083	19	10	133	0.0751880
NODE_92475_length_2369_cov_3.648899	1950	2083	20	8	133	0.0601504
NODE_92475_length_2369_cov_3.648899	1950	2083	21	32	133	0.2406015
NODE_92475_length_2369_cov_3.648899	1950	2083	22	4	133	0.0300752
NODE_92475_length_2369_cov_3.648899	1950	2083	23	8	133	0.0601504
NODE_924_length_15182_cov_4.196247	7945	8078	4	1	133	0.0075188
NODE_924_length_15182_cov_4.196247	7945	8078	5	2	133	0.0150376
NODE_924_length_15182_cov_4.196247	7945	8078	6	3	133	0.0225564
NODE_924_length_15182_cov_4.196247	7945	8078	10	1	133	0.0075188
NODE_924_length_15182_cov_4.196247	7945	8078	11	13	133	0.0977444
NODE_924_length_15182_cov_4.196247	7945	8078	12	2	133	0.0150376
NODE_924_length_15182_cov_4.196247	7945	8078	13	1	133	0.0075188
NODE_924_length_15182_cov_4.196247	7945	8078	14	2	133	0.0150376
NODE_924_length_15182_cov_4.196247	7945	8078	15	6	133	0.0451128
NODE_924_length_15182_cov_4.196247	7945	8078	16	1	133	0.0075188
NODE_924_length_15182_cov_4.196247	7945	8078	17	15	133	0.1127820
NODE_924_length_15182_cov_4.196247	7945	8078	18	5	133	0.0375940
NODE_924_length_15182_cov_4.196247	7945	8078	19	6	133	0.0451128
NODE_924_length_15182_cov_4.196247	7945	8078	20	16	133	0.1203008
NODE_924_length_15182_cov_4.196247	7945	8078	22	11	133	0.0827068
NODE_924_length_15182_cov_4.196247	7945	8078	23	35	133	0.2631579
NODE_924_length_15182_cov_4.196247	7945	8078	24	13	133	0.0977444
NODE_92534_length_2368_cov_3.458352	699	832	12	1	133	0.0075188
NODE_92534_length_2368_cov_3.458352	699	832	13	16	133	0.1203008
NODE_92534_length_2368_cov_3.458352	699	832	14	24	133	0.1804511
NODE_92534_length_2368_cov_3.458352	699	832	15	10	133	0.0751880
NODE_92534_length_2368_cov_3.458352	699	832	16	25	133	0.1879699
NODE_92534_length_2368_cov_3.458352	699	832	17	28	133	0.2105263
NODE_92534_length_2368_cov_3.458352	699	832	18	23	133	0.1729323
NODE_92534_length_2368_cov_3.458352	699	832	19	5	133	0.0375940
NODE_92534_length_2368_cov_3.458352	699	832	20	1	133	0.0075188
NODE_9253_length_7620_cov_4.399415	4149	4282	10	1	133	0.0075188
NODE_9253_length_7620_cov_4.399415	4149	4282	11	5	133	0.0375940
NODE_9253_length_7620_cov_4.399415	4149	4282	12	3	133	0.0225564
NODE_9253_length_7620_cov_4.399415	4149	4282	13	32	133	0.2406015
NODE_9253_length_7620_cov_4.399415	4149	4282	14	20	133	0.1503759
NODE_9253_length_7620_cov_4.399415	4149	4282	15	31	133	0.2330827
NODE_9253_length_7620_cov_4.399415	4149	4282	16	2	133	0.0150376
NODE_9253_length_7620_cov_4.399415	4149	4282	17	39	133	0.2932331
NODE_92573_length_2367_cov_4.571869	1192	1325	11	2	133	0.0150376
NODE_92573_length_2367_cov_4.571869	1192	1325	12	7	133	0.0526316
NODE_92573_length_2367_cov_4.571869	1192	1325	18	20	133	0.1503759
NODE_92573_length_2367_cov_4.571869	1192	1325	19	1	133	0.0075188
NODE_92573_length_2367_cov_4.571869	1192	1325	20	3	133	0.0225564
NODE_92573_length_2367_cov_4.571869	1192	1325	21	2	133	0.0150376
NODE_92573_length_2367_cov_4.571869	1192	1325	22	1	133	0.0075188
NODE_92573_length_2367_cov_4.571869	1192	1325	23	2	133	0.0150376
NODE_92573_length_2367_cov_4.571869	1192	1325	24	11	133	0.0827068
NODE_92573_length_2367_cov_4.571869	1192	1325	25	3	133	0.0225564
NODE_92573_length_2367_cov_4.571869	1192	1325	26	2	133	0.0150376
NODE_92573_length_2367_cov_4.571869	1192	1325	28	14	133	0.1052632
NODE_92573_length_2367_cov_4.571869	1192	1325	29	26	133	0.1954887
NODE_92573_length_2367_cov_4.571869	1192	1325	30	32	133	0.2406015
NODE_92573_length_2367_cov_4.571869	1192	1325	31	7	133	0.0526316
NODE_92615_length_2367_cov_2.544533	301	434	2	44	133	0.3308271
NODE_92615_length_2367_cov_2.544533	301	434	3	89	133	0.6691729
NODE_92664_length_2366_cov_3.469343	1276	1409	9	16	133	0.1203008
NODE_92664_length_2366_cov_3.469343	1276	1409	10	7	133	0.0526316
NODE_92664_length_2366_cov_3.469343	1276	1409	11	23	133	0.1729323
NODE_92664_length_2366_cov_3.469343	1276	1409	12	48	133	0.3609022
NODE_92664_length_2366_cov_3.469343	1276	1409	13	37	133	0.2781955
NODE_92664_length_2366_cov_3.469343	1276	1409	14	2	133	0.0150376
NODE_92691_length_2365_cov_108.636805	473	606	66	1	133	0.0075188
NODE_92691_length_2365_cov_108.636805	473	606	67	1	133	0.0075188
NODE_92691_length_2365_cov_108.636805	473	606	68	8	133	0.0601504
NODE_92691_length_2365_cov_108.636805	473	606	69	2	133	0.0150376
NODE_92691_length_2365_cov_108.636805	473	606	70	7	133	0.0526316
NODE_92691_length_2365_cov_108.636805	473	606	71	3	133	0.0225564
NODE_92691_length_2365_cov_108.636805	473	606	72	5	133	0.0375940
NODE_92691_length_2365_cov_108.636805	473	606	73	3	133	0.0225564
NODE_92691_length_2365_cov_108.636805	473	606	74	2	133	0.0150376
NODE_92691_length_2365_cov_108.636805	473	606	75	5	133	0.0375940
NODE_92691_length_2365_cov_108.636805	473	606	76	3	133	0.0225564
NODE_92691_length_2365_cov_108.636805	473	606	77	5	133	0.0375940
NODE_92691_length_2365_cov_108.636805	473	606	78	4	133	0.0300752
NODE_92691_length_2365_cov_108.636805	473	606	79	17	133	0.1278196
NODE_92691_length_2365_cov_108.636805	473	606	80	10	133	0.0751880
NODE_92691_length_2365_cov_108.636805	473	606	81	6	133	0.0451128
NODE_92691_length_2365_cov_108.636805	473	606	82	4	133	0.0300752
NODE_92691_length_2365_cov_108.636805	473	606	83	2	133	0.0150376
NODE_92691_length_2365_cov_108.636805	473	606	84	3	133	0.0225564
NODE_92691_length_2365_cov_108.636805	473	606	85	5	133	0.0375940
NODE_92691_length_2365_cov_108.636805	473	606	86	7	133	0.0526316
NODE_92691_length_2365_cov_108.636805	473	606	87	13	133	0.0977444
NODE_92691_length_2365_cov_108.636805	473	606	88	11	133	0.0827068
NODE_92691_length_2365_cov_108.636805	473	606	89	6	133	0.0451128
NODE_9269_length_7616_cov_4.355328	1963	2096	3	1	133	0.0075188
NODE_9269_length_7616_cov_4.355328	1963	2096	4	16	133	0.1203008
NODE_9269_length_7616_cov_4.355328	1963	2096	5	12	133	0.0902256
NODE_9269_length_7616_cov_4.355328	1963	2096	6	35	133	0.2631579
NODE_9269_length_7616_cov_4.355328	1963	2096	7	41	133	0.3082707
NODE_9269_length_7616_cov_4.355328	1963	2096	8	28	133	0.2105263
NODE_92710_length_2365_cov_4.550309	1110	1243	8	45	133	0.3383459
NODE_92710_length_2365_cov_4.550309	1110	1243	9	61	133	0.4586466
NODE_92710_length_2365_cov_4.550309	1110	1243	10	13	133	0.0977444
NODE_92710_length_2365_cov_4.550309	1110	1243	11	14	133	0.1052632
NODE_9282_length_7612_cov_4.932916	2152	2285	6	9	133	0.0676692
NODE_9282_length_7612_cov_4.932916	2152	2285	7	2	133	0.0150376
NODE_9282_length_7612_cov_4.932916	2152	2285	8	5	133	0.0375940
NODE_9282_length_7612_cov_4.932916	2152	2285	10	3	133	0.0225564
NODE_9282_length_7612_cov_4.932916	2152	2285	11	17	133	0.1278196
NODE_9282_length_7612_cov_4.932916	2152	2285	12	48	133	0.3609022
NODE_9282_length_7612_cov_4.932916	2152	2285	13	26	133	0.1954887
NODE_9282_length_7612_cov_4.932916	2152	2285	14	3	133	0.0225564
NODE_9282_length_7612_cov_4.932916	2152	2285	15	10	133	0.0751880
NODE_9282_length_7612_cov_4.932916	2152	2285	16	10	133	0.0751880
NODE_92848_length_2363_cov_3.602915	1168	1301	38	2	133	0.0150376
NODE_92848_length_2363_cov_3.602915	1168	1301	41	1	133	0.0075188
NODE_92848_length_2363_cov_3.602915	1168	1301	42	1	133	0.0075188
NODE_92848_length_2363_cov_3.602915	1168	1301	44	5	133	0.0375940
NODE_92848_length_2363_cov_3.602915	1168	1301	45	1	133	0.0075188
NODE_92848_length_2363_cov_3.602915	1168	1301	46	1	133	0.0075188
NODE_92848_length_2363_cov_3.602915	1168	1301	48	7	133	0.0526316
NODE_92848_length_2363_cov_3.602915	1168	1301	49	3	133	0.0225564
NODE_92848_length_2363_cov_3.602915	1168	1301	50	2	133	0.0150376
NODE_92848_length_2363_cov_3.602915	1168	1301	51	4	133	0.0300752
NODE_92848_length_2363_cov_3.602915	1168	1301	52	3	133	0.0225564
NODE_92848_length_2363_cov_3.602915	1168	1301	53	4	133	0.0300752
NODE_92848_length_2363_cov_3.602915	1168	1301	54	3	133	0.0225564
NODE_92848_length_2363_cov_3.602915	1168	1301	55	10	133	0.0751880
NODE_92848_length_2363_cov_3.602915	1168	1301	56	5	133	0.0375940
NODE_92848_length_2363_cov_3.602915	1168	1301	57	6	133	0.0451128
NODE_92848_length_2363_cov_3.602915	1168	1301	58	1	133	0.0075188
NODE_92848_length_2363_cov_3.602915	1168	1301	59	10	133	0.0751880
NODE_92848_length_2363_cov_3.602915	1168	1301	60	1	133	0.0075188
NODE_92848_length_2363_cov_3.602915	1168	1301	61	12	133	0.0902256
NODE_92848_length_2363_cov_3.602915	1168	1301	62	19	133	0.1428571
NODE_92848_length_2363_cov_3.602915	1168	1301	63	19	133	0.1428571
NODE_92848_length_2363_cov_3.602915	1168	1301	64	5	133	0.0375940
NODE_92848_length_2363_cov_3.602915	1168	1301	65	4	133	0.0300752
NODE_92848_length_2363_cov_3.602915	1168	1301	66	1	133	0.0075188
NODE_92848_length_2363_cov_3.602915	1168	1301	67	3	133	0.0225564
NODE_92883_length_2362_cov_4.943438	749	882	3	15	133	0.1127820
NODE_92883_length_2362_cov_4.943438	749	882	4	107	133	0.8045112
NODE_92883_length_2362_cov_4.943438	749	882	5	11	133	0.0827068
NODE_9299_length_7607_cov_4.542355	6334	6467	9	5	133	0.0375940
NODE_9299_length_7607_cov_4.542355	6334	6467	10	34	133	0.2556391
NODE_9299_length_7607_cov_4.542355	6334	6467	11	15	133	0.1127820
NODE_9299_length_7607_cov_4.542355	6334	6467	13	3	133	0.0225564
NODE_9299_length_7607_cov_4.542355	6334	6467	14	4	133	0.0300752
NODE_9299_length_7607_cov_4.542355	6334	6467	15	24	133	0.1804511
NODE_9299_length_7607_cov_4.542355	6334	6467	16	43	133	0.3233083
NODE_9299_length_7607_cov_4.542355	6334	6467	17	5	133	0.0375940
NODE_929_length_15155_cov_4.785135	4854	4987	27	7	133	0.0526316
NODE_929_length_15155_cov_4.785135	4854	4987	28	5	133	0.0375940
NODE_929_length_15155_cov_4.785135	4854	4987	29	4	133	0.0300752
NODE_929_length_15155_cov_4.785135	4854	4987	30	3	133	0.0225564
NODE_929_length_15155_cov_4.785135	4854	4987	32	1	133	0.0075188
NODE_929_length_15155_cov_4.785135	4854	4987	34	5	133	0.0375940
NODE_929_length_15155_cov_4.785135	4854	4987	35	12	133	0.0902256
NODE_929_length_15155_cov_4.785135	4854	4987	36	2	133	0.0150376
NODE_929_length_15155_cov_4.785135	4854	4987	37	1	133	0.0075188
NODE_929_length_15155_cov_4.785135	4854	4987	38	1	133	0.0075188
NODE_929_length_15155_cov_4.785135	4854	4987	40	5	133	0.0375940
NODE_929_length_15155_cov_4.785135	4854	4987	41	3	133	0.0225564
NODE_929_length_15155_cov_4.785135	4854	4987	42	2	133	0.0150376
NODE_929_length_15155_cov_4.785135	4854	4987	43	6	133	0.0451128
NODE_929_length_15155_cov_4.785135	4854	4987	44	6	133	0.0451128
NODE_929_length_15155_cov_4.785135	4854	4987	45	5	133	0.0375940
NODE_929_length_15155_cov_4.785135	4854	4987	46	7	133	0.0526316
NODE_929_length_15155_cov_4.785135	4854	4987	47	8	133	0.0601504
NODE_929_length_15155_cov_4.785135	4854	4987	48	3	133	0.0225564
NODE_929_length_15155_cov_4.785135	4854	4987	49	6	133	0.0451128
NODE_929_length_15155_cov_4.785135	4854	4987	50	1	133	0.0075188
NODE_929_length_15155_cov_4.785135	4854	4987	51	15	133	0.1127820
NODE_929_length_15155_cov_4.785135	4854	4987	52	5	133	0.0375940
NODE_929_length_15155_cov_4.785135	4854	4987	53	1	133	0.0075188
NODE_929_length_15155_cov_4.785135	4854	4987	54	1	133	0.0075188
NODE_929_length_15155_cov_4.785135	4854	4987	55	18	133	0.1353384
NODE_93049_length_2359_cov_4.214602	314	447	7	8	133	0.0601504
NODE_93049_length_2359_cov_4.214602	314	447	9	5	133	0.0375940
NODE_93049_length_2359_cov_4.214602	314	447	10	18	133	0.1353384
NODE_93049_length_2359_cov_4.214602	314	447	11	20	133	0.1503759
NODE_93049_length_2359_cov_4.214602	314	447	12	22	133	0.1654135
NODE_93049_length_2359_cov_4.214602	314	447	13	9	133	0.0676692
NODE_93049_length_2359_cov_4.214602	314	447	14	20	133	0.1503759
NODE_93049_length_2359_cov_4.214602	314	447	15	8	133	0.0601504
NODE_93049_length_2359_cov_4.214602	314	447	18	4	133	0.0300752
NODE_93049_length_2359_cov_4.214602	314	447	19	5	133	0.0375940
NODE_93049_length_2359_cov_4.214602	314	447	21	4	133	0.0300752
NODE_93049_length_2359_cov_4.214602	314	447	23	1	133	0.0075188
NODE_93049_length_2359_cov_4.214602	314	447	24	1	133	0.0075188
NODE_93049_length_2359_cov_4.214602	314	447	25	2	133	0.0150376
NODE_93049_length_2359_cov_4.214602	314	447	26	2	133	0.0150376
NODE_93049_length_2359_cov_4.214602	314	447	27	4	133	0.0300752
NODE_93069_length_2359_cov_3.561947	2155	2288	5	6	133	0.0451128
NODE_93069_length_2359_cov_3.561947	2155	2288	6	1	133	0.0075188
NODE_93069_length_2359_cov_3.561947	2155	2288	7	9	133	0.0676692
NODE_93069_length_2359_cov_3.561947	2155	2288	8	1	133	0.0075188
NODE_93069_length_2359_cov_3.561947	2155	2288	9	7	133	0.0526316
NODE_93069_length_2359_cov_3.561947	2155	2288	11	21	133	0.1578947
NODE_93069_length_2359_cov_3.561947	2155	2288	12	2	133	0.0150376
NODE_93069_length_2359_cov_3.561947	2155	2288	14	13	133	0.0977444
NODE_93069_length_2359_cov_3.561947	2155	2288	15	7	133	0.0526316
NODE_93069_length_2359_cov_3.561947	2155	2288	16	9	133	0.0676692
NODE_93069_length_2359_cov_3.561947	2155	2288	17	52	133	0.3909774
NODE_93069_length_2359_cov_3.561947	2155	2288	18	5	133	0.0375940
NODE_9308_length_7605_cov_4.754197	713	846	0	120	133	0.9022557
NODE_9308_length_7605_cov_4.754197	713	846	4	13	133	0.0977444
NODE_93098_length_2358_cov_4.713590	917	1050	4	111	133	0.8345864
NODE_93098_length_2358_cov_4.713590	917	1050	5	15	133	0.1127820
NODE_93098_length_2358_cov_4.713590	917	1050	6	7	133	0.0526316
NODE_9312_length_7604_cov_4.884344	4986	5119	15	8	133	0.0601504
NODE_9312_length_7604_cov_4.884344	4986	5119	16	12	133	0.0902256
NODE_9312_length_7604_cov_4.884344	4986	5119	17	9	133	0.0676692
NODE_9312_length_7604_cov_4.884344	4986	5119	19	5	133	0.0375940
NODE_9312_length_7604_cov_4.884344	4986	5119	20	1	133	0.0075188
NODE_9312_length_7604_cov_4.884344	4986	5119	21	5	133	0.0375940
NODE_9312_length_7604_cov_4.884344	4986	5119	22	5	133	0.0375940
NODE_9312_length_7604_cov_4.884344	4986	5119	23	8	133	0.0601504
NODE_9312_length_7604_cov_4.884344	4986	5119	24	12	133	0.0902256
NODE_9312_length_7604_cov_4.884344	4986	5119	25	8	133	0.0601504
NODE_9312_length_7604_cov_4.884344	4986	5119	26	3	133	0.0225564
NODE_9312_length_7604_cov_4.884344	4986	5119	27	5	133	0.0375940
NODE_9312_length_7604_cov_4.884344	4986	5119	28	35	133	0.2631579
NODE_9312_length_7604_cov_4.884344	4986	5119	29	17	133	0.1278196
NODE_93151_length_2357_cov_4.795394	143	276	6	8	133	0.0601504
NODE_93151_length_2357_cov_4.795394	143	276	7	10	133	0.0751880
NODE_93151_length_2357_cov_4.795394	143	276	9	19	133	0.1428571
NODE_93151_length_2357_cov_4.795394	143	276	10	16	133	0.1203008
NODE_93151_length_2357_cov_4.795394	143	276	11	1	133	0.0075188
NODE_93151_length_2357_cov_4.795394	143	276	12	7	133	0.0526316
NODE_93151_length_2357_cov_4.795394	143	276	13	32	133	0.2406015
NODE_93151_length_2357_cov_4.795394	143	276	14	10	133	0.0751880
NODE_93151_length_2357_cov_4.795394	143	276	15	26	133	0.1954887
NODE_93151_length_2357_cov_4.795394	143	276	17	4	133	0.0300752
NODE_9320_length_7602_cov_3.475543	2986	3119	7	4	133	0.0300752
NODE_9320_length_7602_cov_3.475543	2986	3119	8	18	133	0.1353384
NODE_9320_length_7602_cov_3.475543	2986	3119	9	10	133	0.0751880
NODE_9320_length_7602_cov_3.475543	2986	3119	10	34	133	0.2556391
NODE_9320_length_7602_cov_3.475543	2986	3119	11	27	133	0.2030075
NODE_9320_length_7602_cov_3.475543	2986	3119	12	14	133	0.1052632
NODE_9320_length_7602_cov_3.475543	2986	3119	13	26	133	0.1954887
NODE_93230_length_2356_cov_3.472308	1423	1556	2	28	133	0.2105263
NODE_93230_length_2356_cov_3.472308	1423	1556	3	15	133	0.1127820
NODE_93230_length_2356_cov_3.472308	1423	1556	4	3	133	0.0225564
NODE_93230_length_2356_cov_3.472308	1423	1556	5	26	133	0.1954887
NODE_93230_length_2356_cov_3.472308	1423	1556	6	61	133	0.4586466
NODE_93272_length_2355_cov_3.926862	703	836	1	2	133	0.0150376
NODE_93272_length_2355_cov_3.926862	703	836	2	12	133	0.0902256
NODE_93272_length_2355_cov_3.926862	703	836	4	8	133	0.0601504
NODE_93272_length_2355_cov_3.926862	703	836	5	1	133	0.0075188
NODE_93272_length_2355_cov_3.926862	703	836	6	14	133	0.1052632
NODE_93272_length_2355_cov_3.926862	703	836	7	59	133	0.4436090
NODE_93272_length_2355_cov_3.926862	703	836	8	5	133	0.0375940
NODE_93272_length_2355_cov_3.926862	703	836	9	32	133	0.2406015
NODE_93288_length_2355_cov_3.313387	182	315	7	9	133	0.0676692
NODE_93288_length_2355_cov_3.313387	182	315	8	1	133	0.0075188
NODE_93288_length_2355_cov_3.313387	182	315	9	9	133	0.0676692
NODE_93288_length_2355_cov_3.313387	182	315	10	2	133	0.0150376
NODE_93288_length_2355_cov_3.313387	182	315	11	8	133	0.0601504
NODE_93288_length_2355_cov_3.313387	182	315	12	10	133	0.0751880
NODE_93288_length_2355_cov_3.313387	182	315	13	24	133	0.1804511
NODE_93288_length_2355_cov_3.313387	182	315	14	20	133	0.1503759
NODE_93288_length_2355_cov_3.313387	182	315	15	25	133	0.1879699
NODE_93288_length_2355_cov_3.313387	182	315	16	25	133	0.1879699
NODE_93307_length_2354_cov_5.490466	2002	2135	13	4	133	0.0300752
NODE_93307_length_2354_cov_5.490466	2002	2135	14	10	133	0.0751880
NODE_93307_length_2354_cov_5.490466	2002	2135	15	7	133	0.0526316
NODE_93307_length_2354_cov_5.490466	2002	2135	16	13	133	0.0977444
NODE_93307_length_2354_cov_5.490466	2002	2135	17	15	133	0.1127820
NODE_93307_length_2354_cov_5.490466	2002	2135	18	34	133	0.2556391
NODE_93307_length_2354_cov_5.490466	2002	2135	19	31	133	0.2330827
NODE_93307_length_2354_cov_5.490466	2002	2135	20	13	133	0.0977444
NODE_93307_length_2354_cov_5.490466	2002	2135	21	6	133	0.0451128
NODE_9332_length_7598_cov_5.093479	310	443	6	28	133	0.2105263
NODE_9332_length_7598_cov_5.093479	310	443	7	26	133	0.1954887
NODE_9332_length_7598_cov_5.093479	310	443	8	16	133	0.1203008
NODE_9332_length_7598_cov_5.093479	310	443	9	18	133	0.1353384
NODE_9332_length_7598_cov_5.093479	310	443	10	35	133	0.2631579
NODE_9332_length_7598_cov_5.093479	310	443	11	7	133	0.0526316
NODE_9332_length_7598_cov_5.093479	310	443	12	3	133	0.0225564
NODE_9333_length_7598_cov_4.680091	1011	1144	6	17	133	0.1278196
NODE_9333_length_7598_cov_4.680091	1011	1144	7	25	133	0.1879699
NODE_9333_length_7598_cov_4.680091	1011	1144	9	7	133	0.0526316
NODE_9333_length_7598_cov_4.680091	1011	1144	10	10	133	0.0751880
NODE_9333_length_7598_cov_4.680091	1011	1144	11	36	133	0.2706767
NODE_9333_length_7598_cov_4.680091	1011	1144	12	19	133	0.1428571
NODE_9333_length_7598_cov_4.680091	1011	1144	13	19	133	0.1428571
NODE_93367_length_2353_cov_5.878438	765	898	6	9	133	0.0676692
NODE_93367_length_2353_cov_5.878438	765	898	7	5	133	0.0375940
NODE_93367_length_2353_cov_5.878438	765	898	8	21	133	0.1578947
NODE_93367_length_2353_cov_5.878438	765	898	9	13	133	0.0977444
NODE_93367_length_2353_cov_5.878438	765	898	10	16	133	0.1203008
NODE_93367_length_2353_cov_5.878438	765	898	11	21	133	0.1578947
NODE_93367_length_2353_cov_5.878438	765	898	12	15	133	0.1127820
NODE_93367_length_2353_cov_5.878438	765	898	13	33	133	0.2481203
NODE_93414_length_2352_cov_6.072792	744	877	9	3	133	0.0225564
NODE_93414_length_2352_cov_6.072792	744	877	10	36	133	0.2706767
NODE_93414_length_2352_cov_6.072792	744	877	11	65	133	0.4887218
NODE_93414_length_2352_cov_6.072792	744	877	12	23	133	0.1729323
NODE_93414_length_2352_cov_6.072792	744	877	13	4	133	0.0300752
NODE_93414_length_2352_cov_6.072792	744	877	14	2	133	0.0150376
NODE_93470_length_2351_cov_4.809947	1510	1643	9	4	133	0.0300752
NODE_93470_length_2351_cov_4.809947	1510	1643	10	5	133	0.0375940
NODE_93470_length_2351_cov_4.809947	1510	1643	11	3	133	0.0225564
NODE_93470_length_2351_cov_4.809947	1510	1643	12	25	133	0.1879699
NODE_93470_length_2351_cov_4.809947	1510	1643	13	15	133	0.1127820
NODE_93470_length_2351_cov_4.809947	1510	1643	15	13	133	0.0977444
NODE_93470_length_2351_cov_4.809947	1510	1643	17	7	133	0.0526316
NODE_93470_length_2351_cov_4.809947	1510	1643	18	18	133	0.1353384
NODE_93470_length_2351_cov_4.809947	1510	1643	19	40	133	0.3007519
NODE_93470_length_2351_cov_4.809947	1510	1643	20	3	133	0.0225564
NODE_9348_length_7594_cov_5.227485	5968	6101	3	49	133	0.3684210
NODE_9348_length_7594_cov_5.227485	5968	6101	4	22	133	0.1654135
NODE_9348_length_7594_cov_5.227485	5968	6101	5	62	133	0.4661654
NODE_93491_length_2351_cov_3.956927	869	1002	19	4	133	0.0300752
NODE_93491_length_2351_cov_3.956927	869	1002	20	1	133	0.0075188
NODE_93491_length_2351_cov_3.956927	869	1002	21	12	133	0.0902256
NODE_93491_length_2351_cov_3.956927	869	1002	22	6	133	0.0451128
NODE_93491_length_2351_cov_3.956927	869	1002	24	6	133	0.0451128
NODE_93491_length_2351_cov_3.956927	869	1002	25	1	133	0.0075188
NODE_93491_length_2351_cov_3.956927	869	1002	26	32	133	0.2406015
NODE_93491_length_2351_cov_3.956927	869	1002	27	10	133	0.0751880
NODE_93491_length_2351_cov_3.956927	869	1002	28	4	133	0.0300752
NODE_93491_length_2351_cov_3.956927	869	1002	29	7	133	0.0526316
NODE_93491_length_2351_cov_3.956927	869	1002	30	4	133	0.0300752
NODE_93491_length_2351_cov_3.956927	869	1002	31	21	133	0.1578947
NODE_93491_length_2351_cov_3.956927	869	1002	32	11	133	0.0827068
NODE_93491_length_2351_cov_3.956927	869	1002	33	14	133	0.1052632
NODE_93499_length_2351_cov_3.613233	1052	1185	10	4	133	0.0300752
NODE_93499_length_2351_cov_3.613233	1052	1185	11	16	133	0.1203008
NODE_93499_length_2351_cov_3.613233	1052	1185	12	8	133	0.0601504
NODE_93499_length_2351_cov_3.613233	1052	1185	14	20	133	0.1503759
NODE_93499_length_2351_cov_3.613233	1052	1185	16	2	133	0.0150376
NODE_93499_length_2351_cov_3.613233	1052	1185	18	2	133	0.0150376
NODE_93499_length_2351_cov_3.613233	1052	1185	19	5	133	0.0375940
NODE_93499_length_2351_cov_3.613233	1052	1185	20	4	133	0.0300752
NODE_93499_length_2351_cov_3.613233	1052	1185	22	3	133	0.0225564
NODE_93499_length_2351_cov_3.613233	1052	1185	24	4	133	0.0300752
NODE_93499_length_2351_cov_3.613233	1052	1185	26	5	133	0.0375940
NODE_93499_length_2351_cov_3.613233	1052	1185	28	1	133	0.0075188
NODE_93499_length_2351_cov_3.613233	1052	1185	29	9	133	0.0676692
NODE_93499_length_2351_cov_3.613233	1052	1185	31	1	133	0.0075188
NODE_93499_length_2351_cov_3.613233	1052	1185	34	2	133	0.0150376
NODE_93499_length_2351_cov_3.613233	1052	1185	36	5	133	0.0375940
NODE_93499_length_2351_cov_3.613233	1052	1185	38	1	133	0.0075188
NODE_93499_length_2351_cov_3.613233	1052	1185	39	2	133	0.0150376
NODE_93499_length_2351_cov_3.613233	1052	1185	40	16	133	0.1203008
NODE_93499_length_2351_cov_3.613233	1052	1185	41	11	133	0.0827068
NODE_93499_length_2351_cov_3.613233	1052	1185	42	6	133	0.0451128
NODE_93499_length_2351_cov_3.613233	1052	1185	43	6	133	0.0451128
NODE_93515_length_2351_cov_3.007105	943	1076	0	21	133	0.1578947
NODE_93515_length_2351_cov_3.007105	943	1076	1	60	133	0.4511278
NODE_93515_length_2351_cov_3.007105	943	1076	3	11	133	0.0827068
NODE_93515_length_2351_cov_3.007105	943	1076	4	41	133	0.3082707
NODE_93525_length_2350_cov_6.922701	893	1026	6	5	133	0.0375940
NODE_93525_length_2350_cov_6.922701	893	1026	7	4	133	0.0300752
NODE_93525_length_2350_cov_6.922701	893	1026	8	39	133	0.2932331
NODE_93525_length_2350_cov_6.922701	893	1026	9	39	133	0.2932331
NODE_93525_length_2350_cov_6.922701	893	1026	10	14	133	0.1052632
NODE_93525_length_2350_cov_6.922701	893	1026	11	14	133	0.1052632
NODE_93525_length_2350_cov_6.922701	893	1026	12	18	133	0.1353384
NODE_93547_length_2350_cov_4.442914	2149	2282	4	17	133	0.1278196
NODE_93547_length_2350_cov_4.442914	2149	2282	5	15	133	0.1127820
NODE_93547_length_2350_cov_4.442914	2149	2282	6	28	133	0.2105263
NODE_93547_length_2350_cov_4.442914	2149	2282	7	2	133	0.0150376
NODE_93547_length_2350_cov_4.442914	2149	2282	8	28	133	0.2105263
NODE_93547_length_2350_cov_4.442914	2149	2282	10	43	133	0.3233083
NODE_93562_length_2350_cov_3.763216	1041	1174	10	14	133	0.1052632
NODE_93562_length_2350_cov_3.763216	1041	1174	11	2	133	0.0150376
NODE_93562_length_2350_cov_3.763216	1041	1174	12	5	133	0.0375940
NODE_93562_length_2350_cov_3.763216	1041	1174	14	14	133	0.1052632
NODE_93562_length_2350_cov_3.763216	1041	1174	15	1	133	0.0075188
NODE_93562_length_2350_cov_3.763216	1041	1174	16	4	133	0.0300752
NODE_93562_length_2350_cov_3.763216	1041	1174	17	8	133	0.0601504
NODE_93562_length_2350_cov_3.763216	1041	1174	18	1	133	0.0075188
NODE_93562_length_2350_cov_3.763216	1041	1174	19	2	133	0.0150376
NODE_93562_length_2350_cov_3.763216	1041	1174	20	2	133	0.0150376
NODE_93562_length_2350_cov_3.763216	1041	1174	21	4	133	0.0300752
NODE_93562_length_2350_cov_3.763216	1041	1174	22	1	133	0.0075188
NODE_93562_length_2350_cov_3.763216	1041	1174	23	17	133	0.1278196
NODE_93562_length_2350_cov_3.763216	1041	1174	24	26	133	0.1954887
NODE_93562_length_2350_cov_3.763216	1041	1174	25	22	133	0.1654135
NODE_93562_length_2350_cov_3.763216	1041	1174	26	10	133	0.0751880
NODE_9361_length_7590_cov_3.476305	2208	2341	8	3	133	0.0225564
NODE_9361_length_7590_cov_3.476305	2208	2341	9	4	133	0.0300752
NODE_9361_length_7590_cov_3.476305	2208	2341	10	4	133	0.0300752
NODE_9361_length_7590_cov_3.476305	2208	2341	11	12	133	0.0902256
NODE_9361_length_7590_cov_3.476305	2208	2341	12	1	133	0.0075188
NODE_9361_length_7590_cov_3.476305	2208	2341	14	8	133	0.0601504
NODE_9361_length_7590_cov_3.476305	2208	2341	15	8	133	0.0601504
NODE_9361_length_7590_cov_3.476305	2208	2341	16	10	133	0.0751880
NODE_9361_length_7590_cov_3.476305	2208	2341	17	5	133	0.0375940
NODE_9361_length_7590_cov_3.476305	2208	2341	18	25	133	0.1879699
NODE_9361_length_7590_cov_3.476305	2208	2341	19	14	133	0.1052632
NODE_9361_length_7590_cov_3.476305	2208	2341	20	13	133	0.0977444
NODE_9361_length_7590_cov_3.476305	2208	2341	21	20	133	0.1503759
NODE_9361_length_7590_cov_3.476305	2208	2341	22	6	133	0.0451128
NODE_93624_length_2349_cov_3.724444	227	360	2	7	133	0.0526316
NODE_93624_length_2349_cov_3.724444	227	360	3	33	133	0.2481203
NODE_93624_length_2349_cov_3.724444	227	360	4	18	133	0.1353384
NODE_93624_length_2349_cov_3.724444	227	360	5	75	133	0.5639098
NODE_93656_length_2348_cov_4.794575	1803	1936	3	4	133	0.0300752
NODE_93656_length_2348_cov_4.794575	1803	1936	5	4	133	0.0300752
NODE_93656_length_2348_cov_4.794575	1803	1936	6	21	133	0.1578947
NODE_93656_length_2348_cov_4.794575	1803	1936	7	88	133	0.6616541
NODE_93656_length_2348_cov_4.794575	1803	1936	8	16	133	0.1203008
NODE_93673_length_2348_cov_3.934193	1686	1819	22	1	133	0.0075188
NODE_93673_length_2348_cov_3.934193	1686	1819	23	2	133	0.0150376
NODE_93673_length_2348_cov_3.934193	1686	1819	24	8	133	0.0601504
NODE_93673_length_2348_cov_3.934193	1686	1819	25	5	133	0.0375940
NODE_93673_length_2348_cov_3.934193	1686	1819	26	1	133	0.0075188
NODE_93673_length_2348_cov_3.934193	1686	1819	27	5	133	0.0375940
NODE_93673_length_2348_cov_3.934193	1686	1819	28	7	133	0.0526316
NODE_93673_length_2348_cov_3.934193	1686	1819	29	6	133	0.0451128
NODE_93673_length_2348_cov_3.934193	1686	1819	31	5	133	0.0375940
NODE_93673_length_2348_cov_3.934193	1686	1819	32	1	133	0.0075188
NODE_93673_length_2348_cov_3.934193	1686	1819	33	2	133	0.0150376
NODE_93673_length_2348_cov_3.934193	1686	1819	34	4	133	0.0300752
NODE_93673_length_2348_cov_3.934193	1686	1819	35	4	133	0.0300752
NODE_93673_length_2348_cov_3.934193	1686	1819	36	13	133	0.0977444
NODE_93673_length_2348_cov_3.934193	1686	1819	37	7	133	0.0526316
NODE_93673_length_2348_cov_3.934193	1686	1819	38	4	133	0.0300752
NODE_93673_length_2348_cov_3.934193	1686	1819	39	7	133	0.0526316
NODE_93673_length_2348_cov_3.934193	1686	1819	40	5	133	0.0375940
NODE_93673_length_2348_cov_3.934193	1686	1819	41	4	133	0.0300752
NODE_93673_length_2348_cov_3.934193	1686	1819	42	1	133	0.0075188
NODE_93673_length_2348_cov_3.934193	1686	1819	43	6	133	0.0451128
NODE_93673_length_2348_cov_3.934193	1686	1819	44	32	133	0.2406015
NODE_93673_length_2348_cov_3.934193	1686	1819	45	2	133	0.0150376
NODE_93673_length_2348_cov_3.934193	1686	1819	46	1	133	0.0075188
NODE_9382_length_7582_cov_4.879193	6425	6558	22	1	133	0.0075188
NODE_9382_length_7582_cov_4.879193	6425	6558	24	2	133	0.0150376
NODE_9382_length_7582_cov_4.879193	6425	6558	25	2	133	0.0150376
NODE_9382_length_7582_cov_4.879193	6425	6558	26	1	133	0.0075188
NODE_9382_length_7582_cov_4.879193	6425	6558	27	4	133	0.0300752
NODE_9382_length_7582_cov_4.879193	6425	6558	29	8	133	0.0601504
NODE_9382_length_7582_cov_4.879193	6425	6558	30	6	133	0.0451128
NODE_9382_length_7582_cov_4.879193	6425	6558	31	2	133	0.0150376
NODE_9382_length_7582_cov_4.879193	6425	6558	32	1	133	0.0075188
NODE_9382_length_7582_cov_4.879193	6425	6558	33	10	133	0.0751880
NODE_9382_length_7582_cov_4.879193	6425	6558	34	2	133	0.0150376
NODE_9382_length_7582_cov_4.879193	6425	6558	35	19	133	0.1428571
NODE_9382_length_7582_cov_4.879193	6425	6558	36	5	133	0.0375940
NODE_9382_length_7582_cov_4.879193	6425	6558	38	1	133	0.0075188
NODE_9382_length_7582_cov_4.879193	6425	6558	39	2	133	0.0150376
NODE_9382_length_7582_cov_4.879193	6425	6558	40	9	133	0.0676692
NODE_9382_length_7582_cov_4.879193	6425	6558	41	4	133	0.0300752
NODE_9382_length_7582_cov_4.879193	6425	6558	42	35	133	0.2631579
NODE_9382_length_7582_cov_4.879193	6425	6558	43	11	133	0.0827068
NODE_9382_length_7582_cov_4.879193	6425	6558	44	8	133	0.0601504
NODE_93958_length_2343_cov_2.663993	1022	1155	4	16	133	0.1203008
NODE_93958_length_2343_cov_2.663993	1022	1155	5	1	133	0.0075188
NODE_93958_length_2343_cov_2.663993	1022	1155	6	5	133	0.0375940
NODE_93958_length_2343_cov_2.663993	1022	1155	7	13	133	0.0977444
NODE_93958_length_2343_cov_2.663993	1022	1155	8	9	133	0.0676692
NODE_93958_length_2343_cov_2.663993	1022	1155	9	13	133	0.0977444
NODE_93958_length_2343_cov_2.663993	1022	1155	10	7	133	0.0526316
NODE_93958_length_2343_cov_2.663993	1022	1155	11	41	133	0.3082707
NODE_93958_length_2343_cov_2.663993	1022	1155	12	14	133	0.1052632
NODE_93958_length_2343_cov_2.663993	1022	1155	13	14	133	0.1052632
NODE_93979_length_2342_cov_4.292020	497	630	7	3	133	0.0225564
NODE_93979_length_2342_cov_4.292020	497	630	8	14	133	0.1052632
NODE_93979_length_2342_cov_4.292020	497	630	9	70	133	0.5263158
NODE_93979_length_2342_cov_4.292020	497	630	10	5	133	0.0375940
NODE_93979_length_2342_cov_4.292020	497	630	11	41	133	0.3082707
NODE_94043_length_2341_cov_3.656111	1479	1612	18	4	133	0.0300752
NODE_94043_length_2341_cov_3.656111	1479	1612	19	5	133	0.0375940
NODE_94043_length_2341_cov_3.656111	1479	1612	20	2	133	0.0150376
NODE_94043_length_2341_cov_3.656111	1479	1612	21	11	133	0.0827068
NODE_94043_length_2341_cov_3.656111	1479	1612	22	2	133	0.0150376
NODE_94043_length_2341_cov_3.656111	1479	1612	24	11	133	0.0827068
NODE_94043_length_2341_cov_3.656111	1479	1612	25	2	133	0.0150376
NODE_94043_length_2341_cov_3.656111	1479	1612	26	4	133	0.0300752
NODE_94043_length_2341_cov_3.656111	1479	1612	27	17	133	0.1278196
NODE_94043_length_2341_cov_3.656111	1479	1612	28	5	133	0.0375940
NODE_94043_length_2341_cov_3.656111	1479	1612	29	9	133	0.0676692
NODE_94043_length_2341_cov_3.656111	1479	1612	30	1	133	0.0075188
NODE_94043_length_2341_cov_3.656111	1479	1612	31	5	133	0.0375940
NODE_94043_length_2341_cov_3.656111	1479	1612	32	31	133	0.2330827
NODE_94043_length_2341_cov_3.656111	1479	1612	33	10	133	0.0751880
NODE_94043_length_2341_cov_3.656111	1479	1612	34	9	133	0.0676692
NODE_94043_length_2341_cov_3.656111	1479	1612	36	2	133	0.0150376
NODE_94043_length_2341_cov_3.656111	1479	1612	37	3	133	0.0225564
NODE_94051_length_2341_cov_3.442016	556	689	4	22	133	0.1654135
NODE_94051_length_2341_cov_3.442016	556	689	6	9	133	0.0676692
NODE_94051_length_2341_cov_3.442016	556	689	7	2	133	0.0150376
NODE_94051_length_2341_cov_3.442016	556	689	8	52	133	0.3909774
NODE_94051_length_2341_cov_3.442016	556	689	9	46	133	0.3458647
NODE_94051_length_2341_cov_3.442016	556	689	10	2	133	0.0150376
NODE_9406_length_7575_cov_6.383093	1761	1894	0	24	133	0.1804511
NODE_9406_length_7575_cov_6.383093	1761	1894	1	14	133	0.1052632
NODE_9406_length_7575_cov_6.383093	1761	1894	2	95	133	0.7142857
NODE_94095_length_2340_cov_3.483266	668	801	1	37	133	0.2781955
NODE_94095_length_2340_cov_3.483266	668	801	2	41	133	0.3082707
NODE_94095_length_2340_cov_3.483266	668	801	3	55	133	0.4135338
NODE_940_length_15117_cov_4.539885	14045	14178	12	21	133	0.1578947
NODE_940_length_15117_cov_4.539885	14045	14178	13	8	133	0.0601504
NODE_940_length_15117_cov_4.539885	14045	14178	14	2	133	0.0150376
NODE_940_length_15117_cov_4.539885	14045	14178	15	8	133	0.0601504
NODE_940_length_15117_cov_4.539885	14045	14178	16	10	133	0.0751880
NODE_940_length_15117_cov_4.539885	14045	14178	17	8	133	0.0601504
NODE_940_length_15117_cov_4.539885	14045	14178	18	7	133	0.0526316
NODE_940_length_15117_cov_4.539885	14045	14178	19	31	133	0.2330827
NODE_940_length_15117_cov_4.539885	14045	14178	20	8	133	0.0601504
NODE_940_length_15117_cov_4.539885	14045	14178	21	12	133	0.0902256
NODE_940_length_15117_cov_4.539885	14045	14178	22	18	133	0.1353384
NODE_94100_length_2340_cov_3.292280	1196	1329	4	23	133	0.1729323
NODE_94100_length_2340_cov_3.292280	1196	1329	5	26	133	0.1954887
NODE_94100_length_2340_cov_3.292280	1196	1329	6	10	133	0.0751880
NODE_94100_length_2340_cov_3.292280	1196	1329	7	19	133	0.1428571
NODE_94100_length_2340_cov_3.292280	1196	1329	8	10	133	0.0751880
NODE_94100_length_2340_cov_3.292280	1196	1329	9	45	133	0.3383459
NODE_9413_length_7573_cov_5.755686	490	623	5	15	133	0.1127820
NODE_9413_length_7573_cov_5.755686	490	623	7	11	133	0.0827068
NODE_9413_length_7573_cov_5.755686	490	623	8	14	133	0.1052632
NODE_9413_length_7573_cov_5.755686	490	623	9	26	133	0.1954887
NODE_9413_length_7573_cov_5.755686	490	623	10	37	133	0.2781955
NODE_9413_length_7573_cov_5.755686	490	623	11	13	133	0.0977444
NODE_9413_length_7573_cov_5.755686	490	623	12	2	133	0.0150376
NODE_9413_length_7573_cov_5.755686	490	623	13	10	133	0.0751880
NODE_9413_length_7573_cov_5.755686	490	623	14	5	133	0.0375940
NODE_9425_length_7571_cov_4.923581	7243	7376	23	2	133	0.0150376
NODE_9425_length_7571_cov_4.923581	7243	7376	24	5	133	0.0375940
NODE_9425_length_7571_cov_4.923581	7243	7376	25	2	133	0.0150376
NODE_9425_length_7571_cov_4.923581	7243	7376	26	1	133	0.0075188
NODE_9425_length_7571_cov_4.923581	7243	7376	27	5	133	0.0375940
NODE_9425_length_7571_cov_4.923581	7243	7376	31	2	133	0.0150376
NODE_9425_length_7571_cov_4.923581	7243	7376	32	5	133	0.0375940
NODE_9425_length_7571_cov_4.923581	7243	7376	35	2	133	0.0150376
NODE_9425_length_7571_cov_4.923581	7243	7376	37	1	133	0.0075188
NODE_9425_length_7571_cov_4.923581	7243	7376	39	3	133	0.0225564
NODE_9425_length_7571_cov_4.923581	7243	7376	40	1	133	0.0075188
NODE_9425_length_7571_cov_4.923581	7243	7376	42	6	133	0.0451128
NODE_9425_length_7571_cov_4.923581	7243	7376	43	1	133	0.0075188
NODE_9425_length_7571_cov_4.923581	7243	7376	44	2	133	0.0150376
NODE_9425_length_7571_cov_4.923581	7243	7376	46	2	133	0.0150376
NODE_9425_length_7571_cov_4.923581	7243	7376	52	12	133	0.0902256
NODE_9425_length_7571_cov_4.923581	7243	7376	53	4	133	0.0300752
NODE_9425_length_7571_cov_4.923581	7243	7376	54	2	133	0.0150376
NODE_9425_length_7571_cov_4.923581	7243	7376	55	20	133	0.1503759
NODE_9425_length_7571_cov_4.923581	7243	7376	56	6	133	0.0451128
NODE_9425_length_7571_cov_4.923581	7243	7376	57	16	133	0.1203008
NODE_9425_length_7571_cov_4.923581	7243	7376	58	14	133	0.1052632
NODE_9425_length_7571_cov_4.923581	7243	7376	59	17	133	0.1278196
NODE_9425_length_7571_cov_4.923581	7243	7376	60	2	133	0.0150376
NODE_9428_length_7571_cov_4.567050	2683	2816	20	5	133	0.0375940
NODE_9428_length_7571_cov_4.567050	2683	2816	22	6	133	0.0451128
NODE_9428_length_7571_cov_4.567050	2683	2816	23	11	133	0.0827068
NODE_9428_length_7571_cov_4.567050	2683	2816	25	6	133	0.0451128
NODE_9428_length_7571_cov_4.567050	2683	2816	26	8	133	0.0601504
NODE_9428_length_7571_cov_4.567050	2683	2816	27	11	133	0.0827068
NODE_9428_length_7571_cov_4.567050	2683	2816	29	14	133	0.1052632
NODE_9428_length_7571_cov_4.567050	2683	2816	30	2	133	0.0150376
NODE_9428_length_7571_cov_4.567050	2683	2816	31	17	133	0.1278196
NODE_9428_length_7571_cov_4.567050	2683	2816	32	8	133	0.0601504
NODE_9428_length_7571_cov_4.567050	2683	2816	33	15	133	0.1127820
NODE_9428_length_7571_cov_4.567050	2683	2816	34	17	133	0.1278196
NODE_9428_length_7571_cov_4.567050	2683	2816	35	2	133	0.0150376
NODE_9428_length_7571_cov_4.567050	2683	2816	36	3	133	0.0225564
NODE_9428_length_7571_cov_4.567050	2683	2816	37	8	133	0.0601504
NODE_94303_length_2336_cov_5.318283	1732	1865	1	5	133	0.0375940
NODE_94303_length_2336_cov_5.318283	1732	1865	2	5	133	0.0375940
NODE_94303_length_2336_cov_5.318283	1732	1865	3	2	133	0.0150376
NODE_94303_length_2336_cov_5.318283	1732	1865	4	49	133	0.3684210
NODE_94303_length_2336_cov_5.318283	1732	1865	5	72	133	0.5413534
NODE_94512_length_2333_cov_3.928827	2181	2314	1	4	133	0.0300752
NODE_94512_length_2333_cov_3.928827	2181	2314	3	14	133	0.1052632
NODE_94512_length_2333_cov_3.928827	2181	2314	5	2	133	0.0150376
NODE_94512_length_2333_cov_3.928827	2181	2314	6	13	133	0.0977444
NODE_94512_length_2333_cov_3.928827	2181	2314	8	61	133	0.4586466
NODE_94512_length_2333_cov_3.928827	2181	2314	10	39	133	0.2932331
NODE_94534_length_2333_cov_2.761415	2134	2267	0	133	133	1.0000000
NODE_94588_length_2331_cov_6.345430	1225	1358	79	1	133	0.0075188
NODE_94588_length_2331_cov_6.345430	1225	1358	80	1	133	0.0075188
NODE_94588_length_2331_cov_6.345430	1225	1358	81	5	133	0.0375940
NODE_94588_length_2331_cov_6.345430	1225	1358	82	1	133	0.0075188
NODE_94588_length_2331_cov_6.345430	1225	1358	86	1	133	0.0075188
NODE_94588_length_2331_cov_6.345430	1225	1358	87	1	133	0.0075188
NODE_94588_length_2331_cov_6.345430	1225	1358	88	2	133	0.0150376
NODE_94588_length_2331_cov_6.345430	1225	1358	89	1	133	0.0075188
NODE_94588_length_2331_cov_6.345430	1225	1358	90	5	133	0.0375940
NODE_94588_length_2331_cov_6.345430	1225	1358	91	7	133	0.0526316
NODE_94588_length_2331_cov_6.345430	1225	1358	92	1	133	0.0075188
NODE_94588_length_2331_cov_6.345430	1225	1358	93	2	133	0.0150376
NODE_94588_length_2331_cov_6.345430	1225	1358	94	1	133	0.0075188
NODE_94588_length_2331_cov_6.345430	1225	1358	95	1	133	0.0075188
NODE_94588_length_2331_cov_6.345430	1225	1358	96	2	133	0.0150376
NODE_94588_length_2331_cov_6.345430	1225	1358	97	2	133	0.0150376
NODE_94588_length_2331_cov_6.345430	1225	1358	99	1	133	0.0075188
NODE_94588_length_2331_cov_6.345430	1225	1358	100	1	133	0.0075188
NODE_94588_length_2331_cov_6.345430	1225	1358	101	1	133	0.0075188
NODE_94588_length_2331_cov_6.345430	1225	1358	102	2	133	0.0150376
NODE_94588_length_2331_cov_6.345430	1225	1358	103	3	133	0.0225564
NODE_94588_length_2331_cov_6.345430	1225	1358	104	1	133	0.0075188
NODE_94588_length_2331_cov_6.345430	1225	1358	105	6	133	0.0451128
NODE_94588_length_2331_cov_6.345430	1225	1358	106	2	133	0.0150376
NODE_94588_length_2331_cov_6.345430	1225	1358	107	4	133	0.0300752
NODE_94588_length_2331_cov_6.345430	1225	1358	108	1	133	0.0075188
NODE_94588_length_2331_cov_6.345430	1225	1358	109	5	133	0.0375940
NODE_94588_length_2331_cov_6.345430	1225	1358	110	6	133	0.0451128
NODE_94588_length_2331_cov_6.345430	1225	1358	111	2	133	0.0150376
NODE_94588_length_2331_cov_6.345430	1225	1358	112	1	133	0.0075188
NODE_94588_length_2331_cov_6.345430	1225	1358	113	4	133	0.0300752
NODE_94588_length_2331_cov_6.345430	1225	1358	114	1	133	0.0075188
NODE_94588_length_2331_cov_6.345430	1225	1358	115	1	133	0.0075188
NODE_94588_length_2331_cov_6.345430	1225	1358	116	5	133	0.0375940
NODE_94588_length_2331_cov_6.345430	1225	1358	117	9	133	0.0676692
NODE_94588_length_2331_cov_6.345430	1225	1358	118	11	133	0.0827068
NODE_94588_length_2331_cov_6.345430	1225	1358	119	2	133	0.0150376
NODE_94588_length_2331_cov_6.345430	1225	1358	120	3	133	0.0225564
NODE_94588_length_2331_cov_6.345430	1225	1358	121	6	133	0.0451128
NODE_94588_length_2331_cov_6.345430	1225	1358	122	8	133	0.0601504
NODE_94588_length_2331_cov_6.345430	1225	1358	123	5	133	0.0375940
NODE_94588_length_2331_cov_6.345430	1225	1358	124	6	133	0.0451128
NODE_94588_length_2331_cov_6.345430	1225	1358	125	2	133	0.0150376
NODE_945_length_15082_cov_4.406461	12734	12867	11	4	133	0.0300752
NODE_945_length_15082_cov_4.406461	12734	12867	13	4	133	0.0300752
NODE_945_length_15082_cov_4.406461	12734	12867	14	4	133	0.0300752
NODE_945_length_15082_cov_4.406461	12734	12867	15	6	133	0.0451128
NODE_945_length_15082_cov_4.406461	12734	12867	16	30	133	0.2255639
NODE_945_length_15082_cov_4.406461	12734	12867	17	14	133	0.1052632
NODE_945_length_15082_cov_4.406461	12734	12867	18	40	133	0.3007519
NODE_945_length_15082_cov_4.406461	12734	12867	19	17	133	0.1278196
NODE_945_length_15082_cov_4.406461	12734	12867	20	11	133	0.0827068
NODE_945_length_15082_cov_4.406461	12734	12867	21	3	133	0.0225564
NODE_94677_length_2330_cov_3.347378	1319	1452	0	131	133	0.9849624
NODE_94677_length_2330_cov_3.347378	1319	1452	1	2	133	0.0150376
NODE_94712_length_2329_cov_4.305381	281	414	1	5	133	0.0375940
NODE_94712_length_2329_cov_4.305381	281	414	2	21	133	0.1578947
NODE_94712_length_2329_cov_4.305381	281	414	3	107	133	0.8045112
NODE_9471_length_7559_cov_4.418231	6352	6485	7	6	133	0.0451128
NODE_9471_length_7559_cov_4.418231	6352	6485	8	12	133	0.0902256
NODE_9471_length_7559_cov_4.418231	6352	6485	9	14	133	0.1052632
NODE_9471_length_7559_cov_4.418231	6352	6485	10	20	133	0.1503759
NODE_9471_length_7559_cov_4.418231	6352	6485	11	25	133	0.1879699
NODE_9471_length_7559_cov_4.418231	6352	6485	12	15	133	0.1127820
NODE_9471_length_7559_cov_4.418231	6352	6485	13	11	133	0.0827068
NODE_9471_length_7559_cov_4.418231	6352	6485	14	18	133	0.1353384
NODE_9471_length_7559_cov_4.418231	6352	6485	16	4	133	0.0300752
NODE_9471_length_7559_cov_4.418231	6352	6485	17	1	133	0.0075188
NODE_9471_length_7559_cov_4.418231	6352	6485	18	7	133	0.0526316
NODE_94722_length_2329_cov_3.817040	1871	2004	5	9	133	0.0676692
NODE_94722_length_2329_cov_3.817040	1871	2004	6	13	133	0.0977444
NODE_94722_length_2329_cov_3.817040	1871	2004	7	6	133	0.0451128
NODE_94722_length_2329_cov_3.817040	1871	2004	8	13	133	0.0977444
NODE_94722_length_2329_cov_3.817040	1871	2004	9	20	133	0.1503759
NODE_94722_length_2329_cov_3.817040	1871	2004	10	2	133	0.0150376
NODE_94722_length_2329_cov_3.817040	1871	2004	12	2	133	0.0150376
NODE_94722_length_2329_cov_3.817040	1871	2004	13	6	133	0.0451128
NODE_94722_length_2329_cov_3.817040	1871	2004	15	17	133	0.1278196
NODE_94722_length_2329_cov_3.817040	1871	2004	16	22	133	0.1654135
NODE_94722_length_2329_cov_3.817040	1871	2004	17	23	133	0.1729323
NODE_94778_length_2328_cov_4.008075	1201	1334	7	4	133	0.0300752
NODE_94778_length_2328_cov_4.008075	1201	1334	8	8	133	0.0601504
NODE_94778_length_2328_cov_4.008075	1201	1334	10	2	133	0.0150376
NODE_94778_length_2328_cov_4.008075	1201	1334	12	16	133	0.1203008
NODE_94778_length_2328_cov_4.008075	1201	1334	13	11	133	0.0827068
NODE_94778_length_2328_cov_4.008075	1201	1334	14	7	133	0.0526316
NODE_94778_length_2328_cov_4.008075	1201	1334	18	19	133	0.1428571
NODE_94778_length_2328_cov_4.008075	1201	1334	19	1	133	0.0075188
NODE_94778_length_2328_cov_4.008075	1201	1334	20	13	133	0.0977444
NODE_94778_length_2328_cov_4.008075	1201	1334	21	10	133	0.0751880
NODE_94778_length_2328_cov_4.008075	1201	1334	22	20	133	0.1503759
NODE_94778_length_2328_cov_4.008075	1201	1334	24	22	133	0.1654135
NODE_9482_length_7556_cov_7.655760	5305	5438	14	5	133	0.0375940
NODE_9482_length_7556_cov_7.655760	5305	5438	15	1	133	0.0075188
NODE_9482_length_7556_cov_7.655760	5305	5438	16	2	133	0.0150376
NODE_9482_length_7556_cov_7.655760	5305	5438	17	1	133	0.0075188
NODE_9482_length_7556_cov_7.655760	5305	5438	18	6	133	0.0451128
NODE_9482_length_7556_cov_7.655760	5305	5438	19	6	133	0.0451128
NODE_9482_length_7556_cov_7.655760	5305	5438	20	1	133	0.0075188
NODE_9482_length_7556_cov_7.655760	5305	5438	21	17	133	0.1278196
NODE_9482_length_7556_cov_7.655760	5305	5438	22	12	133	0.0902256
NODE_9482_length_7556_cov_7.655760	5305	5438	23	3	133	0.0225564
NODE_9482_length_7556_cov_7.655760	5305	5438	24	17	133	0.1278196
NODE_9482_length_7556_cov_7.655760	5305	5438	25	41	133	0.3082707
NODE_9482_length_7556_cov_7.655760	5305	5438	26	20	133	0.1503759
NODE_9482_length_7556_cov_7.655760	5305	5438	27	1	133	0.0075188
NODE_94858_length_2327_cov_3.432226	1956	2089	3	18	133	0.1353384
NODE_94858_length_2327_cov_3.432226	1956	2089	4	5	133	0.0375940
NODE_94858_length_2327_cov_3.432226	1956	2089	5	69	133	0.5187970
NODE_94858_length_2327_cov_3.432226	1956	2089	6	40	133	0.3007519
NODE_94858_length_2327_cov_3.432226	1956	2089	7	1	133	0.0075188
NODE_94862_length_2327_cov_3.355476	1801	1934	1	18	133	0.1353384
NODE_94862_length_2327_cov_3.355476	1801	1934	2	11	133	0.0827068
NODE_94862_length_2327_cov_3.355476	1801	1934	3	10	133	0.0751880
NODE_94862_length_2327_cov_3.355476	1801	1934	4	4	133	0.0300752
NODE_94862_length_2327_cov_3.355476	1801	1934	5	3	133	0.0225564
NODE_94862_length_2327_cov_3.355476	1801	1934	6	4	133	0.0300752
NODE_94862_length_2327_cov_3.355476	1801	1934	7	14	133	0.1052632
NODE_94862_length_2327_cov_3.355476	1801	1934	8	22	133	0.1654135
NODE_94862_length_2327_cov_3.355476	1801	1934	9	4	133	0.0300752
NODE_94862_length_2327_cov_3.355476	1801	1934	10	43	133	0.3233083
NODE_9486_length_7556_cov_3.994770	6088	6221	6	8	133	0.0601504
NODE_9486_length_7556_cov_3.994770	6088	6221	7	1	133	0.0075188
NODE_9486_length_7556_cov_3.994770	6088	6221	10	2	133	0.0150376
NODE_9486_length_7556_cov_3.994770	6088	6221	12	8	133	0.0601504
NODE_9486_length_7556_cov_3.994770	6088	6221	13	4	133	0.0300752
NODE_9486_length_7556_cov_3.994770	6088	6221	17	10	133	0.0751880
NODE_9486_length_7556_cov_3.994770	6088	6221	18	13	133	0.0977444
NODE_9486_length_7556_cov_3.994770	6088	6221	19	3	133	0.0225564
NODE_9486_length_7556_cov_3.994770	6088	6221	20	23	133	0.1729323
NODE_9486_length_7556_cov_3.994770	6088	6221	21	16	133	0.1203008
NODE_9486_length_7556_cov_3.994770	6088	6221	23	7	133	0.0526316
NODE_9486_length_7556_cov_3.994770	6088	6221	26	9	133	0.0676692
NODE_9486_length_7556_cov_3.994770	6088	6221	27	29	133	0.2180451
NODE_94875_length_2327_cov_2.539048	1114	1247	8	2	133	0.0150376
NODE_94875_length_2327_cov_2.539048	1114	1247	9	27	133	0.2030075
NODE_94875_length_2327_cov_2.539048	1114	1247	10	44	133	0.3308271
NODE_94875_length_2327_cov_2.539048	1114	1247	11	51	133	0.3834586
NODE_94875_length_2327_cov_2.539048	1114	1247	12	9	133	0.0676692
NODE_9492_length_7552_cov_5.310479	1539	1672	3	24	133	0.1804511
NODE_9492_length_7552_cov_5.310479	1539	1672	4	42	133	0.3157895
NODE_9492_length_7552_cov_5.310479	1539	1672	5	67	133	0.5037594
NODE_94943_length_2325_cov_4.524259	1400	1533	20	2	133	0.0150376
NODE_94943_length_2325_cov_4.524259	1400	1533	21	9	133	0.0676692
NODE_94943_length_2325_cov_4.524259	1400	1533	22	10	133	0.0751880
NODE_94943_length_2325_cov_4.524259	1400	1533	24	8	133	0.0601504
NODE_94943_length_2325_cov_4.524259	1400	1533	25	2	133	0.0150376
NODE_94943_length_2325_cov_4.524259	1400	1533	26	11	133	0.0827068
NODE_94943_length_2325_cov_4.524259	1400	1533	27	1	133	0.0075188
NODE_94943_length_2325_cov_4.524259	1400	1533	29	8	133	0.0601504
NODE_94943_length_2325_cov_4.524259	1400	1533	30	8	133	0.0601504
NODE_94943_length_2325_cov_4.524259	1400	1533	31	20	133	0.1503759
NODE_94943_length_2325_cov_4.524259	1400	1533	32	14	133	0.1052632
NODE_94943_length_2325_cov_4.524259	1400	1533	33	1	133	0.0075188
NODE_94943_length_2325_cov_4.524259	1400	1533	34	18	133	0.1353384
NODE_94943_length_2325_cov_4.524259	1400	1533	35	5	133	0.0375940
NODE_94943_length_2325_cov_4.524259	1400	1533	36	8	133	0.0601504
NODE_94943_length_2325_cov_4.524259	1400	1533	37	3	133	0.0225564
NODE_94943_length_2325_cov_4.524259	1400	1533	38	5	133	0.0375940
NODE_949_length_15075_cov_4.294738	4602	4735	34	3	133	0.0225564
NODE_949_length_15075_cov_4.294738	4602	4735	35	1	133	0.0075188
NODE_949_length_15075_cov_4.294738	4602	4735	37	5	133	0.0375940
NODE_949_length_15075_cov_4.294738	4602	4735	38	1	133	0.0075188
NODE_949_length_15075_cov_4.294738	4602	4735	39	1	133	0.0075188
NODE_949_length_15075_cov_4.294738	4602	4735	40	8	133	0.0601504
NODE_949_length_15075_cov_4.294738	4602	4735	41	2	133	0.0150376
NODE_949_length_15075_cov_4.294738	4602	4735	43	4	133	0.0300752
NODE_949_length_15075_cov_4.294738	4602	4735	44	1	133	0.0075188
NODE_949_length_15075_cov_4.294738	4602	4735	45	1	133	0.0075188
NODE_949_length_15075_cov_4.294738	4602	4735	47	16	133	0.1203008
NODE_949_length_15075_cov_4.294738	4602	4735	48	11	133	0.0827068
NODE_949_length_15075_cov_4.294738	4602	4735	49	4	133	0.0300752
NODE_949_length_15075_cov_4.294738	4602	4735	51	8	133	0.0601504
NODE_949_length_15075_cov_4.294738	4602	4735	52	7	133	0.0526316
NODE_949_length_15075_cov_4.294738	4602	4735	54	17	133	0.1278196
NODE_949_length_15075_cov_4.294738	4602	4735	55	4	133	0.0300752
NODE_949_length_15075_cov_4.294738	4602	4735	58	25	133	0.1879699
NODE_949_length_15075_cov_4.294738	4602	4735	59	14	133	0.1052632
NODE_95012_length_2324_cov_4.233708	1291	1424	10	15	133	0.1127820
NODE_95012_length_2324_cov_4.233708	1291	1424	11	7	133	0.0526316
NODE_95012_length_2324_cov_4.233708	1291	1424	12	5	133	0.0375940
NODE_95012_length_2324_cov_4.233708	1291	1424	13	6	133	0.0451128
NODE_95012_length_2324_cov_4.233708	1291	1424	14	2	133	0.0150376
NODE_95012_length_2324_cov_4.233708	1291	1424	15	6	133	0.0451128
NODE_95012_length_2324_cov_4.233708	1291	1424	16	31	133	0.2330827
NODE_95012_length_2324_cov_4.233708	1291	1424	17	24	133	0.1804511
NODE_95012_length_2324_cov_4.233708	1291	1424	18	7	133	0.0526316
NODE_95012_length_2324_cov_4.233708	1291	1424	19	30	133	0.2255639
NODE_95073_length_2323_cov_4.080486	1406	1539	2	4	133	0.0300752
NODE_95073_length_2323_cov_4.080486	1406	1539	4	11	133	0.0827068
NODE_95073_length_2323_cov_4.080486	1406	1539	6	25	133	0.1879699
NODE_95073_length_2323_cov_4.080486	1406	1539	7	1	133	0.0075188
NODE_95073_length_2323_cov_4.080486	1406	1539	8	46	133	0.3458647
NODE_95073_length_2323_cov_4.080486	1406	1539	9	46	133	0.3458647
NODE_95080_length_2323_cov_3.625450	1799	1932	28	2	133	0.0150376
NODE_95080_length_2323_cov_3.625450	1799	1932	29	1	133	0.0075188
NODE_95080_length_2323_cov_3.625450	1799	1932	30	3	133	0.0225564
NODE_95080_length_2323_cov_3.625450	1799	1932	31	4	133	0.0300752
NODE_95080_length_2323_cov_3.625450	1799	1932	32	2	133	0.0150376
NODE_95080_length_2323_cov_3.625450	1799	1932	33	1	133	0.0075188
NODE_95080_length_2323_cov_3.625450	1799	1932	34	3	133	0.0225564
NODE_95080_length_2323_cov_3.625450	1799	1932	35	15	133	0.1127820
NODE_95080_length_2323_cov_3.625450	1799	1932	36	23	133	0.1729323
NODE_95080_length_2323_cov_3.625450	1799	1932	37	6	133	0.0451128
NODE_95080_length_2323_cov_3.625450	1799	1932	38	22	133	0.1654135
NODE_95080_length_2323_cov_3.625450	1799	1932	39	7	133	0.0526316
NODE_95080_length_2323_cov_3.625450	1799	1932	40	7	133	0.0526316
NODE_95080_length_2323_cov_3.625450	1799	1932	41	17	133	0.1278196
NODE_95080_length_2323_cov_3.625450	1799	1932	42	5	133	0.0375940
NODE_95080_length_2323_cov_3.625450	1799	1932	43	15	133	0.1127820
NODE_9510_length_7548_cov_18.185126	6467	6600	148	1	133	0.0075188
NODE_9510_length_7548_cov_18.185126	6467	6600	150	3	133	0.0225564
NODE_9510_length_7548_cov_18.185126	6467	6600	153	2	133	0.0150376
NODE_9510_length_7548_cov_18.185126	6467	6600	154	1	133	0.0075188
NODE_9510_length_7548_cov_18.185126	6467	6600	156	2	133	0.0150376
NODE_9510_length_7548_cov_18.185126	6467	6600	157	1	133	0.0075188
NODE_9510_length_7548_cov_18.185126	6467	6600	158	1	133	0.0075188
NODE_9510_length_7548_cov_18.185126	6467	6600	159	1	133	0.0075188
NODE_9510_length_7548_cov_18.185126	6467	6600	161	1	133	0.0075188
NODE_9510_length_7548_cov_18.185126	6467	6600	162	1	133	0.0075188
NODE_9510_length_7548_cov_18.185126	6467	6600	165	3	133	0.0225564
NODE_9510_length_7548_cov_18.185126	6467	6600	167	1	133	0.0075188
NODE_9510_length_7548_cov_18.185126	6467	6600	169	2	133	0.0150376
NODE_9510_length_7548_cov_18.185126	6467	6600	170	1	133	0.0075188
NODE_9510_length_7548_cov_18.185126	6467	6600	173	1	133	0.0075188
NODE_9510_length_7548_cov_18.185126	6467	6600	174	1	133	0.0075188
NODE_9510_length_7548_cov_18.185126	6467	6600	175	1	133	0.0075188
NODE_9510_length_7548_cov_18.185126	6467	6600	179	1	133	0.0075188
NODE_9510_length_7548_cov_18.185126	6467	6600	182	2	133	0.0150376
NODE_9510_length_7548_cov_18.185126	6467	6600	183	1	133	0.0075188
NODE_9510_length_7548_cov_18.185126	6467	6600	184	4	133	0.0300752
NODE_9510_length_7548_cov_18.185126	6467	6600	185	3	133	0.0225564
NODE_9510_length_7548_cov_18.185126	6467	6600	186	1	133	0.0075188
NODE_9510_length_7548_cov_18.185126	6467	6600	188	1	133	0.0075188
NODE_9510_length_7548_cov_18.185126	6467	6600	190	2	133	0.0150376
NODE_9510_length_7548_cov_18.185126	6467	6600	191	4	133	0.0300752
NODE_9510_length_7548_cov_18.185126	6467	6600	192	4	133	0.0300752
NODE_9510_length_7548_cov_18.185126	6467	6600	193	3	133	0.0225564
NODE_9510_length_7548_cov_18.185126	6467	6600	194	3	133	0.0225564
NODE_9510_length_7548_cov_18.185126	6467	6600	195	2	133	0.0150376
NODE_9510_length_7548_cov_18.185126	6467	6600	196	2	133	0.0150376
NODE_9510_length_7548_cov_18.185126	6467	6600	197	2	133	0.0150376
NODE_9510_length_7548_cov_18.185126	6467	6600	198	1	133	0.0075188
NODE_9510_length_7548_cov_18.185126	6467	6600	199	2	133	0.0150376
NODE_9510_length_7548_cov_18.185126	6467	6600	200	3	133	0.0225564
NODE_9510_length_7548_cov_18.185126	6467	6600	201	4	133	0.0300752
NODE_9510_length_7548_cov_18.185126	6467	6600	202	2	133	0.0150376
NODE_9510_length_7548_cov_18.185126	6467	6600	203	2	133	0.0150376
NODE_9510_length_7548_cov_18.185126	6467	6600	204	1	133	0.0075188
NODE_9510_length_7548_cov_18.185126	6467	6600	205	1	133	0.0075188
NODE_9510_length_7548_cov_18.185126	6467	6600	206	2	133	0.0150376
NODE_9510_length_7548_cov_18.185126	6467	6600	207	2	133	0.0150376
NODE_9510_length_7548_cov_18.185126	6467	6600	208	3	133	0.0225564
NODE_9510_length_7548_cov_18.185126	6467	6600	209	3	133	0.0225564
NODE_9510_length_7548_cov_18.185126	6467	6600	210	8	133	0.0601504
NODE_9510_length_7548_cov_18.185126	6467	6600	211	3	133	0.0225564
NODE_9510_length_7548_cov_18.185126	6467	6600	212	5	133	0.0375940
NODE_9510_length_7548_cov_18.185126	6467	6600	213	6	133	0.0451128
NODE_9510_length_7548_cov_18.185126	6467	6600	214	3	133	0.0225564
NODE_9510_length_7548_cov_18.185126	6467	6600	215	4	133	0.0300752
NODE_9510_length_7548_cov_18.185126	6467	6600	216	5	133	0.0375940
NODE_9510_length_7548_cov_18.185126	6467	6600	217	7	133	0.0526316
NODE_9510_length_7548_cov_18.185126	6467	6600	218	2	133	0.0150376
NODE_9510_length_7548_cov_18.185126	6467	6600	219	1	133	0.0075188
NODE_9510_length_7548_cov_18.185126	6467	6600	220	4	133	0.0300752
NODE_95146_length_2322_cov_4.015295	681	814	5	1	133	0.0075188
NODE_95146_length_2322_cov_4.015295	681	814	6	23	133	0.1729323
NODE_95146_length_2322_cov_4.015295	681	814	7	38	133	0.2857143
NODE_95146_length_2322_cov_4.015295	681	814	8	44	133	0.3308271
NODE_95146_length_2322_cov_4.015295	681	814	9	27	133	0.2030075
NODE_951_length_15067_cov_4.899252	7306	7439	6	9	133	0.0676692
NODE_951_length_15067_cov_4.899252	7306	7439	7	2	133	0.0150376
NODE_951_length_15067_cov_4.899252	7306	7439	8	18	133	0.1353384
NODE_951_length_15067_cov_4.899252	7306	7439	9	38	133	0.2857143
NODE_951_length_15067_cov_4.899252	7306	7439	10	23	133	0.1729323
NODE_951_length_15067_cov_4.899252	7306	7439	11	19	133	0.1428571
NODE_951_length_15067_cov_4.899252	7306	7439	12	24	133	0.1804511
NODE_9521_length_7546_cov_4.269907	3846	3979	9	5	133	0.0375940
NODE_9521_length_7546_cov_4.269907	3846	3979	10	1	133	0.0075188
NODE_9521_length_7546_cov_4.269907	3846	3979	11	8	133	0.0601504
NODE_9521_length_7546_cov_4.269907	3846	3979	12	2	133	0.0150376
NODE_9521_length_7546_cov_4.269907	3846	3979	13	1	133	0.0075188
NODE_9521_length_7546_cov_4.269907	3846	3979	14	12	133	0.0902256
NODE_9521_length_7546_cov_4.269907	3846	3979	15	6	133	0.0451128
NODE_9521_length_7546_cov_4.269907	3846	3979	16	1	133	0.0075188
NODE_9521_length_7546_cov_4.269907	3846	3979	18	13	133	0.0977444
NODE_9521_length_7546_cov_4.269907	3846	3979	20	4	133	0.0300752
NODE_9521_length_7546_cov_4.269907	3846	3979	24	5	133	0.0375940
NODE_9521_length_7546_cov_4.269907	3846	3979	26	8	133	0.0601504
NODE_9521_length_7546_cov_4.269907	3846	3979	27	6	133	0.0451128
NODE_9521_length_7546_cov_4.269907	3846	3979	28	18	133	0.1353384
NODE_9521_length_7546_cov_4.269907	3846	3979	29	13	133	0.0977444
NODE_9521_length_7546_cov_4.269907	3846	3979	30	11	133	0.0827068
NODE_9521_length_7546_cov_4.269907	3846	3979	31	19	133	0.1428571
NODE_95257_length_2320_cov_3.679424	398	531	4	3	133	0.0225564
NODE_95257_length_2320_cov_3.679424	398	531	6	39	133	0.2932331
NODE_95257_length_2320_cov_3.679424	398	531	7	8	133	0.0601504
NODE_95257_length_2320_cov_3.679424	398	531	8	41	133	0.3082707
NODE_95257_length_2320_cov_3.679424	398	531	9	31	133	0.2330827
NODE_95257_length_2320_cov_3.679424	398	531	10	11	133	0.0827068
NODE_95313_length_2319_cov_3.727027	504	637	3	26	133	0.1954887
NODE_95313_length_2319_cov_3.727027	504	637	4	64	133	0.4812030
NODE_95313_length_2319_cov_3.727027	504	637	5	23	133	0.1729323
NODE_95313_length_2319_cov_3.727027	504	637	6	20	133	0.1503759
NODE_95321_length_2319_cov_3.412162	1466	1599	15	7	133	0.0526316
NODE_95321_length_2319_cov_3.412162	1466	1599	16	1	133	0.0075188
NODE_95321_length_2319_cov_3.412162	1466	1599	17	2	133	0.0150376
NODE_95321_length_2319_cov_3.412162	1466	1599	19	1	133	0.0075188
NODE_95321_length_2319_cov_3.412162	1466	1599	20	3	133	0.0225564
NODE_95321_length_2319_cov_3.412162	1466	1599	22	3	133	0.0225564
NODE_95321_length_2319_cov_3.412162	1466	1599	23	6	133	0.0451128
NODE_95321_length_2319_cov_3.412162	1466	1599	24	4	133	0.0300752
NODE_95321_length_2319_cov_3.412162	1466	1599	25	9	133	0.0676692
NODE_95321_length_2319_cov_3.412162	1466	1599	26	9	133	0.0676692
NODE_95321_length_2319_cov_3.412162	1466	1599	27	2	133	0.0150376
NODE_95321_length_2319_cov_3.412162	1466	1599	29	4	133	0.0300752
NODE_95321_length_2319_cov_3.412162	1466	1599	30	2	133	0.0150376
NODE_95321_length_2319_cov_3.412162	1466	1599	32	1	133	0.0075188
NODE_95321_length_2319_cov_3.412162	1466	1599	34	3	133	0.0225564
NODE_95321_length_2319_cov_3.412162	1466	1599	35	1	133	0.0075188
NODE_95321_length_2319_cov_3.412162	1466	1599	37	2	133	0.0150376
NODE_95321_length_2319_cov_3.412162	1466	1599	38	1	133	0.0075188
NODE_95321_length_2319_cov_3.412162	1466	1599	39	1	133	0.0075188
NODE_95321_length_2319_cov_3.412162	1466	1599	40	6	133	0.0451128
NODE_95321_length_2319_cov_3.412162	1466	1599	42	4	133	0.0300752
NODE_95321_length_2319_cov_3.412162	1466	1599	44	2	133	0.0150376
NODE_95321_length_2319_cov_3.412162	1466	1599	46	2	133	0.0150376
NODE_95321_length_2319_cov_3.412162	1466	1599	47	6	133	0.0451128
NODE_95321_length_2319_cov_3.412162	1466	1599	49	2	133	0.0150376
NODE_95321_length_2319_cov_3.412162	1466	1599	50	3	133	0.0225564
NODE_95321_length_2319_cov_3.412162	1466	1599	52	5	133	0.0375940
NODE_95321_length_2319_cov_3.412162	1466	1599	53	3	133	0.0225564
NODE_95321_length_2319_cov_3.412162	1466	1599	54	4	133	0.0300752
NODE_95321_length_2319_cov_3.412162	1466	1599	55	17	133	0.1278196
NODE_95321_length_2319_cov_3.412162	1466	1599	56	14	133	0.1052632
NODE_95321_length_2319_cov_3.412162	1466	1599	57	2	133	0.0150376
NODE_95321_length_2319_cov_3.412162	1466	1599	58	1	133	0.0075188
NODE_9534_length_7542_cov_4.446997	5547	5680	11	15	133	0.1127820
NODE_9534_length_7542_cov_4.446997	5547	5680	12	4	133	0.0300752
NODE_9534_length_7542_cov_4.446997	5547	5680	14	14	133	0.1052632
NODE_9534_length_7542_cov_4.446997	5547	5680	15	21	133	0.1578947
NODE_9534_length_7542_cov_4.446997	5547	5680	16	15	133	0.1127820
NODE_9534_length_7542_cov_4.446997	5547	5680	17	18	133	0.1353384
NODE_9534_length_7542_cov_4.446997	5547	5680	18	18	133	0.1353384
NODE_9534_length_7542_cov_4.446997	5547	5680	19	7	133	0.0526316
NODE_9534_length_7542_cov_4.446997	5547	5680	20	1	133	0.0075188
NODE_9534_length_7542_cov_4.446997	5547	5680	21	4	133	0.0300752
NODE_9534_length_7542_cov_4.446997	5547	5680	22	9	133	0.0676692
NODE_9534_length_7542_cov_4.446997	5547	5680	23	5	133	0.0375940
NODE_9534_length_7542_cov_4.446997	5547	5680	24	2	133	0.0150376
NODE_9535_length_7541_cov_4.735555	4629	4762	4	32	133	0.2406015
NODE_9535_length_7541_cov_4.735555	4629	4762	5	41	133	0.3082707
NODE_9535_length_7541_cov_4.735555	4629	4762	6	50	133	0.3759398
NODE_9535_length_7541_cov_4.735555	4629	4762	7	10	133	0.0751880
NODE_95487_length_2316_cov_4.110059	876	1009	8	15	133	0.1127820
NODE_95487_length_2316_cov_4.110059	876	1009	10	29	133	0.2180451
NODE_95487_length_2316_cov_4.110059	876	1009	11	18	133	0.1353384
NODE_95487_length_2316_cov_4.110059	876	1009	12	3	133	0.0225564
NODE_95487_length_2316_cov_4.110059	876	1009	13	31	133	0.2330827
NODE_95487_length_2316_cov_4.110059	876	1009	14	8	133	0.0601504
NODE_95487_length_2316_cov_4.110059	876	1009	15	8	133	0.0601504
NODE_95487_length_2316_cov_4.110059	876	1009	16	21	133	0.1578947
NODE_95491_length_2316_cov_3.890843	1285	1418	3	7	133	0.0526316
NODE_95491_length_2316_cov_3.890843	1285	1418	4	126	133	0.9473684
NODE_95495_length_2316_cov_3.829499	1048	1181	5	7	133	0.0526316
NODE_95495_length_2316_cov_3.829499	1048	1181	6	27	133	0.2030075
NODE_95495_length_2316_cov_3.829499	1048	1181	7	1	133	0.0075188
NODE_95495_length_2316_cov_3.829499	1048	1181	8	16	133	0.1203008
NODE_95495_length_2316_cov_3.829499	1048	1181	9	41	133	0.3082707
NODE_95495_length_2316_cov_3.829499	1048	1181	10	24	133	0.1804511
NODE_95495_length_2316_cov_3.829499	1048	1181	11	17	133	0.1278196
NODE_95498_length_2316_cov_3.698241	2080	2213	14	21	133	0.1578947
NODE_95498_length_2316_cov_3.698241	2080	2213	15	7	133	0.0526316
NODE_95498_length_2316_cov_3.698241	2080	2213	16	7	133	0.0526316
NODE_95498_length_2316_cov_3.698241	2080	2213	18	2	133	0.0150376
NODE_95498_length_2316_cov_3.698241	2080	2213	19	2	133	0.0150376
NODE_95498_length_2316_cov_3.698241	2080	2213	20	5	133	0.0375940
NODE_95498_length_2316_cov_3.698241	2080	2213	21	1	133	0.0075188
NODE_95498_length_2316_cov_3.698241	2080	2213	22	44	133	0.3308271
NODE_95498_length_2316_cov_3.698241	2080	2213	23	12	133	0.0902256
NODE_95498_length_2316_cov_3.698241	2080	2213	24	26	133	0.1954887
NODE_95498_length_2316_cov_3.698241	2080	2213	25	6	133	0.0451128
NODE_9557_length_7534_cov_4.851379	4715	4848	11	1	133	0.0075188
NODE_9557_length_7534_cov_4.851379	4715	4848	12	3	133	0.0225564
NODE_9557_length_7534_cov_4.851379	4715	4848	13	10	133	0.0751880
NODE_9557_length_7534_cov_4.851379	4715	4848	14	2	133	0.0150376
NODE_9557_length_7534_cov_4.851379	4715	4848	15	12	133	0.0902256
NODE_9557_length_7534_cov_4.851379	4715	4848	16	14	133	0.1052632
NODE_9557_length_7534_cov_4.851379	4715	4848	17	24	133	0.1804511
NODE_9557_length_7534_cov_4.851379	4715	4848	18	26	133	0.1954887
NODE_9557_length_7534_cov_4.851379	4715	4848	19	15	133	0.1127820
NODE_9557_length_7534_cov_4.851379	4715	4848	21	3	133	0.0225564
NODE_9557_length_7534_cov_4.851379	4715	4848	22	15	133	0.1127820
NODE_9557_length_7534_cov_4.851379	4715	4848	23	8	133	0.0601504
NODE_95584_length_2315_cov_3.236913	621	754	11	2	133	0.0150376
NODE_95584_length_2315_cov_3.236913	621	754	13	3	133	0.0225564
NODE_95584_length_2315_cov_3.236913	621	754	14	3	133	0.0225564
NODE_95584_length_2315_cov_3.236913	621	754	15	14	133	0.1052632
NODE_95584_length_2315_cov_3.236913	621	754	16	17	133	0.1278196
NODE_95584_length_2315_cov_3.236913	621	754	17	12	133	0.0902256
NODE_95584_length_2315_cov_3.236913	621	754	19	10	133	0.0751880
NODE_95584_length_2315_cov_3.236913	621	754	20	1	133	0.0075188
NODE_95584_length_2315_cov_3.236913	621	754	21	34	133	0.2556391
NODE_95584_length_2315_cov_3.236913	621	754	22	15	133	0.1127820
NODE_95584_length_2315_cov_3.236913	621	754	23	17	133	0.1278196
NODE_95584_length_2315_cov_3.236913	621	754	24	5	133	0.0375940
NODE_95656_length_2313_cov_4.372177	1463	1596	9	6	133	0.0451128
NODE_95656_length_2313_cov_4.372177	1463	1596	10	5	133	0.0375940
NODE_95656_length_2313_cov_4.372177	1463	1596	12	1	133	0.0075188
NODE_95656_length_2313_cov_4.372177	1463	1596	13	26	133	0.1954887
NODE_95656_length_2313_cov_4.372177	1463	1596	14	4	133	0.0300752
NODE_95656_length_2313_cov_4.372177	1463	1596	15	1	133	0.0075188
NODE_95656_length_2313_cov_4.372177	1463	1596	16	4	133	0.0300752
NODE_95656_length_2313_cov_4.372177	1463	1596	17	6	133	0.0451128
NODE_95656_length_2313_cov_4.372177	1463	1596	18	3	133	0.0225564
NODE_95656_length_2313_cov_4.372177	1463	1596	20	1	133	0.0075188
NODE_95656_length_2313_cov_4.372177	1463	1596	21	5	133	0.0375940
NODE_95656_length_2313_cov_4.372177	1463	1596	22	7	133	0.0526316
NODE_95656_length_2313_cov_4.372177	1463	1596	23	1	133	0.0075188
NODE_95656_length_2313_cov_4.372177	1463	1596	24	2	133	0.0150376
NODE_95656_length_2313_cov_4.372177	1463	1596	25	2	133	0.0150376
NODE_95656_length_2313_cov_4.372177	1463	1596	26	2	133	0.0150376
NODE_95656_length_2313_cov_4.372177	1463	1596	27	12	133	0.0902256
NODE_95656_length_2313_cov_4.372177	1463	1596	29	3	133	0.0225564
NODE_95656_length_2313_cov_4.372177	1463	1596	31	1	133	0.0075188
NODE_95656_length_2313_cov_4.372177	1463	1596	32	25	133	0.1879699
NODE_95656_length_2313_cov_4.372177	1463	1596	33	13	133	0.0977444
NODE_95656_length_2313_cov_4.372177	1463	1596	34	3	133	0.0225564
NODE_95728_length_2312_cov_3.883416	2012	2145	9	6	133	0.0451128
NODE_95728_length_2312_cov_3.883416	2012	2145	10	9	133	0.0676692
NODE_95728_length_2312_cov_3.883416	2012	2145	11	27	133	0.2030075
NODE_95728_length_2312_cov_3.883416	2012	2145	12	53	133	0.3984962
NODE_95728_length_2312_cov_3.883416	2012	2145	13	15	133	0.1127820
NODE_95728_length_2312_cov_3.883416	2012	2145	14	23	133	0.1729323
NODE_95729_length_2312_cov_3.848622	108	241	0	133	133	1.0000000
NODE_95813_length_2311_cov_2.568716	1862	1995	6	5	133	0.0375940
NODE_95813_length_2311_cov_2.568716	1862	1995	7	1	133	0.0075188
NODE_95813_length_2311_cov_2.568716	1862	1995	8	13	133	0.0977444
NODE_95813_length_2311_cov_2.568716	1862	1995	9	5	133	0.0375940
NODE_95813_length_2311_cov_2.568716	1862	1995	10	22	133	0.1654135
NODE_95813_length_2311_cov_2.568716	1862	1995	11	66	133	0.4962406
NODE_95813_length_2311_cov_2.568716	1862	1995	12	1	133	0.0075188
NODE_95813_length_2311_cov_2.568716	1862	1995	13	20	133	0.1503759
NODE_95833_length_2310_cov_4.882406	1385	1518	9	10	133	0.0751880
NODE_95833_length_2310_cov_4.882406	1385	1518	10	12	133	0.0902256
NODE_95833_length_2310_cov_4.882406	1385	1518	11	4	133	0.0300752
NODE_95833_length_2310_cov_4.882406	1385	1518	12	2	133	0.0150376
NODE_95833_length_2310_cov_4.882406	1385	1518	13	17	133	0.1278196
NODE_95833_length_2310_cov_4.882406	1385	1518	14	27	133	0.2030075
NODE_95833_length_2310_cov_4.882406	1385	1518	15	23	133	0.1729323
NODE_95833_length_2310_cov_4.882406	1385	1518	16	8	133	0.0601504
NODE_95833_length_2310_cov_4.882406	1385	1518	17	15	133	0.1127820
NODE_95833_length_2310_cov_4.882406	1385	1518	19	15	133	0.1127820
NODE_95863_length_2310_cov_3.559475	634	767	5	1	133	0.0075188
NODE_95863_length_2310_cov_3.559475	634	767	6	15	133	0.1127820
NODE_95863_length_2310_cov_3.559475	634	767	7	21	133	0.1578947
NODE_95863_length_2310_cov_3.559475	634	767	8	6	133	0.0451128
NODE_95863_length_2310_cov_3.559475	634	767	9	5	133	0.0375940
NODE_95863_length_2310_cov_3.559475	634	767	11	8	133	0.0601504
NODE_95863_length_2310_cov_3.559475	634	767	12	30	133	0.2255639
NODE_95863_length_2310_cov_3.559475	634	767	13	22	133	0.1654135
NODE_95863_length_2310_cov_3.559475	634	767	14	25	133	0.1879699
NODE_95899_length_2309_cov_4.519005	142	275	11	9	133	0.0676692
NODE_95899_length_2309_cov_4.519005	142	275	12	1	133	0.0075188
NODE_95899_length_2309_cov_4.519005	142	275	15	4	133	0.0300752
NODE_95899_length_2309_cov_4.519005	142	275	16	2	133	0.0150376
NODE_95899_length_2309_cov_4.519005	142	275	18	1	133	0.0075188
NODE_95899_length_2309_cov_4.519005	142	275	19	14	133	0.1052632
NODE_95899_length_2309_cov_4.519005	142	275	20	4	133	0.0300752
NODE_95899_length_2309_cov_4.519005	142	275	21	8	133	0.0601504
NODE_95899_length_2309_cov_4.519005	142	275	22	4	133	0.0300752
NODE_95899_length_2309_cov_4.519005	142	275	24	12	133	0.0902256
NODE_95899_length_2309_cov_4.519005	142	275	25	10	133	0.0751880
NODE_95899_length_2309_cov_4.519005	142	275	26	12	133	0.0902256
NODE_95899_length_2309_cov_4.519005	142	275	27	17	133	0.1278196
NODE_95899_length_2309_cov_4.519005	142	275	28	25	133	0.1879699
NODE_95899_length_2309_cov_4.519005	142	275	29	10	133	0.0751880
NODE_9589_length_7522_cov_4.629799	7016	7149	23	4	133	0.0300752
NODE_9589_length_7522_cov_4.629799	7016	7149	24	1	133	0.0075188
NODE_9589_length_7522_cov_4.629799	7016	7149	25	3	133	0.0225564
NODE_9589_length_7522_cov_4.629799	7016	7149	27	2	133	0.0150376
NODE_9589_length_7522_cov_4.629799	7016	7149	29	8	133	0.0601504
NODE_9589_length_7522_cov_4.629799	7016	7149	31	6	133	0.0451128
NODE_9589_length_7522_cov_4.629799	7016	7149	32	3	133	0.0225564
NODE_9589_length_7522_cov_4.629799	7016	7149	34	3	133	0.0225564
NODE_9589_length_7522_cov_4.629799	7016	7149	35	1	133	0.0075188
NODE_9589_length_7522_cov_4.629799	7016	7149	36	4	133	0.0300752
NODE_9589_length_7522_cov_4.629799	7016	7149	37	2	133	0.0150376
NODE_9589_length_7522_cov_4.629799	7016	7149	38	2	133	0.0150376
NODE_9589_length_7522_cov_4.629799	7016	7149	39	3	133	0.0225564
NODE_9589_length_7522_cov_4.629799	7016	7149	40	13	133	0.0977444
NODE_9589_length_7522_cov_4.629799	7016	7149	41	33	133	0.2481203
NODE_9589_length_7522_cov_4.629799	7016	7149	42	33	133	0.2481203
NODE_9589_length_7522_cov_4.629799	7016	7149	43	4	133	0.0300752
NODE_9589_length_7522_cov_4.629799	7016	7149	44	8	133	0.0601504
NODE_96081_length_2306_cov_3.781604	1173	1306	9	6	133	0.0451128
NODE_96081_length_2306_cov_3.781604	1173	1306	10	3	133	0.0225564
NODE_96081_length_2306_cov_3.781604	1173	1306	11	11	133	0.0827068
NODE_96081_length_2306_cov_3.781604	1173	1306	12	6	133	0.0451128
NODE_96081_length_2306_cov_3.781604	1173	1306	13	16	133	0.1203008
NODE_96081_length_2306_cov_3.781604	1173	1306	14	2	133	0.0150376
NODE_96081_length_2306_cov_3.781604	1173	1306	15	6	133	0.0451128
NODE_96081_length_2306_cov_3.781604	1173	1306	16	2	133	0.0150376
NODE_96081_length_2306_cov_3.781604	1173	1306	17	27	133	0.2030075
NODE_96081_length_2306_cov_3.781604	1173	1306	18	24	133	0.1804511
NODE_96081_length_2306_cov_3.781604	1173	1306	19	30	133	0.2255639
NODE_9617_length_7513_cov_4.623685	5152	5285	1	17	133	0.1278196
NODE_9617_length_7513_cov_4.623685	5152	5285	2	5	133	0.0375940
NODE_9617_length_7513_cov_4.623685	5152	5285	3	28	133	0.2105263
NODE_9617_length_7513_cov_4.623685	5152	5285	4	9	133	0.0676692
NODE_9617_length_7513_cov_4.623685	5152	5285	5	11	133	0.0827068
NODE_9617_length_7513_cov_4.623685	5152	5285	6	7	133	0.0526316
NODE_9617_length_7513_cov_4.623685	5152	5285	8	2	133	0.0150376
NODE_9617_length_7513_cov_4.623685	5152	5285	9	13	133	0.0977444
NODE_9617_length_7513_cov_4.623685	5152	5285	10	22	133	0.1654135
NODE_9617_length_7513_cov_4.623685	5152	5285	11	19	133	0.1428571
NODE_96258_length_2303_cov_3.070780	1961	2094	23	2	133	0.0150376
NODE_96258_length_2303_cov_3.070780	1961	2094	24	2	133	0.0150376
NODE_96258_length_2303_cov_3.070780	1961	2094	26	1	133	0.0075188
NODE_96258_length_2303_cov_3.070780	1961	2094	27	3	133	0.0225564
NODE_96258_length_2303_cov_3.070780	1961	2094	28	7	133	0.0526316
NODE_96258_length_2303_cov_3.070780	1961	2094	29	3	133	0.0225564
NODE_96258_length_2303_cov_3.070780	1961	2094	30	4	133	0.0300752
NODE_96258_length_2303_cov_3.070780	1961	2094	31	6	133	0.0451128
NODE_96258_length_2303_cov_3.070780	1961	2094	32	1	133	0.0075188
NODE_96258_length_2303_cov_3.070780	1961	2094	33	11	133	0.0827068
NODE_96258_length_2303_cov_3.070780	1961	2094	34	9	133	0.0676692
NODE_96258_length_2303_cov_3.070780	1961	2094	36	8	133	0.0601504
NODE_96258_length_2303_cov_3.070780	1961	2094	37	2	133	0.0150376
NODE_96258_length_2303_cov_3.070780	1961	2094	38	23	133	0.1729323
NODE_96258_length_2303_cov_3.070780	1961	2094	39	18	133	0.1353384
NODE_96258_length_2303_cov_3.070780	1961	2094	40	9	133	0.0676692
NODE_96258_length_2303_cov_3.070780	1961	2094	41	9	133	0.0676692
NODE_96258_length_2303_cov_3.070780	1961	2094	42	9	133	0.0676692
NODE_96258_length_2303_cov_3.070780	1961	2094	43	6	133	0.0451128
NODE_9631_length_7508_cov_5.288703	3388	3521	19	7	133	0.0526316
NODE_9631_length_7508_cov_5.288703	3388	3521	21	1	133	0.0075188
NODE_9631_length_7508_cov_5.288703	3388	3521	22	2	133	0.0150376
NODE_9631_length_7508_cov_5.288703	3388	3521	23	1	133	0.0075188
NODE_9631_length_7508_cov_5.288703	3388	3521	24	31	133	0.2330827
NODE_9631_length_7508_cov_5.288703	3388	3521	25	2	133	0.0150376
NODE_9631_length_7508_cov_5.288703	3388	3521	27	1	133	0.0075188
NODE_9631_length_7508_cov_5.288703	3388	3521	28	6	133	0.0451128
NODE_9631_length_7508_cov_5.288703	3388	3521	29	7	133	0.0526316
NODE_9631_length_7508_cov_5.288703	3388	3521	30	1	133	0.0075188
NODE_9631_length_7508_cov_5.288703	3388	3521	31	1	133	0.0075188
NODE_9631_length_7508_cov_5.288703	3388	3521	32	3	133	0.0225564
NODE_9631_length_7508_cov_5.288703	3388	3521	33	18	133	0.1353384
NODE_9631_length_7508_cov_5.288703	3388	3521	34	8	133	0.0601504
NODE_9631_length_7508_cov_5.288703	3388	3521	35	7	133	0.0526316
NODE_9631_length_7508_cov_5.288703	3388	3521	36	3	133	0.0225564
NODE_9631_length_7508_cov_5.288703	3388	3521	37	10	133	0.0751880
NODE_9631_length_7508_cov_5.288703	3388	3521	38	1	133	0.0075188
NODE_9631_length_7508_cov_5.288703	3388	3521	39	8	133	0.0601504
NODE_9631_length_7508_cov_5.288703	3388	3521	40	12	133	0.0902256
NODE_9631_length_7508_cov_5.288703	3388	3521	41	3	133	0.0225564
NODE_96336_length_2301_cov_5.200727	1549	1682	13	3	133	0.0225564
NODE_96336_length_2301_cov_5.200727	1549	1682	14	6	133	0.0451128
NODE_96336_length_2301_cov_5.200727	1549	1682	15	7	133	0.0526316
NODE_96336_length_2301_cov_5.200727	1549	1682	16	7	133	0.0526316
NODE_96336_length_2301_cov_5.200727	1549	1682	17	4	133	0.0300752
NODE_96336_length_2301_cov_5.200727	1549	1682	18	1	133	0.0075188
NODE_96336_length_2301_cov_5.200727	1549	1682	19	3	133	0.0225564
NODE_96336_length_2301_cov_5.200727	1549	1682	20	1	133	0.0075188
NODE_96336_length_2301_cov_5.200727	1549	1682	21	5	133	0.0375940
NODE_96336_length_2301_cov_5.200727	1549	1682	22	3	133	0.0225564
NODE_96336_length_2301_cov_5.200727	1549	1682	23	13	133	0.0977444
NODE_96336_length_2301_cov_5.200727	1549	1682	24	14	133	0.1052632
NODE_96336_length_2301_cov_5.200727	1549	1682	25	33	133	0.2481203
NODE_96336_length_2301_cov_5.200727	1549	1682	26	13	133	0.0977444
NODE_96336_length_2301_cov_5.200727	1549	1682	27	20	133	0.1503759
NODE_96362_length_2301_cov_3.914169	1043	1176	10	15	133	0.1127820
NODE_96362_length_2301_cov_3.914169	1043	1176	11	2	133	0.0150376
NODE_96362_length_2301_cov_3.914169	1043	1176	13	11	133	0.0827068
NODE_96362_length_2301_cov_3.914169	1043	1176	14	3	133	0.0225564
NODE_96362_length_2301_cov_3.914169	1043	1176	17	6	133	0.0451128
NODE_96362_length_2301_cov_3.914169	1043	1176	19	2	133	0.0150376
NODE_96362_length_2301_cov_3.914169	1043	1176	20	12	133	0.0902256
NODE_96362_length_2301_cov_3.914169	1043	1176	22	19	133	0.1428571
NODE_96362_length_2301_cov_3.914169	1043	1176	23	18	133	0.1353384
NODE_96362_length_2301_cov_3.914169	1043	1176	24	15	133	0.1127820
NODE_96362_length_2301_cov_3.914169	1043	1176	25	13	133	0.0977444
NODE_96362_length_2301_cov_3.914169	1043	1176	26	4	133	0.0300752
NODE_96362_length_2301_cov_3.914169	1043	1176	27	5	133	0.0375940
NODE_96362_length_2301_cov_3.914169	1043	1176	28	6	133	0.0451128
NODE_96362_length_2301_cov_3.914169	1043	1176	29	2	133	0.0150376
NODE_96370_length_2301_cov_3.549046	491	624	2	12	133	0.0902256
NODE_96370_length_2301_cov_3.549046	491	624	3	2	133	0.0150376
NODE_96370_length_2301_cov_3.549046	491	624	5	7	133	0.0526316
NODE_96370_length_2301_cov_3.549046	491	624	6	3	133	0.0225564
NODE_96370_length_2301_cov_3.549046	491	624	8	6	133	0.0451128
NODE_96370_length_2301_cov_3.549046	491	624	10	4	133	0.0300752
NODE_96370_length_2301_cov_3.549046	491	624	11	1	133	0.0075188
NODE_96370_length_2301_cov_3.549046	491	624	13	14	133	0.1052632
NODE_96370_length_2301_cov_3.549046	491	624	15	9	133	0.0676692
NODE_96370_length_2301_cov_3.549046	491	624	16	11	133	0.0827068
NODE_96370_length_2301_cov_3.549046	491	624	17	19	133	0.1428571
NODE_96370_length_2301_cov_3.549046	491	624	18	14	133	0.1052632
NODE_96370_length_2301_cov_3.549046	491	624	19	14	133	0.1052632
NODE_96370_length_2301_cov_3.549046	491	624	20	1	133	0.0075188
NODE_96370_length_2301_cov_3.549046	491	624	22	16	133	0.1203008
NODE_96379_length_2301_cov_3.347411	322	455	10	3	133	0.0225564
NODE_96379_length_2301_cov_3.347411	322	455	11	1	133	0.0075188
NODE_96379_length_2301_cov_3.347411	322	455	12	3	133	0.0225564
NODE_96379_length_2301_cov_3.347411	322	455	13	5	133	0.0375940
NODE_96379_length_2301_cov_3.347411	322	455	14	2	133	0.0150376
NODE_96379_length_2301_cov_3.347411	322	455	15	5	133	0.0375940
NODE_96379_length_2301_cov_3.347411	322	455	17	16	133	0.1203008
NODE_96379_length_2301_cov_3.347411	322	455	18	14	133	0.1052632
NODE_96379_length_2301_cov_3.347411	322	455	19	30	133	0.2255639
NODE_96379_length_2301_cov_3.347411	322	455	20	8	133	0.0601504
NODE_96379_length_2301_cov_3.347411	322	455	21	16	133	0.1203008
NODE_96379_length_2301_cov_3.347411	322	455	22	15	133	0.1127820
NODE_96379_length_2301_cov_3.347411	322	455	23	15	133	0.1127820
NODE_96393_length_2301_cov_2.625795	1728	1861	15	5	133	0.0375940
NODE_96393_length_2301_cov_2.625795	1728	1861	17	5	133	0.0375940
NODE_96393_length_2301_cov_2.625795	1728	1861	19	5	133	0.0375940
NODE_96393_length_2301_cov_2.625795	1728	1861	20	6	133	0.0451128
NODE_96393_length_2301_cov_2.625795	1728	1861	21	3	133	0.0225564
NODE_96393_length_2301_cov_2.625795	1728	1861	22	8	133	0.0601504
NODE_96393_length_2301_cov_2.625795	1728	1861	23	7	133	0.0526316
NODE_96393_length_2301_cov_2.625795	1728	1861	24	3	133	0.0225564
NODE_96393_length_2301_cov_2.625795	1728	1861	26	5	133	0.0375940
NODE_96393_length_2301_cov_2.625795	1728	1861	27	20	133	0.1503759
NODE_96393_length_2301_cov_2.625795	1728	1861	28	28	133	0.2105263
NODE_96393_length_2301_cov_2.625795	1728	1861	29	29	133	0.2180451
NODE_96393_length_2301_cov_2.625795	1728	1861	30	9	133	0.0676692
NODE_96407_length_2300_cov_4.659700	1319	1452	11	13	133	0.0977444
NODE_96407_length_2300_cov_4.659700	1319	1452	13	32	133	0.2406015
NODE_96407_length_2300_cov_4.659700	1319	1452	14	31	133	0.2330827
NODE_96407_length_2300_cov_4.659700	1319	1452	15	3	133	0.0225564
NODE_96407_length_2300_cov_4.659700	1319	1452	16	20	133	0.1503759
NODE_96407_length_2300_cov_4.659700	1319	1452	17	20	133	0.1503759
NODE_96407_length_2300_cov_4.659700	1319	1452	18	14	133	0.1052632
NODE_96442_length_2300_cov_3.183553	777	910	2	24	133	0.1804511
NODE_96442_length_2300_cov_3.183553	777	910	3	54	133	0.4060150
NODE_96442_length_2300_cov_3.183553	777	910	4	55	133	0.4135338
NODE_9652_length_7502_cov_5.327975	2339	2472	8	6	133	0.0451128
NODE_9652_length_7502_cov_5.327975	2339	2472	9	3	133	0.0225564
NODE_9652_length_7502_cov_5.327975	2339	2472	10	4	133	0.0300752
NODE_9652_length_7502_cov_5.327975	2339	2472	13	3	133	0.0225564
NODE_9652_length_7502_cov_5.327975	2339	2472	14	9	133	0.0676692
NODE_9652_length_7502_cov_5.327975	2339	2472	15	8	133	0.0601504
NODE_9652_length_7502_cov_5.327975	2339	2472	16	16	133	0.1203008
NODE_9652_length_7502_cov_5.327975	2339	2472	17	25	133	0.1879699
NODE_9652_length_7502_cov_5.327975	2339	2472	18	19	133	0.1428571
NODE_9652_length_7502_cov_5.327975	2339	2472	19	40	133	0.3007519
NODE_96564_length_2297_cov_5.181984	1479	1612	19	7	133	0.0526316
NODE_96564_length_2297_cov_5.181984	1479	1612	20	6	133	0.0451128
NODE_96564_length_2297_cov_5.181984	1479	1612	21	6	133	0.0451128
NODE_96564_length_2297_cov_5.181984	1479	1612	22	10	133	0.0751880
NODE_96564_length_2297_cov_5.181984	1479	1612	24	2	133	0.0150376
NODE_96564_length_2297_cov_5.181984	1479	1612	25	1	133	0.0075188
NODE_96564_length_2297_cov_5.181984	1479	1612	26	4	133	0.0300752
NODE_96564_length_2297_cov_5.181984	1479	1612	27	19	133	0.1428571
NODE_96564_length_2297_cov_5.181984	1479	1612	28	12	133	0.0902256
NODE_96564_length_2297_cov_5.181984	1479	1612	29	5	133	0.0375940
NODE_96564_length_2297_cov_5.181984	1479	1612	30	11	133	0.0827068
NODE_96564_length_2297_cov_5.181984	1479	1612	31	6	133	0.0451128
NODE_96564_length_2297_cov_5.181984	1479	1612	32	17	133	0.1278196
NODE_96564_length_2297_cov_5.181984	1479	1612	33	14	133	0.1052632
NODE_96564_length_2297_cov_5.181984	1479	1612	34	8	133	0.0601504
NODE_96564_length_2297_cov_5.181984	1479	1612	35	5	133	0.0375940
NODE_96647_length_2296_cov_4.122440	548	681	8	9	133	0.0676692
NODE_96647_length_2296_cov_4.122440	548	681	9	8	133	0.0601504
NODE_96647_length_2296_cov_4.122440	548	681	10	5	133	0.0375940
NODE_96647_length_2296_cov_4.122440	548	681	11	16	133	0.1203008
NODE_96647_length_2296_cov_4.122440	548	681	12	7	133	0.0526316
NODE_96647_length_2296_cov_4.122440	548	681	13	12	133	0.0902256
NODE_96647_length_2296_cov_4.122440	548	681	14	4	133	0.0300752
NODE_96647_length_2296_cov_4.122440	548	681	15	6	133	0.0451128
NODE_96647_length_2296_cov_4.122440	548	681	16	6	133	0.0451128
NODE_96647_length_2296_cov_4.122440	548	681	17	33	133	0.2481203
NODE_96647_length_2296_cov_4.122440	548	681	18	24	133	0.1804511
NODE_96647_length_2296_cov_4.122440	548	681	19	3	133	0.0225564
NODE_96671_length_2296_cov_3.255803	1998	2131	7	4	133	0.0300752
NODE_96671_length_2296_cov_3.255803	1998	2131	8	27	133	0.2030075
NODE_96671_length_2296_cov_3.255803	1998	2131	9	2	133	0.0150376
NODE_96671_length_2296_cov_3.255803	1998	2131	10	30	133	0.2255639
NODE_96671_length_2296_cov_3.255803	1998	2131	11	17	133	0.1278196
NODE_96671_length_2296_cov_3.255803	1998	2131	12	12	133	0.0902256
NODE_96671_length_2296_cov_3.255803	1998	2131	13	25	133	0.1879699
NODE_96671_length_2296_cov_3.255803	1998	2131	15	16	133	0.1203008
NODE_96730_length_2295_cov_2.463570	1459	1592	13	2	133	0.0150376
NODE_96730_length_2295_cov_2.463570	1459	1592	14	8	133	0.0601504
NODE_96730_length_2295_cov_2.463570	1459	1592	15	3	133	0.0225564
NODE_96730_length_2295_cov_2.463570	1459	1592	16	9	133	0.0676692
NODE_96730_length_2295_cov_2.463570	1459	1592	17	1	133	0.0075188
NODE_96730_length_2295_cov_2.463570	1459	1592	18	2	133	0.0150376
NODE_96730_length_2295_cov_2.463570	1459	1592	19	13	133	0.0977444
NODE_96730_length_2295_cov_2.463570	1459	1592	20	11	133	0.0827068
NODE_96730_length_2295_cov_2.463570	1459	1592	21	38	133	0.2857143
NODE_96730_length_2295_cov_2.463570	1459	1592	22	4	133	0.0300752
NODE_96730_length_2295_cov_2.463570	1459	1592	23	3	133	0.0225564
NODE_96730_length_2295_cov_2.463570	1459	1592	24	28	133	0.2105263
NODE_96730_length_2295_cov_2.463570	1459	1592	25	11	133	0.0827068
NODE_9673_length_7495_cov_4.194700	3452	3585	7	5	133	0.0375940
NODE_9673_length_7495_cov_4.194700	3452	3585	8	3	133	0.0225564
NODE_9673_length_7495_cov_4.194700	3452	3585	9	1	133	0.0075188
NODE_9673_length_7495_cov_4.194700	3452	3585	10	1	133	0.0075188
NODE_9673_length_7495_cov_4.194700	3452	3585	12	19	133	0.1428571
NODE_9673_length_7495_cov_4.194700	3452	3585	13	12	133	0.0902256
NODE_9673_length_7495_cov_4.194700	3452	3585	14	15	133	0.1127820
NODE_9673_length_7495_cov_4.194700	3452	3585	15	12	133	0.0902256
NODE_9673_length_7495_cov_4.194700	3452	3585	16	16	133	0.1203008
NODE_9673_length_7495_cov_4.194700	3452	3585	17	27	133	0.2030075
NODE_9673_length_7495_cov_4.194700	3452	3585	18	21	133	0.1578947
NODE_9673_length_7495_cov_4.194700	3452	3585	19	1	133	0.0075188
NODE_96761_length_2294_cov_4.238269	1051	1184	10	10	133	0.0751880
NODE_96761_length_2294_cov_4.238269	1051	1184	12	13	133	0.0977444
NODE_96761_length_2294_cov_4.238269	1051	1184	13	36	133	0.2706767
NODE_96761_length_2294_cov_4.238269	1051	1184	14	18	133	0.1353384
NODE_96761_length_2294_cov_4.238269	1051	1184	15	22	133	0.1654135
NODE_96761_length_2294_cov_4.238269	1051	1184	16	8	133	0.0601504
NODE_96761_length_2294_cov_4.238269	1051	1184	17	24	133	0.1804511
NODE_96761_length_2294_cov_4.238269	1051	1184	18	2	133	0.0150376
NODE_96788_length_2294_cov_3.386333	1509	1642	7	37	133	0.2781955
NODE_96788_length_2294_cov_3.386333	1509	1642	9	9	133	0.0676692
NODE_96788_length_2294_cov_3.386333	1509	1642	10	28	133	0.2105263
NODE_96788_length_2294_cov_3.386333	1509	1642	11	21	133	0.1578947
NODE_96788_length_2294_cov_3.386333	1509	1642	12	38	133	0.2857143
NODE_96837_length_2293_cov_3.401094	2093	2226	13	2	133	0.0150376
NODE_96837_length_2293_cov_3.401094	2093	2226	14	4	133	0.0300752
NODE_96837_length_2293_cov_3.401094	2093	2226	16	2	133	0.0150376
NODE_96837_length_2293_cov_3.401094	2093	2226	17	1	133	0.0075188
NODE_96837_length_2293_cov_3.401094	2093	2226	18	1	133	0.0075188
NODE_96837_length_2293_cov_3.401094	2093	2226	19	2	133	0.0150376
NODE_96837_length_2293_cov_3.401094	2093	2226	20	21	133	0.1578947
NODE_96837_length_2293_cov_3.401094	2093	2226	21	41	133	0.3082707
NODE_96837_length_2293_cov_3.401094	2093	2226	22	9	133	0.0676692
NODE_96837_length_2293_cov_3.401094	2093	2226	23	50	133	0.3759398
NODE_96840_length_2293_cov_3.249772	822	955	3	19	133	0.1428571
NODE_96840_length_2293_cov_3.249772	822	955	4	31	133	0.2330827
NODE_96840_length_2293_cov_3.249772	822	955	6	11	133	0.0827068
NODE_96840_length_2293_cov_3.249772	822	955	7	38	133	0.2857143
NODE_96840_length_2293_cov_3.249772	822	955	8	34	133	0.2556391
NODE_96866_length_2292_cov_4.481532	168	301	1	9	133	0.0676692
NODE_96866_length_2292_cov_4.481532	168	301	2	38	133	0.2857143
NODE_96866_length_2292_cov_4.481532	168	301	3	48	133	0.3609022
NODE_96866_length_2292_cov_4.481532	168	301	4	38	133	0.2857143
NODE_9689_length_7492_cov_3.870283	646	779	5	38	133	0.2857143
NODE_9689_length_7492_cov_3.870283	646	779	6	3	133	0.0225564
NODE_9689_length_7492_cov_3.870283	646	779	7	54	133	0.4060150
NODE_9689_length_7492_cov_3.870283	646	779	9	36	133	0.2706767
NODE_9689_length_7492_cov_3.870283	646	779	10	2	133	0.0150376
NODE_96960_length_2290_cov_4.603834	249	382	5	21	133	0.1578947
NODE_96960_length_2290_cov_4.603834	249	382	7	9	133	0.0676692
NODE_96960_length_2290_cov_4.603834	249	382	8	9	133	0.0676692
NODE_96960_length_2290_cov_4.603834	249	382	9	4	133	0.0300752
NODE_96960_length_2290_cov_4.603834	249	382	10	23	133	0.1729323
NODE_96960_length_2290_cov_4.603834	249	382	11	9	133	0.0676692
NODE_96960_length_2290_cov_4.603834	249	382	13	35	133	0.2631579
NODE_96960_length_2290_cov_4.603834	249	382	14	23	133	0.1729323
NODE_9696_length_7490_cov_3.789338	1861	1994	7	14	133	0.1052632
NODE_9696_length_7490_cov_3.789338	1861	1994	8	9	133	0.0676692
NODE_9696_length_7490_cov_3.789338	1861	1994	9	3	133	0.0225564
NODE_9696_length_7490_cov_3.789338	1861	1994	10	2	133	0.0150376
NODE_9696_length_7490_cov_3.789338	1861	1994	11	22	133	0.1654135
NODE_9696_length_7490_cov_3.789338	1861	1994	12	26	133	0.1954887
NODE_9696_length_7490_cov_3.789338	1861	1994	13	19	133	0.1428571
NODE_9696_length_7490_cov_3.789338	1861	1994	14	2	133	0.0150376
NODE_9696_length_7490_cov_3.789338	1861	1994	15	36	133	0.2706767
NODE_97020_length_2289_cov_4.762100	1491	1624	22	1	133	0.0075188
NODE_97020_length_2289_cov_4.762100	1491	1624	23	5	133	0.0375940
NODE_97020_length_2289_cov_4.762100	1491	1624	25	1	133	0.0075188
NODE_97020_length_2289_cov_4.762100	1491	1624	28	4	133	0.0300752
NODE_97020_length_2289_cov_4.762100	1491	1624	29	2	133	0.0150376
NODE_97020_length_2289_cov_4.762100	1491	1624	30	4	133	0.0300752
NODE_97020_length_2289_cov_4.762100	1491	1624	31	3	133	0.0225564
NODE_97020_length_2289_cov_4.762100	1491	1624	32	1	133	0.0075188
NODE_97020_length_2289_cov_4.762100	1491	1624	33	7	133	0.0526316
NODE_97020_length_2289_cov_4.762100	1491	1624	34	2	133	0.0150376
NODE_97020_length_2289_cov_4.762100	1491	1624	35	7	133	0.0526316
NODE_97020_length_2289_cov_4.762100	1491	1624	36	16	133	0.1203008
NODE_97020_length_2289_cov_4.762100	1491	1624	37	4	133	0.0300752
NODE_97020_length_2289_cov_4.762100	1491	1624	38	5	133	0.0375940
NODE_97020_length_2289_cov_4.762100	1491	1624	39	7	133	0.0526316
NODE_97020_length_2289_cov_4.762100	1491	1624	40	4	133	0.0300752
NODE_97020_length_2289_cov_4.762100	1491	1624	41	3	133	0.0225564
NODE_97020_length_2289_cov_4.762100	1491	1624	42	11	133	0.0827068
NODE_97020_length_2289_cov_4.762100	1491	1624	43	3	133	0.0225564
NODE_97020_length_2289_cov_4.762100	1491	1624	44	5	133	0.0375940
NODE_97020_length_2289_cov_4.762100	1491	1624	45	32	133	0.2406015
NODE_97020_length_2289_cov_4.762100	1491	1624	46	4	133	0.0300752
NODE_97020_length_2289_cov_4.762100	1491	1624	48	2	133	0.0150376
NODE_9715_length_7484_cov_4.218280	3999	4132	2	12	133	0.0902256
NODE_9715_length_7484_cov_4.218280	3999	4132	3	7	133	0.0526316
NODE_9715_length_7484_cov_4.218280	3999	4132	4	10	133	0.0751880
NODE_9715_length_7484_cov_4.218280	3999	4132	5	84	133	0.6315789
NODE_9715_length_7484_cov_4.218280	3999	4132	6	20	133	0.1503759
NODE_97194_length_2286_cov_6.317330	1815	1948	13	3	133	0.0225564
NODE_97194_length_2286_cov_6.317330	1815	1948	14	6	133	0.0451128
NODE_97194_length_2286_cov_6.317330	1815	1948	15	2	133	0.0150376
NODE_97194_length_2286_cov_6.317330	1815	1948	17	2	133	0.0150376
NODE_97194_length_2286_cov_6.317330	1815	1948	18	14	133	0.1052632
NODE_97194_length_2286_cov_6.317330	1815	1948	19	11	133	0.0827068
NODE_97194_length_2286_cov_6.317330	1815	1948	20	4	133	0.0300752
NODE_97194_length_2286_cov_6.317330	1815	1948	21	4	133	0.0300752
NODE_97194_length_2286_cov_6.317330	1815	1948	22	25	133	0.1879699
NODE_97194_length_2286_cov_6.317330	1815	1948	23	17	133	0.1278196
NODE_97194_length_2286_cov_6.317330	1815	1948	24	25	133	0.1879699
NODE_97194_length_2286_cov_6.317330	1815	1948	25	9	133	0.0676692
NODE_97194_length_2286_cov_6.317330	1815	1948	26	11	133	0.0827068
NODE_9719_length_7483_cov_3.653982	1284	1417	1	10	133	0.0751880
NODE_9719_length_7483_cov_3.653982	1284	1417	5	45	133	0.3383459
NODE_9719_length_7483_cov_3.653982	1284	1417	6	43	133	0.3233083
NODE_9719_length_7483_cov_3.653982	1284	1417	8	34	133	0.2556391
NODE_9719_length_7483_cov_3.653982	1284	1417	10	1	133	0.0075188
NODE_97278_length_2285_cov_4.468435	1068	1201	1	13	133	0.0977444
NODE_97278_length_2285_cov_4.468435	1068	1201	2	30	133	0.2255639
NODE_97278_length_2285_cov_4.468435	1068	1201	3	1	133	0.0075188
NODE_97278_length_2285_cov_4.468435	1068	1201	4	3	133	0.0225564
NODE_97278_length_2285_cov_4.468435	1068	1201	6	4	133	0.0300752
NODE_97278_length_2285_cov_4.468435	1068	1201	7	3	133	0.0225564
NODE_97278_length_2285_cov_4.468435	1068	1201	8	12	133	0.0902256
NODE_97278_length_2285_cov_4.468435	1068	1201	9	67	133	0.5037594
NODE_972_length_14984_cov_4.432986	375	508	6	15	133	0.1127820
NODE_972_length_14984_cov_4.432986	375	508	11	12	133	0.0902256
NODE_972_length_14984_cov_4.432986	375	508	13	6	133	0.0451128
NODE_972_length_14984_cov_4.432986	375	508	14	1	133	0.0075188
NODE_972_length_14984_cov_4.432986	375	508	16	3	133	0.0225564
NODE_972_length_14984_cov_4.432986	375	508	17	10	133	0.0751880
NODE_972_length_14984_cov_4.432986	375	508	19	2	133	0.0150376
NODE_972_length_14984_cov_4.432986	375	508	21	1	133	0.0075188
NODE_972_length_14984_cov_4.432986	375	508	22	45	133	0.3383459
NODE_972_length_14984_cov_4.432986	375	508	23	14	133	0.1052632
NODE_972_length_14984_cov_4.432986	375	508	24	9	133	0.0676692
NODE_972_length_14984_cov_4.432986	375	508	25	15	133	0.1127820
NODE_97360_length_2284_cov_3.549199	1689	1822	18	10	133	0.0751880
NODE_97360_length_2284_cov_3.549199	1689	1822	19	19	133	0.1428571
NODE_97360_length_2284_cov_3.549199	1689	1822	20	25	133	0.1879699
NODE_97360_length_2284_cov_3.549199	1689	1822	21	61	133	0.4586466
NODE_97360_length_2284_cov_3.549199	1689	1822	22	18	133	0.1353384
NODE_97392_length_2284_cov_2.196796	1396	1529	0	18	133	0.1353384
NODE_97392_length_2284_cov_2.196796	1396	1529	1	13	133	0.0977444
NODE_97392_length_2284_cov_2.196796	1396	1529	2	6	133	0.0451128
NODE_97392_length_2284_cov_2.196796	1396	1529	3	5	133	0.0375940
NODE_97392_length_2284_cov_2.196796	1396	1529	4	4	133	0.0300752
NODE_97392_length_2284_cov_2.196796	1396	1529	5	66	133	0.4962406
NODE_97392_length_2284_cov_2.196796	1396	1529	6	21	133	0.1578947
NODE_97420_length_2283_cov_3.926282	397	530	16	5	133	0.0375940
NODE_97420_length_2283_cov_3.926282	397	530	17	10	133	0.0751880
NODE_97420_length_2283_cov_3.926282	397	530	19	1	133	0.0075188
NODE_97420_length_2283_cov_3.926282	397	530	21	17	133	0.1278196
NODE_97420_length_2283_cov_3.926282	397	530	22	1	133	0.0075188
NODE_97420_length_2283_cov_3.926282	397	530	23	2	133	0.0150376
NODE_97420_length_2283_cov_3.926282	397	530	24	1	133	0.0075188
NODE_97420_length_2283_cov_3.926282	397	530	25	3	133	0.0225564
NODE_97420_length_2283_cov_3.926282	397	530	26	4	133	0.0300752
NODE_97420_length_2283_cov_3.926282	397	530	27	25	133	0.1879699
NODE_97420_length_2283_cov_3.926282	397	530	28	14	133	0.1052632
NODE_97420_length_2283_cov_3.926282	397	530	29	8	133	0.0601504
NODE_97420_length_2283_cov_3.926282	397	530	30	11	133	0.0827068
NODE_97420_length_2283_cov_3.926282	397	530	31	1	133	0.0075188
NODE_97420_length_2283_cov_3.926282	397	530	32	3	133	0.0225564
NODE_97420_length_2283_cov_3.926282	397	530	33	15	133	0.1127820
NODE_97420_length_2283_cov_3.926282	397	530	34	11	133	0.0827068
NODE_97420_length_2283_cov_3.926282	397	530	35	1	133	0.0075188
NODE_97424_length_2283_cov_3.895604	1268	1401	0	47	133	0.3533835
NODE_97424_length_2283_cov_3.895604	1268	1401	2	1	133	0.0075188
NODE_97424_length_2283_cov_3.895604	1268	1401	3	4	133	0.0300752
NODE_97424_length_2283_cov_3.895604	1268	1401	5	81	133	0.6090226
NODE_97449_length_2282_cov_8.575813	631	764	4	35	133	0.2631579
NODE_97449_length_2282_cov_8.575813	631	764	5	12	133	0.0902256
NODE_97449_length_2282_cov_8.575813	631	764	6	61	133	0.4586466
NODE_97449_length_2282_cov_8.575813	631	764	7	25	133	0.1879699
NODE_9748_length_7475_cov_5.783080	1133	1266	4	8	133	0.0601504
NODE_9748_length_7475_cov_5.783080	1133	1266	5	21	133	0.1578947
NODE_9748_length_7475_cov_5.783080	1133	1266	6	20	133	0.1503759
NODE_9748_length_7475_cov_5.783080	1133	1266	7	18	133	0.1353384
NODE_9748_length_7475_cov_5.783080	1133	1266	8	10	133	0.0751880
NODE_9748_length_7475_cov_5.783080	1133	1266	9	7	133	0.0526316
NODE_9748_length_7475_cov_5.783080	1133	1266	10	7	133	0.0526316
NODE_9748_length_7475_cov_5.783080	1133	1266	11	10	133	0.0751880
NODE_9748_length_7475_cov_5.783080	1133	1266	12	32	133	0.2406015
NODE_975_length_14966_cov_5.183225	721	854	13	13	133	0.0977444
NODE_975_length_14966_cov_5.183225	721	854	14	7	133	0.0526316
NODE_975_length_14966_cov_5.183225	721	854	15	23	133	0.1729323
NODE_975_length_14966_cov_5.183225	721	854	16	19	133	0.1428571
NODE_975_length_14966_cov_5.183225	721	854	17	5	133	0.0375940
NODE_975_length_14966_cov_5.183225	721	854	19	16	133	0.1203008
NODE_975_length_14966_cov_5.183225	721	854	20	9	133	0.0676692
NODE_975_length_14966_cov_5.183225	721	854	21	13	133	0.0977444
NODE_975_length_14966_cov_5.183225	721	854	22	24	133	0.1804511
NODE_975_length_14966_cov_5.183225	721	854	23	4	133	0.0300752
NODE_97643_length_2279_cov_3.913303	584	717	8	4	133	0.0300752
NODE_97643_length_2279_cov_3.913303	584	717	9	4	133	0.0300752
NODE_97643_length_2279_cov_3.913303	584	717	11	9	133	0.0676692
NODE_97643_length_2279_cov_3.913303	584	717	12	2	133	0.0150376
NODE_97643_length_2279_cov_3.913303	584	717	15	12	133	0.0902256
NODE_97643_length_2279_cov_3.913303	584	717	17	6	133	0.0451128
NODE_97643_length_2279_cov_3.913303	584	717	18	4	133	0.0300752
NODE_97643_length_2279_cov_3.913303	584	717	20	2	133	0.0150376
NODE_97643_length_2279_cov_3.913303	584	717	21	12	133	0.0902256
NODE_97643_length_2279_cov_3.913303	584	717	23	10	133	0.0751880
NODE_97643_length_2279_cov_3.913303	584	717	24	6	133	0.0451128
NODE_97643_length_2279_cov_3.913303	584	717	25	14	133	0.1052632
NODE_97643_length_2279_cov_3.913303	584	717	26	26	133	0.1954887
NODE_97643_length_2279_cov_3.913303	584	717	27	17	133	0.1278196
NODE_97643_length_2279_cov_3.913303	584	717	28	5	133	0.0375940
NODE_97644_length_2279_cov_3.891284	2165	2298	0	25	133	0.1879699
NODE_97644_length_2279_cov_3.891284	2165	2298	1	4	133	0.0300752
NODE_97644_length_2279_cov_3.891284	2165	2298	2	2	133	0.0150376
NODE_97644_length_2279_cov_3.891284	2165	2298	3	4	133	0.0300752
NODE_97644_length_2279_cov_3.891284	2165	2298	5	7	133	0.0526316
NODE_97644_length_2279_cov_3.891284	2165	2298	6	13	133	0.0977444
NODE_97644_length_2279_cov_3.891284	2165	2298	7	4	133	0.0300752
NODE_97644_length_2279_cov_3.891284	2165	2298	9	11	133	0.0827068
NODE_97644_length_2279_cov_3.891284	2165	2298	10	5	133	0.0375940
NODE_97644_length_2279_cov_3.891284	2165	2298	11	58	133	0.4360902
NODE_97682_length_2278_cov_4.729693	1611	1744	2	75	133	0.5639098
NODE_97682_length_2278_cov_4.729693	1611	1744	3	29	133	0.2180451
NODE_97682_length_2278_cov_4.729693	1611	1744	4	10	133	0.0751880
NODE_97682_length_2278_cov_4.729693	1611	1744	5	16	133	0.1203008
NODE_97682_length_2278_cov_4.729693	1611	1744	6	1	133	0.0075188
NODE_97682_length_2278_cov_4.729693	1611	1744	7	2	133	0.0150376
NODE_97690_length_2278_cov_4.149610	1746	1879	14	3	133	0.0225564
NODE_97690_length_2278_cov_4.149610	1746	1879	15	1	133	0.0075188
NODE_97690_length_2278_cov_4.149610	1746	1879	16	1	133	0.0075188
NODE_97690_length_2278_cov_4.149610	1746	1879	17	1	133	0.0075188
NODE_97690_length_2278_cov_4.149610	1746	1879	19	4	133	0.0300752
NODE_97690_length_2278_cov_4.149610	1746	1879	20	1	133	0.0075188
NODE_97690_length_2278_cov_4.149610	1746	1879	21	1	133	0.0075188
NODE_97690_length_2278_cov_4.149610	1746	1879	22	6	133	0.0451128
NODE_97690_length_2278_cov_4.149610	1746	1879	24	4	133	0.0300752
NODE_97690_length_2278_cov_4.149610	1746	1879	25	1	133	0.0075188
NODE_97690_length_2278_cov_4.149610	1746	1879	26	7	133	0.0526316
NODE_97690_length_2278_cov_4.149610	1746	1879	27	3	133	0.0225564
NODE_97690_length_2278_cov_4.149610	1746	1879	28	10	133	0.0751880
NODE_97690_length_2278_cov_4.149610	1746	1879	29	1	133	0.0075188
NODE_97690_length_2278_cov_4.149610	1746	1879	30	13	133	0.0977444
NODE_97690_length_2278_cov_4.149610	1746	1879	31	16	133	0.1203008
NODE_97690_length_2278_cov_4.149610	1746	1879	32	5	133	0.0375940
NODE_97690_length_2278_cov_4.149610	1746	1879	33	1	133	0.0075188
NODE_97690_length_2278_cov_4.149610	1746	1879	34	6	133	0.0451128
NODE_97690_length_2278_cov_4.149610	1746	1879	35	9	133	0.0676692
NODE_97690_length_2278_cov_4.149610	1746	1879	36	12	133	0.0902256
NODE_97690_length_2278_cov_4.149610	1746	1879	37	17	133	0.1278196
NODE_97690_length_2278_cov_4.149610	1746	1879	38	10	133	0.0751880
NODE_97783_length_2276_cov_5.158016	1154	1287	2	9	133	0.0676692
NODE_97783_length_2276_cov_5.158016	1154	1287	4	50	133	0.3759398
NODE_97783_length_2276_cov_5.158016	1154	1287	5	27	133	0.2030075
NODE_97783_length_2276_cov_5.158016	1154	1287	6	21	133	0.1578947
NODE_97783_length_2276_cov_5.158016	1154	1287	7	15	133	0.1127820
NODE_97783_length_2276_cov_5.158016	1154	1287	8	4	133	0.0300752
NODE_97783_length_2276_cov_5.158016	1154	1287	9	7	133	0.0526316
NODE_97806_length_2276_cov_4.047772	1149	1282	11	2	133	0.0150376
NODE_97806_length_2276_cov_4.047772	1149	1282	12	4	133	0.0300752
NODE_97806_length_2276_cov_4.047772	1149	1282	13	9	133	0.0676692
NODE_97806_length_2276_cov_4.047772	1149	1282	14	18	133	0.1353384
NODE_97806_length_2276_cov_4.047772	1149	1282	15	5	133	0.0375940
NODE_97806_length_2276_cov_4.047772	1149	1282	16	2	133	0.0150376
NODE_97806_length_2276_cov_4.047772	1149	1282	17	15	133	0.1127820
NODE_97806_length_2276_cov_4.047772	1149	1282	18	7	133	0.0526316
NODE_97806_length_2276_cov_4.047772	1149	1282	19	16	133	0.1203008
NODE_97806_length_2276_cov_4.047772	1149	1282	20	5	133	0.0375940
NODE_97806_length_2276_cov_4.047772	1149	1282	21	38	133	0.2857143
NODE_97806_length_2276_cov_4.047772	1149	1282	22	12	133	0.0902256
NODE_9793_length_7462_cov_9.786364	2377	2510	6	1	133	0.0075188
NODE_9793_length_7462_cov_9.786364	2377	2510	7	3	133	0.0225564
NODE_9793_length_7462_cov_9.786364	2377	2510	8	3	133	0.0225564
NODE_9793_length_7462_cov_9.786364	2377	2510	9	13	133	0.0977444
NODE_9793_length_7462_cov_9.786364	2377	2510	10	20	133	0.1503759
NODE_9793_length_7462_cov_9.786364	2377	2510	11	1	133	0.0075188
NODE_9793_length_7462_cov_9.786364	2377	2510	12	13	133	0.0977444
NODE_9793_length_7462_cov_9.786364	2377	2510	13	12	133	0.0902256
NODE_9793_length_7462_cov_9.786364	2377	2510	14	49	133	0.3684210
NODE_9793_length_7462_cov_9.786364	2377	2510	15	1	133	0.0075188
NODE_9793_length_7462_cov_9.786364	2377	2510	16	17	133	0.1278196
NODE_97958_length_2274_cov_2.930115	655	788	5	4	133	0.0300752
NODE_97958_length_2274_cov_2.930115	655	788	6	4	133	0.0300752
NODE_97958_length_2274_cov_2.930115	655	788	7	14	133	0.1052632
NODE_97958_length_2274_cov_2.930115	655	788	8	44	133	0.3308271
NODE_97958_length_2274_cov_2.930115	655	788	9	60	133	0.4511278
NODE_97958_length_2274_cov_2.930115	655	788	10	1	133	0.0075188
NODE_97958_length_2274_cov_2.930115	655	788	11	6	133	0.0451128
NODE_9796_length_7462_cov_3.923401	6984	7117	5	21	133	0.1578947
NODE_9796_length_7462_cov_3.923401	6984	7117	6	2	133	0.0150376
NODE_9796_length_7462_cov_3.923401	6984	7117	7	2	133	0.0150376
NODE_9796_length_7462_cov_3.923401	6984	7117	9	7	133	0.0526316
NODE_9796_length_7462_cov_3.923401	6984	7117	10	10	133	0.0751880
NODE_9796_length_7462_cov_3.923401	6984	7117	11	5	133	0.0375940
NODE_9796_length_7462_cov_3.923401	6984	7117	13	11	133	0.0827068
NODE_9796_length_7462_cov_3.923401	6984	7117	14	14	133	0.1052632
NODE_9796_length_7462_cov_3.923401	6984	7117	15	35	133	0.2631579
NODE_9796_length_7462_cov_3.923401	6984	7117	16	26	133	0.1954887
NODE_98012_length_2273_cov_3.165593	1239	1372	11	13	133	0.0977444
NODE_98012_length_2273_cov_3.165593	1239	1372	12	5	133	0.0375940
NODE_98012_length_2273_cov_3.165593	1239	1372	13	5	133	0.0375940
NODE_98012_length_2273_cov_3.165593	1239	1372	14	4	133	0.0300752
NODE_98012_length_2273_cov_3.165593	1239	1372	15	10	133	0.0751880
NODE_98012_length_2273_cov_3.165593	1239	1372	16	6	133	0.0451128
NODE_98012_length_2273_cov_3.165593	1239	1372	17	1	133	0.0075188
NODE_98012_length_2273_cov_3.165593	1239	1372	21	20	133	0.1503759
NODE_98012_length_2273_cov_3.165593	1239	1372	22	11	133	0.0827068
NODE_98012_length_2273_cov_3.165593	1239	1372	23	21	133	0.1578947
NODE_98012_length_2273_cov_3.165593	1239	1372	25	12	133	0.0902256
NODE_98012_length_2273_cov_3.165593	1239	1372	26	25	133	0.1879699
NODE_9801_length_7461_cov_3.797609	1208	1341	17	7	133	0.0526316
NODE_9801_length_7461_cov_3.797609	1208	1341	19	2	133	0.0150376
NODE_9801_length_7461_cov_3.797609	1208	1341	21	7	133	0.0526316
NODE_9801_length_7461_cov_3.797609	1208	1341	22	12	133	0.0902256
NODE_9801_length_7461_cov_3.797609	1208	1341	23	4	133	0.0300752
NODE_9801_length_7461_cov_3.797609	1208	1341	25	12	133	0.0902256
NODE_9801_length_7461_cov_3.797609	1208	1341	26	28	133	0.2105263
NODE_9801_length_7461_cov_3.797609	1208	1341	27	12	133	0.0902256
NODE_9801_length_7461_cov_3.797609	1208	1341	28	7	133	0.0526316
NODE_9801_length_7461_cov_3.797609	1208	1341	29	31	133	0.2330827
NODE_9801_length_7461_cov_3.797609	1208	1341	30	5	133	0.0375940
NODE_9801_length_7461_cov_3.797609	1208	1341	31	6	133	0.0451128
NODE_98020_length_2273_cov_2.811868	1249	1382	19	2	133	0.0150376
NODE_98020_length_2273_cov_2.811868	1249	1382	20	9	133	0.0676692
NODE_98020_length_2273_cov_2.811868	1249	1382	21	14	133	0.1052632
NODE_98020_length_2273_cov_2.811868	1249	1382	22	9	133	0.0676692
NODE_98020_length_2273_cov_2.811868	1249	1382	23	30	133	0.2255639
NODE_98020_length_2273_cov_2.811868	1249	1382	24	20	133	0.1503759
NODE_98020_length_2273_cov_2.811868	1249	1382	25	27	133	0.2030075
NODE_98020_length_2273_cov_2.811868	1249	1382	26	7	133	0.0526316
NODE_98020_length_2273_cov_2.811868	1249	1382	27	5	133	0.0375940
NODE_98020_length_2273_cov_2.811868	1249	1382	28	7	133	0.0526316
NODE_98020_length_2273_cov_2.811868	1249	1382	29	2	133	0.0150376
NODE_98020_length_2273_cov_2.811868	1249	1382	30	1	133	0.0075188
NODE_98035_length_2272_cov_4.779107	473	606	15	11	133	0.0827068
NODE_98035_length_2272_cov_4.779107	473	606	16	2	133	0.0150376
NODE_98035_length_2272_cov_4.779107	473	606	17	3	133	0.0225564
NODE_98035_length_2272_cov_4.779107	473	606	18	16	133	0.1203008
NODE_98035_length_2272_cov_4.779107	473	606	19	16	133	0.1203008
NODE_98035_length_2272_cov_4.779107	473	606	21	35	133	0.2631579
NODE_98035_length_2272_cov_4.779107	473	606	22	18	133	0.1353384
NODE_98035_length_2272_cov_4.779107	473	606	23	17	133	0.1278196
NODE_98035_length_2272_cov_4.779107	473	606	24	14	133	0.1052632
NODE_98035_length_2272_cov_4.779107	473	606	25	1	133	0.0075188
NODE_980_length_14944_cov_4.836982	7689	7822	15	18	133	0.1353384
NODE_980_length_14944_cov_4.836982	7689	7822	17	2	133	0.0150376
NODE_980_length_14944_cov_4.836982	7689	7822	18	6	133	0.0451128
NODE_980_length_14944_cov_4.836982	7689	7822	20	4	133	0.0300752
NODE_980_length_14944_cov_4.836982	7689	7822	21	18	133	0.1353384
NODE_980_length_14944_cov_4.836982	7689	7822	22	29	133	0.2180451
NODE_980_length_14944_cov_4.836982	7689	7822	23	10	133	0.0751880
NODE_980_length_14944_cov_4.836982	7689	7822	24	21	133	0.1578947
NODE_980_length_14944_cov_4.836982	7689	7822	25	24	133	0.1804511
NODE_980_length_14944_cov_4.836982	7689	7822	26	1	133	0.0075188
NODE_98144_length_2271_cov_3.071823	1533	1666	21	10	133	0.0751880
NODE_98144_length_2271_cov_3.071823	1533	1666	23	1	133	0.0075188
NODE_98144_length_2271_cov_3.071823	1533	1666	24	1	133	0.0075188
NODE_98144_length_2271_cov_3.071823	1533	1666	25	2	133	0.0150376
NODE_98144_length_2271_cov_3.071823	1533	1666	26	4	133	0.0300752
NODE_98144_length_2271_cov_3.071823	1533	1666	27	2	133	0.0150376
NODE_98144_length_2271_cov_3.071823	1533	1666	28	6	133	0.0451128
NODE_98144_length_2271_cov_3.071823	1533	1666	29	12	133	0.0902256
NODE_98144_length_2271_cov_3.071823	1533	1666	30	7	133	0.0526316
NODE_98144_length_2271_cov_3.071823	1533	1666	31	2	133	0.0150376
NODE_98144_length_2271_cov_3.071823	1533	1666	32	1	133	0.0075188
NODE_98144_length_2271_cov_3.071823	1533	1666	33	2	133	0.0150376
NODE_98144_length_2271_cov_3.071823	1533	1666	34	1	133	0.0075188
NODE_98144_length_2271_cov_3.071823	1533	1666	35	1	133	0.0075188
NODE_98144_length_2271_cov_3.071823	1533	1666	37	4	133	0.0300752
NODE_98144_length_2271_cov_3.071823	1533	1666	40	16	133	0.1203008
NODE_98144_length_2271_cov_3.071823	1533	1666	41	9	133	0.0676692
NODE_98144_length_2271_cov_3.071823	1533	1666	42	21	133	0.1578947
NODE_98144_length_2271_cov_3.071823	1533	1666	43	2	133	0.0150376
NODE_98144_length_2271_cov_3.071823	1533	1666	44	29	133	0.2180451
NODE_9815_length_7456_cov_7.684926	7058	7191	3	9	133	0.0676692
NODE_9815_length_7456_cov_7.684926	7058	7191	5	6	133	0.0451128
NODE_9815_length_7456_cov_7.684926	7058	7191	6	7	133	0.0526316
NODE_9815_length_7456_cov_7.684926	7058	7191	7	8	133	0.0601504
NODE_9815_length_7456_cov_7.684926	7058	7191	8	5	133	0.0375940
NODE_9815_length_7456_cov_7.684926	7058	7191	9	3	133	0.0225564
NODE_9815_length_7456_cov_7.684926	7058	7191	10	22	133	0.1654135
NODE_9815_length_7456_cov_7.684926	7058	7191	11	9	133	0.0676692
NODE_9815_length_7456_cov_7.684926	7058	7191	12	57	133	0.4285714
NODE_9815_length_7456_cov_7.684926	7058	7191	13	5	133	0.0375940
NODE_9815_length_7456_cov_7.684926	7058	7191	14	2	133	0.0150376
NODE_9816_length_7456_cov_6.351774	2989	3122	43	1	133	0.0075188
NODE_9816_length_7456_cov_6.351774	2989	3122	46	3	133	0.0225564
NODE_9816_length_7456_cov_6.351774	2989	3122	47	1	133	0.0075188
NODE_9816_length_7456_cov_6.351774	2989	3122	50	3	133	0.0225564
NODE_9816_length_7456_cov_6.351774	2989	3122	51	1	133	0.0075188
NODE_9816_length_7456_cov_6.351774	2989	3122	52	10	133	0.0751880
NODE_9816_length_7456_cov_6.351774	2989	3122	53	7	133	0.0526316
NODE_9816_length_7456_cov_6.351774	2989	3122	54	6	133	0.0451128
NODE_9816_length_7456_cov_6.351774	2989	3122	55	6	133	0.0451128
NODE_9816_length_7456_cov_6.351774	2989	3122	56	20	133	0.1503759
NODE_9816_length_7456_cov_6.351774	2989	3122	57	8	133	0.0601504
NODE_9816_length_7456_cov_6.351774	2989	3122	58	11	133	0.0827068
NODE_9816_length_7456_cov_6.351774	2989	3122	59	19	133	0.1428571
NODE_9816_length_7456_cov_6.351774	2989	3122	60	16	133	0.1203008
NODE_9816_length_7456_cov_6.351774	2989	3122	61	3	133	0.0225564
NODE_9816_length_7456_cov_6.351774	2989	3122	62	10	133	0.0751880
NODE_9816_length_7456_cov_6.351774	2989	3122	63	8	133	0.0601504
NODE_98170_length_2270_cov_4.087517	287	420	6	4	133	0.0300752
NODE_98170_length_2270_cov_4.087517	287	420	8	3	133	0.0225564
NODE_98170_length_2270_cov_4.087517	287	420	9	14	133	0.1052632
NODE_98170_length_2270_cov_4.087517	287	420	10	13	133	0.0977444
NODE_98170_length_2270_cov_4.087517	287	420	11	57	133	0.4285714
NODE_98170_length_2270_cov_4.087517	287	420	12	42	133	0.3157895
NODE_98325_length_2267_cov_4.953875	430	563	9	7	133	0.0526316
NODE_98325_length_2267_cov_4.953875	430	563	11	5	133	0.0375940
NODE_98325_length_2267_cov_4.953875	430	563	12	10	133	0.0751880
NODE_98325_length_2267_cov_4.953875	430	563	13	5	133	0.0375940
NODE_98325_length_2267_cov_4.953875	430	563	14	3	133	0.0225564
NODE_98325_length_2267_cov_4.953875	430	563	15	1	133	0.0075188
NODE_98325_length_2267_cov_4.953875	430	563	16	3	133	0.0225564
NODE_98325_length_2267_cov_4.953875	430	563	17	6	133	0.0451128
NODE_98325_length_2267_cov_4.953875	430	563	19	9	133	0.0676692
NODE_98325_length_2267_cov_4.953875	430	563	20	38	133	0.2857143
NODE_98325_length_2267_cov_4.953875	430	563	21	19	133	0.1428571
NODE_98325_length_2267_cov_4.953875	430	563	22	27	133	0.2030075
NODE_9842_length_7452_cov_3.627907	182	315	0	133	133	1.0000000
NODE_98435_length_2265_cov_4.781163	536	669	5	7	133	0.0526316
NODE_98435_length_2265_cov_4.781163	536	669	6	13	133	0.0977444
NODE_98435_length_2265_cov_4.781163	536	669	7	10	133	0.0751880
NODE_98435_length_2265_cov_4.781163	536	669	9	2	133	0.0150376
NODE_98435_length_2265_cov_4.781163	536	669	10	8	133	0.0601504
NODE_98435_length_2265_cov_4.781163	536	669	11	15	133	0.1127820
NODE_98435_length_2265_cov_4.781163	536	669	12	55	133	0.4135338
NODE_98435_length_2265_cov_4.781163	536	669	13	23	133	0.1729323
NODE_9849_length_7450_cov_5.482519	6888	7021	39	2	133	0.0150376
NODE_9849_length_7450_cov_5.482519	6888	7021	41	7	133	0.0526316
NODE_9849_length_7450_cov_5.482519	6888	7021	42	2	133	0.0150376
NODE_9849_length_7450_cov_5.482519	6888	7021	43	9	133	0.0676692
NODE_9849_length_7450_cov_5.482519	6888	7021	44	2	133	0.0150376
NODE_9849_length_7450_cov_5.482519	6888	7021	45	2	133	0.0150376
NODE_9849_length_7450_cov_5.482519	6888	7021	46	4	133	0.0300752
NODE_9849_length_7450_cov_5.482519	6888	7021	47	3	133	0.0225564
NODE_9849_length_7450_cov_5.482519	6888	7021	48	2	133	0.0150376
NODE_9849_length_7450_cov_5.482519	6888	7021	49	2	133	0.0150376
NODE_9849_length_7450_cov_5.482519	6888	7021	50	2	133	0.0150376
NODE_9849_length_7450_cov_5.482519	6888	7021	51	3	133	0.0225564
NODE_9849_length_7450_cov_5.482519	6888	7021	52	6	133	0.0451128
NODE_9849_length_7450_cov_5.482519	6888	7021	55	1	133	0.0075188
NODE_9849_length_7450_cov_5.482519	6888	7021	56	2	133	0.0150376
NODE_9849_length_7450_cov_5.482519	6888	7021	57	4	133	0.0300752
NODE_9849_length_7450_cov_5.482519	6888	7021	58	2	133	0.0150376
NODE_9849_length_7450_cov_5.482519	6888	7021	59	1	133	0.0075188
NODE_9849_length_7450_cov_5.482519	6888	7021	60	2	133	0.0150376
NODE_9849_length_7450_cov_5.482519	6888	7021	61	1	133	0.0075188
NODE_9849_length_7450_cov_5.482519	6888	7021	62	4	133	0.0300752
NODE_9849_length_7450_cov_5.482519	6888	7021	63	1	133	0.0075188
NODE_9849_length_7450_cov_5.482519	6888	7021	64	4	133	0.0300752
NODE_9849_length_7450_cov_5.482519	6888	7021	65	2	133	0.0150376
NODE_9849_length_7450_cov_5.482519	6888	7021	66	2	133	0.0150376
NODE_9849_length_7450_cov_5.482519	6888	7021	67	1	133	0.0075188
NODE_9849_length_7450_cov_5.482519	6888	7021	68	7	133	0.0526316
NODE_9849_length_7450_cov_5.482519	6888	7021	69	5	133	0.0375940
NODE_9849_length_7450_cov_5.482519	6888	7021	70	4	133	0.0300752
NODE_9849_length_7450_cov_5.482519	6888	7021	71	2	133	0.0150376
NODE_9849_length_7450_cov_5.482519	6888	7021	72	1	133	0.0075188
NODE_9849_length_7450_cov_5.482519	6888	7021	73	1	133	0.0075188
NODE_9849_length_7450_cov_5.482519	6888	7021	74	1	133	0.0075188
NODE_9849_length_7450_cov_5.482519	6888	7021	76	1	133	0.0075188
NODE_9849_length_7450_cov_5.482519	6888	7021	77	3	133	0.0225564
NODE_9849_length_7450_cov_5.482519	6888	7021	79	1	133	0.0075188
NODE_9849_length_7450_cov_5.482519	6888	7021	80	3	133	0.0225564
NODE_9849_length_7450_cov_5.482519	6888	7021	81	3	133	0.0225564
NODE_9849_length_7450_cov_5.482519	6888	7021	82	2	133	0.0150376
NODE_9849_length_7450_cov_5.482519	6888	7021	87	1	133	0.0075188
NODE_9849_length_7450_cov_5.482519	6888	7021	88	1	133	0.0075188
NODE_9849_length_7450_cov_5.482519	6888	7021	89	4	133	0.0300752
NODE_9849_length_7450_cov_5.482519	6888	7021	91	2	133	0.0150376
NODE_9849_length_7450_cov_5.482519	6888	7021	92	6	133	0.0451128
NODE_9849_length_7450_cov_5.482519	6888	7021	93	6	133	0.0451128
NODE_9849_length_7450_cov_5.482519	6888	7021	94	3	133	0.0225564
NODE_9849_length_7450_cov_5.482519	6888	7021	95	3	133	0.0225564
NODE_98540_length_2264_cov_3.124249	2081	2214	2	7	133	0.0526316
NODE_98540_length_2264_cov_3.124249	2081	2214	3	11	133	0.0827068
NODE_98540_length_2264_cov_3.124249	2081	2214	4	3	133	0.0225564
NODE_98540_length_2264_cov_3.124249	2081	2214	5	112	133	0.8421053
NODE_9856_length_7448_cov_4.170908	2968	3101	8	12	133	0.0902256
NODE_9856_length_7448_cov_4.170908	2968	3101	9	28	133	0.2105263
NODE_9856_length_7448_cov_4.170908	2968	3101	10	2	133	0.0150376
NODE_9856_length_7448_cov_4.170908	2968	3101	11	3	133	0.0225564
NODE_9856_length_7448_cov_4.170908	2968	3101	12	20	133	0.1503759
NODE_9856_length_7448_cov_4.170908	2968	3101	13	37	133	0.2781955
NODE_9856_length_7448_cov_4.170908	2968	3101	14	26	133	0.1954887
NODE_9856_length_7448_cov_4.170908	2968	3101	15	5	133	0.0375940
NODE_98589_length_2263_cov_3.830869	131	264	1	20	133	0.1503759
NODE_98589_length_2263_cov_3.830869	131	264	2	35	133	0.2631579
NODE_98589_length_2263_cov_3.830869	131	264	3	6	133	0.0451128
NODE_98589_length_2263_cov_3.830869	131	264	4	6	133	0.0451128
NODE_98589_length_2263_cov_3.830869	131	264	5	18	133	0.1353384
NODE_98589_length_2263_cov_3.830869	131	264	6	48	133	0.3609022
NODE_98601_length_2263_cov_3.492606	1440	1573	10	1	133	0.0075188
NODE_98601_length_2263_cov_3.492606	1440	1573	11	40	133	0.3007519
NODE_98601_length_2263_cov_3.492606	1440	1573	12	19	133	0.1428571
NODE_98601_length_2263_cov_3.492606	1440	1573	13	46	133	0.3458647
NODE_98601_length_2263_cov_3.492606	1440	1573	14	19	133	0.1428571
NODE_98601_length_2263_cov_3.492606	1440	1573	15	1	133	0.0075188
NODE_98601_length_2263_cov_3.492606	1440	1573	16	5	133	0.0375940
NODE_98601_length_2263_cov_3.492606	1440	1573	17	1	133	0.0075188
NODE_98601_length_2263_cov_3.492606	1440	1573	18	1	133	0.0075188
NODE_98615_length_2263_cov_2.653882	2002	2135	13	4	133	0.0300752
NODE_98615_length_2263_cov_2.653882	2002	2135	15	2	133	0.0150376
NODE_98615_length_2263_cov_2.653882	2002	2135	18	13	133	0.0977444
NODE_98615_length_2263_cov_2.653882	2002	2135	19	62	133	0.4661654
NODE_98615_length_2263_cov_2.653882	2002	2135	20	5	133	0.0375940
NODE_98615_length_2263_cov_2.653882	2002	2135	21	25	133	0.1879699
NODE_98615_length_2263_cov_2.653882	2002	2135	22	7	133	0.0526316
NODE_98615_length_2263_cov_2.653882	2002	2135	23	11	133	0.0827068
NODE_98615_length_2263_cov_2.653882	2002	2135	24	4	133	0.0300752
NODE_98633_length_2262_cov_4.903837	1155	1288	28	3	133	0.0225564
NODE_98633_length_2262_cov_4.903837	1155	1288	29	2	133	0.0150376
NODE_98633_length_2262_cov_4.903837	1155	1288	30	4	133	0.0300752
NODE_98633_length_2262_cov_4.903837	1155	1288	31	2	133	0.0150376
NODE_98633_length_2262_cov_4.903837	1155	1288	32	2	133	0.0150376
NODE_98633_length_2262_cov_4.903837	1155	1288	34	4	133	0.0300752
NODE_98633_length_2262_cov_4.903837	1155	1288	35	9	133	0.0676692
NODE_98633_length_2262_cov_4.903837	1155	1288	36	4	133	0.0300752
NODE_98633_length_2262_cov_4.903837	1155	1288	37	2	133	0.0150376
NODE_98633_length_2262_cov_4.903837	1155	1288	40	3	133	0.0225564
NODE_98633_length_2262_cov_4.903837	1155	1288	42	5	133	0.0375940
NODE_98633_length_2262_cov_4.903837	1155	1288	43	1	133	0.0075188
NODE_98633_length_2262_cov_4.903837	1155	1288	44	9	133	0.0676692
NODE_98633_length_2262_cov_4.903837	1155	1288	46	5	133	0.0375940
NODE_98633_length_2262_cov_4.903837	1155	1288	47	8	133	0.0601504
NODE_98633_length_2262_cov_4.903837	1155	1288	48	22	133	0.1654135
NODE_98633_length_2262_cov_4.903837	1155	1288	49	8	133	0.0601504
NODE_98633_length_2262_cov_4.903837	1155	1288	50	3	133	0.0225564
NODE_98633_length_2262_cov_4.903837	1155	1288	51	9	133	0.0676692
NODE_98633_length_2262_cov_4.903837	1155	1288	52	6	133	0.0451128
NODE_98633_length_2262_cov_4.903837	1155	1288	53	2	133	0.0150376
NODE_98633_length_2262_cov_4.903837	1155	1288	54	2	133	0.0150376
NODE_98633_length_2262_cov_4.903837	1155	1288	56	13	133	0.0977444
NODE_98633_length_2262_cov_4.903837	1155	1288	57	5	133	0.0375940
NODE_98646_length_2262_cov_3.998613	1397	1530	9	25	133	0.1879699
NODE_98646_length_2262_cov_3.998613	1397	1530	10	30	133	0.2255639
NODE_98646_length_2262_cov_3.998613	1397	1530	11	3	133	0.0225564
NODE_98646_length_2262_cov_3.998613	1397	1530	12	3	133	0.0225564
NODE_98646_length_2262_cov_3.998613	1397	1530	13	4	133	0.0300752
NODE_98646_length_2262_cov_3.998613	1397	1530	15	65	133	0.4887218
NODE_98646_length_2262_cov_3.998613	1397	1530	16	3	133	0.0225564
NODE_986_length_14930_cov_5.987728	8088	8221	16	14	133	0.1052632
NODE_986_length_14930_cov_5.987728	8088	8221	17	31	133	0.2330827
NODE_986_length_14930_cov_5.987728	8088	8221	18	18	133	0.1353384
NODE_986_length_14930_cov_5.987728	8088	8221	19	17	133	0.1278196
NODE_986_length_14930_cov_5.987728	8088	8221	20	15	133	0.1127820
NODE_986_length_14930_cov_5.987728	8088	8221	21	5	133	0.0375940
NODE_986_length_14930_cov_5.987728	8088	8221	22	16	133	0.1203008
NODE_986_length_14930_cov_5.987728	8088	8221	23	15	133	0.1127820
NODE_986_length_14930_cov_5.987728	8088	8221	24	2	133	0.0150376
NODE_98701_length_2261_cov_3.520352	775	908	0	62	133	0.4661654
NODE_98701_length_2261_cov_3.520352	775	908	2	71	133	0.5338346
NODE_987_length_14930_cov_4.002292	2936	3069	0	3	133	0.0225564
NODE_987_length_14930_cov_4.002292	2936	3069	2	39	133	0.2932331
NODE_987_length_14930_cov_4.002292	2936	3069	3	6	133	0.0451128
NODE_987_length_14930_cov_4.002292	2936	3069	4	11	133	0.0827068
NODE_987_length_14930_cov_4.002292	2936	3069	5	74	133	0.5563910
NODE_9883_length_7442_cov_2.917200	6479	6612	11	6	133	0.0451128
NODE_9883_length_7442_cov_2.917200	6479	6612	12	3	133	0.0225564
NODE_9883_length_7442_cov_2.917200	6479	6612	13	2	133	0.0150376
NODE_9883_length_7442_cov_2.917200	6479	6612	14	9	133	0.0676692
NODE_9883_length_7442_cov_2.917200	6479	6612	15	3	133	0.0225564
NODE_9883_length_7442_cov_2.917200	6479	6612	16	5	133	0.0375940
NODE_9883_length_7442_cov_2.917200	6479	6612	17	4	133	0.0300752
NODE_9883_length_7442_cov_2.917200	6479	6612	20	2	133	0.0150376
NODE_9883_length_7442_cov_2.917200	6479	6612	22	3	133	0.0225564
NODE_9883_length_7442_cov_2.917200	6479	6612	24	1	133	0.0075188
NODE_9883_length_7442_cov_2.917200	6479	6612	25	7	133	0.0526316
NODE_9883_length_7442_cov_2.917200	6479	6612	26	1	133	0.0075188
NODE_9883_length_7442_cov_2.917200	6479	6612	28	2	133	0.0150376
NODE_9883_length_7442_cov_2.917200	6479	6612	29	7	133	0.0526316
NODE_9883_length_7442_cov_2.917200	6479	6612	30	8	133	0.0601504
NODE_9883_length_7442_cov_2.917200	6479	6612	31	5	133	0.0375940
NODE_9883_length_7442_cov_2.917200	6479	6612	32	1	133	0.0075188
NODE_9883_length_7442_cov_2.917200	6479	6612	33	2	133	0.0150376
NODE_9883_length_7442_cov_2.917200	6479	6612	34	1	133	0.0075188
NODE_9883_length_7442_cov_2.917200	6479	6612	35	11	133	0.0827068
NODE_9883_length_7442_cov_2.917200	6479	6612	36	12	133	0.0902256
NODE_9883_length_7442_cov_2.917200	6479	6612	37	11	133	0.0827068
NODE_9883_length_7442_cov_2.917200	6479	6612	38	20	133	0.1503759
NODE_9883_length_7442_cov_2.917200	6479	6612	39	7	133	0.0526316
NODE_9886_length_7440_cov_5.224629	220	353	5	5	133	0.0375940
NODE_9886_length_7440_cov_5.224629	220	353	6	30	133	0.2255639
NODE_9886_length_7440_cov_5.224629	220	353	7	15	133	0.1127820
NODE_9886_length_7440_cov_5.224629	220	353	8	7	133	0.0526316
NODE_9886_length_7440_cov_5.224629	220	353	9	8	133	0.0601504
NODE_9886_length_7440_cov_5.224629	220	353	10	13	133	0.0977444
NODE_9886_length_7440_cov_5.224629	220	353	11	10	133	0.0751880
NODE_9886_length_7440_cov_5.224629	220	353	12	1	133	0.0075188
NODE_9886_length_7440_cov_5.224629	220	353	13	5	133	0.0375940
NODE_9886_length_7440_cov_5.224629	220	353	14	4	133	0.0300752
NODE_9886_length_7440_cov_5.224629	220	353	16	10	133	0.0751880
NODE_9886_length_7440_cov_5.224629	220	353	17	25	133	0.1879699
NODE_99041_length_2255_cov_4.754174	1840	1973	0	5	133	0.0375940
NODE_99041_length_2255_cov_4.754174	1840	1973	2	128	133	0.9624060
NODE_99213_length_2252_cov_4.849512	2030	2163	14	2	133	0.0150376
NODE_99213_length_2252_cov_4.849512	2030	2163	15	3	133	0.0225564
NODE_99213_length_2252_cov_4.849512	2030	2163	16	2	133	0.0150376
NODE_99213_length_2252_cov_4.849512	2030	2163	17	6	133	0.0451128
NODE_99213_length_2252_cov_4.849512	2030	2163	18	3	133	0.0225564
NODE_99213_length_2252_cov_4.849512	2030	2163	19	2	133	0.0150376
NODE_99213_length_2252_cov_4.849512	2030	2163	21	2	133	0.0150376
NODE_99213_length_2252_cov_4.849512	2030	2163	22	3	133	0.0225564
NODE_99213_length_2252_cov_4.849512	2030	2163	23	5	133	0.0375940
NODE_99213_length_2252_cov_4.849512	2030	2163	25	38	133	0.2857143
NODE_99213_length_2252_cov_4.849512	2030	2163	26	14	133	0.1052632
NODE_99213_length_2252_cov_4.849512	2030	2163	27	22	133	0.1654135
NODE_99213_length_2252_cov_4.849512	2030	2163	28	11	133	0.0827068
NODE_99213_length_2252_cov_4.849512	2030	2163	29	15	133	0.1127820
NODE_99213_length_2252_cov_4.849512	2030	2163	30	2	133	0.0150376
NODE_99213_length_2252_cov_4.849512	2030	2163	31	3	133	0.0225564
NODE_99326_length_2251_cov_2.850372	402	535	7	16	133	0.1203008
NODE_99326_length_2251_cov_2.850372	402	535	8	26	133	0.1954887
NODE_99326_length_2251_cov_2.850372	402	535	9	39	133	0.2932331
NODE_99326_length_2251_cov_2.850372	402	535	10	15	133	0.1127820
NODE_99326_length_2251_cov_2.850372	402	535	11	12	133	0.0902256
NODE_99326_length_2251_cov_2.850372	402	535	12	21	133	0.1578947
NODE_99326_length_2251_cov_2.850372	402	535	13	4	133	0.0300752
NODE_99345_length_2250_cov_4.726639	740	873	18	2	133	0.0150376
NODE_99345_length_2250_cov_4.726639	740	873	20	5	133	0.0375940
NODE_99345_length_2250_cov_4.726639	740	873	22	15	133	0.1127820
NODE_99345_length_2250_cov_4.726639	740	873	23	16	133	0.1203008
NODE_99345_length_2250_cov_4.726639	740	873	24	24	133	0.1804511
NODE_99345_length_2250_cov_4.726639	740	873	25	18	133	0.1353384
NODE_99345_length_2250_cov_4.726639	740	873	26	25	133	0.1879699
NODE_99345_length_2250_cov_4.726639	740	873	27	25	133	0.1879699
NODE_99345_length_2250_cov_4.726639	740	873	28	3	133	0.0225564
NODE_99447_length_2249_cov_3.140000	833	966	16	4	133	0.0300752
NODE_99447_length_2249_cov_3.140000	833	966	17	6	133	0.0451128
NODE_99447_length_2249_cov_3.140000	833	966	18	2	133	0.0150376
NODE_99447_length_2249_cov_3.140000	833	966	19	1	133	0.0075188
NODE_99447_length_2249_cov_3.140000	833	966	20	15	133	0.1127820
NODE_99447_length_2249_cov_3.140000	833	966	22	1	133	0.0075188
NODE_99447_length_2249_cov_3.140000	833	966	23	14	133	0.1052632
NODE_99447_length_2249_cov_3.140000	833	966	24	3	133	0.0225564
NODE_99447_length_2249_cov_3.140000	833	966	25	5	133	0.0375940
NODE_99447_length_2249_cov_3.140000	833	966	27	14	133	0.1052632
NODE_99447_length_2249_cov_3.140000	833	966	28	1	133	0.0075188
NODE_99447_length_2249_cov_3.140000	833	966	29	9	133	0.0676692
NODE_99447_length_2249_cov_3.140000	833	966	30	9	133	0.0676692
NODE_99447_length_2249_cov_3.140000	833	966	31	20	133	0.1503759
NODE_99447_length_2249_cov_3.140000	833	966	32	5	133	0.0375940
NODE_99447_length_2249_cov_3.140000	833	966	33	6	133	0.0451128
NODE_99447_length_2249_cov_3.140000	833	966	34	10	133	0.0751880
NODE_99447_length_2249_cov_3.140000	833	966	35	8	133	0.0601504
NODE_99455_length_2248_cov_4.987901	495	628	7	2	133	0.0150376
NODE_99455_length_2248_cov_4.987901	495	628	8	2	133	0.0150376
NODE_99455_length_2248_cov_4.987901	495	628	9	14	133	0.1052632
NODE_99455_length_2248_cov_4.987901	495	628	10	1	133	0.0075188
NODE_99455_length_2248_cov_4.987901	495	628	11	1	133	0.0075188
NODE_99455_length_2248_cov_4.987901	495	628	12	10	133	0.0751880
NODE_99455_length_2248_cov_4.987901	495	628	13	9	133	0.0676692
NODE_99455_length_2248_cov_4.987901	495	628	14	19	133	0.1428571
NODE_99455_length_2248_cov_4.987901	495	628	15	19	133	0.1428571
NODE_99455_length_2248_cov_4.987901	495	628	16	39	133	0.2932331
NODE_99455_length_2248_cov_4.987901	495	628	17	8	133	0.0601504
NODE_99455_length_2248_cov_4.987901	495	628	18	9	133	0.0676692
NODE_99458_length_2248_cov_4.813402	1124	1257	6	24	133	0.1804511
NODE_99458_length_2248_cov_4.813402	1124	1257	8	4	133	0.0300752
NODE_99458_length_2248_cov_4.813402	1124	1257	9	4	133	0.0300752
NODE_99458_length_2248_cov_4.813402	1124	1257	11	6	133	0.0451128
NODE_99458_length_2248_cov_4.813402	1124	1257	12	1	133	0.0075188
NODE_99458_length_2248_cov_4.813402	1124	1257	13	17	133	0.1278196
NODE_99458_length_2248_cov_4.813402	1124	1257	14	74	133	0.5563910
NODE_99458_length_2248_cov_4.813402	1124	1257	15	3	133	0.0225564
NODE_99464_length_2248_cov_4.518381	1187	1320	9	1	133	0.0075188
NODE_99464_length_2248_cov_4.518381	1187	1320	10	4	133	0.0300752
NODE_99464_length_2248_cov_4.518381	1187	1320	11	19	133	0.1428571
NODE_99464_length_2248_cov_4.518381	1187	1320	12	5	133	0.0375940
NODE_99464_length_2248_cov_4.518381	1187	1320	13	8	133	0.0601504
NODE_99464_length_2248_cov_4.518381	1187	1320	15	11	133	0.0827068
NODE_99464_length_2248_cov_4.518381	1187	1320	16	27	133	0.2030075
NODE_99464_length_2248_cov_4.518381	1187	1320	17	20	133	0.1503759
NODE_99464_length_2248_cov_4.518381	1187	1320	18	13	133	0.0977444
NODE_99464_length_2248_cov_4.518381	1187	1320	19	25	133	0.1879699
NODE_99515_length_2247_cov_5.114991	1977	2110	5	20	133	0.1503759
NODE_99515_length_2247_cov_5.114991	1977	2110	6	29	133	0.2180451
NODE_99515_length_2247_cov_5.114991	1977	2110	8	3	133	0.0225564
NODE_99515_length_2247_cov_5.114991	1977	2110	9	35	133	0.2631579
NODE_99515_length_2247_cov_5.114991	1977	2110	10	2	133	0.0150376
NODE_99515_length_2247_cov_5.114991	1977	2110	11	7	133	0.0526316
NODE_99515_length_2247_cov_5.114991	1977	2110	12	24	133	0.1804511
NODE_99515_length_2247_cov_5.114991	1977	2110	13	9	133	0.0676692
NODE_99515_length_2247_cov_5.114991	1977	2110	14	4	133	0.0300752
NODE_99532_length_2247_cov_4.354749	1469	1602	5	3	133	0.0225564
NODE_99532_length_2247_cov_4.354749	1469	1602	6	30	133	0.2255639
NODE_99532_length_2247_cov_4.354749	1469	1602	7	32	133	0.2406015
NODE_99532_length_2247_cov_4.354749	1469	1602	8	5	133	0.0375940
NODE_99532_length_2247_cov_4.354749	1469	1602	9	16	133	0.1203008
NODE_99532_length_2247_cov_4.354749	1469	1602	10	21	133	0.1578947
NODE_99532_length_2247_cov_4.354749	1469	1602	11	26	133	0.1954887
NODE_9961_length_7416_cov_9.832172	3827	3960	22	2	133	0.0150376
NODE_9961_length_7416_cov_9.832172	3827	3960	23	7	133	0.0526316
NODE_9961_length_7416_cov_9.832172	3827	3960	24	1	133	0.0075188
NODE_9961_length_7416_cov_9.832172	3827	3960	26	1	133	0.0075188
NODE_9961_length_7416_cov_9.832172	3827	3960	27	1	133	0.0075188
NODE_9961_length_7416_cov_9.832172	3827	3960	29	7	133	0.0526316
NODE_9961_length_7416_cov_9.832172	3827	3960	30	4	133	0.0300752
NODE_9961_length_7416_cov_9.832172	3827	3960	31	3	133	0.0225564
NODE_9961_length_7416_cov_9.832172	3827	3960	34	1	133	0.0075188
NODE_9961_length_7416_cov_9.832172	3827	3960	35	3	133	0.0225564
NODE_9961_length_7416_cov_9.832172	3827	3960	36	1	133	0.0075188
NODE_9961_length_7416_cov_9.832172	3827	3960	37	2	133	0.0150376
NODE_9961_length_7416_cov_9.832172	3827	3960	38	2	133	0.0150376
NODE_9961_length_7416_cov_9.832172	3827	3960	39	2	133	0.0150376
NODE_9961_length_7416_cov_9.832172	3827	3960	40	1	133	0.0075188
NODE_9961_length_7416_cov_9.832172	3827	3960	41	2	133	0.0150376
NODE_9961_length_7416_cov_9.832172	3827	3960	43	6	133	0.0451128
NODE_9961_length_7416_cov_9.832172	3827	3960	44	1	133	0.0075188
NODE_9961_length_7416_cov_9.832172	3827	3960	45	1	133	0.0075188
NODE_9961_length_7416_cov_9.832172	3827	3960	47	1	133	0.0075188
NODE_9961_length_7416_cov_9.832172	3827	3960	49	8	133	0.0601504
NODE_9961_length_7416_cov_9.832172	3827	3960	50	4	133	0.0300752
NODE_9961_length_7416_cov_9.832172	3827	3960	51	24	133	0.1804511
NODE_9961_length_7416_cov_9.832172	3827	3960	52	4	133	0.0300752
NODE_9961_length_7416_cov_9.832172	3827	3960	53	15	133	0.1127820
NODE_9961_length_7416_cov_9.832172	3827	3960	54	21	133	0.1578947
NODE_9961_length_7416_cov_9.832172	3827	3960	55	8	133	0.0601504
NODE_9963_length_7416_cov_4.337843	3104	3237	12	2	133	0.0150376
NODE_9963_length_7416_cov_4.337843	3104	3237	13	1	133	0.0075188
NODE_9963_length_7416_cov_4.337843	3104	3237	14	35	133	0.2631579
NODE_9963_length_7416_cov_4.337843	3104	3237	15	8	133	0.0601504
NODE_9963_length_7416_cov_4.337843	3104	3237	16	16	133	0.1203008
NODE_9963_length_7416_cov_4.337843	3104	3237	17	2	133	0.0150376
NODE_9963_length_7416_cov_4.337843	3104	3237	18	9	133	0.0676692
NODE_9963_length_7416_cov_4.337843	3104	3237	19	3	133	0.0225564
NODE_9963_length_7416_cov_4.337843	3104	3237	20	3	133	0.0225564
NODE_9963_length_7416_cov_4.337843	3104	3237	21	25	133	0.1879699
NODE_9963_length_7416_cov_4.337843	3104	3237	22	29	133	0.2180451
NODE_99800_length_2242_cov_4.521699	1475	1608	9	7	133	0.0526316
NODE_99800_length_2242_cov_4.521699	1475	1608	10	1	133	0.0075188
NODE_99800_length_2242_cov_4.521699	1475	1608	11	2	133	0.0150376
NODE_99800_length_2242_cov_4.521699	1475	1608	12	16	133	0.1203008
NODE_99800_length_2242_cov_4.521699	1475	1608	13	15	133	0.1127820
NODE_99800_length_2242_cov_4.521699	1475	1608	14	7	133	0.0526316
NODE_99800_length_2242_cov_4.521699	1475	1608	15	2	133	0.0150376
NODE_99800_length_2242_cov_4.521699	1475	1608	16	9	133	0.0676692
NODE_99800_length_2242_cov_4.521699	1475	1608	18	1	133	0.0075188
NODE_99800_length_2242_cov_4.521699	1475	1608	19	9	133	0.0676692
NODE_99800_length_2242_cov_4.521699	1475	1608	21	12	133	0.0902256
NODE_99800_length_2242_cov_4.521699	1475	1608	22	11	133	0.0827068
NODE_99800_length_2242_cov_4.521699	1475	1608	23	13	133	0.0977444
NODE_99800_length_2242_cov_4.521699	1475	1608	24	28	133	0.2105263
NODE_99890_length_2241_cov_3.735294	308	441	9	8	133	0.0601504
NODE_99890_length_2241_cov_3.735294	308	441	11	3	133	0.0225564
NODE_99890_length_2241_cov_3.735294	308	441	12	3	133	0.0225564
NODE_99890_length_2241_cov_3.735294	308	441	14	4	133	0.0300752
NODE_99890_length_2241_cov_3.735294	308	441	15	5	133	0.0375940
NODE_99890_length_2241_cov_3.735294	308	441	16	2	133	0.0150376
NODE_99890_length_2241_cov_3.735294	308	441	17	15	133	0.1127820
NODE_99890_length_2241_cov_3.735294	308	441	18	31	133	0.2330827
NODE_99890_length_2241_cov_3.735294	308	441	20	34	133	0.2556391
NODE_99890_length_2241_cov_3.735294	308	441	21	28	133	0.2105263
NODE_998_length_14904_cov_4.523877	12387	12520	10	6	133	0.0451128
NODE_998_length_14904_cov_4.523877	12387	12520	11	9	133	0.0676692
NODE_998_length_14904_cov_4.523877	12387	12520	12	1	133	0.0075188
NODE_998_length_14904_cov_4.523877	12387	12520	14	3	133	0.0225564
NODE_998_length_14904_cov_4.523877	12387	12520	15	19	133	0.1428571
NODE_998_length_14904_cov_4.523877	12387	12520	17	1	133	0.0075188
NODE_998_length_14904_cov_4.523877	12387	12520	18	1	133	0.0075188
NODE_998_length_14904_cov_4.523877	12387	12520	19	3	133	0.0225564
NODE_998_length_14904_cov_4.523877	12387	12520	20	8	133	0.0601504
NODE_998_length_14904_cov_4.523877	12387	12520	21	23	133	0.1729323
NODE_998_length_14904_cov_4.523877	12387	12520	22	25	133	0.1879699
NODE_998_length_14904_cov_4.523877	12387	12520	23	8	133	0.0601504
NODE_998_length_14904_cov_4.523877	12387	12520	24	26	133	0.1954887
NODE_99919_length_2240_cov_5.190098	698	831	18	10	133	0.0751880
NODE_99919_length_2240_cov_5.190098	698	831	19	5	133	0.0375940
NODE_99919_length_2240_cov_5.190098	698	831	20	28	133	0.2105263
NODE_99919_length_2240_cov_5.190098	698	831	21	9	133	0.0676692
NODE_99919_length_2240_cov_5.190098	698	831	22	15	133	0.1127820
NODE_99919_length_2240_cov_5.190098	698	831	23	4	133	0.0300752
NODE_99919_length_2240_cov_5.190098	698	831	24	20	133	0.1503759
NODE_99919_length_2240_cov_5.190098	698	831	25	17	133	0.1278196
NODE_99919_length_2240_cov_5.190098	698	831	26	14	133	0.1052632
NODE_99919_length_2240_cov_5.190098	698	831	27	11	133	0.0827068
NODE_999_length_14892_cov_4.893869	10619	10752	18	6	133	0.0451128
NODE_999_length_14892_cov_4.893869	10619	10752	19	3	133	0.0225564
NODE_999_length_14892_cov_4.893869	10619	10752	20	6	133	0.0451128
NODE_999_length_14892_cov_4.893869	10619	10752	21	17	133	0.1278196
NODE_999_length_14892_cov_4.893869	10619	10752	22	27	133	0.2030075
NODE_999_length_14892_cov_4.893869	10619	10752	23	4	133	0.0300752
NODE_999_length_14892_cov_4.893869	10619	10752	24	29	133	0.2180451
NODE_999_length_14892_cov_4.893869	10619	10752	25	16	133	0.1203008
NODE_999_length_14892_cov_4.893869	10619	10752	26	25	133	0.1879699
