all	0	15619	1219768	0.0128049
all	1	4638	1219768	0.0038024
all	2	6037	1219768	0.0049493
all	3	7280	1219768	0.0059683
all	4	9551	1219768	0.0078302
all	5	10469	1219768	0.0085828
all	6	11478	1219768	0.0094100
all	7	12277	1219768	0.0100650
all	8	14337	1219768	0.0117539
all	9	16067	1219768	0.0131722
all	10	16953	1219768	0.0138985
all	11	18112	1219768	0.0148487
all	12	18631	1219768	0.0152742
all	13	20531	1219768	0.0168319
all	14	19728	1219768	0.0161736
all	15	20947	1219768	0.0171729
all	16	21144	1219768	0.0173344
all	17	22530	1219768	0.0184707
all	18	23549	1219768	0.0193061
all	19	23989	1219768	0.0196669
all	20	23441	1219768	0.0192176
all	21	22697	1219768	0.0186076
all	22	23851	1219768	0.0195537
all	23	24055	1219768	0.0197210
all	24	24475	1219768	0.0200653
all	25	24608	1219768	0.0201743
all	26	22531	1219768	0.0184715
all	27	22850	1219768	0.0187331
all	28	23206	1219768	0.0190249
all	29	23046	1219768	0.0188938
all	30	23210	1219768	0.0190282
all	31	21992	1219768	0.0180297
all	32	21855	1219768	0.0179173
all	33	21089	1219768	0.0172894
all	34	20857	1219768	0.0170992
all	35	20425	1219768	0.0167450
all	36	20226	1219768	0.0165818
all	37	19446	1219768	0.0159424
all	38	19619	1219768	0.0160842
all	39	20016	1219768	0.0164097
all	40	19630	1219768	0.0160932
all	41	18509	1219768	0.0151742
all	42	17980	1219768	0.0147405
all	43	17440	1219768	0.0142978
all	44	16671	1219768	0.0136674
all	45	15934	1219768	0.0130631
all	46	14882	1219768	0.0122007
all	47	14587	1219768	0.0119588
all	48	12924	1219768	0.0105955
all	49	12534	1219768	0.0102757
all	50	12360	1219768	0.0101331
all	51	12939	1219768	0.0106078
all	52	11831	1219768	0.0096994
all	53	10911	1219768	0.0089451
all	54	11249	1219768	0.0092222
all	55	10462	1219768	0.0085770
all	56	9440	1219768	0.0077392
all	57	9224	1219768	0.0075621
all	58	9317	1219768	0.0076383
all	59	8674	1219768	0.0071112
all	60	8511	1219768	0.0069776
all	61	8008	1219768	0.0065652
all	62	7222	1219768	0.0059208
all	63	7426	1219768	0.0060880
all	64	7279	1219768	0.0059675
all	65	7060	1219768	0.0057880
all	66	6567	1219768	0.0053838
all	67	6083	1219768	0.0049870
all	68	5858	1219768	0.0048026
all	69	5694	1219768	0.0046681
all	70	5409	1219768	0.0044344
all	71	5092	1219768	0.0041746
all	72	4861	1219768	0.0039852
all	73	4581	1219768	0.0037556
all	74	4394	1219768	0.0036023
all	75	4274	1219768	0.0035039
all	76	3862	1219768	0.0031662
all	77	3749	1219768	0.0030735
all	78	3592	1219768	0.0029448
all	79	3435	1219768	0.0028161
all	80	3299	1219768	0.0027046
all	81	3166	1219768	0.0025956
all	82	3004	1219768	0.0024628
all	83	2946	1219768	0.0024152
all	84	2854	1219768	0.0023398
all	85	2560	1219768	0.0020988
all	86	2902	1219768	0.0023791
all	87	2369	1219768	0.0019422
all	88	2048	1219768	0.0016790
all	89	2159	1219768	0.0017700
all	90	2348	1219768	0.0019250
all	91	1951	1219768	0.0015995
all	92	2029	1219768	0.0016634
all	93	1787	1219768	0.0014650
all	94	1782	1219768	0.0014609
all	95	1841	1219768	0.0015093
all	96	1502	1219768	0.0012314
all	97	1479	1219768	0.0012125
all	98	1549	1219768	0.0012699
all	99	1268	1219768	0.0010395
all	100	1136	1219768	0.0009313
all	101	1168	1219768	0.0009576
all	102	1347	1219768	0.0011043
all	103	1249	1219768	0.0010240
all	104	1089	1219768	0.0008928
all	105	943	1219768	0.0007731
all	106	969	1219768	0.0007944
all	107	955	1219768	0.0007829
all	108	805	1219768	0.0006600
all	109	940	1219768	0.0007706
all	110	901	1219768	0.0007387
all	111	838	1219768	0.0006870
all	112	712	1219768	0.0005837
all	113	783	1219768	0.0006419
all	114	764	1219768	0.0006263
all	115	742	1219768	0.0006083
all	116	647	1219768	0.0005304
all	117	641	1219768	0.0005255
all	118	616	1219768	0.0005050
all	119	592	1219768	0.0004853
all	120	586	1219768	0.0004804
all	121	537	1219768	0.0004402
all	122	571	1219768	0.0004681
all	123	489	1219768	0.0004009
all	124	487	1219768	0.0003993
all	125	512	1219768	0.0004198
all	126	447	1219768	0.0003665
all	127	377	1219768	0.0003091
all	128	430	1219768	0.0003525
all	129	310	1219768	0.0002541
all	130	368	1219768	0.0003017
all	131	398	1219768	0.0003263
all	132	346	1219768	0.0002837
all	133	367	1219768	0.0003009
all	134	302	1219768	0.0002476
all	135	262	1219768	0.0002148
all	136	373	1219768	0.0003058
all	137	408	1219768	0.0003345
all	138	312	1219768	0.0002558
all	139	301	1219768	0.0002468
all	140	264	1219768	0.0002164
all	141	268	1219768	0.0002197
all	142	263	1219768	0.0002156
all	143	265	1219768	0.0002173
all	144	178	1219768	0.0001459
all	145	256	1219768	0.0002099
all	146	220	1219768	0.0001804
all	147	246	1219768	0.0002017
all	148	231	1219768	0.0001894
all	149	164	1219768	0.0001345
all	150	151	1219768	0.0001238
all	151	235	1219768	0.0001927
all	152	197	1219768	0.0001615
all	153	202	1219768	0.0001656
all	154	222	1219768	0.0001820
all	155	265	1219768	0.0002173
all	156	192	1219768	0.0001574
all	157	182	1219768	0.0001492
all	158	211	1219768	0.0001730
all	159	224	1219768	0.0001836
all	160	186	1219768	0.0001525
all	161	166	1219768	0.0001361
all	162	206	1219768	0.0001689
all	163	146	1219768	0.0001197
all	164	138	1219768	0.0001131
all	165	93	1219768	0.0000762
all	166	104	1219768	0.0000853
all	167	160	1219768	0.0001312
all	168	126	1219768	0.0001033
all	169	151	1219768	0.0001238
all	170	121	1219768	0.0000992
all	171	81	1219768	0.0000664
all	172	159	1219768	0.0001304
all	173	87	1219768	0.0000713
all	174	81	1219768	0.0000664
all	175	87	1219768	0.0000713
all	176	119	1219768	0.0000976
all	177	69	1219768	0.0000566
all	178	99	1219768	0.0000812
all	179	80	1219768	0.0000656
all	180	120	1219768	0.0000984
all	181	130	1219768	0.0001066
all	182	152	1219768	0.0001246
all	183	97	1219768	0.0000795
all	184	121	1219768	0.0000992
all	185	85	1219768	0.0000697
all	186	71	1219768	0.0000582
all	187	119	1219768	0.0000976
all	188	106	1219768	0.0000869
all	189	60	1219768	0.0000492
all	190	72	1219768	0.0000590
all	191	88	1219768	0.0000721
all	192	73	1219768	0.0000598
all	193	87	1219768	0.0000713
all	194	51	1219768	0.0000418
all	195	56	1219768	0.0000459
all	196	82	1219768	0.0000672
all	197	67	1219768	0.0000549
all	198	40	1219768	0.0000328
all	199	60	1219768	0.0000492
all	200	42	1219768	0.0000344
all	201	49	1219768	0.0000402
all	202	53	1219768	0.0000435
all	203	59	1219768	0.0000484
all	204	40	1219768	0.0000328
all	205	57	1219768	0.0000467
all	206	48	1219768	0.0000394
all	207	51	1219768	0.0000418
all	208	74	1219768	0.0000607
all	209	39	1219768	0.0000320
all	210	29	1219768	0.0000238
all	211	25	1219768	0.0000205
all	212	24	1219768	0.0000197
all	213	37	1219768	0.0000303
all	214	31	1219768	0.0000254
all	215	35	1219768	0.0000287
all	216	20	1219768	0.0000164
all	217	36	1219768	0.0000295
all	218	47	1219768	0.0000385
all	219	32	1219768	0.0000262
all	220	41	1219768	0.0000336
all	221	20	1219768	0.0000164
all	222	27	1219768	0.0000221
all	223	44	1219768	0.0000361
all	224	27	1219768	0.0000221
all	225	41	1219768	0.0000336
all	226	34	1219768	0.0000279
all	227	35	1219768	0.0000287
all	228	22	1219768	0.0000180
all	229	18	1219768	0.0000148
all	230	13	1219768	0.0000107
all	231	18	1219768	0.0000148
all	232	33	1219768	0.0000271
all	233	38	1219768	0.0000312
all	234	22	1219768	0.0000180
all	235	13	1219768	0.0000107
all	236	16	1219768	0.0000131
all	237	30	1219768	0.0000246
all	238	19	1219768	0.0000156
all	239	29	1219768	0.0000238
all	240	21	1219768	0.0000172
all	241	30	1219768	0.0000246
all	242	9	1219768	0.0000074
all	243	8	1219768	0.0000066
all	244	14	1219768	0.0000115
all	245	12	1219768	0.0000098
all	246	12	1219768	0.0000098
all	247	13	1219768	0.0000107
all	248	22	1219768	0.0000180
all	249	17	1219768	0.0000139
all	250	14	1219768	0.0000115
all	251	18	1219768	0.0000148
all	252	19	1219768	0.0000156
all	253	16	1219768	0.0000131
all	254	20	1219768	0.0000164
all	255	23	1219768	0.0000189
all	256	47	1219768	0.0000385
all	257	32	1219768	0.0000262
all	258	33	1219768	0.0000271
all	259	35	1219768	0.0000287
all	260	36	1219768	0.0000295
all	261	12	1219768	0.0000098
all	262	7	1219768	0.0000057
all	263	25	1219768	0.0000205
all	264	17	1219768	0.0000139
all	265	14	1219768	0.0000115
all	266	5	1219768	0.0000041
all	267	23	1219768	0.0000189
all	268	30	1219768	0.0000246
all	269	21	1219768	0.0000172
all	271	18	1219768	0.0000148
all	272	2	1219768	0.0000016
all	273	5	1219768	0.0000041
all	274	6	1219768	0.0000049
all	275	2	1219768	0.0000016
all	276	1	1219768	0.0000008
all	277	1	1219768	0.0000008
all	279	2	1219768	0.0000016
all	280	6	1219768	0.0000049
all	281	7	1219768	0.0000057
all	282	2	1219768	0.0000016
all	283	3	1219768	0.0000025
all	284	9	1219768	0.0000074
all	285	3	1219768	0.0000025
all	286	2	1219768	0.0000016
all	288	4	1219768	0.0000033
all	289	8	1219768	0.0000066
all	290	3	1219768	0.0000025
all	291	3	1219768	0.0000025
all	292	6	1219768	0.0000049
all	293	4	1219768	0.0000033
all	294	5	1219768	0.0000041
all	295	4	1219768	0.0000033
all	296	8	1219768	0.0000066
all	297	8	1219768	0.0000066
all	298	8	1219768	0.0000066
all	299	12	1219768	0.0000098
all	300	1	1219768	0.0000008
all	302	3	1219768	0.0000025
all	303	2	1219768	0.0000016
all	304	9	1219768	0.0000074
all	305	13	1219768	0.0000107
all	306	3	1219768	0.0000025
all	307	10	1219768	0.0000082
all	308	6	1219768	0.0000049
all	309	12	1219768	0.0000098
all	310	2	1219768	0.0000016
all	311	3	1219768	0.0000025
all	312	3	1219768	0.0000025
all	313	6	1219768	0.0000049
all	314	5	1219768	0.0000041
all	315	13	1219768	0.0000107
all	316	2	1219768	0.0000016
all	317	10	1219768	0.0000082
all	318	15	1219768	0.0000123
all	319	6	1219768	0.0000049
all	320	2	1219768	0.0000016
all	321	3	1219768	0.0000025
all	322	4	1219768	0.0000033
all	323	4	1219768	0.0000033
all	324	1	1219768	0.0000008
all	325	11	1219768	0.0000090
all	326	2	1219768	0.0000016
all	327	3	1219768	0.0000025
all	328	1	1219768	0.0000008
all	329	2	1219768	0.0000016
all	330	2	1219768	0.0000016
all	331	2	1219768	0.0000016
all	332	4	1219768	0.0000033
all	334	1	1219768	0.0000008
all	336	1	1219768	0.0000008
all	338	4	1219768	0.0000033
all	339	4	1219768	0.0000033
all	340	3	1219768	0.0000025
all	341	6	1219768	0.0000049
all	342	5	1219768	0.0000041
all	343	6	1219768	0.0000049
all	344	7	1219768	0.0000057
all	345	2	1219768	0.0000016
all	346	1	1219768	0.0000008
all	348	1	1219768	0.0000008
all	350	2	1219768	0.0000016
all	353	2	1219768	0.0000016
all	354	2	1219768	0.0000016
all	355	1	1219768	0.0000008
all	357	2	1219768	0.0000016
all	358	1	1219768	0.0000008
all	359	1	1219768	0.0000008
all	360	1	1219768	0.0000008
all	361	6	1219768	0.0000049
all	362	1	1219768	0.0000008
all	363	2	1219768	0.0000016
all	365	3	1219768	0.0000025
all	366	6	1219768	0.0000049
all	368	1	1219768	0.0000008
all	369	4	1219768	0.0000033
all	372	4	1219768	0.0000033
all	373	3	1219768	0.0000025
all	375	4	1219768	0.0000033
all	376	2	1219768	0.0000016
all	377	2	1219768	0.0000016
all	378	2	1219768	0.0000016
all	379	7	1219768	0.0000057
all	381	2	1219768	0.0000016
all	383	2	1219768	0.0000016
all	386	1	1219768	0.0000008
all	394	1	1219768	0.0000008
all	395	2	1219768	0.0000016
all	397	1	1219768	0.0000008
all	399	10	1219768	0.0000082
all	401	1	1219768	0.0000008
all	402	1	1219768	0.0000008
all	405	2	1219768	0.0000016
all	406	3	1219768	0.0000025
all	408	3	1219768	0.0000025
all	409	6	1219768	0.0000049
all	410	1	1219768	0.0000008
all	413	1	1219768	0.0000008
all	416	1	1219768	0.0000008
all	417	1	1219768	0.0000008
all	421	1	1219768	0.0000008
all	426	2	1219768	0.0000016
all	427	1	1219768	0.0000008
all	428	2	1219768	0.0000016
all	430	2	1219768	0.0000016
all	431	1	1219768	0.0000008
all	432	3	1219768	0.0000025
all	433	7	1219768	0.0000057
all	434	3	1219768	0.0000025
all	435	2	1219768	0.0000016
all	436	2	1219768	0.0000016
all	437	2	1219768	0.0000016
all	438	1	1219768	0.0000008
all	439	1	1219768	0.0000008
all	441	1	1219768	0.0000008
all	442	1	1219768	0.0000008
all	443	1	1219768	0.0000008
all	453	4	1219768	0.0000033
