all	0	12711	1219768	0.0104208
all	1	3177	1219768	0.0026046
all	2	4282	1219768	0.0035105
all	3	4910	1219768	0.0040254
all	4	6749	1219768	0.0055330
all	5	6523	1219768	0.0053477
all	6	7156	1219768	0.0058667
all	7	8614	1219768	0.0070620
all	8	10477	1219768	0.0085893
all	9	9620	1219768	0.0078867
all	10	11449	1219768	0.0093862
all	11	12672	1219768	0.0103889
all	12	13057	1219768	0.0107045
all	13	14309	1219768	0.0117309
all	14	14805	1219768	0.0121376
all	15	15440	1219768	0.0126581
all	16	16363	1219768	0.0134148
all	17	17334	1219768	0.0142109
all	18	17713	1219768	0.0145216
all	19	17781	1219768	0.0145774
all	20	18234	1219768	0.0149487
all	21	17712	1219768	0.0145208
all	22	18654	1219768	0.0152931
all	23	18748	1219768	0.0153701
all	24	18207	1219768	0.0149266
all	25	18856	1219768	0.0154587
all	26	18703	1219768	0.0153332
all	27	19113	1219768	0.0156694
all	28	19886	1219768	0.0163031
all	29	19502	1219768	0.0159883
all	30	18474	1219768	0.0151455
all	31	18681	1219768	0.0153152
all	32	19226	1219768	0.0157620
all	33	19288	1219768	0.0158128
all	34	18137	1219768	0.0148692
all	35	18665	1219768	0.0153021
all	36	18437	1219768	0.0151152
all	37	18096	1219768	0.0148356
all	38	18100	1219768	0.0148389
all	39	16587	1219768	0.0135985
all	40	16838	1219768	0.0138043
all	41	16500	1219768	0.0135272
all	42	16350	1219768	0.0134042
all	43	15908	1219768	0.0130418
all	44	16295	1219768	0.0133591
all	45	16054	1219768	0.0131615
all	46	15780	1219768	0.0129369
all	47	14557	1219768	0.0119342
all	48	15077	1219768	0.0123605
all	49	14263	1219768	0.0116932
all	50	14182	1219768	0.0116268
all	51	13232	1219768	0.0108480
all	52	12901	1219768	0.0105766
all	53	12795	1219768	0.0104897
all	54	11812	1219768	0.0096838
all	55	12196	1219768	0.0099986
all	56	11233	1219768	0.0092091
all	57	11179	1219768	0.0091649
all	58	11310	1219768	0.0092723
all	59	10702	1219768	0.0087738
all	60	11119	1219768	0.0091157
all	61	10812	1219768	0.0088640
all	62	10116	1219768	0.0082934
all	63	9506	1219768	0.0077933
all	64	9462	1219768	0.0077572
all	65	9304	1219768	0.0076277
all	66	9007	1219768	0.0073842
all	67	8718	1219768	0.0071473
all	68	8559	1219768	0.0070169
all	69	8353	1219768	0.0068480
all	70	7449	1219768	0.0061069
all	71	7674	1219768	0.0062914
all	72	7538	1219768	0.0061799
all	73	7213	1219768	0.0059134
all	74	6571	1219768	0.0053871
all	75	6817	1219768	0.0055888
all	76	6394	1219768	0.0052420
all	77	6119	1219768	0.0050165
all	78	5871	1219768	0.0048132
all	79	5885	1219768	0.0048247
all	80	5623	1219768	0.0046099
all	81	5669	1219768	0.0046476
all	82	5062	1219768	0.0041500
all	83	5179	1219768	0.0042459
all	84	4861	1219768	0.0039852
all	85	4245	1219768	0.0034802
all	86	4550	1219768	0.0037302
all	87	4288	1219768	0.0035154
all	88	4334	1219768	0.0035531
all	89	3832	1219768	0.0031416
all	90	3986	1219768	0.0032678
all	91	3429	1219768	0.0028112
all	92	3883	1219768	0.0031834
all	93	3164	1219768	0.0025939
all	94	3440	1219768	0.0028202
all	95	3433	1219768	0.0028145
all	96	3198	1219768	0.0026218
all	97	2929	1219768	0.0024013
all	98	2961	1219768	0.0024275
all	99	2997	1219768	0.0024570
all	100	2704	1219768	0.0022168
all	101	2629	1219768	0.0021553
all	102	2542	1219768	0.0020840
all	103	2646	1219768	0.0021693
all	104	2596	1219768	0.0021283
all	105	2174	1219768	0.0017823
all	106	2298	1219768	0.0018840
all	107	2131	1219768	0.0017471
all	108	2505	1219768	0.0020537
all	109	1946	1219768	0.0015954
all	110	2141	1219768	0.0017553
all	111	1947	1219768	0.0015962
all	112	2000	1219768	0.0016397
all	113	1916	1219768	0.0015708
all	114	1821	1219768	0.0014929
all	115	1604	1219768	0.0013150
all	116	1668	1219768	0.0013675
all	117	1842	1219768	0.0015101
all	118	1491	1219768	0.0012224
all	119	1285	1219768	0.0010535
all	120	1276	1219768	0.0010461
all	121	1330	1219768	0.0010904
all	122	1346	1219768	0.0011035
all	123	1247	1219768	0.0010223
all	124	1424	1219768	0.0011674
all	125	1148	1219768	0.0009412
all	126	1171	1219768	0.0009600
all	127	1158	1219768	0.0009494
all	128	1109	1219768	0.0009092
all	129	1077	1219768	0.0008830
all	130	1055	1219768	0.0008649
all	131	1130	1219768	0.0009264
all	132	945	1219768	0.0007747
all	133	826	1219768	0.0006772
all	134	879	1219768	0.0007206
all	135	832	1219768	0.0006821
all	136	843	1219768	0.0006911
all	137	753	1219768	0.0006173
all	138	870	1219768	0.0007133
all	139	840	1219768	0.0006887
all	140	917	1219768	0.0007518
all	141	838	1219768	0.0006870
all	142	820	1219768	0.0006723
all	143	743	1219768	0.0006091
all	144	811	1219768	0.0006649
all	145	647	1219768	0.0005304
all	146	714	1219768	0.0005854
all	147	629	1219768	0.0005157
all	148	737	1219768	0.0006042
all	149	686	1219768	0.0005624
all	150	572	1219768	0.0004689
all	151	611	1219768	0.0005009
all	152	561	1219768	0.0004599
all	153	602	1219768	0.0004935
all	154	720	1219768	0.0005903
all	155	543	1219768	0.0004452
all	156	499	1219768	0.0004091
all	157	567	1219768	0.0004648
all	158	567	1219768	0.0004648
all	159	558	1219768	0.0004575
all	160	447	1219768	0.0003665
all	161	465	1219768	0.0003812
all	162	560	1219768	0.0004591
all	163	487	1219768	0.0003993
all	164	433	1219768	0.0003550
all	165	397	1219768	0.0003255
all	166	455	1219768	0.0003730
all	167	502	1219768	0.0004116
all	168	286	1219768	0.0002345
all	169	393	1219768	0.0003222
all	170	380	1219768	0.0003115
all	171	423	1219768	0.0003468
all	172	376	1219768	0.0003083
all	173	290	1219768	0.0002378
all	174	361	1219768	0.0002960
all	175	286	1219768	0.0002345
all	176	390	1219768	0.0003197
all	177	342	1219768	0.0002804
all	178	326	1219768	0.0002673
all	179	339	1219768	0.0002779
all	180	266	1219768	0.0002181
all	181	283	1219768	0.0002320
all	182	271	1219768	0.0002222
all	183	293	1219768	0.0002402
all	184	226	1219768	0.0001853
all	185	205	1219768	0.0001681
all	186	254	1219768	0.0002082
all	187	238	1219768	0.0001951
all	188	261	1219768	0.0002140
all	189	259	1219768	0.0002123
all	190	181	1219768	0.0001484
all	191	216	1219768	0.0001771
all	192	169	1219768	0.0001386
all	193	137	1219768	0.0001123
all	194	154	1219768	0.0001263
all	195	143	1219768	0.0001172
all	196	115	1219768	0.0000943
all	197	174	1219768	0.0001427
all	198	177	1219768	0.0001451
all	199	129	1219768	0.0001058
all	200	135	1219768	0.0001107
all	201	206	1219768	0.0001689
all	202	160	1219768	0.0001312
all	203	133	1219768	0.0001090
all	204	109	1219768	0.0000894
all	205	113	1219768	0.0000926
all	206	119	1219768	0.0000976
all	207	82	1219768	0.0000672
all	208	92	1219768	0.0000754
all	209	138	1219768	0.0001131
all	210	141	1219768	0.0001156
all	211	112	1219768	0.0000918
all	212	121	1219768	0.0000992
all	213	122	1219768	0.0001000
all	214	128	1219768	0.0001049
all	215	141	1219768	0.0001156
all	216	172	1219768	0.0001410
all	217	110	1219768	0.0000902
all	218	115	1219768	0.0000943
all	219	120	1219768	0.0000984
all	220	78	1219768	0.0000639
all	221	147	1219768	0.0001205
all	222	141	1219768	0.0001156
all	223	133	1219768	0.0001090
all	224	136	1219768	0.0001115
all	225	111	1219768	0.0000910
all	226	120	1219768	0.0000984
all	227	127	1219768	0.0001041
all	228	101	1219768	0.0000828
all	229	76	1219768	0.0000623
all	230	140	1219768	0.0001148
all	231	93	1219768	0.0000762
all	232	136	1219768	0.0001115
all	233	142	1219768	0.0001164
all	234	87	1219768	0.0000713
all	235	86	1219768	0.0000705
all	236	84	1219768	0.0000689
all	237	58	1219768	0.0000476
all	238	83	1219768	0.0000680
all	239	89	1219768	0.0000730
all	240	91	1219768	0.0000746
all	241	94	1219768	0.0000771
all	242	62	1219768	0.0000508
all	243	75	1219768	0.0000615
all	244	85	1219768	0.0000697
all	245	77	1219768	0.0000631
all	246	95	1219768	0.0000779
all	247	86	1219768	0.0000705
all	248	72	1219768	0.0000590
all	249	89	1219768	0.0000730
all	250	72	1219768	0.0000590
all	251	52	1219768	0.0000426
all	252	62	1219768	0.0000508
all	253	94	1219768	0.0000771
all	254	62	1219768	0.0000508
all	255	68	1219768	0.0000557
all	256	76	1219768	0.0000623
all	257	34	1219768	0.0000279
all	258	73	1219768	0.0000598
all	259	82	1219768	0.0000672
all	260	105	1219768	0.0000861
all	261	58	1219768	0.0000476
all	262	95	1219768	0.0000779
all	263	79	1219768	0.0000648
all	264	41	1219768	0.0000336
all	265	60	1219768	0.0000492
all	266	63	1219768	0.0000516
all	267	100	1219768	0.0000820
all	268	68	1219768	0.0000557
all	269	55	1219768	0.0000451
all	270	54	1219768	0.0000443
all	271	89	1219768	0.0000730
all	272	40	1219768	0.0000328
all	273	49	1219768	0.0000402
all	274	54	1219768	0.0000443
all	275	72	1219768	0.0000590
all	276	68	1219768	0.0000557
all	277	77	1219768	0.0000631
all	278	102	1219768	0.0000836
all	279	58	1219768	0.0000476
all	280	68	1219768	0.0000557
all	281	57	1219768	0.0000467
all	282	86	1219768	0.0000705
all	283	51	1219768	0.0000418
all	284	40	1219768	0.0000328
all	285	54	1219768	0.0000443
all	286	34	1219768	0.0000279
all	287	53	1219768	0.0000435
all	288	46	1219768	0.0000377
all	289	39	1219768	0.0000320
all	290	51	1219768	0.0000418
all	291	49	1219768	0.0000402
all	292	27	1219768	0.0000221
all	293	69	1219768	0.0000566
all	294	46	1219768	0.0000377
all	295	60	1219768	0.0000492
all	296	48	1219768	0.0000394
all	297	45	1219768	0.0000369
all	298	88	1219768	0.0000721
all	299	49	1219768	0.0000402
all	300	88	1219768	0.0000721
all	301	38	1219768	0.0000312
all	302	47	1219768	0.0000385
all	303	40	1219768	0.0000328
all	304	33	1219768	0.0000271
all	305	36	1219768	0.0000295
all	306	33	1219768	0.0000271
all	307	27	1219768	0.0000221
all	308	20	1219768	0.0000164
all	309	57	1219768	0.0000467
all	310	30	1219768	0.0000246
all	311	30	1219768	0.0000246
all	312	24	1219768	0.0000197
all	313	34	1219768	0.0000279
all	314	25	1219768	0.0000205
all	315	25	1219768	0.0000205
all	316	24	1219768	0.0000197
all	317	23	1219768	0.0000189
all	318	30	1219768	0.0000246
all	319	19	1219768	0.0000156
all	320	29	1219768	0.0000238
all	321	20	1219768	0.0000164
all	322	19	1219768	0.0000156
all	323	29	1219768	0.0000238
all	324	41	1219768	0.0000336
all	325	46	1219768	0.0000377
all	326	36	1219768	0.0000295
all	327	35	1219768	0.0000287
all	328	13	1219768	0.0000107
all	329	28	1219768	0.0000230
all	330	41	1219768	0.0000336
all	331	9	1219768	0.0000074
all	332	61	1219768	0.0000500
all	333	25	1219768	0.0000205
all	334	16	1219768	0.0000131
all	335	16	1219768	0.0000131
all	336	22	1219768	0.0000180
all	337	3	1219768	0.0000025
all	338	14	1219768	0.0000115
all	339	19	1219768	0.0000156
all	340	29	1219768	0.0000238
all	341	20	1219768	0.0000164
all	342	30	1219768	0.0000246
all	343	10	1219768	0.0000082
all	344	16	1219768	0.0000131
all	345	22	1219768	0.0000180
all	346	4	1219768	0.0000033
all	347	28	1219768	0.0000230
all	348	17	1219768	0.0000139
all	349	19	1219768	0.0000156
all	350	23	1219768	0.0000189
all	351	19	1219768	0.0000156
all	352	11	1219768	0.0000090
all	353	9	1219768	0.0000074
all	354	15	1219768	0.0000123
all	355	21	1219768	0.0000172
all	356	18	1219768	0.0000148
all	357	17	1219768	0.0000139
all	358	43	1219768	0.0000353
all	359	41	1219768	0.0000336
all	360	20	1219768	0.0000164
all	361	9	1219768	0.0000074
all	362	9	1219768	0.0000074
all	363	19	1219768	0.0000156
all	364	9	1219768	0.0000074
all	365	16	1219768	0.0000131
all	366	11	1219768	0.0000090
all	367	7	1219768	0.0000057
all	368	25	1219768	0.0000205
all	369	19	1219768	0.0000156
all	370	8	1219768	0.0000066
all	371	17	1219768	0.0000139
all	372	16	1219768	0.0000131
all	373	27	1219768	0.0000221
all	374	14	1219768	0.0000115
all	375	13	1219768	0.0000107
all	376	8	1219768	0.0000066
all	377	9	1219768	0.0000074
all	378	22	1219768	0.0000180
all	379	10	1219768	0.0000082
all	380	22	1219768	0.0000180
all	381	9	1219768	0.0000074
all	382	9	1219768	0.0000074
all	383	12	1219768	0.0000098
all	384	14	1219768	0.0000115
all	385	22	1219768	0.0000180
all	386	23	1219768	0.0000189
all	387	20	1219768	0.0000164
all	388	12	1219768	0.0000098
all	389	23	1219768	0.0000189
all	390	13	1219768	0.0000107
all	391	22	1219768	0.0000180
all	392	3	1219768	0.0000025
all	393	8	1219768	0.0000066
all	394	4	1219768	0.0000033
all	395	4	1219768	0.0000033
all	396	6	1219768	0.0000049
all	397	11	1219768	0.0000090
all	398	21	1219768	0.0000172
all	399	9	1219768	0.0000074
all	400	9	1219768	0.0000074
all	401	21	1219768	0.0000172
all	402	13	1219768	0.0000107
all	403	8	1219768	0.0000066
all	404	4	1219768	0.0000033
all	405	6	1219768	0.0000049
all	406	5	1219768	0.0000041
all	407	8	1219768	0.0000066
all	408	26	1219768	0.0000213
all	409	17	1219768	0.0000139
all	410	9	1219768	0.0000074
all	411	2	1219768	0.0000016
all	412	6	1219768	0.0000049
all	413	15	1219768	0.0000123
all	414	9	1219768	0.0000074
all	415	18	1219768	0.0000148
all	417	7	1219768	0.0000057
all	418	4	1219768	0.0000033
all	419	3	1219768	0.0000025
all	420	19	1219768	0.0000156
all	421	3	1219768	0.0000025
all	422	3	1219768	0.0000025
all	423	7	1219768	0.0000057
all	424	18	1219768	0.0000148
all	425	7	1219768	0.0000057
all	426	13	1219768	0.0000107
all	427	1	1219768	0.0000008
all	428	3	1219768	0.0000025
all	429	9	1219768	0.0000074
all	430	4	1219768	0.0000033
all	431	1	1219768	0.0000008
all	432	3	1219768	0.0000025
all	433	4	1219768	0.0000033
all	434	10	1219768	0.0000082
all	435	7	1219768	0.0000057
all	436	5	1219768	0.0000041
all	437	5	1219768	0.0000041
all	438	2	1219768	0.0000016
all	439	5	1219768	0.0000041
all	440	12	1219768	0.0000098
all	441	5	1219768	0.0000041
all	442	4	1219768	0.0000033
all	443	5	1219768	0.0000041
all	444	8	1219768	0.0000066
all	445	5	1219768	0.0000041
all	446	4	1219768	0.0000033
all	447	10	1219768	0.0000082
all	448	2	1219768	0.0000016
all	449	4	1219768	0.0000033
all	450	11	1219768	0.0000090
all	451	28	1219768	0.0000230
all	452	3	1219768	0.0000025
all	453	4	1219768	0.0000033
all	454	4	1219768	0.0000033
all	455	4	1219768	0.0000033
all	456	4	1219768	0.0000033
all	457	6	1219768	0.0000049
all	458	7	1219768	0.0000057
all	459	11	1219768	0.0000090
all	460	15	1219768	0.0000123
all	461	3	1219768	0.0000025
all	462	1	1219768	0.0000008
all	463	2	1219768	0.0000016
all	464	7	1219768	0.0000057
all	465	12	1219768	0.0000098
all	466	15	1219768	0.0000123
all	467	1	1219768	0.0000008
all	468	5	1219768	0.0000041
all	469	2	1219768	0.0000016
all	470	1	1219768	0.0000008
all	471	2	1219768	0.0000016
all	472	15	1219768	0.0000123
all	473	5	1219768	0.0000041
all	474	5	1219768	0.0000041
all	475	6	1219768	0.0000049
all	476	6	1219768	0.0000049
all	478	2	1219768	0.0000016
all	479	9	1219768	0.0000074
all	480	6	1219768	0.0000049
all	481	5	1219768	0.0000041
all	482	5	1219768	0.0000041
all	483	1	1219768	0.0000008
all	484	2	1219768	0.0000016
all	485	5	1219768	0.0000041
all	486	8	1219768	0.0000066
all	487	3	1219768	0.0000025
all	488	3	1219768	0.0000025
all	489	12	1219768	0.0000098
all	490	11	1219768	0.0000090
all	491	6	1219768	0.0000049
all	492	5	1219768	0.0000041
all	493	2	1219768	0.0000016
all	494	4	1219768	0.0000033
all	496	8	1219768	0.0000066
all	497	4	1219768	0.0000033
all	498	4	1219768	0.0000033
all	499	6	1219768	0.0000049
all	500	7	1219768	0.0000057
all	501	2	1219768	0.0000016
all	502	6	1219768	0.0000049
all	503	2	1219768	0.0000016
all	504	6	1219768	0.0000049
all	505	7	1219768	0.0000057
all	506	2	1219768	0.0000016
all	507	4	1219768	0.0000033
all	508	10	1219768	0.0000082
all	509	1	1219768	0.0000008
all	510	1	1219768	0.0000008
all	511	10	1219768	0.0000082
all	512	3	1219768	0.0000025
all	513	10	1219768	0.0000082
all	514	2	1219768	0.0000016
all	515	14	1219768	0.0000115
all	516	15	1219768	0.0000123
all	517	7	1219768	0.0000057
all	518	5	1219768	0.0000041
all	519	4	1219768	0.0000033
all	520	6	1219768	0.0000049
all	521	5	1219768	0.0000041
all	522	1	1219768	0.0000008
all	523	1	1219768	0.0000008
all	525	1	1219768	0.0000008
all	526	1	1219768	0.0000008
all	527	5	1219768	0.0000041
all	528	3	1219768	0.0000025
all	529	3	1219768	0.0000025
all	530	3	1219768	0.0000025
all	531	3	1219768	0.0000025
all	532	6	1219768	0.0000049
all	533	1	1219768	0.0000008
all	535	1	1219768	0.0000008
all	536	1	1219768	0.0000008
all	537	1	1219768	0.0000008
all	539	1	1219768	0.0000008
all	540	2	1219768	0.0000016
all	541	1	1219768	0.0000008
all	542	8	1219768	0.0000066
all	543	2	1219768	0.0000016
all	544	5	1219768	0.0000041
all	545	6	1219768	0.0000049
all	546	4	1219768	0.0000033
all	547	3	1219768	0.0000025
all	548	1	1219768	0.0000008
all	550	11	1219768	0.0000090
all	552	7	1219768	0.0000057
all	553	3	1219768	0.0000025
all	554	2	1219768	0.0000016
all	555	5	1219768	0.0000041
all	556	5	1219768	0.0000041
all	558	1	1219768	0.0000008
all	560	6	1219768	0.0000049
all	561	1	1219768	0.0000008
all	562	6	1219768	0.0000049
all	563	5	1219768	0.0000041
all	564	9	1219768	0.0000074
all	565	2	1219768	0.0000016
all	566	2	1219768	0.0000016
all	568	1	1219768	0.0000008
all	570	6	1219768	0.0000049
all	571	5	1219768	0.0000041
all	572	2	1219768	0.0000016
all	578	1	1219768	0.0000008
all	579	1	1219768	0.0000008
all	583	1	1219768	0.0000008
all	588	2	1219768	0.0000016
all	592	1	1219768	0.0000008
all	593	1	1219768	0.0000008
all	594	1	1219768	0.0000008
all	597	1	1219768	0.0000008
all	599	2	1219768	0.0000016
all	601	5	1219768	0.0000041
all	602	3	1219768	0.0000025
all	603	4	1219768	0.0000033
all	606	1	1219768	0.0000008
all	607	3	1219768	0.0000025
all	608	1	1219768	0.0000008
all	609	1	1219768	0.0000008
all	610	2	1219768	0.0000016
all	611	3	1219768	0.0000025
all	612	2	1219768	0.0000016
all	613	1	1219768	0.0000008
all	616	2	1219768	0.0000016
all	617	2	1219768	0.0000016
all	618	3	1219768	0.0000025
all	619	1	1219768	0.0000008
all	620	1	1219768	0.0000008
all	622	1	1219768	0.0000008
all	623	1	1219768	0.0000008
all	625	1	1219768	0.0000008
all	628	2	1219768	0.0000016
all	629	5	1219768	0.0000041
all	630	1	1219768	0.0000008
all	633	4	1219768	0.0000033
all	634	3	1219768	0.0000025
all	635	1	1219768	0.0000008
all	636	1	1219768	0.0000008
all	637	4	1219768	0.0000033
all	638	3	1219768	0.0000025
all	639	4	1219768	0.0000033
all	640	1	1219768	0.0000008
all	641	2	1219768	0.0000016
all	642	3	1219768	0.0000025
all	643	2	1219768	0.0000016
all	647	2	1219768	0.0000016
all	648	1	1219768	0.0000008
all	649	1	1219768	0.0000008
all	650	2	1219768	0.0000016
all	651	2	1219768	0.0000016
all	655	4	1219768	0.0000033
all	656	3	1219768	0.0000025
all	657	1	1219768	0.0000008
all	658	1	1219768	0.0000008
all	659	2	1219768	0.0000016
all	660	3	1219768	0.0000025
all	662	1	1219768	0.0000008
all	663	1	1219768	0.0000008
all	670	1	1219768	0.0000008
all	671	1	1219768	0.0000008
all	673	1	1219768	0.0000008
all	697	1	1219768	0.0000008
all	700	1	1219768	0.0000008
all	712	1	1219768	0.0000008
all	723	1	1219768	0.0000008
all	732	1	1219768	0.0000008
all	743	2	1219768	0.0000016
all	747	1	1219768	0.0000008
all	766	1	1219768	0.0000008
all	771	1	1219768	0.0000008
all	776	2	1219768	0.0000016
all	777	4	1219768	0.0000033
all	778	2	1219768	0.0000016
all	779	1	1219768	0.0000008
all	784	2	1219768	0.0000016
all	828	1	1219768	0.0000008
all	848	1	1219768	0.0000008
all	851	3	1219768	0.0000025
all	852	2	1219768	0.0000016
all	854	11	1219768	0.0000090
all	855	4	1219768	0.0000033
all	856	1	1219768	0.0000008
all	857	1	1219768	0.0000008
all	858	2	1219768	0.0000016
all	860	2	1219768	0.0000016
all	865	7	1219768	0.0000057
all	874	5	1219768	0.0000041
all	876	4	1219768	0.0000033
all	877	3	1219768	0.0000025
all	878	1	1219768	0.0000008
all	888	2	1219768	0.0000016
all	891	1	1219768	0.0000008
all	896	4	1219768	0.0000033
all	905	1	1219768	0.0000008
all	907	1	1219768	0.0000008
all	947	3	1219768	0.0000025
all	948	3	1219768	0.0000025
all	949	1	1219768	0.0000008
all	951	1	1219768	0.0000008
all	952	1	1219768	0.0000008
all	982	1	1219768	0.0000008
all	984	1	1219768	0.0000008
all	985	1	1219768	0.0000008
all	987	1	1219768	0.0000008
all	988	2	1219768	0.0000016
all	1016	1	1219768	0.0000008
all	1018	1	1219768	0.0000008
all	1020	1	1219768	0.0000008
all	1022	1	1219768	0.0000008
all	1023	1	1219768	0.0000008
all	1033	1	1219768	0.0000008
all	1034	6	1219768	0.0000049
all	1037	1	1219768	0.0000008
all	1040	1	1219768	0.0000008
all	1041	2	1219768	0.0000016
all	1056	2	1219768	0.0000016
all	1057	1	1219768	0.0000008
all	1069	1	1219768	0.0000008
all	1070	1	1219768	0.0000008
all	1072	1	1219768	0.0000008
