all	0	81359	1219768	0.0667004
all	1	15846	1219768	0.0129910
all	2	40193	1219768	0.0329513
all	3	22736	1219768	0.0186396
all	4	34071	1219768	0.0279324
all	5	29266	1219768	0.0239931
all	6	34374	1219768	0.0281808
all	7	30306	1219768	0.0248457
all	8	31592	1219768	0.0259000
all	9	29176	1219768	0.0239193
all	10	30362	1219768	0.0248916
all	11	29204	1219768	0.0239423
all	12	28828	1219768	0.0236340
all	13	28074	1219768	0.0230159
all	14	27713	1219768	0.0227199
all	15	28042	1219768	0.0229896
all	16	27106	1219768	0.0222223
all	17	26167	1219768	0.0214524
all	18	25697	1219768	0.0210671
all	19	25703	1219768	0.0210720
all	20	24264	1219768	0.0198923
all	21	22568	1219768	0.0185019
all	22	23010	1219768	0.0188642
all	23	21043	1219768	0.0172516
all	24	19365	1219768	0.0158760
all	25	18482	1219768	0.0151521
all	26	18285	1219768	0.0149906
all	27	17074	1219768	0.0139977
all	28	17881	1219768	0.0146593
all	29	16410	1219768	0.0134534
all	30	15457	1219768	0.0126721
all	31	14111	1219768	0.0115686
all	32	14509	1219768	0.0118949
all	33	13741	1219768	0.0112653
all	34	13419	1219768	0.0110013
all	35	12742	1219768	0.0104462
all	36	12495	1219768	0.0102438
all	37	12684	1219768	0.0103987
all	38	10628	1219768	0.0087131
all	39	10584	1219768	0.0086771
all	40	10960	1219768	0.0089853
all	41	9685	1219768	0.0079400
all	42	9717	1219768	0.0079663
all	43	9338	1219768	0.0076556
all	44	8290	1219768	0.0067964
all	45	8267	1219768	0.0067775
all	46	8148	1219768	0.0066800
all	47	8018	1219768	0.0065734
all	48	6943	1219768	0.0056921
all	49	7731	1219768	0.0063381
all	50	7150	1219768	0.0058618
all	51	6745	1219768	0.0055297
all	52	6421	1219768	0.0052641
all	53	6577	1219768	0.0053920
all	54	6007	1219768	0.0049247
all	55	5350	1219768	0.0043861
all	56	5046	1219768	0.0041369
all	57	5122	1219768	0.0041992
all	58	4585	1219768	0.0037589
all	59	4679	1219768	0.0038360
all	60	4171	1219768	0.0034195
all	61	4232	1219768	0.0034695
all	62	4005	1219768	0.0032834
all	63	3543	1219768	0.0029047
all	64	3378	1219768	0.0027694
all	65	3543	1219768	0.0029047
all	66	3611	1219768	0.0029604
all	67	2771	1219768	0.0022717
all	68	2768	1219768	0.0022693
all	69	3141	1219768	0.0025751
all	70	2619	1219768	0.0021471
all	71	2509	1219768	0.0020569
all	72	2562	1219768	0.0021004
all	73	2714	1219768	0.0022250
all	74	2410	1219768	0.0019758
all	75	2819	1219768	0.0023111
all	76	2216	1219768	0.0018167
all	77	1920	1219768	0.0015741
all	78	2009	1219768	0.0016470
all	79	2018	1219768	0.0016544
all	80	1831	1219768	0.0015011
all	81	1854	1219768	0.0015200
all	82	1447	1219768	0.0011863
all	83	1429	1219768	0.0011715
all	84	1622	1219768	0.0013298
all	85	1270	1219768	0.0010412
all	86	1385	1219768	0.0011355
all	87	1302	1219768	0.0010674
all	88	1212	1219768	0.0009936
all	89	1294	1219768	0.0010609
all	90	1031	1219768	0.0008452
all	91	1262	1219768	0.0010346
all	92	1071	1219768	0.0008780
all	93	1149	1219768	0.0009420
all	94	1214	1219768	0.0009953
all	95	1100	1219768	0.0009018
all	96	1169	1219768	0.0009584
all	97	1104	1219768	0.0009051
all	98	876	1219768	0.0007182
all	99	824	1219768	0.0006755
all	100	828	1219768	0.0006788
all	101	718	1219768	0.0005886
all	102	844	1219768	0.0006919
all	103	636	1219768	0.0005214
all	104	670	1219768	0.0005493
all	105	740	1219768	0.0006067
all	106	573	1219768	0.0004698
all	107	583	1219768	0.0004780
all	108	599	1219768	0.0004911
all	109	685	1219768	0.0005616
all	110	499	1219768	0.0004091
all	111	538	1219768	0.0004411
all	112	604	1219768	0.0004952
all	113	586	1219768	0.0004804
all	114	588	1219768	0.0004821
all	115	505	1219768	0.0004140
all	116	713	1219768	0.0005845
all	117	553	1219768	0.0004534
all	118	517	1219768	0.0004239
all	119	542	1219768	0.0004443
all	120	462	1219768	0.0003788
all	121	485	1219768	0.0003976
all	122	540	1219768	0.0004427
all	123	336	1219768	0.0002755
all	124	494	1219768	0.0004050
all	125	424	1219768	0.0003476
all	126	351	1219768	0.0002878
all	127	418	1219768	0.0003427
all	128	362	1219768	0.0002968
all	129	330	1219768	0.0002705
all	130	469	1219768	0.0003845
all	131	449	1219768	0.0003681
all	132	283	1219768	0.0002320
all	133	383	1219768	0.0003140
all	134	244	1219768	0.0002000
all	135	396	1219768	0.0003247
all	136	349	1219768	0.0002861
all	137	298	1219768	0.0002443
all	138	341	1219768	0.0002796
all	139	375	1219768	0.0003074
all	140	207	1219768	0.0001697
all	141	277	1219768	0.0002271
all	142	275	1219768	0.0002255
all	143	300	1219768	0.0002459
all	144	189	1219768	0.0001549
all	145	333	1219768	0.0002730
all	146	220	1219768	0.0001804
all	147	244	1219768	0.0002000
all	148	161	1219768	0.0001320
all	149	237	1219768	0.0001943
all	150	263	1219768	0.0002156
all	151	238	1219768	0.0001951
all	152	266	1219768	0.0002181
all	153	183	1219768	0.0001500
all	154	136	1219768	0.0001115
all	155	149	1219768	0.0001222
all	156	179	1219768	0.0001467
all	157	211	1219768	0.0001730
all	158	200	1219768	0.0001640
all	159	207	1219768	0.0001697
all	160	208	1219768	0.0001705
all	161	251	1219768	0.0002058
all	162	139	1219768	0.0001140
all	163	163	1219768	0.0001336
all	164	131	1219768	0.0001074
all	165	201	1219768	0.0001648
all	166	104	1219768	0.0000853
all	167	217	1219768	0.0001779
all	168	144	1219768	0.0001181
all	169	177	1219768	0.0001451
all	170	139	1219768	0.0001140
all	171	159	1219768	0.0001304
all	172	177	1219768	0.0001451
all	173	69	1219768	0.0000566
all	174	183	1219768	0.0001500
all	175	179	1219768	0.0001467
all	176	152	1219768	0.0001246
all	177	163	1219768	0.0001336
all	178	182	1219768	0.0001492
all	179	210	1219768	0.0001722
all	180	206	1219768	0.0001689
all	181	133	1219768	0.0001090
all	182	146	1219768	0.0001197
all	183	151	1219768	0.0001238
all	184	120	1219768	0.0000984
all	185	110	1219768	0.0000902
all	186	96	1219768	0.0000787
all	187	124	1219768	0.0001017
all	188	108	1219768	0.0000885
all	189	140	1219768	0.0001148
all	190	91	1219768	0.0000746
all	191	90	1219768	0.0000738
all	192	89	1219768	0.0000730
all	193	109	1219768	0.0000894
all	194	98	1219768	0.0000803
all	195	101	1219768	0.0000828
all	196	128	1219768	0.0001049
all	197	187	1219768	0.0001533
all	198	51	1219768	0.0000418
all	199	90	1219768	0.0000738
all	200	105	1219768	0.0000861
all	201	90	1219768	0.0000738
all	202	114	1219768	0.0000935
all	203	100	1219768	0.0000820
all	204	33	1219768	0.0000271
all	205	50	1219768	0.0000410
all	206	82	1219768	0.0000672
all	207	103	1219768	0.0000844
all	208	75	1219768	0.0000615
all	209	115	1219768	0.0000943
all	210	93	1219768	0.0000762
all	211	95	1219768	0.0000779
all	212	51	1219768	0.0000418
all	213	84	1219768	0.0000689
all	214	51	1219768	0.0000418
all	215	49	1219768	0.0000402
all	216	50	1219768	0.0000410
all	217	91	1219768	0.0000746
all	218	40	1219768	0.0000328
all	219	85	1219768	0.0000697
all	220	38	1219768	0.0000312
all	221	44	1219768	0.0000361
all	222	30	1219768	0.0000246
all	223	53	1219768	0.0000435
all	224	71	1219768	0.0000582
all	225	79	1219768	0.0000648
all	226	30	1219768	0.0000246
all	227	45	1219768	0.0000369
all	228	76	1219768	0.0000623
all	229	43	1219768	0.0000353
all	230	36	1219768	0.0000295
all	231	30	1219768	0.0000246
all	232	27	1219768	0.0000221
all	233	27	1219768	0.0000221
all	234	43	1219768	0.0000353
all	235	49	1219768	0.0000402
all	236	36	1219768	0.0000295
all	237	39	1219768	0.0000320
all	238	72	1219768	0.0000590
all	239	49	1219768	0.0000402
all	240	25	1219768	0.0000205
all	241	27	1219768	0.0000221
all	242	32	1219768	0.0000262
all	243	51	1219768	0.0000418
all	244	37	1219768	0.0000303
all	245	26	1219768	0.0000213
all	246	46	1219768	0.0000377
all	247	15	1219768	0.0000123
all	248	15	1219768	0.0000123
all	249	4	1219768	0.0000033
all	250	15	1219768	0.0000123
all	251	7	1219768	0.0000057
all	252	28	1219768	0.0000230
all	253	22	1219768	0.0000180
all	254	26	1219768	0.0000213
all	255	13	1219768	0.0000107
all	256	20	1219768	0.0000164
all	257	15	1219768	0.0000123
all	258	16	1219768	0.0000131
all	259	19	1219768	0.0000156
all	260	20	1219768	0.0000164
all	261	27	1219768	0.0000221
all	262	6	1219768	0.0000049
all	263	22	1219768	0.0000180
all	264	20	1219768	0.0000164
all	265	25	1219768	0.0000205
all	266	20	1219768	0.0000164
all	267	10	1219768	0.0000082
all	268	18	1219768	0.0000148
all	269	10	1219768	0.0000082
all	270	15	1219768	0.0000123
all	271	8	1219768	0.0000066
all	272	17	1219768	0.0000139
all	273	11	1219768	0.0000090
all	274	31	1219768	0.0000254
all	275	42	1219768	0.0000344
all	276	52	1219768	0.0000426
all	277	35	1219768	0.0000287
all	278	36	1219768	0.0000295
all	279	45	1219768	0.0000369
all	280	14	1219768	0.0000115
all	281	46	1219768	0.0000377
all	282	21	1219768	0.0000172
all	283	46	1219768	0.0000377
all	284	38	1219768	0.0000312
all	285	54	1219768	0.0000443
all	286	9	1219768	0.0000074
all	287	51	1219768	0.0000418
all	288	10	1219768	0.0000082
all	289	43	1219768	0.0000353
all	290	18	1219768	0.0000148
all	291	56	1219768	0.0000459
all	292	11	1219768	0.0000090
all	293	30	1219768	0.0000246
all	294	22	1219768	0.0000180
all	295	25	1219768	0.0000205
all	296	19	1219768	0.0000156
all	297	36	1219768	0.0000295
all	298	20	1219768	0.0000164
all	299	39	1219768	0.0000320
all	300	43	1219768	0.0000353
all	301	21	1219768	0.0000172
all	302	38	1219768	0.0000312
all	303	31	1219768	0.0000254
all	304	28	1219768	0.0000230
all	305	12	1219768	0.0000098
all	306	25	1219768	0.0000205
all	307	22	1219768	0.0000180
all	308	12	1219768	0.0000098
all	309	8	1219768	0.0000066
all	310	8	1219768	0.0000066
all	311	4	1219768	0.0000033
all	312	21	1219768	0.0000172
all	313	15	1219768	0.0000123
all	314	22	1219768	0.0000180
all	315	7	1219768	0.0000057
all	316	4	1219768	0.0000033
all	317	21	1219768	0.0000172
all	318	10	1219768	0.0000082
all	319	16	1219768	0.0000131
all	320	7	1219768	0.0000057
all	321	24	1219768	0.0000197
all	322	16	1219768	0.0000131
all	323	9	1219768	0.0000074
all	324	5	1219768	0.0000041
all	325	3	1219768	0.0000025
all	326	2	1219768	0.0000016
all	327	10	1219768	0.0000082
all	328	4	1219768	0.0000033
all	329	10	1219768	0.0000082
all	330	1	1219768	0.0000008
all	331	14	1219768	0.0000115
all	332	3	1219768	0.0000025
all	333	24	1219768	0.0000197
all	334	18	1219768	0.0000148
all	335	16	1219768	0.0000131
all	336	26	1219768	0.0000213
all	337	18	1219768	0.0000148
all	338	8	1219768	0.0000066
all	339	27	1219768	0.0000221
all	340	10	1219768	0.0000082
all	341	14	1219768	0.0000115
all	342	12	1219768	0.0000098
all	343	16	1219768	0.0000131
all	344	19	1219768	0.0000156
all	345	6	1219768	0.0000049
all	346	15	1219768	0.0000123
all	348	7	1219768	0.0000057
all	349	11	1219768	0.0000090
all	350	35	1219768	0.0000287
all	351	11	1219768	0.0000090
all	352	12	1219768	0.0000098
all	353	14	1219768	0.0000115
all	354	25	1219768	0.0000205
all	355	16	1219768	0.0000131
all	356	26	1219768	0.0000213
all	357	13	1219768	0.0000107
all	358	12	1219768	0.0000098
all	359	10	1219768	0.0000082
all	360	4	1219768	0.0000033
all	361	8	1219768	0.0000066
all	362	14	1219768	0.0000115
all	363	3	1219768	0.0000025
all	364	6	1219768	0.0000049
all	366	3	1219768	0.0000025
all	367	2	1219768	0.0000016
all	372	1	1219768	0.0000008
all	374	3	1219768	0.0000025
all	375	17	1219768	0.0000139
all	376	16	1219768	0.0000131
all	377	6	1219768	0.0000049
all	378	4	1219768	0.0000033
all	379	1	1219768	0.0000008
all	380	1	1219768	0.0000008
all	381	1	1219768	0.0000008
all	382	7	1219768	0.0000057
all	383	4	1219768	0.0000033
all	384	4	1219768	0.0000033
all	385	2	1219768	0.0000016
all	386	14	1219768	0.0000115
all	388	1	1219768	0.0000008
all	390	10	1219768	0.0000082
all	391	5	1219768	0.0000041
all	392	4	1219768	0.0000033
all	396	11	1219768	0.0000090
all	397	1	1219768	0.0000008
all	398	7	1219768	0.0000057
all	401	1	1219768	0.0000008
all	403	29	1219768	0.0000238
all	404	14	1219768	0.0000115
all	408	5	1219768	0.0000041
all	409	3	1219768	0.0000025
all	412	1	1219768	0.0000008
all	413	13	1219768	0.0000107
all	415	3	1219768	0.0000025
all	416	8	1219768	0.0000066
all	417	1	1219768	0.0000008
all	418	6	1219768	0.0000049
all	419	5	1219768	0.0000041
all	420	6	1219768	0.0000049
all	421	3	1219768	0.0000025
all	423	1	1219768	0.0000008
all	424	6	1219768	0.0000049
all	425	8	1219768	0.0000066
all	427	3	1219768	0.0000025
all	428	3	1219768	0.0000025
all	429	2	1219768	0.0000016
all	430	5	1219768	0.0000041
all	431	3	1219768	0.0000025
all	432	9	1219768	0.0000074
all	433	5	1219768	0.0000041
all	434	7	1219768	0.0000057
all	435	7	1219768	0.0000057
all	436	6	1219768	0.0000049
all	437	5	1219768	0.0000041
all	438	2	1219768	0.0000016
all	441	3	1219768	0.0000025
all	442	4	1219768	0.0000033
all	443	11	1219768	0.0000090
all	444	2	1219768	0.0000016
all	445	1	1219768	0.0000008
all	446	3	1219768	0.0000025
all	447	1	1219768	0.0000008
all	448	16	1219768	0.0000131
all	449	6	1219768	0.0000049
all	450	1	1219768	0.0000008
all	451	1	1219768	0.0000008
all	457	1	1219768	0.0000008
all	460	3	1219768	0.0000025
all	461	11	1219768	0.0000090
all	462	4	1219768	0.0000033
all	464	5	1219768	0.0000041
all	465	6	1219768	0.0000049
all	466	15	1219768	0.0000123
all	467	2	1219768	0.0000016
all	468	1	1219768	0.0000008
all	469	3	1219768	0.0000025
all	471	1	1219768	0.0000008
all	472	2	1219768	0.0000016
all	473	8	1219768	0.0000066
all	474	5	1219768	0.0000041
all	476	1	1219768	0.0000008
all	477	1	1219768	0.0000008
all	478	1	1219768	0.0000008
all	480	1	1219768	0.0000008
all	481	2	1219768	0.0000016
all	507	1	1219768	0.0000008
all	508	1	1219768	0.0000008
all	509	1	1219768	0.0000008
all	510	9	1219768	0.0000074
all	511	3	1219768	0.0000025
all	512	1	1219768	0.0000008
all	514	1	1219768	0.0000008
all	516	1	1219768	0.0000008
all	517	1	1219768	0.0000008
all	526	1	1219768	0.0000008
all	542	1	1219768	0.0000008
all	543	12	1219768	0.0000098
all	559	3	1219768	0.0000025
all	560	2	1219768	0.0000016
all	570	1	1219768	0.0000008
all	571	1	1219768	0.0000008
all	574	2	1219768	0.0000016
all	575	2	1219768	0.0000016
all	576	1	1219768	0.0000008
all	581	21	1219768	0.0000172
all	582	2	1219768	0.0000016
all	585	1	1219768	0.0000008
all	597	3	1219768	0.0000025
all	612	2	1219768	0.0000016
all	613	2	1219768	0.0000016
all	615	3	1219768	0.0000025
all	621	1	1219768	0.0000008
all	632	1	1219768	0.0000008
all	638	4	1219768	0.0000033
all	648	1	1219768	0.0000008
all	649	1	1219768	0.0000008
all	664	2	1219768	0.0000016
all	665	1	1219768	0.0000008
all	666	1	1219768	0.0000008
all	668	1	1219768	0.0000008
all	669	3	1219768	0.0000025
all	671	2	1219768	0.0000016
all	673	21	1219768	0.0000172
all	686	1	1219768	0.0000008
all	690	1	1219768	0.0000008
all	703	1	1219768	0.0000008
all	707	1	1219768	0.0000008
all	708	1	1219768	0.0000008
all	710	1	1219768	0.0000008
all	714	5	1219768	0.0000041
all	715	7	1219768	0.0000057
all	724	1	1219768	0.0000008
all	728	1	1219768	0.0000008
all	729	2	1219768	0.0000016
all	753	1	1219768	0.0000008
all	754	1	1219768	0.0000008
all	755	5	1219768	0.0000041
all	756	3	1219768	0.0000025
all	760	1	1219768	0.0000008
all	763	2	1219768	0.0000016
all	770	1	1219768	0.0000008
all	772	1	1219768	0.0000008
all	799	1	1219768	0.0000008
all	807	1	1219768	0.0000008
