all	0	68684	1219768	0.0563091
all	1	11597	1219768	0.0095075
all	2	30822	1219768	0.0252687
all	3	18571	1219768	0.0152250
all	4	29258	1219768	0.0239865
all	5	23322	1219768	0.0191200
all	6	26568	1219768	0.0217812
all	7	25142	1219768	0.0206121
all	8	26644	1219768	0.0218435
all	9	25107	1219768	0.0205834
all	10	27776	1219768	0.0227715
all	11	25401	1219768	0.0208245
all	12	26526	1219768	0.0217468
all	13	25498	1219768	0.0209040
all	14	24543	1219768	0.0201210
all	15	26893	1219768	0.0220476
all	16	25588	1219768	0.0209778
all	17	25513	1219768	0.0209163
all	18	24695	1219768	0.0202457
all	19	24159	1219768	0.0198062
all	20	21298	1219768	0.0174607
all	21	22489	1219768	0.0184371
all	22	21104	1219768	0.0173017
all	23	19629	1219768	0.0160924
all	24	20164	1219768	0.0165310
all	25	18951	1219768	0.0155366
all	26	18820	1219768	0.0154292
all	27	18314	1219768	0.0150143
all	28	18431	1219768	0.0151103
all	29	17148	1219768	0.0140584
all	30	16520	1219768	0.0135436
all	31	16268	1219768	0.0133370
all	32	15938	1219768	0.0130664
all	33	15407	1219768	0.0126311
all	34	14022	1219768	0.0114956
all	35	14263	1219768	0.0116932
all	36	13364	1219768	0.0109562
all	37	12960	1219768	0.0106250
all	38	12957	1219768	0.0106225
all	39	12120	1219768	0.0099363
all	40	11737	1219768	0.0096223
all	41	11073	1219768	0.0090780
all	42	10337	1219768	0.0084746
all	43	10990	1219768	0.0090099
all	44	10348	1219768	0.0084836
all	45	9130	1219768	0.0074850
all	46	9608	1219768	0.0078769
all	47	8960	1219768	0.0073457
all	48	8312	1219768	0.0068144
all	49	8645	1219768	0.0070874
all	50	8102	1219768	0.0066422
all	51	7984	1219768	0.0065455
all	52	7683	1219768	0.0062987
all	53	7608	1219768	0.0062373
all	54	6498	1219768	0.0053272
all	55	6622	1219768	0.0054289
all	56	6145	1219768	0.0050378
all	57	6291	1219768	0.0051575
all	58	5638	1219768	0.0046222
all	59	5816	1219768	0.0047681
all	60	5596	1219768	0.0045878
all	61	4922	1219768	0.0040352
all	62	4964	1219768	0.0040696
all	63	4917	1219768	0.0040311
all	64	4569	1219768	0.0037458
all	65	4323	1219768	0.0035441
all	66	4237	1219768	0.0034736
all	67	4622	1219768	0.0037892
all	68	4058	1219768	0.0033269
all	69	4139	1219768	0.0033933
all	70	3694	1219768	0.0030284
all	71	3529	1219768	0.0028932
all	72	3390	1219768	0.0027792
all	73	3217	1219768	0.0026374
all	74	2715	1219768	0.0022258
all	75	3101	1219768	0.0025423
all	76	2862	1219768	0.0023463
all	77	2823	1219768	0.0023144
all	78	2298	1219768	0.0018840
all	79	2523	1219768	0.0020684
all	80	2327	1219768	0.0019077
all	81	2261	1219768	0.0018536
all	82	2277	1219768	0.0018667
all	83	2209	1219768	0.0018110
all	84	2206	1219768	0.0018085
all	85	2362	1219768	0.0019364
all	86	2188	1219768	0.0017938
all	87	2000	1219768	0.0016397
all	88	1752	1219768	0.0014363
all	89	2013	1219768	0.0016503
all	90	1643	1219768	0.0013470
all	91	1755	1219768	0.0014388
all	92	1707	1219768	0.0013994
all	93	1811	1219768	0.0014847
all	94	1836	1219768	0.0015052
all	95	1684	1219768	0.0013806
all	96	1487	1219768	0.0012191
all	97	1124	1219768	0.0009215
all	98	1218	1219768	0.0009986
all	99	1231	1219768	0.0010092
all	100	1263	1219768	0.0010354
all	101	1167	1219768	0.0009567
all	102	1027	1219768	0.0008420
all	103	1116	1219768	0.0009149
all	104	1119	1219768	0.0009174
all	105	1179	1219768	0.0009666
all	106	1255	1219768	0.0010289
all	107	1095	1219768	0.0008977
all	108	1217	1219768	0.0009977
all	109	1007	1219768	0.0008256
all	110	972	1219768	0.0007969
all	111	1030	1219768	0.0008444
all	112	792	1219768	0.0006493
all	113	998	1219768	0.0008182
all	114	920	1219768	0.0007542
all	115	847	1219768	0.0006944
all	116	893	1219768	0.0007321
all	117	741	1219768	0.0006075
all	118	687	1219768	0.0005632
all	119	770	1219768	0.0006313
all	120	836	1219768	0.0006854
all	121	824	1219768	0.0006755
all	122	568	1219768	0.0004657
all	123	585	1219768	0.0004796
all	124	702	1219768	0.0005755
all	125	710	1219768	0.0005821
all	126	620	1219768	0.0005083
all	127	662	1219768	0.0005427
all	128	417	1219768	0.0003419
all	129	515	1219768	0.0004222
all	130	450	1219768	0.0003689
all	131	415	1219768	0.0003402
all	132	497	1219768	0.0004075
all	133	504	1219768	0.0004132
all	134	346	1219768	0.0002837
all	135	519	1219768	0.0004255
all	136	433	1219768	0.0003550
all	137	335	1219768	0.0002746
all	138	427	1219768	0.0003501
all	139	386	1219768	0.0003165
all	140	303	1219768	0.0002484
all	141	416	1219768	0.0003410
all	142	486	1219768	0.0003984
all	143	355	1219768	0.0002910
all	144	360	1219768	0.0002951
all	145	336	1219768	0.0002755
all	146	257	1219768	0.0002107
all	147	347	1219768	0.0002845
all	148	263	1219768	0.0002156
all	149	350	1219768	0.0002869
all	150	295	1219768	0.0002418
all	151	271	1219768	0.0002222
all	152	294	1219768	0.0002410
all	153	218	1219768	0.0001787
all	154	331	1219768	0.0002714
all	155	218	1219768	0.0001787
all	156	373	1219768	0.0003058
all	157	303	1219768	0.0002484
all	158	267	1219768	0.0002189
all	159	296	1219768	0.0002427
all	160	183	1219768	0.0001500
all	161	238	1219768	0.0001951
all	162	234	1219768	0.0001918
all	163	308	1219768	0.0002525
all	164	244	1219768	0.0002000
all	165	222	1219768	0.0001820
all	166	225	1219768	0.0001845
all	167	146	1219768	0.0001197
all	168	164	1219768	0.0001345
all	169	239	1219768	0.0001959
all	170	195	1219768	0.0001599
all	171	265	1219768	0.0002173
all	172	205	1219768	0.0001681
all	173	186	1219768	0.0001525
all	174	229	1219768	0.0001877
all	175	188	1219768	0.0001541
all	176	194	1219768	0.0001590
all	177	145	1219768	0.0001189
all	178	172	1219768	0.0001410
all	179	195	1219768	0.0001599
all	180	241	1219768	0.0001976
all	181	213	1219768	0.0001746
all	182	164	1219768	0.0001345
all	183	160	1219768	0.0001312
all	184	179	1219768	0.0001467
all	185	133	1219768	0.0001090
all	186	151	1219768	0.0001238
all	187	175	1219768	0.0001435
all	188	84	1219768	0.0000689
all	189	151	1219768	0.0001238
all	190	163	1219768	0.0001336
all	191	105	1219768	0.0000861
all	192	158	1219768	0.0001295
all	193	176	1219768	0.0001443
all	194	72	1219768	0.0000590
all	195	116	1219768	0.0000951
all	196	124	1219768	0.0001017
all	197	108	1219768	0.0000885
all	198	126	1219768	0.0001033
all	199	94	1219768	0.0000771
all	200	92	1219768	0.0000754
all	201	115	1219768	0.0000943
all	202	151	1219768	0.0001238
all	203	114	1219768	0.0000935
all	204	227	1219768	0.0001861
all	205	126	1219768	0.0001033
all	206	112	1219768	0.0000918
all	207	90	1219768	0.0000738
all	208	146	1219768	0.0001197
all	209	91	1219768	0.0000746
all	210	152	1219768	0.0001246
all	211	143	1219768	0.0001172
all	212	111	1219768	0.0000910
all	213	85	1219768	0.0000697
all	214	180	1219768	0.0001476
all	215	102	1219768	0.0000836
all	216	128	1219768	0.0001049
all	217	117	1219768	0.0000959
all	218	167	1219768	0.0001369
all	219	66	1219768	0.0000541
all	220	112	1219768	0.0000918
all	221	59	1219768	0.0000484
all	222	52	1219768	0.0000426
all	223	80	1219768	0.0000656
all	224	134	1219768	0.0001099
all	225	91	1219768	0.0000746
all	226	115	1219768	0.0000943
all	227	86	1219768	0.0000705
all	228	77	1219768	0.0000631
all	229	80	1219768	0.0000656
all	230	103	1219768	0.0000844
all	231	157	1219768	0.0001287
all	232	90	1219768	0.0000738
all	233	99	1219768	0.0000812
all	234	39	1219768	0.0000320
all	235	76	1219768	0.0000623
all	236	104	1219768	0.0000853
all	237	109	1219768	0.0000894
all	238	103	1219768	0.0000844
all	239	105	1219768	0.0000861
all	240	129	1219768	0.0001058
all	241	48	1219768	0.0000394
all	242	76	1219768	0.0000623
all	243	105	1219768	0.0000861
all	244	60	1219768	0.0000492
all	245	98	1219768	0.0000803
all	246	132	1219768	0.0001082
all	247	90	1219768	0.0000738
all	248	41	1219768	0.0000336
all	249	81	1219768	0.0000664
all	250	118	1219768	0.0000967
all	251	84	1219768	0.0000689
all	252	71	1219768	0.0000582
all	253	89	1219768	0.0000730
all	254	45	1219768	0.0000369
all	255	56	1219768	0.0000459
all	256	72	1219768	0.0000590
all	257	41	1219768	0.0000336
all	258	41	1219768	0.0000336
all	259	55	1219768	0.0000451
all	260	49	1219768	0.0000402
all	261	96	1219768	0.0000787
all	262	34	1219768	0.0000279
all	263	85	1219768	0.0000697
all	264	71	1219768	0.0000582
all	265	158	1219768	0.0001295
all	266	104	1219768	0.0000853
all	267	69	1219768	0.0000566
all	268	65	1219768	0.0000533
all	269	22	1219768	0.0000180
all	270	32	1219768	0.0000262
all	271	36	1219768	0.0000295
all	272	27	1219768	0.0000221
all	273	69	1219768	0.0000566
all	274	21	1219768	0.0000172
all	275	55	1219768	0.0000451
all	276	58	1219768	0.0000476
all	277	35	1219768	0.0000287
all	278	58	1219768	0.0000476
all	279	57	1219768	0.0000467
all	280	44	1219768	0.0000361
all	281	52	1219768	0.0000426
all	282	50	1219768	0.0000410
all	283	35	1219768	0.0000287
all	284	48	1219768	0.0000394
all	285	55	1219768	0.0000451
all	286	79	1219768	0.0000648
all	287	32	1219768	0.0000262
all	288	27	1219768	0.0000221
all	289	43	1219768	0.0000353
all	290	60	1219768	0.0000492
all	291	63	1219768	0.0000516
all	292	42	1219768	0.0000344
all	293	25	1219768	0.0000205
all	294	50	1219768	0.0000410
all	295	86	1219768	0.0000705
all	296	33	1219768	0.0000271
all	297	48	1219768	0.0000394
all	298	83	1219768	0.0000680
all	299	38	1219768	0.0000312
all	300	19	1219768	0.0000156
all	301	23	1219768	0.0000189
all	302	33	1219768	0.0000271
all	303	24	1219768	0.0000197
all	304	22	1219768	0.0000180
all	305	20	1219768	0.0000164
all	306	33	1219768	0.0000271
all	307	53	1219768	0.0000435
all	308	62	1219768	0.0000508
all	309	48	1219768	0.0000394
all	310	8	1219768	0.0000066
all	311	28	1219768	0.0000230
all	312	17	1219768	0.0000139
all	313	21	1219768	0.0000172
all	314	15	1219768	0.0000123
all	315	36	1219768	0.0000295
all	316	29	1219768	0.0000238
all	317	65	1219768	0.0000533
all	318	18	1219768	0.0000148
all	319	24	1219768	0.0000197
all	320	28	1219768	0.0000230
all	321	24	1219768	0.0000197
all	322	18	1219768	0.0000148
all	323	26	1219768	0.0000213
all	324	48	1219768	0.0000394
all	325	15	1219768	0.0000123
all	326	24	1219768	0.0000197
all	327	55	1219768	0.0000451
all	328	18	1219768	0.0000148
all	329	35	1219768	0.0000287
all	330	22	1219768	0.0000180
all	331	28	1219768	0.0000230
all	332	36	1219768	0.0000295
all	333	21	1219768	0.0000172
all	334	29	1219768	0.0000238
all	335	54	1219768	0.0000443
all	336	21	1219768	0.0000172
all	337	26	1219768	0.0000213
all	338	30	1219768	0.0000246
all	339	24	1219768	0.0000197
all	340	11	1219768	0.0000090
all	341	15	1219768	0.0000123
all	342	27	1219768	0.0000221
all	343	30	1219768	0.0000246
all	344	7	1219768	0.0000057
all	345	24	1219768	0.0000197
all	346	19	1219768	0.0000156
all	347	20	1219768	0.0000164
all	348	32	1219768	0.0000262
all	349	33	1219768	0.0000271
all	350	11	1219768	0.0000090
all	351	11	1219768	0.0000090
all	352	28	1219768	0.0000230
all	353	16	1219768	0.0000131
all	354	8	1219768	0.0000066
all	355	16	1219768	0.0000131
all	356	35	1219768	0.0000287
all	357	48	1219768	0.0000394
all	358	32	1219768	0.0000262
all	359	34	1219768	0.0000279
all	360	25	1219768	0.0000205
all	361	29	1219768	0.0000238
all	362	44	1219768	0.0000361
all	363	20	1219768	0.0000164
all	364	20	1219768	0.0000164
all	365	16	1219768	0.0000131
all	366	18	1219768	0.0000148
all	367	5	1219768	0.0000041
all	368	14	1219768	0.0000115
all	369	22	1219768	0.0000180
all	370	6	1219768	0.0000049
all	371	39	1219768	0.0000320
all	372	23	1219768	0.0000189
all	373	28	1219768	0.0000230
all	374	15	1219768	0.0000123
all	375	14	1219768	0.0000115
all	376	9	1219768	0.0000074
all	377	14	1219768	0.0000115
all	378	51	1219768	0.0000418
all	379	15	1219768	0.0000123
all	380	12	1219768	0.0000098
all	381	24	1219768	0.0000197
all	382	40	1219768	0.0000328
all	383	29	1219768	0.0000238
all	384	7	1219768	0.0000057
all	385	10	1219768	0.0000082
all	386	3	1219768	0.0000025
all	387	8	1219768	0.0000066
all	388	15	1219768	0.0000123
all	389	16	1219768	0.0000131
all	390	10	1219768	0.0000082
all	391	10	1219768	0.0000082
all	392	10	1219768	0.0000082
all	393	25	1219768	0.0000205
all	394	10	1219768	0.0000082
all	395	17	1219768	0.0000139
all	396	10	1219768	0.0000082
all	397	10	1219768	0.0000082
all	398	29	1219768	0.0000238
all	399	27	1219768	0.0000221
all	400	14	1219768	0.0000115
all	401	4	1219768	0.0000033
all	402	16	1219768	0.0000131
all	403	3	1219768	0.0000025
all	404	7	1219768	0.0000057
all	405	9	1219768	0.0000074
all	406	12	1219768	0.0000098
all	407	10	1219768	0.0000082
all	408	18	1219768	0.0000148
all	409	20	1219768	0.0000164
all	410	9	1219768	0.0000074
all	411	12	1219768	0.0000098
all	412	11	1219768	0.0000090
all	413	11	1219768	0.0000090
all	414	7	1219768	0.0000057
all	415	10	1219768	0.0000082
all	416	9	1219768	0.0000074
all	417	33	1219768	0.0000271
all	418	7	1219768	0.0000057
all	419	28	1219768	0.0000230
all	420	23	1219768	0.0000189
all	421	13	1219768	0.0000107
all	422	12	1219768	0.0000098
all	423	10	1219768	0.0000082
all	424	12	1219768	0.0000098
all	425	16	1219768	0.0000131
all	426	33	1219768	0.0000271
all	427	6	1219768	0.0000049
all	428	2	1219768	0.0000016
all	429	6	1219768	0.0000049
all	430	4	1219768	0.0000033
all	431	9	1219768	0.0000074
all	432	28	1219768	0.0000230
all	433	14	1219768	0.0000115
all	434	5	1219768	0.0000041
all	435	5	1219768	0.0000041
all	436	3	1219768	0.0000025
all	437	18	1219768	0.0000148
all	438	15	1219768	0.0000123
all	439	8	1219768	0.0000066
all	440	28	1219768	0.0000230
all	441	12	1219768	0.0000098
all	442	8	1219768	0.0000066
all	443	6	1219768	0.0000049
all	444	7	1219768	0.0000057
all	445	11	1219768	0.0000090
all	446	6	1219768	0.0000049
all	447	12	1219768	0.0000098
all	448	5	1219768	0.0000041
all	449	3	1219768	0.0000025
all	450	19	1219768	0.0000156
all	451	3	1219768	0.0000025
all	452	2	1219768	0.0000016
all	453	3	1219768	0.0000025
all	455	2	1219768	0.0000016
all	456	7	1219768	0.0000057
all	457	5	1219768	0.0000041
all	458	8	1219768	0.0000066
all	459	19	1219768	0.0000156
all	460	7	1219768	0.0000057
all	461	3	1219768	0.0000025
all	462	8	1219768	0.0000066
all	463	13	1219768	0.0000107
all	464	8	1219768	0.0000066
all	465	2	1219768	0.0000016
all	466	39	1219768	0.0000320
all	467	6	1219768	0.0000049
all	469	2	1219768	0.0000016
all	470	3	1219768	0.0000025
all	471	1	1219768	0.0000008
all	472	4	1219768	0.0000033
all	473	8	1219768	0.0000066
all	474	4	1219768	0.0000033
all	475	12	1219768	0.0000098
all	476	9	1219768	0.0000074
all	477	9	1219768	0.0000074
all	478	6	1219768	0.0000049
all	479	5	1219768	0.0000041
all	480	7	1219768	0.0000057
all	481	2	1219768	0.0000016
all	483	1	1219768	0.0000008
all	484	2	1219768	0.0000016
all	485	2	1219768	0.0000016
all	486	8	1219768	0.0000066
all	487	11	1219768	0.0000090
all	488	8	1219768	0.0000066
all	489	1	1219768	0.0000008
all	490	4	1219768	0.0000033
all	491	13	1219768	0.0000107
all	492	4	1219768	0.0000033
all	493	7	1219768	0.0000057
all	494	8	1219768	0.0000066
all	495	4	1219768	0.0000033
all	496	3	1219768	0.0000025
all	498	6	1219768	0.0000049
all	499	3	1219768	0.0000025
all	500	1	1219768	0.0000008
all	501	2	1219768	0.0000016
all	502	1	1219768	0.0000008
all	504	1	1219768	0.0000008
all	505	2	1219768	0.0000016
all	506	8	1219768	0.0000066
all	507	3	1219768	0.0000025
all	508	3	1219768	0.0000025
all	509	9	1219768	0.0000074
all	510	2	1219768	0.0000016
all	511	2	1219768	0.0000016
all	512	6	1219768	0.0000049
all	513	4	1219768	0.0000033
all	514	7	1219768	0.0000057
all	515	3	1219768	0.0000025
all	516	4	1219768	0.0000033
all	517	7	1219768	0.0000057
all	518	2	1219768	0.0000016
all	519	3	1219768	0.0000025
all	520	3	1219768	0.0000025
all	521	2	1219768	0.0000016
all	522	6	1219768	0.0000049
all	523	3	1219768	0.0000025
all	525	3	1219768	0.0000025
all	526	2	1219768	0.0000016
all	527	3	1219768	0.0000025
all	530	2	1219768	0.0000016
all	531	2	1219768	0.0000016
all	532	2	1219768	0.0000016
all	533	4	1219768	0.0000033
all	534	1	1219768	0.0000008
all	535	3	1219768	0.0000025
all	537	7	1219768	0.0000057
all	538	3	1219768	0.0000025
all	539	3	1219768	0.0000025
all	540	4	1219768	0.0000033
all	541	3	1219768	0.0000025
all	542	8	1219768	0.0000066
all	543	7	1219768	0.0000057
all	544	7	1219768	0.0000057
all	545	16	1219768	0.0000131
all	546	7	1219768	0.0000057
all	547	2	1219768	0.0000016
all	548	1	1219768	0.0000008
all	549	1	1219768	0.0000008
all	550	1	1219768	0.0000008
all	551	2	1219768	0.0000016
all	552	1	1219768	0.0000008
all	553	14	1219768	0.0000115
all	555	2	1219768	0.0000016
all	556	1	1219768	0.0000008
all	557	8	1219768	0.0000066
all	561	1	1219768	0.0000008
all	563	2	1219768	0.0000016
all	565	4	1219768	0.0000033
all	566	2	1219768	0.0000016
all	567	17	1219768	0.0000139
all	568	1	1219768	0.0000008
all	569	2	1219768	0.0000016
all	570	2	1219768	0.0000016
all	571	6	1219768	0.0000049
all	572	1	1219768	0.0000008
all	573	4	1219768	0.0000033
all	574	5	1219768	0.0000041
all	576	1	1219768	0.0000008
all	577	4	1219768	0.0000033
all	578	3	1219768	0.0000025
all	579	1	1219768	0.0000008
all	581	1	1219768	0.0000008
all	583	1	1219768	0.0000008
all	585	1	1219768	0.0000008
all	586	21	1219768	0.0000172
all	587	5	1219768	0.0000041
all	588	6	1219768	0.0000049
all	589	4	1219768	0.0000033
all	590	14	1219768	0.0000115
all	591	4	1219768	0.0000033
all	592	1	1219768	0.0000008
all	593	1	1219768	0.0000008
all	594	6	1219768	0.0000049
all	595	14	1219768	0.0000115
all	596	7	1219768	0.0000057
all	597	4	1219768	0.0000033
all	598	1	1219768	0.0000008
all	599	18	1219768	0.0000148
all	600	5	1219768	0.0000041
all	601	1	1219768	0.0000008
all	603	7	1219768	0.0000057
all	604	1	1219768	0.0000008
all	605	2	1219768	0.0000016
all	606	1	1219768	0.0000008
all	607	1	1219768	0.0000008
all	609	1	1219768	0.0000008
all	611	2	1219768	0.0000016
all	617	2	1219768	0.0000016
all	618	1	1219768	0.0000008
all	619	3	1219768	0.0000025
all	621	1	1219768	0.0000008
all	622	6	1219768	0.0000049
all	623	5	1219768	0.0000041
all	624	1	1219768	0.0000008
all	625	4	1219768	0.0000033
all	639	1	1219768	0.0000008
all	643	1	1219768	0.0000008
all	698	1	1219768	0.0000008
all	703	1	1219768	0.0000008
all	704	4	1219768	0.0000033
all	708	6	1219768	0.0000049
all	709	5	1219768	0.0000041
all	786	1	1219768	0.0000008
all	789	1	1219768	0.0000008
all	845	1	1219768	0.0000008
all	848	1	1219768	0.0000008
all	866	1	1219768	0.0000008
all	868	6	1219768	0.0000049
all	870	3	1219768	0.0000025
all	874	1	1219768	0.0000008
all	889	1	1219768	0.0000008
all	890	1	1219768	0.0000008
all	892	2	1219768	0.0000016
all	900	8	1219768	0.0000066
all	931	2	1219768	0.0000016
all	978	1	1219768	0.0000008
all	980	2	1219768	0.0000016
all	1021	2	1219768	0.0000016
all	1023	1	1219768	0.0000008
all	1052	4	1219768	0.0000033
all	1053	1	1219768	0.0000008
all	1054	4	1219768	0.0000033
all	1056	1	1219768	0.0000008
all	1058	1	1219768	0.0000008
all	1060	1	1219768	0.0000008
all	1079	4	1219768	0.0000033
all	1080	1	1219768	0.0000008
all	1084	2	1219768	0.0000016
all	1085	3	1219768	0.0000025
all	1086	1	1219768	0.0000008
all	1090	2	1219768	0.0000016
all	1096	1	1219768	0.0000008
all	1098	1	1219768	0.0000008
all	1104	2	1219768	0.0000016
all	1106	4	1219768	0.0000033
all	1107	4	1219768	0.0000033
all	1108	19	1219768	0.0000156
