Sample	1	2	3	4	5	6	7	8	9	10	11	12	13	14	15	16	17	18	19	20	21	22	23	24	25	26	27	28	29	30	31
Leq-ABas_001_Ex1_L3_fastp	70.53777974442522	20.53753838314762	6.004022687960095	1.8868551966423965	0.6484304812475696	0.23259181785268918	0.09029593574426431	0.03566783324617509	0.0145353124958097	0.006329029057216031	0.0030036070102042183	0.001367713906432278	0.0005899942341472572	0.00026817919733966236	0.0002949971170736286	0.0	0.00010727167893586494	0.00010727167893586494	0.0	0.0	2.6817919733966234e-05	0.0	2.6817919733966234e-05	0.0	0.0	2.6817919733966234e-05	2.6817919733966234e-05	5.363583946793247e-05	0.0	0.0	5.363583946793247e-05
Leq-ABas_002_Ex1_L3_fastp	63.029429502536836	22.505155478481363	8.535093217532342	3.4200444371023724	1.4332981071944317	0.609725734077693	0.2579122466029961	0.1172184681925355	0.04920330171938863	0.02323818587228957	0.009801139619605125	0.004347279669986144	0.002173639834993072	0.0014227460738136472	0.0007904144854520263	0.0004347279669986144	7.904144854520263e-05	0.00019760362136300656	0.0	0.00015808289709040525	0.0	7.904144854520263e-05	0.0	0.0	3.952072427260131e-05	3.952072427260131e-05	3.952072427260131e-05	0.0	0.0	0.0	7.904144854520263e-05
Leq-ABas_003_Ex1_L3_fastp	67.40887406789867	21.443691387186362	7.126619115989687	2.490127916810331	0.9243391879675517	0.3558367083678556	0.14475767509438947	0.05935257660513554	0.025473576953360194	0.011128608113462914	0.005274831591352364	0.0021871252939753704	0.0009863506227732063	0.0006218297404439778	0.0002573088581147495	0.00019298164358606208	8.576961937158315e-05	6.432721452868737e-05	6.432721452868737e-05	2.144240484289579e-05	0.0	0.0	0.0	0.0	2.144240484289579e-05	2.144240484289579e-05	0.0	0.0	0.0	0.0	0.0
Leq-ABas_004_Ex1_L3_fastp	68.0402887789053	21.278311168577346	6.896785971886603	2.3680377127700236	0.8521811316490112	0.3342579266286193	0.1350534978876727	0.05392999238830924	0.023433371114796927	0.010137841404273849	0.004321047155920001	0.001599618418297308	0.0008932934024257694	0.0003116139775903847	0.0002285169168996154	6.232279551807693e-05	2.077426517269231e-05	4.154853034538462e-05	4.154853034538462e-05	4.154853034538462e-05	2.077426517269231e-05	0.0	0.0	0.0	0.0	0.0	0.0	0.0	0.0	0.0	0.0
Leq-ABas_005_Ex1_L3_fastp	64.10012227034373	22.347466567904444	8.180305221903682	3.1593823325926995	1.2706788571530632	0.5336335228618752	0.2278708414377643	0.09694309256899444	0.04636300921480312	0.01952257263352063	0.009426401017455958	0.004241880457855182	0.002108537069694096	0.000893027464811617	0.0006697705986087128	0.00014883791080193618	7.441895540096809e-05	2.4806318466989365e-05	0.0	0.0	0.0	2.4806318466989365e-05	2.4806318466989365e-05	0.0	0.0	0.0	2.4806318466989365e-05	0.0	0.0	0.0	4.961263693397873e-05
Leq-ABas_006_Ex1_L3_fastp	59.529647107098896	23.143043403444214	9.58757462242048	4.168133744556369	1.8780196434007967	0.8669603028578237	0.4144274425192264	0.20373079010417355	0.10212185791626405	0.05346009768753227	0.02458734297854316	0.013203701007319947	0.00739605808304764	0.003474658159821038	0.0021840708433160812	0.0007114776232014507	0.0005294717195917773	0.00038055779845658997	8.272995618621521e-05	0.00014891392113518736	6.618396494897217e-05	3.309198247448608e-05	1.654599123724304e-05	0.0	1.654599123724304e-05	0.0	0.0	0.0	0.0	0.0	4.963797371172912e-05
Leq-ABas_007_Ex1_L3_fastp	79.33604654810075	16.70861955396631	3.1899877670085632	0.6187070669050532	0.11252783789718014	0.023132900473636336	0.00744957811862865	0.002352498353251153	0.00039208305887519215	0.0	0.00039208305887519215	0.0	0.0	0.00039208305887519215	0.0	0.0	0.0	0.0	0.0	0.0	0.0	0.0	0.0	0.0	0.0	0.0	0.0	0.0	0.0	0.0	0.0
Leq-ABas_008_Ex1_L3_fastp	62.75510045672025	22.77086263515059	8.661229077338168	3.4283514293077166	1.3837702344248874	0.5764372509022114	0.23987386117484633	0.10178662170875262	0.04535636701968565	0.02054361404086161	0.009055749262344539	0.004502001061851285	0.0016041612979010324	0.0007762070796295319	0.0001811149852468908	0.00020698855456787515	0.00015524141592590637	2.5873569320984393e-05	2.5873569320984393e-05	0.0	2.5873569320984393e-05	0.0	0.0	2.5873569320984393e-05	0.0	2.5873569320984393e-05	0.0	0.0	0.0	0.0	7.762070796295319e-05
Leq-ABas_009_Ex1_L3_fastp	66.03131157157625	22.001370522455787	7.529666155460914	2.7208948117438783	1.0267738532725497	0.4022391338087634	0.16538339116184003	0.06869710927614843	0.029435981344059007	0.013113348257384643	0.005642554064611847	0.0029199230823865503	0.0012495166343546049	0.00047350104038700817	0.00034197297361283923	0.00017098648680641962	5.2611226709667574e-05	7.891684006450136e-05	3.945842003225068e-05	5.2611226709667574e-05	0.0	1.3152806677416894e-05	0.0	0.0	1.3152806677416894e-05	0.0	1.3152806677416894e-05	0.0	0.0	0.0	5.2611226709667574e-05
Leq-ABas_010_Ex1_L3_fastp	70.22452409059697	20.624166042173407	6.1494158942937425	1.9657243017018433	0.6555281694951447	0.23589906029998953	0.08746278973155983	0.03390226735328035	0.0137886087369685	0.00543954289623528	0.0022264175575288586	0.001087908579247056	0.0004048031922779743	0.00012650099758686697	7.590059855212018e-05	2.5300199517373395e-05	5.060039903474679e-05	0.0	5.060039903474679e-05	0.0	2.5300199517373395e-05	0.0	2.5300199517373395e-05	2.5300199517373395e-05	0.0	0.0	0.0	0.0	0.0	0.0	2.5300199517373395e-05
Leq-ABas_011_Ex1_L3_fastp	67.07004384499716	21.646017940158348	7.238374025944895	2.537225788516985	0.9295171442510821	0.3509682670531243	0.1347795052477006	0.05495645542078138	0.021950537587892276	0.009405084353352385	0.0038934165210641044	0.0013939392482822102	0.0009132705419779998	0.0003044235139926666	9.613374126084208e-05	4.806687063042104e-05	1.602229021014035e-05	3.20445804202807e-05	0.0	0.0	0.0	0.0	1.602229021014035e-05	0.0	0.0	0.0	0.0	0.0	1.602229021014035e-05	1.602229021014035e-05	1.602229021014035e-05
Leq-ABas_012_Ex1_L3_fastp	63.931711829790814	22.459563300311967	8.23008672934059	3.1741175293981403	1.2705857169426635	0.5319256264760481	0.22600204585092307	0.09785124242456145	0.042559752532749406	0.018609610937406786	0.009079998736695828	0.004046521176136185	0.002050676043190966	0.0009321254741777118	0.00042768109991683247	0.00018642509483554235	6.57970922948973e-05	3.289854614744865e-05	5.483091024574775e-05	0.0	2.19323640982991e-05	0.0	0.0	0.0	0.0	0.0	0.0	1.096618204914955e-05	0.0	1.096618204914955e-05	6.57970922948973e-05
Leq-ABas_013_Ex1-1_L3_fastp	69.60074779678185	20.250432723820598	6.377843706721105	2.250997531311906	0.8761810676945746	0.3597260996291236	0.16214768569609397	0.06815204784398808	0.02969928690449022	0.01198392278602237	0.00708614564738714	0.002396784557204474	0.001354704314941659	0.0006252481453576888	0.0	0.0003126240726788444	0.0	0.0	0.0	0.00010420802422628147	0.0	0.0	0.0	0.0	0.0	0.00010420802422628147	0.0	0.0	0.0	0.0	0.00010420802422628147
Leq-ABas_013_Ex1-2_L3_fastp	61.69521003404831	23.436826558571514	8.945461650754522	3.4940840660425723	1.3979582931347287	0.5856957801368902	0.24699988591985975	0.10778041449514772	0.0478660014076834	0.022086272584814715	0.00993361012412098	0.005033823421218727	0.0022041593678709223	0.0012807953083574279	0.0006106117167750527	0.00028296640533478055	0.00014892968701830554	7.446484350915277e-05	7.446484350915277e-05	2.978593740366111e-05	4.467890610549166e-05	2.978593740366111e-05	1.4892968701830555e-05	5.957187480732222e-05	0.0	0.0	0.0	2.978593740366111e-05	0.0	2.978593740366111e-05	0.00014892968701830554
Leq-ABas_014_Ex1_L3_fastp	60.266997489111205	23.012027967277447	9.388610989906802	4.022500672792782	1.7845501955671448	0.8127565430731084	0.37228955956241033	0.17750625109410478	0.08271105444265323	0.04056352600899321	0.020461392145438205	0.009291725563251666	0.004947966336845791	0.0023188489103369713	0.0012247441427836116	0.0005062275790172261	0.0004572378133058816	8.164960951890744e-05	3.265984380756297e-05	4.898976571134446e-05	0.0	3.265984380756297e-05	1.6329921903781487e-05	1.6329921903781487e-05	1.6329921903781487e-05	0.0	0.0	0.0	1.6329921903781487e-05	1.6329921903781487e-05	0.0
Leq-ABas_015_Ex1_L3_fastp	62.810119265888176	22.51262932185308	8.584301130368374	3.4577519234495915	1.459223632129417	0.6386236627132929	0.2914674803803987	0.13327114761615305	0.05851804729363014	0.028697645602939106	0.013360797444247863	0.006085337995615413	0.002896710706399957	0.0011452112095069597	0.0008083843831813833	0.0005613780438759607	0.0001796409740403074	6.736536526511526e-05	0.00011227560877519213	0.0	6.736536526511526e-05	0.0	0.0	0.0	2.2455121755038425e-05	0.0	0.0	0.0	0.0	0.0	8.98204870201537e-05
Leq-ABas_016_Ex1_L3_fastp	61.10947733352792	22.92148845528262	9.121026717495722	3.8084797864568793	1.6614754397411824	0.7452118673908081	0.33487443905476966	0.1542859227671007	0.0758023775847601	0.03524547531756139	0.017037292835258372	0.007873808640995902	0.004089629057068991	0.0018666356692016144	0.0008654401739025668	0.00042423537936400334	0.000254541227618402	0.00010181649104736079	3.3938830349120265e-05	0.0	1.6969415174560133e-05	3.3938830349120265e-05	0.0	1.6969415174560133e-05	1.6969415174560133e-05	0.0	0.0	0.0	0.0	0.0	0.0
Leq-ABas_017_Ex1_L3_fastp	61.91776663274551	23.099318549311413	8.836512592122094	3.5319399502860436	1.4656328437524007	0.6349867373841414	0.27913383450965806	0.12373910409016642	0.058141726172859495	0.02798958762625436	0.012748752568544111	0.006302291253593696	0.0025950611044209338	0.001585870674923904	0.0007208503067835928	0.0002677443996624773	0.0002677443996624773	0.00012357433830575875	8.238289220383917e-05	6.178716915287938e-05	0.0	2.0595723050959792e-05	0.0	2.0595723050959792e-05	0.0	0.0	2.0595723050959792e-05	0.0	0.0	0.0	2.0595723050959792e-05
Leq-ABas_018_Ex1_L3_fastp	55.84592411912303	23.687246372488392	10.65469313437425	5.01162800036255	2.4161516194873127	1.180984920887147	0.5913959681185127	0.2956764719717578	0.1511295853731573	0.07867687467803576	0.042063301755501076	0.02113921131524329	0.011014188799258378	0.006267188157911343	0.002581450499826182	0.0015632116915614105	0.0008318007166106588	0.0004732659249681334	0.00020077948331981415	0.0001147311333256081	4.302417499710304e-05	7.170695832850507e-05	4.302417499710304e-05	4.302417499710304e-05	0.0	1.4341391665701013e-05	0.0	0.0	0.0	0.0	2.8682783331402026e-05
Leq-ABas_019_Ex1_L3_fastp	64.49339714967695	22.52154625152186	8.066066935786061	2.9974819813080518	1.1515182918376115	0.4558890342310538	0.1854542384932242	0.07444591921751316	0.030934775835256105	0.013279820574868678	0.005318791186316912	0.002522136465769633	0.0011323878009577941	0.0006348234641733089	0.00015441651831242647	0.00013725912738882354	3.4314781847205884e-05	1.7157390923602942e-05	0.0	0.0	1.7157390923602942e-05	0.0	0.0	0.0	0.0	0.0	0.0	0.0	0.0	0.0	1.7157390923602942e-05
Leq-ABas_020_Ex1_L3_fastp	65.58427013925493	22.2909014800738	7.697859185527128	2.7553226610284174	1.021220544314923	0.39215830270361574	0.1527841804115125	0.06352377000723364	0.02313293358644924	0.010748635807845103	0.004840224199184906	0.0014353768314824206	0.0009346639832908785	0.000500712848191542	0.00010014256963830841	6.67617130922056e-05	3.33808565461028e-05	3.33808565461028e-05	0.0	0.0	0.00010014256963830841	0.0	0.0	0.0	0.0	0.0	0.0	0.0	0.0	0.0	3.33808565461028e-05
Leq-ABas_021_Ex1_L3_fastp	61.54132621588374	22.83148785242062	8.95888000240171	3.736789699521731	1.6066727519526405	0.7166675125071211	0.3276619135198423	0.15004971397488068	0.0687775508701554	0.03167970333158685	0.015024985650495388	0.007519640772750309	0.0036883409113490106	0.0016440279256013032	0.0010007126503660106	0.0004717645351725479	0.0001858466350679734	0.00021443842507843085	7.147947502614362e-05	1.4295895005228724e-05	2.8591790010457447e-05	1.4295895005228724e-05	0.0	0.0	2.8591790010457447e-05	2.8591790010457447e-05	0.0	0.0	0.0	0.0	7.147947502614362e-05
Leq-ABas_022_Ex1_L3_fastp	64.02308287420168	22.246584497666475	8.216513637501706	3.213314398430452	1.3087570393195092	0.552597344962755	0.24244337081896547	0.10644259187380029	0.04750836902394726	0.022934503694028222	0.01038262369397523	0.004868407282342452	0.0023845260158412013	0.000976993298157159	0.0005630130870736169	0.0003311841688668335	0.00016559208443341674	1.6559208443341677e-05	3.3118416886683354e-05	1.6559208443341677e-05	1.6559208443341677e-05	3.3118416886683354e-05	0.0	0.0	0.0	1.6559208443341677e-05	0.0	1.6559208443341677e-05	0.0	0.0	0.0
Leq-ABas_023_Ex1_L3_fastp	57.16043884433911	23.12204119698801	10.17751832215043	4.790845530026243	2.3376022580066365	1.1690167851995277	0.5958765549427907	0.307279271570056	0.16235830771748497	0.08400733083188576	0.044277297884548275	0.022637738996358243	0.012286241578317458	0.006297160929308146	0.003290297393591536	0.001675956724825651	0.0008503015736247789	0.0006654534054454792	0.0004066659699944595	0.00023414101302711305	9.858568969562653e-05	7.39392672717199e-05	3.696963363585995e-05	3.696963363585995e-05	2.4646422423906632e-05	1.2323211211953316e-05	1.2323211211953316e-05	0.0	0.0	0.0	9.858568969562653e-05
Leq-ABas_025_Ex1_L3_fastp	62.35474247402046	22.871022677513174	8.743215847552364	3.480486775223951	1.440679183914282	0.6160743844339949	0.26884453652210527	0.11999107421497422	0.05554213434174098	0.025012262108985134	0.012607806916724215	0.005924313572697292	0.003063832648580293	0.001396348507981284	0.0006913958631751989	0.0003660331040339288	0.00020335172446329382	2.7113563261772506e-05	1.3556781630886253e-05	5.422712652354501e-05	0.0	0.0	1.3556781630886253e-05	0.0	0.0	0.0	0.0	0.0	0.0	0.0	2.7113563261772506e-05
Leq-ABas_026_Ex1_L3_fastp	57.69090327282535	23.560799426598567	10.171764555013334	4.5574847882150475	2.1115128520128805	0.9922090494956096	0.4696816399858998	0.22628404984931957	0.10892760867098084	0.05546472819573917	0.027378654162292956	0.013832316204039156	0.006532345193202388	0.0033715330029431678	0.0018061783944338398	0.0009030891972169199	0.0005418535183301519	0.00012041189296225599	0.00012041189296225599	6.0205946481127994e-05	4.5154459860846e-05	1.5051486620281998e-05	3.0102973240563997e-05	3.0102973240563997e-05	1.5051486620281998e-05	0.0	0.0	0.0	0.0	0.0	0.000165566352823102
Leq-ABas_027_Ex1_L3_fastp	62.63376669940842	22.72369302694162	8.610122890420895	3.4472226961468873	1.4454819298961274	0.6243635659823663	0.28112509013345016	0.12654373645950423	0.055700775434366585	0.027335506599722764	0.012965642685142472	0.005640288604908549	0.0031360940790777824	0.0013808175422805162	0.0006553032404043128	0.0004914774303032345	0.0001638258101010782	7.021106147189064e-05	2.3403687157296883e-05	4.680737431459377e-05	0.0	0.0	2.3403687157296883e-05	0.0	0.0	0.0	2.3403687157296883e-05	0.0	0.0	0.0	2.3403687157296883e-05
Leq-ABas_028_Ex1_L3_fastp	64.85614222671471	22.10149649790414	7.951980360912923	3.017845608610998	1.2072621605252845	0.4964428052968356	0.20683088482770323	0.08868922503364017	0.04029517933788891	0.0176581840261589	0.007877585856281412	0.0037396404767178616	0.0019251403637541653	0.0007302256552170972	0.0005089451536361586	0.0002434085517390324	6.638415047428156e-05	4.425610031618771e-05	4.425610031618771e-05	4.425610031618771e-05	0.0	2.2128050158093854e-05	2.2128050158093854e-05	0.0	0.0	6.638415047428156e-05	0.0	0.0	0.0	2.2128050158093854e-05	0.0
Leq-ABas_029_Ex1_L3_fastp	56.1431865626262	23.551068215113876	10.600780457256786	4.964472800723185	2.3966287839058604	1.1699015523945064	0.5801909527367216	0.29080291378091155	0.14534763013080518	0.07501912387875015	0.03863223435494473	0.02025424070281139	0.010903763597792918	0.0056133620778482584	0.0031834683564783274	0.0018916261248639336	0.0009227444511531384	0.0005382675965059973	0.00021530703860239892	0.00018454889023062767	0.00015379074185885639	0.0	3.075814837177128e-05	3.075814837177128e-05	1.537907418588564e-05	1.537907418588564e-05	1.537907418588564e-05	0.0	0.0	0.0	0.0
Leq-ABas_030_Ex1_L3_fastp	63.034512450365824	22.739538675540086	8.544228343590847	3.3339298512249793	1.360821569395347	0.5587557155491466	0.24126987420388635	0.10429553398293268	0.045266198270443925	0.01998767196357264	0.008973703935202595	0.0043053030440567365	0.0019538122248128967	0.0011411646622800989	0.0004841304627854965	0.00029393635240548003	0.00012103261569637412	5.187112101273176e-05	0.0	0.0	0.0	3.458074734182118e-05	1.729037367091059e-05	0.0	0.0	0.0	0.0	0.0	1.729037367091059e-05	0.0	0.0
Leq-ABas_031_Ex1_L3_fastp	60.62437116091589	23.34008368054318	9.267657676417308	3.8187298841841772	1.6226158830448412	0.7119286983242005	0.32335382512379807	0.1495925716790574	0.07103653941996414	0.034736617647702535	0.016602289802817326	0.008848301345004337	0.004830609744887526	0.0028452135066975074	0.0013131754646296188	0.0005158903611044932	0.0003282938661574047	0.0002501286599294512	0.0001094312887191349	7.81652062279535e-05	0.0	0.0	1.56330412455907e-05	1.56330412455907e-05	1.56330412455907e-05	0.0	0.0	1.56330412455907e-05	0.0	3.12660824911814e-05	7.81652062279535e-05
Leq-ABas_032_Ex1_L3_fastp	64.26706164323281	22.476652090364794	8.110013913988121	3.0698242474864923	1.217271486906975	0.4906746043530212	0.20956021106931455	0.09000627938229883	0.03830801153073847	0.01667032918973291	0.007734492814345716	0.003725514863454481	0.0012553365300770533	0.0006479156284268663	0.00026996484517786094	0.00013498242258893047	0.00010798593807114438	1.3498242258893048e-05	0.0	1.3498242258893048e-05	2.6996484517786095e-05	0.0	1.3498242258893048e-05	1.3498242258893048e-05	0.0	0.0	0.0	0.0	0.0	0.0	0.0
Leq-ABas_033_Ex1_L3_fastp	57.45675311589204	23.82232463062549	10.293238758049313	4.574790437976503	2.0753881547346027	0.9552055531678988	0.4366980031565223	0.20405436152654333	0.09615474904925114	0.04462470249596406	0.021308331557639035	0.010271338127106002	0.004781734064798997	0.0023547512162001107	0.0010545818330221354	0.0004767287738319242	0.00024558755015583974	5.7785305919021116e-05	7.223163239877639e-05	1.4446326479755279e-05	0.0	4.3338979439265834e-05	1.4446326479755279e-05	1.4446326479755279e-05	0.0	1.4446326479755279e-05	0.0	2.8892652959510558e-05	0.0	0.0	1.4446326479755279e-05
Leq-ABas_034_Ex1_L3_fastp	61.9949053513292	22.81159202705925	8.843490855139404	3.5774750761184255	1.5226022760980613	0.6682732793028014	0.3034606934893746	0.14166520776265076	0.06783254310087321	0.03354613418141978	0.01696138259424477	0.008519653125439943	0.004246839286614118	0.0022987478707360825	0.0014415876477497467	0.000701312909716093	0.0003896182831756072	0.0001428600371643893	0.0001428600371643893	0.00012987276105853572	6.493638052926786e-05	1.2987276105853575e-05	5.19491044234143e-05	0.0	0.0	0.0	1.2987276105853575e-05	0.0	0.0	0.0	3.8961828317560716e-05
Leq-ABas_035_Ex1_L3_fastp	58.514332515226585	22.71350170885425	9.807633473620491	4.524267695299676	2.18798297340912	1.0894065228207026	0.5555174991423661	0.2832443313607982	0.1529003580911376	0.07978655901462577	0.04183779544019884	0.021955972884305258	0.011926364388367182	0.007082131713458315	0.0036707002522548882	0.002115087505946125	0.0012144696001884204	0.0007368691956199404	0.00035478887196515647	0.00020468588767220565	4.0937177534441125e-05	0.00012281153260332338	2.729145168962742e-05	2.729145168962742e-05	1.364572584481371e-05	2.729145168962742e-05	0.0	0.0	0.0	0.0	6.822862922406856e-05
Leq-ABas_036_Ex1_L3_fastp	60.5272990541874	23.025511221683356	9.342261342403056	3.9528812643026603	1.7260456687871344	0.7706050156410741	0.3526294587558523	0.1612001637588965	0.0732847305326363	0.03521537968969789	0.017255043983960026	0.007741806806491571	0.004248152463731603	0.0016402133064600784	0.0009021173185530431	0.0004920639919380235	0.0003608469274212173	0.00018042346371060865	3.280426612920157e-05	6.560853225840314e-05	1.6402133064600784e-05	3.280426612920157e-05	1.6402133064600784e-05	0.0	1.6402133064600784e-05	0.0	0.0	0.0	1.6402133064600784e-05	1.6402133064600784e-05	3.280426612920157e-05
Leq-ABas_039_Ex1_L3_fastp	59.37731951771427	23.400951598140136	9.651791881448549	4.172142866107556	1.8461682090301197	0.8369915336433694	0.3768036228458417	0.17995769353819108	0.0814906917637153	0.04073433660169503	0.01845155355255159	0.008499164285542855	0.004293619263421909	0.0022679117134997775	0.0009688166543105845	0.0004623897668300517	0.00030825984455336785	0.00015412992227668393	6.605568097572167e-05	4.4037120650481114e-05	4.4037120650481114e-05	0.0	4.4037120650481114e-05	0.0	0.0	0.0	0.0	0.0	0.0	0.0	4.4037120650481114e-05
Leq-ABas_040_Ex1_L3_fastp	62.255150206630006	22.910860786226937	8.7449972071605	3.5150667924865098	1.46263896089657	0.6220460833559802	0.2693393689419534	0.11908426954461172	0.05433585407572389	0.024318261359636502	0.01193349732699688	0.0051644967423557925	0.002640745907094548	0.0011030963915711401	0.00048469386902368284	0.00036769879719038	0.0001504222352142464	8.35679084523591e-05	3.3427163380943645e-05	6.685432676188729e-05	1.6713581690471823e-05	3.3427163380943645e-05	1.6713581690471823e-05	0.0	1.6713581690471823e-05	0.0	1.6713581690471823e-05	0.0	0.0	0.0	3.3427163380943645e-05
Leq-ABas_041_Ex1_L3_fastp	76.53213975878738	18.35254075853927	4.003503460999852	0.865541362986201	0.18416482252072686	0.04495886264068377	0.010823429894979428	0.003996343345838558	0.0014986287546894593	0.0004995429182298197	0.0	0.0	0.0001665143060766066	0.0001665143060766066	0.0	0.0	0.0	0.0	0.0	0.0	0.0	0.0	0.0	0.0	0.0	0.0	0.0	0.0	0.0	0.0	0.0
Leq-ABas_042_Ex1_L3_fastp	56.9431817679501	23.483827999640475	10.318710188853837	4.7584772047805055	2.263903234694765	1.1052745578503933	0.5516353236389248	0.2772321869294933	0.14295544393249768	0.07395314090880292	0.03839846288271377	0.019803351540432577	0.01037318414022659	0.005643365803560772	0.0028879887663130844	0.0017828910241014452	0.0008693435572064897	0.00041256982375901207	0.00025048882156797163	0.00011787709250257489	0.00010314245593975302	2.9469273125643723e-05	8.840781937693116e-05	0.0	1.4734636562821861e-05	0.0	1.4734636562821861e-05	0.0	0.0	1.4734636562821861e-05	4.420390968846558e-05
Leq-ABas_043_Ex1_L3_fastp	62.16862074589435	23.039583614915138	8.840296972196086	3.4907620038725597	1.4208913248594848	0.5901238329620572	0.25078597584022755	0.10965305755399547	0.04748839059265726	0.021831766896895827	0.011087787124801424	0.0043190798683819505	0.0019554043185211816	0.001203325734474573	0.000558686948148909	0.00017190367635351047	0.0003652953122512097	0.00015041571680932163	2.148795954418881e-05	4.297591908837762e-05	0.0	4.297591908837762e-05	2.148795954418881e-05	0.0	0.0	2.148795954418881e-05	0.0	0.0	0.0	0.0	0.0
Leq-ABas_044_Ex1_L3_fastp	62.120037019706146	22.72341257777718	8.807198714270744	3.598138016685844	1.5390465558081408	0.6657166187146649	0.2976335609367397	0.13274127396346377	0.061669248431487085	0.02806566847649591	0.013786416631476504	0.006238256255635182	0.003060766063055931	0.0016211684656016584	0.0008300382543880491	0.00037611108401958474	0.00012969347724813268	0.00010375478179850614	5.187739089925307e-05	7.78160863488796e-05	0.0	1.2969347724813267e-05	1.2969347724813267e-05	0.0	0.0	0.0	1.2969347724813267e-05	1.2969347724813267e-05	0.0	0.0	1.2969347724813267e-05
Leq-ABas_045_Ex1_L3_fastp	80.17580249778796	16.241838259215438	2.927969464573227	0.5329608961700171	0.09366186822272461	0.020100002693814793	0.005594846110649479	0.001036082613083237	0.0006216495678499421	0.00041443304523329467	0.0	0.0	0.0	0.0	0.0	0.0	0.0	0.0	0.0	0.0	0.0	0.0	0.0	0.0	0.0	0.0	0.0	0.0	0.0	0.0	0.0
Leq-ABas_046_Ex1_L3_fastp	61.139071344112686	22.762608065574405	9.09951167842614	3.840583969690006	1.700510447765074	0.765101161610596	0.36041716824903114	0.171752392899919	0.08220775482562553	0.0390241309801195	0.01984424721194826	0.009604384567645992	0.004592773372197632	0.0021519598504951168	0.0015598098245199505	0.0007076914944581257	0.0004043951396903575	0.00014442683560369912	8.665610136221947e-05	4.3328050681109736e-05	1.444268356036991e-05	0.0	2.888536712073982e-05	0.0	0.0	0.0	0.0	0.0	0.0	0.0	2.888536712073982e-05
Leq-ABas_047_Ex1_L3_fastp	79.45546088303641	16.787503227472243	3.0583526981667957	0.5701006971340047	0.09992254066615028	0.021430415698424993	0.004647560030983733	0.001549186676994578	0.000774593338497289	0.0002581977794990963	0.0	0.0	0.0	0.0	0.0	0.0	0.0	0.0	0.0	0.0	0.0	0.0	0.0	0.0	0.0	0.0	0.0	0.0	0.0	0.0	0.0
Leq-ABas_048_Ex1_L3_fastp	62.00847584926284	23.061820645660283	8.859387834024208	3.538475305939167	1.459974623588557	0.6065409777908459	0.26052370009811787	0.11374640847073562	0.049330593277488184	0.022404111362176363	0.010626771794470243	0.004346589365557754	0.002061433927047611	0.001230468313043923	0.00031960215923218776	0.00038352259107862535	0.00011186075573126572	9.588064776965634e-05	3.196021592321878e-05	1.598010796160939e-05	0.0	0.0	1.598010796160939e-05	0.0	0.0	1.598010796160939e-05	0.0	1.598010796160939e-05	1.598010796160939e-05	0.0	3.196021592321878e-05
Leq-ABas_052_Ex1_L3_fastp	65.42722841393837	22.083798315917623	7.801678285192539	2.8773557104692338	1.0891365575346503	0.428412005971101	0.17142277424310498	0.06981743696768551	0.029430378218041807	0.012154765528002822	0.005314086677584699	0.002260902331917854	0.0010048454808523795	0.000386479031097069	0.00030918322487765527	0.00013526766088397418	3.864790310970691e-05	1.9323951554853455e-05	0.0	3.864790310970691e-05	0.0	1.9323951554853455e-05	0.0	0.0	0.0	0.0	0.0	0.0	0.0	0.0	3.864790310970691e-05
Leq-ABas_053_Ex1_L3_fastp	59.2452492510677	23.67656898937878	9.687835769858895	4.0825859334500825	1.790509263605911	0.8035101818921617	0.36827280211209723	0.17411308194659073	0.08603996403519144	0.04204873016590406	0.021004940045918196	0.010347069726688434	0.005749810962014599	0.0026677050859797466	0.0017094032589773135	0.0006604512591503256	0.0005050509628796607	0.00028490054316288553	9.06501728245545e-05	7.770014813533243e-05	6.475012344611035e-05	1.2950024689222071e-05	0.0	2.5900049378444143e-05	0.0	0.0	0.0	1.2950024689222071e-05	0.0	1.2950024689222071e-05	3.8850074067666214e-05
Leq-ABas_054_Ex1_L3_fastp	78.89931854218865	16.99377852015929	3.2777757604367137	0.6499872907512981	0.14161734267765716	0.02753670552065556	0.0069598266700558	0.0018156069574058607	0.0003026011595676435	0.0009078034787029304	0.0	0.0	0.0	0.0	0.0	0.0	0.0	0.0	0.0	0.0	0.0	0.0	0.0	0.0	0.0	0.0	0.0	0.0	0.0	0.0	0.0
Leq-ABas_055_Ex1_L3_fastp	78.32973551329941	17.471139226249697	3.370938374035628	0.6592457717793254	0.12464100013139863	0.0345390723255683	0.0071330692846282365	0.001877123495954799	0.00037542469919095976	0.00037542469919095976	0.0	0.0	0.0	0.0	0.0	0.0	0.0	0.0	0.0	0.0	0.0	0.0	0.0	0.0	0.0	0.0	0.0	0.0	0.0	0.0	0.0
Leq-ABas_056_Ex1_L3_fastp	62.54567516126326	22.719145541169247	8.645082319846669	3.4758274939363956	1.4590611768121886	0.632745997221597	0.2782398830033924	0.12877085633685006	0.06070930525272679	0.02852991045444072	0.013199412353104926	0.006593046533589242	0.0031966286223462986	0.0014651214519087203	0.0007458800118808031	0.0004661750074255019	0.00025306643260241535	7.991571555865746e-05	3.995785777932873e-05	3.995785777932873e-05	2.6638571852885823e-05	3.995785777932873e-05	0.0	0.0	1.3319285926442911e-05	3.995785777932873e-05	0.0	1.3319285926442911e-05	0.0	0.0	0.0
Leq-ABas_058_Ex1_L3_fastp	62.59906512669835	22.59062508932749	8.669513110642722	3.506481978790081	1.4789623417869109	0.6384489588363881	0.2823425692316256	0.12729261353806065	0.05732003989835848	0.025711272489841112	0.012652533741343695	0.006108119737200405	0.002858479679970633	0.0011433918719882532	0.000646919085467038	0.0003610711174699747	0.0001955801886295696	9.026777936749367e-05	6.017851957832912e-05	3.008925978916456e-05	4.5133889683746836e-05	0.0	1.504462989458228e-05	0.0	0.0	0.0	1.504462989458228e-05	0.0	0.0	0.0	1.504462989458228e-05
Leq-CMig_004-Ex1_L3_fastp	59.54142844686561	23.083563685456895	10.016347445877596	4.260614435297087	1.8157156064117097	0.7564519286348237	0.30916363556571347	0.12825036133572087	0.05439524555526748	0.020383780977717005	0.008372941194812935	0.0031181987897924033	0.0012703772847302381	0.0005774442203319264	0.00017323326609957793	0.0001154888440663853	0.0	0.0	0.0	0.0	0.0	0.0	0.0	0.0	0.0	0.0	0.0	0.0	0.0	0.0	5.774442203319265e-05
Leq-CMig_005-Ex1_L3_fastp	51.995367657206636	24.900442632754825	12.196062508625637	5.8377119906873105	2.741402863811922	1.2840950230317043	0.5879635092996882	0.2550188713964834	0.11132823828963344	0.0496036706716297	0.022121637001138086	0.010760796298926121	0.00464034338541052	0.0018401361700765857	0.0006000444032858431	0.0003600266419715059	0.00028002072153339344	0.00012000888065716863	0.00016001184087622482	8.000592043811241e-05	4.0002960219056205e-05	0.0	0.0	0.0	0.0	0.0	0.0	0.0	0.0	0.0	0.0
Leq-CMig_006-Ex1_L3_fastp	58.08043241272701	24.2589989589285	10.284734807191455	4.299379913980153	1.7915543512932772	0.7576336479916435	0.3107791210832752	0.12612037871166526	0.052509262732094095	0.02257407556706849	0.008272487319608949	0.00329497376289509	0.0019629630927885645	0.0009814815463942822	0.00021031747422734618	0.00021031747422734618	0.0	7.010582474244873e-05	0.0	0.0	0.0	0.0	0.0	0.0	0.0	0.0	0.0	0.0	0.0	0.0	0.0002804232989697949
Leq-CMig_007-Ex1_L3_fastp	60.399894514278465	22.95358473581395	9.749811687879815	4.074424662004878	1.6804633328847869	0.6836077972818093	0.27307190816246035	0.11232991974114237	0.04388793766134134	0.016975158267250087	0.006960201567437392	0.0028227484134607204	0.0011213658080871357	0.0005026812243149228	0.00023200671891457976	0.00023200671891457976	3.866778648576329e-05	0.0	3.866778648576329e-05	0.0	0.0	0.0	0.0	0.0	0.0	0.0	0.0	0.0	0.0	0.0	0.0
Leq-CMig_008-Ex1_L3_fastp	59.385962525483706	23.625391892177877	9.989005352206638	4.140326372743754	1.6999378212860814	0.6946984836254322	0.27879645389856506	0.1119116074658798	0.04479487574838683	0.01738383817007138	0.0068023714578540175	0.002519396836242229	0.0013604742915708035	0.0005542673039732903	0.0004031034937987566	5.038793672484457e-05	5.038793672484457e-05	0.0	0.0	0.0	0.0	0.0	0.0	0.0	0.0	0.0	0.0	0.0	0.0	0.0	5.038793672484457e-05
Leq-CMig_009-Ex1_L3_fastp	52.76116838096886	24.782573069333072	11.990233143580301	5.675520037874736	2.6237472771843415	1.1925192844770487	0.5401815893277007	0.24155386565849463	0.11016449562187174	0.0468312912690085	0.021111068117621083	0.008194053393362362	0.0036987046567260656	0.0013656755655603937	0.0006259346342151803	0.000284515742825082	0.0001138062971300328	5.69031485650164e-05	0.0	0.0	0.0	0.0	5.69031485650164e-05	0.0	0.0	0.0	0.0	0.0	0.0	0.0	0.0
Leq-CMig_012-Ex1_L3_fastp	55.075235578887984	24.63709770263814	11.214857443832353	5.0821072294080745	2.262320041906275	0.9810630263468435	0.4288845332458367	0.18405949770033558	0.07850231117711733	0.031911801106371714	0.01316766539451189	0.006439923785840515	0.0022305881269391726	0.0012232257470311592	0.0004317267342462915	0.0003597722785385762	3.597722785385762e-05	7.195445570771524e-05	0.0	0.0	0.0	0.0	0.0	0.0	0.0	0.0	0.0	0.0	0.0	0.0	0.0
Leq-CMig_014-Ex1_L3_fastp	54.702815043337964	24.966828718822615	11.382493642012333	5.070042655866915	2.209538848695517	0.9631293874306566	0.4037712755376948	0.1752495372025159	0.0743067183180922	0.031018291646629254	0.01242255906240926	0.005296735305751188	0.0017528764321190979	0.0008383322066656556	0.0003429540845450409	7.621201878778687e-05	3.8106009393893436e-05	0.0	0.0	0.0	0.0	0.0	0.0	0.0	0.0	0.0	0.0	0.0	0.0	0.0	3.8106009393893436e-05
Leq-CMig_015-Ex1_L3_fastp	54.43980002061644	23.22456447788888	11.607463148129058	5.669106277703329	2.710545304607772	1.2851252448201216	0.5833419235130399	0.2662096691062777	0.1225646840531904	0.05143799608287805	0.023399649520667972	0.009844345943717143	0.0044325327285846825	0.0014431501907019896	0.0003607875476754974	0.00025770539119678384	5.1541078239356766e-05	5.1541078239356766e-05	0.0	0.0	0.0	0.0	0.0	0.0	0.0	0.0	0.0	0.0	0.0	0.0	0.0
Leq-CMig_016-Ex1_L3_fastp	62.14717377776638	21.251960631224204	9.413360492785577	4.123210377769646	1.7558865549058316	0.7622281627050069	0.3202267223839411	0.13086412272094827	0.05383724371957088	0.02668556019866176	0.008856343122699973	0.003612455747417094	0.001398369966742101	0.0002330616611236835	0.0002330616611236835	0.00011653083056184175	0.00011653083056184175	0.0	0.0	0.0	0.0	0.0	0.0	0.0	0.0	0.0	0.0	0.0	0.0	0.0	0.0
Leq-CMig_017-Ex1_L3_fastp	48.99548704212751	25.145883332723727	13.081036292171818	6.56608641582799	3.2564901905064696	1.5753852473545458	0.7377870187749176	0.35071084713621314	0.16283506039316756	0.07076115367409354	0.031582264413188864	0.015685623528153933	0.004642381851381883	0.0033059385911355828	0.0016177997360876258	0.0004923738327223208	7.033911896033155e-05	7.033911896033155e-05	0.0	0.0	0.0	0.0	0.0	7.033911896033155e-05	0.0	0.0	0.0	0.0	0.0	0.0	0.0
Leq-CMig_020-Ex1_L3_fastp	62.79875790324252	20.90305849404229	9.196952293923413	4.008681139463014	1.7825526865207542	0.7548403063782261	0.31782193087663857	0.13770520931826402	0.058381932061199494	0.024748862504204133	0.010047615119228174	0.0041248104173673555	0.0013749368057891186	0.0006345862180565162	0.00010576436967608605	0.00010576436967608605	0.0	0.00010576436967608605	0.0	0.0	0.0	0.0	0.0	0.0	0.0	0.0	0.0	0.0	0.0	0.0	0.0
Leq-CMig_021-Ex1_L3_fastp	56.62613968837178	23.36141446100111	10.924068970991813	5.0091713728425304	2.2875983760858225	1.0134579619423465	0.44155836792089087	0.19228697466603162	0.0839882288902497	0.03508369054909165	0.01573450364019868	0.005173958404209476	0.002197160418225942	0.0012757705654215146	0.00035438071261708736	0.00028350457009366993	0.00014175228504683497	0.0	7.087614252341748e-05	0.0	0.0	0.0	0.0	0.0	0.0	0.0	0.0	0.0	0.0	0.0	0.0
Leq-CMig_022-Ex1_L3_fastp	50.557037012033554	24.317437680376703	12.567087475316871	6.391284535282105	3.1877099120689945	1.5584969030058564	0.7527299117314475	0.3586859293514033	0.16725456110445394	0.07767801387318357	0.03565340669355791	0.015484970717793794	0.007552615145735938	0.003586437359707009	0.0012236080403706267	0.0005907073298340956	0.0002953536649170478	0.000210966903512177	0.0	0.0	0.0	0.0	0.0	0.0	0.0	0.0	0.0	0.0	0.0	0.0	0.0
Leq-CMig_025-Ex1_L3_fastp	55.99242304373916	24.100482739884704	11.071760164555489	4.960846421843606	2.1972874616002365	0.9609419547830655	0.40879141875371305	0.18040798535957703	0.07364992551416126	0.030839227019103604	0.014210524744524023	0.004985625278015781	0.002000220919922499	0.0008359132202661189	0.00032839447939026097	0.00014927021790466408	2.985404358093282e-05	0.0	0.0	2.985404358093282e-05	0.0	0.0	0.0	0.0	0.0	0.0	0.0	0.0	0.0	0.0	0.0
Leq-CMig_026-Ex1_L3_fastp	55.36424252199114	24.302056772449387	11.242774159524028	5.094953560054479	2.2644273601425455	0.9834247283749603	0.4324943934134128	0.18240607047402538	0.07686655811905421	0.03273708949033824	0.014048467532999499	0.005280175724248103	0.0023680788096627856	0.0009600319498632914	0.0005760191699179749	0.00022400745496810136	6.40021299908861e-05	3.200106499544305e-05	3.200106499544305e-05	3.200106499544305e-05	0.0	0.0	0.0	0.0	0.0	0.0	0.0	0.0	0.0	0.0	0.0
Leq-CMig_028-Ex1_L3_fastp	53.14113232478302	24.92330864734994	11.795346069557922	5.494923795402949	2.545677090711008	1.1691431952934561	0.5225239316945166	0.22844698165040775	0.10167175936990855	0.04419084538509204	0.019251457395485644	0.009024120654133896	0.0032268067793569683	0.0012579077275459369	0.0004375331226246737	0.00038284148229658947	5.469164032808421e-05	0.0	0.0	0.0	0.0	0.0	0.0	0.0	0.0	0.0	0.0	0.0	0.0	0.0	0.0
Leq-CMig_029-Ex1_L3_fastp	57.27494531983033	24.20947132836465	10.623604195814195	4.570451813522547	1.9370246519576413	0.8087024294441094	0.3380914813340611	0.14213268948575614	0.055772581340973064	0.024986434233242205	0.008063984339186276	0.0040518541999852225	0.0014697902490142475	0.000794481215683377	0.0003177924862733508	7.94481215683377e-05	0.0	3.972406078416885e-05	0.0	0.0	0.0	0.0	0.0	0.0	0.0	0.0	0.0	0.0	0.0	0.0	0.0
Leq-CMig_030-Ex1_L3_fastp	54.36238843343867	23.388961985837938	11.445482795977044	5.660702705336827	2.7126465218972218	1.3121839494094143	0.598457841803208	0.2856403855020636	0.1278259467929182	0.05847755923664294	0.026052502352222333	0.011995396766490859	0.004685701861910491	0.0024365649681934555	0.001124568446858518	0.00037485614895283934	0.00018742807447641967	0.00018742807447641967	0.0	0.0	0.0	0.0	0.0	0.0	0.0	0.0	0.0	0.0	0.0	0.0	0.00018742807447641967
Leq-CMig_032-Ex1_L3_fastp	51.9180966930102	23.707924663808136	12.246969784575496	6.198498510378659	3.070932755540813	1.4936687289071748	0.727769037178149	0.3377590860815503	0.160465236589604	0.07589613124492176	0.03426585556607133	0.014850566177835528	0.007790460945749786	0.002769265414309494	0.0010955335704960637	0.0004260408329706914	0.00033474636876268615	0.00033474636876268615	6.08629761386702e-05	3.04314880693351e-05	3.04314880693351e-05	0.0	0.0	0.0	3.04314880693351e-05	0.0	0.0	0.0	0.0	0.0	0.0
Leq-CMig_033-Ex1_L3_fastp	53.569974390325584	22.938883498799527	11.778375857088415	5.939239699084844	2.977621020676804	1.4591172752396944	0.6961018886912632	0.3339748099425516	0.16494266123693366	0.07521100866319397	0.035738564400241105	0.015824538465778398	0.007941903200053578	0.003556076059725483	0.0017780380298627414	0.0008890190149313707	0.00035560760597254826	0.00035560760597254826	5.9267934328758046e-05	5.9267934328758046e-05	0.0	0.0	0.0	0.0	0.0	0.0	0.0	0.0	0.0	0.0	0.0
Leq-CMig_036-Ex1_L3_fastp	54.994133468918214	25.015060562416036	11.272691592494791	4.987523068703881	2.1491605747448306	0.916981974792553	0.38725795183359757	0.16170791078540156	0.06597657274164039	0.029404334447384876	0.011659790257576234	0.0046830305132888154	0.0021981571797069954	0.0009557205129160848	0.00031857350430536163	0.00015928675215268082	6.371470086107232e-05	0.0	3.185735043053616e-05	3.185735043053616e-05	0.0	0.0	0.0	0.0	0.0	0.0	0.0	0.0	0.0	0.0	0.0
Leq-CMig_037-Ex1_L3_fastp	54.79898370946047	24.33077406999336	11.385304105132544	5.234313360883936	2.374310510821548	1.0549749229266665	0.4615015657964708	0.20402275879087842	0.08956842408928342	0.03812827366160028	0.016822319464188273	0.006534289378651643	0.0024329800877958244	0.001181733185500829	0.000695137167941664	0.0002780548671766656	0.0001390274335883328	0.0	3.47568583970832e-05	0.0	0.0	0.0	0.0	0.0	0.0	0.0	0.0	0.0	0.0	0.0	0.0
Leq-CMig_038-Ex1_L3_fastp	51.459660024320705	25.14599492504544	12.366441798703754	5.911814309109467	2.7790775100329332	1.2835855813702377	0.5883823646614512	0.2613318799184511	0.11286246461800298	0.05180361416976674	0.022398957243379293	0.00964087112340572	0.003952757160596346	0.001831765513447087	0.0006427247415603814	0.0003213623707801907	0.0001285449483120763	3.2136237078019073e-05	3.2136237078019073e-05	3.2136237078019073e-05	0.0	0.0	0.0	0.0	0.0	3.2136237078019073e-05	0.0	0.0	0.0	0.0	0.0
Leq-CMig_040-Ex1_L3_fastp	51.66969994988489	24.82604780152908	12.154120931915038	5.9208558003534435	2.8529818492853884	1.3700266401395687	0.6412473764926202	0.30178341981016543	0.13855133407940798	0.0669206334851859	0.03135020667774475	0.01465772884332056	0.006292649657672322	0.0030144429497831484	0.0013188187905301275	0.0004898469793397617	0.00045216644246747227	0.00011304161061686807	7.536107374457872e-05	0.0	0.0	0.0	0.0	0.0	0.0	0.0	0.0	0.0	0.0	0.0	0.0
Leq-CMig_041-Ex1_L3_fastp	50.98233301379786	25.22223619888698	12.517404562272546	6.0378324217174235	2.8487093514008235	1.3273445734635188	0.5941624772818953	0.25908398867022636	0.11577016001353327	0.05330892718495031	0.023769969159766292	0.010713836464347214	0.004207458044703158	0.001908537669762257	0.0006506378419644058	0.0003470068490476831	8.675171226192077e-05	8.675171226192077e-05	4.3375856130960386e-05	0.0	0.0	0.0	0.0	0.0	0.0	0.0	0.0	0.0	0.0	0.0	0.0
Leq-CMig_042-Ex1_L3_fastp	63.304622716550085	20.96926496041622	9.054120024716394	3.883204801261765	1.633944756813224	0.680451859362358	0.27884461104112684	0.11600318172352463	0.04724791156720366	0.019049374750361017	0.007851892818249166	0.003482143771571369	0.001365546577086811	0.0004096639731260434	6.827732885434057e-05	0.0	6.827732885434057e-05	0.0	0.0	0.0	0.0	0.0	0.0	0.0	0.0	0.0	0.0	0.0	0.0	0.0	0.0
Leq-CMig_045-Ex1_L3_fastp	57.5343007790907	23.47577684650165	10.631174494583217	4.723444062799718	2.084091241962231	0.9015175496203764	0.3746627798749864	0.16093254652574684	0.06697156248080621	0.026871305933656813	0.012284025569671685	0.004724625219104495	0.0020079657181194103	0.000944925043820899	0.00017717344571641856	5.9057815238806184e-05	5.9057815238806184e-05	0.0	0.0	0.0	0.0	0.0	0.0	0.0	0.0	0.0	0.0	0.0	0.0	0.0	0.0
Leq-CMig_046-Ex1_L3_fastp	51.93984030117197	25.010130567610567	12.220685778737199	5.831705595434615	2.7374007484482026	1.2547898444094205	0.5593287121761019	0.24980952665506398	0.10980228119841345	0.05046609947937286	0.021381566661935955	0.007889704728967634	0.003734771469333792	0.0016339625178335337	0.0007936389372334307	0.00037347714693337914	0.0001400539301000172	4.668464336667239e-05	0.0	4.668464336667239e-05	0.0	0.0	0.0	0.0	0.0	0.0	0.0	0.0	0.0	0.0	0.0
Leq-CMig_047-Ex1_L3_fastp	51.01409796362748	25.161076733360737	12.472776154555453	6.032239787586238	2.8619421639096574	1.3492717718551765	0.6102674058191595	0.2736049237332385	0.12367102529634608	0.054969837690111434	0.02617399708930932	0.011420572583960094	0.004354926510615133	0.002444091409018697	0.0011998266917000878	0.0003110661793296524	0.0001333140768555653	0.0	0.0	0.0	0.0	0.0	0.0	0.0	0.0	0.0	0.0	0.0	0.0	0.0	4.4438025618521766e-05
Leq-CMig_049-Ex1_L3_fastp	52.889068335374404	24.668357351369874	11.951605837199788	5.670565169678139	2.622995143378063	1.2107938747861944	0.5498942358158156	0.2459758282210363	0.10619794023709107	0.04746014143339025	0.02139863193340977	0.008458243027732916	0.004048389825239687	0.0017711705485423627	0.0007229267545070868	0.00043375605270425213	0.00014458535090141735	3.614633772535434e-05	0.0	3.614633772535434e-05	0.0	0.0	0.0	0.0	0.0	0.0	0.0	0.0	3.614633772535434e-05	0.0	0.0
Leq-CMig_050-Ex1_L3_fastp	52.68124361225151	25.052733798437927	11.986837711287876	5.579107435455052	2.58352448326352	1.1755352233137923	0.5234848060545855	0.23375948503008637	0.10645721098109501	0.04489058026338895	0.018360499995157206	0.008717026373847572	0.003411010320201224	0.0013896708711930914	0.0002947786696470194	0.0001263337155630083	8.422247704200554e-05	0.0	0.0	0.0	0.0	0.0	0.0	0.0	0.0	0.0	0.0	0.0	0.0	0.0	4.211123852100277e-05
Leq-CMig_051-Ex1_L3_fastp	55.958722463646794	24.295658967770425	11.041910820916346	4.909581037373495	2.163018607890095	0.9358538544221945	0.4021963570366165	0.17139931624678204	0.0723545811222967	0.029504752060601207	0.011549557550037972	0.004610117509468939	0.0023293225311000953	0.0005338030800437719	0.0003882204218500159	0.00024263776365625992	4.852755273125199e-05	4.852755273125199e-05	4.852755273125199e-05	0.0	0.0	0.0	0.0	0.0	0.0	0.0	0.0	0.0	0.0	0.0	0.0
Leq-CMig_054-Ex1_L3_fastp	57.98485127557696	23.952139711128716	10.479824848462089	4.4501985833612	1.851060392827275	0.7619664133931556	0.31395424386620907	0.1233285229844668	0.049116821140261314	0.019730179365808852	0.008643129933662487	0.0026227428764217203	0.0014305870235027567	0.0007152935117513783	0.00011921558529189637	0.00011921558529189637	5.9607792645948186e-05	0.0	5.9607792645948186e-05	0.0	0.0	0.0	0.0	0.0	0.0	0.0	0.0	0.0	0.0	0.0	5.9607792645948186e-05
Leq-CMig_055-Ex1_L3_fastp	53.8526136195773	24.222060411231077	11.755077690650001	5.53821074725804	2.54942557889782	1.1624267278825196	0.5133144954940706	0.2293219565323746	0.09998399306144339	0.045883390640073296	0.018524350258414684	0.00821721178129677	0.003134890043731716	0.0009024683459227668	0.0006649766759430913	4.7498333995935094e-05	9.499666799187019e-05	4.7498333995935094e-05	0.0	0.0	0.0	0.0	0.0	0.0	0.0	0.0	4.7498333995935094e-05	0.0	0.0	0.0	0.0
Leq-CMig_058-Ex1_L3_fastp	56.0097836708349	23.694561363425937	11.06957610087945	5.083672100485121	2.308234922669168	1.0347191091317591	0.44855146651817085	0.19996309808249912	0.08792514639203824	0.03623581790702182	0.01665248984697694	0.006128116263687514	0.0026643983755163104	0.0007327095532669854	0.00046626971571535434	6.660995938790777e-05	6.660995938790777e-05	0.0	0.0	0.0	0.0	0.0	0.0	0.0	0.0	0.0	0.0	0.0	0.0	0.0	0.0
Leq-CMig_059-Ex1_L3_fastp	57.59155207108011	23.09106542547157	10.652105115451446	4.814686546488091	2.1573626793572696	0.9602741934520789	0.41433544511652626	0.18193977536677552	0.07708705283836798	0.03522955939166313	0.014390379344730194	0.005732267290846882	0.002507866939745511	0.0009553778818078139	0.00047768894090390696	0.00017913335283896507	0.0	5.971111761298837e-05	0.0	0.0	0.0	0.0	0.0	0.0	0.0	0.0	0.0	0.0	0.0	0.0	5.971111761298837e-05
Leq-CMig_062-Ex1_L3_fastp	56.26869490262338	24.364502093142253	10.956286123445597	4.823070239603831	2.072365370944644	0.8838761079573747	0.36642867690743813	0.1549251517055933	0.06516386264591038	0.02695843592992867	0.009873312522107635	0.004807873923808935	0.002017589950169821	0.000729766577720999	0.00017170978299317627	4.292744574829407e-05	8.585489149658813e-05	0.0	0.0	0.0	0.0	0.0	0.0	0.0	0.0	0.0	0.0	0.0	0.0	0.0	0.0
Leq-CMig_063-Ex1_L3_fastp	57.97827361310857	23.550037702643763	10.472052358990206	4.619114286695226	1.9683577542194537	0.8244989617467579	0.3552186689758741	0.1369502439545432	0.05518700638465344	0.02517748217548705	0.008456073558938832	0.004514144531463588	0.0013987490097492807	0.00038147700265889466	0.00012715900088629823	6.357950044314912e-05	0.00012715900088629823	0.0	0.0	0.0	0.0	0.0	0.0	0.0	0.0	0.0	0.0	0.0	0.0	0.0	6.357950044314912e-05
Leq-CMig_064-Ex1_L3_fastp	54.13512039659295	23.99794991820109	11.651585048815825	5.513117404290973	2.5751329165048795	1.1721821324507729	0.5321500367315286	0.23910450361883537	0.10551575260912167	0.043615328932720535	0.01968336669466796	0.008335852015501459	0.0037107986391587133	0.0016133907126777015	0.0006991359754936707	0.00026889845211295027	0.00010755938084518009	5.3779690422590045e-05	0.0	0.0	5.3779690422590045e-05	0.0	0.0	0.0	0.0	0.0	0.0	0.0	0.0	0.0	0.0
Leq-CMig_065-Ex1_L3_fastp	52.202570661490554	24.443596390051916	12.112980353045314	5.9290788097217915	2.8246002696975534	1.3342530523861893	0.6257178319828135	0.28722423669008434	0.12920975690642764	0.06209018042424937	0.027585475348034204	0.011643813903811124	0.005334207940227609	0.00222512674078066	0.001158285152735138	0.0003352930705285926	0.00015240594114936026	0.00018288712937923233	3.048118822987205e-05	3.048118822987205e-05	0.0	0.0	0.0	0.0	0.0	0.0	0.0	0.0	0.0	0.0	0.0
Leq-CMig_066-Ex1_L3_fastp	54.339003537379114	24.705083957293304	11.48333963007431	5.246709000485365	2.375058989931041	1.0438696856962695	0.46049119957621365	0.1980784408104107	0.08456904073969003	0.03784767085568004	0.01569703578117458	0.006621661774928035	0.002151199764443626	0.000773087415346928	0.00023528747423602156	0.00016806248159715828	0.00023528747423602156	3.3612496319431655e-05	0.0	0.0	0.0	0.0	0.0	3.3612496319431655e-05	0.0	0.0	0.0	0.0	0.0	0.0	0.0
Leq-CMig_068-Ex1_L3_fastp	53.38634296966928	24.711048313545575	11.811560497750968	5.510925178710905	2.5425250607066885	1.13805210682757	0.5105640101991288	0.220245284050596	0.09393756712839979	0.04388028647751338	0.017113311726230217	0.00783094343291008	0.00334165258559525	0.0016201951930158787	0.0006750813304232827	0.00016877033260582068	6.750813304232827e-05	3.3754066521164136e-05	0.0	0.0	3.3754066521164136e-05	0.0	0.0	0.0	0.0	0.0	0.0	0.0	0.0	0.0	3.3754066521164136e-05
Leq-CMig_069-Ex1_L3_fastp	52.597435900696354	24.96192676629922	12.044493442672286	5.6250050333387165	2.6264491247076953	1.193462890412242	0.5277905995458763	0.23719211331984608	0.104651059289975	0.047387559451677615	0.01987903880396852	0.007841411894955599	0.00406905698332831	0.0015682823789911198	0.0005086321229160387	0.00021193005121501618	0.0	8.477202048600647e-05	0.0	4.2386010243003234e-05	0.0	0.0	0.0	0.0	0.0	0.0	0.0	0.0	0.0	0.0	0.0
Leq-CMig_070-Ex1_L3_fastp	51.32513487493415	25.192562488887717	12.447906431666944	5.930368699437381	2.7737365297082652	1.2861352255732013	0.5812241321133076	0.2600894047007651	0.11482465570493035	0.048494976834153235	0.022623649805717343	0.009137532524936933	0.004293539379187233	0.001816497429656137	0.0008807260264999451	0.00044036301324997256	5.504537665624657e-05	5.504537665624657e-05	0.00011009075331249314	0.0	5.504537665624657e-05	0.0	0.0	5.504537665624657e-05	0.0	0.0	0.0	0.0	0.0	0.0	0.0
Leq-CMig_073-Ex1_L3_fastp	51.352687390179305	24.905831079069603	12.338792429290168	6.02581000124633	2.869786968041655	1.3599522649296405	0.6305588399964612	0.28345926859178316	0.1307354571737248	0.05789297967707793	0.024087095838873473	0.011946682922765663	0.004843249833553647	0.0018404349367503858	0.0009040733022633476	0.0005166133155790558	0.00016144166111845492	9.686499667107294e-05	6.457666444738198e-05	0.0	0.0	3.228833222369099e-05	0.0	0.0	0.0	0.0	0.0	0.0	0.0	0.0	0.0
Leq-CMig_074-Ex1_L3_fastp	53.09451320616745	24.82710998871809	11.868632881978264	5.578099554884604	2.5516784664948062	1.1616902466836867	0.5118776557188457	0.2290049864640613	0.10120390904307092	0.04353182115525306	0.019527035011637103	0.007844481306399042	0.0030300571569781714	0.0014476939750006817	0.0005386768279072304	0.0002020038104652114	3.36673017442019e-05	0.0	3.36673017442019e-05	0.0	0.0	0.0	0.0	0.0	0.0	0.0	0.0	0.0	0.0	0.0	0.0
Leq-CMig_075-Ex1_L3_fastp	53.47197712367985	25.134864074730828	11.78641187893477	5.356142065510754	2.412227612942593	1.0631368054920602	0.4478809036639159	0.18959375676570675	0.08091607610090633	0.03344657478175636	0.01369130327468497	0.005684970217862271	0.0021792385835138705	0.0009474950363103784	0.0004737475181551892	0.0002842485108931136	9.474950363103786e-05	4.737475181551893e-05	0.0	0.0	0.0	0.0	0.0	0.0	0.0	0.0	0.0	0.0	0.0	0.0	0.0
Leq-CMig_076-Ex1_L3_fastp	53.42128090161082	24.891002464230237	11.754086473631741	5.458949539139846	2.4846528196330055	1.1119990151618115	0.4968309415665047	0.21554009195143836	0.09642021280759294	0.039564308724001226	0.016864642387748728	0.007898629979072189	0.0030598296315324696	0.0012097000868849298	0.0004269529718417399	0.00014231765728057997	0.0	7.115882864028998e-05	0.0	0.0	0.0	0.0	0.0	0.0	0.0	0.0	0.0	0.0	0.0	0.0	0.0
Leq-CMig_077-Ex1_L3_fastp	50.60474236303828	24.3747656141178	12.548002228674903	6.334981624146835	3.1601377921117764	1.5494112226639094	0.7481865229457082	0.36213288474107724	0.1663470089682735	0.07990549561229628	0.039001810798358495	0.01666148785479326	0.008759335254851118	0.004071617610817645	0.0015804305199884278	0.0007232478650794501	0.00024108262169315005	0.00016072174779543336	8.036087389771668e-05	8.036087389771668e-05	2.6786957965905563e-05	0.0	0.0	0.0	0.0	0.0	0.0	0.0	0.0	0.0	0.0
Leq-CMig_079-Ex1_L3_fastp	55.719307563999564	24.49241438589995	11.090939403053348	4.9196952852658375	2.153201842094901	0.9394784529016681	0.39991086097076084	0.1686436709194808	0.06785959932676575	0.029028828600894237	0.011226155938008162	0.005361746119645689	0.0018849888701879375	0.0007121069065154431	0.00016755456623892778	0.00012566592467919583	0.0	4.1888641559731944e-05	0.0	0.0	0.0	0.0	0.0	0.0	0.0	0.0	0.0	0.0	0.0	0.0	0.0
Leq-CMig_081-Ex1_L3_fastp	48.546353562068035	24.84551455397262	13.072312997126668	6.768586648942601	3.4297321635626425	1.7240661666137014	0.8422785025895678	0.4005753273875789	0.19724849742959208	0.09041519635987164	0.04509197772423266	0.02077864761065373	0.009447842951743985	0.004657852644041616	0.0015526175480138718	0.0007267571501341527	0.0003303441591518876	0.0001651720795759438	6.606883183037752e-05	3.303441591518876e-05	3.303441591518876e-05	0.0	0.0	0.0	0.0	0.0	0.0	0.0	0.0	0.0	3.303441591518876e-05
Leq-CMig_084-Ex1_L3_fastp	53.79238093472154	24.774096508741916	11.661522973194803	5.395015480163194	2.4272525041761264	1.0940551483199783	0.4897370635518371	0.2072929374789012	0.08960334024673368	0.03948436904360023	0.017615264089893473	0.007198807615684021	0.0029449667518707356	0.0007635098986331538	0.0008180463199640932	5.453642133093955e-05	0.0	0.0001090728426618791	5.453642133093955e-05	0.0	0.0	0.0	0.0	0.0	0.0	0.0	0.0	0.0	0.0	0.0	0.0
Leq-CMig_085-Ex1_L3_fastp	53.60230227646744	24.83355950923991	11.706522654130323	5.393948476295932	2.4596282944671546	1.1217214900413224	0.4950893464210091	0.2202093029064298	0.0957431751767086	0.04125744553508409	0.01651222876235989	0.007816713335682972	0.0033764501390819938	0.001202571282412765	0.0005550328995751223	0.00032376919141882134	9.25054832625204e-05	9.25054832625204e-05	0.0	0.0	0.0	0.0	0.0	0.0	0.0	0.0	0.0	0.0	0.0	0.0	4.62527416312602e-05
Leq-CMig_086-Ex1_L3_fastp	56.29666569008185	23.71343261253062	10.988158389590852	5.016612331149523	2.245023053635285	0.9958671761530454	0.4231729033035579	0.1837641734663982	0.07929037606826951	0.03370256550910198	0.014253982699903795	0.005568611317163582	0.0024518512515869506	0.0010804768227332324	0.00045712480961790597	0.00029089760612048565	8.311360174871019e-05	8.311360174871019e-05	0.0	0.0	4.1556800874355094e-05	0.0	0.0	0.0	0.0	0.0	0.0	0.0	0.0	0.0	0.0
Leq-CMig_087-Ex1_L3_fastp	49.77679540444942	25.057215093901235	12.79582022568091	6.41417430196974	3.1064295519093608	1.508992690286427	0.7167249059153346	0.33521961241092146	0.15603838593208783	0.07386143033148986	0.03347610356497574	0.014338166732396003	0.005502921133968615	0.0029043194873723246	0.0015897327720353779	0.0005502921133968615	0.00027514605669843077	0.0	6.114356815520684e-05	3.057178407760342e-05	0.0	0.0	0.0	0.0	0.0	0.0	0.0	0.0	0.0	0.0	0.0
Leq-CMig_089-Ex1_L3_fastp	54.46634060244951	24.9727892872431	11.472172034201728	5.132706580229907	2.2659718695256204	0.9768749414089635	0.4180152801658658	0.17544368238970862	0.07013982409700154	0.029177865633481584	0.012198230277739397	0.005195542525703817	0.0018071452263317624	0.0005270840243467641	0.0003764885888191172	0.00015059543552764688	3.764885888191172e-05	3.764885888191172e-05	0.0	0.0	0.0	0.0	3.764885888191172e-05	0.0	0.0	0.0	0.0	0.0	0.0	0.0	0.0
Leq-CMig_091-Ex1_L3_fastp	52.74387257228561	24.829191426347464	11.989216486625025	5.654623811060695	2.626620849391529	1.1984508192052854	0.538454236515862	0.2358703700187952	0.10696182104683613	0.04381751561521083	0.018263626525924097	0.008657186793993127	0.003493250811611262	0.001480834583183035	0.0004556414102101646	0.0003797011751751372	0.0001898505875875686	0.0	0.0	0.0	0.0	0.0	0.0	0.0	0.0	0.0	0.0	0.0	0.0	0.0	0.0
Leq-CMig_092-Ex1_L3_fastp	51.580002262918846	24.849217056393666	12.330953008347615	5.976624273901892	2.835452345071818	1.3220783819453659	0.6076801661177897	0.2752716724285893	0.12502438652157422	0.0554452706311852	0.024583869147657707	0.010149303776555936	0.004510801678469304	0.0015036005594897682	0.0009397503496811051	0.0002631300979107094	0.0001503600559489768	0.00011277004196173262	3.75900139872442e-05	0.0	0.0	0.0	0.0	0.0	0.0	0.0	0.0	0.0	0.0	0.0	0.0
Leq-CMig_093-Ex1_L3_fastp	53.91468902301382	24.926636297362606	11.580085779098468	5.302493440748402	2.387558330157015	1.061923405704051	0.4652535442162018	0.20505756228976166	0.09034004492486003	0.0378382779050361	0.016513771652931403	0.006938559518038405	0.0024516243630402362	0.001156426586339734	0.0005550847614430724	0.00018502825381435745	0.00018502825381435745	9.251412690717872e-05	0.0	4.625706345358936e-05	0.0	0.0	0.0	0.0	0.0	0.0	0.0	0.0	0.0	0.0	0.0
Leq-CMig_095-Ex1_L3_fastp	57.236636669483495	23.554331008713355	10.741120369210575	4.781539824039264	2.095509949173563	0.9170722843316615	0.3861380199742075	0.16534910758233054	0.07140576291698936	0.03074108508532525	0.01318735213846808	0.0036607031019827777	0.0018524039793165865	0.0009262019896582932	0.0002646291399023695	0.00022052428325197457	0.0	4.410485665039492e-05	0.0	0.0	0.0	0.0	0.0	0.0	0.0	0.0	0.0	0.0	0.0	0.0	0.0
Leq-CMig_096-Ex1_L3_fastp	58.96012049892596	23.47240189094291	10.14767278500758	4.325561709002248	1.8113090944497767	0.7496905061392056	0.31068613248920496	0.1302556826649657	0.05310576840917174	0.022404772266170683	0.010432377330145993	0.004023916970199169	0.0015400176058786943	0.00034774591100486643	0.00019871194914563797	0.0	9.935597457281898e-05	9.935597457281898e-05	0.0	0.0	4.967798728640949e-05	0.0	0.0	0.0	0.0	0.0	0.0	0.0	0.0	0.0	0.0
