0.329787
0.297872
0.276596
0.265957
0.265957
0.255319
0.255319
0.255319
0.255319
0.255319
0.255319
0.255319
0.255319
0.255319
0.255319
0.255319
0.244681
0.244681
0.244681
0.244681
0.244681
0.244681
0.244681
0.244681
0.244681
0.244681
0.244681
0.244681
0.234043
0.234043
0.234043
0.234043
0.234043
0.223404
0.223404
0.223404
0.223404
0.223404
0.223404
0.223404
0.223404
0.212766
0.212766
0.212766
0.212766
0.212766
0.212766
0.212766
0.212766
0.212766
0.202128
0.202128
0.202128
0.202128
0.202128
0.202128
0.202128
0.202128
0.202128
0.202128
0.202128
0.191489
0.191489
0.191489
0.191489
0.191489
0.191489
0.191489
0.191489
0.191489
0.191489
0.191489
0.191489
0.191489
0.191489
0.191489
0.191489
0.180851
0.180851
0.180851
0.180851
0.180851
0.180851
0.180851
0.180851
0.180851
0.170213
0.170213
0.170213
0.170213
0.170213
0.170213
0.170213
0.170213
0.170213
0.170213
0.170213
0.170213
0.159574
0.159574
0.159574
0.159574
0.159574
0.159574
0.159574
0.159574
0.159574
0.159574
0.159574
0.159574
0.159574
0.159574
0.159574
0.159574
0.159574
0.148936
0.148936
0.148936
0.148936
0.148936
0.148936
0.148936
0.148936
0.148936
0.148936
0.138298
0.138298
0.138298
0.138298
0.138298
0.138298
0.138298
0.138298
0.138298
0.138298
0.12766
0.12766
0.12766
0.12766
0.12766
0.12766
0.12766
0.12766
0.12766
0.12766
0.117021
0.117021
0.117021
0.117021
0.117021
0.106383
0.106383
0.106383
0.106383
0.106383
0.106383
0.106383
0.0957447
0.0957447
0.0957447
0.0957447
0.0957447
0.0957447
0.0957447
0.0957447
0.0957447
0.0957447
0.0851064
0.0851064
0.0851064
0.0851064
0.0851064
0.0851064
0.0851064
0.0851064
0.0851064
0.0851064
0.0851064
0.0851064
0.0851064
0.0851064
0.0851064
0.0744681
0.0744681
0.0744681
0.0744681
0.0744681
0.0744681
0.0744681
0.0744681
0.0744681
0.0744681
0.0744681
0.0744681
0.0744681
0.0638298
0.0638298
0.0638298
0.0638298
0.0638298
0.0638298
0.0638298
0.0638298
0.0638298
0.0638298
0.0638298
0.0638298
0.0638298
0.0638298
0.0531915
0.0531915
0.0531915
0.0531915
0.0531915
0.0531915
0.0531915
0.0531915
0.0531915
0.0531915
0.0531915
0.0531915
0.0531915
0.0425532
0.0425532
0.0425532
0.0425532
0.0425532
0.0425532
0.0425532
0.0425532
0.0425532
0.0425532
0.0319149
0.0319149
0.0319149
0.0319149
0.0319149
0.0319149
0.0319149
0.0319149
0.0319149
0.0319149
0.0319149
0.0319149
0.0319149
0.0212766
0.0212766
0.0212766
0.0212766
0.0212766
0.0212766
0.0212766
0.0212766
0.0212766
0.0212766
0.0106383
0.0106383
0.0106383
0.0106383
0.0106383
0.0106383
0.0106383
0.0106383
0.0106383
0.0106383
0.0106383
0.0106383
0.0106383
0.0106383
0.0106383
0.0106383
0.0106383
0.0106383
0.0106383
0.0106383
0
0
0
0
0
0
0
0
0
0
0
0
0
0
0
0
0
0
0
0
0
0
0
0
0
0
0
0
0
0
0
0
0
0
0
0
0
0
0
0
0
0
0
0
0
0
0
0
0
0
0
0
0
0
0
