NODE_10000_length_10112_cov_8.490363	4962	5084	0	122	122	1.0000000
NODE_10002_length_10111_cov_7.825310	4962	5084	0	122	122	1.0000000
NODE_10003_length_10110_cov_9.078414	4962	5084	0	122	122	1.0000000
NODE_10005_length_10110_cov_7.125262	4962	5084	0	122	122	1.0000000
NODE_10006_length_10109_cov_10.042158	5046	5168	0	71	122	0.5819672
NODE_10006_length_10109_cov_10.042158	5046	5168	2	51	122	0.4180328
NODE_10008_length_10108_cov_8.012888	4836	4958	0	122	122	1.0000000
NODE_10009_length_10107_cov_19.373701	4962	5084	0	6	122	0.0491803
NODE_10009_length_10107_cov_19.373701	4962	5084	1	52	122	0.4262295
NODE_10009_length_10107_cov_19.373701	4962	5084	2	64	122	0.5245901
NODE_1000_length_22138_cov_9.705885	4962	5084	0	30	122	0.2459016
NODE_1000_length_22138_cov_9.705885	4962	5084	2	92	122	0.7540984
NODE_1000_length_22138_cov_9.705885	14962	15084	0	122	122	1.0000000
NODE_10011_length_10106_cov_27.149295	4836	4958	0	122	122	1.0000000
NODE_10012_length_10106_cov_8.126012	4962	5084	0	122	122	1.0000000
NODE_10013_length_10106_cov_7.207655	4878	5000	0	122	122	1.0000000
NODE_10015_length_10105_cov_8.858085	4962	5084	0	11	122	0.0901639
NODE_10015_length_10105_cov_8.858085	4962	5084	2	111	122	0.9098361
NODE_10017_length_10104_cov_7.681459	4962	5084	0	122	122	1.0000000
NODE_10019_length_10103_cov_10.931827	5172	5294	0	122	122	1.0000000
NODE_1001_length_22135_cov_7.453168	4962	5084	0	122	122	1.0000000
NODE_1001_length_22135_cov_7.453168	14962	15084	0	122	122	1.0000000
NODE_10020_length_10103_cov_9.162535	4920	5042	0	122	122	1.0000000
NODE_10022_length_10103_cov_8.902239	4962	5084	0	22	122	0.1803279
NODE_10022_length_10103_cov_8.902239	4962	5084	1	2	122	0.0163934
NODE_10022_length_10103_cov_8.902239	4962	5084	2	98	122	0.8032787
NODE_10023_length_10103_cov_8.800280	5340	5462	0	122	122	1.0000000
NODE_10024_length_10103_cov_7.054178	4962	5084	1	9	122	0.0737705
NODE_10024_length_10103_cov_7.054178	4962	5084	2	113	122	0.9262295
NODE_10025_length_10102_cov_10.717385	5088	5210	0	122	122	1.0000000
NODE_10026_length_10102_cov_6.392182	4878	5000	0	122	122	1.0000000
NODE_10027_length_10101_cov_7.427714	4752	4874	0	122	122	1.0000000
NODE_10029_length_10100_cov_9.083292	4962	5084	0	122	122	1.0000000
NODE_1002_length_22129_cov_7.806673	5046	5168	0	122	122	1.0000000
NODE_1002_length_22129_cov_7.806673	14962	15084	0	122	122	1.0000000
NODE_10030_length_10099_cov_49.852600	4962	5084	0	36	122	0.2950820
NODE_10030_length_10099_cov_49.852600	4962	5084	1	6	122	0.0491803
NODE_10030_length_10099_cov_49.852600	4962	5084	2	80	122	0.6557377
NODE_10032_length_10099_cov_7.814900	4962	5084	0	122	122	1.0000000
NODE_10035_length_10098_cov_7.521552	4962	5084	0	122	122	1.0000000
NODE_10036_length_10097_cov_9.352170	4962	5084	0	122	122	1.0000000
NODE_10037_length_10096_cov_7.036911	5004	5126	1	122	122	1.0000000
NODE_10038_length_10096_cov_6.585376	5004	5126	0	122	122	1.0000000
NODE_10039_length_10096_cov_6.460138	4962	5084	0	122	122	1.0000000
NODE_1003_length_22124_cov_9.690079	4962	5084	0	122	122	1.0000000
NODE_1003_length_22124_cov_9.690079	14962	15084	0	1	122	0.0081967
NODE_1003_length_22124_cov_9.690079	14962	15084	2	121	122	0.9918033
NODE_10041_length_10095_cov_7.563926	4836	4958	0	122	122	1.0000000
NODE_10042_length_10095_cov_6.605442	5004	5126	0	122	122	1.0000000
NODE_10043_length_10094_cov_9.965883	4962	5084	0	122	122	1.0000000
NODE_10045_length_10093_cov_8.658295	4962	5084	0	122	122	1.0000000
NODE_10046_length_10093_cov_7.278067	4962	5084	0	122	122	1.0000000
NODE_10047_length_10092_cov_8.270589	4962	5084	0	122	122	1.0000000
NODE_10049_length_10091_cov_8.628903	4962	5084	0	122	122	1.0000000
NODE_1004_length_22121_cov_12.036736	4962	5084	0	122	122	1.0000000
NODE_10050_length_10091_cov_7.796637	5004	5126	0	122	122	1.0000000
NODE_10051_length_10090_cov_7.579622	4962	5084	0	122	122	1.0000000
NODE_10052_length_10090_cov_6.554999	4962	5084	0	122	122	1.0000000
NODE_10053_length_10090_cov_5.908718	4962	5084	0	47	122	0.3852459
NODE_10053_length_10090_cov_5.908718	4962	5084	1	75	122	0.6147541
NODE_10055_length_10089_cov_9.869870	4962	5084	0	122	122	1.0000000
NODE_10056_length_10089_cov_7.494394	4962	5084	0	122	122	1.0000000
NODE_10057_length_10088_cov_11.000601	4920	5042	0	122	122	1.0000000
NODE_10058_length_10088_cov_8.266994	4962	5084	0	122	122	1.0000000
NODE_10059_length_10087_cov_18.125350	4962	5084	0	122	122	1.0000000
NODE_1005_length_22101_cov_35.467094	5004	5126	0	122	122	1.0000000
NODE_1005_length_22101_cov_35.467094	14962	15084	0	9	122	0.0737705
NODE_1005_length_22101_cov_35.467094	14962	15084	2	17	122	0.1393443
NODE_1005_length_22101_cov_35.467094	14962	15084	4	96	122	0.7868853
NODE_10060_length_10087_cov_9.198238	5004	5126	0	122	122	1.0000000
NODE_10061_length_10087_cov_8.573889	4710	4832	0	122	122	1.0000000
NODE_10062_length_10087_cov_7.919003	4962	5084	0	122	122	1.0000000
NODE_10063_length_10087_cov_7.748298	4962	5084	0	122	122	1.0000000
NODE_10065_length_10086_cov_5.496646	4962	5084	0	122	122	1.0000000
NODE_10067_length_10084_cov_10.807511	4920	5042	0	122	122	1.0000000
NODE_10068_length_10084_cov_7.955233	4962	5084	0	122	122	1.0000000
NODE_10069_length_10084_cov_7.544116	5004	5126	0	122	122	1.0000000
NODE_1006_length_22099_cov_19.914273	14962	15084	0	40	122	0.3278688
NODE_1006_length_22099_cov_19.914273	14962	15084	1	75	122	0.6147541
NODE_1006_length_22099_cov_19.914273	14962	15084	2	7	122	0.0573770
NODE_10072_length_10083_cov_8.757412	4920	5042	0	122	122	1.0000000
NODE_10073_length_10083_cov_7.427885	4962	5084	0	122	122	1.0000000
NODE_10074_length_10082_cov_10.485726	4962	5084	0	122	122	1.0000000
NODE_10076_length_10082_cov_6.527597	4836	4958	0	122	122	1.0000000
NODE_10077_length_10081_cov_8.826187	4962	5084	0	122	122	1.0000000
NODE_10078_length_10081_cov_6.893007	4962	5084	0	122	122	1.0000000
NODE_1007_length_22090_cov_9.126870	4962	5084	0	122	122	1.0000000
NODE_1007_length_22090_cov_9.126870	14962	15084	0	122	122	1.0000000
NODE_10080_length_10080_cov_6.959924	4920	5042	0	122	122	1.0000000
NODE_10081_length_10079_cov_10.277756	4962	5084	0	122	122	1.0000000
NODE_10082_length_10079_cov_8.874248	4962	5084	0	12	122	0.0983607
NODE_10082_length_10079_cov_8.874248	4962	5084	1	8	122	0.0655738
NODE_10082_length_10079_cov_8.874248	4962	5084	2	102	122	0.8360656
NODE_10083_length_10079_cov_7.350802	4962	5084	0	122	122	1.0000000
NODE_10084_length_10079_cov_7.231964	4878	5000	0	122	122	1.0000000
NODE_10085_length_10079_cov_6.138978	4962	5084	0	122	122	1.0000000
NODE_10086_length_10078_cov_6.731035	4962	5084	0	122	122	1.0000000
NODE_10087_length_10077_cov_242.838244	4962	5084	0	58	122	0.4754098
NODE_10087_length_10077_cov_242.838244	4962	5084	1	64	122	0.5245901
NODE_10088_length_10077_cov_6.698437	5004	5126	0	122	122	1.0000000
NODE_10089_length_10077_cov_6.565845	4962	5084	0	122	122	1.0000000
NODE_1008_length_22090_cov_8.488791	4962	5084	0	122	122	1.0000000
NODE_1008_length_22090_cov_8.488791	14920	15042	0	122	122	1.0000000
NODE_10090_length_10077_cov_6.148928	4962	5084	0	122	122	1.0000000
NODE_10091_length_10076_cov_29.117971	5004	5126	0	122	122	1.0000000
NODE_10092_length_10076_cov_19.923123	5172	5294	0	122	122	1.0000000
NODE_10093_length_10076_cov_8.758344	4962	5084	0	122	122	1.0000000
NODE_10094_length_10075_cov_9.110766	4920	5042	0	122	122	1.0000000
NODE_10096_length_10073_cov_8.590836	4584	4706	1	122	122	1.0000000
NODE_10097_length_10072_cov_8.037401	4794	4916	0	122	122	1.0000000
NODE_10098_length_10072_cov_7.798155	5046	5168	1	14	122	0.1147541
NODE_10098_length_10072_cov_7.798155	5046	5168	2	57	122	0.4672131
NODE_10098_length_10072_cov_7.798155	5046	5168	3	51	122	0.4180328
NODE_10099_length_10071_cov_8.925792	4962	5084	0	122	122	1.0000000
NODE_1009_length_22089_cov_6.989040	4920	5042	0	122	122	1.0000000
NODE_1009_length_22089_cov_6.989040	14752	14874	0	122	122	1.0000000
NODE_100_length_38364_cov_9.453548	4962	5084	0	122	122	1.0000000
NODE_100_length_38364_cov_9.453548	24962	25084	5	58	122	0.4754098
NODE_100_length_38364_cov_9.453548	24962	25084	6	64	122	0.5245901
NODE_100_length_38364_cov_9.453548	34962	35084	0	122	122	1.0000000
NODE_10100_length_10071_cov_8.499097	4962	5084	0	122	122	1.0000000
NODE_10101_length_10071_cov_8.169976	5382	5500	0	118	118	1.0000000
NODE_10102_length_10071_cov_7.842860	4962	5084	0	122	122	1.0000000
NODE_10103_length_10070_cov_8.801224	4794	4916	0	122	122	1.0000000
NODE_10104_length_10070_cov_8.324040	4962	5084	0	122	122	1.0000000
NODE_10105_length_10070_cov_7.986661	5046	5168	0	122	122	1.0000000
NODE_10106_length_10070_cov_7.572260	4962	5084	0	122	122	1.0000000
NODE_10107_length_10070_cov_7.426437	4962	5084	0	122	122	1.0000000
NODE_10108_length_10070_cov_6.641561	5088	5210	0	122	122	1.0000000
NODE_10109_length_10069_cov_20.380241	4542	4664	0	122	122	1.0000000
NODE_1010_length_22072_cov_80.122605	4920	5042	1	77	122	0.6311476
NODE_1010_length_22072_cov_80.122605	4920	5042	2	45	122	0.3688525
NODE_1010_length_22072_cov_80.122605	14500	14622	1	122	122	1.0000000
NODE_10110_length_10069_cov_8.841324	4962	5084	0	30	122	0.2459016
NODE_10110_length_10069_cov_8.841324	4962	5084	1	92	122	0.7540984
NODE_10111_length_10069_cov_7.453360	5172	5294	0	122	122	1.0000000
NODE_10112_length_10068_cov_9.065804	4962	5084	0	122	122	1.0000000
NODE_10113_length_10068_cov_6.142943	5088	5210	0	122	122	1.0000000
NODE_10115_length_10067_cov_7.528090	4962	5084	0	122	122	1.0000000
NODE_10117_length_10066_cov_7.502358	4920	5042	0	122	122	1.0000000
NODE_10118_length_10065_cov_7.421032	5130	5252	0	122	122	1.0000000
NODE_10119_length_10064_cov_8.744706	4962	5084	0	122	122	1.0000000
NODE_1011_length_22063_cov_48.140138	4962	5084	0	122	122	1.0000000
NODE_1011_length_22063_cov_48.140138	14962	15084	0	122	122	1.0000000
NODE_10121_length_10064_cov_7.320020	4962	5084	0	122	122	1.0000000
NODE_10122_length_10063_cov_16.042955	4920	5042	0	122	122	1.0000000
NODE_10123_length_10063_cov_9.978824	4962	5084	0	122	122	1.0000000
NODE_10124_length_10063_cov_8.162786	4962	5084	0	122	122	1.0000000
NODE_10125_length_10063_cov_6.616118	4962	5084	0	122	122	1.0000000
NODE_10126_length_10061_cov_16.439771	4962	5084	0	122	122	1.0000000
NODE_10127_length_10061_cov_9.827946	4962	5084	0	122	122	1.0000000
NODE_10128_length_10061_cov_8.707388	4962	5084	0	122	122	1.0000000
NODE_10129_length_10060_cov_8.592912	4962	5084	0	122	122	1.0000000
NODE_1012_length_22057_cov_6.616359	4962	5084	0	122	122	1.0000000
NODE_1012_length_22057_cov_6.616359	15004	15126	0	122	122	1.0000000
NODE_10130_length_10060_cov_8.549945	4920	5042	0	122	122	1.0000000
NODE_10131_length_10060_cov_6.177392	4962	5084	0	122	122	1.0000000
NODE_10132_length_10058_cov_9.713425	5004	5126	0	122	122	1.0000000
NODE_10133_length_10058_cov_8.328145	4962	5084	0	122	122	1.0000000
NODE_10134_length_10057_cov_7.122515	4836	4958	0	122	122	1.0000000
NODE_10135_length_10056_cov_9.863614	4920	5042	0	122	122	1.0000000
NODE_10136_length_10056_cov_8.045998	4962	5084	0	122	122	1.0000000
NODE_10137_length_10056_cov_7.783670	4962	5084	0	122	122	1.0000000
NODE_10138_length_10055_cov_13.014765	4920	5042	0	122	122	1.0000000
NODE_10139_length_10055_cov_9.400161	4962	5084	0	122	122	1.0000000
NODE_10141_length_10053_cov_86.631304	4752	4874	0	122	122	1.0000000
NODE_10143_length_10051_cov_9.085912	5088	5210	0	122	122	1.0000000
NODE_10144_length_10051_cov_7.516178	4962	5084	0	122	122	1.0000000
NODE_10146_length_10049_cov_12.006834	5004	5126	0	122	122	1.0000000
NODE_10147_length_10048_cov_8.893758	4962	5084	0	122	122	1.0000000
NODE_10148_length_10048_cov_8.483968	4920	5042	0	122	122	1.0000000
NODE_10149_length_10046_cov_6.530813	4962	5084	0	122	122	1.0000000
NODE_1014_length_22038_cov_22.537946	4752	4874	0	122	122	1.0000000
NODE_1014_length_22038_cov_22.537946	15088	15210	0	122	122	1.0000000
NODE_10150_length_10045_cov_76.715866	4962	5084	0	122	122	1.0000000
NODE_10151_length_10045_cov_24.627388	5004	5126	0	26	122	0.2131148
NODE_10151_length_10045_cov_24.627388	5004	5126	1	96	122	0.7868853
NODE_10152_length_10045_cov_9.161472	5046	5168	0	122	122	1.0000000
NODE_10154_length_10044_cov_44.604525	4920	5042	0	122	122	1.0000000
NODE_10155_length_10044_cov_8.242534	5088	5210	0	13	122	0.1065574
NODE_10155_length_10044_cov_8.242534	5088	5210	1	109	122	0.8934426
NODE_10156_length_10044_cov_7.084263	4962	5084	0	54	122	0.4426230
NODE_10156_length_10044_cov_7.084263	4962	5084	2	68	122	0.5573770
NODE_10157_length_10043_cov_7.859815	4962	5084	0	122	122	1.0000000
NODE_10158_length_10042_cov_7.967716	5004	5126	0	122	122	1.0000000
NODE_10159_length_10041_cov_9.379903	4962	5084	0	10	122	0.0819672
NODE_10159_length_10041_cov_9.379903	4962	5084	2	40	122	0.3278688
NODE_10159_length_10041_cov_9.379903	4962	5084	4	72	122	0.5901639
NODE_1015_length_22036_cov_8.061905	5004	5126	0	122	122	1.0000000
NODE_10160_length_10041_cov_7.182559	4962	5084	0	122	122	1.0000000
NODE_10161_length_10040_cov_24.888039	4836	4958	0	11	122	0.0901639
NODE_10161_length_10040_cov_24.888039	4836	4958	1	13	122	0.1065574
NODE_10161_length_10040_cov_24.888039	4836	4958	2	98	122	0.8032787
NODE_10163_length_10038_cov_8.230305	4962	5084	0	122	122	1.0000000
NODE_10164_length_10037_cov_33.413061	4962	5084	0	122	122	1.0000000
NODE_10167_length_10037_cov_8.872912	4668	4790	0	122	122	1.0000000
NODE_10168_length_10037_cov_7.288489	4962	5084	0	122	122	1.0000000
NODE_1016_length_22032_cov_8.708521	4920	5042	0	46	122	0.3770492
NODE_1016_length_22032_cov_8.708521	4920	5042	1	76	122	0.6229508
NODE_10170_length_10037_cov_6.095291	5088	5210	0	122	122	1.0000000
NODE_10171_length_10036_cov_11.231659	4542	4664	0	122	122	1.0000000
NODE_10172_length_10036_cov_10.203884	4962	5084	0	122	122	1.0000000
NODE_10173_length_10036_cov_9.038442	4962	5084	0	122	122	1.0000000
NODE_10174_length_10036_cov_8.621214	4962	5084	0	122	122	1.0000000
NODE_10175_length_10036_cov_8.168864	5004	5126	1	59	122	0.4836065
NODE_10175_length_10036_cov_8.168864	5004	5126	2	63	122	0.5163934
NODE_10176_length_10036_cov_6.918688	5046	5168	0	122	122	1.0000000
NODE_10178_length_10035_cov_7.073168	4710	4832	0	20	122	0.1639344
NODE_10178_length_10035_cov_7.073168	4710	4832	2	102	122	0.8360656
NODE_10179_length_10035_cov_7.043378	4962	5084	0	122	122	1.0000000
NODE_1017_length_22023_cov_8.501733	4962	5084	0	122	122	1.0000000
NODE_1017_length_22023_cov_8.501733	15088	15210	0	122	122	1.0000000
NODE_10182_length_10034_cov_7.489180	4962	5084	0	122	122	1.0000000
NODE_10183_length_10033_cov_18.940507	4962	5084	0	122	122	1.0000000
NODE_10184_length_10033_cov_8.561707	4962	5084	0	122	122	1.0000000
NODE_10185_length_10033_cov_7.637910	4962	5084	0	122	122	1.0000000
NODE_10187_length_10032_cov_9.325481	4962	5084	0	122	122	1.0000000
NODE_10188_length_10030_cov_10.766892	4962	5084	0	122	122	1.0000000
NODE_10189_length_10030_cov_8.339341	4958	5080	0	122	122	1.0000000
NODE_10190_length_10030_cov_6.516464	4962	5084	0	122	122	1.0000000
NODE_10191_length_10029_cov_8.590030	5088	5210	0	37	122	0.3032787
NODE_10191_length_10029_cov_8.590030	5088	5210	1	85	122	0.6967213
NODE_10192_length_10029_cov_8.447936	4962	5084	0	122	122	1.0000000
NODE_10193_length_10028_cov_7.606506	5046	5168	0	38	122	0.3114754
NODE_10193_length_10028_cov_7.606506	5046	5168	1	84	122	0.6885246
NODE_10194_length_10028_cov_6.627153	5004	5126	0	122	122	1.0000000
NODE_10195_length_10026_cov_17.443236	4962	5084	0	122	122	1.0000000
NODE_10196_length_10025_cov_29.280778	5046	5168	0	122	122	1.0000000
NODE_10197_length_10025_cov_9.756095	4668	4790	0	74	122	0.6065574
NODE_10197_length_10025_cov_9.756095	4668	4790	1	48	122	0.3934426
NODE_1019_length_22012_cov_8.176471	4962	5084	1	11	122	0.0901639
NODE_1019_length_22012_cov_8.176471	4962	5084	2	21	122	0.1721312
NODE_1019_length_22012_cov_8.176471	4962	5084	3	9	122	0.0737705
NODE_1019_length_22012_cov_8.176471	4962	5084	4	81	122	0.6639344
NODE_1019_length_22012_cov_8.176471	14878	15000	0	122	122	1.0000000
NODE_101_length_38336_cov_8.284541	4962	5084	0	122	122	1.0000000
NODE_101_length_38336_cov_8.284541	14920	15042	0	122	122	1.0000000
NODE_101_length_38336_cov_8.284541	24962	25084	0	122	122	1.0000000
NODE_10200_length_10025_cov_6.957284	4920	5042	0	122	122	1.0000000
NODE_10201_length_10024_cov_9.770176	5088	5210	0	122	122	1.0000000
NODE_10202_length_10024_cov_7.719899	4962	5084	0	122	122	1.0000000
NODE_10203_length_10024_cov_6.887355	4962	5084	0	122	122	1.0000000
NODE_10204_length_10022_cov_7.294266	5004	5126	0	35	122	0.2868852
NODE_10204_length_10022_cov_7.294266	5004	5126	1	87	122	0.7131147
NODE_10206_length_10021_cov_7.538601	5004	5126	0	122	122	1.0000000
NODE_10207_length_10021_cov_7.155815	4962	5084	0	122	122	1.0000000
NODE_10208_length_10020_cov_7.230017	4962	5084	0	32	122	0.2622951
NODE_10208_length_10020_cov_7.230017	4962	5084	2	90	122	0.7377049
NODE_10209_length_10019_cov_17.602117	5046	5168	0	122	122	1.0000000
NODE_1020_length_21981_cov_12.671648	4962	5084	0	122	122	1.0000000
NODE_10210_length_10019_cov_8.072177	4962	5084	0	122	122	1.0000000
NODE_10211_length_10019_cov_6.348387	4920	5042	0	122	122	1.0000000
NODE_10213_length_10017_cov_8.291087	4962	5084	0	7	122	0.0573770
NODE_10213_length_10017_cov_8.291087	4962	5084	2	115	122	0.9426230
NODE_10214_length_10017_cov_7.024703	5088	5210	0	122	122	1.0000000
NODE_10215_length_10016_cov_8.772209	5256	5378	0	122	122	1.0000000
NODE_10216_length_10016_cov_7.682868	4878	5000	0	122	122	1.0000000
NODE_10219_length_10015_cov_5.944232	4962	5084	0	23	122	0.1885246
NODE_10219_length_10015_cov_5.944232	4962	5084	1	99	122	0.8114754
NODE_1021_length_21952_cov_7.874937	4962	5084	0	122	122	1.0000000
NODE_1021_length_21952_cov_7.874937	14794	14916	0	122	122	1.0000000
NODE_10220_length_10014_cov_9.572365	4962	5084	1	24	122	0.1967213
NODE_10220_length_10014_cov_9.572365	4962	5084	2	48	122	0.3934426
NODE_10220_length_10014_cov_9.572365	4962	5084	3	2	122	0.0163934
NODE_10220_length_10014_cov_9.572365	4962	5084	4	48	122	0.3934426
NODE_10221_length_10014_cov_8.548462	4920	5042	0	122	122	1.0000000
NODE_10223_length_10012_cov_8.252295	4962	5084	0	33	122	0.2704918
NODE_10223_length_10012_cov_8.252295	4962	5084	1	89	122	0.7295082
NODE_10224_length_10012_cov_8.066781	5004	5126	1	122	122	1.0000000
NODE_10225_length_10011_cov_8.134383	4962	5084	0	122	122	1.0000000
NODE_10226_length_10011_cov_4.079500	4920	5042	3	101	122	0.8278689
NODE_10226_length_10011_cov_4.079500	4920	5042	4	21	122	0.1721312
NODE_10227_length_10010_cov_6.995964	4962	5084	0	122	122	1.0000000
NODE_10229_length_10009_cov_6.875378	4962	5084	0	122	122	1.0000000
NODE_1022_length_21950_cov_9.969612	4962	5084	0	122	122	1.0000000
NODE_10230_length_10008_cov_7.983248	4962	5084	0	30	122	0.2459016
NODE_10230_length_10008_cov_7.983248	4962	5084	2	92	122	0.7540984
NODE_10233_length_10007_cov_8.010497	4962	5084	0	122	122	1.0000000
NODE_10235_length_10007_cov_6.105975	4920	5042	0	122	122	1.0000000
NODE_10236_length_10006_cov_255.864338	4962	5084	0	122	122	1.0000000
NODE_10237_length_10006_cov_7.627738	4962	5084	0	122	122	1.0000000
NODE_10238_length_10006_cov_7.531241	4878	5000	0	122	122	1.0000000
NODE_10239_length_10006_cov_6.029373	4962	5084	0	122	122	1.0000000
NODE_1023_length_21944_cov_23.921721	5046	5168	0	122	122	1.0000000
NODE_10240_length_10005_cov_24.791036	4962	5084	0	122	122	1.0000000
NODE_10241_length_10005_cov_9.073188	4962	5084	0	122	122	1.0000000
NODE_10242_length_10004_cov_9.658657	4962	5084	0	14	122	0.1147541
NODE_10242_length_10004_cov_9.658657	4962	5084	2	43	122	0.3524590
NODE_10242_length_10004_cov_9.658657	4962	5084	4	1	122	0.0081967
NODE_10242_length_10004_cov_9.658657	4962	5084	5	6	122	0.0491803
NODE_10242_length_10004_cov_9.658657	4962	5084	7	3	122	0.0245902
NODE_10242_length_10004_cov_9.658657	4962	5084	8	55	122	0.4508197
NODE_10243_length_10004_cov_8.799798	4962	5084	0	42	122	0.3442623
NODE_10243_length_10004_cov_8.799798	4962	5084	1	19	122	0.1557377
NODE_10243_length_10004_cov_8.799798	4962	5084	2	61	122	0.5000000
NODE_10244_length_10003_cov_9.853494	5004	5126	0	122	122	1.0000000
NODE_10245_length_10003_cov_9.066539	5004	5126	0	122	122	1.0000000
NODE_10246_length_10002_cov_9.065738	5046	5168	0	122	122	1.0000000
NODE_10247_length_10002_cov_7.740685	4962	5084	0	122	122	1.0000000
NODE_10248_length_10002_cov_7.268605	5046	5168	0	122	122	1.0000000
NODE_10249_length_10002_cov_7.019489	4962	5084	0	122	122	1.0000000
NODE_1024_length_21933_cov_8.435742	4962	5084	0	18	122	0.1475410
NODE_1024_length_21933_cov_8.435742	4962	5084	1	104	122	0.8524590
NODE_10250_length_10001_cov_9.109069	4962	5084	0	122	122	1.0000000
NODE_10251_length_10001_cov_8.787013	4962	5084	0	122	122	1.0000000
NODE_10252_length_10001_cov_8.224500	4962	5084	0	122	122	1.0000000
NODE_10253_length_10001_cov_5.281963	4878	5000	0	122	122	1.0000000
NODE_10254_length_10000_cov_44.193819	4920	5042	0	122	122	1.0000000
NODE_10256_length_10000_cov_9.854156	4962	5084	0	122	122	1.0000000
NODE_10258_length_10000_cov_7.410363	4962	5084	0	122	122	1.0000000
NODE_10259_length_10000_cov_7.081103	5046	5168	0	122	122	1.0000000
NODE_1025_length_21931_cov_7.680377	14962	15084	0	122	122	1.0000000
NODE_1026_length_21921_cov_9.081111	4962	5084	0	122	122	1.0000000
NODE_1026_length_21921_cov_9.081111	14962	15084	0	122	122	1.0000000
NODE_1027_length_21901_cov_8.258692	4962	5084	0	122	122	1.0000000
NODE_1027_length_21901_cov_8.258692	14962	15084	0	122	122	1.0000000
NODE_1028_length_21900_cov_9.097656	4962	5084	0	122	122	1.0000000
NODE_1029_length_21897_cov_9.558583	14962	15084	0	122	122	1.0000000
NODE_102_length_38321_cov_9.267752	14962	15084	0	122	122	1.0000000
NODE_102_length_38321_cov_9.267752	25088	25210	0	122	122	1.0000000
NODE_1030_length_21886_cov_12.000734	4962	5084	0	122	122	1.0000000
NODE_1030_length_21886_cov_12.000734	15004	15126	0	122	122	1.0000000
NODE_1031_length_21884_cov_8.602387	4962	5084	1	1	122	0.0081967
NODE_1031_length_21884_cov_8.602387	4962	5084	2	121	122	0.9918033
NODE_1031_length_21884_cov_8.602387	14962	15084	0	122	122	1.0000000
NODE_1032_length_21879_cov_8.579844	4920	5042	0	122	122	1.0000000
NODE_1032_length_21879_cov_8.579844	14836	14958	0	122	122	1.0000000
NODE_1033_length_21869_cov_18.357418	4878	5000	0	122	122	1.0000000
NODE_1033_length_21869_cov_18.357418	14962	15084	0	122	122	1.0000000
NODE_1034_length_21869_cov_7.980799	5130	5252	0	122	122	1.0000000
NODE_1034_length_21869_cov_7.980799	14962	15084	0	122	122	1.0000000
NODE_1035_length_21867_cov_7.915886	5004	5126	0	122	122	1.0000000
NODE_1035_length_21867_cov_7.915886	14962	15084	0	122	122	1.0000000
NODE_1036_length_21864_cov_10.903331	4920	5042	0	122	122	1.0000000
NODE_1036_length_21864_cov_10.903331	15004	15126	0	52	122	0.4262295
NODE_1036_length_21864_cov_10.903331	15004	15126	2	70	122	0.5737705
NODE_1037_length_21864_cov_8.084953	4962	5084	2	80	122	0.6557377
NODE_1037_length_21864_cov_8.084953	4962	5084	4	42	122	0.3442623
NODE_1037_length_21864_cov_8.084953	15046	15168	0	122	122	1.0000000
NODE_1038_length_21863_cov_22.101176	4920	5042	0	122	122	1.0000000
NODE_1038_length_21863_cov_22.101176	14962	15084	0	122	122	1.0000000
NODE_1039_length_21860_cov_8.812463	4626	4748	1	95	122	0.7786885
NODE_1039_length_21860_cov_8.812463	4626	4748	2	27	122	0.2213115
NODE_1039_length_21860_cov_8.812463	14962	15084	0	122	122	1.0000000
NODE_103_length_38267_cov_7.979354	4962	5084	0	122	122	1.0000000
NODE_103_length_38267_cov_7.979354	24962	25084	0	45	122	0.3688525
NODE_103_length_38267_cov_7.979354	24962	25084	1	77	122	0.6311476
NODE_103_length_38267_cov_7.979354	34962	35084	0	122	122	1.0000000
NODE_1040_length_21854_cov_7.750264	4962	5084	0	122	122	1.0000000
NODE_1040_length_21854_cov_7.750264	14962	15084	0	122	122	1.0000000
NODE_1041_length_21853_cov_16.580859	14962	15084	0	122	122	1.0000000
NODE_1042_length_21839_cov_23.526127	4962	5084	0	122	122	1.0000000
NODE_1043_length_21838_cov_9.132895	4962	5084	0	122	122	1.0000000
NODE_1043_length_21838_cov_9.132895	14962	15084	0	122	122	1.0000000
NODE_1044_length_21834_cov_8.492570	5004	5126	0	122	122	1.0000000
NODE_1044_length_21834_cov_8.492570	14962	15084	0	122	122	1.0000000
NODE_1045_length_21833_cov_8.887411	4962	5084	0	122	122	1.0000000
NODE_1045_length_21833_cov_8.887411	14962	15084	0	122	122	1.0000000
NODE_1046_length_21823_cov_8.998343	4878	5000	0	122	122	1.0000000
NODE_1046_length_21823_cov_8.998343	14962	15084	0	122	122	1.0000000
NODE_1047_length_21823_cov_8.764362	4962	5084	0	122	122	1.0000000
NODE_1047_length_21823_cov_8.764362	15088	15210	0	122	122	1.0000000
NODE_1048_length_21818_cov_9.790000	14962	15084	0	122	122	1.0000000
NODE_1049_length_21814_cov_23.170896	15004	15126	0	102	122	0.8360656
NODE_1049_length_21814_cov_23.170896	15004	15126	11	20	122	0.1639344
NODE_104_length_38227_cov_9.754800	4962	5084	0	122	122	1.0000000
NODE_104_length_38227_cov_9.754800	14962	15084	0	122	122	1.0000000
NODE_104_length_38227_cov_9.754800	24962	25084	0	122	122	1.0000000
NODE_104_length_38227_cov_9.754800	34962	35084	0	122	122	1.0000000
NODE_1050_length_21814_cov_9.191434	4962	5084	0	122	122	1.0000000
NODE_1050_length_21814_cov_9.191434	15004	15126	0	122	122	1.0000000
NODE_1051_length_21811_cov_11.215042	4962	5084	0	122	122	1.0000000
NODE_1051_length_21811_cov_11.215042	14962	15084	0	122	122	1.0000000
NODE_1052_length_21795_cov_6.628826	4962	5084	0	122	122	1.0000000
NODE_1052_length_21795_cov_6.628826	14962	15084	0	122	122	1.0000000
NODE_1053_length_21775_cov_8.688550	14878	15000	0	122	122	1.0000000
NODE_1054_length_21774_cov_9.350542	15130	15252	0	122	122	1.0000000
NODE_1055_length_21760_cov_9.478002	14962	15084	0	122	122	1.0000000
NODE_1056_length_21760_cov_7.373759	4962	5084	0	42	122	0.3442623
NODE_1056_length_21760_cov_7.373759	4962	5084	1	7	122	0.0573770
NODE_1056_length_21760_cov_7.373759	4962	5084	2	73	122	0.5983607
NODE_1056_length_21760_cov_7.373759	15046	15168	1	122	122	1.0000000
NODE_1057_length_21759_cov_13.005078	4962	5084	0	122	122	1.0000000
NODE_1057_length_21759_cov_13.005078	14920	15042	0	122	122	1.0000000
NODE_1058_length_21747_cov_8.957409	14920	15042	0	122	122	1.0000000
NODE_1059_length_21747_cov_8.089431	4962	5084	0	122	122	1.0000000
NODE_1059_length_21747_cov_8.089431	14920	15042	0	122	122	1.0000000
NODE_105_length_38168_cov_8.525835	4962	5084	0	122	122	1.0000000
NODE_105_length_38168_cov_8.525835	14962	15084	0	20	122	0.1639344
NODE_105_length_38168_cov_8.525835	14962	15084	1	102	122	0.8360656
NODE_105_length_38168_cov_8.525835	34878	35000	0	122	122	1.0000000
NODE_1060_length_21737_cov_9.853776	4962	5084	0	122	122	1.0000000
NODE_1060_length_21737_cov_9.853776	14962	15084	0	122	122	1.0000000
NODE_1061_length_21734_cov_7.945413	5004	5126	0	122	122	1.0000000
NODE_1062_length_21731_cov_9.644231	4962	5084	0	122	122	1.0000000
NODE_1062_length_21731_cov_9.644231	14962	15084	0	5	122	0.0409836
NODE_1062_length_21731_cov_9.644231	14962	15084	1	117	122	0.9590164
NODE_1063_length_21727_cov_12.456908	4962	5084	0	122	122	1.0000000
NODE_1063_length_21727_cov_12.456908	14962	15084	0	122	122	1.0000000
NODE_1064_length_21727_cov_10.367764	4962	5084	0	122	122	1.0000000
NODE_1064_length_21727_cov_10.367764	14962	15084	2	122	122	1.0000000
NODE_1065_length_21716_cov_14.400241	4962	5084	0	122	122	1.0000000
NODE_1065_length_21716_cov_14.400241	15004	15126	0	122	122	1.0000000
NODE_1066_length_21713_cov_8.517119	14962	15084	0	64	122	0.5245901
NODE_1066_length_21713_cov_8.517119	14962	15084	2	58	122	0.4754098
NODE_1067_length_21707_cov_8.895455	5088	5210	0	122	122	1.0000000
NODE_1067_length_21707_cov_8.895455	14962	15084	0	122	122	1.0000000
NODE_1068_length_21706_cov_22.351229	5130	5252	0	122	122	1.0000000
NODE_1068_length_21706_cov_22.351229	14962	15084	0	122	122	1.0000000
NODE_1069_length_21706_cov_7.845328	4920	5042	0	122	122	1.0000000
NODE_1069_length_21706_cov_7.845328	14962	15084	0	122	122	1.0000000
NODE_106_length_38154_cov_3.270162	14920	15042	0	122	122	1.0000000
NODE_106_length_38154_cov_3.270162	24962	25084	0	122	122	1.0000000
NODE_106_length_38154_cov_3.270162	34962	35084	0	122	122	1.0000000
NODE_1070_length_21702_cov_8.884646	4878	5000	0	122	122	1.0000000
NODE_1070_length_21702_cov_8.884646	14962	15084	0	122	122	1.0000000
NODE_1071_length_21696_cov_7.981572	14962	15084	0	122	122	1.0000000
NODE_1072_length_21691_cov_8.451000	4962	5084	0	46	122	0.3770492
NODE_1072_length_21691_cov_8.451000	4962	5084	1	64	122	0.5245901
NODE_1072_length_21691_cov_8.451000	4962	5084	2	12	122	0.0983607
NODE_1073_length_21688_cov_8.415165	4878	5000	0	122	122	1.0000000
NODE_1073_length_21688_cov_8.415165	14962	15084	0	122	122	1.0000000
NODE_1074_length_21684_cov_9.709845	4962	5084	0	46	122	0.3770492
NODE_1074_length_21684_cov_9.709845	4962	5084	1	76	122	0.6229508
NODE_1074_length_21684_cov_9.709845	14962	15084	0	122	122	1.0000000
NODE_1075_length_21683_cov_7.467615	15046	15168	0	122	122	1.0000000
NODE_1076_length_21680_cov_8.296511	4962	5084	0	122	122	1.0000000
NODE_1077_length_21675_cov_8.149703	4962	5084	0	122	122	1.0000000
NODE_1077_length_21675_cov_8.149703	14878	15000	0	122	122	1.0000000
NODE_1078_length_21671_cov_9.811978	4752	4874	0	122	122	1.0000000
NODE_1078_length_21671_cov_9.811978	15088	15210	0	122	122	1.0000000
NODE_1079_length_21666_cov_8.268188	5046	5168	0	122	122	1.0000000
NODE_1079_length_21666_cov_8.268188	15004	15126	1	37	122	0.3032787
NODE_1079_length_21666_cov_8.268188	15004	15126	2	85	122	0.6967213
NODE_107_length_38092_cov_18.535599	4794	4916	0	36	122	0.2950820
NODE_107_length_38092_cov_18.535599	4794	4916	1	86	122	0.7049180
NODE_107_length_38092_cov_18.535599	14962	15084	0	122	122	1.0000000
NODE_107_length_38092_cov_18.535599	24962	25084	0	122	122	1.0000000
NODE_1080_length_21666_cov_8.223397	4962	5084	0	122	122	1.0000000
NODE_1081_length_21665_cov_8.861170	4962	5084	0	122	122	1.0000000
NODE_1081_length_21665_cov_8.861170	14962	15084	0	122	122	1.0000000
NODE_1082_length_21661_cov_10.602913	14962	15084	0	122	122	1.0000000
NODE_1083_length_21648_cov_16.891921	4962	5084	0	122	122	1.0000000
NODE_1084_length_21638_cov_8.759181	14836	14958	0	122	122	1.0000000
NODE_1085_length_21635_cov_8.093332	4962	5084	0	122	122	1.0000000
NODE_1085_length_21635_cov_8.093332	14962	15084	0	122	122	1.0000000
NODE_1086_length_21627_cov_10.132990	4962	5084	0	122	122	1.0000000
NODE_1086_length_21627_cov_10.132990	14962	15084	0	122	122	1.0000000
NODE_1087_length_21625_cov_15.291880	4962	5084	1	24	122	0.1967213
NODE_1087_length_21625_cov_15.291880	4962	5084	2	98	122	0.8032787
NODE_1087_length_21625_cov_15.291880	14920	15042	0	122	122	1.0000000
NODE_1088_length_21623_cov_7.603559	4878	5000	0	122	122	1.0000000
NODE_1088_length_21623_cov_7.603559	14752	14874	0	122	122	1.0000000
NODE_1089_length_21622_cov_7.457092	5046	5168	0	14	122	0.1147541
NODE_1089_length_21622_cov_7.457092	5046	5168	1	51	122	0.4180328
NODE_1089_length_21622_cov_7.457092	5046	5168	2	57	122	0.4672131
NODE_1089_length_21622_cov_7.457092	14962	15084	0	122	122	1.0000000
NODE_108_length_38019_cov_8.516086	4962	5084	0	122	122	1.0000000
NODE_108_length_38019_cov_8.516086	15046	15168	0	122	122	1.0000000
NODE_108_length_38019_cov_8.516086	34962	35084	0	122	122	1.0000000
NODE_1091_length_21609_cov_8.427011	14962	15084	0	122	122	1.0000000
NODE_1092_length_21608_cov_8.142034	4962	5084	0	122	122	1.0000000
NODE_1093_length_21596_cov_15.132809	5172	5294	0	122	122	1.0000000
NODE_1093_length_21596_cov_15.132809	14962	15084	0	122	122	1.0000000
NODE_1094_length_21595_cov_8.309220	4962	5084	0	122	122	1.0000000
NODE_1094_length_21595_cov_8.309220	14878	15000	0	122	122	1.0000000
NODE_1095_length_21590_cov_6.672374	14962	15084	0	122	122	1.0000000
NODE_1096_length_21577_cov_12.325915	4920	5042	0	122	122	1.0000000
NODE_1096_length_21577_cov_12.325915	15088	15210	0	122	122	1.0000000
NODE_1097_length_21568_cov_8.085099	5004	5126	1	30	122	0.2459016
NODE_1097_length_21568_cov_8.085099	5004	5126	2	57	122	0.4672131
NODE_1097_length_21568_cov_8.085099	5004	5126	3	35	122	0.2868852
NODE_1098_length_21547_cov_7.938129	4962	5084	0	122	122	1.0000000
NODE_1098_length_21547_cov_7.938129	14920	15042	0	122	122	1.0000000
NODE_1099_length_21543_cov_8.863831	14920	15042	0	122	122	1.0000000
NODE_109_length_38014_cov_10.196835	4962	5084	0	30	122	0.2459016
NODE_109_length_38014_cov_10.196835	4962	5084	2	92	122	0.7540984
NODE_109_length_38014_cov_10.196835	14962	15084	0	122	122	1.0000000
NODE_109_length_38014_cov_10.196835	24752	24874	0	122	122	1.0000000
NODE_109_length_38014_cov_10.196835	34962	35084	0	122	122	1.0000000
NODE_10_length_68599_cov_11.466730	14962	15084	0	40	122	0.3278688
NODE_10_length_68599_cov_11.466730	14962	15084	4	23	122	0.1885246
NODE_10_length_68599_cov_11.466730	14962	15084	9	59	122	0.4836065
NODE_10_length_68599_cov_11.466730	24962	25084	0	4	122	0.0327869
NODE_10_length_68599_cov_11.466730	24962	25084	2	118	122	0.9672131
NODE_10_length_68599_cov_11.466730	44962	45084	0	14	122	0.1147541
NODE_10_length_68599_cov_11.466730	44962	45084	2	22	122	0.1803279
NODE_10_length_68599_cov_11.466730	44962	45084	4	86	122	0.7049180
NODE_10_length_68599_cov_11.466730	55046	55168	0	122	122	1.0000000
NODE_10_length_68599_cov_11.466730	64962	65084	0	122	122	1.0000000
NODE_1100_length_21538_cov_8.134008	4920	5042	0	122	122	1.0000000
NODE_1100_length_21538_cov_8.134008	14920	15042	0	122	122	1.0000000
NODE_1101_length_21535_cov_15.781582	4878	5000	0	122	122	1.0000000
NODE_1101_length_21535_cov_15.781582	14962	15084	0	122	122	1.0000000
NODE_1102_length_21532_cov_9.445435	4962	5084	0	122	122	1.0000000
NODE_1102_length_21532_cov_9.445435	14962	15084	0	122	122	1.0000000
NODE_1103_length_21525_cov_8.662139	4962	5084	0	122	122	1.0000000
NODE_1103_length_21525_cov_8.662139	14836	14958	0	122	122	1.0000000
NODE_1104_length_21525_cov_7.879492	4962	5084	0	122	122	1.0000000
NODE_1104_length_21525_cov_7.879492	14962	15084	0	122	122	1.0000000
NODE_1105_length_21508_cov_11.033818	4962	5084	0	122	122	1.0000000
NODE_1105_length_21508_cov_11.033818	14962	15084	0	122	122	1.0000000
NODE_1106_length_21503_cov_8.321575	4962	5084	0	48	122	0.3934426
NODE_1106_length_21503_cov_8.321575	4962	5084	1	74	122	0.6065574
NODE_1106_length_21503_cov_8.321575	14962	15084	0	122	122	1.0000000
NODE_1107_length_21503_cov_8.228135	4962	5084	0	122	122	1.0000000
NODE_1108_length_21497_cov_8.522479	4962	5084	0	122	122	1.0000000
NODE_1109_length_21495_cov_8.723827	4962	5084	0	122	122	1.0000000
NODE_1109_length_21495_cov_8.723827	14878	15000	0	122	122	1.0000000
NODE_110_length_38008_cov_22.473502	14962	15084	0	35	122	0.2868852
NODE_110_length_38008_cov_22.473502	14962	15084	1	87	122	0.7131147
NODE_110_length_38008_cov_22.473502	34962	35084	0	122	122	1.0000000
NODE_1110_length_21490_cov_14.925389	4962	5084	0	45	122	0.3688525
NODE_1110_length_21490_cov_14.925389	4962	5084	2	77	122	0.6311476
NODE_1110_length_21490_cov_14.925389	15046	15168	0	122	122	1.0000000
NODE_1111_length_21489_cov_8.857784	4962	5084	0	122	122	1.0000000
NODE_1111_length_21489_cov_8.857784	14962	15084	0	122	122	1.0000000
NODE_1112_length_21467_cov_14.746069	4962	5084	0	122	122	1.0000000
NODE_1113_length_21463_cov_8.928665	4962	5084	0	122	122	1.0000000
NODE_1113_length_21463_cov_8.928665	14962	15084	0	122	122	1.0000000
NODE_1114_length_21443_cov_12.916792	14962	15084	0	122	122	1.0000000
NODE_1115_length_21440_cov_8.616794	4962	5084	0	122	122	1.0000000
NODE_1115_length_21440_cov_8.616794	14962	15084	0	122	122	1.0000000
NODE_1116_length_21440_cov_7.398294	4962	5084	0	122	122	1.0000000
NODE_1116_length_21440_cov_7.398294	14920	15042	0	122	122	1.0000000
NODE_1117_length_21439_cov_9.596298	14962	15084	0	47	122	0.3852459
NODE_1117_length_21439_cov_9.596298	14962	15084	3	75	122	0.6147541
NODE_1118_length_21435_cov_9.220707	4962	5084	0	122	122	1.0000000
NODE_1118_length_21435_cov_9.220707	14962	15084	0	122	122	1.0000000
NODE_1119_length_21435_cov_8.246438	4920	5042	0	48	122	0.3934426
NODE_1119_length_21435_cov_8.246438	4920	5042	2	74	122	0.6065574
NODE_1119_length_21435_cov_8.246438	14962	15084	0	122	122	1.0000000
NODE_111_length_37994_cov_8.744663	14962	15084	0	122	122	1.0000000
NODE_111_length_37994_cov_8.744663	34962	35084	0	122	122	1.0000000
NODE_1120_length_21429_cov_8.186029	14962	15084	0	122	122	1.0000000
NODE_1121_length_21424_cov_8.522626	4962	5084	0	122	122	1.0000000
NODE_1121_length_21424_cov_8.522626	15004	15126	0	122	122	1.0000000
NODE_1122_length_21419_cov_8.885413	4962	5084	0	122	122	1.0000000
NODE_1122_length_21419_cov_8.885413	15004	15126	0	122	122	1.0000000
NODE_1123_length_21413_cov_37.601342	4962	5084	0	122	122	1.0000000
NODE_1124_length_21405_cov_8.625739	4920	5042	0	122	122	1.0000000
NODE_1124_length_21405_cov_8.625739	14962	15084	0	23	122	0.1885246
NODE_1124_length_21405_cov_8.625739	14962	15084	2	99	122	0.8114754
NODE_1125_length_21395_cov_6.573582	4962	5084	0	2	122	0.0163934
NODE_1125_length_21395_cov_6.573582	4962	5084	1	41	122	0.3360656
NODE_1125_length_21395_cov_6.573582	4962	5084	3	79	122	0.6475410
NODE_1125_length_21395_cov_6.573582	14962	15084	0	122	122	1.0000000
NODE_1126_length_21387_cov_14.586481	5130	5252	0	122	122	1.0000000
NODE_1126_length_21387_cov_14.586481	14962	15084	0	122	122	1.0000000
NODE_1127_length_21385_cov_9.539322	4962	5084	0	68	122	0.5573770
NODE_1127_length_21385_cov_9.539322	4962	5084	1	44	122	0.3606557
NODE_1127_length_21385_cov_9.539322	4962	5084	2	10	122	0.0819672
NODE_1127_length_21385_cov_9.539322	14962	15084	0	26	122	0.2131148
NODE_1127_length_21385_cov_9.539322	14962	15084	2	38	122	0.3114754
NODE_1127_length_21385_cov_9.539322	14962	15084	4	58	122	0.4754098
NODE_1128_length_21383_cov_9.875963	4962	5084	0	42	122	0.3442623
NODE_1128_length_21383_cov_9.875963	4962	5084	2	80	122	0.6557377
NODE_1129_length_21382_cov_17.337217	5004	5126	0	122	122	1.0000000
NODE_1129_length_21382_cov_17.337217	14836	14958	0	122	122	1.0000000
NODE_112_length_37963_cov_10.464901	4962	5084	0	122	122	1.0000000
NODE_112_length_37963_cov_10.464901	15214	15336	0	122	122	1.0000000
NODE_112_length_37963_cov_10.464901	24962	25084	0	122	122	1.0000000
NODE_112_length_37963_cov_10.464901	34962	35084	0	122	122	1.0000000
NODE_1130_length_21378_cov_8.251516	15046	15168	0	122	122	1.0000000
NODE_1131_length_21375_cov_8.062512	4962	5084	0	122	122	1.0000000
NODE_1131_length_21375_cov_8.062512	15004	15126	0	122	122	1.0000000
NODE_1132_length_21368_cov_12.301143	5004	5126	0	28	122	0.2295082
NODE_1132_length_21368_cov_12.301143	5004	5126	1	94	122	0.7704918
NODE_1132_length_21368_cov_12.301143	15046	15168	0	122	122	1.0000000
NODE_1133_length_21362_cov_8.741335	4962	5084	2	1	122	0.0081967
NODE_1133_length_21362_cov_8.741335	4962	5084	3	75	122	0.6147541
NODE_1133_length_21362_cov_8.741335	4962	5084	4	46	122	0.3770492
NODE_1134_length_21359_cov_14.984008	4878	5000	0	122	122	1.0000000
NODE_1134_length_21359_cov_14.984008	14962	15084	0	122	122	1.0000000
NODE_1135_length_21356_cov_20.248107	14962	15084	0	122	122	1.0000000
NODE_1136_length_21353_cov_8.701938	4962	5084	0	122	122	1.0000000
NODE_1136_length_21353_cov_8.701938	15046	15168	0	122	122	1.0000000
NODE_1137_length_21347_cov_10.432417	4962	5084	0	122	122	1.0000000
NODE_1137_length_21347_cov_10.432417	14962	15084	0	122	122	1.0000000
NODE_1138_length_21346_cov_8.948699	5214	5336	0	122	122	1.0000000
NODE_1138_length_21346_cov_8.948699	14962	15084	0	122	122	1.0000000
NODE_1139_length_21342_cov_8.029704	4962	5084	0	122	122	1.0000000
NODE_1139_length_21342_cov_8.029704	14962	15084	0	122	122	1.0000000
NODE_113_length_37921_cov_13.092221	4962	5084	0	122	122	1.0000000
NODE_113_length_37921_cov_13.092221	14962	15084	0	122	122	1.0000000
NODE_113_length_37921_cov_13.092221	24920	25042	0	122	122	1.0000000
NODE_113_length_37921_cov_13.092221	35046	35168	4	6	122	0.0491803
NODE_113_length_37921_cov_13.092221	35046	35168	5	36	122	0.2950820
NODE_113_length_37921_cov_13.092221	35046	35168	6	51	122	0.4180328
NODE_113_length_37921_cov_13.092221	35046	35168	7	21	122	0.1721312
NODE_113_length_37921_cov_13.092221	35046	35168	8	8	122	0.0655738
NODE_1140_length_21341_cov_28.348366	5004	5126	0	122	122	1.0000000
NODE_1140_length_21341_cov_28.348366	15298	15420	0	122	122	1.0000000
NODE_1141_length_21341_cov_16.007673	5172	5294	0	122	122	1.0000000
NODE_1141_length_21341_cov_16.007673	14920	15042	0	122	122	1.0000000
NODE_1142_length_21333_cov_17.841622	4962	5084	0	122	122	1.0000000
NODE_1143_length_21331_cov_8.998634	4962	5084	0	122	122	1.0000000
NODE_1144_length_21330_cov_12.959399	5298	5420	0	122	122	1.0000000
NODE_1145_length_21311_cov_8.872808	4962	5084	0	122	122	1.0000000
NODE_1145_length_21311_cov_8.872808	14962	15084	0	122	122	1.0000000
NODE_1146_length_21309_cov_8.096558	4962	5084	0	122	122	1.0000000
NODE_1146_length_21309_cov_8.096558	14962	15084	0	122	122	1.0000000
NODE_1147_length_21307_cov_47.983827	14962	15084	0	122	122	1.0000000
NODE_1148_length_21307_cov_29.191390	4962	5084	6	2	122	0.0163934
NODE_1148_length_21307_cov_29.191390	4962	5084	7	120	122	0.9836066
NODE_1148_length_21307_cov_29.191390	14962	15084	0	56	122	0.4590164
NODE_1148_length_21307_cov_29.191390	14962	15084	1	66	122	0.5409836
NODE_1149_length_21303_cov_8.383654	5004	5126	0	122	122	1.0000000
NODE_114_length_37910_cov_10.611938	4962	5084	0	52	122	0.4262295
NODE_114_length_37910_cov_10.611938	4962	5084	1	70	122	0.5737705
NODE_114_length_37910_cov_10.611938	24962	25084	0	122	122	1.0000000
NODE_114_length_37910_cov_10.611938	35046	35168	0	122	122	1.0000000
NODE_1150_length_21287_cov_8.703417	14962	15084	0	122	122	1.0000000
NODE_1151_length_21287_cov_7.916273	4962	5084	0	6	122	0.0491803
NODE_1151_length_21287_cov_7.916273	4962	5084	1	116	122	0.9508197
NODE_1151_length_21287_cov_7.916273	14962	15084	0	61	122	0.5000000
NODE_1151_length_21287_cov_7.916273	14962	15084	8	20	122	0.1639344
NODE_1151_length_21287_cov_7.916273	14962	15084	14	1	122	0.0081967
NODE_1151_length_21287_cov_7.916273	14962	15084	15	40	122	0.3278688
NODE_1152_length_21284_cov_8.976493	4962	5084	0	122	122	1.0000000
NODE_1152_length_21284_cov_8.976493	15004	15126	0	122	122	1.0000000
NODE_1154_length_21277_cov_13.969591	5004	5126	0	122	122	1.0000000
NODE_1154_length_21277_cov_13.969591	14962	15084	0	122	122	1.0000000
NODE_1155_length_21272_cov_8.613942	5046	5168	0	122	122	1.0000000
NODE_1155_length_21272_cov_8.613942	14962	15084	1	122	122	1.0000000
NODE_1156_length_21268_cov_6.837971	4962	5084	0	122	122	1.0000000
NODE_1156_length_21268_cov_6.837971	15004	15126	0	122	122	1.0000000
NODE_1157_length_21267_cov_11.185610	5382	5500	0	43	118	0.3644068
NODE_1157_length_21267_cov_11.185610	5382	5500	2	75	118	0.6355932
NODE_1157_length_21267_cov_11.185610	14962	15084	0	122	122	1.0000000
NODE_1158_length_21257_cov_9.326118	4962	5084	0	122	122	1.0000000
NODE_1158_length_21257_cov_9.326118	14752	14874	0	122	122	1.0000000
NODE_1159_length_21252_cov_8.946722	4962	5084	0	122	122	1.0000000
NODE_115_length_37885_cov_7.734505	14878	15000	0	122	122	1.0000000
NODE_115_length_37885_cov_7.734505	24962	25084	0	76	122	0.6229508
NODE_115_length_37885_cov_7.734505	24962	25084	1	46	122	0.3770492
NODE_115_length_37885_cov_7.734505	34920	35042	0	122	122	1.0000000
NODE_1160_length_21237_cov_8.086527	5004	5126	0	81	122	0.6639344
NODE_1160_length_21237_cov_8.086527	5004	5126	2	41	122	0.3360656
NODE_1160_length_21237_cov_8.086527	14752	14874	0	34	122	0.2786885
NODE_1160_length_21237_cov_8.086527	14752	14874	2	88	122	0.7213115
NODE_1161_length_21235_cov_7.890377	4878	5000	0	122	122	1.0000000
NODE_1161_length_21235_cov_7.890377	14794	14916	0	34	122	0.2786885
NODE_1161_length_21235_cov_7.890377	14794	14916	1	88	122	0.7213115
NODE_1162_length_21212_cov_15.343343	4962	5084	0	122	122	1.0000000
NODE_1162_length_21212_cov_15.343343	15130	15252	0	122	122	1.0000000
NODE_1163_length_21207_cov_8.894732	4962	5084	0	46	122	0.3770492
NODE_1163_length_21207_cov_8.894732	4962	5084	2	76	122	0.6229508
NODE_1163_length_21207_cov_8.894732	14962	15084	0	122	122	1.0000000
NODE_1164_length_21204_cov_9.533855	5004	5126	0	122	122	1.0000000
NODE_1164_length_21204_cov_9.533855	14962	15084	0	122	122	1.0000000
NODE_1165_length_21200_cov_7.333681	5046	5168	0	122	122	1.0000000
NODE_1166_length_21199_cov_9.862180	4962	5084	0	67	122	0.5491803
NODE_1166_length_21199_cov_9.862180	4962	5084	2	55	122	0.4508197
NODE_1167_length_21189_cov_21.259270	14962	15084	0	122	122	1.0000000
NODE_1168_length_21184_cov_8.389329	5004	5126	0	122	122	1.0000000
NODE_1168_length_21184_cov_8.389329	14962	15084	0	122	122	1.0000000
NODE_1169_length_21157_cov_10.259189	4962	5084	0	122	122	1.0000000
NODE_116_length_37853_cov_10.098639	4794	4916	0	122	122	1.0000000
NODE_116_length_37853_cov_10.098639	14962	15084	0	122	122	1.0000000
NODE_116_length_37853_cov_10.098639	25004	25126	0	122	122	1.0000000
NODE_1170_length_21149_cov_8.139002	14962	15084	0	122	122	1.0000000
NODE_1171_length_21141_cov_3.017821	14962	15084	0	122	122	1.0000000
NODE_1172_length_21139_cov_18.757890	5172	5294	0	122	122	1.0000000
NODE_1172_length_21139_cov_18.757890	15004	15126	0	122	122	1.0000000
NODE_1173_length_21132_cov_12.002520	4710	4832	0	122	122	1.0000000
NODE_1173_length_21132_cov_12.002520	14920	15042	0	122	122	1.0000000
NODE_1174_length_21131_cov_7.569038	14962	15084	0	122	122	1.0000000
NODE_1175_length_21126_cov_41.665287	15004	15126	0	14	122	0.1147541
NODE_1175_length_21126_cov_41.665287	15004	15126	1	97	122	0.7950820
NODE_1175_length_21126_cov_41.665287	15004	15126	2	11	122	0.0901639
NODE_1176_length_21117_cov_7.426206	4962	5084	0	122	122	1.0000000
NODE_1177_length_21116_cov_13.158967	14962	15084	0	122	122	1.0000000
NODE_1178_length_21113_cov_11.434615	4878	5000	0	122	122	1.0000000
NODE_1178_length_21113_cov_11.434615	15214	15336	0	122	122	1.0000000
NODE_1179_length_21108_cov_14.248465	4878	5000	0	122	122	1.0000000
NODE_1179_length_21108_cov_14.248465	14920	15042	6	17	122	0.1393443
NODE_1179_length_21108_cov_14.248465	14920	15042	7	5	122	0.0409836
NODE_1179_length_21108_cov_14.248465	14920	15042	8	5	122	0.0409836
NODE_1179_length_21108_cov_14.248465	14920	15042	9	14	122	0.1147541
NODE_1179_length_21108_cov_14.248465	14920	15042	10	22	122	0.1803279
NODE_1179_length_21108_cov_14.248465	14920	15042	11	35	122	0.2868852
NODE_1179_length_21108_cov_14.248465	14920	15042	12	24	122	0.1967213
NODE_117_length_37829_cov_13.143043	4962	5084	0	8	122	0.0655738
NODE_117_length_37829_cov_13.143043	4962	5084	1	114	122	0.9344262
NODE_117_length_37829_cov_13.143043	14962	15084	0	122	122	1.0000000
NODE_117_length_37829_cov_13.143043	25298	25420	0	122	122	1.0000000
NODE_117_length_37829_cov_13.143043	34794	34916	0	30	122	0.2459016
NODE_117_length_37829_cov_13.143043	34794	34916	2	92	122	0.7540984
NODE_1180_length_21103_cov_9.757618	4920	5042	0	122	122	1.0000000
NODE_1180_length_21103_cov_9.757618	15046	15168	0	11	122	0.0901639
NODE_1180_length_21103_cov_9.757618	15046	15168	2	111	122	0.9098361
NODE_1181_length_21086_cov_6.971935	15004	15126	0	122	122	1.0000000
NODE_1182_length_21086_cov_6.758041	14962	15084	0	122	122	1.0000000
NODE_1183_length_21085_cov_8.974936	4962	5084	0	122	122	1.0000000
NODE_1183_length_21085_cov_8.974936	14962	15084	0	122	122	1.0000000
NODE_1185_length_21081_cov_10.000191	14962	15084	0	122	122	1.0000000
NODE_1186_length_21075_cov_10.507389	5088	5210	0	122	122	1.0000000
NODE_1186_length_21075_cov_10.507389	15382	15500	0	118	118	1.0000000
NODE_1187_length_21071_cov_9.179048	14920	15042	0	122	122	1.0000000
NODE_1188_length_21070_cov_8.738258	4962	5084	0	122	122	1.0000000
NODE_1188_length_21070_cov_8.738258	14962	15084	0	122	122	1.0000000
NODE_1189_length_21069_cov_9.925846	4962	5084	0	122	122	1.0000000
NODE_1189_length_21069_cov_9.925846	14962	15084	0	122	122	1.0000000
NODE_118_length_37647_cov_6.538884	5130	5252	0	122	122	1.0000000
NODE_118_length_37647_cov_6.538884	14752	14874	0	122	122	1.0000000
NODE_118_length_37647_cov_6.538884	35046	35168	0	122	122	1.0000000
NODE_1190_length_21068_cov_8.408603	4962	5084	0	122	122	1.0000000
NODE_1190_length_21068_cov_8.408603	14962	15084	0	14	122	0.1147541
NODE_1190_length_21068_cov_8.408603	14962	15084	1	84	122	0.6885246
NODE_1190_length_21068_cov_8.408603	14962	15084	2	24	122	0.1967213
NODE_1191_length_21068_cov_7.835996	4962	5084	0	122	122	1.0000000
NODE_1191_length_21068_cov_7.835996	14920	15042	0	122	122	1.0000000
NODE_1192_length_21059_cov_8.018368	4836	4958	0	122	122	1.0000000
NODE_1193_length_21047_cov_8.789574	5004	5126	0	122	122	1.0000000
NODE_1193_length_21047_cov_8.789574	15004	15126	0	122	122	1.0000000
NODE_1194_length_21039_cov_51.944078	14962	15084	0	56	122	0.4590164
NODE_1194_length_21039_cov_51.944078	14962	15084	4	66	122	0.5409836
NODE_1195_length_21032_cov_8.602255	14962	15084	2	60	122	0.4918033
NODE_1195_length_21032_cov_8.602255	14962	15084	3	62	122	0.5081967
NODE_1196_length_21026_cov_17.467052	5088	5210	0	36	122	0.2950820
NODE_1196_length_21026_cov_17.467052	5088	5210	2	86	122	0.7049180
NODE_1196_length_21026_cov_17.467052	14962	15084	0	122	122	1.0000000
NODE_1197_length_21018_cov_19.035183	4626	4748	0	122	122	1.0000000
NODE_1197_length_21018_cov_19.035183	14962	15084	0	42	122	0.3442623
NODE_1197_length_21018_cov_19.035183	14962	15084	4	80	122	0.6557377
NODE_1198_length_21012_cov_9.385406	5340	5462	0	122	122	1.0000000
NODE_1198_length_21012_cov_9.385406	14962	15084	0	122	122	1.0000000
NODE_1199_length_21011_cov_8.946873	4836	4958	0	122	122	1.0000000
NODE_1199_length_21011_cov_8.946873	15004	15126	0	122	122	1.0000000
NODE_119_length_37509_cov_8.637423	14920	15042	0	122	122	1.0000000
NODE_119_length_37509_cov_8.637423	24962	25084	0	42	122	0.3442623
NODE_119_length_37509_cov_8.637423	24962	25084	2	80	122	0.6557377
NODE_119_length_37509_cov_8.637423	34920	35042	0	46	122	0.3770492
NODE_119_length_37509_cov_8.637423	34920	35042	1	76	122	0.6229508
NODE_11_length_68450_cov_9.602274	25004	25126	0	122	122	1.0000000
NODE_11_length_68450_cov_9.602274	34962	35084	0	122	122	1.0000000
NODE_11_length_68450_cov_9.602274	44962	45084	0	122	122	1.0000000
NODE_11_length_68450_cov_9.602274	65088	65210	0	122	122	1.0000000
NODE_1200_length_20993_cov_16.778740	4962	5084	0	122	122	1.0000000
NODE_1200_length_20993_cov_16.778740	14710	14832	0	122	122	1.0000000
NODE_1201_length_20987_cov_8.220797	5298	5420	0	122	122	1.0000000
NODE_1201_length_20987_cov_8.220797	14962	15084	0	122	122	1.0000000
NODE_1202_length_20980_cov_8.390930	14962	15084	0	122	122	1.0000000
NODE_1203_length_20974_cov_6.419449	4962	5084	0	122	122	1.0000000
NODE_1203_length_20974_cov_6.419449	14962	15084	0	122	122	1.0000000
NODE_1204_length_20967_cov_13.866830	4962	5084	0	122	122	1.0000000
NODE_1205_length_20965_cov_6.451069	4962	5084	0	122	122	1.0000000
NODE_1205_length_20965_cov_6.451069	14962	15084	0	122	122	1.0000000
NODE_1206_length_20951_cov_13.550739	5046	5168	0	122	122	1.0000000
NODE_1206_length_20951_cov_13.550739	14962	15084	0	122	122	1.0000000
NODE_1207_length_20950_cov_8.998034	14962	15084	0	122	122	1.0000000
NODE_1208_length_20941_cov_8.168314	14962	15084	0	122	122	1.0000000
NODE_1209_length_20940_cov_7.248501	4962	5084	0	122	122	1.0000000
NODE_1209_length_20940_cov_7.248501	14878	15000	0	21	122	0.1721312
NODE_1209_length_20940_cov_7.248501	14878	15000	2	101	122	0.8278689
NODE_120_length_37450_cov_8.897861	4962	5084	0	122	122	1.0000000
NODE_120_length_37450_cov_8.897861	14962	15084	0	122	122	1.0000000
NODE_120_length_37450_cov_8.897861	24962	25084	0	122	122	1.0000000
NODE_1211_length_20921_cov_16.620834	4962	5084	0	21	122	0.1721312
NODE_1211_length_20921_cov_16.620834	4962	5084	6	101	122	0.8278689
NODE_1212_length_20921_cov_15.590817	4962	5084	0	122	122	1.0000000
NODE_1212_length_20921_cov_15.590817	14920	15042	0	122	122	1.0000000
NODE_1213_length_20920_cov_11.002305	4962	5084	0	23	122	0.1885246
NODE_1213_length_20920_cov_11.002305	4962	5084	1	18	122	0.1475410
NODE_1213_length_20920_cov_11.002305	4962	5084	3	13	122	0.1065574
NODE_1213_length_20920_cov_11.002305	4962	5084	4	68	122	0.5573770
NODE_1214_length_20919_cov_8.798031	4962	5084	0	122	122	1.0000000
NODE_1214_length_20919_cov_8.798031	15172	15294	0	122	122	1.0000000
NODE_1215_length_20917_cov_29.739264	4710	4832	0	122	122	1.0000000
NODE_1215_length_20917_cov_29.739264	14962	15084	1	41	122	0.3360656
NODE_1215_length_20917_cov_29.739264	14962	15084	2	81	122	0.6639344
NODE_1216_length_20917_cov_8.236718	4962	5084	0	122	122	1.0000000
NODE_1216_length_20917_cov_8.236718	14962	15084	0	122	122	1.0000000
NODE_1217_length_20911_cov_29.742504	5088	5210	0	122	122	1.0000000
NODE_1218_length_20911_cov_8.366039	5004	5126	0	122	122	1.0000000
NODE_1218_length_20911_cov_8.366039	14962	15084	0	122	122	1.0000000
NODE_1219_length_20909_cov_10.047285	5088	5210	0	122	122	1.0000000
NODE_1219_length_20909_cov_10.047285	14962	15084	0	122	122	1.0000000
NODE_121_length_37448_cov_9.081448	14962	15084	0	122	122	1.0000000
NODE_121_length_37448_cov_9.081448	24962	25084	0	122	122	1.0000000
NODE_1220_length_20906_cov_7.363339	4962	5084	0	42	122	0.3442623
NODE_1220_length_20906_cov_7.363339	4962	5084	2	80	122	0.6557377
NODE_1220_length_20906_cov_7.363339	14962	15084	0	122	122	1.0000000
NODE_1221_length_20903_cov_7.569458	5340	5462	0	122	122	1.0000000
NODE_1222_length_20902_cov_7.865452	4962	5084	0	122	122	1.0000000
NODE_1222_length_20902_cov_7.865452	14962	15084	0	7	122	0.0573770
NODE_1222_length_20902_cov_7.865452	14962	15084	1	89	122	0.7295082
NODE_1222_length_20902_cov_7.865452	14962	15084	2	26	122	0.2131148
NODE_1223_length_20895_cov_6.997163	5088	5210	0	122	122	1.0000000
NODE_1223_length_20895_cov_6.997163	14920	15042	0	122	122	1.0000000
NODE_1224_length_20880_cov_9.738559	14962	15084	0	122	122	1.0000000
NODE_1225_length_20879_cov_8.372474	4962	5084	0	122	122	1.0000000
NODE_1225_length_20879_cov_8.372474	14920	15042	0	122	122	1.0000000
NODE_1226_length_20875_cov_8.658163	14962	15084	0	122	122	1.0000000
NODE_1227_length_20871_cov_7.367129	4962	5084	0	122	122	1.0000000
NODE_1227_length_20871_cov_7.367129	14962	15084	0	122	122	1.0000000
NODE_1228_length_20860_cov_12.019122	14962	15084	0	122	122	1.0000000
NODE_1229_length_20857_cov_7.960834	5046	5168	0	25	122	0.2049180
NODE_1229_length_20857_cov_7.960834	5046	5168	1	97	122	0.7950820
NODE_1229_length_20857_cov_7.960834	15046	15168	0	122	122	1.0000000
NODE_122_length_37328_cov_10.755137	5046	5168	0	122	122	1.0000000
NODE_122_length_37328_cov_10.755137	14962	15084	0	122	122	1.0000000
NODE_122_length_37328_cov_10.755137	24794	24916	1	122	122	1.0000000
NODE_1230_length_20857_cov_7.710040	4962	5084	0	122	122	1.0000000
NODE_1230_length_20857_cov_7.710040	14710	14832	0	122	122	1.0000000
NODE_1231_length_20856_cov_9.167702	4962	5084	0	122	122	1.0000000
NODE_1231_length_20856_cov_9.167702	14962	15084	0	122	122	1.0000000
NODE_1232_length_20854_cov_26.060901	5130	5252	0	122	122	1.0000000
NODE_1232_length_20854_cov_26.060901	14962	15084	0	122	122	1.0000000
NODE_1234_length_20850_cov_8.020336	14962	15084	0	122	122	1.0000000
NODE_1235_length_20848_cov_3.156393	4962	5084	0	122	122	1.0000000
NODE_1235_length_20848_cov_3.156393	14962	15084	0	122	122	1.0000000
NODE_1236_length_20842_cov_8.464880	4962	5084	0	122	122	1.0000000
NODE_1236_length_20842_cov_8.464880	14962	15084	0	122	122	1.0000000
NODE_1237_length_20840_cov_9.670074	4710	4832	0	122	122	1.0000000
NODE_1237_length_20840_cov_9.670074	14962	15084	0	122	122	1.0000000
NODE_1238_length_20838_cov_7.987656	4962	5084	0	122	122	1.0000000
NODE_1238_length_20838_cov_7.987656	15046	15168	0	122	122	1.0000000
NODE_1239_length_20832_cov_8.144407	4836	4958	0	7	122	0.0573770
NODE_1239_length_20832_cov_8.144407	4836	4958	1	115	122	0.9426230
NODE_1239_length_20832_cov_8.144407	14962	15084	0	122	122	1.0000000
NODE_123_length_37046_cov_9.308117	4962	5084	0	122	122	1.0000000
NODE_123_length_37046_cov_9.308117	14920	15042	0	47	122	0.3852459
NODE_123_length_37046_cov_9.308117	14920	15042	2	75	122	0.6147541
NODE_1240_length_20828_cov_63.190747	5046	5168	1	122	122	1.0000000
NODE_1240_length_20828_cov_63.190747	15130	15252	1	87	122	0.7131147
NODE_1240_length_20828_cov_63.190747	15130	15252	2	35	122	0.2868852
NODE_1241_length_20826_cov_9.145848	15004	15126	0	122	122	1.0000000
NODE_1242_length_20826_cov_8.914749	4962	5084	0	122	122	1.0000000
NODE_1242_length_20826_cov_8.914749	14962	15084	0	122	122	1.0000000
NODE_1243_length_20824_cov_9.170229	14920	15042	15	29	122	0.2377049
NODE_1243_length_20824_cov_9.170229	14920	15042	16	93	122	0.7622951
NODE_1244_length_20821_cov_10.953624	4962	5084	0	122	122	1.0000000
NODE_1244_length_20821_cov_10.953624	14920	15042	0	122	122	1.0000000
NODE_1245_length_20819_cov_8.858639	14962	15084	0	122	122	1.0000000
NODE_1246_length_20815_cov_7.984215	5046	5168	0	122	122	1.0000000
NODE_1246_length_20815_cov_7.984215	14962	15084	0	122	122	1.0000000
NODE_1247_length_20814_cov_8.266715	4962	5084	0	122	122	1.0000000
NODE_1247_length_20814_cov_8.266715	14962	15084	0	122	122	1.0000000
NODE_1248_length_20805_cov_9.861876	4962	5084	0	23	122	0.1885246
NODE_1248_length_20805_cov_9.861876	4962	5084	2	99	122	0.8114754
NODE_1248_length_20805_cov_9.861876	14962	15084	0	122	122	1.0000000
NODE_1249_length_20797_cov_8.782733	4962	5084	0	64	122	0.5245901
NODE_1249_length_20797_cov_8.782733	4962	5084	1	25	122	0.2049180
NODE_1249_length_20797_cov_8.782733	4962	5084	2	33	122	0.2704918
NODE_1249_length_20797_cov_8.782733	14962	15084	0	122	122	1.0000000
NODE_124_length_36985_cov_2.793174	4962	5084	0	122	122	1.0000000
NODE_124_length_36985_cov_2.793174	24962	25084	0	122	122	1.0000000
NODE_1250_length_20794_cov_38.731288	4962	5084	0	122	122	1.0000000
NODE_1251_length_20794_cov_8.949263	4962	5084	0	122	122	1.0000000
NODE_1251_length_20794_cov_8.949263	14962	15084	0	72	122	0.5901639
NODE_1251_length_20794_cov_8.949263	14962	15084	1	24	122	0.1967213
NODE_1251_length_20794_cov_8.949263	14962	15084	2	26	122	0.2131148
NODE_1252_length_20782_cov_10.463859	14962	15084	0	122	122	1.0000000
NODE_1253_length_20781_cov_8.438497	4962	5084	0	122	122	1.0000000
NODE_1253_length_20781_cov_8.438497	14962	15084	0	122	122	1.0000000
NODE_1254_length_20778_cov_11.205523	4962	5084	0	122	122	1.0000000
NODE_1254_length_20778_cov_11.205523	14920	15042	0	122	122	1.0000000
NODE_1255_length_20765_cov_8.327446	4962	5084	0	45	122	0.3688525
NODE_1255_length_20765_cov_8.327446	4962	5084	1	77	122	0.6311476
NODE_1255_length_20765_cov_8.327446	14962	15084	0	11	122	0.0901639
NODE_1255_length_20765_cov_8.327446	14962	15084	1	2	122	0.0163934
NODE_1255_length_20765_cov_8.327446	14962	15084	2	109	122	0.8934426
NODE_1256_length_20765_cov_8.271460	14668	14790	0	122	122	1.0000000
NODE_1257_length_20752_cov_8.647703	4962	5084	0	122	122	1.0000000
NODE_1258_length_20739_cov_9.615068	4962	5084	0	122	122	1.0000000
NODE_1258_length_20739_cov_9.615068	14962	15084	1	13	122	0.1065574
NODE_1258_length_20739_cov_9.615068	14962	15084	2	109	122	0.8934426
NODE_1259_length_20723_cov_20.409329	4962	5084	0	122	122	1.0000000
NODE_1259_length_20723_cov_20.409329	14962	15084	0	122	122	1.0000000
NODE_125_length_36778_cov_48.279888	4962	5084	0	122	122	1.0000000
NODE_125_length_36778_cov_48.279888	15004	15126	0	122	122	1.0000000
NODE_125_length_36778_cov_48.279888	25046	25168	0	122	122	1.0000000
NODE_1260_length_20712_cov_8.142531	5214	5336	0	122	122	1.0000000
NODE_1261_length_20700_cov_24.737877	4920	5042	0	122	122	1.0000000
NODE_1261_length_20700_cov_24.737877	14962	15084	0	122	122	1.0000000
NODE_1262_length_20691_cov_10.241939	4962	5084	0	42	122	0.3442623
NODE_1262_length_20691_cov_10.241939	4962	5084	1	80	122	0.6557377
NODE_1262_length_20691_cov_10.241939	15340	15462	0	122	122	1.0000000
NODE_1263_length_20691_cov_9.084110	4962	5084	0	122	122	1.0000000
NODE_1263_length_20691_cov_9.084110	14962	15084	0	122	122	1.0000000
NODE_1264_length_20689_cov_8.749927	4962	5084	0	122	122	1.0000000
NODE_1264_length_20689_cov_8.749927	14962	15084	0	122	122	1.0000000
NODE_1265_length_20655_cov_9.146770	4962	5084	0	122	122	1.0000000
NODE_1265_length_20655_cov_9.146770	14962	15084	0	122	122	1.0000000
NODE_1266_length_20653_cov_8.684782	4962	5084	0	43	122	0.3524590
NODE_1266_length_20653_cov_8.684782	4962	5084	2	79	122	0.6475410
NODE_1267_length_20649_cov_6.798345	4962	5084	0	122	122	1.0000000
NODE_1267_length_20649_cov_6.798345	14962	15084	0	122	122	1.0000000
NODE_1268_length_20646_cov_15.674697	4962	5084	0	122	122	1.0000000
NODE_1268_length_20646_cov_15.674697	14962	15084	0	122	122	1.0000000
NODE_1269_length_20644_cov_10.663470	4962	5084	0	122	122	1.0000000
NODE_1269_length_20644_cov_10.663470	15088	15210	0	31	122	0.2540984
NODE_1269_length_20644_cov_10.663470	15088	15210	2	91	122	0.7459016
NODE_126_length_36755_cov_8.455205	4584	4706	0	122	122	1.0000000
NODE_126_length_36755_cov_8.455205	14962	15084	0	122	122	1.0000000
NODE_1270_length_20644_cov_7.946508	4962	5084	0	122	122	1.0000000
NODE_1270_length_20644_cov_7.946508	15130	15252	0	122	122	1.0000000
NODE_1271_length_20632_cov_8.348171	4962	5084	0	122	122	1.0000000
NODE_1271_length_20632_cov_8.348171	14962	15084	0	122	122	1.0000000
NODE_1272_length_20632_cov_2.830371	4962	5084	0	122	122	1.0000000
NODE_1273_length_20624_cov_42.399026	4962	5084	0	122	122	1.0000000
NODE_1273_length_20624_cov_42.399026	14962	15084	1	116	122	0.9508197
NODE_1273_length_20624_cov_42.399026	14962	15084	2	6	122	0.0491803
NODE_1274_length_20623_cov_9.001121	4962	5084	0	122	122	1.0000000
NODE_1274_length_20623_cov_9.001121	15256	15378	0	122	122	1.0000000
NODE_1275_length_20613_cov_125.836404	4920	5042	0	80	122	0.6557377
NODE_1275_length_20613_cov_125.836404	4920	5042	1	42	122	0.3442623
NODE_1275_length_20613_cov_125.836404	15004	15126	0	122	122	1.0000000
NODE_1276_length_20607_cov_28.114980	4962	5084	0	122	122	1.0000000
NODE_1277_length_20599_cov_7.633366	4962	5084	0	122	122	1.0000000
NODE_1278_length_20597_cov_8.832130	14962	15084	0	122	122	1.0000000
NODE_1279_length_20596_cov_7.903498	4962	5084	0	122	122	1.0000000
NODE_1279_length_20596_cov_7.903498	14920	15042	0	122	122	1.0000000
NODE_1280_length_20592_cov_7.709267	4962	5084	0	122	122	1.0000000
NODE_1281_length_20583_cov_30.129369	4962	5084	0	122	122	1.0000000
NODE_1281_length_20583_cov_30.129369	14962	15084	0	122	122	1.0000000
NODE_1282_length_20578_cov_7.491772	5046	5168	0	122	122	1.0000000
NODE_1282_length_20578_cov_7.491772	14962	15084	0	122	122	1.0000000
NODE_1283_length_20577_cov_9.138978	4962	5084	0	83	122	0.6803279
NODE_1283_length_20577_cov_9.138978	4962	5084	1	39	122	0.3196721
NODE_1283_length_20577_cov_9.138978	14962	15084	0	122	122	1.0000000
NODE_1284_length_20575_cov_8.325112	4962	5084	0	122	122	1.0000000
NODE_1284_length_20575_cov_8.325112	14962	15084	0	76	122	0.6229508
NODE_1284_length_20575_cov_8.325112	14962	15084	2	46	122	0.3770492
NODE_1285_length_20569_cov_17.932877	4962	5084	0	122	122	1.0000000
NODE_1285_length_20569_cov_17.932877	14920	15042	0	122	122	1.0000000
NODE_1286_length_20567_cov_9.290698	4920	5042	0	122	122	1.0000000
NODE_1286_length_20567_cov_9.290698	14962	15084	0	122	122	1.0000000
NODE_1287_length_20566_cov_22.030732	5004	5126	0	122	122	1.0000000
NODE_1287_length_20566_cov_22.030732	15130	15252	0	122	122	1.0000000
NODE_1288_length_20557_cov_8.177877	4962	5084	0	122	122	1.0000000
NODE_1288_length_20557_cov_8.177877	14878	15000	0	122	122	1.0000000
NODE_1289_length_20547_cov_7.546899	5004	5126	0	122	122	1.0000000
NODE_1289_length_20547_cov_7.546899	14920	15042	0	35	122	0.2868852
NODE_1289_length_20547_cov_7.546899	14920	15042	2	87	122	0.7131147
NODE_128_length_36547_cov_10.555257	5046	5168	0	122	122	1.0000000
NODE_128_length_36547_cov_10.555257	14962	15084	0	14	122	0.1147541
NODE_128_length_36547_cov_10.555257	14962	15084	2	108	122	0.8852459
NODE_128_length_36547_cov_10.555257	24836	24958	0	122	122	1.0000000
NODE_1290_length_20533_cov_20.957375	4962	5084	0	122	122	1.0000000
NODE_1291_length_20531_cov_22.743246	14794	14916	0	122	122	1.0000000
NODE_1292_length_20521_cov_8.769513	4920	5042	0	122	122	1.0000000
NODE_1292_length_20521_cov_8.769513	14962	15084	0	59	122	0.4836065
NODE_1292_length_20521_cov_8.769513	14962	15084	1	63	122	0.5163934
NODE_1293_length_20520_cov_9.110426	14920	15042	0	122	122	1.0000000
NODE_1294_length_20518_cov_7.440423	5004	5126	0	122	122	1.0000000
NODE_1295_length_20514_cov_8.195200	4962	5084	0	122	122	1.0000000
NODE_1295_length_20514_cov_8.195200	15088	15210	0	122	122	1.0000000
NODE_1296_length_20496_cov_8.331617	4962	5084	0	52	122	0.4262295
NODE_1296_length_20496_cov_8.331617	4962	5084	1	70	122	0.5737705
NODE_1297_length_20495_cov_7.726417	4962	5084	0	122	122	1.0000000
NODE_1297_length_20495_cov_7.726417	14962	15084	0	122	122	1.0000000
NODE_1298_length_20492_cov_14.489187	5046	5168	0	122	122	1.0000000
NODE_1298_length_20492_cov_14.489187	14962	15084	0	65	122	0.5327869
NODE_1298_length_20492_cov_14.489187	14962	15084	1	57	122	0.4672131
NODE_1299_length_20487_cov_8.644301	5004	5126	0	122	122	1.0000000
NODE_1299_length_20487_cov_8.644301	14962	15084	0	122	122	1.0000000
NODE_129_length_36513_cov_31.040589	14962	15084	0	122	122	1.0000000
NODE_129_length_36513_cov_31.040589	25256	25378	0	122	122	1.0000000
NODE_12_length_68427_cov_11.254215	4962	5084	0	62	122	0.5081967
NODE_12_length_68427_cov_11.254215	4962	5084	1	60	122	0.4918033
NODE_12_length_68427_cov_11.254215	14962	15084	0	122	122	1.0000000
NODE_12_length_68427_cov_11.254215	24920	25042	0	22	122	0.1803279
NODE_12_length_68427_cov_11.254215	24920	25042	2	100	122	0.8196721
NODE_12_length_68427_cov_11.254215	44962	45084	0	86	122	0.7049180
NODE_12_length_68427_cov_11.254215	44962	45084	1	36	122	0.2950820
NODE_12_length_68427_cov_11.254215	54962	55084	0	122	122	1.0000000
NODE_12_length_68427_cov_11.254215	64920	65042	0	122	122	1.0000000
NODE_1300_length_20477_cov_17.222838	4962	5084	0	122	122	1.0000000
NODE_1300_length_20477_cov_17.222838	14962	15084	0	122	122	1.0000000
NODE_1301_length_20462_cov_8.266365	14962	15084	0	122	122	1.0000000
NODE_1302_length_20452_cov_8.938928	4962	5084	0	122	122	1.0000000
NODE_1302_length_20452_cov_8.938928	14962	15084	0	122	122	1.0000000
NODE_1303_length_20452_cov_7.630914	4962	5084	0	122	122	1.0000000
NODE_1303_length_20452_cov_7.630914	14962	15084	0	122	122	1.0000000
NODE_1304_length_20451_cov_13.874853	5004	5126	1	11	122	0.0901639
NODE_1304_length_20451_cov_13.874853	5004	5126	2	14	122	0.1147541
NODE_1304_length_20451_cov_13.874853	5004	5126	3	11	122	0.0901639
NODE_1304_length_20451_cov_13.874853	5004	5126	4	34	122	0.2786885
NODE_1304_length_20451_cov_13.874853	5004	5126	5	52	122	0.4262295
NODE_1305_length_20448_cov_8.957197	4962	5084	0	122	122	1.0000000
NODE_1306_length_20447_cov_8.651809	5004	5126	0	122	122	1.0000000
NODE_1306_length_20447_cov_8.651809	14710	14832	0	122	122	1.0000000
NODE_1307_length_20442_cov_7.636386	5004	5126	0	122	122	1.0000000
NODE_1307_length_20442_cov_7.636386	14962	15084	0	122	122	1.0000000
NODE_1308_length_20437_cov_9.131331	4962	5084	0	122	122	1.0000000
NODE_1309_length_20433_cov_9.329055	4962	5084	0	122	122	1.0000000
NODE_130_length_36485_cov_9.822597	4962	5084	0	122	122	1.0000000
NODE_130_length_36485_cov_9.822597	14962	15084	0	122	122	1.0000000
NODE_1310_length_20431_cov_9.595957	4962	5084	0	122	122	1.0000000
NODE_1310_length_20431_cov_9.595957	14962	15084	0	122	122	1.0000000
NODE_1311_length_20431_cov_7.084350	4878	5000	0	122	122	1.0000000
NODE_1311_length_20431_cov_7.084350	14920	15042	0	122	122	1.0000000
NODE_1312_length_20427_cov_16.338843	14710	14832	0	122	122	1.0000000
NODE_1313_length_20427_cov_12.784681	4962	5084	0	122	122	1.0000000
NODE_1313_length_20427_cov_12.784681	14962	15084	0	71	122	0.5819672
NODE_1313_length_20427_cov_12.784681	14962	15084	1	51	122	0.4180328
NODE_1314_length_20423_cov_10.163452	5046	5168	0	41	122	0.3360656
NODE_1314_length_20423_cov_10.163452	5046	5168	6	1	122	0.0081967
NODE_1314_length_20423_cov_10.163452	5046	5168	7	80	122	0.6557377
NODE_1314_length_20423_cov_10.163452	14962	15084	0	50	122	0.4098361
NODE_1314_length_20423_cov_10.163452	14962	15084	1	72	122	0.5901639
NODE_1315_length_20408_cov_7.962184	4962	5084	0	122	122	1.0000000
NODE_1315_length_20408_cov_7.962184	14962	15084	0	122	122	1.0000000
NODE_1316_length_20408_cov_7.175538	15004	15126	0	122	122	1.0000000
NODE_1317_length_20399_cov_8.136552	4794	4916	0	122	122	1.0000000
NODE_1317_length_20399_cov_8.136552	14962	15084	0	122	122	1.0000000
NODE_1318_length_20396_cov_8.404543	5004	5126	0	122	122	1.0000000
NODE_1318_length_20396_cov_8.404543	14962	15084	0	122	122	1.0000000
NODE_1319_length_20393_cov_44.978614	4962	5084	1	12	122	0.0983607
NODE_1319_length_20393_cov_44.978614	4962	5084	2	110	122	0.9016393
NODE_1319_length_20393_cov_44.978614	14626	14748	0	122	122	1.0000000
NODE_131_length_36437_cov_11.045517	24962	25084	0	122	122	1.0000000
NODE_1320_length_20392_cov_8.126398	4794	4916	0	122	122	1.0000000
NODE_1320_length_20392_cov_8.126398	14962	15084	0	122	122	1.0000000
NODE_1321_length_20390_cov_9.119314	14962	15084	0	84	122	0.6885246
NODE_1321_length_20390_cov_9.119314	14962	15084	1	38	122	0.3114754
NODE_1322_length_20388_cov_14.317512	4710	4832	0	122	122	1.0000000
NODE_1322_length_20388_cov_14.317512	14752	14874	0	122	122	1.0000000
NODE_1323_length_20379_cov_8.107692	4962	5084	0	122	122	1.0000000
NODE_1323_length_20379_cov_8.107692	14962	15084	2	122	122	1.0000000
NODE_1324_length_20358_cov_9.189891	4962	5084	0	122	122	1.0000000
NODE_1324_length_20358_cov_9.189891	15004	15126	0	122	122	1.0000000
NODE_1325_length_20351_cov_8.277257	4668	4790	0	122	122	1.0000000
NODE_1326_length_20350_cov_7.155449	4962	5084	0	122	122	1.0000000
NODE_1326_length_20350_cov_7.155449	14962	15084	0	122	122	1.0000000
NODE_1327_length_20349_cov_9.339654	4962	5084	0	122	122	1.0000000
NODE_1327_length_20349_cov_9.339654	15004	15126	0	122	122	1.0000000
NODE_1328_length_20347_cov_6.588503	5214	5336	0	122	122	1.0000000
NODE_1328_length_20347_cov_6.588503	14962	15084	0	10	122	0.0819672
NODE_1328_length_20347_cov_6.588503	14962	15084	1	75	122	0.6147541
NODE_1328_length_20347_cov_6.588503	14962	15084	2	37	122	0.3032787
NODE_1329_length_20342_cov_8.257175	4962	5084	0	122	122	1.0000000
NODE_1329_length_20342_cov_8.257175	14962	15084	0	122	122	1.0000000
NODE_132_length_36425_cov_14.105682	4626	4748	0	122	122	1.0000000
NODE_132_length_36425_cov_14.105682	24920	25042	0	122	122	1.0000000
NODE_1330_length_20340_cov_9.744775	4962	5084	0	122	122	1.0000000
NODE_1330_length_20340_cov_9.744775	14962	15084	0	122	122	1.0000000
NODE_1331_length_20337_cov_9.926376	4962	5084	0	122	122	1.0000000
NODE_1331_length_20337_cov_9.926376	14962	15084	0	65	122	0.5327869
NODE_1331_length_20337_cov_9.926376	14962	15084	5	1	122	0.0081967
NODE_1331_length_20337_cov_9.926376	14962	15084	7	4	122	0.0327869
NODE_1331_length_20337_cov_9.926376	14962	15084	12	31	122	0.2540984
NODE_1331_length_20337_cov_9.926376	14962	15084	13	21	122	0.1721312
NODE_1332_length_20337_cov_7.563939	14878	15000	0	122	122	1.0000000
NODE_1333_length_20328_cov_7.753275	5046	5168	0	122	122	1.0000000
NODE_1334_length_20323_cov_18.918760	4626	4748	0	122	122	1.0000000
NODE_1334_length_20323_cov_18.918760	14920	15042	0	122	122	1.0000000
NODE_1335_length_20319_cov_10.054105	4962	5084	0	122	122	1.0000000
NODE_1335_length_20319_cov_10.054105	14962	15084	0	122	122	1.0000000
NODE_1336_length_20315_cov_7.630144	5130	5252	1	64	122	0.5245901
NODE_1336_length_20315_cov_7.630144	5130	5252	2	58	122	0.4754098
NODE_1336_length_20315_cov_7.630144	14962	15084	0	52	122	0.4262295
NODE_1336_length_20315_cov_7.630144	14962	15084	1	70	122	0.5737705
NODE_1337_length_20311_cov_8.530774	4920	5042	0	122	122	1.0000000
NODE_1337_length_20311_cov_8.530774	14962	15084	0	122	122	1.0000000
NODE_1338_length_20307_cov_9.340707	14962	15084	0	24	122	0.1967213
NODE_1338_length_20307_cov_9.340707	14962	15084	4	63	122	0.5163934
NODE_1338_length_20307_cov_9.340707	14962	15084	7	35	122	0.2868852
NODE_1339_length_20299_cov_7.901386	4836	4958	0	122	122	1.0000000
NODE_1339_length_20299_cov_7.901386	14962	15084	0	122	122	1.0000000
NODE_133_length_36342_cov_9.202053	5130	5252	0	122	122	1.0000000
NODE_133_length_36342_cov_9.202053	14962	15084	0	122	122	1.0000000
NODE_133_length_36342_cov_9.202053	24962	25084	0	44	122	0.3606557
NODE_133_length_36342_cov_9.202053	24962	25084	1	1	122	0.0081967
NODE_133_length_36342_cov_9.202053	24962	25084	2	1	122	0.0081967
NODE_133_length_36342_cov_9.202053	24962	25084	3	14	122	0.1147541
NODE_133_length_36342_cov_9.202053	24962	25084	4	19	122	0.1557377
NODE_133_length_36342_cov_9.202053	24962	25084	5	43	122	0.3524590
NODE_1340_length_20296_cov_9.996683	4962	5084	0	122	122	1.0000000
NODE_1340_length_20296_cov_9.996683	14962	15084	0	122	122	1.0000000
NODE_1341_length_20295_cov_9.252426	4962	5084	0	122	122	1.0000000
NODE_1341_length_20295_cov_9.252426	15004	15126	0	122	122	1.0000000
NODE_1342_length_20295_cov_8.508764	5046	5168	0	122	122	1.0000000
NODE_1342_length_20295_cov_8.508764	14962	15084	0	122	122	1.0000000
NODE_1343_length_20290_cov_9.661929	4962	5084	0	122	122	1.0000000
NODE_1343_length_20290_cov_9.661929	14962	15084	0	122	122	1.0000000
NODE_1344_length_20290_cov_9.281611	5130	5252	0	122	122	1.0000000
NODE_1344_length_20290_cov_9.281611	14668	14790	0	122	122	1.0000000
NODE_1345_length_20284_cov_8.465098	4962	5084	0	122	122	1.0000000
NODE_1345_length_20284_cov_8.465098	14962	15084	0	122	122	1.0000000
NODE_1346_length_20280_cov_8.333036	4836	4958	0	122	122	1.0000000
NODE_1346_length_20280_cov_8.333036	14962	15084	0	122	122	1.0000000
NODE_1347_length_20279_cov_18.864519	4962	5084	0	122	122	1.0000000
NODE_1347_length_20279_cov_18.864519	14752	14874	0	122	122	1.0000000
NODE_1348_length_20276_cov_8.904396	5046	5168	0	122	122	1.0000000
NODE_1348_length_20276_cov_8.904396	14962	15084	0	122	122	1.0000000
NODE_1349_length_20270_cov_9.062466	4962	5084	0	122	122	1.0000000
NODE_1349_length_20270_cov_9.062466	14878	15000	0	8	122	0.0655738
NODE_1349_length_20270_cov_9.062466	14878	15000	2	114	122	0.9344262
NODE_134_length_36257_cov_8.561231	4836	4958	0	122	122	1.0000000
NODE_1350_length_20269_cov_8.139118	5088	5210	0	122	122	1.0000000
NODE_1350_length_20269_cov_8.139118	14962	15084	0	122	122	1.0000000
NODE_1353_length_20264_cov_7.496157	4920	5042	0	122	122	1.0000000
NODE_1353_length_20264_cov_7.496157	14962	15084	0	122	122	1.0000000
NODE_1355_length_20250_cov_7.735001	4962	5084	0	122	122	1.0000000
NODE_1355_length_20250_cov_7.735001	14962	15084	0	122	122	1.0000000
NODE_1356_length_20249_cov_9.525806	4794	4916	0	122	122	1.0000000
NODE_1356_length_20249_cov_9.525806	15046	15168	0	122	122	1.0000000
NODE_1357_length_20241_cov_8.762735	4962	5084	0	122	122	1.0000000
NODE_1357_length_20241_cov_8.762735	14962	15084	0	122	122	1.0000000
NODE_1358_length_20233_cov_9.699861	14962	15084	0	36	122	0.2950820
NODE_1358_length_20233_cov_9.699861	14962	15084	2	86	122	0.7049180
NODE_1359_length_20225_cov_9.634751	4962	5084	0	122	122	1.0000000
NODE_1359_length_20225_cov_9.634751	14962	15084	0	122	122	1.0000000
NODE_135_length_36202_cov_12.495665	5046	5168	0	122	122	1.0000000
NODE_135_length_36202_cov_12.495665	14962	15084	0	122	122	1.0000000
NODE_135_length_36202_cov_12.495665	24962	25084	0	122	122	1.0000000
NODE_1360_length_20220_cov_7.171960	5046	5168	0	122	122	1.0000000
NODE_1360_length_20220_cov_7.171960	15046	15168	0	51	122	0.4180328
NODE_1360_length_20220_cov_7.171960	15046	15168	1	71	122	0.5819672
NODE_1361_length_20207_cov_7.734683	4962	5084	0	122	122	1.0000000
NODE_1361_length_20207_cov_7.734683	14920	15042	0	122	122	1.0000000
NODE_1362_length_20205_cov_8.375609	4962	5084	0	122	122	1.0000000
NODE_1362_length_20205_cov_8.375609	14962	15084	0	122	122	1.0000000
NODE_1363_length_20201_cov_9.036912	4962	5084	0	122	122	1.0000000
NODE_1364_length_20197_cov_9.584486	4962	5084	0	122	122	1.0000000
NODE_1365_length_20194_cov_9.788057	4962	5084	0	122	122	1.0000000
NODE_1365_length_20194_cov_9.788057	15004	15126	0	122	122	1.0000000
NODE_1366_length_20193_cov_8.583707	4962	5084	0	122	122	1.0000000
NODE_1366_length_20193_cov_8.583707	14878	15000	0	122	122	1.0000000
NODE_1367_length_20192_cov_9.362216	5088	5210	0	122	122	1.0000000
NODE_1368_length_20178_cov_8.210269	4962	5084	0	122	122	1.0000000
NODE_1368_length_20178_cov_8.210269	14962	15084	0	122	122	1.0000000
NODE_1369_length_20177_cov_67.374639	4752	4874	0	122	122	1.0000000
NODE_136_length_36201_cov_9.136391	5046	5168	0	122	122	1.0000000
NODE_136_length_36201_cov_9.136391	14962	15084	0	33	122	0.2704918
NODE_136_length_36201_cov_9.136391	14962	15084	4	1	122	0.0081967
NODE_136_length_36201_cov_9.136391	14962	15084	5	20	122	0.1639344
NODE_136_length_36201_cov_9.136391	14962	15084	8	68	122	0.5573770
NODE_136_length_36201_cov_9.136391	25046	25168	0	122	122	1.0000000
NODE_1370_length_20177_cov_8.493376	4962	5084	0	122	122	1.0000000
NODE_1370_length_20177_cov_8.493376	14962	15084	0	122	122	1.0000000
NODE_1371_length_20176_cov_6.848882	4962	5084	0	122	122	1.0000000
NODE_1371_length_20176_cov_6.848882	14962	15084	0	122	122	1.0000000
NODE_1372_length_20169_cov_8.501794	4962	5084	0	122	122	1.0000000
NODE_1372_length_20169_cov_8.501794	15172	15294	0	122	122	1.0000000
NODE_1373_length_20163_cov_9.691836	4878	5000	0	122	122	1.0000000
NODE_1374_length_20159_cov_34.686341	4920	5042	1	27	122	0.2213115
NODE_1374_length_20159_cov_34.686341	4920	5042	2	95	122	0.7786885
NODE_1374_length_20159_cov_34.686341	15004	15126	0	30	122	0.2459016
NODE_1374_length_20159_cov_34.686341	15004	15126	1	92	122	0.7540984
NODE_1375_length_20159_cov_24.055783	14962	15084	0	122	122	1.0000000
NODE_1376_length_20159_cov_8.970837	4962	5084	0	122	122	1.0000000
NODE_1377_length_20157_cov_7.541380	4962	5084	0	122	122	1.0000000
NODE_1377_length_20157_cov_7.541380	14962	15084	0	122	122	1.0000000
NODE_1378_length_20156_cov_12.772847	4962	5084	0	122	122	1.0000000
NODE_1379_length_20153_cov_9.747731	4962	5084	0	122	122	1.0000000
NODE_137_length_36152_cov_12.974732	14970	15091	0	121	121	1.0000000
NODE_1380_length_20152_cov_8.618661	4962	5084	0	122	122	1.0000000
NODE_1380_length_20152_cov_8.618661	14962	15084	0	122	122	1.0000000
NODE_1381_length_20149_cov_7.620449	4962	5084	0	122	122	1.0000000
NODE_1381_length_20149_cov_7.620449	15004	15126	1	4	122	0.0327869
NODE_1381_length_20149_cov_7.620449	15004	15126	2	118	122	0.9672131
NODE_1382_length_20148_cov_25.897800	4962	5084	0	122	122	1.0000000
NODE_1382_length_20148_cov_25.897800	14962	15084	0	122	122	1.0000000
NODE_1383_length_20148_cov_16.453489	4962	5084	0	122	122	1.0000000
NODE_1383_length_20148_cov_16.453489	14920	15042	0	122	122	1.0000000
NODE_1384_length_20147_cov_10.633031	14962	15084	0	122	122	1.0000000
NODE_1385_length_20147_cov_7.436203	4962	5084	0	122	122	1.0000000
NODE_1386_length_20141_cov_8.294731	4962	5084	0	122	122	1.0000000
NODE_1388_length_20131_cov_9.033746	14962	15084	0	122	122	1.0000000
NODE_1389_length_20122_cov_14.168107	14962	15084	0	122	122	1.0000000
NODE_138_length_36152_cov_10.132583	4962	5084	0	122	122	1.0000000
NODE_138_length_36152_cov_10.132583	14962	15084	0	122	122	1.0000000
NODE_138_length_36152_cov_10.132583	24962	25084	0	122	122	1.0000000
NODE_1390_length_20114_cov_7.855109	4962	5084	0	122	122	1.0000000
NODE_1391_length_20109_cov_8.179610	4962	5084	0	122	122	1.0000000
NODE_1391_length_20109_cov_8.179610	14962	15084	0	122	122	1.0000000
NODE_1392_length_20108_cov_8.111550	14962	15084	0	122	122	1.0000000
NODE_1393_length_20108_cov_7.848718	5088	5210	0	122	122	1.0000000
NODE_1393_length_20108_cov_7.848718	14962	15084	0	122	122	1.0000000
NODE_1394_length_20102_cov_8.197620	4962	5084	0	41	122	0.3360656
NODE_1394_length_20102_cov_8.197620	4962	5084	1	11	122	0.0901639
NODE_1394_length_20102_cov_8.197620	4962	5084	3	70	122	0.5737705
NODE_1394_length_20102_cov_8.197620	15088	15210	0	122	122	1.0000000
NODE_1395_length_20097_cov_8.968297	5004	5126	0	122	122	1.0000000
NODE_1395_length_20097_cov_8.968297	14962	15084	0	122	122	1.0000000
NODE_1396_length_20096_cov_8.877782	4962	5084	0	122	122	1.0000000
NODE_1397_length_20091_cov_52.969238	14962	15084	0	122	122	1.0000000
NODE_1398_length_20087_cov_7.569592	5088	5210	0	122	122	1.0000000
NODE_1398_length_20087_cov_7.569592	14794	14916	0	122	122	1.0000000
NODE_1399_length_20074_cov_7.488861	4962	5084	0	122	122	1.0000000
NODE_139_length_36125_cov_7.375895	4920	5042	0	122	122	1.0000000
NODE_139_length_36125_cov_7.375895	14962	15084	0	122	122	1.0000000
NODE_139_length_36125_cov_7.375895	24962	25084	0	122	122	1.0000000
NODE_13_length_66313_cov_9.175507	5004	5126	0	122	122	1.0000000
NODE_13_length_66313_cov_9.175507	14836	14958	0	122	122	1.0000000
NODE_13_length_66313_cov_9.175507	24962	25084	0	122	122	1.0000000
NODE_13_length_66313_cov_9.175507	34962	35084	0	122	122	1.0000000
NODE_13_length_66313_cov_9.175507	54962	55084	0	122	122	1.0000000
NODE_1400_length_20071_cov_9.205087	4962	5084	0	122	122	1.0000000
NODE_1401_length_20041_cov_7.911594	4962	5084	0	122	122	1.0000000
NODE_1402_length_20029_cov_9.175113	4962	5084	0	122	122	1.0000000
NODE_1402_length_20029_cov_9.175113	14962	15084	0	122	122	1.0000000
NODE_1403_length_20028_cov_8.880827	15046	15168	0	122	122	1.0000000
NODE_1404_length_20023_cov_19.246336	4962	5084	0	27	122	0.2213115
NODE_1404_length_20023_cov_19.246336	4962	5084	1	95	122	0.7786885
NODE_1404_length_20023_cov_19.246336	14962	15084	0	122	122	1.0000000
NODE_1405_length_20015_cov_14.393754	4962	5084	0	122	122	1.0000000
NODE_1405_length_20015_cov_14.393754	14962	15084	0	122	122	1.0000000
NODE_1406_length_20014_cov_7.792016	14962	15084	0	122	122	1.0000000
NODE_1408_length_20003_cov_8.910671	4962	5084	0	122	122	1.0000000
NODE_1409_length_19998_cov_13.681441	5088	5210	0	122	122	1.0000000
NODE_1409_length_19998_cov_13.681441	14542	14664	0	122	122	1.0000000
NODE_140_length_36101_cov_9.234543	4962	5084	0	48	122	0.3934426
NODE_140_length_36101_cov_9.234543	4962	5084	2	74	122	0.6065574
NODE_140_length_36101_cov_9.234543	14500	14622	0	122	122	1.0000000
NODE_140_length_36101_cov_9.234543	24962	25084	0	122	122	1.0000000
NODE_1410_length_19989_cov_7.595324	15256	15378	0	122	122	1.0000000
NODE_1411_length_19986_cov_13.625534	4962	5084	0	122	122	1.0000000
NODE_1411_length_19986_cov_13.625534	14962	15084	0	122	122	1.0000000
NODE_1412_length_19984_cov_7.913855	4962	5084	0	122	122	1.0000000
NODE_1412_length_19984_cov_7.913855	14962	15084	0	122	122	1.0000000
NODE_1413_length_19981_cov_8.832763	4920	5042	0	122	122	1.0000000
NODE_1414_length_19980_cov_10.630703	4962	5084	0	122	122	1.0000000
NODE_1414_length_19980_cov_10.630703	14962	15084	0	122	122	1.0000000
NODE_1415_length_19977_cov_10.166164	14962	15084	0	122	122	1.0000000
NODE_1416_length_19977_cov_10.008703	4962	5084	0	122	122	1.0000000
NODE_1417_length_19974_cov_25.049308	5130	5252	1	62	122	0.5081967
NODE_1417_length_19974_cov_25.049308	5130	5252	2	36	122	0.2950820
NODE_1417_length_19974_cov_25.049308	5130	5252	3	12	122	0.0983607
NODE_1417_length_19974_cov_25.049308	5130	5252	4	12	122	0.0983607
NODE_1417_length_19974_cov_25.049308	14878	15000	0	43	122	0.3524590
NODE_1417_length_19974_cov_25.049308	14878	15000	2	79	122	0.6475410
NODE_1418_length_19970_cov_7.792059	4962	5084	0	122	122	1.0000000
NODE_1418_length_19970_cov_7.792059	14962	15084	0	122	122	1.0000000
NODE_1419_length_19958_cov_8.083438	4920	5042	0	28	122	0.2295082
NODE_1419_length_19958_cov_8.083438	4920	5042	16	94	122	0.7704918
NODE_1419_length_19958_cov_8.083438	14920	15042	0	122	122	1.0000000
NODE_141_length_36052_cov_38.638667	15004	15126	0	122	122	1.0000000
NODE_1420_length_19942_cov_9.649499	4878	5000	0	122	122	1.0000000
NODE_1421_length_19941_cov_31.365135	4962	5084	0	122	122	1.0000000
NODE_1421_length_19941_cov_31.365135	14962	15084	0	122	122	1.0000000
NODE_1422_length_19936_cov_7.781671	4962	5084	0	122	122	1.0000000
NODE_1422_length_19936_cov_7.781671	14962	15084	0	122	122	1.0000000
NODE_1423_length_19930_cov_8.530583	14836	14958	0	122	122	1.0000000
NODE_1424_length_19929_cov_8.119264	4962	5084	0	122	122	1.0000000
NODE_1425_length_19920_cov_9.370567	5130	5252	0	122	122	1.0000000
NODE_1425_length_19920_cov_9.370567	14962	15084	0	122	122	1.0000000
NODE_1426_length_19920_cov_8.867767	4920	5042	0	21	122	0.1721312
NODE_1426_length_19920_cov_8.867767	4920	5042	1	101	122	0.8278689
NODE_1426_length_19920_cov_8.867767	14962	15084	0	122	122	1.0000000
NODE_1427_length_19920_cov_8.468644	4962	5084	0	122	122	1.0000000
NODE_1428_length_19919_cov_8.194400	4962	5084	0	122	122	1.0000000
NODE_1429_length_19913_cov_7.744221	4836	4958	0	122	122	1.0000000
NODE_1429_length_19913_cov_7.744221	15130	15252	0	122	122	1.0000000
NODE_142_length_36012_cov_9.718653	5172	5294	0	37	122	0.3032787
NODE_142_length_36012_cov_9.718653	5172	5294	1	85	122	0.6967213
NODE_142_length_36012_cov_9.718653	14794	14916	0	122	122	1.0000000
NODE_1430_length_19907_cov_10.038368	4920	5042	1	22	122	0.1803279
NODE_1430_length_19907_cov_10.038368	4920	5042	2	100	122	0.8196721
NODE_1431_length_19901_cov_8.518836	4962	5084	0	122	122	1.0000000
NODE_1432_length_19887_cov_11.526076	4962	5084	0	122	122	1.0000000
NODE_1432_length_19887_cov_11.526076	14962	15084	0	122	122	1.0000000
NODE_1433_length_19887_cov_8.105064	14878	15000	0	122	122	1.0000000
NODE_1434_length_19886_cov_9.280336	4962	5084	0	122	122	1.0000000
NODE_1435_length_19880_cov_8.155048	4962	5084	0	122	122	1.0000000
NODE_1435_length_19880_cov_8.155048	14920	15042	0	122	122	1.0000000
NODE_1436_length_19878_cov_11.528844	4962	5084	0	122	122	1.0000000
NODE_1436_length_19878_cov_11.528844	14962	15084	0	122	122	1.0000000
NODE_1437_length_19876_cov_8.284320	4962	5084	0	122	122	1.0000000
NODE_1438_length_19876_cov_7.761592	4962	5084	0	122	122	1.0000000
NODE_1438_length_19876_cov_7.761592	14962	15084	0	122	122	1.0000000
NODE_1439_length_19869_cov_8.887860	4962	5084	0	122	122	1.0000000
NODE_143_length_35954_cov_2.847776	4962	5084	0	122	122	1.0000000
NODE_143_length_35954_cov_2.847776	14962	15084	0	122	122	1.0000000
NODE_143_length_35954_cov_2.847776	24962	25084	0	122	122	1.0000000
NODE_1440_length_19860_cov_7.817368	4920	5042	0	122	122	1.0000000
NODE_1441_length_19858_cov_10.235741	4962	5084	0	122	122	1.0000000
NODE_1443_length_19856_cov_8.353191	4962	5084	0	122	122	1.0000000
NODE_1443_length_19856_cov_8.353191	14626	14748	0	122	122	1.0000000
NODE_1444_length_19852_cov_7.608566	4962	5084	0	2	122	0.0163934
NODE_1444_length_19852_cov_7.608566	4962	5084	2	120	122	0.9836066
NODE_1444_length_19852_cov_7.608566	14962	15084	0	122	122	1.0000000
NODE_1445_length_19846_cov_11.513344	4962	5084	0	122	122	1.0000000
NODE_1446_length_19846_cov_7.063048	4920	5042	0	122	122	1.0000000
NODE_1446_length_19846_cov_7.063048	14962	15084	1	6	122	0.0491803
NODE_1446_length_19846_cov_7.063048	14962	15084	2	116	122	0.9508197
NODE_1447_length_19843_cov_7.480956	4878	5000	0	122	122	1.0000000
NODE_1447_length_19843_cov_7.480956	15214	15336	0	122	122	1.0000000
NODE_1448_length_19837_cov_8.112828	15004	15126	1	22	122	0.1803279
NODE_1448_length_19837_cov_8.112828	15004	15126	2	100	122	0.8196721
NODE_1449_length_19812_cov_9.438188	4962	5084	0	122	122	1.0000000
NODE_1449_length_19812_cov_9.438188	15130	15252	0	122	122	1.0000000
NODE_144_length_35934_cov_7.892954	4752	4874	0	122	122	1.0000000
NODE_144_length_35934_cov_7.892954	14962	15084	0	122	122	1.0000000
NODE_144_length_35934_cov_7.892954	24962	25084	0	122	122	1.0000000
NODE_1450_length_19811_cov_13.718598	14962	15084	1	37	122	0.3032787
NODE_1450_length_19811_cov_13.718598	14962	15084	2	85	122	0.6967213
NODE_1451_length_19809_cov_7.261136	4878	5000	0	122	122	1.0000000
NODE_1452_length_19801_cov_8.175921	5004	5126	0	122	122	1.0000000
NODE_1453_length_19799_cov_10.377259	4920	5042	0	122	122	1.0000000
NODE_1453_length_19799_cov_10.377259	14962	15084	0	70	122	0.5737705
NODE_1453_length_19799_cov_10.377259	14962	15084	2	52	122	0.4262295
NODE_1454_length_19799_cov_9.252640	4836	4958	0	122	122	1.0000000
NODE_1454_length_19799_cov_9.252640	14878	15000	0	122	122	1.0000000
NODE_1455_length_19797_cov_11.238857	14962	15084	0	122	122	1.0000000
NODE_1456_length_19792_cov_7.787539	4920	5042	0	122	122	1.0000000
NODE_1457_length_19780_cov_9.268279	5004	5126	0	122	122	1.0000000
NODE_1458_length_19774_cov_8.597459	4962	5084	0	122	122	1.0000000
NODE_1458_length_19774_cov_8.597459	15088	15210	0	122	122	1.0000000
NODE_1459_length_19765_cov_9.815112	4752	4874	0	122	122	1.0000000
NODE_1459_length_19765_cov_9.815112	14962	15084	0	122	122	1.0000000
NODE_145_length_35914_cov_8.611783	4962	5084	0	122	122	1.0000000
NODE_145_length_35914_cov_8.611783	14962	15084	0	122	122	1.0000000
NODE_145_length_35914_cov_8.611783	24920	25042	0	122	122	1.0000000
NODE_1460_length_19765_cov_7.809316	4962	5084	0	122	122	1.0000000
NODE_1460_length_19765_cov_7.809316	14962	15084	0	38	122	0.3114754
NODE_1460_length_19765_cov_7.809316	14962	15084	1	84	122	0.6885246
NODE_1461_length_19759_cov_8.046541	14962	15084	0	122	122	1.0000000
NODE_1462_length_19758_cov_11.896332	4878	5000	0	122	122	1.0000000
NODE_1462_length_19758_cov_11.896332	14962	15084	0	122	122	1.0000000
NODE_1463_length_19757_cov_8.523095	4962	5084	1	114	122	0.9344262
NODE_1463_length_19757_cov_8.523095	4962	5084	2	8	122	0.0655738
NODE_1463_length_19757_cov_8.523095	15046	15168	0	9	122	0.0737705
NODE_1463_length_19757_cov_8.523095	15046	15168	1	113	122	0.9262295
NODE_1464_length_19757_cov_7.999491	4962	5084	0	122	122	1.0000000
NODE_1464_length_19757_cov_7.999491	14878	15000	0	122	122	1.0000000
NODE_1465_length_19756_cov_8.075800	4962	5084	0	122	122	1.0000000
NODE_1465_length_19756_cov_8.075800	14962	15084	0	122	122	1.0000000
NODE_1466_length_19755_cov_7.941901	4962	5084	0	122	122	1.0000000
NODE_1466_length_19755_cov_7.941901	14962	15084	0	122	122	1.0000000
NODE_1467_length_19742_cov_9.681210	4962	5084	0	122	122	1.0000000
NODE_1467_length_19742_cov_9.681210	14962	15084	0	122	122	1.0000000
NODE_1468_length_19742_cov_8.434506	4962	5084	0	122	122	1.0000000
NODE_1469_length_19740_cov_9.628532	4962	5084	0	122	122	1.0000000
NODE_1469_length_19740_cov_9.628532	15046	15168	0	30	122	0.2459016
NODE_1469_length_19740_cov_9.628532	15046	15168	1	92	122	0.7540984
NODE_146_length_35885_cov_9.483038	4962	5084	1	5	122	0.0409836
NODE_146_length_35885_cov_9.483038	4962	5084	2	10	122	0.0819672
NODE_146_length_35885_cov_9.483038	4962	5084	3	9	122	0.0737705
NODE_146_length_35885_cov_9.483038	4962	5084	4	2	122	0.0163934
NODE_146_length_35885_cov_9.483038	4962	5084	5	58	122	0.4754098
NODE_146_length_35885_cov_9.483038	4962	5084	6	38	122	0.3114754
NODE_146_length_35885_cov_9.483038	14962	15084	0	122	122	1.0000000
NODE_146_length_35885_cov_9.483038	24962	25084	0	122	122	1.0000000
NODE_1471_length_19738_cov_8.590712	4962	5084	0	122	122	1.0000000
NODE_1471_length_19738_cov_8.590712	14962	15084	0	122	122	1.0000000
NODE_1472_length_19724_cov_9.402089	5004	5126	0	122	122	1.0000000
NODE_1472_length_19724_cov_9.402089	14962	15084	0	122	122	1.0000000
NODE_1474_length_19722_cov_8.174846	14962	15084	0	122	122	1.0000000
NODE_1475_length_19721_cov_9.529100	14962	15084	0	122	122	1.0000000
NODE_1476_length_19718_cov_8.613436	4962	5084	0	122	122	1.0000000
NODE_1476_length_19718_cov_8.613436	14794	14916	0	122	122	1.0000000
NODE_1477_length_19716_cov_8.799562	14962	15084	0	122	122	1.0000000
NODE_1478_length_19715_cov_8.381270	4920	5042	0	122	122	1.0000000
NODE_1479_length_19714_cov_8.905124	4962	5084	0	122	122	1.0000000
NODE_1479_length_19714_cov_8.905124	14962	15084	0	122	122	1.0000000
NODE_147_length_35827_cov_11.622257	5046	5168	0	122	122	1.0000000
NODE_147_length_35827_cov_11.622257	15004	15126	0	122	122	1.0000000
NODE_147_length_35827_cov_11.622257	24962	25084	0	122	122	1.0000000
NODE_1480_length_19710_cov_9.132171	14962	15084	0	122	122	1.0000000
NODE_1481_length_19703_cov_9.600643	4836	4958	0	122	122	1.0000000
NODE_1481_length_19703_cov_9.600643	14962	15084	0	15	122	0.1229508
NODE_1481_length_19703_cov_9.600643	14962	15084	1	107	122	0.8770492
NODE_1482_length_19695_cov_24.575730	14962	15084	0	122	122	1.0000000
NODE_1483_length_19691_cov_8.441966	4962	5084	0	122	122	1.0000000
NODE_1483_length_19691_cov_8.441966	14962	15084	0	122	122	1.0000000
NODE_1484_length_19689_cov_9.567739	5340	5462	0	122	122	1.0000000
NODE_1485_length_19679_cov_7.125230	4962	5084	0	38	122	0.3114754
NODE_1485_length_19679_cov_7.125230	4962	5084	1	84	122	0.6885246
NODE_1485_length_19679_cov_7.125230	14962	15084	0	18	122	0.1475410
NODE_1485_length_19679_cov_7.125230	14962	15084	2	104	122	0.8524590
NODE_1486_length_19675_cov_9.308081	15046	15168	0	122	122	1.0000000
NODE_1487_length_19672_cov_7.525724	4878	5000	0	122	122	1.0000000
NODE_1488_length_19663_cov_29.220507	5382	5500	0	118	118	1.0000000
NODE_1488_length_19663_cov_29.220507	14878	15000	0	122	122	1.0000000
NODE_1489_length_19663_cov_12.491362	14962	15084	0	122	122	1.0000000
NODE_148_length_35801_cov_8.642037	4920	5042	0	122	122	1.0000000
NODE_148_length_35801_cov_8.642037	14962	15084	0	122	122	1.0000000
NODE_1490_length_19659_cov_7.272342	4920	5042	0	122	122	1.0000000
NODE_1491_length_19650_cov_8.724311	4962	5084	0	122	122	1.0000000
NODE_1491_length_19650_cov_8.724311	14962	15084	0	122	122	1.0000000
NODE_1492_length_19648_cov_11.449179	5004	5126	0	122	122	1.0000000
NODE_1494_length_19638_cov_8.836379	5004	5126	0	122	122	1.0000000
NODE_1495_length_19626_cov_9.156757	4794	4916	0	122	122	1.0000000
NODE_1495_length_19626_cov_9.156757	14962	15084	0	122	122	1.0000000
NODE_1496_length_19625_cov_8.409300	4962	5084	0	122	122	1.0000000
NODE_1496_length_19625_cov_8.409300	15130	15252	0	32	122	0.2622951
NODE_1496_length_19625_cov_8.409300	15130	15252	2	90	122	0.7377049
NODE_1498_length_19616_cov_9.563406	4962	5084	0	122	122	1.0000000
NODE_1498_length_19616_cov_9.563406	14962	15084	0	122	122	1.0000000
NODE_1499_length_19615_cov_8.458547	5004	5126	0	122	122	1.0000000
NODE_149_length_35684_cov_9.090235	4962	5084	0	122	122	1.0000000
NODE_149_length_35684_cov_9.090235	14962	15084	0	122	122	1.0000000
NODE_149_length_35684_cov_9.090235	24962	25084	0	122	122	1.0000000
NODE_14_length_65865_cov_3.065916	4962	5084	0	122	122	1.0000000
NODE_14_length_65865_cov_3.065916	14962	15084	0	122	122	1.0000000
NODE_14_length_65865_cov_3.065916	25004	25126	0	122	122	1.0000000
NODE_14_length_65865_cov_3.065916	34962	35084	0	122	122	1.0000000
NODE_14_length_65865_cov_3.065916	44962	45084	0	122	122	1.0000000
NODE_14_length_65865_cov_3.065916	55046	55168	0	122	122	1.0000000
NODE_1501_length_19610_cov_7.779560	4962	5084	0	122	122	1.0000000
NODE_1501_length_19610_cov_7.779560	14920	15042	0	122	122	1.0000000
NODE_1502_length_19608_cov_8.403199	5046	5168	0	122	122	1.0000000
NODE_1502_length_19608_cov_8.403199	15214	15336	2	73	122	0.5983607
NODE_1502_length_19608_cov_8.403199	15214	15336	4	49	122	0.4016393
NODE_1503_length_19607_cov_10.638200	5130	5252	0	122	122	1.0000000
NODE_1503_length_19607_cov_10.638200	15214	15336	0	122	122	1.0000000
NODE_1504_length_19604_cov_8.373340	4962	5084	1	56	122	0.4590164
NODE_1504_length_19604_cov_8.373340	4962	5084	2	66	122	0.5409836
NODE_1504_length_19604_cov_8.373340	14962	15084	0	122	122	1.0000000
NODE_1505_length_19603_cov_7.282968	4962	5084	1	47	122	0.3852459
NODE_1505_length_19603_cov_7.282968	4962	5084	2	75	122	0.6147541
NODE_1505_length_19603_cov_7.282968	14962	15084	0	122	122	1.0000000
NODE_1506_length_19600_cov_8.434183	4962	5084	0	122	122	1.0000000
NODE_1506_length_19600_cov_8.434183	14962	15084	0	122	122	1.0000000
NODE_1507_length_19599_cov_10.622974	4920	5042	0	122	122	1.0000000
NODE_1507_length_19599_cov_10.622974	14962	15084	0	122	122	1.0000000
NODE_1508_length_19598_cov_8.941587	15172	15294	0	122	122	1.0000000
NODE_1509_length_19588_cov_10.051106	14962	15084	0	122	122	1.0000000
NODE_150_length_35551_cov_8.929933	4794	4916	0	122	122	1.0000000
NODE_150_length_35551_cov_8.929933	14962	15084	0	122	122	1.0000000
NODE_150_length_35551_cov_8.929933	24878	25000	0	122	122	1.0000000
NODE_1510_length_19587_cov_8.958693	4962	5084	0	122	122	1.0000000
NODE_1510_length_19587_cov_8.958693	14962	15084	0	29	122	0.2377049
NODE_1510_length_19587_cov_8.958693	14962	15084	1	93	122	0.7622951
NODE_1511_length_19578_cov_6.906155	4962	5084	0	122	122	1.0000000
NODE_1511_length_19578_cov_6.906155	15004	15126	0	122	122	1.0000000
NODE_1512_length_19577_cov_9.500462	4962	5084	0	29	122	0.2377049
NODE_1512_length_19577_cov_9.500462	4962	5084	1	93	122	0.7622951
NODE_1512_length_19577_cov_9.500462	15172	15294	0	122	122	1.0000000
NODE_1513_length_19576_cov_9.251271	5088	5210	0	122	122	1.0000000
NODE_1513_length_19576_cov_9.251271	14962	15084	0	122	122	1.0000000
NODE_1514_length_19560_cov_8.875854	4920	5042	0	122	122	1.0000000
NODE_1515_length_19558_cov_19.697055	4962	5084	0	42	122	0.3442623
NODE_1515_length_19558_cov_19.697055	4962	5084	1	59	122	0.4836065
NODE_1515_length_19558_cov_19.697055	4962	5084	2	21	122	0.1721312
NODE_1515_length_19558_cov_19.697055	14920	15042	0	122	122	1.0000000
NODE_1516_length_19555_cov_8.359992	14962	15084	0	122	122	1.0000000
NODE_1517_length_19550_cov_9.081950	4962	5084	0	51	122	0.4180328
NODE_1517_length_19550_cov_9.081950	4962	5084	2	71	122	0.5819672
NODE_1517_length_19550_cov_9.081950	15004	15126	0	122	122	1.0000000
NODE_1518_length_19549_cov_13.017121	4962	5084	0	122	122	1.0000000
NODE_1518_length_19549_cov_13.017121	15004	15126	0	122	122	1.0000000
NODE_1519_length_19548_cov_15.497609	15004	15126	0	49	122	0.4016393
NODE_1519_length_19548_cov_15.497609	15004	15126	2	73	122	0.5983607
NODE_151_length_35430_cov_9.621664	4962	5084	0	122	122	1.0000000
NODE_1520_length_19548_cov_7.830891	4962	5084	0	122	122	1.0000000
NODE_1520_length_19548_cov_7.830891	15046	15168	0	52	122	0.4262295
NODE_1520_length_19548_cov_7.830891	15046	15168	2	70	122	0.5737705
NODE_1521_length_19546_cov_7.575976	14962	15084	0	122	122	1.0000000
NODE_1522_length_19542_cov_30.409350	4962	5084	0	122	122	1.0000000
NODE_1522_length_19542_cov_30.409350	14962	15084	0	122	122	1.0000000
NODE_1523_length_19542_cov_14.305303	4962	5084	0	122	122	1.0000000
NODE_1524_length_19536_cov_12.527036	5004	5126	0	122	122	1.0000000
NODE_1524_length_19536_cov_12.527036	14878	15000	0	122	122	1.0000000
NODE_1525_length_19534_cov_8.044302	5046	5168	0	33	122	0.2704918
NODE_1525_length_19534_cov_8.044302	5046	5168	1	89	122	0.7295082
NODE_1525_length_19534_cov_8.044302	14962	15084	0	122	122	1.0000000
NODE_1526_length_19531_cov_11.038442	14962	15084	0	122	122	1.0000000
NODE_1527_length_19528_cov_8.253847	4962	5084	0	24	122	0.1967213
NODE_1527_length_19528_cov_8.253847	4962	5084	2	98	122	0.8032787
NODE_1528_length_19519_cov_14.643254	4878	5000	0	122	122	1.0000000
NODE_1529_length_19510_cov_65.664211	5046	5168	0	122	122	1.0000000
NODE_1529_length_19510_cov_65.664211	15004	15126	0	122	122	1.0000000
NODE_152_length_35336_cov_8.864744	15046	15168	0	15	122	0.1229508
NODE_152_length_35336_cov_8.864744	15046	15168	2	107	122	0.8770492
NODE_152_length_35336_cov_8.864744	24962	25084	0	122	122	1.0000000
NODE_1530_length_19503_cov_9.489435	4962	5084	0	122	122	1.0000000
NODE_1530_length_19503_cov_9.489435	14962	15084	0	122	122	1.0000000
NODE_1531_length_19492_cov_10.660599	4962	5084	1	9	122	0.0737705
NODE_1531_length_19492_cov_10.660599	4962	5084	2	90	122	0.7377049
NODE_1531_length_19492_cov_10.660599	4962	5084	3	23	122	0.1885246
NODE_1531_length_19492_cov_10.660599	14962	15084	0	122	122	1.0000000
NODE_1532_length_19491_cov_7.757941	4962	5084	0	122	122	1.0000000
NODE_1532_length_19491_cov_7.757941	15172	15294	0	122	122	1.0000000
NODE_1533_length_19488_cov_8.578008	4878	5000	0	122	122	1.0000000
NODE_1533_length_19488_cov_8.578008	15004	15126	0	122	122	1.0000000
NODE_1534_length_19484_cov_10.698685	14962	15084	0	122	122	1.0000000
NODE_1535_length_19482_cov_18.743796	4878	5000	0	122	122	1.0000000
NODE_1535_length_19482_cov_18.743796	14962	15084	0	122	122	1.0000000
NODE_1536_length_19469_cov_7.978575	4962	5084	0	122	122	1.0000000
NODE_1537_length_19462_cov_8.535351	14962	15084	2	122	122	1.0000000
NODE_1538_length_19456_cov_9.717931	4962	5084	0	122	122	1.0000000
NODE_1538_length_19456_cov_9.717931	14962	15084	0	122	122	1.0000000
NODE_1539_length_19451_cov_11.586503	4962	5084	0	122	122	1.0000000
NODE_1539_length_19451_cov_11.586503	14710	14832	0	122	122	1.0000000
NODE_153_length_35303_cov_9.084223	5046	5168	0	122	122	1.0000000
NODE_153_length_35303_cov_9.084223	25088	25210	0	122	122	1.0000000
NODE_1540_length_19451_cov_10.557720	15046	15168	0	122	122	1.0000000
NODE_1541_length_19448_cov_8.291901	4962	5084	0	122	122	1.0000000
NODE_1541_length_19448_cov_8.291901	14962	15084	0	122	122	1.0000000
NODE_1542_length_19447_cov_13.471780	4962	5084	0	122	122	1.0000000
NODE_1543_length_19440_cov_9.166693	4962	5084	0	83	122	0.6803279
NODE_1543_length_19440_cov_9.166693	4962	5084	2	39	122	0.3196721
NODE_1543_length_19440_cov_9.166693	14962	15084	0	122	122	1.0000000
NODE_1544_length_19439_cov_17.537694	4836	4958	0	122	122	1.0000000
NODE_1544_length_19439_cov_17.537694	15004	15126	0	122	122	1.0000000
NODE_1545_length_19436_cov_8.169416	4962	5084	1	42	122	0.3442623
NODE_1545_length_19436_cov_8.169416	4962	5084	7	14	122	0.1147541
NODE_1545_length_19436_cov_8.169416	4962	5084	13	1	122	0.0081967
NODE_1545_length_19436_cov_8.169416	4962	5084	14	21	122	0.1721312
NODE_1545_length_19436_cov_8.169416	4962	5084	15	44	122	0.3606557
NODE_1545_length_19436_cov_8.169416	14962	15084	0	122	122	1.0000000
NODE_1546_length_19434_cov_10.393897	4962	5084	0	23	122	0.1885246
NODE_1546_length_19434_cov_10.393897	4962	5084	1	68	122	0.5573770
NODE_1546_length_19434_cov_10.393897	4962	5084	2	31	122	0.2540984
NODE_1547_length_19433_cov_11.224992	14794	14916	0	88	122	0.7213115
NODE_1547_length_19433_cov_11.224992	14794	14916	1	34	122	0.2786885
NODE_1548_length_19425_cov_11.931336	14962	15084	0	122	122	1.0000000
NODE_1549_length_19424_cov_8.031514	4962	5084	0	33	122	0.2704918
NODE_1549_length_19424_cov_8.031514	4962	5084	2	89	122	0.7295082
NODE_154_length_35296_cov_10.441515	5046	5168	0	122	122	1.0000000
NODE_154_length_35296_cov_10.441515	15088	15210	0	20	122	0.1639344
NODE_154_length_35296_cov_10.441515	15088	15210	1	102	122	0.8360656
NODE_154_length_35296_cov_10.441515	25088	25210	0	122	122	1.0000000
NODE_1550_length_19420_cov_10.723254	4878	5000	0	122	122	1.0000000
NODE_1550_length_19420_cov_10.723254	14584	14706	0	122	122	1.0000000
NODE_1551_length_19419_cov_20.433075	4836	4958	0	122	122	1.0000000
NODE_1551_length_19419_cov_20.433075	14878	15000	0	36	122	0.2950820
NODE_1551_length_19419_cov_20.433075	14878	15000	1	86	122	0.7049180
NODE_1552_length_19415_cov_7.257869	5088	5210	1	39	122	0.3196721
NODE_1552_length_19415_cov_7.257869	5088	5210	2	83	122	0.6803279
NODE_1552_length_19415_cov_7.257869	14962	15084	1	119	122	0.9754099
NODE_1552_length_19415_cov_7.257869	14962	15084	2	3	122	0.0245902
NODE_1553_length_19410_cov_7.534825	4962	5084	0	122	122	1.0000000
NODE_1554_length_19405_cov_6.098208	14794	14916	0	122	122	1.0000000
NODE_1555_length_19404_cov_7.162497	4794	4916	0	122	122	1.0000000
NODE_1555_length_19404_cov_7.162497	15046	15168	0	122	122	1.0000000
NODE_1556_length_19403_cov_7.178305	4962	5084	0	122	122	1.0000000
NODE_1556_length_19403_cov_7.178305	14962	15084	0	122	122	1.0000000
NODE_1557_length_19400_cov_8.261334	4962	5084	0	122	122	1.0000000
NODE_1557_length_19400_cov_8.261334	14962	15084	0	122	122	1.0000000
NODE_1558_length_19399_cov_11.441606	4962	5084	1	122	122	1.0000000
NODE_1558_length_19399_cov_11.441606	14962	15084	0	122	122	1.0000000
NODE_1559_length_19393_cov_7.585882	4962	5084	0	122	122	1.0000000
NODE_1559_length_19393_cov_7.585882	14794	14916	0	122	122	1.0000000
NODE_155_length_35295_cov_7.605978	5004	5126	2	15	122	0.1229508
NODE_155_length_35295_cov_7.605978	5004	5126	4	31	122	0.2540984
NODE_155_length_35295_cov_7.605978	5004	5126	5	9	122	0.0737705
NODE_155_length_35295_cov_7.605978	5004	5126	6	67	122	0.5491803
NODE_155_length_35295_cov_7.605978	14962	15084	0	122	122	1.0000000
NODE_155_length_35295_cov_7.605978	24962	25084	0	2	122	0.0163934
NODE_155_length_35295_cov_7.605978	24962	25084	2	120	122	0.9836066
NODE_1560_length_19385_cov_8.579228	4962	5084	0	122	122	1.0000000
NODE_1560_length_19385_cov_8.579228	15046	15168	0	122	122	1.0000000
NODE_1561_length_19379_cov_55.991234	4962	5084	0	40	122	0.3278688
NODE_1561_length_19379_cov_55.991234	4962	5084	1	75	122	0.6147541
NODE_1561_length_19379_cov_55.991234	4962	5084	2	7	122	0.0573770
NODE_1561_length_19379_cov_55.991234	14962	15084	0	122	122	1.0000000
NODE_1562_length_19377_cov_14.816890	5382	5500	0	118	118	1.0000000
NODE_1562_length_19377_cov_14.816890	14878	15000	0	51	122	0.4180328
NODE_1562_length_19377_cov_14.816890	14878	15000	2	71	122	0.5819672
NODE_1563_length_19375_cov_8.906723	4962	5084	0	122	122	1.0000000
NODE_1564_length_19373_cov_9.267874	4962	5084	0	122	122	1.0000000
NODE_1564_length_19373_cov_9.267874	14962	15084	0	122	122	1.0000000
NODE_1565_length_19360_cov_24.885520	14962	15084	0	122	122	1.0000000
NODE_1566_length_19359_cov_9.331568	4962	5084	0	122	122	1.0000000
NODE_1566_length_19359_cov_9.331568	14962	15084	0	122	122	1.0000000
NODE_1567_length_19357_cov_20.061637	5046	5168	0	122	122	1.0000000
NODE_1568_length_19353_cov_9.107614	5298	5420	0	122	122	1.0000000
NODE_1569_length_19353_cov_8.508777	5004	5126	0	122	122	1.0000000
NODE_1569_length_19353_cov_8.508777	14962	15084	0	122	122	1.0000000
NODE_156_length_35259_cov_8.745364	4962	5084	0	122	122	1.0000000
NODE_156_length_35259_cov_8.745364	14962	15084	0	122	122	1.0000000
NODE_1570_length_19350_cov_8.964417	5004	5126	2	4	122	0.0327869
NODE_1570_length_19350_cov_8.964417	5004	5126	4	1	122	0.0081967
NODE_1570_length_19350_cov_8.964417	5004	5126	5	47	122	0.3852459
NODE_1570_length_19350_cov_8.964417	5004	5126	8	56	122	0.4590164
NODE_1570_length_19350_cov_8.964417	5004	5126	10	14	122	0.1147541
NODE_1570_length_19350_cov_8.964417	14962	15084	0	122	122	1.0000000
NODE_1571_length_19349_cov_8.254130	4878	5000	0	122	122	1.0000000
NODE_1571_length_19349_cov_8.254130	14794	14916	0	122	122	1.0000000
NODE_1572_length_19343_cov_14.007171	4962	5084	0	122	122	1.0000000
NODE_1572_length_19343_cov_14.007171	15088	15210	0	122	122	1.0000000
NODE_1573_length_19341_cov_7.975886	5088	5210	0	122	122	1.0000000
NODE_1573_length_19341_cov_7.975886	14962	15084	0	40	122	0.3278688
NODE_1573_length_19341_cov_7.975886	14962	15084	1	82	122	0.6721311
NODE_1574_length_19340_cov_8.820072	4962	5084	0	122	122	1.0000000
NODE_1575_length_19338_cov_8.143459	4962	5084	0	122	122	1.0000000
NODE_1575_length_19338_cov_8.143459	14962	15084	0	122	122	1.0000000
NODE_1576_length_19331_cov_8.281614	4962	5084	0	122	122	1.0000000
NODE_1577_length_19330_cov_9.284437	4752	4874	0	122	122	1.0000000
NODE_1578_length_19321_cov_11.203361	14962	15084	0	53	122	0.4344262
NODE_1578_length_19321_cov_11.203361	14962	15084	1	64	122	0.5245901
NODE_1578_length_19321_cov_11.203361	14962	15084	2	5	122	0.0409836
NODE_1579_length_19317_cov_8.532834	14794	14916	0	122	122	1.0000000
NODE_157_length_35195_cov_8.615882	4962	5084	0	122	122	1.0000000
NODE_157_length_35195_cov_8.615882	14878	15000	0	122	122	1.0000000
NODE_157_length_35195_cov_8.615882	24962	25084	0	122	122	1.0000000
NODE_1580_length_19315_cov_7.683857	4962	5084	0	122	122	1.0000000
NODE_1580_length_19315_cov_7.683857	14962	15084	0	122	122	1.0000000
NODE_1581_length_19312_cov_8.908916	5046	5168	0	122	122	1.0000000
NODE_1581_length_19312_cov_8.908916	14962	15084	0	122	122	1.0000000
NODE_1582_length_19311_cov_7.710754	5088	5210	0	122	122	1.0000000
NODE_1582_length_19311_cov_7.710754	14962	15084	0	122	122	1.0000000
NODE_1583_length_19304_cov_13.599792	4962	5084	0	122	122	1.0000000
NODE_1583_length_19304_cov_13.599792	14962	15084	0	12	122	0.0983607
NODE_1583_length_19304_cov_13.599792	14962	15084	1	110	122	0.9016393
NODE_1584_length_19298_cov_7.198917	4962	5084	0	122	122	1.0000000
NODE_1584_length_19298_cov_7.198917	14878	15000	0	122	122	1.0000000
NODE_1585_length_19295_cov_17.934726	5004	5126	1	28	122	0.2295082
NODE_1585_length_19295_cov_17.934726	5004	5126	2	94	122	0.7704918
NODE_1585_length_19295_cov_17.934726	14878	15000	0	122	122	1.0000000
NODE_1586_length_19293_cov_34.843389	14962	15084	0	122	122	1.0000000
NODE_1587_length_19290_cov_24.004898	14962	15084	0	122	122	1.0000000
NODE_1588_length_19282_cov_8.858938	4836	4958	0	122	122	1.0000000
NODE_1588_length_19282_cov_8.858938	14962	15084	0	122	122	1.0000000
NODE_1589_length_19282_cov_8.192775	4962	5084	0	5	122	0.0409836
NODE_1589_length_19282_cov_8.192775	4962	5084	2	117	122	0.9590164
NODE_158_length_35095_cov_7.519745	14962	15084	0	122	122	1.0000000
NODE_158_length_35095_cov_7.519745	24920	25042	0	122	122	1.0000000
NODE_1590_length_19272_cov_75.817087	14962	15084	0	122	122	1.0000000
NODE_1591_length_19272_cov_8.790852	4962	5084	0	20	122	0.1639344
NODE_1591_length_19272_cov_8.790852	4962	5084	1	11	122	0.0901639
NODE_1591_length_19272_cov_8.790852	4962	5084	5	2	122	0.0163934
NODE_1591_length_19272_cov_8.790852	4962	5084	6	89	122	0.7295082
NODE_1591_length_19272_cov_8.790852	14962	15084	0	122	122	1.0000000
NODE_1592_length_19265_cov_9.248304	4962	5084	0	45	122	0.3688525
NODE_1592_length_19265_cov_9.248304	4962	5084	1	77	122	0.6311476
NODE_1592_length_19265_cov_9.248304	14962	15084	0	122	122	1.0000000
NODE_1593_length_19264_cov_12.332429	14962	15084	0	122	122	1.0000000
NODE_1596_length_19261_cov_9.332951	4962	5084	0	122	122	1.0000000
NODE_1596_length_19261_cov_9.332951	15004	15126	0	122	122	1.0000000
NODE_1597_length_19257_cov_9.162230	4878	5000	0	122	122	1.0000000
NODE_1597_length_19257_cov_9.162230	14962	15084	0	122	122	1.0000000
NODE_1598_length_19255_cov_8.649353	4878	5000	0	1	122	0.0081967
NODE_1598_length_19255_cov_8.649353	4878	5000	1	35	122	0.2868852
NODE_1598_length_19255_cov_8.649353	4878	5000	2	86	122	0.7049180
NODE_1599_length_19248_cov_8.766150	4920	5042	0	122	122	1.0000000
NODE_1599_length_19248_cov_8.766150	15046	15168	0	122	122	1.0000000
NODE_159_length_35075_cov_3.214719	4962	5084	0	122	122	1.0000000
NODE_159_length_35075_cov_3.214719	14962	15084	0	122	122	1.0000000
NODE_159_length_35075_cov_3.214719	24920	25042	0	122	122	1.0000000
NODE_15_length_63717_cov_2.652048	15004	15126	0	122	122	1.0000000
NODE_15_length_63717_cov_2.652048	24920	25042	0	122	122	1.0000000
NODE_15_length_63717_cov_2.652048	34962	35084	0	122	122	1.0000000
NODE_15_length_63717_cov_2.652048	54962	55084	0	122	122	1.0000000
NODE_1600_length_19248_cov_6.862760	4752	4874	0	122	122	1.0000000
NODE_1600_length_19248_cov_6.862760	14962	15084	0	122	122	1.0000000
NODE_1601_length_19247_cov_7.777314	4962	5084	0	122	122	1.0000000
NODE_1601_length_19247_cov_7.777314	14962	15084	0	122	122	1.0000000
NODE_1602_length_19245_cov_11.258331	15004	15126	0	122	122	1.0000000
NODE_1603_length_19239_cov_8.894619	5172	5294	0	122	122	1.0000000
NODE_1603_length_19239_cov_8.894619	14962	15084	0	122	122	1.0000000
NODE_1605_length_19233_cov_7.619160	5088	5210	0	122	122	1.0000000
NODE_1605_length_19233_cov_7.619160	14962	15084	0	67	122	0.5491803
NODE_1605_length_19233_cov_7.619160	14962	15084	1	1	122	0.0081967
NODE_1605_length_19233_cov_7.619160	14962	15084	2	54	122	0.4426230
NODE_1606_length_19232_cov_130.612241	4962	5084	0	122	122	1.0000000
NODE_1606_length_19232_cov_130.612241	15004	15126	1	19	122	0.1557377
NODE_1606_length_19232_cov_130.612241	15004	15126	2	103	122	0.8442623
NODE_1607_length_19232_cov_9.294517	4962	5084	0	122	122	1.0000000
NODE_1608_length_19228_cov_10.869831	4962	5084	1	96	122	0.7868853
NODE_1608_length_19228_cov_10.869831	4962	5084	2	26	122	0.2131148
NODE_1608_length_19228_cov_10.869831	14878	15000	0	122	122	1.0000000
NODE_1609_length_19219_cov_7.333630	5130	5252	0	122	122	1.0000000
NODE_1609_length_19219_cov_7.333630	14962	15084	0	122	122	1.0000000
NODE_160_length_35066_cov_2.885463	4962	5084	0	122	122	1.0000000
NODE_160_length_35066_cov_2.885463	14962	15084	0	122	122	1.0000000
NODE_160_length_35066_cov_2.885463	24962	25084	0	122	122	1.0000000
NODE_1610_length_19214_cov_9.996390	4962	5084	0	122	122	1.0000000
NODE_1610_length_19214_cov_9.996390	14962	15084	0	49	122	0.4016393
NODE_1610_length_19214_cov_9.996390	14962	15084	1	73	122	0.5983607
NODE_1611_length_19214_cov_9.282501	4962	5084	0	122	122	1.0000000
NODE_1611_length_19214_cov_9.282501	14920	15042	0	122	122	1.0000000
NODE_1612_length_19213_cov_15.341896	4920	5042	0	122	122	1.0000000
NODE_1612_length_19213_cov_15.341896	15088	15210	0	122	122	1.0000000
NODE_1613_length_19211_cov_7.957775	5046	5168	0	122	122	1.0000000
NODE_1613_length_19211_cov_7.957775	14920	15042	0	122	122	1.0000000
NODE_1614_length_19210_cov_16.445293	15088	15210	0	122	122	1.0000000
NODE_1616_length_19209_cov_36.860492	14962	15084	0	34	122	0.2786885
NODE_1616_length_19209_cov_36.860492	14962	15084	2	88	122	0.7213115
NODE_1617_length_19206_cov_7.875752	4920	5042	0	122	122	1.0000000
NODE_1617_length_19206_cov_7.875752	15046	15168	0	19	122	0.1557377
NODE_1617_length_19206_cov_7.875752	15046	15168	1	103	122	0.8442623
NODE_1618_length_19205_cov_9.105935	4962	5084	0	44	122	0.3606557
NODE_1618_length_19205_cov_9.105935	4962	5084	1	78	122	0.6393443
NODE_1619_length_19199_cov_7.780681	4920	5042	0	122	122	1.0000000
NODE_1619_length_19199_cov_7.780681	14962	15084	0	122	122	1.0000000
NODE_161_length_35065_cov_17.399931	24962	25084	0	122	122	1.0000000
NODE_1620_length_19198_cov_7.779517	5088	5210	0	122	122	1.0000000
NODE_1621_length_19196_cov_7.727130	4794	4916	0	122	122	1.0000000
NODE_1621_length_19196_cov_7.727130	14920	15042	0	122	122	1.0000000
NODE_1622_length_19195_cov_12.498272	4962	5084	0	122	122	1.0000000
NODE_1622_length_19195_cov_12.498272	14962	15084	0	122	122	1.0000000
NODE_1623_length_19194_cov_9.608170	5046	5168	0	122	122	1.0000000
NODE_1623_length_19194_cov_9.608170	14962	15084	2	24	122	0.1967213
NODE_1623_length_19194_cov_9.608170	14962	15084	3	6	122	0.0491803
NODE_1623_length_19194_cov_9.608170	14962	15084	4	92	122	0.7540984
NODE_1624_length_19191_cov_7.486015	4962	5084	0	122	122	1.0000000
NODE_1624_length_19191_cov_7.486015	14878	15000	0	122	122	1.0000000
NODE_1625_length_19183_cov_8.710595	5088	5210	0	122	122	1.0000000
NODE_1625_length_19183_cov_8.710595	15214	15336	0	122	122	1.0000000
NODE_1626_length_19173_cov_8.647636	5004	5126	2	122	122	1.0000000
NODE_1626_length_19173_cov_8.647636	15088	15210	0	122	122	1.0000000
NODE_1627_length_19169_cov_15.565967	4962	5084	0	122	122	1.0000000
NODE_1627_length_19169_cov_15.565967	14920	15042	0	122	122	1.0000000
NODE_1628_length_19164_cov_7.638500	4962	5084	0	122	122	1.0000000
NODE_1629_length_19154_cov_19.084545	5004	5126	0	122	122	1.0000000
NODE_1629_length_19154_cov_19.084545	14920	15042	1	122	122	1.0000000
NODE_162_length_35048_cov_7.941973	4962	5084	0	122	122	1.0000000
NODE_162_length_35048_cov_7.941973	15004	15126	0	122	122	1.0000000
NODE_162_length_35048_cov_7.941973	24794	24916	0	122	122	1.0000000
NODE_1630_length_19153_cov_8.713289	4962	5084	0	122	122	1.0000000
NODE_1631_length_19147_cov_8.432224	5046	5168	0	122	122	1.0000000
NODE_1631_length_19147_cov_8.432224	14962	15084	0	122	122	1.0000000
NODE_1632_length_19143_cov_12.056868	14962	15084	0	122	122	1.0000000
NODE_1633_length_19139_cov_7.309244	4794	4916	0	122	122	1.0000000
NODE_1633_length_19139_cov_7.309244	14962	15084	0	122	122	1.0000000
NODE_1634_length_19137_cov_10.229909	4962	5084	0	42	122	0.3442623
NODE_1634_length_19137_cov_10.229909	4962	5084	1	80	122	0.6557377
NODE_1634_length_19137_cov_10.229909	14920	15042	0	122	122	1.0000000
NODE_1635_length_19136_cov_8.481273	4962	5084	0	122	122	1.0000000
NODE_1635_length_19136_cov_8.481273	14962	15084	0	122	122	1.0000000
NODE_1636_length_19136_cov_7.009560	4962	5084	0	122	122	1.0000000
NODE_1636_length_19136_cov_7.009560	14962	15084	0	122	122	1.0000000
NODE_1637_length_19134_cov_9.287155	5004	5126	0	122	122	1.0000000
NODE_1637_length_19134_cov_9.287155	14962	15084	0	122	122	1.0000000
NODE_1638_length_19131_cov_6.727984	4962	5084	0	122	122	1.0000000
NODE_1638_length_19131_cov_6.727984	14962	15084	0	122	122	1.0000000
NODE_1639_length_19129_cov_9.543773	4962	5084	0	122	122	1.0000000
NODE_1639_length_19129_cov_9.543773	14920	15042	0	122	122	1.0000000
NODE_1640_length_19128_cov_8.218982	4962	5084	0	122	122	1.0000000
NODE_1640_length_19128_cov_8.218982	14962	15084	0	122	122	1.0000000
NODE_1641_length_19124_cov_8.322260	4962	5084	0	122	122	1.0000000
NODE_1641_length_19124_cov_8.322260	14962	15084	0	122	122	1.0000000
NODE_1643_length_19123_cov_9.438709	4962	5084	0	122	122	1.0000000
NODE_1644_length_19123_cov_8.223770	4962	5084	0	122	122	1.0000000
NODE_1644_length_19123_cov_8.223770	14920	15042	0	17	122	0.1393443
NODE_1644_length_19123_cov_8.223770	14920	15042	1	105	122	0.8606557
NODE_1645_length_19116_cov_8.017721	5130	5252	0	122	122	1.0000000
NODE_1645_length_19116_cov_8.017721	14878	15000	0	122	122	1.0000000
NODE_1646_length_19113_cov_8.389240	4920	5042	0	88	122	0.7213115
NODE_1646_length_19113_cov_8.389240	4920	5042	1	34	122	0.2786885
NODE_1647_length_19105_cov_43.474219	4962	5084	0	122	122	1.0000000
NODE_1647_length_19105_cov_43.474219	14962	15084	0	122	122	1.0000000
NODE_1648_length_19102_cov_8.948377	14962	15084	0	122	122	1.0000000
NODE_1649_length_19099_cov_9.197316	4962	5084	0	122	122	1.0000000
NODE_1649_length_19099_cov_9.197316	15088	15210	0	122	122	1.0000000
NODE_164_length_34771_cov_8.481859	4962	5084	0	122	122	1.0000000
NODE_164_length_34771_cov_8.481859	25046	25168	0	122	122	1.0000000
NODE_1650_length_19093_cov_8.442087	4920	5042	0	122	122	1.0000000
NODE_1651_length_19089_cov_8.511480	4962	5084	0	122	122	1.0000000
NODE_1651_length_19089_cov_8.511480	14962	15084	0	122	122	1.0000000
NODE_1652_length_19080_cov_8.381013	4962	5084	0	122	122	1.0000000
NODE_1652_length_19080_cov_8.381013	14962	15084	0	122	122	1.0000000
NODE_1653_length_19078_cov_8.461141	4962	5084	2	122	122	1.0000000
NODE_1653_length_19078_cov_8.461141	14920	15042	0	122	122	1.0000000
NODE_1654_length_19078_cov_8.215607	4962	5084	1	122	122	1.0000000
NODE_1654_length_19078_cov_8.215607	14920	15042	0	122	122	1.0000000
NODE_1655_length_19078_cov_7.633806	4962	5084	0	122	122	1.0000000
NODE_1655_length_19078_cov_7.633806	14962	15084	0	122	122	1.0000000
NODE_1656_length_19072_cov_9.297159	4962	5084	0	122	122	1.0000000
NODE_1656_length_19072_cov_9.297159	15046	15168	0	122	122	1.0000000
NODE_1657_length_19072_cov_8.594318	4878	5000	0	122	122	1.0000000
NODE_1657_length_19072_cov_8.594318	14962	15084	0	10	122	0.0819672
NODE_1657_length_19072_cov_8.594318	14962	15084	1	5	122	0.0409836
NODE_1657_length_19072_cov_8.594318	14962	15084	2	62	122	0.5081967
NODE_1657_length_19072_cov_8.594318	14962	15084	3	45	122	0.3688525
NODE_1659_length_19069_cov_71.491407	4962	5084	0	122	122	1.0000000
NODE_1659_length_19069_cov_71.491407	14752	14874	0	122	122	1.0000000
NODE_165_length_34763_cov_9.782887	14962	15084	0	122	122	1.0000000
NODE_165_length_34763_cov_9.782887	24962	25084	0	30	122	0.2459016
NODE_165_length_34763_cov_9.782887	24962	25084	1	18	122	0.1475410
NODE_165_length_34763_cov_9.782887	24962	25084	2	74	122	0.6065574
NODE_1660_length_19065_cov_8.842508	4920	5042	0	122	122	1.0000000
NODE_1660_length_19065_cov_8.842508	14962	15084	0	122	122	1.0000000
NODE_1661_length_19055_cov_11.367641	4962	5084	0	122	122	1.0000000
NODE_1661_length_19055_cov_11.367641	14920	15042	0	122	122	1.0000000
NODE_1662_length_19053_cov_19.394481	4962	5084	0	122	122	1.0000000
NODE_1662_length_19053_cov_19.394481	14920	15042	0	122	122	1.0000000
NODE_1663_length_19048_cov_9.096786	4962	5084	0	122	122	1.0000000
NODE_1663_length_19048_cov_9.096786	14962	15084	0	122	122	1.0000000
NODE_1664_length_19047_cov_7.735275	4962	5084	0	122	122	1.0000000
NODE_1665_length_19046_cov_8.142714	4962	5084	0	122	122	1.0000000
NODE_1666_length_19044_cov_9.324941	14962	15084	0	122	122	1.0000000
NODE_1667_length_19042_cov_8.464499	4962	5084	0	122	122	1.0000000
NODE_1667_length_19042_cov_8.464499	14962	15084	0	122	122	1.0000000
NODE_1668_length_19041_cov_8.570426	4920	5042	0	122	122	1.0000000
NODE_1668_length_19041_cov_8.570426	14920	15042	0	122	122	1.0000000
NODE_1669_length_19040_cov_8.150890	4962	5084	0	5	122	0.0409836
NODE_1669_length_19040_cov_8.150890	4962	5084	1	12	122	0.0983607
NODE_1669_length_19040_cov_8.150890	4962	5084	2	105	122	0.8606557
NODE_166_length_34688_cov_8.784064	4962	5084	0	122	122	1.0000000
NODE_166_length_34688_cov_8.784064	15088	15210	0	7	122	0.0573770
NODE_166_length_34688_cov_8.784064	15088	15210	1	64	122	0.5245901
NODE_166_length_34688_cov_8.784064	15088	15210	2	7	122	0.0573770
NODE_166_length_34688_cov_8.784064	15088	15210	3	44	122	0.3606557
NODE_166_length_34688_cov_8.784064	25046	25168	0	122	122	1.0000000
NODE_1670_length_19037_cov_8.636973	4962	5084	0	37	122	0.3032787
NODE_1670_length_19037_cov_8.636973	4962	5084	2	85	122	0.6967213
NODE_1670_length_19037_cov_8.636973	14920	15042	0	122	122	1.0000000
NODE_1671_length_19032_cov_9.510854	5088	5210	0	122	122	1.0000000
NODE_1671_length_19032_cov_9.510854	14920	15042	0	43	122	0.3524590
NODE_1671_length_19032_cov_9.510854	14920	15042	127	79	122	0.6475410
NODE_1672_length_19026_cov_28.957415	14920	15042	0	122	122	1.0000000
NODE_1673_length_19023_cov_9.504280	5004	5126	0	12	122	0.0983607
NODE_1673_length_19023_cov_9.504280	5004	5126	1	110	122	0.9016393
NODE_1673_length_19023_cov_9.504280	14962	15084	0	122	122	1.0000000
NODE_1674_length_19017_cov_8.391796	5340	5462	0	122	122	1.0000000
NODE_1674_length_19017_cov_8.391796	14962	15084	0	122	122	1.0000000
NODE_1676_length_19014_cov_9.247264	4962	5084	0	122	122	1.0000000
NODE_1676_length_19014_cov_9.247264	14962	15084	0	122	122	1.0000000
NODE_1677_length_19008_cov_12.021365	4962	5084	0	122	122	1.0000000
NODE_1677_length_19008_cov_12.021365	14962	15084	0	122	122	1.0000000
NODE_1678_length_19004_cov_8.380481	4962	5084	0	122	122	1.0000000
NODE_1678_length_19004_cov_8.380481	15088	15210	0	122	122	1.0000000
NODE_1679_length_19002_cov_10.139713	5172	5294	0	122	122	1.0000000
NODE_1679_length_19002_cov_10.139713	14962	15084	0	122	122	1.0000000
NODE_167_length_34646_cov_8.711060	5004	5126	0	122	122	1.0000000
NODE_167_length_34646_cov_8.711060	14962	15084	0	122	122	1.0000000
NODE_1681_length_18998_cov_6.470713	4710	4832	0	122	122	1.0000000
NODE_1681_length_18998_cov_6.470713	14962	15084	0	8	122	0.0655738
NODE_1681_length_18998_cov_6.470713	14962	15084	8	1	122	0.0081967
NODE_1681_length_18998_cov_6.470713	14962	15084	9	113	122	0.9262295
NODE_1682_length_18995_cov_8.813029	4962	5084	0	122	122	1.0000000
NODE_1682_length_18995_cov_8.813029	14962	15084	0	122	122	1.0000000
NODE_1683_length_18969_cov_9.480657	4962	5084	0	122	122	1.0000000
NODE_1683_length_18969_cov_9.480657	14962	15084	0	122	122	1.0000000
NODE_1684_length_18966_cov_8.506546	4962	5084	0	122	122	1.0000000
NODE_1685_length_18962_cov_8.619202	15004	15126	3	36	122	0.2950820
NODE_1685_length_18962_cov_8.619202	15004	15126	6	86	122	0.7049180
NODE_1686_length_18960_cov_7.739091	4878	5000	0	122	122	1.0000000
NODE_1687_length_18957_cov_105.387475	4962	5084	0	122	122	1.0000000
NODE_1688_length_18957_cov_12.769064	5004	5126	0	122	122	1.0000000
NODE_1689_length_18945_cov_10.451236	4836	4958	0	122	122	1.0000000
NODE_1689_length_18945_cov_10.451236	15004	15126	0	122	122	1.0000000
NODE_168_length_34605_cov_9.390918	5088	5210	0	122	122	1.0000000
NODE_168_length_34605_cov_9.390918	24962	25084	0	122	122	1.0000000
NODE_1690_length_18941_cov_6.688090	4962	5084	0	122	122	1.0000000
NODE_1690_length_18941_cov_6.688090	15046	15168	0	122	122	1.0000000
NODE_1691_length_18939_cov_8.971231	14962	15084	0	122	122	1.0000000
NODE_1692_length_18939_cov_8.216720	4962	5084	0	122	122	1.0000000
NODE_1692_length_18939_cov_8.216720	14962	15084	0	122	122	1.0000000
NODE_1693_length_18935_cov_10.814292	5004	5126	0	122	122	1.0000000
NODE_1693_length_18935_cov_10.814292	14962	15084	0	122	122	1.0000000
NODE_1694_length_18935_cov_7.453387	5088	5210	0	122	122	1.0000000
NODE_1694_length_18935_cov_7.453387	14962	15084	4	16	122	0.1311475
NODE_1694_length_18935_cov_7.453387	14962	15084	5	27	122	0.2213115
NODE_1694_length_18935_cov_7.453387	14962	15084	9	79	122	0.6475410
NODE_1695_length_18930_cov_8.613457	4962	5084	0	122	122	1.0000000
NODE_1695_length_18930_cov_8.613457	15088	15210	0	122	122	1.0000000
NODE_1696_length_18929_cov_8.840733	4962	5084	0	122	122	1.0000000
NODE_1696_length_18929_cov_8.840733	14920	15042	0	122	122	1.0000000
NODE_1697_length_18928_cov_8.558713	4962	5084	0	122	122	1.0000000
NODE_1698_length_18922_cov_11.630824	4962	5084	0	122	122	1.0000000
NODE_1698_length_18922_cov_11.630824	14962	15084	0	122	122	1.0000000
NODE_1699_length_18917_cov_9.859974	5004	5126	0	122	122	1.0000000
NODE_1699_length_18917_cov_9.859974	14836	14958	0	17	122	0.1393443
NODE_1699_length_18917_cov_9.859974	14836	14958	2	105	122	0.8606557
NODE_169_length_34578_cov_15.702051	5046	5168	0	122	122	1.0000000
NODE_169_length_34578_cov_15.702051	24962	25084	0	122	122	1.0000000
NODE_16_length_57206_cov_3.041606	4962	5084	0	122	122	1.0000000
NODE_16_length_57206_cov_3.041606	24962	25084	0	122	122	1.0000000
NODE_16_length_57206_cov_3.041606	35004	35126	0	122	122	1.0000000
NODE_16_length_57206_cov_3.041606	44962	45084	0	122	122	1.0000000
NODE_1700_length_18915_cov_8.619739	4962	5084	0	122	122	1.0000000
NODE_1700_length_18915_cov_8.619739	14962	15084	0	122	122	1.0000000
NODE_1701_length_18907_cov_8.842673	14962	15084	0	122	122	1.0000000
NODE_1702_length_18905_cov_7.037435	15046	15168	0	122	122	1.0000000
NODE_1703_length_18904_cov_8.897527	4962	5084	0	122	122	1.0000000
NODE_1703_length_18904_cov_8.897527	15004	15126	0	122	122	1.0000000
NODE_1704_length_18898_cov_7.976967	4962	5084	0	122	122	1.0000000
NODE_1704_length_18898_cov_7.976967	14962	15084	0	122	122	1.0000000
NODE_1705_length_18894_cov_7.772227	4542	4664	0	122	122	1.0000000
NODE_1705_length_18894_cov_7.772227	14962	15084	0	122	122	1.0000000
NODE_1706_length_18894_cov_7.713594	4962	5084	0	122	122	1.0000000
NODE_1706_length_18894_cov_7.713594	14962	15084	0	122	122	1.0000000
NODE_1707_length_18892_cov_7.132070	4962	5084	0	90	122	0.7377049
NODE_1707_length_18892_cov_7.132070	4962	5084	1	32	122	0.2622951
NODE_1707_length_18892_cov_7.132070	14878	15000	0	122	122	1.0000000
NODE_1708_length_18886_cov_8.807420	14962	15084	0	122	122	1.0000000
NODE_1709_length_18885_cov_52.141329	5046	5168	0	122	122	1.0000000
NODE_1709_length_18885_cov_52.141329	14962	15084	0	28	122	0.2295082
NODE_1709_length_18885_cov_52.141329	14962	15084	1	8	122	0.0655738
NODE_1709_length_18885_cov_52.141329	14962	15084	2	86	122	0.7049180
NODE_170_length_34576_cov_16.939032	4962	5084	0	122	122	1.0000000
NODE_170_length_34576_cov_16.939032	24962	25084	0	122	122	1.0000000
NODE_1710_length_18880_cov_8.299185	4962	5084	0	122	122	1.0000000
NODE_1711_length_18875_cov_12.503355	5004	5126	0	122	122	1.0000000
NODE_1711_length_18875_cov_12.503355	14962	15084	0	122	122	1.0000000
NODE_1712_length_18873_cov_8.511505	5004	5126	0	122	122	1.0000000
NODE_1712_length_18873_cov_8.511505	14962	15084	0	122	122	1.0000000
NODE_1713_length_18871_cov_7.920840	5130	5252	0	122	122	1.0000000
NODE_1713_length_18871_cov_7.920840	14626	14748	0	122	122	1.0000000
NODE_1714_length_18866_cov_8.459370	14962	15084	0	122	122	1.0000000
NODE_1715_length_18864_cov_11.075673	4962	5084	0	122	122	1.0000000
NODE_1715_length_18864_cov_11.075673	14962	15084	0	122	122	1.0000000
NODE_1716_length_18855_cov_8.577522	4962	5084	0	26	122	0.2131148
NODE_1716_length_18855_cov_8.577522	4962	5084	2	96	122	0.7868853
NODE_1717_length_18855_cov_8.272819	4836	4958	2	64	122	0.5245901
NODE_1717_length_18855_cov_8.272819	4836	4958	4	58	122	0.4754098
NODE_1717_length_18855_cov_8.272819	15046	15168	0	49	122	0.4016393
NODE_1717_length_18855_cov_8.272819	15046	15168	1	73	122	0.5983607
NODE_1718_length_18848_cov_15.675769	14878	15000	0	122	122	1.0000000
NODE_171_length_34574_cov_8.830283	14962	15084	0	122	122	1.0000000
NODE_171_length_34574_cov_8.830283	24920	25042	0	122	122	1.0000000
NODE_1721_length_18843_cov_7.865290	4962	5084	0	122	122	1.0000000
NODE_1721_length_18843_cov_7.865290	15046	15168	0	122	122	1.0000000
NODE_1722_length_18834_cov_8.400160	14962	15084	0	122	122	1.0000000
NODE_1723_length_18832_cov_8.846794	14962	15084	0	122	122	1.0000000
NODE_1724_length_18829_cov_10.194608	5088	5210	0	122	122	1.0000000
NODE_1724_length_18829_cov_10.194608	15172	15294	0	122	122	1.0000000
NODE_1725_length_18828_cov_9.195259	4962	5084	0	122	122	1.0000000
NODE_1725_length_18828_cov_9.195259	15172	15294	0	122	122	1.0000000
NODE_1726_length_18821_cov_7.196293	4920	5042	0	1	122	0.0081967
NODE_1726_length_18821_cov_7.196293	4920	5042	1	41	122	0.3360656
NODE_1726_length_18821_cov_7.196293	4920	5042	2	80	122	0.6557377
NODE_1726_length_18821_cov_7.196293	14962	15084	0	122	122	1.0000000
NODE_1727_length_18815_cov_11.356540	4962	5084	0	69	122	0.5655738
NODE_1727_length_18815_cov_11.356540	4962	5084	2	53	122	0.4344262
NODE_1727_length_18815_cov_11.356540	15046	15168	0	122	122	1.0000000
NODE_1728_length_18811_cov_24.078025	14962	15084	0	122	122	1.0000000
NODE_1729_length_18804_cov_9.345255	14962	15084	0	122	122	1.0000000
NODE_172_length_34568_cov_7.803650	4962	5084	0	122	122	1.0000000
NODE_172_length_34568_cov_7.803650	14962	15084	0	122	122	1.0000000
NODE_172_length_34568_cov_7.803650	25004	25126	0	122	122	1.0000000
NODE_1730_length_18803_cov_12.903283	4962	5084	0	122	122	1.0000000
NODE_1730_length_18803_cov_12.903283	14836	14958	0	122	122	1.0000000
NODE_1731_length_18788_cov_8.777302	5088	5210	0	122	122	1.0000000
NODE_1731_length_18788_cov_8.777302	14920	15042	0	122	122	1.0000000
NODE_1732_length_18787_cov_7.196115	14626	14748	0	122	122	1.0000000
NODE_1733_length_18782_cov_32.969437	5088	5210	0	122	122	1.0000000
NODE_1733_length_18782_cov_32.969437	14962	15084	0	122	122	1.0000000
NODE_1734_length_18777_cov_12.095513	4920	5042	0	41	122	0.3360656
NODE_1734_length_18777_cov_12.095513	4920	5042	2	81	122	0.6639344
NODE_1734_length_18777_cov_12.095513	15046	15168	0	122	122	1.0000000
NODE_1735_length_18775_cov_8.955826	4962	5084	0	122	122	1.0000000
NODE_1736_length_18773_cov_10.957588	4920	5042	0	122	122	1.0000000
NODE_1736_length_18773_cov_10.957588	14962	15084	0	122	122	1.0000000
NODE_1737_length_18773_cov_7.351826	5004	5126	0	122	122	1.0000000
NODE_1737_length_18773_cov_7.351826	15046	15168	0	122	122	1.0000000
NODE_1738_length_18770_cov_17.510096	4962	5084	0	122	122	1.0000000
NODE_1738_length_18770_cov_17.510096	14962	15084	0	122	122	1.0000000
NODE_1739_length_18766_cov_8.137301	4962	5084	0	122	122	1.0000000
NODE_1739_length_18766_cov_8.137301	14962	15084	0	122	122	1.0000000
NODE_173_length_34395_cov_10.724458	14962	15084	0	122	122	1.0000000
NODE_173_length_34395_cov_10.724458	24962	25084	0	122	122	1.0000000
NODE_1740_length_18759_cov_36.662058	14962	15084	0	6	122	0.0491803
NODE_1740_length_18759_cov_36.662058	14962	15084	1	21	122	0.1721312
NODE_1740_length_18759_cov_36.662058	14962	15084	3	95	122	0.7786885
NODE_1741_length_18752_cov_9.350882	4962	5084	0	122	122	1.0000000
NODE_1742_length_18751_cov_6.486757	4878	5000	0	122	122	1.0000000
NODE_1743_length_18747_cov_16.662698	4962	5084	0	122	122	1.0000000
NODE_1744_length_18744_cov_11.379512	4920	5042	0	122	122	1.0000000
NODE_1745_length_18742_cov_18.787749	5046	5168	8	27	122	0.2213115
NODE_1745_length_18742_cov_18.787749	5046	5168	9	86	122	0.7049180
NODE_1745_length_18742_cov_18.787749	5046	5168	10	9	122	0.0737705
NODE_1746_length_18731_cov_10.462216	4626	4748	0	122	122	1.0000000
NODE_1747_length_18725_cov_140.227531	5004	5126	0	122	122	1.0000000
NODE_1747_length_18725_cov_140.227531	14920	15042	0	122	122	1.0000000
NODE_1748_length_18719_cov_12.105263	4962	5084	0	122	122	1.0000000
NODE_1749_length_18719_cov_8.108647	14962	15084	0	122	122	1.0000000
NODE_174_length_34257_cov_13.672200	4962	5084	0	122	122	1.0000000
NODE_174_length_34257_cov_13.672200	24962	25084	0	122	122	1.0000000
NODE_1750_length_18716_cov_7.001182	4962	5084	0	122	122	1.0000000
NODE_1750_length_18716_cov_7.001182	14962	15084	0	67	122	0.5491803
NODE_1750_length_18716_cov_7.001182	14962	15084	1	55	122	0.4508197
NODE_1751_length_18716_cov_6.648225	4962	5084	0	122	122	1.0000000
NODE_1751_length_18716_cov_6.648225	15004	15126	0	122	122	1.0000000
NODE_1752_length_18705_cov_9.648232	15172	15294	0	122	122	1.0000000
NODE_1753_length_18700_cov_11.812429	14962	15084	0	122	122	1.0000000
NODE_1754_length_18694_cov_7.280075	4962	5084	2	43	122	0.3524590
NODE_1754_length_18694_cov_7.280075	4962	5084	3	10	122	0.0819672
NODE_1754_length_18694_cov_7.280075	4962	5084	4	69	122	0.5655738
NODE_1754_length_18694_cov_7.280075	14962	15084	0	122	122	1.0000000
NODE_1755_length_18693_cov_8.410993	4962	5084	0	122	122	1.0000000
NODE_1755_length_18693_cov_8.410993	14962	15084	0	122	122	1.0000000
NODE_1756_length_18686_cov_22.247162	4752	4874	0	122	122	1.0000000
NODE_1757_length_18686_cov_8.660515	4962	5084	0	122	122	1.0000000
NODE_1757_length_18686_cov_8.660515	14962	15084	0	122	122	1.0000000
NODE_1758_length_18684_cov_9.829540	4962	5084	0	122	122	1.0000000
NODE_1758_length_18684_cov_9.829540	14962	15084	0	122	122	1.0000000
NODE_1759_length_18684_cov_8.569814	4962	5084	0	122	122	1.0000000
NODE_1759_length_18684_cov_8.569814	14962	15084	0	122	122	1.0000000
NODE_175_length_34247_cov_10.090283	4962	5084	0	122	122	1.0000000
NODE_175_length_34247_cov_10.090283	14962	15084	0	122	122	1.0000000
NODE_175_length_34247_cov_10.090283	24962	25084	0	122	122	1.0000000
NODE_1760_length_18676_cov_7.868063	14836	14958	0	122	122	1.0000000
NODE_1761_length_18673_cov_8.959083	4962	5084	0	122	122	1.0000000
NODE_1761_length_18673_cov_8.959083	14962	15084	0	122	122	1.0000000
NODE_1762_length_18670_cov_8.903344	4962	5084	0	54	122	0.4426230
NODE_1762_length_18670_cov_8.903344	4962	5084	1	68	122	0.5573770
NODE_1763_length_18670_cov_7.807657	14836	14958	0	14	122	0.1147541
NODE_1763_length_18670_cov_7.807657	14836	14958	1	10	122	0.0819672
NODE_1763_length_18670_cov_7.807657	14836	14958	3	11	122	0.0901639
NODE_1763_length_18670_cov_7.807657	14836	14958	4	87	122	0.7131147
NODE_1764_length_18667_cov_11.735082	4962	5084	2	21	122	0.1721312
NODE_1764_length_18667_cov_11.735082	4962	5084	3	101	122	0.8278689
NODE_1764_length_18667_cov_11.735082	14962	15084	0	122	122	1.0000000
NODE_1765_length_18667_cov_7.873600	4962	5084	0	122	122	1.0000000
NODE_1766_length_18664_cov_8.893994	15130	15252	0	1	122	0.0081967
NODE_1766_length_18664_cov_8.893994	15130	15252	1	3	122	0.0245902
NODE_1766_length_18664_cov_8.893994	15130	15252	2	118	122	0.9672131
NODE_1767_length_18662_cov_8.663578	4962	5084	0	122	122	1.0000000
NODE_1767_length_18662_cov_8.663578	14962	15084	0	122	122	1.0000000
NODE_1768_length_18662_cov_7.915639	4920	5042	0	122	122	1.0000000
NODE_1768_length_18662_cov_7.915639	15004	15126	0	122	122	1.0000000
NODE_176_length_34204_cov_9.039261	4962	5084	0	122	122	1.0000000
NODE_176_length_34204_cov_9.039261	14962	15084	0	122	122	1.0000000
NODE_176_length_34204_cov_9.039261	24962	25084	0	122	122	1.0000000
NODE_1770_length_18647_cov_15.076396	5004	5126	0	26	122	0.2131148
NODE_1770_length_18647_cov_15.076396	5004	5126	2	96	122	0.7868853
NODE_1770_length_18647_cov_15.076396	14962	15084	0	122	122	1.0000000
NODE_1771_length_18647_cov_7.632413	14962	15084	0	122	122	1.0000000
NODE_1772_length_18646_cov_9.248719	4962	5084	0	122	122	1.0000000
NODE_1772_length_18646_cov_9.248719	15004	15126	0	122	122	1.0000000
NODE_1773_length_18644_cov_8.552278	15256	15378	0	122	122	1.0000000
NODE_1774_length_18643_cov_8.583100	14962	15084	0	122	122	1.0000000
NODE_1775_length_18642_cov_8.994877	4878	5000	0	6	122	0.0491803
NODE_1775_length_18642_cov_8.994877	4878	5000	1	116	122	0.9508197
NODE_1775_length_18642_cov_8.994877	14920	15042	0	122	122	1.0000000
NODE_1776_length_18642_cov_8.734940	4920	5042	0	122	122	1.0000000
NODE_1776_length_18642_cov_8.734940	14962	15084	0	122	122	1.0000000
NODE_1777_length_18637_cov_17.410670	4962	5084	0	122	122	1.0000000
NODE_1777_length_18637_cov_17.410670	14962	15084	0	122	122	1.0000000
NODE_1778_length_18626_cov_8.166190	5004	5126	0	122	122	1.0000000
NODE_1778_length_18626_cov_8.166190	14752	14874	0	122	122	1.0000000
NODE_177_length_34195_cov_8.223575	4962	5084	0	122	122	1.0000000
NODE_177_length_34195_cov_8.223575	14920	15042	0	7	122	0.0573770
NODE_177_length_34195_cov_8.223575	14920	15042	2	35	122	0.2868852
NODE_177_length_34195_cov_8.223575	14920	15042	4	80	122	0.6557377
NODE_1780_length_18622_cov_9.015386	4962	5084	0	122	122	1.0000000
NODE_1781_length_18616_cov_8.134741	14962	15084	1	82	122	0.6721311
NODE_1781_length_18616_cov_8.134741	14962	15084	2	40	122	0.3278688
NODE_1782_length_18614_cov_8.330921	4962	5084	0	122	122	1.0000000
NODE_1782_length_18614_cov_8.330921	15298	15420	0	27	122	0.2213115
NODE_1782_length_18614_cov_8.330921	15298	15420	1	4	122	0.0327869
NODE_1782_length_18614_cov_8.330921	15298	15420	3	91	122	0.7459016
NODE_1783_length_18613_cov_53.930161	4962	5084	0	122	122	1.0000000
NODE_1783_length_18613_cov_53.930161	14920	15042	0	122	122	1.0000000
NODE_1784_length_18612_cov_9.867066	4962	5084	0	122	122	1.0000000
NODE_1784_length_18612_cov_9.867066	14962	15084	0	122	122	1.0000000
NODE_1785_length_18611_cov_46.237197	4962	5084	0	122	122	1.0000000
NODE_1785_length_18611_cov_46.237197	14962	15084	0	59	122	0.4836065
NODE_1785_length_18611_cov_46.237197	14962	15084	1	63	122	0.5163934
NODE_1786_length_18608_cov_10.105732	4962	5084	0	27	122	0.2213115
NODE_1786_length_18608_cov_10.105732	4962	5084	1	95	122	0.7786885
NODE_1786_length_18608_cov_10.105732	14962	15084	0	122	122	1.0000000
NODE_1787_length_18608_cov_8.201145	4962	5084	0	31	122	0.2540984
NODE_1787_length_18608_cov_8.201145	4962	5084	1	91	122	0.7459016
NODE_1787_length_18608_cov_8.201145	14962	15084	0	54	122	0.4426230
NODE_1787_length_18608_cov_8.201145	14962	15084	1	5	122	0.0409836
NODE_1787_length_18608_cov_8.201145	14962	15084	2	63	122	0.5163934
NODE_1788_length_18603_cov_34.350573	4962	5084	0	122	122	1.0000000
NODE_1788_length_18603_cov_34.350573	14962	15084	0	122	122	1.0000000
NODE_1789_length_18602_cov_137.086472	4962	5084	0	122	122	1.0000000
NODE_1789_length_18602_cov_137.086472	15088	15210	0	122	122	1.0000000
NODE_178_length_34109_cov_9.708586	15172	15294	0	122	122	1.0000000
NODE_178_length_34109_cov_9.708586	24962	25084	0	122	122	1.0000000
NODE_1790_length_18599_cov_14.419784	4962	5084	0	122	122	1.0000000
NODE_1790_length_18599_cov_14.419784	14836	14958	1	122	122	1.0000000
NODE_1791_length_18595_cov_10.971832	14962	15084	0	122	122	1.0000000
NODE_1792_length_18595_cov_8.827909	4962	5084	0	122	122	1.0000000
NODE_1792_length_18595_cov_8.827909	14962	15084	0	122	122	1.0000000
NODE_1793_length_18592_cov_8.903639	4962	5084	1	15	122	0.1229508
NODE_1793_length_18592_cov_8.903639	4962	5084	2	107	122	0.8770492
NODE_1794_length_18589_cov_7.288102	5172	5294	0	122	122	1.0000000
NODE_1795_length_18587_cov_8.968196	4962	5084	0	122	122	1.0000000
NODE_1796_length_18582_cov_22.090353	14962	15084	0	122	122	1.0000000
NODE_1797_length_18578_cov_7.640619	14962	15084	0	122	122	1.0000000
NODE_1798_length_18575_cov_7.114689	14920	15042	0	122	122	1.0000000
NODE_1799_length_18574_cov_9.082003	5004	5126	0	122	122	1.0000000
NODE_1799_length_18574_cov_9.082003	14962	15084	0	23	122	0.1885246
NODE_1799_length_18574_cov_9.082003	14962	15084	1	6	122	0.0491803
NODE_1799_length_18574_cov_9.082003	14962	15084	2	49	122	0.4016393
NODE_1799_length_18574_cov_9.082003	14962	15084	3	44	122	0.3606557
NODE_179_length_34108_cov_9.143903	4878	5000	0	122	122	1.0000000
NODE_179_length_34108_cov_9.143903	14962	15084	0	122	122	1.0000000
NODE_17_length_57030_cov_11.003214	4962	5084	0	26	122	0.2131148
NODE_17_length_57030_cov_11.003214	4962	5084	2	96	122	0.7868853
NODE_17_length_57030_cov_11.003214	15046	15168	0	122	122	1.0000000
NODE_17_length_57030_cov_11.003214	25004	25126	0	122	122	1.0000000
NODE_17_length_57030_cov_11.003214	35172	35294	0	122	122	1.0000000
NODE_17_length_57030_cov_11.003214	44962	45084	0	122	122	1.0000000
NODE_1800_length_18574_cov_3.031610	4962	5084	0	122	122	1.0000000
NODE_1801_length_18570_cov_7.614152	14962	15084	0	122	122	1.0000000
NODE_1802_length_18564_cov_34.219821	4962	5084	0	122	122	1.0000000
NODE_1803_length_18564_cov_7.515137	4962	5084	0	122	122	1.0000000
NODE_1803_length_18564_cov_7.515137	14962	15084	0	122	122	1.0000000
NODE_1804_length_18561_cov_9.788809	4962	5084	0	122	122	1.0000000
NODE_1804_length_18561_cov_9.788809	15004	15126	0	122	122	1.0000000
NODE_1805_length_18557_cov_9.023242	4668	4790	0	122	122	1.0000000
NODE_1806_length_18555_cov_6.993498	4962	5084	0	122	122	1.0000000
NODE_1806_length_18555_cov_6.993498	14962	15084	0	122	122	1.0000000
NODE_1807_length_18548_cov_12.236327	4962	5084	0	122	122	1.0000000
NODE_1807_length_18548_cov_12.236327	14584	14706	0	122	122	1.0000000
NODE_1808_length_18543_cov_8.471535	4962	5084	0	122	122	1.0000000
NODE_1808_length_18543_cov_8.471535	14962	15084	0	122	122	1.0000000
NODE_1809_length_18543_cov_7.060670	4962	5084	0	35	122	0.2868852
NODE_1809_length_18543_cov_7.060670	4962	5084	1	2	122	0.0163934
NODE_1809_length_18543_cov_7.060670	4962	5084	2	85	122	0.6967213
NODE_1809_length_18543_cov_7.060670	14962	15084	0	122	122	1.0000000
NODE_180_length_34053_cov_9.338340	4962	5084	0	122	122	1.0000000
NODE_180_length_34053_cov_9.338340	14962	15084	0	25	122	0.2049180
NODE_180_length_34053_cov_9.338340	14962	15084	1	37	122	0.3032787
NODE_180_length_34053_cov_9.338340	14962	15084	2	60	122	0.4918033
NODE_1810_length_18539_cov_8.033080	15004	15126	0	122	122	1.0000000
NODE_1811_length_18537_cov_8.395705	5004	5126	0	122	122	1.0000000
NODE_1811_length_18537_cov_8.395705	14962	15084	0	122	122	1.0000000
NODE_1812_length_18536_cov_8.302707	4962	5084	0	122	122	1.0000000
NODE_1813_length_18530_cov_8.164180	5004	5126	0	122	122	1.0000000
NODE_1813_length_18530_cov_8.164180	14962	15084	0	122	122	1.0000000
NODE_1814_length_18529_cov_8.440912	14920	15042	0	122	122	1.0000000
NODE_1815_length_18524_cov_7.931723	4962	5084	0	122	122	1.0000000
NODE_1815_length_18524_cov_7.931723	14962	15084	0	122	122	1.0000000
NODE_1816_length_18524_cov_7.908277	4836	4958	0	122	122	1.0000000
NODE_1816_length_18524_cov_7.908277	15214	15336	0	122	122	1.0000000
NODE_1817_length_18523_cov_7.937581	4920	5042	0	122	122	1.0000000
NODE_1817_length_18523_cov_7.937581	14962	15084	0	122	122	1.0000000
NODE_1818_length_18518_cov_9.222433	4920	5042	0	122	122	1.0000000
NODE_1819_length_18513_cov_8.434669	14962	15084	0	122	122	1.0000000
NODE_181_length_34045_cov_8.250516	4962	5084	0	122	122	1.0000000
NODE_181_length_34045_cov_8.250516	14962	15084	0	122	122	1.0000000
NODE_181_length_34045_cov_8.250516	25004	25126	0	122	122	1.0000000
NODE_1820_length_18511_cov_7.653758	4962	5084	0	122	122	1.0000000
NODE_1821_length_18508_cov_29.586398	4962	5084	0	122	122	1.0000000
NODE_1821_length_18508_cov_29.586398	14962	15084	1	122	122	1.0000000
NODE_1822_length_18507_cov_16.863646	4962	5084	0	122	122	1.0000000
NODE_1822_length_18507_cov_16.863646	15172	15294	0	122	122	1.0000000
NODE_1823_length_18501_cov_8.046680	4836	4958	0	122	122	1.0000000
NODE_1824_length_18500_cov_135.358948	4962	5084	0	122	122	1.0000000
NODE_1825_length_18500_cov_8.999076	4836	4958	0	122	122	1.0000000
NODE_1825_length_18500_cov_8.999076	14920	15042	0	122	122	1.0000000
NODE_1826_length_18500_cov_8.128037	4962	5084	0	122	122	1.0000000
NODE_1827_length_18497_cov_9.859713	4962	5084	0	122	122	1.0000000
NODE_1829_length_18496_cov_9.526662	4962	5084	0	122	122	1.0000000
NODE_1829_length_18496_cov_9.526662	14962	15084	0	122	122	1.0000000
NODE_182_length_34002_cov_9.493113	5004	5126	0	122	122	1.0000000
NODE_182_length_34002_cov_9.493113	25046	25168	0	122	122	1.0000000
NODE_1830_length_18494_cov_9.722805	4962	5084	0	122	122	1.0000000
NODE_1830_length_18494_cov_9.722805	14962	15084	0	122	122	1.0000000
NODE_1831_length_18494_cov_8.542321	5046	5168	0	122	122	1.0000000
NODE_1831_length_18494_cov_8.542321	14962	15084	0	13	122	0.1065574
NODE_1831_length_18494_cov_8.542321	14962	15084	2	109	122	0.8934426
NODE_1832_length_18489_cov_8.121860	14962	15084	0	122	122	1.0000000
NODE_1833_length_18481_cov_8.892830	4878	5000	0	122	122	1.0000000
NODE_1833_length_18481_cov_8.892830	14794	14916	0	10	122	0.0819672
NODE_1833_length_18481_cov_8.892830	14794	14916	1	112	122	0.9180328
NODE_1834_length_18481_cov_7.614841	4962	5084	0	122	122	1.0000000
NODE_1834_length_18481_cov_7.614841	15088	15210	0	122	122	1.0000000
NODE_1835_length_18477_cov_8.549516	4626	4748	0	122	122	1.0000000
NODE_1835_length_18477_cov_8.549516	14962	15084	0	10	122	0.0819672
NODE_1835_length_18477_cov_8.549516	14962	15084	1	101	122	0.8278689
NODE_1835_length_18477_cov_8.549516	14962	15084	2	11	122	0.0901639
NODE_1836_length_18468_cov_10.750340	4962	5084	0	122	122	1.0000000
NODE_1836_length_18468_cov_10.750340	14962	15084	0	122	122	1.0000000
NODE_1837_length_18468_cov_8.272851	5004	5126	0	122	122	1.0000000
NODE_1837_length_18468_cov_8.272851	14962	15084	0	122	122	1.0000000
NODE_1838_length_18464_cov_9.796624	4962	5084	0	122	122	1.0000000
NODE_1838_length_18464_cov_9.796624	15088	15210	0	122	122	1.0000000
NODE_1839_length_18455_cov_7.448736	4962	5084	0	122	122	1.0000000
NODE_1839_length_18455_cov_7.448736	15004	15126	0	122	122	1.0000000
NODE_183_length_33882_cov_8.277714	24962	25084	0	122	122	1.0000000
NODE_1840_length_18452_cov_30.782869	4962	5084	0	122	122	1.0000000
NODE_1840_length_18452_cov_30.782869	15004	15126	0	122	122	1.0000000
NODE_1841_length_18451_cov_27.355547	5046	5168	0	122	122	1.0000000
NODE_1841_length_18451_cov_27.355547	14920	15042	0	4	122	0.0327869
NODE_1841_length_18451_cov_27.355547	14920	15042	1	21	122	0.1721312
NODE_1841_length_18451_cov_27.355547	14920	15042	3	18	122	0.1475410
NODE_1841_length_18451_cov_27.355547	14920	15042	4	79	122	0.6475410
NODE_1842_length_18451_cov_10.537653	15088	15210	0	122	122	1.0000000
NODE_1843_length_18451_cov_7.657966	4878	5000	0	122	122	1.0000000
NODE_1843_length_18451_cov_7.657966	14962	15084	4	122	122	1.0000000
NODE_1844_length_18447_cov_8.959342	4920	5042	2	87	122	0.7131147
NODE_1844_length_18447_cov_8.959342	4920	5042	3	19	122	0.1557377
NODE_1844_length_18447_cov_8.959342	4920	5042	5	16	122	0.1311475
NODE_1844_length_18447_cov_8.959342	14962	15084	0	122	122	1.0000000
NODE_1845_length_18446_cov_9.132392	4962	5084	0	122	122	1.0000000
NODE_1845_length_18446_cov_9.132392	14878	15000	0	122	122	1.0000000
NODE_1846_length_18446_cov_8.347795	4962	5084	0	46	122	0.3770492
NODE_1846_length_18446_cov_8.347795	4962	5084	2	76	122	0.6229508
NODE_1846_length_18446_cov_8.347795	15046	15168	0	26	122	0.2131148
NODE_1846_length_18446_cov_8.347795	15046	15168	2	96	122	0.7868853
NODE_1847_length_18445_cov_9.412460	5004	5126	0	122	122	1.0000000
NODE_1847_length_18445_cov_9.412460	15046	15168	0	12	122	0.0983607
NODE_1847_length_18445_cov_9.412460	15046	15168	2	110	122	0.9016393
NODE_1848_length_18441_cov_8.953876	4962	5084	0	122	122	1.0000000
NODE_184_length_33868_cov_8.970802	4962	5084	0	122	122	1.0000000
NODE_184_length_33868_cov_8.970802	14878	15000	0	122	122	1.0000000
NODE_184_length_33868_cov_8.970802	24962	25084	0	122	122	1.0000000
NODE_1850_length_18438_cov_6.950324	4962	5084	0	122	122	1.0000000
NODE_1850_length_18438_cov_6.950324	14962	15084	0	122	122	1.0000000
NODE_1851_length_18437_cov_8.617243	14920	15042	0	122	122	1.0000000
NODE_1852_length_18434_cov_8.567876	4962	5084	0	122	122	1.0000000
NODE_1852_length_18434_cov_8.567876	14962	15084	0	122	122	1.0000000
NODE_1853_length_18434_cov_8.138260	14962	15084	1	122	122	1.0000000
NODE_1854_length_18429_cov_9.930606	14962	15084	0	122	122	1.0000000
NODE_1855_length_18429_cov_8.851118	5004	5126	0	122	122	1.0000000
NODE_1855_length_18429_cov_8.851118	15298	15420	0	20	122	0.1639344
NODE_1855_length_18429_cov_8.851118	15298	15420	1	102	122	0.8360656
NODE_1856_length_18427_cov_43.131875	5004	5126	0	122	122	1.0000000
NODE_1856_length_18427_cov_43.131875	14962	15084	0	122	122	1.0000000
NODE_1857_length_18425_cov_10.727109	4920	5042	0	34	122	0.2786885
NODE_1857_length_18425_cov_10.727109	4920	5042	2	88	122	0.7213115
NODE_1857_length_18425_cov_10.727109	14962	15084	0	122	122	1.0000000
NODE_1859_length_18419_cov_8.679803	14962	15084	0	44	122	0.3606557
NODE_1859_length_18419_cov_8.679803	14962	15084	4	78	122	0.6393443
NODE_185_length_33845_cov_9.200113	4962	5084	0	122	122	1.0000000
NODE_185_length_33845_cov_9.200113	15004	15126	1	2	122	0.0163934
NODE_185_length_33845_cov_9.200113	15004	15126	2	120	122	0.9836066
NODE_1860_length_18417_cov_8.349329	14962	15084	0	122	122	1.0000000
NODE_1862_length_18415_cov_9.678314	4962	5084	0	122	122	1.0000000
NODE_1862_length_18415_cov_9.678314	15004	15126	0	122	122	1.0000000
NODE_1863_length_18397_cov_9.881900	15004	15126	0	9	122	0.0737705
NODE_1863_length_18397_cov_9.881900	15004	15126	2	113	122	0.9262295
NODE_1864_length_18397_cov_7.817740	4962	5084	0	122	122	1.0000000
NODE_1865_length_18393_cov_9.194490	4584	4706	0	17	122	0.1393443
NODE_1865_length_18393_cov_9.194490	4584	4706	1	105	122	0.8606557
NODE_1865_length_18393_cov_9.194490	15004	15126	0	122	122	1.0000000
NODE_1866_length_18393_cov_9.065541	4962	5084	0	122	122	1.0000000
NODE_1866_length_18393_cov_9.065541	14962	15084	0	122	122	1.0000000
NODE_1867_length_18387_cov_7.680009	15088	15210	0	122	122	1.0000000
NODE_1869_length_18384_cov_8.021548	4962	5084	0	122	122	1.0000000
NODE_186_length_33834_cov_9.864888	15004	15126	0	122	122	1.0000000
NODE_1871_length_18380_cov_9.665062	5256	5378	0	122	122	1.0000000
NODE_1871_length_18380_cov_9.665062	14962	15084	0	91	122	0.7459016
NODE_1871_length_18380_cov_9.665062	14962	15084	1	31	122	0.2540984
NODE_1872_length_18378_cov_8.399584	4836	4958	0	38	122	0.3114754
NODE_1872_length_18378_cov_8.399584	4836	4958	1	84	122	0.6885246
NODE_1872_length_18378_cov_8.399584	14752	14874	0	122	122	1.0000000
NODE_1873_length_18378_cov_7.642267	5046	5168	0	122	122	1.0000000
NODE_1873_length_18378_cov_7.642267	14794	14916	0	122	122	1.0000000
NODE_1874_length_18377_cov_34.435660	4962	5084	0	122	122	1.0000000
NODE_1874_length_18377_cov_34.435660	15004	15126	0	122	122	1.0000000
NODE_1875_length_18374_cov_8.114090	5046	5168	0	122	122	1.0000000
NODE_1875_length_18374_cov_8.114090	15088	15210	1	34	122	0.2786885
NODE_1875_length_18374_cov_8.114090	15088	15210	2	88	122	0.7213115
NODE_1876_length_18371_cov_8.402912	15004	15126	0	122	122	1.0000000
NODE_1877_length_18369_cov_9.468582	4962	5084	0	122	122	1.0000000
NODE_1877_length_18369_cov_9.468582	14920	15042	0	122	122	1.0000000
NODE_1878_length_18365_cov_13.244279	4962	5084	2	12	122	0.0983607
NODE_1878_length_18365_cov_13.244279	4962	5084	4	17	122	0.1393443
NODE_1878_length_18365_cov_13.244279	4962	5084	6	54	122	0.4426230
NODE_1878_length_18365_cov_13.244279	4962	5084	7	14	122	0.1147541
NODE_1878_length_18365_cov_13.244279	4962	5084	8	25	122	0.2049180
NODE_1878_length_18365_cov_13.244279	15130	15252	0	122	122	1.0000000
NODE_1879_length_18365_cov_8.966933	5004	5126	0	122	122	1.0000000
NODE_1879_length_18365_cov_8.966933	15004	15126	1	23	122	0.1885246
NODE_1879_length_18365_cov_8.966933	15004	15126	2	99	122	0.8114754
NODE_187_length_33813_cov_9.371804	4962	5084	0	122	122	1.0000000
NODE_187_length_33813_cov_9.371804	14962	15084	0	122	122	1.0000000
NODE_187_length_33813_cov_9.371804	24962	25084	0	122	122	1.0000000
NODE_1880_length_18364_cov_7.117383	4962	5084	0	122	122	1.0000000
NODE_1880_length_18364_cov_7.117383	15088	15210	0	122	122	1.0000000
NODE_1881_length_18363_cov_16.767302	14962	15084	0	122	122	1.0000000
NODE_1882_length_18363_cov_8.299825	4962	5084	0	122	122	1.0000000
NODE_1883_length_18361_cov_10.154967	4920	5042	1	122	122	1.0000000
NODE_1883_length_18361_cov_10.154967	14962	15084	0	59	122	0.4836065
NODE_1883_length_18361_cov_10.154967	14962	15084	2	63	122	0.5163934
NODE_1884_length_18361_cov_7.644070	15088	15210	0	122	122	1.0000000
NODE_1885_length_18358_cov_11.011611	15340	15462	0	122	122	1.0000000
NODE_1886_length_18358_cov_9.175475	14962	15084	0	122	122	1.0000000
NODE_1887_length_18353_cov_7.404185	4962	5084	1	28	122	0.2295082
NODE_1887_length_18353_cov_7.404185	4962	5084	2	94	122	0.7704918
NODE_1887_length_18353_cov_7.404185	14962	15084	0	47	122	0.3852459
NODE_1887_length_18353_cov_7.404185	14962	15084	1	75	122	0.6147541
NODE_1888_length_18348_cov_8.124062	4962	5084	0	122	122	1.0000000
NODE_1889_length_18343_cov_33.475170	4962	5084	0	22	122	0.1803279
NODE_1889_length_18343_cov_33.475170	4962	5084	1	13	122	0.1065574
NODE_1889_length_18343_cov_33.475170	4962	5084	2	87	122	0.7131147
NODE_188_length_33780_cov_10.201241	4962	5084	0	122	122	1.0000000
NODE_188_length_33780_cov_10.201241	24836	24958	0	36	122	0.2950820
NODE_188_length_33780_cov_10.201241	24836	24958	1	86	122	0.7049180
NODE_1890_length_18340_cov_8.949235	4962	5084	1	122	122	1.0000000
NODE_1890_length_18340_cov_8.949235	14962	15084	0	122	122	1.0000000
NODE_1891_length_18339_cov_7.869298	15214	15336	0	122	122	1.0000000
NODE_1892_length_18338_cov_8.188662	4962	5084	0	122	122	1.0000000
NODE_1892_length_18338_cov_8.188662	14878	15000	0	122	122	1.0000000
NODE_1893_length_18337_cov_8.142614	5004	5126	0	122	122	1.0000000
NODE_1893_length_18337_cov_8.142614	14962	15084	0	122	122	1.0000000
NODE_1894_length_18336_cov_7.788068	15004	15126	1	20	122	0.1639344
NODE_1894_length_18336_cov_7.788068	15004	15126	2	102	122	0.8360656
NODE_1895_length_18334_cov_13.720318	4962	5084	0	122	122	1.0000000
NODE_1895_length_18334_cov_13.720318	15046	15168	0	122	122	1.0000000
NODE_1896_length_18333_cov_27.998519	4962	5084	0	122	122	1.0000000
NODE_1897_length_18333_cov_26.147362	4962	5084	0	122	122	1.0000000
NODE_1898_length_18332_cov_34.093512	4962	5084	0	29	122	0.2377049
NODE_1898_length_18332_cov_34.093512	4962	5084	1	93	122	0.7622951
NODE_1898_length_18332_cov_34.093512	14962	15084	0	122	122	1.0000000
NODE_1899_length_18330_cov_8.589600	4920	5042	0	122	122	1.0000000
NODE_1899_length_18330_cov_8.589600	14962	15084	0	122	122	1.0000000
NODE_189_length_33721_cov_11.038338	4920	5042	2	105	122	0.8606557
NODE_189_length_33721_cov_11.038338	4920	5042	3	17	122	0.1393443
NODE_189_length_33721_cov_11.038338	14962	15084	0	122	122	1.0000000
NODE_189_length_33721_cov_11.038338	24962	25084	0	122	122	1.0000000
NODE_18_length_56826_cov_2.916830	4962	5084	0	122	122	1.0000000
NODE_18_length_56826_cov_2.916830	14962	15084	0	122	122	1.0000000
NODE_18_length_56826_cov_2.916830	24962	25084	0	122	122	1.0000000
NODE_18_length_56826_cov_2.916830	35004	35126	0	122	122	1.0000000
NODE_18_length_56826_cov_2.916830	44962	45084	0	122	122	1.0000000
NODE_1900_length_18329_cov_8.025178	14962	15084	0	122	122	1.0000000
NODE_1901_length_18326_cov_8.393921	4752	4874	0	122	122	1.0000000
NODE_1901_length_18326_cov_8.393921	14962	15084	0	20	122	0.1639344
NODE_1901_length_18326_cov_8.393921	14962	15084	1	9	122	0.0737705
NODE_1901_length_18326_cov_8.393921	14962	15084	2	93	122	0.7622951
NODE_1902_length_18321_cov_25.185984	4962	5084	0	68	122	0.5573770
NODE_1902_length_18321_cov_25.185984	4962	5084	1	54	122	0.4426230
NODE_1902_length_18321_cov_25.185984	14752	14874	0	21	122	0.1721312
NODE_1902_length_18321_cov_25.185984	14752	14874	1	31	122	0.2540984
NODE_1902_length_18321_cov_25.185984	14752	14874	2	70	122	0.5737705
NODE_1903_length_18317_cov_11.121803	14962	15084	0	122	122	1.0000000
NODE_1904_length_18314_cov_8.440681	4878	5000	0	122	122	1.0000000
NODE_1904_length_18314_cov_8.440681	14962	15084	0	122	122	1.0000000
NODE_1905_length_18314_cov_7.910733	4962	5084	0	122	122	1.0000000
NODE_1906_length_18310_cov_9.368184	4962	5084	0	122	122	1.0000000
NODE_1906_length_18310_cov_9.368184	14962	15084	0	122	122	1.0000000
NODE_1907_length_18306_cov_12.621684	5340	5462	0	122	122	1.0000000
NODE_1907_length_18306_cov_12.621684	15004	15126	1	13	122	0.1065574
NODE_1907_length_18306_cov_12.621684	15004	15126	2	5	122	0.0409836
NODE_1907_length_18306_cov_12.621684	15004	15126	3	86	122	0.7049180
NODE_1907_length_18306_cov_12.621684	15004	15126	4	18	122	0.1475410
NODE_1909_length_18298_cov_7.728721	4962	5084	0	122	122	1.0000000
NODE_190_length_33646_cov_18.157421	4962	5084	0	122	122	1.0000000
NODE_190_length_33646_cov_18.157421	14920	15042	0	122	122	1.0000000
NODE_190_length_33646_cov_18.157421	24920	25042	0	122	122	1.0000000
NODE_1910_length_18297_cov_6.493516	14962	15084	0	81	122	0.6639344
NODE_1910_length_18297_cov_6.493516	14962	15084	1	41	122	0.3360656
NODE_1911_length_18287_cov_9.777711	4962	5084	0	122	122	1.0000000
NODE_1911_length_18287_cov_9.777711	14920	15042	0	32	122	0.2622951
NODE_1911_length_18287_cov_9.777711	14920	15042	1	66	122	0.5409836
NODE_1911_length_18287_cov_9.777711	14920	15042	2	24	122	0.1967213
NODE_1912_length_18284_cov_18.021336	4962	5084	0	122	122	1.0000000
NODE_1913_length_18278_cov_9.921338	4920	5042	0	67	122	0.5491803
NODE_1913_length_18278_cov_9.921338	4920	5042	2	55	122	0.4508197
NODE_1914_length_18278_cov_7.619506	4962	5084	0	122	122	1.0000000
NODE_1914_length_18278_cov_7.619506	14920	15042	0	26	122	0.2131148
NODE_1914_length_18278_cov_7.619506	14920	15042	1	96	122	0.7868853
NODE_1915_length_18277_cov_8.244526	5088	5210	0	122	122	1.0000000
NODE_1915_length_18277_cov_8.244526	14794	14916	0	122	122	1.0000000
NODE_1916_length_18271_cov_30.956912	4920	5042	3	8	122	0.0655738
NODE_1916_length_18271_cov_30.956912	4920	5042	4	56	122	0.4590164
NODE_1916_length_18271_cov_30.956912	4920	5042	5	1	122	0.0081967
NODE_1916_length_18271_cov_30.956912	4920	5042	6	57	122	0.4672131
NODE_1916_length_18271_cov_30.956912	14962	15084	0	122	122	1.0000000
NODE_1917_length_18271_cov_9.805415	4962	5084	0	122	122	1.0000000
NODE_1917_length_18271_cov_9.805415	15046	15168	0	8	122	0.0655738
NODE_1917_length_18271_cov_9.805415	15046	15168	1	66	122	0.5409836
NODE_1917_length_18271_cov_9.805415	15046	15168	2	48	122	0.3934426
NODE_1918_length_18269_cov_9.262796	5088	5210	0	122	122	1.0000000
NODE_1919_length_18267_cov_12.611460	4962	5084	0	65	122	0.5327869
NODE_1919_length_18267_cov_12.611460	4962	5084	2	1	122	0.0081967
NODE_1919_length_18267_cov_12.611460	4962	5084	3	56	122	0.4590164
NODE_191_length_33630_cov_10.517014	24962	25084	0	122	122	1.0000000
NODE_1920_length_18266_cov_9.043706	4962	5084	0	122	122	1.0000000
NODE_1921_length_18263_cov_7.961407	5004	5126	0	122	122	1.0000000
NODE_1922_length_18263_cov_6.777637	4626	4748	0	122	122	1.0000000
NODE_1922_length_18263_cov_6.777637	15088	15210	0	122	122	1.0000000
NODE_1923_length_18258_cov_17.961672	4962	5084	0	122	122	1.0000000
NODE_1923_length_18258_cov_17.961672	15130	15252	0	122	122	1.0000000
NODE_1924_length_18250_cov_8.481626	5046	5168	0	122	122	1.0000000
NODE_1924_length_18250_cov_8.481626	14962	15084	0	122	122	1.0000000
NODE_1925_length_18249_cov_7.837576	4962	5084	0	122	122	1.0000000
NODE_1925_length_18249_cov_7.837576	15046	15168	0	122	122	1.0000000
NODE_1926_length_18246_cov_10.005455	4962	5084	0	122	122	1.0000000
NODE_1926_length_18246_cov_10.005455	14962	15084	0	122	122	1.0000000
NODE_1927_length_18245_cov_28.412928	4962	5084	0	122	122	1.0000000
NODE_1927_length_18245_cov_28.412928	14962	15084	0	122	122	1.0000000
NODE_1928_length_18245_cov_22.724512	4962	5084	0	122	122	1.0000000
NODE_1929_length_18244_cov_8.109066	4920	5042	0	42	122	0.3442623
NODE_1929_length_18244_cov_8.109066	4920	5042	2	80	122	0.6557377
NODE_1929_length_18244_cov_8.109066	14962	15084	0	122	122	1.0000000
NODE_192_length_33526_cov_7.678942	4878	5000	1	22	122	0.1803279
NODE_192_length_33526_cov_7.678942	4878	5000	2	100	122	0.8196721
NODE_192_length_33526_cov_7.678942	25088	25210	0	122	122	1.0000000
NODE_1930_length_18241_cov_9.219601	4962	5084	0	122	122	1.0000000
NODE_1930_length_18241_cov_9.219601	14962	15084	0	122	122	1.0000000
NODE_1931_length_18237_cov_10.837413	4836	4958	0	15	122	0.1229508
NODE_1931_length_18237_cov_10.837413	4836	4958	1	107	122	0.8770492
NODE_1931_length_18237_cov_10.837413	15004	15126	0	122	122	1.0000000
NODE_1932_length_18235_cov_10.032918	14962	15084	0	122	122	1.0000000
NODE_1933_length_18227_cov_7.981906	4962	5084	0	122	122	1.0000000
NODE_1933_length_18227_cov_7.981906	14878	15000	0	122	122	1.0000000
NODE_1934_length_18225_cov_8.671411	4920	5042	0	122	122	1.0000000
NODE_1934_length_18225_cov_8.671411	14962	15084	0	122	122	1.0000000
NODE_1935_length_18219_cov_8.194481	4962	5084	0	122	122	1.0000000
NODE_1936_length_18210_cov_8.579151	15088	15210	0	122	122	1.0000000
NODE_1937_length_18205_cov_7.729371	5130	5252	0	122	122	1.0000000
NODE_1937_length_18205_cov_7.729371	14962	15084	0	122	122	1.0000000
NODE_1938_length_18200_cov_22.095520	5214	5336	0	122	122	1.0000000
NODE_1938_length_18200_cov_22.095520	15088	15210	0	122	122	1.0000000
NODE_1939_length_18200_cov_10.943042	5004	5126	0	122	122	1.0000000
NODE_1939_length_18200_cov_10.943042	15004	15126	0	122	122	1.0000000
NODE_193_length_33479_cov_8.830887	24962	25084	0	122	122	1.0000000
NODE_1940_length_18198_cov_8.164097	4962	5084	0	122	122	1.0000000
NODE_1940_length_18198_cov_8.164097	14962	15084	0	122	122	1.0000000
NODE_1941_length_18197_cov_9.664162	4962	5084	0	122	122	1.0000000
NODE_1942_length_18195_cov_8.504421	4962	5084	0	122	122	1.0000000
NODE_1942_length_18195_cov_8.504421	14878	15000	0	122	122	1.0000000
NODE_1943_length_18194_cov_9.195026	5046	5168	0	122	122	1.0000000
NODE_1944_length_18193_cov_11.148779	4962	5084	0	47	122	0.3852459
NODE_1944_length_18193_cov_11.148779	4962	5084	1	75	122	0.6147541
NODE_1944_length_18193_cov_11.148779	14962	15084	0	122	122	1.0000000
NODE_1945_length_18193_cov_7.920747	14752	14874	0	22	122	0.1803279
NODE_1945_length_18193_cov_7.920747	14752	14874	1	100	122	0.8196721
NODE_1946_length_18192_cov_9.202454	4962	5084	0	122	122	1.0000000
NODE_1946_length_18192_cov_9.202454	15004	15126	0	60	122	0.4918033
NODE_1946_length_18192_cov_9.202454	15004	15126	2	62	122	0.5081967
NODE_1947_length_18188_cov_7.502902	4962	5084	0	122	122	1.0000000
NODE_1947_length_18188_cov_7.502902	14962	15084	0	122	122	1.0000000
NODE_1948_length_18186_cov_8.168187	4962	5084	0	122	122	1.0000000
NODE_1948_length_18186_cov_8.168187	14920	15042	0	30	122	0.2459016
NODE_1948_length_18186_cov_8.168187	14920	15042	1	15	122	0.1229508
NODE_1948_length_18186_cov_8.168187	14920	15042	2	77	122	0.6311476
NODE_1949_length_18171_cov_9.611664	4920	5042	0	122	122	1.0000000
NODE_1949_length_18171_cov_9.611664	14752	14874	0	122	122	1.0000000
NODE_194_length_33422_cov_9.647781	4962	5084	0	43	122	0.3524590
NODE_194_length_33422_cov_9.647781	4962	5084	1	13	122	0.1065574
NODE_194_length_33422_cov_9.647781	4962	5084	2	14	122	0.1147541
NODE_194_length_33422_cov_9.647781	4962	5084	3	52	122	0.4262295
NODE_194_length_33422_cov_9.647781	15046	15168	0	122	122	1.0000000
NODE_194_length_33422_cov_9.647781	24920	25042	0	12	122	0.0983607
NODE_194_length_33422_cov_9.647781	24920	25042	1	110	122	0.9016393
NODE_1950_length_18166_cov_20.848287	4878	5000	0	122	122	1.0000000
NODE_1951_length_18159_cov_9.214729	4962	5084	0	122	122	1.0000000
NODE_1951_length_18159_cov_9.214729	14962	15084	0	5	122	0.0409836
NODE_1951_length_18159_cov_9.214729	14962	15084	1	52	122	0.4262295
NODE_1951_length_18159_cov_9.214729	14962	15084	2	20	122	0.1639344
NODE_1951_length_18159_cov_9.214729	14962	15084	3	1	122	0.0081967
NODE_1951_length_18159_cov_9.214729	14962	15084	4	44	122	0.3606557
NODE_1952_length_18156_cov_8.579609	4962	5084	0	122	122	1.0000000
NODE_1953_length_18154_cov_7.650402	14962	15084	0	122	122	1.0000000
NODE_1954_length_18149_cov_21.081108	14626	14748	0	122	122	1.0000000
NODE_1955_length_18148_cov_7.715774	4962	5084	0	122	122	1.0000000
NODE_1957_length_18138_cov_7.618105	4962	5084	0	122	122	1.0000000
NODE_1958_length_18134_cov_25.120654	4962	5084	0	122	122	1.0000000
NODE_1958_length_18134_cov_25.120654	14962	15084	1	122	122	1.0000000
NODE_195_length_33413_cov_3.262502	4962	5084	0	122	122	1.0000000
NODE_195_length_33413_cov_3.262502	14962	15084	0	122	122	1.0000000
NODE_1960_length_18127_cov_8.402540	4878	5000	0	122	122	1.0000000
NODE_1960_length_18127_cov_8.402540	14962	15084	0	13	122	0.1065574
NODE_1960_length_18127_cov_8.402540	14962	15084	8	109	122	0.8934426
NODE_1961_length_18123_cov_9.156680	14962	15084	0	55	122	0.4508197
NODE_1961_length_18123_cov_9.156680	14962	15084	1	67	122	0.5491803
NODE_1962_length_18122_cov_10.719802	4962	5084	0	122	122	1.0000000
NODE_1962_length_18122_cov_10.719802	14962	15084	0	122	122	1.0000000
NODE_1963_length_18119_cov_8.090011	5004	5126	0	122	122	1.0000000
NODE_1964_length_18116_cov_8.339513	4962	5084	0	122	122	1.0000000
NODE_1965_length_18112_cov_9.468162	4962	5084	0	122	122	1.0000000
NODE_1965_length_18112_cov_9.468162	14962	15084	0	122	122	1.0000000
NODE_1966_length_18108_cov_8.175135	4962	5084	0	122	122	1.0000000
NODE_1967_length_18106_cov_20.248514	4962	5084	0	122	122	1.0000000
NODE_1968_length_18106_cov_9.095407	5088	5210	0	122	122	1.0000000
NODE_1968_length_18106_cov_9.095407	14962	15084	0	122	122	1.0000000
NODE_1969_length_18105_cov_7.719871	14920	15042	0	122	122	1.0000000
NODE_196_length_33353_cov_6.359927	4962	5084	0	122	122	1.0000000
NODE_196_length_33353_cov_6.359927	24962	25084	0	122	122	1.0000000
NODE_1970_length_18089_cov_10.987993	4962	5084	0	122	122	1.0000000
NODE_1970_length_18089_cov_10.987993	14962	15084	0	122	122	1.0000000
NODE_1971_length_18089_cov_8.089383	5059	5182	0	123	123	1.0000000
NODE_1971_length_18089_cov_8.089383	14962	15084	0	122	122	1.0000000
NODE_1972_length_18084_cov_8.313094	4962	5084	0	122	122	1.0000000
NODE_1972_length_18084_cov_8.313094	14962	15084	0	122	122	1.0000000
NODE_1973_length_18082_cov_8.212034	4962	5084	0	122	122	1.0000000
NODE_1974_length_18080_cov_46.751015	4878	5000	0	122	122	1.0000000
NODE_1975_length_18080_cov_8.498137	5088	5210	0	122	122	1.0000000
NODE_1975_length_18080_cov_8.498137	15088	15210	0	44	122	0.3606557
NODE_1975_length_18080_cov_8.498137	15088	15210	2	78	122	0.6393443
NODE_1976_length_18078_cov_21.459647	5004	5126	0	122	122	1.0000000
NODE_1976_length_18078_cov_21.459647	14962	15084	0	122	122	1.0000000
NODE_1977_length_18072_cov_14.386858	4962	5084	0	122	122	1.0000000
NODE_1977_length_18072_cov_14.386858	14962	15084	0	40	122	0.3278688
NODE_1977_length_18072_cov_14.386858	14962	15084	1	82	122	0.6721311
NODE_1978_length_18071_cov_8.753895	4962	5084	0	122	122	1.0000000
NODE_1979_length_18071_cov_8.045960	4962	5084	1	122	122	1.0000000
NODE_1979_length_18071_cov_8.045960	14962	15084	0	122	122	1.0000000
NODE_197_length_33228_cov_20.790697	4962	5084	0	122	122	1.0000000
NODE_197_length_33228_cov_20.790697	14962	15084	0	122	122	1.0000000
NODE_197_length_33228_cov_20.790697	25004	25126	0	9	122	0.0737705
NODE_197_length_33228_cov_20.790697	25004	25126	1	113	122	0.9262295
NODE_1980_length_18063_cov_9.304442	4962	5084	0	122	122	1.0000000
NODE_1980_length_18063_cov_9.304442	14920	15042	0	122	122	1.0000000
NODE_1981_length_18060_cov_8.273593	4962	5084	0	122	122	1.0000000
NODE_1983_length_18057_cov_8.293852	5046	5168	0	122	122	1.0000000
NODE_1983_length_18057_cov_8.293852	14962	15084	0	122	122	1.0000000
NODE_1984_length_18051_cov_9.066622	4962	5084	0	15	122	0.1229508
NODE_1984_length_18051_cov_9.066622	4962	5084	1	29	122	0.2377049
NODE_1984_length_18051_cov_9.066622	4962	5084	2	78	122	0.6393443
NODE_1984_length_18051_cov_9.066622	14920	15042	0	122	122	1.0000000
NODE_1985_length_18048_cov_51.788735	4962	5084	0	14	122	0.1147541
NODE_1985_length_18048_cov_51.788735	4962	5084	1	108	122	0.8852459
NODE_1986_length_18046_cov_7.485652	4962	5084	0	122	122	1.0000000
NODE_1986_length_18046_cov_7.485652	14962	15084	0	122	122	1.0000000
NODE_1987_length_18045_cov_12.482447	5004	5126	0	122	122	1.0000000
NODE_1988_length_18045_cov_8.641313	4836	4958	0	122	122	1.0000000
NODE_1988_length_18045_cov_8.641313	14962	15084	0	122	122	1.0000000
NODE_1989_length_18045_cov_7.499443	4962	5084	0	122	122	1.0000000
NODE_1989_length_18045_cov_7.499443	14962	15084	0	122	122	1.0000000
NODE_198_length_33169_cov_8.613728	5004	5126	0	122	122	1.0000000
NODE_198_length_33169_cov_8.613728	15004	15126	0	122	122	1.0000000
NODE_198_length_33169_cov_8.613728	24920	25042	0	122	122	1.0000000
NODE_1990_length_18042_cov_15.787382	14626	14748	0	122	122	1.0000000
NODE_1991_length_18041_cov_13.109074	4920	5042	0	122	122	1.0000000
NODE_1991_length_18041_cov_13.109074	14962	15084	0	122	122	1.0000000
NODE_1992_length_18041_cov_7.851800	4962	5084	0	122	122	1.0000000
NODE_1992_length_18041_cov_7.851800	14962	15084	0	122	122	1.0000000
NODE_1993_length_18037_cov_10.404393	4962	5084	0	122	122	1.0000000
NODE_1993_length_18037_cov_10.404393	15004	15126	0	122	122	1.0000000
NODE_1994_length_18037_cov_9.290333	14836	14958	0	122	122	1.0000000
NODE_1995_length_18037_cov_8.921229	5004	5126	0	122	122	1.0000000
NODE_1995_length_18037_cov_8.921229	14878	15000	0	122	122	1.0000000
NODE_1996_length_18032_cov_9.172364	4962	5084	0	122	122	1.0000000
NODE_1996_length_18032_cov_9.172364	15004	15126	0	122	122	1.0000000
NODE_1997_length_18030_cov_8.067035	4962	5084	0	122	122	1.0000000
NODE_1998_length_18024_cov_24.750460	4962	5084	0	122	122	1.0000000
NODE_199_length_33132_cov_9.066116	4962	5084	0	122	122	1.0000000
NODE_19_length_56796_cov_9.179798	4962	5084	0	32	122	0.2622951
NODE_19_length_56796_cov_9.179798	4962	5084	2	90	122	0.7377049
NODE_19_length_56796_cov_9.179798	15046	15168	0	122	122	1.0000000
NODE_19_length_56796_cov_9.179798	25004	25126	0	122	122	1.0000000
NODE_19_length_56796_cov_9.179798	34962	35084	0	122	122	1.0000000
NODE_19_length_56796_cov_9.179798	44962	45084	0	122	122	1.0000000
NODE_1_length_105644_cov_10.584689	4962	5084	0	122	122	1.0000000
NODE_1_length_105644_cov_10.584689	14962	15084	1	14	122	0.1147541
NODE_1_length_105644_cov_10.584689	14962	15084	2	46	122	0.3770492
NODE_1_length_105644_cov_10.584689	14962	15084	3	62	122	0.5081967
NODE_1_length_105644_cov_10.584689	24962	25084	0	122	122	1.0000000
NODE_1_length_105644_cov_10.584689	44962	45084	1	35	122	0.2868852
NODE_1_length_105644_cov_10.584689	44962	45084	4	2	122	0.0163934
NODE_1_length_105644_cov_10.584689	44962	45084	5	83	122	0.6803279
NODE_1_length_105644_cov_10.584689	44962	45084	8	1	122	0.0081967
NODE_1_length_105644_cov_10.584689	44962	45084	9	1	122	0.0081967
NODE_1_length_105644_cov_10.584689	54962	55084	0	33	122	0.2704918
NODE_1_length_105644_cov_10.584689	54962	55084	2	89	122	0.7295082
NODE_1_length_105644_cov_10.584689	64962	65084	0	122	122	1.0000000
NODE_1_length_105644_cov_10.584689	85004	85126	0	122	122	1.0000000
NODE_2000_length_18017_cov_9.210682	4962	5084	0	122	122	1.0000000
NODE_2001_length_18013_cov_9.354639	4962	5084	0	122	122	1.0000000
NODE_2001_length_18013_cov_9.354639	14962	15084	0	122	122	1.0000000
NODE_2002_length_18009_cov_7.457119	4962	5084	0	75	122	0.6147541
NODE_2002_length_18009_cov_7.457119	4962	5084	2	47	122	0.3852459
NODE_2002_length_18009_cov_7.457119	15046	15168	0	122	122	1.0000000
NODE_2003_length_18000_cov_8.654209	4962	5084	0	122	122	1.0000000
NODE_2003_length_18000_cov_8.654209	14962	15084	0	28	122	0.2295082
NODE_2003_length_18000_cov_8.654209	14962	15084	2	94	122	0.7704918
NODE_2004_length_17997_cov_8.799587	15004	15126	0	122	122	1.0000000
NODE_2005_length_17996_cov_8.657764	4962	5084	0	122	122	1.0000000
NODE_2005_length_17996_cov_8.657764	14962	15084	0	122	122	1.0000000
NODE_2006_length_17992_cov_23.278209	15088	15210	0	122	122	1.0000000
NODE_2007_length_17990_cov_8.696663	4836	4958	0	122	122	1.0000000
NODE_2007_length_17990_cov_8.696663	15046	15168	0	122	122	1.0000000
NODE_2008_length_17989_cov_12.270039	14962	15084	0	122	122	1.0000000
NODE_2009_length_17986_cov_8.463186	4962	5084	0	122	122	1.0000000
NODE_2009_length_17986_cov_8.463186	15004	15126	0	122	122	1.0000000
NODE_200_length_33012_cov_10.688239	4794	4916	0	122	122	1.0000000
NODE_200_length_33012_cov_10.688239	14962	15084	0	122	122	1.0000000
NODE_200_length_33012_cov_10.688239	25130	25252	0	122	122	1.0000000
NODE_2010_length_17984_cov_7.345932	4962	5084	0	122	122	1.0000000
NODE_2010_length_17984_cov_7.345932	14836	14958	0	122	122	1.0000000
NODE_2011_length_17984_cov_6.947218	15004	15126	0	122	122	1.0000000
NODE_2012_length_17983_cov_9.559550	4962	5084	0	122	122	1.0000000
NODE_2012_length_17983_cov_9.559550	14962	15084	1	55	122	0.4508197
NODE_2012_length_17983_cov_9.559550	14962	15084	2	38	122	0.3114754
NODE_2012_length_17983_cov_9.559550	14962	15084	3	29	122	0.2377049
NODE_2013_length_17981_cov_7.472319	4962	5084	0	122	122	1.0000000
NODE_2013_length_17981_cov_7.472319	14951	15071	0	120	120	1.0000000
NODE_2014_length_17980_cov_9.889324	5004	5126	0	27	122	0.2213115
NODE_2014_length_17980_cov_9.889324	5004	5126	1	72	122	0.5901639
NODE_2014_length_17980_cov_9.889324	5004	5126	2	23	122	0.1885246
NODE_2014_length_17980_cov_9.889324	15088	15210	0	16	122	0.1311475
NODE_2014_length_17980_cov_9.889324	15088	15210	2	106	122	0.8688524
NODE_2015_length_17975_cov_9.890412	4962	5084	0	122	122	1.0000000
NODE_2015_length_17975_cov_9.890412	14962	15084	0	122	122	1.0000000
NODE_2016_length_17970_cov_8.378211	4962	5084	1	122	122	1.0000000
NODE_2016_length_17970_cov_8.378211	15004	15126	0	3	122	0.0245902
NODE_2016_length_17970_cov_8.378211	15004	15126	1	18	122	0.1475410
NODE_2016_length_17970_cov_8.378211	15004	15126	2	53	122	0.4344262
NODE_2016_length_17970_cov_8.378211	15004	15126	4	48	122	0.3934426
NODE_2017_length_17969_cov_8.745048	5172	5294	0	122	122	1.0000000
NODE_2017_length_17969_cov_8.745048	14962	15084	0	5	122	0.0409836
NODE_2017_length_17969_cov_8.745048	14962	15084	2	117	122	0.9590164
NODE_2018_length_17968_cov_8.494096	4962	5084	0	86	122	0.7049180
NODE_2018_length_17968_cov_8.494096	4962	5084	1	36	122	0.2950820
NODE_2018_length_17968_cov_8.494096	14962	15084	0	122	122	1.0000000
NODE_2019_length_17965_cov_7.936639	4962	5084	0	122	122	1.0000000
NODE_2019_length_17965_cov_7.936639	14962	15084	0	122	122	1.0000000
NODE_201_length_32884_cov_8.379259	4962	5084	0	122	122	1.0000000
NODE_201_length_32884_cov_8.379259	14920	15042	0	122	122	1.0000000
NODE_2020_length_17963_cov_8.287562	4962	5084	0	122	122	1.0000000
NODE_2020_length_17963_cov_8.287562	14962	15084	0	122	122	1.0000000
NODE_2021_length_17962_cov_9.814141	5088	5210	0	122	122	1.0000000
NODE_2021_length_17962_cov_9.814141	14962	15084	0	122	122	1.0000000
NODE_2022_length_17957_cov_8.468642	14920	15042	0	122	122	1.0000000
NODE_2023_length_17955_cov_19.506328	14962	15084	0	122	122	1.0000000
NODE_2024_length_17949_cov_8.669132	5004	5126	0	122	122	1.0000000
NODE_2024_length_17949_cov_8.669132	14962	15084	0	122	122	1.0000000
NODE_2025_length_17946_cov_10.737099	15004	15126	0	122	122	1.0000000
NODE_2026_length_17939_cov_8.082735	4920	5042	0	122	122	1.0000000
NODE_2026_length_17939_cov_8.082735	14962	15084	0	122	122	1.0000000
NODE_2028_length_17929_cov_11.124902	14962	15084	0	122	122	1.0000000
NODE_2029_length_17927_cov_17.698340	4962	5084	0	122	122	1.0000000
NODE_2029_length_17927_cov_17.698340	14962	15084	0	122	122	1.0000000
NODE_202_length_32870_cov_12.160233	5004	5126	0	122	122	1.0000000
NODE_202_length_32870_cov_12.160233	15004	15126	0	122	122	1.0000000
NODE_2031_length_17924_cov_7.637756	4962	5084	0	56	122	0.4590164
NODE_2031_length_17924_cov_7.637756	4962	5084	2	66	122	0.5409836
NODE_2031_length_17924_cov_7.637756	15172	15294	0	122	122	1.0000000
NODE_2032_length_17923_cov_9.621409	4920	5042	0	122	122	1.0000000
NODE_2032_length_17923_cov_9.621409	14920	15042	0	122	122	1.0000000
NODE_2033_length_17922_cov_7.331987	4878	5000	0	122	122	1.0000000
NODE_2033_length_17922_cov_7.331987	15004	15126	0	59	122	0.4836065
NODE_2033_length_17922_cov_7.331987	15004	15126	2	63	122	0.5163934
NODE_2034_length_17918_cov_14.876592	4920	5042	0	25	122	0.2049180
NODE_2034_length_17918_cov_14.876592	4920	5042	2	97	122	0.7950820
NODE_2034_length_17918_cov_14.876592	14962	15084	0	122	122	1.0000000
NODE_2035_length_17916_cov_19.134815	4920	5042	0	122	122	1.0000000
NODE_2036_length_17906_cov_7.401078	4836	4958	0	122	122	1.0000000
NODE_2036_length_17906_cov_7.401078	14962	15084	0	122	122	1.0000000
NODE_2037_length_17903_cov_8.673950	5088	5210	0	122	122	1.0000000
NODE_2037_length_17903_cov_8.673950	14962	15084	0	122	122	1.0000000
NODE_2038_length_17899_cov_11.455449	4752	4874	0	122	122	1.0000000
NODE_2038_length_17899_cov_11.455449	15214	15336	1	43	122	0.3524590
NODE_2038_length_17899_cov_11.455449	15214	15336	2	56	122	0.4590164
NODE_2038_length_17899_cov_11.455449	15214	15336	3	23	122	0.1885246
NODE_2039_length_17898_cov_51.688915	4920	5042	1	75	122	0.6147541
NODE_2039_length_17898_cov_51.688915	4920	5042	2	47	122	0.3852459
NODE_2039_length_17898_cov_51.688915	14962	15084	0	122	122	1.0000000
NODE_203_length_32822_cov_9.485836	14962	15084	0	17	122	0.1393443
NODE_203_length_32822_cov_9.485836	14962	15084	1	44	122	0.3606557
NODE_203_length_32822_cov_9.485836	14962	15084	2	61	122	0.5000000
NODE_203_length_32822_cov_9.485836	24962	25084	0	122	122	1.0000000
NODE_2040_length_17897_cov_2.065569	4962	5084	0	122	122	1.0000000
NODE_2040_length_17897_cov_2.065569	15130	15252	0	122	122	1.0000000
NODE_2041_length_17896_cov_8.472327	4962	5084	0	122	122	1.0000000
NODE_2042_length_17895_cov_11.134300	4920	5042	0	122	122	1.0000000
NODE_2042_length_17895_cov_11.134300	14962	15084	0	122	122	1.0000000
NODE_2044_length_17886_cov_8.640805	4962	5084	0	122	122	1.0000000
NODE_2045_length_17883_cov_11.087494	4962	5084	0	26	122	0.2131148
NODE_2045_length_17883_cov_11.087494	4962	5084	1	96	122	0.7868853
NODE_2045_length_17883_cov_11.087494	14836	14958	0	122	122	1.0000000
NODE_2046_length_17881_cov_8.531493	5256	5378	0	5	122	0.0409836
NODE_2046_length_17881_cov_8.531493	5256	5378	1	117	122	0.9590164
NODE_2046_length_17881_cov_8.531493	15088	15210	0	122	122	1.0000000
NODE_2047_length_17877_cov_14.890876	4962	5084	0	122	122	1.0000000
NODE_2048_length_17874_cov_8.223235	4920	5042	0	122	122	1.0000000
NODE_2048_length_17874_cov_8.223235	14962	15084	0	1	122	0.0081967
NODE_2048_length_17874_cov_8.223235	14962	15084	1	121	122	0.9918033
NODE_204_length_32792_cov_8.859450	4962	5084	0	122	122	1.0000000
NODE_204_length_32792_cov_8.859450	14920	15042	0	122	122	1.0000000
NODE_204_length_32792_cov_8.859450	24962	25084	0	122	122	1.0000000
NODE_2050_length_17873_cov_9.820918	4626	4748	0	58	122	0.4754098
NODE_2050_length_17873_cov_9.820918	4626	4748	1	64	122	0.5245901
NODE_2050_length_17873_cov_9.820918	14962	15084	0	122	122	1.0000000
NODE_2051_length_17871_cov_8.366700	4962	5084	0	14	122	0.1147541
NODE_2051_length_17871_cov_8.366700	4962	5084	2	108	122	0.8852459
NODE_2051_length_17871_cov_8.366700	14962	15084	1	78	122	0.6393443
NODE_2051_length_17871_cov_8.366700	14962	15084	2	44	122	0.3606557
NODE_2052_length_17870_cov_6.257498	15004	15126	0	122	122	1.0000000
NODE_2054_length_17860_cov_8.193852	14920	15042	0	122	122	1.0000000
NODE_2055_length_17856_cov_33.735935	15130	15252	0	122	122	1.0000000
NODE_2056_length_17856_cov_7.989863	4878	5000	0	122	122	1.0000000
NODE_2056_length_17856_cov_7.989863	14962	15084	0	122	122	1.0000000
NODE_2057_length_17856_cov_6.372698	4962	5084	0	122	122	1.0000000
NODE_2057_length_17856_cov_6.372698	14962	15084	0	122	122	1.0000000
NODE_2058_length_17852_cov_14.072945	4962	5084	0	122	122	1.0000000
NODE_2059_length_17846_cov_9.565560	14962	15084	0	122	122	1.0000000
NODE_205_length_32789_cov_9.539217	4962	5084	0	122	122	1.0000000
NODE_205_length_32789_cov_9.539217	14962	15084	0	122	122	1.0000000
NODE_205_length_32789_cov_9.539217	24962	25084	0	122	122	1.0000000
NODE_2060_length_17846_cov_7.744464	14962	15084	0	122	122	1.0000000
NODE_2061_length_17842_cov_15.278025	4962	5084	0	122	122	1.0000000
NODE_2061_length_17842_cov_15.278025	15004	15126	0	20	122	0.1639344
NODE_2061_length_17842_cov_15.278025	15004	15126	6	1	122	0.0081967
NODE_2061_length_17842_cov_15.278025	15004	15126	8	72	122	0.5901639
NODE_2061_length_17842_cov_15.278025	15004	15126	10	1	122	0.0081967
NODE_2061_length_17842_cov_15.278025	15004	15126	12	1	122	0.0081967
NODE_2061_length_17842_cov_15.278025	15004	15126	13	27	122	0.2213115
NODE_2062_length_17828_cov_8.344802	4584	4706	0	122	122	1.0000000
NODE_2062_length_17828_cov_8.344802	14752	14874	0	122	122	1.0000000
NODE_2063_length_17818_cov_7.982279	5130	5252	0	122	122	1.0000000
NODE_2063_length_17818_cov_7.982279	14962	15084	0	122	122	1.0000000
NODE_2064_length_17816_cov_8.396738	4962	5084	0	122	122	1.0000000
NODE_2064_length_17816_cov_8.396738	14962	15084	0	122	122	1.0000000
NODE_2065_length_17808_cov_8.511322	4962	5084	0	122	122	1.0000000
NODE_2066_length_17807_cov_8.418060	4962	5084	0	122	122	1.0000000
NODE_2066_length_17807_cov_8.418060	14920	15042	0	122	122	1.0000000
NODE_2067_length_17807_cov_7.375706	14962	15084	0	122	122	1.0000000
NODE_2068_length_17803_cov_9.837381	4920	5042	0	122	122	1.0000000
NODE_2068_length_17803_cov_9.837381	15004	15126	0	122	122	1.0000000
NODE_206_length_32767_cov_9.136678	4962	5084	0	122	122	1.0000000
NODE_206_length_32767_cov_9.136678	14962	15084	0	122	122	1.0000000
NODE_206_length_32767_cov_9.136678	24794	24916	0	122	122	1.0000000
NODE_2070_length_17794_cov_11.320656	5004	5126	0	122	122	1.0000000
NODE_2070_length_17794_cov_11.320656	14794	14916	0	122	122	1.0000000
NODE_2071_length_17793_cov_8.083757	14962	15084	0	122	122	1.0000000
NODE_2072_length_17792_cov_8.586221	4962	5084	0	122	122	1.0000000
NODE_2074_length_17789_cov_8.465630	5004	5126	0	122	122	1.0000000
NODE_2075_length_17785_cov_14.375325	4962	5084	0	122	122	1.0000000
NODE_2075_length_17785_cov_14.375325	14962	15084	0	122	122	1.0000000
NODE_2076_length_17783_cov_7.208720	4962	5084	0	122	122	1.0000000
NODE_2076_length_17783_cov_7.208720	14836	14958	0	122	122	1.0000000
NODE_2077_length_17781_cov_7.736455	4962	5084	0	122	122	1.0000000
NODE_2077_length_17781_cov_7.736455	14962	15084	0	122	122	1.0000000
NODE_2078_length_17778_cov_9.277391	4962	5084	0	122	122	1.0000000
NODE_2078_length_17778_cov_9.277391	14962	15084	0	122	122	1.0000000
NODE_2079_length_17778_cov_7.827422	4962	5084	0	122	122	1.0000000
NODE_207_length_32697_cov_8.342352	14962	15084	0	122	122	1.0000000
NODE_207_length_32697_cov_8.342352	24962	25084	0	122	122	1.0000000
NODE_2080_length_17769_cov_9.197453	5004	5126	0	122	122	1.0000000
NODE_2080_length_17769_cov_9.197453	14962	15084	0	122	122	1.0000000
NODE_2081_length_17767_cov_14.767942	4962	5084	0	122	122	1.0000000
NODE_2082_length_17765_cov_8.555247	14962	15084	0	122	122	1.0000000
NODE_2083_length_17761_cov_8.485223	4962	5084	0	42	122	0.3442623
NODE_2083_length_17761_cov_8.485223	4962	5084	9	80	122	0.6557377
NODE_2083_length_17761_cov_8.485223	14920	15042	0	122	122	1.0000000
NODE_2084_length_17760_cov_7.847744	15004	15126	0	122	122	1.0000000
NODE_2085_length_17758_cov_18.655020	5214	5336	0	122	122	1.0000000
NODE_2085_length_17758_cov_18.655020	14752	14874	0	122	122	1.0000000
NODE_2086_length_17758_cov_8.840195	4962	5084	0	122	122	1.0000000
NODE_2087_length_17758_cov_7.897786	4962	5084	0	122	122	1.0000000
NODE_2088_length_17751_cov_17.581974	4962	5084	0	122	122	1.0000000
NODE_2088_length_17751_cov_17.581974	14836	14958	0	122	122	1.0000000
NODE_2089_length_17749_cov_11.425326	15004	15126	0	122	122	1.0000000
NODE_208_length_32684_cov_11.908056	5004	5126	0	122	122	1.0000000
NODE_208_length_32684_cov_11.908056	14962	15084	0	122	122	1.0000000
NODE_208_length_32684_cov_11.908056	24962	25084	0	122	122	1.0000000
NODE_2090_length_17748_cov_6.777721	4962	5084	0	122	122	1.0000000
NODE_2090_length_17748_cov_6.777721	14962	15084	0	122	122	1.0000000
NODE_2091_length_17747_cov_7.221782	4920	5042	0	122	122	1.0000000
NODE_2091_length_17747_cov_7.221782	15130	15252	0	122	122	1.0000000
NODE_2092_length_17742_cov_7.283228	4962	5084	0	52	122	0.4262295
NODE_2092_length_17742_cov_7.283228	4962	5084	1	70	122	0.5737705
NODE_2092_length_17742_cov_7.283228	14962	15084	0	122	122	1.0000000
NODE_2093_length_17739_cov_8.642744	5088	5210	1	18	122	0.1475410
NODE_2093_length_17739_cov_8.642744	5088	5210	2	34	122	0.2786885
NODE_2093_length_17739_cov_8.642744	5088	5210	3	40	122	0.3278688
NODE_2093_length_17739_cov_8.642744	5088	5210	4	30	122	0.2459016
NODE_2093_length_17739_cov_8.642744	15046	15168	0	122	122	1.0000000
NODE_2094_length_17739_cov_7.614626	4962	5084	0	122	122	1.0000000
NODE_2094_length_17739_cov_7.614626	14962	15084	0	122	122	1.0000000
NODE_2095_length_17737_cov_25.639642	4962	5084	0	122	122	1.0000000
NODE_2095_length_17737_cov_25.639642	15004	15126	0	122	122	1.0000000
NODE_2097_length_17736_cov_7.643817	5004	5126	0	122	122	1.0000000
NODE_2097_length_17736_cov_7.643817	14836	14958	0	122	122	1.0000000
NODE_2098_length_17734_cov_9.496796	5004	5126	0	122	122	1.0000000
NODE_2098_length_17734_cov_9.496796	14962	15084	0	122	122	1.0000000
NODE_2099_length_17733_cov_8.439946	14962	15084	0	122	122	1.0000000
NODE_209_length_32657_cov_8.541618	4794	4916	0	122	122	1.0000000
NODE_209_length_32657_cov_8.541618	25004	25126	0	122	122	1.0000000
NODE_20_length_56434_cov_14.229271	5046	5168	0	122	122	1.0000000
NODE_20_length_56434_cov_14.229271	25004	25126	0	122	122	1.0000000
NODE_20_length_56434_cov_14.229271	34962	35084	0	122	122	1.0000000
NODE_20_length_56434_cov_14.229271	44962	45084	0	122	122	1.0000000
NODE_2100_length_17726_cov_7.366597	4962	5084	0	122	122	1.0000000
NODE_2100_length_17726_cov_7.366597	14962	15084	0	122	122	1.0000000
NODE_2101_length_17725_cov_13.341541	5004	5126	0	122	122	1.0000000
NODE_2101_length_17725_cov_13.341541	14962	15084	0	122	122	1.0000000
NODE_2102_length_17725_cov_8.879439	14962	15084	0	122	122	1.0000000
NODE_2103_length_17718_cov_7.929905	4794	4916	0	122	122	1.0000000
NODE_2103_length_17718_cov_7.929905	14626	14748	0	122	122	1.0000000
NODE_2104_length_17715_cov_13.190792	4962	5084	0	28	122	0.2295082
NODE_2104_length_17715_cov_13.190792	4962	5084	2	94	122	0.7704918
NODE_2104_length_17715_cov_13.190792	14962	15084	0	122	122	1.0000000
NODE_2105_length_17711_cov_8.104985	4962	5084	1	49	122	0.4016393
NODE_2105_length_17711_cov_8.104985	4962	5084	2	73	122	0.5983607
NODE_2105_length_17711_cov_8.104985	14836	14958	0	122	122	1.0000000
NODE_2106_length_17708_cov_10.859560	4962	5084	0	122	122	1.0000000
NODE_2106_length_17708_cov_10.859560	15046	15168	0	122	122	1.0000000
NODE_2107_length_17707_cov_23.319343	5340	5462	0	122	122	1.0000000
NODE_2107_length_17707_cov_23.319343	14794	14916	0	122	122	1.0000000
NODE_2108_length_17691_cov_8.189973	4962	5084	0	122	122	1.0000000
NODE_2108_length_17691_cov_8.189973	14962	15084	0	122	122	1.0000000
NODE_2109_length_17691_cov_7.439404	4962	5084	0	122	122	1.0000000
NODE_2109_length_17691_cov_7.439404	14962	15084	0	122	122	1.0000000
NODE_210_length_32587_cov_11.110595	14962	15084	1	18	122	0.1475410
NODE_210_length_32587_cov_11.110595	14962	15084	2	104	122	0.8524590
NODE_210_length_32587_cov_11.110595	25046	25168	1	30	122	0.2459016
NODE_210_length_32587_cov_11.110595	25046	25168	2	27	122	0.2213115
NODE_210_length_32587_cov_11.110595	25046	25168	3	65	122	0.5327869
NODE_2110_length_17690_cov_8.187369	4962	5084	0	122	122	1.0000000
NODE_2110_length_17690_cov_8.187369	15004	15126	0	122	122	1.0000000
NODE_2111_length_17688_cov_2.752402	4962	5084	0	122	122	1.0000000
NODE_2111_length_17688_cov_2.752402	14962	15084	0	122	122	1.0000000
NODE_2112_length_17675_cov_8.175296	4962	5084	1	57	122	0.4672131
NODE_2112_length_17675_cov_8.175296	4962	5084	3	65	122	0.5327869
NODE_2112_length_17675_cov_8.175296	14962	15084	1	49	122	0.4016393
NODE_2112_length_17675_cov_8.175296	14962	15084	2	49	122	0.4016393
NODE_2112_length_17675_cov_8.175296	14962	15084	3	24	122	0.1967213
NODE_2113_length_17674_cov_22.706003	5004	5126	0	122	122	1.0000000
NODE_2113_length_17674_cov_22.706003	15046	15168	0	122	122	1.0000000
NODE_2114_length_17672_cov_9.492232	4920	5042	0	122	122	1.0000000
NODE_2114_length_17672_cov_9.492232	15046	15168	0	45	122	0.3688525
NODE_2114_length_17672_cov_9.492232	15046	15168	2	1	122	0.0081967
NODE_2114_length_17672_cov_9.492232	15046	15168	4	16	122	0.1311475
NODE_2114_length_17672_cov_9.492232	15046	15168	5	60	122	0.4918033
NODE_2115_length_17671_cov_8.300649	4962	5084	0	22	122	0.1803279
NODE_2115_length_17671_cov_8.300649	4962	5084	4	43	122	0.3524590
NODE_2115_length_17671_cov_8.300649	4962	5084	7	7	122	0.0573770
NODE_2115_length_17671_cov_8.300649	4962	5084	8	50	122	0.4098361
NODE_2115_length_17671_cov_8.300649	14962	15084	0	122	122	1.0000000
NODE_2116_length_17671_cov_7.604655	4962	5084	0	122	122	1.0000000
NODE_2116_length_17671_cov_7.604655	14962	15084	0	34	122	0.2786885
NODE_2116_length_17671_cov_7.604655	14962	15084	2	88	122	0.7213115
NODE_2117_length_17664_cov_9.507430	4962	5084	0	122	122	1.0000000
NODE_2117_length_17664_cov_9.507430	14962	15084	0	122	122	1.0000000
NODE_2118_length_17664_cov_6.492400	4962	5084	0	122	122	1.0000000
NODE_2119_length_17660_cov_7.549456	4962	5084	0	122	122	1.0000000
NODE_211_length_32541_cov_8.574502	5046	5168	0	122	122	1.0000000
NODE_211_length_32541_cov_8.574502	14962	15084	0	122	122	1.0000000
NODE_211_length_32541_cov_8.574502	24962	25084	0	122	122	1.0000000
NODE_2120_length_17658_cov_7.235833	5046	5168	0	122	122	1.0000000
NODE_2120_length_17658_cov_7.235833	15298	15420	0	14	122	0.1147541
NODE_2120_length_17658_cov_7.235833	15298	15420	1	108	122	0.8852459
NODE_2121_length_17654_cov_9.620165	4962	5084	0	3	122	0.0245902
NODE_2121_length_17654_cov_9.620165	4962	5084	2	119	122	0.9754099
NODE_2121_length_17654_cov_9.620165	14962	15084	0	59	122	0.4836065
NODE_2121_length_17654_cov_9.620165	14962	15084	1	62	122	0.5081967
NODE_2121_length_17654_cov_9.620165	14962	15084	2	1	122	0.0081967
NODE_2122_length_17653_cov_9.579982	4962	5084	0	122	122	1.0000000
NODE_2122_length_17653_cov_9.579982	14878	15000	0	122	122	1.0000000
NODE_2123_length_17650_cov_7.775853	4878	5000	0	54	122	0.4426230
NODE_2123_length_17650_cov_7.775853	4878	5000	1	68	122	0.5573770
NODE_2123_length_17650_cov_7.775853	15004	15126	0	122	122	1.0000000
NODE_2124_length_17641_cov_28.220214	14962	15084	0	122	122	1.0000000
NODE_2125_length_17634_cov_7.805247	4962	5084	0	23	122	0.1885246
NODE_2125_length_17634_cov_7.805247	4962	5084	1	99	122	0.8114754
NODE_2125_length_17634_cov_7.805247	14962	15084	0	59	122	0.4836065
NODE_2125_length_17634_cov_7.805247	14962	15084	2	63	122	0.5163934
NODE_2126_length_17627_cov_40.010669	4962	5084	0	122	122	1.0000000
NODE_2127_length_17627_cov_7.864788	14962	15084	0	122	122	1.0000000
NODE_2128_length_17626_cov_9.068066	4962	5084	0	122	122	1.0000000
NODE_2128_length_17626_cov_9.068066	14794	14916	0	122	122	1.0000000
NODE_2129_length_17624_cov_43.887475	4962	5084	0	57	122	0.4672131
NODE_2129_length_17624_cov_43.887475	4962	5084	9	65	122	0.5327869
NODE_212_length_32535_cov_9.345265	14920	15042	0	2	122	0.0163934
NODE_212_length_32535_cov_9.345265	14920	15042	1	120	122	0.9836066
NODE_212_length_32535_cov_9.345265	24962	25084	0	122	122	1.0000000
NODE_2131_length_17612_cov_7.146463	4878	5000	0	1	122	0.0081967
NODE_2131_length_17612_cov_7.146463	4878	5000	1	78	122	0.6393443
NODE_2131_length_17612_cov_7.146463	4878	5000	2	43	122	0.3524590
NODE_2131_length_17612_cov_7.146463	15004	15126	0	16	122	0.1311475
NODE_2131_length_17612_cov_7.146463	15004	15126	1	4	122	0.0327869
NODE_2131_length_17612_cov_7.146463	15004	15126	2	102	122	0.8360656
NODE_2132_length_17608_cov_9.665258	15004	15126	0	122	122	1.0000000
NODE_2133_length_17605_cov_8.361705	4962	5084	0	122	122	1.0000000
NODE_2133_length_17605_cov_8.361705	14836	14958	0	122	122	1.0000000
NODE_2134_length_17603_cov_8.143224	4962	5084	0	122	122	1.0000000
NODE_2135_length_17601_cov_9.328991	14878	15000	0	122	122	1.0000000
NODE_2136_length_17597_cov_56.334838	14962	15084	0	122	122	1.0000000
NODE_2137_length_17595_cov_7.448617	4962	5084	0	65	122	0.5327869
NODE_2137_length_17595_cov_7.448617	4962	5084	2	57	122	0.4672131
NODE_2138_length_17593_cov_7.449697	4962	5084	0	122	122	1.0000000
NODE_2138_length_17593_cov_7.449697	14794	14916	1	57	122	0.4672131
NODE_2138_length_17593_cov_7.449697	14794	14916	2	65	122	0.5327869
NODE_2139_length_17589_cov_10.843339	4962	5084	0	122	122	1.0000000
NODE_2139_length_17589_cov_10.843339	14962	15084	1	122	122	1.0000000
NODE_213_length_32431_cov_27.440740	14962	15084	0	122	122	1.0000000
NODE_213_length_32431_cov_27.440740	24962	25084	0	122	122	1.0000000
NODE_2140_length_17588_cov_8.790097	5214	5336	0	122	122	1.0000000
NODE_2141_length_17587_cov_8.923605	5004	5126	0	122	122	1.0000000
NODE_2142_length_17586_cov_8.206439	4962	5084	0	122	122	1.0000000
NODE_2143_length_17582_cov_7.762684	14962	15084	0	122	122	1.0000000
NODE_2144_length_17575_cov_7.983177	15088	15210	0	122	122	1.0000000
NODE_2145_length_17573_cov_12.326828	4920	5042	0	122	122	1.0000000
NODE_2146_length_17570_cov_8.018316	4962	5084	0	122	122	1.0000000
NODE_2146_length_17570_cov_8.018316	14962	15084	0	122	122	1.0000000
NODE_2147_length_17566_cov_10.771855	14962	15084	0	68	122	0.5573770
NODE_2147_length_17566_cov_10.771855	14962	15084	2	54	122	0.4426230
NODE_2148_length_17562_cov_22.905915	14962	15084	0	122	122	1.0000000
NODE_214_length_32415_cov_7.821822	4962	5084	0	122	122	1.0000000
NODE_214_length_32415_cov_7.821822	15004	15126	0	62	122	0.5081967
NODE_214_length_32415_cov_7.821822	15004	15126	1	60	122	0.4918033
NODE_214_length_32415_cov_7.821822	24962	25084	0	122	122	1.0000000
NODE_2150_length_17562_cov_7.913474	5046	5168	0	122	122	1.0000000
NODE_2150_length_17562_cov_7.913474	14962	15084	0	122	122	1.0000000
NODE_2151_length_17561_cov_7.042836	14962	15084	0	122	122	1.0000000
NODE_2152_length_17557_cov_7.957326	14962	15084	0	122	122	1.0000000
NODE_2153_length_17552_cov_12.158540	4710	4832	0	122	122	1.0000000
NODE_2153_length_17552_cov_12.158540	14962	15084	0	122	122	1.0000000
NODE_2154_length_17552_cov_9.945052	5004	5126	1	18	122	0.1475410
NODE_2154_length_17552_cov_9.945052	5004	5126	2	94	122	0.7704918
NODE_2154_length_17552_cov_9.945052	5004	5126	3	10	122	0.0819672
NODE_2154_length_17552_cov_9.945052	14962	15084	0	122	122	1.0000000
NODE_2155_length_17552_cov_8.977196	5298	5420	0	122	122	1.0000000
NODE_2155_length_17552_cov_8.977196	15046	15168	0	122	122	1.0000000
NODE_2156_length_17550_cov_8.174947	4962	5084	0	122	122	1.0000000
NODE_2157_length_17541_cov_8.471219	4962	5084	0	122	122	1.0000000
NODE_2157_length_17541_cov_8.471219	14962	15084	0	122	122	1.0000000
NODE_2158_length_17540_cov_8.901038	4962	5084	0	122	122	1.0000000
NODE_2159_length_17535_cov_8.475912	4836	4958	1	49	122	0.4016393
NODE_2159_length_17535_cov_8.475912	4836	4958	2	73	122	0.5983607
NODE_2159_length_17535_cov_8.475912	14962	15084	0	122	122	1.0000000
NODE_215_length_32337_cov_12.851231	4962	5084	0	122	122	1.0000000
NODE_215_length_32337_cov_12.851231	14668	14790	0	122	122	1.0000000
NODE_2160_length_17532_cov_7.853095	14920	15042	0	122	122	1.0000000
NODE_2161_length_17528_cov_8.968845	4962	5084	0	5	122	0.0409836
NODE_2161_length_17528_cov_8.968845	4962	5084	1	117	122	0.9590164
NODE_2161_length_17528_cov_8.968845	14794	14916	0	122	122	1.0000000
NODE_2162_length_17526_cov_17.644058	5046	5168	0	122	122	1.0000000
NODE_2162_length_17526_cov_17.644058	14878	15000	0	122	122	1.0000000
NODE_2164_length_17515_cov_8.983980	5004	5126	0	122	122	1.0000000
NODE_2164_length_17515_cov_8.983980	14962	15084	0	122	122	1.0000000
NODE_2165_length_17515_cov_8.971463	14920	15042	0	46	122	0.3770492
NODE_2165_length_17515_cov_8.971463	14920	15042	2	76	122	0.6229508
NODE_2166_length_17514_cov_8.742176	15004	15126	0	122	122	1.0000000
NODE_2167_length_17513_cov_9.576375	4962	5084	0	122	122	1.0000000
NODE_2167_length_17513_cov_9.576375	14542	14664	0	122	122	1.0000000
NODE_2168_length_17513_cov_8.966177	4962	5084	0	122	122	1.0000000
NODE_2168_length_17513_cov_8.966177	14962	15084	0	122	122	1.0000000
NODE_216_length_32310_cov_8.637608	14962	15084	0	122	122	1.0000000
NODE_216_length_32310_cov_8.637608	24962	25084	0	122	122	1.0000000
NODE_2170_length_17512_cov_15.465055	4836	4958	0	122	122	1.0000000
NODE_2170_length_17512_cov_15.465055	14962	15084	0	122	122	1.0000000
NODE_2171_length_17511_cov_10.198943	4962	5084	0	122	122	1.0000000
NODE_2171_length_17511_cov_10.198943	15214	15336	0	78	122	0.6393443
NODE_2171_length_17511_cov_10.198943	15214	15336	1	44	122	0.3606557
NODE_2172_length_17511_cov_6.220825	4920	5042	0	122	122	1.0000000
NODE_2173_length_17510_cov_10.414336	4962	5084	0	122	122	1.0000000
NODE_2173_length_17510_cov_10.414336	14920	15042	0	122	122	1.0000000
NODE_2174_length_17510_cov_2.862099	4962	5084	0	122	122	1.0000000
NODE_2175_length_17504_cov_8.716059	4584	4706	0	122	122	1.0000000
NODE_2175_length_17504_cov_8.716059	15004	15126	0	122	122	1.0000000
NODE_2176_length_17502_cov_17.064299	5004	5126	1	1	122	0.0081967
NODE_2176_length_17502_cov_17.064299	5004	5126	2	28	122	0.2295082
NODE_2176_length_17502_cov_17.064299	5004	5126	3	93	122	0.7622951
NODE_2176_length_17502_cov_17.064299	14962	15084	0	122	122	1.0000000
NODE_2177_length_17500_cov_12.674214	4962	5084	0	122	122	1.0000000
NODE_2177_length_17500_cov_12.674214	14794	14916	0	122	122	1.0000000
NODE_2178_length_17499_cov_13.204138	4878	5000	0	122	122	1.0000000
NODE_217_length_32268_cov_8.776058	4962	5084	2	122	122	1.0000000
NODE_217_length_32268_cov_8.776058	14962	15084	0	122	122	1.0000000
NODE_2180_length_17495_cov_8.379800	5214	5336	0	122	122	1.0000000
NODE_2181_length_17495_cov_6.865544	4920	5042	0	122	122	1.0000000
NODE_2182_length_17493_cov_8.901000	4962	5084	0	122	122	1.0000000
NODE_2183_length_17492_cov_16.332778	4962	5084	0	122	122	1.0000000
NODE_2186_length_17485_cov_10.260382	4962	5084	0	12	122	0.0983607
NODE_2186_length_17485_cov_10.260382	4962	5084	1	110	122	0.9016393
NODE_2187_length_17485_cov_7.113022	4962	5084	0	122	122	1.0000000
NODE_2189_length_17482_cov_8.135822	4962	5084	0	122	122	1.0000000
NODE_218_length_32254_cov_9.198756	4962	5084	0	122	122	1.0000000
NODE_218_length_32254_cov_9.198756	24878	25000	0	122	122	1.0000000
NODE_2191_length_17480_cov_6.661297	5046	5168	0	122	122	1.0000000
NODE_2192_length_17477_cov_6.761365	4962	5084	0	122	122	1.0000000
NODE_2193_length_17474_cov_8.469237	4962	5084	0	122	122	1.0000000
NODE_2195_length_17470_cov_8.450579	4962	5084	0	122	122	1.0000000
NODE_2196_length_17468_cov_9.065461	5004	5126	0	122	122	1.0000000
NODE_2197_length_17467_cov_7.030919	4962	5084	0	122	122	1.0000000
NODE_219_length_32179_cov_9.194607	4962	5084	0	122	122	1.0000000
NODE_219_length_32179_cov_9.194607	14962	15084	0	122	122	1.0000000
NODE_21_length_55680_cov_3.018388	4962	5084	0	122	122	1.0000000
NODE_21_length_55680_cov_3.018388	14962	15084	0	122	122	1.0000000
NODE_21_length_55680_cov_3.018388	34962	35084	0	122	122	1.0000000
NODE_21_length_55680_cov_3.018388	44962	45084	0	122	122	1.0000000
NODE_2200_length_17464_cov_16.058969	4962	5084	0	122	122	1.0000000
NODE_2201_length_17461_cov_8.775256	4962	5084	0	122	122	1.0000000
NODE_2202_length_17461_cov_8.478631	4920	5042	0	122	122	1.0000000
NODE_2204_length_17458_cov_8.690017	4962	5084	0	122	122	1.0000000
NODE_2205_length_17457_cov_16.822099	5004	5126	0	122	122	1.0000000
NODE_2208_length_17451_cov_9.336791	4962	5084	0	122	122	1.0000000
NODE_2209_length_17450_cov_8.972394	5172	5294	0	122	122	1.0000000
NODE_220_length_32174_cov_9.266781	4584	4706	0	122	122	1.0000000
NODE_220_length_32174_cov_9.266781	24962	25084	0	122	122	1.0000000
NODE_2210_length_17446_cov_19.220730	4962	5084	0	122	122	1.0000000
NODE_2211_length_17446_cov_8.976422	5004	5126	0	122	122	1.0000000
NODE_2212_length_17443_cov_8.963215	4962	5084	0	122	122	1.0000000
NODE_2213_length_17441_cov_14.981894	5046	5168	0	122	122	1.0000000
NODE_2214_length_17441_cov_8.973994	5046	5168	0	122	122	1.0000000
NODE_2216_length_17440_cov_8.673779	4962	5084	0	122	122	1.0000000
NODE_2217_length_17437_cov_14.667724	4962	5084	0	122	122	1.0000000
NODE_2218_length_17435_cov_11.612944	5004	5126	0	19	122	0.1557377
NODE_2218_length_17435_cov_11.612944	5004	5126	2	103	122	0.8442623
NODE_2219_length_17434_cov_8.657802	4752	4874	0	122	122	1.0000000
NODE_221_length_32103_cov_15.103268	25004	25126	0	14	122	0.1147541
NODE_221_length_32103_cov_15.103268	25004	25126	2	108	122	0.8852459
NODE_2220_length_17434_cov_8.329045	4962	5084	0	122	122	1.0000000
NODE_2221_length_17431_cov_16.363316	4962	5084	0	122	122	1.0000000
NODE_2222_length_17428_cov_24.500837	4962	5084	0	48	122	0.3934426
NODE_2222_length_17428_cov_24.500837	4962	5084	1	35	122	0.2868852
NODE_2222_length_17428_cov_24.500837	4962	5084	2	39	122	0.3196721
NODE_2225_length_17420_cov_8.988511	4962	5084	0	122	122	1.0000000
NODE_2226_length_17419_cov_8.735162	4962	5084	0	122	122	1.0000000
NODE_2227_length_17406_cov_14.114462	4962	5084	0	122	122	1.0000000
NODE_2228_length_17404_cov_11.780352	4668	4790	0	122	122	1.0000000
NODE_2229_length_17402_cov_6.573600	4962	5084	0	122	122	1.0000000
NODE_222_length_31979_cov_9.617942	4962	5084	0	122	122	1.0000000
NODE_222_length_31979_cov_9.617942	15046	15168	0	122	122	1.0000000
NODE_2231_length_17400_cov_9.489567	5004	5126	0	122	122	1.0000000
NODE_2232_length_17394_cov_8.572767	4836	4958	0	40	122	0.3278688
NODE_2232_length_17394_cov_8.572767	4836	4958	2	82	122	0.6721311
NODE_2233_length_17392_cov_8.179610	5214	5336	0	122	122	1.0000000
NODE_2234_length_17390_cov_7.493205	4962	5084	0	122	122	1.0000000
NODE_2235_length_17386_cov_7.376931	4962	5084	0	122	122	1.0000000
NODE_2236_length_17384_cov_7.421232	4752	4874	0	42	122	0.3442623
NODE_2236_length_17384_cov_7.421232	4752	4874	1	13	122	0.1065574
NODE_2236_length_17384_cov_7.421232	4752	4874	2	67	122	0.5491803
NODE_2238_length_17382_cov_144.214662	4962	5084	0	122	122	1.0000000
NODE_2239_length_17380_cov_12.905850	4962	5084	0	122	122	1.0000000
NODE_223_length_31974_cov_7.956988	4962	5084	0	122	122	1.0000000
NODE_223_length_31974_cov_7.956988	15382	15500	0	25	118	0.2118644
NODE_223_length_31974_cov_7.956988	15382	15500	2	93	118	0.7881356
NODE_223_length_31974_cov_7.956988	25214	25336	0	122	122	1.0000000
NODE_2240_length_17377_cov_11.533627	5046	5168	0	122	122	1.0000000
NODE_2241_length_17377_cov_9.778562	4962	5084	0	122	122	1.0000000
NODE_2242_length_17372_cov_11.927054	5004	5126	1	68	122	0.5573770
NODE_2242_length_17372_cov_11.927054	5004	5126	2	54	122	0.4426230
NODE_2243_length_17365_cov_6.142477	4962	5084	0	122	122	1.0000000
NODE_2244_length_17361_cov_52.810451	4962	5084	0	122	122	1.0000000
NODE_2245_length_17358_cov_7.911582	4962	5084	0	79	122	0.6475410
NODE_2245_length_17358_cov_7.911582	4962	5084	2	43	122	0.3524590
NODE_2246_length_17356_cov_29.152054	4962	5084	0	122	122	1.0000000
NODE_2247_length_17354_cov_15.033440	5046	5168	0	122	122	1.0000000
NODE_2249_length_17344_cov_22.181386	5046	5168	0	122	122	1.0000000
NODE_224_length_31961_cov_15.410018	5046	5168	0	122	122	1.0000000
NODE_224_length_31961_cov_15.410018	14878	15000	0	122	122	1.0000000
NODE_224_length_31961_cov_15.410018	24836	24958	0	3	122	0.0245902
NODE_224_length_31961_cov_15.410018	24836	24958	1	34	122	0.2786885
NODE_224_length_31961_cov_15.410018	24836	24958	3	49	122	0.4016393
NODE_224_length_31961_cov_15.410018	24836	24958	4	36	122	0.2950820
NODE_2250_length_17342_cov_14.688917	5046	5168	2	1	122	0.0081967
NODE_2250_length_17342_cov_14.688917	5046	5168	3	31	122	0.2540984
NODE_2250_length_17342_cov_14.688917	5046	5168	4	59	122	0.4836065
NODE_2250_length_17342_cov_14.688917	5046	5168	5	31	122	0.2540984
NODE_2251_length_17342_cov_9.856290	4962	5084	0	122	122	1.0000000
NODE_2253_length_17338_cov_11.147050	4962	5084	0	122	122	1.0000000
NODE_2254_length_17336_cov_19.876893	4920	5042	0	122	122	1.0000000
NODE_2256_length_17334_cov_19.010850	5004	5126	0	122	122	1.0000000
NODE_2257_length_17333_cov_8.463270	4962	5084	0	122	122	1.0000000
NODE_225_length_31951_cov_8.912407	4920	5042	0	122	122	1.0000000
NODE_225_length_31951_cov_8.912407	15046	15168	0	122	122	1.0000000
NODE_225_length_31951_cov_8.912407	24962	25084	0	122	122	1.0000000
NODE_2261_length_17327_cov_8.885071	5088	5210	0	122	122	1.0000000
NODE_2262_length_17327_cov_8.198340	4962	5084	0	122	122	1.0000000
NODE_2263_length_17325_cov_12.516254	4962	5084	0	122	122	1.0000000
NODE_2265_length_17310_cov_20.081285	5130	5252	0	122	122	1.0000000
NODE_2267_length_17299_cov_7.779767	4962	5084	0	122	122	1.0000000
NODE_2268_length_17298_cov_22.406826	4962	5084	0	122	122	1.0000000
NODE_226_length_31948_cov_8.406575	4794	4916	0	122	122	1.0000000
NODE_226_length_31948_cov_8.406575	15088	15210	0	122	122	1.0000000
NODE_226_length_31948_cov_8.406575	24962	25084	0	122	122	1.0000000
NODE_2271_length_17295_cov_6.835369	4962	5084	0	122	122	1.0000000
NODE_2272_length_17291_cov_7.730223	5016	5139	0	123	123	1.0000000
NODE_2273_length_17290_cov_8.438660	5004	5126	0	122	122	1.0000000
NODE_2274_length_17289_cov_8.638802	4962	5084	0	122	122	1.0000000
NODE_2275_length_17287_cov_8.348383	4962	5084	0	122	122	1.0000000
NODE_2276_length_17280_cov_7.704092	4962	5084	2	24	122	0.1967213
NODE_2276_length_17280_cov_7.704092	4962	5084	11	37	122	0.3032787
NODE_2276_length_17280_cov_7.704092	4962	5084	13	61	122	0.5000000
NODE_2278_length_17277_cov_6.333624	4920	5042	0	122	122	1.0000000
NODE_2279_length_17274_cov_7.759825	4962	5084	0	122	122	1.0000000
NODE_227_length_31938_cov_10.610541	4920	5042	0	122	122	1.0000000
NODE_227_length_31938_cov_10.610541	24962	25084	0	122	122	1.0000000
NODE_2280_length_17273_cov_9.875044	4962	5084	0	122	122	1.0000000
NODE_2281_length_17271_cov_9.009725	4962	5084	0	122	122	1.0000000
NODE_2282_length_17267_cov_20.280172	4962	5084	2	122	122	1.0000000
NODE_2283_length_17264_cov_7.810195	5046	5168	0	122	122	1.0000000
NODE_2284_length_17263_cov_19.849219	4626	4748	0	122	122	1.0000000
NODE_2285_length_17262_cov_19.801899	4962	5084	0	122	122	1.0000000
NODE_2286_length_17259_cov_8.477914	5088	5210	0	122	122	1.0000000
NODE_2287_length_17259_cov_8.114569	4962	5084	0	122	122	1.0000000
NODE_2288_length_17252_cov_9.893371	4794	4916	0	122	122	1.0000000
NODE_2289_length_17252_cov_8.995977	4962	5084	0	122	122	1.0000000
NODE_228_length_31918_cov_9.052861	5172	5294	0	122	122	1.0000000
NODE_228_length_31918_cov_9.052861	14962	15084	0	122	122	1.0000000
NODE_228_length_31918_cov_9.052861	24962	25084	0	122	122	1.0000000
NODE_2290_length_17250_cov_6.508833	4962	5084	0	122	122	1.0000000
NODE_2291_length_17249_cov_8.882915	4962	5084	0	122	122	1.0000000
NODE_2292_length_17249_cov_8.257318	4962	5084	0	122	122	1.0000000
NODE_2293_length_17246_cov_6.853094	4962	5084	0	122	122	1.0000000
NODE_2295_length_17243_cov_8.877975	4962	5084	0	122	122	1.0000000
NODE_2296_length_17242_cov_8.580587	5088	5210	0	122	122	1.0000000
NODE_2297_length_17241_cov_8.170925	4962	5084	0	122	122	1.0000000
NODE_2298_length_17240_cov_9.087976	4962	5084	0	122	122	1.0000000
NODE_2299_length_17235_cov_14.718312	5004	5126	0	122	122	1.0000000
NODE_229_length_31862_cov_8.209174	4962	5084	0	122	122	1.0000000
NODE_229_length_31862_cov_8.209174	14962	15084	0	122	122	1.0000000
NODE_229_length_31862_cov_8.209174	24962	25084	0	122	122	1.0000000
NODE_22_length_55679_cov_3.058618	4962	5084	0	122	122	1.0000000
NODE_22_length_55679_cov_3.058618	24962	25084	0	122	122	1.0000000
NODE_22_length_55679_cov_3.058618	34962	35084	0	122	122	1.0000000
NODE_22_length_55679_cov_3.058618	44962	45084	0	122	122	1.0000000
NODE_2300_length_17235_cov_9.099381	4962	5084	0	122	122	1.0000000
NODE_2301_length_17233_cov_16.173806	4962	5084	0	14	122	0.1147541
NODE_2301_length_17233_cov_16.173806	4962	5084	1	37	122	0.3032787
NODE_2301_length_17233_cov_16.173806	4962	5084	2	71	122	0.5819672
NODE_2302_length_17232_cov_10.947820	4920	5042	0	122	122	1.0000000
NODE_2303_length_17232_cov_6.766241	4962	5084	0	122	122	1.0000000
NODE_2306_length_17226_cov_6.972850	4920	5042	0	122	122	1.0000000
NODE_2307_length_17225_cov_67.963915	5004	5126	4	17	122	0.1393443
NODE_2307_length_17225_cov_67.963915	5004	5126	5	39	122	0.3196721
NODE_2307_length_17225_cov_67.963915	5004	5126	6	8	122	0.0655738
NODE_2307_length_17225_cov_67.963915	5004	5126	7	58	122	0.4754098
NODE_2308_length_17222_cov_30.997956	4962	5084	0	122	122	1.0000000
NODE_230_length_31816_cov_10.523978	14962	15084	0	122	122	1.0000000
NODE_230_length_31816_cov_10.523978	24962	25084	0	122	122	1.0000000
NODE_2311_length_17220_cov_10.798844	4962	5084	0	122	122	1.0000000
NODE_2312_length_17220_cov_9.412651	4962	5084	0	122	122	1.0000000
NODE_2313_length_17217_cov_7.704638	4962	5084	0	122	122	1.0000000
NODE_2314_length_17216_cov_10.157972	4962	5084	0	122	122	1.0000000
NODE_2315_length_17213_cov_9.131179	4962	5084	0	122	122	1.0000000
NODE_2316_length_17213_cov_8.075844	4962	5084	0	122	122	1.0000000
NODE_2317_length_17209_cov_8.514962	4962	5084	0	122	122	1.0000000
NODE_2319_length_17205_cov_9.159535	4962	5084	0	81	122	0.6639344
NODE_2319_length_17205_cov_9.159535	4962	5084	1	41	122	0.3360656
NODE_231_length_31759_cov_8.343304	4794	4916	0	122	122	1.0000000
NODE_231_length_31759_cov_8.343304	25130	25252	0	122	122	1.0000000
NODE_2320_length_17203_cov_9.896574	4878	5000	0	122	122	1.0000000
NODE_2322_length_17202_cov_7.520435	4962	5084	1	3	122	0.0245902
NODE_2322_length_17202_cov_7.520435	4962	5084	2	119	122	0.9754099
NODE_2325_length_17196_cov_7.063461	5130	5252	0	122	122	1.0000000
NODE_2327_length_17192_cov_9.035336	4962	5084	0	122	122	1.0000000
NODE_2328_length_17190_cov_26.794863	4962	5084	0	122	122	1.0000000
NODE_2329_length_17183_cov_9.103489	5004	5126	0	122	122	1.0000000
NODE_232_length_31754_cov_9.866751	14962	15084	0	122	122	1.0000000
NODE_232_length_31754_cov_9.866751	25046	25168	0	122	122	1.0000000
NODE_2330_length_17179_cov_9.592330	4962	5084	0	122	122	1.0000000
NODE_2331_length_17178_cov_8.180280	4920	5042	0	122	122	1.0000000
NODE_2332_length_17177_cov_7.937171	4920	5042	0	122	122	1.0000000
NODE_2333_length_17174_cov_8.265007	4962	5084	0	122	122	1.0000000
NODE_2336_length_17166_cov_112.019570	5004	5126	0	122	122	1.0000000
NODE_2337_length_17162_cov_7.955752	4836	4958	0	122	122	1.0000000
NODE_2338_length_17160_cov_9.200574	4962	5084	0	122	122	1.0000000
NODE_2339_length_17152_cov_8.934792	5046	5168	0	18	122	0.1475410
NODE_2339_length_17152_cov_8.934792	5046	5168	2	104	122	0.8524590
NODE_233_length_31752_cov_8.663097	14962	15084	0	122	122	1.0000000
NODE_2340_length_17151_cov_12.344945	4962	5084	0	122	122	1.0000000
NODE_2341_length_17148_cov_8.516805	5046	5168	0	122	122	1.0000000
NODE_2342_length_17148_cov_6.715995	4962	5084	0	122	122	1.0000000
NODE_2344_length_17138_cov_9.218616	5130	5252	0	122	122	1.0000000
NODE_2346_length_17134_cov_8.327737	4962	5084	1	2	122	0.0163934
NODE_2346_length_17134_cov_8.327737	4962	5084	2	120	122	0.9836066
NODE_2347_length_17131_cov_9.003992	5256	5378	0	122	122	1.0000000
NODE_2348_length_17131_cov_8.065759	4962	5084	0	122	122	1.0000000
NODE_2349_length_17130_cov_8.716282	4962	5084	0	122	122	1.0000000
NODE_234_length_31735_cov_8.011221	4836	4958	0	122	122	1.0000000
NODE_234_length_31735_cov_8.011221	14962	15084	0	122	122	1.0000000
NODE_2350_length_17125_cov_13.295900	4962	5084	0	122	122	1.0000000
NODE_2352_length_17123_cov_8.302690	4962	5084	0	122	122	1.0000000
NODE_2353_length_17122_cov_23.231158	5172	5294	0	12	122	0.0983607
NODE_2353_length_17122_cov_23.231158	5172	5294	1	110	122	0.9016393
NODE_2355_length_17121_cov_8.120667	5046	5168	0	122	122	1.0000000
NODE_2356_length_17120_cov_9.983785	4962	5084	8	58	122	0.4754098
NODE_2356_length_17120_cov_9.983785	4962	5084	9	23	122	0.1885246
NODE_2356_length_17120_cov_9.983785	4962	5084	10	41	122	0.3360656
NODE_2357_length_17118_cov_8.693578	5004	5126	0	122	122	1.0000000
NODE_2358_length_17110_cov_9.994827	5214	5336	0	122	122	1.0000000
NODE_2359_length_17110_cov_9.003410	4962	5084	0	122	122	1.0000000
NODE_235_length_31659_cov_10.015748	4962	5084	0	122	122	1.0000000
NODE_235_length_31659_cov_10.015748	14794	14916	0	41	122	0.3360656
NODE_235_length_31659_cov_10.015748	14794	14916	1	81	122	0.6639344
NODE_235_length_31659_cov_10.015748	24920	25042	0	122	122	1.0000000
NODE_2360_length_17107_cov_7.624236	5004	5126	0	36	122	0.2950820
NODE_2360_length_17107_cov_7.624236	5004	5126	1	86	122	0.7049180
NODE_2361_length_17107_cov_7.526929	5004	5126	0	122	122	1.0000000
NODE_2362_length_17106_cov_9.440113	4962	5084	0	122	122	1.0000000
NODE_2363_length_17103_cov_9.434662	4920	5042	0	122	122	1.0000000
NODE_2364_length_17099_cov_12.907941	4962	5084	0	122	122	1.0000000
NODE_2365_length_17099_cov_8.515647	4962	5084	0	24	122	0.1967213
NODE_2365_length_17099_cov_8.515647	4962	5084	2	98	122	0.8032787
NODE_2366_length_17097_cov_8.568008	4878	5000	0	122	122	1.0000000
NODE_2368_length_17094_cov_19.173110	4962	5084	0	122	122	1.0000000
NODE_2369_length_17094_cov_8.771874	4920	5042	0	122	122	1.0000000
NODE_236_length_31616_cov_8.957927	4962	5084	0	122	122	1.0000000
NODE_236_length_31616_cov_8.957927	14962	15084	0	122	122	1.0000000
NODE_236_length_31616_cov_8.957927	25088	25210	0	122	122	1.0000000
NODE_2371_length_17091_cov_7.286782	4962	5084	0	122	122	1.0000000
NODE_2372_length_17088_cov_14.229207	5046	5168	0	49	122	0.4016393
NODE_2372_length_17088_cov_14.229207	5046	5168	2	73	122	0.5983607
NODE_2373_length_17087_cov_11.289204	4962	5084	0	122	122	1.0000000
NODE_2374_length_17084_cov_8.366382	5046	5168	0	122	122	1.0000000
NODE_2378_length_17070_cov_8.301750	4920	5042	1	76	122	0.6229508
NODE_2378_length_17070_cov_8.301750	4920	5042	2	46	122	0.3770492
NODE_2379_length_17069_cov_8.051797	5004	5126	0	122	122	1.0000000
NODE_237_length_31587_cov_9.052655	4962	5084	0	122	122	1.0000000
NODE_237_length_31587_cov_9.052655	24962	25084	1	122	122	1.0000000
NODE_2380_length_17068_cov_18.710295	5214	5336	0	122	122	1.0000000
NODE_2381_length_17067_cov_19.030764	4962	5084	0	122	122	1.0000000
NODE_2382_length_17066_cov_8.384393	5046	5168	0	122	122	1.0000000
NODE_2383_length_17066_cov_7.841811	5256	5378	0	122	122	1.0000000
NODE_2384_length_17065_cov_9.295591	4962	5084	0	122	122	1.0000000
NODE_2385_length_17064_cov_8.050987	4962	5084	0	122	122	1.0000000
NODE_2386_length_17060_cov_8.062909	4920	5042	0	122	122	1.0000000
NODE_2387_length_17059_cov_14.960083	5382	5500	0	118	118	1.0000000
NODE_2388_length_17058_cov_8.517306	4962	5084	0	122	122	1.0000000
NODE_238_length_31569_cov_8.880203	4962	5084	0	122	122	1.0000000
NODE_238_length_31569_cov_8.880203	14962	15084	0	122	122	1.0000000
NODE_238_length_31569_cov_8.880203	24962	25084	0	122	122	1.0000000
NODE_2390_length_17043_cov_17.816926	4920	5042	0	52	122	0.4262295
NODE_2390_length_17043_cov_17.816926	4920	5042	1	70	122	0.5737705
NODE_2391_length_17040_cov_8.155717	4962	5084	0	122	122	1.0000000
NODE_2392_length_17037_cov_13.033062	4962	5084	0	122	122	1.0000000
NODE_2393_length_17035_cov_8.681448	4962	5084	0	122	122	1.0000000
NODE_2395_length_17034_cov_9.938825	4962	5084	0	57	122	0.4672131
NODE_2395_length_17034_cov_9.938825	4962	5084	1	5	122	0.0409836
NODE_2395_length_17034_cov_9.938825	4962	5084	2	60	122	0.4918033
NODE_2396_length_17033_cov_9.542046	4962	5084	0	5	122	0.0409836
NODE_2396_length_17033_cov_9.542046	4962	5084	1	8	122	0.0655738
NODE_2396_length_17033_cov_9.542046	4962	5084	2	109	122	0.8934426
NODE_2397_length_17029_cov_9.469285	4962	5084	0	122	122	1.0000000
NODE_2398_length_17029_cov_8.215475	4878	5000	0	122	122	1.0000000
NODE_2399_length_17026_cov_16.064099	4962	5084	0	122	122	1.0000000
NODE_239_length_31557_cov_9.271632	4962	5084	0	122	122	1.0000000
NODE_239_length_31557_cov_9.271632	24962	25084	0	122	122	1.0000000
NODE_23_length_55352_cov_2.771379	14962	15084	0	122	122	1.0000000
NODE_23_length_55352_cov_2.771379	44920	45042	0	122	122	1.0000000
NODE_2400_length_17026_cov_7.980268	4920	5042	0	122	122	1.0000000
NODE_2402_length_17018_cov_26.297594	4962	5084	0	122	122	1.0000000
NODE_2403_length_17017_cov_8.762501	5046	5168	0	122	122	1.0000000
NODE_2404_length_17016_cov_8.773423	4836	4958	0	122	122	1.0000000
NODE_2405_length_17012_cov_8.399870	4962	5084	0	122	122	1.0000000
NODE_2406_length_17008_cov_17.381690	4962	5084	0	5	122	0.0409836
NODE_2406_length_17008_cov_17.381690	4962	5084	1	53	122	0.4344262
NODE_2406_length_17008_cov_17.381690	4962	5084	2	64	122	0.5245901
NODE_240_length_31551_cov_11.285355	4962	5084	9	22	122	0.1803279
NODE_240_length_31551_cov_11.285355	4962	5084	10	23	122	0.1885246
NODE_240_length_31551_cov_11.285355	4962	5084	15	77	122	0.6311476
NODE_240_length_31551_cov_11.285355	14962	15084	0	122	122	1.0000000
NODE_240_length_31551_cov_11.285355	24962	25084	0	122	122	1.0000000
NODE_2410_length_17002_cov_8.136721	5004	5126	0	122	122	1.0000000
NODE_2411_length_17002_cov_7.555109	4878	5000	0	3	122	0.0245902
NODE_2411_length_17002_cov_7.555109	4878	5000	2	119	122	0.9754099
NODE_2413_length_16994_cov_47.914294	5046	5168	0	122	122	1.0000000
NODE_2416_length_16985_cov_8.311974	4962	5084	0	122	122	1.0000000
NODE_2417_length_16984_cov_7.980101	4836	4958	0	122	122	1.0000000
NODE_2418_length_16982_cov_8.270390	4626	4748	0	122	122	1.0000000
NODE_2419_length_16980_cov_8.680884	5004	5126	0	122	122	1.0000000
NODE_241_length_31525_cov_9.475912	14962	15084	0	73	122	0.5983607
NODE_241_length_31525_cov_9.475912	14962	15084	2	49	122	0.4016393
NODE_241_length_31525_cov_9.475912	24962	25084	0	122	122	1.0000000
NODE_2420_length_16977_cov_8.919007	4920	5042	0	122	122	1.0000000
NODE_2423_length_16975_cov_7.893695	4920	5042	0	122	122	1.0000000
NODE_2424_length_16973_cov_9.427166	4962	5084	0	122	122	1.0000000
NODE_2425_length_16973_cov_8.543025	4962	5084	0	122	122	1.0000000
NODE_2426_length_16972_cov_8.993481	4584	4706	0	122	122	1.0000000
NODE_2427_length_16970_cov_7.261217	5130	5252	0	25	122	0.2049180
NODE_2427_length_16970_cov_7.261217	5130	5252	1	97	122	0.7950820
NODE_2428_length_16966_cov_20.327741	4962	5084	0	122	122	1.0000000
NODE_2429_length_16963_cov_7.848257	4962	5084	0	122	122	1.0000000
NODE_242_length_31471_cov_8.826151	5088	5210	0	122	122	1.0000000
NODE_242_length_31471_cov_8.826151	14962	15084	0	122	122	1.0000000
NODE_242_length_31471_cov_8.826151	25004	25126	0	122	122	1.0000000
NODE_2431_length_16951_cov_9.474899	4962	5084	0	122	122	1.0000000
NODE_2433_length_16946_cov_9.209355	5004	5126	0	122	122	1.0000000
NODE_2434_length_16946_cov_9.139075	4962	5084	0	122	122	1.0000000
NODE_2435_length_16945_cov_8.358423	4962	5084	0	122	122	1.0000000
NODE_2436_length_16944_cov_10.088216	4962	5084	0	65	122	0.5327869
NODE_2436_length_16944_cov_10.088216	4962	5084	1	57	122	0.4672131
NODE_2437_length_16942_cov_17.537493	5088	5210	0	122	122	1.0000000
NODE_2438_length_16941_cov_7.716186	4962	5084	0	122	122	1.0000000
NODE_2439_length_16936_cov_15.881511	5382	5500	0	118	118	1.0000000
NODE_243_length_31459_cov_9.158578	5004	5126	0	10	122	0.0819672
NODE_243_length_31459_cov_9.158578	5004	5126	2	112	122	0.9180328
NODE_243_length_31459_cov_9.158578	15004	15126	0	122	122	1.0000000
NODE_243_length_31459_cov_9.158578	24962	25084	1	3	122	0.0245902
NODE_243_length_31459_cov_9.158578	24962	25084	2	119	122	0.9754099
NODE_2441_length_16931_cov_39.027032	4962	5084	0	122	122	1.0000000
NODE_2443_length_16928_cov_8.969279	4962	5084	0	122	122	1.0000000
NODE_2447_length_16909_cov_8.663593	4962	5084	0	122	122	1.0000000
NODE_2448_length_16908_cov_7.589922	4962	5084	0	122	122	1.0000000
NODE_2449_length_16903_cov_8.961973	4962	5084	0	122	122	1.0000000
NODE_244_length_31446_cov_10.370019	14836	14958	0	122	122	1.0000000
NODE_244_length_31446_cov_10.370019	24962	25084	0	122	122	1.0000000
NODE_2451_length_16901_cov_31.573325	5214	5336	0	94	122	0.7704918
NODE_2451_length_16901_cov_31.573325	5214	5336	2	28	122	0.2295082
NODE_2452_length_16900_cov_7.991548	4962	5084	0	122	122	1.0000000
NODE_2453_length_16899_cov_7.672024	4962	5084	0	10	122	0.0819672
NODE_2453_length_16899_cov_7.672024	4962	5084	2	23	122	0.1885246
NODE_2453_length_16899_cov_7.672024	4962	5084	3	89	122	0.7295082
NODE_2454_length_16898_cov_10.498661	5004	5126	0	38	122	0.3114754
NODE_2454_length_16898_cov_10.498661	5004	5126	1	84	122	0.6885246
NODE_2455_length_16898_cov_9.350021	4962	5084	0	122	122	1.0000000
NODE_2456_length_16898_cov_8.709030	4962	5084	1	28	122	0.2295082
NODE_2456_length_16898_cov_8.709030	4962	5084	2	94	122	0.7704918
NODE_2457_length_16897_cov_34.535004	4962	5084	0	122	122	1.0000000
NODE_2458_length_16897_cov_4.929158	5004	5126	0	122	122	1.0000000
NODE_2459_length_16896_cov_8.954218	4710	4832	0	12	122	0.0983607
NODE_2459_length_16896_cov_8.954218	4710	4832	2	110	122	0.9016393
NODE_245_length_31408_cov_9.623335	14962	15084	0	122	122	1.0000000
NODE_245_length_31408_cov_9.623335	24962	25084	0	122	122	1.0000000
NODE_2463_length_16887_cov_8.471706	4962	5084	0	8	122	0.0655738
NODE_2463_length_16887_cov_8.471706	4962	5084	1	114	122	0.9344262
NODE_2468_length_16874_cov_26.256632	5004	5126	1	46	122	0.3770492
NODE_2468_length_16874_cov_26.256632	5004	5126	2	76	122	0.6229508
NODE_2469_length_16872_cov_8.857807	4962	5084	0	122	122	1.0000000
NODE_246_length_31309_cov_8.744954	4962	5084	0	122	122	1.0000000
NODE_246_length_31309_cov_8.744954	15088	15210	0	38	122	0.3114754
NODE_246_length_31309_cov_8.744954	15088	15210	2	84	122	0.6885246
NODE_246_length_31309_cov_8.744954	24962	25084	0	26	122	0.2131148
NODE_246_length_31309_cov_8.744954	24962	25084	2	96	122	0.7868853
NODE_2470_length_16869_cov_10.133631	4962	5084	0	122	122	1.0000000
NODE_2471_length_16868_cov_6.794323	4962	5084	0	122	122	1.0000000
NODE_2472_length_16867_cov_18.092855	4962	5084	0	122	122	1.0000000
NODE_2473_length_16867_cov_9.125716	4962	5084	0	122	122	1.0000000
NODE_2475_length_16866_cov_9.142900	4962	5084	0	122	122	1.0000000
NODE_2476_length_16865_cov_8.538232	4962	5084	0	122	122	1.0000000
NODE_2478_length_16863_cov_8.525054	4962	5084	0	122	122	1.0000000
NODE_247_length_31242_cov_7.273224	4962	5084	0	122	122	1.0000000
NODE_247_length_31242_cov_7.273224	14962	15084	0	35	122	0.2868852
NODE_247_length_31242_cov_7.273224	14962	15084	3	14	122	0.1147541
NODE_247_length_31242_cov_7.273224	14962	15084	4	14	122	0.1147541
NODE_247_length_31242_cov_7.273224	14962	15084	5	13	122	0.1065574
NODE_247_length_31242_cov_7.273224	14962	15084	6	46	122	0.3770492
NODE_247_length_31242_cov_7.273224	25004	25126	0	122	122	1.0000000
NODE_2482_length_16859_cov_9.160442	5130	5252	0	122	122	1.0000000
NODE_2483_length_16856_cov_8.522826	4878	5000	0	122	122	1.0000000
NODE_2484_length_16856_cov_8.234111	5004	5126	0	122	122	1.0000000
NODE_2485_length_16853_cov_9.363555	4962	5084	0	122	122	1.0000000
NODE_2486_length_16851_cov_7.725287	4962	5084	0	122	122	1.0000000
NODE_2487_length_16850_cov_8.839651	4962	5084	0	42	122	0.3442623
NODE_2487_length_16850_cov_8.839651	4962	5084	1	17	122	0.1393443
NODE_2487_length_16850_cov_8.839651	4962	5084	2	63	122	0.5163934
NODE_2488_length_16849_cov_7.774866	4962	5084	0	122	122	1.0000000
NODE_2489_length_16848_cov_9.139411	5004	5126	0	122	122	1.0000000
NODE_248_length_31226_cov_8.135284	4962	5084	0	122	122	1.0000000
NODE_248_length_31226_cov_8.135284	24962	25084	0	122	122	1.0000000
NODE_2490_length_16848_cov_7.438952	4962	5084	0	122	122	1.0000000
NODE_2492_length_16841_cov_8.361247	4962	5084	0	122	122	1.0000000
NODE_2493_length_16838_cov_8.379533	4920	5042	0	122	122	1.0000000
NODE_2496_length_16832_cov_17.595590	4962	5084	0	122	122	1.0000000
NODE_2498_length_16828_cov_8.928507	4920	5042	0	17	122	0.1393443
NODE_2498_length_16828_cov_8.928507	4920	5042	1	105	122	0.8606557
NODE_2499_length_16820_cov_149.069912	4920	5042	0	122	122	1.0000000
NODE_249_length_31181_cov_11.783058	4962	5084	0	122	122	1.0000000
NODE_249_length_31181_cov_11.783058	15004	15126	0	36	122	0.2950820
NODE_249_length_31181_cov_11.783058	15004	15126	2	86	122	0.7049180
NODE_249_length_31181_cov_11.783058	24962	25084	0	66	122	0.5409836
NODE_249_length_31181_cov_11.783058	24962	25084	2	56	122	0.4590164
NODE_24_length_55095_cov_10.998345	4836	4958	0	122	122	1.0000000
NODE_24_length_55095_cov_10.998345	15088	15210	0	122	122	1.0000000
NODE_24_length_55095_cov_10.998345	34962	35084	0	122	122	1.0000000
NODE_24_length_55095_cov_10.998345	44962	45084	0	122	122	1.0000000
NODE_2500_length_16819_cov_7.800120	4836	4958	0	122	122	1.0000000
NODE_2503_length_16814_cov_7.820281	5004	5126	0	122	122	1.0000000
NODE_2504_length_16814_cov_7.314807	4962	5084	0	122	122	1.0000000
NODE_2505_length_16813_cov_8.564377	4962	5084	0	30	122	0.2459016
NODE_2505_length_16813_cov_8.564377	4962	5084	2	92	122	0.7540984
NODE_2506_length_16812_cov_12.722372	4962	5084	0	122	122	1.0000000
NODE_2507_length_16811_cov_9.612793	4878	5000	0	122	122	1.0000000
NODE_2508_length_16810_cov_8.455987	4962	5084	0	122	122	1.0000000
NODE_2509_length_16809_cov_14.642310	5004	5126	0	8	122	0.0655738
NODE_2509_length_16809_cov_14.642310	5004	5126	1	44	122	0.3606557
NODE_2509_length_16809_cov_14.642310	5004	5126	2	20	122	0.1639344
NODE_2509_length_16809_cov_14.642310	5004	5126	3	50	122	0.4098361
NODE_250_length_31175_cov_8.311269	4962	5084	0	122	122	1.0000000
NODE_250_length_31175_cov_8.311269	14962	15084	0	122	122	1.0000000
NODE_2510_length_16807_cov_8.235336	5004	5126	0	122	122	1.0000000
NODE_2511_length_16805_cov_11.000718	5004	5126	0	122	122	1.0000000
NODE_2512_length_16803_cov_9.189116	4962	5084	0	122	122	1.0000000
NODE_2513_length_16803_cov_8.557711	4794	4916	0	122	122	1.0000000
NODE_2514_length_16802_cov_7.922289	5046	5168	0	122	122	1.0000000
NODE_2516_length_16787_cov_13.114034	4920	5042	0	122	122	1.0000000
NODE_2517_length_16783_cov_8.437665	4878	5000	0	122	122	1.0000000
NODE_2518_length_16782_cov_9.195289	4962	5084	0	122	122	1.0000000
NODE_2519_length_16776_cov_12.434551	5088	5210	0	122	122	1.0000000
NODE_251_length_31129_cov_2.805833	4962	5084	0	122	122	1.0000000
NODE_251_length_31129_cov_2.805833	24962	25084	0	122	122	1.0000000
NODE_2520_length_16776_cov_9.164838	4794	4916	0	122	122	1.0000000
NODE_2521_length_16775_cov_8.697589	5340	5462	0	122	122	1.0000000
NODE_2522_length_16774_cov_7.259310	4962	5084	0	122	122	1.0000000
NODE_2523_length_16773_cov_2012.504858	5004	5126	2	30	122	0.2459016
NODE_2523_length_16773_cov_2012.504858	5004	5126	3	20	122	0.1639344
NODE_2523_length_16773_cov_2012.504858	5004	5126	4	60	122	0.4918033
NODE_2523_length_16773_cov_2012.504858	5004	5126	5	12	122	0.0983607
NODE_2524_length_16767_cov_14.145068	5004	5126	0	122	122	1.0000000
NODE_2526_length_16765_cov_8.463579	4962	5084	0	122	122	1.0000000
NODE_2527_length_16764_cov_19.452385	4962	5084	0	32	122	0.2622951
NODE_2527_length_16764_cov_19.452385	4962	5084	2	90	122	0.7377049
NODE_2528_length_16760_cov_9.153892	4962	5084	0	122	122	1.0000000
NODE_252_length_31053_cov_9.704206	14962	15084	0	122	122	1.0000000
NODE_252_length_31053_cov_9.704206	24962	25084	0	122	122	1.0000000
NODE_2530_length_16756_cov_7.559344	5172	5294	0	122	122	1.0000000
NODE_2533_length_16747_cov_20.408037	4962	5084	0	122	122	1.0000000
NODE_2537_length_16741_cov_9.584545	4962	5084	0	122	122	1.0000000
NODE_2538_length_16739_cov_6.585096	5088	5210	0	122	122	1.0000000
NODE_2539_length_16738_cov_16.460605	4962	5084	0	122	122	1.0000000
NODE_253_length_31032_cov_11.122588	4920	5042	0	122	122	1.0000000
NODE_253_length_31032_cov_11.122588	15004	15126	1	67	122	0.5491803
NODE_253_length_31032_cov_11.122588	15004	15126	2	55	122	0.4508197
NODE_253_length_31032_cov_11.122588	24962	25084	0	122	122	1.0000000
NODE_2540_length_16737_cov_8.069600	4962	5084	0	122	122	1.0000000
NODE_2542_length_16732_cov_12.729273	4962	5084	0	122	122	1.0000000
NODE_2543_length_16726_cov_9.226499	4920	5042	0	122	122	1.0000000
NODE_2544_length_16726_cov_7.269742	4962	5084	1	122	122	1.0000000
NODE_2545_length_16724_cov_14.970827	4962	5084	0	122	122	1.0000000
NODE_2546_length_16722_cov_9.454671	4962	5084	0	122	122	1.0000000
NODE_2547_length_16720_cov_7.781301	4962	5084	1	38	122	0.3114754
NODE_2547_length_16720_cov_7.781301	4962	5084	2	84	122	0.6885246
NODE_2548_length_16715_cov_8.182715	4962	5084	0	122	122	1.0000000
NODE_2549_length_16714_cov_9.274090	4752	4874	0	122	122	1.0000000
NODE_254_length_31015_cov_10.748868	4962	5084	2	122	122	1.0000000
NODE_254_length_31015_cov_10.748868	15088	15210	0	122	122	1.0000000
NODE_254_length_31015_cov_10.748868	24962	25084	0	122	122	1.0000000
NODE_2550_length_16714_cov_9.038640	4962	5084	0	122	122	1.0000000
NODE_2551_length_16713_cov_9.515349	4962	5084	0	122	122	1.0000000
NODE_2552_length_16713_cov_9.134585	4920	5042	0	122	122	1.0000000
NODE_2553_length_16712_cov_7.111840	4962	5084	0	122	122	1.0000000
NODE_2554_length_16711_cov_9.657055	4962	5084	0	122	122	1.0000000
NODE_2555_length_16711_cov_7.626415	4752	4874	0	122	122	1.0000000
NODE_2556_length_16708_cov_8.514420	4962	5084	0	122	122	1.0000000
NODE_2557_length_16704_cov_9.085818	4962	5084	1	77	122	0.6311476
NODE_2557_length_16704_cov_9.085818	4962	5084	2	45	122	0.3688525
NODE_2558_length_16701_cov_54.656849	4962	5084	0	122	122	1.0000000
NODE_2559_length_16700_cov_8.776339	5046	5168	0	122	122	1.0000000
NODE_255_length_30963_cov_8.469285	5046	5168	0	122	122	1.0000000
NODE_255_length_30963_cov_8.469285	14962	15084	0	122	122	1.0000000
NODE_2561_length_16699_cov_8.697048	4962	5084	1	70	122	0.5737705
NODE_2561_length_16699_cov_8.697048	4962	5084	2	52	122	0.4262295
NODE_2562_length_16697_cov_9.781419	4962	5084	0	122	122	1.0000000
NODE_2563_length_16695_cov_7.834659	4962	5084	0	122	122	1.0000000
NODE_2564_length_16683_cov_9.778341	4836	4958	0	122	122	1.0000000
NODE_2566_length_16674_cov_21.106606	4962	5084	0	122	122	1.0000000
NODE_2567_length_16672_cov_16.124238	4962	5084	0	122	122	1.0000000
NODE_2568_length_16667_cov_7.743723	4962	5084	0	122	122	1.0000000
NODE_2569_length_16665_cov_7.569480	5004	5126	0	122	122	1.0000000
NODE_256_length_30952_cov_8.559006	15004	15126	0	122	122	1.0000000
NODE_256_length_30952_cov_8.559006	25046	25168	1	51	122	0.4180328
NODE_256_length_30952_cov_8.559006	25046	25168	2	71	122	0.5819672
NODE_2570_length_16664_cov_17.546031	4920	5042	0	122	122	1.0000000
NODE_2574_length_16661_cov_8.403816	4962	5084	0	122	122	1.0000000
NODE_2575_length_16661_cov_8.019804	5088	5210	0	122	122	1.0000000
NODE_2576_length_16660_cov_7.597428	5046	5168	0	122	122	1.0000000
NODE_2577_length_16657_cov_38.552784	4878	5000	0	122	122	1.0000000
NODE_2579_length_16652_cov_26.858334	4836	4958	0	122	122	1.0000000
NODE_2580_length_16645_cov_14.500786	4878	5000	0	19	122	0.1557377
NODE_2580_length_16645_cov_14.500786	4878	5000	1	12	122	0.0983607
NODE_2580_length_16645_cov_14.500786	4878	5000	2	91	122	0.7459016
NODE_2583_length_16641_cov_7.995708	4962	5084	1	5	122	0.0409836
NODE_2583_length_16641_cov_7.995708	4962	5084	2	117	122	0.9590164
NODE_2585_length_16636_cov_8.778134	4962	5084	0	122	122	1.0000000
NODE_2587_length_16632_cov_15.265046	4878	5000	0	122	122	1.0000000
NODE_2588_length_16629_cov_8.052511	4962	5084	0	122	122	1.0000000
NODE_2589_length_16626_cov_7.859987	4962	5084	0	122	122	1.0000000
NODE_258_length_30936_cov_14.826215	4962	5084	0	122	122	1.0000000
NODE_258_length_30936_cov_14.826215	14962	15084	0	122	122	1.0000000
NODE_258_length_30936_cov_14.826215	24962	25084	0	32	122	0.2622951
NODE_258_length_30936_cov_14.826215	24962	25084	2	90	122	0.7377049
NODE_2591_length_16623_cov_7.006052	4920	5042	0	122	122	1.0000000
NODE_2593_length_16616_cov_8.589393	4962	5084	0	122	122	1.0000000
NODE_2594_length_16614_cov_9.944596	5088	5210	0	122	122	1.0000000
NODE_2595_length_16614_cov_7.420224	4962	5084	0	122	122	1.0000000
NODE_2596_length_16612_cov_8.807303	4920	5042	0	122	122	1.0000000
NODE_2599_length_16602_cov_9.165303	4962	5084	0	65	122	0.5327869
NODE_2599_length_16602_cov_9.165303	4962	5084	1	57	122	0.4672131
NODE_259_length_30931_cov_8.201803	4962	5084	0	122	122	1.0000000
NODE_259_length_30931_cov_8.201803	24962	25084	0	122	122	1.0000000
NODE_25_length_54911_cov_9.338557	14962	15084	0	122	122	1.0000000
NODE_25_length_54911_cov_9.338557	24710	24832	0	122	122	1.0000000
NODE_25_length_54911_cov_9.338557	35004	35126	0	38	122	0.3114754
NODE_25_length_54911_cov_9.338557	35004	35126	1	84	122	0.6885246
NODE_25_length_54911_cov_9.338557	44962	45084	0	122	122	1.0000000
NODE_2600_length_16602_cov_8.698661	4962	5084	0	55	122	0.4508197
NODE_2600_length_16602_cov_8.698661	4962	5084	1	67	122	0.5491803
NODE_2601_length_16601_cov_8.017634	4962	5084	0	122	122	1.0000000
NODE_2602_length_16598_cov_8.586157	4920	5042	0	122	122	1.0000000
NODE_2603_length_16591_cov_9.045962	4920	5042	0	122	122	1.0000000
NODE_2604_length_16591_cov_8.383580	4962	5084	0	122	122	1.0000000
NODE_2606_length_16589_cov_9.468708	4962	5084	0	122	122	1.0000000
NODE_260_length_30881_cov_10.999805	4962	5084	0	122	122	1.0000000
NODE_260_length_30881_cov_10.999805	14962	15084	0	122	122	1.0000000
NODE_260_length_30881_cov_10.999805	24962	25084	0	122	122	1.0000000
NODE_2612_length_16579_cov_7.618993	5046	5168	0	122	122	1.0000000
NODE_2613_length_16579_cov_6.597330	4962	5084	0	122	122	1.0000000
NODE_2616_length_16567_cov_9.513602	4962	5084	0	122	122	1.0000000
NODE_2617_length_16567_cov_8.135171	4710	4832	0	122	122	1.0000000
NODE_261_length_30875_cov_7.487653	4962	5084	0	122	122	1.0000000
NODE_261_length_30875_cov_7.487653	14794	14916	0	122	122	1.0000000
NODE_2620_length_16549_cov_13.147295	4962	5084	0	122	122	1.0000000
NODE_2622_length_16544_cov_8.356765	4962	5084	0	122	122	1.0000000
NODE_2623_length_16542_cov_7.673904	4920	5042	0	122	122	1.0000000
NODE_2626_length_16532_cov_7.807582	4962	5084	0	122	122	1.0000000
NODE_2627_length_16528_cov_11.708990	4962	5084	0	9	122	0.0737705
NODE_2627_length_16528_cov_11.708990	4962	5084	1	113	122	0.9262295
NODE_2628_length_16528_cov_8.238785	4962	5084	0	122	122	1.0000000
NODE_2629_length_16527_cov_47.462442	4920	5042	0	28	122	0.2295082
NODE_2629_length_16527_cov_47.462442	4920	5042	2	94	122	0.7704918
NODE_262_length_30864_cov_9.538632	4920	5042	0	122	122	1.0000000
NODE_262_length_30864_cov_9.538632	14962	15084	0	24	122	0.1967213
NODE_262_length_30864_cov_9.538632	14962	15084	2	98	122	0.8032787
NODE_262_length_30864_cov_9.538632	24836	24958	0	122	122	1.0000000
NODE_2630_length_16527_cov_7.052776	5130	5252	0	122	122	1.0000000
NODE_2633_length_16525_cov_9.836113	4962	5084	1	19	122	0.1557377
NODE_2633_length_16525_cov_9.836113	4962	5084	2	38	122	0.3114754
NODE_2633_length_16525_cov_9.836113	4962	5084	3	65	122	0.5327869
NODE_2637_length_16518_cov_8.284427	4962	5084	0	16	122	0.1311475
NODE_2637_length_16518_cov_8.284427	4962	5084	1	106	122	0.8688524
NODE_2638_length_16517_cov_9.018760	4962	5084	0	122	122	1.0000000
NODE_2639_length_16516_cov_8.179144	5130	5252	0	122	122	1.0000000
NODE_263_length_30864_cov_7.654315	4962	5084	0	122	122	1.0000000
NODE_263_length_30864_cov_7.654315	14962	15084	0	122	122	1.0000000
NODE_263_length_30864_cov_7.654315	25214	25336	2	33	122	0.2704918
NODE_263_length_30864_cov_7.654315	25214	25336	4	6	122	0.0491803
NODE_263_length_30864_cov_7.654315	25214	25336	5	83	122	0.6803279
NODE_2640_length_16514_cov_9.581419	4962	5084	1	6	122	0.0491803
NODE_2640_length_16514_cov_9.581419	4962	5084	2	116	122	0.9508197
NODE_2642_length_16506_cov_18.764796	4962	5084	0	122	122	1.0000000
NODE_2643_length_16506_cov_12.547632	4962	5084	0	122	122	1.0000000
NODE_2644_length_16503_cov_9.786394	4962	5084	0	122	122	1.0000000
NODE_2645_length_16502_cov_16.300372	5004	5126	0	122	122	1.0000000
NODE_2647_length_16498_cov_11.562473	4920	5042	0	122	122	1.0000000
NODE_2648_length_16497_cov_8.796683	4962	5084	0	122	122	1.0000000
NODE_2649_length_16493_cov_10.730572	4962	5084	0	122	122	1.0000000
NODE_264_length_30836_cov_10.026710	24752	24874	0	122	122	1.0000000
NODE_2650_length_16492_cov_9.473800	4920	5042	0	122	122	1.0000000
NODE_2651_length_16489_cov_9.264674	5088	5210	0	122	122	1.0000000
NODE_2653_length_16482_cov_9.469755	4962	5084	0	122	122	1.0000000
NODE_2654_length_16480_cov_7.685550	5298	5420	0	122	122	1.0000000
NODE_2655_length_16478_cov_8.501740	5004	5126	0	122	122	1.0000000
NODE_2656_length_16478_cov_7.390927	4962	5084	0	122	122	1.0000000
NODE_2657_length_16475_cov_8.240474	5046	5168	0	122	122	1.0000000
NODE_2658_length_16473_cov_9.847991	5004	5126	0	25	122	0.2049180
NODE_2658_length_16473_cov_9.847991	5004	5126	1	97	122	0.7950820
NODE_265_length_30813_cov_37.117438	4962	5084	0	38	122	0.3114754
NODE_265_length_30813_cov_37.117438	4962	5084	2	84	122	0.6885246
NODE_265_length_30813_cov_37.117438	14962	15084	0	122	122	1.0000000
NODE_265_length_30813_cov_37.117438	24962	25084	0	122	122	1.0000000
NODE_2660_length_16472_cov_8.834361	5046	5168	0	122	122	1.0000000
NODE_2661_length_16468_cov_8.669986	5004	5126	0	122	122	1.0000000
NODE_2662_length_16467_cov_7.863820	4962	5084	0	122	122	1.0000000
NODE_2663_length_16466_cov_7.555752	4962	5084	0	122	122	1.0000000
NODE_2665_length_16461_cov_8.586420	4962	5084	0	122	122	1.0000000
NODE_2666_length_16460_cov_8.232382	4962	5084	0	122	122	1.0000000
NODE_2667_length_16454_cov_37.704372	4920	5042	0	122	122	1.0000000
NODE_2669_length_16454_cov_7.910425	4962	5084	0	122	122	1.0000000
NODE_266_length_30795_cov_8.970973	15172	15294	0	122	122	1.0000000
NODE_266_length_30795_cov_8.970973	24920	25042	0	64	122	0.5245901
NODE_266_length_30795_cov_8.970973	24920	25042	2	58	122	0.4754098
NODE_2670_length_16453_cov_10.636480	4962	5084	0	122	122	1.0000000
NODE_2671_length_16451_cov_14.400440	4962	5084	0	122	122	1.0000000
NODE_2673_length_16450_cov_11.656168	4962	5084	0	22	122	0.1803279
NODE_2673_length_16450_cov_11.656168	4962	5084	1	90	122	0.7377049
NODE_2673_length_16450_cov_11.656168	4962	5084	2	10	122	0.0819672
NODE_2674_length_16448_cov_27.222277	5004	5126	0	122	122	1.0000000
NODE_2676_length_16443_cov_7.488742	4962	5084	0	122	122	1.0000000
NODE_2677_length_16438_cov_18.445866	5004	5126	0	122	122	1.0000000
NODE_2678_length_16438_cov_11.572067	4920	5042	0	14	122	0.1147541
NODE_2678_length_16438_cov_11.572067	4920	5042	1	108	122	0.8852459
NODE_2679_length_16433_cov_31.317681	4962	5084	0	122	122	1.0000000
NODE_267_length_30791_cov_9.631663	5004	5126	0	122	122	1.0000000
NODE_267_length_30791_cov_9.631663	14962	15084	0	20	122	0.1639344
NODE_267_length_30791_cov_9.631663	14962	15084	1	22	122	0.1803279
NODE_267_length_30791_cov_9.631663	14962	15084	2	80	122	0.6557377
NODE_267_length_30791_cov_9.631663	25004	25126	0	122	122	1.0000000
NODE_2680_length_16433_cov_8.757438	4962	5084	0	122	122	1.0000000
NODE_2681_length_16432_cov_8.585257	5046	5168	0	122	122	1.0000000
NODE_2682_length_16430_cov_8.025779	5172	5294	0	122	122	1.0000000
NODE_2684_length_16429_cov_6.815799	4584	4706	0	122	122	1.0000000
NODE_2685_length_16427_cov_8.311244	4962	5084	0	122	122	1.0000000
NODE_2686_length_16421_cov_9.092513	4962	5084	0	122	122	1.0000000
NODE_2687_length_16415_cov_7.876931	4962	5084	0	122	122	1.0000000
NODE_2688_length_16414_cov_7.582960	5046	5168	0	68	122	0.5573770
NODE_2688_length_16414_cov_7.582960	5046	5168	1	54	122	0.4426230
NODE_2689_length_16413_cov_9.083670	5256	5378	0	122	122	1.0000000
NODE_268_length_30783_cov_13.327304	4962	5084	0	122	122	1.0000000
NODE_268_length_30783_cov_13.327304	24836	24958	0	122	122	1.0000000
NODE_2690_length_16411_cov_9.469593	4962	5084	0	122	122	1.0000000
NODE_2691_length_16409_cov_12.201349	4878	5000	0	122	122	1.0000000
NODE_2692_length_16405_cov_8.806513	4962	5084	0	122	122	1.0000000
NODE_2693_length_16402_cov_150.736552	5046	5168	0	122	122	1.0000000
NODE_2696_length_16400_cov_7.792037	4710	4832	0	122	122	1.0000000
NODE_2697_length_16391_cov_9.104775	4836	4958	0	122	122	1.0000000
NODE_2698_length_16390_cov_5.850347	4962	5084	0	122	122	1.0000000
NODE_2699_length_16389_cov_17.876918	4710	4832	0	122	122	1.0000000
NODE_269_length_30773_cov_8.674154	4878	5000	0	122	122	1.0000000
NODE_269_length_30773_cov_8.674154	15004	15126	0	122	122	1.0000000
NODE_26_length_54424_cov_3.185844	4962	5084	0	122	122	1.0000000
NODE_26_length_54424_cov_3.185844	14920	15042	0	122	122	1.0000000
NODE_26_length_54424_cov_3.185844	24962	25084	0	122	122	1.0000000
NODE_26_length_54424_cov_3.185844	34962	35084	0	122	122	1.0000000
NODE_26_length_54424_cov_3.185844	44962	45084	0	122	122	1.0000000
NODE_2700_length_16388_cov_27.935723	4962	5084	0	17	122	0.1393443
NODE_2700_length_16388_cov_27.935723	4962	5084	2	105	122	0.8606557
NODE_2701_length_16383_cov_7.173360	4962	5084	0	122	122	1.0000000
NODE_2702_length_16381_cov_80.768763	4962	5084	0	122	122	1.0000000
NODE_2703_length_16380_cov_47.316258	4962	5084	0	122	122	1.0000000
NODE_2704_length_16377_cov_7.648237	5004	5126	0	52	122	0.4262295
NODE_2704_length_16377_cov_7.648237	5004	5126	1	70	122	0.5737705
NODE_2705_length_16371_cov_9.245145	4962	5084	0	122	122	1.0000000
NODE_2706_length_16368_cov_9.442744	5172	5294	0	122	122	1.0000000
NODE_2707_length_16367_cov_18.544013	4962	5084	0	122	122	1.0000000
NODE_2708_length_16361_cov_8.254704	4962	5084	0	122	122	1.0000000
NODE_2709_length_16360_cov_8.208966	4962	5084	0	122	122	1.0000000
NODE_270_length_30746_cov_7.362385	4962	5084	2	51	122	0.4180328
NODE_270_length_30746_cov_7.362385	4962	5084	3	35	122	0.2868852
NODE_270_length_30746_cov_7.362385	4962	5084	4	36	122	0.2950820
NODE_270_length_30746_cov_7.362385	14962	15084	0	122	122	1.0000000
NODE_270_length_30746_cov_7.362385	24962	25084	0	122	122	1.0000000
NODE_2711_length_16350_cov_8.825549	5004	5126	0	122	122	1.0000000
NODE_2712_length_16350_cov_7.920928	4962	5084	0	122	122	1.0000000
NODE_2713_length_16345_cov_10.330912	5340	5462	0	122	122	1.0000000
NODE_2716_length_16338_cov_28.829977	4962	5084	0	122	122	1.0000000
NODE_2717_length_16338_cov_6.356180	4962	5084	0	122	122	1.0000000
NODE_2718_length_16336_cov_13.916980	4962	5084	0	122	122	1.0000000
NODE_2719_length_16335_cov_9.205038	4962	5084	0	27	122	0.2213115
NODE_2719_length_16335_cov_9.205038	4962	5084	1	95	122	0.7786885
NODE_271_length_30713_cov_10.715196	4920	5042	0	66	122	0.5409836
NODE_271_length_30713_cov_10.715196	4920	5042	1	14	122	0.1147541
NODE_271_length_30713_cov_10.715196	4920	5042	2	42	122	0.3442623
NODE_271_length_30713_cov_10.715196	14962	15084	0	122	122	1.0000000
NODE_2720_length_16333_cov_8.541518	4962	5084	0	122	122	1.0000000
NODE_2722_length_16329_cov_8.124831	5004	5126	0	122	122	1.0000000
NODE_2723_length_16328_cov_7.944112	4878	5000	0	122	122	1.0000000
NODE_2724_length_16328_cov_5.767515	5088	5210	0	122	122	1.0000000
NODE_2725_length_16326_cov_9.644543	4962	5084	0	122	122	1.0000000
NODE_2726_length_16322_cov_9.580842	4962	5084	0	122	122	1.0000000
NODE_2727_length_16322_cov_8.152561	5046	5168	0	122	122	1.0000000
NODE_2728_length_16321_cov_37.727099	4962	5084	0	122	122	1.0000000
NODE_2730_length_16312_cov_7.621415	4962	5084	0	61	122	0.5000000
NODE_2730_length_16312_cov_7.621415	4962	5084	1	61	122	0.5000000
NODE_2731_length_16307_cov_9.002900	4878	5000	0	122	122	1.0000000
NODE_2732_length_16306_cov_8.445733	4962	5084	0	122	122	1.0000000
NODE_2733_length_16304_cov_8.296020	4962	5084	0	122	122	1.0000000
NODE_2734_length_16302_cov_11.205703	4962	5084	0	122	122	1.0000000
NODE_2736_length_16299_cov_9.139259	4920	5042	0	122	122	1.0000000
NODE_2738_length_16284_cov_7.610998	5088	5210	0	34	122	0.2786885
NODE_2738_length_16284_cov_7.610998	5088	5210	2	30	122	0.2459016
NODE_2738_length_16284_cov_7.610998	5088	5210	3	58	122	0.4754098
NODE_2739_length_16283_cov_27.031389	5088	5210	0	122	122	1.0000000
NODE_273_length_30676_cov_14.732250	14962	15084	0	122	122	1.0000000
NODE_273_length_30676_cov_14.732250	24962	25084	0	122	122	1.0000000
NODE_2740_length_16279_cov_7.883993	4962	5084	0	122	122	1.0000000
NODE_2741_length_16273_cov_9.124150	4962	5084	0	122	122	1.0000000
NODE_2742_length_16272_cov_8.691152	4962	5084	0	69	122	0.5655738
NODE_2742_length_16272_cov_8.691152	4962	5084	2	53	122	0.4344262
NODE_2743_length_16272_cov_8.521054	4962	5084	0	122	122	1.0000000
NODE_2744_length_16272_cov_7.789588	5382	5500	0	118	118	1.0000000
NODE_2745_length_16271_cov_9.004205	4878	5000	0	122	122	1.0000000
NODE_2746_length_16267_cov_6.341848	4962	5084	0	122	122	1.0000000
NODE_2748_length_16257_cov_2.922453	4962	5084	0	122	122	1.0000000
NODE_2749_length_16256_cov_12.804233	4794	4916	0	122	122	1.0000000
NODE_274_length_30624_cov_8.459459	4962	5084	0	122	122	1.0000000
NODE_274_length_30624_cov_8.459459	15046	15168	0	35	122	0.2868852
NODE_274_length_30624_cov_8.459459	15046	15168	1	87	122	0.7131147
NODE_2750_length_16253_cov_10.850440	4962	5084	0	122	122	1.0000000
NODE_2751_length_16250_cov_9.369203	4962	5084	0	122	122	1.0000000
NODE_2752_length_16249_cov_8.673870	4962	5084	0	122	122	1.0000000
NODE_2753_length_16248_cov_8.283671	5004	5126	0	56	122	0.4590164
NODE_2753_length_16248_cov_8.283671	5004	5126	1	66	122	0.5409836
NODE_2754_length_16247_cov_8.473867	4930	5053	0	15	123	0.1219512
NODE_2754_length_16247_cov_8.473867	4930	5053	2	108	123	0.8780488
NODE_2755_length_16246_cov_21.418901	4962	5084	0	122	122	1.0000000
NODE_2757_length_16238_cov_11.446062	4962	5084	0	122	122	1.0000000
NODE_2758_length_16236_cov_7.718473	4962	5084	0	122	122	1.0000000
NODE_2759_length_16235_cov_7.591720	4962	5084	0	122	122	1.0000000
NODE_275_length_30593_cov_8.757788	14920	15042	0	122	122	1.0000000
NODE_275_length_30593_cov_8.757788	24962	25084	0	13	122	0.1065574
NODE_275_length_30593_cov_8.757788	24962	25084	1	79	122	0.6475410
NODE_275_length_30593_cov_8.757788	24962	25084	2	30	122	0.2459016
NODE_2761_length_16230_cov_10.688550	4920	5042	0	122	122	1.0000000
NODE_2763_length_16226_cov_7.377876	5172	5294	0	122	122	1.0000000
NODE_2765_length_16219_cov_7.512965	4962	5084	0	122	122	1.0000000
NODE_2766_length_16214_cov_6.911697	4962	5084	0	122	122	1.0000000
NODE_2768_length_16207_cov_8.226720	5004	5126	0	122	122	1.0000000
NODE_2769_length_16205_cov_23.120017	5214	5336	0	122	122	1.0000000
NODE_276_length_30589_cov_8.305838	4962	5084	0	122	122	1.0000000
NODE_276_length_30589_cov_8.305838	14962	15084	0	122	122	1.0000000
NODE_276_length_30589_cov_8.305838	24962	25084	0	42	122	0.3442623
NODE_276_length_30589_cov_8.305838	24962	25084	1	80	122	0.6557377
NODE_2770_length_16205_cov_9.230846	4962	5084	0	40	122	0.3278688
NODE_2770_length_16205_cov_9.230846	4962	5084	1	14	122	0.1147541
NODE_2770_length_16205_cov_9.230846	4962	5084	3	68	122	0.5573770
NODE_2771_length_16205_cov_8.329505	4962	5084	1	98	122	0.8032787
NODE_2771_length_16205_cov_8.329505	4962	5084	2	24	122	0.1967213
NODE_2774_length_16203_cov_7.383010	5046	5168	0	122	122	1.0000000
NODE_2775_length_16197_cov_9.077649	4962	5084	0	122	122	1.0000000
NODE_2776_length_16196_cov_7.568615	4962	5084	0	122	122	1.0000000
NODE_2777_length_16192_cov_166.887404	5004	5126	0	122	122	1.0000000
NODE_2778_length_16192_cov_8.896912	5004	5126	0	122	122	1.0000000
NODE_2779_length_16190_cov_8.315891	4962	5084	0	122	122	1.0000000
NODE_277_length_30485_cov_8.538768	14962	15084	0	122	122	1.0000000
NODE_277_length_30485_cov_8.538768	24962	25084	0	122	122	1.0000000
NODE_2781_length_16187_cov_7.367852	4962	5084	0	122	122	1.0000000
NODE_2782_length_16185_cov_9.073480	4962	5084	1	38	122	0.3114754
NODE_2782_length_16185_cov_9.073480	4962	5084	2	84	122	0.6885246
NODE_2783_length_16183_cov_30.382803	5256	5378	0	122	122	1.0000000
NODE_2784_length_16182_cov_21.619785	4920	5042	0	122	122	1.0000000
NODE_2786_length_16182_cov_8.728906	4962	5084	0	122	122	1.0000000
NODE_2787_length_16179_cov_14.754913	4962	5084	0	122	122	1.0000000
NODE_2788_length_16176_cov_8.954594	4962	5084	0	52	122	0.4262295
NODE_2788_length_16176_cov_8.954594	4962	5084	1	70	122	0.5737705
NODE_2789_length_16174_cov_12.200311	4962	5084	0	122	122	1.0000000
NODE_278_length_30465_cov_12.166239	4962	5084	0	122	122	1.0000000
NODE_278_length_30465_cov_12.166239	14836	14958	0	51	122	0.4180328
NODE_278_length_30465_cov_12.166239	14836	14958	1	67	122	0.5491803
NODE_278_length_30465_cov_12.166239	14836	14958	2	4	122	0.0327869
NODE_2793_length_16172_cov_7.255895	4962	5084	0	122	122	1.0000000
NODE_2794_length_16171_cov_9.589970	4962	5084	0	66	122	0.5409836
NODE_2794_length_16171_cov_9.589970	4962	5084	1	56	122	0.4590164
NODE_2795_length_16169_cov_9.850778	4962	5084	0	122	122	1.0000000
NODE_2798_length_16167_cov_11.531865	4962	5084	0	122	122	1.0000000
NODE_2799_length_16165_cov_11.441367	5004	5126	0	122	122	1.0000000
NODE_279_length_30461_cov_7.180950	14962	15084	0	122	122	1.0000000
NODE_279_length_30461_cov_7.180950	24962	25084	0	122	122	1.0000000
NODE_27_length_54059_cov_3.048351	4962	5084	0	122	122	1.0000000
NODE_27_length_54059_cov_3.048351	14962	15084	0	122	122	1.0000000
NODE_27_length_54059_cov_3.048351	24962	25084	0	122	122	1.0000000
NODE_27_length_54059_cov_3.048351	34962	35084	0	122	122	1.0000000
NODE_27_length_54059_cov_3.048351	44962	45084	0	122	122	1.0000000
NODE_2800_length_16163_cov_7.939492	4962	5084	0	122	122	1.0000000
NODE_2801_length_16159_cov_9.339539	5004	5126	0	122	122	1.0000000
NODE_2802_length_16158_cov_12.059344	5004	5126	0	122	122	1.0000000
NODE_2803_length_16157_cov_9.579836	5004	5126	0	122	122	1.0000000
NODE_2804_length_16157_cov_7.439345	4962	5084	0	122	122	1.0000000
NODE_2805_length_16156_cov_7.402005	5046	5168	0	122	122	1.0000000
NODE_2807_length_16153_cov_6.944001	4962	5084	1	38	122	0.3114754
NODE_2807_length_16153_cov_6.944001	4962	5084	2	7	122	0.0573770
NODE_2807_length_16153_cov_6.944001	4962	5084	3	47	122	0.3852459
NODE_2807_length_16153_cov_6.944001	4962	5084	4	30	122	0.2459016
NODE_2809_length_16150_cov_16.117064	4962	5084	0	122	122	1.0000000
NODE_280_length_30423_cov_12.288122	4962	5084	0	122	122	1.0000000
NODE_280_length_30423_cov_12.288122	14962	15084	0	122	122	1.0000000
NODE_280_length_30423_cov_12.288122	25004	25126	0	122	122	1.0000000
NODE_2810_length_16148_cov_9.164434	4794	4916	0	122	122	1.0000000
NODE_2812_length_16147_cov_11.250685	4962	5084	0	96	122	0.7868853
NODE_2812_length_16147_cov_11.250685	4962	5084	1	26	122	0.2131148
NODE_2814_length_16147_cov_8.927156	4962	5084	0	122	122	1.0000000
NODE_2815_length_16142_cov_8.592096	5088	5210	0	122	122	1.0000000
NODE_2816_length_16141_cov_9.118127	4962	5084	0	122	122	1.0000000
NODE_2817_length_16140_cov_8.354591	5088	5210	0	122	122	1.0000000
NODE_2819_length_16135_cov_9.573273	5004	5126	0	13	122	0.1065574
NODE_2819_length_16135_cov_9.573273	5004	5126	1	41	122	0.3360656
NODE_2819_length_16135_cov_9.573273	5004	5126	3	18	122	0.1475410
NODE_2819_length_16135_cov_9.573273	5004	5126	4	50	122	0.4098361
NODE_281_length_30415_cov_11.733969	4962	5084	0	122	122	1.0000000
NODE_281_length_30415_cov_11.733969	14920	15042	0	122	122	1.0000000
NODE_281_length_30415_cov_11.733969	25004	25126	0	122	122	1.0000000
NODE_2820_length_16125_cov_8.383377	4962	5084	0	122	122	1.0000000
NODE_2822_length_16119_cov_7.597253	5046	5168	0	122	122	1.0000000
NODE_2823_length_16118_cov_8.281666	4962	5084	0	122	122	1.0000000
NODE_2825_length_16115_cov_9.432005	4836	4958	1	122	122	1.0000000
NODE_2826_length_16115_cov_7.925262	4962	5084	0	122	122	1.0000000
NODE_2827_length_16112_cov_8.806595	4962	5084	0	122	122	1.0000000
NODE_2828_length_16112_cov_8.706863	5172	5294	0	122	122	1.0000000
NODE_2829_length_16110_cov_9.605146	4920	5042	0	122	122	1.0000000
NODE_282_length_30413_cov_9.060896	14962	15084	0	122	122	1.0000000
NODE_282_length_30413_cov_9.060896	24962	25084	0	16	122	0.1311475
NODE_282_length_30413_cov_9.060896	24962	25084	1	9	122	0.0737705
NODE_282_length_30413_cov_9.060896	24962	25084	2	97	122	0.7950820
NODE_2830_length_16107_cov_8.496002	5046	5168	0	122	122	1.0000000
NODE_2831_length_16106_cov_8.341725	5130	5252	0	122	122	1.0000000
NODE_2832_length_16105_cov_13.896289	5382	5500	0	118	118	1.0000000
NODE_2833_length_16105_cov_10.540922	5004	5126	0	122	122	1.0000000
NODE_2834_length_16102_cov_19.723364	4962	5084	0	122	122	1.0000000
NODE_2835_length_16101_cov_10.469816	5382	5500	0	3	118	0.0254237
NODE_2835_length_16101_cov_10.469816	5382	5500	2	115	118	0.9745763
NODE_2838_length_16096_cov_9.099581	4962	5084	0	122	122	1.0000000
NODE_2839_length_16096_cov_7.885103	4752	4874	0	122	122	1.0000000
NODE_283_length_30401_cov_10.925582	4962	5084	0	122	122	1.0000000
NODE_283_length_30401_cov_10.925582	14878	15000	0	122	122	1.0000000
NODE_2840_length_16094_cov_38.118412	5004	5126	0	122	122	1.0000000
NODE_2843_length_16090_cov_8.283159	4962	5084	0	122	122	1.0000000
NODE_2844_length_16089_cov_9.646654	5004	5126	0	122	122	1.0000000
NODE_2845_length_16088_cov_9.186753	4962	5084	0	122	122	1.0000000
NODE_2846_length_16088_cov_7.140722	4962	5084	0	122	122	1.0000000
NODE_2847_length_16086_cov_8.262588	4962	5084	0	17	122	0.1393443
NODE_2847_length_16086_cov_8.262588	4962	5084	2	105	122	0.8606557
NODE_2848_length_16084_cov_38.623147	4962	5084	0	122	122	1.0000000
NODE_284_length_30354_cov_6.870699	4962	5084	0	29	122	0.2377049
NODE_284_length_30354_cov_6.870699	4962	5084	1	93	122	0.7622951
NODE_284_length_30354_cov_6.870699	14962	15084	0	38	122	0.3114754
NODE_284_length_30354_cov_6.870699	14962	15084	2	11	122	0.0901639
NODE_284_length_30354_cov_6.870699	14962	15084	4	73	122	0.5983607
NODE_284_length_30354_cov_6.870699	24962	25084	0	122	122	1.0000000
NODE_2851_length_16080_cov_8.988173	4962	5084	0	122	122	1.0000000
NODE_2852_length_16079_cov_54.108511	4962	5084	0	51	122	0.4180328
NODE_2852_length_16079_cov_54.108511	4962	5084	2	19	122	0.1557377
NODE_2852_length_16079_cov_54.108511	4962	5084	3	18	122	0.1475410
NODE_2852_length_16079_cov_54.108511	4962	5084	4	34	122	0.2786885
NODE_2854_length_16075_cov_9.284740	4962	5084	0	46	122	0.3770492
NODE_2854_length_16075_cov_9.284740	4962	5084	3	2	122	0.0163934
NODE_2854_length_16075_cov_9.284740	4962	5084	7	74	122	0.6065574
NODE_2855_length_16074_cov_9.208200	5004	5126	0	122	122	1.0000000
NODE_2856_length_16074_cov_7.292770	4962	5084	0	122	122	1.0000000
NODE_2858_length_16070_cov_8.243128	5004	5126	0	54	122	0.4426230
NODE_2858_length_16070_cov_8.243128	5004	5126	2	68	122	0.5573770
NODE_2859_length_16070_cov_6.764949	4962	5084	0	7	122	0.0573770
NODE_2859_length_16070_cov_6.764949	4962	5084	2	115	122	0.9426230
NODE_285_length_30342_cov_16.148960	4962	5084	0	122	122	1.0000000
NODE_285_length_30342_cov_16.148960	14962	15084	0	122	122	1.0000000
NODE_285_length_30342_cov_16.148960	24920	25042	0	122	122	1.0000000
NODE_2860_length_16069_cov_8.829180	4962	5084	0	87	122	0.7131147
NODE_2860_length_16069_cov_8.829180	4962	5084	1	35	122	0.2868852
NODE_2861_length_16067_cov_5.569326	4920	5042	0	122	122	1.0000000
NODE_2863_length_16066_cov_8.196342	5004	5126	0	122	122	1.0000000
NODE_2864_length_16066_cov_7.421494	4962	5084	0	122	122	1.0000000
NODE_2865_length_16065_cov_8.961606	4962	5084	0	122	122	1.0000000
NODE_2866_length_16061_cov_8.727290	4962	5084	0	122	122	1.0000000
NODE_286_length_30210_cov_8.130052	4962	5084	0	122	122	1.0000000
NODE_286_length_30210_cov_8.130052	15046	15168	3	13	122	0.1065574
NODE_286_length_30210_cov_8.130052	15046	15168	4	10	122	0.0819672
NODE_286_length_30210_cov_8.130052	15046	15168	6	14	122	0.1147541
NODE_286_length_30210_cov_8.130052	15046	15168	7	16	122	0.1311475
NODE_286_length_30210_cov_8.130052	15046	15168	8	69	122	0.5655738
NODE_286_length_30210_cov_8.130052	24962	25084	0	122	122	1.0000000
NODE_2870_length_16056_cov_7.363853	4962	5084	0	122	122	1.0000000
NODE_2871_length_16053_cov_7.032218	4962	5084	0	122	122	1.0000000
NODE_2872_length_16050_cov_8.012162	4962	5084	0	122	122	1.0000000
NODE_2873_length_16049_cov_6.423323	4962	5084	0	122	122	1.0000000
NODE_2876_length_16047_cov_8.395849	4752	4874	0	122	122	1.0000000
NODE_2878_length_16043_cov_7.210424	5004	5126	0	122	122	1.0000000
NODE_2879_length_16042_cov_8.838675	5004	5126	0	122	122	1.0000000
NODE_287_length_30194_cov_10.014454	4962	5084	0	122	122	1.0000000
NODE_287_length_30194_cov_10.014454	14962	15084	0	41	122	0.3360656
NODE_287_length_30194_cov_10.014454	14962	15084	1	81	122	0.6639344
NODE_2880_length_16041_cov_8.299774	5088	5210	0	122	122	1.0000000
NODE_2882_length_16036_cov_9.262596	4962	5084	0	19	122	0.1557377
NODE_2882_length_16036_cov_9.262596	4962	5084	2	103	122	0.8442623
NODE_2883_length_16034_cov_11.597741	4962	5084	0	122	122	1.0000000
NODE_2884_length_16034_cov_7.537057	4962	5084	0	122	122	1.0000000
NODE_2885_length_16030_cov_8.891595	4962	5084	0	122	122	1.0000000
NODE_2886_length_16021_cov_8.923942	5004	5126	0	122	122	1.0000000
NODE_2887_length_16018_cov_8.755764	4962	5084	0	122	122	1.0000000
NODE_2888_length_16017_cov_9.259266	4962	5084	1	14	122	0.1147541
NODE_2888_length_16017_cov_9.259266	4962	5084	2	108	122	0.8852459
NODE_2889_length_16017_cov_7.964568	4962	5084	0	75	122	0.6147541
NODE_2889_length_16017_cov_7.964568	4962	5084	5	47	122	0.3852459
NODE_288_length_30186_cov_9.162296	5088	5210	0	122	122	1.0000000
NODE_288_length_30186_cov_9.162296	14962	15084	0	122	122	1.0000000
NODE_288_length_30186_cov_9.162296	24962	25084	0	122	122	1.0000000
NODE_2890_length_16016_cov_18.032984	4962	5084	0	122	122	1.0000000
NODE_2891_length_16014_cov_9.336538	4962	5084	0	24	122	0.1967213
NODE_2891_length_16014_cov_9.336538	4962	5084	1	13	122	0.1065574
NODE_2891_length_16014_cov_9.336538	4962	5084	2	85	122	0.6967213
NODE_2892_length_16013_cov_8.247706	4794	4916	0	122	122	1.0000000
NODE_2893_length_16012_cov_7.847358	4962	5084	0	122	122	1.0000000
NODE_2894_length_16010_cov_9.429326	4962	5084	0	122	122	1.0000000
NODE_2897_length_16006_cov_8.624191	4962	5084	0	122	122	1.0000000
NODE_2898_length_16005_cov_8.771218	4962	5084	0	122	122	1.0000000
NODE_2899_length_16003_cov_8.842304	4962	5084	0	122	122	1.0000000
NODE_289_length_30166_cov_7.427246	4962	5084	0	122	122	1.0000000
NODE_289_length_30166_cov_7.427246	15004	15126	0	122	122	1.0000000
NODE_289_length_30166_cov_7.427246	24962	25084	0	122	122	1.0000000
NODE_28_length_53218_cov_3.077279	4962	5084	0	122	122	1.0000000
NODE_28_length_53218_cov_3.077279	14962	15084	0	122	122	1.0000000
NODE_28_length_53218_cov_3.077279	25004	25126	0	122	122	1.0000000
NODE_28_length_53218_cov_3.077279	44962	45084	0	122	122	1.0000000
NODE_2900_length_16002_cov_6.513802	4962	5084	0	122	122	1.0000000
NODE_2901_length_16000_cov_8.455695	4878	5000	0	122	122	1.0000000
NODE_2902_length_15998_cov_7.870684	4962	5084	0	122	122	1.0000000
NODE_2904_length_15990_cov_8.482663	4878	5000	0	122	122	1.0000000
NODE_2905_length_15990_cov_7.769807	4962	5084	0	122	122	1.0000000
NODE_2906_length_15985_cov_23.440073	4584	4706	0	122	122	1.0000000
NODE_2908_length_15982_cov_8.179815	5172	5294	0	122	122	1.0000000
NODE_2909_length_15982_cov_7.637789	4962	5084	0	27	122	0.2213115
NODE_2909_length_15982_cov_7.637789	4962	5084	1	1	122	0.0081967
NODE_2909_length_15982_cov_7.637789	4962	5084	2	94	122	0.7704918
NODE_290_length_30081_cov_8.427323	4962	5084	0	49	122	0.4016393
NODE_290_length_30081_cov_8.427323	4962	5084	1	73	122	0.5983607
NODE_290_length_30081_cov_8.427323	15046	15168	0	122	122	1.0000000
NODE_290_length_30081_cov_8.427323	25088	25210	0	54	122	0.4426230
NODE_290_length_30081_cov_8.427323	25088	25210	1	68	122	0.5573770
NODE_2910_length_15979_cov_8.613728	4962	5084	0	122	122	1.0000000
NODE_2912_length_15975_cov_9.148463	4962	5084	0	122	122	1.0000000
NODE_2914_length_15968_cov_7.879766	4962	5084	0	42	122	0.3442623
NODE_2914_length_15968_cov_7.879766	4962	5084	1	80	122	0.6557377
NODE_2915_length_15967_cov_29.774326	4962	5084	0	122	122	1.0000000
NODE_2916_length_15964_cov_9.831705	4962	5084	0	48	122	0.3934426
NODE_2916_length_15964_cov_9.831705	4962	5084	2	74	122	0.6065574
NODE_2918_length_15962_cov_8.509614	4962	5084	0	122	122	1.0000000
NODE_2919_length_15961_cov_8.807906	4962	5084	0	122	122	1.0000000
NODE_291_length_30073_cov_8.631581	5088	5210	0	122	122	1.0000000
NODE_291_length_30073_cov_8.631581	14962	15084	0	122	122	1.0000000
NODE_2921_length_15961_cov_8.288677	4962	5084	0	33	122	0.2704918
NODE_2921_length_15961_cov_8.288677	4962	5084	2	89	122	0.7295082
NODE_2923_length_15959_cov_9.392938	4878	5000	0	122	122	1.0000000
NODE_2924_length_15959_cov_8.645776	4962	5084	0	122	122	1.0000000
NODE_2925_length_15958_cov_8.530929	4962	5084	0	122	122	1.0000000
NODE_2926_length_15957_cov_16.838063	4962	5084	0	122	122	1.0000000
NODE_2927_length_15955_cov_19.902245	4752	4874	0	122	122	1.0000000
NODE_2928_length_15954_cov_31.122611	4962	5084	0	122	122	1.0000000
NODE_2929_length_15954_cov_8.596909	5172	5294	0	63	122	0.5163934
NODE_2929_length_15954_cov_8.596909	5172	5294	1	59	122	0.4836065
NODE_292_length_30045_cov_23.420357	4920	5042	0	122	122	1.0000000
NODE_292_length_30045_cov_23.420357	24962	25084	0	122	122	1.0000000
NODE_2930_length_15953_cov_53.422039	4752	4874	0	122	122	1.0000000
NODE_2931_length_15953_cov_7.015012	4962	5084	0	35	122	0.2868852
NODE_2931_length_15953_cov_7.015012	4962	5084	1	87	122	0.7131147
NODE_2933_length_15950_cov_11.940572	4962	5084	0	122	122	1.0000000
NODE_2934_length_15946_cov_6.847731	4962	5084	0	122	122	1.0000000
NODE_2935_length_15943_cov_8.923946	4962	5084	0	122	122	1.0000000
NODE_2936_length_15943_cov_8.098208	4962	5084	0	122	122	1.0000000
NODE_2938_length_15942_cov_8.139999	4962	5084	0	122	122	1.0000000
NODE_2939_length_15941_cov_8.431701	4962	5084	0	122	122	1.0000000
NODE_293_length_30020_cov_15.917282	4962	5084	0	122	122	1.0000000
NODE_293_length_30020_cov_15.917282	14962	15084	0	4	122	0.0327869
NODE_293_length_30020_cov_15.917282	14962	15084	2	118	122	0.9672131
NODE_293_length_30020_cov_15.917282	24962	25084	1	12	122	0.0983607
NODE_293_length_30020_cov_15.917282	24962	25084	2	25	122	0.2049180
NODE_293_length_30020_cov_15.917282	24962	25084	3	19	122	0.1557377
NODE_293_length_30020_cov_15.917282	24962	25084	4	6	122	0.0491803
NODE_293_length_30020_cov_15.917282	24962	25084	5	60	122	0.4918033
NODE_2944_length_15934_cov_8.574929	4962	5084	0	58	122	0.4754098
NODE_2944_length_15934_cov_8.574929	4962	5084	2	64	122	0.5245901
NODE_2946_length_15926_cov_7.898970	4962	5084	0	122	122	1.0000000
NODE_2947_length_15926_cov_7.252354	4962	5084	0	122	122	1.0000000
NODE_2948_length_15925_cov_8.140212	4962	5084	0	122	122	1.0000000
NODE_2949_length_15923_cov_9.705827	5130	5252	0	122	122	1.0000000
NODE_294_length_30014_cov_23.223366	24962	25084	0	35	122	0.2868852
NODE_294_length_30014_cov_23.223366	24962	25084	2	87	122	0.7131147
NODE_2950_length_15918_cov_22.982616	4962	5084	0	122	122	1.0000000
NODE_2951_length_15918_cov_15.747266	4920	5042	0	122	122	1.0000000
NODE_2952_length_15917_cov_8.080920	4962	5084	0	18	122	0.1475410
NODE_2952_length_15917_cov_8.080920	4962	5084	2	104	122	0.8524590
NODE_2954_length_15915_cov_7.268209	4836	4958	0	122	122	1.0000000
NODE_2956_length_15911_cov_7.645586	4962	5084	0	122	122	1.0000000
NODE_2957_length_15908_cov_8.157315	4920	5042	0	122	122	1.0000000
NODE_2958_length_15908_cov_7.891328	4962	5084	0	122	122	1.0000000
NODE_295_length_29993_cov_8.455576	4920	5042	0	122	122	1.0000000
NODE_295_length_29993_cov_8.455576	14962	15084	0	122	122	1.0000000
NODE_295_length_29993_cov_8.455576	24920	25042	0	122	122	1.0000000
NODE_2961_length_15905_cov_27.738517	4962	5084	2	122	122	1.0000000
NODE_2965_length_15898_cov_39.411229	4962	5084	0	122	122	1.0000000
NODE_2966_length_15897_cov_8.549627	4962	5084	0	122	122	1.0000000
NODE_2967_length_15896_cov_9.818890	4962	5084	0	122	122	1.0000000
NODE_2968_length_15895_cov_8.413459	4962	5084	0	122	122	1.0000000
NODE_2969_length_15894_cov_8.121494	5088	5210	0	122	122	1.0000000
NODE_296_length_29946_cov_8.407679	4962	5084	0	27	122	0.2213115
NODE_296_length_29946_cov_8.407679	4962	5084	1	95	122	0.7786885
NODE_296_length_29946_cov_8.407679	14962	15084	0	122	122	1.0000000
NODE_296_length_29946_cov_8.407679	24794	24916	0	122	122	1.0000000
NODE_2970_length_15893_cov_9.166582	4962	5084	0	122	122	1.0000000
NODE_2971_length_15887_cov_16.828224	5172	5294	0	122	122	1.0000000
NODE_2972_length_15886_cov_7.961424	4962	5084	0	122	122	1.0000000
NODE_2973_length_15885_cov_17.134170	5088	5210	0	122	122	1.0000000
NODE_2975_length_15884_cov_8.951916	4920	5042	0	122	122	1.0000000
NODE_2976_length_15884_cov_7.844283	4794	4916	0	122	122	1.0000000
NODE_2978_length_15881_cov_7.686985	4962	5084	0	122	122	1.0000000
NODE_2979_length_15878_cov_18.719120	4962	5084	0	58	122	0.4754098
NODE_2979_length_15878_cov_18.719120	4962	5084	1	64	122	0.5245901
NODE_297_length_29940_cov_7.238564	15046	15168	0	122	122	1.0000000
NODE_297_length_29940_cov_7.238564	24962	25084	0	122	122	1.0000000
NODE_2980_length_15878_cov_8.325369	5004	5126	0	65	122	0.5327869
NODE_2980_length_15878_cov_8.325369	5004	5126	1	57	122	0.4672131
NODE_2981_length_15876_cov_8.788299	4962	5084	0	122	122	1.0000000
NODE_2982_length_15875_cov_37.128993	4962	5084	0	4	122	0.0327869
NODE_2982_length_15875_cov_37.128993	4962	5084	1	3	122	0.0245902
NODE_2982_length_15875_cov_37.128993	4962	5084	2	115	122	0.9426230
NODE_2984_length_15871_cov_9.120657	4962	5084	0	122	122	1.0000000
NODE_2985_length_15870_cov_7.869951	5088	5210	0	122	122	1.0000000
NODE_2986_length_15869_cov_7.856246	4962	5084	0	122	122	1.0000000
NODE_2987_length_15869_cov_6.995117	4962	5084	0	122	122	1.0000000
NODE_2989_length_15864_cov_9.159721	4962	5084	0	29	122	0.2377049
NODE_2989_length_15864_cov_9.159721	4962	5084	1	93	122	0.7622951
NODE_298_length_29939_cov_19.388840	5046	5168	0	68	122	0.5573770
NODE_298_length_29939_cov_19.388840	5046	5168	1	29	122	0.2377049
NODE_298_length_29939_cov_19.388840	5046	5168	2	25	122	0.2049180
NODE_298_length_29939_cov_19.388840	14962	15084	0	122	122	1.0000000
NODE_298_length_29939_cov_19.388840	25004	25126	0	122	122	1.0000000
NODE_2991_length_15861_cov_8.435224	4962	5084	0	122	122	1.0000000
NODE_2992_length_15860_cov_10.109320	4962	5084	0	122	122	1.0000000
NODE_2993_length_15860_cov_8.363302	4962	5084	0	122	122	1.0000000
NODE_2994_length_15858_cov_7.913954	5130	5252	0	122	122	1.0000000
NODE_2995_length_15857_cov_8.512311	4962	5084	0	122	122	1.0000000
NODE_2996_length_15855_cov_7.945354	4962	5084	0	122	122	1.0000000
NODE_2999_length_15852_cov_7.442011	4920	5042	0	122	122	1.0000000
NODE_299_length_29924_cov_8.212942	24920	25042	0	122	122	1.0000000
NODE_29_length_53125_cov_3.292177	14962	15084	0	122	122	1.0000000
NODE_29_length_53125_cov_3.292177	24962	25084	0	122	122	1.0000000
NODE_29_length_53125_cov_3.292177	34962	35084	0	122	122	1.0000000
NODE_29_length_53125_cov_3.292177	44962	45084	0	122	122	1.0000000
NODE_2_length_101837_cov_3.037508	4962	5084	0	122	122	1.0000000
NODE_2_length_101837_cov_3.037508	25004	25126	0	122	122	1.0000000
NODE_2_length_101837_cov_3.037508	34962	35084	0	122	122	1.0000000
NODE_2_length_101837_cov_3.037508	44962	45084	0	122	122	1.0000000
NODE_2_length_101837_cov_3.037508	54962	55084	0	122	122	1.0000000
NODE_2_length_101837_cov_3.037508	64962	65084	0	122	122	1.0000000
NODE_2_length_101837_cov_3.037508	74962	75084	0	122	122	1.0000000
NODE_2_length_101837_cov_3.037508	84962	85084	0	122	122	1.0000000
NODE_2_length_101837_cov_3.037508	94962	95084	0	122	122	1.0000000
NODE_3000_length_15849_cov_9.443683	4962	5084	0	122	122	1.0000000
NODE_3001_length_15848_cov_13.147755	4962	5084	0	1	122	0.0081967
NODE_3001_length_15848_cov_13.147755	4962	5084	1	3	122	0.0245902
NODE_3001_length_15848_cov_13.147755	4962	5084	2	118	122	0.9672131
NODE_3002_length_15847_cov_6.918085	4962	5084	0	122	122	1.0000000
NODE_3004_length_15845_cov_9.217262	4920	5042	0	40	122	0.3278688
NODE_3004_length_15845_cov_9.217262	4920	5042	3	82	122	0.6721311
NODE_3008_length_15839_cov_7.599492	4962	5084	0	122	122	1.0000000
NODE_3009_length_15837_cov_15.073707	4920	5042	0	122	122	1.0000000
NODE_300_length_29921_cov_9.603414	4962	5084	0	122	122	1.0000000
NODE_300_length_29921_cov_9.603414	14962	15084	0	122	122	1.0000000
NODE_300_length_29921_cov_9.603414	24962	25084	0	122	122	1.0000000
NODE_3013_length_15830_cov_7.383892	4962	5084	0	122	122	1.0000000
NODE_3014_length_15823_cov_9.164335	4962	5084	0	122	122	1.0000000
NODE_3015_length_15823_cov_8.209489	4794	4916	0	122	122	1.0000000
NODE_3016_length_15821_cov_9.080715	4962	5084	0	122	122	1.0000000
NODE_3017_length_15819_cov_10.085369	4878	5000	0	122	122	1.0000000
NODE_3018_length_15816_cov_9.137113	4962	5084	0	122	122	1.0000000
NODE_3019_length_15816_cov_8.505504	4962	5084	0	122	122	1.0000000
NODE_301_length_29854_cov_10.370022	4962	5084	0	23	122	0.1885246
NODE_301_length_29854_cov_10.370022	4962	5084	1	99	122	0.8114754
NODE_301_length_29854_cov_10.370022	14962	15084	0	122	122	1.0000000
NODE_301_length_29854_cov_10.370022	25046	25168	0	122	122	1.0000000
NODE_3022_length_15812_cov_9.269013	5004	5126	0	122	122	1.0000000
NODE_3023_length_15811_cov_31.234789	4962	5084	0	53	122	0.4344262
NODE_3023_length_15811_cov_31.234789	4962	5084	2	69	122	0.5655738
NODE_3024_length_15811_cov_7.859980	4962	5084	0	122	122	1.0000000
NODE_3026_length_15809_cov_8.524761	4962	5084	0	122	122	1.0000000
NODE_3028_length_15808_cov_29.598956	4962	5084	0	49	122	0.4016393
NODE_3028_length_15808_cov_29.598956	4962	5084	2	73	122	0.5983607
NODE_3029_length_15808_cov_8.884143	4962	5084	0	122	122	1.0000000
NODE_302_length_29834_cov_9.265613	5172	5294	0	122	122	1.0000000
NODE_302_length_29834_cov_9.265613	24962	25084	0	122	122	1.0000000
NODE_3030_length_15806_cov_8.109887	5298	5420	0	122	122	1.0000000
NODE_3033_length_15802_cov_7.910972	4962	5084	0	122	122	1.0000000
NODE_3034_length_15801_cov_10.764106	4920	5042	0	122	122	1.0000000
NODE_3035_length_15801_cov_9.385301	5004	5126	0	122	122	1.0000000
NODE_3036_length_15801_cov_7.181314	4962	5084	0	122	122	1.0000000
NODE_3037_length_15799_cov_15.131210	4920	5042	0	122	122	1.0000000
NODE_3038_length_15797_cov_7.732068	5004	5126	0	23	122	0.1885246
NODE_3038_length_15797_cov_7.732068	5004	5126	2	99	122	0.8114754
NODE_3039_length_15795_cov_9.455594	4962	5084	0	122	122	1.0000000
NODE_303_length_29796_cov_8.741624	4962	5084	0	122	122	1.0000000
NODE_303_length_29796_cov_8.741624	24962	25084	1	122	122	1.0000000
NODE_3040_length_15793_cov_8.111253	5130	5252	0	122	122	1.0000000
NODE_3041_length_15791_cov_9.405111	4962	5084	0	122	122	1.0000000
NODE_3042_length_15790_cov_9.446880	4962	5084	0	122	122	1.0000000
NODE_3043_length_15788_cov_8.622984	4920	5042	0	122	122	1.0000000
NODE_3045_length_15783_cov_10.916029	4962	5084	0	122	122	1.0000000
NODE_3046_length_15783_cov_9.039339	4962	5084	0	122	122	1.0000000
NODE_3048_length_15775_cov_8.803904	4962	5084	0	122	122	1.0000000
NODE_304_length_29764_cov_8.976403	4962	5084	0	122	122	1.0000000
NODE_304_length_29764_cov_8.976403	14920	15042	0	122	122	1.0000000
NODE_304_length_29764_cov_8.976403	24878	25000	0	122	122	1.0000000
NODE_3050_length_15767_cov_7.725747	4962	5084	0	122	122	1.0000000
NODE_3053_length_15765_cov_9.558151	4962	5084	0	122	122	1.0000000
NODE_3054_length_15765_cov_8.137431	4962	5084	0	122	122	1.0000000
NODE_3055_length_15761_cov_16.532180	5004	5126	0	122	122	1.0000000
NODE_3056_length_15761_cov_7.916230	4962	5084	0	122	122	1.0000000
NODE_305_length_29707_cov_18.313530	4962	5084	0	122	122	1.0000000
NODE_305_length_29707_cov_18.313530	14962	15084	0	122	122	1.0000000
NODE_305_length_29707_cov_18.313530	24962	25084	0	122	122	1.0000000
NODE_3060_length_15757_cov_7.847682	4962	5084	0	122	122	1.0000000
NODE_3061_length_15754_cov_8.995784	4962	5084	0	122	122	1.0000000
NODE_3062_length_15754_cov_8.642926	5130	5252	0	122	122	1.0000000
NODE_3064_length_15747_cov_11.493034	4584	4706	0	122	122	1.0000000
NODE_3065_length_15744_cov_16.013806	4962	5084	0	122	122	1.0000000
NODE_3067_length_15743_cov_8.133342	5046	5168	0	122	122	1.0000000
NODE_3069_length_15741_cov_7.919064	4962	5084	0	122	122	1.0000000
NODE_306_length_29699_cov_7.975000	4962	5084	0	122	122	1.0000000
NODE_306_length_29699_cov_7.975000	15088	15210	0	122	122	1.0000000
NODE_3074_length_15730_cov_6.973066	5088	5210	0	122	122	1.0000000
NODE_3075_length_15730_cov_6.173437	4962	5084	0	122	122	1.0000000
NODE_3076_length_15728_cov_8.151705	5004	5126	0	122	122	1.0000000
NODE_3078_length_15727_cov_8.888661	4920	5042	0	122	122	1.0000000
NODE_3079_length_15723_cov_9.275474	4962	5084	0	122	122	1.0000000
NODE_307_length_29679_cov_10.918864	4962	5084	0	122	122	1.0000000
NODE_307_length_29679_cov_10.918864	14962	15084	0	122	122	1.0000000
NODE_3080_length_15723_cov_7.621928	4962	5084	0	122	122	1.0000000
NODE_3081_length_15722_cov_8.210587	4962	5084	0	122	122	1.0000000
NODE_3083_length_15720_cov_8.302669	4962	5084	0	122	122	1.0000000
NODE_3084_length_15716_cov_8.293590	4962	5084	0	122	122	1.0000000
NODE_3085_length_15716_cov_7.314849	4962	5084	0	122	122	1.0000000
NODE_3086_length_15713_cov_7.698924	4962	5084	0	122	122	1.0000000
NODE_3087_length_15710_cov_7.783614	4836	4958	0	122	122	1.0000000
NODE_3088_length_15709_cov_8.640359	4962	5084	1	64	122	0.5245901
NODE_3088_length_15709_cov_8.640359	4962	5084	2	58	122	0.4754098
NODE_308_length_29644_cov_7.771873	4626	4748	0	122	122	1.0000000
NODE_308_length_29644_cov_7.771873	15004	15126	0	122	122	1.0000000
NODE_308_length_29644_cov_7.771873	24962	25084	0	122	122	1.0000000
NODE_3090_length_15707_cov_9.210021	4962	5084	0	122	122	1.0000000
NODE_3091_length_15706_cov_14.331005	5046	5168	0	122	122	1.0000000
NODE_3092_length_15706_cov_12.813930	5004	5126	0	122	122	1.0000000
NODE_3095_length_15699_cov_8.436154	4962	5084	0	122	122	1.0000000
NODE_3096_length_15697_cov_21.162521	4962	5084	0	68	122	0.5573770
NODE_3096_length_15697_cov_21.162521	4962	5084	2	54	122	0.4426230
NODE_3097_length_15695_cov_8.275968	5046	5168	0	122	122	1.0000000
NODE_3098_length_15695_cov_7.763465	4962	5084	0	122	122	1.0000000
NODE_3099_length_15695_cov_6.864068	4962	5084	0	122	122	1.0000000
NODE_309_length_29625_cov_9.968773	4962	5084	0	122	122	1.0000000
NODE_309_length_29625_cov_9.968773	14962	15084	0	122	122	1.0000000
NODE_30_length_53029_cov_3.019630	4962	5084	0	122	122	1.0000000
NODE_30_length_53029_cov_3.019630	14962	15084	0	122	122	1.0000000
NODE_30_length_53029_cov_3.019630	24962	25084	0	122	122	1.0000000
NODE_30_length_53029_cov_3.019630	34962	35084	0	122	122	1.0000000
NODE_30_length_53029_cov_3.019630	44962	45084	0	122	122	1.0000000
NODE_3100_length_15694_cov_9.606541	4794	4916	0	122	122	1.0000000
NODE_3102_length_15686_cov_9.519343	4962	5084	0	122	122	1.0000000
NODE_3103_length_15686_cov_8.522358	4962	5084	0	122	122	1.0000000
NODE_3104_length_15683_cov_9.848883	4962	5084	0	122	122	1.0000000
NODE_3105_length_15678_cov_9.045638	4962	5084	0	122	122	1.0000000
NODE_3106_length_15678_cov_7.894281	4962	5084	0	122	122	1.0000000
NODE_3108_length_15677_cov_13.940557	4962	5084	0	122	122	1.0000000
NODE_310_length_29616_cov_20.602602	5004	5126	0	122	122	1.0000000
NODE_310_length_29616_cov_20.602602	14962	15084	1	7	122	0.0573770
NODE_310_length_29616_cov_20.602602	14962	15084	3	30	122	0.2459016
NODE_310_length_29616_cov_20.602602	14962	15084	4	85	122	0.6967213
NODE_3110_length_15672_cov_9.574327	4962	5084	0	122	122	1.0000000
NODE_3111_length_15669_cov_16.618304	4962	5084	0	122	122	1.0000000
NODE_3112_length_15669_cov_6.929801	4962	5084	0	122	122	1.0000000
NODE_3115_length_15664_cov_8.724382	4962	5084	0	122	122	1.0000000
NODE_3116_length_15664_cov_7.800707	5004	5126	1	2	122	0.0163934
NODE_3116_length_15664_cov_7.800707	5004	5126	3	41	122	0.3360656
NODE_3116_length_15664_cov_7.800707	5004	5126	4	79	122	0.6475410
NODE_3119_length_15658_cov_8.370204	4962	5084	0	122	122	1.0000000
NODE_311_length_29605_cov_8.200095	4920	5042	0	122	122	1.0000000
NODE_311_length_29605_cov_8.200095	14962	15084	0	122	122	1.0000000
NODE_311_length_29605_cov_8.200095	24962	25084	0	122	122	1.0000000
NODE_3120_length_15657_cov_19.337640	4962	5084	0	5	122	0.0409836
NODE_3120_length_15657_cov_19.337640	4962	5084	1	75	122	0.6147541
NODE_3120_length_15657_cov_19.337640	4962	5084	2	42	122	0.3442623
NODE_3122_length_15655_cov_9.847904	4920	5042	0	122	122	1.0000000
NODE_3123_length_15653_cov_9.370837	4962	5084	0	122	122	1.0000000
NODE_3124_length_15653_cov_8.400283	5004	5126	0	122	122	1.0000000
NODE_3126_length_15650_cov_8.324224	4962	5084	0	122	122	1.0000000
NODE_3127_length_15650_cov_7.226030	4878	5000	0	122	122	1.0000000
NODE_3129_length_15649_cov_7.987331	4962	5084	0	122	122	1.0000000
NODE_312_length_29583_cov_24.882173	14962	15084	0	122	122	1.0000000
NODE_312_length_29583_cov_24.882173	24668	24790	1	122	122	1.0000000
NODE_3130_length_15649_cov_7.519100	4962	5084	0	47	122	0.3852459
NODE_3130_length_15649_cov_7.519100	4962	5084	1	22	122	0.1803279
NODE_3130_length_15649_cov_7.519100	4962	5084	2	53	122	0.4344262
NODE_3131_length_15645_cov_14.428342	5298	5420	0	122	122	1.0000000
NODE_3132_length_15643_cov_26.493824	4752	4874	0	97	122	0.7950820
NODE_3132_length_15643_cov_26.493824	4752	4874	1	25	122	0.2049180
NODE_3133_length_15643_cov_10.307514	5046	5168	0	122	122	1.0000000
NODE_3134_length_15642_cov_8.845525	4962	5084	0	122	122	1.0000000
NODE_3135_length_15642_cov_8.535161	4962	5084	0	14	122	0.1147541
NODE_3135_length_15642_cov_8.535161	4962	5084	1	23	122	0.1885246
NODE_3135_length_15642_cov_8.535161	4962	5084	2	85	122	0.6967213
NODE_3136_length_15641_cov_24.997877	4794	4916	0	122	122	1.0000000
NODE_3138_length_15632_cov_8.569497	4962	5084	0	122	122	1.0000000
NODE_3139_length_15630_cov_8.651793	4962	5084	0	54	122	0.4426230
NODE_3139_length_15630_cov_8.651793	4962	5084	1	68	122	0.5573770
NODE_313_length_29580_cov_9.409654	14962	15084	0	122	122	1.0000000
NODE_313_length_29580_cov_9.409654	24962	25084	0	122	122	1.0000000
NODE_3140_length_15629_cov_8.498583	5172	5294	0	122	122	1.0000000
NODE_3141_length_15628_cov_6.744993	4962	5084	0	122	122	1.0000000
NODE_3142_length_15627_cov_8.242336	5046	5168	0	10	122	0.0819672
NODE_3142_length_15627_cov_8.242336	5046	5168	1	30	122	0.2459016
NODE_3142_length_15627_cov_8.242336	5046	5168	2	82	122	0.6721311
NODE_3143_length_15627_cov_7.653916	5088	5210	0	122	122	1.0000000
NODE_3144_length_15626_cov_8.099440	4920	5042	0	62	122	0.5081967
NODE_3144_length_15626_cov_8.099440	4920	5042	1	60	122	0.4918033
NODE_3145_length_15625_cov_9.130942	4962	5084	0	122	122	1.0000000
NODE_3147_length_15620_cov_8.695123	5004	5126	0	122	122	1.0000000
NODE_3148_length_15615_cov_9.311807	4920	5042	0	122	122	1.0000000
NODE_3149_length_15612_cov_8.847418	4962	5084	0	122	122	1.0000000
NODE_314_length_29571_cov_12.543567	4962	5084	0	122	122	1.0000000
NODE_314_length_29571_cov_12.543567	14962	15084	0	122	122	1.0000000
NODE_314_length_29571_cov_12.543567	25046	25168	0	122	122	1.0000000
NODE_3150_length_15607_cov_8.426490	5130	5252	0	122	122	1.0000000
NODE_3151_length_15606_cov_8.603792	5130	5252	0	122	122	1.0000000
NODE_3152_length_15606_cov_7.497711	4920	5042	0	122	122	1.0000000
NODE_3153_length_15605_cov_26.689991	4878	5000	0	122	122	1.0000000
NODE_3156_length_15598_cov_7.168333	4962	5084	0	122	122	1.0000000
NODE_3157_length_15597_cov_8.579817	4542	4664	0	122	122	1.0000000
NODE_3158_length_15597_cov_8.438057	4962	5084	0	122	122	1.0000000
NODE_3159_length_15597_cov_8.027810	4962	5084	0	122	122	1.0000000
NODE_315_length_29536_cov_20.836702	15046	15168	0	122	122	1.0000000
NODE_315_length_29536_cov_20.836702	24962	25084	0	122	122	1.0000000
NODE_3161_length_15594_cov_6.898548	4962	5084	1	122	122	1.0000000
NODE_3162_length_15593_cov_10.664515	4920	5042	0	122	122	1.0000000
NODE_3163_length_15593_cov_7.657738	5088	5210	0	122	122	1.0000000
NODE_3164_length_15592_cov_7.846318	5088	5210	0	24	122	0.1967213
NODE_3164_length_15592_cov_7.846318	5088	5210	2	98	122	0.8032787
NODE_3165_length_15591_cov_10.123160	4962	5084	0	122	122	1.0000000
NODE_3166_length_15590_cov_8.660190	4962	5084	0	122	122	1.0000000
NODE_3167_length_15590_cov_7.446840	4962	5084	0	122	122	1.0000000
NODE_3168_length_15587_cov_14.076511	4962	5084	0	122	122	1.0000000
NODE_3169_length_15587_cov_7.836131	5004	5126	0	122	122	1.0000000
NODE_316_length_29485_cov_10.041959	4962	5084	0	122	122	1.0000000
NODE_316_length_29485_cov_10.041959	15088	15210	8	101	122	0.8278689
NODE_316_length_29485_cov_10.041959	15088	15210	16	21	122	0.1721312
NODE_3173_length_15583_cov_9.400607	4962	5084	0	122	122	1.0000000
NODE_3174_length_15583_cov_8.970098	4794	4916	0	122	122	1.0000000
NODE_3175_length_15583_cov_7.617476	4962	5084	0	122	122	1.0000000
NODE_3176_length_15580_cov_9.070667	4962	5084	0	122	122	1.0000000
NODE_3177_length_15579_cov_8.765891	5004	5126	0	122	122	1.0000000
NODE_3178_length_15579_cov_7.661757	4962	5084	0	122	122	1.0000000
NODE_3179_length_15576_cov_61.287136	5130	5252	0	122	122	1.0000000
NODE_317_length_29449_cov_10.516525	5046	5168	0	122	122	1.0000000
NODE_3180_length_15575_cov_7.009563	4962	5084	0	122	122	1.0000000
NODE_3181_length_15574_cov_12.864297	4962	5084	0	122	122	1.0000000
NODE_3182_length_15574_cov_7.887108	4962	5084	0	122	122	1.0000000
NODE_3184_length_15567_cov_9.526442	4962	5084	0	122	122	1.0000000
NODE_3185_length_15565_cov_7.369714	4920	5042	0	122	122	1.0000000
NODE_3186_length_15564_cov_7.911607	4930	5053	0	123	123	1.0000000
NODE_3187_length_15562_cov_6.068745	5004	5126	0	122	122	1.0000000
NODE_3188_length_15560_cov_9.248238	4962	5084	0	122	122	1.0000000
NODE_3189_length_15558_cov_9.882334	5004	5126	0	122	122	1.0000000
NODE_318_length_29430_cov_12.463435	4710	4832	0	122	122	1.0000000
NODE_318_length_29430_cov_12.463435	14962	15084	0	122	122	1.0000000
NODE_318_length_29430_cov_12.463435	24794	24916	0	46	122	0.3770492
NODE_318_length_29430_cov_12.463435	24794	24916	1	76	122	0.6229508
NODE_3190_length_15557_cov_8.623625	4962	5084	0	122	122	1.0000000
NODE_3191_length_15556_cov_30.960924	4920	5042	1	38	122	0.3114754
NODE_3191_length_15556_cov_30.960924	4920	5042	2	84	122	0.6885246
NODE_3192_length_15556_cov_7.069742	4962	5084	0	122	122	1.0000000
NODE_3193_length_15547_cov_7.278806	4920	5042	0	122	122	1.0000000
NODE_3194_length_15544_cov_17.316219	5046	5168	0	122	122	1.0000000
NODE_3195_length_15542_cov_7.816163	4962	5084	1	122	122	1.0000000
NODE_3197_length_15537_cov_8.188042	5130	5252	0	122	122	1.0000000
NODE_3199_length_15535_cov_8.323011	4962	5084	2	122	122	1.0000000
NODE_319_length_29422_cov_9.163967	4962	5084	0	122	122	1.0000000
NODE_319_length_29422_cov_9.163967	15004	15126	0	122	122	1.0000000
NODE_319_length_29422_cov_9.163967	24962	25084	0	42	122	0.3442623
NODE_319_length_29422_cov_9.163967	24962	25084	1	80	122	0.6557377
NODE_31_length_52010_cov_3.184527	4962	5084	0	122	122	1.0000000
NODE_31_length_52010_cov_3.184527	14962	15084	0	122	122	1.0000000
NODE_31_length_52010_cov_3.184527	24878	25000	0	122	122	1.0000000
NODE_31_length_52010_cov_3.184527	34962	35084	0	122	122	1.0000000
NODE_31_length_52010_cov_3.184527	44962	45084	0	122	122	1.0000000
NODE_3201_length_15535_cov_6.918373	4962	5084	0	122	122	1.0000000
NODE_3202_length_15531_cov_8.146708	4962	5084	0	122	122	1.0000000
NODE_3203_length_15527_cov_17.606430	4836	4958	0	122	122	1.0000000
NODE_3204_length_15526_cov_7.966034	4962	5084	0	122	122	1.0000000
NODE_3206_length_15524_cov_8.231896	4962	5084	0	122	122	1.0000000
NODE_3207_length_15523_cov_16.184971	4962	5084	0	122	122	1.0000000
NODE_3208_length_15523_cov_8.239367	4920	5042	0	56	122	0.4590164
NODE_3208_length_15523_cov_8.239367	4920	5042	2	19	122	0.1557377
NODE_3208_length_15523_cov_8.239367	4920	5042	4	47	122	0.3852459
NODE_3209_length_15522_cov_8.046684	5004	5126	0	122	122	1.0000000
NODE_320_length_29398_cov_8.606164	4962	5084	0	122	122	1.0000000
NODE_320_length_29398_cov_8.606164	24920	25042	0	122	122	1.0000000
NODE_3210_length_15519_cov_22.511025	4962	5084	1	30	122	0.2459016
NODE_3210_length_15519_cov_22.511025	4962	5084	2	92	122	0.7540984
NODE_3211_length_15519_cov_9.627108	4878	5000	0	122	122	1.0000000
NODE_3212_length_15518_cov_8.329269	4962	5084	0	122	122	1.0000000
NODE_3215_length_15517_cov_7.912764	5046	5168	0	122	122	1.0000000
NODE_3216_length_15516_cov_17.277551	4962	5084	0	122	122	1.0000000
NODE_3217_length_15515_cov_8.227037	4836	4958	0	122	122	1.0000000
NODE_3218_length_15514_cov_9.640285	5130	5252	0	122	122	1.0000000
NODE_3219_length_15514_cov_8.984950	5004	5126	0	122	122	1.0000000
NODE_321_length_29377_cov_10.589419	4962	5084	0	122	122	1.0000000
NODE_321_length_29377_cov_10.589419	14962	15084	0	30	122	0.2459016
NODE_321_length_29377_cov_10.589419	14962	15084	2	92	122	0.7540984
NODE_321_length_29377_cov_10.589419	24962	25084	0	122	122	1.0000000
NODE_3222_length_15506_cov_10.770104	4920	5042	0	57	122	0.4672131
NODE_3222_length_15506_cov_10.770104	4920	5042	2	65	122	0.5327869
NODE_3223_length_15506_cov_8.598559	4962	5084	1	21	122	0.1721312
NODE_3223_length_15506_cov_8.598559	4962	5084	2	101	122	0.8278689
NODE_3224_length_15504_cov_7.791107	4962	5084	0	122	122	1.0000000
NODE_3225_length_15493_cov_7.355138	5004	5126	0	1	122	0.0081967
NODE_3225_length_15493_cov_7.355138	5004	5126	3	32	122	0.2622951
NODE_3225_length_15493_cov_7.355138	5004	5126	5	89	122	0.7295082
NODE_3226_length_15492_cov_8.663224	4962	5084	0	122	122	1.0000000
NODE_3227_length_15490_cov_8.108050	4584	4706	0	122	122	1.0000000
NODE_3228_length_15488_cov_8.234908	4920	5042	0	122	122	1.0000000
NODE_3229_length_15485_cov_10.085987	4962	5084	0	122	122	1.0000000
NODE_322_length_29321_cov_8.117206	4962	5084	0	122	122	1.0000000
NODE_322_length_29321_cov_8.117206	14920	15042	0	122	122	1.0000000
NODE_322_length_29321_cov_8.117206	24962	25084	0	122	122	1.0000000
NODE_3230_length_15483_cov_7.668617	4920	5042	0	122	122	1.0000000
NODE_3231_length_15480_cov_8.094142	5088	5210	0	39	122	0.3196721
NODE_3231_length_15480_cov_8.094142	5088	5210	2	83	122	0.6803279
NODE_3232_length_15476_cov_9.109904	4962	5084	0	122	122	1.0000000
NODE_3233_length_15476_cov_8.699161	4962	5084	0	122	122	1.0000000
NODE_3234_length_15475_cov_7.831686	4962	5084	0	122	122	1.0000000
NODE_3235_length_15474_cov_21.109854	4962	5084	0	122	122	1.0000000
NODE_3236_length_15473_cov_14.056784	4962	5084	0	122	122	1.0000000
NODE_3237_length_15472_cov_28.978143	4920	5042	0	122	122	1.0000000
NODE_3239_length_15469_cov_7.430514	5046	5168	0	122	122	1.0000000
NODE_323_length_29251_cov_10.031970	4962	5084	0	122	122	1.0000000
NODE_323_length_29251_cov_10.031970	14752	14874	0	122	122	1.0000000
NODE_323_length_29251_cov_10.031970	25046	25168	0	21	122	0.1721312
NODE_323_length_29251_cov_10.031970	25046	25168	2	101	122	0.8278689
NODE_3240_length_15468_cov_36.551825	5046	5168	0	27	122	0.2213115
NODE_3240_length_15468_cov_36.551825	5046	5168	1	60	122	0.4918033
NODE_3240_length_15468_cov_36.551825	5046	5168	2	35	122	0.2868852
NODE_3241_length_15468_cov_7.289023	4962	5084	0	122	122	1.0000000
NODE_3242_length_15467_cov_4.508784	4962	5084	0	105	122	0.8606557
NODE_3242_length_15467_cov_4.508784	4962	5084	2	17	122	0.1393443
NODE_3243_length_15464_cov_10.066515	4962	5084	0	122	122	1.0000000
NODE_3244_length_15461_cov_8.105325	4962	5084	0	122	122	1.0000000
NODE_3246_length_15458_cov_7.111466	4962	5084	0	122	122	1.0000000
NODE_3247_length_15457_cov_8.254851	4962	5084	0	122	122	1.0000000
NODE_3248_length_15456_cov_12.496256	4962	5084	0	122	122	1.0000000
NODE_324_length_29241_cov_10.560600	5046	5168	0	122	122	1.0000000
NODE_324_length_29241_cov_10.560600	14962	15084	0	122	122	1.0000000
NODE_324_length_29241_cov_10.560600	24962	25084	0	122	122	1.0000000
NODE_3250_length_15450_cov_9.005211	4962	5084	0	122	122	1.0000000
NODE_3251_length_15450_cov_7.466810	5004	5126	0	122	122	1.0000000
NODE_3252_length_15448_cov_24.918431	4962	5084	0	122	122	1.0000000
NODE_3253_length_15448_cov_9.165222	5088	5210	0	122	122	1.0000000
NODE_3255_length_15443_cov_14.811457	5256	5378	0	122	122	1.0000000
NODE_3258_length_15440_cov_9.745844	4962	5084	0	122	122	1.0000000
NODE_3259_length_15435_cov_9.694510	4962	5084	0	122	122	1.0000000
NODE_325_length_29229_cov_8.889186	24962	25084	0	122	122	1.0000000
NODE_3260_length_15433_cov_8.925329	4878	5000	1	66	122	0.5409836
NODE_3260_length_15433_cov_8.925329	4878	5000	2	56	122	0.4590164
NODE_3261_length_15432_cov_7.526642	5004	5126	0	122	122	1.0000000
NODE_3264_length_15424_cov_8.615856	5004	5126	0	122	122	1.0000000
NODE_3265_length_15423_cov_9.122944	4962	5084	0	122	122	1.0000000
NODE_3267_length_15423_cov_8.092339	5172	5294	0	122	122	1.0000000
NODE_3268_length_15423_cov_6.507178	4962	5084	0	122	122	1.0000000
NODE_3269_length_15418_cov_9.318232	4962	5084	0	122	122	1.0000000
NODE_326_length_29218_cov_8.608709	5088	5210	0	122	122	1.0000000
NODE_326_length_29218_cov_8.608709	24920	25042	1	122	122	1.0000000
NODE_3270_length_15417_cov_10.881251	4962	5084	0	122	122	1.0000000
NODE_3271_length_15414_cov_8.500163	4962	5084	0	13	122	0.1065574
NODE_3271_length_15414_cov_8.500163	4962	5084	1	32	122	0.2622951
NODE_3271_length_15414_cov_8.500163	4962	5084	2	77	122	0.6311476
NODE_3273_length_15412_cov_9.636322	5046	5168	0	122	122	1.0000000
NODE_3274_length_15412_cov_6.188598	4920	5042	0	58	122	0.4754098
NODE_3274_length_15412_cov_6.188598	4920	5042	2	64	122	0.5245901
NODE_3275_length_15411_cov_7.837252	4920	5042	0	122	122	1.0000000
NODE_3276_length_15411_cov_7.299634	4500	4622	0	122	122	1.0000000
NODE_3277_length_15411_cov_6.805708	4962	5084	0	122	122	1.0000000
NODE_3278_length_15409_cov_19.548596	4710	4832	0	62	122	0.5081967
NODE_3278_length_15409_cov_19.548596	4710	4832	2	60	122	0.4918033
NODE_327_length_29208_cov_7.996874	4920	5042	0	122	122	1.0000000
NODE_327_length_29208_cov_7.996874	14962	15084	0	122	122	1.0000000
NODE_327_length_29208_cov_7.996874	25172	25294	0	122	122	1.0000000
NODE_3280_length_15406_cov_7.651989	4878	5000	0	122	122	1.0000000
NODE_3281_length_15404_cov_9.521072	4920	5042	0	122	122	1.0000000
NODE_3282_length_15400_cov_8.046402	4710	4832	0	36	122	0.2950820
NODE_3282_length_15400_cov_8.046402	4710	4832	2	86	122	0.7049180
NODE_3283_length_15398_cov_8.304726	4962	5084	1	122	122	1.0000000
NODE_3284_length_15398_cov_8.133277	4962	5084	0	122	122	1.0000000
NODE_3285_length_15397_cov_7.778272	4962	5084	0	122	122	1.0000000
NODE_3286_length_15395_cov_8.765429	4962	5084	0	122	122	1.0000000
NODE_3288_length_15392_cov_8.728961	4962	5084	0	43	122	0.3524590
NODE_3288_length_15392_cov_8.728961	4962	5084	6	79	122	0.6475410
NODE_3289_length_15391_cov_8.318402	4962	5084	0	122	122	1.0000000
NODE_328_length_29181_cov_11.490853	4962	5084	0	122	122	1.0000000
NODE_328_length_29181_cov_11.490853	14962	15084	0	122	122	1.0000000
NODE_3290_length_15389_cov_7.655723	4962	5084	0	29	122	0.2377049
NODE_3290_length_15389_cov_7.655723	4962	5084	1	93	122	0.7622951
NODE_3291_length_15386_cov_8.849087	4962	5084	0	59	122	0.4836065
NODE_3291_length_15386_cov_8.849087	4962	5084	2	63	122	0.5163934
NODE_3293_length_15386_cov_7.012298	4962	5084	0	122	122	1.0000000
NODE_3294_length_15384_cov_8.863526	4962	5084	0	122	122	1.0000000
NODE_3295_length_15382_cov_8.018190	4962	5084	0	65	122	0.5327869
NODE_3295_length_15382_cov_8.018190	4962	5084	1	9	122	0.0737705
NODE_3295_length_15382_cov_8.018190	4962	5084	3	48	122	0.3934426
NODE_3296_length_15381_cov_6.377241	4962	5084	0	122	122	1.0000000
NODE_3298_length_15376_cov_8.461740	4962	5084	0	122	122	1.0000000
NODE_3299_length_15374_cov_30.601506	4794	4916	0	122	122	1.0000000
NODE_329_length_29134_cov_8.514689	4962	5084	0	122	122	1.0000000
NODE_329_length_29134_cov_8.514689	14962	15084	0	122	122	1.0000000
NODE_32_length_51462_cov_10.103343	4962	5084	0	122	122	1.0000000
NODE_32_length_51462_cov_10.103343	14962	15084	0	122	122	1.0000000
NODE_32_length_51462_cov_10.103343	24962	25084	0	122	122	1.0000000
NODE_32_length_51462_cov_10.103343	34962	35084	0	24	122	0.1967213
NODE_32_length_51462_cov_10.103343	34962	35084	1	98	122	0.8032787
NODE_32_length_51462_cov_10.103343	44962	45084	0	122	122	1.0000000
NODE_3300_length_15370_cov_7.390086	4962	5084	0	122	122	1.0000000
NODE_3302_length_15364_cov_8.821160	5046	5168	0	122	122	1.0000000
NODE_3305_length_15361_cov_9.403289	4962	5084	0	122	122	1.0000000
NODE_3306_length_15361_cov_7.339929	4962	5084	0	122	122	1.0000000
NODE_3309_length_15360_cov_14.568115	4962	5084	4	8	122	0.0655738
NODE_3309_length_15360_cov_14.568115	4962	5084	8	17	122	0.1393443
NODE_3309_length_15360_cov_14.568115	4962	5084	10	1	122	0.0081967
NODE_3309_length_15360_cov_14.568115	4962	5084	12	96	122	0.7868853
NODE_330_length_29124_cov_8.315866	4962	5084	0	122	122	1.0000000
NODE_330_length_29124_cov_8.315866	14962	15084	0	122	122	1.0000000
NODE_3310_length_15360_cov_9.165192	4962	5084	0	122	122	1.0000000
NODE_3311_length_15359_cov_20.482503	4794	4916	1	39	122	0.3196721
NODE_3311_length_15359_cov_20.482503	4794	4916	2	83	122	0.6803279
NODE_3312_length_15358_cov_7.931516	4920	5042	0	42	122	0.3442623
NODE_3312_length_15358_cov_7.931516	4920	5042	2	80	122	0.6557377
NODE_3313_length_15356_cov_8.272465	4962	5084	0	122	122	1.0000000
NODE_3314_length_15355_cov_8.120018	4962	5084	0	122	122	1.0000000
NODE_3315_length_15354_cov_20.279712	4878	5000	1	16	122	0.1311475
NODE_3315_length_15354_cov_20.279712	4878	5000	3	106	122	0.8688524
NODE_3316_length_15353_cov_10.943621	4962	5084	0	122	122	1.0000000
NODE_3317_length_15352_cov_5.534124	4752	4874	0	122	122	1.0000000
NODE_3318_length_15351_cov_7.663192	5172	5294	0	122	122	1.0000000
NODE_331_length_29106_cov_9.021615	4962	5084	0	122	122	1.0000000
NODE_331_length_29106_cov_9.021615	14626	14748	0	122	122	1.0000000
NODE_331_length_29106_cov_9.021615	24962	25084	0	61	122	0.5000000
NODE_331_length_29106_cov_9.021615	24962	25084	1	61	122	0.5000000
NODE_3321_length_15344_cov_10.029977	4962	5084	0	122	122	1.0000000
NODE_3322_length_15344_cov_7.848803	4920	5042	0	122	122	1.0000000
NODE_3324_length_15342_cov_8.317457	5004	5126	0	122	122	1.0000000
NODE_3327_length_15337_cov_8.293411	4962	5084	0	122	122	1.0000000
NODE_3329_length_15336_cov_7.845836	4962	5084	0	122	122	1.0000000
NODE_332_length_29085_cov_8.815290	4878	5000	0	122	122	1.0000000
NODE_332_length_29085_cov_8.815290	25214	25336	0	122	122	1.0000000
NODE_3330_length_15336_cov_7.286080	4962	5084	0	122	122	1.0000000
NODE_3331_length_15336_cov_7.282798	4962	5084	0	122	122	1.0000000
NODE_3332_length_15336_cov_7.003413	4920	5042	0	122	122	1.0000000
NODE_3333_length_15335_cov_8.306708	4962	5084	0	122	122	1.0000000
NODE_3334_length_15333_cov_7.355061	4962	5084	0	9	122	0.0737705
NODE_3334_length_15333_cov_7.355061	4962	5084	1	15	122	0.1229508
NODE_3334_length_15333_cov_7.355061	4962	5084	2	98	122	0.8032787
NODE_3335_length_15331_cov_15.638130	4920	5042	0	122	122	1.0000000
NODE_3336_length_15326_cov_10.447298	4962	5084	0	21	122	0.1721312
NODE_3336_length_15326_cov_10.447298	4962	5084	1	20	122	0.1639344
NODE_3336_length_15326_cov_10.447298	4962	5084	2	6	122	0.0491803
NODE_3336_length_15326_cov_10.447298	4962	5084	3	75	122	0.6147541
NODE_3337_length_15326_cov_7.965128	4962	5084	0	3	122	0.0245902
NODE_3337_length_15326_cov_7.965128	4962	5084	2	119	122	0.9754099
NODE_3338_length_15323_cov_8.809905	4794	4916	0	122	122	1.0000000
NODE_3339_length_15322_cov_7.757801	4962	5084	1	3	122	0.0245902
NODE_3339_length_15322_cov_7.757801	4962	5084	2	119	122	0.9754099
NODE_333_length_29064_cov_8.723528	5046	5168	0	122	122	1.0000000
NODE_333_length_29064_cov_8.723528	14962	15084	1	4	122	0.0327869
NODE_333_length_29064_cov_8.723528	14962	15084	2	11	122	0.0901639
NODE_333_length_29064_cov_8.723528	14962	15084	3	32	122	0.2622951
NODE_333_length_29064_cov_8.723528	14962	15084	4	75	122	0.6147541
NODE_333_length_29064_cov_8.723528	24962	25084	0	122	122	1.0000000
NODE_3340_length_15321_cov_10.595060	4962	5084	0	122	122	1.0000000
NODE_3341_length_15321_cov_8.442189	4878	5000	0	122	122	1.0000000
NODE_3343_length_15320_cov_7.246304	4962	5084	0	122	122	1.0000000
NODE_3344_length_15318_cov_8.610881	4962	5084	0	28	122	0.2295082
NODE_3344_length_15318_cov_8.610881	4962	5084	3	2	122	0.0163934
NODE_3344_length_15318_cov_8.610881	4962	5084	4	92	122	0.7540984
NODE_3346_length_15316_cov_9.877768	4920	5042	0	122	122	1.0000000
NODE_3349_length_15308_cov_9.538563	4962	5084	0	122	122	1.0000000
NODE_334_length_29040_cov_9.016447	4962	5084	0	122	122	1.0000000
NODE_334_length_29040_cov_9.016447	14962	15084	0	122	122	1.0000000
NODE_3351_length_15304_cov_17.217889	4962	5084	0	122	122	1.0000000
NODE_3352_length_15304_cov_9.283525	5004	5126	0	122	122	1.0000000
NODE_3353_length_15303_cov_10.819192	4962	5084	0	122	122	1.0000000
NODE_3354_length_15295_cov_7.771848	4962	5084	0	122	122	1.0000000
NODE_3355_length_15295_cov_7.578310	4962	5084	0	122	122	1.0000000
NODE_335_length_28965_cov_8.042922	4878	5000	0	122	122	1.0000000
NODE_335_length_28965_cov_8.042922	15004	15126	0	24	122	0.1967213
NODE_335_length_28965_cov_8.042922	15004	15126	2	98	122	0.8032787
NODE_335_length_28965_cov_8.042922	25046	25168	0	122	122	1.0000000
NODE_3361_length_15289_cov_8.899605	5088	5210	0	122	122	1.0000000
NODE_3363_length_15286_cov_7.676500	4962	5084	0	122	122	1.0000000
NODE_3366_length_15282_cov_8.175986	4962	5084	0	65	122	0.5327869
NODE_3366_length_15282_cov_8.175986	4962	5084	2	57	122	0.4672131
NODE_3367_length_15282_cov_8.068629	4836	4958	0	4	122	0.0327869
NODE_3367_length_15282_cov_8.068629	4836	4958	2	118	122	0.9672131
NODE_336_length_28965_cov_7.740179	14962	15084	0	122	122	1.0000000
NODE_336_length_28965_cov_7.740179	24920	25042	0	122	122	1.0000000
NODE_3370_length_15274_cov_38.941351	4878	5000	0	7	122	0.0573770
NODE_3370_length_15274_cov_38.941351	4878	5000	1	60	122	0.4918033
NODE_3370_length_15274_cov_38.941351	4878	5000	12	55	122	0.4508197
NODE_3371_length_15270_cov_27.943445	4962	5084	0	122	122	1.0000000
NODE_3373_length_15269_cov_9.859394	5046	5168	0	122	122	1.0000000
NODE_3375_length_15265_cov_9.575036	4962	5084	0	122	122	1.0000000
NODE_3376_length_15265_cov_8.353818	4962	5084	0	122	122	1.0000000
NODE_3377_length_15264_cov_21.384174	4836	4958	0	122	122	1.0000000
NODE_3378_length_15264_cov_9.825190	4962	5084	0	22	122	0.1803279
NODE_3378_length_15264_cov_9.825190	4962	5084	1	40	122	0.3278688
NODE_3378_length_15264_cov_9.825190	4962	5084	2	60	122	0.4918033
NODE_337_length_28956_cov_8.673736	4962	5084	0	122	122	1.0000000
NODE_337_length_28956_cov_8.673736	15004	15126	0	122	122	1.0000000
NODE_337_length_28956_cov_8.673736	25004	25126	0	8	122	0.0655738
NODE_337_length_28956_cov_8.673736	25004	25126	1	37	122	0.3032787
NODE_337_length_28956_cov_8.673736	25004	25126	2	77	122	0.6311476
NODE_3380_length_15263_cov_14.446452	5088	5210	0	122	122	1.0000000
NODE_3381_length_15263_cov_7.289567	4962	5084	0	122	122	1.0000000
NODE_3384_length_15260_cov_9.114109	4962	5084	0	122	122	1.0000000
NODE_3385_length_15260_cov_8.247609	4962	5084	0	122	122	1.0000000
NODE_3386_length_15257_cov_10.274509	4962	5084	0	122	122	1.0000000
NODE_3387_length_15254_cov_8.074497	4794	4916	0	122	122	1.0000000
NODE_3388_length_15254_cov_6.881821	4962	5084	0	122	122	1.0000000
NODE_3389_length_15251_cov_7.353419	4962	5084	0	122	122	1.0000000
NODE_338_length_28918_cov_8.809223	14962	15084	0	81	122	0.6639344
NODE_338_length_28918_cov_8.809223	14962	15084	1	41	122	0.3360656
NODE_3390_length_15249_cov_7.668713	4920	5042	0	69	122	0.5655738
NODE_3390_length_15249_cov_7.668713	4920	5042	1	53	122	0.4344262
NODE_3392_length_15245_cov_6.369537	5004	5126	0	122	122	1.0000000
NODE_3393_length_15244_cov_10.349620	4962	5084	0	122	122	1.0000000
NODE_3394_length_15241_cov_20.581231	5046	5168	0	122	122	1.0000000
NODE_3395_length_15241_cov_9.579382	4962	5084	0	122	122	1.0000000
NODE_3396_length_15240_cov_13.921075	4962	5084	0	122	122	1.0000000
NODE_3397_length_15239_cov_8.442470	4962	5084	0	122	122	1.0000000
NODE_3399_length_15233_cov_8.472446	4962	5084	0	122	122	1.0000000
NODE_339_length_28909_cov_8.854148	4962	5084	0	122	122	1.0000000
NODE_339_length_28909_cov_8.854148	14962	15084	0	122	122	1.0000000
NODE_339_length_28909_cov_8.854148	24920	25042	0	122	122	1.0000000
NODE_33_length_51244_cov_9.031460	14962	15084	0	122	122	1.0000000
NODE_33_length_51244_cov_9.031460	25130	25252	0	122	122	1.0000000
NODE_33_length_51244_cov_9.031460	34962	35084	0	122	122	1.0000000
NODE_33_length_51244_cov_9.031460	44962	45084	0	122	122	1.0000000
NODE_3400_length_15232_cov_8.245094	4962	5084	0	122	122	1.0000000
NODE_3401_length_15231_cov_7.068795	5046	5168	0	122	122	1.0000000
NODE_3402_length_15231_cov_6.966495	4962	5084	0	122	122	1.0000000
NODE_3403_length_15228_cov_8.310067	5130	5252	0	122	122	1.0000000
NODE_3404_length_15224_cov_8.309884	4962	5084	0	122	122	1.0000000
NODE_3405_length_15219_cov_11.676389	4962	5084	0	122	122	1.0000000
NODE_3407_length_15206_cov_8.734494	4962	5084	0	122	122	1.0000000
NODE_3408_length_15204_cov_39.723204	4920	5042	0	11	122	0.0901639
NODE_3408_length_15204_cov_39.723204	4920	5042	1	111	122	0.9098361
NODE_3409_length_15201_cov_9.140180	4962	5084	0	122	122	1.0000000
NODE_340_length_28907_cov_10.485490	5046	5168	0	122	122	1.0000000
NODE_340_length_28907_cov_10.485490	14962	15084	0	122	122	1.0000000
NODE_340_length_28907_cov_10.485490	24962	25084	0	122	122	1.0000000
NODE_3412_length_15197_cov_10.645052	4962	5084	0	122	122	1.0000000
NODE_3413_length_15196_cov_7.625489	4962	5084	0	122	122	1.0000000
NODE_3414_length_15192_cov_18.791029	5004	5126	0	122	122	1.0000000
NODE_3415_length_15189_cov_8.325514	4962	5084	0	45	122	0.3688525
NODE_3415_length_15189_cov_8.325514	4962	5084	2	77	122	0.6311476
NODE_3416_length_15189_cov_7.226176	4836	4958	0	122	122	1.0000000
NODE_3417_length_15188_cov_10.884817	5046	5168	0	122	122	1.0000000
NODE_3418_length_15187_cov_7.730647	4962	5084	0	122	122	1.0000000
NODE_3419_length_15184_cov_7.782499	4962	5084	0	122	122	1.0000000
NODE_341_length_28899_cov_10.413090	5004	5126	0	122	122	1.0000000
NODE_341_length_28899_cov_10.413090	15004	15126	0	32	122	0.2622951
NODE_341_length_28899_cov_10.413090	15004	15126	1	42	122	0.3442623
NODE_341_length_28899_cov_10.413090	15004	15126	2	48	122	0.3934426
NODE_341_length_28899_cov_10.413090	24962	25084	1	23	122	0.1885246
NODE_341_length_28899_cov_10.413090	24962	25084	2	99	122	0.8114754
NODE_3420_length_15183_cov_9.269889	4962	5084	0	122	122	1.0000000
NODE_3421_length_15183_cov_8.433108	4962	5084	0	122	122	1.0000000
NODE_3422_length_15183_cov_8.430522	5046	5168	2	122	122	1.0000000
NODE_3423_length_15182_cov_11.068554	4962	5084	0	57	122	0.4672131
NODE_3423_length_15182_cov_11.068554	4962	5084	4	65	122	0.5327869
NODE_3424_length_15182_cov_8.148445	4962	5084	0	122	122	1.0000000
NODE_3425_length_15181_cov_8.865668	4878	5000	0	122	122	1.0000000
NODE_3426_length_15180_cov_37.425966	4962	5084	0	122	122	1.0000000
NODE_3427_length_15180_cov_9.074266	4962	5084	0	122	122	1.0000000
NODE_3429_length_15176_cov_22.866552	4962	5084	0	122	122	1.0000000
NODE_342_length_28884_cov_8.055758	4920	5042	0	122	122	1.0000000
NODE_3430_length_15176_cov_7.139816	5004	5126	0	122	122	1.0000000
NODE_3431_length_15175_cov_7.252322	4962	5084	0	122	122	1.0000000
NODE_3432_length_15175_cov_7.202773	5046	5168	0	26	122	0.2131148
NODE_3432_length_15175_cov_7.202773	5046	5168	1	96	122	0.7868853
NODE_3433_length_15169_cov_10.732382	4626	4748	0	122	122	1.0000000
NODE_3434_length_15168_cov_6.628243	4962	5084	0	122	122	1.0000000
NODE_3435_length_15167_cov_9.984271	4962	5084	1	14	122	0.1147541
NODE_3435_length_15167_cov_9.984271	4962	5084	2	58	122	0.4754098
NODE_3435_length_15167_cov_9.984271	4962	5084	3	50	122	0.4098361
NODE_3437_length_15163_cov_6.456652	4878	5000	0	122	122	1.0000000
NODE_3439_length_15161_cov_8.872129	4878	5000	0	25	122	0.2049180
NODE_3439_length_15161_cov_8.872129	4878	5000	1	26	122	0.2131148
NODE_3439_length_15161_cov_8.872129	4878	5000	2	71	122	0.5819672
NODE_343_length_28883_cov_9.173152	5172	5294	0	122	122	1.0000000
NODE_343_length_28883_cov_9.173152	15130	15252	0	122	122	1.0000000
NODE_3440_length_15160_cov_7.327667	4962	5084	0	122	122	1.0000000
NODE_3441_length_15158_cov_9.614981	4962	5084	0	122	122	1.0000000
NODE_3442_length_15156_cov_8.666202	4962	5084	0	122	122	1.0000000
NODE_3445_length_15155_cov_58.790582	4962	5084	0	122	122	1.0000000
NODE_3446_length_15155_cov_7.233727	4962	5084	0	122	122	1.0000000
NODE_3447_length_15149_cov_15.455482	5214	5336	0	122	122	1.0000000
NODE_3448_length_15148_cov_8.632932	4962	5084	0	122	122	1.0000000
NODE_3449_length_15143_cov_8.719423	4962	5084	0	122	122	1.0000000
NODE_344_length_28882_cov_8.228989	4962	5084	0	122	122	1.0000000
NODE_344_length_28882_cov_8.228989	14962	15084	1	32	122	0.2622951
NODE_344_length_28882_cov_8.228989	14962	15084	3	42	122	0.3442623
NODE_344_length_28882_cov_8.228989	14962	15084	4	48	122	0.3934426
NODE_344_length_28882_cov_8.228989	24962	25084	0	1	122	0.0081967
NODE_344_length_28882_cov_8.228989	24962	25084	2	121	122	0.9918033
NODE_3450_length_15143_cov_7.204533	5046	5168	0	122	122	1.0000000
NODE_3452_length_15138_cov_8.367378	4962	5084	0	122	122	1.0000000
NODE_3453_length_15137_cov_23.415414	4836	4958	0	122	122	1.0000000
NODE_3454_length_15135_cov_9.549215	4962	5084	0	122	122	1.0000000
NODE_3456_length_15131_cov_7.757118	4962	5084	0	122	122	1.0000000
NODE_3457_length_15128_cov_14.159092	4920	5042	0	122	122	1.0000000
NODE_3458_length_15125_cov_8.532011	4962	5084	0	122	122	1.0000000
NODE_3459_length_15125_cov_7.455677	5004	5126	0	122	122	1.0000000
NODE_345_length_28821_cov_2.595989	24962	25084	0	122	122	1.0000000
NODE_3460_length_15123_cov_15.586994	4962	5084	0	122	122	1.0000000
NODE_3461_length_15123_cov_8.856696	4962	5084	0	122	122	1.0000000
NODE_3462_length_15121_cov_8.989815	4962	5084	0	122	122	1.0000000
NODE_3463_length_15120_cov_8.018907	5088	5210	0	23	122	0.1885246
NODE_3463_length_15120_cov_8.018907	5088	5210	1	28	122	0.2295082
NODE_3463_length_15120_cov_8.018907	5088	5210	4	71	122	0.5819672
NODE_3464_length_15118_cov_22.936214	4962	5084	0	122	122	1.0000000
NODE_3465_length_15109_cov_9.045570	4920	5042	0	122	122	1.0000000
NODE_3466_length_15109_cov_8.906063	4962	5084	0	122	122	1.0000000
NODE_3467_length_15108_cov_9.122393	4962	5084	0	122	122	1.0000000
NODE_3468_length_15107_cov_8.315498	4962	5084	0	29	122	0.2377049
NODE_3468_length_15107_cov_8.315498	4962	5084	2	93	122	0.7622951
NODE_3469_length_15105_cov_9.560776	5046	5168	0	122	122	1.0000000
NODE_346_length_28818_cov_8.799993	15004	15126	0	122	122	1.0000000
NODE_3470_length_15105_cov_9.145342	4962	5084	0	122	122	1.0000000
NODE_3471_length_15104_cov_7.774475	4962	5084	0	122	122	1.0000000
NODE_3472_length_15102_cov_7.627141	4962	5084	0	122	122	1.0000000
NODE_3473_length_15101_cov_9.926676	4962	5084	0	122	122	1.0000000
NODE_3474_length_15096_cov_6.855371	4962	5084	0	122	122	1.0000000
NODE_3475_length_15095_cov_8.839491	4836	4958	0	3	122	0.0245902
NODE_3475_length_15095_cov_8.839491	4836	4958	1	31	122	0.2540984
NODE_3475_length_15095_cov_8.839491	4836	4958	2	1	122	0.0081967
NODE_3475_length_15095_cov_8.839491	4836	4958	3	87	122	0.7131147
NODE_3477_length_15093_cov_7.974190	4962	5084	0	122	122	1.0000000
NODE_347_length_28804_cov_8.590350	4794	4916	0	122	122	1.0000000
NODE_347_length_28804_cov_8.590350	15088	15210	0	122	122	1.0000000
NODE_347_length_28804_cov_8.590350	24920	25042	0	122	122	1.0000000
NODE_3480_length_15088_cov_8.234705	4962	5084	0	122	122	1.0000000
NODE_3481_length_15087_cov_7.033227	5088	5210	0	122	122	1.0000000
NODE_3484_length_15085_cov_9.331242	5004	5126	0	122	122	1.0000000
NODE_3485_length_15081_cov_7.710386	5004	5126	0	122	122	1.0000000
NODE_3487_length_15080_cov_7.287230	4962	5084	0	4	122	0.0327869
NODE_3487_length_15080_cov_7.287230	4962	5084	1	118	122	0.9672131
NODE_3488_length_15078_cov_10.140597	5088	5210	0	122	122	1.0000000
NODE_3489_length_15075_cov_6.882078	4962	5084	0	122	122	1.0000000
NODE_348_length_28782_cov_9.097584	5088	5210	0	122	122	1.0000000
NODE_348_length_28782_cov_9.097584	14962	15084	0	122	122	1.0000000
NODE_348_length_28782_cov_9.097584	24920	25042	0	122	122	1.0000000
NODE_3490_length_15072_cov_7.360582	4962	5084	0	122	122	1.0000000
NODE_3491_length_15069_cov_6.961389	5088	5210	0	122	122	1.0000000
NODE_3492_length_15068_cov_7.824370	4962	5084	0	3	122	0.0245902
NODE_3492_length_15068_cov_7.824370	4962	5084	1	119	122	0.9754099
NODE_3494_length_15067_cov_9.815206	4962	5084	0	122	122	1.0000000
NODE_3496_length_15066_cov_8.981092	4920	5042	0	122	122	1.0000000
NODE_3497_length_15065_cov_9.447815	4962	5084	0	122	122	1.0000000
NODE_3498_length_15065_cov_9.227382	4962	5084	0	122	122	1.0000000
NODE_3499_length_15062_cov_10.433536	4962	5084	0	8	122	0.0655738
NODE_3499_length_15062_cov_10.433536	4962	5084	1	82	122	0.6721311
NODE_3499_length_15062_cov_10.433536	4962	5084	2	32	122	0.2622951
NODE_349_length_28763_cov_8.744453	5004	5126	0	12	122	0.0983607
NODE_349_length_28763_cov_8.744453	5004	5126	1	22	122	0.1803279
NODE_349_length_28763_cov_8.744453	5004	5126	2	88	122	0.7213115
NODE_349_length_28763_cov_8.744453	14962	15084	0	122	122	1.0000000
NODE_349_length_28763_cov_8.744453	24962	25084	0	122	122	1.0000000
NODE_34_length_50551_cov_8.557698	4962	5084	0	122	122	1.0000000
NODE_34_length_50551_cov_8.557698	14962	15084	0	122	122	1.0000000
NODE_34_length_50551_cov_8.557698	24962	25084	0	27	122	0.2213115
NODE_34_length_50551_cov_8.557698	24962	25084	2	95	122	0.7786885
NODE_34_length_50551_cov_8.557698	34668	34790	0	122	122	1.0000000
NODE_3500_length_15062_cov_6.702867	5004	5126	0	122	122	1.0000000
NODE_3501_length_15058_cov_8.115048	5004	5126	0	50	122	0.4098361
NODE_3501_length_15058_cov_8.115048	5004	5126	2	72	122	0.5901639
NODE_3502_length_15056_cov_6.589156	4962	5084	0	122	122	1.0000000
NODE_3503_length_15054_cov_11.858108	4962	5084	0	122	122	1.0000000
NODE_3506_length_15050_cov_10.225069	4962	5084	0	122	122	1.0000000
NODE_3508_length_15050_cov_7.154906	5004	5126	0	122	122	1.0000000
NODE_3509_length_15049_cov_8.787358	4962	5084	0	122	122	1.0000000
NODE_350_length_28762_cov_9.933782	5004	5126	0	122	122	1.0000000
NODE_350_length_28762_cov_9.933782	14962	15084	0	49	122	0.4016393
NODE_350_length_28762_cov_9.933782	14962	15084	1	73	122	0.5983607
NODE_350_length_28762_cov_9.933782	24962	25084	0	2	122	0.0163934
NODE_350_length_28762_cov_9.933782	24962	25084	2	120	122	0.9836066
NODE_3510_length_15048_cov_8.983210	4920	5042	0	122	122	1.0000000
NODE_3512_length_15046_cov_3.509400	4962	5084	0	122	122	1.0000000
NODE_3514_length_15045_cov_2.365583	4962	5084	0	122	122	1.0000000
NODE_3515_length_15041_cov_7.932606	4962	5084	0	122	122	1.0000000
NODE_3516_length_15033_cov_46.791616	4962	5084	0	122	122	1.0000000
NODE_3517_length_15032_cov_8.775062	4962	5084	0	122	122	1.0000000
NODE_3518_length_15031_cov_20.722475	4962	5084	0	122	122	1.0000000
NODE_3519_length_15030_cov_6.378541	4878	5000	0	122	122	1.0000000
NODE_351_length_28748_cov_44.697616	4962	5084	0	122	122	1.0000000
NODE_351_length_28748_cov_44.697616	14962	15084	0	122	122	1.0000000
NODE_3520_length_15029_cov_22.391293	5088	5210	1	121	122	0.9918033
NODE_3520_length_15029_cov_22.391293	5088	5210	2	1	122	0.0081967
NODE_3521_length_15029_cov_9.624983	4962	5084	0	122	122	1.0000000
NODE_3522_length_15028_cov_7.719271	5004	5126	0	122	122	1.0000000
NODE_3523_length_15028_cov_6.943332	4962	5084	0	122	122	1.0000000
NODE_3524_length_15026_cov_10.107858	4962	5084	0	122	122	1.0000000
NODE_3525_length_15026_cov_8.840423	4962	5084	0	122	122	1.0000000
NODE_3527_length_15023_cov_8.993500	4962	5084	0	122	122	1.0000000
NODE_3528_length_15023_cov_7.997655	4962	5084	0	122	122	1.0000000
NODE_3529_length_15023_cov_7.706312	4962	5084	0	122	122	1.0000000
NODE_352_length_28724_cov_18.651389	4962	5084	0	122	122	1.0000000
NODE_352_length_28724_cov_18.651389	14962	15084	0	122	122	1.0000000
NODE_352_length_28724_cov_18.651389	24920	25042	0	28	122	0.2295082
NODE_352_length_28724_cov_18.651389	24920	25042	5	94	122	0.7704918
NODE_3530_length_15022_cov_9.050928	4920	5042	0	122	122	1.0000000
NODE_3531_length_15022_cov_8.040944	4962	5084	0	122	122	1.0000000
NODE_3532_length_15022_cov_7.578235	5172	5294	0	30	122	0.2459016
NODE_3532_length_15022_cov_7.578235	5172	5294	2	92	122	0.7540984
NODE_3535_length_15021_cov_7.651856	5046	5168	0	122	122	1.0000000
NODE_3536_length_15020_cov_9.417130	4962	5084	0	122	122	1.0000000
NODE_3537_length_15019_cov_12.693499	4920	5042	0	122	122	1.0000000
NODE_3538_length_15016_cov_41.559764	4962	5084	0	122	122	1.0000000
NODE_3539_length_15016_cov_8.542736	5256	5378	0	122	122	1.0000000
NODE_353_length_28683_cov_18.146341	14962	15084	0	122	122	1.0000000
NODE_353_length_28683_cov_18.146341	25088	25210	0	122	122	1.0000000
NODE_3542_length_15006_cov_8.173341	4962	5084	0	122	122	1.0000000
NODE_3543_length_15000_cov_7.990672	4962	5084	0	122	122	1.0000000
NODE_3548_length_14991_cov_7.641620	4500	4622	0	122	122	1.0000000
NODE_354_length_28662_cov_16.921017	14962	15084	0	122	122	1.0000000
NODE_354_length_28662_cov_16.921017	24920	25042	0	122	122	1.0000000
NODE_3550_length_14989_cov_8.259033	4962	5084	0	122	122	1.0000000
NODE_3551_length_14987_cov_8.920070	4962	5084	1	12	122	0.0983607
NODE_3551_length_14987_cov_8.920070	4962	5084	2	110	122	0.9016393
NODE_3552_length_14987_cov_7.747448	4836	4958	0	122	122	1.0000000
NODE_3554_length_14984_cov_8.150621	4920	5042	0	122	122	1.0000000
NODE_3555_length_14983_cov_7.262900	5172	5294	0	38	122	0.3114754
NODE_3555_length_14983_cov_7.262900	5172	5294	1	60	122	0.4918033
NODE_3555_length_14983_cov_7.262900	5172	5294	2	24	122	0.1967213
NODE_3556_length_14982_cov_17.916683	5004	5126	0	122	122	1.0000000
NODE_3557_length_14982_cov_8.451723	4962	5084	0	122	122	1.0000000
NODE_3558_length_14980_cov_6.567301	4752	4874	0	122	122	1.0000000
NODE_3559_length_14978_cov_8.467437	4878	5000	0	122	122	1.0000000
NODE_355_length_28657_cov_8.570663	5004	5126	0	122	122	1.0000000
NODE_355_length_28657_cov_8.570663	14962	15084	0	122	122	1.0000000
NODE_355_length_28657_cov_8.570663	24962	25084	0	122	122	1.0000000
NODE_3560_length_14978_cov_8.011224	4962	5084	0	122	122	1.0000000
NODE_3561_length_14976_cov_7.856692	4962	5084	0	122	122	1.0000000
NODE_3562_length_14974_cov_13.903395	4962	5084	0	122	122	1.0000000
NODE_3563_length_14973_cov_7.611671	4962	5084	0	122	122	1.0000000
NODE_3564_length_14972_cov_8.532509	5298	5420	0	122	122	1.0000000
NODE_3566_length_14969_cov_8.446604	4962	5084	0	122	122	1.0000000
NODE_3567_length_14965_cov_13.040495	4920	5042	0	122	122	1.0000000
NODE_3569_length_14965_cov_7.696085	4710	4832	0	8	122	0.0655738
NODE_3569_length_14965_cov_7.696085	4710	4832	2	114	122	0.9344262
NODE_356_length_28649_cov_9.929912	5004	5126	0	122	122	1.0000000
NODE_356_length_28649_cov_9.929912	14878	15000	0	122	122	1.0000000
NODE_356_length_28649_cov_9.929912	24962	25084	0	122	122	1.0000000
NODE_3574_length_14955_cov_8.968094	4962	5084	0	30	122	0.2459016
NODE_3574_length_14955_cov_8.968094	4962	5084	2	92	122	0.7540984
NODE_3575_length_14955_cov_7.828150	4920	5042	0	122	122	1.0000000
NODE_3576_length_14954_cov_8.682195	5004	5126	0	122	122	1.0000000
NODE_3578_length_14951_cov_8.051778	4962	5084	0	122	122	1.0000000
NODE_3579_length_14946_cov_8.872499	5046	5168	0	122	122	1.0000000
NODE_357_length_28642_cov_6.928179	14962	15084	0	122	122	1.0000000
NODE_357_length_28642_cov_6.928179	24962	25084	0	122	122	1.0000000
NODE_3580_length_14943_cov_11.783684	5004	5126	0	122	122	1.0000000
NODE_3581_length_14943_cov_9.272299	4962	5084	0	122	122	1.0000000
NODE_3582_length_14943_cov_7.994409	4878	5000	0	122	122	1.0000000
NODE_3583_length_14942_cov_31.921849	4962	5084	0	122	122	1.0000000
NODE_3586_length_14939_cov_6.800876	4878	5000	0	122	122	1.0000000
NODE_3587_length_14937_cov_8.530867	4962	5084	0	122	122	1.0000000
NODE_3589_length_14931_cov_6.811691	5004	5126	0	1	122	0.0081967
NODE_3589_length_14931_cov_6.811691	5004	5126	1	121	122	0.9918033
NODE_358_length_28555_cov_8.357464	4962	5084	1	64	122	0.5245901
NODE_358_length_28555_cov_8.357464	4962	5084	2	58	122	0.4754098
NODE_358_length_28555_cov_8.357464	14962	15084	0	122	122	1.0000000
NODE_358_length_28555_cov_8.357464	25046	25168	0	122	122	1.0000000
NODE_3590_length_14928_cov_9.365433	4962	5084	1	60	122	0.4918033
NODE_3590_length_14928_cov_9.365433	4962	5084	3	62	122	0.5081967
NODE_3591_length_14927_cov_8.323982	4962	5084	0	122	122	1.0000000
NODE_3592_length_14925_cov_7.644274	4962	5084	0	122	122	1.0000000
NODE_3593_length_14924_cov_8.881282	5004	5126	0	122	122	1.0000000
NODE_3598_length_14921_cov_9.101403	4962	5084	0	122	122	1.0000000
NODE_3599_length_14920_cov_7.909655	4962	5084	0	122	122	1.0000000
NODE_359_length_28533_cov_8.166139	4962	5084	0	122	122	1.0000000
NODE_359_length_28533_cov_8.166139	24962	25084	0	122	122	1.0000000
NODE_35_length_50036_cov_2.973006	5004	5126	0	122	122	1.0000000
NODE_35_length_50036_cov_2.973006	14962	15084	0	122	122	1.0000000
NODE_35_length_50036_cov_2.973006	25256	25378	0	122	122	1.0000000
NODE_35_length_50036_cov_2.973006	34962	35084	0	122	122	1.0000000
NODE_35_length_50036_cov_2.973006	44920	45042	0	122	122	1.0000000
NODE_3600_length_14919_cov_7.903711	4962	5084	0	122	122	1.0000000
NODE_3602_length_14911_cov_8.329665	4962	5084	0	122	122	1.0000000
NODE_3605_length_14909_cov_7.573937	4962	5084	0	122	122	1.0000000
NODE_3608_length_14907_cov_7.131348	4962	5084	0	122	122	1.0000000
NODE_3609_length_14906_cov_52.606335	4962	5084	2	122	122	1.0000000
NODE_360_length_28512_cov_8.047091	4962	5084	0	122	122	1.0000000
NODE_360_length_28512_cov_8.047091	14962	15084	0	122	122	1.0000000
NODE_360_length_28512_cov_8.047091	24962	25084	0	122	122	1.0000000
NODE_3610_length_14905_cov_8.845130	5004	5126	0	122	122	1.0000000
NODE_3611_length_14903_cov_8.943326	4962	5084	0	122	122	1.0000000
NODE_3612_length_14898_cov_7.742685	4962	5084	0	122	122	1.0000000
NODE_3613_length_14896_cov_9.587552	4962	5084	0	122	122	1.0000000
NODE_3615_length_14893_cov_9.081858	5004	5126	0	122	122	1.0000000
NODE_3616_length_14890_cov_8.261375	4962	5084	0	122	122	1.0000000
NODE_3619_length_14887_cov_8.751082	5046	5168	0	122	122	1.0000000
NODE_361_length_28483_cov_24.754968	14962	15084	0	122	122	1.0000000
NODE_361_length_28483_cov_24.754968	24920	25042	0	122	122	1.0000000
NODE_3620_length_14886_cov_9.176371	4962	5084	1	12	122	0.0983607
NODE_3620_length_14886_cov_9.176371	4962	5084	2	110	122	0.9016393
NODE_3621_length_14884_cov_7.293879	4962	5084	0	122	122	1.0000000
NODE_3623_length_14880_cov_5.950545	5172	5294	0	122	122	1.0000000
NODE_3624_length_14879_cov_7.353451	4962	5084	0	122	122	1.0000000
NODE_3625_length_14876_cov_8.718278	4878	5000	0	122	122	1.0000000
NODE_3626_length_14876_cov_8.102186	4962	5084	0	122	122	1.0000000
NODE_3627_length_14876_cov_8.048115	4962	5084	0	122	122	1.0000000
NODE_3628_length_14874_cov_7.760948	4878	5000	0	122	122	1.0000000
NODE_3629_length_14873_cov_13.325504	4962	5084	0	122	122	1.0000000
NODE_362_length_28468_cov_8.751172	4962	5084	0	122	122	1.0000000
NODE_362_length_28468_cov_8.751172	14920	15042	0	122	122	1.0000000
NODE_3630_length_14871_cov_9.802938	4962	5084	0	47	122	0.3852459
NODE_3630_length_14871_cov_9.802938	4962	5084	1	75	122	0.6147541
NODE_3632_length_14870_cov_8.750457	4962	5084	0	122	122	1.0000000
NODE_3635_length_14868_cov_8.878326	4962	5084	0	122	122	1.0000000
NODE_3636_length_14867_cov_29.049160	4962	5084	0	122	122	1.0000000
NODE_3638_length_14865_cov_8.711093	4962	5084	0	122	122	1.0000000
NODE_3639_length_14865_cov_8.508465	4962	5084	0	122	122	1.0000000
NODE_363_length_28464_cov_9.671038	5088	5210	0	122	122	1.0000000
NODE_363_length_28464_cov_9.671038	14962	15084	0	122	122	1.0000000
NODE_363_length_28464_cov_9.671038	24836	24958	0	7	122	0.0573770
NODE_363_length_28464_cov_9.671038	24836	24958	1	86	122	0.7049180
NODE_363_length_28464_cov_9.671038	24836	24958	3	29	122	0.2377049
NODE_3640_length_14863_cov_8.818206	4962	5084	0	122	122	1.0000000
NODE_3642_length_14859_cov_18.868089	4962	5084	0	122	122	1.0000000
NODE_3644_length_14859_cov_7.407453	4920	5042	0	122	122	1.0000000
NODE_3645_length_14858_cov_10.973304	4500	4622	0	122	122	1.0000000
NODE_3647_length_14857_cov_8.754709	4962	5084	0	122	122	1.0000000
NODE_3649_length_14854_cov_28.138936	4920	5042	0	122	122	1.0000000
NODE_364_length_28457_cov_9.801996	14962	15084	0	122	122	1.0000000
NODE_364_length_28457_cov_9.801996	24962	25084	2	122	122	1.0000000
NODE_3650_length_14854_cov_8.424195	4962	5084	0	122	122	1.0000000
NODE_3651_length_14853_cov_9.418395	4962	5084	0	122	122	1.0000000
NODE_3653_length_14849_cov_15.055661	4752	4874	0	122	122	1.0000000
NODE_3654_length_14849_cov_9.142915	4962	5084	0	122	122	1.0000000
NODE_3655_length_14849_cov_8.215119	4962	5084	0	122	122	1.0000000
NODE_3656_length_14847_cov_8.614117	4920	5042	0	122	122	1.0000000
NODE_3657_length_14846_cov_12.636197	4962	5084	0	122	122	1.0000000
NODE_3659_length_14843_cov_32.612588	4962	5084	0	122	122	1.0000000
NODE_365_length_28398_cov_8.852645	14962	15084	0	122	122	1.0000000
NODE_365_length_28398_cov_8.852645	24962	25084	0	122	122	1.0000000
NODE_3660_length_14842_cov_20.202672	4962	5084	0	122	122	1.0000000
NODE_3661_length_14842_cov_8.235162	5004	5126	0	122	122	1.0000000
NODE_3662_length_14842_cov_7.691515	5004	5126	9	5	122	0.0409836
NODE_3662_length_14842_cov_7.691515	5004	5126	10	117	122	0.9590164
NODE_3664_length_14839_cov_8.780868	4962	5084	0	122	122	1.0000000
NODE_3665_length_14836_cov_7.313564	4920	5042	0	58	122	0.4754098
NODE_3665_length_14836_cov_7.313564	4920	5042	1	64	122	0.5245901
NODE_3666_length_14835_cov_11.981813	4962	5084	0	86	122	0.7049180
NODE_3666_length_14835_cov_11.981813	4962	5084	1	36	122	0.2950820
NODE_3667_length_14834_cov_13.783305	4962	5084	1	122	122	1.0000000
NODE_3668_length_14830_cov_8.523861	4962	5084	0	122	122	1.0000000
NODE_366_length_28397_cov_10.037458	5130	5252	0	122	122	1.0000000
NODE_366_length_28397_cov_10.037458	14962	15084	0	122	122	1.0000000
NODE_366_length_28397_cov_10.037458	24962	25084	0	70	122	0.5737705
NODE_366_length_28397_cov_10.037458	24962	25084	1	52	122	0.4262295
NODE_3671_length_14825_cov_9.112862	4962	5084	0	122	122	1.0000000
NODE_3673_length_14824_cov_8.291409	4962	5084	0	122	122	1.0000000
NODE_3674_length_14824_cov_7.377182	4962	5084	0	122	122	1.0000000
NODE_3675_length_14823_cov_8.895748	4920	5042	0	122	122	1.0000000
NODE_3676_length_14822_cov_13.855872	4710	4832	0	122	122	1.0000000
NODE_3677_length_14822_cov_7.823134	4962	5084	0	122	122	1.0000000
NODE_3678_length_14821_cov_9.886225	4962	5084	0	122	122	1.0000000
NODE_3679_length_14819_cov_13.810666	4962	5084	0	122	122	1.0000000
NODE_367_length_28370_cov_11.691910	14962	15084	0	122	122	1.0000000
NODE_367_length_28370_cov_11.691910	25340	25462	0	122	122	1.0000000
NODE_3680_length_14813_cov_7.899959	4962	5084	0	20	122	0.1639344
NODE_3680_length_14813_cov_7.899959	4962	5084	4	102	122	0.8360656
NODE_3682_length_14811_cov_10.073477	4962	5084	0	122	122	1.0000000
NODE_3683_length_14811_cov_7.414763	4962	5084	0	122	122	1.0000000
NODE_3684_length_14810_cov_18.299164	4626	4748	0	122	122	1.0000000
NODE_3687_length_14806_cov_7.739716	4962	5084	0	122	122	1.0000000
NODE_3688_length_14804_cov_24.756749	4962	5084	0	122	122	1.0000000
NODE_368_length_28359_cov_3.133546	4962	5084	0	122	122	1.0000000
NODE_368_length_28359_cov_3.133546	24962	25084	0	122	122	1.0000000
NODE_3690_length_14803_cov_10.384045	4962	5084	0	122	122	1.0000000
NODE_3691_length_14801_cov_48.441232	4920	5042	2	122	122	1.0000000
NODE_3692_length_14801_cov_14.109985	4962	5084	0	122	122	1.0000000
NODE_3693_length_14801_cov_13.691198	4962	5084	0	122	122	1.0000000
NODE_3695_length_14799_cov_10.231973	5046	5168	0	122	122	1.0000000
NODE_3696_length_14798_cov_20.055718	4962	5084	0	34	122	0.2786885
NODE_3696_length_14798_cov_20.055718	4962	5084	1	30	122	0.2459016
NODE_3696_length_14798_cov_20.055718	4962	5084	2	58	122	0.4754098
NODE_3697_length_14797_cov_8.028235	4962	5084	0	122	122	1.0000000
NODE_3699_length_14794_cov_8.150119	5004	5126	0	122	122	1.0000000
NODE_369_length_28352_cov_8.801118	5088	5210	0	122	122	1.0000000
NODE_369_length_28352_cov_8.801118	14962	15084	0	122	122	1.0000000
NODE_36_length_49449_cov_13.367518	14962	15084	0	122	122	1.0000000
NODE_36_length_49449_cov_13.367518	24920	25042	0	122	122	1.0000000
NODE_36_length_49449_cov_13.367518	34962	35084	0	24	122	0.1967213
NODE_36_length_49449_cov_13.367518	34962	35084	1	98	122	0.8032787
NODE_3700_length_14793_cov_12.321151	4962	5084	0	122	122	1.0000000
NODE_3701_length_14792_cov_8.507384	4920	5042	0	122	122	1.0000000
NODE_3703_length_14789_cov_16.347243	4962	5084	0	122	122	1.0000000
NODE_3704_length_14789_cov_8.132199	4962	5084	0	122	122	1.0000000
NODE_3706_length_14788_cov_7.963374	5046	5168	0	122	122	1.0000000
NODE_3707_length_14788_cov_7.365648	4962	5084	0	122	122	1.0000000
NODE_3708_length_14788_cov_7.322963	4878	5000	0	12	122	0.0983607
NODE_3708_length_14788_cov_7.322963	4878	5000	1	110	122	0.9016393
NODE_3709_length_14787_cov_12.140114	4962	5084	0	122	122	1.0000000
NODE_370_length_28340_cov_8.580468	4962	5084	0	122	122	1.0000000
NODE_370_length_28340_cov_8.580468	14962	15084	0	122	122	1.0000000
NODE_370_length_28340_cov_8.580468	24752	24874	0	122	122	1.0000000
NODE_3710_length_14784_cov_7.609193	4962	5084	0	122	122	1.0000000
NODE_3714_length_14777_cov_10.491824	4962	5084	0	122	122	1.0000000
NODE_3716_length_14776_cov_8.523813	4962	5084	0	122	122	1.0000000
NODE_3717_length_14776_cov_8.523336	4962	5084	0	122	122	1.0000000
NODE_3718_length_14770_cov_8.652103	4962	5084	0	122	122	1.0000000
NODE_3719_length_14769_cov_36.086639	4962	5084	0	122	122	1.0000000
NODE_371_length_28319_cov_8.904890	5046	5168	0	69	122	0.5655738
NODE_371_length_28319_cov_8.904890	5046	5168	2	53	122	0.4344262
NODE_3720_length_14767_cov_22.828334	5046	5168	0	122	122	1.0000000
NODE_3721_length_14766_cov_8.717256	5046	5168	0	122	122	1.0000000
NODE_3722_length_14766_cov_8.441604	5004	5126	0	13	122	0.1065574
NODE_3722_length_14766_cov_8.441604	5004	5126	1	109	122	0.8934426
NODE_3724_length_14763_cov_9.078560	4962	5084	0	122	122	1.0000000
NODE_3725_length_14762_cov_19.199345	4668	4790	0	28	122	0.2295082
NODE_3725_length_14762_cov_19.199345	4668	4790	2	94	122	0.7704918
NODE_3726_length_14762_cov_18.461911	4962	5084	0	122	122	1.0000000
NODE_3727_length_14762_cov_7.644343	4962	5084	0	122	122	1.0000000
NODE_3728_length_14758_cov_17.233645	4920	5042	0	122	122	1.0000000
NODE_3729_length_14756_cov_6.708808	5046	5168	0	122	122	1.0000000
NODE_372_length_28244_cov_9.503180	4962	5084	0	122	122	1.0000000
NODE_372_length_28244_cov_9.503180	14878	15000	0	122	122	1.0000000
NODE_372_length_28244_cov_9.503180	24962	25084	0	88	122	0.7213115
NODE_372_length_28244_cov_9.503180	24962	25084	1	34	122	0.2786885
NODE_3730_length_14754_cov_7.799727	4962	5084	0	122	122	1.0000000
NODE_3731_length_14750_cov_7.742680	4920	5042	0	122	122	1.0000000
NODE_3732_length_14747_cov_9.483069	4962	5084	0	122	122	1.0000000
NODE_3733_length_14747_cov_7.448662	4962	5084	0	122	122	1.0000000
NODE_3734_length_14746_cov_9.019731	4962	5084	0	10	122	0.0819672
NODE_3734_length_14746_cov_9.019731	4962	5084	1	112	122	0.9180328
NODE_3735_length_14745_cov_9.026765	4836	4958	0	122	122	1.0000000
NODE_3736_length_14745_cov_8.292093	4962	5084	0	122	122	1.0000000
NODE_3737_length_14744_cov_13.645408	4962	5084	0	122	122	1.0000000
NODE_3738_length_14744_cov_7.764698	4962	5084	0	122	122	1.0000000
NODE_3739_length_14743_cov_29.138077	4962	5084	0	122	122	1.0000000
NODE_373_length_28203_cov_133.401936	4962	5084	0	122	122	1.0000000
NODE_373_length_28203_cov_133.401936	14962	15084	0	122	122	1.0000000
NODE_373_length_28203_cov_133.401936	24962	25084	0	122	122	1.0000000
NODE_3740_length_14743_cov_10.300669	4962	5084	0	122	122	1.0000000
NODE_3741_length_14743_cov_9.147774	4962	5084	0	122	122	1.0000000
NODE_3742_length_14742_cov_37.075668	5004	5126	0	122	122	1.0000000
NODE_3743_length_14742_cov_8.069590	4962	5084	0	13	122	0.1065574
NODE_3743_length_14742_cov_8.069590	4962	5084	1	109	122	0.8934426
NODE_3744_length_14741_cov_12.533056	4878	5000	0	122	122	1.0000000
NODE_3747_length_14739_cov_12.876503	4920	5042	0	122	122	1.0000000
NODE_3748_length_14739_cov_7.657514	4836	4958	0	122	122	1.0000000
NODE_3749_length_14736_cov_7.612830	4962	5084	0	122	122	1.0000000
NODE_374_length_28160_cov_11.143438	5004	5126	0	122	122	1.0000000
NODE_374_length_28160_cov_11.143438	14962	15084	0	122	122	1.0000000
NODE_374_length_28160_cov_11.143438	24962	25084	1	122	122	1.0000000
NODE_3751_length_14735_cov_8.833424	4962	5084	0	122	122	1.0000000
NODE_3752_length_14735_cov_8.698961	4962	5084	0	122	122	1.0000000
NODE_3753_length_14735_cov_7.862941	4962	5084	0	122	122	1.0000000
NODE_3756_length_14733_cov_10.804770	4794	4916	0	122	122	1.0000000
NODE_3757_length_14733_cov_9.815840	4710	4832	0	122	122	1.0000000
NODE_3758_length_14733_cov_7.955173	4962	5084	0	122	122	1.0000000
NODE_3759_length_14733_cov_7.666803	4962	5084	0	25	122	0.2049180
NODE_3759_length_14733_cov_7.666803	4962	5084	2	97	122	0.7950820
NODE_375_length_28160_cov_8.943944	4962	5084	0	122	122	1.0000000
NODE_375_length_28160_cov_8.943944	24962	25084	0	122	122	1.0000000
NODE_3760_length_14732_cov_9.688034	4962	5084	0	122	122	1.0000000
NODE_3762_length_14729_cov_12.523103	4962	5084	0	122	122	1.0000000
NODE_3764_length_14728_cov_15.774011	5004	5126	0	122	122	1.0000000
NODE_3765_length_14727_cov_38.714247	5172	5294	0	122	122	1.0000000
NODE_3769_length_14723_cov_8.255334	4962	5084	0	122	122	1.0000000
NODE_376_length_28154_cov_12.371057	4920	5042	0	122	122	1.0000000
NODE_376_length_28154_cov_12.371057	14962	15084	0	122	122	1.0000000
NODE_376_length_28154_cov_12.371057	24962	25084	0	122	122	1.0000000
NODE_3770_length_14721_cov_8.209889	5046	5168	0	122	122	1.0000000
NODE_3772_length_14718_cov_8.915179	4920	5042	0	122	122	1.0000000
NODE_3773_length_14718_cov_8.538067	4962	5084	0	3	122	0.0245902
NODE_3773_length_14718_cov_8.538067	4962	5084	2	119	122	0.9754099
NODE_3774_length_14714_cov_16.330551	5004	5126	0	122	122	1.0000000
NODE_3776_length_14714_cov_6.880739	4962	5084	0	64	122	0.5245901
NODE_3776_length_14714_cov_6.880739	4962	5084	1	58	122	0.4754098
NODE_3777_length_14711_cov_13.098549	4962	5084	0	122	122	1.0000000
NODE_3778_length_14711_cov_12.060088	4962	5084	0	122	122	1.0000000
NODE_3779_length_14710_cov_7.604271	4962	5084	0	122	122	1.0000000
NODE_377_length_28142_cov_12.226438	4962	5084	0	122	122	1.0000000
NODE_377_length_28142_cov_12.226438	14962	15084	0	122	122	1.0000000
NODE_377_length_28142_cov_12.226438	25340	25462	0	122	122	1.0000000
NODE_3781_length_14703_cov_8.479663	4920	5042	0	18	122	0.1475410
NODE_3781_length_14703_cov_8.479663	4920	5042	1	104	122	0.8524590
NODE_3782_length_14702_cov_8.719784	4962	5084	0	122	122	1.0000000
NODE_3783_length_14702_cov_8.401698	4962	5084	0	122	122	1.0000000
NODE_3784_length_14697_cov_8.480614	4962	5084	0	122	122	1.0000000
NODE_3785_length_14696_cov_8.444954	4962	5084	0	122	122	1.0000000
NODE_3786_length_14694_cov_7.243028	4962	5084	0	122	122	1.0000000
NODE_3789_length_14690_cov_8.068330	4962	5084	0	122	122	1.0000000
NODE_378_length_28140_cov_11.338897	4962	5084	0	122	122	1.0000000
NODE_378_length_28140_cov_11.338897	24794	24916	0	122	122	1.0000000
NODE_3790_length_14689_cov_9.067101	4962	5084	0	122	122	1.0000000
NODE_3791_length_14689_cov_8.358053	4962	5084	0	14	122	0.1147541
NODE_3791_length_14689_cov_8.358053	4962	5084	1	108	122	0.8852459
NODE_3792_length_14688_cov_8.874837	4962	5084	0	122	122	1.0000000
NODE_3794_length_14685_cov_9.054436	4962	5084	0	122	122	1.0000000
NODE_3795_length_14682_cov_23.650963	4962	5084	0	122	122	1.0000000
NODE_3796_length_14682_cov_7.999314	5004	5126	0	122	122	1.0000000
NODE_3797_length_14681_cov_9.170964	5130	5252	0	122	122	1.0000000
NODE_3798_length_14678_cov_9.310172	5172	5294	0	122	122	1.0000000
NODE_379_length_28125_cov_8.305609	4962	5084	0	122	122	1.0000000
NODE_379_length_28125_cov_8.305609	15088	15210	0	122	122	1.0000000
NODE_37_length_49135_cov_9.453340	4920	5042	0	122	122	1.0000000
NODE_37_length_49135_cov_9.453340	14962	15084	0	122	122	1.0000000
NODE_37_length_49135_cov_9.453340	24962	25084	0	122	122	1.0000000
NODE_37_length_49135_cov_9.453340	45004	45126	0	122	122	1.0000000
NODE_3800_length_14676_cov_8.174316	4962	5084	0	46	122	0.3770492
NODE_3800_length_14676_cov_8.174316	4962	5084	1	76	122	0.6229508
NODE_3801_length_14674_cov_8.514099	4962	5084	1	16	122	0.1311475
NODE_3801_length_14674_cov_8.514099	4962	5084	2	106	122	0.8688524
NODE_3802_length_14673_cov_10.974063	4920	5042	0	122	122	1.0000000
NODE_3803_length_14673_cov_7.949705	4962	5084	0	122	122	1.0000000
NODE_3804_length_14673_cov_5.534102	4962	5084	0	122	122	1.0000000
NODE_3805_length_14672_cov_9.029164	5046	5168	0	19	122	0.1557377
NODE_3805_length_14672_cov_9.029164	5046	5168	2	103	122	0.8442623
NODE_3806_length_14671_cov_14.104996	5298	5420	0	122	122	1.0000000
NODE_3807_length_14671_cov_9.052223	4584	4706	0	122	122	1.0000000
NODE_3808_length_14667_cov_9.359212	5004	5126	0	122	122	1.0000000
NODE_3809_length_14667_cov_8.331755	4962	5084	0	12	122	0.0983607
NODE_3809_length_14667_cov_8.331755	4962	5084	2	110	122	0.9016393
NODE_3810_length_14667_cov_7.385022	4920	5042	0	122	122	1.0000000
NODE_3811_length_14666_cov_8.394934	4962	5084	0	102	122	0.8360656
NODE_3811_length_14666_cov_8.394934	4962	5084	1	20	122	0.1639344
NODE_3812_length_14666_cov_2.508547	4920	5042	0	122	122	1.0000000
NODE_3813_length_14662_cov_11.083980	4920	5042	0	122	122	1.0000000
NODE_3814_length_14662_cov_6.830873	5004	5126	0	122	122	1.0000000
NODE_3816_length_14661_cov_8.045117	4878	5000	0	52	122	0.4262295
NODE_3816_length_14661_cov_8.045117	4878	5000	1	70	122	0.5737705
NODE_3817_length_14660_cov_8.283085	5088	5210	0	122	122	1.0000000
NODE_3819_length_14658_cov_7.204753	4710	4832	0	122	122	1.0000000
NODE_381_length_28089_cov_13.135548	24962	25084	0	122	122	1.0000000
NODE_3820_length_14655_cov_7.119332	4962	5084	0	122	122	1.0000000
NODE_3821_length_14654_cov_7.282240	4962	5084	0	13	122	0.1065574
NODE_3821_length_14654_cov_7.282240	4962	5084	1	109	122	0.8934426
NODE_3822_length_14653_cov_7.357496	4962	5084	0	122	122	1.0000000
NODE_3823_length_14652_cov_9.287982	4878	5000	0	122	122	1.0000000
NODE_3824_length_14652_cov_9.133993	4962	5084	0	122	122	1.0000000
NODE_3825_length_14649_cov_170.111203	4794	4916	2	40	122	0.3278688
NODE_3825_length_14649_cov_170.111203	4794	4916	3	64	122	0.5245901
NODE_3825_length_14649_cov_170.111203	4794	4916	4	18	122	0.1475410
NODE_3827_length_14649_cov_8.638969	4962	5084	0	122	122	1.0000000
NODE_3828_length_14648_cov_12.249089	4962	5084	0	122	122	1.0000000
NODE_3829_length_14647_cov_12.364243	4962	5084	0	54	122	0.4426230
NODE_3829_length_14647_cov_12.364243	4962	5084	2	68	122	0.5573770
NODE_382_length_28088_cov_9.379649	4962	5084	0	122	122	1.0000000
NODE_3830_length_14644_cov_14.927398	4962	5084	0	56	122	0.4590164
NODE_3830_length_14644_cov_14.927398	4962	5084	1	66	122	0.5409836
NODE_3831_length_14644_cov_7.539017	5130	5252	0	122	122	1.0000000
NODE_3832_length_14643_cov_8.924230	5046	5168	0	122	122	1.0000000
NODE_3833_length_14642_cov_8.007082	4920	5042	0	122	122	1.0000000
NODE_3834_length_14641_cov_8.842525	4962	5084	0	122	122	1.0000000
NODE_3835_length_14639_cov_42.504677	4752	4874	0	122	122	1.0000000
NODE_3836_length_14638_cov_7.478781	4878	5000	0	122	122	1.0000000
NODE_383_length_28066_cov_7.676440	4962	5084	0	35	122	0.2868852
NODE_383_length_28066_cov_7.676440	4962	5084	1	87	122	0.7131147
NODE_383_length_28066_cov_7.676440	24962	25084	0	122	122	1.0000000
NODE_3840_length_14636_cov_7.719887	4878	5000	0	122	122	1.0000000
NODE_3841_length_14635_cov_9.029238	4920	5042	0	122	122	1.0000000
NODE_3842_length_14635_cov_7.691868	4962	5084	0	122	122	1.0000000
NODE_3843_length_14634_cov_8.182181	4878	5000	0	122	122	1.0000000
NODE_3844_length_14632_cov_9.183857	4962	5084	0	122	122	1.0000000
NODE_3845_length_14631_cov_21.950523	4794	4916	1	1	122	0.0081967
NODE_3845_length_14631_cov_21.950523	4794	4916	2	17	122	0.1393443
NODE_3845_length_14631_cov_21.950523	4794	4916	3	2	122	0.0163934
NODE_3845_length_14631_cov_21.950523	4794	4916	4	102	122	0.8360656
NODE_3846_length_14631_cov_12.092073	4962	5084	0	122	122	1.0000000
NODE_3847_length_14631_cov_8.759772	4962	5084	0	122	122	1.0000000
NODE_3849_length_14629_cov_7.533310	5046	5168	0	122	122	1.0000000
NODE_384_length_28051_cov_11.241843	4962	5084	0	122	122	1.0000000
NODE_384_length_28051_cov_11.241843	14920	15042	0	122	122	1.0000000
NODE_384_length_28051_cov_11.241843	24962	25084	0	6	122	0.0491803
NODE_384_length_28051_cov_11.241843	24962	25084	1	116	122	0.9508197
NODE_3851_length_14628_cov_15.447794	4962	5084	0	122	122	1.0000000
NODE_3852_length_14628_cov_9.804667	5088	5210	0	42	122	0.3442623
NODE_3852_length_14628_cov_9.804667	5088	5210	1	19	122	0.1557377
NODE_3852_length_14628_cov_9.804667	5088	5210	2	61	122	0.5000000
NODE_3857_length_14614_cov_7.794557	4920	5042	0	41	122	0.3360656
NODE_3857_length_14614_cov_7.794557	4920	5042	4	81	122	0.6639344
NODE_3858_length_14613_cov_8.001791	4962	5084	0	122	122	1.0000000
NODE_3859_length_14612_cov_12.238269	4962	5084	0	122	122	1.0000000
NODE_385_length_28040_cov_8.384918	14920	15042	0	122	122	1.0000000
NODE_385_length_28040_cov_8.384918	24962	25084	0	122	122	1.0000000
NODE_3861_length_14611_cov_9.671996	4962	5084	0	122	122	1.0000000
NODE_3863_length_14610_cov_8.393357	4962	5084	0	122	122	1.0000000
NODE_3864_length_14609_cov_7.838801	4962	5084	0	122	122	1.0000000
NODE_3867_length_14598_cov_7.908545	5130	5252	0	66	122	0.5409836
NODE_3867_length_14598_cov_7.908545	5130	5252	1	50	122	0.4098361
NODE_3867_length_14598_cov_7.908545	5130	5252	2	6	122	0.0491803
NODE_3868_length_14595_cov_22.784561	5256	5378	0	122	122	1.0000000
NODE_3869_length_14595_cov_10.870654	5256	5378	0	122	122	1.0000000
NODE_386_length_27990_cov_9.900972	14962	15084	0	122	122	1.0000000
NODE_386_length_27990_cov_9.900972	24962	25084	0	26	122	0.2131148
NODE_386_length_27990_cov_9.900972	24962	25084	2	96	122	0.7868853
NODE_3870_length_14595_cov_8.733582	4710	4832	0	122	122	1.0000000
NODE_3871_length_14595_cov_8.194123	4962	5084	0	122	122	1.0000000
NODE_3872_length_14595_cov_6.467715	4962	5084	0	122	122	1.0000000
NODE_3873_length_14593_cov_8.863047	4962	5084	0	33	122	0.2704918
NODE_3873_length_14593_cov_8.863047	4962	5084	2	89	122	0.7295082
NODE_3874_length_14593_cov_7.580654	4962	5084	0	122	122	1.0000000
NODE_3875_length_14593_cov_7.543397	4962	5084	0	122	122	1.0000000
NODE_3878_length_14589_cov_7.535818	4962	5084	0	122	122	1.0000000
NODE_387_length_27962_cov_9.953881	4962	5084	0	122	122	1.0000000
NODE_387_length_27962_cov_9.953881	14962	15084	0	122	122	1.0000000
NODE_3880_length_14586_cov_28.503555	4920	5042	2	122	122	1.0000000
NODE_3881_length_14586_cov_8.304618	4962	5084	0	122	122	1.0000000
NODE_3882_length_14586_cov_7.771243	4962	5084	0	122	122	1.0000000
NODE_3883_length_14584_cov_8.093821	4962	5084	0	122	122	1.0000000
NODE_3886_length_14582_cov_9.380998	4836	4958	0	122	122	1.0000000
NODE_3887_length_14582_cov_8.374163	4962	5084	0	122	122	1.0000000
NODE_3888_length_14580_cov_8.676335	4962	5084	0	122	122	1.0000000
NODE_3889_length_14578_cov_11.477519	4962	5084	0	122	122	1.0000000
NODE_388_length_27962_cov_9.942181	4962	5084	0	122	122	1.0000000
NODE_388_length_27962_cov_9.942181	14962	15084	0	122	122	1.0000000
NODE_3890_length_14578_cov_9.198978	4962	5084	0	122	122	1.0000000
NODE_3892_length_14574_cov_13.302176	4794	4916	0	122	122	1.0000000
NODE_3893_length_14573_cov_7.919787	4962	5084	0	122	122	1.0000000
NODE_3896_length_14570_cov_8.584894	4836	4958	1	122	122	1.0000000
NODE_3897_length_14570_cov_8.011540	5340	5462	0	122	122	1.0000000
NODE_3898_length_14570_cov_7.175385	4836	4958	0	122	122	1.0000000
NODE_3899_length_14569_cov_9.690670	4962	5084	0	122	122	1.0000000
NODE_389_length_27936_cov_8.669038	5004	5126	0	122	122	1.0000000
NODE_389_length_27936_cov_8.669038	15004	15126	0	122	122	1.0000000
NODE_389_length_27936_cov_8.669038	24962	25084	0	122	122	1.0000000
NODE_38_length_48962_cov_8.761312	14962	15084	0	122	122	1.0000000
NODE_38_length_48962_cov_8.761312	24962	25084	0	122	122	1.0000000
NODE_38_length_48962_cov_8.761312	34962	35084	0	122	122	1.0000000
NODE_38_length_48962_cov_8.761312	44962	45084	0	50	122	0.4098361
NODE_38_length_48962_cov_8.761312	44962	45084	2	72	122	0.5901639
NODE_3900_length_14568_cov_38.006151	5130	5252	0	122	122	1.0000000
NODE_3901_length_14568_cov_7.481512	4962	5084	0	122	122	1.0000000
NODE_3904_length_14566_cov_9.565909	4962	5084	0	122	122	1.0000000
NODE_3905_length_14566_cov_9.427732	4752	4874	0	122	122	1.0000000
NODE_3906_length_14566_cov_8.098984	4962	5084	0	122	122	1.0000000
NODE_3907_length_14565_cov_9.639154	4962	5084	0	69	122	0.5655738
NODE_3907_length_14565_cov_9.639154	4962	5084	1	53	122	0.4344262
NODE_3908_length_14565_cov_8.106940	5004	5126	0	122	122	1.0000000
NODE_3909_length_14564_cov_7.958866	5004	5126	0	122	122	1.0000000
NODE_390_length_27909_cov_18.084178	5004	5126	1	13	122	0.1065574
NODE_390_length_27909_cov_18.084178	5004	5126	2	109	122	0.8934426
NODE_390_length_27909_cov_18.084178	14962	15084	0	8	122	0.0655738
NODE_390_length_27909_cov_18.084178	14962	15084	2	114	122	0.9344262
NODE_3911_length_14562_cov_9.323792	5004	5126	0	122	122	1.0000000
NODE_3912_length_14562_cov_8.874715	4962	5084	0	39	122	0.3196721
NODE_3912_length_14562_cov_8.874715	4962	5084	1	83	122	0.6803279
NODE_3914_length_14557_cov_7.026975	4920	5042	0	122	122	1.0000000
NODE_3915_length_14554_cov_11.298789	4962	5084	0	122	122	1.0000000
NODE_3916_length_14554_cov_8.175233	4962	5084	0	122	122	1.0000000
NODE_3917_length_14553_cov_9.508441	5004	5126	0	44	122	0.3606557
NODE_3917_length_14553_cov_9.508441	5004	5126	5	78	122	0.6393443
NODE_3919_length_14550_cov_7.716629	4962	5084	0	7	122	0.0573770
NODE_3919_length_14550_cov_7.716629	4962	5084	2	115	122	0.9426230
NODE_391_length_27898_cov_11.751862	4962	5084	0	46	122	0.3770492
NODE_391_length_27898_cov_11.751862	4962	5084	1	36	122	0.2950820
NODE_391_length_27898_cov_11.751862	4962	5084	2	40	122	0.3278688
NODE_391_length_27898_cov_11.751862	14962	15084	0	40	122	0.3278688
NODE_391_length_27898_cov_11.751862	14962	15084	1	82	122	0.6721311
NODE_391_length_27898_cov_11.751862	24962	25084	0	122	122	1.0000000
NODE_3920_length_14549_cov_16.735571	4962	5084	0	122	122	1.0000000
NODE_3922_length_14546_cov_22.117464	4962	5084	0	122	122	1.0000000
NODE_3923_length_14546_cov_9.626428	5088	5210	0	122	122	1.0000000
NODE_3924_length_14546_cov_8.374541	4962	5084	0	47	122	0.3852459
NODE_3924_length_14546_cov_8.374541	4962	5084	1	7	122	0.0573770
NODE_3924_length_14546_cov_8.374541	4962	5084	2	68	122	0.5573770
NODE_3925_length_14545_cov_27.449882	4836	4958	0	122	122	1.0000000
NODE_3926_length_14545_cov_8.669320	5130	5252	0	122	122	1.0000000
NODE_3927_length_14545_cov_8.140246	4962	5084	0	122	122	1.0000000
NODE_3928_length_14544_cov_64.225822	4962	5084	0	37	122	0.3032787
NODE_3928_length_14544_cov_64.225822	4962	5084	1	85	122	0.6967213
NODE_3929_length_14544_cov_13.366563	4962	5084	0	122	122	1.0000000
NODE_392_length_27896_cov_30.328345	4962	5084	0	122	122	1.0000000
NODE_392_length_27896_cov_30.328345	15004	15126	0	122	122	1.0000000
NODE_392_length_27896_cov_30.328345	24962	25084	0	122	122	1.0000000
NODE_3931_length_14542_cov_7.772762	4962	5084	0	122	122	1.0000000
NODE_3932_length_14542_cov_7.364883	4962	5084	0	122	122	1.0000000
NODE_3934_length_14540_cov_7.440413	4962	5084	0	122	122	1.0000000
NODE_3935_length_14537_cov_9.006441	4962	5084	0	122	122	1.0000000
NODE_3936_length_14536_cov_9.042114	4962	5084	0	122	122	1.0000000
NODE_3937_length_14536_cov_6.815959	4962	5084	0	122	122	1.0000000
NODE_3938_length_14535_cov_26.546620	5004	5126	0	122	122	1.0000000
NODE_3939_length_14535_cov_8.298005	4962	5084	0	122	122	1.0000000
NODE_393_length_27890_cov_18.581231	5172	5294	0	122	122	1.0000000
NODE_393_length_27890_cov_18.581231	14962	15084	0	114	122	0.9344262
NODE_393_length_27890_cov_18.581231	14962	15084	1	8	122	0.0655738
NODE_3941_length_14534_cov_7.499273	4962	5084	0	122	122	1.0000000
NODE_3942_length_14533_cov_7.966468	4962	5084	0	122	122	1.0000000
NODE_3943_length_14532_cov_8.684889	4962	5084	0	122	122	1.0000000
NODE_3945_length_14530_cov_8.694685	4962	5084	0	122	122	1.0000000
NODE_3946_length_14528_cov_7.398226	4962	5084	0	122	122	1.0000000
NODE_3949_length_14525_cov_8.201026	4962	5084	0	122	122	1.0000000
NODE_394_length_27887_cov_11.203505	4962	5084	0	4	122	0.0327869
NODE_394_length_27887_cov_11.203505	4962	5084	1	65	122	0.5327869
NODE_394_length_27887_cov_11.203505	4962	5084	2	53	122	0.4344262
NODE_394_length_27887_cov_11.203505	14962	15084	0	122	122	1.0000000
NODE_394_length_27887_cov_11.203505	24920	25042	0	122	122	1.0000000
NODE_3951_length_14522_cov_7.552728	4794	4916	0	122	122	1.0000000
NODE_3952_length_14520_cov_8.884959	5256	5378	0	71	122	0.5819672
NODE_3952_length_14520_cov_8.884959	5256	5378	2	51	122	0.4180328
NODE_3953_length_14519_cov_7.630374	4962	5084	0	2	122	0.0163934
NODE_3953_length_14519_cov_7.630374	4962	5084	1	120	122	0.9836066
NODE_3954_length_14518_cov_7.841043	4962	5084	0	122	122	1.0000000
NODE_3955_length_14517_cov_8.193439	4962	5084	0	122	122	1.0000000
NODE_3956_length_14515_cov_9.041274	5172	5294	0	122	122	1.0000000
NODE_3957_length_14515_cov_8.684378	4920	5042	0	122	122	1.0000000
NODE_395_length_27882_cov_25.515099	14878	15000	0	122	122	1.0000000
NODE_395_length_27882_cov_25.515099	24962	25084	0	122	122	1.0000000
NODE_3960_length_14513_cov_9.828431	4962	5084	0	122	122	1.0000000
NODE_3961_length_14511_cov_8.548154	4962	5084	0	122	122	1.0000000
NODE_3962_length_14511_cov_8.542048	4962	5084	0	122	122	1.0000000
NODE_3965_length_14505_cov_18.348188	4752	4874	0	122	122	1.0000000
NODE_3966_length_14504_cov_51.476918	4962	5084	0	122	122	1.0000000
NODE_3967_length_14504_cov_8.001250	4962	5084	0	122	122	1.0000000
NODE_3968_length_14504_cov_7.898716	4962	5084	1	45	122	0.3688525
NODE_3968_length_14504_cov_7.898716	4962	5084	2	36	122	0.2950820
NODE_3968_length_14504_cov_7.898716	4962	5084	3	41	122	0.3360656
NODE_3969_length_14503_cov_19.677937	4962	5084	0	122	122	1.0000000
NODE_396_length_27881_cov_9.471492	4962	5084	0	122	122	1.0000000
NODE_396_length_27881_cov_9.471492	14962	15084	0	122	122	1.0000000
NODE_396_length_27881_cov_9.471492	24542	24664	0	122	122	1.0000000
NODE_3971_length_14500_cov_16.393237	4962	5084	0	122	122	1.0000000
NODE_3972_length_14500_cov_9.258177	4962	5084	0	122	122	1.0000000
NODE_3973_length_14500_cov_8.363447	4962	5084	0	122	122	1.0000000
NODE_3974_length_14498_cov_7.682895	5046	5168	0	122	122	1.0000000
NODE_3975_length_14495_cov_8.794109	4836	4958	0	122	122	1.0000000
NODE_3976_length_14492_cov_8.666296	5004	5126	0	122	122	1.0000000
NODE_3978_length_14489_cov_28.115010	5298	5420	0	122	122	1.0000000
NODE_3979_length_14489_cov_25.496525	4962	5084	0	122	122	1.0000000
NODE_397_length_27859_cov_21.728818	4962	5084	0	122	122	1.0000000
NODE_397_length_27859_cov_21.728818	14962	15084	0	122	122	1.0000000
NODE_3982_length_14488_cov_7.794843	5004	5126	0	122	122	1.0000000
NODE_3983_length_14487_cov_8.097442	4962	5084	0	122	122	1.0000000
NODE_3984_length_14487_cov_7.284265	4962	5084	0	122	122	1.0000000
NODE_3985_length_14487_cov_7.215388	4962	5084	0	122	122	1.0000000
NODE_3987_length_14486_cov_9.275457	4962	5084	0	122	122	1.0000000
NODE_3988_length_14485_cov_7.526971	4962	5084	0	33	122	0.2704918
NODE_3988_length_14485_cov_7.526971	4962	5084	1	89	122	0.7295082
NODE_3989_length_14484_cov_19.540563	4962	5084	0	71	122	0.5819672
NODE_3989_length_14484_cov_19.540563	4962	5084	1	51	122	0.4180328
NODE_398_length_27856_cov_8.107288	4962	5084	0	122	122	1.0000000
NODE_398_length_27856_cov_8.107288	14962	15084	0	122	122	1.0000000
NODE_398_length_27856_cov_8.107288	25088	25210	0	122	122	1.0000000
NODE_3990_length_14483_cov_12.836972	5046	5168	0	80	122	0.6557377
NODE_3990_length_14483_cov_12.836972	5046	5168	1	42	122	0.3442623
NODE_3992_length_14480_cov_7.363883	5382	5500	0	118	118	1.0000000
NODE_3993_length_14478_cov_8.521803	4962	5084	0	122	122	1.0000000
NODE_3995_length_14474_cov_8.985948	4962	5084	0	122	122	1.0000000
NODE_3996_length_14472_cov_8.642385	5004	5126	0	122	122	1.0000000
NODE_3998_length_14470_cov_8.871616	5004	5126	0	122	122	1.0000000
NODE_399_length_27830_cov_9.362518	5046	5168	0	122	122	1.0000000
NODE_399_length_27830_cov_9.362518	14920	15042	0	122	122	1.0000000
NODE_399_length_27830_cov_9.362518	24962	25084	0	122	122	1.0000000
NODE_39_length_48351_cov_7.552412	5004	5126	0	122	122	1.0000000
NODE_39_length_48351_cov_7.552412	14962	15084	0	122	122	1.0000000
NODE_39_length_48351_cov_7.552412	35298	35420	0	122	122	1.0000000
NODE_39_length_48351_cov_7.552412	44962	45084	0	122	122	1.0000000
NODE_3_length_101331_cov_3.099168	5004	5126	0	122	122	1.0000000
NODE_3_length_101331_cov_3.099168	24962	25084	0	122	122	1.0000000
NODE_3_length_101331_cov_3.099168	44962	45084	0	122	122	1.0000000
NODE_3_length_101331_cov_3.099168	54962	55084	0	122	122	1.0000000
NODE_3_length_101331_cov_3.099168	64962	65084	0	122	122	1.0000000
NODE_3_length_101331_cov_3.099168	74962	75084	0	122	122	1.0000000
NODE_3_length_101331_cov_3.099168	84962	85084	0	122	122	1.0000000
NODE_3_length_101331_cov_3.099168	94962	95084	0	122	122	1.0000000
NODE_4000_length_14469_cov_6.795198	4962	5084	0	122	122	1.0000000
NODE_4001_length_14468_cov_7.711671	4962	5084	0	122	122	1.0000000
NODE_4002_length_14468_cov_7.192011	4962	5084	0	122	122	1.0000000
NODE_4003_length_14466_cov_9.596715	4962	5084	0	122	122	1.0000000
NODE_4004_length_14465_cov_8.637338	4962	5084	0	122	122	1.0000000
NODE_4005_length_14461_cov_22.596226	4962	5084	0	122	122	1.0000000
NODE_4006_length_14461_cov_8.242654	4962	5084	0	122	122	1.0000000
NODE_4007_length_14458_cov_12.617940	4962	5084	0	122	122	1.0000000
NODE_4008_length_14458_cov_8.729508	4794	4916	0	122	122	1.0000000
NODE_4009_length_14456_cov_7.717490	4962	5084	0	122	122	1.0000000
NODE_400_length_27813_cov_53.789998	4962	5084	0	122	122	1.0000000
NODE_400_length_27813_cov_53.789998	15088	15210	0	34	122	0.2786885
NODE_400_length_27813_cov_53.789998	15088	15210	2	88	122	0.7213115
NODE_400_length_27813_cov_53.789998	25004	25126	0	122	122	1.0000000
NODE_4010_length_14455_cov_15.368348	4962	5084	0	122	122	1.0000000
NODE_4012_length_14452_cov_10.146938	4794	4916	0	122	122	1.0000000
NODE_4013_length_14452_cov_7.841775	4962	5084	0	53	122	0.4344262
NODE_4013_length_14452_cov_7.841775	4962	5084	1	69	122	0.5655738
NODE_4015_length_14451_cov_6.699136	4962	5084	0	122	122	1.0000000
NODE_4016_length_14450_cov_9.173716	4962	5084	0	122	122	1.0000000
NODE_4017_length_14449_cov_8.440418	4962	5084	0	122	122	1.0000000
NODE_4019_length_14448_cov_11.922503	4962	5084	0	122	122	1.0000000
NODE_401_length_27806_cov_8.727434	15298	15420	0	122	122	1.0000000
NODE_401_length_27806_cov_8.727434	25046	25168	0	122	122	1.0000000
NODE_4021_length_14442_cov_8.508541	4878	5000	0	122	122	1.0000000
NODE_4022_length_14442_cov_8.205815	5004	5126	0	122	122	1.0000000
NODE_4023_length_14438_cov_8.577795	4962	5084	0	122	122	1.0000000
NODE_4027_length_14432_cov_14.465639	4962	5084	0	122	122	1.0000000
NODE_4028_length_14430_cov_9.046752	4962	5084	0	122	122	1.0000000
NODE_4029_length_14430_cov_7.731561	4962	5084	0	122	122	1.0000000
NODE_402_length_27799_cov_9.126462	4962	5084	0	122	122	1.0000000
NODE_402_length_27799_cov_9.126462	14962	15084	0	64	122	0.5245901
NODE_402_length_27799_cov_9.126462	14962	15084	1	58	122	0.4754098
NODE_4030_length_14426_cov_9.379074	4962	5084	0	122	122	1.0000000
NODE_4031_length_14425_cov_9.540276	4962	5084	1	48	122	0.3934426
NODE_4031_length_14425_cov_9.540276	4962	5084	2	74	122	0.6065574
NODE_4032_length_14423_cov_10.175719	4962	5084	0	122	122	1.0000000
NODE_4033_length_14423_cov_8.955250	4962	5084	0	15	122	0.1229508
NODE_4033_length_14423_cov_8.955250	4962	5084	1	18	122	0.1475410
NODE_4033_length_14423_cov_8.955250	4962	5084	2	89	122	0.7295082
NODE_4035_length_14422_cov_17.171682	4962	5084	0	40	122	0.3278688
NODE_4035_length_14422_cov_17.171682	4962	5084	1	82	122	0.6721311
NODE_4036_length_14422_cov_7.481114	4962	5084	0	122	122	1.0000000
NODE_4037_length_14420_cov_9.826339	4962	5084	0	122	122	1.0000000
NODE_403_length_27797_cov_8.394577	4962	5084	0	122	122	1.0000000
NODE_403_length_27797_cov_8.394577	14920	15042	0	122	122	1.0000000
NODE_4040_length_14419_cov_7.012849	4962	5084	0	122	122	1.0000000
NODE_4041_length_14416_cov_9.740169	4962	5084	0	69	122	0.5655738
NODE_4041_length_14416_cov_9.740169	4962	5084	1	53	122	0.4344262
NODE_4043_length_14413_cov_10.072307	4962	5084	0	37	122	0.3032787
NODE_4043_length_14413_cov_10.072307	4962	5084	1	85	122	0.6967213
NODE_4044_length_14409_cov_52.252201	4962	5084	0	122	122	1.0000000
NODE_4046_length_14408_cov_7.850723	5004	5126	6	89	122	0.7295082
NODE_4046_length_14408_cov_7.850723	5004	5126	7	33	122	0.2704918
NODE_4047_length_14407_cov_106.415921	4962	5084	0	122	122	1.0000000
NODE_4049_length_14404_cov_7.875987	4962	5084	0	122	122	1.0000000
NODE_404_length_27772_cov_2.602898	4962	5084	0	122	122	1.0000000
NODE_404_length_27772_cov_2.602898	14962	15084	0	122	122	1.0000000
NODE_404_length_27772_cov_2.602898	24962	25084	0	122	122	1.0000000
NODE_4050_length_14402_cov_8.191568	5004	5126	0	122	122	1.0000000
NODE_4051_length_14401_cov_7.127674	4920	5042	0	54	122	0.4426230
NODE_4051_length_14401_cov_7.127674	4920	5042	1	68	122	0.5573770
NODE_4054_length_14399_cov_8.970559	4962	5084	0	122	122	1.0000000
NODE_4055_length_14398_cov_17.273865	4962	5084	0	122	122	1.0000000
NODE_4057_length_14396_cov_22.489613	5046	5168	1	3	122	0.0245902
NODE_4057_length_14396_cov_22.489613	5046	5168	2	14	122	0.1147541
NODE_4057_length_14396_cov_22.489613	5046	5168	3	105	122	0.8606557
NODE_4058_length_14396_cov_10.286843	5172	5294	0	69	122	0.5655738
NODE_4058_length_14396_cov_10.286843	5172	5294	1	53	122	0.4344262
NODE_4059_length_14392_cov_9.329602	4962	5084	0	122	122	1.0000000
NODE_405_length_27759_cov_27.085466	5004	5126	0	122	122	1.0000000
NODE_4060_length_14392_cov_7.687749	4752	4874	0	122	122	1.0000000
NODE_4061_length_14389_cov_11.253464	4962	5084	0	122	122	1.0000000
NODE_4063_length_14384_cov_14.963808	5172	5294	0	122	122	1.0000000
NODE_4064_length_14381_cov_38.916608	5004	5126	0	122	122	1.0000000
NODE_4065_length_14380_cov_11.115188	4920	5042	0	11	122	0.0901639
NODE_4065_length_14380_cov_11.115188	4920	5042	2	111	122	0.9098361
NODE_4066_length_14380_cov_8.706043	4962	5084	0	122	122	1.0000000
NODE_4068_length_14379_cov_8.259804	4962	5084	0	122	122	1.0000000
NODE_4069_length_14373_cov_10.052333	5004	5126	0	122	122	1.0000000
NODE_406_length_27745_cov_8.061239	4962	5084	0	122	122	1.0000000
NODE_406_length_27745_cov_8.061239	24962	25084	0	122	122	1.0000000
NODE_4071_length_14371_cov_9.032021	4920	5042	0	42	122	0.3442623
NODE_4071_length_14371_cov_9.032021	4920	5042	2	80	122	0.6557377
NODE_4072_length_14370_cov_9.815430	4752	4874	0	17	122	0.1393443
NODE_4072_length_14370_cov_9.815430	4752	4874	2	105	122	0.8606557
NODE_4076_length_14361_cov_7.728930	4962	5084	0	122	122	1.0000000
NODE_4078_length_14357_cov_8.657315	4962	5084	0	122	122	1.0000000
NODE_4079_length_14357_cov_6.918502	4962	5084	0	122	122	1.0000000
NODE_407_length_27738_cov_10.133507	4962	5084	2	122	122	1.0000000
NODE_407_length_27738_cov_10.133507	14920	15042	0	122	122	1.0000000
NODE_407_length_27738_cov_10.133507	24962	25084	0	122	122	1.0000000
NODE_4080_length_14353_cov_9.179037	4962	5084	0	122	122	1.0000000
NODE_4081_length_14353_cov_8.361232	4920	5042	0	122	122	1.0000000
NODE_4082_length_14353_cov_8.188508	4962	5084	0	122	122	1.0000000
NODE_4084_length_14350_cov_29.373728	5004	5126	1	12	122	0.0983607
NODE_4084_length_14350_cov_29.373728	5004	5126	2	11	122	0.0901639
NODE_4084_length_14350_cov_29.373728	5004	5126	8	1	122	0.0081967
NODE_4084_length_14350_cov_29.373728	5004	5126	9	47	122	0.3852459
NODE_4084_length_14350_cov_29.373728	5004	5126	10	33	122	0.2704918
NODE_4084_length_14350_cov_29.373728	5004	5126	11	18	122	0.1475410
NODE_4085_length_14348_cov_13.442277	4962	5084	0	122	122	1.0000000
NODE_4086_length_14348_cov_8.560109	4668	4790	0	122	122	1.0000000
NODE_4087_length_14347_cov_8.241929	5214	5336	0	122	122	1.0000000
NODE_4089_length_14344_cov_8.846051	4962	5084	0	122	122	1.0000000
NODE_408_length_27729_cov_9.286464	5046	5168	0	122	122	1.0000000
NODE_408_length_27729_cov_9.286464	25256	25378	0	122	122	1.0000000
NODE_4090_length_14344_cov_8.318428	5004	5126	0	122	122	1.0000000
NODE_4091_length_14343_cov_11.859379	4962	5084	0	122	122	1.0000000
NODE_4092_length_14343_cov_9.328770	4962	5084	1	122	122	1.0000000
NODE_4093_length_14342_cov_12.636032	4962	5084	0	29	122	0.2377049
NODE_4093_length_14342_cov_12.636032	4962	5084	1	75	122	0.6147541
NODE_4093_length_14342_cov_12.636032	4962	5084	2	18	122	0.1475410
NODE_4094_length_14341_cov_7.853321	5046	5168	0	122	122	1.0000000
NODE_4096_length_14340_cov_9.114248	5046	5168	0	122	122	1.0000000
NODE_4097_length_14338_cov_9.231477	4878	5000	0	122	122	1.0000000
NODE_4098_length_14338_cov_7.755812	4920	5042	0	122	122	1.0000000
NODE_409_length_27722_cov_19.516164	4962	5084	0	122	122	1.0000000
NODE_409_length_27722_cov_19.516164	14962	15084	0	122	122	1.0000000
NODE_409_length_27722_cov_19.516164	24878	25000	0	122	122	1.0000000
NODE_40_length_48214_cov_10.900364	4962	5084	0	122	122	1.0000000
NODE_40_length_48214_cov_10.900364	14920	15042	0	50	122	0.4098361
NODE_40_length_48214_cov_10.900364	14920	15042	2	72	122	0.5901639
NODE_40_length_48214_cov_10.900364	24962	25084	0	122	122	1.0000000
NODE_40_length_48214_cov_10.900364	34836	34958	0	122	122	1.0000000
NODE_40_length_48214_cov_10.900364	44962	45084	1	122	122	1.0000000
NODE_4100_length_14335_cov_8.825934	4500	4622	0	122	122	1.0000000
NODE_4102_length_14328_cov_9.164312	4962	5084	0	122	122	1.0000000
NODE_4103_length_14328_cov_8.639258	4794	4916	0	122	122	1.0000000
NODE_4107_length_14322_cov_9.187583	4962	5084	0	122	122	1.0000000
NODE_4108_length_14321_cov_9.853607	4962	5084	0	122	122	1.0000000
NODE_4109_length_14321_cov_7.672409	5004	5126	0	122	122	1.0000000
NODE_410_length_27705_cov_22.514997	4962	5084	0	122	122	1.0000000
NODE_410_length_27705_cov_22.514997	24962	25084	2	122	122	1.0000000
NODE_4110_length_14320_cov_9.051262	4962	5084	0	122	122	1.0000000
NODE_4112_length_14318_cov_7.313032	4962	5084	0	122	122	1.0000000
NODE_4115_length_14316_cov_8.215587	4962	5084	0	43	122	0.3524590
NODE_4115_length_14316_cov_8.215587	4962	5084	2	79	122	0.6475410
NODE_4116_length_14312_cov_12.787870	4668	4790	0	122	122	1.0000000
NODE_4117_length_14310_cov_18.642742	4962	5084	0	122	122	1.0000000
NODE_4119_length_14309_cov_5.386770	4962	5084	0	122	122	1.0000000
NODE_411_length_27703_cov_9.647950	4920	5042	0	122	122	1.0000000
NODE_411_length_27703_cov_9.647950	25046	25168	0	122	122	1.0000000
NODE_4120_length_14308_cov_10.080512	5046	5168	0	122	122	1.0000000
NODE_4121_length_14308_cov_8.819692	4920	5042	0	122	122	1.0000000
NODE_4122_length_14305_cov_11.017669	5004	5126	0	122	122	1.0000000
NODE_4124_length_14305_cov_7.194636	4920	5042	0	122	122	1.0000000
NODE_4125_length_14304_cov_6.840901	5214	5336	0	122	122	1.0000000
NODE_4126_length_14303_cov_6.794706	4962	5084	0	24	122	0.1967213
NODE_4126_length_14303_cov_6.794706	4962	5084	2	98	122	0.8032787
NODE_4127_length_14300_cov_7.234702	4962	5084	0	122	122	1.0000000
NODE_4129_length_14298_cov_7.568632	5046	5168	0	122	122	1.0000000
NODE_412_length_27698_cov_8.459220	4962	5084	1	50	122	0.4098361
NODE_412_length_27698_cov_8.459220	4962	5084	2	72	122	0.5901639
NODE_412_length_27698_cov_8.459220	14962	15084	0	122	122	1.0000000
NODE_412_length_27698_cov_8.459220	24962	25084	0	122	122	1.0000000
NODE_4130_length_14293_cov_10.121671	4962	5084	0	122	122	1.0000000
NODE_4131_length_14288_cov_11.264501	4752	4874	0	122	122	1.0000000
NODE_4132_length_14287_cov_12.470609	4794	4916	0	122	122	1.0000000
NODE_4133_length_14287_cov_10.367141	4920	5042	0	122	122	1.0000000
NODE_4134_length_14286_cov_27.185945	5298	5420	0	122	122	1.0000000
NODE_4135_length_14283_cov_8.424563	4962	5084	1	122	122	1.0000000
NODE_4136_length_14280_cov_63.053945	5046	5168	0	122	122	1.0000000
NODE_4137_length_14280_cov_7.178478	4962	5084	0	122	122	1.0000000
NODE_4138_length_14279_cov_12.828843	4962	5084	0	122	122	1.0000000
NODE_4139_length_14279_cov_11.537729	4962	5084	0	122	122	1.0000000
NODE_413_length_27657_cov_39.306191	4794	4916	0	122	122	1.0000000
NODE_413_length_27657_cov_39.306191	14962	15084	0	82	122	0.6721311
NODE_413_length_27657_cov_39.306191	14962	15084	2	40	122	0.3278688
NODE_413_length_27657_cov_39.306191	24920	25042	0	122	122	1.0000000
NODE_4140_length_14279_cov_7.421862	5088	5210	0	122	122	1.0000000
NODE_4141_length_14278_cov_11.303689	4962	5084	0	122	122	1.0000000
NODE_4142_length_14278_cov_10.867480	4962	5084	0	122	122	1.0000000
NODE_4143_length_14276_cov_22.717218	4920	5042	0	122	122	1.0000000
NODE_4144_length_14275_cov_13.582393	5046	5168	0	122	122	1.0000000
NODE_4145_length_14275_cov_7.141577	5004	5126	0	122	122	1.0000000
NODE_4148_length_14271_cov_69.009032	4962	5084	0	122	122	1.0000000
NODE_4149_length_14271_cov_7.973045	5004	5126	0	122	122	1.0000000
NODE_414_length_27655_cov_8.681376	4962	5084	0	122	122	1.0000000
NODE_414_length_27655_cov_8.681376	14962	15084	0	122	122	1.0000000
NODE_414_length_27655_cov_8.681376	24962	25084	0	122	122	1.0000000
NODE_4150_length_14270_cov_8.049608	5004	5126	0	122	122	1.0000000
NODE_4152_length_14268_cov_8.589244	5256	5378	0	122	122	1.0000000
NODE_4153_length_14267_cov_8.691770	4962	5084	0	122	122	1.0000000
NODE_4155_length_14265_cov_7.904490	4962	5084	0	122	122	1.0000000
NODE_4159_length_14262_cov_7.797571	4962	5084	0	122	122	1.0000000
NODE_415_length_27603_cov_10.703970	4794	4916	0	122	122	1.0000000
NODE_415_length_27603_cov_10.703970	24962	25084	0	122	122	1.0000000
NODE_4160_length_14261_cov_7.757238	4962	5084	0	60	122	0.4918033
NODE_4160_length_14261_cov_7.757238	4962	5084	2	62	122	0.5081967
NODE_4162_length_14260_cov_8.100346	4962	5084	0	122	122	1.0000000
NODE_4163_length_14260_cov_7.206200	4962	5084	0	122	122	1.0000000
NODE_4164_length_14258_cov_10.442545	4962	5084	0	122	122	1.0000000
NODE_4165_length_14255_cov_8.777268	4962	5084	0	59	122	0.4836065
NODE_4165_length_14255_cov_8.777268	4962	5084	1	63	122	0.5163934
NODE_4166_length_14251_cov_9.154678	4878	5000	0	122	122	1.0000000
NODE_4168_length_14251_cov_8.327162	4962	5084	0	122	122	1.0000000
NODE_416_length_27601_cov_9.251145	5004	5126	0	122	122	1.0000000
NODE_416_length_27601_cov_9.251145	14962	15084	0	122	122	1.0000000
NODE_416_length_27601_cov_9.251145	24962	25084	2	40	122	0.3278688
NODE_416_length_27601_cov_9.251145	24962	25084	3	29	122	0.2377049
NODE_416_length_27601_cov_9.251145	24962	25084	4	53	122	0.4344262
NODE_4170_length_14249_cov_8.952509	4920	5042	0	122	122	1.0000000
NODE_4172_length_14248_cov_8.841190	4962	5084	0	122	122	1.0000000
NODE_4173_length_14248_cov_8.303979	5046	5168	0	122	122	1.0000000
NODE_4175_length_14245_cov_10.891559	4962	5084	0	122	122	1.0000000
NODE_4177_length_14239_cov_9.074823	4962	5084	0	122	122	1.0000000
NODE_4178_length_14238_cov_8.826084	4962	5084	0	22	122	0.1803279
NODE_4178_length_14238_cov_8.826084	4962	5084	2	59	122	0.4836065
NODE_4178_length_14238_cov_8.826084	4962	5084	4	41	122	0.3360656
NODE_4179_length_14237_cov_17.698260	4962	5084	0	122	122	1.0000000
NODE_417_length_27601_cov_7.487346	4962	5084	0	73	122	0.5983607
NODE_417_length_27601_cov_7.487346	4962	5084	1	49	122	0.4016393
NODE_417_length_27601_cov_7.487346	15172	15294	0	122	122	1.0000000
NODE_4180_length_14237_cov_8.132268	4836	4958	0	122	122	1.0000000
NODE_4181_length_14231_cov_8.232876	5046	5168	0	122	122	1.0000000
NODE_4183_length_14228_cov_8.488357	4962	5084	0	122	122	1.0000000
NODE_4185_length_14227_cov_19.196135	4962	5084	0	122	122	1.0000000
NODE_4187_length_14226_cov_7.908261	4962	5084	0	122	122	1.0000000
NODE_4188_length_14225_cov_7.796121	4962	5084	0	122	122	1.0000000
NODE_418_length_27584_cov_7.724177	4836	4958	0	122	122	1.0000000
NODE_418_length_27584_cov_7.724177	14920	15042	0	122	122	1.0000000
NODE_418_length_27584_cov_7.724177	24962	25084	1	93	122	0.7622951
NODE_418_length_27584_cov_7.724177	24962	25084	10	29	122	0.2377049
NODE_4190_length_14224_cov_7.821593	4836	4958	0	122	122	1.0000000
NODE_4191_length_14221_cov_8.277581	4962	5084	0	122	122	1.0000000
NODE_4193_length_14218_cov_36.774842	4920	5042	0	122	122	1.0000000
NODE_4194_length_14217_cov_7.494121	4962	5084	0	122	122	1.0000000
NODE_4195_length_14216_cov_17.892753	4962	5084	1	12	122	0.0983607
NODE_4195_length_14216_cov_17.892753	4962	5084	2	63	122	0.5163934
NODE_4195_length_14216_cov_17.892753	4962	5084	4	21	122	0.1721312
NODE_4195_length_14216_cov_17.892753	4962	5084	5	26	122	0.2131148
NODE_4196_length_14213_cov_11.169761	4962	5084	0	122	122	1.0000000
NODE_4197_length_14212_cov_7.864168	4962	5084	0	122	122	1.0000000
NODE_4198_length_14211_cov_8.029337	4962	5084	0	122	122	1.0000000
NODE_4199_length_14209_cov_9.388164	4920	5042	1	40	122	0.3278688
NODE_4199_length_14209_cov_9.388164	4920	5042	2	82	122	0.6721311
NODE_419_length_27583_cov_9.024523	4962	5084	0	122	122	1.0000000
NODE_419_length_27583_cov_9.024523	14962	15084	0	122	122	1.0000000
NODE_419_length_27583_cov_9.024523	24962	25084	0	122	122	1.0000000
NODE_41_length_47875_cov_3.006091	4962	5084	0	122	122	1.0000000
NODE_41_length_47875_cov_3.006091	24962	25084	0	122	122	1.0000000
NODE_41_length_47875_cov_3.006091	35004	35126	0	122	122	1.0000000
NODE_41_length_47875_cov_3.006091	44962	45084	0	122	122	1.0000000
NODE_4200_length_14209_cov_8.296527	5130	5252	0	122	122	1.0000000
NODE_4201_length_14208_cov_17.705224	4962	5084	0	122	122	1.0000000
NODE_4202_length_14205_cov_9.123352	5298	5420	0	122	122	1.0000000
NODE_4203_length_14203_cov_7.679027	4962	5084	0	122	122	1.0000000
NODE_4204_length_14201_cov_8.592256	4962	5084	0	122	122	1.0000000
NODE_4205_length_14200_cov_8.890859	4962	5084	0	122	122	1.0000000
NODE_4206_length_14199_cov_55.457730	4962	5084	0	122	122	1.0000000
NODE_4207_length_14199_cov_8.093121	4962	5084	0	122	122	1.0000000
NODE_4208_length_14197_cov_7.154774	4962	5084	0	122	122	1.0000000
NODE_4209_length_14196_cov_9.413705	4920	5042	0	122	122	1.0000000
NODE_420_length_27577_cov_12.985152	5004	5126	0	122	122	1.0000000
NODE_420_length_27577_cov_12.985152	24962	25084	0	122	122	1.0000000
NODE_4210_length_14195_cov_11.574702	5130	5252	2	14	122	0.1147541
NODE_4210_length_14195_cov_11.574702	5130	5252	3	17	122	0.1393443
NODE_4210_length_14195_cov_11.574702	5130	5252	4	1	122	0.0081967
NODE_4210_length_14195_cov_11.574702	5130	5252	5	43	122	0.3524590
NODE_4210_length_14195_cov_11.574702	5130	5252	6	47	122	0.3852459
NODE_4211_length_14195_cov_8.725880	4962	5084	0	122	122	1.0000000
NODE_4213_length_14192_cov_7.707656	4962	5084	0	122	122	1.0000000
NODE_4214_length_14186_cov_7.963229	4962	5084	0	122	122	1.0000000
NODE_4216_length_14184_cov_8.682002	4962	5084	0	122	122	1.0000000
NODE_4217_length_14184_cov_7.880369	4962	5084	0	122	122	1.0000000
NODE_4218_length_14182_cov_18.536959	4962	5084	0	122	122	1.0000000
NODE_421_length_27566_cov_9.475261	14962	15084	0	41	122	0.3360656
NODE_421_length_27566_cov_9.475261	14962	15084	2	81	122	0.6639344
NODE_421_length_27566_cov_9.475261	24668	24790	0	122	122	1.0000000
NODE_4221_length_14180_cov_12.350117	4962	5084	0	122	122	1.0000000
NODE_4222_length_14180_cov_6.601875	4962	5084	0	122	122	1.0000000
NODE_4223_length_14179_cov_10.553196	4878	5000	0	122	122	1.0000000
NODE_4224_length_14179_cov_6.032244	4962	5084	0	122	122	1.0000000
NODE_4226_length_14175_cov_7.933078	4962	5084	0	122	122	1.0000000
NODE_4227_length_14174_cov_59.311972	4836	4958	0	20	122	0.1639344
NODE_4227_length_14174_cov_59.311972	4836	4958	1	102	122	0.8360656
NODE_4229_length_14174_cov_12.902877	4962	5084	0	122	122	1.0000000
NODE_422_length_27557_cov_8.213890	5130	5252	0	122	122	1.0000000
NODE_422_length_27557_cov_8.213890	14962	15084	0	122	122	1.0000000
NODE_422_length_27557_cov_8.213890	25088	25210	0	122	122	1.0000000
NODE_4231_length_14173_cov_8.492113	5004	5126	0	122	122	1.0000000
NODE_4232_length_14173_cov_8.419213	5130	5252	1	41	122	0.3360656
NODE_4232_length_14173_cov_8.419213	5130	5252	2	81	122	0.6639344
NODE_4233_length_14173_cov_7.833665	4962	5084	0	122	122	1.0000000
NODE_4234_length_14172_cov_8.275492	4962	5084	0	122	122	1.0000000
NODE_4235_length_14171_cov_182.795054	4962	5084	0	122	122	1.0000000
NODE_4236_length_14171_cov_7.117183	4962	5084	0	122	122	1.0000000
NODE_4237_length_14170_cov_7.307654	4962	5084	0	122	122	1.0000000
NODE_4238_length_14169_cov_9.678181	5004	5126	0	122	122	1.0000000
NODE_423_length_27525_cov_9.899438	4962	5084	0	122	122	1.0000000
NODE_423_length_27525_cov_9.899438	14962	15084	0	122	122	1.0000000
NODE_423_length_27525_cov_9.899438	25046	25168	0	122	122	1.0000000
NODE_4242_length_14163_cov_26.375142	4962	5084	0	122	122	1.0000000
NODE_4243_length_14162_cov_8.623338	5172	5294	0	122	122	1.0000000
NODE_4245_length_14161_cov_8.056038	4962	5084	0	122	122	1.0000000
NODE_4246_length_14161_cov_7.939553	4878	5000	0	122	122	1.0000000
NODE_4247_length_14160_cov_7.531968	4962	5084	0	122	122	1.0000000
NODE_4248_length_14159_cov_8.303058	4920	5042	0	122	122	1.0000000
NODE_424_length_27523_cov_9.417627	5004	5126	0	122	122	1.0000000
NODE_424_length_27523_cov_9.417627	14878	15000	0	122	122	1.0000000
NODE_424_length_27523_cov_9.417627	25004	25126	0	122	122	1.0000000
NODE_4250_length_14152_cov_15.098555	4542	4664	0	122	122	1.0000000
NODE_4251_length_14152_cov_8.330179	4962	5084	0	122	122	1.0000000
NODE_4254_length_14149_cov_8.221993	5004	5126	0	122	122	1.0000000
NODE_4256_length_14147_cov_8.118736	4962	5084	0	122	122	1.0000000
NODE_4257_length_14146_cov_24.083577	4752	4874	0	122	122	1.0000000
NODE_4258_length_14146_cov_8.064569	5046	5168	0	122	122	1.0000000
NODE_4259_length_14142_cov_9.166275	4962	5084	1	122	122	1.0000000
NODE_425_length_27518_cov_8.592290	4962	5084	0	122	122	1.0000000
NODE_425_length_27518_cov_8.592290	14962	15084	0	122	122	1.0000000
NODE_425_length_27518_cov_8.592290	24836	24958	0	122	122	1.0000000
NODE_4260_length_14141_cov_8.299957	4962	5084	0	122	122	1.0000000
NODE_4261_length_14139_cov_7.803276	4878	5000	0	122	122	1.0000000
NODE_4264_length_14135_cov_8.120333	5004	5126	0	122	122	1.0000000
NODE_4266_length_14132_cov_5.807240	4962	5084	0	122	122	1.0000000
NODE_4268_length_14130_cov_9.094077	4710	4832	0	122	122	1.0000000
NODE_4269_length_14129_cov_9.523236	4500	4622	0	122	122	1.0000000
NODE_426_length_27512_cov_8.239011	4710	4832	0	68	122	0.5573770
NODE_426_length_27512_cov_8.239011	4710	4832	1	54	122	0.4426230
NODE_426_length_27512_cov_8.239011	15298	15420	0	122	122	1.0000000
NODE_426_length_27512_cov_8.239011	24962	25084	0	122	122	1.0000000
NODE_4271_length_14128_cov_10.111982	4962	5084	0	122	122	1.0000000
NODE_4272_length_14127_cov_7.164457	5214	5336	0	122	122	1.0000000
NODE_4275_length_14123_cov_7.389546	5004	5126	1	31	122	0.2540984
NODE_4275_length_14123_cov_7.389546	5004	5126	2	91	122	0.7459016
NODE_4276_length_14121_cov_9.971830	4962	5084	0	33	122	0.2704918
NODE_4276_length_14121_cov_9.971830	4962	5084	1	89	122	0.7295082
NODE_4277_length_14121_cov_6.997932	4962	5084	0	122	122	1.0000000
NODE_4278_length_14120_cov_76.456601	4836	4958	0	122	122	1.0000000
NODE_427_length_27440_cov_7.883545	4962	5084	0	122	122	1.0000000
NODE_427_length_27440_cov_7.883545	14920	15042	0	122	122	1.0000000
NODE_4281_length_14119_cov_9.508916	5004	5126	0	122	122	1.0000000
NODE_4283_length_14117_cov_8.626623	4962	5084	0	8	122	0.0655738
NODE_4283_length_14117_cov_8.626623	4962	5084	2	114	122	0.9344262
NODE_4284_length_14116_cov_6.405650	4962	5084	0	122	122	1.0000000
NODE_4285_length_14114_cov_9.766036	4962	5084	0	122	122	1.0000000
NODE_4286_length_14114_cov_8.946629	4962	5084	0	122	122	1.0000000
NODE_4288_length_14113_cov_7.971172	4962	5084	0	122	122	1.0000000
NODE_4289_length_14111_cov_8.473808	4962	5084	0	122	122	1.0000000
NODE_428_length_27426_cov_8.158488	4878	5000	0	122	122	1.0000000
NODE_4290_length_14111_cov_8.252355	4962	5084	0	50	122	0.4098361
NODE_4290_length_14111_cov_8.252355	4962	5084	2	72	122	0.5901639
NODE_4292_length_14109_cov_8.686010	4962	5084	0	122	122	1.0000000
NODE_4294_length_14107_cov_7.089163	4962	5084	0	122	122	1.0000000
NODE_4296_length_14106_cov_9.381309	4962	5084	0	122	122	1.0000000
NODE_4298_length_14104_cov_9.443199	4962	5084	0	122	122	1.0000000
NODE_4299_length_14104_cov_8.514388	5382	5500	0	118	118	1.0000000
NODE_429_length_27409_cov_19.477041	4878	5000	0	122	122	1.0000000
NODE_429_length_27409_cov_19.477041	14962	15084	0	122	122	1.0000000
NODE_42_length_47489_cov_11.028825	4962	5084	0	122	122	1.0000000
NODE_42_length_47489_cov_11.028825	15130	15252	0	122	122	1.0000000
NODE_42_length_47489_cov_11.028825	24962	25084	0	122	122	1.0000000
NODE_42_length_47489_cov_11.028825	34962	35084	0	122	122	1.0000000
NODE_4301_length_14100_cov_45.961360	5046	5168	0	122	122	1.0000000
NODE_4305_length_14094_cov_30.448017	5130	5252	0	122	122	1.0000000
NODE_4306_length_14094_cov_13.557413	4962	5084	0	122	122	1.0000000
NODE_4307_length_14093_cov_7.592611	4962	5084	0	122	122	1.0000000
NODE_4308_length_14092_cov_7.162224	4962	5084	0	122	122	1.0000000
NODE_4309_length_14091_cov_8.407376	4794	4916	0	122	122	1.0000000
NODE_430_length_27409_cov_8.858074	5130	5252	0	122	122	1.0000000
NODE_430_length_27409_cov_8.858074	14962	15084	0	122	122	1.0000000
NODE_4310_length_14090_cov_9.140376	5382	5500	0	118	118	1.0000000
NODE_4311_length_14090_cov_6.930598	4962	5084	0	122	122	1.0000000
NODE_4312_length_14086_cov_2.592479	4962	5084	0	122	122	1.0000000
NODE_4313_length_14085_cov_6.276920	4962	5084	0	122	122	1.0000000
NODE_4314_length_14082_cov_10.589287	4962	5084	0	122	122	1.0000000
NODE_4317_length_14078_cov_8.795121	4962	5084	0	122	122	1.0000000
NODE_4318_length_14078_cov_8.786251	4962	5084	0	122	122	1.0000000
NODE_4321_length_14072_cov_8.736707	5004	5126	0	122	122	1.0000000
NODE_4322_length_14070_cov_7.642975	5046	5168	0	122	122	1.0000000
NODE_4323_length_14067_cov_14.654926	4962	5084	0	122	122	1.0000000
NODE_4324_length_14067_cov_9.590994	4920	5042	0	122	122	1.0000000
NODE_4326_length_14065_cov_7.891236	4962	5084	0	122	122	1.0000000
NODE_4327_length_14065_cov_7.822211	5004	5126	0	122	122	1.0000000
NODE_4328_length_14063_cov_8.652105	4962	5084	0	122	122	1.0000000
NODE_4329_length_14063_cov_6.988614	4920	5042	0	122	122	1.0000000
NODE_432_length_27349_cov_7.520110	4920	5042	0	122	122	1.0000000
NODE_432_length_27349_cov_7.520110	14962	15084	0	122	122	1.0000000
NODE_4331_length_14057_cov_12.331351	4962	5084	0	122	122	1.0000000
NODE_4332_length_14057_cov_7.799327	4920	5042	0	122	122	1.0000000
NODE_4334_length_14055_cov_7.183219	4962	5084	0	122	122	1.0000000
NODE_4335_length_14054_cov_16.378216	4962	5084	0	122	122	1.0000000
NODE_4336_length_14054_cov_8.317664	4962	5084	0	122	122	1.0000000
NODE_4337_length_14053_cov_8.887917	4962	5084	0	122	122	1.0000000
NODE_4338_length_14052_cov_9.629399	4962	5084	0	122	122	1.0000000
NODE_4339_length_14052_cov_7.286605	4962	5084	0	122	122	1.0000000
NODE_433_length_27340_cov_9.152931	4962	5084	0	122	122	1.0000000
NODE_433_length_27340_cov_9.152931	14962	15084	0	122	122	1.0000000
NODE_4340_length_14050_cov_12.313741	4962	5084	0	122	122	1.0000000
NODE_4341_length_14050_cov_8.284066	5088	5210	0	122	122	1.0000000
NODE_4342_length_14048_cov_9.769733	4962	5084	0	122	122	1.0000000
NODE_4343_length_14048_cov_8.804072	4962	5084	0	74	122	0.6065574
NODE_4343_length_14048_cov_8.804072	4962	5084	1	48	122	0.3934426
NODE_4344_length_14047_cov_9.084313	4962	5084	0	26	122	0.2131148
NODE_4344_length_14047_cov_9.084313	4962	5084	2	30	122	0.2459016
NODE_4344_length_14047_cov_9.084313	4962	5084	4	66	122	0.5409836
NODE_4345_length_14047_cov_8.596931	4962	5084	0	122	122	1.0000000
NODE_4346_length_14047_cov_8.447950	4962	5084	0	122	122	1.0000000
NODE_4347_length_14044_cov_7.091072	4878	5000	0	122	122	1.0000000
NODE_4349_length_14037_cov_30.729516	4920	5042	0	1	122	0.0081967
NODE_4349_length_14037_cov_30.729516	4920	5042	2	121	122	0.9918033
NODE_434_length_27311_cov_2.799022	4962	5084	0	122	122	1.0000000
NODE_434_length_27311_cov_2.799022	14962	15084	0	122	122	1.0000000
NODE_4352_length_14037_cov_9.379179	5004	5126	0	122	122	1.0000000
NODE_4353_length_14037_cov_9.288348	4962	5084	0	122	122	1.0000000
NODE_4356_length_14028_cov_10.102735	4962	5084	0	122	122	1.0000000
NODE_4357_length_14028_cov_7.802355	4920	5042	0	65	122	0.5327869
NODE_4357_length_14028_cov_7.802355	4920	5042	1	31	122	0.2540984
NODE_4357_length_14028_cov_7.802355	4920	5042	2	26	122	0.2131148
NODE_4358_length_14027_cov_8.348794	4962	5084	0	122	122	1.0000000
NODE_4359_length_14024_cov_13.150305	5004	5126	0	122	122	1.0000000
NODE_435_length_27295_cov_13.052949	5004	5126	0	122	122	1.0000000
NODE_4360_length_14024_cov_7.809048	4500	4622	0	122	122	1.0000000
NODE_4361_length_14022_cov_27.058895	4920	5042	0	5	122	0.0409836
NODE_4361_length_14022_cov_27.058895	4920	5042	1	117	122	0.9590164
NODE_4365_length_14019_cov_6.602514	4962	5084	0	122	122	1.0000000
NODE_4367_length_14015_cov_9.394510	4794	4916	0	122	122	1.0000000
NODE_4369_length_14015_cov_7.334579	4962	5084	0	122	122	1.0000000
NODE_436_length_27280_cov_2.847761	4962	5084	0	122	122	1.0000000
NODE_436_length_27280_cov_2.847761	14962	15084	0	122	122	1.0000000
NODE_4372_length_14010_cov_6.681188	5004	5126	0	122	122	1.0000000
NODE_4373_length_14008_cov_9.047811	4962	5084	0	122	122	1.0000000
NODE_4375_length_14006_cov_7.435608	4962	5084	0	122	122	1.0000000
NODE_4376_length_14005_cov_9.397311	5004	5126	0	122	122	1.0000000
NODE_4377_length_14005_cov_9.010643	4920	5042	0	122	122	1.0000000
NODE_4379_length_14001_cov_10.193066	4962	5084	0	41	122	0.3360656
NODE_4379_length_14001_cov_10.193066	4962	5084	1	81	122	0.6639344
NODE_437_length_27274_cov_9.584508	4962	5084	0	122	122	1.0000000
NODE_437_length_27274_cov_9.584508	14962	15084	0	122	122	1.0000000
NODE_4381_length_14000_cov_8.625351	5046	5168	0	122	122	1.0000000
NODE_4383_length_13998_cov_8.597957	5046	5168	0	122	122	1.0000000
NODE_4384_length_13997_cov_7.414088	4962	5084	0	122	122	1.0000000
NODE_4385_length_13994_cov_7.891184	4920	5042	0	122	122	1.0000000
NODE_4386_length_13993_cov_8.200374	4836	4958	0	122	122	1.0000000
NODE_4387_length_13992_cov_9.106960	5046	5168	0	122	122	1.0000000
NODE_4388_length_13990_cov_8.815780	4962	5084	0	122	122	1.0000000
NODE_438_length_27234_cov_2.988870	4962	5084	0	122	122	1.0000000
NODE_4391_length_13985_cov_13.924528	5004	5126	0	122	122	1.0000000
NODE_4392_length_13984_cov_8.978466	4962	5084	0	122	122	1.0000000
NODE_4393_length_13982_cov_8.951523	4962	5084	0	122	122	1.0000000
NODE_4395_length_13981_cov_6.465423	4962	5084	0	122	122	1.0000000
NODE_4396_length_13980_cov_8.053166	4962	5084	0	122	122	1.0000000
NODE_4397_length_13976_cov_19.541399	4962	5084	0	122	122	1.0000000
NODE_4398_length_13972_cov_8.697037	4962	5084	1	8	122	0.0655738
NODE_4398_length_13972_cov_8.697037	4962	5084	2	114	122	0.9344262
NODE_4399_length_13969_cov_10.206921	4962	5084	0	122	122	1.0000000
NODE_439_length_27230_cov_20.843426	4962	5084	0	122	122	1.0000000
NODE_439_length_27230_cov_20.843426	15004	15126	0	122	122	1.0000000
NODE_43_length_47445_cov_8.421134	4962	5084	0	2	122	0.0163934
NODE_43_length_47445_cov_8.421134	4962	5084	1	10	122	0.0819672
NODE_43_length_47445_cov_8.421134	4962	5084	2	110	122	0.9016393
NODE_43_length_47445_cov_8.421134	34962	35084	0	122	122	1.0000000
NODE_4400_length_13969_cov_8.483490	4962	5084	0	122	122	1.0000000
NODE_4401_length_13969_cov_6.217304	4878	5000	0	122	122	1.0000000
NODE_4403_length_13967_cov_14.131526	4962	5084	0	122	122	1.0000000
NODE_4404_length_13966_cov_7.945771	4962	5084	0	122	122	1.0000000
NODE_4405_length_13966_cov_7.806591	4962	5084	0	80	122	0.6557377
NODE_4405_length_13966_cov_7.806591	4962	5084	1	42	122	0.3442623
NODE_4406_length_13966_cov_7.253624	5172	5294	0	122	122	1.0000000
NODE_4408_length_13963_cov_9.139065	4962	5084	0	122	122	1.0000000
NODE_4409_length_13963_cov_5.472519	4962	5084	0	122	122	1.0000000
NODE_440_length_27205_cov_13.931897	4962	5084	0	122	122	1.0000000
NODE_4410_length_13961_cov_34.834439	4836	4958	2	3	122	0.0245902
NODE_4410_length_13961_cov_34.834439	4836	4958	3	20	122	0.1639344
NODE_4410_length_13961_cov_34.834439	4836	4958	4	99	122	0.8114754
NODE_4411_length_13961_cov_7.900087	4962	5084	0	122	122	1.0000000
NODE_4412_length_13960_cov_9.608470	4962	5084	0	122	122	1.0000000
NODE_4414_length_13960_cov_7.301926	4962	5084	0	122	122	1.0000000
NODE_4415_length_13956_cov_6.445407	4962	5084	0	122	122	1.0000000
NODE_4417_length_13955_cov_7.667364	4962	5084	0	122	122	1.0000000
NODE_4418_length_13955_cov_7.212543	5004	5126	0	122	122	1.0000000
NODE_4419_length_13954_cov_9.067773	4962	5084	0	122	122	1.0000000
NODE_441_length_27170_cov_8.671530	4962	5084	0	122	122	1.0000000
NODE_4420_length_13954_cov_8.181595	5004	5126	0	45	122	0.3688525
NODE_4420_length_13954_cov_8.181595	5004	5126	1	77	122	0.6311476
NODE_4421_length_13953_cov_8.816226	5088	5210	0	100	122	0.8196721
NODE_4421_length_13953_cov_8.816226	5088	5210	8	22	122	0.1803279
NODE_4422_length_13952_cov_18.786978	5004	5126	0	122	122	1.0000000
NODE_4423_length_13952_cov_7.118963	4920	5042	0	122	122	1.0000000
NODE_4424_length_13948_cov_16.008232	4962	5084	0	16	122	0.1311475
NODE_4424_length_13948_cov_16.008232	4962	5084	1	106	122	0.8688524
NODE_4426_length_13946_cov_7.348234	4962	5084	0	122	122	1.0000000
NODE_4427_length_13945_cov_17.452694	4962	5084	0	122	122	1.0000000
NODE_4428_length_13943_cov_9.558798	4962	5084	0	122	122	1.0000000
NODE_4429_length_13943_cov_8.013797	4752	4874	0	122	122	1.0000000
NODE_442_length_27165_cov_8.439370	4962	5084	0	122	122	1.0000000
NODE_442_length_27165_cov_8.439370	14962	15084	0	122	122	1.0000000
NODE_4430_length_13940_cov_7.243769	4962	5084	0	122	122	1.0000000
NODE_4431_length_13937_cov_8.620610	4962	5084	0	122	122	1.0000000
NODE_4433_length_13935_cov_7.161607	5298	5420	0	122	122	1.0000000
NODE_4434_length_13932_cov_9.454782	4962	5084	1	8	122	0.0655738
NODE_4434_length_13932_cov_9.454782	4962	5084	6	10	122	0.0819672
NODE_4434_length_13932_cov_9.454782	4962	5084	7	104	122	0.8524590
NODE_4435_length_13932_cov_8.998843	4962	5084	0	122	122	1.0000000
NODE_4438_length_13928_cov_8.614072	4962	5084	0	122	122	1.0000000
NODE_4439_length_13923_cov_9.165799	5004	5126	0	122	122	1.0000000
NODE_443_length_27152_cov_8.065538	4962	5084	0	33	122	0.2704918
NODE_443_length_27152_cov_8.065538	4962	5084	9	89	122	0.7295082
NODE_443_length_27152_cov_8.065538	14794	14916	0	11	122	0.0901639
NODE_443_length_27152_cov_8.065538	14794	14916	8	111	122	0.9098361
NODE_4440_length_13923_cov_7.942419	4962	5084	0	122	122	1.0000000
NODE_4441_length_13922_cov_23.049989	4878	5000	0	40	122	0.3278688
NODE_4441_length_13922_cov_23.049989	4878	5000	3	1	122	0.0081967
NODE_4441_length_13922_cov_23.049989	4878	5000	4	39	122	0.3196721
NODE_4441_length_13922_cov_23.049989	4878	5000	7	1	122	0.0081967
NODE_4441_length_13922_cov_23.049989	4878	5000	8	41	122	0.3360656
NODE_4443_length_13920_cov_8.691846	4962	5084	0	122	122	1.0000000
NODE_4444_length_13919_cov_16.134660	4836	4958	0	122	122	1.0000000
NODE_4445_length_13918_cov_9.088718	4962	5084	0	122	122	1.0000000
NODE_4446_length_13918_cov_6.919314	4878	5000	0	122	122	1.0000000
NODE_4447_length_13917_cov_48.489941	4962	5084	0	3	122	0.0245902
NODE_4447_length_13917_cov_48.489941	4962	5084	1	119	122	0.9754099
NODE_4448_length_13916_cov_7.770645	4920	5042	1	15	122	0.1229508
NODE_4448_length_13916_cov_7.770645	4920	5042	2	21	122	0.1721312
NODE_4448_length_13916_cov_7.770645	4920	5042	3	38	122	0.3114754
NODE_4448_length_13916_cov_7.770645	4920	5042	4	48	122	0.3934426
NODE_4449_length_13911_cov_8.084709	4962	5084	1	122	122	1.0000000
NODE_444_length_27135_cov_9.949327	14962	15084	0	122	122	1.0000000
NODE_4450_length_13910_cov_11.894142	4878	5000	0	122	122	1.0000000
NODE_4451_length_13909_cov_8.619551	4920	5042	0	122	122	1.0000000
NODE_4452_length_13908_cov_8.365921	5046	5168	0	122	122	1.0000000
NODE_4454_length_13907_cov_7.076115	4962	5084	0	122	122	1.0000000
NODE_4455_length_13905_cov_6.691946	4962	5084	0	122	122	1.0000000
NODE_4456_length_13904_cov_8.540819	4920	5042	0	122	122	1.0000000
NODE_4458_length_13904_cov_7.840637	4962	5084	0	122	122	1.0000000
NODE_4459_length_13903_cov_7.249928	5130	5252	0	122	122	1.0000000
NODE_445_length_27120_cov_11.095555	4962	5084	0	33	122	0.2704918
NODE_445_length_27120_cov_11.095555	4962	5084	1	89	122	0.7295082
NODE_4460_length_13901_cov_7.984930	5088	5210	0	122	122	1.0000000
NODE_4461_length_13901_cov_7.423634	4962	5084	0	122	122	1.0000000
NODE_4462_length_13900_cov_9.304833	4878	5000	0	8	122	0.0655738
NODE_4462_length_13900_cov_9.304833	4878	5000	1	28	122	0.2295082
NODE_4462_length_13900_cov_9.304833	4878	5000	2	34	122	0.2786885
NODE_4462_length_13900_cov_9.304833	4878	5000	3	52	122	0.4262295
NODE_4463_length_13900_cov_8.934353	4962	5084	0	122	122	1.0000000
NODE_4464_length_13900_cov_7.989638	4962	5084	0	122	122	1.0000000
NODE_4465_length_13899_cov_7.340362	4962	5084	0	122	122	1.0000000
NODE_4466_length_13896_cov_11.689643	4962	5084	0	122	122	1.0000000
NODE_4468_length_13895_cov_7.906495	4920	5042	0	122	122	1.0000000
NODE_4469_length_13894_cov_11.778688	5004	5126	0	122	122	1.0000000
NODE_446_length_27106_cov_7.198911	5046	5168	0	122	122	1.0000000
NODE_446_length_27106_cov_7.198911	14962	15084	0	122	122	1.0000000
NODE_4471_length_13892_cov_6.656492	4752	4874	0	122	122	1.0000000
NODE_4472_length_13891_cov_25.964182	4752	4874	0	122	122	1.0000000
NODE_4474_length_13891_cov_7.990864	4962	5084	0	122	122	1.0000000
NODE_4475_length_13887_cov_6.307586	5004	5126	0	122	122	1.0000000
NODE_4476_length_13884_cov_12.843090	4962	5084	0	122	122	1.0000000
NODE_4477_length_13883_cov_7.822693	4962	5084	0	122	122	1.0000000
NODE_4478_length_13881_cov_7.376070	4962	5084	0	122	122	1.0000000
NODE_4479_length_13879_cov_8.568215	4962	5084	0	122	122	1.0000000
NODE_447_length_27103_cov_21.731632	4794	4916	0	122	122	1.0000000
NODE_447_length_27103_cov_21.731632	14962	15084	0	122	122	1.0000000
NODE_4480_length_13879_cov_7.871843	4962	5084	0	122	122	1.0000000
NODE_4481_length_13877_cov_8.298810	5088	5210	0	122	122	1.0000000
NODE_4482_length_13874_cov_9.300690	4962	5084	0	122	122	1.0000000
NODE_4483_length_13871_cov_7.216526	4920	5042	0	41	122	0.3360656
NODE_4483_length_13871_cov_7.216526	4920	5042	2	81	122	0.6639344
NODE_4484_length_13871_cov_6.845121	4962	5084	1	103	122	0.8442623
NODE_4484_length_13871_cov_6.845121	4962	5084	2	19	122	0.1557377
NODE_4485_length_13869_cov_10.601598	4962	5084	0	122	122	1.0000000
NODE_4486_length_13867_cov_8.844785	5130	5252	0	122	122	1.0000000
NODE_4487_length_13866_cov_14.326723	4836	4958	0	122	122	1.0000000
NODE_4489_length_13865_cov_8.039300	4962	5084	1	78	122	0.6393443
NODE_4489_length_13865_cov_8.039300	4962	5084	2	44	122	0.3606557
NODE_448_length_27096_cov_9.538838	4962	5084	0	122	122	1.0000000
NODE_448_length_27096_cov_9.538838	14962	15084	0	122	122	1.0000000
NODE_4490_length_13864_cov_14.097276	4962	5084	0	122	122	1.0000000
NODE_4493_length_13863_cov_7.359053	5046	5168	0	122	122	1.0000000
NODE_4494_length_13859_cov_8.659666	5046	5168	0	12	122	0.0983607
NODE_4494_length_13859_cov_8.659666	5046	5168	1	53	122	0.4344262
NODE_4494_length_13859_cov_8.659666	5046	5168	2	57	122	0.4672131
NODE_4495_length_13856_cov_7.938213	5214	5336	0	27	122	0.2213115
NODE_4495_length_13856_cov_7.938213	5214	5336	2	95	122	0.7786885
NODE_4496_length_13856_cov_7.413898	4962	5084	0	9	122	0.0737705
NODE_4496_length_13856_cov_7.413898	4962	5084	2	113	122	0.9262295
NODE_4497_length_13854_cov_33.170265	4962	5084	0	122	122	1.0000000
NODE_4498_length_13853_cov_8.142795	4962	5084	0	122	122	1.0000000
NODE_44_length_47041_cov_8.350305	5046	5168	0	122	122	1.0000000
NODE_44_length_47041_cov_8.350305	15088	15210	0	122	122	1.0000000
NODE_44_length_47041_cov_8.350305	24962	25084	0	122	122	1.0000000
NODE_44_length_47041_cov_8.350305	34920	35042	0	122	122	1.0000000
NODE_4500_length_13852_cov_8.598197	4962	5084	0	122	122	1.0000000
NODE_4502_length_13848_cov_7.907993	5046	5168	0	122	122	1.0000000
NODE_4506_length_13843_cov_7.774738	4836	4958	0	122	122	1.0000000
NODE_4507_length_13841_cov_12.184471	4962	5084	0	122	122	1.0000000
NODE_4508_length_13841_cov_9.508005	4962	5084	0	122	122	1.0000000
NODE_4509_length_13841_cov_7.583030	4962	5084	0	122	122	1.0000000
NODE_450_length_27071_cov_22.778659	4962	5084	0	122	122	1.0000000
NODE_450_length_27071_cov_22.778659	15172	15294	0	122	122	1.0000000
NODE_4511_length_13839_cov_7.569796	4962	5084	0	122	122	1.0000000
NODE_4512_length_13837_cov_9.353763	4962	5084	0	122	122	1.0000000
NODE_4513_length_13835_cov_8.053291	4962	5084	0	122	122	1.0000000
NODE_4514_length_13834_cov_8.902148	5088	5210	0	122	122	1.0000000
NODE_4515_length_13834_cov_7.785803	4962	5084	0	122	122	1.0000000
NODE_4516_length_13833_cov_9.138197	4962	5084	0	122	122	1.0000000
NODE_4517_length_13832_cov_9.130853	4920	5042	0	122	122	1.0000000
NODE_4518_length_13829_cov_8.232921	4962	5084	0	79	122	0.6475410
NODE_4518_length_13829_cov_8.232921	4962	5084	1	43	122	0.3524590
NODE_4519_length_13829_cov_6.569046	5046	5168	0	122	122	1.0000000
NODE_451_length_27066_cov_13.423629	4920	5042	0	122	122	1.0000000
NODE_4520_length_13828_cov_20.585767	4962	5084	0	122	122	1.0000000
NODE_4521_length_13828_cov_8.068395	4962	5084	0	122	122	1.0000000
NODE_4524_length_13827_cov_7.730842	4962	5084	0	122	122	1.0000000
NODE_4525_length_13825_cov_8.040434	4962	5084	0	122	122	1.0000000
NODE_4527_length_13821_cov_9.628626	4962	5084	1	122	122	1.0000000
NODE_4528_length_13816_cov_20.346723	5004	5126	0	122	122	1.0000000
NODE_4529_length_13816_cov_8.767952	5004	5126	0	122	122	1.0000000
NODE_452_length_27059_cov_10.747849	5004	5126	0	122	122	1.0000000
NODE_452_length_27059_cov_10.747849	14920	15042	0	122	122	1.0000000
NODE_4530_length_13815_cov_54.843249	4962	5084	0	122	122	1.0000000
NODE_4532_length_13810_cov_23.821165	5004	5126	0	122	122	1.0000000
NODE_4533_length_13810_cov_8.148275	5088	5210	0	122	122	1.0000000
NODE_4534_length_13810_cov_8.067464	4962	5084	0	122	122	1.0000000
NODE_4535_length_13809_cov_8.436980	5046	5168	0	122	122	1.0000000
NODE_4536_length_13809_cov_8.298687	4962	5084	0	122	122	1.0000000
NODE_4537_length_13808_cov_8.063097	4962	5084	0	29	122	0.2377049
NODE_4537_length_13808_cov_8.063097	4962	5084	1	13	122	0.1065574
NODE_4537_length_13808_cov_8.063097	4962	5084	2	80	122	0.6557377
NODE_4538_length_13808_cov_7.963746	4962	5084	0	49	122	0.4016393
NODE_4538_length_13808_cov_7.963746	4962	5084	2	73	122	0.5983607
NODE_4539_length_13806_cov_10.480776	5004	5126	0	122	122	1.0000000
NODE_453_length_27040_cov_9.006681	4962	5084	0	122	122	1.0000000
NODE_453_length_27040_cov_9.006681	14962	15084	0	122	122	1.0000000
NODE_4540_length_13805_cov_62.137166	4878	5000	0	122	122	1.0000000
NODE_4541_length_13804_cov_14.235534	4962	5084	0	20	122	0.1639344
NODE_4541_length_13804_cov_14.235534	4962	5084	1	102	122	0.8360656
NODE_4542_length_13804_cov_8.000292	5046	5168	0	122	122	1.0000000
NODE_4545_length_13798_cov_16.863129	5172	5294	0	3	122	0.0245902
NODE_4545_length_13798_cov_16.863129	5172	5294	1	1	122	0.0081967
NODE_4545_length_13798_cov_16.863129	5172	5294	2	118	122	0.9672131
NODE_4547_length_13798_cov_6.971896	5004	5126	0	122	122	1.0000000
NODE_4548_length_13797_cov_11.094028	5088	5210	0	122	122	1.0000000
NODE_454_length_27031_cov_8.655354	4962	5084	0	122	122	1.0000000
NODE_454_length_27031_cov_8.655354	14962	15084	0	27	122	0.2213115
NODE_454_length_27031_cov_8.655354	14962	15084	1	1	122	0.0081967
NODE_454_length_27031_cov_8.655354	14962	15084	2	94	122	0.7704918
NODE_4550_length_13793_cov_9.354608	4962	5084	0	122	122	1.0000000
NODE_4552_length_13791_cov_8.635261	5130	5252	0	122	122	1.0000000
NODE_4553_length_13791_cov_8.396874	5172	5294	0	122	122	1.0000000
NODE_4554_length_13791_cov_8.308574	4962	5084	0	122	122	1.0000000
NODE_4555_length_13788_cov_19.228359	5046	5168	0	122	122	1.0000000
NODE_4556_length_13788_cov_9.021112	4962	5084	0	122	122	1.0000000
NODE_4557_length_13788_cov_8.220396	4962	5084	0	122	122	1.0000000
NODE_4558_length_13788_cov_5.663599	4962	5084	0	122	122	1.0000000
NODE_4559_length_13786_cov_8.231387	5382	5500	0	118	118	1.0000000
NODE_455_length_26994_cov_8.697156	5004	5126	0	122	122	1.0000000
NODE_455_length_26994_cov_8.697156	14962	15084	0	122	122	1.0000000
NODE_4560_length_13782_cov_19.390631	4962	5084	0	122	122	1.0000000
NODE_4561_length_13782_cov_7.391435	4962	5084	0	122	122	1.0000000
NODE_4562_length_13782_cov_6.451290	4962	5084	0	122	122	1.0000000
NODE_4565_length_13777_cov_28.882147	4962	5084	0	122	122	1.0000000
NODE_4566_length_13775_cov_8.327874	5004	5126	0	122	122	1.0000000
NODE_4567_length_13774_cov_8.059378	4962	5084	0	122	122	1.0000000
NODE_4568_length_13772_cov_8.706941	5214	5336	0	40	122	0.3278688
NODE_4568_length_13772_cov_8.706941	5214	5336	1	82	122	0.6721311
NODE_4569_length_13771_cov_7.891384	4962	5084	0	122	122	1.0000000
NODE_456_length_26988_cov_7.922199	4878	5000	0	122	122	1.0000000
NODE_456_length_26988_cov_7.922199	14962	15084	0	16	122	0.1311475
NODE_456_length_26988_cov_7.922199	14962	15084	2	7	122	0.0573770
NODE_456_length_26988_cov_7.922199	14962	15084	4	99	122	0.8114754
NODE_4570_length_13770_cov_10.196986	4962	5084	0	122	122	1.0000000
NODE_4572_length_13769_cov_7.526116	4962	5084	0	122	122	1.0000000
NODE_4573_length_13769_cov_6.719532	4962	5084	0	67	122	0.5491803
NODE_4573_length_13769_cov_6.719532	4962	5084	2	55	122	0.4508197
NODE_4574_length_13767_cov_8.323749	4962	5084	0	122	122	1.0000000
NODE_4576_length_13767_cov_7.362452	4962	5084	0	122	122	1.0000000
NODE_4578_length_13764_cov_9.353531	4962	5084	0	122	122	1.0000000
NODE_4579_length_13762_cov_16.708336	4962	5084	0	122	122	1.0000000
NODE_457_length_26986_cov_7.145349	5130	5252	0	122	122	1.0000000
NODE_457_length_26986_cov_7.145349	15004	15126	0	35	122	0.2868852
NODE_457_length_26986_cov_7.145349	15004	15126	1	87	122	0.7131147
NODE_4581_length_13761_cov_8.655980	4962	5084	0	122	122	1.0000000
NODE_4584_length_13758_cov_8.536276	5046	5168	0	6	122	0.0491803
NODE_4584_length_13758_cov_8.536276	5046	5168	1	40	122	0.3278688
NODE_4584_length_13758_cov_8.536276	5046	5168	2	76	122	0.6229508
NODE_4585_length_13757_cov_12.749451	5004	5126	0	122	122	1.0000000
NODE_4586_length_13756_cov_15.587245	5046	5168	0	122	122	1.0000000
NODE_4587_length_13756_cov_9.376657	4794	4916	0	122	122	1.0000000
NODE_4588_length_13756_cov_8.960387	4962	5084	0	122	122	1.0000000
NODE_4589_length_13755_cov_7.419449	4962	5084	0	122	122	1.0000000
NODE_458_length_26980_cov_15.727800	4962	5084	0	122	122	1.0000000
NODE_458_length_26980_cov_15.727800	14962	15084	0	122	122	1.0000000
NODE_4592_length_13750_cov_11.190389	5088	5210	0	122	122	1.0000000
NODE_4594_length_13750_cov_8.488316	4962	5084	0	77	122	0.6311476
NODE_4594_length_13750_cov_8.488316	4962	5084	1	45	122	0.3688525
NODE_4595_length_13750_cov_8.217054	4878	5000	0	122	122	1.0000000
NODE_4596_length_13749_cov_7.751209	4962	5084	0	38	122	0.3114754
NODE_4596_length_13749_cov_7.751209	4962	5084	1	84	122	0.6885246
NODE_4597_length_13748_cov_7.896622	4962	5084	1	122	122	1.0000000
NODE_4598_length_13748_cov_6.847095	4962	5084	0	122	122	1.0000000
NODE_4599_length_13747_cov_17.810009	4920	5042	0	122	122	1.0000000
NODE_459_length_26971_cov_9.791605	4962	5084	0	122	122	1.0000000
NODE_459_length_26971_cov_9.791605	15004	15126	0	122	122	1.0000000
NODE_45_length_46945_cov_8.414721	4962	5084	0	122	122	1.0000000
NODE_45_length_46945_cov_8.414721	14962	15084	0	122	122	1.0000000
NODE_45_length_46945_cov_8.414721	35046	35168	0	12	122	0.0983607
NODE_45_length_46945_cov_8.414721	35046	35168	2	110	122	0.9016393
NODE_4600_length_13747_cov_7.902183	4836	4958	0	122	122	1.0000000
NODE_4601_length_13747_cov_7.087705	4962	5084	0	11	122	0.0901639
NODE_4601_length_13747_cov_7.087705	4962	5084	2	111	122	0.9098361
NODE_4602_length_13744_cov_7.404104	5004	5126	0	122	122	1.0000000
NODE_4603_length_13743_cov_9.707784	5004	5126	0	5	122	0.0409836
NODE_4603_length_13743_cov_9.707784	5004	5126	1	117	122	0.9590164
NODE_4605_length_13742_cov_7.731364	4920	5042	0	122	122	1.0000000
NODE_4606_length_13741_cov_8.382495	4962	5084	0	122	122	1.0000000
NODE_4608_length_13739_cov_8.706085	5088	5210	1	122	122	1.0000000
NODE_460_length_26964_cov_8.221106	4878	5000	0	122	122	1.0000000
NODE_460_length_26964_cov_8.221106	14962	15084	0	122	122	1.0000000
NODE_4610_length_13737_cov_7.931808	4920	5042	0	122	122	1.0000000
NODE_4611_length_13736_cov_9.274401	5172	5294	0	122	122	1.0000000
NODE_4613_length_13733_cov_7.503154	4962	5084	0	122	122	1.0000000
NODE_4614_length_13730_cov_6.726359	4752	4874	0	122	122	1.0000000
NODE_4617_length_13726_cov_8.148455	4920	5042	0	20	122	0.1639344
NODE_4617_length_13726_cov_8.148455	4920	5042	1	102	122	0.8360656
NODE_4618_length_13724_cov_8.899083	4962	5084	0	122	122	1.0000000
NODE_4619_length_13724_cov_8.203743	4878	5000	1	52	122	0.4262295
NODE_4619_length_13724_cov_8.203743	4878	5000	2	70	122	0.5737705
NODE_461_length_26962_cov_13.022373	4878	5000	0	122	122	1.0000000
NODE_461_length_26962_cov_13.022373	14962	15084	0	122	122	1.0000000
NODE_4620_length_13724_cov_6.794055	4962	5084	0	122	122	1.0000000
NODE_4622_length_13719_cov_8.282673	4920	5042	0	122	122	1.0000000
NODE_4623_length_13718_cov_11.461047	4962	5084	0	122	122	1.0000000
NODE_4625_length_13717_cov_7.512337	4962	5084	0	29	122	0.2377049
NODE_4625_length_13717_cov_7.512337	4962	5084	2	3	122	0.0245902
NODE_4625_length_13717_cov_7.512337	4962	5084	4	1	122	0.0081967
NODE_4625_length_13717_cov_7.512337	4962	5084	6	1	122	0.0081967
NODE_4625_length_13717_cov_7.512337	4962	5084	8	88	122	0.7213115
NODE_4626_length_13715_cov_8.982888	4962	5084	0	122	122	1.0000000
NODE_4627_length_13715_cov_8.854656	4962	5084	0	122	122	1.0000000
NODE_4628_length_13714_cov_9.063313	4878	5000	0	2	122	0.0163934
NODE_4628_length_13714_cov_9.063313	4878	5000	1	120	122	0.9836066
NODE_4629_length_13706_cov_8.715882	5004	5126	0	122	122	1.0000000
NODE_462_length_26960_cov_8.214549	4962	5084	0	122	122	1.0000000
NODE_462_length_26960_cov_8.214549	14920	15042	0	122	122	1.0000000
NODE_4630_length_13706_cov_6.860586	4878	5000	0	122	122	1.0000000
NODE_4631_length_13705_cov_9.028958	4962	5084	0	122	122	1.0000000
NODE_4632_length_13705_cov_5.873291	5130	5252	0	122	122	1.0000000
NODE_4635_length_13701_cov_12.299221	4962	5084	0	122	122	1.0000000
NODE_4636_length_13700_cov_8.921844	4962	5084	0	122	122	1.0000000
NODE_4637_length_13699_cov_7.698088	4626	4748	0	122	122	1.0000000
NODE_4638_length_13696_cov_6.866441	4962	5084	0	122	122	1.0000000
NODE_463_length_26958_cov_9.037902	14962	15084	0	122	122	1.0000000
NODE_4640_length_13695_cov_7.981318	4878	5000	0	122	122	1.0000000
NODE_4641_length_13694_cov_8.994998	4920	5042	0	122	122	1.0000000
NODE_4642_length_13692_cov_14.588097	4962	5084	0	48	122	0.3934426
NODE_4642_length_13692_cov_14.588097	4962	5084	2	74	122	0.6065574
NODE_4643_length_13690_cov_8.253256	5214	5336	0	122	122	1.0000000
NODE_4644_length_13688_cov_7.534256	4920	5042	0	122	122	1.0000000
NODE_4645_length_13687_cov_20.028334	4962	5084	0	122	122	1.0000000
NODE_4646_length_13687_cov_8.205770	4962	5084	0	122	122	1.0000000
NODE_4648_length_13683_cov_18.594376	4878	5000	0	122	122	1.0000000
NODE_464_length_26957_cov_8.723769	4920	5042	0	122	122	1.0000000
NODE_464_length_26957_cov_8.723769	14962	15084	0	122	122	1.0000000
NODE_4650_length_13677_cov_10.841582	4962	5084	0	122	122	1.0000000
NODE_4651_length_13677_cov_7.142215	4962	5084	0	122	122	1.0000000
NODE_4652_length_13677_cov_6.884961	5004	5126	0	122	122	1.0000000
NODE_4653_length_13676_cov_8.464683	4962	5084	0	122	122	1.0000000
NODE_4654_length_13674_cov_8.652302	4962	5084	0	122	122	1.0000000
NODE_4657_length_13672_cov_10.304133	4962	5084	0	122	122	1.0000000
NODE_4658_length_13672_cov_8.532896	5046	5168	0	122	122	1.0000000
NODE_465_length_26932_cov_9.584281	4962	5084	0	122	122	1.0000000
NODE_4660_length_13671_cov_6.756705	4962	5084	0	122	122	1.0000000
NODE_4661_length_13667_cov_6.554982	4962	5084	0	122	122	1.0000000
NODE_4662_length_13666_cov_7.582222	4920	5042	0	122	122	1.0000000
NODE_4663_length_13664_cov_8.978474	4962	5084	0	50	122	0.4098361
NODE_4663_length_13664_cov_8.978474	4962	5084	1	72	122	0.5901639
NODE_4664_length_13663_cov_7.561781	5004	5126	0	122	122	1.0000000
NODE_4665_length_13662_cov_8.856964	4962	5084	0	122	122	1.0000000
NODE_4666_length_13661_cov_8.711842	4962	5084	0	122	122	1.0000000
NODE_4667_length_13661_cov_8.285430	4962	5084	0	122	122	1.0000000
NODE_4668_length_13659_cov_8.869617	4500	4622	0	10	122	0.0819672
NODE_4668_length_13659_cov_8.869617	4500	4622	1	112	122	0.9180328
NODE_4669_length_13656_cov_8.716014	4962	5084	0	122	122	1.0000000
NODE_466_length_26916_cov_11.180930	14962	15084	0	122	122	1.0000000
NODE_4672_length_13654_cov_8.416599	5004	5126	0	122	122	1.0000000
NODE_4673_length_13654_cov_7.634969	4920	5042	0	122	122	1.0000000
NODE_4674_length_13654_cov_6.773220	5382	5500	0	118	118	1.0000000
NODE_4675_length_13651_cov_12.217901	4962	5084	0	122	122	1.0000000
NODE_4677_length_13651_cov_7.036747	4584	4706	0	122	122	1.0000000
NODE_4679_length_13648_cov_8.685143	5046	5168	2	122	122	1.0000000
NODE_467_length_26868_cov_8.424969	14962	15084	0	122	122	1.0000000
NODE_4680_length_13647_cov_9.122232	4962	5084	0	122	122	1.0000000
NODE_4681_length_13647_cov_7.597358	4710	4832	0	122	122	1.0000000
NODE_4682_length_13646_cov_8.980660	4962	5084	0	122	122	1.0000000
NODE_4683_length_13644_cov_9.455814	4962	5084	0	122	122	1.0000000
NODE_4684_length_13644_cov_9.080989	4962	5084	0	122	122	1.0000000
NODE_4685_length_13643_cov_11.378618	4962	5084	0	122	122	1.0000000
NODE_4686_length_13642_cov_19.263457	4962	5084	0	122	122	1.0000000
NODE_4688_length_13640_cov_13.523300	4920	5042	0	122	122	1.0000000
NODE_468_length_26867_cov_9.697026	15172	15294	0	122	122	1.0000000
NODE_4690_length_13638_cov_6.921191	5004	5126	0	122	122	1.0000000
NODE_4691_length_13636_cov_8.885647	4962	5084	0	122	122	1.0000000
NODE_4692_length_13635_cov_16.809471	4920	5042	0	122	122	1.0000000
NODE_4693_length_13634_cov_11.834355	4962	5084	0	14	122	0.1147541
NODE_4693_length_13634_cov_11.834355	4962	5084	2	108	122	0.8852459
NODE_4694_length_13633_cov_5.440372	4962	5084	0	122	122	1.0000000
NODE_4695_length_13632_cov_9.754378	4962	5084	0	122	122	1.0000000
NODE_4697_length_13630_cov_7.576085	5340	5462	0	122	122	1.0000000
NODE_4698_length_13629_cov_8.067849	4962	5084	0	122	122	1.0000000
NODE_4699_length_13628_cov_45.351467	4962	5084	0	122	122	1.0000000
NODE_469_length_26807_cov_7.660177	14962	15084	0	122	122	1.0000000
NODE_46_length_46777_cov_8.840139	4920	5042	0	122	122	1.0000000
NODE_46_length_46777_cov_8.840139	14962	15084	0	122	122	1.0000000
NODE_46_length_46777_cov_8.840139	34878	35000	0	122	122	1.0000000
NODE_4700_length_13627_cov_7.307363	4668	4790	0	122	122	1.0000000
NODE_4701_length_13625_cov_8.656587	4962	5084	0	122	122	1.0000000
NODE_4702_length_13624_cov_12.600074	4836	4958	0	122	122	1.0000000
NODE_4703_length_13623_cov_9.102263	5046	5168	0	122	122	1.0000000
NODE_4704_length_13622_cov_8.442431	4752	4874	0	122	122	1.0000000
NODE_4706_length_13621_cov_7.475595	4962	5084	0	44	122	0.3606557
NODE_4706_length_13621_cov_7.475595	4962	5084	1	5	122	0.0409836
NODE_4706_length_13621_cov_7.475595	4962	5084	2	73	122	0.5983607
NODE_4707_length_13620_cov_5.511944	5046	5168	0	122	122	1.0000000
NODE_4709_length_13616_cov_9.170008	4962	5084	0	34	122	0.2786885
NODE_4709_length_13616_cov_9.170008	4962	5084	2	88	122	0.7213115
NODE_470_length_26801_cov_10.335743	4962	5084	0	122	122	1.0000000
NODE_470_length_26801_cov_10.335743	14962	15084	0	122	122	1.0000000
NODE_4711_length_13614_cov_442.782760	4962	5084	0	122	122	1.0000000
NODE_4712_length_13614_cov_9.361894	4962	5084	0	49	122	0.4016393
NODE_4712_length_13614_cov_9.361894	4962	5084	1	1	122	0.0081967
NODE_4712_length_13614_cov_9.361894	4962	5084	2	72	122	0.5901639
NODE_4713_length_13614_cov_7.140363	5046	5168	0	122	122	1.0000000
NODE_4714_length_13612_cov_8.941686	4962	5084	0	122	122	1.0000000
NODE_4716_length_13612_cov_7.358988	4962	5084	0	50	122	0.4098361
NODE_4716_length_13612_cov_7.358988	4962	5084	1	72	122	0.5901639
NODE_4717_length_13611_cov_13.854278	4962	5084	0	122	122	1.0000000
NODE_4718_length_13610_cov_11.437273	5214	5336	0	122	122	1.0000000
NODE_471_length_26799_cov_2.751049	4962	5084	0	122	122	1.0000000
NODE_471_length_26799_cov_2.751049	14962	15084	0	122	122	1.0000000
NODE_4720_length_13603_cov_7.917506	4962	5084	0	122	122	1.0000000
NODE_4721_length_13601_cov_8.024959	4920	5042	0	122	122	1.0000000
NODE_4722_length_13599_cov_8.091037	4962	5084	0	122	122	1.0000000
NODE_4723_length_13594_cov_15.422008	4962	5084	0	122	122	1.0000000
NODE_4724_length_13593_cov_9.129317	4962	5084	0	122	122	1.0000000
NODE_4725_length_13591_cov_10.310184	4962	5084	0	122	122	1.0000000
NODE_4727_length_13588_cov_9.139743	5004	5126	0	33	122	0.2704918
NODE_4727_length_13588_cov_9.139743	5004	5126	2	89	122	0.7295082
NODE_472_length_26780_cov_8.898355	4878	5000	0	122	122	1.0000000
NODE_472_length_26780_cov_8.898355	14878	15000	0	122	122	1.0000000
NODE_4730_length_13586_cov_9.923778	5015	5137	1	29	122	0.2377049
NODE_4730_length_13586_cov_9.923778	5015	5137	2	93	122	0.7622951
NODE_4731_length_13583_cov_9.319786	4962	5084	0	122	122	1.0000000
NODE_4732_length_13582_cov_7.764815	4962	5084	0	122	122	1.0000000
NODE_4733_length_13579_cov_7.621513	4962	5084	0	122	122	1.0000000
NODE_4734_length_13578_cov_7.581275	5088	5210	0	122	122	1.0000000
NODE_4735_length_13577_cov_10.483529	4962	5084	0	122	122	1.0000000
NODE_4736_length_13575_cov_20.730039	5004	5126	0	122	122	1.0000000
NODE_4738_length_13573_cov_8.917322	5088	5210	0	122	122	1.0000000
NODE_473_length_26779_cov_12.714355	4962	5084	0	122	122	1.0000000
NODE_473_length_26779_cov_12.714355	14920	15042	0	122	122	1.0000000
NODE_4740_length_13570_cov_22.257665	4962	5084	2	3	122	0.0245902
NODE_4740_length_13570_cov_22.257665	4962	5084	3	16	122	0.1311475
NODE_4740_length_13570_cov_22.257665	4962	5084	4	36	122	0.2950820
NODE_4740_length_13570_cov_22.257665	4962	5084	5	67	122	0.5491803
NODE_4741_length_13570_cov_10.424839	4962	5084	0	122	122	1.0000000
NODE_4742_length_13569_cov_19.237045	4920	5042	0	122	122	1.0000000
NODE_4743_length_13569_cov_8.451596	4962	5084	0	18	122	0.1475410
NODE_4743_length_13569_cov_8.451596	4962	5084	1	104	122	0.8524590
NODE_4744_length_13567_cov_9.943199	4962	5084	0	122	122	1.0000000
NODE_4745_length_13567_cov_8.889367	4962	5084	0	51	122	0.4180328
NODE_4745_length_13567_cov_8.889367	4962	5084	7	1	122	0.0081967
NODE_4745_length_13567_cov_8.889367	4962	5084	8	70	122	0.5737705
NODE_4746_length_13560_cov_8.702400	4962	5084	0	7	122	0.0573770
NODE_4746_length_13560_cov_8.702400	4962	5084	5	115	122	0.9426230
NODE_4747_length_13559_cov_10.597771	4962	5084	0	29	122	0.2377049
NODE_4747_length_13559_cov_10.597771	4962	5084	2	93	122	0.7622951
NODE_4748_length_13558_cov_27.166208	4962	5084	0	122	122	1.0000000
NODE_4749_length_13558_cov_8.397206	4962	5084	0	122	122	1.0000000
NODE_474_length_26774_cov_11.205023	4752	4874	0	122	122	1.0000000
NODE_474_length_26774_cov_11.205023	14878	15000	0	122	122	1.0000000
NODE_4750_length_13557_cov_9.305023	4962	5084	0	122	122	1.0000000
NODE_4752_length_13552_cov_6.718204	4962	5084	0	122	122	1.0000000
NODE_4754_length_13548_cov_6.654324	4962	5084	0	122	122	1.0000000
NODE_4755_length_13547_cov_7.334102	4878	5000	0	122	122	1.0000000
NODE_4756_length_13545_cov_8.933958	4962	5084	0	122	122	1.0000000
NODE_4757_length_13545_cov_8.313402	4962	5084	0	122	122	1.0000000
NODE_4758_length_13545_cov_8.251153	4962	5084	0	23	122	0.1885246
NODE_4758_length_13545_cov_8.251153	4962	5084	2	99	122	0.8114754
NODE_4759_length_13544_cov_13.301673	4962	5084	0	122	122	1.0000000
NODE_475_length_26772_cov_8.450793	4962	5084	0	122	122	1.0000000
NODE_475_length_26772_cov_8.450793	14962	15084	0	122	122	1.0000000
NODE_4760_length_13544_cov_7.517218	5046	5168	0	122	122	1.0000000
NODE_4761_length_13543_cov_7.155162	4962	5084	0	122	122	1.0000000
NODE_4762_length_13542_cov_8.244514	4962	5084	0	122	122	1.0000000
NODE_4764_length_13540_cov_7.562458	5088	5210	0	56	122	0.4590164
NODE_4764_length_13540_cov_7.562458	5088	5210	2	66	122	0.5409836
NODE_4765_length_13537_cov_8.563998	4962	5084	0	122	122	1.0000000
NODE_4766_length_13537_cov_7.549933	4962	5084	0	122	122	1.0000000
NODE_4768_length_13535_cov_6.916940	4962	5084	0	122	122	1.0000000
NODE_476_length_26771_cov_26.343056	4962	5084	0	122	122	1.0000000
NODE_476_length_26771_cov_26.343056	14962	15084	0	122	122	1.0000000
NODE_4770_length_13525_cov_6.957024	5130	5252	0	122	122	1.0000000
NODE_4771_length_13524_cov_12.502570	4836	4958	0	122	122	1.0000000
NODE_4773_length_13522_cov_8.157714	4920	5042	0	122	122	1.0000000
NODE_4774_length_13521_cov_7.859261	4962	5084	0	122	122	1.0000000
NODE_4776_length_13520_cov_7.892705	4878	5000	0	122	122	1.0000000
NODE_4777_length_13519_cov_8.637183	4962	5084	0	122	122	1.0000000
NODE_4778_length_13519_cov_7.501416	4962	5084	0	122	122	1.0000000
NODE_4779_length_13518_cov_8.279529	4878	5000	0	122	122	1.0000000
NODE_477_length_26765_cov_20.915060	4962	5084	0	122	122	1.0000000
NODE_4780_length_13517_cov_7.954017	4920	5042	0	122	122	1.0000000
NODE_4781_length_13515_cov_6.894380	4962	5084	0	122	122	1.0000000
NODE_4782_length_13514_cov_22.418114	4920	5042	0	122	122	1.0000000
NODE_4783_length_13514_cov_10.215729	5004	5126	2	44	122	0.3606557
NODE_4783_length_13514_cov_10.215729	5004	5126	3	28	122	0.2295082
NODE_4783_length_13514_cov_10.215729	5004	5126	4	30	122	0.2459016
NODE_4783_length_13514_cov_10.215729	5004	5126	5	20	122	0.1639344
NODE_4784_length_13514_cov_9.279389	4962	5084	0	122	122	1.0000000
NODE_4785_length_13513_cov_7.785373	4962	5084	0	122	122	1.0000000
NODE_4786_length_13512_cov_7.906732	4962	5084	0	34	122	0.2786885
NODE_4786_length_13512_cov_7.906732	4962	5084	1	88	122	0.7213115
NODE_4787_length_13512_cov_7.719377	4962	5084	0	122	122	1.0000000
NODE_4788_length_13511_cov_8.708619	5004	5126	0	11	122	0.0901639
NODE_4788_length_13511_cov_8.708619	5004	5126	1	13	122	0.1065574
NODE_4788_length_13511_cov_8.708619	5004	5126	2	98	122	0.8032787
NODE_478_length_26760_cov_9.404899	5046	5168	0	122	122	1.0000000
NODE_478_length_26760_cov_9.404899	15130	15252	1	122	122	1.0000000
NODE_4790_length_13509_cov_6.927069	4962	5084	0	76	122	0.6229508
NODE_4790_length_13509_cov_6.927069	4962	5084	1	46	122	0.3770492
NODE_4791_length_13506_cov_9.858134	4962	5084	0	122	122	1.0000000
NODE_4792_length_13500_cov_7.427804	4962	5084	0	122	122	1.0000000
NODE_4793_length_13500_cov_6.178046	4878	5000	0	122	122	1.0000000
NODE_4794_length_13498_cov_8.682215	5004	5126	0	122	122	1.0000000
NODE_4796_length_13496_cov_30.769351	4962	5084	0	122	122	1.0000000
NODE_4797_length_13494_cov_9.674431	4962	5084	0	34	122	0.2786885
NODE_4797_length_13494_cov_9.674431	4962	5084	2	88	122	0.7213115
NODE_4798_length_13494_cov_7.445241	5046	5168	0	122	122	1.0000000
NODE_4799_length_13489_cov_9.320986	5214	5336	0	122	122	1.0000000
NODE_479_length_26760_cov_8.776978	14836	14958	0	122	122	1.0000000
NODE_47_length_46508_cov_9.035316	5004	5126	0	122	122	1.0000000
NODE_47_length_46508_cov_9.035316	14962	15084	0	122	122	1.0000000
NODE_47_length_46508_cov_9.035316	25004	25126	1	119	122	0.9754099
NODE_47_length_46508_cov_9.035316	25004	25126	2	3	122	0.0245902
NODE_47_length_46508_cov_9.035316	35004	35126	0	122	122	1.0000000
NODE_4800_length_13489_cov_7.637565	4962	5084	0	122	122	1.0000000
NODE_4801_length_13487_cov_8.244996	4878	5000	0	122	122	1.0000000
NODE_4803_length_13486_cov_8.132218	5256	5378	0	122	122	1.0000000
NODE_4804_length_13486_cov_7.863823	4920	5042	0	122	122	1.0000000
NODE_4805_length_13484_cov_8.752185	4962	5084	0	122	122	1.0000000
NODE_4806_length_13483_cov_9.399955	4962	5084	0	122	122	1.0000000
NODE_4807_length_13482_cov_62.585295	4962	5084	0	122	122	1.0000000
NODE_4809_length_13482_cov_7.365389	4962	5084	0	122	122	1.0000000
NODE_480_length_26760_cov_8.110311	5004	5126	0	122	122	1.0000000
NODE_480_length_26760_cov_8.110311	14920	15042	0	122	122	1.0000000
NODE_4810_length_13482_cov_6.802286	4962	5084	0	122	122	1.0000000
NODE_4812_length_13481_cov_7.785682	5172	5294	2	122	122	1.0000000
NODE_4813_length_13479_cov_16.788042	4878	5000	0	122	122	1.0000000
NODE_4814_length_13478_cov_8.309963	4962	5084	0	122	122	1.0000000
NODE_4815_length_13477_cov_9.225744	5172	5294	0	122	122	1.0000000
NODE_4816_length_13476_cov_7.004635	4962	5084	0	122	122	1.0000000
NODE_4817_length_13475_cov_8.379560	4962	5084	0	122	122	1.0000000
NODE_481_length_26739_cov_9.246547	4962	5084	0	122	122	1.0000000
NODE_481_length_26739_cov_9.246547	14962	15084	0	122	122	1.0000000
NODE_4820_length_13472_cov_11.710387	4962	5084	0	122	122	1.0000000
NODE_4821_length_13470_cov_12.238127	4962	5084	1	30	122	0.2459016
NODE_4821_length_13470_cov_12.238127	4962	5084	2	92	122	0.7540984
NODE_4822_length_13470_cov_10.817889	4920	5042	0	122	122	1.0000000
NODE_4824_length_13469_cov_7.197981	4962	5084	0	122	122	1.0000000
NODE_4825_length_13468_cov_11.072556	4920	5042	0	122	122	1.0000000
NODE_4826_length_13468_cov_8.842845	4962	5084	0	122	122	1.0000000
NODE_4827_length_13468_cov_7.685840	4920	5042	0	122	122	1.0000000
NODE_4828_length_13465_cov_9.723103	4962	5084	0	122	122	1.0000000
NODE_482_length_26712_cov_12.175441	4962	5084	0	122	122	1.0000000
NODE_4830_length_13464_cov_7.990423	5004	5126	0	122	122	1.0000000
NODE_4833_length_13457_cov_23.297425	5004	5126	0	122	122	1.0000000
NODE_4834_length_13457_cov_8.904402	4962	5084	0	122	122	1.0000000
NODE_4835_length_13454_cov_18.781131	4962	5084	0	122	122	1.0000000
NODE_4836_length_13454_cov_10.994085	5130	5252	0	122	122	1.0000000
NODE_4837_length_13451_cov_12.359497	4962	5084	0	6	122	0.0491803
NODE_4837_length_13451_cov_12.359497	4962	5084	1	12	122	0.0983607
NODE_4837_length_13451_cov_12.359497	4962	5084	2	104	122	0.8524590
NODE_4838_length_13451_cov_7.878820	4920	5042	0	122	122	1.0000000
NODE_4839_length_13451_cov_7.813436	4962	5084	0	4	122	0.0327869
NODE_4839_length_13451_cov_7.813436	4962	5084	1	118	122	0.9672131
NODE_483_length_26672_cov_8.979039	4752	4874	0	122	122	1.0000000
NODE_483_length_26672_cov_8.979039	14962	15084	0	122	122	1.0000000
NODE_4842_length_13449_cov_8.310412	5130	5252	0	122	122	1.0000000
NODE_4843_length_13447_cov_8.039182	4836	4958	0	122	122	1.0000000
NODE_4844_length_13447_cov_7.117021	4962	5084	0	122	122	1.0000000
NODE_4845_length_13444_cov_6.890521	4962	5084	0	122	122	1.0000000
NODE_4846_length_13442_cov_53.408154	4962	5084	0	122	122	1.0000000
NODE_4847_length_13442_cov_8.441205	4962	5084	0	122	122	1.0000000
NODE_4848_length_13442_cov_8.419171	4962	5084	0	122	122	1.0000000
NODE_4849_length_13441_cov_8.688802	4920	5042	0	122	122	1.0000000
NODE_484_length_26671_cov_7.493602	15088	15210	4	122	122	1.0000000
NODE_4850_length_13440_cov_9.269995	4962	5084	0	57	122	0.4672131
NODE_4850_length_13440_cov_9.269995	4962	5084	1	65	122	0.5327869
NODE_4851_length_13439_cov_11.450300	4962	5084	0	122	122	1.0000000
NODE_4854_length_13437_cov_40.808142	4962	5084	0	122	122	1.0000000
NODE_4855_length_13437_cov_20.726721	4752	4874	0	122	122	1.0000000
NODE_4857_length_13435_cov_8.344406	5214	5336	0	122	122	1.0000000
NODE_4858_length_13435_cov_6.014247	4962	5084	0	102	122	0.8360656
NODE_4858_length_13435_cov_6.014247	4962	5084	1	20	122	0.1639344
NODE_4859_length_13434_cov_18.729434	4962	5084	0	122	122	1.0000000
NODE_4861_length_13434_cov_9.184627	4962	5084	0	122	122	1.0000000
NODE_4862_length_13434_cov_7.859243	4962	5084	0	122	122	1.0000000
NODE_4864_length_13432_cov_9.550814	5004	5126	0	122	122	1.0000000
NODE_4866_length_13429_cov_7.618455	4962	5084	0	122	122	1.0000000
NODE_4867_length_13427_cov_13.369298	4962	5084	0	122	122	1.0000000
NODE_4868_length_13427_cov_8.840561	4962	5084	0	122	122	1.0000000
NODE_4869_length_13427_cov_8.794868	4962	5084	0	122	122	1.0000000
NODE_486_length_26649_cov_10.866591	5004	5126	0	122	122	1.0000000
NODE_4871_length_13423_cov_13.245197	5172	5294	0	122	122	1.0000000
NODE_4872_length_13422_cov_21.975906	4794	4916	0	122	122	1.0000000
NODE_4873_length_13422_cov_11.049238	4920	5042	0	122	122	1.0000000
NODE_4875_length_13420_cov_8.354628	4962	5084	0	122	122	1.0000000
NODE_4878_length_13417_cov_7.714747	4962	5084	0	122	122	1.0000000
NODE_487_length_26644_cov_8.900961	15072	15191	0	119	119	1.0000000
NODE_4880_length_13413_cov_7.891242	4920	5042	0	24	122	0.1967213
NODE_4880_length_13413_cov_7.891242	4920	5042	2	98	122	0.8032787
NODE_4881_length_13412_cov_8.140840	5046	5168	0	122	122	1.0000000
NODE_4882_length_13411_cov_20.712515	4962	5084	0	122	122	1.0000000
NODE_4883_length_13411_cov_9.201022	4962	5084	0	122	122	1.0000000
NODE_4884_length_13411_cov_8.160156	5382	5500	0	118	118	1.0000000
NODE_4886_length_13410_cov_20.395387	4836	4958	0	122	122	1.0000000
NODE_4887_length_13409_cov_18.110819	4920	5042	0	122	122	1.0000000
NODE_488_length_26632_cov_9.974937	4962	5084	0	122	122	1.0000000
NODE_488_length_26632_cov_9.974937	15046	15168	0	122	122	1.0000000
NODE_4891_length_13407_cov_7.178539	4962	5084	0	122	122	1.0000000
NODE_4892_length_13405_cov_9.624380	4962	5084	0	122	122	1.0000000
NODE_4893_length_13405_cov_9.198256	4962	5084	0	122	122	1.0000000
NODE_4899_length_13401_cov_2.994963	5004	5126	0	122	122	1.0000000
NODE_489_length_26619_cov_8.863160	4878	5000	0	122	122	1.0000000
NODE_489_length_26619_cov_8.863160	14962	15084	0	122	122	1.0000000
NODE_48_length_46316_cov_3.311574	14962	15084	0	122	122	1.0000000
NODE_48_length_46316_cov_3.311574	24962	25084	0	122	122	1.0000000
NODE_48_length_46316_cov_3.311574	34962	35084	0	122	122	1.0000000
NODE_4900_length_13400_cov_183.023457	4920	5042	0	122	122	1.0000000
NODE_4901_length_13398_cov_7.110008	4962	5084	0	122	122	1.0000000
NODE_4903_length_13395_cov_8.741652	4962	5084	0	122	122	1.0000000
NODE_4905_length_13393_cov_15.713329	4836	4958	0	122	122	1.0000000
NODE_4906_length_13393_cov_7.629306	5088	5210	0	122	122	1.0000000
NODE_4907_length_13392_cov_11.236139	4962	5084	0	48	122	0.3934426
NODE_4907_length_13392_cov_11.236139	4962	5084	4	74	122	0.6065574
NODE_4908_length_13391_cov_8.552137	4920	5042	0	26	122	0.2131148
NODE_4908_length_13391_cov_8.552137	4920	5042	3	5	122	0.0409836
NODE_4908_length_13391_cov_8.552137	4920	5042	6	91	122	0.7459016
NODE_4909_length_13390_cov_8.528026	4965	5087	0	122	122	1.0000000
NODE_490_length_26605_cov_24.717913	4962	5084	0	122	122	1.0000000
NODE_4910_length_13389_cov_12.510760	4962	5084	0	122	122	1.0000000
NODE_4911_length_13389_cov_7.730700	4962	5084	3	119	122	0.9754099
NODE_4911_length_13389_cov_7.730700	4962	5084	4	3	122	0.0245902
NODE_4912_length_13389_cov_7.009029	4962	5084	0	122	122	1.0000000
NODE_4913_length_13388_cov_7.242531	5088	5210	0	122	122	1.0000000
NODE_4915_length_13387_cov_7.124774	4962	5084	0	122	122	1.0000000
NODE_4916_length_13386_cov_14.245729	4962	5084	0	122	122	1.0000000
NODE_4917_length_13386_cov_8.122902	4836	4958	0	33	122	0.2704918
NODE_4917_length_13386_cov_8.122902	4836	4958	1	55	122	0.4508197
NODE_4917_length_13386_cov_8.122902	4836	4958	2	34	122	0.2786885
NODE_4918_length_13384_cov_7.315770	5256	5378	0	122	122	1.0000000
NODE_491_length_26602_cov_7.971399	4962	5084	0	122	122	1.0000000
NODE_491_length_26602_cov_7.971399	14962	15084	0	122	122	1.0000000
NODE_4920_length_13382_cov_7.577279	4962	5084	0	42	122	0.3442623
NODE_4920_length_13382_cov_7.577279	4962	5084	1	80	122	0.6557377
NODE_4921_length_13378_cov_8.642744	4962	5084	0	122	122	1.0000000
NODE_4922_length_13378_cov_8.346638	4836	4958	0	122	122	1.0000000
NODE_4924_length_13375_cov_9.898162	4962	5084	0	122	122	1.0000000
NODE_4925_length_13372_cov_8.013486	4794	4916	0	122	122	1.0000000
NODE_4926_length_13372_cov_7.210427	4962	5084	0	122	122	1.0000000
NODE_4927_length_13371_cov_7.958183	5088	5210	0	122	122	1.0000000
NODE_4928_length_13371_cov_7.551612	4920	5042	0	122	122	1.0000000
NODE_4930_length_13371_cov_6.628692	4962	5084	0	51	122	0.4180328
NODE_4930_length_13371_cov_6.628692	4962	5084	1	71	122	0.5819672
NODE_4931_length_13370_cov_8.924422	4794	4916	0	122	122	1.0000000
NODE_4932_length_13369_cov_7.150414	4962	5084	0	122	122	1.0000000
NODE_4933_length_13368_cov_17.095636	4962	5084	0	122	122	1.0000000
NODE_4934_length_13368_cov_8.927726	4962	5084	0	122	122	1.0000000
NODE_4935_length_13368_cov_8.171678	4962	5084	0	122	122	1.0000000
NODE_4936_length_13366_cov_9.134394	4962	5084	0	122	122	1.0000000
NODE_4937_length_13365_cov_8.371702	4794	4916	0	122	122	1.0000000
NODE_4938_length_13364_cov_23.375349	4962	5084	0	122	122	1.0000000
NODE_4939_length_13364_cov_6.932982	4962	5084	0	122	122	1.0000000
NODE_493_length_26510_cov_10.173943	4710	4832	0	122	122	1.0000000
NODE_493_length_26510_cov_10.173943	15088	15210	0	122	122	1.0000000
NODE_4940_length_13363_cov_10.262138	4962	5084	0	122	122	1.0000000
NODE_4942_length_13359_cov_8.061765	4962	5084	0	122	122	1.0000000
NODE_4943_length_13359_cov_6.698341	5088	5210	0	122	122	1.0000000
NODE_4945_length_13354_cov_9.519653	4962	5084	0	122	122	1.0000000
NODE_4947_length_13351_cov_7.785014	4962	5084	0	40	122	0.3278688
NODE_4947_length_13351_cov_7.785014	4962	5084	1	82	122	0.6721311
NODE_494_length_26492_cov_8.732922	4962	5084	0	122	122	1.0000000
NODE_494_length_26492_cov_8.732922	14962	15084	0	122	122	1.0000000
NODE_4951_length_13348_cov_11.693486	5046	5168	0	122	122	1.0000000
NODE_4952_length_13342_cov_8.425130	4962	5084	0	122	122	1.0000000
NODE_4953_length_13341_cov_8.815360	4962	5084	0	122	122	1.0000000
NODE_4954_length_13341_cov_8.538967	4962	5084	0	122	122	1.0000000
NODE_4955_length_13341_cov_7.422519	4962	5084	0	122	122	1.0000000
NODE_4956_length_13340_cov_19.198625	4962	5084	1	104	122	0.8524590
NODE_4956_length_13340_cov_19.198625	4962	5084	2	18	122	0.1475410
NODE_4957_length_13340_cov_7.474738	4962	5084	0	122	122	1.0000000
NODE_4958_length_13339_cov_12.686707	4836	4958	0	122	122	1.0000000
NODE_495_length_26469_cov_8.194160	5004	5126	0	122	122	1.0000000
NODE_495_length_26469_cov_8.194160	14962	15084	0	122	122	1.0000000
NODE_4960_length_13338_cov_7.302213	4962	5084	0	122	122	1.0000000
NODE_4962_length_13337_cov_8.614066	4962	5084	0	122	122	1.0000000
NODE_4965_length_13335_cov_7.863554	4962	5084	0	122	122	1.0000000
NODE_4966_length_13333_cov_8.997129	5004	5126	1	90	122	0.7377049
NODE_4966_length_13333_cov_8.997129	5004	5126	2	32	122	0.2622951
NODE_4968_length_13331_cov_7.280456	4626	4748	0	122	122	1.0000000
NODE_4969_length_13330_cov_68.809916	5046	5168	0	122	122	1.0000000
NODE_496_length_26456_cov_15.477672	4878	5000	0	122	122	1.0000000
NODE_496_length_26456_cov_15.477672	14962	15084	0	122	122	1.0000000
NODE_4970_length_13329_cov_9.090627	5298	5420	0	122	122	1.0000000
NODE_4971_length_13328_cov_8.610704	5088	5210	0	122	122	1.0000000
NODE_4972_length_13328_cov_8.427092	4920	5042	0	71	122	0.5819672
NODE_4972_length_13328_cov_8.427092	4920	5042	1	51	122	0.4180328
NODE_4973_length_13326_cov_7.185832	4962	5084	0	122	122	1.0000000
NODE_4974_length_13325_cov_9.215258	5214	5336	0	122	122	1.0000000
NODE_4975_length_13325_cov_8.712309	4962	5084	0	122	122	1.0000000
NODE_4977_length_13324_cov_6.984272	5046	5168	0	122	122	1.0000000
NODE_4978_length_13323_cov_8.078645	4962	5084	0	122	122	1.0000000
NODE_4979_length_13320_cov_193.594660	4962	5084	0	122	122	1.0000000
NODE_497_length_26456_cov_10.357021	4962	5084	0	122	122	1.0000000
NODE_497_length_26456_cov_10.357021	14962	15084	0	122	122	1.0000000
NODE_4980_length_13320_cov_33.408895	4878	5000	0	122	122	1.0000000
NODE_4981_length_13320_cov_8.129869	5004	5126	0	122	122	1.0000000
NODE_4982_length_13315_cov_6.945975	4920	5042	0	122	122	1.0000000
NODE_4983_length_13314_cov_13.017858	5004	5126	0	122	122	1.0000000
NODE_4985_length_13310_cov_115.079706	5046	5168	0	122	122	1.0000000
NODE_4986_length_13309_cov_9.757759	5004	5126	0	122	122	1.0000000
NODE_4987_length_13308_cov_72.913544	4962	5084	0	122	122	1.0000000
NODE_4989_length_13308_cov_9.848815	4878	5000	0	122	122	1.0000000
NODE_498_length_26440_cov_8.200979	4962	5084	0	122	122	1.0000000
NODE_498_length_26440_cov_8.200979	14962	15084	0	122	122	1.0000000
NODE_4990_length_13305_cov_9.513554	4962	5084	0	122	122	1.0000000
NODE_4992_length_13302_cov_9.897220	4962	5084	0	122	122	1.0000000
NODE_4993_length_13302_cov_8.156555	4878	5000	0	122	122	1.0000000
NODE_4994_length_13302_cov_7.937438	4836	4958	0	73	122	0.5983607
NODE_4994_length_13302_cov_7.937438	4836	4958	2	49	122	0.4016393
NODE_4995_length_13301_cov_9.696258	4962	5084	0	122	122	1.0000000
NODE_4996_length_13301_cov_8.941978	4962	5084	0	122	122	1.0000000
NODE_4998_length_13300_cov_10.357549	5130	5252	0	122	122	1.0000000
NODE_4999_length_13299_cov_8.571818	4962	5084	0	122	122	1.0000000
NODE_499_length_26420_cov_9.320315	4962	5084	0	122	122	1.0000000
NODE_499_length_26420_cov_9.320315	14962	15084	0	72	122	0.5901639
NODE_499_length_26420_cov_9.320315	14962	15084	1	50	122	0.4098361
NODE_49_length_46141_cov_3.149624	4878	5000	0	122	122	1.0000000
NODE_49_length_46141_cov_3.149624	24962	25084	0	122	122	1.0000000
NODE_49_length_46141_cov_3.149624	34962	35084	0	122	122	1.0000000
NODE_4_length_99257_cov_2.625174	14962	15084	0	122	122	1.0000000
NODE_4_length_99257_cov_2.625174	24962	25084	0	122	122	1.0000000
NODE_4_length_99257_cov_2.625174	35004	35126	0	122	122	1.0000000
NODE_4_length_99257_cov_2.625174	54962	55084	0	122	122	1.0000000
NODE_4_length_99257_cov_2.625174	74962	75084	0	122	122	1.0000000
NODE_5000_length_13299_cov_8.182045	4962	5084	0	122	122	1.0000000
NODE_5002_length_13297_cov_19.727534	5004	5126	0	122	122	1.0000000
NODE_5006_length_13296_cov_8.792529	4920	5042	0	44	122	0.3606557
NODE_5006_length_13296_cov_8.792529	4920	5042	1	78	122	0.6393443
NODE_5007_length_13294_cov_94.563395	4962	5084	1	9	122	0.0737705
NODE_5007_length_13294_cov_94.563395	4962	5084	2	6	122	0.0491803
NODE_5007_length_13294_cov_94.563395	4962	5084	3	107	122	0.8770492
NODE_5008_length_13294_cov_7.666919	5004	5126	0	122	122	1.0000000
NODE_5009_length_13293_cov_10.602926	4962	5084	0	122	122	1.0000000
NODE_500_length_26420_cov_8.977394	14962	15084	0	122	122	1.0000000
NODE_5010_length_13293_cov_7.937699	4962	5084	0	122	122	1.0000000
NODE_5012_length_13290_cov_8.763778	4962	5084	2	79	122	0.6475410
NODE_5012_length_13290_cov_8.763778	4962	5084	4	43	122	0.3524590
NODE_5013_length_13289_cov_8.711827	4962	5084	0	122	122	1.0000000
NODE_5014_length_13287_cov_26.402790	4920	5042	0	122	122	1.0000000
NODE_5015_length_13286_cov_9.560476	4710	4832	2	1	122	0.0081967
NODE_5015_length_13286_cov_9.560476	4710	4832	3	121	122	0.9918033
NODE_5016_length_13286_cov_8.886252	5130	5252	0	41	122	0.3360656
NODE_5016_length_13286_cov_8.886252	5130	5252	1	81	122	0.6639344
NODE_5017_length_13286_cov_8.224615	4962	5084	0	122	122	1.0000000
NODE_5018_length_13282_cov_9.103618	4962	5084	0	122	122	1.0000000
NODE_5019_length_13282_cov_7.049989	4962	5084	0	122	122	1.0000000
NODE_501_length_26408_cov_8.175111	4962	5084	0	122	122	1.0000000
NODE_501_length_26408_cov_8.175111	14962	15084	0	122	122	1.0000000
NODE_5020_length_13280_cov_6.784766	4962	5084	0	122	122	1.0000000
NODE_5021_length_13278_cov_10.151681	4962	5084	0	122	122	1.0000000
NODE_5022_length_13276_cov_21.968582	4962	5084	0	122	122	1.0000000
NODE_5023_length_13275_cov_9.175243	4962	5084	0	122	122	1.0000000
NODE_5024_length_13275_cov_7.457498	5004	5126	0	122	122	1.0000000
NODE_5025_length_13274_cov_9.191954	4962	5084	0	122	122	1.0000000
NODE_5026_length_13274_cov_8.219658	4962	5084	0	122	122	1.0000000
NODE_5027_length_13274_cov_7.051461	4920	5042	1	3	122	0.0245902
NODE_5027_length_13274_cov_7.051461	4920	5042	2	78	122	0.6393443
NODE_5027_length_13274_cov_7.051461	4920	5042	3	41	122	0.3360656
NODE_5029_length_13273_cov_8.235919	5004	5126	0	122	122	1.0000000
NODE_502_length_26397_cov_7.994676	4962	5084	0	122	122	1.0000000
NODE_502_length_26397_cov_7.994676	14962	15084	0	122	122	1.0000000
NODE_5031_length_13271_cov_22.038870	4920	5042	0	37	122	0.3032787
NODE_5031_length_13271_cov_22.038870	4920	5042	1	85	122	0.6967213
NODE_5032_length_13271_cov_21.413453	4962	5084	0	122	122	1.0000000
NODE_5033_length_13271_cov_8.774977	4962	5084	0	122	122	1.0000000
NODE_5035_length_13271_cov_7.983981	4962	5084	0	122	122	1.0000000
NODE_5038_length_13268_cov_7.518035	4962	5084	0	122	122	1.0000000
NODE_503_length_26390_cov_8.459016	15004	15126	0	122	122	1.0000000
NODE_5040_length_13265_cov_14.520811	4962	5084	0	122	122	1.0000000
NODE_5041_length_13264_cov_7.036536	5046	5168	0	122	122	1.0000000
NODE_5042_length_13262_cov_7.431665	4962	5084	0	122	122	1.0000000
NODE_5043_length_13260_cov_10.952739	4962	5084	0	122	122	1.0000000
NODE_5046_length_13253_cov_8.149308	4962	5084	0	122	122	1.0000000
NODE_5047_length_13251_cov_8.056493	4836	4958	0	122	122	1.0000000
NODE_5048_length_13247_cov_6.900669	4962	5084	0	43	122	0.3524590
NODE_5048_length_13247_cov_6.900669	4962	5084	2	79	122	0.6475410
NODE_504_length_26380_cov_10.238271	14962	15084	0	122	122	1.0000000
NODE_5050_length_13244_cov_9.999696	5088	5210	0	122	122	1.0000000
NODE_5051_length_13244_cov_7.130772	4920	5042	0	122	122	1.0000000
NODE_5052_length_13243_cov_9.679245	4962	5084	0	41	122	0.3360656
NODE_5052_length_13243_cov_9.679245	4962	5084	2	81	122	0.6639344
NODE_5053_length_13243_cov_8.951917	5130	5252	0	122	122	1.0000000
NODE_5054_length_13243_cov_8.667072	4962	5084	0	122	122	1.0000000
NODE_5055_length_13242_cov_8.011717	4920	5042	0	122	122	1.0000000
NODE_5056_length_13241_cov_8.367981	4962	5084	0	122	122	1.0000000
NODE_5058_length_13237_cov_8.657102	5046	5168	0	122	122	1.0000000
NODE_505_length_26371_cov_8.399741	4962	5084	0	122	122	1.0000000
NODE_505_length_26371_cov_8.399741	14962	15084	0	122	122	1.0000000
NODE_5061_length_13234_cov_7.647735	4962	5084	0	122	122	1.0000000
NODE_5062_length_13233_cov_13.925308	4920	5042	0	122	122	1.0000000
NODE_5063_length_13228_cov_13.952319	4962	5084	0	122	122	1.0000000
NODE_5064_length_13227_cov_54.681977	4962	5084	0	122	122	1.0000000
NODE_5065_length_13227_cov_7.901813	4962	5084	0	122	122	1.0000000
NODE_5066_length_13224_cov_8.313295	4962	5084	0	32	122	0.2622951
NODE_5066_length_13224_cov_8.313295	4962	5084	2	90	122	0.7377049
NODE_5067_length_13223_cov_47.256324	4962	5084	0	122	122	1.0000000
NODE_5068_length_13222_cov_11.405167	5046	5168	0	122	122	1.0000000
NODE_5069_length_13222_cov_7.755391	4920	5042	0	122	122	1.0000000
NODE_506_length_26364_cov_30.744793	5004	5126	0	122	122	1.0000000
NODE_5070_length_13221_cov_44.238988	5256	5378	0	122	122	1.0000000
NODE_5072_length_13220_cov_21.927978	4962	5084	0	122	122	1.0000000
NODE_5074_length_13218_cov_7.394923	4962	5084	0	38	122	0.3114754
NODE_5074_length_13218_cov_7.394923	4962	5084	1	84	122	0.6885246
NODE_5075_length_13216_cov_12.595487	4962	5084	0	122	122	1.0000000
NODE_5076_length_13216_cov_7.816803	4962	5084	0	122	122	1.0000000
NODE_5077_length_13215_cov_8.214242	4962	5084	0	122	122	1.0000000
NODE_5078_length_13215_cov_7.345990	4962	5084	0	122	122	1.0000000
NODE_5079_length_13214_cov_22.583454	4962	5084	0	122	122	1.0000000
NODE_507_length_26364_cov_9.396611	4962	5084	0	73	122	0.5983607
NODE_507_length_26364_cov_9.396611	4962	5084	2	49	122	0.4016393
NODE_5080_length_13213_cov_6.340781	5214	5336	0	122	122	1.0000000
NODE_5082_length_13211_cov_9.366611	4962	5084	0	122	122	1.0000000
NODE_5085_length_13206_cov_8.616464	4962	5084	0	122	122	1.0000000
NODE_5086_length_13202_cov_10.059528	4836	4958	0	122	122	1.0000000
NODE_5087_length_13201_cov_8.513509	5046	5168	0	122	122	1.0000000
NODE_5089_length_13200_cov_9.053355	4962	5084	0	122	122	1.0000000
NODE_508_length_26359_cov_8.912414	4920	5042	0	122	122	1.0000000
NODE_508_length_26359_cov_8.912414	15004	15126	0	122	122	1.0000000
NODE_5090_length_13199_cov_7.934733	4962	5084	0	122	122	1.0000000
NODE_5091_length_13198_cov_23.387510	4962	5084	0	122	122	1.0000000
NODE_5092_length_13197_cov_8.584898	4836	4958	0	122	122	1.0000000
NODE_5093_length_13196_cov_9.268382	4962	5084	0	122	122	1.0000000
NODE_5094_length_13194_cov_9.245895	5004	5126	0	122	122	1.0000000
NODE_5095_length_13193_cov_7.960516	4962	5084	1	11	122	0.0901639
NODE_5095_length_13193_cov_7.960516	4962	5084	2	111	122	0.9098361
NODE_5097_length_13191_cov_9.309578	4962	5084	2	89	122	0.7295082
NODE_5097_length_13191_cov_9.309578	4962	5084	4	33	122	0.2704918
NODE_5098_length_13191_cov_8.362282	4962	5084	1	3	122	0.0245902
NODE_5098_length_13191_cov_8.362282	4962	5084	2	119	122	0.9754099
NODE_509_length_26356_cov_8.937312	4962	5084	0	122	122	1.0000000
NODE_50_length_45728_cov_9.006268	4794	4916	0	122	122	1.0000000
NODE_50_length_45728_cov_9.006268	24878	25000	0	66	122	0.5409836
NODE_50_length_45728_cov_9.006268	24878	25000	1	56	122	0.4590164
NODE_50_length_45728_cov_9.006268	34962	35084	0	122	122	1.0000000
NODE_5100_length_13188_cov_10.615097	5172	5294	0	122	122	1.0000000
NODE_5101_length_13188_cov_7.162121	4962	5084	0	23	122	0.1885246
NODE_5101_length_13188_cov_7.162121	4962	5084	1	99	122	0.8114754
NODE_5102_length_13187_cov_14.744575	4920	5042	0	122	122	1.0000000
NODE_5103_length_13187_cov_6.923518	4962	5084	0	122	122	1.0000000
NODE_5104_length_13187_cov_6.222952	4962	5084	0	7	122	0.0573770
NODE_5104_length_13187_cov_6.222952	4962	5084	1	115	122	0.9426230
NODE_5105_length_13185_cov_15.139309	4962	5084	0	19	122	0.1557377
NODE_5105_length_13185_cov_15.139309	4962	5084	1	6	122	0.0491803
NODE_5105_length_13185_cov_15.139309	4962	5084	3	97	122	0.7950820
NODE_5106_length_13184_cov_8.580818	4920	5042	1	72	122	0.5901639
NODE_5106_length_13184_cov_8.580818	4920	5042	2	50	122	0.4098361
NODE_5107_length_13184_cov_8.055178	5046	5168	0	122	122	1.0000000
NODE_5108_length_13183_cov_58.444971	4962	5084	1	15	122	0.1229508
NODE_5108_length_13183_cov_58.444971	4962	5084	2	107	122	0.8770492
NODE_510_length_26313_cov_8.817540	4962	5084	0	122	122	1.0000000
NODE_510_length_26313_cov_8.817540	14920	15042	0	122	122	1.0000000
NODE_5110_length_13183_cov_8.773693	5004	5126	0	122	122	1.0000000
NODE_5111_length_13182_cov_6.812428	4962	5084	0	64	122	0.5245901
NODE_5111_length_13182_cov_6.812428	4962	5084	2	58	122	0.4754098
NODE_5113_length_13181_cov_9.453524	4962	5084	0	122	122	1.0000000
NODE_5114_length_13180_cov_8.923706	4962	5084	0	122	122	1.0000000
NODE_5115_length_13180_cov_8.646128	4962	5084	0	122	122	1.0000000
NODE_5116_length_13180_cov_7.670897	4962	5084	0	122	122	1.0000000
NODE_5117_length_13179_cov_28.749388	4962	5084	0	122	122	1.0000000
NODE_5118_length_13179_cov_11.979052	4878	5000	0	122	122	1.0000000
NODE_5119_length_13179_cov_8.329893	4962	5084	0	122	122	1.0000000
NODE_511_length_26296_cov_21.585372	14962	15084	0	122	122	1.0000000
NODE_5120_length_13178_cov_40.572674	5004	5126	0	122	122	1.0000000
NODE_5121_length_13178_cov_8.737671	5130	5252	0	122	122	1.0000000
NODE_5122_length_13178_cov_8.166756	4962	5084	0	122	122	1.0000000
NODE_5123_length_13177_cov_7.215247	4920	5042	0	122	122	1.0000000
NODE_5124_length_13176_cov_8.633632	4962	5084	0	122	122	1.0000000
NODE_5125_length_13176_cov_8.597079	4962	5084	0	122	122	1.0000000
NODE_5126_length_13176_cov_8.192169	4962	5084	0	19	122	0.1557377
NODE_5126_length_13176_cov_8.192169	4962	5084	1	103	122	0.8442623
NODE_5128_length_13173_cov_7.296390	4962	5084	0	122	122	1.0000000
NODE_512_length_26289_cov_8.815197	4962	5084	0	25	122	0.2049180
NODE_512_length_26289_cov_8.815197	4962	5084	1	97	122	0.7950820
NODE_5130_length_13168_cov_8.242788	4962	5084	0	122	122	1.0000000
NODE_5131_length_13167_cov_9.155112	4962	5084	0	122	122	1.0000000
NODE_5132_length_13167_cov_7.508418	4962	5084	0	122	122	1.0000000
NODE_5133_length_13167_cov_6.325758	5214	5336	0	122	122	1.0000000
NODE_5134_length_13166_cov_27.732303	5004	5126	0	122	122	1.0000000
NODE_5135_length_13166_cov_6.904263	4962	5084	0	122	122	1.0000000
NODE_5136_length_13165_cov_7.951707	4962	5084	0	122	122	1.0000000
NODE_5137_length_13165_cov_7.647099	5046	5168	0	18	122	0.1475410
NODE_5137_length_13165_cov_7.647099	5046	5168	2	104	122	0.8524590
NODE_5138_length_13163_cov_8.072949	4962	5084	0	122	122	1.0000000
NODE_5139_length_13163_cov_7.326623	4962	5084	0	122	122	1.0000000
NODE_513_length_26285_cov_18.113801	4962	5084	0	9	122	0.0737705
NODE_513_length_26285_cov_18.113801	4962	5084	1	113	122	0.9262295
NODE_513_length_26285_cov_18.113801	14668	14790	1	37	122	0.3032787
NODE_513_length_26285_cov_18.113801	14668	14790	2	85	122	0.6967213
NODE_5144_length_13157_cov_43.313677	5046	5168	0	122	122	1.0000000
NODE_5145_length_13156_cov_12.380409	4962	5084	0	122	122	1.0000000
NODE_5146_length_13156_cov_8.318603	5004	5126	0	122	122	1.0000000
NODE_5147_length_13156_cov_7.047867	4962	5084	0	122	122	1.0000000
NODE_5148_length_13152_cov_8.306213	4920	5042	0	122	122	1.0000000
NODE_5149_length_13150_cov_9.262279	5046	5168	0	122	122	1.0000000
NODE_5151_length_13149_cov_11.100996	4962	5084	0	122	122	1.0000000
NODE_5152_length_13149_cov_7.906130	5004	5126	0	122	122	1.0000000
NODE_5153_length_13148_cov_19.492528	4962	5084	0	122	122	1.0000000
NODE_5154_length_13148_cov_8.282397	4962	5084	0	122	122	1.0000000
NODE_5155_length_13147_cov_8.664623	4962	5084	0	122	122	1.0000000
NODE_5156_length_13146_cov_7.932705	4962	5084	0	122	122	1.0000000
NODE_5157_length_13144_cov_9.616175	4962	5084	0	122	122	1.0000000
NODE_5158_length_13144_cov_6.599923	4962	5084	0	54	122	0.4426230
NODE_5158_length_13144_cov_6.599923	4962	5084	1	68	122	0.5573770
NODE_5159_length_13143_cov_21.847439	5130	5252	0	122	122	1.0000000
NODE_515_length_26234_cov_3.290377	4962	5084	0	122	122	1.0000000
NODE_515_length_26234_cov_3.290377	14962	15084	0	122	122	1.0000000
NODE_5160_length_13143_cov_10.632935	4920	5042	0	122	122	1.0000000
NODE_5161_length_13143_cov_8.005060	4962	5084	0	122	122	1.0000000
NODE_5162_length_13143_cov_7.713815	4962	5084	0	122	122	1.0000000
NODE_5163_length_13141_cov_7.699203	4962	5084	0	122	122	1.0000000
NODE_5164_length_13139_cov_9.725844	4920	5042	0	122	122	1.0000000
NODE_5165_length_13139_cov_7.757439	5088	5210	0	122	122	1.0000000
NODE_5166_length_13139_cov_7.433896	4962	5084	0	122	122	1.0000000
NODE_5167_length_13137_cov_7.776883	4962	5084	0	122	122	1.0000000
NODE_5168_length_13137_cov_6.199724	4962	5084	0	122	122	1.0000000
NODE_5169_length_13136_cov_8.081691	4962	5084	0	122	122	1.0000000
NODE_516_length_26205_cov_8.308511	14962	15084	0	122	122	1.0000000
NODE_5170_length_13135_cov_24.878183	5004	5126	0	122	122	1.0000000
NODE_5172_length_13133_cov_9.112859	4962	5084	0	122	122	1.0000000
NODE_5173_length_13128_cov_7.052422	4962	5084	0	122	122	1.0000000
NODE_5174_length_13127_cov_8.855388	4962	5084	2	122	122	1.0000000
NODE_5175_length_13127_cov_8.655895	4962	5084	0	122	122	1.0000000
NODE_5176_length_13127_cov_7.280089	4962	5084	0	122	122	1.0000000
NODE_5177_length_13126_cov_8.481769	4962	5084	0	122	122	1.0000000
NODE_5178_length_13124_cov_9.230940	4962	5084	0	122	122	1.0000000
NODE_5179_length_13124_cov_9.033321	5340	5462	0	122	122	1.0000000
NODE_517_length_26197_cov_9.671277	4710	4832	0	41	122	0.3360656
NODE_517_length_26197_cov_9.671277	4710	4832	2	25	122	0.2049180
NODE_517_length_26197_cov_9.671277	4710	4832	4	56	122	0.4590164
NODE_517_length_26197_cov_9.671277	14584	14706	0	122	122	1.0000000
NODE_5181_length_13123_cov_8.976812	4962	5084	0	122	122	1.0000000
NODE_5182_length_13123_cov_6.687730	4878	5000	0	122	122	1.0000000
NODE_5183_length_13121_cov_8.543695	4962	5084	0	122	122	1.0000000
NODE_5184_length_13120_cov_8.696490	4962	5084	0	19	122	0.1557377
NODE_5184_length_13120_cov_8.696490	4962	5084	2	103	122	0.8442623
NODE_5185_length_13120_cov_8.041625	4920	5042	0	122	122	1.0000000
NODE_5186_length_13118_cov_8.262232	4962	5084	0	122	122	1.0000000
NODE_5187_length_13118_cov_7.909133	4962	5084	0	122	122	1.0000000
NODE_5189_length_13113_cov_7.879284	4962	5084	0	14	122	0.1147541
NODE_5189_length_13113_cov_7.879284	4962	5084	2	108	122	0.8852459
NODE_518_length_26168_cov_8.600138	4962	5084	0	122	122	1.0000000
NODE_518_length_26168_cov_8.600138	14920	15042	0	122	122	1.0000000
NODE_5190_length_13113_cov_7.462348	4962	5084	0	122	122	1.0000000
NODE_5191_length_13111_cov_10.206271	4794	4916	0	122	122	1.0000000
NODE_5192_length_13111_cov_7.931525	4962	5084	0	122	122	1.0000000
NODE_5193_length_13110_cov_8.977096	4920	5042	1	44	122	0.3606557
NODE_5193_length_13110_cov_8.977096	4920	5042	2	78	122	0.6393443
NODE_5194_length_13110_cov_6.826147	4920	5042	0	30	122	0.2459016
NODE_5194_length_13110_cov_6.826147	4920	5042	1	92	122	0.7540984
NODE_5196_length_13106_cov_9.157531	5004	5126	0	122	122	1.0000000
NODE_5197_length_13106_cov_7.941262	4962	5084	0	122	122	1.0000000
NODE_5198_length_13106_cov_7.439609	4920	5042	0	122	122	1.0000000
NODE_5199_length_13104_cov_7.968397	5046	5168	0	11	122	0.0901639
NODE_5199_length_13104_cov_7.968397	5046	5168	2	111	122	0.9098361
NODE_519_length_26113_cov_9.556162	5004	5126	0	122	122	1.0000000
NODE_519_length_26113_cov_9.556162	14962	15084	0	122	122	1.0000000
NODE_51_length_45582_cov_3.340325	4962	5084	0	122	122	1.0000000
NODE_51_length_45582_cov_3.340325	24962	25084	0	122	122	1.0000000
NODE_51_length_45582_cov_3.340325	34962	35084	0	122	122	1.0000000
NODE_5200_length_13103_cov_8.665872	4962	5084	0	122	122	1.0000000
NODE_5201_length_13102_cov_61.855726	4962	5084	0	122	122	1.0000000
NODE_5202_length_13102_cov_7.370991	4962	5084	0	122	122	1.0000000
NODE_5203_length_13101_cov_9.483233	5130	5252	0	122	122	1.0000000
NODE_5205_length_13099_cov_9.713385	4962	5084	0	122	122	1.0000000
NODE_5206_length_13099_cov_8.133923	4962	5084	0	122	122	1.0000000
NODE_5208_length_13098_cov_9.347334	5046	5168	0	122	122	1.0000000
NODE_5209_length_13098_cov_7.119163	4962	5084	0	122	122	1.0000000
NODE_520_length_26101_cov_8.213714	4962	5084	0	122	122	1.0000000
NODE_520_length_26101_cov_8.213714	14962	15084	0	122	122	1.0000000
NODE_5210_length_13098_cov_6.853527	5046	5168	0	122	122	1.0000000
NODE_5211_length_13095_cov_24.087027	5046	5168	1	19	122	0.1557377
NODE_5211_length_13095_cov_24.087027	5046	5168	2	18	122	0.1475410
NODE_5211_length_13095_cov_24.087027	5046	5168	3	85	122	0.6967213
NODE_5212_length_13095_cov_12.251154	4962	5084	0	122	122	1.0000000
NODE_5213_length_13095_cov_8.042244	4962	5084	0	122	122	1.0000000
NODE_5214_length_13094_cov_18.102732	4962	5084	0	122	122	1.0000000
NODE_5215_length_13093_cov_8.788749	4962	5084	0	122	122	1.0000000
NODE_5216_length_13093_cov_7.963829	4962	5084	0	122	122	1.0000000
NODE_5217_length_13092_cov_195.839298	4878	5000	0	122	122	1.0000000
NODE_5218_length_13091_cov_8.896167	5004	5126	5	36	122	0.2950820
NODE_5218_length_13091_cov_8.896167	5004	5126	10	86	122	0.7049180
NODE_521_length_26099_cov_9.198038	4962	5084	0	122	122	1.0000000
NODE_521_length_26099_cov_9.198038	14962	15084	0	122	122	1.0000000
NODE_5220_length_13091_cov_7.166256	4962	5084	0	122	122	1.0000000
NODE_5221_length_13091_cov_6.281019	4626	4748	0	122	122	1.0000000
NODE_5223_length_13089_cov_8.244419	5046	5168	0	122	122	1.0000000
NODE_5224_length_13088_cov_9.542921	4962	5084	0	122	122	1.0000000
NODE_5225_length_13088_cov_9.482023	4584	4706	0	122	122	1.0000000
NODE_522_length_26085_cov_9.329062	4962	5084	0	122	122	1.0000000
NODE_522_length_26085_cov_9.329062	14962	15084	0	42	122	0.3442623
NODE_522_length_26085_cov_9.329062	14962	15084	2	80	122	0.6557377
NODE_5230_length_13084_cov_7.292029	5004	5126	0	72	122	0.5901639
NODE_5230_length_13084_cov_7.292029	5004	5126	2	50	122	0.4098361
NODE_5232_length_13080_cov_7.411216	5088	5210	0	122	122	1.0000000
NODE_5234_length_13079_cov_8.471649	4962	5084	1	122	122	1.0000000
NODE_5235_length_13076_cov_7.973415	4962	5084	0	122	122	1.0000000
NODE_5236_length_13075_cov_8.959618	5088	5210	0	122	122	1.0000000
NODE_5237_length_13074_cov_10.382119	5046	5168	0	122	122	1.0000000
NODE_5238_length_13074_cov_8.949750	4962	5084	0	122	122	1.0000000
NODE_5239_length_13074_cov_7.406166	5004	5126	0	122	122	1.0000000
NODE_523_length_26078_cov_8.485585	14962	15084	0	122	122	1.0000000
NODE_5240_length_13073_cov_9.117774	4962	5084	0	122	122	1.0000000
NODE_5242_length_13069_cov_8.003624	4962	5084	0	122	122	1.0000000
NODE_5244_length_13068_cov_7.754414	5130	5252	0	122	122	1.0000000
NODE_5245_length_13068_cov_7.664893	4962	5084	0	122	122	1.0000000
NODE_5246_length_13066_cov_8.046348	5046	5168	0	122	122	1.0000000
NODE_5247_length_13065_cov_16.811816	4878	5000	0	122	122	1.0000000
NODE_5249_length_13064_cov_8.836637	5004	5126	0	122	122	1.0000000
NODE_524_length_26075_cov_8.566523	4920	5042	0	19	122	0.1557377
NODE_524_length_26075_cov_8.566523	4920	5042	2	103	122	0.8442623
NODE_524_length_26075_cov_8.566523	15382	15500	1	118	118	1.0000000
NODE_5250_length_13062_cov_13.595001	4962	5084	0	122	122	1.0000000
NODE_5251_length_13062_cov_6.941680	4794	4916	0	122	122	1.0000000
NODE_5252_length_13059_cov_8.611728	4962	5084	0	122	122	1.0000000
NODE_5253_length_13054_cov_5.464685	4836	4958	0	122	122	1.0000000
NODE_5254_length_13053_cov_9.011502	4962	5084	0	122	122	1.0000000
NODE_5255_length_13052_cov_9.143133	4794	4916	0	122	122	1.0000000
NODE_5256_length_13051_cov_9.535207	4962	5084	0	122	122	1.0000000
NODE_5257_length_13051_cov_8.511041	4920	5042	0	56	122	0.4590164
NODE_5257_length_13051_cov_8.511041	4920	5042	1	66	122	0.5409836
NODE_5259_length_13049_cov_9.740463	4962	5084	0	122	122	1.0000000
NODE_525_length_26059_cov_8.681394	5046	5168	0	122	122	1.0000000
NODE_525_length_26059_cov_8.681394	15088	15210	0	122	122	1.0000000
NODE_5261_length_13048_cov_7.590161	4962	5084	0	122	122	1.0000000
NODE_5262_length_13048_cov_6.386130	4920	5042	0	122	122	1.0000000
NODE_5263_length_13047_cov_7.171918	4920	5042	0	40	122	0.3278688
NODE_5263_length_13047_cov_7.171918	4920	5042	2	82	122	0.6721311
NODE_5264_length_13046_cov_9.669962	4962	5084	0	122	122	1.0000000
NODE_5265_length_13045_cov_8.383053	5046	5168	0	122	122	1.0000000
NODE_5267_length_13043_cov_13.974119	4962	5084	0	122	122	1.0000000
NODE_5269_length_13043_cov_7.680779	4962	5084	0	122	122	1.0000000
NODE_526_length_26026_cov_8.498129	14962	15084	0	122	122	1.0000000
NODE_5270_length_13042_cov_19.305339	5130	5252	0	122	122	1.0000000
NODE_5271_length_13042_cov_8.391486	4962	5084	0	122	122	1.0000000
NODE_5272_length_13040_cov_8.140406	4962	5084	0	42	122	0.3442623
NODE_5272_length_13040_cov_8.140406	4962	5084	1	80	122	0.6557377
NODE_5273_length_13039_cov_9.440108	4962	5084	0	122	122	1.0000000
NODE_5274_length_13039_cov_9.362133	4962	5084	0	122	122	1.0000000
NODE_5275_length_13039_cov_8.686862	4962	5084	0	122	122	1.0000000
NODE_5276_length_13039_cov_7.573107	5172	5294	0	122	122	1.0000000
NODE_5278_length_13038_cov_7.366953	5004	5126	0	122	122	1.0000000
NODE_5279_length_13037_cov_8.844644	4962	5084	2	100	122	0.8196721
NODE_5279_length_13037_cov_8.844644	4962	5084	4	22	122	0.1803279
NODE_527_length_26010_cov_9.584076	4962	5084	0	122	122	1.0000000
NODE_527_length_26010_cov_9.584076	14962	15084	0	122	122	1.0000000
NODE_5280_length_13035_cov_14.595161	4962	5084	0	122	122	1.0000000
NODE_5283_length_13031_cov_10.599598	4962	5084	0	122	122	1.0000000
NODE_5284_length_13031_cov_9.227652	4962	5084	0	122	122	1.0000000
NODE_5285_length_13030_cov_8.741551	4962	5084	0	122	122	1.0000000
NODE_5286_length_13029_cov_7.358237	4962	5084	0	122	122	1.0000000
NODE_5287_length_13027_cov_8.343441	4962	5084	0	122	122	1.0000000
NODE_5289_length_13024_cov_60.429246	5256	5378	1	39	122	0.3196721
NODE_5289_length_13024_cov_60.429246	5256	5378	2	83	122	0.6803279
NODE_528_length_25996_cov_9.801637	4962	5084	0	122	122	1.0000000
NODE_528_length_25996_cov_9.801637	15004	15126	0	122	122	1.0000000
NODE_5290_length_13023_cov_30.571882	4962	5084	0	56	122	0.4590164
NODE_5290_length_13023_cov_30.571882	4962	5084	2	66	122	0.5409836
NODE_5291_length_13021_cov_45.687123	4542	4664	1	9	122	0.0737705
NODE_5291_length_13021_cov_45.687123	4542	4664	2	102	122	0.8360656
NODE_5291_length_13021_cov_45.687123	4542	4664	3	11	122	0.0901639
NODE_5292_length_13020_cov_8.198978	5046	5168	0	122	122	1.0000000
NODE_5293_length_13019_cov_14.488932	4710	4832	0	122	122	1.0000000
NODE_5294_length_13019_cov_8.738777	4962	5084	0	122	122	1.0000000
NODE_5295_length_13018_cov_8.334623	4878	5000	0	122	122	1.0000000
NODE_5296_length_13018_cov_7.898057	5172	5294	0	122	122	1.0000000
NODE_5297_length_13017_cov_9.637637	4962	5084	0	122	122	1.0000000
NODE_5298_length_13017_cov_9.089875	5004	5126	0	122	122	1.0000000
NODE_5299_length_13015_cov_11.241483	4836	4958	0	122	122	1.0000000
NODE_529_length_25990_cov_10.754200	4500	4622	0	122	122	1.0000000
NODE_529_length_25990_cov_10.754200	14962	15084	0	122	122	1.0000000
NODE_52_length_45577_cov_9.008642	4962	5084	0	122	122	1.0000000
NODE_52_length_45577_cov_9.008642	14962	15084	0	122	122	1.0000000
NODE_52_length_45577_cov_9.008642	24962	25084	0	122	122	1.0000000
NODE_52_length_45577_cov_9.008642	35004	35126	0	122	122	1.0000000
NODE_5301_length_13010_cov_10.237472	5046	5168	0	122	122	1.0000000
NODE_5302_length_13010_cov_7.687321	4962	5084	0	122	122	1.0000000
NODE_5303_length_13007_cov_24.458475	5046	5168	0	122	122	1.0000000
NODE_5304_length_13007_cov_8.289123	4962	5084	0	122	122	1.0000000
NODE_5305_length_13005_cov_7.025182	4962	5084	0	122	122	1.0000000
NODE_5306_length_13003_cov_11.450790	5046	5168	0	122	122	1.0000000
NODE_5307_length_13003_cov_8.888252	4962	5084	0	122	122	1.0000000
NODE_5308_length_13003_cov_7.920567	4962	5084	0	122	122	1.0000000
NODE_5309_length_13002_cov_7.476788	5046	5168	0	122	122	1.0000000
NODE_530_length_25981_cov_8.401399	4962	5084	0	122	122	1.0000000
NODE_5310_length_13001_cov_11.597737	5088	5210	0	122	122	1.0000000
NODE_5311_length_13001_cov_7.495040	4920	5042	0	122	122	1.0000000
NODE_5312_length_12999_cov_7.935969	5214	5336	0	122	122	1.0000000
NODE_5313_length_12998_cov_10.007132	4962	5084	0	122	122	1.0000000
NODE_5315_length_12996_cov_8.288594	4962	5084	0	120	122	0.9836066
NODE_5315_length_12996_cov_8.288594	4962	5084	1	2	122	0.0163934
NODE_531_length_25973_cov_25.853521	4962	5084	0	122	122	1.0000000
NODE_531_length_25973_cov_25.853521	14962	15084	2	122	122	1.0000000
NODE_5321_length_12990_cov_7.780312	5172	5294	0	122	122	1.0000000
NODE_5322_length_12989_cov_8.383708	5046	5168	0	122	122	1.0000000
NODE_5323_length_12989_cov_7.984794	4962	5084	0	122	122	1.0000000
NODE_5324_length_12987_cov_7.393544	4962	5084	0	122	122	1.0000000
NODE_5325_length_12987_cov_6.205773	5004	5126	0	122	122	1.0000000
NODE_5326_length_12986_cov_8.135408	4962	5084	0	122	122	1.0000000
NODE_5327_length_12984_cov_14.106558	4920	5042	0	38	122	0.3114754
NODE_5327_length_12984_cov_14.106558	4920	5042	2	84	122	0.6885246
NODE_5329_length_12984_cov_7.863485	4962	5084	0	122	122	1.0000000
NODE_532_length_25971_cov_7.844079	15046	15168	0	122	122	1.0000000
NODE_5330_length_12984_cov_7.458518	4878	5000	0	122	122	1.0000000
NODE_5331_length_12982_cov_10.169448	4962	5084	0	122	122	1.0000000
NODE_5332_length_12980_cov_13.277773	4962	5084	0	122	122	1.0000000
NODE_5333_length_12978_cov_12.853405	4836	4958	0	122	122	1.0000000
NODE_5334_length_12978_cov_10.322696	4962	5084	0	122	122	1.0000000
NODE_5335_length_12977_cov_8.439820	4962	5084	0	122	122	1.0000000
NODE_5336_length_12976_cov_7.454221	5256	5378	0	122	122	1.0000000
NODE_5338_length_12974_cov_10.154408	5046	5168	0	122	122	1.0000000
NODE_5339_length_12974_cov_9.693359	4962	5084	0	122	122	1.0000000
NODE_533_length_25931_cov_8.135452	4962	5084	0	122	122	1.0000000
NODE_533_length_25931_cov_8.135452	14962	15084	0	122	122	1.0000000
NODE_5341_length_12971_cov_6.940646	4962	5084	0	122	122	1.0000000
NODE_5342_length_12970_cov_7.689224	4920	5042	0	122	122	1.0000000
NODE_5343_length_12970_cov_7.578121	4962	5084	0	122	122	1.0000000
NODE_5344_length_12967_cov_6.753963	4962	5084	0	54	122	0.4426230
NODE_5344_length_12967_cov_6.753963	4962	5084	1	68	122	0.5573770
NODE_5345_length_12966_cov_8.551799	5004	5126	0	122	122	1.0000000
NODE_5346_length_12965_cov_20.442251	4962	5084	0	122	122	1.0000000
NODE_5347_length_12965_cov_9.661122	5130	5252	0	122	122	1.0000000
NODE_5349_length_12964_cov_8.323202	4962	5084	0	122	122	1.0000000
NODE_534_length_25918_cov_9.097603	5130	5252	0	122	122	1.0000000
NODE_534_length_25918_cov_9.097603	14878	15000	0	122	122	1.0000000
NODE_5350_length_12963_cov_8.382385	4962	5084	0	122	122	1.0000000
NODE_5351_length_12963_cov_6.228933	5004	5126	0	122	122	1.0000000
NODE_5352_length_12962_cov_8.837752	4878	5000	0	122	122	1.0000000
NODE_5353_length_12961_cov_8.416420	4962	5084	0	122	122	1.0000000
NODE_5355_length_12959_cov_17.931726	4962	5084	0	50	122	0.4098361
NODE_5355_length_12959_cov_17.931726	4962	5084	1	72	122	0.5901639
NODE_5356_length_12959_cov_9.113919	4962	5084	0	122	122	1.0000000
NODE_5357_length_12958_cov_13.861187	5172	5294	0	122	122	1.0000000
NODE_5358_length_12957_cov_7.477835	4962	5084	0	122	122	1.0000000
NODE_5359_length_12956_cov_11.399860	5046	5168	0	122	122	1.0000000
NODE_535_length_25917_cov_8.698621	4962	5084	0	122	122	1.0000000
NODE_535_length_25917_cov_8.698621	14962	15084	0	122	122	1.0000000
NODE_5360_length_12955_cov_7.869788	4962	5084	0	122	122	1.0000000
NODE_5361_length_12952_cov_7.417801	4962	5084	0	122	122	1.0000000
NODE_5362_length_12949_cov_8.046770	4962	5084	0	122	122	1.0000000
NODE_5363_length_12949_cov_7.567082	4962	5084	0	122	122	1.0000000
NODE_5365_length_12948_cov_8.541676	5004	5126	0	122	122	1.0000000
NODE_5366_length_12947_cov_11.395859	4962	5084	0	122	122	1.0000000
NODE_5368_length_12947_cov_7.327444	4962	5084	0	122	122	1.0000000
NODE_5369_length_12946_cov_9.043668	4962	5084	0	122	122	1.0000000
NODE_536_length_25915_cov_7.736946	5004	5126	0	122	122	1.0000000
NODE_5371_length_12945_cov_9.020006	4962	5084	0	122	122	1.0000000
NODE_5372_length_12940_cov_6.837318	4878	5000	0	122	122	1.0000000
NODE_5374_length_12938_cov_13.758003	4962	5084	0	122	122	1.0000000
NODE_5375_length_12937_cov_8.337669	4962	5084	0	9	122	0.0737705
NODE_5375_length_12937_cov_8.337669	4962	5084	2	113	122	0.9262295
NODE_5376_length_12936_cov_8.922022	4920	5042	0	122	122	1.0000000
NODE_5378_length_12935_cov_20.963618	5004	5126	0	122	122	1.0000000
NODE_5379_length_12935_cov_8.566843	5214	5336	0	122	122	1.0000000
NODE_537_length_25908_cov_8.956876	5004	5126	0	122	122	1.0000000
NODE_5380_length_12935_cov_7.484419	4962	5084	0	122	122	1.0000000
NODE_5382_length_12934_cov_11.403116	4962	5084	0	122	122	1.0000000
NODE_5383_length_12933_cov_8.329749	4962	5084	0	122	122	1.0000000
NODE_5384_length_12930_cov_8.116904	4962	5084	0	41	122	0.3360656
NODE_5384_length_12930_cov_8.116904	4962	5084	4	1	122	0.0081967
NODE_5384_length_12930_cov_8.116904	4962	5084	6	54	122	0.4426230
NODE_5384_length_12930_cov_8.116904	4962	5084	7	1	122	0.0081967
NODE_5384_length_12930_cov_8.116904	4962	5084	9	2	122	0.0163934
NODE_5384_length_12930_cov_8.116904	4962	5084	11	23	122	0.1885246
NODE_5385_length_12929_cov_9.534762	4836	4958	0	122	122	1.0000000
NODE_5386_length_12924_cov_34.464639	4962	5084	0	122	122	1.0000000
NODE_5387_length_12924_cov_7.503548	5004	5126	0	122	122	1.0000000
NODE_5389_length_12923_cov_7.936603	4962	5084	0	122	122	1.0000000
NODE_538_length_25901_cov_12.560887	4962	5084	0	35	122	0.2868852
NODE_538_length_25901_cov_12.560887	4962	5084	2	87	122	0.7131147
NODE_538_length_25901_cov_12.560887	14962	15084	0	122	122	1.0000000
NODE_5390_length_12922_cov_8.689464	4920	5042	0	122	122	1.0000000
NODE_5391_length_12921_cov_9.168850	4920	5042	0	122	122	1.0000000
NODE_5392_length_12920_cov_16.889946	4920	5042	2	19	122	0.1557377
NODE_5392_length_12920_cov_16.889946	4920	5042	3	87	122	0.7131147
NODE_5392_length_12920_cov_16.889946	4920	5042	4	16	122	0.1311475
NODE_5393_length_12919_cov_9.651248	4878	5000	0	122	122	1.0000000
NODE_5394_length_12919_cov_6.778003	4962	5084	0	8	122	0.0655738
NODE_5394_length_12919_cov_6.778003	4962	5084	2	114	122	0.9344262
NODE_5395_length_12916_cov_8.185691	4962	5084	0	122	122	1.0000000
NODE_5397_length_12915_cov_8.072488	4962	5084	0	122	122	1.0000000
NODE_5398_length_12914_cov_15.410066	4962	5084	0	122	122	1.0000000
NODE_5399_length_12913_cov_37.077415	5004	5126	0	122	122	1.0000000
NODE_539_length_25878_cov_17.625238	4962	5084	0	122	122	1.0000000
NODE_53_length_45347_cov_10.041880	4626	4748	0	122	122	1.0000000
NODE_53_length_45347_cov_10.041880	14962	15084	0	122	122	1.0000000
NODE_53_length_45347_cov_10.041880	24962	25084	0	122	122	1.0000000
NODE_53_length_45347_cov_10.041880	34962	35084	0	31	122	0.2540984
NODE_53_length_45347_cov_10.041880	34962	35084	1	9	122	0.0737705
NODE_53_length_45347_cov_10.041880	34962	35084	2	82	122	0.6721311
NODE_5400_length_12913_cov_8.156548	5256	5378	0	122	122	1.0000000
NODE_5401_length_12913_cov_7.326362	5046	5168	0	44	122	0.3606557
NODE_5401_length_12913_cov_7.326362	5046	5168	2	78	122	0.6393443
NODE_5402_length_12913_cov_3.464336	4962	5084	0	122	122	1.0000000
NODE_5403_length_12911_cov_7.343428	4962	5084	0	122	122	1.0000000
NODE_5404_length_12911_cov_6.039806	4962	5084	0	122	122	1.0000000
NODE_5407_length_12908_cov_7.206183	4920	5042	0	122	122	1.0000000
NODE_5408_length_12907_cov_9.521549	4920	5042	0	122	122	1.0000000
NODE_5409_length_12907_cov_8.763976	5004	5126	0	122	122	1.0000000
NODE_540_length_25855_cov_16.503883	4962	5084	0	122	122	1.0000000
NODE_5410_length_12907_cov_8.608214	5004	5126	0	122	122	1.0000000
NODE_5412_length_12905_cov_14.425816	4794	4916	0	122	122	1.0000000
NODE_5413_length_12904_cov_9.050293	4962	5084	0	122	122	1.0000000
NODE_5414_length_12902_cov_7.612591	5004	5126	0	122	122	1.0000000
NODE_5415_length_12901_cov_8.606233	5130	5252	0	20	122	0.1639344
NODE_5415_length_12901_cov_8.606233	5130	5252	2	102	122	0.8360656
NODE_5417_length_12899_cov_6.743984	4962	5084	0	122	122	1.0000000
NODE_5419_length_12896_cov_8.916777	5214	5336	0	122	122	1.0000000
NODE_541_length_25853_cov_15.907587	5046	5168	0	122	122	1.0000000
NODE_541_length_25853_cov_15.907587	14962	15084	0	122	122	1.0000000
NODE_5420_length_12895_cov_83.835027	4962	5084	0	122	122	1.0000000
NODE_5421_length_12895_cov_8.879884	4962	5084	0	37	122	0.3032787
NODE_5421_length_12895_cov_8.879884	4962	5084	2	85	122	0.6967213
NODE_5422_length_12895_cov_8.819084	4962	5084	0	65	122	0.5327869
NODE_5422_length_12895_cov_8.819084	4962	5084	1	51	122	0.4180328
NODE_5422_length_12895_cov_8.819084	4962	5084	2	6	122	0.0491803
NODE_5424_length_12893_cov_10.365718	4962	5084	0	53	122	0.4344262
NODE_5424_length_12893_cov_10.365718	4962	5084	2	69	122	0.5655738
NODE_5425_length_12892_cov_21.654968	4920	5042	0	122	122	1.0000000
NODE_5427_length_12890_cov_9.487530	4962	5084	0	122	122	1.0000000
NODE_542_length_25829_cov_7.692266	5004	5126	0	122	122	1.0000000
NODE_5430_length_12888_cov_7.955821	4962	5084	0	122	122	1.0000000
NODE_5431_length_12886_cov_10.848831	5046	5168	0	122	122	1.0000000
NODE_5432_length_12886_cov_9.020724	4962	5084	0	122	122	1.0000000
NODE_5433_length_12884_cov_10.048025	4920	5042	0	122	122	1.0000000
NODE_5435_length_12884_cov_7.168322	5046	5168	0	122	122	1.0000000
NODE_5437_length_12881_cov_27.625880	4962	5084	0	122	122	1.0000000
NODE_5438_length_12879_cov_7.042254	4962	5084	0	122	122	1.0000000
NODE_5439_length_12877_cov_26.679136	4962	5084	0	58	122	0.4754098
NODE_5439_length_12877_cov_26.679136	4962	5084	1	1	122	0.0081967
NODE_5439_length_12877_cov_26.679136	4962	5084	2	63	122	0.5163934
NODE_543_length_25819_cov_11.832815	4962	5084	0	122	122	1.0000000
NODE_543_length_25819_cov_11.832815	14962	15084	0	122	122	1.0000000
NODE_5440_length_12877_cov_7.775787	4962	5084	0	122	122	1.0000000
NODE_5441_length_12875_cov_9.385488	4962	5084	0	122	122	1.0000000
NODE_5442_length_12874_cov_27.913268	4962	5084	0	122	122	1.0000000
NODE_5444_length_12874_cov_21.158982	5004	5126	0	122	122	1.0000000
NODE_5445_length_12873_cov_8.276264	4962	5084	0	112	122	0.9180328
NODE_5445_length_12873_cov_8.276264	4962	5084	2	10	122	0.0819672
NODE_5446_length_12871_cov_18.842938	4920	5042	0	122	122	1.0000000
NODE_5448_length_12871_cov_6.086596	5046	5168	0	122	122	1.0000000
NODE_544_length_25819_cov_8.763064	4962	5084	0	122	122	1.0000000
NODE_5450_length_12867_cov_8.370379	5004	5126	0	122	122	1.0000000
NODE_5451_length_12866_cov_8.854547	4920	5042	0	122	122	1.0000000
NODE_5454_length_12861_cov_8.488952	4962	5084	0	122	122	1.0000000
NODE_5456_length_12858_cov_10.697939	4962	5084	0	122	122	1.0000000
NODE_5457_length_12857_cov_54.476564	5046	5168	0	122	122	1.0000000
NODE_5459_length_12856_cov_9.380183	4920	5042	0	122	122	1.0000000
NODE_545_length_25793_cov_9.201370	4962	5084	0	122	122	1.0000000
NODE_545_length_25793_cov_9.201370	14962	15084	0	122	122	1.0000000
NODE_5460_length_12856_cov_9.069844	5046	5168	0	122	122	1.0000000
NODE_5461_length_12856_cov_8.223485	4920	5042	0	122	122	1.0000000
NODE_5462_length_12856_cov_8.183977	4962	5084	0	122	122	1.0000000
NODE_5463_length_12856_cov_7.025084	4962	5084	0	122	122	1.0000000
NODE_5466_length_12853_cov_17.309550	4962	5084	0	122	122	1.0000000
NODE_5467_length_12853_cov_8.005488	4962	5084	0	122	122	1.0000000
NODE_5468_length_12853_cov_5.151717	5046	5168	4	122	122	1.0000000
NODE_546_length_25786_cov_7.902519	4962	5084	0	36	122	0.2950820
NODE_546_length_25786_cov_7.902519	4962	5084	1	86	122	0.7049180
NODE_546_length_25786_cov_7.902519	14962	15084	0	122	122	1.0000000
NODE_5470_length_12851_cov_21.495295	4867	4990	1	47	123	0.3821138
NODE_5470_length_12851_cov_21.495295	4867	4990	2	54	123	0.4390244
NODE_5470_length_12851_cov_21.495295	4867	4990	3	22	123	0.1788618
NODE_5471_length_12851_cov_6.430756	4962	5084	0	122	122	1.0000000
NODE_5472_length_12850_cov_16.399263	5172	5294	0	122	122	1.0000000
NODE_5473_length_12850_cov_7.152694	4962	5084	0	122	122	1.0000000
NODE_5474_length_12848_cov_13.249274	4920	5042	0	122	122	1.0000000
NODE_5475_length_12847_cov_8.193913	4962	5084	0	122	122	1.0000000
NODE_5476_length_12846_cov_6.583824	4920	5042	0	22	122	0.1803279
NODE_5476_length_12846_cov_6.583824	4920	5042	1	36	122	0.2950820
NODE_5476_length_12846_cov_6.583824	4920	5042	2	64	122	0.5245901
NODE_5477_length_12844_cov_8.250373	4878	5000	0	122	122	1.0000000
NODE_5478_length_12841_cov_9.084681	4962	5084	0	122	122	1.0000000
NODE_5479_length_12840_cov_9.332705	5004	5126	0	122	122	1.0000000
NODE_547_length_25780_cov_10.054165	4962	5084	0	122	122	1.0000000
NODE_547_length_25780_cov_10.054165	14962	15084	0	122	122	1.0000000
NODE_5480_length_12840_cov_6.907543	5130	5252	0	38	122	0.3114754
NODE_5480_length_12840_cov_6.907543	5130	5252	2	84	122	0.6885246
NODE_5481_length_12839_cov_53.180534	4962	5084	0	122	122	1.0000000
NODE_5482_length_12839_cov_21.456436	4878	5000	0	122	122	1.0000000
NODE_5483_length_12839_cov_8.016641	5046	5168	0	122	122	1.0000000
NODE_5484_length_12838_cov_8.085407	4962	5084	0	122	122	1.0000000
NODE_5486_length_12836_cov_8.969773	4962	5084	1	22	122	0.1803279
NODE_5486_length_12836_cov_8.969773	4962	5084	2	97	122	0.7950820
NODE_5486_length_12836_cov_8.969773	4962	5084	3	3	122	0.0245902
NODE_5487_length_12835_cov_15.933731	4878	5000	0	122	122	1.0000000
NODE_5488_length_12834_cov_8.245779	4878	5000	0	122	122	1.0000000
NODE_548_length_25766_cov_16.543499	4962	5084	0	38	122	0.3114754
NODE_548_length_25766_cov_16.543499	4962	5084	2	84	122	0.6885246
NODE_548_length_25766_cov_16.543499	14962	15084	0	122	122	1.0000000
NODE_5490_length_12833_cov_9.017120	4920	5042	0	37	122	0.3032787
NODE_5490_length_12833_cov_9.017120	4920	5042	1	2	122	0.0163934
NODE_5490_length_12833_cov_9.017120	4920	5042	2	83	122	0.6803279
NODE_5491_length_12833_cov_8.943144	4962	5084	0	122	122	1.0000000
NODE_5492_length_12831_cov_10.881951	4962	5084	0	122	122	1.0000000
NODE_5493_length_12831_cov_9.598413	4962	5084	0	122	122	1.0000000
NODE_5494_length_12831_cov_7.957273	4962	5084	0	122	122	1.0000000
NODE_5495_length_12831_cov_6.954131	4962	5084	0	122	122	1.0000000
NODE_5496_length_12830_cov_9.569398	5004	5126	0	6	122	0.0491803
NODE_5496_length_12830_cov_9.569398	5004	5126	1	116	122	0.9508197
NODE_5498_length_12830_cov_8.077684	4962	5084	0	122	122	1.0000000
NODE_5499_length_12829_cov_9.270463	4962	5084	0	122	122	1.0000000
NODE_549_length_25759_cov_9.634528	14878	15000	0	10	122	0.0819672
NODE_549_length_25759_cov_9.634528	14878	15000	1	112	122	0.9180328
NODE_54_length_45096_cov_9.455675	4962	5084	0	122	122	1.0000000
NODE_54_length_45096_cov_9.455675	14962	15084	0	122	122	1.0000000
NODE_54_length_45096_cov_9.455675	24962	25084	0	122	122	1.0000000
NODE_54_length_45096_cov_9.455675	34962	35084	0	122	122	1.0000000
NODE_5500_length_12829_cov_8.117675	5046	5168	0	122	122	1.0000000
NODE_5501_length_12829_cov_7.909898	4920	5042	0	122	122	1.0000000
NODE_5502_length_12828_cov_8.328463	4962	5084	0	122	122	1.0000000
NODE_5503_length_12827_cov_7.247722	4962	5084	0	122	122	1.0000000
NODE_5504_length_12826_cov_9.909091	5088	5210	0	122	122	1.0000000
NODE_5505_length_12826_cov_7.686493	4920	5042	0	122	122	1.0000000
NODE_5506_length_12823_cov_8.491434	5046	5168	0	122	122	1.0000000
NODE_5507_length_12823_cov_8.380541	5004	5126	0	122	122	1.0000000
NODE_5508_length_12823_cov_6.857985	4962	5084	0	122	122	1.0000000
NODE_550_length_25749_cov_11.948733	4752	4874	2	13	122	0.1065574
NODE_550_length_25749_cov_11.948733	4752	4874	3	2	122	0.0163934
NODE_550_length_25749_cov_11.948733	4752	4874	4	5	122	0.0409836
NODE_550_length_25749_cov_11.948733	4752	4874	5	11	122	0.0901639
NODE_550_length_25749_cov_11.948733	4752	4874	6	19	122	0.1557377
NODE_550_length_25749_cov_11.948733	4752	4874	8	8	122	0.0655738
NODE_550_length_25749_cov_11.948733	4752	4874	9	19	122	0.1557377
NODE_550_length_25749_cov_11.948733	4752	4874	10	45	122	0.3688525
NODE_550_length_25749_cov_11.948733	14962	15084	0	35	122	0.2868852
NODE_550_length_25749_cov_11.948733	14962	15084	2	87	122	0.7131147
NODE_5510_length_12821_cov_7.041110	4920	5042	0	122	122	1.0000000
NODE_5511_length_12820_cov_11.153604	4962	5084	0	122	122	1.0000000
NODE_5512_length_12820_cov_9.757016	4962	5084	0	122	122	1.0000000
NODE_5515_length_12818_cov_10.576618	4962	5084	0	122	122	1.0000000
NODE_5516_length_12816_cov_8.280255	4962	5084	0	122	122	1.0000000
NODE_5518_length_12816_cov_7.473068	4962	5084	0	122	122	1.0000000
NODE_5519_length_12814_cov_7.803146	4962	5084	0	122	122	1.0000000
NODE_551_length_25737_cov_15.930923	4878	5000	0	122	122	1.0000000
NODE_5523_length_12810_cov_6.601133	4920	5042	0	122	122	1.0000000
NODE_5524_length_12808_cov_25.265560	4752	4874	0	122	122	1.0000000
NODE_5526_length_12804_cov_10.679024	4962	5084	0	122	122	1.0000000
NODE_5527_length_12803_cov_8.972528	4962	5084	0	122	122	1.0000000
NODE_5528_length_12803_cov_8.545734	4962	5084	0	122	122	1.0000000
NODE_5529_length_12803_cov_8.439468	4962	5084	0	122	122	1.0000000
NODE_552_length_25724_cov_8.293112	4962	5084	0	122	122	1.0000000
NODE_552_length_25724_cov_8.293112	14920	15042	0	122	122	1.0000000
NODE_5531_length_12801_cov_9.565580	5004	5126	0	122	122	1.0000000
NODE_5533_length_12800_cov_7.717896	4962	5084	0	122	122	1.0000000
NODE_5534_length_12800_cov_7.667585	4962	5084	0	122	122	1.0000000
NODE_5535_length_12797_cov_15.697433	4962	5084	0	122	122	1.0000000
NODE_5536_length_12797_cov_8.575602	4962	5084	0	122	122	1.0000000
NODE_5537_length_12796_cov_9.200677	4962	5084	0	122	122	1.0000000
NODE_5538_length_12792_cov_10.020641	4962	5084	0	35	122	0.2868852
NODE_5538_length_12792_cov_10.020641	4962	5084	2	87	122	0.7131147
NODE_553_length_25709_cov_6.931238	4878	5000	0	122	122	1.0000000
NODE_553_length_25709_cov_6.931238	14710	14832	0	122	122	1.0000000
NODE_5541_length_12791_cov_8.638670	4962	5084	0	122	122	1.0000000
NODE_5542_length_12789_cov_9.004492	4962	5084	0	15	122	0.1229508
NODE_5542_length_12789_cov_9.004492	4962	5084	1	107	122	0.8770492
NODE_5543_length_12788_cov_191.512649	4878	5000	0	122	122	1.0000000
NODE_5544_length_12788_cov_9.640003	4962	5084	0	71	122	0.5819672
NODE_5544_length_12788_cov_9.640003	4962	5084	2	51	122	0.4180328
NODE_5545_length_12787_cov_8.832204	4962	5084	0	122	122	1.0000000
NODE_5546_length_12785_cov_23.863629	4962	5084	0	122	122	1.0000000
NODE_5547_length_12783_cov_9.127641	4962	5084	0	122	122	1.0000000
NODE_5548_length_12782_cov_33.772372	4962	5084	2	8	122	0.0655738
NODE_5548_length_12782_cov_33.772372	4962	5084	3	114	122	0.9344262
NODE_5549_length_12781_cov_14.445829	5004	5126	0	17	122	0.1393443
NODE_5549_length_12781_cov_14.445829	5004	5126	1	105	122	0.8606557
NODE_554_length_25707_cov_13.744064	4962	5084	0	122	122	1.0000000
NODE_5550_length_12779_cov_8.783517	4920	5042	0	122	122	1.0000000
NODE_5551_length_12779_cov_7.903628	4962	5084	0	122	122	1.0000000
NODE_5553_length_12778_cov_14.247417	4962	5084	0	122	122	1.0000000
NODE_5554_length_12776_cov_26.208488	4584	4706	0	122	122	1.0000000
NODE_5556_length_12775_cov_9.962054	4962	5084	0	122	122	1.0000000
NODE_5558_length_12775_cov_8.527690	5340	5462	0	122	122	1.0000000
NODE_5559_length_12775_cov_8.059719	5004	5126	0	122	122	1.0000000
NODE_555_length_25696_cov_8.490448	4962	5084	0	122	122	1.0000000
NODE_5560_length_12775_cov_7.846324	4920	5042	0	122	122	1.0000000
NODE_5561_length_12774_cov_7.757633	5046	5168	0	122	122	1.0000000
NODE_5563_length_12772_cov_33.367869	5004	5126	0	122	122	1.0000000
NODE_5564_length_12772_cov_6.860175	4962	5084	0	122	122	1.0000000
NODE_5565_length_12770_cov_7.697104	5256	5378	0	122	122	1.0000000
NODE_5566_length_12769_cov_9.754775	4962	5084	0	122	122	1.0000000
NODE_5567_length_12768_cov_17.240666	4962	5084	0	122	122	1.0000000
NODE_5568_length_12768_cov_7.758229	4962	5084	0	122	122	1.0000000
NODE_5569_length_12767_cov_8.205873	4962	5084	0	47	122	0.3852459
NODE_5569_length_12767_cov_8.205873	4962	5084	1	75	122	0.6147541
NODE_556_length_25693_cov_8.827108	14836	14958	0	122	122	1.0000000
NODE_5570_length_12767_cov_8.053126	4962	5084	0	122	122	1.0000000
NODE_5571_length_12766_cov_7.720218	5004	5126	0	122	122	1.0000000
NODE_5572_length_12765_cov_8.155692	4962	5084	0	122	122	1.0000000
NODE_5573_length_12764_cov_7.000000	4920	5042	0	122	122	1.0000000
NODE_5575_length_12762_cov_14.321962	4920	5042	0	122	122	1.0000000
NODE_5576_length_12759_cov_23.755134	4962	5084	0	122	122	1.0000000
NODE_5578_length_12758_cov_7.539537	5046	5168	0	122	122	1.0000000
NODE_5579_length_12757_cov_7.928662	5046	5168	0	122	122	1.0000000
NODE_557_length_25693_cov_8.567203	15046	15168	0	34	122	0.2786885
NODE_557_length_25693_cov_8.567203	15046	15168	2	88	122	0.7213115
NODE_5580_length_12755_cov_20.691609	5088	5210	0	122	122	1.0000000
NODE_5582_length_12755_cov_8.056021	4836	4958	0	52	122	0.4262295
NODE_5582_length_12755_cov_8.056021	4836	4958	2	70	122	0.5737705
NODE_5583_length_12753_cov_8.949897	4542	4664	0	122	122	1.0000000
NODE_5584_length_12753_cov_7.084795	4962	5084	0	122	122	1.0000000
NODE_5585_length_12746_cov_7.791887	5046	5168	0	122	122	1.0000000
NODE_5586_length_12741_cov_9.820202	4962	5084	0	122	122	1.0000000
NODE_5587_length_12740_cov_41.691717	4920	5042	0	122	122	1.0000000
NODE_5588_length_12739_cov_9.228402	4962	5084	0	25	122	0.2049180
NODE_5588_length_12739_cov_9.228402	4962	5084	2	97	122	0.7950820
NODE_558_length_25683_cov_8.727486	4962	5084	0	122	122	1.0000000
NODE_558_length_25683_cov_8.727486	14962	15084	0	122	122	1.0000000
NODE_5591_length_12736_cov_7.925140	4626	4748	0	122	122	1.0000000
NODE_5593_length_12735_cov_8.811808	4962	5084	0	122	122	1.0000000
NODE_5594_length_12734_cov_8.517847	4878	5000	0	52	122	0.4262295
NODE_5594_length_12734_cov_8.517847	4878	5000	1	70	122	0.5737705
NODE_5595_length_12733_cov_6.695821	4962	5084	0	80	122	0.6557377
NODE_5595_length_12733_cov_6.695821	4962	5084	1	42	122	0.3442623
NODE_5596_length_12732_cov_8.040133	4794	4916	0	122	122	1.0000000
NODE_5597_length_12731_cov_13.286336	4878	5000	0	122	122	1.0000000
NODE_5598_length_12731_cov_12.695377	5004	5126	0	32	122	0.2622951
NODE_5598_length_12731_cov_12.695377	5004	5126	1	90	122	0.7377049
NODE_5599_length_12731_cov_9.164661	4920	5042	0	122	122	1.0000000
NODE_559_length_25681_cov_10.406731	4920	5042	0	122	122	1.0000000
NODE_559_length_25681_cov_10.406731	14962	15084	0	86	122	0.7049180
NODE_559_length_25681_cov_10.406731	14962	15084	1	3	122	0.0245902
NODE_559_length_25681_cov_10.406731	14962	15084	2	33	122	0.2704918
NODE_55_length_45038_cov_3.425555	4920	5042	0	122	122	1.0000000
NODE_55_length_45038_cov_3.425555	14962	15084	0	122	122	1.0000000
NODE_55_length_45038_cov_3.425555	24962	25084	0	122	122	1.0000000
NODE_55_length_45038_cov_3.425555	34962	35084	0	122	122	1.0000000
NODE_5600_length_12729_cov_10.624782	4962	5084	0	122	122	1.0000000
NODE_5603_length_12726_cov_8.305536	4962	5084	0	122	122	1.0000000
NODE_5605_length_12725_cov_7.339141	4962	5084	0	122	122	1.0000000
NODE_5606_length_12724_cov_19.509703	5046	5168	0	122	122	1.0000000
NODE_5607_length_12724_cov_7.703129	5004	5126	0	122	122	1.0000000
NODE_5608_length_12723_cov_7.741683	4962	5084	0	122	122	1.0000000
NODE_5609_length_12722_cov_9.355225	4668	4790	0	122	122	1.0000000
NODE_5612_length_12721_cov_8.160196	4962	5084	0	122	122	1.0000000
NODE_5613_length_12720_cov_6.854449	5088	5210	0	122	122	1.0000000
NODE_5614_length_12719_cov_9.253249	4962	5084	0	54	122	0.4426230
NODE_5614_length_12719_cov_9.253249	4962	5084	2	68	122	0.5573770
NODE_5615_length_12719_cov_8.925911	4878	5000	0	122	122	1.0000000
NODE_5616_length_12719_cov_7.911094	5004	5126	0	122	122	1.0000000
NODE_5617_length_12719_cov_6.858637	5004	5126	0	122	122	1.0000000
NODE_5618_length_12718_cov_9.253507	4962	5084	0	122	122	1.0000000
NODE_561_length_25661_cov_7.104022	4962	5084	0	122	122	1.0000000
NODE_5621_length_12717_cov_17.880884	4962	5084	0	122	122	1.0000000
NODE_5626_length_12708_cov_7.752558	4962	5084	0	122	122	1.0000000
NODE_5627_length_12708_cov_6.758902	4962	5084	0	122	122	1.0000000
NODE_5628_length_12707_cov_8.616751	4962	5084	0	122	122	1.0000000
NODE_5629_length_12706_cov_13.363687	4962	5084	0	122	122	1.0000000
NODE_562_length_25660_cov_8.443371	4962	5084	0	122	122	1.0000000
NODE_5630_length_12706_cov_8.719759	4920	5042	0	122	122	1.0000000
NODE_5631_length_12705_cov_8.418372	4962	5084	0	122	122	1.0000000
NODE_5632_length_12703_cov_8.730641	4962	5084	0	122	122	1.0000000
NODE_5634_length_12701_cov_63.679971	4962	5084	1	29	122	0.2377049
NODE_5634_length_12701_cov_63.679971	4962	5084	2	77	122	0.6311476
NODE_5634_length_12701_cov_63.679971	4962	5084	3	16	122	0.1311475
NODE_5635_length_12701_cov_7.389700	4752	4874	0	122	122	1.0000000
NODE_5636_length_12699_cov_6.241825	4794	4916	0	122	122	1.0000000
NODE_5639_length_12695_cov_9.353684	4920	5042	0	122	122	1.0000000
NODE_563_length_25648_cov_8.809464	14962	15084	0	122	122	1.0000000
NODE_5640_length_12694_cov_9.442874	4962	5084	0	122	122	1.0000000
NODE_5642_length_12691_cov_8.875000	4962	5084	0	122	122	1.0000000
NODE_5643_length_12690_cov_7.320864	4878	5000	0	47	122	0.3852459
NODE_5643_length_12690_cov_7.320864	4878	5000	1	10	122	0.0819672
NODE_5643_length_12690_cov_7.320864	4878	5000	2	65	122	0.5327869
NODE_5644_length_12689_cov_7.477681	4878	5000	0	122	122	1.0000000
NODE_5645_length_12684_cov_8.438220	4962	5084	0	122	122	1.0000000
NODE_5646_length_12682_cov_7.638004	5046	5168	0	122	122	1.0000000
NODE_5647_length_12682_cov_7.146388	4962	5084	0	122	122	1.0000000
NODE_5648_length_12681_cov_8.974487	5130	5252	0	122	122	1.0000000
NODE_5649_length_12680_cov_5.911533	4878	5000	0	122	122	1.0000000
NODE_564_length_25633_cov_8.649017	14962	15084	0	122	122	1.0000000
NODE_5650_length_12678_cov_10.547738	4962	5084	0	122	122	1.0000000
NODE_5651_length_12677_cov_8.401256	4920	5042	0	122	122	1.0000000
NODE_5652_length_12675_cov_8.777990	4962	5084	0	122	122	1.0000000
NODE_5653_length_12673_cov_10.232543	4878	5000	0	122	122	1.0000000
NODE_5654_length_12673_cov_8.012486	4920	5042	0	122	122	1.0000000
NODE_5655_length_12672_cov_9.484928	4962	5084	0	122	122	1.0000000
NODE_5656_length_12670_cov_7.342932	5004	5126	0	122	122	1.0000000
NODE_5657_length_12669_cov_125.870088	4962	5084	0	65	122	0.5327869
NODE_5657_length_12669_cov_125.870088	4962	5084	1	57	122	0.4672131
NODE_5658_length_12669_cov_8.531185	5046	5168	0	4	122	0.0327869
NODE_5658_length_12669_cov_8.531185	5046	5168	2	118	122	0.9672131
NODE_5659_length_12669_cov_6.021957	4962	5084	0	122	122	1.0000000
NODE_565_length_25629_cov_7.279749	14962	15084	0	122	122	1.0000000
NODE_5660_length_12663_cov_26.198026	4962	5084	0	122	122	1.0000000
NODE_5661_length_12662_cov_8.240786	4962	5084	0	122	122	1.0000000
NODE_5662_length_12660_cov_9.587055	4878	5000	0	122	122	1.0000000
NODE_5665_length_12659_cov_9.612659	4962	5084	0	122	122	1.0000000
NODE_5666_length_12659_cov_9.328822	4962	5084	0	122	122	1.0000000
NODE_5667_length_12658_cov_6.730870	4962	5084	0	122	122	1.0000000
NODE_5668_length_12657_cov_9.158226	4836	4958	0	122	122	1.0000000
NODE_566_length_25628_cov_8.121235	4920	5042	0	122	122	1.0000000
NODE_566_length_25628_cov_8.121235	14962	15084	0	122	122	1.0000000
NODE_5670_length_12656_cov_8.848610	4962	5084	0	5	122	0.0409836
NODE_5670_length_12656_cov_8.848610	4962	5084	1	11	122	0.0901639
NODE_5670_length_12656_cov_8.848610	4962	5084	2	106	122	0.8688524
NODE_5672_length_12655_cov_8.221169	4962	5084	0	122	122	1.0000000
NODE_5673_length_12655_cov_8.207391	5046	5168	0	122	122	1.0000000
NODE_5674_length_12650_cov_23.756752	4962	5084	0	122	122	1.0000000
NODE_5676_length_12650_cov_7.740021	5298	5420	0	122	122	1.0000000
NODE_5677_length_12650_cov_7.255278	4920	5042	0	122	122	1.0000000
NODE_5678_length_12649_cov_8.639363	4962	5084	0	122	122	1.0000000
NODE_5679_length_12647_cov_13.685767	5088	5210	0	122	122	1.0000000
NODE_567_length_25625_cov_8.902139	4962	5084	0	122	122	1.0000000
NODE_567_length_25625_cov_8.902139	14878	15000	0	122	122	1.0000000
NODE_5680_length_12646_cov_8.274886	4878	5000	0	122	122	1.0000000
NODE_5682_length_12642_cov_9.694411	4962	5084	0	122	122	1.0000000
NODE_5683_length_12642_cov_7.887029	4962	5084	0	122	122	1.0000000
NODE_5687_length_12636_cov_7.960676	4584	4706	2	10	122	0.0819672
NODE_5687_length_12636_cov_7.960676	4584	4706	3	112	122	0.9180328
NODE_5688_length_12635_cov_8.743539	4962	5084	0	122	122	1.0000000
NODE_5689_length_12631_cov_6.511969	5130	5252	0	122	122	1.0000000
NODE_568_length_25624_cov_11.813046	4962	5084	0	122	122	1.0000000
NODE_568_length_25624_cov_11.813046	15214	15336	0	122	122	1.0000000
NODE_5690_length_12630_cov_11.335648	4920	5042	1	74	122	0.6065574
NODE_5690_length_12630_cov_11.335648	4920	5042	2	48	122	0.3934426
NODE_5691_length_12630_cov_7.897853	4962	5084	0	122	122	1.0000000
NODE_5694_length_12627_cov_205.682551	4752	4874	0	122	122	1.0000000
NODE_5695_length_12627_cov_15.716874	4962	5084	0	122	122	1.0000000
NODE_5697_length_12625_cov_8.100431	5046	5168	0	122	122	1.0000000
NODE_569_length_25601_cov_23.765352	4920	5042	0	122	122	1.0000000
NODE_56_length_44930_cov_8.295867	5088	5210	0	34	122	0.2786885
NODE_56_length_44930_cov_8.295867	5088	5210	2	30	122	0.2459016
NODE_56_length_44930_cov_8.295867	5088	5210	3	58	122	0.4754098
NODE_56_length_44930_cov_8.295867	15046	15168	0	122	122	1.0000000
NODE_56_length_44930_cov_8.295867	34962	35084	0	122	122	1.0000000
NODE_5701_length_12622_cov_15.000559	5004	5126	0	122	122	1.0000000
NODE_5702_length_12622_cov_8.829274	4962	5084	0	122	122	1.0000000
NODE_5703_length_12621_cov_10.005430	5340	5462	0	33	122	0.2704918
NODE_5703_length_12621_cov_10.005430	5340	5462	1	89	122	0.7295082
NODE_5704_length_12621_cov_9.044961	5130	5252	0	122	122	1.0000000
NODE_5707_length_12620_cov_11.089370	4962	5084	0	122	122	1.0000000
NODE_5709_length_12619_cov_7.617732	4920	5042	0	23	122	0.1885246
NODE_5709_length_12619_cov_7.617732	4920	5042	2	99	122	0.8114754
NODE_5710_length_12619_cov_7.474760	4920	5042	0	122	122	1.0000000
NODE_5711_length_12617_cov_10.497364	4962	5084	0	122	122	1.0000000
NODE_5712_length_12617_cov_7.744208	4962	5084	0	122	122	1.0000000
NODE_5713_length_12615_cov_12.001758	4962	5084	0	122	122	1.0000000
NODE_5715_length_12614_cov_8.768997	4962	5084	0	122	122	1.0000000
NODE_5716_length_12613_cov_8.748202	4920	5042	0	122	122	1.0000000
NODE_5717_length_12612_cov_7.898266	5172	5294	0	9	122	0.0737705
NODE_5717_length_12612_cov_7.898266	5172	5294	1	43	122	0.3524590
NODE_5717_length_12612_cov_7.898266	5172	5294	2	70	122	0.5737705
NODE_5718_length_12612_cov_7.149445	4962	5084	1	8	122	0.0655738
NODE_5718_length_12612_cov_7.149445	4962	5084	2	114	122	0.9344262
NODE_571_length_25598_cov_9.566728	4962	5084	0	22	122	0.1803279
NODE_571_length_25598_cov_9.566728	4962	5084	1	100	122	0.8196721
NODE_571_length_25598_cov_9.566728	14962	15084	0	122	122	1.0000000
NODE_5720_length_12611_cov_9.516624	4962	5084	0	122	122	1.0000000
NODE_5721_length_12611_cov_8.084879	4962	5084	0	122	122	1.0000000
NODE_5723_length_12608_cov_9.950436	5256	5378	0	122	122	1.0000000
NODE_5724_length_12608_cov_9.178112	4752	4874	0	122	122	1.0000000
NODE_5727_length_12606_cov_6.852323	5004	5126	0	10	122	0.0819672
NODE_5727_length_12606_cov_6.852323	5004	5126	2	112	122	0.9180328
NODE_5728_length_12604_cov_4.714194	5298	5420	0	122	122	1.0000000
NODE_5729_length_12602_cov_8.574662	4920	5042	0	122	122	1.0000000
NODE_572_length_25589_cov_19.007611	15046	15168	0	122	122	1.0000000
NODE_5730_length_12601_cov_7.100624	4962	5084	0	122	122	1.0000000
NODE_5732_length_12599_cov_31.194800	4962	5084	0	7	122	0.0573770
NODE_5732_length_12599_cov_31.194800	4962	5084	1	15	122	0.1229508
NODE_5732_length_12599_cov_31.194800	4962	5084	2	100	122	0.8196721
NODE_5733_length_12599_cov_10.791440	5256	5378	0	122	122	1.0000000
NODE_5734_length_12599_cov_9.207440	4668	4790	0	122	122	1.0000000
NODE_5736_length_12598_cov_8.660053	4962	5084	0	122	122	1.0000000
NODE_5737_length_12598_cov_7.326426	4962	5084	0	122	122	1.0000000
NODE_5739_length_12596_cov_12.017364	4920	5042	0	122	122	1.0000000
NODE_573_length_25570_cov_9.476463	14962	15084	0	122	122	1.0000000
NODE_5740_length_12596_cov_9.134752	4962	5084	0	122	122	1.0000000
NODE_5741_length_12596_cov_7.819637	4752	4874	0	122	122	1.0000000
NODE_5742_length_12595_cov_8.685019	4878	5000	0	122	122	1.0000000
NODE_5744_length_12595_cov_7.868998	4920	5042	0	122	122	1.0000000
NODE_5746_length_12593_cov_8.232432	4920	5042	0	122	122	1.0000000
NODE_5747_length_12593_cov_8.094125	4962	5084	0	59	122	0.4836065
NODE_5747_length_12593_cov_8.094125	4962	5084	2	63	122	0.5163934
NODE_5748_length_12592_cov_8.350756	4878	5000	0	122	122	1.0000000
NODE_5749_length_12590_cov_9.569930	4962	5084	0	122	122	1.0000000
NODE_574_length_25563_cov_9.132658	14920	15042	3	33	122	0.2704918
NODE_574_length_25563_cov_9.132658	14920	15042	5	1	122	0.0081967
NODE_574_length_25563_cov_9.132658	14920	15042	6	88	122	0.7213115
NODE_5750_length_12589_cov_8.320657	4962	5084	0	122	122	1.0000000
NODE_5751_length_12587_cov_9.087124	4962	5084	0	34	122	0.2786885
NODE_5751_length_12587_cov_9.087124	4962	5084	1	14	122	0.1147541
NODE_5751_length_12587_cov_9.087124	4962	5084	2	25	122	0.2049180
NODE_5751_length_12587_cov_9.087124	4962	5084	3	49	122	0.4016393
NODE_5753_length_12586_cov_9.238969	5004	5126	0	56	122	0.4590164
NODE_5753_length_12586_cov_9.238969	5004	5126	1	1	122	0.0081967
NODE_5753_length_12586_cov_9.238969	5004	5126	2	65	122	0.5327869
NODE_5754_length_12586_cov_7.466325	4962	5084	0	122	122	1.0000000
NODE_5755_length_12585_cov_8.267179	4962	5084	0	122	122	1.0000000
NODE_5756_length_12584_cov_51.880176	5004	5126	0	122	122	1.0000000
NODE_5758_length_12583_cov_8.305591	4962	5084	3	3	122	0.0245902
NODE_5758_length_12583_cov_8.305591	4962	5084	4	15	122	0.1229508
NODE_5758_length_12583_cov_8.305591	4962	5084	5	39	122	0.3196721
NODE_5758_length_12583_cov_8.305591	4962	5084	8	65	122	0.5327869
NODE_5759_length_12583_cov_7.350769	4920	5042	0	122	122	1.0000000
NODE_575_length_25499_cov_8.795709	5004	5126	0	122	122	1.0000000
NODE_5760_length_12578_cov_32.999760	4962	5084	0	122	122	1.0000000
NODE_5761_length_12578_cov_10.963619	5130	5252	0	122	122	1.0000000
NODE_5762_length_12576_cov_6.943897	4962	5084	0	122	122	1.0000000
NODE_5763_length_12575_cov_7.924495	4962	5084	0	66	122	0.5409836
NODE_5763_length_12575_cov_7.924495	4962	5084	1	26	122	0.2131148
NODE_5763_length_12575_cov_7.924495	4962	5084	2	30	122	0.2459016
NODE_5764_length_12574_cov_11.724890	5214	5336	0	122	122	1.0000000
NODE_5766_length_12573_cov_9.837342	4920	5042	2	122	122	1.0000000
NODE_5767_length_12573_cov_8.543130	4962	5084	0	122	122	1.0000000
NODE_5768_length_12570_cov_12.125892	4962	5084	0	122	122	1.0000000
NODE_5769_length_12570_cov_8.059257	4836	4958	0	108	122	0.8852459
NODE_5769_length_12570_cov_8.059257	4836	4958	1	14	122	0.1147541
NODE_5770_length_12568_cov_28.835432	4920	5042	2	122	122	1.0000000
NODE_5772_length_12566_cov_8.429775	4962	5084	0	122	122	1.0000000
NODE_5773_length_12564_cov_8.354192	4962	5084	0	122	122	1.0000000
NODE_5774_length_12564_cov_8.173927	5172	5294	0	122	122	1.0000000
NODE_5775_length_12563_cov_19.681402	4962	5084	0	122	122	1.0000000
NODE_5776_length_12563_cov_12.460847	4752	4874	0	122	122	1.0000000
NODE_5777_length_12563_cov_8.081595	4962	5084	0	122	122	1.0000000
NODE_5778_length_12563_cov_7.874759	5046	5168	0	122	122	1.0000000
NODE_577_length_25468_cov_9.622689	5004	5126	0	122	122	1.0000000
NODE_577_length_25468_cov_9.622689	14962	15084	0	122	122	1.0000000
NODE_5780_length_12561_cov_11.358450	4962	5084	0	122	122	1.0000000
NODE_5781_length_12561_cov_8.063553	4878	5000	0	122	122	1.0000000
NODE_5782_length_12560_cov_8.600915	4962	5084	0	122	122	1.0000000
NODE_5783_length_12559_cov_8.852729	4962	5084	0	122	122	1.0000000
NODE_5784_length_12559_cov_8.296950	4836	4958	0	122	122	1.0000000
NODE_5785_length_12558_cov_9.513685	4836	4958	0	122	122	1.0000000
NODE_5789_length_12553_cov_9.547294	5046	5168	0	122	122	1.0000000
NODE_578_length_25467_cov_2.961053	4962	5084	0	122	122	1.0000000
NODE_578_length_25467_cov_2.961053	14962	15084	0	122	122	1.0000000
NODE_5790_length_12553_cov_6.939056	4962	5084	0	122	122	1.0000000
NODE_5791_length_12552_cov_9.124468	5256	5378	0	2	122	0.0163934
NODE_5791_length_12552_cov_9.124468	5256	5378	2	120	122	0.9836066
NODE_5792_length_12552_cov_8.640087	4962	5084	0	122	122	1.0000000
NODE_5793_length_12552_cov_8.469044	4962	5084	0	122	122	1.0000000
NODE_5794_length_12550_cov_9.296844	4962	5084	0	70	122	0.5737705
NODE_5794_length_12550_cov_9.296844	4962	5084	1	52	122	0.4262295
NODE_5796_length_12550_cov_8.615292	4962	5084	0	122	122	1.0000000
NODE_5797_length_12550_cov_6.471689	4962	5084	0	122	122	1.0000000
NODE_5798_length_12548_cov_10.804161	4962	5084	0	122	122	1.0000000
NODE_579_length_25443_cov_8.173966	14962	15084	0	122	122	1.0000000
NODE_57_length_44863_cov_2.656733	4920	5042	0	122	122	1.0000000
NODE_57_length_44863_cov_2.656733	14962	15084	0	122	122	1.0000000
NODE_57_length_44863_cov_2.656733	24920	25042	0	122	122	1.0000000
NODE_57_length_44863_cov_2.656733	34962	35084	0	122	122	1.0000000
NODE_5800_length_12545_cov_7.478306	5004	5126	0	122	122	1.0000000
NODE_5801_length_12545_cov_5.864695	4920	5042	0	35	122	0.2868852
NODE_5801_length_12545_cov_5.864695	4920	5042	1	1	122	0.0081967
NODE_5801_length_12545_cov_5.864695	4920	5042	2	19	122	0.1557377
NODE_5801_length_12545_cov_5.864695	4920	5042	3	67	122	0.5491803
NODE_5802_length_12544_cov_19.950100	4962	5084	0	122	122	1.0000000
NODE_5806_length_12541_cov_25.032149	4962	5084	0	122	122	1.0000000
NODE_5807_length_12541_cov_8.751808	4962	5084	0	122	122	1.0000000
NODE_5808_length_12540_cov_8.673660	5172	5294	0	122	122	1.0000000
NODE_5809_length_12540_cov_8.244514	5004	5126	0	122	122	1.0000000
NODE_580_length_25416_cov_8.652328	4962	5084	0	122	122	1.0000000
NODE_5810_length_12539_cov_24.231672	5004	5126	0	122	122	1.0000000
NODE_5812_length_12539_cov_8.188424	4962	5084	0	122	122	1.0000000
NODE_5813_length_12538_cov_8.881582	4962	5084	0	122	122	1.0000000
NODE_5814_length_12537_cov_9.416626	4962	5084	0	122	122	1.0000000
NODE_5815_length_12534_cov_7.481303	4878	5000	0	122	122	1.0000000
NODE_5816_length_12532_cov_52.350277	4962	5084	0	35	122	0.2868852
NODE_5816_length_12532_cov_52.350277	4962	5084	2	87	122	0.7131147
NODE_5817_length_12531_cov_8.672136	4962	5084	0	122	122	1.0000000
NODE_5819_length_12530_cov_37.784651	4920	5042	0	122	122	1.0000000
NODE_581_length_25401_cov_10.566161	14962	15084	0	122	122	1.0000000
NODE_5820_length_12530_cov_8.578393	4962	5084	0	122	122	1.0000000
NODE_5821_length_12530_cov_7.275682	4836	4958	0	122	122	1.0000000
NODE_5822_length_12529_cov_8.507482	4962	5084	0	39	122	0.3196721
NODE_5822_length_12529_cov_8.507482	4962	5084	2	83	122	0.6803279
NODE_5823_length_12528_cov_8.324564	4962	5084	0	38	122	0.3114754
NODE_5823_length_12528_cov_8.324564	4962	5084	2	84	122	0.6885246
NODE_5824_length_12527_cov_7.414950	4962	5084	0	122	122	1.0000000
NODE_5826_length_12526_cov_8.304579	4962	5084	0	122	122	1.0000000
NODE_5827_length_12526_cov_7.931761	5172	5294	0	122	122	1.0000000
NODE_5829_length_12523_cov_7.312138	4962	5084	0	122	122	1.0000000
NODE_582_length_25401_cov_8.432495	4962	5084	0	122	122	1.0000000
NODE_582_length_25401_cov_8.432495	15004	15126	1	46	122	0.3770492
NODE_582_length_25401_cov_8.432495	15004	15126	2	76	122	0.6229508
NODE_5830_length_12522_cov_6.875473	4962	5084	0	122	122	1.0000000
NODE_5831_length_12520_cov_9.437565	4962	5084	0	122	122	1.0000000
NODE_5832_length_12519_cov_8.151127	4962	5084	0	122	122	1.0000000
NODE_5833_length_12518_cov_9.775586	4962	5084	0	122	122	1.0000000
NODE_5834_length_12517_cov_7.594460	4962	5084	0	122	122	1.0000000
NODE_5835_length_12517_cov_6.974553	5046	5168	0	122	122	1.0000000
NODE_5838_length_12515_cov_42.071118	4962	5084	0	122	122	1.0000000
NODE_5840_length_12513_cov_8.938618	4836	4958	0	122	122	1.0000000
NODE_5841_length_12512_cov_8.204544	4962	5084	0	122	122	1.0000000
NODE_5843_length_12511_cov_15.093377	4962	5084	0	122	122	1.0000000
NODE_5844_length_12511_cov_7.316226	5046	5168	0	122	122	1.0000000
NODE_5845_length_12510_cov_21.965192	5004	5126	0	122	122	1.0000000
NODE_5848_length_12506_cov_7.525187	4962	5084	0	122	122	1.0000000
NODE_5849_length_12504_cov_8.828456	4878	5000	0	122	122	1.0000000
NODE_584_length_25389_cov_9.130684	4962	5084	0	122	122	1.0000000
NODE_584_length_25389_cov_9.130684	15004	15126	0	122	122	1.0000000
NODE_5851_length_12504_cov_7.987102	4962	5084	0	122	122	1.0000000
NODE_5852_length_12504_cov_5.855542	5340	5462	0	122	122	1.0000000
NODE_5856_length_12501_cov_7.233269	5298	5420	1	39	122	0.3196721
NODE_5856_length_12501_cov_7.233269	5298	5420	2	83	122	0.6803279
NODE_5857_length_12499_cov_6.682097	5172	5294	0	122	122	1.0000000
NODE_5858_length_12497_cov_19.837393	4920	5042	0	122	122	1.0000000
NODE_5859_length_12496_cov_9.583851	4878	5000	0	122	122	1.0000000
NODE_585_length_25379_cov_9.857397	4962	5084	0	122	122	1.0000000
NODE_585_length_25379_cov_9.857397	14962	15084	0	122	122	1.0000000
NODE_5861_length_12493_cov_7.138293	4962	5084	0	122	122	1.0000000
NODE_5862_length_12492_cov_7.856935	4962	5084	1	6	122	0.0491803
NODE_5862_length_12492_cov_7.856935	4962	5084	2	116	122	0.9508197
NODE_5863_length_12491_cov_8.068512	4920	5042	0	93	122	0.7622951
NODE_5863_length_12491_cov_8.068512	4920	5042	6	1	122	0.0081967
NODE_5863_length_12491_cov_8.068512	4920	5042	8	1	122	0.0081967
NODE_5863_length_12491_cov_8.068512	4920	5042	9	11	122	0.0901639
NODE_5863_length_12491_cov_8.068512	4920	5042	16	1	122	0.0081967
NODE_5863_length_12491_cov_8.068512	4920	5042	17	15	122	0.1229508
NODE_5864_length_12491_cov_7.191817	4962	5084	0	122	122	1.0000000
NODE_5865_length_12490_cov_8.725849	4962	5084	0	122	122	1.0000000
NODE_5866_length_12487_cov_8.143849	4962	5084	0	122	122	1.0000000
NODE_5867_length_12487_cov_6.971343	5046	5168	0	4	122	0.0327869
NODE_5867_length_12487_cov_6.971343	5046	5168	1	1	122	0.0081967
NODE_5867_length_12487_cov_6.971343	5046	5168	2	37	122	0.3032787
NODE_5867_length_12487_cov_6.971343	5046	5168	3	80	122	0.6557377
NODE_5868_length_12486_cov_8.640107	4542	4664	0	122	122	1.0000000
NODE_586_length_25378_cov_35.272914	5088	5210	0	122	122	1.0000000
NODE_586_length_25378_cov_35.272914	15004	15126	0	122	122	1.0000000
NODE_5870_length_12484_cov_8.019378	4962	5084	0	122	122	1.0000000
NODE_5872_length_12482_cov_7.713801	5046	5168	0	122	122	1.0000000
NODE_5874_length_12480_cov_22.279137	4626	4748	0	5	122	0.0409836
NODE_5874_length_12480_cov_22.279137	4626	4748	1	33	122	0.2704918
NODE_5874_length_12480_cov_22.279137	4626	4748	3	57	122	0.4672131
NODE_5874_length_12480_cov_22.279137	4626	4748	4	27	122	0.2213115
NODE_5875_length_12480_cov_8.796785	4962	5084	0	122	122	1.0000000
NODE_5876_length_12480_cov_8.629917	4962	5084	0	122	122	1.0000000
NODE_5877_length_12479_cov_8.599435	4836	4958	0	122	122	1.0000000
NODE_5878_length_12479_cov_8.409370	4542	4664	0	49	122	0.4016393
NODE_5878_length_12479_cov_8.409370	4542	4664	2	73	122	0.5983607
NODE_5879_length_12479_cov_8.260743	4920	5042	0	122	122	1.0000000
NODE_587_length_25356_cov_8.999881	14962	15084	0	122	122	1.0000000
NODE_5880_length_12479_cov_8.177948	5046	5168	0	122	122	1.0000000
NODE_5882_length_12478_cov_7.358591	5046	5168	0	122	122	1.0000000
NODE_5883_length_12478_cov_7.268600	4962	5084	0	122	122	1.0000000
NODE_5884_length_12477_cov_7.481176	4962	5084	0	122	122	1.0000000
NODE_5885_length_12476_cov_9.340632	4962	5084	0	122	122	1.0000000
NODE_5886_length_12475_cov_15.572398	4962	5084	2	34	122	0.2786885
NODE_5886_length_12475_cov_15.572398	4962	5084	3	14	122	0.1147541
NODE_5886_length_12475_cov_15.572398	4962	5084	4	1	122	0.0081967
NODE_5886_length_12475_cov_15.572398	4962	5084	5	73	122	0.5983607
NODE_5887_length_12475_cov_9.078378	4962	5084	0	45	122	0.3688525
NODE_5887_length_12475_cov_9.078378	4962	5084	4	13	122	0.1065574
NODE_5887_length_12475_cov_9.078378	4962	5084	7	1	122	0.0081967
NODE_5887_length_12475_cov_9.078378	4962	5084	8	63	122	0.5163934
NODE_5888_length_12474_cov_2.314586	4962	5084	0	122	122	1.0000000
NODE_5889_length_12473_cov_8.403669	4962	5084	0	122	122	1.0000000
NODE_588_length_25350_cov_7.822660	4962	5084	0	122	122	1.0000000
NODE_588_length_25350_cov_7.822660	14962	15084	0	122	122	1.0000000
NODE_5890_length_12471_cov_16.523683	4962	5084	0	122	122	1.0000000
NODE_5891_length_12471_cov_12.936227	4626	4748	0	63	122	0.5163934
NODE_5891_length_12471_cov_12.936227	4626	4748	1	59	122	0.4836065
NODE_5893_length_12471_cov_8.128920	5088	5210	0	122	122	1.0000000
NODE_5894_length_12470_cov_10.151645	5046	5168	0	122	122	1.0000000
NODE_5895_length_12470_cov_6.863714	5046	5168	0	122	122	1.0000000
NODE_5896_length_12469_cov_9.728294	4962	5084	0	75	122	0.6147541
NODE_5896_length_12469_cov_9.728294	4962	5084	1	16	122	0.1311475
NODE_5896_length_12469_cov_9.728294	4962	5084	2	31	122	0.2540984
NODE_5897_length_12469_cov_8.831285	4962	5084	0	122	122	1.0000000
NODE_5898_length_12468_cov_11.648233	4962	5084	0	46	122	0.3770492
NODE_5898_length_12468_cov_11.648233	4962	5084	2	76	122	0.6229508
NODE_589_length_25339_cov_11.305943	4920	5042	0	122	122	1.0000000
NODE_58_length_44851_cov_2.944785	4962	5084	0	122	122	1.0000000
NODE_58_length_44851_cov_2.944785	14962	15084	0	122	122	1.0000000
NODE_5900_length_12466_cov_8.887281	4962	5084	0	122	122	1.0000000
NODE_5901_length_12466_cov_8.613245	5046	5168	0	122	122	1.0000000
NODE_5902_length_12464_cov_9.967974	5130	5252	0	122	122	1.0000000
NODE_5903_length_12464_cov_7.830813	4962	5084	0	122	122	1.0000000
NODE_5904_length_12463_cov_7.457942	5046	5168	0	122	122	1.0000000
NODE_5906_length_12461_cov_11.740252	4962	5084	0	122	122	1.0000000
NODE_5907_length_12458_cov_8.960515	5046	5168	0	122	122	1.0000000
NODE_5908_length_12457_cov_8.606004	4962	5084	0	122	122	1.0000000
NODE_5909_length_12455_cov_8.277436	5088	5210	0	122	122	1.0000000
NODE_590_length_25299_cov_7.932103	4878	5000	0	122	122	1.0000000
NODE_590_length_25299_cov_7.932103	14962	15084	0	46	122	0.3770492
NODE_590_length_25299_cov_7.932103	14962	15084	2	76	122	0.6229508
NODE_5910_length_12453_cov_8.687712	4962	5084	0	122	122	1.0000000
NODE_5911_length_12451_cov_8.415155	4962	5084	0	122	122	1.0000000
NODE_5913_length_12449_cov_8.612632	4962	5084	0	122	122	1.0000000
NODE_5914_length_12447_cov_9.102041	5004	5126	0	122	122	1.0000000
NODE_5916_length_12445_cov_9.145796	4920	5042	0	122	122	1.0000000
NODE_5919_length_12441_cov_9.983714	4920	5042	0	122	122	1.0000000
NODE_591_length_25268_cov_10.039970	14962	15084	0	122	122	1.0000000
NODE_5920_length_12440_cov_19.393404	4962	5084	0	36	122	0.2950820
NODE_5920_length_12440_cov_19.393404	4962	5084	1	24	122	0.1967213
NODE_5920_length_12440_cov_19.393404	4962	5084	2	62	122	0.5081967
NODE_5921_length_12438_cov_9.099441	4962	5084	0	122	122	1.0000000
NODE_5922_length_12438_cov_9.099360	4962	5084	0	122	122	1.0000000
NODE_5925_length_12437_cov_8.945615	4794	4916	0	122	122	1.0000000
NODE_5926_length_12437_cov_8.029340	4962	5084	0	122	122	1.0000000
NODE_5928_length_12435_cov_7.882377	4962	5084	0	122	122	1.0000000
NODE_5929_length_12433_cov_10.383898	4962	5084	0	122	122	1.0000000
NODE_592_length_25268_cov_8.637451	4920	5042	0	122	122	1.0000000
NODE_592_length_25268_cov_8.637451	14920	15042	0	122	122	1.0000000
NODE_5930_length_12433_cov_6.347738	4920	5042	0	122	122	1.0000000
NODE_5931_length_12431_cov_6.860769	5004	5126	0	122	122	1.0000000
NODE_5932_length_12431_cov_6.822900	4962	5084	0	122	122	1.0000000
NODE_5934_length_12430_cov_7.748033	5172	5294	0	122	122	1.0000000
NODE_5935_length_12428_cov_14.696001	4962	5084	0	122	122	1.0000000
NODE_5936_length_12428_cov_9.741747	5046	5168	0	122	122	1.0000000
NODE_5938_length_12428_cov_7.908671	4962	5084	0	122	122	1.0000000
NODE_5939_length_12427_cov_22.677644	5004	5126	0	122	122	1.0000000
NODE_593_length_25265_cov_9.140348	4962	5084	0	59	122	0.4836065
NODE_593_length_25265_cov_9.140348	4962	5084	2	63	122	0.5163934
NODE_5940_length_12427_cov_8.473718	4920	5042	0	122	122	1.0000000
NODE_5943_length_12422_cov_7.305445	4962	5084	0	122	122	1.0000000
NODE_5944_length_12419_cov_7.345049	4962	5084	0	122	122	1.0000000
NODE_5945_length_12418_cov_9.730822	5004	5126	0	122	122	1.0000000
NODE_5947_length_12417_cov_8.066163	5046	5168	0	122	122	1.0000000
NODE_5948_length_12415_cov_7.841751	4962	5084	0	122	122	1.0000000
NODE_5949_length_12414_cov_8.545432	4962	5084	0	122	122	1.0000000
NODE_594_length_25254_cov_10.305983	4962	5084	0	47	122	0.3852459
NODE_594_length_25254_cov_10.305983	4962	5084	1	75	122	0.6147541
NODE_5950_length_12414_cov_8.464312	4962	5084	0	122	122	1.0000000
NODE_5951_length_12414_cov_8.255217	4962	5084	0	122	122	1.0000000
NODE_5952_length_12412_cov_10.087712	4962	5084	0	122	122	1.0000000
NODE_5954_length_12411_cov_7.979207	5004	5126	0	122	122	1.0000000
NODE_5955_length_12410_cov_12.503290	4920	5042	0	122	122	1.0000000
NODE_5956_length_12410_cov_6.994558	5046	5168	0	122	122	1.0000000
NODE_5958_length_12408_cov_8.051263	4962	5084	0	122	122	1.0000000
NODE_595_length_25253_cov_10.826668	4962	5084	0	122	122	1.0000000
NODE_595_length_25253_cov_10.826668	14962	15084	0	122	122	1.0000000
NODE_5960_length_12406_cov_12.681238	4878	5000	0	122	122	1.0000000
NODE_5961_length_12406_cov_8.991631	4878	5000	0	122	122	1.0000000
NODE_5964_length_12405_cov_7.968227	4962	5084	0	44	122	0.3606557
NODE_5964_length_12405_cov_7.968227	4962	5084	2	78	122	0.6393443
NODE_5965_length_12405_cov_7.519340	5046	5168	0	122	122	1.0000000
NODE_5967_length_12403_cov_7.262435	4962	5084	0	122	122	1.0000000
NODE_5969_length_12401_cov_9.052918	4962	5084	0	122	122	1.0000000
NODE_596_length_25243_cov_10.581332	4962	5084	0	122	122	1.0000000
NODE_596_length_25243_cov_10.581332	14962	15084	0	122	122	1.0000000
NODE_5970_length_12400_cov_13.494269	5046	5168	0	122	122	1.0000000
NODE_5971_length_12399_cov_8.605285	4962	5084	0	122	122	1.0000000
NODE_5972_length_12398_cov_11.481909	4962	5084	0	122	122	1.0000000
NODE_5973_length_12398_cov_7.150337	4752	4874	0	122	122	1.0000000
NODE_5975_length_12397_cov_7.826476	5130	5252	0	122	122	1.0000000
NODE_5976_length_12395_cov_16.765371	4962	5084	0	122	122	1.0000000
NODE_5977_length_12395_cov_8.219665	5130	5252	0	122	122	1.0000000
NODE_5978_length_12394_cov_33.731924	4962	5084	0	19	122	0.1557377
NODE_5978_length_12394_cov_33.731924	4962	5084	1	1	122	0.0081967
NODE_5978_length_12394_cov_33.731924	4962	5084	2	52	122	0.4262295
NODE_5978_length_12394_cov_33.731924	4962	5084	3	31	122	0.2540984
NODE_5978_length_12394_cov_33.731924	4962	5084	4	19	122	0.1557377
NODE_597_length_25232_cov_9.564676	5004	5126	0	122	122	1.0000000
NODE_597_length_25232_cov_9.564676	15004	15126	0	122	122	1.0000000
NODE_5980_length_12392_cov_8.486212	4962	5084	0	115	122	0.9426230
NODE_5980_length_12392_cov_8.486212	4962	5084	1	7	122	0.0573770
NODE_5981_length_12392_cov_6.864638	4836	4958	0	122	122	1.0000000
NODE_5982_length_12391_cov_9.167182	4962	5084	0	122	122	1.0000000
NODE_5984_length_12389_cov_8.338812	4962	5084	0	122	122	1.0000000
NODE_5985_length_12388_cov_35.625193	5004	5126	0	122	122	1.0000000
NODE_5988_length_12385_cov_22.376282	4920	5042	0	122	122	1.0000000
NODE_598_length_25222_cov_8.435895	4794	4916	0	29	122	0.2377049
NODE_598_length_25222_cov_8.435895	4794	4916	1	56	122	0.4590164
NODE_598_length_25222_cov_8.435895	4794	4916	2	37	122	0.3032787
NODE_598_length_25222_cov_8.435895	14920	15042	0	122	122	1.0000000
NODE_5990_length_12384_cov_9.236467	5088	5210	0	122	122	1.0000000
NODE_5991_length_12382_cov_6.554913	4962	5084	0	122	122	1.0000000
NODE_5992_length_12380_cov_8.954890	4962	5084	0	122	122	1.0000000
NODE_5993_length_12380_cov_8.404690	4962	5084	0	122	122	1.0000000
NODE_5994_length_12379_cov_8.923534	5046	5168	0	122	122	1.0000000
NODE_5996_length_12378_cov_8.844613	4920	5042	0	122	122	1.0000000
NODE_5998_length_12378_cov_6.881179	5256	5378	0	15	122	0.1229508
NODE_5998_length_12378_cov_6.881179	5256	5378	2	107	122	0.8770492
NODE_5999_length_12377_cov_33.330347	4962	5084	0	122	122	1.0000000
NODE_599_length_25218_cov_8.473785	5046	5168	0	122	122	1.0000000
NODE_599_length_25218_cov_8.473785	14962	15084	0	122	122	1.0000000
NODE_59_length_44731_cov_2.874440	4962	5084	0	122	122	1.0000000
NODE_59_length_44731_cov_2.874440	14962	15084	0	122	122	1.0000000
NODE_59_length_44731_cov_2.874440	24962	25084	0	122	122	1.0000000
NODE_59_length_44731_cov_2.874440	34962	35084	0	122	122	1.0000000
NODE_5_length_85981_cov_3.030705	4962	5084	0	122	122	1.0000000
NODE_5_length_85981_cov_3.030705	14962	15084	0	122	122	1.0000000
NODE_5_length_85981_cov_3.030705	24962	25084	0	122	122	1.0000000
NODE_5_length_85981_cov_3.030705	34962	35084	0	122	122	1.0000000
NODE_5_length_85981_cov_3.030705	44962	45084	0	122	122	1.0000000
NODE_5_length_85981_cov_3.030705	65046	65168	0	122	122	1.0000000
NODE_5_length_85981_cov_3.030705	75046	75168	0	122	122	1.0000000
NODE_6000_length_12376_cov_39.248758	4962	5084	0	122	122	1.0000000
NODE_6001_length_12376_cov_6.720127	4962	5084	0	122	122	1.0000000
NODE_6002_length_12374_cov_8.056864	5004	5126	0	122	122	1.0000000
NODE_6003_length_12374_cov_7.019959	5004	5126	0	122	122	1.0000000
NODE_6004_length_12372_cov_19.026725	4920	5042	0	122	122	1.0000000
NODE_6007_length_12371_cov_8.897735	4962	5084	0	122	122	1.0000000
NODE_6008_length_12371_cov_8.573012	4878	5000	0	122	122	1.0000000
NODE_6009_length_12369_cov_21.308394	4962	5084	0	122	122	1.0000000
NODE_600_length_25207_cov_8.948821	5046	5168	0	122	122	1.0000000
NODE_600_length_25207_cov_8.948821	14920	15042	0	122	122	1.0000000
NODE_6010_length_12369_cov_6.559739	4962	5084	0	122	122	1.0000000
NODE_6011_length_12368_cov_144.109381	4962	5084	0	122	122	1.0000000
NODE_6012_length_12367_cov_8.126345	4962	5084	0	122	122	1.0000000
NODE_6013_length_12367_cov_7.943349	4962	5084	0	122	122	1.0000000
NODE_6016_length_12365_cov_8.766346	4962	5084	0	122	122	1.0000000
NODE_6017_length_12365_cov_7.793657	4962	5084	0	15	122	0.1229508
NODE_6017_length_12365_cov_7.793657	4962	5084	2	42	122	0.3442623
NODE_6017_length_12365_cov_7.793657	4962	5084	3	7	122	0.0573770
NODE_6017_length_12365_cov_7.793657	4962	5084	4	58	122	0.4754098
NODE_6018_length_12364_cov_8.156217	4920	5042	0	122	122	1.0000000
NODE_6019_length_12364_cov_7.010273	5004	5126	0	122	122	1.0000000
NODE_601_length_25180_cov_7.766158	4962	5084	0	122	122	1.0000000
NODE_601_length_25180_cov_7.766158	14878	15000	0	122	122	1.0000000
NODE_6020_length_12363_cov_8.694227	4962	5084	0	122	122	1.0000000
NODE_6022_length_12362_cov_9.167088	5046	5168	0	122	122	1.0000000
NODE_6023_length_12362_cov_8.882492	4962	5084	0	122	122	1.0000000
NODE_6025_length_12361_cov_8.129587	4962	5084	2	122	122	1.0000000
NODE_6026_length_12360_cov_6.869016	5046	5168	0	122	122	1.0000000
NODE_6027_length_12359_cov_8.851958	4962	5084	0	122	122	1.0000000
NODE_6028_length_12358_cov_8.530141	4962	5084	0	122	122	1.0000000
NODE_6029_length_12357_cov_9.351444	5004	5126	0	122	122	1.0000000
NODE_602_length_25167_cov_10.208752	5004	5126	0	122	122	1.0000000
NODE_602_length_25167_cov_10.208752	14920	15042	0	122	122	1.0000000
NODE_6030_length_12357_cov_8.199298	4962	5084	0	85	122	0.6967213
NODE_6030_length_12357_cov_8.199298	4962	5084	1	37	122	0.3032787
NODE_6031_length_12357_cov_7.392968	4962	5084	0	122	122	1.0000000
NODE_6032_length_12356_cov_9.202986	4500	4622	0	122	122	1.0000000
NODE_6033_length_12355_cov_10.730091	4962	5084	0	122	122	1.0000000
NODE_6034_length_12355_cov_7.122063	5046	5168	0	122	122	1.0000000
NODE_6035_length_12354_cov_31.022848	4962	5084	1	107	122	0.8770492
NODE_6035_length_12354_cov_31.022848	4962	5084	2	15	122	0.1229508
NODE_6037_length_12352_cov_8.991512	4962	5084	0	122	122	1.0000000
NODE_6039_length_12351_cov_8.446458	5256	5378	0	122	122	1.0000000
NODE_603_length_25159_cov_12.199082	4962	5084	0	122	122	1.0000000
NODE_6040_length_12349_cov_7.313796	5088	5210	0	122	122	1.0000000
NODE_6042_length_12346_cov_10.753654	4920	5042	0	20	122	0.1639344
NODE_6042_length_12346_cov_10.753654	4920	5042	4	17	122	0.1393443
NODE_6042_length_12346_cov_10.753654	4920	5042	7	1	122	0.0081967
NODE_6042_length_12346_cov_10.753654	4920	5042	8	84	122	0.6885246
NODE_6043_length_12346_cov_9.382379	4626	4748	0	122	122	1.0000000
NODE_6045_length_12345_cov_7.972481	4920	5042	0	42	122	0.3442623
NODE_6045_length_12345_cov_7.972481	4920	5042	2	80	122	0.6557377
NODE_6046_length_12345_cov_7.371468	4962	5084	0	122	122	1.0000000
NODE_6049_length_12344_cov_18.627766	4962	5084	0	122	122	1.0000000
NODE_604_length_25150_cov_8.450521	5088	5210	0	122	122	1.0000000
NODE_604_length_25150_cov_8.450521	14962	15084	0	122	122	1.0000000
NODE_6050_length_12343_cov_38.580121	4962	5084	0	122	122	1.0000000
NODE_6051_length_12343_cov_8.491424	4962	5084	0	122	122	1.0000000
NODE_6052_length_12342_cov_11.329821	4962	5084	0	122	122	1.0000000
NODE_6053_length_12340_cov_7.163630	4962	5084	0	122	122	1.0000000
NODE_6054_length_12339_cov_18.779575	4962	5084	0	122	122	1.0000000
NODE_6055_length_12339_cov_6.716013	4878	5000	0	122	122	1.0000000
NODE_6059_length_12337_cov_7.971074	5004	5126	0	122	122	1.0000000
NODE_605_length_25146_cov_9.376412	14962	15084	0	122	122	1.0000000
NODE_6060_length_12336_cov_16.143091	4962	5084	0	24	122	0.1967213
NODE_6060_length_12336_cov_16.143091	4962	5084	1	98	122	0.8032787
NODE_6061_length_12334_cov_7.907805	5256	5378	0	16	122	0.1311475
NODE_6061_length_12334_cov_7.907805	5256	5378	1	106	122	0.8688524
NODE_6062_length_12332_cov_10.409548	4962	5084	0	122	122	1.0000000
NODE_6063_length_12332_cov_8.764081	5004	5126	0	122	122	1.0000000
NODE_6064_length_12332_cov_6.719938	5004	5126	0	122	122	1.0000000
NODE_6065_length_12331_cov_46.544392	4962	5084	0	122	122	1.0000000
NODE_6066_length_12330_cov_8.362358	5046	5168	0	122	122	1.0000000
NODE_6067_length_12329_cov_37.088144	4794	4916	0	122	122	1.0000000
NODE_6068_length_12329_cov_10.762878	5004	5126	0	122	122	1.0000000
NODE_6069_length_12329_cov_9.834260	4962	5084	0	122	122	1.0000000
NODE_606_length_25139_cov_8.768411	4962	5084	0	122	122	1.0000000
NODE_6071_length_12327_cov_9.427134	4836	4958	0	34	122	0.2786885
NODE_6071_length_12327_cov_9.427134	4836	4958	1	47	122	0.3852459
NODE_6071_length_12327_cov_9.427134	4836	4958	2	41	122	0.3360656
NODE_6072_length_12327_cov_8.560762	5004	5126	0	122	122	1.0000000
NODE_6076_length_12324_cov_9.545685	4878	5000	0	19	122	0.1557377
NODE_6076_length_12324_cov_9.545685	4878	5000	2	103	122	0.8442623
NODE_6078_length_12323_cov_12.415903	4962	5084	0	122	122	1.0000000
NODE_607_length_25136_cov_8.464872	4962	5084	0	122	122	1.0000000
NODE_6081_length_12322_cov_8.326761	5004	5126	0	122	122	1.0000000
NODE_6082_length_12320_cov_6.802226	4962	5084	0	122	122	1.0000000
NODE_6083_length_12319_cov_51.658511	4962	5084	0	122	122	1.0000000
NODE_6084_length_12319_cov_10.221604	4962	5084	0	122	122	1.0000000
NODE_6087_length_12318_cov_6.511253	5004	5126	0	122	122	1.0000000
NODE_608_length_25135_cov_9.758468	4962	5084	0	122	122	1.0000000
NODE_608_length_25135_cov_9.758468	14962	15084	0	122	122	1.0000000
NODE_6092_length_12313_cov_7.958245	4920	5042	0	122	122	1.0000000
NODE_6093_length_12313_cov_6.599967	4962	5084	0	122	122	1.0000000
NODE_6094_length_12311_cov_8.655339	4962	5084	0	122	122	1.0000000
NODE_6095_length_12310_cov_7.231594	4962	5084	0	122	122	1.0000000
NODE_6096_length_12310_cov_6.385963	5172	5294	2	122	122	1.0000000
NODE_6097_length_12309_cov_7.812695	4878	5000	0	122	122	1.0000000
NODE_6098_length_12308_cov_10.319355	4962	5084	0	122	122	1.0000000
NODE_609_length_25129_cov_7.881262	4962	5084	0	122	122	1.0000000
NODE_609_length_25129_cov_7.881262	14962	15084	0	122	122	1.0000000
NODE_60_length_44461_cov_8.753280	4962	5084	1	36	122	0.2950820
NODE_60_length_44461_cov_8.753280	4962	5084	3	86	122	0.7049180
NODE_60_length_44461_cov_8.753280	14962	15084	0	122	122	1.0000000
NODE_60_length_44461_cov_8.753280	24962	25084	0	122	122	1.0000000
NODE_60_length_44461_cov_8.753280	34962	35084	0	122	122	1.0000000
NODE_6100_length_12307_cov_9.175131	4962	5084	0	122	122	1.0000000
NODE_6101_length_12307_cov_7.969037	4962	5084	0	7	122	0.0573770
NODE_6101_length_12307_cov_7.969037	4962	5084	1	115	122	0.9426230
NODE_6102_length_12307_cov_6.476737	4878	5000	0	122	122	1.0000000
NODE_6103_length_12305_cov_7.958709	4962	5084	0	122	122	1.0000000
NODE_6104_length_12303_cov_27.363733	4962	5084	0	122	122	1.0000000
NODE_6105_length_12303_cov_7.626024	4878	5000	0	122	122	1.0000000
NODE_6106_length_12303_cov_6.815470	4962	5084	0	59	122	0.4836065
NODE_6106_length_12303_cov_6.815470	4962	5084	2	63	122	0.5163934
NODE_6107_length_12303_cov_6.788758	4962	5084	0	122	122	1.0000000
NODE_6108_length_12301_cov_32.259302	4920	5042	0	122	122	1.0000000
NODE_610_length_25125_cov_7.875410	4962	5084	0	122	122	1.0000000
NODE_610_length_25125_cov_7.875410	14752	14874	0	7	122	0.0573770
NODE_610_length_25125_cov_7.875410	14752	14874	2	115	122	0.9426230
NODE_6110_length_12299_cov_7.588934	4962	5084	0	122	122	1.0000000
NODE_6113_length_12297_cov_8.533038	4836	4958	0	122	122	1.0000000
NODE_6115_length_12295_cov_9.450394	4962	5084	0	122	122	1.0000000
NODE_6118_length_12292_cov_8.050275	4962	5084	0	122	122	1.0000000
NODE_6119_length_12290_cov_11.148388	4962	5084	0	122	122	1.0000000
NODE_6120_length_12290_cov_6.965794	4920	5042	0	122	122	1.0000000
NODE_6121_length_12289_cov_8.263167	4962	5084	0	122	122	1.0000000
NODE_6122_length_12288_cov_7.696940	4962	5084	0	22	122	0.1803279
NODE_6122_length_12288_cov_7.696940	4962	5084	1	100	122	0.8196721
NODE_6123_length_12288_cov_7.566576	4962	5084	0	122	122	1.0000000
NODE_6124_length_12285_cov_11.910061	5307	5425	0	118	118	1.0000000
NODE_6125_length_12285_cov_9.558674	4962	5084	0	122	122	1.0000000
NODE_6127_length_12284_cov_8.782930	4962	5084	0	122	122	1.0000000
NODE_6128_length_12283_cov_7.968894	4920	5042	0	122	122	1.0000000
NODE_6129_length_12283_cov_6.165217	5088	5210	0	122	122	1.0000000
NODE_612_length_25111_cov_8.917120	4962	5084	0	122	122	1.0000000
NODE_612_length_25111_cov_8.917120	14878	15000	0	122	122	1.0000000
NODE_6131_length_12282_cov_7.568990	5046	5168	0	14	122	0.1147541
NODE_6131_length_12282_cov_7.568990	5046	5168	2	108	122	0.8852459
NODE_6132_length_12282_cov_7.500698	5004	5126	0	122	122	1.0000000
NODE_6134_length_12281_cov_7.672960	4962	5084	0	122	122	1.0000000
NODE_6135_length_12280_cov_28.345456	4962	5084	0	122	122	1.0000000
NODE_6137_length_12280_cov_6.595518	4836	4958	0	122	122	1.0000000
NODE_6139_length_12279_cov_8.653777	4920	5042	0	122	122	1.0000000
NODE_613_length_25095_cov_7.768083	4962	5084	0	122	122	1.0000000
NODE_613_length_25095_cov_7.768083	14962	15084	0	122	122	1.0000000
NODE_6140_length_12277_cov_9.126704	5130	5252	0	122	122	1.0000000
NODE_6141_length_12277_cov_8.530793	4962	5084	0	122	122	1.0000000
NODE_6142_length_12276_cov_9.716597	4920	5042	0	122	122	1.0000000
NODE_6143_length_12276_cov_7.846596	5382	5500	0	118	118	1.0000000
NODE_6144_length_12275_cov_9.195549	4962	5084	0	122	122	1.0000000
NODE_6145_length_12275_cov_6.946863	4962	5084	0	122	122	1.0000000
NODE_6147_length_12273_cov_9.736405	4962	5084	0	122	122	1.0000000
NODE_6149_length_12273_cov_8.561689	4962	5084	0	38	122	0.3114754
NODE_6149_length_12273_cov_8.561689	4962	5084	1	84	122	0.6885246
NODE_614_length_25080_cov_8.889716	4962	5084	0	60	122	0.4918033
NODE_614_length_25080_cov_8.889716	4962	5084	1	62	122	0.5081967
NODE_614_length_25080_cov_8.889716	14584	14706	0	122	122	1.0000000
NODE_6150_length_12273_cov_8.488089	5298	5420	0	122	122	1.0000000
NODE_6151_length_12273_cov_6.725563	4962	5084	0	122	122	1.0000000
NODE_6152_length_12273_cov_6.010103	4962	5084	0	122	122	1.0000000
NODE_6153_length_12271_cov_6.869947	4920	5042	0	122	122	1.0000000
NODE_6155_length_12270_cov_7.828691	4962	5084	0	122	122	1.0000000
NODE_6156_length_12269_cov_9.788578	4794	4916	0	122	122	1.0000000
NODE_6157_length_12269_cov_7.358422	5088	5210	0	45	122	0.3688525
NODE_6157_length_12269_cov_7.358422	5088	5210	1	27	122	0.2213115
NODE_6157_length_12269_cov_7.358422	5088	5210	2	50	122	0.4098361
NODE_6158_length_12268_cov_9.053250	5088	5210	0	122	122	1.0000000
NODE_6159_length_12268_cov_8.342674	4962	5084	0	122	122	1.0000000
NODE_615_length_25068_cov_7.302375	4962	5084	0	122	122	1.0000000
NODE_615_length_25068_cov_7.302375	14962	15084	0	122	122	1.0000000
NODE_6160_length_12267_cov_20.576759	4542	4664	0	122	122	1.0000000
NODE_6161_length_12266_cov_7.072080	4962	5084	0	39	122	0.3196721
NODE_6161_length_12266_cov_7.072080	4962	5084	1	83	122	0.6803279
NODE_6162_length_12264_cov_8.669790	4962	5084	0	122	122	1.0000000
NODE_6163_length_12263_cov_8.539543	4878	5000	0	122	122	1.0000000
NODE_6165_length_12261_cov_10.210327	4962	5084	0	122	122	1.0000000
NODE_6166_length_12260_cov_15.513691	4962	5084	0	122	122	1.0000000
NODE_6169_length_12259_cov_8.378289	4962	5084	0	122	122	1.0000000
NODE_616_length_25062_cov_9.211193	4962	5084	1	118	122	0.9672131
NODE_616_length_25062_cov_9.211193	4962	5084	2	4	122	0.0327869
NODE_616_length_25062_cov_9.211193	14962	15084	0	122	122	1.0000000
NODE_6171_length_12253_cov_8.367040	4962	5084	1	32	122	0.2622951
NODE_6171_length_12253_cov_8.367040	4962	5084	2	90	122	0.7377049
NODE_6172_length_12252_cov_11.536740	4962	5084	0	122	122	1.0000000
NODE_6174_length_12251_cov_6.648700	5004	5126	0	122	122	1.0000000
NODE_6178_length_12244_cov_16.623302	5088	5210	0	122	122	1.0000000
NODE_6179_length_12243_cov_25.149621	4962	5084	0	122	122	1.0000000
NODE_617_length_25054_cov_9.522460	4962	5084	0	122	122	1.0000000
NODE_617_length_25054_cov_9.522460	14962	15084	0	122	122	1.0000000
NODE_6180_length_12243_cov_8.614460	4962	5084	0	59	122	0.4836065
NODE_6180_length_12243_cov_8.614460	4962	5084	1	62	122	0.5081967
NODE_6180_length_12243_cov_8.614460	4962	5084	2	1	122	0.0081967
NODE_6182_length_12242_cov_8.103516	4962	5084	0	122	122	1.0000000
NODE_6183_length_12242_cov_7.708639	4920	5042	0	122	122	1.0000000
NODE_6184_length_12241_cov_12.196755	4962	5084	0	122	122	1.0000000
NODE_6185_length_12241_cov_8.188849	5046	5168	2	122	122	1.0000000
NODE_6186_length_12240_cov_19.172309	4836	4958	0	122	122	1.0000000
NODE_6187_length_12240_cov_8.490899	4962	5084	0	122	122	1.0000000
NODE_6188_length_12240_cov_8.249568	4962	5084	0	122	122	1.0000000
NODE_618_length_25042_cov_8.523754	4962	5084	0	122	122	1.0000000
NODE_618_length_25042_cov_8.523754	14962	15084	0	122	122	1.0000000
NODE_6190_length_12239_cov_8.996293	4962	5084	0	122	122	1.0000000
NODE_6191_length_12238_cov_7.060878	4962	5084	0	122	122	1.0000000
NODE_6192_length_12238_cov_6.670319	4962	5084	0	122	122	1.0000000
NODE_6193_length_12236_cov_37.166186	4962	5084	0	122	122	1.0000000
NODE_6194_length_12236_cov_9.314987	4962	5084	0	20	122	0.1639344
NODE_6194_length_12236_cov_9.314987	4962	5084	1	39	122	0.3196721
NODE_6194_length_12236_cov_9.314987	4962	5084	2	63	122	0.5163934
NODE_6195_length_12233_cov_8.947668	4962	5084	0	122	122	1.0000000
NODE_6197_length_12231_cov_12.262282	4752	4874	0	122	122	1.0000000
NODE_6198_length_12231_cov_10.925486	4962	5084	0	122	122	1.0000000
NODE_6199_length_12229_cov_9.558450	4962	5084	0	122	122	1.0000000
NODE_61_length_43929_cov_8.800844	5046	5168	0	19	122	0.1557377
NODE_61_length_43929_cov_8.800844	5046	5168	2	103	122	0.8442623
NODE_61_length_43929_cov_8.800844	14962	15084	0	122	122	1.0000000
NODE_61_length_43929_cov_8.800844	24962	25084	0	122	122	1.0000000
NODE_61_length_43929_cov_8.800844	34962	35084	0	122	122	1.0000000
NODE_6200_length_12229_cov_8.592745	4836	4958	0	12	122	0.0983607
NODE_6200_length_12229_cov_8.592745	4836	4958	1	12	122	0.0983607
NODE_6200_length_12229_cov_8.592745	4836	4958	2	98	122	0.8032787
NODE_6201_length_12229_cov_8.499340	4920	5042	1	53	122	0.4344262
NODE_6201_length_12229_cov_8.499340	4920	5042	2	28	122	0.2295082
NODE_6201_length_12229_cov_8.499340	4920	5042	3	41	122	0.3360656
NODE_6202_length_12229_cov_7.027865	4962	5084	0	122	122	1.0000000
NODE_6203_length_12228_cov_8.568720	4962	5084	0	50	122	0.4098361
NODE_6203_length_12228_cov_8.568720	4962	5084	1	72	122	0.5901639
NODE_6204_length_12227_cov_8.473532	4962	5084	0	122	122	1.0000000
NODE_6205_length_12226_cov_16.380473	4962	5084	0	52	122	0.4262295
NODE_6205_length_12226_cov_16.380473	4962	5084	1	70	122	0.5737705
NODE_6207_length_12225_cov_8.249711	4962	5084	0	122	122	1.0000000
NODE_6208_length_12224_cov_34.043216	4962	5084	0	122	122	1.0000000
NODE_6209_length_12224_cov_9.321485	4710	4832	0	122	122	1.0000000
NODE_620_length_25014_cov_8.743809	4962	5084	0	43	122	0.3524590
NODE_620_length_25014_cov_8.743809	4962	5084	1	1	122	0.0081967
NODE_620_length_25014_cov_8.743809	4962	5084	2	38	122	0.3114754
NODE_620_length_25014_cov_8.743809	4962	5084	3	40	122	0.3278688
NODE_620_length_25014_cov_8.743809	14920	15042	0	122	122	1.0000000
NODE_6210_length_12224_cov_7.897567	4962	5084	0	122	122	1.0000000
NODE_6211_length_12223_cov_15.890300	4962	5084	0	13	122	0.1065574
NODE_6211_length_12223_cov_15.890300	4962	5084	1	109	122	0.8934426
NODE_6212_length_12223_cov_9.362174	4962	5084	0	122	122	1.0000000
NODE_6213_length_12223_cov_8.905477	4920	5042	0	122	122	1.0000000
NODE_6215_length_12222_cov_7.470511	4962	5084	0	122	122	1.0000000
NODE_6216_length_12221_cov_7.145686	4920	5042	0	122	122	1.0000000
NODE_6217_length_12219_cov_8.715759	4500	4622	0	122	122	1.0000000
NODE_6218_length_12219_cov_8.099010	4962	5084	0	122	122	1.0000000
NODE_6219_length_12216_cov_8.627796	4920	5042	0	122	122	1.0000000
NODE_621_length_25010_cov_8.731324	4962	5084	0	122	122	1.0000000
NODE_621_length_25010_cov_8.731324	15046	15168	0	122	122	1.0000000
NODE_6220_length_12216_cov_7.995296	4920	5042	0	122	122	1.0000000
NODE_6221_length_12216_cov_7.786746	4962	5084	0	122	122	1.0000000
NODE_6223_length_12215_cov_10.523275	5256	5378	0	122	122	1.0000000
NODE_6224_length_12212_cov_7.818047	4878	5000	0	122	122	1.0000000
NODE_6226_length_12210_cov_7.628024	4962	5084	0	122	122	1.0000000
NODE_6227_length_12209_cov_20.076301	5382	5500	0	118	118	1.0000000
NODE_6228_length_12207_cov_9.772134	4878	5000	0	64	122	0.5245901
NODE_6228_length_12207_cov_9.772134	4878	5000	1	25	122	0.2049180
NODE_6228_length_12207_cov_9.772134	4878	5000	2	33	122	0.2704918
NODE_6229_length_12207_cov_7.428477	4962	5084	0	122	122	1.0000000
NODE_622_length_25000_cov_9.024296	4920	5042	0	122	122	1.0000000
NODE_622_length_25000_cov_9.024296	14962	15084	0	122	122	1.0000000
NODE_6230_length_12207_cov_7.423522	5046	5168	0	122	122	1.0000000
NODE_6231_length_12206_cov_7.552655	4962	5084	0	122	122	1.0000000
NODE_6232_length_12203_cov_9.749256	4962	5084	0	122	122	1.0000000
NODE_6233_length_12202_cov_19.043791	4962	5084	2	2	122	0.0163934
NODE_6233_length_12202_cov_19.043791	4962	5084	3	88	122	0.7213115
NODE_6233_length_12202_cov_19.043791	4962	5084	5	32	122	0.2622951
NODE_6235_length_12201_cov_17.251198	5340	5462	0	13	122	0.1065574
NODE_6235_length_12201_cov_17.251198	5340	5462	2	109	122	0.8934426
NODE_6236_length_12201_cov_7.667080	5172	5294	0	122	122	1.0000000
NODE_6237_length_12200_cov_8.624329	4962	5084	0	122	122	1.0000000
NODE_6238_length_12199_cov_10.150413	4962	5084	0	122	122	1.0000000
NODE_623_length_24996_cov_36.967787	4962	5084	0	70	122	0.5737705
NODE_623_length_24996_cov_36.967787	4962	5084	1	52	122	0.4262295
NODE_623_length_24996_cov_36.967787	14962	15084	0	122	122	1.0000000
NODE_6240_length_12198_cov_11.744607	4962	5084	0	13	122	0.1065574
NODE_6240_length_12198_cov_11.744607	4962	5084	1	109	122	0.8934426
NODE_6241_length_12198_cov_9.538805	4668	4790	0	122	122	1.0000000
NODE_6242_length_12198_cov_7.505083	4962	5084	0	122	122	1.0000000
NODE_6245_length_12195_cov_18.986855	4962	5084	0	122	122	1.0000000
NODE_6246_length_12193_cov_9.677939	4962	5084	0	122	122	1.0000000
NODE_6247_length_12192_cov_8.283718	4962	5084	0	122	122	1.0000000
NODE_6248_length_12192_cov_7.408501	4962	5084	0	122	122	1.0000000
NODE_624_length_24991_cov_7.974570	4962	5084	0	122	122	1.0000000
NODE_624_length_24991_cov_7.974570	14962	15084	0	122	122	1.0000000
NODE_6250_length_12191_cov_7.908286	5004	5126	0	122	122	1.0000000
NODE_6251_length_12191_cov_7.542259	5004	5126	0	122	122	1.0000000
NODE_6252_length_12190_cov_18.157307	5130	5252	0	122	122	1.0000000
NODE_6253_length_12190_cov_9.653709	4962	5084	0	122	122	1.0000000
NODE_6254_length_12189_cov_16.638627	5004	5126	0	122	122	1.0000000
NODE_6256_length_12185_cov_17.029456	4962	5084	0	122	122	1.0000000
NODE_6258_length_12185_cov_8.465828	4962	5084	0	122	122	1.0000000
NODE_6259_length_12185_cov_7.652987	4836	4958	0	122	122	1.0000000
NODE_625_length_24982_cov_19.665997	4962	5084	0	122	122	1.0000000
NODE_625_length_24982_cov_19.665997	15046	15168	0	122	122	1.0000000
NODE_6260_length_12184_cov_8.406454	4962	5084	0	122	122	1.0000000
NODE_6261_length_12184_cov_7.532561	4962	5084	0	122	122	1.0000000
NODE_6262_length_12184_cov_7.453289	5088	5210	0	122	122	1.0000000
NODE_6263_length_12183_cov_7.047915	5004	5126	0	122	122	1.0000000
NODE_6264_length_12183_cov_6.934873	4962	5084	0	122	122	1.0000000
NODE_6265_length_12182_cov_8.778615	5004	5126	0	47	122	0.3852459
NODE_6265_length_12182_cov_8.778615	5004	5126	2	75	122	0.6147541
NODE_6266_length_12182_cov_8.159066	4962	5084	0	122	122	1.0000000
NODE_6267_length_12182_cov_6.858148	5046	5168	0	122	122	1.0000000
NODE_6269_length_12181_cov_8.396789	4962	5084	1	122	122	1.0000000
NODE_626_length_24969_cov_15.601448	4962	5084	0	122	122	1.0000000
NODE_6271_length_12179_cov_7.412914	5004	5126	0	122	122	1.0000000
NODE_6273_length_12177_cov_12.842358	4920	5042	0	122	122	1.0000000
NODE_6274_length_12176_cov_9.497226	4962	5084	0	12	122	0.0983607
NODE_6274_length_12176_cov_9.497226	4962	5084	6	1	122	0.0081967
NODE_6274_length_12176_cov_9.497226	4962	5084	7	74	122	0.6065574
NODE_6274_length_12176_cov_9.497226	4962	5084	14	1	122	0.0081967
NODE_6274_length_12176_cov_9.497226	4962	5084	16	1	122	0.0081967
NODE_6274_length_12176_cov_9.497226	4962	5084	18	33	122	0.2704918
NODE_6276_length_12176_cov_6.616461	4878	5000	0	65	122	0.5327869
NODE_6276_length_12176_cov_6.616461	4878	5000	2	57	122	0.4672131
NODE_6277_length_12175_cov_21.895661	4962	5084	0	122	122	1.0000000
NODE_6278_length_12175_cov_19.537016	4962	5084	0	122	122	1.0000000
NODE_6279_length_12175_cov_9.223998	4962	5084	0	122	122	1.0000000
NODE_627_length_24969_cov_10.674588	4962	5084	0	7	122	0.0573770
NODE_627_length_24969_cov_10.674588	4962	5084	2	115	122	0.9426230
NODE_627_length_24969_cov_10.674588	14962	15084	0	122	122	1.0000000
NODE_6281_length_12174_cov_8.400331	4962	5084	0	122	122	1.0000000
NODE_6282_length_12173_cov_7.119513	4962	5084	0	122	122	1.0000000
NODE_6283_length_12171_cov_16.124337	4836	4958	2	122	122	1.0000000
NODE_6284_length_12171_cov_10.160537	5046	5168	0	122	122	1.0000000
NODE_6285_length_12171_cov_8.562376	4962	5084	0	122	122	1.0000000
NODE_6286_length_12170_cov_9.403032	4962	5084	0	122	122	1.0000000
NODE_6287_length_12170_cov_8.992875	5046	5168	0	2	122	0.0163934
NODE_6287_length_12170_cov_8.992875	5046	5168	1	120	122	0.9836066
NODE_6288_length_12170_cov_8.742523	4920	5042	0	122	122	1.0000000
NODE_6289_length_12170_cov_8.260459	4962	5084	0	122	122	1.0000000
NODE_628_length_24964_cov_10.251880	4962	5084	0	56	122	0.4590164
NODE_628_length_24964_cov_10.251880	4962	5084	1	66	122	0.5409836
NODE_6291_length_12168_cov_9.046317	4962	5084	0	122	122	1.0000000
NODE_6292_length_12168_cov_8.587953	4962	5084	0	122	122	1.0000000
NODE_6293_length_12167_cov_202.309662	4962	5084	0	122	122	1.0000000
NODE_6294_length_12165_cov_7.159871	4962	5084	0	47	122	0.3852459
NODE_6294_length_12165_cov_7.159871	4962	5084	1	75	122	0.6147541
NODE_6295_length_12164_cov_7.303191	4920	5042	0	122	122	1.0000000
NODE_6296_length_12163_cov_8.833389	4962	5084	0	122	122	1.0000000
NODE_6297_length_12160_cov_12.759390	4962	5084	0	122	122	1.0000000
NODE_6298_length_12160_cov_7.404610	5004	5126	0	79	122	0.6475410
NODE_6298_length_12160_cov_7.404610	5004	5126	1	13	122	0.1065574
NODE_6298_length_12160_cov_7.404610	5004	5126	2	30	122	0.2459016
NODE_6299_length_12159_cov_37.567828	4962	5084	2	122	122	1.0000000
NODE_629_length_24959_cov_10.044570	4962	5084	0	122	122	1.0000000
NODE_629_length_24959_cov_10.044570	15004	15126	0	122	122	1.0000000
NODE_62_length_43440_cov_12.890773	4962	5084	0	122	122	1.0000000
NODE_62_length_43440_cov_12.890773	14962	15084	0	122	122	1.0000000
NODE_62_length_43440_cov_12.890773	34962	35084	0	122	122	1.0000000
NODE_6300_length_12159_cov_10.077944	4920	5042	0	122	122	1.0000000
NODE_6302_length_12157_cov_51.432078	4962	5084	0	122	122	1.0000000
NODE_6303_length_12157_cov_8.517996	4962	5084	0	122	122	1.0000000
NODE_6307_length_12154_cov_7.266280	4878	5000	0	122	122	1.0000000
NODE_6309_length_12153_cov_9.393396	4878	5000	0	122	122	1.0000000
NODE_630_length_24950_cov_8.760734	5046	5168	0	23	122	0.1885246
NODE_630_length_24950_cov_8.760734	5046	5168	2	99	122	0.8114754
NODE_630_length_24950_cov_8.760734	14962	15084	0	122	122	1.0000000
NODE_6310_length_12153_cov_8.471213	4962	5084	0	122	122	1.0000000
NODE_6313_length_12151_cov_8.936359	4962	5084	0	122	122	1.0000000
NODE_6314_length_12151_cov_8.716313	4962	5084	0	122	122	1.0000000
NODE_6315_length_12150_cov_29.022654	4930	5053	0	123	123	1.0000000
NODE_6316_length_12150_cov_20.734047	5004	5126	0	6	122	0.0491803
NODE_6316_length_12150_cov_20.734047	5004	5126	1	116	122	0.9508197
NODE_6317_length_12150_cov_15.066965	4962	5084	3	38	122	0.3114754
NODE_6317_length_12150_cov_15.066965	4962	5084	4	78	122	0.6393443
NODE_6317_length_12150_cov_15.066965	4962	5084	5	6	122	0.0491803
NODE_6319_length_12149_cov_210.796680	4962	5084	0	122	122	1.0000000
NODE_631_length_24946_cov_21.969051	4962	5084	0	122	122	1.0000000
NODE_631_length_24946_cov_21.969051	14962	15084	0	122	122	1.0000000
NODE_6320_length_12148_cov_7.662130	5046	5168	0	122	122	1.0000000
NODE_6321_length_12148_cov_7.628683	4962	5084	0	122	122	1.0000000
NODE_6322_length_12147_cov_21.232487	4752	4874	0	122	122	1.0000000
NODE_6323_length_12147_cov_9.117945	5046	5168	0	122	122	1.0000000
NODE_6324_length_12146_cov_8.761268	4962	5084	0	122	122	1.0000000
NODE_6325_length_12146_cov_7.853740	4878	5000	0	122	122	1.0000000
NODE_6326_length_12146_cov_6.762264	4836	4958	0	122	122	1.0000000
NODE_6327_length_12145_cov_8.865183	4962	5084	0	122	122	1.0000000
NODE_6328_length_12143_cov_7.412986	5004	5126	0	122	122	1.0000000
NODE_6329_length_12142_cov_8.700158	4962	5084	0	122	122	1.0000000
NODE_632_length_24941_cov_8.505998	4962	5084	0	7	122	0.0573770
NODE_632_length_24941_cov_8.505998	4962	5084	1	2	122	0.0163934
NODE_632_length_24941_cov_8.505998	4962	5084	2	113	122	0.9262295
NODE_632_length_24941_cov_8.505998	14962	15084	0	122	122	1.0000000
NODE_6330_length_12141_cov_11.026325	4962	5084	0	122	122	1.0000000
NODE_6331_length_12140_cov_54.549373	4962	5084	0	122	122	1.0000000
NODE_6333_length_12140_cov_7.086704	4962	5084	0	122	122	1.0000000
NODE_6335_length_12137_cov_7.570859	5382	5500	0	118	118	1.0000000
NODE_6337_length_12135_cov_8.687604	5172	5294	0	122	122	1.0000000
NODE_6338_length_12133_cov_8.717550	4920	5042	0	122	122	1.0000000
NODE_633_length_24920_cov_10.343580	4668	4790	0	122	122	1.0000000
NODE_633_length_24920_cov_10.343580	15004	15126	2	17	122	0.1393443
NODE_633_length_24920_cov_10.343580	15004	15126	3	78	122	0.6393443
NODE_633_length_24920_cov_10.343580	15004	15126	4	27	122	0.2213115
NODE_6342_length_12131_cov_8.411237	4962	5084	0	122	122	1.0000000
NODE_6343_length_12130_cov_8.799934	5046	5168	0	122	122	1.0000000
NODE_6344_length_12129_cov_22.141895	4920	5042	0	122	122	1.0000000
NODE_6345_length_12128_cov_14.520409	4962	5084	0	122	122	1.0000000
NODE_6346_length_12128_cov_7.470696	4962	5084	0	122	122	1.0000000
NODE_6347_length_12127_cov_7.916944	5004	5126	0	122	122	1.0000000
NODE_6348_length_12127_cov_7.309029	4878	5000	0	122	122	1.0000000
NODE_6349_length_12126_cov_10.473185	4962	5084	0	122	122	1.0000000
NODE_634_length_24914_cov_9.772436	4962	5084	0	122	122	1.0000000
NODE_634_length_24914_cov_9.772436	14962	15084	0	122	122	1.0000000
NODE_6350_length_12123_cov_153.406770	4962	5084	0	122	122	1.0000000
NODE_6351_length_12123_cov_6.498752	4962	5084	0	122	122	1.0000000
NODE_6352_length_12122_cov_45.370457	4962	5084	0	122	122	1.0000000
NODE_6355_length_12121_cov_8.402263	4962	5084	0	122	122	1.0000000
NODE_6356_length_12121_cov_8.182831	5046	5168	0	122	122	1.0000000
NODE_6357_length_12119_cov_6.614143	5004	5126	0	122	122	1.0000000
NODE_6358_length_12116_cov_23.012815	5046	5168	0	122	122	1.0000000
NODE_6359_length_12116_cov_8.131564	4962	5084	0	122	122	1.0000000
NODE_635_length_24906_cov_8.572137	4920	5042	0	122	122	1.0000000
NODE_635_length_24906_cov_8.572137	14962	15084	0	122	122	1.0000000
NODE_6360_length_12115_cov_69.463049	5004	5126	1	69	122	0.5655738
NODE_6360_length_12115_cov_69.463049	5004	5126	2	31	122	0.2540984
NODE_6360_length_12115_cov_69.463049	5004	5126	3	22	122	0.1803279
NODE_6362_length_12114_cov_6.684727	4962	5084	0	122	122	1.0000000
NODE_6363_length_12113_cov_10.653071	4962	5084	0	122	122	1.0000000
NODE_6366_length_12113_cov_6.990095	4878	5000	0	122	122	1.0000000
NODE_6367_length_12112_cov_8.018313	4962	5084	0	61	122	0.5000000
NODE_6367_length_12112_cov_8.018313	4962	5084	2	61	122	0.5000000
NODE_6368_length_12111_cov_22.247336	4962	5084	0	122	122	1.0000000
NODE_6369_length_12111_cov_7.531968	5004	5126	0	40	122	0.3278688
NODE_6369_length_12111_cov_7.531968	5004	5126	2	82	122	0.6721311
NODE_636_length_24905_cov_16.824196	4962	5084	0	122	122	1.0000000
NODE_636_length_24905_cov_16.824196	14878	15000	0	122	122	1.0000000
NODE_6372_length_12106_cov_9.117015	4836	4958	0	122	122	1.0000000
NODE_6373_length_12106_cov_8.190472	4962	5084	0	40	122	0.3278688
NODE_6373_length_12106_cov_8.190472	4962	5084	1	82	122	0.6721311
NODE_6374_length_12106_cov_8.131423	4920	5042	0	122	122	1.0000000
NODE_6375_length_12106_cov_6.297826	4962	5084	0	122	122	1.0000000
NODE_6376_length_12105_cov_9.037898	5004	5126	0	122	122	1.0000000
NODE_6377_length_12105_cov_8.780943	4962	5084	0	122	122	1.0000000
NODE_6378_length_12105_cov_8.472597	4962	5084	0	122	122	1.0000000
NODE_6379_length_12104_cov_34.637401	5088	5210	0	122	122	1.0000000
NODE_637_length_24901_cov_15.533223	4962	5084	0	122	122	1.0000000
NODE_6380_length_12104_cov_19.971179	4836	4958	0	122	122	1.0000000
NODE_6382_length_12101_cov_7.998417	4962	5084	0	122	122	1.0000000
NODE_6384_length_12100_cov_8.508208	4920	5042	0	122	122	1.0000000
NODE_6385_length_12099_cov_7.846667	4962	5084	1	61	122	0.5000000
NODE_6385_length_12099_cov_7.846667	4962	5084	2	61	122	0.5000000
NODE_6386_length_12097_cov_12.378313	4962	5084	0	122	122	1.0000000
NODE_6388_length_12096_cov_8.430358	4878	5000	0	122	122	1.0000000
NODE_6389_length_12096_cov_6.116779	4920	5042	0	122	122	1.0000000
NODE_638_length_24889_cov_8.334772	4962	5084	0	122	122	1.0000000
NODE_638_length_24889_cov_8.334772	14962	15084	0	122	122	1.0000000
NODE_6390_length_12095_cov_7.954568	4878	5000	0	122	122	1.0000000
NODE_6392_length_12093_cov_10.063365	4962	5084	0	122	122	1.0000000
NODE_6393_length_12092_cov_8.297757	4920	5042	0	122	122	1.0000000
NODE_6395_length_12090_cov_9.205571	4962	5084	0	122	122	1.0000000
NODE_6397_length_12090_cov_7.339338	4962	5084	1	60	122	0.4918033
NODE_6397_length_12090_cov_7.339338	4962	5084	3	62	122	0.5081967
NODE_6399_length_12088_cov_43.745517	5004	5126	0	122	122	1.0000000
NODE_639_length_24889_cov_7.621743	4962	5084	0	122	122	1.0000000
NODE_639_length_24889_cov_7.621743	14962	15084	2	122	122	1.0000000
NODE_63_length_43408_cov_8.379552	4752	4874	0	122	122	1.0000000
NODE_63_length_43408_cov_8.379552	14962	15084	0	122	122	1.0000000
NODE_63_length_43408_cov_8.379552	25088	25210	0	122	122	1.0000000
NODE_63_length_43408_cov_8.379552	34836	34958	0	122	122	1.0000000
NODE_6402_length_12087_cov_8.018018	5004	5126	0	122	122	1.0000000
NODE_6403_length_12087_cov_7.822739	4962	5084	0	122	122	1.0000000
NODE_6404_length_12086_cov_7.007008	4962	5084	0	122	122	1.0000000
NODE_6405_length_12086_cov_6.662384	4920	5042	0	122	122	1.0000000
NODE_6407_length_12083_cov_32.620744	4962	5084	0	122	122	1.0000000
NODE_6408_length_12083_cov_8.536215	4962	5084	0	1	122	0.0081967
NODE_6408_length_12083_cov_8.536215	4962	5084	1	35	122	0.2868852
NODE_6408_length_12083_cov_8.536215	4962	5084	2	86	122	0.7049180
NODE_6409_length_12082_cov_15.532838	5004	5126	0	122	122	1.0000000
NODE_640_length_24885_cov_105.032276	14962	15084	0	122	122	1.0000000
NODE_6410_length_12080_cov_7.599282	4668	4790	0	122	122	1.0000000
NODE_6411_length_12079_cov_9.194240	4962	5084	0	13	122	0.1065574
NODE_6411_length_12079_cov_9.194240	4962	5084	1	35	122	0.2868852
NODE_6411_length_12079_cov_9.194240	4962	5084	2	74	122	0.6065574
NODE_6413_length_12078_cov_9.100008	4962	5084	0	122	122	1.0000000
NODE_6414_length_12078_cov_8.766258	4920	5042	0	122	122	1.0000000
NODE_6415_length_12077_cov_9.747287	4962	5084	0	122	122	1.0000000
NODE_6416_length_12075_cov_36.459252	4920	5042	0	122	122	1.0000000
NODE_6417_length_12074_cov_29.280585	4920	5042	0	122	122	1.0000000
NODE_6418_length_12074_cov_8.999749	5004	5126	0	122	122	1.0000000
NODE_6419_length_12073_cov_16.783698	4962	5084	0	122	122	1.0000000
NODE_641_length_24858_cov_7.906216	5004	5126	1	34	122	0.2786885
NODE_641_length_24858_cov_7.906216	5004	5126	2	88	122	0.7213115
NODE_641_length_24858_cov_7.906216	14626	14748	0	122	122	1.0000000
NODE_6420_length_12073_cov_7.337481	4920	5042	0	122	122	1.0000000
NODE_6421_length_12073_cov_7.023300	4962	5084	0	122	122	1.0000000
NODE_6422_length_12072_cov_33.526936	4794	4916	0	122	122	1.0000000
NODE_6423_length_12071_cov_11.024307	4962	5084	0	122	122	1.0000000
NODE_6425_length_12070_cov_9.296884	4962	5084	0	122	122	1.0000000
NODE_6427_length_12069_cov_16.953133	4962	5084	0	122	122	1.0000000
NODE_6428_length_12068_cov_8.391595	4962	5084	0	122	122	1.0000000
NODE_6429_length_12067_cov_10.359960	4962	5084	0	37	122	0.3032787
NODE_6429_length_12067_cov_10.359960	4962	5084	2	85	122	0.6967213
NODE_642_length_24856_cov_8.462172	4962	5084	0	122	122	1.0000000
NODE_6430_length_12067_cov_7.587316	4962	5084	0	122	122	1.0000000
NODE_6431_length_12064_cov_22.569244	5172	5294	0	122	122	1.0000000
NODE_6432_length_12064_cov_8.781446	4962	5084	0	122	122	1.0000000
NODE_6433_length_12063_cov_10.668255	4962	5084	0	122	122	1.0000000
NODE_6434_length_12062_cov_8.626014	4962	5084	0	70	122	0.5737705
NODE_6434_length_12062_cov_8.626014	4962	5084	2	52	122	0.4262295
NODE_6435_length_12062_cov_8.056173	4962	5084	0	122	122	1.0000000
NODE_6436_length_12062_cov_7.819945	4878	5000	0	122	122	1.0000000
NODE_6438_length_12060_cov_9.253156	4878	5000	0	122	122	1.0000000
NODE_643_length_24852_cov_9.735224	4962	5084	0	122	122	1.0000000
NODE_6440_length_12058_cov_8.913287	4962	5084	0	122	122	1.0000000
NODE_6441_length_12058_cov_8.682248	4962	5084	0	5	122	0.0409836
NODE_6441_length_12058_cov_8.682248	4962	5084	2	117	122	0.9590164
NODE_6442_length_12058_cov_8.591688	4962	5084	0	122	122	1.0000000
NODE_6443_length_12058_cov_7.616356	4920	5042	0	122	122	1.0000000
NODE_6444_length_12057_cov_8.259492	4962	5084	0	122	122	1.0000000
NODE_6446_length_12055_cov_7.925059	4962	5084	0	122	122	1.0000000
NODE_6447_length_12055_cov_7.624122	4962	5084	0	86	122	0.7049180
NODE_6447_length_12055_cov_7.624122	4962	5084	2	36	122	0.2950820
NODE_6448_length_12055_cov_7.443961	4962	5084	0	59	122	0.4836065
NODE_6448_length_12055_cov_7.443961	4962	5084	1	5	122	0.0409836
NODE_6448_length_12055_cov_7.443961	4962	5084	2	16	122	0.1311475
NODE_6448_length_12055_cov_7.443961	4962	5084	3	42	122	0.3442623
NODE_644_length_24842_cov_3.664309	4962	5084	0	122	122	1.0000000
NODE_644_length_24842_cov_3.664309	14962	15084	0	122	122	1.0000000
NODE_6451_length_12053_cov_10.797390	4920	5042	0	122	122	1.0000000
NODE_6452_length_12053_cov_10.293877	4962	5084	0	66	122	0.5409836
NODE_6452_length_12053_cov_10.293877	4962	5084	1	56	122	0.4590164
NODE_6453_length_12053_cov_7.870504	5088	5210	0	122	122	1.0000000
NODE_6454_length_12053_cov_7.624728	4878	5000	0	122	122	1.0000000
NODE_6455_length_12052_cov_9.401071	4962	5084	0	122	122	1.0000000
NODE_6456_length_12051_cov_8.223812	4962	5084	0	122	122	1.0000000
NODE_6457_length_12050_cov_10.394277	4920	5042	0	122	122	1.0000000
NODE_6458_length_12049_cov_8.705858	4920	5042	0	122	122	1.0000000
NODE_6459_length_12048_cov_9.251988	4962	5084	0	122	122	1.0000000
NODE_645_length_24822_cov_8.285928	5130	5252	0	122	122	1.0000000
NODE_645_length_24822_cov_8.285928	14962	15084	0	32	122	0.2622951
NODE_645_length_24822_cov_8.285928	14962	15084	2	90	122	0.7377049
NODE_6460_length_12047_cov_11.468028	5046	5168	0	122	122	1.0000000
NODE_6461_length_12045_cov_7.914783	4962	5084	0	122	122	1.0000000
NODE_6462_length_12045_cov_7.691277	4962	5084	0	122	122	1.0000000
NODE_6463_length_12044_cov_8.157890	5004	5126	0	29	122	0.2377049
NODE_6463_length_12044_cov_8.157890	5004	5126	1	2	122	0.0163934
NODE_6463_length_12044_cov_8.157890	5004	5126	2	91	122	0.7459016
NODE_6464_length_12042_cov_9.621033	4962	5084	0	122	122	1.0000000
NODE_6465_length_12041_cov_8.088595	5004	5126	0	122	122	1.0000000
NODE_646_length_24813_cov_9.248483	4962	5084	0	60	122	0.4918033
NODE_646_length_24813_cov_9.248483	4962	5084	2	62	122	0.5081967
NODE_6471_length_12037_cov_6.483749	5088	5210	0	122	122	1.0000000
NODE_6472_length_12036_cov_7.575186	4962	5084	0	122	122	1.0000000
NODE_6473_length_12036_cov_6.762587	4962	5084	0	35	122	0.2868852
NODE_6473_length_12036_cov_6.762587	4962	5084	1	15	122	0.1229508
NODE_6473_length_12036_cov_6.762587	4962	5084	2	72	122	0.5901639
NODE_6474_length_12035_cov_33.317778	4920	5042	0	122	122	1.0000000
NODE_6476_length_12035_cov_8.178284	4962	5084	0	122	122	1.0000000
NODE_6477_length_12033_cov_9.310290	4962	5084	0	122	122	1.0000000
NODE_6478_length_12032_cov_6.711305	4878	5000	0	122	122	1.0000000
NODE_6479_length_12031_cov_10.678428	4962	5084	0	122	122	1.0000000
NODE_647_length_24801_cov_8.528662	4962	5084	0	122	122	1.0000000
NODE_647_length_24801_cov_8.528662	14962	15084	0	122	122	1.0000000
NODE_6480_length_12031_cov_7.245139	4920	5042	0	122	122	1.0000000
NODE_6481_length_12029_cov_27.700084	5046	5168	0	77	122	0.6311476
NODE_6481_length_12029_cov_27.700084	5046	5168	1	45	122	0.3688525
NODE_6482_length_12028_cov_9.220303	4920	5042	0	122	122	1.0000000
NODE_6483_length_12027_cov_7.155181	4542	4664	0	122	122	1.0000000
NODE_6484_length_12026_cov_9.328666	4962	5084	0	122	122	1.0000000
NODE_6485_length_12025_cov_24.617894	5172	5294	0	122	122	1.0000000
NODE_6486_length_12025_cov_10.311588	5256	5378	0	122	122	1.0000000
NODE_6488_length_12022_cov_7.407532	4962	5084	0	122	122	1.0000000
NODE_648_length_24797_cov_8.011620	4962	5084	0	50	122	0.4098361
NODE_648_length_24797_cov_8.011620	4962	5084	2	72	122	0.5901639
NODE_648_length_24797_cov_8.011620	14962	15084	0	122	122	1.0000000
NODE_6490_length_12021_cov_21.113739	4962	5084	0	122	122	1.0000000
NODE_6491_length_12020_cov_11.424461	4962	5084	0	122	122	1.0000000
NODE_6492_length_12020_cov_9.344183	4920	5042	0	4	122	0.0327869
NODE_6492_length_12020_cov_9.344183	4920	5042	1	23	122	0.1885246
NODE_6492_length_12020_cov_9.344183	4920	5042	2	95	122	0.7786885
NODE_6493_length_12020_cov_8.207785	5004	5126	0	122	122	1.0000000
NODE_64_length_43204_cov_7.913421	4962	5084	0	122	122	1.0000000
NODE_64_length_43204_cov_7.913421	14962	15084	0	122	122	1.0000000
NODE_6502_length_12015_cov_7.602803	4962	5084	0	44	122	0.3606557
NODE_6502_length_12015_cov_7.602803	4962	5084	1	12	122	0.0983607
NODE_6502_length_12015_cov_7.602803	4962	5084	2	66	122	0.5409836
NODE_6503_length_12014_cov_8.247587	4878	5000	0	122	122	1.0000000
NODE_6504_length_12012_cov_19.404096	4962	5084	0	122	122	1.0000000
NODE_6505_length_12012_cov_8.564845	4962	5084	0	122	122	1.0000000
NODE_6506_length_12012_cov_8.281877	5004	5126	0	122	122	1.0000000
NODE_6507_length_12012_cov_7.960463	5004	5126	0	53	122	0.4344262
NODE_6507_length_12012_cov_7.960463	5004	5126	1	69	122	0.5655738
NODE_6508_length_12011_cov_11.798606	4962	5084	0	9	122	0.0737705
NODE_6508_length_12011_cov_11.798606	4962	5084	2	113	122	0.9262295
NODE_6509_length_12011_cov_8.052636	4962	5084	0	122	122	1.0000000
NODE_650_length_24788_cov_8.032889	4920	5042	0	122	122	1.0000000
NODE_650_length_24788_cov_8.032889	14962	15084	2	14	122	0.1147541
NODE_650_length_24788_cov_8.032889	14962	15084	3	2	122	0.0163934
NODE_650_length_24788_cov_8.032889	14962	15084	4	106	122	0.8688524
NODE_6513_length_12008_cov_7.835671	4920	5042	0	65	122	0.5327869
NODE_6513_length_12008_cov_7.835671	4920	5042	2	57	122	0.4672131
NODE_6514_length_12008_cov_7.343102	4962	5084	0	11	122	0.0901639
NODE_6514_length_12008_cov_7.343102	4962	5084	1	111	122	0.9098361
NODE_6516_length_12004_cov_13.816044	4962	5084	0	122	122	1.0000000
NODE_6517_length_12003_cov_5.986895	4962	5084	0	122	122	1.0000000
NODE_6518_length_12001_cov_7.321459	5088	5210	0	122	122	1.0000000
NODE_6519_length_12000_cov_7.470885	4962	5084	0	122	122	1.0000000
NODE_651_length_24769_cov_9.973044	4962	5084	0	122	122	1.0000000
NODE_651_length_24769_cov_9.973044	15172	15294	0	122	122	1.0000000
NODE_6521_length_11998_cov_8.779393	5046	5168	0	122	122	1.0000000
NODE_6522_length_11998_cov_7.967308	4962	5084	0	122	122	1.0000000
NODE_6523_length_11998_cov_7.046727	5004	5126	0	122	122	1.0000000
NODE_6524_length_11997_cov_8.909733	5046	5168	0	122	122	1.0000000
NODE_6525_length_11997_cov_7.695579	4962	5084	0	122	122	1.0000000
NODE_6527_length_11995_cov_15.657028	4836	4958	0	122	122	1.0000000
NODE_6529_length_11994_cov_7.388314	4878	5000	0	122	122	1.0000000
NODE_652_length_24768_cov_8.304593	14962	15084	0	122	122	1.0000000
NODE_6530_length_11993_cov_10.761392	5130	5252	0	122	122	1.0000000
NODE_6531_length_11993_cov_8.941483	4962	5084	0	122	122	1.0000000
NODE_6534_length_11991_cov_16.042466	4878	5000	0	122	122	1.0000000
NODE_6535_length_11991_cov_8.966616	5004	5126	0	122	122	1.0000000
NODE_6536_length_11990_cov_9.023127	4962	5084	1	61	122	0.5000000
NODE_6536_length_11990_cov_9.023127	4962	5084	2	61	122	0.5000000
NODE_6537_length_11989_cov_7.761228	5004	5126	0	17	122	0.1393443
NODE_6537_length_11989_cov_7.761228	5004	5126	1	13	122	0.1065574
NODE_6537_length_11989_cov_7.761228	5004	5126	2	92	122	0.7540984
NODE_6538_length_11989_cov_5.730782	4962	5084	0	122	122	1.0000000
NODE_6539_length_11988_cov_8.602826	4500	4622	0	122	122	1.0000000
NODE_653_length_24766_cov_8.347793	5088	5210	0	122	122	1.0000000
NODE_653_length_24766_cov_8.347793	14836	14958	0	122	122	1.0000000
NODE_6540_length_11988_cov_7.743881	4962	5084	0	122	122	1.0000000
NODE_6541_length_11988_cov_6.401295	5214	5336	0	122	122	1.0000000
NODE_6543_length_11987_cov_8.676144	4962	5084	0	122	122	1.0000000
NODE_6544_length_11987_cov_8.102372	4920	5042	0	122	122	1.0000000
NODE_6547_length_11984_cov_7.369710	4962	5084	0	34	122	0.2786885
NODE_6547_length_11984_cov_7.369710	4962	5084	1	5	122	0.0409836
NODE_6547_length_11984_cov_7.369710	4962	5084	2	83	122	0.6803279
NODE_6548_length_11984_cov_7.182247	4878	5000	0	122	122	1.0000000
NODE_654_length_24764_cov_9.979769	4962	5084	0	122	122	1.0000000
NODE_6550_length_11982_cov_8.302533	4962	5084	0	122	122	1.0000000
NODE_6551_length_11982_cov_7.995624	5046	5168	0	122	122	1.0000000
NODE_6552_length_11982_cov_6.724985	4794	4916	0	122	122	1.0000000
NODE_6553_length_11981_cov_35.610082	4962	5084	0	122	122	1.0000000
NODE_6555_length_11980_cov_7.893443	4962	5084	0	122	122	1.0000000
NODE_6556_length_11979_cov_9.302946	4962	5084	0	122	122	1.0000000
NODE_6557_length_11979_cov_8.951684	4962	5084	0	38	122	0.3114754
NODE_6557_length_11979_cov_8.951684	4962	5084	1	84	122	0.6885246
NODE_6558_length_11978_cov_11.271993	4962	5084	0	122	122	1.0000000
NODE_6559_length_11975_cov_23.406703	4962	5084	0	122	122	1.0000000
NODE_655_length_24757_cov_8.780923	14962	15084	0	122	122	1.0000000
NODE_6560_length_11975_cov_7.163186	5004	5126	0	32	122	0.2622951
NODE_6560_length_11975_cov_7.163186	5004	5126	2	90	122	0.7377049
NODE_6561_length_11974_cov_61.598905	4710	4832	0	122	122	1.0000000
NODE_6562_length_11974_cov_9.289179	4962	5084	0	122	122	1.0000000
NODE_6563_length_11974_cov_8.456926	4962	5084	0	122	122	1.0000000
NODE_6564_length_11974_cov_7.373389	4962	5084	0	122	122	1.0000000
NODE_6566_length_11972_cov_48.696959	4962	5084	1	55	122	0.4508197
NODE_6566_length_11972_cov_48.696959	4962	5084	2	67	122	0.5491803
NODE_6568_length_11971_cov_9.502527	4920	5042	0	122	122	1.0000000
NODE_6569_length_11970_cov_8.060062	5172	5294	0	122	122	1.0000000
NODE_656_length_24754_cov_11.392943	4962	5084	0	122	122	1.0000000
NODE_656_length_24754_cov_11.392943	15130	15252	0	122	122	1.0000000
NODE_6570_length_11968_cov_8.453703	4962	5084	0	54	122	0.4426230
NODE_6570_length_11968_cov_8.453703	4962	5084	2	68	122	0.5573770
NODE_6571_length_11968_cov_8.359761	5088	5210	0	122	122	1.0000000
NODE_6573_length_11967_cov_9.448011	4920	5042	0	122	122	1.0000000
NODE_6576_length_11966_cov_6.878655	4962	5084	0	122	122	1.0000000
NODE_6577_length_11965_cov_23.247345	5088	5210	0	122	122	1.0000000
NODE_6578_length_11963_cov_8.087913	4962	5084	0	122	122	1.0000000
NODE_6579_length_11962_cov_9.364579	4962	5084	1	25	122	0.2049180
NODE_6579_length_11962_cov_9.364579	4962	5084	2	22	122	0.1803279
NODE_6579_length_11962_cov_9.364579	4962	5084	3	75	122	0.6147541
NODE_657_length_24743_cov_8.626197	4962	5084	0	122	122	1.0000000
NODE_657_length_24743_cov_8.626197	14962	15084	0	122	122	1.0000000
NODE_6581_length_11959_cov_9.023862	5088	5210	0	122	122	1.0000000
NODE_6582_length_11959_cov_8.938533	5004	5126	0	86	122	0.7049180
NODE_6582_length_11959_cov_8.938533	5004	5126	1	36	122	0.2950820
NODE_6583_length_11959_cov_8.385497	4962	5084	0	122	122	1.0000000
NODE_6584_length_11958_cov_9.174804	4878	5000	0	122	122	1.0000000
NODE_6586_length_11957_cov_7.796846	4962	5084	0	122	122	1.0000000
NODE_6587_length_11956_cov_12.908240	5088	5210	0	122	122	1.0000000
NODE_6588_length_11956_cov_9.107194	5046	5168	0	122	122	1.0000000
NODE_6589_length_11955_cov_8.876096	4962	5084	0	122	122	1.0000000
NODE_658_length_24741_cov_9.119593	4962	5084	0	122	122	1.0000000
NODE_658_length_24741_cov_9.119593	14962	15084	0	122	122	1.0000000
NODE_6590_length_11954_cov_9.762041	4962	5084	0	122	122	1.0000000
NODE_6591_length_11954_cov_6.252973	5004	5126	0	122	122	1.0000000
NODE_6592_length_11953_cov_15.872786	4962	5084	0	122	122	1.0000000
NODE_6593_length_11952_cov_10.215895	4962	5084	0	122	122	1.0000000
NODE_6594_length_11952_cov_5.812453	4962	5084	0	122	122	1.0000000
NODE_6595_length_11951_cov_10.882467	4920	5042	0	122	122	1.0000000
NODE_6598_length_11949_cov_9.167004	4962	5084	0	122	122	1.0000000
NODE_6599_length_11948_cov_19.231328	4962	5084	0	122	122	1.0000000
NODE_659_length_24737_cov_9.123224	4794	4916	0	122	122	1.0000000
NODE_659_length_24737_cov_9.123224	14962	15084	0	122	122	1.0000000
NODE_65_length_43172_cov_19.867156	4962	5084	0	122	122	1.0000000
NODE_65_length_43172_cov_19.867156	14962	15084	0	122	122	1.0000000
NODE_65_length_43172_cov_19.867156	24962	25084	0	122	122	1.0000000
NODE_6600_length_11948_cov_9.796439	5130	5252	0	122	122	1.0000000
NODE_6601_length_11946_cov_8.765426	4920	5042	0	122	122	1.0000000
NODE_6602_length_11945_cov_8.537903	4962	5084	0	12	122	0.0983607
NODE_6602_length_11945_cov_8.537903	4962	5084	1	110	122	0.9016393
NODE_6604_length_11944_cov_7.734065	4962	5084	0	122	122	1.0000000
NODE_6605_length_11943_cov_8.283688	4962	5084	0	122	122	1.0000000
NODE_6606_length_11943_cov_8.016295	5172	5294	0	122	122	1.0000000
NODE_6608_length_11941_cov_77.242273	4962	5084	0	122	122	1.0000000
NODE_6609_length_11941_cov_8.906266	4962	5084	0	122	122	1.0000000
NODE_660_length_24730_cov_8.458162	4962	5084	0	122	122	1.0000000
NODE_660_length_24730_cov_8.458162	14920	15042	0	21	122	0.1721312
NODE_660_length_24730_cov_8.458162	14920	15042	1	101	122	0.8278689
NODE_6611_length_11940_cov_6.569631	4794	4916	0	122	122	1.0000000
NODE_6613_length_11938_cov_7.132697	4962	5084	0	122	122	1.0000000
NODE_6614_length_11937_cov_9.042068	4962	5084	0	9	122	0.0737705
NODE_6614_length_11937_cov_9.042068	4962	5084	2	113	122	0.9262295
NODE_6615_length_11937_cov_5.807484	5004	5126	0	122	122	1.0000000
NODE_6616_length_11936_cov_11.157557	4962	5084	0	122	122	1.0000000
NODE_6617_length_11936_cov_8.219312	4794	4916	0	48	122	0.3934426
NODE_6617_length_11936_cov_8.219312	4794	4916	2	74	122	0.6065574
NODE_6619_length_11934_cov_8.777947	4962	5084	0	122	122	1.0000000
NODE_661_length_24717_cov_8.634861	4962	5084	0	122	122	1.0000000
NODE_661_length_24717_cov_8.634861	14962	15084	0	122	122	1.0000000
NODE_6622_length_11933_cov_7.702721	4962	5084	0	122	122	1.0000000
NODE_6623_length_11932_cov_12.636187	5004	5126	0	122	122	1.0000000
NODE_6624_length_11931_cov_19.898580	4668	4790	0	122	122	1.0000000
NODE_6626_length_11930_cov_6.611106	5046	5168	0	122	122	1.0000000
NODE_6627_length_11929_cov_14.752494	4878	5000	0	122	122	1.0000000
NODE_662_length_24715_cov_7.984685	4962	5084	0	122	122	1.0000000
NODE_662_length_24715_cov_7.984685	15004	15126	0	122	122	1.0000000
NODE_6630_length_11926_cov_7.018094	4668	4790	0	122	122	1.0000000
NODE_6631_length_11925_cov_9.673770	4962	5084	0	31	122	0.2540984
NODE_6631_length_11925_cov_9.673770	4962	5084	2	91	122	0.7459016
NODE_6632_length_11925_cov_9.263656	4962	5084	0	122	122	1.0000000
NODE_6633_length_11925_cov_8.890580	4962	5084	0	122	122	1.0000000
NODE_6636_length_11921_cov_8.565979	4962	5084	0	122	122	1.0000000
NODE_6637_length_11921_cov_7.984436	4962	5084	0	122	122	1.0000000
NODE_6639_length_11920_cov_8.625835	4962	5084	0	5	122	0.0409836
NODE_6639_length_11920_cov_8.625835	4962	5084	2	117	122	0.9590164
NODE_663_length_24707_cov_8.423765	14794	14916	2	122	122	1.0000000
NODE_6640_length_11919_cov_11.823266	4962	5084	0	122	122	1.0000000
NODE_6641_length_11919_cov_9.194416	4962	5084	0	122	122	1.0000000
NODE_6642_length_11917_cov_9.986292	4962	5084	0	21	122	0.1721312
NODE_6642_length_11917_cov_9.986292	4962	5084	2	101	122	0.8278689
NODE_6645_length_11914_cov_8.154380	5046	5168	0	122	122	1.0000000
NODE_6646_length_11914_cov_7.645535	5088	5210	0	122	122	1.0000000
NODE_6647_length_11914_cov_7.086839	5046	5168	0	122	122	1.0000000
NODE_6648_length_11913_cov_17.476384	5004	5126	0	122	122	1.0000000
NODE_6649_length_11913_cov_9.571356	4920	5042	1	63	122	0.5163934
NODE_6649_length_11913_cov_9.571356	4920	5042	2	59	122	0.4836065
NODE_664_length_24703_cov_7.802878	14962	15084	0	122	122	1.0000000
NODE_6650_length_11913_cov_8.255883	4962	5084	0	122	122	1.0000000
NODE_6651_length_11912_cov_54.426225	5214	5336	0	122	122	1.0000000
NODE_6652_length_11912_cov_10.952256	4962	5084	0	122	122	1.0000000
NODE_6653_length_11910_cov_8.908644	4920	5042	0	29	122	0.2377049
NODE_6653_length_11910_cov_8.908644	4920	5042	2	93	122	0.7622951
NODE_6654_length_11910_cov_7.921260	4962	5084	0	122	122	1.0000000
NODE_6657_length_11905_cov_8.740979	5046	5168	0	122	122	1.0000000
NODE_6658_length_11904_cov_9.790682	4962	5084	0	122	122	1.0000000
NODE_6659_length_11904_cov_8.904786	5088	5210	0	122	122	1.0000000
NODE_665_length_24699_cov_8.540447	4962	5084	0	122	122	1.0000000
NODE_665_length_24699_cov_8.540447	14962	15084	0	122	122	1.0000000
NODE_6660_length_11904_cov_8.109869	4794	4916	0	122	122	1.0000000
NODE_6661_length_11903_cov_13.228143	4752	4874	0	122	122	1.0000000
NODE_6662_length_11902_cov_14.059900	4878	5000	0	122	122	1.0000000
NODE_6663_length_11902_cov_8.514276	5004	5126	0	122	122	1.0000000
NODE_6665_length_11901_cov_8.234452	4962	5084	0	122	122	1.0000000
NODE_6666_length_11900_cov_9.270825	4962	5084	0	122	122	1.0000000
NODE_6669_length_11897_cov_49.547805	5256	5378	0	38	122	0.3114754
NODE_6669_length_11897_cov_49.547805	5256	5378	2	84	122	0.6885246
NODE_666_length_24684_cov_17.439618	4920	5042	0	122	122	1.0000000
NODE_6671_length_11896_cov_12.624650	5004	5126	0	122	122	1.0000000
NODE_6672_length_11895_cov_10.370041	4962	5084	0	122	122	1.0000000
NODE_6675_length_11895_cov_8.244235	4962	5084	0	19	122	0.1557377
NODE_6675_length_11895_cov_8.244235	4962	5084	2	103	122	0.8442623
NODE_6676_length_11895_cov_8.190743	4920	5042	0	122	122	1.0000000
NODE_6678_length_11893_cov_36.976090	5256	5378	0	122	122	1.0000000
NODE_667_length_24683_cov_8.907175	4962	5084	0	122	122	1.0000000
NODE_667_length_24683_cov_8.907175	15004	15126	0	122	122	1.0000000
NODE_6680_length_11892_cov_9.859323	4962	5084	0	122	122	1.0000000
NODE_6681_length_11891_cov_68.033582	4962	5084	2	21	122	0.1721312
NODE_6681_length_11891_cov_68.033582	4962	5084	3	13	122	0.1065574
NODE_6681_length_11891_cov_68.033582	4962	5084	4	6	122	0.0491803
NODE_6681_length_11891_cov_68.033582	4962	5084	5	4	122	0.0327869
NODE_6681_length_11891_cov_68.033582	4962	5084	6	64	122	0.5245901
NODE_6681_length_11891_cov_68.033582	4962	5084	7	14	122	0.1147541
NODE_6683_length_11890_cov_8.490544	5256	5378	0	122	122	1.0000000
NODE_6684_length_11890_cov_7.578662	5004	5126	0	122	122	1.0000000
NODE_6685_length_11889_cov_14.653350	4878	5000	0	15	122	0.1229508
NODE_6685_length_11889_cov_14.653350	4878	5000	2	107	122	0.8770492
NODE_6686_length_11889_cov_8.477184	4962	5084	0	122	122	1.0000000
NODE_6688_length_11889_cov_6.275997	5088	5210	0	122	122	1.0000000
NODE_6689_length_11887_cov_41.639379	4836	4958	0	122	122	1.0000000
NODE_668_length_24650_cov_9.924932	4920	5042	0	122	122	1.0000000
NODE_668_length_24650_cov_9.924932	15004	15126	0	122	122	1.0000000
NODE_6690_length_11887_cov_26.032745	5046	5168	0	26	122	0.2131148
NODE_6690_length_11887_cov_26.032745	5046	5168	2	96	122	0.7868853
NODE_6692_length_11886_cov_9.294901	4878	5000	0	122	122	1.0000000
NODE_6694_length_11884_cov_8.627747	4962	5084	0	122	122	1.0000000
NODE_6695_length_11884_cov_8.444633	5004	5126	0	122	122	1.0000000
NODE_6696_length_11883_cov_8.483537	4920	5042	0	122	122	1.0000000
NODE_6697_length_11881_cov_8.923188	4962	5084	0	122	122	1.0000000
NODE_6698_length_11880_cov_16.498599	4878	5000	0	37	122	0.3032787
NODE_6698_length_11880_cov_16.498599	4878	5000	1	85	122	0.6967213
NODE_669_length_24643_cov_9.484151	4962	5084	0	122	122	1.0000000
NODE_66_length_42472_cov_9.141080	4962	5084	0	122	122	1.0000000
NODE_66_length_42472_cov_9.141080	14962	15084	0	59	122	0.4836065
NODE_66_length_42472_cov_9.141080	14962	15084	2	63	122	0.5163934
NODE_66_length_42472_cov_9.141080	25130	25252	0	122	122	1.0000000
NODE_66_length_42472_cov_9.141080	35214	35336	1	73	122	0.5983607
NODE_66_length_42472_cov_9.141080	35214	35336	2	49	122	0.4016393
NODE_6700_length_11879_cov_10.159423	5004	5126	0	122	122	1.0000000
NODE_6701_length_11878_cov_8.752441	4962	5084	0	122	122	1.0000000
NODE_6703_length_11877_cov_7.137120	5004	5126	0	58	122	0.4754098
NODE_6703_length_11877_cov_7.137120	5004	5126	1	64	122	0.5245901
NODE_6706_length_11874_cov_6.826752	4962	5084	0	122	122	1.0000000
NODE_6707_length_11874_cov_6.456815	4962	5084	0	122	122	1.0000000
NODE_6708_length_11874_cov_6.293928	4962	5084	0	122	122	1.0000000
NODE_6709_length_11873_cov_7.931034	4962	5084	0	122	122	1.0000000
NODE_670_length_24636_cov_19.530872	4962	5084	0	122	122	1.0000000
NODE_6711_length_11871_cov_8.803432	4962	5084	0	122	122	1.0000000
NODE_6712_length_11871_cov_7.892287	4962	5084	0	122	122	1.0000000
NODE_6713_length_11871_cov_6.834523	4920	5042	0	122	122	1.0000000
NODE_6715_length_11869_cov_12.824894	5004	5126	0	122	122	1.0000000
NODE_6716_length_11869_cov_7.754036	4962	5084	0	122	122	1.0000000
NODE_6718_length_11867_cov_8.767590	5004	5126	0	122	122	1.0000000
NODE_6719_length_11866_cov_8.223931	4962	5084	0	122	122	1.0000000
NODE_671_length_24573_cov_8.420201	4962	5084	0	122	122	1.0000000
NODE_671_length_24573_cov_8.420201	14962	15084	0	122	122	1.0000000
NODE_6721_length_11861_cov_6.919997	4836	4958	0	122	122	1.0000000
NODE_6722_length_11861_cov_6.782775	4962	5084	0	122	122	1.0000000
NODE_6723_length_11859_cov_59.951531	4962	5084	0	122	122	1.0000000
NODE_6724_length_11859_cov_7.906207	4962	5084	0	122	122	1.0000000
NODE_6726_length_11858_cov_6.503869	4962	5084	0	122	122	1.0000000
NODE_6727_length_11857_cov_9.409934	4962	5084	0	122	122	1.0000000
NODE_6729_length_11856_cov_8.303054	4962	5084	0	122	122	1.0000000
NODE_672_length_24566_cov_8.716394	4962	5084	0	122	122	1.0000000
NODE_672_length_24566_cov_8.716394	14920	15042	0	122	122	1.0000000
NODE_6730_length_11856_cov_7.047036	4962	5084	0	122	122	1.0000000
NODE_6732_length_11855_cov_20.168935	4878	5000	0	122	122	1.0000000
NODE_6733_length_11855_cov_6.618237	4962	5084	0	25	122	0.2049180
NODE_6733_length_11855_cov_6.618237	4962	5084	2	97	122	0.7950820
NODE_6736_length_11853_cov_8.178918	4962	5084	0	122	122	1.0000000
NODE_6737_length_11852_cov_9.642559	4962	5084	0	5	122	0.0409836
NODE_6737_length_11852_cov_9.642559	4962	5084	1	117	122	0.9590164
NODE_6738_length_11851_cov_10.754255	4962	5084	0	122	122	1.0000000
NODE_673_length_24556_cov_9.538128	5046	5168	0	122	122	1.0000000
NODE_673_length_24556_cov_9.538128	14962	15084	0	122	122	1.0000000
NODE_6740_length_11850_cov_7.984172	4962	5084	0	122	122	1.0000000
NODE_6741_length_11848_cov_15.554260	4962	5084	0	122	122	1.0000000
NODE_6742_length_11847_cov_10.569884	4962	5084	0	122	122	1.0000000
NODE_6743_length_11846_cov_103.054652	4962	5084	0	122	122	1.0000000
NODE_6745_length_11846_cov_8.462331	5046	5168	0	122	122	1.0000000
NODE_6746_length_11846_cov_6.503788	4794	4916	0	122	122	1.0000000
NODE_6747_length_11845_cov_7.890175	4920	5042	0	8	122	0.0655738
NODE_6747_length_11845_cov_7.890175	4920	5042	2	114	122	0.9344262
NODE_6748_length_11845_cov_7.191384	4962	5084	2	122	122	1.0000000
NODE_6749_length_11845_cov_6.298825	5382	5500	0	118	118	1.0000000
NODE_674_length_24553_cov_8.935021	14962	15084	0	122	122	1.0000000
NODE_6750_length_11844_cov_8.692805	4962	5084	0	122	122	1.0000000
NODE_6751_length_11844_cov_7.927884	4962	5084	0	122	122	1.0000000
NODE_6752_length_11843_cov_8.149097	4878	5000	0	122	122	1.0000000
NODE_6753_length_11843_cov_6.915957	4962	5084	0	122	122	1.0000000
NODE_6755_length_11838_cov_7.693415	4962	5084	0	122	122	1.0000000
NODE_6757_length_11835_cov_9.793115	4794	4916	0	15	122	0.1229508
NODE_6757_length_11835_cov_9.793115	4794	4916	1	107	122	0.8770492
NODE_6758_length_11835_cov_8.384373	4962	5084	0	122	122	1.0000000
NODE_6759_length_11834_cov_9.078824	4962	5084	0	122	122	1.0000000
NODE_675_length_24549_cov_9.849039	5046	5168	0	122	122	1.0000000
NODE_675_length_24549_cov_9.849039	15004	15126	0	122	122	1.0000000
NODE_6760_length_11832_cov_8.990540	5004	5126	0	122	122	1.0000000
NODE_6761_length_11832_cov_8.312196	4962	5084	0	122	122	1.0000000
NODE_6762_length_11831_cov_11.783669	4962	5084	0	122	122	1.0000000
NODE_6764_length_11828_cov_21.738938	4962	5084	0	122	122	1.0000000
NODE_6766_length_11828_cov_8.390911	5340	5462	0	122	122	1.0000000
NODE_6767_length_11828_cov_7.464660	4962	5084	0	122	122	1.0000000
NODE_6768_length_11827_cov_8.879434	4920	5042	0	122	122	1.0000000
NODE_6769_length_11826_cov_8.170973	4962	5084	0	122	122	1.0000000
NODE_676_length_24547_cov_9.177642	4962	5084	0	122	122	1.0000000
NODE_676_length_24547_cov_9.177642	14962	15084	0	43	122	0.3524590
NODE_676_length_24547_cov_9.177642	14962	15084	5	79	122	0.6475410
NODE_6770_length_11825_cov_8.342743	4962	5084	0	122	122	1.0000000
NODE_6771_length_11825_cov_7.802149	5046	5168	0	122	122	1.0000000
NODE_6773_length_11824_cov_6.382260	4962	5084	0	122	122	1.0000000
NODE_6774_length_11823_cov_32.359519	5088	5210	0	122	122	1.0000000
NODE_6775_length_11822_cov_8.365009	4962	5084	0	86	122	0.7049180
NODE_6775_length_11822_cov_8.365009	4962	5084	1	34	122	0.2786885
NODE_6775_length_11822_cov_8.365009	4962	5084	2	2	122	0.0163934
NODE_6776_length_11822_cov_8.043675	4962	5084	0	9	122	0.0737705
NODE_6776_length_11822_cov_8.043675	4962	5084	1	113	122	0.9262295
NODE_6777_length_11822_cov_6.896699	5088	5210	0	122	122	1.0000000
NODE_6778_length_11822_cov_6.820865	5256	5378	0	122	122	1.0000000
NODE_6779_length_11822_cov_6.700503	4836	4958	2	67	122	0.5491803
NODE_6779_length_11822_cov_6.700503	4836	4958	4	55	122	0.4508197
NODE_677_length_24542_cov_15.579593	4962	5084	0	122	122	1.0000000
NODE_677_length_24542_cov_15.579593	14962	15084	0	122	122	1.0000000
NODE_6780_length_11821_cov_7.581300	4878	5000	0	122	122	1.0000000
NODE_6781_length_11818_cov_8.852206	5172	5294	0	29	122	0.2377049
NODE_6781_length_11818_cov_8.852206	5172	5294	1	93	122	0.7622951
NODE_6782_length_11815_cov_9.567515	4962	5084	0	122	122	1.0000000
NODE_6783_length_11815_cov_7.887248	5046	5168	0	122	122	1.0000000
NODE_6784_length_11815_cov_7.505975	4962	5084	0	122	122	1.0000000
NODE_6786_length_11814_cov_7.827742	4962	5084	0	122	122	1.0000000
NODE_6787_length_11814_cov_7.823474	4962	5084	0	40	122	0.3278688
NODE_6787_length_11814_cov_7.823474	4962	5084	1	39	122	0.3196721
NODE_6787_length_11814_cov_7.823474	4962	5084	2	43	122	0.3524590
NODE_6788_length_11814_cov_7.713017	4962	5084	0	122	122	1.0000000
NODE_6789_length_11812_cov_8.546401	4962	5084	0	65	122	0.5327869
NODE_6789_length_11812_cov_8.546401	4962	5084	2	57	122	0.4672131
NODE_678_length_24535_cov_16.411033	4878	5000	0	122	122	1.0000000
NODE_678_length_24535_cov_16.411033	15046	15168	0	122	122	1.0000000
NODE_6790_length_11811_cov_12.905567	4962	5084	0	122	122	1.0000000
NODE_6792_length_11811_cov_8.332736	4962	5084	0	122	122	1.0000000
NODE_6793_length_11811_cov_6.858607	5046	5168	0	26	122	0.2131148
NODE_6793_length_11811_cov_6.858607	5046	5168	1	96	122	0.7868853
NODE_6795_length_11809_cov_9.670538	4962	5084	0	122	122	1.0000000
NODE_6796_length_11809_cov_8.426046	4962	5084	0	122	122	1.0000000
NODE_6797_length_11808_cov_18.765650	5214	5336	0	122	122	1.0000000
NODE_6798_length_11807_cov_6.609839	5004	5126	0	122	122	1.0000000
NODE_6799_length_11806_cov_7.631075	4962	5084	0	122	122	1.0000000
NODE_67_length_42396_cov_11.639454	4962	5084	0	122	122	1.0000000
NODE_67_length_42396_cov_11.639454	14962	15084	0	122	122	1.0000000
NODE_6801_length_11805_cov_7.409961	4962	5084	0	122	122	1.0000000
NODE_6802_length_11803_cov_8.744617	4962	5084	0	122	122	1.0000000
NODE_6804_length_11801_cov_6.625278	4962	5084	0	122	122	1.0000000
NODE_6805_length_11800_cov_22.191351	4962	5084	0	122	122	1.0000000
NODE_6806_length_11797_cov_8.574628	4878	5000	0	122	122	1.0000000
NODE_6807_length_11797_cov_8.519918	4962	5084	0	122	122	1.0000000
NODE_6808_length_11796_cov_8.132085	4962	5084	0	122	122	1.0000000
NODE_6809_length_11795_cov_7.461354	4962	5084	0	122	122	1.0000000
NODE_680_length_24499_cov_8.182090	5004	5126	0	122	122	1.0000000
NODE_680_length_24499_cov_8.182090	14962	15084	0	122	122	1.0000000
NODE_6810_length_11794_cov_7.458572	4962	5084	0	122	122	1.0000000
NODE_6811_length_11793_cov_7.641697	4962	5084	0	12	122	0.0983607
NODE_6811_length_11793_cov_7.641697	4962	5084	1	66	122	0.5409836
NODE_6811_length_11793_cov_7.641697	4962	5084	2	44	122	0.3606557
NODE_6812_length_11792_cov_7.422561	4962	5084	0	122	122	1.0000000
NODE_6815_length_11789_cov_9.343884	4962	5084	0	122	122	1.0000000
NODE_6816_length_11788_cov_8.810591	4962	5084	0	122	122	1.0000000
NODE_6817_length_11788_cov_8.573445	5046	5168	0	122	122	1.0000000
NODE_6818_length_11788_cov_8.140987	4962	5084	0	122	122	1.0000000
NODE_681_length_24490_cov_9.514411	4878	5000	0	122	122	1.0000000
NODE_681_length_24490_cov_9.514411	14962	15084	0	122	122	1.0000000
NODE_6820_length_11784_cov_11.114848	5046	5168	0	122	122	1.0000000
NODE_6821_length_11784_cov_8.232777	4957	5080	0	123	123	1.0000000
NODE_6822_length_11784_cov_7.761404	5088	5210	0	23	122	0.1885246
NODE_6822_length_11784_cov_7.761404	5088	5210	2	99	122	0.8114754
NODE_6824_length_11783_cov_7.976720	4920	5042	0	122	122	1.0000000
NODE_6826_length_11782_cov_16.993580	5004	5126	0	122	122	1.0000000
NODE_6827_length_11782_cov_8.346401	4962	5084	0	122	122	1.0000000
NODE_6828_length_11782_cov_8.228280	5046	5168	0	122	122	1.0000000
NODE_6829_length_11780_cov_7.157093	4962	5084	0	122	122	1.0000000
NODE_682_length_24478_cov_7.763157	4962	5084	0	122	122	1.0000000
NODE_682_length_24478_cov_7.763157	15004	15126	0	122	122	1.0000000
NODE_6832_length_11778_cov_12.759226	4962	5084	0	122	122	1.0000000
NODE_6835_length_11777_cov_61.535366	4962	5084	3	9	122	0.0737705
NODE_6835_length_11777_cov_61.535366	4962	5084	4	24	122	0.1967213
NODE_6835_length_11777_cov_61.535366	4962	5084	6	16	122	0.1311475
NODE_6835_length_11777_cov_61.535366	4962	5084	8	71	122	0.5819672
NODE_6835_length_11777_cov_61.535366	4962	5084	9	2	122	0.0163934
NODE_6836_length_11775_cov_9.271411	4962	5084	0	122	122	1.0000000
NODE_6837_length_11774_cov_9.475889	4962	5084	0	122	122	1.0000000
NODE_6838_length_11773_cov_9.432414	4962	5084	2	41	122	0.3360656
NODE_6838_length_11773_cov_9.432414	4962	5084	3	11	122	0.0901639
NODE_6838_length_11773_cov_9.432414	4962	5084	4	70	122	0.5737705
NODE_683_length_24477_cov_8.218763	4878	5000	0	122	122	1.0000000
NODE_683_length_24477_cov_8.218763	14920	15042	0	16	122	0.1311475
NODE_683_length_24477_cov_8.218763	14920	15042	2	106	122	0.8688524
NODE_6840_length_11771_cov_6.285641	4962	5084	0	122	122	1.0000000
NODE_6842_length_11770_cov_7.751349	4962	5084	0	122	122	1.0000000
NODE_6843_length_11769_cov_11.513967	4794	4916	0	122	122	1.0000000
NODE_6844_length_11769_cov_8.704456	4962	5084	0	122	122	1.0000000
NODE_6845_length_11768_cov_9.848402	4962	5084	0	122	122	1.0000000
NODE_6846_length_11768_cov_8.526352	4962	5084	0	122	122	1.0000000
NODE_6847_length_11768_cov_8.358900	4962	5084	0	17	122	0.1393443
NODE_6847_length_11768_cov_8.358900	4962	5084	1	11	122	0.0901639
NODE_6847_length_11768_cov_8.358900	4962	5084	2	94	122	0.7704918
NODE_6848_length_11768_cov_7.466021	5004	5126	0	122	122	1.0000000
NODE_6849_length_11767_cov_8.119044	4962	5084	0	17	122	0.1393443
NODE_6849_length_11767_cov_8.119044	4962	5084	2	105	122	0.8606557
NODE_684_length_24475_cov_14.868395	4962	5084	0	122	122	1.0000000
NODE_684_length_24475_cov_14.868395	14962	15084	0	122	122	1.0000000
NODE_6850_length_11767_cov_7.875300	5004	5126	0	122	122	1.0000000
NODE_6852_length_11766_cov_20.331019	4962	5084	0	122	122	1.0000000
NODE_6854_length_11765_cov_7.670838	4962	5084	0	122	122	1.0000000
NODE_6855_length_11765_cov_7.013629	5046	5168	0	122	122	1.0000000
NODE_6856_length_11764_cov_17.913330	4962	5084	0	122	122	1.0000000
NODE_6857_length_11764_cov_9.612345	4962	5084	0	122	122	1.0000000
NODE_6858_length_11764_cov_9.404886	4962	5084	0	122	122	1.0000000
NODE_685_length_24461_cov_9.521304	4668	4790	0	18	122	0.1475410
NODE_685_length_24461_cov_9.521304	4668	4790	1	104	122	0.8524590
NODE_685_length_24461_cov_9.521304	14962	15084	0	122	122	1.0000000
NODE_6860_length_11763_cov_8.137860	4962	5084	0	82	122	0.6721311
NODE_6860_length_11763_cov_8.137860	4962	5084	1	40	122	0.3278688
NODE_6861_length_11763_cov_7.426097	4962	5084	0	122	122	1.0000000
NODE_6862_length_11762_cov_8.040984	4962	5084	0	122	122	1.0000000
NODE_6864_length_11761_cov_6.086435	4962	5084	0	122	122	1.0000000
NODE_6865_length_11760_cov_8.802161	4962	5084	0	122	122	1.0000000
NODE_6866_length_11759_cov_6.830274	4920	5042	0	19	122	0.1557377
NODE_6866_length_11759_cov_6.830274	4920	5042	8	103	122	0.8442623
NODE_6867_length_11758_cov_8.690625	4962	5084	0	122	122	1.0000000
NODE_6868_length_11757_cov_7.752102	4920	5042	0	122	122	1.0000000
NODE_6869_length_11757_cov_7.369446	4962	5084	0	122	122	1.0000000
NODE_686_length_24454_cov_8.977171	14962	15084	0	31	122	0.2540984
NODE_686_length_24454_cov_8.977171	14962	15084	1	91	122	0.7459016
NODE_6873_length_11754_cov_34.688288	4962	5084	0	122	122	1.0000000
NODE_6874_length_11753_cov_8.967994	4962	5084	0	29	122	0.2377049
NODE_6874_length_11753_cov_8.967994	4962	5084	1	93	122	0.7622951
NODE_6875_length_11753_cov_7.087438	4962	5084	0	122	122	1.0000000
NODE_6876_length_11752_cov_8.368832	4962	5084	0	122	122	1.0000000
NODE_6877_length_11749_cov_9.090386	4920	5042	0	122	122	1.0000000
NODE_6878_length_11748_cov_6.517298	4794	4916	0	122	122	1.0000000
NODE_6879_length_11747_cov_9.694712	4920	5042	0	122	122	1.0000000
NODE_687_length_24453_cov_9.568408	4962	5084	0	122	122	1.0000000
NODE_6880_length_11747_cov_8.918012	5004	5126	0	122	122	1.0000000
NODE_6881_length_11747_cov_6.633585	5004	5126	0	122	122	1.0000000
NODE_6882_length_11745_cov_9.051606	4962	5084	0	122	122	1.0000000
NODE_6883_length_11744_cov_10.110176	4962	5084	0	122	122	1.0000000
NODE_6884_length_11744_cov_8.036496	4962	5084	0	122	122	1.0000000
NODE_6887_length_11743_cov_7.647458	4920	5042	0	122	122	1.0000000
NODE_6889_length_11740_cov_8.770896	4962	5084	0	122	122	1.0000000
NODE_688_length_24450_cov_18.057246	5088	5210	0	122	122	1.0000000
NODE_688_length_24450_cov_18.057246	15046	15168	0	122	122	1.0000000
NODE_6890_length_11738_cov_7.581665	5004	5126	0	122	122	1.0000000
NODE_6892_length_11736_cov_19.963307	4962	5084	1	12	122	0.0983607
NODE_6892_length_11736_cov_19.963307	4962	5084	2	110	122	0.9016393
NODE_6893_length_11734_cov_8.115514	4962	5084	0	122	122	1.0000000
NODE_6894_length_11733_cov_8.568592	4962	5084	0	122	122	1.0000000
NODE_6895_length_11733_cov_6.470088	4920	5042	0	122	122	1.0000000
NODE_6896_length_11732_cov_8.484054	4878	5000	0	122	122	1.0000000
NODE_6899_length_11730_cov_9.130427	4962	5084	0	122	122	1.0000000
NODE_689_length_24450_cov_8.041025	4962	5084	0	122	122	1.0000000
NODE_689_length_24450_cov_8.041025	15214	15336	0	122	122	1.0000000
NODE_68_length_42310_cov_9.241027	4962	5084	0	122	122	1.0000000
NODE_68_length_42310_cov_9.241027	14962	15084	0	122	122	1.0000000
NODE_68_length_42310_cov_9.241027	24794	24916	0	122	122	1.0000000
NODE_68_length_42310_cov_9.241027	34962	35084	0	25	122	0.2049180
NODE_68_length_42310_cov_9.241027	34962	35084	1	97	122	0.7950820
NODE_6900_length_11728_cov_16.460315	4962	5084	0	122	122	1.0000000
NODE_6901_length_11727_cov_8.382525	4962	5084	0	60	122	0.4918033
NODE_6901_length_11727_cov_8.382525	4962	5084	3	62	122	0.5081967
NODE_6903_length_11726_cov_6.917692	4962	5084	0	122	122	1.0000000
NODE_6904_length_11725_cov_7.405470	5130	5252	0	122	122	1.0000000
NODE_6905_length_11724_cov_7.018581	4962	5084	0	122	122	1.0000000
NODE_6906_length_11723_cov_8.646765	4962	5084	0	20	122	0.1639344
NODE_6906_length_11723_cov_8.646765	4962	5084	1	102	122	0.8360656
NODE_6909_length_11721_cov_8.207021	4962	5084	0	122	122	1.0000000
NODE_690_length_24442_cov_73.606992	4794	4916	0	122	122	1.0000000
NODE_690_length_24442_cov_73.606992	15004	15126	0	122	122	1.0000000
NODE_6910_length_11720_cov_9.287411	5214	5336	0	59	122	0.4836065
NODE_6910_length_11720_cov_9.287411	5214	5336	1	13	122	0.1065574
NODE_6910_length_11720_cov_9.287411	5214	5336	2	50	122	0.4098361
NODE_6911_length_11720_cov_8.770846	4962	5084	3	7	122	0.0573770
NODE_6911_length_11720_cov_8.770846	4962	5084	4	14	122	0.1147541
NODE_6911_length_11720_cov_8.770846	4962	5084	5	94	122	0.7704918
NODE_6911_length_11720_cov_8.770846	4962	5084	6	7	122	0.0573770
NODE_6912_length_11720_cov_8.153945	5046	5168	0	122	122	1.0000000
NODE_6913_length_11719_cov_7.807143	4962	5084	0	122	122	1.0000000
NODE_6915_length_11717_cov_15.748924	4962	5084	0	122	122	1.0000000
NODE_6916_length_11716_cov_8.242662	4962	5084	0	122	122	1.0000000
NODE_6917_length_11715_cov_10.621126	5004	5126	0	122	122	1.0000000
NODE_6918_length_11715_cov_9.708678	4920	5042	0	122	122	1.0000000
NODE_6919_length_11715_cov_8.207645	5172	5294	0	122	122	1.0000000
NODE_691_length_24435_cov_104.998849	4962	5084	0	122	122	1.0000000
NODE_691_length_24435_cov_104.998849	15046	15168	0	122	122	1.0000000
NODE_6920_length_11714_cov_9.076453	4962	5084	0	122	122	1.0000000
NODE_6921_length_11714_cov_8.005338	4962	5084	0	122	122	1.0000000
NODE_6923_length_11713_cov_6.881781	4962	5084	0	122	122	1.0000000
NODE_6925_length_11712_cov_8.057091	4962	5084	0	122	122	1.0000000
NODE_6927_length_11711_cov_18.284189	4878	5000	0	122	122	1.0000000
NODE_6928_length_11711_cov_8.285481	4920	5042	0	122	122	1.0000000
NODE_692_length_24432_cov_8.749106	4962	5084	0	122	122	1.0000000
NODE_692_length_24432_cov_8.749106	15046	15168	0	122	122	1.0000000
NODE_6931_length_11709_cov_34.497416	5004	5126	0	122	122	1.0000000
NODE_6932_length_11709_cov_10.598966	4962	5084	0	122	122	1.0000000
NODE_6933_length_11709_cov_6.467097	4962	5084	0	122	122	1.0000000
NODE_6936_length_11707_cov_21.225448	4962	5084	0	53	122	0.4344262
NODE_6936_length_11707_cov_21.225448	4962	5084	1	69	122	0.5655738
NODE_6937_length_11707_cov_9.816850	4962	5084	0	122	122	1.0000000
NODE_6938_length_11707_cov_9.300396	5214	5336	0	122	122	1.0000000
NODE_6939_length_11706_cov_7.816318	5004	5126	0	122	122	1.0000000
NODE_693_length_24427_cov_116.506289	14962	15084	0	122	122	1.0000000
NODE_6941_length_11704_cov_7.270745	4962	5084	0	122	122	1.0000000
NODE_6942_length_11703_cov_6.961134	4962	5084	0	22	122	0.1803279
NODE_6942_length_11703_cov_6.961134	4962	5084	2	100	122	0.8196721
NODE_6944_length_11701_cov_9.286847	4962	5084	0	122	122	1.0000000
NODE_6945_length_11698_cov_57.297957	4920	5042	0	122	122	1.0000000
NODE_6946_length_11698_cov_16.975084	4962	5084	0	19	122	0.1557377
NODE_6946_length_11698_cov_16.975084	4962	5084	1	9	122	0.0737705
NODE_6946_length_11698_cov_16.975084	4962	5084	3	94	122	0.7704918
NODE_6947_length_11698_cov_11.017760	4962	5084	0	122	122	1.0000000
NODE_694_length_24423_cov_7.432947	14962	15084	0	122	122	1.0000000
NODE_6950_length_11696_cov_9.481245	4878	5000	0	122	122	1.0000000
NODE_6951_length_11696_cov_8.765284	4962	5084	0	122	122	1.0000000
NODE_6953_length_11695_cov_8.214298	4962	5084	0	122	122	1.0000000
NODE_6954_length_11695_cov_7.053725	4962	5084	0	122	122	1.0000000
NODE_6955_length_11693_cov_7.348715	5004	5126	0	44	122	0.3606557
NODE_6955_length_11693_cov_7.348715	5004	5126	1	78	122	0.6393443
NODE_6956_length_11692_cov_8.016475	4962	5084	0	122	122	1.0000000
NODE_6958_length_11690_cov_8.508067	4962	5084	0	122	122	1.0000000
NODE_6959_length_11690_cov_7.597791	4962	5084	0	122	122	1.0000000
NODE_695_length_24382_cov_22.765597	5123	5246	0	123	123	1.0000000
NODE_695_length_24382_cov_22.765597	14962	15084	0	122	122	1.0000000
NODE_6960_length_11689_cov_7.067645	4962	5084	0	122	122	1.0000000
NODE_6961_length_11689_cov_6.767472	4962	5084	0	122	122	1.0000000
NODE_6962_length_11688_cov_8.993011	5004	5126	0	2	122	0.0163934
NODE_6962_length_11688_cov_8.993011	5004	5126	1	40	122	0.3278688
NODE_6962_length_11688_cov_8.993011	5004	5126	2	80	122	0.6557377
NODE_6963_length_11687_cov_7.821798	4962	5084	0	122	122	1.0000000
NODE_6965_length_11686_cov_11.281350	4962	5084	0	122	122	1.0000000
NODE_6967_length_11683_cov_6.494216	4962	5084	0	122	122	1.0000000
NODE_6969_length_11682_cov_7.080204	4962	5084	0	122	122	1.0000000
NODE_696_length_24382_cov_9.817938	4962	5084	0	122	122	1.0000000
NODE_696_length_24382_cov_9.817938	15004	15126	0	122	122	1.0000000
NODE_6970_length_11681_cov_9.284148	4962	5084	0	122	122	1.0000000
NODE_6973_length_11679_cov_8.678238	4962	5084	0	122	122	1.0000000
NODE_6974_length_11679_cov_7.068480	5004	5126	0	13	122	0.1065574
NODE_6974_length_11679_cov_7.068480	5004	5126	1	6	122	0.0491803
NODE_6974_length_11679_cov_7.068480	5004	5126	2	103	122	0.8442623
NODE_6975_length_11679_cov_6.752850	5004	5126	0	122	122	1.0000000
NODE_6978_length_11677_cov_10.981258	4962	5084	0	122	122	1.0000000
NODE_697_length_24367_cov_8.916845	4962	5084	0	122	122	1.0000000
NODE_697_length_24367_cov_8.916845	14962	15084	0	122	122	1.0000000
NODE_6980_length_11677_cov_7.536621	4962	5084	0	122	122	1.0000000
NODE_6981_length_11676_cov_8.107800	4752	4874	0	122	122	1.0000000
NODE_6982_length_11675_cov_9.363165	4752	4874	0	122	122	1.0000000
NODE_6983_length_11675_cov_8.021769	4962	5084	0	122	122	1.0000000
NODE_6985_length_11674_cov_11.307041	5382	5500	0	118	118	1.0000000
NODE_6986_length_11672_cov_15.538581	5004	5126	0	74	122	0.6065574
NODE_6986_length_11672_cov_15.538581	5004	5126	2	2	122	0.0163934
NODE_6986_length_11672_cov_15.538581	5004	5126	8	2	122	0.0163934
NODE_6986_length_11672_cov_15.538581	5004	5126	9	44	122	0.3606557
NODE_6987_length_11672_cov_8.600881	5004	5126	0	122	122	1.0000000
NODE_6988_length_11672_cov_8.078372	5004	5126	0	122	122	1.0000000
NODE_698_length_24362_cov_8.397436	4962	5084	0	122	122	1.0000000
NODE_698_length_24362_cov_8.397436	14962	15084	0	122	122	1.0000000
NODE_6990_length_11670_cov_8.997753	4752	4874	0	122	122	1.0000000
NODE_6991_length_11670_cov_7.852649	4962	5084	0	122	122	1.0000000
NODE_6995_length_11668_cov_7.593137	4836	4958	0	122	122	1.0000000
NODE_6996_length_11667_cov_8.272562	5088	5210	0	122	122	1.0000000
NODE_6997_length_11665_cov_16.474235	5130	5252	0	122	122	1.0000000
NODE_6998_length_11665_cov_11.331921	5004	5126	0	122	122	1.0000000
NODE_699_length_24345_cov_9.613380	4962	5084	0	122	122	1.0000000
NODE_69_length_42267_cov_8.557935	4962	5084	0	122	122	1.0000000
NODE_69_length_42267_cov_8.557935	14962	15084	1	122	122	1.0000000
NODE_69_length_42267_cov_8.557935	25088	25210	0	122	122	1.0000000
NODE_69_length_42267_cov_8.557935	35088	35210	0	122	122	1.0000000
NODE_6_length_80345_cov_2.962702	5046	5168	0	122	122	1.0000000
NODE_6_length_80345_cov_2.962702	24962	25084	0	122	122	1.0000000
NODE_6_length_80345_cov_2.962702	34962	35084	0	122	122	1.0000000
NODE_6_length_80345_cov_2.962702	44962	45084	0	122	122	1.0000000
NODE_6_length_80345_cov_2.962702	64962	65084	0	122	122	1.0000000
NODE_6_length_80345_cov_2.962702	74962	75084	0	122	122	1.0000000
NODE_7000_length_11664_cov_27.385560	4794	4916	0	122	122	1.0000000
NODE_7001_length_11664_cov_14.314916	4962	5084	0	122	122	1.0000000
NODE_7002_length_11663_cov_10.085005	4962	5084	0	122	122	1.0000000
NODE_7003_length_11662_cov_8.431549	5004	5126	0	122	122	1.0000000
NODE_7004_length_11662_cov_5.906253	4920	5042	0	122	122	1.0000000
NODE_7005_length_11661_cov_6.786196	4962	5084	0	122	122	1.0000000
NODE_7006_length_11660_cov_10.332411	4710	4832	0	57	122	0.4672131
NODE_7006_length_11660_cov_10.332411	4710	4832	1	65	122	0.5327869
NODE_7007_length_11659_cov_8.558737	4962	5084	0	122	122	1.0000000
NODE_7008_length_11659_cov_7.791522	4962	5084	0	58	122	0.4754098
NODE_7008_length_11659_cov_7.791522	4962	5084	2	64	122	0.5245901
NODE_7009_length_11658_cov_8.395709	4962	5084	0	122	122	1.0000000
NODE_700_length_24337_cov_22.681368	4878	5000	0	122	122	1.0000000
NODE_700_length_24337_cov_22.681368	15046	15168	0	122	122	1.0000000
NODE_7011_length_11657_cov_7.225298	4962	5084	0	122	122	1.0000000
NODE_7012_length_11654_cov_8.289745	5088	5210	0	122	122	1.0000000
NODE_7013_length_11654_cov_8.236175	4962	5084	0	122	122	1.0000000
NODE_7015_length_11654_cov_4.839463	5256	5378	0	122	122	1.0000000
NODE_7016_length_11653_cov_7.946512	4962	5084	0	11	122	0.0901639
NODE_7016_length_11653_cov_7.946512	4962	5084	1	111	122	0.9098361
NODE_701_length_24335_cov_7.903243	4962	5084	0	62	122	0.5081967
NODE_701_length_24335_cov_7.903243	4962	5084	2	60	122	0.4918033
NODE_701_length_24335_cov_7.903243	14920	15042	0	18	122	0.1475410
NODE_701_length_24335_cov_7.903243	14920	15042	2	11	122	0.0901639
NODE_701_length_24335_cov_7.903243	14920	15042	4	93	122	0.7622951
NODE_7020_length_11648_cov_5.925015	4920	5042	0	122	122	1.0000000
NODE_7022_length_11645_cov_7.536030	4962	5084	0	122	122	1.0000000
NODE_7024_length_11644_cov_8.763014	4962	5084	0	122	122	1.0000000
NODE_7025_length_11642_cov_9.949926	4794	4916	0	122	122	1.0000000
NODE_7026_length_11641_cov_9.167302	4962	5084	0	122	122	1.0000000
NODE_7027_length_11641_cov_7.558136	4920	5042	0	122	122	1.0000000
NODE_7028_length_11640_cov_8.558877	4920	5042	0	122	122	1.0000000
NODE_7029_length_11640_cov_8.037518	4920	5042	0	33	122	0.2704918
NODE_7029_length_11640_cov_8.037518	4920	5042	1	89	122	0.7295082
NODE_702_length_24331_cov_8.899059	14962	15084	0	122	122	1.0000000
NODE_7030_length_11637_cov_54.298925	5046	5168	0	30	122	0.2459016
NODE_7030_length_11637_cov_54.298925	5046	5168	1	34	122	0.2786885
NODE_7030_length_11637_cov_54.298925	5046	5168	2	58	122	0.4754098
NODE_7032_length_11637_cov_7.291385	5046	5168	0	122	122	1.0000000
NODE_7033_length_11636_cov_49.554650	4962	5084	0	2	122	0.0163934
NODE_7033_length_11636_cov_49.554650	4962	5084	1	31	122	0.2540984
NODE_7033_length_11636_cov_49.554650	4962	5084	2	32	122	0.2622951
NODE_7033_length_11636_cov_49.554650	4962	5084	3	57	122	0.4672131
NODE_7034_length_11636_cov_8.167721	4962	5084	0	29	122	0.2377049
NODE_7034_length_11636_cov_8.167721	4962	5084	2	93	122	0.7622951
NODE_7035_length_11636_cov_7.818930	4962	5084	0	122	122	1.0000000
NODE_7036_length_11636_cov_7.528127	4962	5084	0	122	122	1.0000000
NODE_7037_length_11634_cov_9.373819	4920	5042	0	122	122	1.0000000
NODE_7039_length_11634_cov_8.017425	4962	5084	0	122	122	1.0000000
NODE_703_length_24328_cov_9.571381	4962	5084	0	122	122	1.0000000
NODE_703_length_24328_cov_9.571381	14962	15084	0	122	122	1.0000000
NODE_7040_length_11633_cov_9.270938	4962	5084	0	55	122	0.4508197
NODE_7040_length_11633_cov_9.270938	4962	5084	1	67	122	0.5491803
NODE_7041_length_11631_cov_9.214707	4962	5084	0	122	122	1.0000000
NODE_7042_length_11631_cov_6.275581	4962	5084	0	122	122	1.0000000
NODE_7044_length_11630_cov_8.417657	4962	5084	0	122	122	1.0000000
NODE_7045_length_11630_cov_7.902090	4836	4958	0	122	122	1.0000000
NODE_7046_length_11629_cov_10.834692	5088	5210	0	122	122	1.0000000
NODE_7047_length_11629_cov_8.184562	4962	5084	0	122	122	1.0000000
NODE_7048_length_11629_cov_8.046487	5046	5168	0	63	122	0.5163934
NODE_7048_length_11629_cov_8.046487	5046	5168	1	1	122	0.0081967
NODE_7048_length_11629_cov_8.046487	5046	5168	2	58	122	0.4754098
NODE_7049_length_11627_cov_17.736381	4878	5000	0	122	122	1.0000000
NODE_704_length_24313_cov_8.459197	4962	5084	0	122	122	1.0000000
NODE_704_length_24313_cov_8.459197	14962	15084	0	122	122	1.0000000
NODE_7050_length_11627_cov_12.466083	4836	4958	0	122	122	1.0000000
NODE_7051_length_11627_cov_7.895906	4710	4832	0	117	122	0.9590164
NODE_7051_length_11627_cov_7.895906	4710	4832	1	5	122	0.0409836
NODE_7052_length_11627_cov_7.519604	5214	5336	0	122	122	1.0000000
NODE_7053_length_11627_cov_7.440146	4962	5084	0	122	122	1.0000000
NODE_7054_length_11626_cov_12.220526	5004	5126	0	8	122	0.0655738
NODE_7054_length_11626_cov_12.220526	5004	5126	3	61	122	0.5000000
NODE_7054_length_11626_cov_12.220526	5004	5126	4	53	122	0.4344262
NODE_7055_length_11625_cov_9.661027	4962	5084	0	122	122	1.0000000
NODE_7056_length_11625_cov_8.644716	4962	5084	0	122	122	1.0000000
NODE_7057_length_11624_cov_7.797310	4878	5000	0	122	122	1.0000000
NODE_7058_length_11623_cov_9.207046	4962	5084	0	122	122	1.0000000
NODE_705_length_24308_cov_9.357760	4962	5084	0	122	122	1.0000000
NODE_7060_length_11623_cov_7.674158	4962	5084	0	122	122	1.0000000
NODE_7061_length_11622_cov_48.199861	4962	5084	0	122	122	1.0000000
NODE_7064_length_11622_cov_7.479042	4962	5084	0	122	122	1.0000000
NODE_7065_length_11622_cov_7.409529	5088	5210	0	122	122	1.0000000
NODE_7067_length_11620_cov_7.695599	4962	5084	0	122	122	1.0000000
NODE_7069_length_11619_cov_36.185156	4920	5042	0	122	122	1.0000000
NODE_706_length_24307_cov_8.947249	4962	5084	0	122	122	1.0000000
NODE_706_length_24307_cov_8.947249	14962	15084	0	122	122	1.0000000
NODE_7070_length_11619_cov_11.645226	4962	5084	0	122	122	1.0000000
NODE_7072_length_11618_cov_6.219029	4962	5084	0	122	122	1.0000000
NODE_7074_length_11616_cov_6.563949	4962	5084	0	122	122	1.0000000
NODE_7075_length_11615_cov_8.146666	5172	5294	0	122	122	1.0000000
NODE_7076_length_11614_cov_46.580634	4962	5084	0	122	122	1.0000000
NODE_7077_length_11613_cov_11.327775	4962	5084	2	122	122	1.0000000
NODE_7078_length_11613_cov_8.913670	4920	5042	0	122	122	1.0000000
NODE_7079_length_11613_cov_8.881796	5130	5252	0	122	122	1.0000000
NODE_707_length_24302_cov_10.836219	14962	15084	0	122	122	1.0000000
NODE_7080_length_11613_cov_8.300764	4920	5042	1	77	122	0.6311476
NODE_7080_length_11613_cov_8.300764	4920	5042	2	45	122	0.3688525
NODE_7081_length_11612_cov_7.898289	5004	5126	0	122	122	1.0000000
NODE_7082_length_11611_cov_19.031359	4962	5084	0	122	122	1.0000000
NODE_7083_length_11610_cov_8.969942	4962	5084	0	122	122	1.0000000
NODE_7085_length_11609_cov_26.784014	4962	5084	1	122	122	1.0000000
NODE_7086_length_11609_cov_9.631798	4962	5084	0	122	122	1.0000000
NODE_7087_length_11609_cov_9.233536	5004	5126	0	122	122	1.0000000
NODE_7088_length_11609_cov_7.302172	4962	5084	0	23	122	0.1885246
NODE_7088_length_11609_cov_7.302172	4962	5084	2	99	122	0.8114754
NODE_708_length_24300_cov_16.779348	4962	5084	0	122	122	1.0000000
NODE_708_length_24300_cov_16.779348	14962	15084	0	122	122	1.0000000
NODE_7090_length_11607_cov_22.618526	5046	5168	0	122	122	1.0000000
NODE_7091_length_11607_cov_8.057525	4962	5084	0	122	122	1.0000000
NODE_7093_length_11606_cov_7.229512	4920	5042	0	122	122	1.0000000
NODE_7094_length_11603_cov_7.422114	4962	5084	0	122	122	1.0000000
NODE_7095_length_11602_cov_30.858906	4962	5084	0	122	122	1.0000000
NODE_7096_length_11602_cov_9.349387	4962	5084	0	122	122	1.0000000
NODE_7097_length_11602_cov_9.193862	4962	5084	0	122	122	1.0000000
NODE_7099_length_11602_cov_7.945058	4920	5042	1	27	122	0.2213115
NODE_7099_length_11602_cov_7.945058	4920	5042	2	22	122	0.1803279
NODE_7099_length_11602_cov_7.945058	4920	5042	3	73	122	0.5983607
NODE_709_length_24267_cov_10.573982	4962	5084	0	122	122	1.0000000
NODE_70_length_42047_cov_3.163345	4962	5084	0	122	122	1.0000000
NODE_70_length_42047_cov_3.163345	24962	25084	0	122	122	1.0000000
NODE_7100_length_11601_cov_8.123457	4962	5084	2	20	122	0.1639344
NODE_7100_length_11601_cov_8.123457	4962	5084	4	102	122	0.8360656
NODE_7101_length_11601_cov_7.645366	4962	5084	0	122	122	1.0000000
NODE_7102_length_11600_cov_9.428398	4962	5084	0	122	122	1.0000000
NODE_7103_length_11600_cov_8.173202	4962	5084	0	29	122	0.2377049
NODE_7103_length_11600_cov_8.173202	4962	5084	1	93	122	0.7622951
NODE_7104_length_11599_cov_14.805913	4962	5084	0	122	122	1.0000000
NODE_7106_length_11598_cov_6.391077	4878	5000	0	122	122	1.0000000
NODE_7107_length_11597_cov_10.521482	4962	5084	0	122	122	1.0000000
NODE_7108_length_11596_cov_11.990519	4962	5084	0	122	122	1.0000000
NODE_7109_length_11596_cov_8.290858	4626	4748	0	122	122	1.0000000
NODE_710_length_24248_cov_7.841236	4962	5084	2	122	122	1.0000000
NODE_710_length_24248_cov_7.841236	14962	15084	0	122	122	1.0000000
NODE_7110_length_11595_cov_9.638744	4962	5084	0	122	122	1.0000000
NODE_7111_length_11593_cov_9.081695	5004	5126	0	122	122	1.0000000
NODE_7112_length_11590_cov_8.127578	4962	5084	0	122	122	1.0000000
NODE_7113_length_11589_cov_7.411923	4962	5084	0	122	122	1.0000000
NODE_7114_length_11587_cov_8.453430	4962	5084	0	122	122	1.0000000
NODE_7115_length_11587_cov_7.942897	4878	5000	0	122	122	1.0000000
NODE_7116_length_11587_cov_7.801967	4962	5084	0	122	122	1.0000000
NODE_7117_length_11587_cov_6.940895	4920	5042	0	122	122	1.0000000
NODE_7118_length_11586_cov_17.848350	5046	5168	1	122	122	1.0000000
NODE_7119_length_11584_cov_48.145146	5004	5126	0	122	122	1.0000000
NODE_711_length_24244_cov_9.102754	14962	15084	0	6	122	0.0491803
NODE_711_length_24244_cov_9.102754	14962	15084	1	8	122	0.0655738
NODE_711_length_24244_cov_9.102754	14962	15084	2	108	122	0.8852459
NODE_7121_length_11583_cov_9.658133	5046	5168	1	28	122	0.2295082
NODE_7121_length_11583_cov_9.658133	5046	5168	2	94	122	0.7704918
NODE_7122_length_11582_cov_10.756248	4962	5084	0	122	122	1.0000000
NODE_7123_length_11582_cov_7.681529	4962	5084	2	1	122	0.0081967
NODE_7123_length_11582_cov_7.681529	4962	5084	3	72	122	0.5901639
NODE_7123_length_11582_cov_7.681529	4962	5084	4	49	122	0.4016393
NODE_7124_length_11580_cov_12.458584	4962	5084	0	122	122	1.0000000
NODE_7125_length_11579_cov_8.383885	4962	5084	0	122	122	1.0000000
NODE_7126_length_11579_cov_7.659408	4962	5084	0	122	122	1.0000000
NODE_7127_length_11578_cov_9.076313	5004	5126	0	122	122	1.0000000
NODE_7128_length_11578_cov_8.240613	5004	5126	0	122	122	1.0000000
NODE_7129_length_11576_cov_12.761872	5004	5126	0	13	122	0.1065574
NODE_7129_length_11576_cov_12.761872	5004	5126	1	109	122	0.8934426
NODE_7131_length_11575_cov_7.850906	4962	5084	0	122	122	1.0000000
NODE_7132_length_11574_cov_9.937342	4626	4748	0	26	122	0.2131148
NODE_7132_length_11574_cov_9.937342	4626	4748	1	38	122	0.3114754
NODE_7132_length_11574_cov_9.937342	4626	4748	2	58	122	0.4754098
NODE_7133_length_11574_cov_9.617342	4962	5084	0	122	122	1.0000000
NODE_7134_length_11574_cov_7.826580	4962	5084	0	122	122	1.0000000
NODE_7135_length_11573_cov_9.055953	5172	5294	0	122	122	1.0000000
NODE_7137_length_11572_cov_8.296609	5256	5378	0	122	122	1.0000000
NODE_7139_length_11570_cov_8.262575	5004	5126	0	122	122	1.0000000
NODE_713_length_24242_cov_29.349335	4962	5084	0	122	122	1.0000000
NODE_7140_length_11570_cov_8.199634	4962	5084	0	122	122	1.0000000
NODE_7141_length_11569_cov_9.151962	4962	5084	0	122	122	1.0000000
NODE_7142_length_11568_cov_14.916558	4878	5000	0	122	122	1.0000000
NODE_7143_length_11567_cov_7.677712	4962	5084	0	122	122	1.0000000
NODE_7144_length_11566_cov_12.635301	4962	5084	0	57	122	0.4672131
NODE_7144_length_11566_cov_12.635301	4962	5084	2	65	122	0.5327869
NODE_7146_length_11565_cov_9.899180	4962	5084	0	122	122	1.0000000
NODE_7147_length_11565_cov_8.821559	4962	5084	0	122	122	1.0000000
NODE_7148_length_11565_cov_7.924385	5172	5294	0	23	122	0.1885246
NODE_7148_length_11565_cov_7.924385	5172	5294	1	99	122	0.8114754
NODE_7149_length_11565_cov_7.876592	4962	5084	0	122	122	1.0000000
NODE_714_length_24237_cov_8.172425	4962	5084	0	122	122	1.0000000
NODE_714_length_24237_cov_8.172425	14962	15084	0	122	122	1.0000000
NODE_7153_length_11564_cov_8.584213	5130	5252	0	122	122	1.0000000
NODE_7154_length_11564_cov_7.498823	4878	5000	0	122	122	1.0000000
NODE_7155_length_11564_cov_7.218229	4962	5084	0	122	122	1.0000000
NODE_7156_length_11563_cov_9.097872	4962	5084	0	122	122	1.0000000
NODE_7157_length_11563_cov_8.340108	4962	5084	0	122	122	1.0000000
NODE_7159_length_11562_cov_7.956032	4962	5084	0	122	122	1.0000000
NODE_715_length_24227_cov_8.704493	4962	5084	0	122	122	1.0000000
NODE_7160_length_11561_cov_8.000698	4962	5084	0	122	122	1.0000000
NODE_7161_length_11561_cov_7.897138	4920	5042	0	122	122	1.0000000
NODE_7162_length_11558_cov_9.206999	4962	5084	0	93	122	0.7622951
NODE_7162_length_11558_cov_9.206999	4962	5084	2	29	122	0.2377049
NODE_7165_length_11555_cov_9.975471	4920	5042	0	40	122	0.3278688
NODE_7165_length_11555_cov_9.975471	4920	5042	2	82	122	0.6721311
NODE_7166_length_11555_cov_7.384777	4962	5084	0	122	122	1.0000000
NODE_7168_length_11553_cov_13.468919	4920	5042	0	122	122	1.0000000
NODE_7169_length_11553_cov_10.054479	4542	4664	0	122	122	1.0000000
NODE_716_length_24223_cov_9.068562	4752	4874	0	122	122	1.0000000
NODE_716_length_24223_cov_9.068562	14584	14706	0	122	122	1.0000000
NODE_7170_length_11552_cov_7.108880	4962	5084	0	122	122	1.0000000
NODE_7171_length_11551_cov_17.051781	4920	5042	7	29	122	0.2377049
NODE_7171_length_11551_cov_17.051781	4920	5042	14	28	122	0.2295082
NODE_7171_length_11551_cov_17.051781	4920	5042	16	23	122	0.1885246
NODE_7171_length_11551_cov_17.051781	4920	5042	21	42	122	0.3442623
NODE_7173_length_11551_cov_7.783968	4962	5084	0	122	122	1.0000000
NODE_7176_length_11550_cov_7.835822	4962	5084	0	122	122	1.0000000
NODE_7177_length_11549_cov_29.918079	4920	5042	0	122	122	1.0000000
NODE_7178_length_11549_cov_5.508559	4962	5084	0	122	122	1.0000000
NODE_7179_length_11547_cov_8.154962	4962	5084	0	122	122	1.0000000
NODE_717_length_24180_cov_10.611312	5004	5126	0	122	122	1.0000000
NODE_7180_length_11546_cov_8.039224	4962	5084	0	122	122	1.0000000
NODE_7181_length_11545_cov_20.774594	4836	4958	0	7	122	0.0573770
NODE_7181_length_11545_cov_20.774594	4836	4958	1	59	122	0.4836065
NODE_7181_length_11545_cov_20.774594	4836	4958	2	56	122	0.4590164
NODE_7182_length_11545_cov_8.529093	4962	5084	0	122	122	1.0000000
NODE_7183_length_11544_cov_8.248231	4962	5084	0	122	122	1.0000000
NODE_7184_length_11543_cov_8.849091	4962	5084	0	122	122	1.0000000
NODE_7185_length_11543_cov_8.484533	4962	5084	0	122	122	1.0000000
NODE_7187_length_11542_cov_194.580704	5046	5168	0	122	122	1.0000000
NODE_7188_length_11541_cov_6.704772	4962	5084	0	122	122	1.0000000
NODE_7189_length_11540_cov_17.609999	4962	5084	0	122	122	1.0000000
NODE_718_length_24167_cov_8.443036	5004	5126	0	122	122	1.0000000
NODE_718_length_24167_cov_8.443036	14920	15042	0	122	122	1.0000000
NODE_7190_length_11539_cov_7.401836	5046	5168	0	47	122	0.3852459
NODE_7190_length_11539_cov_7.401836	5046	5168	1	3	122	0.0245902
NODE_7190_length_11539_cov_7.401836	5046	5168	2	72	122	0.5901639
NODE_7192_length_11537_cov_7.222854	4920	5042	0	122	122	1.0000000
NODE_7194_length_11537_cov_6.811593	4962	5084	0	61	122	0.5000000
NODE_7194_length_11537_cov_6.811593	4962	5084	2	61	122	0.5000000
NODE_7195_length_11536_cov_7.592026	4962	5084	0	122	122	1.0000000
NODE_7197_length_11533_cov_8.414641	4920	5042	0	122	122	1.0000000
NODE_7198_length_11533_cov_7.751443	5046	5168	0	122	122	1.0000000
NODE_7199_length_11532_cov_8.881046	4794	4916	0	122	122	1.0000000
NODE_719_length_24165_cov_8.516912	5046	5168	0	122	122	1.0000000
NODE_719_length_24165_cov_8.516912	14962	15084	0	122	122	1.0000000
NODE_71_length_42010_cov_26.564959	4962	5084	0	122	122	1.0000000
NODE_71_length_42010_cov_26.564959	14920	15042	0	122	122	1.0000000
NODE_71_length_42010_cov_26.564959	24962	25084	0	122	122	1.0000000
NODE_71_length_42010_cov_26.564959	34962	35084	0	122	122	1.0000000
NODE_7200_length_11532_cov_8.452987	4962	5084	0	122	122	1.0000000
NODE_7201_length_11531_cov_11.062019	4752	4874	0	122	122	1.0000000
NODE_7205_length_11531_cov_8.118527	4962	5084	0	122	122	1.0000000
NODE_7206_length_11530_cov_8.851719	4962	5084	0	27	122	0.2213115
NODE_7206_length_11530_cov_8.851719	4962	5084	2	95	122	0.7786885
NODE_7207_length_11529_cov_8.889589	4962	5084	0	122	122	1.0000000
NODE_7208_length_11527_cov_68.439009	4920	5042	0	122	122	1.0000000
NODE_7209_length_11527_cov_14.075429	4962	5084	0	122	122	1.0000000
NODE_720_length_24163_cov_21.756981	4962	5084	0	122	122	1.0000000
NODE_720_length_24163_cov_21.756981	14920	15042	0	122	122	1.0000000
NODE_7210_length_11526_cov_7.993874	5046	5168	0	122	122	1.0000000
NODE_7211_length_11526_cov_7.121204	4962	5084	0	122	122	1.0000000
NODE_7212_length_11525_cov_8.219412	4962	5084	0	122	122	1.0000000
NODE_7213_length_11524_cov_7.444201	5046	5168	0	122	122	1.0000000
NODE_7214_length_11524_cov_7.230897	4920	5042	0	16	122	0.1311475
NODE_7214_length_11524_cov_7.230897	4920	5042	2	26	122	0.2131148
NODE_7214_length_11524_cov_7.230897	4920	5042	4	80	122	0.6557377
NODE_7215_length_11523_cov_9.258053	5130	5252	0	81	122	0.6639344
NODE_7215_length_11523_cov_9.258053	5130	5252	1	7	122	0.0573770
NODE_7215_length_11523_cov_9.258053	5130	5252	2	34	122	0.2786885
NODE_7216_length_11523_cov_9.127714	4962	5084	0	122	122	1.0000000
NODE_7217_length_11523_cov_6.476716	4962	5084	0	122	122	1.0000000
NODE_7218_length_11523_cov_5.927521	4962	5084	0	122	122	1.0000000
NODE_7219_length_11522_cov_9.320581	4962	5084	0	122	122	1.0000000
NODE_721_length_24143_cov_7.554733	14836	14958	0	122	122	1.0000000
NODE_7220_length_11522_cov_8.958330	5046	5168	0	122	122	1.0000000
NODE_7221_length_11521_cov_12.276484	4500	4622	0	44	122	0.3606557
NODE_7221_length_11521_cov_12.276484	4500	4622	1	78	122	0.6393443
NODE_7222_length_11518_cov_12.580786	4962	5084	0	122	122	1.0000000
NODE_7223_length_11518_cov_7.651546	4962	5084	0	122	122	1.0000000
NODE_7224_length_11517_cov_7.978543	5088	5210	0	122	122	1.0000000
NODE_7225_length_11516_cov_13.404222	4962	5084	0	122	122	1.0000000
NODE_7226_length_11514_cov_13.601664	4962	5084	0	122	122	1.0000000
NODE_7228_length_11514_cov_7.412177	4962	5084	0	122	122	1.0000000
NODE_722_length_24140_cov_14.146708	4962	5084	0	8	122	0.0655738
NODE_722_length_24140_cov_14.146708	4962	5084	1	1	122	0.0081967
NODE_722_length_24140_cov_14.146708	4962	5084	9	13	122	0.1065574
NODE_722_length_24140_cov_14.146708	4962	5084	10	26	122	0.2131148
NODE_722_length_24140_cov_14.146708	4962	5084	11	9	122	0.0737705
NODE_722_length_24140_cov_14.146708	4962	5084	12	65	122	0.5327869
NODE_7231_length_11511_cov_20.688135	4962	5084	0	122	122	1.0000000
NODE_7233_length_11510_cov_6.925773	5046	5168	0	122	122	1.0000000
NODE_7234_length_11509_cov_8.369676	5004	5126	0	122	122	1.0000000
NODE_7235_length_11509_cov_7.007450	4962	5084	0	26	122	0.2131148
NODE_7235_length_11509_cov_7.007450	4962	5084	2	96	122	0.7868853
NODE_7237_length_11508_cov_6.767114	4962	5084	0	122	122	1.0000000
NODE_7239_length_11507_cov_8.431802	5088	5210	0	122	122	1.0000000
NODE_723_length_24133_cov_8.015187	4962	5084	0	43	122	0.3524590
NODE_723_length_24133_cov_8.015187	4962	5084	1	28	122	0.2295082
NODE_723_length_24133_cov_8.015187	4962	5084	2	51	122	0.4180328
NODE_723_length_24133_cov_8.015187	15004	15126	0	122	122	1.0000000
NODE_7240_length_11507_cov_8.023229	5130	5252	0	122	122	1.0000000
NODE_7241_length_11506_cov_8.733935	4962	5084	0	122	122	1.0000000
NODE_7242_length_11506_cov_6.869028	4878	5000	0	122	122	1.0000000
NODE_7244_length_11505_cov_7.609942	5088	5210	0	122	122	1.0000000
NODE_7245_length_11505_cov_7.297563	4962	5084	0	122	122	1.0000000
NODE_7246_length_11505_cov_6.406365	4962	5084	0	122	122	1.0000000
NODE_7247_length_11504_cov_6.834283	4962	5084	0	122	122	1.0000000
NODE_7248_length_11503_cov_9.106103	4962	5084	0	122	122	1.0000000
NODE_7249_length_11503_cov_6.707120	4962	5084	0	122	122	1.0000000
NODE_724_length_24123_cov_8.516317	4962	5084	0	122	122	1.0000000
NODE_724_length_24123_cov_8.516317	15004	15126	0	122	122	1.0000000
NODE_7250_length_11502_cov_8.186881	5004	5126	0	122	122	1.0000000
NODE_7251_length_11502_cov_8.139525	4878	5000	0	122	122	1.0000000
NODE_7252_length_11501_cov_7.982722	4920	5042	0	122	122	1.0000000
NODE_7254_length_11500_cov_7.812560	4794	4916	0	122	122	1.0000000
NODE_7255_length_11500_cov_7.701956	4794	4916	1	11	122	0.0901639
NODE_7255_length_11500_cov_7.701956	4794	4916	2	111	122	0.9098361
NODE_7256_length_11500_cov_7.678098	4962	5084	0	122	122	1.0000000
NODE_7258_length_11499_cov_20.414649	4752	4874	0	122	122	1.0000000
NODE_7259_length_11499_cov_12.357105	4962	5084	0	122	122	1.0000000
NODE_725_length_24121_cov_8.772875	14962	15084	0	122	122	1.0000000
NODE_7260_length_11499_cov_8.830526	4962	5084	0	122	122	1.0000000
NODE_7261_length_11499_cov_8.273333	4962	5084	0	122	122	1.0000000
NODE_7262_length_11499_cov_7.712018	5004	5126	0	122	122	1.0000000
NODE_7263_length_11498_cov_14.653040	4962	5084	0	39	122	0.3196721
NODE_7263_length_11498_cov_14.653040	4962	5084	1	83	122	0.6803279
NODE_7265_length_11496_cov_10.197947	5340	5462	0	122	122	1.0000000
NODE_7266_length_11496_cov_8.984382	4962	5084	0	122	122	1.0000000
NODE_7267_length_11494_cov_9.340763	4962	5084	0	122	122	1.0000000
NODE_7268_length_11494_cov_7.903466	4962	5084	0	122	122	1.0000000
NODE_726_length_24081_cov_8.103828	4962	5084	0	122	122	1.0000000
NODE_726_length_24081_cov_8.103828	14962	15084	0	122	122	1.0000000
NODE_7270_length_11494_cov_7.164721	5004	5126	0	122	122	1.0000000
NODE_7271_length_11493_cov_9.196507	5004	5126	0	122	122	1.0000000
NODE_7273_length_11492_cov_8.153603	4962	5084	0	63	122	0.5163934
NODE_7273_length_11492_cov_8.153603	4962	5084	1	59	122	0.4836065
NODE_7274_length_11492_cov_5.896340	5130	5252	0	18	122	0.1475410
NODE_7274_length_11492_cov_5.896340	5130	5252	2	104	122	0.8524590
NODE_7275_length_11491_cov_8.749034	4962	5084	0	122	122	1.0000000
NODE_7276_length_11491_cov_7.398964	4962	5084	0	60	122	0.4918033
NODE_7276_length_11491_cov_7.398964	4962	5084	1	62	122	0.5081967
NODE_7277_length_11490_cov_8.757089	4962	5084	0	122	122	1.0000000
NODE_7278_length_11489_cov_9.051097	4962	5084	1	14	122	0.1147541
NODE_7278_length_11489_cov_9.051097	4962	5084	2	108	122	0.8852459
NODE_7279_length_11489_cov_8.415364	5130	5252	0	122	122	1.0000000
NODE_727_length_24074_cov_6.967299	4962	5084	0	122	122	1.0000000
NODE_727_length_24074_cov_6.967299	14920	15042	0	122	122	1.0000000
NODE_7280_length_11488_cov_8.089384	4962	5084	0	15	122	0.1229508
NODE_7280_length_11488_cov_8.089384	4962	5084	2	107	122	0.8770492
NODE_7281_length_11486_cov_18.963906	5088	5210	0	122	122	1.0000000
NODE_7282_length_11486_cov_9.971986	4668	4790	0	122	122	1.0000000
NODE_7283_length_11485_cov_19.659494	4836	4958	0	21	122	0.1721312
NODE_7283_length_11485_cov_19.659494	4836	4958	1	101	122	0.8278689
NODE_7284_length_11485_cov_9.531881	4962	5084	0	122	122	1.0000000
NODE_7285_length_11484_cov_7.396223	4962	5084	0	122	122	1.0000000
NODE_7287_length_11482_cov_7.240183	4962	5084	0	122	122	1.0000000
NODE_7288_length_11482_cov_2.934024	4962	5084	0	122	122	1.0000000
NODE_7289_length_11481_cov_9.254349	4962	5084	0	122	122	1.0000000
NODE_728_length_24066_cov_2.713857	14962	15084	0	122	122	1.0000000
NODE_7291_length_11481_cov_7.961430	4962	5084	0	122	122	1.0000000
NODE_7292_length_11480_cov_8.341446	4920	5042	0	6	122	0.0491803
NODE_7292_length_11480_cov_8.341446	4920	5042	2	116	122	0.9508197
NODE_7294_length_11479_cov_11.777065	4794	4916	0	122	122	1.0000000
NODE_7295_length_11479_cov_11.418278	4962	5084	0	122	122	1.0000000
NODE_7296_length_11479_cov_6.187786	4962	5084	0	122	122	1.0000000
NODE_7299_length_11478_cov_7.655242	4962	5084	0	122	122	1.0000000
NODE_729_length_24041_cov_8.519130	5130	5252	0	122	122	1.0000000
NODE_729_length_24041_cov_8.519130	15088	15210	0	122	122	1.0000000
NODE_72_length_41672_cov_11.918842	15004	15126	0	122	122	1.0000000
NODE_72_length_41672_cov_11.918842	24962	25084	0	122	122	1.0000000
NODE_72_length_41672_cov_11.918842	34962	35084	0	122	122	1.0000000
NODE_7300_length_11478_cov_7.351876	5298	5420	0	122	122	1.0000000
NODE_7301_length_11477_cov_8.073387	4962	5084	0	122	122	1.0000000
NODE_7303_length_11476_cov_27.283906	4962	5084	0	122	122	1.0000000
NODE_7305_length_11474_cov_8.731516	4962	5084	0	122	122	1.0000000
NODE_7306_length_11474_cov_8.677890	4962	5084	0	122	122	1.0000000
NODE_7307_length_11474_cov_7.287297	4878	5000	0	122	122	1.0000000
NODE_7308_length_11473_cov_45.884298	4710	4832	0	122	122	1.0000000
NODE_7309_length_11472_cov_7.534863	4962	5084	0	122	122	1.0000000
NODE_730_length_24031_cov_56.849407	14920	15042	0	122	122	1.0000000
NODE_7310_length_11470_cov_217.440419	4962	5084	0	122	122	1.0000000
NODE_7311_length_11468_cov_8.717653	4962	5084	0	122	122	1.0000000
NODE_7312_length_11467_cov_8.118754	4962	5084	0	122	122	1.0000000
NODE_7315_length_11465_cov_7.019972	4962	5084	0	122	122	1.0000000
NODE_7317_length_11464_cov_8.137527	4962	5084	1	43	122	0.3524590
NODE_7317_length_11464_cov_8.137527	4962	5084	2	79	122	0.6475410
NODE_7318_length_11464_cov_7.076551	4962	5084	0	122	122	1.0000000
NODE_7319_length_11463_cov_24.918867	5046	5168	0	122	122	1.0000000
NODE_731_length_24031_cov_9.400719	4962	5084	0	122	122	1.0000000
NODE_7322_length_11462_cov_8.544398	4542	4664	0	122	122	1.0000000
NODE_7323_length_11461_cov_7.618729	4836	4958	0	122	122	1.0000000
NODE_7326_length_11460_cov_9.206496	4962	5084	0	122	122	1.0000000
NODE_7329_length_11456_cov_6.980276	4962	5084	0	122	122	1.0000000
NODE_732_length_24030_cov_10.348084	4962	5084	0	122	122	1.0000000
NODE_732_length_24030_cov_10.348084	15046	15168	1	60	122	0.4918033
NODE_732_length_24030_cov_10.348084	15046	15168	2	48	122	0.3934426
NODE_732_length_24030_cov_10.348084	15046	15168	3	14	122	0.1147541
NODE_7330_length_11455_cov_10.322032	4962	5084	0	122	122	1.0000000
NODE_7331_length_11455_cov_8.215657	5004	5126	0	122	122	1.0000000
NODE_7333_length_11452_cov_17.318154	4962	5084	0	122	122	1.0000000
NODE_7334_length_11451_cov_20.115839	4878	5000	0	122	122	1.0000000
NODE_7335_length_11450_cov_8.439785	4962	5084	0	122	122	1.0000000
NODE_7337_length_11448_cov_7.853820	5004	5126	0	122	122	1.0000000
NODE_7338_length_11448_cov_7.822275	4962	5084	0	122	122	1.0000000
NODE_733_length_24019_cov_8.284197	4962	5084	0	122	122	1.0000000
NODE_733_length_24019_cov_8.284197	14752	14874	0	122	122	1.0000000
NODE_7340_length_11447_cov_8.981759	4962	5084	0	122	122	1.0000000
NODE_7341_length_11447_cov_8.133063	5046	5168	1	90	122	0.7377049
NODE_7341_length_11447_cov_8.133063	5046	5168	2	32	122	0.2622951
NODE_7342_length_11447_cov_7.196070	5130	5252	0	122	122	1.0000000
NODE_7343_length_11447_cov_6.561597	4962	5084	0	122	122	1.0000000
NODE_7344_length_11446_cov_8.184630	4962	5084	0	122	122	1.0000000
NODE_7345_length_11446_cov_7.550101	4794	4916	0	122	122	1.0000000
NODE_7348_length_11443_cov_8.442877	4836	4958	0	122	122	1.0000000
NODE_7349_length_11443_cov_8.220998	4920	5042	0	122	122	1.0000000
NODE_734_length_24011_cov_7.440156	5088	5210	0	9	122	0.0737705
NODE_734_length_24011_cov_7.440156	5088	5210	2	113	122	0.9262295
NODE_734_length_24011_cov_7.440156	14920	15042	0	122	122	1.0000000
NODE_7350_length_11440_cov_11.894366	4962	5084	0	122	122	1.0000000
NODE_7351_length_11440_cov_9.880434	5088	5210	0	122	122	1.0000000
NODE_7352_length_11440_cov_9.556741	4962	5084	0	65	122	0.5327869
NODE_7352_length_11440_cov_9.556741	4962	5084	1	57	122	0.4672131
NODE_7354_length_11439_cov_29.658642	4920	5042	0	122	122	1.0000000
NODE_7355_length_11439_cov_8.520282	5382	5500	0	118	118	1.0000000
NODE_7357_length_11439_cov_6.762787	4962	5084	0	122	122	1.0000000
NODE_7358_length_11438_cov_17.694506	4794	4916	0	122	122	1.0000000
NODE_7359_length_11438_cov_8.868771	5046	5168	0	122	122	1.0000000
NODE_7360_length_11437_cov_6.972217	5088	5210	0	122	122	1.0000000
NODE_7361_length_11436_cov_7.468466	5004	5126	0	122	122	1.0000000
NODE_7362_length_11435_cov_6.321101	5046	5168	0	122	122	1.0000000
NODE_7364_length_11434_cov_9.332245	4962	5084	0	122	122	1.0000000
NODE_7365_length_11434_cov_8.422673	4962	5084	0	122	122	1.0000000
NODE_7366_length_11434_cov_8.276224	4962	5084	0	122	122	1.0000000
NODE_7369_length_11432_cov_8.143122	4962	5084	0	122	122	1.0000000
NODE_736_length_23992_cov_9.322856	4962	5084	0	122	122	1.0000000
NODE_736_length_23992_cov_9.322856	14878	15000	0	122	122	1.0000000
NODE_7370_length_11431_cov_9.221232	4962	5084	0	122	122	1.0000000
NODE_7371_length_11430_cov_8.636749	4962	5084	0	122	122	1.0000000
NODE_7372_length_11430_cov_7.564204	5004	5126	0	122	122	1.0000000
NODE_7373_length_11427_cov_73.650335	5046	5168	0	55	122	0.4508197
NODE_7373_length_11427_cov_73.650335	5046	5168	1	67	122	0.5491803
NODE_7374_length_11427_cov_7.683704	4920	5042	0	29	122	0.2377049
NODE_7374_length_11427_cov_7.683704	4920	5042	2	93	122	0.7622951
NODE_7375_length_11426_cov_7.062152	4752	4874	0	122	122	1.0000000
NODE_7376_length_11425_cov_8.935635	4920	5042	0	122	122	1.0000000
NODE_7377_length_11425_cov_7.394755	5046	5168	0	122	122	1.0000000
NODE_7378_length_11424_cov_18.655011	5214	5336	0	122	122	1.0000000
NODE_7379_length_11424_cov_10.434525	4962	5084	0	122	122	1.0000000
NODE_737_length_23980_cov_20.537498	4962	5084	0	122	122	1.0000000
NODE_737_length_23980_cov_20.537498	14962	15084	0	122	122	1.0000000
NODE_7381_length_11423_cov_8.244437	4962	5084	0	122	122	1.0000000
NODE_7382_length_11423_cov_7.939597	4962	5084	1	47	122	0.3852459
NODE_7382_length_11423_cov_7.939597	4962	5084	2	75	122	0.6147541
NODE_7383_length_11423_cov_7.468121	4962	5084	0	122	122	1.0000000
NODE_7384_length_11423_cov_7.161074	4920	5042	0	122	122	1.0000000
NODE_7385_length_11422_cov_78.666696	4962	5084	0	122	122	1.0000000
NODE_7386_length_11422_cov_8.256028	4962	5084	0	122	122	1.0000000
NODE_7389_length_11420_cov_8.544917	4920	5042	0	45	122	0.3688525
NODE_7389_length_11420_cov_8.544917	4920	5042	1	77	122	0.6311476
NODE_738_length_23969_cov_6.837662	4962	5084	0	122	122	1.0000000
NODE_7392_length_11419_cov_7.309276	4962	5084	0	66	122	0.5409836
NODE_7392_length_11419_cov_7.309276	4962	5084	1	56	122	0.4590164
NODE_7393_length_11418_cov_8.081191	4962	5084	0	122	122	1.0000000
NODE_7394_length_11418_cov_7.626645	4962	5084	0	122	122	1.0000000
NODE_7395_length_11418_cov_7.017493	5046	5168	0	122	122	1.0000000
NODE_7396_length_11417_cov_37.204630	4962	5084	1	59	122	0.4836065
NODE_7396_length_11417_cov_37.204630	4962	5084	2	63	122	0.5163934
NODE_7399_length_11415_cov_16.151379	4836	4958	0	122	122	1.0000000
NODE_739_length_23948_cov_7.211917	4962	5084	0	122	122	1.0000000
NODE_739_length_23948_cov_7.211917	14962	15084	0	122	122	1.0000000
NODE_73_length_41480_cov_9.689423	4920	5042	0	122	122	1.0000000
NODE_73_length_41480_cov_9.689423	14962	15084	0	122	122	1.0000000
NODE_73_length_41480_cov_9.689423	25298	25420	0	122	122	1.0000000
NODE_7400_length_11414_cov_9.094034	4962	5084	0	122	122	1.0000000
NODE_7401_length_11414_cov_7.019090	4962	5084	0	122	122	1.0000000
NODE_7403_length_11412_cov_8.866437	5004	5126	0	20	122	0.1639344
NODE_7403_length_11412_cov_8.866437	5004	5126	6	49	122	0.4016393
NODE_7403_length_11412_cov_8.866437	5004	5126	13	18	122	0.1475410
NODE_7403_length_11412_cov_8.866437	5004	5126	18	1	122	0.0081967
NODE_7403_length_11412_cov_8.866437	5004	5126	19	34	122	0.2786885
NODE_7404_length_11412_cov_7.982233	4962	5084	0	122	122	1.0000000
NODE_7406_length_11410_cov_8.717001	4962	5084	0	46	122	0.3770492
NODE_7406_length_11410_cov_8.717001	4962	5084	1	76	122	0.6229508
NODE_7408_length_11408_cov_9.553541	4794	4916	0	122	122	1.0000000
NODE_7409_length_11408_cov_7.907507	4962	5084	0	122	122	1.0000000
NODE_740_length_23932_cov_12.758948	5046	5168	0	122	122	1.0000000
NODE_740_length_23932_cov_12.758948	15046	15168	0	122	122	1.0000000
NODE_7411_length_11407_cov_8.760258	5046	5168	0	122	122	1.0000000
NODE_7412_length_11406_cov_8.604316	4962	5084	0	122	122	1.0000000
NODE_7414_length_11405_cov_6.855652	4962	5084	0	122	122	1.0000000
NODE_7415_length_11404_cov_9.665546	4920	5042	0	122	122	1.0000000
NODE_7417_length_11403_cov_29.942321	4962	5084	0	20	122	0.1639344
NODE_7417_length_11403_cov_29.942321	4962	5084	2	102	122	0.8360656
NODE_7418_length_11402_cov_12.013536	5172	5294	0	122	122	1.0000000
NODE_7419_length_11402_cov_8.467929	4962	5084	0	122	122	1.0000000
NODE_741_length_23924_cov_7.165792	4962	5084	0	122	122	1.0000000
NODE_741_length_23924_cov_7.165792	14752	14874	0	122	122	1.0000000
NODE_7420_length_11401_cov_31.076004	4962	5084	0	5	122	0.0409836
NODE_7420_length_11401_cov_31.076004	4962	5084	1	117	122	0.9590164
NODE_7421_length_11401_cov_7.791276	4962	5084	0	56	122	0.4590164
NODE_7421_length_11401_cov_7.791276	4962	5084	1	66	122	0.5409836
NODE_7422_length_11400_cov_19.384037	5004	5126	0	122	122	1.0000000
NODE_7424_length_11398_cov_30.459864	5004	5126	1	22	122	0.1803279
NODE_7424_length_11398_cov_30.459864	5004	5126	2	5	122	0.0409836
NODE_7424_length_11398_cov_30.459864	5004	5126	3	49	122	0.4016393
NODE_7424_length_11398_cov_30.459864	5004	5126	4	46	122	0.3770492
NODE_7425_length_11397_cov_19.205789	4962	5084	2	18	122	0.1475410
NODE_7425_length_11397_cov_19.205789	4962	5084	4	19	122	0.1557377
NODE_7425_length_11397_cov_19.205789	4962	5084	5	3	122	0.0245902
NODE_7425_length_11397_cov_19.205789	4962	5084	7	32	122	0.2622951
NODE_7425_length_11397_cov_19.205789	4962	5084	8	14	122	0.1147541
NODE_7425_length_11397_cov_19.205789	4962	5084	9	24	122	0.1967213
NODE_7425_length_11397_cov_19.205789	4962	5084	10	12	122	0.0983607
NODE_7427_length_11396_cov_7.916792	4962	5084	0	122	122	1.0000000
NODE_7428_length_11396_cov_7.457732	4920	5042	0	21	122	0.1721312
NODE_7428_length_11396_cov_7.457732	4920	5042	1	101	122	0.8278689
NODE_7429_length_11396_cov_7.447021	4710	4832	0	122	122	1.0000000
NODE_742_length_23916_cov_8.466264	14962	15084	0	122	122	1.0000000
NODE_7431_length_11395_cov_9.220521	5004	5126	0	122	122	1.0000000
NODE_7432_length_11395_cov_8.853222	4962	5084	0	122	122	1.0000000
NODE_7433_length_11394_cov_15.675697	4962	5084	1	61	122	0.5000000
NODE_7433_length_11394_cov_15.675697	4962	5084	2	61	122	0.5000000
NODE_7435_length_11394_cov_7.275609	4962	5084	0	122	122	1.0000000
NODE_7436_length_11393_cov_27.837967	4920	5042	0	122	122	1.0000000
NODE_7438_length_11392_cov_7.807668	4962	5084	0	122	122	1.0000000
NODE_7439_length_11392_cov_7.758877	4962	5084	0	122	122	1.0000000
NODE_743_length_23915_cov_9.837168	14836	14958	0	122	122	1.0000000
NODE_7440_length_11389_cov_7.359876	4962	5084	0	122	122	1.0000000
NODE_7441_length_11388_cov_9.087253	5004	5126	0	122	122	1.0000000
NODE_7443_length_11387_cov_8.966690	4962	5084	0	122	122	1.0000000
NODE_7445_length_11386_cov_9.344556	4962	5084	0	122	122	1.0000000
NODE_7446_length_11386_cov_8.119518	5004	5126	0	122	122	1.0000000
NODE_7447_length_11385_cov_7.810207	5046	5168	0	122	122	1.0000000
NODE_7448_length_11385_cov_6.992291	4962	5084	0	122	122	1.0000000
NODE_7449_length_11384_cov_24.939123	4920	5042	0	122	122	1.0000000
NODE_744_length_23909_cov_8.677236	15046	15168	0	122	122	1.0000000
NODE_7450_length_11384_cov_8.938502	4962	5084	0	122	122	1.0000000
NODE_7451_length_11384_cov_6.912716	4920	5042	0	122	122	1.0000000
NODE_7452_length_11383_cov_10.420330	4962	5084	0	122	122	1.0000000
NODE_7453_length_11383_cov_8.677331	4962	5084	0	122	122	1.0000000
NODE_7456_length_11381_cov_8.513384	5004	5126	0	16	122	0.1311475
NODE_7456_length_11381_cov_8.513384	5004	5126	1	106	122	0.8688524
NODE_7458_length_11378_cov_7.139817	4878	5000	0	122	122	1.0000000
NODE_7459_length_11377_cov_8.698705	4962	5084	0	122	122	1.0000000
NODE_745_length_23898_cov_11.311904	4962	5084	0	122	122	1.0000000
NODE_745_length_23898_cov_11.311904	14920	15042	0	65	122	0.5327869
NODE_745_length_23898_cov_11.311904	14920	15042	2	57	122	0.4672131
NODE_7461_length_11376_cov_7.992995	4962	5084	0	122	122	1.0000000
NODE_7463_length_11375_cov_8.290617	4962	5084	0	122	122	1.0000000
NODE_7465_length_11373_cov_6.242505	5046	5168	0	122	122	1.0000000
NODE_7468_length_11372_cov_7.220793	4962	5084	0	38	122	0.3114754
NODE_7468_length_11372_cov_7.220793	4962	5084	1	84	122	0.6885246
NODE_7469_length_11372_cov_6.933735	4962	5084	0	122	122	1.0000000
NODE_746_length_23896_cov_8.469639	4962	5084	1	18	122	0.1475410
NODE_746_length_23896_cov_8.469639	4962	5084	2	104	122	0.8524590
NODE_746_length_23896_cov_8.469639	14920	15042	0	122	122	1.0000000
NODE_7474_length_11366_cov_6.026626	4962	5084	0	122	122	1.0000000
NODE_7475_length_11365_cov_7.478253	5004	5126	0	122	122	1.0000000
NODE_7476_length_11365_cov_7.297532	4962	5084	0	122	122	1.0000000
NODE_7477_length_11365_cov_6.683472	4962	5084	0	122	122	1.0000000
NODE_7478_length_11365_cov_6.248624	5172	5294	0	122	122	1.0000000
NODE_7479_length_11364_cov_26.150910	4878	5000	2	44	122	0.3606557
NODE_7479_length_11364_cov_26.150910	4878	5000	3	65	122	0.5327869
NODE_7479_length_11364_cov_26.150910	4878	5000	4	13	122	0.1065574
NODE_7480_length_11364_cov_7.624856	5088	5210	0	122	122	1.0000000
NODE_7481_length_11363_cov_8.356534	4962	5084	0	122	122	1.0000000
NODE_7482_length_11362_cov_19.088076	5004	5126	0	122	122	1.0000000
NODE_7483_length_11361_cov_9.105044	4962	5084	0	122	122	1.0000000
NODE_7484_length_11360_cov_11.516118	5046	5168	0	122	122	1.0000000
NODE_7486_length_11359_cov_12.464121	5046	5168	0	122	122	1.0000000
NODE_7487_length_11359_cov_10.136323	4962	5084	0	122	122	1.0000000
NODE_7488_length_11358_cov_10.071942	4962	5084	0	122	122	1.0000000
NODE_748_length_23888_cov_8.703014	5004	5126	0	122	122	1.0000000
NODE_748_length_23888_cov_8.703014	14962	15084	0	122	122	1.0000000
NODE_7491_length_11357_cov_8.133772	4962	5084	0	122	122	1.0000000
NODE_7492_length_11357_cov_7.638923	5046	5168	0	122	122	1.0000000
NODE_7493_length_11357_cov_6.581986	4962	5084	0	122	122	1.0000000
NODE_7494_length_11356_cov_7.104202	4962	5084	0	122	122	1.0000000
NODE_7495_length_11356_cov_6.918184	4920	5042	0	122	122	1.0000000
NODE_7496_length_11354_cov_8.999733	4668	4790	0	122	122	1.0000000
NODE_7497_length_11354_cov_6.718880	4962	5084	0	122	122	1.0000000
NODE_7498_length_11353_cov_18.228985	4962	5084	0	122	122	1.0000000
NODE_7499_length_11353_cov_8.233784	4962	5084	0	122	122	1.0000000
NODE_749_length_23886_cov_9.006264	4962	5084	0	122	122	1.0000000
NODE_749_length_23886_cov_9.006264	14710	14832	0	122	122	1.0000000
NODE_74_length_40617_cov_9.090380	5172	5294	0	122	122	1.0000000
NODE_74_length_40617_cov_9.090380	24878	25000	0	122	122	1.0000000
NODE_74_length_40617_cov_9.090380	34962	35084	0	122	122	1.0000000
NODE_7502_length_11350_cov_8.913785	5130	5252	0	122	122	1.0000000
NODE_7505_length_11349_cov_6.368267	4836	4958	0	122	122	1.0000000
NODE_7506_length_11348_cov_8.108810	4962	5084	0	122	122	1.0000000
NODE_7507_length_11347_cov_35.106419	5088	5210	0	122	122	1.0000000
NODE_7509_length_11346_cov_7.894372	4962	5084	0	122	122	1.0000000
NODE_750_length_23881_cov_13.932218	4962	5084	0	122	122	1.0000000
NODE_750_length_23881_cov_13.932218	15046	15168	0	38	122	0.3114754
NODE_750_length_23881_cov_13.932218	15046	15168	2	84	122	0.6885246
NODE_7510_length_11346_cov_6.350760	4962	5084	0	122	122	1.0000000
NODE_7512_length_11345_cov_10.772275	5046	5168	0	122	122	1.0000000
NODE_7513_length_11345_cov_8.542059	4668	4790	0	7	122	0.0573770
NODE_7513_length_11345_cov_8.542059	4668	4790	1	66	122	0.5409836
NODE_7513_length_11345_cov_8.542059	4668	4790	2	49	122	0.4016393
NODE_7515_length_11344_cov_10.117030	5004	5126	0	122	122	1.0000000
NODE_7516_length_11344_cov_9.326189	5130	5252	0	52	122	0.4262295
NODE_7516_length_11344_cov_9.326189	5130	5252	2	70	122	0.5737705
NODE_7517_length_11344_cov_8.214851	4962	5084	0	122	122	1.0000000
NODE_7518_length_11344_cov_8.111249	4962	5084	0	122	122	1.0000000
NODE_7519_length_11343_cov_5.695838	4962	5084	0	122	122	1.0000000
NODE_751_length_23877_cov_8.819539	4962	5084	0	122	122	1.0000000
NODE_751_length_23877_cov_8.819539	14962	15084	0	122	122	1.0000000
NODE_7520_length_11342_cov_72.676510	4962	5084	0	122	122	1.0000000
NODE_7521_length_11342_cov_9.811082	4962	5084	0	122	122	1.0000000
NODE_7522_length_11342_cov_7.281064	4962	5084	0	122	122	1.0000000
NODE_7524_length_11339_cov_51.767349	4962	5084	0	122	122	1.0000000
NODE_7525_length_11339_cov_8.432473	4962	5084	0	74	122	0.6065574
NODE_7525_length_11339_cov_8.432473	4962	5084	1	48	122	0.3934426
NODE_7526_length_11338_cov_7.854791	4962	5084	0	122	122	1.0000000
NODE_7527_length_11336_cov_7.984604	4962	5084	0	122	122	1.0000000
NODE_7528_length_11336_cov_7.379906	4962	5084	0	122	122	1.0000000
NODE_7529_length_11335_cov_11.217515	4962	5084	0	122	122	1.0000000
NODE_752_length_23874_cov_8.023680	5004	5126	0	122	122	1.0000000
NODE_752_length_23874_cov_8.023680	14962	15084	8	49	122	0.4016393
NODE_752_length_23874_cov_8.023680	14962	15084	19	73	122	0.5983607
NODE_7530_length_11335_cov_8.862763	4920	5042	0	121	122	0.9918033
NODE_7530_length_11335_cov_8.862763	4920	5042	9	1	122	0.0081967
NODE_7531_length_11334_cov_9.270316	4920	5042	0	122	122	1.0000000
NODE_7532_length_11334_cov_6.770538	4920	5042	0	122	122	1.0000000
NODE_7533_length_11333_cov_35.081449	4962	5084	0	122	122	1.0000000
NODE_7535_length_11331_cov_9.632390	5004	5126	0	122	122	1.0000000
NODE_7536_length_11331_cov_8.878205	4962	5084	0	122	122	1.0000000
NODE_7537_length_11331_cov_7.112803	4836	4958	0	122	122	1.0000000
NODE_7538_length_11331_cov_3.127849	4962	5084	0	122	122	1.0000000
NODE_7539_length_11329_cov_12.362422	5088	5210	0	122	122	1.0000000
NODE_753_length_23871_cov_9.186606	15004	15126	0	122	122	1.0000000
NODE_7541_length_11329_cov_7.170703	5046	5168	0	122	122	1.0000000
NODE_7542_length_11328_cov_10.780479	4962	5084	1	59	122	0.4836065
NODE_7542_length_11328_cov_10.780479	4962	5084	2	63	122	0.5163934
NODE_7543_length_11328_cov_6.520171	4962	5084	0	122	122	1.0000000
NODE_7544_length_11327_cov_15.682223	4920	5042	0	122	122	1.0000000
NODE_7545_length_11327_cov_9.426701	4962	5084	0	65	122	0.5327869
NODE_7545_length_11327_cov_9.426701	4962	5084	1	57	122	0.4672131
NODE_7547_length_11326_cov_9.467801	4500	4622	0	122	122	1.0000000
NODE_7548_length_11326_cov_9.406075	4962	5084	0	122	122	1.0000000
NODE_7549_length_11326_cov_8.541195	4920	5042	0	122	122	1.0000000
NODE_754_length_23870_cov_9.207353	4962	5084	0	122	122	1.0000000
NODE_754_length_23870_cov_9.207353	14962	15084	0	122	122	1.0000000
NODE_7550_length_11326_cov_8.186515	4962	5084	0	122	122	1.0000000
NODE_7552_length_11324_cov_21.013630	5004	5126	0	122	122	1.0000000
NODE_7553_length_11323_cov_8.890057	4962	5084	0	122	122	1.0000000
NODE_7554_length_11323_cov_7.269779	5088	5210	0	122	122	1.0000000
NODE_7555_length_11321_cov_19.454554	4962	5084	0	122	122	1.0000000
NODE_7556_length_11321_cov_7.136428	4962	5084	0	122	122	1.0000000
NODE_7558_length_11319_cov_9.517201	4962	5084	0	122	122	1.0000000
NODE_7559_length_11319_cov_8.245187	4920	5042	0	122	122	1.0000000
NODE_755_length_23856_cov_10.366713	4962	5084	0	122	122	1.0000000
NODE_755_length_23856_cov_10.366713	15004	15126	0	122	122	1.0000000
NODE_7562_length_11318_cov_7.542562	4752	4874	0	122	122	1.0000000
NODE_7563_length_11317_cov_82.131931	5088	5210	0	122	122	1.0000000
NODE_7564_length_11316_cov_9.361594	4794	4916	0	41	122	0.3360656
NODE_7564_length_11316_cov_9.361594	4794	4916	1	81	122	0.6639344
NODE_7566_length_11315_cov_9.988320	4962	5084	0	122	122	1.0000000
NODE_7567_length_11315_cov_2.760342	4962	5084	0	122	122	1.0000000
NODE_7568_length_11314_cov_10.097459	4962	5084	0	122	122	1.0000000
NODE_7569_length_11314_cov_8.312260	4962	5084	0	122	122	1.0000000
NODE_756_length_23855_cov_20.421872	5088	5210	0	122	122	1.0000000
NODE_7570_length_11314_cov_7.826839	5088	5210	0	122	122	1.0000000
NODE_7571_length_11313_cov_10.009096	4920	5042	0	122	122	1.0000000
NODE_7572_length_11312_cov_9.513154	4878	5000	0	122	122	1.0000000
NODE_7573_length_11312_cov_8.217515	5214	5336	0	122	122	1.0000000
NODE_7574_length_11311_cov_39.759008	5088	5210	0	122	122	1.0000000
NODE_7575_length_11311_cov_9.804138	4794	4916	0	122	122	1.0000000
NODE_7577_length_11310_cov_9.906431	5004	5126	0	122	122	1.0000000
NODE_7579_length_11308_cov_9.762780	4962	5084	0	122	122	1.0000000
NODE_757_length_23835_cov_12.309951	4752	4874	0	122	122	1.0000000
NODE_757_length_23835_cov_12.309951	14962	15084	0	13	122	0.1065574
NODE_757_length_23835_cov_12.309951	14962	15084	1	28	122	0.2295082
NODE_757_length_23835_cov_12.309951	14962	15084	2	81	122	0.6639344
NODE_7581_length_11308_cov_7.586315	4962	5084	0	122	122	1.0000000
NODE_7583_length_11307_cov_8.043719	4962	5084	0	122	122	1.0000000
NODE_7584_length_11306_cov_8.912555	5004	5126	0	122	122	1.0000000
NODE_7586_length_11305_cov_9.759772	4962	5084	0	122	122	1.0000000
NODE_7589_length_11303_cov_8.638968	4962	5084	0	122	122	1.0000000
NODE_758_length_23831_cov_30.454070	4962	5084	0	122	122	1.0000000
NODE_758_length_23831_cov_30.454070	14878	15000	0	122	122	1.0000000
NODE_7590_length_11302_cov_8.534410	4962	5084	0	122	122	1.0000000
NODE_7591_length_11302_cov_6.572168	4962	5084	0	122	122	1.0000000
NODE_7592_length_11300_cov_9.477190	4836	4958	0	122	122	1.0000000
NODE_7593_length_11300_cov_8.483171	4962	5084	0	122	122	1.0000000
NODE_7594_length_11299_cov_215.564375	4794	4916	0	122	122	1.0000000
NODE_7595_length_11299_cov_7.454732	4962	5084	0	122	122	1.0000000
NODE_7596_length_11298_cov_8.248326	4962	5084	0	122	122	1.0000000
NODE_7597_length_11297_cov_8.381407	4962	5084	0	122	122	1.0000000
NODE_7598_length_11296_cov_7.656962	5004	5126	0	122	122	1.0000000
NODE_759_length_23823_cov_8.187911	4962	5084	0	122	122	1.0000000
NODE_759_length_23823_cov_8.187911	14962	15084	0	122	122	1.0000000
NODE_75_length_40482_cov_10.746378	4962	5084	0	122	122	1.0000000
NODE_75_length_40482_cov_10.746378	14962	15084	0	122	122	1.0000000
NODE_75_length_40482_cov_10.746378	24752	24874	2	10	122	0.0819672
NODE_75_length_40482_cov_10.746378	24752	24874	3	78	122	0.6393443
NODE_75_length_40482_cov_10.746378	24752	24874	4	34	122	0.2786885
NODE_75_length_40482_cov_10.746378	34962	35084	0	122	122	1.0000000
NODE_7602_length_11294_cov_8.992407	5004	5126	0	122	122	1.0000000
NODE_7603_length_11294_cov_7.435552	4920	5042	0	122	122	1.0000000
NODE_7606_length_11292_cov_6.846601	4962	5084	0	10	122	0.0819672
NODE_7606_length_11292_cov_6.846601	4962	5084	1	112	122	0.9180328
NODE_7609_length_11289_cov_8.440483	4962	5084	0	122	122	1.0000000
NODE_760_length_23814_cov_8.698208	4962	5084	0	122	122	1.0000000
NODE_760_length_23814_cov_8.698208	14920	15042	0	122	122	1.0000000
NODE_7610_length_11289_cov_7.299285	4962	5084	0	122	122	1.0000000
NODE_7611_length_11289_cov_7.296872	4962	5084	0	122	122	1.0000000
NODE_7612_length_11288_cov_8.429350	4962	5084	0	122	122	1.0000000
NODE_7614_length_11287_cov_6.361280	4962	5084	0	122	122	1.0000000
NODE_7615_length_11286_cov_5.690623	4920	5042	0	122	122	1.0000000
NODE_7616_length_11285_cov_7.869122	4962	5084	0	122	122	1.0000000
NODE_7617_length_11285_cov_7.615055	4962	5084	0	122	122	1.0000000
NODE_761_length_23814_cov_8.090323	4962	5084	0	122	122	1.0000000
NODE_761_length_23814_cov_8.090323	14962	15084	0	122	122	1.0000000
NODE_7620_length_11283_cov_3.059371	4962	5084	0	122	122	1.0000000
NODE_7621_length_11282_cov_12.068944	4962	5084	0	122	122	1.0000000
NODE_7622_length_11282_cov_8.681660	5004	5126	0	122	122	1.0000000
NODE_7623_length_11282_cov_7.445766	4962	5084	0	29	122	0.2377049
NODE_7623_length_11282_cov_7.445766	4962	5084	1	93	122	0.7622951
NODE_7625_length_11281_cov_8.964407	4962	5084	0	122	122	1.0000000
NODE_7626_length_11280_cov_9.600394	4962	5084	0	122	122	1.0000000
NODE_7627_length_11279_cov_9.012254	4962	5084	0	122	122	1.0000000
NODE_7628_length_11279_cov_7.613148	4962	5084	0	57	122	0.4672131
NODE_7628_length_11279_cov_7.613148	4962	5084	2	65	122	0.5327869
NODE_7629_length_11279_cov_7.296869	5046	5168	0	6	122	0.0491803
NODE_7629_length_11279_cov_7.296869	5046	5168	2	35	122	0.2868852
NODE_7629_length_11279_cov_7.296869	5046	5168	3	81	122	0.6639344
NODE_762_length_23807_cov_8.858444	4962	5084	3	7	122	0.0573770
NODE_762_length_23807_cov_8.858444	4962	5084	6	62	122	0.5081967
NODE_762_length_23807_cov_8.858444	4962	5084	8	53	122	0.4344262
NODE_762_length_23807_cov_8.858444	14962	15084	0	122	122	1.0000000
NODE_7633_length_11278_cov_6.638608	5130	5252	0	122	122	1.0000000
NODE_7634_length_11278_cov_6.071473	5172	5294	0	122	122	1.0000000
NODE_7636_length_11277_cov_7.320809	4836	4958	0	122	122	1.0000000
NODE_7637_length_11277_cov_6.900877	4962	5084	0	122	122	1.0000000
NODE_763_length_23801_cov_8.379377	5046	5168	0	122	122	1.0000000
NODE_763_length_23801_cov_8.379377	14962	15084	0	122	122	1.0000000
NODE_7641_length_11275_cov_24.900948	4920	5042	0	122	122	1.0000000
NODE_7642_length_11275_cov_23.288923	4836	4958	0	122	122	1.0000000
NODE_7643_length_11274_cov_7.831499	4962	5084	0	122	122	1.0000000
NODE_7645_length_11273_cov_7.477985	4962	5084	0	122	122	1.0000000
NODE_7646_length_11273_cov_6.975479	5004	5126	0	122	122	1.0000000
NODE_7648_length_11272_cov_10.722545	5130	5252	0	122	122	1.0000000
NODE_7649_length_11272_cov_7.661147	5004	5126	0	122	122	1.0000000
NODE_764_length_23788_cov_14.449956	4920	5042	0	122	122	1.0000000
NODE_764_length_23788_cov_14.449956	14962	15084	1	79	122	0.6475410
NODE_764_length_23788_cov_14.449956	14962	15084	2	43	122	0.3524590
NODE_7650_length_11271_cov_8.929646	5004	5126	0	122	122	1.0000000
NODE_7652_length_11270_cov_8.619819	4962	5084	0	122	122	1.0000000
NODE_7653_length_11270_cov_8.504252	4962	5084	0	122	122	1.0000000
NODE_7654_length_11269_cov_6.306356	4962	5084	0	13	122	0.1065574
NODE_7654_length_11269_cov_6.306356	4962	5084	1	109	122	0.8934426
NODE_7656_length_11267_cov_11.714542	4962	5084	1	122	122	1.0000000
NODE_7657_length_11267_cov_8.006537	4962	5084	0	122	122	1.0000000
NODE_7659_length_11266_cov_9.632220	4962	5084	0	122	122	1.0000000
NODE_765_length_23786_cov_7.664035	4962	5084	0	122	122	1.0000000
NODE_7660_length_11263_cov_13.704944	4962	5084	0	122	122	1.0000000
NODE_7661_length_11263_cov_7.220082	4962	5084	0	122	122	1.0000000
NODE_7662_length_11262_cov_9.005375	4962	5084	0	122	122	1.0000000
NODE_7663_length_11262_cov_8.010929	4962	5084	0	122	122	1.0000000
NODE_7665_length_11261_cov_8.053575	5004	5126	0	122	122	1.0000000
NODE_7666_length_11261_cov_7.055098	4962	5084	0	122	122	1.0000000
NODE_7667_length_11258_cov_17.375123	4962	5084	0	122	122	1.0000000
NODE_7668_length_11258_cov_5.604445	4878	5000	0	122	122	1.0000000
NODE_7669_length_11257_cov_19.564169	4878	5000	0	122	122	1.0000000
NODE_7670_length_11257_cov_10.044901	4920	5042	0	122	122	1.0000000
NODE_7671_length_11257_cov_8.763578	5004	5126	0	122	122	1.0000000
NODE_7672_length_11257_cov_7.221366	4962	5084	0	122	122	1.0000000
NODE_7673_length_11255_cov_55.851291	5004	5126	0	56	122	0.4590164
NODE_7673_length_11255_cov_55.851291	5004	5126	1	1	122	0.0081967
NODE_7673_length_11255_cov_55.851291	5004	5126	2	10	122	0.0819672
NODE_7673_length_11255_cov_55.851291	5004	5126	3	55	122	0.4508197
NODE_7674_length_11255_cov_9.069559	5046	5168	0	122	122	1.0000000
NODE_7675_length_11255_cov_8.695411	4752	4874	0	122	122	1.0000000
NODE_7677_length_11254_cov_9.200448	5172	5294	0	122	122	1.0000000
NODE_7678_length_11254_cov_8.215150	4962	5084	0	122	122	1.0000000
NODE_7679_length_11254_cov_6.440699	4836	4958	0	122	122	1.0000000
NODE_7680_length_11253_cov_8.621122	4878	5000	0	122	122	1.0000000
NODE_7681_length_11253_cov_6.335306	4920	5042	0	122	122	1.0000000
NODE_7682_length_11252_cov_219.607460	5004	5126	0	122	122	1.0000000
NODE_7684_length_11251_cov_20.662303	4962	5084	0	62	122	0.5081967
NODE_7684_length_11251_cov_20.662303	4962	5084	2	60	122	0.4918033
NODE_7685_length_11251_cov_7.933465	5298	5420	0	122	122	1.0000000
NODE_7686_length_11250_cov_9.476908	5004	5126	0	122	122	1.0000000
NODE_7687_length_11249_cov_8.459552	4878	5000	0	122	122	1.0000000
NODE_7689_length_11247_cov_8.755382	4962	5084	0	122	122	1.0000000
NODE_768_length_23730_cov_8.000339	5088	5210	0	122	122	1.0000000
NODE_768_length_23730_cov_8.000339	15214	15336	0	122	122	1.0000000
NODE_7690_length_11247_cov_6.331270	4878	5000	0	122	122	1.0000000
NODE_7691_length_11245_cov_11.645702	4962	5084	0	122	122	1.0000000
NODE_7692_length_11245_cov_9.248609	4962	5084	4	6	122	0.0491803
NODE_7692_length_11245_cov_9.248609	4962	5084	5	10	122	0.0819672
NODE_7692_length_11245_cov_9.248609	4962	5084	7	29	122	0.2377049
NODE_7692_length_11245_cov_9.248609	4962	5084	8	1	122	0.0081967
NODE_7692_length_11245_cov_9.248609	4962	5084	9	11	122	0.0901639
NODE_7692_length_11245_cov_9.248609	4962	5084	11	65	122	0.5327869
NODE_7693_length_11244_cov_8.225931	5046	5168	0	122	122	1.0000000
NODE_7694_length_11243_cov_41.676597	5214	5336	0	29	122	0.2377049
NODE_7694_length_11243_cov_41.676597	5214	5336	2	93	122	0.7622951
NODE_7695_length_11243_cov_8.918880	5004	5126	0	122	122	1.0000000
NODE_7698_length_11241_cov_13.406480	4962	5084	0	122	122	1.0000000
NODE_76_length_40356_cov_9.057183	5004	5126	0	122	122	1.0000000
NODE_76_length_40356_cov_9.057183	14962	15084	0	122	122	1.0000000
NODE_76_length_40356_cov_9.057183	24962	25084	0	122	122	1.0000000
NODE_76_length_40356_cov_9.057183	34962	35084	0	122	122	1.0000000
NODE_7700_length_11238_cov_17.993446	4962	5084	0	1	122	0.0081967
NODE_7700_length_11238_cov_17.993446	4962	5084	1	121	122	0.9918033
NODE_7702_length_11237_cov_8.735859	4962	5084	0	46	122	0.3770492
NODE_7702_length_11237_cov_8.735859	4962	5084	2	76	122	0.6229508
NODE_7703_length_11237_cov_8.417759	4962	5084	0	25	122	0.2049180
NODE_7703_length_11237_cov_8.417759	4962	5084	1	9	122	0.0737705
NODE_7703_length_11237_cov_8.417759	4962	5084	2	88	122	0.7213115
NODE_7704_length_11237_cov_8.404651	5004	5126	0	122	122	1.0000000
NODE_7705_length_11237_cov_7.042557	4962	5084	0	122	122	1.0000000
NODE_7706_length_11236_cov_7.155787	5298	5420	0	33	122	0.2704918
NODE_7706_length_11236_cov_7.155787	5298	5420	1	24	122	0.1967213
NODE_7706_length_11236_cov_7.155787	5298	5420	2	65	122	0.5327869
NODE_7707_length_11235_cov_9.276850	4962	5084	0	122	122	1.0000000
NODE_7708_length_11235_cov_6.235453	4962	5084	0	49	122	0.4016393
NODE_7708_length_11235_cov_6.235453	4962	5084	1	73	122	0.5983607
NODE_770_length_23721_cov_9.139954	5046	5168	0	122	122	1.0000000
NODE_770_length_23721_cov_9.139954	14962	15084	0	122	122	1.0000000
NODE_7710_length_11233_cov_9.075355	4962	5084	0	122	122	1.0000000
NODE_7711_length_11233_cov_7.907131	4962	5084	0	122	122	1.0000000
NODE_7713_length_11232_cov_9.668822	4920	5042	0	122	122	1.0000000
NODE_7715_length_11232_cov_6.909638	5046	5168	0	122	122	1.0000000
NODE_7716_length_11231_cov_9.427327	4962	5084	0	122	122	1.0000000
NODE_7717_length_11231_cov_8.049497	5046	5168	0	122	122	1.0000000
NODE_7718_length_11231_cov_7.465864	5340	5462	0	122	122	1.0000000
NODE_7719_length_11231_cov_7.383220	4962	5084	0	122	122	1.0000000
NODE_771_length_23717_cov_9.323736	4962	5084	0	122	122	1.0000000
NODE_771_length_23717_cov_9.323736	14962	15084	0	122	122	1.0000000
NODE_7722_length_11228_cov_9.659808	4962	5084	0	122	122	1.0000000
NODE_7723_length_11228_cov_7.350616	4962	5084	1	17	122	0.1393443
NODE_7723_length_11228_cov_7.350616	4962	5084	3	105	122	0.8606557
NODE_7727_length_11224_cov_8.061753	4962	5084	0	58	122	0.4754098
NODE_7727_length_11224_cov_8.061753	4962	5084	2	64	122	0.5245901
NODE_7728_length_11223_cov_7.761507	4962	5084	0	82	122	0.6721311
NODE_7728_length_11223_cov_7.761507	4962	5084	1	40	122	0.3278688
NODE_7729_length_11222_cov_8.597321	4962	5084	0	122	122	1.0000000
NODE_772_length_23701_cov_9.327557	14962	15084	0	122	122	1.0000000
NODE_7730_length_11222_cov_6.866493	4962	5084	0	122	122	1.0000000
NODE_7732_length_11220_cov_8.328837	4920	5042	0	122	122	1.0000000
NODE_7733_length_11219_cov_18.119874	4962	5084	0	83	122	0.6803279
NODE_7733_length_11219_cov_18.119874	4962	5084	1	39	122	0.3196721
NODE_7737_length_11217_cov_9.660101	4962	5084	0	122	122	1.0000000
NODE_7738_length_11217_cov_9.471668	4752	4874	0	122	122	1.0000000
NODE_7739_length_11217_cov_8.197967	5046	5168	0	122	122	1.0000000
NODE_7741_length_11215_cov_7.657161	4962	5084	0	122	122	1.0000000
NODE_7744_length_11214_cov_6.804408	4794	4916	0	122	122	1.0000000
NODE_7745_length_11212_cov_12.907226	4962	5084	0	122	122	1.0000000
NODE_7747_length_11211_cov_9.976512	4962	5084	0	122	122	1.0000000
NODE_7748_length_11211_cov_8.324064	4962	5084	0	122	122	1.0000000
NODE_7749_length_11211_cov_7.620950	5046	5168	0	122	122	1.0000000
NODE_774_length_23696_cov_8.683646	4962	5084	0	122	122	1.0000000
NODE_774_length_23696_cov_8.683646	14962	15084	0	122	122	1.0000000
NODE_7750_length_11210_cov_7.550626	4962	5084	0	122	122	1.0000000
NODE_7751_length_11209_cov_8.340414	4962	5084	0	122	122	1.0000000
NODE_7752_length_11208_cov_8.767036	4962	5084	0	44	122	0.3606557
NODE_7752_length_11208_cov_8.767036	4962	5084	2	78	122	0.6393443
NODE_7753_length_11207_cov_28.315358	5214	5336	0	122	122	1.0000000
NODE_7755_length_11206_cov_7.963537	4962	5084	0	122	122	1.0000000
NODE_7756_length_11205_cov_7.703674	5004	5126	1	9	122	0.0737705
NODE_7756_length_11205_cov_7.703674	5004	5126	3	24	122	0.1967213
NODE_7756_length_11205_cov_7.703674	5004	5126	4	89	122	0.7295082
NODE_7758_length_11204_cov_7.471589	4962	5084	0	122	122	1.0000000
NODE_7759_length_11203_cov_19.980187	4626	4748	0	39	122	0.3196721
NODE_7759_length_11203_cov_19.980187	4626	4748	2	83	122	0.6803279
NODE_775_length_23693_cov_8.839027	5004	5126	0	122	122	1.0000000
NODE_7760_length_11203_cov_12.718120	4962	5084	0	122	122	1.0000000
NODE_7761_length_11203_cov_8.661203	4962	5084	0	122	122	1.0000000
NODE_7762_length_11203_cov_8.603656	4962	5084	0	122	122	1.0000000
NODE_7763_length_11202_cov_26.240385	4962	5084	0	122	122	1.0000000
NODE_7764_length_11201_cov_9.439380	5088	5210	0	122	122	1.0000000
NODE_7765_length_11200_cov_7.675074	4962	5084	0	122	122	1.0000000
NODE_7766_length_11199_cov_22.254955	5046	5168	0	122	122	1.0000000
NODE_7767_length_11199_cov_9.323423	5004	5126	0	122	122	1.0000000
NODE_776_length_23685_cov_7.918723	15004	15126	0	122	122	1.0000000
NODE_7770_length_11197_cov_9.152009	5004	5126	0	122	122	1.0000000
NODE_7772_length_11193_cov_7.286010	4836	4958	0	28	122	0.2295082
NODE_7772_length_11193_cov_7.286010	4836	4958	22	1	122	0.0081967
NODE_7772_length_11193_cov_7.286010	4836	4958	23	91	122	0.7459016
NODE_7772_length_11193_cov_7.286010	4836	4958	57	1	122	0.0081967
NODE_7772_length_11193_cov_7.286010	4836	4958	58	1	122	0.0081967
NODE_7773_length_11193_cov_6.363530	4962	5084	0	122	122	1.0000000
NODE_7774_length_11192_cov_17.566934	4962	5084	1	34	122	0.2786885
NODE_7774_length_11192_cov_17.566934	4962	5084	2	3	122	0.0245902
NODE_7774_length_11192_cov_17.566934	4962	5084	4	85	122	0.6967213
NODE_7775_length_11192_cov_8.780402	4920	5042	0	122	122	1.0000000
NODE_7776_length_11192_cov_6.483368	5046	5168	0	122	122	1.0000000
NODE_7777_length_11190_cov_5.565684	4962	5084	0	122	122	1.0000000
NODE_7778_length_11189_cov_6.999459	5046	5168	0	122	122	1.0000000
NODE_7779_length_11188_cov_36.789521	5256	5378	0	122	122	1.0000000
NODE_777_length_23685_cov_7.619774	5088	5210	0	73	122	0.5983607
NODE_777_length_23685_cov_7.619774	5088	5210	2	49	122	0.4016393
NODE_777_length_23685_cov_7.619774	14962	15084	0	122	122	1.0000000
NODE_7780_length_11188_cov_8.084228	4962	5084	0	122	122	1.0000000
NODE_7781_length_11188_cov_8.030030	4920	5042	0	122	122	1.0000000
NODE_7783_length_11187_cov_8.852994	4962	5084	0	122	122	1.0000000
NODE_7784_length_11186_cov_8.571751	4962	5084	0	122	122	1.0000000
NODE_7785_length_11185_cov_7.403752	5046	5168	0	122	122	1.0000000
NODE_7788_length_11184_cov_7.970771	4962	5084	0	122	122	1.0000000
NODE_7789_length_11184_cov_6.485701	4962	5084	0	122	122	1.0000000
NODE_778_length_23676_cov_19.702973	4962	5084	0	122	122	1.0000000
NODE_778_length_23676_cov_19.702973	14962	15084	0	122	122	1.0000000
NODE_7790_length_11184_cov_5.534596	4962	5084	0	122	122	1.0000000
NODE_7791_length_11183_cov_8.197311	4710	4832	0	122	122	1.0000000
NODE_7794_length_11181_cov_7.771792	4962	5084	0	122	122	1.0000000
NODE_7795_length_11181_cov_6.725140	5004	5126	0	122	122	1.0000000
NODE_7797_length_11181_cov_5.234795	4836	4958	0	122	122	1.0000000
NODE_779_length_23675_cov_13.959238	4962	5084	0	122	122	1.0000000
NODE_779_length_23675_cov_13.959238	14962	15084	0	122	122	1.0000000
NODE_77_length_40244_cov_11.340839	4920	5042	0	122	122	1.0000000
NODE_77_length_40244_cov_11.340839	15256	15378	0	122	122	1.0000000
NODE_7800_length_11175_cov_5.738173	5046	5168	0	122	122	1.0000000
NODE_7802_length_11174_cov_7.830700	4962	5084	0	122	122	1.0000000
NODE_7803_length_11174_cov_7.055260	4962	5084	0	122	122	1.0000000
NODE_7805_length_11173_cov_8.897146	4962	5084	0	122	122	1.0000000
NODE_7806_length_11172_cov_8.895331	4962	5084	0	122	122	1.0000000
NODE_7808_length_11170_cov_7.015717	4962	5084	0	23	122	0.1885246
NODE_7808_length_11170_cov_7.015717	4962	5084	1	45	122	0.3688525
NODE_7808_length_11170_cov_7.015717	4962	5084	2	54	122	0.4426230
NODE_7809_length_11170_cov_6.717641	4794	4916	0	122	122	1.0000000
NODE_780_length_23659_cov_9.527716	4962	5084	0	122	122	1.0000000
NODE_7810_length_11169_cov_7.139386	4962	5084	0	122	122	1.0000000
NODE_7811_length_11169_cov_6.071635	4584	4706	0	122	122	1.0000000
NODE_7812_length_11168_cov_12.192249	5256	5378	0	122	122	1.0000000
NODE_7814_length_11167_cov_9.945790	4626	4748	0	122	122	1.0000000
NODE_7815_length_11167_cov_7.943802	4962	5084	0	122	122	1.0000000
NODE_7816_length_11167_cov_7.264275	4668	4790	0	122	122	1.0000000
NODE_7819_length_11166_cov_8.636577	4920	5042	0	122	122	1.0000000
NODE_781_length_23657_cov_8.531454	4962	5084	0	122	122	1.0000000
NODE_7820_length_11166_cov_7.419355	5046	5168	0	122	122	1.0000000
NODE_7822_length_11163_cov_9.406182	5298	5420	1	96	122	0.7868853
NODE_7822_length_11163_cov_9.406182	5298	5420	2	26	122	0.2131148
NODE_7823_length_11162_cov_8.486577	5046	5168	0	122	122	1.0000000
NODE_7824_length_11162_cov_6.946127	4962	5084	0	122	122	1.0000000
NODE_7825_length_11161_cov_8.902459	4962	5084	0	122	122	1.0000000
NODE_7827_length_11161_cov_7.600253	4920	5042	0	122	122	1.0000000
NODE_7829_length_11158_cov_15.114658	5004	5126	0	23	122	0.1885246
NODE_7829_length_11158_cov_15.114658	5004	5126	2	9	122	0.0737705
NODE_7829_length_11158_cov_15.114658	5004	5126	3	45	122	0.3688525
NODE_7829_length_11158_cov_15.114658	5004	5126	4	45	122	0.3688525
NODE_782_length_23652_cov_7.822485	4962	5084	0	122	122	1.0000000
NODE_782_length_23652_cov_7.822485	14962	15084	0	122	122	1.0000000
NODE_7830_length_11158_cov_8.595171	4962	5084	0	122	122	1.0000000
NODE_7831_length_11158_cov_5.963830	4920	5042	0	122	122	1.0000000
NODE_7832_length_11157_cov_126.612498	4962	5084	0	61	122	0.5000000
NODE_7832_length_11157_cov_126.612498	4962	5084	1	61	122	0.5000000
NODE_7833_length_11156_cov_9.033282	5046	5168	0	54	122	0.4426230
NODE_7833_length_11156_cov_9.033282	5046	5168	1	68	122	0.5573770
NODE_7834_length_11155_cov_21.159732	4836	4958	0	122	122	1.0000000
NODE_7835_length_11155_cov_8.022431	4962	5084	0	122	122	1.0000000
NODE_7836_length_11153_cov_9.483535	4794	4916	0	27	122	0.2213115
NODE_7836_length_11153_cov_9.483535	4794	4916	1	86	122	0.7049180
NODE_7836_length_11153_cov_9.483535	4794	4916	2	9	122	0.0737705
NODE_7838_length_11151_cov_8.411147	4962	5084	0	122	122	1.0000000
NODE_783_length_23648_cov_13.150495	4962	5084	0	122	122	1.0000000
NODE_7840_length_11150_cov_8.458330	4962	5084	0	122	122	1.0000000
NODE_7841_length_11150_cov_6.836214	4920	5042	0	122	122	1.0000000
NODE_7842_length_11149_cov_9.290950	5172	5294	0	122	122	1.0000000
NODE_7843_length_11149_cov_7.992670	4920	5042	0	122	122	1.0000000
NODE_7844_length_11148_cov_15.453254	4962	5084	0	65	122	0.5327869
NODE_7844_length_11148_cov_15.453254	4962	5084	1	57	122	0.4672131
NODE_7845_length_11148_cov_8.165626	4962	5084	0	122	122	1.0000000
NODE_7846_length_11148_cov_7.815277	4920	5042	0	122	122	1.0000000
NODE_7847_length_11148_cov_6.588379	4962	5084	0	38	122	0.3114754
NODE_7847_length_11148_cov_6.588379	4962	5084	1	84	122	0.6885246
NODE_7849_length_11146_cov_7.047615	4962	5084	0	122	122	1.0000000
NODE_784_length_23645_cov_18.693111	4962	5084	0	122	122	1.0000000
NODE_784_length_23645_cov_18.693111	14962	15084	0	122	122	1.0000000
NODE_7850_length_11146_cov_6.547117	5088	5210	0	122	122	1.0000000
NODE_7851_length_11145_cov_7.833152	4752	4874	0	122	122	1.0000000
NODE_7852_length_11145_cov_7.285171	4962	5084	0	122	122	1.0000000
NODE_7854_length_11144_cov_9.227524	4962	5084	0	122	122	1.0000000
NODE_7856_length_11144_cov_7.367134	5004	5126	0	122	122	1.0000000
NODE_7857_length_11143_cov_8.572166	5130	5252	0	122	122	1.0000000
NODE_7858_length_11142_cov_8.936974	5172	5294	0	122	122	1.0000000
NODE_785_length_23631_cov_8.624724	14962	15084	0	122	122	1.0000000
NODE_7860_length_11140_cov_8.895843	4962	5084	0	122	122	1.0000000
NODE_7863_length_11137_cov_8.167693	4962	5084	0	122	122	1.0000000
NODE_7864_length_11136_cov_10.204947	4542	4664	0	122	122	1.0000000
NODE_7865_length_11136_cov_7.843073	4962	5084	0	122	122	1.0000000
NODE_7866_length_11134_cov_7.550884	5004	5126	0	122	122	1.0000000
NODE_7867_length_11133_cov_9.949067	4878	5000	0	122	122	1.0000000
NODE_7868_length_11133_cov_8.795269	4962	5084	0	122	122	1.0000000
NODE_7869_length_11133_cov_8.460576	4962	5084	0	122	122	1.0000000
NODE_786_length_23599_cov_11.910809	14962	15084	0	122	122	1.0000000
NODE_7870_length_11133_cov_6.570509	4878	5000	0	122	122	1.0000000
NODE_7871_length_11132_cov_19.330463	4794	4916	0	122	122	1.0000000
NODE_7872_length_11132_cov_7.327835	4878	5000	0	122	122	1.0000000
NODE_7873_length_11131_cov_8.621374	4962	5084	0	122	122	1.0000000
NODE_7874_length_11130_cov_17.243496	4962	5084	0	122	122	1.0000000
NODE_7875_length_11130_cov_7.514913	4962	5084	0	122	122	1.0000000
NODE_7876_length_11130_cov_7.207144	4962	5084	0	122	122	1.0000000
NODE_7877_length_11129_cov_25.418223	4962	5084	0	122	122	1.0000000
NODE_7878_length_11129_cov_8.924207	4878	5000	0	122	122	1.0000000
NODE_787_length_23579_cov_8.795443	5130	5252	0	122	122	1.0000000
NODE_787_length_23579_cov_8.795443	14962	15084	0	122	122	1.0000000
NODE_7881_length_11128_cov_8.955572	4962	5084	0	45	122	0.3688525
NODE_7881_length_11128_cov_8.955572	4962	5084	2	77	122	0.6311476
NODE_7882_length_11126_cov_8.423869	5046	5168	0	122	122	1.0000000
NODE_7883_length_11125_cov_8.599401	4878	5000	0	122	122	1.0000000
NODE_7884_length_11125_cov_7.977236	4962	5084	0	122	122	1.0000000
NODE_7885_length_11124_cov_20.091701	4962	5084	0	122	122	1.0000000
NODE_7886_length_11124_cov_9.019955	4920	5042	0	122	122	1.0000000
NODE_7887_length_11124_cov_6.956553	4920	5042	0	46	122	0.3770492
NODE_7887_length_11124_cov_6.956553	4920	5042	1	76	122	0.6229508
NODE_788_length_23573_cov_21.105990	4962	5084	0	122	122	1.0000000
NODE_788_length_23573_cov_21.105990	14962	15084	0	122	122	1.0000000
NODE_7890_length_11122_cov_8.808854	4962	5084	0	122	122	1.0000000
NODE_7891_length_11122_cov_6.416311	4920	5042	0	122	122	1.0000000
NODE_7892_length_11121_cov_14.022228	5046	5168	0	122	122	1.0000000
NODE_7893_length_11121_cov_8.204046	4962	5084	0	15	122	0.1229508
NODE_7893_length_11121_cov_8.204046	4962	5084	2	107	122	0.8770492
NODE_7894_length_11120_cov_6.944923	4962	5084	0	122	122	1.0000000
NODE_7895_length_11120_cov_5.836857	4962	5084	0	122	122	1.0000000
NODE_7896_length_11119_cov_8.350817	4962	5084	0	40	122	0.3278688
NODE_7896_length_11119_cov_8.350817	4962	5084	2	82	122	0.6721311
NODE_7897_length_11119_cov_7.387296	4962	5084	0	122	122	1.0000000
NODE_7898_length_11119_cov_7.350181	4962	5084	0	122	122	1.0000000
NODE_7899_length_11119_cov_7.098548	4878	5000	0	122	122	1.0000000
NODE_78_length_40218_cov_3.421621	4962	5084	0	122	122	1.0000000
NODE_78_length_40218_cov_3.421621	14962	15084	0	122	122	1.0000000
NODE_78_length_40218_cov_3.421621	24962	25084	0	122	122	1.0000000
NODE_78_length_40218_cov_3.421621	34962	35084	0	122	122	1.0000000
NODE_7902_length_11118_cov_7.094473	4920	5042	1	17	122	0.1393443
NODE_7902_length_11118_cov_7.094473	4920	5042	2	4	122	0.0327869
NODE_7902_length_11118_cov_7.094473	4920	5042	3	101	122	0.8278689
NODE_7905_length_11115_cov_16.541576	5046	5168	0	122	122	1.0000000
NODE_7906_length_11115_cov_8.708969	5004	5126	0	122	122	1.0000000
NODE_7908_length_11114_cov_9.242760	4962	5084	0	122	122	1.0000000
NODE_7909_length_11114_cov_6.627690	4962	5084	0	122	122	1.0000000
NODE_790_length_23568_cov_10.805659	4962	5084	0	122	122	1.0000000
NODE_790_length_23568_cov_10.805659	14962	15084	0	122	122	1.0000000
NODE_7910_length_11113_cov_8.730071	4962	5084	0	122	122	1.0000000
NODE_7911_length_11113_cov_8.518703	4962	5084	0	122	122	1.0000000
NODE_7913_length_11112_cov_8.922001	4962	5084	2	122	122	1.0000000
NODE_7914_length_11110_cov_12.331123	4920	5042	0	122	122	1.0000000
NODE_7915_length_11110_cov_7.009718	4962	5084	0	122	122	1.0000000
NODE_7916_length_11108_cov_11.695068	5004	5126	0	122	122	1.0000000
NODE_7917_length_11106_cov_28.595348	4962	5084	0	122	122	1.0000000
NODE_7918_length_11106_cov_25.200327	4668	4790	0	122	122	1.0000000
NODE_7919_length_11106_cov_17.925229	4794	4916	0	91	122	0.7459016
NODE_7919_length_11106_cov_17.925229	4794	4916	1	13	122	0.1065574
NODE_7919_length_11106_cov_17.925229	4794	4916	2	18	122	0.1475410
NODE_791_length_23558_cov_7.714097	14962	15084	0	122	122	1.0000000
NODE_7920_length_11106_cov_14.905969	5004	5126	0	122	122	1.0000000
NODE_7921_length_11106_cov_13.138185	5004	5126	0	122	122	1.0000000
NODE_7922_length_11106_cov_9.299082	4962	5084	0	122	122	1.0000000
NODE_7923_length_11106_cov_6.867630	4962	5084	0	122	122	1.0000000
NODE_7924_length_11105_cov_12.816736	4962	5084	0	122	122	1.0000000
NODE_7925_length_11105_cov_8.059967	4836	4958	0	56	122	0.4590164
NODE_7925_length_11105_cov_8.059967	4836	4958	2	66	122	0.5409836
NODE_7926_length_11104_cov_10.147660	4962	5084	0	122	122	1.0000000
NODE_7928_length_11103_cov_34.390131	4962	5084	1	5	122	0.0409836
NODE_7928_length_11103_cov_34.390131	4962	5084	2	117	122	0.9590164
NODE_7929_length_11103_cov_14.655852	4920	5042	0	122	122	1.0000000
NODE_792_length_23550_cov_12.862266	4962	5084	0	122	122	1.0000000
NODE_792_length_23550_cov_12.862266	14962	15084	0	122	122	1.0000000
NODE_7930_length_11103_cov_11.895311	4962	5084	0	122	122	1.0000000
NODE_7931_length_11103_cov_10.967830	4962	5084	0	122	122	1.0000000
NODE_7932_length_11103_cov_8.357325	4878	5000	2	2	122	0.0163934
NODE_7932_length_11103_cov_8.357325	4878	5000	3	120	122	0.9836066
NODE_7933_length_11102_cov_19.878488	4962	5084	1	69	122	0.5655738
NODE_7933_length_11102_cov_19.878488	4962	5084	2	53	122	0.4344262
NODE_7934_length_11102_cov_8.966100	4836	4958	0	122	122	1.0000000
NODE_7936_length_11101_cov_8.688239	4962	5084	0	8	122	0.0655738
NODE_7936_length_11101_cov_8.688239	4962	5084	1	67	122	0.5491803
NODE_7936_length_11101_cov_8.688239	4962	5084	3	47	122	0.3852459
NODE_7937_length_11101_cov_7.111525	4962	5084	0	122	122	1.0000000
NODE_7940_length_11099_cov_15.277545	4962	5084	0	122	122	1.0000000
NODE_7941_length_11099_cov_7.628091	5004	5126	0	122	122	1.0000000
NODE_7942_length_11098_cov_13.499591	4962	5084	0	122	122	1.0000000
NODE_7944_length_11096_cov_6.738565	4920	5042	0	122	122	1.0000000
NODE_7945_length_11095_cov_47.526191	4752	4874	0	122	122	1.0000000
NODE_7946_length_11095_cov_9.848399	4878	5000	0	122	122	1.0000000
NODE_7947_length_11095_cov_8.510095	4962	5084	0	122	122	1.0000000
NODE_7949_length_11095_cov_7.041379	4962	5084	0	122	122	1.0000000
NODE_794_length_23543_cov_7.953464	4962	5084	0	122	122	1.0000000
NODE_794_length_23543_cov_7.953464	14962	15084	0	122	122	1.0000000
NODE_7950_length_11094_cov_10.328695	4962	5084	0	122	122	1.0000000
NODE_7952_length_11094_cov_9.154161	4962	5084	0	122	122	1.0000000
NODE_7953_length_11094_cov_7.915689	4962	5084	0	14	122	0.1147541
NODE_7953_length_11094_cov_7.915689	4962	5084	1	108	122	0.8852459
NODE_7954_length_11093_cov_8.136893	4962	5084	0	122	122	1.0000000
NODE_7955_length_11092_cov_9.883562	4962	5084	0	122	122	1.0000000
NODE_7956_length_11092_cov_9.327572	5046	5168	0	122	122	1.0000000
NODE_7958_length_11092_cov_7.456563	4920	5042	0	122	122	1.0000000
NODE_7959_length_11092_cov_6.154371	5004	5126	0	122	122	1.0000000
NODE_795_length_23529_cov_23.569484	14878	15000	0	122	122	1.0000000
NODE_7960_length_11091_cov_8.669396	4962	5084	0	37	122	0.3032787
NODE_7960_length_11091_cov_8.669396	4962	5084	8	17	122	0.1393443
NODE_7960_length_11091_cov_8.669396	4962	5084	9	61	122	0.5000000
NODE_7960_length_11091_cov_8.669396	4962	5084	10	7	122	0.0573770
NODE_7962_length_11088_cov_13.642916	5046	5168	0	122	122	1.0000000
NODE_7963_length_11088_cov_6.993357	4962	5084	0	122	122	1.0000000
NODE_7965_length_11087_cov_7.621860	4962	5084	1	16	122	0.1311475
NODE_7965_length_11087_cov_7.621860	4962	5084	2	106	122	0.8688524
NODE_7967_length_11086_cov_8.252116	4962	5084	0	28	122	0.2295082
NODE_7967_length_11086_cov_8.252116	4962	5084	3	45	122	0.3688525
NODE_7967_length_11086_cov_8.252116	4962	5084	5	26	122	0.2131148
NODE_7967_length_11086_cov_8.252116	4962	5084	7	1	122	0.0081967
NODE_7967_length_11086_cov_8.252116	4962	5084	8	22	122	0.1803279
NODE_7968_length_11085_cov_8.907519	4920	5042	0	122	122	1.0000000
NODE_7969_length_11085_cov_8.793282	4962	5084	0	122	122	1.0000000
NODE_796_length_23526_cov_8.571733	4710	4832	0	122	122	1.0000000
NODE_796_length_23526_cov_8.571733	14794	14916	0	34	122	0.2786885
NODE_796_length_23526_cov_8.571733	14794	14916	2	11	122	0.0901639
NODE_796_length_23526_cov_8.571733	14794	14916	3	3	122	0.0245902
NODE_796_length_23526_cov_8.571733	14794	14916	4	74	122	0.6065574
NODE_7970_length_11085_cov_8.188422	4962	5084	0	122	122	1.0000000
NODE_7971_length_11085_cov_5.653286	4962	5084	0	122	122	1.0000000
NODE_7972_length_11084_cov_7.906236	4962	5084	0	23	122	0.1885246
NODE_7972_length_11084_cov_7.906236	4962	5084	2	99	122	0.8114754
NODE_7973_length_11084_cov_7.706691	4962	5084	0	122	122	1.0000000
NODE_7974_length_11083_cov_15.626912	5046	5168	0	122	122	1.0000000
NODE_7976_length_11082_cov_8.379587	4962	5084	0	90	122	0.7377049
NODE_7976_length_11082_cov_8.379587	4962	5084	1	32	122	0.2622951
NODE_7977_length_11081_cov_15.612457	4962	5084	0	1	122	0.0081967
NODE_7977_length_11081_cov_15.612457	4962	5084	16	20	122	0.1639344
NODE_7977_length_11081_cov_15.612457	4962	5084	18	1	122	0.0081967
NODE_7977_length_11081_cov_15.612457	4962	5084	21	53	122	0.4344262
NODE_7977_length_11081_cov_15.612457	4962	5084	22	11	122	0.0901639
NODE_7977_length_11081_cov_15.612457	4962	5084	23	1	122	0.0081967
NODE_7977_length_11081_cov_15.612457	4962	5084	30	3	122	0.0245902
NODE_7977_length_11081_cov_15.612457	4962	5084	33	4	122	0.0327869
NODE_7977_length_11081_cov_15.612457	4962	5084	34	1	122	0.0081967
NODE_7977_length_11081_cov_15.612457	4962	5084	35	27	122	0.2213115
NODE_7978_length_11081_cov_9.475414	4962	5084	0	73	122	0.5983607
NODE_7978_length_11081_cov_9.475414	4962	5084	1	39	122	0.3196721
NODE_7978_length_11081_cov_9.475414	4962	5084	2	10	122	0.0819672
NODE_797_length_23522_cov_7.440294	5256	5378	0	122	122	1.0000000
NODE_797_length_23522_cov_7.440294	14752	14874	0	122	122	1.0000000
NODE_7980_length_11081_cov_8.360863	4794	4916	0	122	122	1.0000000
NODE_7981_length_11079_cov_8.108561	4962	5084	0	122	122	1.0000000
NODE_7982_length_11079_cov_7.901913	4962	5084	0	122	122	1.0000000
NODE_7983_length_11079_cov_6.028233	4962	5084	0	122	122	1.0000000
NODE_7984_length_11078_cov_8.486656	4962	5084	0	122	122	1.0000000
NODE_7985_length_11077_cov_8.163691	4962	5084	0	122	122	1.0000000
NODE_7986_length_11077_cov_8.002186	4920	5042	0	122	122	1.0000000
NODE_7987_length_11075_cov_9.616254	4962	5084	0	122	122	1.0000000
NODE_7988_length_11075_cov_8.651786	4962	5084	0	122	122	1.0000000
NODE_7989_length_11075_cov_7.389304	4920	5042	0	30	122	0.2459016
NODE_7989_length_11075_cov_7.389304	4920	5042	1	92	122	0.7540984
NODE_798_length_23515_cov_11.463743	4962	5084	0	122	122	1.0000000
NODE_798_length_23515_cov_11.463743	14962	15084	0	122	122	1.0000000
NODE_7991_length_11074_cov_8.403827	5046	5168	0	28	122	0.2295082
NODE_7991_length_11074_cov_8.403827	5046	5168	1	94	122	0.7704918
NODE_7994_length_11071_cov_14.844331	4962	5084	0	122	122	1.0000000
NODE_7995_length_11071_cov_14.316715	4920	5042	0	122	122	1.0000000
NODE_7996_length_11070_cov_8.658099	4500	4622	0	122	122	1.0000000
NODE_7997_length_11070_cov_7.710510	4962	5084	0	122	122	1.0000000
NODE_7998_length_11069_cov_9.144758	4836	4958	0	122	122	1.0000000
NODE_799_length_23505_cov_8.014911	4962	5084	0	122	122	1.0000000
NODE_799_length_23505_cov_8.014911	14962	15084	0	122	122	1.0000000
NODE_79_length_40056_cov_7.092825	4962	5084	0	122	122	1.0000000
NODE_79_length_40056_cov_7.092825	24920	25042	0	122	122	1.0000000
NODE_79_length_40056_cov_7.092825	35088	35210	0	34	122	0.2786885
NODE_79_length_40056_cov_7.092825	35088	35210	2	88	122	0.7213115
NODE_7_length_75997_cov_3.170782	24962	25084	0	122	122	1.0000000
NODE_7_length_75997_cov_3.170782	34962	35084	0	122	122	1.0000000
NODE_7_length_75997_cov_3.170782	44962	45084	0	122	122	1.0000000
NODE_7_length_75997_cov_3.170782	54962	55084	0	122	122	1.0000000
NODE_7_length_75997_cov_3.170782	64962	65084	0	122	122	1.0000000
NODE_8001_length_11068_cov_7.490108	4962	5084	0	122	122	1.0000000
NODE_8002_length_11067_cov_12.684081	4794	4916	0	122	122	1.0000000
NODE_8003_length_11065_cov_7.466715	4962	5084	0	122	122	1.0000000
NODE_8004_length_11061_cov_35.083105	5088	5210	0	122	122	1.0000000
NODE_8005_length_11061_cov_10.899927	5088	5210	0	122	122	1.0000000
NODE_8007_length_11061_cov_7.879858	4962	5084	0	122	122	1.0000000
NODE_8008_length_11060_cov_18.115044	4962	5084	0	10	122	0.0819672
NODE_8008_length_11060_cov_18.115044	4962	5084	1	75	122	0.6147541
NODE_8008_length_11060_cov_18.115044	4962	5084	2	37	122	0.3032787
NODE_8009_length_11060_cov_9.755223	5214	5336	0	122	122	1.0000000
NODE_800_length_23503_cov_33.331225	4962	5084	0	122	122	1.0000000
NODE_8010_length_11060_cov_7.916157	5004	5126	0	122	122	1.0000000
NODE_8011_length_11060_cov_7.458352	4962	5084	0	122	122	1.0000000
NODE_8014_length_11057_cov_18.466600	4752	4874	0	122	122	1.0000000
NODE_8015_length_11057_cov_10.595273	5004	5126	0	122	122	1.0000000
NODE_8016_length_11056_cov_24.146664	4626	4748	0	122	122	1.0000000
NODE_8017_length_11055_cov_14.141749	4962	5084	0	122	122	1.0000000
NODE_8018_length_11053_cov_8.643509	4794	4916	0	122	122	1.0000000
NODE_801_length_23501_cov_10.536749	5256	5378	0	122	122	1.0000000
NODE_801_length_23501_cov_10.536749	14962	15084	0	122	122	1.0000000
NODE_8020_length_11052_cov_8.793664	4878	5000	0	52	122	0.4262295
NODE_8020_length_11052_cov_8.793664	4878	5000	2	70	122	0.5737705
NODE_8022_length_11051_cov_7.894449	4962	5084	0	122	122	1.0000000
NODE_8023_length_11051_cov_7.279949	4962	5084	0	122	122	1.0000000
NODE_8024_length_11050_cov_8.370468	4962	5084	0	122	122	1.0000000
NODE_8025_length_11049_cov_21.579087	5004	5126	0	122	122	1.0000000
NODE_8026_length_11049_cov_7.783014	4962	5084	0	122	122	1.0000000
NODE_8027_length_11048_cov_7.636040	4962	5084	0	122	122	1.0000000
NODE_8028_length_11048_cov_7.168965	4962	5084	0	122	122	1.0000000
NODE_8029_length_11047_cov_34.976434	5214	5336	0	122	122	1.0000000
NODE_802_length_23494_cov_7.923744	4962	5084	0	122	122	1.0000000
NODE_802_length_23494_cov_7.923744	14962	15084	0	122	122	1.0000000
NODE_8030_length_11047_cov_11.127695	5046	5168	0	122	122	1.0000000
NODE_8031_length_11047_cov_6.939167	5046	5168	2	122	122	1.0000000
NODE_8032_length_11046_cov_9.255047	4836	4958	0	10	122	0.0819672
NODE_8032_length_11046_cov_9.255047	4836	4958	1	112	122	0.9180328
NODE_8033_length_11046_cov_7.441308	5046	5168	0	122	122	1.0000000
NODE_8035_length_11045_cov_7.792527	4962	5084	0	122	122	1.0000000
NODE_8036_length_11045_cov_7.194226	5004	5126	0	122	122	1.0000000
NODE_8038_length_11043_cov_9.231177	4962	5084	0	122	122	1.0000000
NODE_8039_length_11043_cov_8.419317	4920	5042	0	122	122	1.0000000
NODE_803_length_23483_cov_10.384280	5298	5420	0	122	122	1.0000000
NODE_8040_length_11043_cov_7.386056	4962	5084	0	122	122	1.0000000
NODE_8041_length_11042_cov_18.956410	4962	5084	0	122	122	1.0000000
NODE_8042_length_11042_cov_8.644065	4962	5084	0	122	122	1.0000000
NODE_8044_length_11040_cov_8.276392	4794	4916	0	122	122	1.0000000
NODE_8045_length_11040_cov_7.211224	5382	5500	0	46	118	0.3898305
NODE_8045_length_11040_cov_7.211224	5382	5500	1	72	118	0.6101695
NODE_8046_length_11039_cov_8.862431	5046	5168	0	122	122	1.0000000
NODE_8049_length_11038_cov_7.004022	4962	5084	0	122	122	1.0000000
NODE_804_length_23460_cov_8.502076	4920	5042	0	6	122	0.0491803
NODE_804_length_23460_cov_8.502076	4920	5042	2	116	122	0.9508197
NODE_804_length_23460_cov_8.502076	14962	15084	0	122	122	1.0000000
NODE_8050_length_11038_cov_5.959594	4920	5042	0	122	122	1.0000000
NODE_8051_length_11037_cov_8.763942	4962	5084	0	122	122	1.0000000
NODE_8052_length_11035_cov_8.746342	4962	5084	0	122	122	1.0000000
NODE_8055_length_11034_cov_7.978692	4920	5042	0	122	122	1.0000000
NODE_8059_length_11032_cov_10.165462	4962	5084	0	122	122	1.0000000
NODE_805_length_23453_cov_9.781494	15088	15210	0	122	122	1.0000000
NODE_8060_length_11032_cov_9.233422	4962	5084	0	122	122	1.0000000
NODE_8061_length_11031_cov_8.859038	4878	5000	0	122	122	1.0000000
NODE_8062_length_11031_cov_7.108763	4920	5042	0	122	122	1.0000000
NODE_8063_length_11030_cov_6.486781	4962	5084	0	122	122	1.0000000
NODE_8067_length_11027_cov_8.212939	4962	5084	0	122	122	1.0000000
NODE_8069_length_11026_cov_8.346390	5046	5168	0	122	122	1.0000000
NODE_806_length_23427_cov_10.870585	14962	15084	0	122	122	1.0000000
NODE_8070_length_11024_cov_12.717895	4962	5084	0	122	122	1.0000000
NODE_8071_length_11024_cov_9.469840	5130	5252	0	122	122	1.0000000
NODE_8072_length_11023_cov_8.366441	4962	5084	0	122	122	1.0000000
NODE_8073_length_11023_cov_6.815544	5046	5168	1	43	122	0.3524590
NODE_8073_length_11023_cov_6.815544	5046	5168	2	79	122	0.6475410
NODE_8075_length_11021_cov_25.887109	4962	5084	3	28	122	0.2295082
NODE_8075_length_11021_cov_25.887109	4962	5084	4	12	122	0.0983607
NODE_8075_length_11021_cov_25.887109	4962	5084	5	7	122	0.0573770
NODE_8075_length_11021_cov_25.887109	4962	5084	6	75	122	0.6147541
NODE_8076_length_11020_cov_8.124989	4962	5084	0	122	122	1.0000000
NODE_8077_length_11020_cov_7.336233	5046	5168	0	29	122	0.2377049
NODE_8077_length_11020_cov_7.336233	5046	5168	6	46	122	0.3770492
NODE_8077_length_11020_cov_7.336233	5046	5168	11	47	122	0.3852459
NODE_8078_length_11020_cov_6.790038	5130	5252	0	122	122	1.0000000
NODE_8079_length_11019_cov_12.827473	5088	5210	0	12	122	0.0983607
NODE_8079_length_11019_cov_12.827473	5088	5210	1	74	122	0.6065574
NODE_8079_length_11019_cov_12.827473	5088	5210	2	36	122	0.2950820
NODE_807_length_23424_cov_10.620407	4962	5084	0	60	122	0.4918033
NODE_807_length_23424_cov_10.620407	4962	5084	1	62	122	0.5081967
NODE_807_length_23424_cov_10.620407	14962	15084	0	40	122	0.3278688
NODE_807_length_23424_cov_10.620407	14962	15084	1	24	122	0.1967213
NODE_807_length_23424_cov_10.620407	14962	15084	2	58	122	0.4754098
NODE_8080_length_11018_cov_36.664713	4920	5042	0	49	122	0.4016393
NODE_8080_length_11018_cov_36.664713	4920	5042	2	73	122	0.5983607
NODE_8081_length_11018_cov_7.021614	4962	5084	0	122	122	1.0000000
NODE_8082_length_11017_cov_10.652958	4962	5084	0	122	122	1.0000000
NODE_8083_length_11017_cov_8.911522	4962	5084	0	122	122	1.0000000
NODE_8084_length_11017_cov_8.891555	4962	5084	0	122	122	1.0000000
NODE_8085_length_11015_cov_7.867534	5004	5126	0	122	122	1.0000000
NODE_8086_length_11015_cov_7.708593	4920	5042	0	122	122	1.0000000
NODE_8087_length_11015_cov_7.597288	4962	5084	0	122	122	1.0000000
NODE_8088_length_11015_cov_7.594815	4878	5000	0	122	122	1.0000000
NODE_8089_length_11015_cov_6.623122	4794	4916	0	122	122	1.0000000
NODE_808_length_23423_cov_7.473675	14962	15084	0	122	122	1.0000000
NODE_8090_length_11014_cov_6.748328	4878	5000	0	122	122	1.0000000
NODE_8091_length_11014_cov_6.331379	4962	5084	0	122	122	1.0000000
NODE_8092_length_11013_cov_8.343687	4962	5084	0	122	122	1.0000000
NODE_8093_length_11012_cov_9.442317	5172	5294	0	122	122	1.0000000
NODE_8094_length_11012_cov_9.181435	4962	5084	0	122	122	1.0000000
NODE_8097_length_11010_cov_9.873980	4962	5084	0	122	122	1.0000000
NODE_8098_length_11009_cov_6.737947	4962	5084	0	122	122	1.0000000
NODE_8099_length_11007_cov_8.432527	5004	5126	1	28	122	0.2295082
NODE_8099_length_11007_cov_8.432527	5004	5126	2	21	122	0.1721312
NODE_8099_length_11007_cov_8.432527	5004	5126	7	55	122	0.4508197
NODE_8099_length_11007_cov_8.432527	5004	5126	12	18	122	0.1475410
NODE_809_length_23420_cov_8.800051	4962	5084	0	122	122	1.0000000
NODE_809_length_23420_cov_8.800051	14962	15084	0	122	122	1.0000000
NODE_80_length_39968_cov_11.794276	4962	5084	0	122	122	1.0000000
NODE_80_length_39968_cov_11.794276	24920	25042	0	122	122	1.0000000
NODE_80_length_39968_cov_11.794276	34962	35084	0	122	122	1.0000000
NODE_8101_length_11007_cov_6.334250	5256	5378	0	122	122	1.0000000
NODE_8102_length_11006_cov_9.696067	4920	5042	0	122	122	1.0000000
NODE_8105_length_11004_cov_9.147822	5382	5500	0	118	118	1.0000000
NODE_8106_length_11004_cov_8.241999	4962	5084	0	122	122	1.0000000
NODE_8107_length_11004_cov_7.439248	4962	5084	0	122	122	1.0000000
NODE_8108_length_11003_cov_9.930851	4962	5084	0	122	122	1.0000000
NODE_8109_length_11002_cov_10.597175	5046	5168	0	122	122	1.0000000
NODE_8110_length_11002_cov_8.919380	5004	5126	0	122	122	1.0000000
NODE_8112_length_11002_cov_8.334037	4878	5000	0	122	122	1.0000000
NODE_8113_length_11001_cov_8.724729	5046	5168	1	30	122	0.2459016
NODE_8113_length_11001_cov_8.724729	5046	5168	2	92	122	0.7540984
NODE_8114_length_11001_cov_8.407540	4962	5084	0	122	122	1.0000000
NODE_8115_length_11000_cov_25.361251	4962	5084	0	122	122	1.0000000
NODE_8118_length_10999_cov_9.012936	5004	5126	0	122	122	1.0000000
NODE_811_length_23409_cov_7.046461	4962	5084	0	11	122	0.0901639
NODE_811_length_23409_cov_7.046461	4962	5084	1	111	122	0.9098361
NODE_811_length_23409_cov_7.046461	14962	15084	0	122	122	1.0000000
NODE_8123_length_10997_cov_9.444485	5046	5168	0	122	122	1.0000000
NODE_8125_length_10995_cov_8.346549	5130	5252	0	122	122	1.0000000
NODE_8126_length_10995_cov_8.020833	4962	5084	0	122	122	1.0000000
NODE_8127_length_10994_cov_7.779991	4962	5084	0	122	122	1.0000000
NODE_8128_length_10993_cov_69.618597	4794	4916	0	122	122	1.0000000
NODE_812_length_23399_cov_18.449957	4962	5084	0	122	122	1.0000000
NODE_812_length_23399_cov_18.449957	14962	15084	0	122	122	1.0000000
NODE_8131_length_10992_cov_8.440191	4962	5084	0	122	122	1.0000000
NODE_8132_length_10992_cov_8.242633	5004	5126	0	122	122	1.0000000
NODE_8133_length_10992_cov_8.055173	4962	5084	0	122	122	1.0000000
NODE_8134_length_10992_cov_6.736987	4962	5084	0	122	122	1.0000000
NODE_8136_length_10990_cov_5.967404	4962	5084	0	122	122	1.0000000
NODE_8137_length_10989_cov_8.227456	4836	4958	0	122	122	1.0000000
NODE_8138_length_10989_cov_7.751882	4962	5084	0	39	122	0.3196721
NODE_8138_length_10989_cov_7.751882	4962	5084	1	16	122	0.1311475
NODE_8138_length_10989_cov_7.751882	4962	5084	2	4	122	0.0327869
NODE_8138_length_10989_cov_7.751882	4962	5084	3	63	122	0.5163934
NODE_8139_length_10988_cov_8.942052	4962	5084	0	25	122	0.2049180
NODE_8139_length_10988_cov_8.942052	4962	5084	1	97	122	0.7950820
NODE_813_length_23391_cov_8.844882	14962	15084	0	122	122	1.0000000
NODE_8140_length_10988_cov_8.833961	4962	5084	0	25	122	0.2049180
NODE_8140_length_10988_cov_8.833961	4962	5084	1	97	122	0.7950820
NODE_8141_length_10988_cov_8.713472	4962	5084	0	67	122	0.5491803
NODE_8141_length_10988_cov_8.713472	4962	5084	1	55	122	0.4508197
NODE_8142_length_10988_cov_7.056020	4794	4916	0	122	122	1.0000000
NODE_8143_length_10987_cov_8.377480	4962	5084	0	122	122	1.0000000
NODE_8145_length_10986_cov_25.328924	4836	4958	0	122	122	1.0000000
NODE_8146_length_10986_cov_7.806099	4962	5084	0	7	122	0.0573770
NODE_8146_length_10986_cov_7.806099	4962	5084	1	99	122	0.8114754
NODE_8146_length_10986_cov_7.806099	4962	5084	2	16	122	0.1311475
NODE_8148_length_10985_cov_6.242697	5004	5126	0	122	122	1.0000000
NODE_8149_length_10984_cov_49.306293	4962	5084	0	122	122	1.0000000
NODE_8150_length_10984_cov_5.924299	4920	5042	0	122	122	1.0000000
NODE_8151_length_10983_cov_48.395810	4962	5084	0	122	122	1.0000000
NODE_8154_length_10983_cov_6.664829	4962	5084	0	122	122	1.0000000
NODE_8156_length_10982_cov_8.625655	4962	5084	0	122	122	1.0000000
NODE_8157_length_10982_cov_8.531655	4836	4958	0	122	122	1.0000000
NODE_8158_length_10981_cov_16.965723	5004	5126	0	18	122	0.1475410
NODE_8158_length_10981_cov_16.965723	5004	5126	1	61	122	0.5000000
NODE_8158_length_10981_cov_16.965723	5004	5126	2	43	122	0.3524590
NODE_8159_length_10981_cov_6.842400	4962	5084	0	122	122	1.0000000
NODE_815_length_23382_cov_8.851823	14962	15084	0	122	122	1.0000000
NODE_8162_length_10979_cov_14.534375	4878	5000	0	122	122	1.0000000
NODE_8163_length_10979_cov_9.386213	4962	5084	0	122	122	1.0000000
NODE_8164_length_10979_cov_8.162684	5130	5252	0	122	122	1.0000000
NODE_8165_length_10977_cov_13.900717	5046	5168	0	122	122	1.0000000
NODE_8166_length_10977_cov_10.400993	4962	5084	0	122	122	1.0000000
NODE_8167_length_10977_cov_8.859809	4752	4874	0	122	122	1.0000000
NODE_8168_length_10977_cov_8.314580	4962	5084	0	122	122	1.0000000
NODE_8169_length_10977_cov_7.064902	4962	5084	0	53	122	0.4344262
NODE_8169_length_10977_cov_7.064902	4962	5084	2	69	122	0.5655738
NODE_816_length_23358_cov_9.911217	4962	5084	0	12	122	0.0983607
NODE_816_length_23358_cov_9.911217	4962	5084	1	29	122	0.2377049
NODE_816_length_23358_cov_9.911217	4962	5084	2	81	122	0.6639344
NODE_816_length_23358_cov_9.911217	14962	15084	0	122	122	1.0000000
NODE_8170_length_10975_cov_8.120449	4962	5084	0	122	122	1.0000000
NODE_8171_length_10974_cov_15.641655	4962	5084	0	122	122	1.0000000
NODE_8174_length_10969_cov_6.655382	4962	5084	0	15	122	0.1229508
NODE_8174_length_10969_cov_6.655382	4962	5084	2	107	122	0.8770492
NODE_8175_length_10968_cov_7.799890	4752	4874	0	122	122	1.0000000
NODE_8177_length_10968_cov_6.966694	4962	5084	0	122	122	1.0000000
NODE_8178_length_10967_cov_8.535793	4962	5084	0	122	122	1.0000000
NODE_8179_length_10967_cov_8.303644	4962	5084	0	122	122	1.0000000
NODE_817_length_23357_cov_8.072147	14962	15084	0	122	122	1.0000000
NODE_8180_length_10967_cov_5.225340	4962	5084	0	122	122	1.0000000
NODE_8182_length_10966_cov_7.868869	4962	5084	0	122	122	1.0000000
NODE_8183_length_10965_cov_9.548132	4962	5084	0	5	122	0.0409836
NODE_8183_length_10965_cov_9.548132	4962	5084	1	9	122	0.0737705
NODE_8183_length_10965_cov_9.548132	4962	5084	2	27	122	0.2213115
NODE_8183_length_10965_cov_9.548132	4962	5084	3	81	122	0.6639344
NODE_8185_length_10965_cov_6.571231	4794	4916	0	75	122	0.6147541
NODE_8185_length_10965_cov_6.571231	4794	4916	1	47	122	0.3852459
NODE_8186_length_10965_cov_6.359654	5004	5126	0	122	122	1.0000000
NODE_8187_length_10964_cov_8.679429	4962	5084	0	122	122	1.0000000
NODE_8188_length_10963_cov_18.468796	5004	5126	0	122	122	1.0000000
NODE_8189_length_10963_cov_7.972018	4962	5084	0	122	122	1.0000000
NODE_818_length_23351_cov_8.280148	4962	5084	0	122	122	1.0000000
NODE_818_length_23351_cov_8.280148	15046	15168	0	122	122	1.0000000
NODE_8190_length_10962_cov_8.879223	4962	5084	0	122	122	1.0000000
NODE_8191_length_10962_cov_8.614931	5046	5168	0	122	122	1.0000000
NODE_8192_length_10962_cov_8.487434	4962	5084	0	122	122	1.0000000
NODE_8193_length_10962_cov_8.347050	5004	5126	0	122	122	1.0000000
NODE_8194_length_10961_cov_7.827840	4920	5042	0	122	122	1.0000000
NODE_8196_length_10960_cov_9.258908	4962	5084	2	122	122	1.0000000
NODE_8197_length_10960_cov_8.229353	4626	4748	0	122	122	1.0000000
NODE_8198_length_10960_cov_7.232851	4962	5084	0	122	122	1.0000000
NODE_8199_length_10959_cov_7.171455	4920	5042	0	122	122	1.0000000
NODE_819_length_23346_cov_7.822558	4962	5084	0	122	122	1.0000000
NODE_819_length_23346_cov_7.822558	15130	15252	0	122	122	1.0000000
NODE_81_length_39696_cov_9.346314	5130	5252	0	122	122	1.0000000
NODE_81_length_39696_cov_9.346314	15088	15210	0	122	122	1.0000000
NODE_81_length_39696_cov_9.346314	24710	24832	0	122	122	1.0000000
NODE_81_length_39696_cov_9.346314	34962	35084	0	122	122	1.0000000
NODE_8200_length_10959_cov_6.999724	5088	5210	0	13	122	0.1065574
NODE_8200_length_10959_cov_6.999724	5088	5210	1	109	122	0.8934426
NODE_8201_length_10958_cov_9.080394	4962	5084	0	59	122	0.4836065
NODE_8201_length_10958_cov_9.080394	4962	5084	2	63	122	0.5163934
NODE_8202_length_10958_cov_8.597385	4962	5084	0	122	122	1.0000000
NODE_8205_length_10958_cov_7.095589	4836	4958	0	122	122	1.0000000
NODE_8206_length_10957_cov_8.612544	4920	5042	0	122	122	1.0000000
NODE_8208_length_10956_cov_8.674127	5088	5210	0	122	122	1.0000000
NODE_8209_length_10956_cov_7.421848	4920	5042	0	122	122	1.0000000
NODE_820_length_23343_cov_8.714808	4962	5084	0	122	122	1.0000000
NODE_820_length_23343_cov_8.714808	14962	15084	0	35	122	0.2868852
NODE_820_length_23343_cov_8.714808	14962	15084	1	24	122	0.1967213
NODE_820_length_23343_cov_8.714808	14962	15084	3	63	122	0.5163934
NODE_8210_length_10955_cov_11.190586	5004	5126	0	122	122	1.0000000
NODE_8211_length_10955_cov_9.571389	4962	5084	2	86	122	0.7049180
NODE_8211_length_10955_cov_9.571389	4962	5084	8	16	122	0.1311475
NODE_8211_length_10955_cov_9.571389	4962	5084	11	7	122	0.0573770
NODE_8211_length_10955_cov_9.571389	4962	5084	13	13	122	0.1065574
NODE_8213_length_10955_cov_8.542926	4962	5084	0	122	122	1.0000000
NODE_8215_length_10953_cov_9.880044	5004	5126	0	122	122	1.0000000
NODE_8216_length_10953_cov_9.844205	4878	5000	0	122	122	1.0000000
NODE_8217_length_10952_cov_6.928315	4962	5084	0	122	122	1.0000000
NODE_8218_length_10952_cov_6.693265	5088	5210	0	122	122	1.0000000
NODE_8219_length_10951_cov_272.137302	5004	5126	0	122	122	1.0000000
NODE_821_length_23336_cov_8.788398	5004	5126	0	122	122	1.0000000
NODE_821_length_23336_cov_8.788398	15088	15210	0	122	122	1.0000000
NODE_8220_length_10951_cov_9.461482	4920	5042	0	122	122	1.0000000
NODE_8221_length_10950_cov_24.359137	5004	5126	4	24	122	0.1967213
NODE_8221_length_10950_cov_24.359137	5004	5126	5	32	122	0.2622951
NODE_8221_length_10950_cov_24.359137	5004	5126	6	15	122	0.1229508
NODE_8221_length_10950_cov_24.359137	5004	5126	7	15	122	0.1229508
NODE_8221_length_10950_cov_24.359137	5004	5126	8	34	122	0.2786885
NODE_8221_length_10950_cov_24.359137	5004	5126	9	2	122	0.0163934
NODE_8225_length_10948_cov_7.414232	4962	5084	0	122	122	1.0000000
NODE_8226_length_10948_cov_6.977233	5172	5294	0	122	122	1.0000000
NODE_8227_length_10947_cov_8.255531	4962	5084	0	122	122	1.0000000
NODE_8228_length_10947_cov_8.241519	5088	5210	0	122	122	1.0000000
NODE_8229_length_10947_cov_7.939805	4920	5042	0	122	122	1.0000000
NODE_822_length_23319_cov_7.576012	4962	5084	0	122	122	1.0000000
NODE_822_length_23319_cov_7.576012	15046	15168	0	122	122	1.0000000
NODE_8230_length_10947_cov_7.332780	4962	5084	0	122	122	1.0000000
NODE_8231_length_10946_cov_8.884853	4962	5084	2	27	122	0.2213115
NODE_8231_length_10946_cov_8.884853	4962	5084	3	95	122	0.7786885
NODE_8233_length_10945_cov_23.525724	4626	4748	0	104	122	0.8524590
NODE_8233_length_10945_cov_23.525724	4626	4748	1	18	122	0.1475410
NODE_8234_length_10944_cov_8.440848	5004	5126	0	122	122	1.0000000
NODE_8235_length_10944_cov_7.673582	4920	5042	0	122	122	1.0000000
NODE_8236_length_10943_cov_10.559111	5004	5126	0	122	122	1.0000000
NODE_8237_length_10943_cov_8.458502	4962	5084	0	122	122	1.0000000
NODE_8238_length_10942_cov_39.158443	4962	5084	0	122	122	1.0000000
NODE_823_length_23317_cov_47.844345	4878	5000	0	122	122	1.0000000
NODE_823_length_23317_cov_47.844345	14836	14958	0	122	122	1.0000000
NODE_8240_length_10942_cov_9.050078	4962	5084	0	60	122	0.4918033
NODE_8240_length_10942_cov_9.050078	4962	5084	1	62	122	0.5081967
NODE_8242_length_10942_cov_7.355160	4584	4706	0	122	122	1.0000000
NODE_8243_length_10941_cov_32.400387	5046	5168	0	122	122	1.0000000
NODE_8244_length_10941_cov_8.432946	4752	4874	0	13	122	0.1065574
NODE_8244_length_10941_cov_8.432946	4752	4874	1	109	122	0.8934426
NODE_8245_length_10941_cov_7.831765	4920	5042	0	122	122	1.0000000
NODE_8246_length_10940_cov_8.663131	4920	5042	0	122	122	1.0000000
NODE_8248_length_10940_cov_7.962365	5382	5500	0	36	118	0.3050847
NODE_8248_length_10940_cov_7.962365	5382	5500	1	82	118	0.6949152
NODE_8249_length_10939_cov_9.838561	4962	5084	0	122	122	1.0000000
NODE_824_length_23315_cov_9.076887	5046	5168	0	122	122	1.0000000
NODE_824_length_23315_cov_9.076887	14962	15084	8	43	122	0.3524590
NODE_824_length_23315_cov_9.076887	14962	15084	9	18	122	0.1475410
NODE_824_length_23315_cov_9.076887	14962	15084	16	1	122	0.0081967
NODE_824_length_23315_cov_9.076887	14962	15084	17	60	122	0.4918033
NODE_8251_length_10937_cov_8.443163	4962	5084	0	122	122	1.0000000
NODE_8253_length_10937_cov_5.989020	4962	5084	0	30	122	0.2459016
NODE_8253_length_10937_cov_5.989020	4962	5084	1	92	122	0.7540984
NODE_8254_length_10936_cov_12.302390	5046	5168	0	122	122	1.0000000
NODE_8255_length_10936_cov_10.062379	4962	5084	0	122	122	1.0000000
NODE_8256_length_10936_cov_8.973240	5004	5126	0	122	122	1.0000000
NODE_8257_length_10936_cov_7.697979	4962	5084	0	122	122	1.0000000
NODE_8258_length_10935_cov_14.412145	4962	5084	1	122	122	1.0000000
NODE_8259_length_10935_cov_8.380399	4878	5000	0	6	122	0.0491803
NODE_8259_length_10935_cov_8.380399	4878	5000	1	116	122	0.9508197
NODE_825_length_23310_cov_8.977511	4962	5084	0	122	122	1.0000000
NODE_8260_length_10935_cov_7.499446	4962	5084	0	122	122	1.0000000
NODE_8261_length_10935_cov_7.437615	4962	5084	0	122	122	1.0000000
NODE_8262_length_10933_cov_13.926158	4920	5042	0	122	122	1.0000000
NODE_8263_length_10933_cov_9.707033	4962	5084	0	122	122	1.0000000
NODE_8264_length_10933_cov_9.173528	5214	5336	0	122	122	1.0000000
NODE_8266_length_10931_cov_11.936854	4962	5084	0	122	122	1.0000000
NODE_8267_length_10931_cov_6.635063	4962	5084	0	122	122	1.0000000
NODE_8269_length_10927_cov_8.054119	5088	5210	0	122	122	1.0000000
NODE_826_length_23306_cov_9.816392	4962	5084	0	122	122	1.0000000
NODE_8271_length_10926_cov_8.225085	4962	5084	0	48	122	0.3934426
NODE_8271_length_10926_cov_8.225085	4962	5084	1	74	122	0.6065574
NODE_8272_length_10925_cov_9.291151	5004	5126	0	122	122	1.0000000
NODE_8273_length_10925_cov_8.593386	4920	5042	0	122	122	1.0000000
NODE_8274_length_10923_cov_8.358278	4962	5084	0	122	122	1.0000000
NODE_8276_length_10922_cov_8.296313	4962	5084	0	122	122	1.0000000
NODE_8277_length_10922_cov_7.643352	4962	5084	0	122	122	1.0000000
NODE_8278_length_10921_cov_12.990205	4962	5084	0	122	122	1.0000000
NODE_8279_length_10921_cov_8.189614	4962	5084	0	122	122	1.0000000
NODE_8280_length_10921_cov_8.082055	4920	5042	0	122	122	1.0000000
NODE_8281_length_10921_cov_7.060987	4920	5042	0	122	122	1.0000000
NODE_8282_length_10920_cov_8.559930	4920	5042	0	122	122	1.0000000
NODE_8283_length_10920_cov_7.857499	4962	5084	0	122	122	1.0000000
NODE_8284_length_10919_cov_9.829205	4752	4874	0	122	122	1.0000000
NODE_8286_length_10919_cov_6.925046	5046	5168	0	122	122	1.0000000
NODE_8287_length_10918_cov_29.765598	4962	5084	0	122	122	1.0000000
NODE_8288_length_10918_cov_8.241057	4878	5000	0	37	122	0.3032787
NODE_8288_length_10918_cov_8.241057	4878	5000	1	4	122	0.0327869
NODE_8288_length_10918_cov_8.241057	4878	5000	2	19	122	0.1557377
NODE_8288_length_10918_cov_8.241057	4878	5000	3	62	122	0.5081967
NODE_8289_length_10918_cov_7.399298	4794	4916	0	122	122	1.0000000
NODE_828_length_23298_cov_9.336308	4962	5084	0	122	122	1.0000000
NODE_8290_length_10917_cov_8.359863	4920	5042	0	122	122	1.0000000
NODE_8291_length_10917_cov_7.476983	4962	5084	0	122	122	1.0000000
NODE_8292_length_10917_cov_5.047698	5004	5126	0	122	122	1.0000000
NODE_8293_length_10916_cov_8.579181	4962	5084	0	122	122	1.0000000
NODE_8294_length_10916_cov_7.916058	4920	5042	0	122	122	1.0000000
NODE_8297_length_10913_cov_33.494174	5046	5168	0	122	122	1.0000000
NODE_8298_length_10913_cov_7.388570	4836	4958	0	122	122	1.0000000
NODE_8299_length_10911_cov_8.162782	4962	5084	0	37	122	0.3032787
NODE_8299_length_10911_cov_8.162782	4962	5084	2	85	122	0.6967213
NODE_829_length_23295_cov_7.437748	4962	5084	0	122	122	1.0000000
NODE_829_length_23295_cov_7.437748	14962	15084	0	24	122	0.1967213
NODE_829_length_23295_cov_7.437748	14962	15084	1	98	122	0.8032787
NODE_82_length_39690_cov_19.762092	4962	5084	0	122	122	1.0000000
NODE_82_length_39690_cov_19.762092	14962	15084	0	122	122	1.0000000
NODE_82_length_39690_cov_19.762092	25046	25168	0	122	122	1.0000000
NODE_82_length_39690_cov_19.762092	34710	34832	0	122	122	1.0000000
NODE_8300_length_10910_cov_8.977523	4836	4958	0	29	122	0.2377049
NODE_8300_length_10910_cov_8.977523	4836	4958	1	5	122	0.0409836
NODE_8300_length_10910_cov_8.977523	4836	4958	2	88	122	0.7213115
NODE_8301_length_10910_cov_8.166127	4878	5000	0	122	122	1.0000000
NODE_8302_length_10910_cov_7.419203	4962	5084	0	122	122	1.0000000
NODE_8303_length_10910_cov_6.887984	4962	5084	0	122	122	1.0000000
NODE_8304_length_10907_cov_8.962898	4962	5084	0	122	122	1.0000000
NODE_8306_length_10906_cov_12.555751	5046	5168	0	122	122	1.0000000
NODE_8307_length_10905_cov_27.588932	4962	5084	0	122	122	1.0000000
NODE_8308_length_10904_cov_7.649329	4962	5084	0	122	122	1.0000000
NODE_8309_length_10903_cov_9.783506	5256	5378	0	122	122	1.0000000
NODE_830_length_23293_cov_7.619083	4962	5084	0	122	122	1.0000000
NODE_8311_length_10903_cov_6.718715	4962	5084	0	122	122	1.0000000
NODE_8312_length_10902_cov_9.144960	4962	5084	0	69	122	0.5655738
NODE_8312_length_10902_cov_9.144960	4962	5084	1	53	122	0.4344262
NODE_8313_length_10902_cov_8.556975	5256	5378	0	122	122	1.0000000
NODE_8314_length_10901_cov_7.550639	5046	5168	0	122	122	1.0000000
NODE_8315_length_10900_cov_9.154615	5130	5252	0	116	122	0.9508197
NODE_8315_length_10900_cov_9.154615	5130	5252	2	6	122	0.0491803
NODE_8316_length_10900_cov_8.198685	4962	5084	0	122	122	1.0000000
NODE_8318_length_10900_cov_6.853532	4752	4874	0	122	122	1.0000000
NODE_8319_length_10898_cov_7.755811	4962	5084	0	122	122	1.0000000
NODE_831_length_23290_cov_8.675823	4962	5084	0	122	122	1.0000000
NODE_831_length_23290_cov_8.675823	14962	15084	0	122	122	1.0000000
NODE_8320_length_10897_cov_7.444064	4962	5084	0	122	122	1.0000000
NODE_8321_length_10895_cov_16.536217	4962	5084	0	23	122	0.1885246
NODE_8321_length_10895_cov_16.536217	4962	5084	1	1	122	0.0081967
NODE_8321_length_10895_cov_16.536217	4962	5084	2	81	122	0.6639344
NODE_8321_length_10895_cov_16.536217	4962	5084	3	17	122	0.1393443
NODE_8322_length_10895_cov_10.766024	5046	5168	0	122	122	1.0000000
NODE_8325_length_10894_cov_11.687170	4962	5084	0	122	122	1.0000000
NODE_8326_length_10894_cov_8.709866	5214	5336	0	122	122	1.0000000
NODE_8327_length_10894_cov_7.284391	4962	5084	0	122	122	1.0000000
NODE_8328_length_10893_cov_30.329072	4836	4958	0	122	122	1.0000000
NODE_832_length_23280_cov_7.861826	4962	5084	0	122	122	1.0000000
NODE_832_length_23280_cov_7.861826	14962	15084	0	122	122	1.0000000
NODE_8330_length_10893_cov_8.578655	4962	5084	0	122	122	1.0000000
NODE_8331_length_10893_cov_8.091996	4962	5084	0	51	122	0.4180328
NODE_8331_length_10893_cov_8.091996	4962	5084	2	71	122	0.5819672
NODE_8333_length_10892_cov_5.374409	4794	4916	0	122	122	1.0000000
NODE_8335_length_10891_cov_11.609989	4962	5084	0	122	122	1.0000000
NODE_8336_length_10891_cov_8.105634	4920	5042	0	122	122	1.0000000
NODE_8337_length_10890_cov_128.793068	4962	5084	0	122	122	1.0000000
NODE_8338_length_10890_cov_6.460384	5004	5126	0	122	122	1.0000000
NODE_833_length_23276_cov_9.999784	4962	5084	0	122	122	1.0000000
NODE_833_length_23276_cov_9.999784	14962	15084	0	122	122	1.0000000
NODE_8341_length_10888_cov_8.619149	5004	5126	0	122	122	1.0000000
NODE_8344_length_10887_cov_6.718947	4962	5084	0	122	122	1.0000000
NODE_8345_length_10886_cov_18.357097	5046	5168	0	122	122	1.0000000
NODE_8346_length_10886_cov_7.912116	4962	5084	0	122	122	1.0000000
NODE_8348_length_10886_cov_6.721424	4584	4706	0	122	122	1.0000000
NODE_8349_length_10885_cov_8.524013	4962	5084	0	122	122	1.0000000
NODE_834_length_23266_cov_8.712393	4962	5084	0	122	122	1.0000000
NODE_834_length_23266_cov_8.712393	15046	15168	0	122	122	1.0000000
NODE_8350_length_10885_cov_7.500464	4962	5084	0	122	122	1.0000000
NODE_8351_length_10884_cov_12.744182	5046	5168	0	19	122	0.1557377
NODE_8351_length_10884_cov_12.744182	5046	5168	1	103	122	0.8442623
NODE_8352_length_10884_cov_6.424757	4668	4790	0	122	122	1.0000000
NODE_8353_length_10883_cov_6.169418	5214	5336	0	122	122	1.0000000
NODE_8354_length_10882_cov_9.447185	5004	5126	0	122	122	1.0000000
NODE_8355_length_10882_cov_7.418807	4962	5084	0	122	122	1.0000000
NODE_8356_length_10881_cov_16.100167	4962	5084	0	122	122	1.0000000
NODE_8357_length_10881_cov_9.390280	5004	5126	0	122	122	1.0000000
NODE_8358_length_10881_cov_9.369226	4962	5084	0	122	122	1.0000000
NODE_8359_length_10881_cov_7.982842	4962	5084	0	122	122	1.0000000
NODE_835_length_23263_cov_8.778579	4962	5084	0	122	122	1.0000000
NODE_8360_length_10881_cov_7.750325	4962	5084	0	122	122	1.0000000
NODE_8363_length_10880_cov_7.073370	4920	5042	0	122	122	1.0000000
NODE_8364_length_10879_cov_48.662616	4920	5042	0	122	122	1.0000000
NODE_8365_length_10879_cov_7.552783	4962	5084	0	122	122	1.0000000
NODE_8366_length_10878_cov_9.157343	5088	5210	0	122	122	1.0000000
NODE_8367_length_10878_cov_8.795343	5298	5420	0	122	122	1.0000000
NODE_8368_length_10877_cov_8.167285	4962	5084	0	122	122	1.0000000
NODE_836_length_23257_cov_8.218758	15046	15168	0	122	122	1.0000000
NODE_8370_length_10876_cov_25.134360	4962	5084	0	53	122	0.4344262
NODE_8370_length_10876_cov_25.134360	4962	5084	2	69	122	0.5655738
NODE_8371_length_10875_cov_8.707034	4962	5084	1	23	122	0.1885246
NODE_8371_length_10875_cov_8.707034	4962	5084	3	99	122	0.8114754
NODE_8372_length_10875_cov_7.936433	4920	5042	0	25	122	0.2049180
NODE_8372_length_10875_cov_7.936433	4920	5042	1	97	122	0.7950820
NODE_8373_length_10874_cov_9.249559	4962	5084	0	122	122	1.0000000
NODE_8374_length_10873_cov_11.677371	4962	5084	0	122	122	1.0000000
NODE_8376_length_10873_cov_7.986263	4962	5084	0	122	122	1.0000000
NODE_8378_length_10873_cov_6.512066	4962	5084	0	122	122	1.0000000
NODE_8379_length_10873_cov_6.420364	4962	5084	0	122	122	1.0000000
NODE_837_length_23247_cov_7.514602	14962	15084	0	122	122	1.0000000
NODE_8380_length_10873_cov_6.051420	5046	5168	0	122	122	1.0000000
NODE_8381_length_10872_cov_8.367214	4962	5084	0	122	122	1.0000000
NODE_8382_length_10872_cov_7.435812	4962	5084	0	122	122	1.0000000
NODE_8383_length_10871_cov_7.237746	4920	5042	0	122	122	1.0000000
NODE_8388_length_10867_cov_7.995914	4920	5042	0	122	122	1.0000000
NODE_8389_length_10867_cov_6.446694	5004	5126	0	122	122	1.0000000
NODE_838_length_23238_cov_8.899564	4962	5084	0	122	122	1.0000000
NODE_838_length_23238_cov_8.899564	15046	15168	0	122	122	1.0000000
NODE_8390_length_10866_cov_8.290610	4962	5084	0	122	122	1.0000000
NODE_8391_length_10866_cov_7.758336	4962	5084	0	122	122	1.0000000
NODE_8392_length_10866_cov_6.413857	5046	5168	0	122	122	1.0000000
NODE_8393_length_10864_cov_15.765165	4878	5000	0	122	122	1.0000000
NODE_8394_length_10864_cov_9.031677	4962	5084	0	122	122	1.0000000
NODE_8395_length_10864_cov_8.404087	4920	5042	0	122	122	1.0000000
NODE_8396_length_10864_cov_8.267255	4794	4916	0	122	122	1.0000000
NODE_8397_length_10864_cov_7.715653	4962	5084	0	122	122	1.0000000
NODE_8398_length_10863_cov_14.661371	5088	5210	0	122	122	1.0000000
NODE_8399_length_10863_cov_9.338907	4920	5042	0	52	122	0.4262295
NODE_8399_length_10863_cov_9.338907	4920	5042	1	15	122	0.1229508
NODE_8399_length_10863_cov_9.338907	4920	5042	11	55	122	0.4508197
NODE_839_length_23234_cov_9.482905	5004	5126	0	15	122	0.1229508
NODE_839_length_23234_cov_9.482905	5004	5126	2	107	122	0.8770492
NODE_839_length_23234_cov_9.482905	14962	15084	0	122	122	1.0000000
NODE_83_length_39655_cov_9.364420	4920	5042	0	122	122	1.0000000
NODE_8400_length_10863_cov_8.213954	5088	5210	0	122	122	1.0000000
NODE_8401_length_10862_cov_8.316733	5130	5252	1	47	122	0.3852459
NODE_8401_length_10862_cov_8.316733	5130	5252	2	62	122	0.5081967
NODE_8401_length_10862_cov_8.316733	5130	5252	3	13	122	0.1065574
NODE_8402_length_10862_cov_7.455263	4920	5042	0	122	122	1.0000000
NODE_8403_length_10860_cov_7.872781	4920	5042	0	41	122	0.3360656
NODE_8403_length_10860_cov_7.872781	4920	5042	1	81	122	0.6639344
NODE_8405_length_10858_cov_7.316200	4962	5084	0	122	122	1.0000000
NODE_8407_length_10856_cov_12.213907	4962	5084	0	122	122	1.0000000
NODE_8408_length_10856_cov_11.184810	5046	5168	0	122	122	1.0000000
NODE_8409_length_10856_cov_7.013944	4920	5042	0	122	122	1.0000000
NODE_840_length_23226_cov_7.735417	5088	5210	0	122	122	1.0000000
NODE_840_length_23226_cov_7.735417	14962	15084	0	122	122	1.0000000
NODE_8410_length_10855_cov_38.808014	4920	5042	0	7	122	0.0573770
NODE_8410_length_10855_cov_38.808014	4920	5042	2	115	122	0.9426230
NODE_8411_length_10855_cov_22.027612	4962	5084	0	122	122	1.0000000
NODE_8412_length_10855_cov_9.815173	4962	5084	0	39	122	0.3196721
NODE_8412_length_10855_cov_9.815173	4962	5084	1	83	122	0.6803279
NODE_8415_length_10855_cov_8.607475	5130	5252	0	122	122	1.0000000
NODE_8417_length_10854_cov_7.425291	4962	5084	0	10	122	0.0819672
NODE_8417_length_10854_cov_7.425291	4962	5084	1	24	122	0.1967213
NODE_8417_length_10854_cov_7.425291	4962	5084	2	15	122	0.1229508
NODE_8417_length_10854_cov_7.425291	4962	5084	3	73	122	0.5983607
NODE_8419_length_10852_cov_6.945411	5046	5168	0	122	122	1.0000000
NODE_841_length_23218_cov_8.243047	4962	5084	0	9	122	0.0737705
NODE_841_length_23218_cov_8.243047	4962	5084	1	113	122	0.9262295
NODE_841_length_23218_cov_8.243047	14962	15084	0	122	122	1.0000000
NODE_8420_length_10851_cov_55.570592	4920	5042	0	122	122	1.0000000
NODE_8421_length_10851_cov_9.143229	4962	5084	0	48	122	0.3934426
NODE_8421_length_10851_cov_9.143229	4962	5084	2	74	122	0.6065574
NODE_8422_length_10851_cov_7.532273	4962	5084	0	37	122	0.3032787
NODE_8422_length_10851_cov_7.532273	4962	5084	3	85	122	0.6967213
NODE_8423_length_10850_cov_13.234304	5340	5462	0	122	122	1.0000000
NODE_8424_length_10850_cov_8.735187	4920	5042	0	122	122	1.0000000
NODE_8425_length_10850_cov_7.983164	4920	5042	0	122	122	1.0000000
NODE_8427_length_10849_cov_8.316093	5004	5126	0	122	122	1.0000000
NODE_8428_length_10849_cov_7.346698	4962	5084	0	122	122	1.0000000
NODE_8429_length_10845_cov_8.647218	4710	4832	0	122	122	1.0000000
NODE_8431_length_10842_cov_9.689286	4962	5084	0	122	122	1.0000000
NODE_8433_length_10842_cov_7.732756	4920	5042	0	122	122	1.0000000
NODE_8434_length_10841_cov_25.596071	4920	5042	0	122	122	1.0000000
NODE_8435_length_10841_cov_7.913889	4962	5084	0	122	122	1.0000000
NODE_8436_length_10841_cov_6.374791	5046	5168	0	122	122	1.0000000
NODE_8437_length_10838_cov_10.786293	4878	5000	0	122	122	1.0000000
NODE_8438_length_10838_cov_9.746438	4962	5084	0	122	122	1.0000000
NODE_8439_length_10838_cov_9.129342	4962	5084	0	122	122	1.0000000
NODE_843_length_23196_cov_8.686886	14962	15084	0	122	122	1.0000000
NODE_8440_length_10838_cov_7.789273	5172	5294	0	122	122	1.0000000
NODE_8441_length_10837_cov_67.001397	4962	5084	0	122	122	1.0000000
NODE_8442_length_10837_cov_9.259639	5088	5210	0	122	122	1.0000000
NODE_8445_length_10836_cov_9.272702	4962	5084	0	122	122	1.0000000
NODE_8446_length_10836_cov_7.764180	5004	5126	0	122	122	1.0000000
NODE_8447_length_10835_cov_10.379750	4920	5042	0	122	122	1.0000000
NODE_8448_length_10835_cov_9.407694	4962	5084	0	122	122	1.0000000
NODE_8449_length_10835_cov_8.384687	4962	5084	0	122	122	1.0000000
NODE_844_length_23193_cov_8.418594	15046	15168	0	122	122	1.0000000
NODE_8450_length_10834_cov_7.916721	4962	5084	0	18	122	0.1475410
NODE_8450_length_10834_cov_7.916721	4962	5084	2	104	122	0.8524590
NODE_8451_length_10833_cov_9.007919	4962	5084	0	122	122	1.0000000
NODE_8453_length_10832_cov_7.101370	4962	5084	0	122	122	1.0000000
NODE_8454_length_10830_cov_8.454291	4962	5084	0	122	122	1.0000000
NODE_8455_length_10829_cov_97.138117	4962	5084	0	122	122	1.0000000
NODE_8457_length_10828_cov_10.993662	4962	5084	0	122	122	1.0000000
NODE_8458_length_10828_cov_8.907540	4500	4622	0	122	122	1.0000000
NODE_8459_length_10828_cov_6.113151	5046	5168	0	122	122	1.0000000
NODE_845_length_23180_cov_13.699233	4962	5084	0	122	122	1.0000000
NODE_845_length_23180_cov_13.699233	14962	15084	0	122	122	1.0000000
NODE_8460_length_10826_cov_7.897921	4962	5084	0	122	122	1.0000000
NODE_8462_length_10824_cov_11.907972	4962	5084	0	122	122	1.0000000
NODE_8464_length_10824_cov_7.915058	4962	5084	0	122	122	1.0000000
NODE_8465_length_10823_cov_8.093808	4962	5084	0	122	122	1.0000000
NODE_8467_length_10822_cov_7.453604	4962	5084	0	122	122	1.0000000
NODE_8468_length_10821_cov_17.789778	4962	5084	0	122	122	1.0000000
NODE_8469_length_10821_cov_14.120407	4962	5084	0	122	122	1.0000000
NODE_846_length_23177_cov_8.073837	4878	5000	0	122	122	1.0000000
NODE_846_length_23177_cov_8.073837	14962	15084	0	122	122	1.0000000
NODE_8470_length_10821_cov_7.842007	4962	5084	0	122	122	1.0000000
NODE_8472_length_10820_cov_6.710475	5130	5252	0	122	122	1.0000000
NODE_8473_length_10819_cov_8.046642	5046	5168	0	122	122	1.0000000
NODE_8474_length_10818_cov_15.505178	4962	5084	0	122	122	1.0000000
NODE_8475_length_10818_cov_8.519451	4962	5084	0	122	122	1.0000000
NODE_8477_length_10817_cov_9.207501	5088	5210	0	122	122	1.0000000
NODE_847_length_23159_cov_8.186557	4962	5084	0	122	122	1.0000000
NODE_8480_length_10816_cov_6.984231	4962	5084	0	86	122	0.7049180
NODE_8480_length_10816_cov_6.984231	4962	5084	1	36	122	0.2950820
NODE_8481_length_10815_cov_24.662374	5004	5126	0	122	122	1.0000000
NODE_8482_length_10814_cov_9.177975	4962	5084	0	122	122	1.0000000
NODE_8483_length_10814_cov_8.214652	4962	5084	0	122	122	1.0000000
NODE_8484_length_10814_cov_7.198973	5004	5126	0	122	122	1.0000000
NODE_8485_length_10813_cov_8.466212	4962	5084	0	122	122	1.0000000
NODE_8486_length_10813_cov_7.554695	5046	5168	0	9	122	0.0737705
NODE_8486_length_10813_cov_7.554695	5046	5168	2	113	122	0.9262295
NODE_8487_length_10813_cov_7.454172	4962	5084	0	122	122	1.0000000
NODE_8488_length_10812_cov_8.464762	4962	5084	0	122	122	1.0000000
NODE_8489_length_10812_cov_7.057407	4962	5084	0	122	122	1.0000000
NODE_848_length_23157_cov_8.802845	14962	15084	0	122	122	1.0000000
NODE_8491_length_10811_cov_9.873506	4836	4958	0	122	122	1.0000000
NODE_8492_length_10811_cov_9.631815	4962	5084	0	122	122	1.0000000
NODE_8493_length_10810_cov_22.753898	4962	5084	0	48	122	0.3934426
NODE_8493_length_10810_cov_22.753898	4962	5084	1	58	122	0.4754098
NODE_8493_length_10810_cov_22.753898	4962	5084	2	16	122	0.1311475
NODE_8494_length_10810_cov_7.345626	5046	5168	0	122	122	1.0000000
NODE_8495_length_10809_cov_53.645472	4920	5042	0	122	122	1.0000000
NODE_8496_length_10809_cov_8.821569	4962	5084	0	122	122	1.0000000
NODE_8498_length_10808_cov_8.395555	4962	5084	0	122	122	1.0000000
NODE_8499_length_10807_cov_7.079567	4962	5084	0	122	122	1.0000000
NODE_849_length_23149_cov_10.448200	5046	5168	0	122	122	1.0000000
NODE_849_length_23149_cov_10.448200	15004	15126	0	122	122	1.0000000
NODE_84_length_39525_cov_8.430630	4962	5084	0	122	122	1.0000000
NODE_84_length_39525_cov_8.430630	14962	15084	0	122	122	1.0000000
NODE_8500_length_10806_cov_19.295041	4668	4790	0	122	122	1.0000000
NODE_8501_length_10806_cov_12.871953	5004	5126	0	122	122	1.0000000
NODE_8502_length_10806_cov_7.757448	4962	5084	0	122	122	1.0000000
NODE_8503_length_10805_cov_6.392210	4962	5084	0	122	122	1.0000000
NODE_8504_length_10804_cov_8.453153	4962	5084	0	122	122	1.0000000
NODE_8505_length_10803_cov_8.945534	4962	5084	0	122	122	1.0000000
NODE_8506_length_10802_cov_10.116696	4962	5084	0	122	122	1.0000000
NODE_8508_length_10802_cov_8.335140	4962	5084	0	122	122	1.0000000
NODE_8509_length_10800_cov_9.661340	4962	5084	0	122	122	1.0000000
NODE_850_length_23144_cov_10.044391	4962	5084	1	81	122	0.6639344
NODE_850_length_23144_cov_10.044391	4962	5084	2	41	122	0.3360656
NODE_850_length_23144_cov_10.044391	14962	15084	0	122	122	1.0000000
NODE_8511_length_10800_cov_8.032240	4962	5084	0	122	122	1.0000000
NODE_8513_length_10800_cov_7.197645	5088	5210	1	122	122	1.0000000
NODE_8514_length_10799_cov_8.063551	4962	5084	0	122	122	1.0000000
NODE_8515_length_10798_cov_8.104028	5256	5378	0	122	122	1.0000000
NODE_8516_length_10798_cov_6.666511	4962	5084	0	122	122	1.0000000
NODE_8517_length_10798_cov_6.537620	4920	5042	0	122	122	1.0000000
NODE_8519_length_10795_cov_12.432779	4962	5084	0	6	122	0.0491803
NODE_8519_length_10795_cov_12.432779	4962	5084	2	116	122	0.9508197
NODE_851_length_23143_cov_9.151710	14962	15084	0	122	122	1.0000000
NODE_8522_length_10794_cov_10.677606	4962	5084	0	122	122	1.0000000
NODE_8524_length_10793_cov_7.814756	4962	5084	0	122	122	1.0000000
NODE_8525_length_10791_cov_7.657501	4962	5084	0	122	122	1.0000000
NODE_8526_length_10790_cov_11.391357	4920	5042	0	122	122	1.0000000
NODE_8528_length_10790_cov_8.622860	4962	5084	0	122	122	1.0000000
NODE_8529_length_10790_cov_8.589561	4836	4958	0	122	122	1.0000000
NODE_852_length_23134_cov_10.218667	5004	5126	0	122	122	1.0000000
NODE_852_length_23134_cov_10.218667	15046	15168	0	33	122	0.2704918
NODE_852_length_23134_cov_10.218667	15046	15168	2	89	122	0.7295082
NODE_8530_length_10790_cov_7.721074	4962	5084	0	122	122	1.0000000
NODE_8531_length_10790_cov_6.289589	4962	5084	0	122	122	1.0000000
NODE_8532_length_10789_cov_8.456688	4962	5084	0	45	122	0.3688525
NODE_8532_length_10789_cov_8.456688	4962	5084	2	77	122	0.6311476
NODE_8533_length_10789_cov_8.154724	4962	5084	0	122	122	1.0000000
NODE_8535_length_10787_cov_8.021239	4836	4958	0	122	122	1.0000000
NODE_8536_length_10787_cov_7.809412	4962	5084	0	22	122	0.1803279
NODE_8536_length_10787_cov_7.809412	4962	5084	1	100	122	0.8196721
NODE_8538_length_10786_cov_7.114532	4962	5084	0	122	122	1.0000000
NODE_8539_length_10785_cov_14.410256	4962	5084	0	122	122	1.0000000
NODE_853_length_23128_cov_9.149594	5130	5252	0	39	122	0.3196721
NODE_853_length_23128_cov_9.149594	5130	5252	2	83	122	0.6803279
NODE_853_length_23128_cov_9.149594	15004	15126	0	122	122	1.0000000
NODE_8540_length_10785_cov_9.652349	4962	5084	0	122	122	1.0000000
NODE_8541_length_10785_cov_8.455081	4962	5084	0	122	122	1.0000000
NODE_8542_length_10784_cov_70.414413	4962	5084	0	62	122	0.5081967
NODE_8542_length_10784_cov_70.414413	4962	5084	1	60	122	0.4918033
NODE_8543_length_10783_cov_8.803632	5088	5210	0	122	122	1.0000000
NODE_8545_length_10782_cov_15.535524	4962	5084	0	122	122	1.0000000
NODE_8546_length_10782_cov_12.209398	4752	4874	4	1	122	0.0081967
NODE_8546_length_10782_cov_12.209398	4752	4874	5	8	122	0.0655738
NODE_8546_length_10782_cov_12.209398	4752	4874	6	16	122	0.1311475
NODE_8546_length_10782_cov_12.209398	4752	4874	7	43	122	0.3524590
NODE_8546_length_10782_cov_12.209398	4752	4874	8	27	122	0.2213115
NODE_8546_length_10782_cov_12.209398	4752	4874	9	27	122	0.2213115
NODE_8547_length_10782_cov_6.941028	5004	5126	0	122	122	1.0000000
NODE_8548_length_10781_cov_9.409099	4962	5084	0	122	122	1.0000000
NODE_8549_length_10781_cov_8.813705	4962	5084	1	122	122	1.0000000
NODE_854_length_23117_cov_9.104310	4626	4748	0	24	122	0.1967213
NODE_854_length_23117_cov_9.104310	4626	4748	1	45	122	0.3688525
NODE_854_length_23117_cov_9.104310	4626	4748	2	53	122	0.4344262
NODE_854_length_23117_cov_9.104310	14962	15084	0	122	122	1.0000000
NODE_8550_length_10781_cov_7.850496	4962	5084	0	122	122	1.0000000
NODE_8552_length_10780_cov_16.516337	4626	4748	0	122	122	1.0000000
NODE_8553_length_10780_cov_9.911712	5130	5252	0	122	122	1.0000000
NODE_8554_length_10780_cov_9.137721	4794	4916	0	122	122	1.0000000
NODE_8555_length_10780_cov_8.856849	4836	4958	0	38	122	0.3114754
NODE_8555_length_10780_cov_8.856849	4836	4958	2	84	122	0.6885246
NODE_8557_length_10780_cov_6.436195	5004	5126	0	17	122	0.1393443
NODE_8557_length_10780_cov_6.436195	5004	5126	1	105	122	0.8606557
NODE_8558_length_10779_cov_8.457116	5172	5294	0	122	122	1.0000000
NODE_8559_length_10779_cov_8.036236	4920	5042	0	122	122	1.0000000
NODE_855_length_23105_cov_7.928367	4584	4706	0	122	122	1.0000000
NODE_8562_length_10776_cov_21.270956	4962	5084	0	32	122	0.2622951
NODE_8562_length_10776_cov_21.270956	4962	5084	2	90	122	0.7377049
NODE_8563_length_10776_cov_10.730355	5382	5500	0	118	118	1.0000000
NODE_8564_length_10776_cov_9.894540	4962	5084	0	122	122	1.0000000
NODE_8565_length_10775_cov_10.465155	4626	4748	0	122	122	1.0000000
NODE_8566_length_10774_cov_9.007494	4962	5084	0	122	122	1.0000000
NODE_8567_length_10772_cov_22.647615	4962	5084	0	122	122	1.0000000
NODE_8568_length_10772_cov_10.633842	4878	5000	0	122	122	1.0000000
NODE_856_length_23102_cov_6.508977	4962	5084	0	122	122	1.0000000
NODE_856_length_23102_cov_6.508977	14962	15084	0	122	122	1.0000000
NODE_8570_length_10770_cov_8.466123	4920	5042	0	122	122	1.0000000
NODE_8571_length_10770_cov_6.579140	4962	5084	0	122	122	1.0000000
NODE_8573_length_10769_cov_22.368416	4962	5084	0	122	122	1.0000000
NODE_8574_length_10769_cov_8.254639	4500	4622	0	122	122	1.0000000
NODE_8575_length_10767_cov_15.514623	5298	5420	0	122	122	1.0000000
NODE_8577_length_10766_cov_2.872785	4962	5084	0	122	122	1.0000000
NODE_8579_length_10765_cov_8.601256	4962	5084	0	122	122	1.0000000
NODE_857_length_23092_cov_8.214022	4962	5084	0	122	122	1.0000000
NODE_857_length_23092_cov_8.214022	15088	15210	0	122	122	1.0000000
NODE_8580_length_10765_cov_8.185355	4962	5084	0	122	122	1.0000000
NODE_8582_length_10763_cov_18.097806	4920	5042	0	122	122	1.0000000
NODE_8583_length_10763_cov_8.506002	4962	5084	0	122	122	1.0000000
NODE_8584_length_10762_cov_6.692113	4962	5084	0	122	122	1.0000000
NODE_8585_length_10761_cov_8.947008	4962	5084	0	122	122	1.0000000
NODE_8586_length_10761_cov_8.575220	4962	5084	0	122	122	1.0000000
NODE_8587_length_10760_cov_16.419285	5130	5252	0	122	122	1.0000000
NODE_8588_length_10760_cov_14.054029	5046	5168	0	122	122	1.0000000
NODE_8589_length_10760_cov_11.706313	4962	5084	0	122	122	1.0000000
NODE_8590_length_10760_cov_8.328675	4836	4958	0	122	122	1.0000000
NODE_8591_length_10759_cov_7.824765	4962	5084	0	122	122	1.0000000
NODE_8593_length_10758_cov_22.333709	4878	5000	0	29	122	0.2377049
NODE_8593_length_10758_cov_22.333709	4878	5000	2	93	122	0.7622951
NODE_8595_length_10758_cov_7.867155	4962	5084	0	52	122	0.4262295
NODE_8595_length_10758_cov_7.867155	4962	5084	11	70	122	0.5737705
NODE_8596_length_10757_cov_28.313286	4962	5084	0	122	122	1.0000000
NODE_8598_length_10756_cov_22.884395	4962	5084	0	122	122	1.0000000
NODE_85_length_39515_cov_2.569972	4962	5084	0	122	122	1.0000000
NODE_85_length_39515_cov_2.569972	14962	15084	0	122	122	1.0000000
NODE_85_length_39515_cov_2.569972	34962	35084	0	122	122	1.0000000
NODE_8600_length_10756_cov_7.557192	4878	5000	0	122	122	1.0000000
NODE_8601_length_10755_cov_9.671171	4962	5084	0	122	122	1.0000000
NODE_8602_length_10755_cov_7.348161	4962	5084	0	122	122	1.0000000
NODE_8604_length_10753_cov_8.820725	5004	5126	0	122	122	1.0000000
NODE_8605_length_10752_cov_35.049376	4962	5084	0	55	122	0.4508197
NODE_8605_length_10752_cov_35.049376	4962	5084	2	67	122	0.5491803
NODE_8606_length_10752_cov_9.154323	4962	5084	0	122	122	1.0000000
NODE_8607_length_10752_cov_8.814418	4920	5042	0	122	122	1.0000000
NODE_8608_length_10751_cov_10.056985	5046	5168	0	122	122	1.0000000
NODE_8609_length_10751_cov_8.138941	4500	4622	0	122	122	1.0000000
NODE_860_length_23058_cov_7.944771	4962	5084	0	122	122	1.0000000
NODE_8610_length_10751_cov_7.346883	4836	4958	0	122	122	1.0000000
NODE_8611_length_10750_cov_10.132006	4962	5084	0	122	122	1.0000000
NODE_8612_length_10750_cov_8.151817	4962	5084	0	122	122	1.0000000
NODE_8613_length_10750_cov_8.066848	4962	5084	0	122	122	1.0000000
NODE_8614_length_10749_cov_10.052582	4962	5084	0	122	122	1.0000000
NODE_8615_length_10749_cov_9.485164	5004	5126	0	19	122	0.1557377
NODE_8615_length_10749_cov_9.485164	5004	5126	1	103	122	0.8442623
NODE_8617_length_10748_cov_9.633487	4836	4958	0	41	122	0.3360656
NODE_8617_length_10748_cov_9.633487	4836	4958	1	81	122	0.6639344
NODE_8618_length_10748_cov_9.623251	4878	5000	0	122	122	1.0000000
NODE_861_length_23057_cov_9.259212	5004	5126	0	122	122	1.0000000
NODE_861_length_23057_cov_9.259212	14962	15084	0	122	122	1.0000000
NODE_8621_length_10746_cov_7.912651	4962	5084	0	80	122	0.6557377
NODE_8621_length_10746_cov_7.912651	4962	5084	1	42	122	0.3442623
NODE_8623_length_10746_cov_6.043393	4794	4916	0	122	122	1.0000000
NODE_8624_length_10745_cov_13.092335	4962	5084	0	122	122	1.0000000
NODE_8625_length_10745_cov_7.545745	4920	5042	0	122	122	1.0000000
NODE_8626_length_10743_cov_7.702274	4962	5084	0	122	122	1.0000000
NODE_8627_length_10742_cov_7.301889	4920	5042	0	122	122	1.0000000
NODE_8628_length_10741_cov_20.814509	5004	5126	0	122	122	1.0000000
NODE_8629_length_10741_cov_9.291581	4962	5084	0	122	122	1.0000000
NODE_862_length_23038_cov_9.366189	4962	5084	0	122	122	1.0000000
NODE_862_length_23038_cov_9.366189	14962	15084	0	70	122	0.5737705
NODE_862_length_23038_cov_9.366189	14962	15084	1	1	122	0.0081967
NODE_862_length_23038_cov_9.366189	14962	15084	2	51	122	0.4180328
NODE_8630_length_10741_cov_4.243845	4962	5084	0	122	122	1.0000000
NODE_8631_length_10740_cov_20.981487	4962	5084	0	122	122	1.0000000
NODE_8632_length_10740_cov_10.016070	4920	5042	0	122	122	1.0000000
NODE_8633_length_10740_cov_7.203364	4962	5084	0	122	122	1.0000000
NODE_8635_length_10739_cov_8.596523	4962	5084	0	43	122	0.3524590
NODE_8635_length_10739_cov_8.596523	4962	5084	2	79	122	0.6475410
NODE_8636_length_10739_cov_8.092575	5004	5126	0	122	122	1.0000000
NODE_8637_length_10739_cov_7.061372	4962	5084	0	33	122	0.2704918
NODE_8637_length_10739_cov_7.061372	4962	5084	2	89	122	0.7295082
NODE_8638_length_10739_cov_6.976786	4962	5084	0	122	122	1.0000000
NODE_863_length_23035_cov_9.527729	4962	5084	0	122	122	1.0000000
NODE_8641_length_10735_cov_8.868842	4962	5084	0	122	122	1.0000000
NODE_8642_length_10735_cov_8.197631	4920	5042	0	122	122	1.0000000
NODE_8643_length_10734_cov_14.513869	5088	5210	0	122	122	1.0000000
NODE_8644_length_10734_cov_8.253785	4962	5084	1	47	122	0.3852459
NODE_8644_length_10734_cov_8.253785	4962	5084	2	75	122	0.6147541
NODE_8645_length_10732_cov_9.915546	4962	5084	0	122	122	1.0000000
NODE_8646_length_10732_cov_9.017493	4962	5084	0	122	122	1.0000000
NODE_8647_length_10732_cov_8.257312	4962	5084	0	122	122	1.0000000
NODE_8648_length_10731_cov_32.521539	4962	5084	0	62	122	0.5081967
NODE_8648_length_10731_cov_32.521539	4962	5084	2	60	122	0.4918033
NODE_8649_length_10731_cov_8.526806	4962	5084	0	122	122	1.0000000
NODE_864_length_23017_cov_8.517628	4752	4874	0	122	122	1.0000000
NODE_864_length_23017_cov_8.517628	14920	15042	0	122	122	1.0000000
NODE_8650_length_10731_cov_8.053518	4626	4748	0	38	122	0.3114754
NODE_8650_length_10731_cov_8.053518	4626	4748	1	84	122	0.6885246
NODE_8651_length_10731_cov_7.314240	4962	5084	0	122	122	1.0000000
NODE_8652_length_10730_cov_9.714514	4962	5084	0	122	122	1.0000000
NODE_8653_length_10730_cov_8.497225	4962	5084	0	122	122	1.0000000
NODE_8654_length_10730_cov_7.542846	5046	5168	0	122	122	1.0000000
NODE_8655_length_10729_cov_9.926246	4794	4916	0	122	122	1.0000000
NODE_8656_length_10729_cov_9.204516	5256	5378	0	122	122	1.0000000
NODE_8658_length_10729_cov_8.407808	4962	5084	0	6	122	0.0491803
NODE_8658_length_10729_cov_8.407808	4962	5084	1	5	122	0.0409836
NODE_8658_length_10729_cov_8.407808	4962	5084	2	111	122	0.9098361
NODE_8659_length_10729_cov_6.669708	4962	5084	4	83	122	0.6803279
NODE_8659_length_10729_cov_6.669708	4962	5084	6	39	122	0.3196721
NODE_865_length_23015_cov_8.955446	4962	5084	0	122	122	1.0000000
NODE_865_length_23015_cov_8.955446	14962	15084	0	122	122	1.0000000
NODE_8660_length_10728_cov_8.026437	4962	5084	6	10	122	0.0819672
NODE_8660_length_10728_cov_8.026437	4962	5084	7	50	122	0.4098361
NODE_8660_length_10728_cov_8.026437	4962	5084	8	19	122	0.1557377
NODE_8660_length_10728_cov_8.026437	4962	5084	12	1	122	0.0081967
NODE_8660_length_10728_cov_8.026437	4962	5084	13	42	122	0.3442623
NODE_8661_length_10727_cov_11.894242	4794	4916	0	33	122	0.2704918
NODE_8661_length_10727_cov_11.894242	4794	4916	1	89	122	0.7295082
NODE_8662_length_10727_cov_10.879658	4794	4916	0	122	122	1.0000000
NODE_8664_length_10727_cov_8.245578	4962	5084	0	122	122	1.0000000
NODE_8666_length_10726_cov_9.610709	4962	5084	0	122	122	1.0000000
NODE_8667_length_10726_cov_8.923120	5214	5336	0	122	122	1.0000000
NODE_8668_length_10726_cov_8.171074	4962	5084	0	122	122	1.0000000
NODE_8669_length_10725_cov_14.171843	4878	5000	0	122	122	1.0000000
NODE_866_length_23000_cov_7.751583	14962	15084	0	122	122	1.0000000
NODE_8670_length_10725_cov_10.234331	4920	5042	0	122	122	1.0000000
NODE_8671_length_10725_cov_8.292114	4962	5084	0	122	122	1.0000000
NODE_8672_length_10724_cov_34.257882	4962	5084	0	122	122	1.0000000
NODE_8674_length_10724_cov_7.418165	4962	5084	0	122	122	1.0000000
NODE_8675_length_10724_cov_7.237835	4962	5084	0	122	122	1.0000000
NODE_8676_length_10723_cov_6.629236	4962	5084	0	122	122	1.0000000
NODE_8677_length_10722_cov_8.636543	5256	5378	0	13	122	0.1065574
NODE_8677_length_10722_cov_8.636543	5256	5378	1	109	122	0.8934426
NODE_8679_length_10722_cov_8.417867	5046	5168	0	122	122	1.0000000
NODE_8680_length_10720_cov_8.222484	4962	5084	0	122	122	1.0000000
NODE_8681_length_10720_cov_7.713210	4962	5084	0	122	122	1.0000000
NODE_8682_length_10719_cov_7.907345	5004	5126	0	122	122	1.0000000
NODE_8683_length_10719_cov_7.490490	4962	5084	0	122	122	1.0000000
NODE_8684_length_10718_cov_26.726528	4962	5084	0	39	122	0.3196721
NODE_8684_length_10718_cov_26.726528	4962	5084	1	83	122	0.6803279
NODE_8685_length_10718_cov_18.403899	4962	5084	0	18	122	0.1475410
NODE_8685_length_10718_cov_18.403899	4962	5084	1	8	122	0.0655738
NODE_8685_length_10718_cov_18.403899	4962	5084	2	96	122	0.7868853
NODE_8687_length_10716_cov_10.128756	4710	4832	0	122	122	1.0000000
NODE_8689_length_10714_cov_16.007348	4710	4832	0	122	122	1.0000000
NODE_868_length_22975_cov_8.555560	4836	4958	0	122	122	1.0000000
NODE_8690_length_10714_cov_8.330664	4962	5084	1	59	122	0.4836065
NODE_8690_length_10714_cov_8.330664	4962	5084	2	63	122	0.5163934
NODE_8691_length_10713_cov_23.935274	4500	4622	0	122	122	1.0000000
NODE_8694_length_10713_cov_7.851423	4920	5042	2	122	122	1.0000000
NODE_8696_length_10710_cov_20.993592	4584	4706	0	122	122	1.0000000
NODE_8697_length_10710_cov_10.383093	4962	5084	0	122	122	1.0000000
NODE_8698_length_10710_cov_8.560739	5088	5210	0	122	122	1.0000000
NODE_869_length_22959_cov_9.025284	4962	5084	0	18	122	0.1475410
NODE_869_length_22959_cov_9.025284	4962	5084	2	104	122	0.8524590
NODE_86_length_39443_cov_8.824192	4962	5084	0	122	122	1.0000000
NODE_86_length_39443_cov_8.824192	14962	15084	0	122	122	1.0000000
NODE_86_length_39443_cov_8.824192	24962	25084	0	122	122	1.0000000
NODE_86_length_39443_cov_8.824192	34962	35084	0	122	122	1.0000000
NODE_8700_length_10708_cov_58.555566	4920	5042	0	122	122	1.0000000
NODE_8701_length_10707_cov_8.473322	5004	5126	0	122	122	1.0000000
NODE_8702_length_10707_cov_7.931467	4962	5084	1	17	122	0.1393443
NODE_8702_length_10707_cov_7.931467	4962	5084	2	18	122	0.1475410
NODE_8702_length_10707_cov_7.931467	4962	5084	4	87	122	0.7131147
NODE_8704_length_10706_cov_40.217875	4962	5084	1	52	122	0.4262295
NODE_8704_length_10706_cov_40.217875	4962	5084	2	70	122	0.5737705
NODE_8706_length_10706_cov_8.990761	4962	5084	1	57	122	0.4672131
NODE_8706_length_10706_cov_8.990761	4962	5084	2	65	122	0.5327869
NODE_8707_length_10706_cov_7.585745	5340	5462	0	122	122	1.0000000
NODE_8708_length_10705_cov_7.457854	4836	4958	0	122	122	1.0000000
NODE_8709_length_10704_cov_26.243470	4962	5084	0	122	122	1.0000000
NODE_870_length_22946_cov_8.473848	4962	5084	0	122	122	1.0000000
NODE_870_length_22946_cov_8.473848	14962	15084	0	122	122	1.0000000
NODE_8712_length_10704_cov_8.635832	4962	5084	0	122	122	1.0000000
NODE_8713_length_10703_cov_17.259996	5004	5126	0	122	122	1.0000000
NODE_8714_length_10703_cov_8.924557	5004	5126	0	122	122	1.0000000
NODE_8715_length_10703_cov_8.658997	4962	5084	1	5	122	0.0409836
NODE_8715_length_10703_cov_8.658997	4962	5084	2	117	122	0.9590164
NODE_8716_length_10703_cov_8.269898	4962	5084	0	27	122	0.2213115
NODE_8716_length_10703_cov_8.269898	4962	5084	2	95	122	0.7786885
NODE_8717_length_10702_cov_13.011223	5046	5168	0	33	122	0.2704918
NODE_8717_length_10702_cov_13.011223	5046	5168	1	89	122	0.7295082
NODE_8718_length_10702_cov_10.462794	4962	5084	0	122	122	1.0000000
NODE_8719_length_10702_cov_9.488635	4962	5084	0	122	122	1.0000000
NODE_871_length_22942_cov_10.171168	4920	5042	0	122	122	1.0000000
NODE_871_length_22942_cov_10.171168	14836	14958	0	32	122	0.2622951
NODE_871_length_22942_cov_10.171168	14836	14958	1	90	122	0.7377049
NODE_8721_length_10701_cov_9.343331	4752	4874	0	122	122	1.0000000
NODE_8723_length_10701_cov_7.260423	4878	5000	0	122	122	1.0000000
NODE_8724_length_10700_cov_12.746816	4962	5084	2	122	122	1.0000000
NODE_8725_length_10700_cov_7.078577	4962	5084	0	122	122	1.0000000
NODE_8727_length_10698_cov_13.198604	4962	5084	0	66	122	0.5409836
NODE_8727_length_10698_cov_13.198604	4962	5084	3	1	122	0.0081967
NODE_8727_length_10698_cov_13.198604	4962	5084	4	55	122	0.4508197
NODE_8728_length_10698_cov_7.626474	4962	5084	1	78	122	0.6393443
NODE_8728_length_10698_cov_7.626474	4962	5084	2	7	122	0.0573770
NODE_8728_length_10698_cov_7.626474	4962	5084	3	37	122	0.3032787
NODE_8729_length_10697_cov_8.264956	5130	5252	0	122	122	1.0000000
NODE_872_length_22942_cov_8.996060	14962	15084	0	122	122	1.0000000
NODE_8731_length_10696_cov_10.821270	5004	5126	0	122	122	1.0000000
NODE_8734_length_10695_cov_7.268403	4962	5084	0	122	122	1.0000000
NODE_8735_length_10694_cov_18.799811	5088	5210	0	122	122	1.0000000
NODE_8736_length_10694_cov_8.439641	4962	5084	0	1	122	0.0081967
NODE_8736_length_10694_cov_8.439641	4962	5084	1	10	122	0.0819672
NODE_8736_length_10694_cov_8.439641	4962	5084	2	111	122	0.9098361
NODE_8737_length_10693_cov_14.862753	4962	5084	0	122	122	1.0000000
NODE_8739_length_10693_cov_7.398244	4962	5084	0	122	122	1.0000000
NODE_873_length_22939_cov_18.957968	4962	5084	0	122	122	1.0000000
NODE_873_length_22939_cov_18.957968	14962	15084	1	45	122	0.3688525
NODE_873_length_22939_cov_18.957968	14962	15084	2	77	122	0.6311476
NODE_8740_length_10692_cov_23.713868	4668	4790	0	12	122	0.0983607
NODE_8740_length_10692_cov_23.713868	4668	4790	1	16	122	0.1311475
NODE_8740_length_10692_cov_23.713868	4668	4790	3	23	122	0.1885246
NODE_8740_length_10692_cov_23.713868	4668	4790	5	62	122	0.5081967
NODE_8740_length_10692_cov_23.713868	4668	4790	6	9	122	0.0737705
NODE_8742_length_10691_cov_9.520959	5046	5168	0	122	122	1.0000000
NODE_8743_length_10691_cov_9.197130	4794	4916	0	122	122	1.0000000
NODE_8744_length_10691_cov_8.384158	4962	5084	0	122	122	1.0000000
NODE_8745_length_10691_cov_7.925982	4920	5042	0	122	122	1.0000000
NODE_8749_length_10688_cov_9.089055	4962	5084	0	122	122	1.0000000
NODE_874_length_22935_cov_24.040813	4962	5084	0	122	122	1.0000000
NODE_874_length_22935_cov_24.040813	14962	15084	0	122	122	1.0000000
NODE_8750_length_10688_cov_8.253754	4962	5084	0	122	122	1.0000000
NODE_8751_length_10688_cov_6.335442	4962	5084	0	122	122	1.0000000
NODE_8752_length_10687_cov_9.812051	4878	5000	0	122	122	1.0000000
NODE_8753_length_10687_cov_8.443521	5004	5126	0	122	122	1.0000000
NODE_8754_length_10687_cov_7.251794	4962	5084	0	122	122	1.0000000
NODE_8757_length_10683_cov_32.496126	5298	5420	0	122	122	1.0000000
NODE_8758_length_10683_cov_9.005480	4962	5084	0	28	122	0.2295082
NODE_8758_length_10683_cov_9.005480	4962	5084	1	13	122	0.1065574
NODE_8758_length_10683_cov_9.005480	4962	5084	2	81	122	0.6639344
NODE_8759_length_10681_cov_12.301266	4962	5084	0	31	122	0.2540984
NODE_8759_length_10681_cov_12.301266	4962	5084	1	42	122	0.3442623
NODE_8759_length_10681_cov_12.301266	4962	5084	3	49	122	0.4016393
NODE_875_length_22929_cov_8.088480	4962	5084	0	122	122	1.0000000
NODE_875_length_22929_cov_8.088480	14962	15084	0	122	122	1.0000000
NODE_8761_length_10679_cov_44.473062	4920	5042	0	122	122	1.0000000
NODE_8762_length_10679_cov_9.631947	5004	5126	0	54	122	0.4426230
NODE_8762_length_10679_cov_9.631947	5004	5126	1	68	122	0.5573770
NODE_8763_length_10679_cov_8.513894	4962	5084	0	122	122	1.0000000
NODE_8765_length_10677_cov_10.185952	4962	5084	3	68	122	0.5573770
NODE_8765_length_10677_cov_10.185952	4962	5084	4	54	122	0.4426230
NODE_8766_length_10676_cov_11.627115	4962	5084	0	122	122	1.0000000
NODE_8768_length_10675_cov_8.402704	4962	5084	0	122	122	1.0000000
NODE_876_length_22911_cov_7.904392	5088	5210	0	80	122	0.6557377
NODE_876_length_22911_cov_7.904392	5088	5210	1	42	122	0.3442623
NODE_8770_length_10675_cov_5.944308	5256	5378	0	122	122	1.0000000
NODE_8771_length_10674_cov_9.414374	4962	5084	0	51	122	0.4180328
NODE_8771_length_10674_cov_9.414374	4962	5084	1	71	122	0.5819672
NODE_8772_length_10674_cov_9.316785	5130	5252	0	122	122	1.0000000
NODE_8773_length_10674_cov_8.525485	4962	5084	0	18	122	0.1475410
NODE_8773_length_10674_cov_8.525485	4962	5084	2	104	122	0.8524590
NODE_8774_length_10674_cov_8.435366	4962	5084	0	122	122	1.0000000
NODE_8778_length_10673_cov_9.526953	5340	5462	0	122	122	1.0000000
NODE_8779_length_10673_cov_9.435597	4752	4874	0	122	122	1.0000000
NODE_877_length_22898_cov_16.006184	4962	5084	0	122	122	1.0000000
NODE_877_length_22898_cov_16.006184	14878	15000	0	122	122	1.0000000
NODE_8780_length_10673_cov_7.163325	4878	5000	0	122	122	1.0000000
NODE_8782_length_10672_cov_8.773007	4962	5084	0	52	122	0.4262295
NODE_8782_length_10672_cov_8.773007	4962	5084	20	1	122	0.0081967
NODE_8782_length_10672_cov_8.773007	4962	5084	21	42	122	0.3442623
NODE_8782_length_10672_cov_8.773007	4962	5084	22	27	122	0.2213115
NODE_8783_length_10672_cov_7.365459	4962	5084	0	122	122	1.0000000
NODE_8784_length_10672_cov_6.950534	4962	5084	0	122	122	1.0000000
NODE_8785_length_10671_cov_7.074915	4962	5084	0	122	122	1.0000000
NODE_8786_length_10670_cov_8.972945	5046	5168	0	122	122	1.0000000
NODE_8787_length_10670_cov_8.431180	4962	5084	0	122	122	1.0000000
NODE_8788_length_10669_cov_9.546263	5004	5126	0	122	122	1.0000000
NODE_8789_length_10669_cov_7.642289	4920	5042	0	122	122	1.0000000
NODE_878_length_22889_cov_8.070470	5046	5168	0	122	122	1.0000000
NODE_878_length_22889_cov_8.070470	14920	15042	0	14	122	0.1147541
NODE_878_length_22889_cov_8.070470	14920	15042	1	108	122	0.8852459
NODE_8790_length_10669_cov_7.007285	4962	5084	0	122	122	1.0000000
NODE_8792_length_10666_cov_8.033879	4962	5084	0	122	122	1.0000000
NODE_8793_length_10666_cov_7.935459	4962	5084	0	122	122	1.0000000
NODE_8794_length_10665_cov_20.920878	4962	5084	0	122	122	1.0000000
NODE_8795_length_10665_cov_8.410751	4962	5084	0	122	122	1.0000000
NODE_8796_length_10665_cov_8.311660	4962	5084	0	35	122	0.2868852
NODE_8796_length_10665_cov_8.311660	4962	5084	1	87	122	0.7131147
NODE_879_length_22877_cov_8.953859	4962	5084	0	122	122	1.0000000
NODE_87_length_39344_cov_11.196050	5004	5126	0	122	122	1.0000000
NODE_87_length_39344_cov_11.196050	14962	15084	2	98	122	0.8032787
NODE_87_length_39344_cov_11.196050	14962	15084	4	24	122	0.1967213
NODE_87_length_39344_cov_11.196050	24962	25084	0	122	122	1.0000000
NODE_8800_length_10664_cov_8.491339	4962	5084	0	122	122	1.0000000
NODE_8802_length_10663_cov_6.856588	4962	5084	0	122	122	1.0000000
NODE_8803_length_10662_cov_9.683234	4962	5084	0	122	122	1.0000000
NODE_8804_length_10661_cov_8.824086	4794	4916	0	122	122	1.0000000
NODE_8807_length_10660_cov_75.607139	5004	5126	0	122	122	1.0000000
NODE_8808_length_10660_cov_11.463308	4920	5042	0	122	122	1.0000000
NODE_8809_length_10660_cov_7.295237	4878	5000	0	122	122	1.0000000
NODE_880_length_22870_cov_9.446796	4962	5084	0	122	122	1.0000000
NODE_880_length_22870_cov_9.446796	15004	15126	0	122	122	1.0000000
NODE_8810_length_10659_cov_8.559280	4962	5084	0	122	122	1.0000000
NODE_8811_length_10659_cov_6.354924	4836	4958	0	122	122	1.0000000
NODE_8813_length_10658_cov_8.964485	4920	5042	0	122	122	1.0000000
NODE_8814_length_10657_cov_7.583539	4626	4748	0	122	122	1.0000000
NODE_8815_length_10656_cov_8.027091	4962	5084	0	122	122	1.0000000
NODE_8816_length_10656_cov_6.766506	5214	5336	0	122	122	1.0000000
NODE_8817_length_10655_cov_7.760515	4962	5084	0	122	122	1.0000000
NODE_8818_length_10654_cov_6.026622	5046	5168	0	122	122	1.0000000
NODE_8819_length_10653_cov_8.079401	5130	5252	0	122	122	1.0000000
NODE_881_length_22863_cov_14.147645	5004	5126	0	122	122	1.0000000
NODE_8820_length_10653_cov_7.729013	4962	5084	1	71	122	0.5819672
NODE_8820_length_10653_cov_7.729013	4962	5084	2	51	122	0.4180328
NODE_8821_length_10652_cov_8.762911	4962	5084	0	122	122	1.0000000
NODE_8822_length_10652_cov_7.736284	5130	5252	0	122	122	1.0000000
NODE_8823_length_10651_cov_8.368461	5004	5126	0	122	122	1.0000000
NODE_8824_length_10651_cov_7.923143	4962	5084	0	122	122	1.0000000
NODE_8826_length_10650_cov_8.399583	4962	5084	0	122	122	1.0000000
NODE_8827_length_10649_cov_9.736588	5046	5168	0	78	122	0.6393443
NODE_8827_length_10649_cov_9.736588	5046	5168	1	44	122	0.3606557
NODE_8829_length_10649_cov_7.250806	4962	5084	0	122	122	1.0000000
NODE_882_length_22857_cov_7.906363	5046	5168	0	122	122	1.0000000
NODE_882_length_22857_cov_7.906363	14962	15084	0	122	122	1.0000000
NODE_8830_length_10647_cov_96.631684	4962	5084	0	122	122	1.0000000
NODE_8831_length_10646_cov_11.822509	4962	5084	0	40	122	0.3278688
NODE_8831_length_10646_cov_11.822509	4962	5084	2	82	122	0.6721311
NODE_8832_length_10646_cov_10.618754	4962	5084	0	122	122	1.0000000
NODE_8833_length_10646_cov_7.501754	4962	5084	0	122	122	1.0000000
NODE_8834_length_10645_cov_7.309406	4962	5084	0	122	122	1.0000000
NODE_8835_length_10645_cov_5.971648	5046	5168	0	122	122	1.0000000
NODE_8836_length_10644_cov_7.867805	4962	5084	0	122	122	1.0000000
NODE_8837_length_10643_cov_9.486722	5004	5126	0	122	122	1.0000000
NODE_8838_length_10643_cov_8.827959	4962	5084	0	122	122	1.0000000
NODE_883_length_22849_cov_8.792835	4962	5084	0	122	122	1.0000000
NODE_883_length_22849_cov_8.792835	14920	15042	0	122	122	1.0000000
NODE_8841_length_10640_cov_12.829428	4962	5084	0	122	122	1.0000000
NODE_8846_length_10638_cov_8.888225	4962	5084	0	122	122	1.0000000
NODE_8847_length_10638_cov_8.490749	4962	5084	0	122	122	1.0000000
NODE_8848_length_10638_cov_7.794098	4710	4832	0	122	122	1.0000000
NODE_8849_length_10638_cov_5.661448	4878	5000	0	122	122	1.0000000
NODE_884_length_22845_cov_9.103359	4962	5084	0	122	122	1.0000000
NODE_884_length_22845_cov_9.103359	14752	14874	0	122	122	1.0000000
NODE_8851_length_10636_cov_8.345544	4626	4748	0	52	122	0.4262295
NODE_8851_length_10636_cov_8.345544	4626	4748	2	70	122	0.5737705
NODE_8852_length_10636_cov_8.061972	4962	5084	0	122	122	1.0000000
NODE_8853_length_10636_cov_7.712916	5046	5168	0	122	122	1.0000000
NODE_8854_length_10635_cov_7.498007	4962	5084	0	122	122	1.0000000
NODE_8855_length_10635_cov_7.053721	4710	4832	0	122	122	1.0000000
NODE_8856_length_10634_cov_7.453916	4962	5084	0	35	122	0.2868852
NODE_8856_length_10634_cov_7.453916	4962	5084	1	87	122	0.7131147
NODE_8857_length_10634_cov_6.420503	5046	5168	0	122	122	1.0000000
NODE_8858_length_10632_cov_16.761891	5298	5420	0	122	122	1.0000000
NODE_8859_length_10632_cov_7.387164	4962	5084	0	122	122	1.0000000
NODE_885_length_22842_cov_15.970145	4962	5084	1	51	122	0.4180328
NODE_885_length_22842_cov_15.970145	4962	5084	2	71	122	0.5819672
NODE_885_length_22842_cov_15.970145	14962	15084	0	122	122	1.0000000
NODE_8860_length_10631_cov_15.816939	4794	4916	1	87	122	0.7131147
NODE_8860_length_10631_cov_15.816939	4794	4916	2	35	122	0.2868852
NODE_8861_length_10631_cov_9.035416	4962	5084	0	122	122	1.0000000
NODE_8862_length_10631_cov_8.632264	4920	5042	0	122	122	1.0000000
NODE_8863_length_10631_cov_8.068553	4962	5084	0	122	122	1.0000000
NODE_8864_length_10630_cov_14.578103	5004	5126	0	122	122	1.0000000
NODE_8867_length_10628_cov_8.944534	4962	5084	0	122	122	1.0000000
NODE_8868_length_10628_cov_7.704340	4962	5084	0	122	122	1.0000000
NODE_886_length_22835_cov_8.041608	4962	5084	0	122	122	1.0000000
NODE_886_length_22835_cov_8.041608	14962	15084	0	122	122	1.0000000
NODE_8871_length_10627_cov_8.360087	4962	5084	0	122	122	1.0000000
NODE_8873_length_10627_cov_6.236037	5046	5168	0	122	122	1.0000000
NODE_8874_length_10626_cov_8.909376	4962	5084	0	122	122	1.0000000
NODE_8875_length_10626_cov_8.164529	5046	5168	0	122	122	1.0000000
NODE_8877_length_10626_cov_6.769450	5004	5126	0	122	122	1.0000000
NODE_8878_length_10626_cov_5.485893	5004	5126	0	3	122	0.0245902
NODE_8878_length_10626_cov_5.485893	5004	5126	1	13	122	0.1065574
NODE_8878_length_10626_cov_5.485893	5004	5126	2	10	122	0.0819672
NODE_8878_length_10626_cov_5.485893	5004	5126	3	96	122	0.7868853
NODE_887_length_22833_cov_24.747383	4962	5084	0	122	122	1.0000000
NODE_887_length_22833_cov_24.747383	15004	15126	0	122	122	1.0000000
NODE_8880_length_10624_cov_28.281520	4920	5042	0	122	122	1.0000000
NODE_8883_length_10623_cov_6.603098	5004	5126	0	122	122	1.0000000
NODE_8884_length_10621_cov_12.242444	4962	5084	0	122	122	1.0000000
NODE_8885_length_10621_cov_9.510169	5004	5126	0	43	122	0.3524590
NODE_8885_length_10621_cov_9.510169	5004	5126	1	79	122	0.6475410
NODE_8886_length_10620_cov_18.720939	5046	5168	0	122	122	1.0000000
NODE_8887_length_10620_cov_9.948674	4752	4874	1	56	122	0.4590164
NODE_8887_length_10620_cov_9.948674	4752	4874	2	66	122	0.5409836
NODE_8888_length_10620_cov_7.945062	5046	5168	0	122	122	1.0000000
NODE_8889_length_10620_cov_6.351202	4962	5084	0	122	122	1.0000000
NODE_888_length_22832_cov_9.355430	4962	5084	0	122	122	1.0000000
NODE_8890_length_10619_cov_8.470057	4962	5084	0	122	122	1.0000000
NODE_8892_length_10618_cov_9.390626	4962	5084	0	122	122	1.0000000
NODE_8893_length_10617_cov_9.241396	4920	5042	0	122	122	1.0000000
NODE_8894_length_10617_cov_8.639570	4962	5084	0	122	122	1.0000000
NODE_8895_length_10616_cov_22.115432	4920	5042	0	122	122	1.0000000
NODE_8896_length_10616_cov_10.334601	4962	5084	0	122	122	1.0000000
NODE_8897_length_10615_cov_9.530620	4878	5000	0	122	122	1.0000000
NODE_8898_length_10614_cov_8.149691	4962	5084	0	122	122	1.0000000
NODE_8899_length_10613_cov_8.340403	4962	5084	0	122	122	1.0000000
NODE_889_length_22826_cov_8.596823	4626	4748	0	122	122	1.0000000
NODE_889_length_22826_cov_8.596823	14962	15084	0	122	122	1.0000000
NODE_88_length_39270_cov_10.980113	4962	5084	0	122	122	1.0000000
NODE_88_length_39270_cov_10.980113	14962	15084	0	122	122	1.0000000
NODE_88_length_39270_cov_10.980113	24962	25084	0	122	122	1.0000000
NODE_88_length_39270_cov_10.980113	34962	35084	0	122	122	1.0000000
NODE_8900_length_10612_cov_17.154095	4962	5084	0	122	122	1.0000000
NODE_8902_length_10612_cov_8.988776	4962	5084	0	122	122	1.0000000
NODE_8904_length_10609_cov_7.078877	4962	5084	0	122	122	1.0000000
NODE_8905_length_10608_cov_23.342468	4962	5084	0	122	122	1.0000000
NODE_8906_length_10608_cov_9.242269	4920	5042	0	122	122	1.0000000
NODE_8908_length_10608_cov_6.820059	4920	5042	0	122	122	1.0000000
NODE_8909_length_10608_cov_5.256447	4962	5084	0	122	122	1.0000000
NODE_890_length_22820_cov_8.537256	15046	15168	0	122	122	1.0000000
NODE_8910_length_10607_cov_8.770461	4962	5084	0	122	122	1.0000000
NODE_8912_length_10607_cov_8.195470	4962	5084	0	122	122	1.0000000
NODE_8913_length_10606_cov_15.469116	5004	5126	0	122	122	1.0000000
NODE_8914_length_10605_cov_9.153817	4962	5084	0	122	122	1.0000000
NODE_8915_length_10605_cov_7.143061	4962	5084	0	122	122	1.0000000
NODE_8916_length_10604_cov_8.362399	4962	5084	0	122	122	1.0000000
NODE_8918_length_10603_cov_12.690880	5046	5168	0	122	122	1.0000000
NODE_8919_length_10603_cov_8.867193	4962	5084	0	122	122	1.0000000
NODE_891_length_22813_cov_30.550145	4962	5084	0	122	122	1.0000000
NODE_8920_length_10603_cov_8.529989	4962	5084	0	122	122	1.0000000
NODE_8921_length_10603_cov_8.141946	4962	5084	0	122	122	1.0000000
NODE_8922_length_10603_cov_7.837300	4752	4874	0	122	122	1.0000000
NODE_8923_length_10603_cov_7.799886	4962	5084	0	122	122	1.0000000
NODE_8925_length_10602_cov_8.167190	4962	5084	0	122	122	1.0000000
NODE_8927_length_10601_cov_9.247001	4962	5084	0	122	122	1.0000000
NODE_8928_length_10600_cov_12.080183	4962	5084	0	122	122	1.0000000
NODE_8929_length_10599_cov_6.546476	5046	5168	0	122	122	1.0000000
NODE_892_length_22807_cov_35.377356	4962	5084	0	74	122	0.6065574
NODE_892_length_22807_cov_35.377356	4962	5084	2	48	122	0.3934426
NODE_8930_length_10598_cov_8.059434	4962	5084	0	122	122	1.0000000
NODE_8931_length_10597_cov_8.117641	4962	5084	0	122	122	1.0000000
NODE_8933_length_10597_cov_7.121928	4962	5084	0	122	122	1.0000000
NODE_8934_length_10596_cov_7.739926	4962	5084	0	122	122	1.0000000
NODE_8936_length_10595_cov_7.270770	4962	5084	0	122	122	1.0000000
NODE_8937_length_10595_cov_6.140530	4962	5084	0	122	122	1.0000000
NODE_8938_length_10594_cov_8.956170	4962	5084	0	122	122	1.0000000
NODE_893_length_22803_cov_11.756783	14962	15084	0	122	122	1.0000000
NODE_8942_length_10592_cov_235.645287	5046	5168	0	122	122	1.0000000
NODE_8943_length_10592_cov_11.183170	5046	5168	0	122	122	1.0000000
NODE_8945_length_10592_cov_8.416659	4962	5084	0	122	122	1.0000000
NODE_8946_length_10591_cov_8.690050	4962	5084	0	122	122	1.0000000
NODE_8948_length_10590_cov_8.249547	4962	5084	0	122	122	1.0000000
NODE_8949_length_10590_cov_5.677438	4794	4916	0	122	122	1.0000000
NODE_894_length_22802_cov_23.967978	4920	5042	0	122	122	1.0000000
NODE_894_length_22802_cov_23.967978	14962	15084	0	122	122	1.0000000
NODE_8951_length_10589_cov_29.704576	4962	5084	0	122	122	1.0000000
NODE_8952_length_10589_cov_8.003527	4920	5042	0	122	122	1.0000000
NODE_8954_length_10588_cov_14.942511	4962	5084	0	122	122	1.0000000
NODE_8955_length_10588_cov_12.088855	4962	5084	0	122	122	1.0000000
NODE_8959_length_10587_cov_8.850400	4878	5000	0	4	122	0.0327869
NODE_8959_length_10587_cov_8.850400	4878	5000	1	118	122	0.9672131
NODE_895_length_22802_cov_8.160375	4962	5084	0	122	122	1.0000000
NODE_895_length_22802_cov_8.160375	14962	15084	0	122	122	1.0000000
NODE_8960_length_10587_cov_7.463291	4962	5084	0	122	122	1.0000000
NODE_8961_length_10587_cov_6.477212	5046	5168	0	122	122	1.0000000
NODE_8964_length_10586_cov_8.539716	4962	5084	0	32	122	0.2622951
NODE_8964_length_10586_cov_8.539716	4962	5084	2	3	122	0.0245902
NODE_8964_length_10586_cov_8.539716	4962	5084	3	87	122	0.7131147
NODE_8965_length_10585_cov_10.112150	4920	5042	0	30	122	0.2459016
NODE_8965_length_10585_cov_10.112150	4920	5042	1	92	122	0.7540984
NODE_8966_length_10585_cov_6.639138	4962	5084	0	122	122	1.0000000
NODE_8967_length_10584_cov_8.561564	5004	5126	0	122	122	1.0000000
NODE_8969_length_10583_cov_8.976536	4542	4664	0	122	122	1.0000000
NODE_896_length_22793_cov_12.020314	4962	5084	0	122	122	1.0000000
NODE_896_length_22793_cov_12.020314	14962	15084	0	122	122	1.0000000
NODE_8970_length_10582_cov_21.458743	5172	5294	0	30	122	0.2459016
NODE_8970_length_10582_cov_21.458743	5172	5294	2	92	122	0.7540984
NODE_8971_length_10582_cov_8.410951	4962	5084	0	122	122	1.0000000
NODE_8972_length_10581_cov_20.820931	4962	5084	0	122	122	1.0000000
NODE_8974_length_10581_cov_6.940469	4920	5042	0	122	122	1.0000000
NODE_8975_length_10580_cov_7.527431	4962	5084	0	122	122	1.0000000
NODE_8977_length_10579_cov_9.686546	4962	5084	0	122	122	1.0000000
NODE_8979_length_10579_cov_6.683683	4962	5084	0	122	122	1.0000000
NODE_897_length_22791_cov_9.453596	4962	5084	0	122	122	1.0000000
NODE_897_length_22791_cov_9.453596	14962	15084	0	122	122	1.0000000
NODE_8980_length_10578_cov_7.754080	4962	5084	0	122	122	1.0000000
NODE_8981_length_10576_cov_8.242245	4962	5084	0	22	122	0.1803279
NODE_8981_length_10576_cov_8.242245	4962	5084	1	100	122	0.8196721
NODE_8983_length_10575_cov_9.965349	4962	5084	0	122	122	1.0000000
NODE_8984_length_10575_cov_2.324551	4962	5084	0	122	122	1.0000000
NODE_8985_length_10574_cov_9.052697	4962	5084	0	122	122	1.0000000
NODE_8986_length_10574_cov_8.677995	4920	5042	0	122	122	1.0000000
NODE_8987_length_10574_cov_7.278568	4962	5084	0	23	122	0.1885246
NODE_8987_length_10574_cov_7.278568	4962	5084	2	99	122	0.8114754
NODE_8988_length_10574_cov_7.262912	4962	5084	0	122	122	1.0000000
NODE_8989_length_10573_cov_18.575520	5172	5294	0	122	122	1.0000000
NODE_898_length_22785_cov_7.857313	4962	5084	1	71	122	0.5819672
NODE_898_length_22785_cov_7.857313	4962	5084	2	51	122	0.4180328
NODE_898_length_22785_cov_7.857313	14962	15084	0	122	122	1.0000000
NODE_8990_length_10573_cov_7.741932	4962	5084	0	122	122	1.0000000
NODE_8991_length_10572_cov_230.352239	4962	5084	0	122	122	1.0000000
NODE_8992_length_10572_cov_38.091569	4878	5000	0	122	122	1.0000000
NODE_8993_length_10572_cov_10.181228	4962	5084	0	122	122	1.0000000
NODE_8994_length_10572_cov_8.595913	4668	4790	0	122	122	1.0000000
NODE_8997_length_10571_cov_10.177617	4962	5084	0	122	122	1.0000000
NODE_8998_length_10571_cov_9.554240	4962	5084	0	122	122	1.0000000
NODE_8999_length_10571_cov_9.398205	4962	5084	0	122	122	1.0000000
NODE_899_length_22783_cov_10.639041	14962	15084	0	122	122	1.0000000
NODE_89_length_39252_cov_10.927081	4962	5084	0	122	122	1.0000000
NODE_89_length_39252_cov_10.927081	14962	15084	0	122	122	1.0000000
NODE_89_length_39252_cov_10.927081	25004	25126	0	122	122	1.0000000
NODE_89_length_39252_cov_10.927081	35046	35168	0	122	122	1.0000000
NODE_8_length_70571_cov_8.802872	5004	5126	0	122	122	1.0000000
NODE_8_length_70571_cov_8.802872	15046	15168	0	13	122	0.1065574
NODE_8_length_70571_cov_8.802872	15046	15168	2	109	122	0.8934426
NODE_8_length_70571_cov_8.802872	24962	25084	0	122	122	1.0000000
NODE_8_length_70571_cov_8.802872	34962	35084	0	122	122	1.0000000
NODE_8_length_70571_cov_8.802872	44794	44916	0	68	122	0.5573770
NODE_8_length_70571_cov_8.802872	44794	44916	2	54	122	0.4426230
NODE_8_length_70571_cov_8.802872	54920	55042	0	122	122	1.0000000
NODE_9001_length_10571_cov_7.511077	4710	4832	0	16	122	0.1311475
NODE_9001_length_10571_cov_7.511077	4710	4832	2	11	122	0.0901639
NODE_9001_length_10571_cov_7.511077	4710	4832	4	95	122	0.7786885
NODE_9002_length_10570_cov_7.524496	5004	5126	0	122	122	1.0000000
NODE_9003_length_10569_cov_18.429322	4962	5084	0	122	122	1.0000000
NODE_9005_length_10569_cov_8.486151	4962	5084	0	122	122	1.0000000
NODE_9008_length_10567_cov_23.319354	4920	5042	0	122	122	1.0000000
NODE_9009_length_10567_cov_9.455101	4962	5084	0	122	122	1.0000000
NODE_900_length_22758_cov_16.776204	4962	5084	0	122	122	1.0000000
NODE_900_length_22758_cov_16.776204	15046	15168	0	122	122	1.0000000
NODE_9010_length_10567_cov_7.576232	4962	5084	0	122	122	1.0000000
NODE_9011_length_10567_cov_7.521112	4878	5000	0	26	122	0.2131148
NODE_9011_length_10567_cov_7.521112	4878	5000	2	96	122	0.7868853
NODE_9012_length_10567_cov_7.103458	4962	5084	0	122	122	1.0000000
NODE_9013_length_10567_cov_7.073653	4962	5084	0	122	122	1.0000000
NODE_9014_length_10566_cov_27.386166	5172	5294	0	122	122	1.0000000
NODE_9015_length_10565_cov_8.889738	4962	5084	0	122	122	1.0000000
NODE_9016_length_10565_cov_8.536786	4962	5084	0	122	122	1.0000000
NODE_9017_length_10564_cov_7.103106	4962	5084	0	122	122	1.0000000
NODE_9018_length_10563_cov_9.278001	4962	5084	0	79	122	0.6475410
NODE_9018_length_10563_cov_9.278001	4962	5084	2	1	122	0.0081967
NODE_9018_length_10563_cov_9.278001	4962	5084	3	42	122	0.3442623
NODE_9019_length_10563_cov_8.206326	5088	5210	0	122	122	1.0000000
NODE_901_length_22747_cov_8.816717	4962	5084	1	2	122	0.0163934
NODE_901_length_22747_cov_8.816717	4962	5084	2	85	122	0.6967213
NODE_901_length_22747_cov_8.816717	4962	5084	3	35	122	0.2868852
NODE_9020_length_10562_cov_7.816879	4920	5042	0	122	122	1.0000000
NODE_9021_length_10560_cov_14.887104	4962	5084	0	122	122	1.0000000
NODE_9022_length_10559_cov_7.755736	4878	5000	0	122	122	1.0000000
NODE_9023_length_10558_cov_6.829334	5004	5126	0	122	122	1.0000000
NODE_9024_length_10558_cov_6.578067	4878	5000	0	122	122	1.0000000
NODE_9025_length_10557_cov_8.688946	4962	5084	0	122	122	1.0000000
NODE_9026_length_10557_cov_6.477816	5004	5126	0	122	122	1.0000000
NODE_9027_length_10556_cov_21.945300	4962	5084	0	33	122	0.2704918
NODE_9027_length_10556_cov_21.945300	4962	5084	1	13	122	0.1065574
NODE_9027_length_10556_cov_21.945300	4962	5084	2	6	122	0.0491803
NODE_9027_length_10556_cov_21.945300	4962	5084	3	70	122	0.5737705
NODE_9028_length_10556_cov_8.526346	4962	5084	0	122	122	1.0000000
NODE_9029_length_10556_cov_7.205986	5130	5252	0	8	122	0.0655738
NODE_9029_length_10556_cov_7.205986	5130	5252	2	114	122	0.9344262
NODE_902_length_22738_cov_9.829807	4962	5084	0	67	122	0.5491803
NODE_902_length_22738_cov_9.829807	4962	5084	2	55	122	0.4508197
NODE_902_length_22738_cov_9.829807	14920	15042	0	122	122	1.0000000
NODE_9030_length_10556_cov_7.033662	4962	5084	0	122	122	1.0000000
NODE_9031_length_10555_cov_8.866010	5088	5210	1	106	122	0.8688524
NODE_9031_length_10555_cov_8.866010	5088	5210	2	16	122	0.1311475
NODE_9032_length_10554_cov_10.909421	4962	5084	0	122	122	1.0000000
NODE_9034_length_10554_cov_7.629460	4920	5042	0	122	122	1.0000000
NODE_9036_length_10553_cov_7.141955	4962	5084	0	122	122	1.0000000
NODE_9037_length_10552_cov_9.057782	5004	5126	0	122	122	1.0000000
NODE_9038_length_10552_cov_6.619152	5004	5126	0	122	122	1.0000000
NODE_9039_length_10550_cov_19.461391	5256	5378	0	122	122	1.0000000
NODE_903_length_22723_cov_9.694130	4920	5042	0	122	122	1.0000000
NODE_903_length_22723_cov_9.694130	14962	15084	0	122	122	1.0000000
NODE_9040_length_10549_cov_12.055694	5088	5210	0	122	122	1.0000000
NODE_9041_length_10549_cov_8.033110	4962	5084	0	122	122	1.0000000
NODE_9042_length_10548_cov_8.300890	4962	5084	0	122	122	1.0000000
NODE_9043_length_10547_cov_8.815371	4962	5084	0	122	122	1.0000000
NODE_9044_length_10547_cov_8.434820	5214	5336	0	122	122	1.0000000
NODE_9045_length_10546_cov_9.165981	4962	5084	0	122	122	1.0000000
NODE_9046_length_10546_cov_6.315114	4920	5042	0	122	122	1.0000000
NODE_9047_length_10544_cov_65.311345	5004	5126	0	122	122	1.0000000
NODE_9048_length_10543_cov_9.447913	4962	5084	0	122	122	1.0000000
NODE_9049_length_10543_cov_8.237074	4962	5084	0	122	122	1.0000000
NODE_9050_length_10542_cov_8.122953	4962	5084	0	122	122	1.0000000
NODE_9052_length_10541_cov_21.579774	4962	5084	0	17	122	0.1393443
NODE_9052_length_10541_cov_21.579774	4962	5084	1	105	122	0.8606557
NODE_9053_length_10541_cov_13.583317	4962	5084	0	122	122	1.0000000
NODE_9057_length_10540_cov_8.099512	4920	5042	0	122	122	1.0000000
NODE_9059_length_10540_cov_6.207643	5172	5294	0	122	122	1.0000000
NODE_905_length_22702_cov_7.190063	15214	15336	1	58	122	0.4754098
NODE_905_length_22702_cov_7.190063	15214	15336	2	64	122	0.5245901
NODE_9060_length_10538_cov_16.809081	4962	5084	0	122	122	1.0000000
NODE_9061_length_10537_cov_7.887526	4962	5084	0	122	122	1.0000000
NODE_9062_length_10537_cov_6.740180	5088	5210	0	10	122	0.0819672
NODE_9062_length_10537_cov_6.740180	5088	5210	1	8	122	0.0655738
NODE_9062_length_10537_cov_6.740180	5088	5210	2	104	122	0.8524590
NODE_9063_length_10536_cov_6.984095	5088	5210	0	122	122	1.0000000
NODE_9064_length_10536_cov_6.480694	4920	5042	0	122	122	1.0000000
NODE_9066_length_10534_cov_6.601246	4962	5084	0	122	122	1.0000000
NODE_9067_length_10533_cov_16.294997	5004	5126	0	122	122	1.0000000
NODE_9068_length_10533_cov_11.238260	4962	5084	0	122	122	1.0000000
NODE_9069_length_10533_cov_7.629576	4962	5084	0	122	122	1.0000000
NODE_906_length_22698_cov_8.659011	4962	5084	0	122	122	1.0000000
NODE_906_length_22698_cov_8.659011	14962	15084	0	122	122	1.0000000
NODE_9070_length_10532_cov_74.582575	5088	5210	0	19	122	0.1557377
NODE_9070_length_10532_cov_74.582575	5088	5210	1	103	122	0.8442623
NODE_9071_length_10532_cov_38.156235	4962	5084	0	122	122	1.0000000
NODE_9072_length_10532_cov_7.249688	4962	5084	0	122	122	1.0000000
NODE_9073_length_10531_cov_10.778278	4962	5084	0	122	122	1.0000000
NODE_9074_length_10531_cov_8.454946	4920	5042	0	122	122	1.0000000
NODE_9075_length_10529_cov_11.354267	4962	5084	0	122	122	1.0000000
NODE_9076_length_10529_cov_9.370757	4962	5084	0	30	122	0.2459016
NODE_9076_length_10529_cov_9.370757	4962	5084	2	12	122	0.0983607
NODE_9076_length_10529_cov_9.370757	4962	5084	3	1	122	0.0081967
NODE_9076_length_10529_cov_9.370757	4962	5084	4	79	122	0.6475410
NODE_9077_length_10527_cov_9.595608	4962	5084	0	122	122	1.0000000
NODE_907_length_22679_cov_18.460806	4962	5084	0	122	122	1.0000000
NODE_9080_length_10526_cov_8.008248	4962	5084	0	122	122	1.0000000
NODE_9082_length_10525_cov_13.006426	4962	5084	0	122	122	1.0000000
NODE_9083_length_10525_cov_12.743909	4962	5084	0	122	122	1.0000000
NODE_9084_length_10525_cov_8.877710	4962	5084	0	122	122	1.0000000
NODE_9086_length_10525_cov_8.043353	5172	5294	0	122	122	1.0000000
NODE_9087_length_10525_cov_6.930558	5004	5126	0	122	122	1.0000000
NODE_9088_length_10524_cov_9.201439	4920	5042	0	122	122	1.0000000
NODE_9089_length_10524_cov_9.107434	4962	5084	0	122	122	1.0000000
NODE_908_length_22678_cov_7.263519	4962	5084	0	122	122	1.0000000
NODE_908_length_22678_cov_7.263519	14962	15084	0	122	122	1.0000000
NODE_9090_length_10523_cov_6.570318	4962	5084	0	122	122	1.0000000
NODE_9091_length_10522_cov_49.971409	4962	5084	2	21	122	0.1721312
NODE_9091_length_10522_cov_49.971409	4962	5084	4	10	122	0.0819672
NODE_9091_length_10522_cov_49.971409	4962	5084	6	11	122	0.0901639
NODE_9091_length_10522_cov_49.971409	4962	5084	7	69	122	0.5655738
NODE_9091_length_10522_cov_49.971409	4962	5084	8	9	122	0.0737705
NODE_9091_length_10522_cov_49.971409	4962	5084	9	2	122	0.0163934
NODE_9092_length_10522_cov_10.443730	4962	5084	0	122	122	1.0000000
NODE_9093_length_10522_cov_7.812626	5046	5168	0	122	122	1.0000000
NODE_9094_length_10521_cov_11.980618	5004	5126	0	46	122	0.3770492
NODE_9094_length_10521_cov_11.980618	5004	5126	4	13	122	0.1065574
NODE_9094_length_10521_cov_11.980618	5004	5126	5	63	122	0.5163934
NODE_9096_length_10518_cov_7.317785	4962	5084	0	122	122	1.0000000
NODE_9097_length_10517_cov_7.722308	4962	5084	0	122	122	1.0000000
NODE_9098_length_10517_cov_7.392302	4878	5000	0	3	122	0.0245902
NODE_9098_length_10517_cov_7.392302	4878	5000	1	119	122	0.9754099
NODE_9099_length_10516_cov_7.214745	4962	5084	0	122	122	1.0000000
NODE_909_length_22676_cov_9.307082	14920	15042	0	122	122	1.0000000
NODE_90_length_39173_cov_8.631161	4962	5084	0	122	122	1.0000000
NODE_90_length_39173_cov_8.631161	14962	15084	0	45	122	0.3688525
NODE_90_length_39173_cov_8.631161	14962	15084	2	77	122	0.6311476
NODE_90_length_39173_cov_8.631161	25172	25294	0	122	122	1.0000000
NODE_90_length_39173_cov_8.631161	34962	35084	0	47	122	0.3852459
NODE_90_length_39173_cov_8.631161	34962	35084	1	43	122	0.3524590
NODE_90_length_39173_cov_8.631161	34962	35084	2	32	122	0.2622951
NODE_9101_length_10515_cov_7.049347	4668	4790	0	122	122	1.0000000
NODE_9102_length_10515_cov_6.034370	4542	4664	0	122	122	1.0000000
NODE_9103_length_10513_cov_7.418571	4920	5042	0	122	122	1.0000000
NODE_9105_length_10512_cov_9.378277	4962	5084	0	122	122	1.0000000
NODE_9106_length_10512_cov_6.963795	4962	5084	0	122	122	1.0000000
NODE_9107_length_10512_cov_6.299625	4962	5084	0	122	122	1.0000000
NODE_9108_length_10511_cov_7.669036	4962	5084	0	47	122	0.3852459
NODE_9108_length_10511_cov_7.669036	4962	5084	6	75	122	0.6147541
NODE_9109_length_10510_cov_9.484872	4962	5084	0	122	122	1.0000000
NODE_910_length_22672_cov_9.551500	4962	5084	0	122	122	1.0000000
NODE_910_length_22672_cov_9.551500	14962	15084	0	122	122	1.0000000
NODE_9110_length_10510_cov_7.964845	5004	5126	0	122	122	1.0000000
NODE_9111_length_10509_cov_7.921614	5004	5126	0	122	122	1.0000000
NODE_9112_length_10509_cov_7.784438	5046	5168	0	122	122	1.0000000
NODE_9113_length_10509_cov_6.926225	4962	5084	0	122	122	1.0000000
NODE_9115_length_10508_cov_38.856855	5046	5168	0	122	122	1.0000000
NODE_9116_length_10508_cov_9.054280	5004	5126	0	122	122	1.0000000
NODE_9117_length_10508_cov_8.011817	4878	5000	0	122	122	1.0000000
NODE_9119_length_10508_cov_7.779710	5004	5126	0	122	122	1.0000000
NODE_911_length_22671_cov_9.204590	15088	15210	0	122	122	1.0000000
NODE_9122_length_10507_cov_28.069754	4962	5084	0	122	122	1.0000000
NODE_9123_length_10507_cov_7.555534	5004	5126	0	122	122	1.0000000
NODE_9124_length_10506_cov_8.533295	5004	5126	0	48	122	0.3934426
NODE_9124_length_10506_cov_8.533295	5004	5126	1	64	122	0.5245901
NODE_9124_length_10506_cov_8.533295	5004	5126	2	10	122	0.0819672
NODE_9125_length_10506_cov_7.863938	4962	5084	0	122	122	1.0000000
NODE_9126_length_10505_cov_6.541515	5004	5126	0	122	122	1.0000000
NODE_9127_length_10504_cov_8.762710	4962	5084	0	53	122	0.4344262
NODE_9127_length_10504_cov_8.762710	4962	5084	2	69	122	0.5655738
NODE_9129_length_10502_cov_7.727098	5088	5210	0	122	122	1.0000000
NODE_912_length_22649_cov_9.715033	4962	5084	0	122	122	1.0000000
NODE_912_length_22649_cov_9.715033	14878	15000	0	27	122	0.2213115
NODE_912_length_22649_cov_9.715033	14878	15000	1	95	122	0.7786885
NODE_9131_length_10500_cov_8.854629	4962	5084	0	37	122	0.3032787
NODE_9131_length_10500_cov_8.854629	4962	5084	2	85	122	0.6967213
NODE_9132_length_10499_cov_30.406154	4962	5084	0	122	122	1.0000000
NODE_9133_length_10499_cov_8.954615	4668	4790	0	122	122	1.0000000
NODE_9134_length_10497_cov_38.574534	4962	5084	0	122	122	1.0000000
NODE_9135_length_10495_cov_8.374952	4878	5000	0	101	122	0.8278689
NODE_9135_length_10495_cov_8.374952	4878	5000	1	21	122	0.1721312
NODE_9136_length_10495_cov_6.755002	4920	5042	0	122	122	1.0000000
NODE_9137_length_10494_cov_9.387783	4962	5084	0	122	122	1.0000000
NODE_9138_length_10494_cov_8.273593	5046	5168	0	122	122	1.0000000
NODE_9139_length_10494_cov_7.905339	4962	5084	0	122	122	1.0000000
NODE_913_length_22635_cov_9.923456	4836	4958	0	122	122	1.0000000
NODE_913_length_22635_cov_9.923456	14920	15042	0	21	122	0.1721312
NODE_913_length_22635_cov_9.923456	14920	15042	1	101	122	0.8278689
NODE_9140_length_10492_cov_10.052343	5046	5168	0	122	122	1.0000000
NODE_9142_length_10491_cov_9.750962	5004	5126	0	61	122	0.5000000
NODE_9142_length_10491_cov_9.750962	5004	5126	2	61	122	0.5000000
NODE_9143_length_10490_cov_33.531518	5046	5168	0	122	122	1.0000000
NODE_9144_length_10490_cov_7.032336	4962	5084	0	20	122	0.1639344
NODE_9144_length_10490_cov_7.032336	4962	5084	1	102	122	0.8360656
NODE_9146_length_10489_cov_8.028585	4962	5084	0	122	122	1.0000000
NODE_9148_length_10488_cov_9.474637	5004	5126	0	122	122	1.0000000
NODE_9149_length_10488_cov_9.238618	4794	4916	0	122	122	1.0000000
NODE_914_length_22631_cov_8.084280	14878	15000	0	122	122	1.0000000
NODE_9150_length_10488_cov_8.760516	5046	5168	0	122	122	1.0000000
NODE_9151_length_10487_cov_7.011648	5004	5126	0	122	122	1.0000000
NODE_9152_length_10487_cov_6.658548	4920	5042	0	122	122	1.0000000
NODE_9153_length_10487_cov_5.600982	4962	5084	0	122	122	1.0000000
NODE_9154_length_10486_cov_7.944546	4962	5084	0	122	122	1.0000000
NODE_9155_length_10486_cov_7.789545	4920	5042	0	122	122	1.0000000
NODE_9156_length_10485_cov_9.551993	4962	5084	0	39	122	0.3196721
NODE_9156_length_10485_cov_9.551993	4962	5084	1	83	122	0.6803279
NODE_9158_length_10485_cov_8.369440	4962	5084	0	122	122	1.0000000
NODE_915_length_22623_cov_8.925191	4962	5084	0	122	122	1.0000000
NODE_9161_length_10484_cov_8.064516	4962	5084	0	122	122	1.0000000
NODE_9162_length_10484_cov_7.313337	5046	5168	0	122	122	1.0000000
NODE_9163_length_10483_cov_12.631934	4752	4874	0	122	122	1.0000000
NODE_9164_length_10483_cov_9.263579	4962	5084	0	122	122	1.0000000
NODE_9165_length_10483_cov_7.579449	4920	5042	0	122	122	1.0000000
NODE_9167_length_10483_cov_6.559900	5130	5252	0	122	122	1.0000000
NODE_9168_length_10482_cov_29.330926	5214	5336	0	122	122	1.0000000
NODE_9169_length_10482_cov_12.977656	5130	5252	0	122	122	1.0000000
NODE_916_length_22614_cov_6.837797	5004	5126	0	122	122	1.0000000
NODE_916_length_22614_cov_6.837797	14962	15084	0	122	122	1.0000000
NODE_9170_length_10482_cov_8.018203	5004	5126	0	122	122	1.0000000
NODE_9171_length_10482_cov_7.754599	4752	4874	0	122	122	1.0000000
NODE_9172_length_10481_cov_9.784627	5298	5420	0	122	122	1.0000000
NODE_9174_length_10481_cov_7.100655	4962	5084	0	122	122	1.0000000
NODE_9175_length_10480_cov_8.162123	4962	5084	0	122	122	1.0000000
NODE_9177_length_10480_cov_5.615162	4836	4958	0	122	122	1.0000000
NODE_9178_length_10479_cov_9.921291	4500	4622	1	113	122	0.9262295
NODE_9178_length_10479_cov_9.921291	4500	4622	2	9	122	0.0737705
NODE_9179_length_10479_cov_8.731696	4878	5000	0	122	122	1.0000000
NODE_917_length_22604_cov_10.551611	15046	15168	0	122	122	1.0000000
NODE_9180_length_10479_cov_6.650385	4962	5084	0	122	122	1.0000000
NODE_9181_length_10478_cov_9.332306	4794	4916	0	122	122	1.0000000
NODE_9182_length_10478_cov_7.736583	5046	5168	0	122	122	1.0000000
NODE_9184_length_10476_cov_8.661656	4951	5074	1	101	123	0.8211382
NODE_9184_length_10476_cov_8.661656	4951	5074	2	22	123	0.1788618
NODE_9185_length_10475_cov_41.744892	5172	5294	0	122	122	1.0000000
NODE_9186_length_10475_cov_9.049152	4962	5084	0	122	122	1.0000000
NODE_9188_length_10475_cov_6.354954	4962	5084	0	122	122	1.0000000
NODE_9189_length_10474_cov_17.891855	4962	5084	1	2	122	0.0163934
NODE_9189_length_10474_cov_17.891855	4962	5084	6	1	122	0.0081967
NODE_9189_length_10474_cov_17.891855	4962	5084	8	119	122	0.9754099
NODE_918_length_22602_cov_7.852909	4962	5084	0	122	122	1.0000000
NODE_918_length_22602_cov_7.852909	14836	14958	0	122	122	1.0000000
NODE_9190_length_10473_cov_57.024195	4962	5084	0	122	122	1.0000000
NODE_9191_length_10473_cov_7.904473	4962	5084	0	122	122	1.0000000
NODE_9192_length_10473_cov_7.589165	4962	5084	0	122	122	1.0000000
NODE_9193_length_10471_cov_9.354319	4920	5042	0	122	122	1.0000000
NODE_9194_length_10471_cov_8.029599	4962	5084	0	122	122	1.0000000
NODE_9195_length_10471_cov_7.716930	4962	5084	0	18	122	0.1475410
NODE_9195_length_10471_cov_7.716930	4962	5084	2	104	122	0.8524590
NODE_9196_length_10470_cov_9.314434	4962	5084	0	122	122	1.0000000
NODE_9197_length_10470_cov_8.589914	4962	5084	0	122	122	1.0000000
NODE_9198_length_10469_cov_8.504339	4878	5000	0	122	122	1.0000000
NODE_919_length_22599_cov_9.940578	4962	5084	0	16	122	0.1311475
NODE_919_length_22599_cov_9.940578	4962	5084	3	10	122	0.0819672
NODE_919_length_22599_cov_9.940578	4962	5084	6	96	122	0.7868853
NODE_919_length_22599_cov_9.940578	14962	15084	0	122	122	1.0000000
NODE_91_length_38969_cov_8.562542	15130	15252	0	122	122	1.0000000
NODE_91_length_38969_cov_8.562542	24962	25084	0	122	122	1.0000000
NODE_91_length_38969_cov_8.562542	34962	35084	0	122	122	1.0000000
NODE_9200_length_10469_cov_8.010318	4836	4958	0	122	122	1.0000000
NODE_9201_length_10469_cov_7.592478	4962	5084	0	122	122	1.0000000
NODE_9202_length_10469_cov_7.412536	4752	4874	0	122	122	1.0000000
NODE_9203_length_10468_cov_7.153052	4920	5042	0	64	122	0.5245901
NODE_9203_length_10468_cov_7.153052	4920	5042	1	58	122	0.4754098
NODE_9204_length_10467_cov_13.552662	4878	5000	0	122	122	1.0000000
NODE_9205_length_10467_cov_8.301022	4962	5084	0	1	122	0.0081967
NODE_9205_length_10467_cov_8.301022	4962	5084	1	121	122	0.9918033
NODE_9208_length_10467_cov_7.825039	4962	5084	0	122	122	1.0000000
NODE_9209_length_10467_cov_7.159240	4962	5084	0	122	122	1.0000000
NODE_920_length_22597_cov_8.825051	5298	5420	0	27	122	0.2213115
NODE_920_length_22597_cov_8.825051	5298	5420	2	95	122	0.7786885
NODE_920_length_22597_cov_8.825051	14962	15084	0	122	122	1.0000000
NODE_9210_length_10467_cov_7.055266	5004	5126	0	122	122	1.0000000
NODE_9211_length_10466_cov_9.427125	4962	5084	0	122	122	1.0000000
NODE_9212_length_10466_cov_7.799170	4710	4832	0	122	122	1.0000000
NODE_9213_length_10466_cov_7.440436	5130	5253	0	123	123	1.0000000
NODE_9214_length_10464_cov_33.543753	4920	5042	0	122	122	1.0000000
NODE_9215_length_10463_cov_8.077673	4920	5042	0	122	122	1.0000000
NODE_9216_length_10463_cov_6.783481	4836	4958	0	122	122	1.0000000
NODE_9217_length_10462_cov_72.306282	5088	5210	0	41	122	0.3360656
NODE_9217_length_10462_cov_72.306282	5088	5210	2	81	122	0.6639344
NODE_9218_length_10462_cov_6.752002	5004	5126	0	122	122	1.0000000
NODE_921_length_22596_cov_7.870338	4962	5084	0	122	122	1.0000000
NODE_9220_length_10461_cov_8.336422	4962	5084	0	122	122	1.0000000
NODE_9221_length_10461_cov_7.780351	4962	5084	0	122	122	1.0000000
NODE_9222_length_10460_cov_8.152978	4962	5084	0	122	122	1.0000000
NODE_9223_length_10460_cov_8.002413	4668	4790	1	13	122	0.1065574
NODE_9223_length_10460_cov_8.002413	4668	4790	2	109	122	0.8934426
NODE_9224_length_10459_cov_26.636390	4962	5084	0	70	122	0.5737705
NODE_9224_length_10459_cov_26.636390	4962	5084	1	52	122	0.4262295
NODE_9225_length_10459_cov_7.676158	4962	5084	0	122	122	1.0000000
NODE_9226_length_10459_cov_7.377799	4962	5084	0	25	122	0.2049180
NODE_9226_length_10459_cov_7.377799	4962	5084	2	97	122	0.7950820
NODE_9227_length_10459_cov_6.549131	5088	5210	0	122	122	1.0000000
NODE_9228_length_10458_cov_7.360749	4962	5084	0	122	122	1.0000000
NODE_9229_length_10457_cov_7.690964	4962	5084	0	122	122	1.0000000
NODE_922_length_22584_cov_12.468935	4962	5084	0	122	122	1.0000000
NODE_9230_length_10457_cov_6.951825	4962	5084	0	122	122	1.0000000
NODE_9232_length_10456_cov_8.468379	4962	5084	0	122	122	1.0000000
NODE_9234_length_10456_cov_7.356570	5004	5126	0	122	122	1.0000000
NODE_9235_length_10456_cov_6.984165	4962	5084	0	122	122	1.0000000
NODE_9236_length_10455_cov_8.772306	4962	5084	0	49	122	0.4016393
NODE_9236_length_10455_cov_8.772306	4962	5084	37	1	122	0.0081967
NODE_9236_length_10455_cov_8.772306	4962	5084	38	7	122	0.0573770
NODE_9236_length_10455_cov_8.772306	4962	5084	39	2	122	0.0163934
NODE_9236_length_10455_cov_8.772306	4962	5084	40	2	122	0.0163934
NODE_9236_length_10455_cov_8.772306	4962	5084	42	1	122	0.0081967
NODE_9236_length_10455_cov_8.772306	4962	5084	44	4	122	0.0327869
NODE_9236_length_10455_cov_8.772306	4962	5084	50	2	122	0.0163934
NODE_9236_length_10455_cov_8.772306	4962	5084	53	1	122	0.0081967
NODE_9236_length_10455_cov_8.772306	4962	5084	63	1	122	0.0081967
NODE_9236_length_10455_cov_8.772306	4962	5084	66	52	122	0.4262295
NODE_9237_length_10455_cov_8.471128	4962	5084	0	122	122	1.0000000
NODE_9238_length_10455_cov_7.622248	4958	5080	0	122	122	1.0000000
NODE_9239_length_10455_cov_5.543067	4962	5084	0	122	122	1.0000000
NODE_923_length_22583_cov_8.002669	4962	5084	0	122	122	1.0000000
NODE_923_length_22583_cov_8.002669	14962	15084	0	122	122	1.0000000
NODE_9240_length_10454_cov_33.150748	5172	5294	0	122	122	1.0000000
NODE_9242_length_10453_cov_7.713637	4962	5084	0	122	122	1.0000000
NODE_9243_length_10453_cov_7.516322	4962	5084	0	122	122	1.0000000
NODE_9244_length_10452_cov_53.812711	4962	5084	0	68	122	0.5573770
NODE_9244_length_10452_cov_53.812711	4962	5084	1	54	122	0.4426230
NODE_9246_length_10452_cov_5.882160	4920	5042	0	122	122	1.0000000
NODE_9248_length_10451_cov_8.728941	4878	5000	0	122	122	1.0000000
NODE_9249_length_10451_cov_8.487442	5256	5378	0	122	122	1.0000000
NODE_924_length_22582_cov_18.007472	4962	5084	0	122	122	1.0000000
NODE_9250_length_10450_cov_40.573568	4962	5084	0	122	122	1.0000000
NODE_9251_length_10449_cov_9.234010	4962	5084	0	122	122	1.0000000
NODE_9252_length_10448_cov_5.261668	5046	5168	0	122	122	1.0000000
NODE_9253_length_10447_cov_8.242366	4962	5084	0	122	122	1.0000000
NODE_9255_length_10445_cov_7.981635	4962	5084	0	122	122	1.0000000
NODE_9256_length_10444_cov_8.373224	4962	5084	0	122	122	1.0000000
NODE_9257_length_10444_cov_8.104302	4836	4958	0	34	122	0.2786885
NODE_9257_length_10444_cov_8.104302	4836	4958	1	88	122	0.7213115
NODE_925_length_22578_cov_8.467725	4920	5042	0	122	122	1.0000000
NODE_925_length_22578_cov_8.467725	14962	15084	0	122	122	1.0000000
NODE_9260_length_10443_cov_7.538670	4962	5084	0	122	122	1.0000000
NODE_9261_length_10443_cov_7.334300	5046	5168	0	122	122	1.0000000
NODE_9262_length_10442_cov_8.310645	5004	5126	0	122	122	1.0000000
NODE_9263_length_10442_cov_8.030745	4962	5084	0	122	122	1.0000000
NODE_9264_length_10442_cov_7.963744	4962	5084	0	122	122	1.0000000
NODE_9265_length_10441_cov_19.453974	5130	5252	0	122	122	1.0000000
NODE_9266_length_10441_cov_9.118933	4878	5000	0	122	122	1.0000000
NODE_9268_length_10441_cov_8.203539	5088	5210	0	122	122	1.0000000
NODE_9269_length_10441_cov_6.899826	4962	5084	0	122	122	1.0000000
NODE_926_length_22575_cov_8.688201	14962	15084	0	122	122	1.0000000
NODE_9270_length_10440_cov_29.777971	5130	5252	0	122	122	1.0000000
NODE_9273_length_10440_cov_7.573736	4962	5084	0	29	122	0.2377049
NODE_9273_length_10440_cov_7.573736	4962	5084	1	93	122	0.7622951
NODE_9274_length_10439_cov_9.058221	4962	5084	0	122	122	1.0000000
NODE_9275_length_10439_cov_8.754932	5004	5126	0	122	122	1.0000000
NODE_9276_length_10439_cov_7.893037	4962	5084	0	122	122	1.0000000
NODE_9277_length_10439_cov_7.415474	5382	5500	0	118	118	1.0000000
NODE_9279_length_10438_cov_7.672599	4962	5084	0	122	122	1.0000000
NODE_927_length_22565_cov_9.536099	5004	5126	0	122	122	1.0000000
NODE_927_length_22565_cov_9.536099	14920	15042	0	122	122	1.0000000
NODE_9284_length_10436_cov_7.688014	4962	5084	0	122	122	1.0000000
NODE_9285_length_10436_cov_7.616620	4962	5084	0	122	122	1.0000000
NODE_9287_length_10433_cov_8.029514	5004	5126	0	122	122	1.0000000
NODE_9289_length_10431_cov_5.367112	4962	5084	0	92	122	0.7540984
NODE_9289_length_10431_cov_5.367112	4962	5084	1	30	122	0.2459016
NODE_928_length_22546_cov_25.245512	4962	5084	1	122	122	1.0000000
NODE_928_length_22546_cov_25.245512	14752	14874	0	122	122	1.0000000
NODE_9290_length_10430_cov_10.129707	4962	5084	0	122	122	1.0000000
NODE_9291_length_10430_cov_7.354661	4962	5084	0	122	122	1.0000000
NODE_9292_length_10429_cov_8.708616	4962	5084	0	122	122	1.0000000
NODE_9294_length_10428_cov_6.675961	4878	5000	0	122	122	1.0000000
NODE_9297_length_10426_cov_52.449598	4962	5084	0	122	122	1.0000000
NODE_9298_length_10425_cov_8.633643	4962	5084	0	122	122	1.0000000
NODE_9299_length_10425_cov_7.780457	4962	5084	0	122	122	1.0000000
NODE_929_length_22538_cov_11.124738	14962	15084	0	122	122	1.0000000
NODE_92_length_38755_cov_10.296746	14962	15084	0	122	122	1.0000000
NODE_92_length_38755_cov_10.296746	24920	25042	0	122	122	1.0000000
NODE_9301_length_10424_cov_12.757676	4920	5042	0	122	122	1.0000000
NODE_9302_length_10422_cov_51.108011	4962	5084	0	122	122	1.0000000
NODE_9303_length_10422_cov_12.280635	4668	4790	0	122	122	1.0000000
NODE_9304_length_10422_cov_9.101133	4962	5084	0	24	122	0.1967213
NODE_9304_length_10422_cov_9.101133	4962	5084	1	98	122	0.8032787
NODE_9305_length_10421_cov_12.600659	5256	5378	0	122	122	1.0000000
NODE_9307_length_10421_cov_8.272234	5004	5126	0	122	122	1.0000000
NODE_9309_length_10421_cov_7.362624	4962	5084	0	122	122	1.0000000
NODE_930_length_22532_cov_8.656667	4962	5084	0	122	122	1.0000000
NODE_9310_length_10420_cov_8.507315	4962	5084	0	122	122	1.0000000
NODE_9311_length_10419_cov_10.430911	4584	4706	0	122	122	1.0000000
NODE_9312_length_10418_cov_8.769939	4962	5084	0	38	122	0.3114754
NODE_9312_length_10418_cov_8.769939	4962	5084	2	84	122	0.6885246
NODE_9314_length_10418_cov_5.183351	4962	5084	0	122	122	1.0000000
NODE_9315_length_10417_cov_17.163695	4962	5084	0	122	122	1.0000000
NODE_9316_length_10417_cov_9.223105	4962	5084	0	122	122	1.0000000
NODE_9317_length_10416_cov_8.111370	5340	5462	0	122	122	1.0000000
NODE_931_length_22530_cov_8.200080	5004	5126	0	46	122	0.3770492
NODE_931_length_22530_cov_8.200080	5004	5126	1	11	122	0.0901639
NODE_931_length_22530_cov_8.200080	5004	5126	2	65	122	0.5327869
NODE_931_length_22530_cov_8.200080	15004	15126	0	122	122	1.0000000
NODE_9320_length_10415_cov_9.449981	4962	5084	0	122	122	1.0000000
NODE_9321_length_10415_cov_8.930787	4962	5084	0	122	122	1.0000000
NODE_9322_length_10415_cov_8.113319	5088	5210	0	53	122	0.4344262
NODE_9322_length_10415_cov_8.113319	5088	5210	2	69	122	0.5655738
NODE_9324_length_10413_cov_10.402657	4962	5084	0	122	122	1.0000000
NODE_9325_length_10413_cov_8.375315	4962	5084	0	122	122	1.0000000
NODE_9326_length_10411_cov_9.151086	4920	5042	0	122	122	1.0000000
NODE_9327_length_10410_cov_7.261565	5004	5126	0	122	122	1.0000000
NODE_9329_length_10409_cov_8.599806	4962	5084	0	122	122	1.0000000
NODE_932_length_22518_cov_8.581159	14920	15042	0	122	122	1.0000000
NODE_9330_length_10408_cov_22.481036	4962	5084	0	122	122	1.0000000
NODE_9331_length_10408_cov_8.672519	4962	5084	0	122	122	1.0000000
NODE_9332_length_10408_cov_7.150742	5004	5126	0	122	122	1.0000000
NODE_9333_length_10407_cov_7.499515	5130	5252	0	122	122	1.0000000
NODE_9334_length_10405_cov_9.782360	5004	5126	0	122	122	1.0000000
NODE_9335_length_10405_cov_7.328255	4962	5084	0	122	122	1.0000000
NODE_9336_length_10404_cov_238.726638	4962	5084	0	122	122	1.0000000
NODE_9337_length_10404_cov_8.328772	4962	5084	0	122	122	1.0000000
NODE_9338_length_10402_cov_7.454528	4794	4916	0	122	122	1.0000000
NODE_9339_length_10401_cov_8.604640	4962	5084	0	122	122	1.0000000
NODE_933_length_22507_cov_6.576446	4962	5084	0	122	122	1.0000000
NODE_933_length_22507_cov_6.576446	14878	15000	0	122	122	1.0000000
NODE_9342_length_10400_cov_62.205029	4962	5084	0	122	122	1.0000000
NODE_9343_length_10400_cov_8.358412	4962	5084	0	122	122	1.0000000
NODE_9344_length_10400_cov_7.622367	5214	5336	0	67	122	0.5491803
NODE_9344_length_10400_cov_7.622367	5214	5336	1	55	122	0.4508197
NODE_9348_length_10398_cov_7.546849	4836	4958	0	122	122	1.0000000
NODE_9349_length_10397_cov_6.350942	5340	5462	0	122	122	1.0000000
NODE_934_length_22505_cov_7.151209	4920	5042	0	122	122	1.0000000
NODE_934_length_22505_cov_7.151209	14962	15084	0	122	122	1.0000000
NODE_9350_length_10396_cov_8.389919	4962	5084	0	122	122	1.0000000
NODE_9351_length_10396_cov_8.154511	4962	5084	0	122	122	1.0000000
NODE_9352_length_10395_cov_11.334305	4794	4916	0	122	122	1.0000000
NODE_9353_length_10395_cov_7.529235	5130	5252	0	11	122	0.0901639
NODE_9353_length_10395_cov_7.529235	5130	5252	1	111	122	0.9098361
NODE_9354_length_10394_cov_9.685187	4962	5084	1	21	122	0.1721312
NODE_9354_length_10394_cov_9.685187	4962	5084	2	101	122	0.8278689
NODE_9356_length_10393_cov_50.899845	4962	5084	0	30	122	0.2459016
NODE_9356_length_10393_cov_50.899845	4962	5084	2	35	122	0.2868852
NODE_9356_length_10393_cov_50.899845	4962	5084	4	57	122	0.4672131
NODE_9357_length_10393_cov_8.825432	4962	5084	0	122	122	1.0000000
NODE_9358_length_10393_cov_6.904410	4962	5084	0	122	122	1.0000000
NODE_9359_length_10391_cov_8.953848	4962	5084	0	122	122	1.0000000
NODE_935_length_22496_cov_8.087378	4962	5084	0	122	122	1.0000000
NODE_935_length_22496_cov_8.087378	14962	15084	0	122	122	1.0000000
NODE_9361_length_10391_cov_7.799553	4962	5084	2	99	122	0.8114754
NODE_9361_length_10391_cov_7.799553	4962	5084	4	23	122	0.1885246
NODE_9363_length_10389_cov_8.052770	4962	5084	0	122	122	1.0000000
NODE_9364_length_10389_cov_6.911759	4962	5084	0	122	122	1.0000000
NODE_9366_length_10388_cov_12.729517	4962	5084	0	122	122	1.0000000
NODE_9367_length_10388_cov_8.276800	5130	5252	0	55	122	0.4508197
NODE_9367_length_10388_cov_8.276800	5130	5252	2	67	122	0.5491803
NODE_9368_length_10388_cov_8.177082	5256	5378	0	122	122	1.0000000
NODE_936_length_22481_cov_87.464391	4962	5084	0	122	122	1.0000000
NODE_9371_length_10386_cov_18.679304	5004	5126	0	122	122	1.0000000
NODE_9373_length_10386_cov_7.221347	4962	5084	0	122	122	1.0000000
NODE_9374_length_10385_cov_17.536360	4962	5084	0	122	122	1.0000000
NODE_9375_length_10385_cov_7.646218	4668	4790	0	122	122	1.0000000
NODE_9376_length_10384_cov_9.150899	4836	4958	0	122	122	1.0000000
NODE_9378_length_10383_cov_9.742221	5172	5294	1	88	122	0.7213115
NODE_9378_length_10383_cov_9.742221	5172	5294	2	34	122	0.2786885
NODE_9379_length_10383_cov_6.484928	5340	5462	0	122	122	1.0000000
NODE_937_length_22472_cov_8.861887	4962	5084	0	122	122	1.0000000
NODE_937_length_22472_cov_8.861887	14962	15084	0	122	122	1.0000000
NODE_9380_length_10383_cov_5.747861	4752	4874	0	84	122	0.6885246
NODE_9380_length_10383_cov_5.747861	4752	4874	1	38	122	0.3114754
NODE_9381_length_10381_cov_9.103190	4962	5084	1	34	122	0.2786885
NODE_9381_length_10381_cov_9.103190	4962	5084	2	88	122	0.7213115
NODE_9384_length_10380_cov_9.044256	4962	5084	0	49	122	0.4016393
NODE_9384_length_10380_cov_9.044256	4962	5084	1	46	122	0.3770492
NODE_9384_length_10380_cov_9.044256	4962	5084	2	27	122	0.2213115
NODE_9385_length_10380_cov_8.262815	4962	5084	0	122	122	1.0000000
NODE_9386_length_10379_cov_7.778502	4920	5042	1	12	122	0.0983607
NODE_9386_length_10379_cov_7.778502	4920	5042	2	85	122	0.6967213
NODE_9386_length_10379_cov_7.778502	4920	5042	3	25	122	0.2049180
NODE_9387_length_10379_cov_6.186770	5172	5294	0	122	122	1.0000000
NODE_9388_length_10378_cov_19.561922	4962	5084	0	122	122	1.0000000
NODE_9389_length_10378_cov_7.377079	4962	5084	1	38	122	0.3114754
NODE_9389_length_10378_cov_7.377079	4962	5084	3	73	122	0.5983607
NODE_9389_length_10378_cov_7.377079	4962	5084	4	11	122	0.0901639
NODE_938_length_22471_cov_20.709279	14836	14958	0	122	122	1.0000000
NODE_9390_length_10378_cov_6.678763	4962	5084	0	122	122	1.0000000
NODE_9391_length_10376_cov_8.939087	4962	5084	0	122	122	1.0000000
NODE_9392_length_10376_cov_7.573027	5172	5294	0	122	122	1.0000000
NODE_9393_length_10375_cov_20.352666	5382	5500	0	118	118	1.0000000
NODE_9394_length_10374_cov_9.542871	4962	5084	0	48	122	0.3934426
NODE_9394_length_10374_cov_9.542871	4962	5084	2	74	122	0.6065574
NODE_9395_length_10374_cov_9.355620	4962	5084	0	122	122	1.0000000
NODE_9396_length_10372_cov_9.718875	4962	5084	0	122	122	1.0000000
NODE_9397_length_10372_cov_9.007106	4962	5084	0	122	122	1.0000000
NODE_9398_length_10372_cov_8.466173	4962	5084	1	105	122	0.8606557
NODE_9398_length_10372_cov_8.466173	4962	5084	3	17	122	0.1393443
NODE_9399_length_10372_cov_7.456439	5088	5210	0	122	122	1.0000000
NODE_939_length_22462_cov_8.672629	4962	5084	0	122	122	1.0000000
NODE_939_length_22462_cov_8.672629	15004	15126	0	122	122	1.0000000
NODE_93_length_38670_cov_9.399082	4962	5084	0	122	122	1.0000000
NODE_93_length_38670_cov_9.399082	14962	15084	0	122	122	1.0000000
NODE_93_length_38670_cov_9.399082	24962	25084	0	122	122	1.0000000
NODE_9400_length_10372_cov_6.921737	4962	5084	0	122	122	1.0000000
NODE_9401_length_10371_cov_8.787773	5130	5252	0	122	122	1.0000000
NODE_9402_length_10371_cov_7.644373	4962	5084	0	122	122	1.0000000
NODE_9403_length_10371_cov_7.085670	4962	5084	0	122	122	1.0000000
NODE_9404_length_10370_cov_8.725343	4962	5084	0	122	122	1.0000000
NODE_9406_length_10369_cov_9.372541	4962	5084	0	122	122	1.0000000
NODE_9407_length_10369_cov_9.034859	4962	5084	0	122	122	1.0000000
NODE_9408_length_10369_cov_8.385005	4962	5084	0	122	122	1.0000000
NODE_9409_length_10368_cov_11.116078	4962	5084	0	122	122	1.0000000
NODE_940_length_22457_cov_8.849182	4962	5084	0	122	122	1.0000000
NODE_940_length_22457_cov_8.849182	14920	15042	1	122	122	1.0000000
NODE_9410_length_10368_cov_9.058428	4962	5084	0	26	122	0.2131148
NODE_9410_length_10368_cov_9.058428	4962	5084	2	96	122	0.7868853
NODE_9412_length_10368_cov_7.835135	4962	5084	0	122	122	1.0000000
NODE_9413_length_10367_cov_13.640339	5130	5252	0	122	122	1.0000000
NODE_9414_length_10367_cov_9.010616	4962	5084	0	122	122	1.0000000
NODE_9415_length_10367_cov_8.011882	4962	5084	0	122	122	1.0000000
NODE_9416_length_10366_cov_9.328820	4962	5084	0	122	122	1.0000000
NODE_9417_length_10366_cov_9.299406	4962	5084	0	122	122	1.0000000
NODE_9418_length_10366_cov_9.278855	4962	5084	0	122	122	1.0000000
NODE_941_length_22456_cov_9.324686	4962	5084	1	49	122	0.4016393
NODE_941_length_22456_cov_9.324686	4962	5084	2	73	122	0.5983607
NODE_941_length_22456_cov_9.324686	14962	15084	0	122	122	1.0000000
NODE_9420_length_10365_cov_7.930937	5004	5126	0	122	122	1.0000000
NODE_9421_length_10365_cov_7.332651	4962	5084	0	122	122	1.0000000
NODE_9422_length_10365_cov_5.980518	4878	5000	0	122	122	1.0000000
NODE_9423_length_10364_cov_15.578373	4626	4748	0	122	122	1.0000000
NODE_9426_length_10364_cov_8.869362	4962	5084	0	122	122	1.0000000
NODE_9427_length_10363_cov_10.425857	4962	5084	0	122	122	1.0000000
NODE_9428_length_10363_cov_6.872564	5004	5126	0	122	122	1.0000000
NODE_9429_length_10363_cov_6.798811	4752	4874	0	122	122	1.0000000
NODE_942_length_22451_cov_9.150322	4962	5084	0	122	122	1.0000000
NODE_942_length_22451_cov_9.150322	14962	15084	0	122	122	1.0000000
NODE_9430_length_10361_cov_7.941532	4962	5084	0	122	122	1.0000000
NODE_9431_length_10361_cov_7.241668	4878	5000	0	11	122	0.0901639
NODE_9431_length_10361_cov_7.241668	4878	5000	1	32	122	0.2622951
NODE_9431_length_10361_cov_7.241668	4878	5000	3	9	122	0.0737705
NODE_9431_length_10361_cov_7.241668	4878	5000	4	70	122	0.5737705
NODE_9432_length_10361_cov_6.372539	4962	5084	0	122	122	1.0000000
NODE_9433_length_10360_cov_57.888802	4836	4958	0	122	122	1.0000000
NODE_9434_length_10360_cov_9.723516	4962	5084	0	122	122	1.0000000
NODE_9435_length_10360_cov_8.488646	5046	5168	0	51	122	0.4180328
NODE_9435_length_10360_cov_8.488646	5046	5168	1	3	122	0.0245902
NODE_9435_length_10360_cov_8.488646	5046	5168	2	68	122	0.5573770
NODE_9436_length_10359_cov_8.526706	4962	5084	0	122	122	1.0000000
NODE_9437_length_10359_cov_6.967446	4962	5084	2	122	122	1.0000000
NODE_9438_length_10358_cov_9.423920	4962	5084	0	122	122	1.0000000
NODE_9439_length_10358_cov_8.911005	4878	5000	0	122	122	1.0000000
NODE_943_length_22449_cov_7.923714	5088	5210	0	122	122	1.0000000
NODE_943_length_22449_cov_7.923714	15046	15168	1	25	122	0.2049180
NODE_943_length_22449_cov_7.923714	15046	15168	2	45	122	0.3688525
NODE_943_length_22449_cov_7.923714	15046	15168	3	22	122	0.1803279
NODE_943_length_22449_cov_7.923714	15046	15168	4	30	122	0.2459016
NODE_9441_length_10358_cov_8.024954	4878	5000	0	122	122	1.0000000
NODE_9442_length_10357_cov_7.906415	5046	5168	0	122	122	1.0000000
NODE_9443_length_10356_cov_9.303793	4962	5084	0	122	122	1.0000000
NODE_9444_length_10356_cov_8.922004	4920	5042	0	60	122	0.4918033
NODE_9444_length_10356_cov_8.922004	4920	5042	2	62	122	0.5081967
NODE_9445_length_10356_cov_8.066784	4962	5084	0	122	122	1.0000000
NODE_9446_length_10356_cov_6.563810	4794	4916	0	122	122	1.0000000
NODE_9447_length_10355_cov_8.503998	4962	5084	0	122	122	1.0000000
NODE_9448_length_10352_cov_14.427972	4962	5084	0	122	122	1.0000000
NODE_944_length_22448_cov_8.410980	4962	5084	0	122	122	1.0000000
NODE_944_length_22448_cov_8.410980	14752	14874	1	30	122	0.2459016
NODE_944_length_22448_cov_8.410980	14752	14874	2	92	122	0.7540984
NODE_9450_length_10351_cov_5.782872	4962	5084	0	122	122	1.0000000
NODE_9451_length_10350_cov_15.975612	4962	5084	0	122	122	1.0000000
NODE_9452_length_10350_cov_7.943323	4962	5084	0	122	122	1.0000000
NODE_9453_length_10348_cov_16.060299	4962	5084	0	122	122	1.0000000
NODE_9456_length_10347_cov_8.296155	4962	5084	0	122	122	1.0000000
NODE_9457_length_10347_cov_8.164617	5130	5252	0	122	122	1.0000000
NODE_9459_length_10346_cov_9.385381	5046	5168	0	122	122	1.0000000
NODE_945_length_22443_cov_7.733665	4962	5084	0	122	122	1.0000000
NODE_945_length_22443_cov_7.733665	14962	15084	0	122	122	1.0000000
NODE_9460_length_10346_cov_9.248658	4962	5084	0	122	122	1.0000000
NODE_9461_length_10346_cov_8.321362	5046	5168	0	122	122	1.0000000
NODE_9462_length_10345_cov_15.646399	4878	5000	0	9	122	0.0737705
NODE_9462_length_10345_cov_15.646399	4878	5000	1	113	122	0.9262295
NODE_9464_length_10344_cov_8.492533	4962	5084	0	122	122	1.0000000
NODE_9465_length_10344_cov_8.395120	5172	5294	0	122	122	1.0000000
NODE_9466_length_10344_cov_7.807223	5004	5126	0	122	122	1.0000000
NODE_9468_length_10342_cov_12.242019	4584	4706	0	122	122	1.0000000
NODE_9469_length_10342_cov_10.690325	5088	5210	0	122	122	1.0000000
NODE_946_length_22440_cov_7.799158	4962	5084	0	122	122	1.0000000
NODE_946_length_22440_cov_7.799158	14962	15084	0	122	122	1.0000000
NODE_9470_length_10342_cov_9.476032	4962	5084	0	122	122	1.0000000
NODE_9471_length_10341_cov_9.334114	4962	5084	0	122	122	1.0000000
NODE_9472_length_10341_cov_7.244386	4962	5084	0	122	122	1.0000000
NODE_9473_length_10341_cov_6.785491	4962	5084	0	122	122	1.0000000
NODE_9474_length_10340_cov_8.807343	4962	5084	0	122	122	1.0000000
NODE_9475_length_10340_cov_2.963382	4962	5084	0	122	122	1.0000000
NODE_9476_length_10339_cov_7.138477	4878	5000	0	122	122	1.0000000
NODE_9477_length_10336_cov_8.955163	4962	5084	0	122	122	1.0000000
NODE_9478_length_10336_cov_8.275764	5214	5336	0	122	122	1.0000000
NODE_9479_length_10336_cov_7.606916	4962	5084	0	122	122	1.0000000
NODE_947_length_22436_cov_10.596678	4962	5084	2	122	122	1.0000000
NODE_947_length_22436_cov_10.596678	14962	15084	2	122	122	1.0000000
NODE_9480_length_10336_cov_7.420729	4878	5000	0	122	122	1.0000000
NODE_9482_length_10335_cov_8.037808	4962	5084	0	122	122	1.0000000
NODE_9483_length_10335_cov_7.292009	4962	5084	0	122	122	1.0000000
NODE_9484_length_10335_cov_7.031458	5172	5294	1	12	122	0.0983607
NODE_9484_length_10335_cov_7.031458	5172	5294	2	110	122	0.9016393
NODE_9485_length_10334_cov_8.929262	5004	5126	0	122	122	1.0000000
NODE_9489_length_10333_cov_7.506351	4962	5084	0	122	122	1.0000000
NODE_948_length_22435_cov_8.083900	4668	4790	0	122	122	1.0000000
NODE_948_length_22435_cov_8.083900	14962	15084	0	49	122	0.4016393
NODE_948_length_22435_cov_8.083900	14962	15084	1	73	122	0.5983607
NODE_9490_length_10332_cov_6.943125	4962	5084	0	122	122	1.0000000
NODE_9492_length_10331_cov_8.276583	4836	4958	0	122	122	1.0000000
NODE_9493_length_10331_cov_8.201427	4962	5084	0	122	122	1.0000000
NODE_9494_length_10330_cov_8.333985	4962	5084	0	122	122	1.0000000
NODE_9495_length_10328_cov_8.794506	5004	5126	0	122	122	1.0000000
NODE_9496_length_10327_cov_9.191338	4962	5084	0	122	122	1.0000000
NODE_9497_length_10326_cov_47.823213	4794	4916	0	122	122	1.0000000
NODE_9498_length_10325_cov_7.192842	5004	5126	0	122	122	1.0000000
NODE_9499_length_10324_cov_7.169976	4962	5084	0	53	122	0.4344262
NODE_9499_length_10324_cov_7.169976	4962	5084	2	69	122	0.5655738
NODE_949_length_22430_cov_8.252385	14962	15084	0	122	122	1.0000000
NODE_94_length_38567_cov_10.311662	4962	5084	0	122	122	1.0000000
NODE_94_length_38567_cov_10.311662	15004	15126	0	122	122	1.0000000
NODE_94_length_38567_cov_10.311662	24962	25084	0	122	122	1.0000000
NODE_94_length_38567_cov_10.311662	34962	35084	0	122	122	1.0000000
NODE_9500_length_10323_cov_14.477308	4962	5084	0	122	122	1.0000000
NODE_9501_length_10323_cov_9.562793	4962	5084	0	122	122	1.0000000
NODE_9502_length_10323_cov_8.065434	4962	5084	0	122	122	1.0000000
NODE_9503_length_10322_cov_7.904333	4962	5084	0	122	122	1.0000000
NODE_9504_length_10322_cov_7.307737	4962	5084	0	68	122	0.5573770
NODE_9504_length_10322_cov_7.307737	4962	5084	2	54	122	0.4426230
NODE_9505_length_10322_cov_6.518048	5004	5126	0	122	122	1.0000000
NODE_9507_length_10321_cov_7.178341	4962	5084	0	122	122	1.0000000
NODE_9508_length_10320_cov_8.271011	4962	5084	0	122	122	1.0000000
NODE_950_length_22429_cov_11.873623	4962	5084	0	122	122	1.0000000
NODE_950_length_22429_cov_11.873623	15004	15126	0	122	122	1.0000000
NODE_9510_length_10320_cov_6.749535	4962	5084	0	122	122	1.0000000
NODE_9512_length_10318_cov_6.742930	4962	5084	0	122	122	1.0000000
NODE_9513_length_10316_cov_8.479691	4836	4958	0	122	122	1.0000000
NODE_9514_length_10315_cov_8.916014	5130	5252	0	122	122	1.0000000
NODE_9515_length_10315_cov_8.625685	4962	5084	0	122	122	1.0000000
NODE_9516_length_10315_cov_7.755677	5046	5168	0	122	122	1.0000000
NODE_9518_length_10314_cov_7.761821	4920	5042	0	122	122	1.0000000
NODE_9519_length_10314_cov_7.318355	5088	5210	0	122	122	1.0000000
NODE_951_length_22428_cov_8.919163	4962	5084	0	122	122	1.0000000
NODE_9520_length_10314_cov_6.118747	4962	5084	0	122	122	1.0000000
NODE_9521_length_10313_cov_11.689642	4626	4748	0	122	122	1.0000000
NODE_9522_length_10313_cov_9.048659	4920	5042	0	122	122	1.0000000
NODE_9523_length_10313_cov_7.186802	4962	5084	0	122	122	1.0000000
NODE_9524_length_10313_cov_6.819561	4878	5000	0	47	122	0.3852459
NODE_9524_length_10313_cov_6.819561	4878	5000	1	75	122	0.6147541
NODE_9525_length_10312_cov_8.353079	4920	5042	0	122	122	1.0000000
NODE_9526_length_10312_cov_8.131107	4962	5084	0	122	122	1.0000000
NODE_9527_length_10312_cov_7.371781	4962	5084	0	59	122	0.4836065
NODE_9527_length_10312_cov_7.371781	4962	5084	1	63	122	0.5163934
NODE_9529_length_10311_cov_10.592636	5004	5126	0	122	122	1.0000000
NODE_952_length_22424_cov_8.763807	5340	5462	0	122	122	1.0000000
NODE_952_length_22424_cov_8.763807	14962	15084	0	122	122	1.0000000
NODE_9530_length_10311_cov_9.756757	4962	5084	0	122	122	1.0000000
NODE_9532_length_10311_cov_6.814042	4962	5084	0	122	122	1.0000000
NODE_9533_length_10311_cov_5.891304	4542	4664	0	122	122	1.0000000
NODE_9534_length_10310_cov_7.659093	4962	5084	0	122	122	1.0000000
NODE_9535_length_10309_cov_6.812733	4920	5042	0	122	122	1.0000000
NODE_9536_length_10308_cov_8.968263	4962	5084	0	122	122	1.0000000
NODE_9537_length_10308_cov_7.421491	4962	5084	0	55	122	0.4508197
NODE_9537_length_10308_cov_7.421491	4962	5084	1	1	122	0.0081967
NODE_9537_length_10308_cov_7.421491	4962	5084	2	66	122	0.5409836
NODE_9538_length_10307_cov_8.836991	4710	4832	0	122	122	1.0000000
NODE_9539_length_10307_cov_8.512147	4962	5084	0	44	122	0.3606557
NODE_9539_length_10307_cov_8.512147	4962	5084	1	78	122	0.6393443
NODE_953_length_22413_cov_10.748678	5130	5252	0	122	122	1.0000000
NODE_9540_length_10306_cov_8.478103	4962	5084	0	122	122	1.0000000
NODE_9541_length_10306_cov_8.269815	5172	5294	0	122	122	1.0000000
NODE_9542_length_10306_cov_8.085530	4962	5084	0	57	122	0.4672131
NODE_9542_length_10306_cov_8.085530	4962	5084	1	65	122	0.5327869
NODE_9543_length_10306_cov_7.993044	5004	5126	0	122	122	1.0000000
NODE_9544_length_10306_cov_7.417165	4836	4958	0	122	122	1.0000000
NODE_9545_length_10306_cov_5.031841	4962	5084	0	122	122	1.0000000
NODE_9546_length_10305_cov_4.986479	5004	5126	0	122	122	1.0000000
NODE_9547_length_10304_cov_36.935914	4710	4832	0	122	122	1.0000000
NODE_9548_length_10303_cov_17.392787	4962	5084	0	122	122	1.0000000
NODE_9549_length_10302_cov_6.858669	4920	5042	0	122	122	1.0000000
NODE_954_length_22401_cov_8.327146	14962	15084	0	122	122	1.0000000
NODE_9550_length_10301_cov_9.603901	4962	5084	0	7	122	0.0573770
NODE_9550_length_10301_cov_9.603901	4962	5084	1	115	122	0.9426230
NODE_9551_length_10301_cov_9.330523	4962	5084	0	122	122	1.0000000
NODE_9553_length_10301_cov_7.709861	4962	5084	0	122	122	1.0000000
NODE_9556_length_10300_cov_8.578963	4962	5084	0	122	122	1.0000000
NODE_9558_length_10300_cov_6.984413	4878	5000	1	22	122	0.1803279
NODE_9558_length_10300_cov_6.984413	4878	5000	2	100	122	0.8196721
NODE_9559_length_10299_cov_8.976667	4962	5084	0	73	122	0.5983607
NODE_9559_length_10299_cov_8.976667	4962	5084	1	49	122	0.4016393
NODE_955_length_22399_cov_7.531211	4962	5084	0	122	122	1.0000000
NODE_955_length_22399_cov_7.531211	15004	15126	0	122	122	1.0000000
NODE_9560_length_10299_cov_8.356765	4962	5084	0	122	122	1.0000000
NODE_9561_length_10298_cov_22.862045	4962	5084	0	12	122	0.0983607
NODE_9561_length_10298_cov_22.862045	4962	5084	1	13	122	0.1065574
NODE_9561_length_10298_cov_22.862045	4962	5084	3	97	122	0.7950820
NODE_9562_length_10297_cov_36.836929	5046	5168	0	122	122	1.0000000
NODE_9563_length_10297_cov_8.852226	5004	5126	1	118	122	0.9672131
NODE_9563_length_10297_cov_8.852226	5004	5126	2	4	122	0.0327869
NODE_9564_length_10297_cov_7.339674	4962	5084	0	122	122	1.0000000
NODE_9565_length_10297_cov_5.930771	4794	4916	0	122	122	1.0000000
NODE_9566_length_10295_cov_6.972146	4794	4916	0	122	122	1.0000000
NODE_9568_length_10294_cov_8.765669	4962	5084	0	122	122	1.0000000
NODE_9569_length_10294_cov_6.473565	5004	5126	0	122	122	1.0000000
NODE_956_length_22391_cov_7.987125	5004	5126	0	122	122	1.0000000
NODE_956_length_22391_cov_7.987125	14962	15084	0	122	122	1.0000000
NODE_9571_length_10292_cov_24.662710	5172	5294	0	122	122	1.0000000
NODE_9572_length_10292_cov_9.003826	4920	5042	0	122	122	1.0000000
NODE_9573_length_10292_cov_8.258707	4962	5084	1	10	122	0.0819672
NODE_9573_length_10292_cov_8.258707	4962	5084	2	108	122	0.8852459
NODE_9573_length_10292_cov_8.258707	4962	5084	3	4	122	0.0327869
NODE_9574_length_10291_cov_28.822214	4962	5084	0	122	122	1.0000000
NODE_9575_length_10291_cov_10.731358	4962	5084	0	122	122	1.0000000
NODE_9576_length_10291_cov_8.940149	4962	5084	0	122	122	1.0000000
NODE_9578_length_10290_cov_6.197920	4920	5042	0	122	122	1.0000000
NODE_9579_length_10289_cov_8.801570	4962	5084	0	122	122	1.0000000
NODE_957_length_22385_cov_10.045006	4962	5084	0	122	122	1.0000000
NODE_9581_length_10287_cov_13.234295	4710	4832	0	122	122	1.0000000
NODE_9583_length_10286_cov_27.085108	4920	5042	0	122	122	1.0000000
NODE_9584_length_10286_cov_8.324826	4920	5042	0	27	122	0.2213115
NODE_9584_length_10286_cov_8.324826	4920	5042	2	7	122	0.0573770
NODE_9584_length_10286_cov_8.324826	4920	5042	3	27	122	0.2213115
NODE_9584_length_10286_cov_8.324826	4920	5042	4	61	122	0.5000000
NODE_9585_length_10285_cov_19.759376	4962	5084	0	122	122	1.0000000
NODE_9587_length_10285_cov_7.120263	4878	5000	0	122	122	1.0000000
NODE_9588_length_10284_cov_9.093864	4878	5000	0	122	122	1.0000000
NODE_958_length_22376_cov_20.511469	4962	5084	0	43	122	0.3524590
NODE_958_length_22376_cov_20.511469	4962	5084	1	79	122	0.6475410
NODE_958_length_22376_cov_20.511469	14962	15084	0	122	122	1.0000000
NODE_9590_length_10283_cov_7.653869	4962	5084	0	122	122	1.0000000
NODE_9591_length_10283_cov_6.953162	4920	5042	0	122	122	1.0000000
NODE_9592_length_10283_cov_6.786430	5130	5252	0	122	122	1.0000000
NODE_9593_length_10283_cov_4.388649	5088	5210	0	122	122	1.0000000
NODE_9594_length_10282_cov_12.862909	4962	5084	0	122	122	1.0000000
NODE_9595_length_10282_cov_9.571148	4962	5084	0	122	122	1.0000000
NODE_9596_length_10280_cov_7.755230	5088	5210	0	46	122	0.3770492
NODE_9596_length_10280_cov_7.755230	5088	5210	1	76	122	0.6229508
NODE_9597_length_10279_cov_8.396955	5046	5168	0	122	122	1.0000000
NODE_9599_length_10278_cov_8.677670	4920	5042	0	122	122	1.0000000
NODE_959_length_22375_cov_66.864293	4962	5084	0	122	122	1.0000000
NODE_959_length_22375_cov_66.864293	14962	15084	0	40	122	0.3278688
NODE_959_length_22375_cov_66.864293	14962	15084	1	82	122	0.6721311
NODE_95_length_38541_cov_2.966807	24962	25084	0	122	122	1.0000000
NODE_95_length_38541_cov_2.966807	34962	35084	0	122	122	1.0000000
NODE_9601_length_10277_cov_8.227746	5130	5252	0	122	122	1.0000000
NODE_9604_length_10275_cov_8.615271	5004	5126	0	122	122	1.0000000
NODE_9605_length_10274_cov_7.876167	4962	5084	0	27	122	0.2213115
NODE_9605_length_10274_cov_7.876167	4962	5084	2	95	122	0.7786885
NODE_9606_length_10274_cov_7.653759	4962	5084	0	122	122	1.0000000
NODE_9608_length_10273_cov_9.340083	4710	4832	0	122	122	1.0000000
NODE_9609_length_10273_cov_8.467761	4878	5000	0	122	122	1.0000000
NODE_960_length_22358_cov_10.180062	4962	5084	0	122	122	1.0000000
NODE_960_length_22358_cov_10.180062	15046	15168	0	122	122	1.0000000
NODE_9610_length_10273_cov_8.430018	4752	4874	0	34	122	0.2786885
NODE_9610_length_10273_cov_8.430018	4752	4874	1	88	122	0.7213115
NODE_9611_length_10273_cov_8.196481	4962	5084	0	122	122	1.0000000
NODE_9612_length_10273_cov_7.259682	4962	5084	0	122	122	1.0000000
NODE_9613_length_10273_cov_7.023196	4962	5084	0	122	122	1.0000000
NODE_9614_length_10273_cov_6.828976	4962	5084	0	122	122	1.0000000
NODE_9615_length_10272_cov_8.648874	5046	5168	0	122	122	1.0000000
NODE_9616_length_10272_cov_8.220977	4962	5084	0	29	122	0.2377049
NODE_9616_length_10272_cov_8.220977	4962	5084	2	93	122	0.7622951
NODE_9617_length_10272_cov_7.631574	4962	5084	0	122	122	1.0000000
NODE_9618_length_10272_cov_7.027720	4962	5084	0	122	122	1.0000000
NODE_9619_length_10271_cov_10.321077	4878	5000	0	122	122	1.0000000
NODE_961_length_22351_cov_11.901447	4962	5084	0	122	122	1.0000000
NODE_961_length_22351_cov_11.901447	14542	14664	0	122	122	1.0000000
NODE_9620_length_10271_cov_6.103716	5046	5168	0	122	122	1.0000000
NODE_9621_length_10270_cov_16.531609	4920	5042	0	122	122	1.0000000
NODE_9624_length_10269_cov_8.065487	5004	5126	0	4	122	0.0327869
NODE_9624_length_10269_cov_8.065487	5004	5126	1	90	122	0.7377049
NODE_9624_length_10269_cov_8.065487	5004	5126	2	28	122	0.2295082
NODE_9626_length_10266_cov_8.824629	4962	5084	0	122	122	1.0000000
NODE_9627_length_10266_cov_7.734042	4962	5084	0	41	122	0.3360656
NODE_9627_length_10266_cov_7.734042	4962	5084	1	1	122	0.0081967
NODE_9627_length_10266_cov_7.734042	4962	5084	2	80	122	0.6557377
NODE_962_length_22350_cov_17.354950	4962	5084	0	122	122	1.0000000
NODE_962_length_22350_cov_17.354950	15004	15126	0	122	122	1.0000000
NODE_9630_length_10264_cov_8.629513	5088	5210	0	122	122	1.0000000
NODE_9631_length_10264_cov_6.576193	4962	5084	0	122	122	1.0000000
NODE_9633_length_10263_cov_9.438705	5046	5168	0	56	122	0.4590164
NODE_9633_length_10263_cov_9.438705	5046	5168	2	66	122	0.5409836
NODE_9636_length_10263_cov_7.444313	4920	5042	0	122	122	1.0000000
NODE_9637_length_10263_cov_7.376919	4962	5084	0	122	122	1.0000000
NODE_9639_length_10262_cov_9.010332	4962	5084	0	122	122	1.0000000
NODE_963_length_22336_cov_9.526825	4962	5084	0	122	122	1.0000000
NODE_963_length_22336_cov_9.526825	14878	15000	0	122	122	1.0000000
NODE_9640_length_10261_cov_7.017811	4962	5084	0	122	122	1.0000000
NODE_9641_length_10260_cov_9.323590	4962	5084	0	122	122	1.0000000
NODE_9642_length_10260_cov_8.899419	4962	5084	0	122	122	1.0000000
NODE_9645_length_10259_cov_9.724016	5130	5252	0	122	122	1.0000000
NODE_9646_length_10259_cov_8.347933	4962	5084	0	122	122	1.0000000
NODE_9648_length_10258_cov_84.797815	4962	5084	0	44	122	0.3606557
NODE_9648_length_10258_cov_84.797815	4962	5084	2	78	122	0.6393443
NODE_964_length_22324_cov_9.055298	5046	5168	0	122	122	1.0000000
NODE_9652_length_10257_cov_9.536326	4920	5042	0	17	122	0.1393443
NODE_9652_length_10257_cov_9.536326	4920	5042	2	104	122	0.8524590
NODE_9652_length_10257_cov_9.536326	4920	5042	4	1	122	0.0081967
NODE_9653_length_10257_cov_8.910514	4962	5084	0	122	122	1.0000000
NODE_9654_length_10257_cov_6.603662	4920	5042	0	122	122	1.0000000
NODE_9655_length_10256_cov_37.777592	4962	5084	0	122	122	1.0000000
NODE_9656_length_10256_cov_7.644580	4962	5084	0	122	122	1.0000000
NODE_9657_length_10256_cov_6.831348	4962	5084	0	122	122	1.0000000
NODE_9658_length_10255_cov_8.258862	4962	5084	0	61	122	0.5000000
NODE_9658_length_10255_cov_8.258862	4962	5084	2	61	122	0.5000000
NODE_9659_length_10255_cov_7.294801	5004	5126	0	122	122	1.0000000
NODE_965_length_22324_cov_3.335433	4962	5084	0	122	122	1.0000000
NODE_965_length_22324_cov_3.335433	14920	15042	0	122	122	1.0000000
NODE_9661_length_10254_cov_9.822255	4836	4958	1	86	122	0.7049180
NODE_9661_length_10254_cov_9.822255	4836	4958	2	36	122	0.2950820
NODE_9662_length_10254_cov_8.905958	4920	5042	0	122	122	1.0000000
NODE_9664_length_10254_cov_7.367208	4962	5084	0	122	122	1.0000000
NODE_9666_length_10252_cov_7.932532	4962	5084	0	122	122	1.0000000
NODE_9667_length_10251_cov_8.007092	4752	4874	0	44	122	0.3606557
NODE_9667_length_10251_cov_8.007092	4752	4874	2	78	122	0.6393443
NODE_9670_length_10249_cov_7.550246	5004	5126	0	122	122	1.0000000
NODE_9671_length_10249_cov_7.315961	5046	5168	0	122	122	1.0000000
NODE_9672_length_10248_cov_13.361711	4962	5084	0	122	122	1.0000000
NODE_9673_length_10248_cov_8.281013	5004	5126	0	122	122	1.0000000
NODE_9674_length_10248_cov_8.207410	4962	5084	0	122	122	1.0000000
NODE_9675_length_10248_cov_8.146024	4962	5084	0	122	122	1.0000000
NODE_9677_length_10245_cov_9.737532	4962	5084	0	122	122	1.0000000
NODE_9678_length_10244_cov_19.916806	4962	5084	0	13	122	0.1065574
NODE_9678_length_10244_cov_19.916806	4962	5084	1	109	122	0.8934426
NODE_9679_length_10244_cov_13.586299	4962	5084	0	122	122	1.0000000
NODE_967_length_22321_cov_7.584871	5004	5126	0	122	122	1.0000000
NODE_967_length_22321_cov_7.584871	15004	15126	0	122	122	1.0000000
NODE_9680_length_10244_cov_10.076491	4962	5084	1	85	122	0.6967213
NODE_9680_length_10244_cov_10.076491	4962	5084	2	37	122	0.3032787
NODE_9681_length_10244_cov_9.462987	4962	5084	2	122	122	1.0000000
NODE_9682_length_10244_cov_8.962149	5004	5126	0	122	122	1.0000000
NODE_9683_length_10244_cov_7.954855	4584	4706	0	122	122	1.0000000
NODE_9684_length_10244_cov_7.053721	4962	5084	0	43	122	0.3524590
NODE_9684_length_10244_cov_7.053721	4962	5084	1	30	122	0.2459016
NODE_9684_length_10244_cov_7.053721	4962	5084	2	49	122	0.4016393
NODE_9685_length_10243_cov_22.452977	4962	5084	1	63	122	0.5163934
NODE_9685_length_10243_cov_22.452977	4962	5084	3	19	122	0.1557377
NODE_9685_length_10243_cov_22.452977	4962	5084	4	40	122	0.3278688
NODE_9687_length_10243_cov_6.777997	4962	5084	0	122	122	1.0000000
NODE_9688_length_10242_cov_20.385192	4962	5084	0	122	122	1.0000000
NODE_968_length_22303_cov_10.090930	4962	5084	0	122	122	1.0000000
NODE_968_length_22303_cov_10.090930	14962	15084	0	122	122	1.0000000
NODE_9690_length_10242_cov_7.987282	4878	5000	0	122	122	1.0000000
NODE_9692_length_10240_cov_36.209151	4962	5084	0	122	122	1.0000000
NODE_9693_length_10240_cov_19.930973	5004	5126	0	122	122	1.0000000
NODE_9694_length_10240_cov_12.599941	4962	5084	0	122	122	1.0000000
NODE_9695_length_10240_cov_9.627256	4962	5084	0	122	122	1.0000000
NODE_9696_length_10240_cov_8.410019	4962	5084	0	26	122	0.2131148
NODE_9696_length_10240_cov_8.410019	4962	5084	1	16	122	0.1311475
NODE_9696_length_10240_cov_8.410019	4962	5084	2	80	122	0.6557377
NODE_9697_length_10240_cov_8.067843	4962	5084	0	122	122	1.0000000
NODE_9698_length_10240_cov_7.861454	4962	5084	0	122	122	1.0000000
NODE_969_length_22302_cov_10.567716	4962	5084	0	122	122	1.0000000
NODE_96_length_38467_cov_3.021059	4962	5084	0	122	122	1.0000000
NODE_96_length_38467_cov_3.021059	14962	15084	0	122	122	1.0000000
NODE_96_length_38467_cov_3.021059	24962	25084	0	122	122	1.0000000
NODE_96_length_38467_cov_3.021059	34962	35084	0	122	122	1.0000000
NODE_9700_length_10239_cov_7.513807	4920	5042	0	122	122	1.0000000
NODE_9701_length_10239_cov_6.744379	4962	5084	0	122	122	1.0000000
NODE_9702_length_10239_cov_6.360355	5340	5462	0	122	122	1.0000000
NODE_9704_length_10238_cov_6.981852	5214	5336	0	122	122	1.0000000
NODE_9705_length_10238_cov_6.909360	5214	5336	0	122	122	1.0000000
NODE_9706_length_10237_cov_8.993194	4962	5084	0	122	122	1.0000000
NODE_9707_length_10237_cov_8.605741	5382	5500	0	40	118	0.3389831
NODE_9707_length_10237_cov_8.605741	5382	5500	2	78	118	0.6610169
NODE_9708_length_10237_cov_8.043796	4962	5084	0	122	122	1.0000000
NODE_9709_length_10236_cov_8.773108	5256	5378	0	122	122	1.0000000
NODE_970_length_22302_cov_8.099491	4962	5084	0	122	122	1.0000000
NODE_970_length_22302_cov_8.099491	14962	15084	0	122	122	1.0000000
NODE_9711_length_10236_cov_8.517510	4962	5084	0	122	122	1.0000000
NODE_9712_length_10236_cov_8.042024	5004	5126	0	122	122	1.0000000
NODE_9713_length_10236_cov_7.866529	4962	5084	0	122	122	1.0000000
NODE_9716_length_10234_cov_9.148693	4962	5084	0	122	122	1.0000000
NODE_9717_length_10234_cov_7.486236	4584	4706	0	122	122	1.0000000
NODE_9718_length_10232_cov_8.492845	5004	5126	0	122	122	1.0000000
NODE_9719_length_10232_cov_8.058522	4962	5084	0	122	122	1.0000000
NODE_971_length_22295_cov_8.579699	4962	5084	0	122	122	1.0000000
NODE_971_length_22295_cov_8.579699	14920	15042	0	122	122	1.0000000
NODE_9720_length_10231_cov_7.666107	5046	5168	0	122	122	1.0000000
NODE_9721_length_10230_cov_8.856579	4500	4622	0	122	122	1.0000000
NODE_9722_length_10229_cov_10.103060	4920	5042	0	122	122	1.0000000
NODE_9724_length_10229_cov_7.994768	4962	5084	0	122	122	1.0000000
NODE_9725_length_10229_cov_5.417275	5298	5420	0	122	122	1.0000000
NODE_9726_length_10228_cov_6.915391	5130	5252	0	122	122	1.0000000
NODE_9727_length_10227_cov_8.729660	4920	5042	0	122	122	1.0000000
NODE_9728_length_10227_cov_7.803021	5004	5126	0	122	122	1.0000000
NODE_972_length_22293_cov_9.192620	5088	5210	0	122	122	1.0000000
NODE_972_length_22293_cov_9.192620	14962	15084	0	122	122	1.0000000
NODE_9731_length_10226_cov_7.176656	4962	5084	0	122	122	1.0000000
NODE_9732_length_10225_cov_10.129271	4962	5084	0	122	122	1.0000000
NODE_9733_length_10225_cov_9.089078	4962	5084	0	122	122	1.0000000
NODE_9734_length_10224_cov_12.004148	4962	5084	0	122	122	1.0000000
NODE_9735_length_10224_cov_8.756642	4962	5084	0	83	122	0.6803279
NODE_9735_length_10224_cov_8.756642	4962	5084	1	39	122	0.3196721
NODE_9736_length_10224_cov_8.332642	4962	5084	0	122	122	1.0000000
NODE_9737_length_10224_cov_6.175111	4962	5084	0	122	122	1.0000000
NODE_9739_length_10222_cov_16.134051	5004	5126	0	36	122	0.2950820
NODE_9739_length_10222_cov_16.134051	5004	5126	1	86	122	0.7049180
NODE_973_length_22289_cov_8.616539	5088	5210	0	122	122	1.0000000
NODE_973_length_22289_cov_8.616539	15088	15210	0	122	122	1.0000000
NODE_9741_length_10222_cov_7.043070	5004	5126	0	122	122	1.0000000
NODE_9742_length_10221_cov_6.529638	4962	5084	0	122	122	1.0000000
NODE_9743_length_10219_cov_8.277470	4962	5084	0	122	122	1.0000000
NODE_9744_length_10219_cov_7.671047	4962	5084	0	27	122	0.2213115
NODE_9744_length_10219_cov_7.671047	4962	5084	4	1	122	0.0081967
NODE_9744_length_10219_cov_7.671047	4962	5084	6	53	122	0.4344262
NODE_9744_length_10219_cov_7.671047	4962	5084	7	41	122	0.3360656
NODE_9745_length_10219_cov_7.188735	4962	5084	0	122	122	1.0000000
NODE_9746_length_10218_cov_8.220872	4962	5084	0	35	122	0.2868852
NODE_9746_length_10218_cov_8.220872	4962	5084	2	87	122	0.7131147
NODE_9747_length_10217_cov_8.629571	4962	5084	0	122	122	1.0000000
NODE_9749_length_10216_cov_13.020362	4962	5084	0	122	122	1.0000000
NODE_974_length_22286_cov_9.923063	4962	5084	0	122	122	1.0000000
NODE_9751_length_10216_cov_9.842740	4962	5084	0	122	122	1.0000000
NODE_9752_length_10216_cov_8.329248	4752	4874	0	122	122	1.0000000
NODE_9753_length_10216_cov_8.198675	4962	5084	0	122	122	1.0000000
NODE_9755_length_10215_cov_8.511566	4962	5084	0	122	122	1.0000000
NODE_9756_length_10215_cov_7.691281	4962	5084	0	122	122	1.0000000
NODE_9757_length_10214_cov_8.988532	4836	4958	0	122	122	1.0000000
NODE_9759_length_10213_cov_7.381155	5004	5126	0	122	122	1.0000000
NODE_975_length_22285_cov_8.077662	4962	5084	0	122	122	1.0000000
NODE_975_length_22285_cov_8.077662	14920	15042	2	5	122	0.0409836
NODE_975_length_22285_cov_8.077662	14920	15042	3	91	122	0.7459016
NODE_975_length_22285_cov_8.077662	14920	15042	4	26	122	0.2131148
NODE_9761_length_10212_cov_10.336003	4752	4874	0	122	122	1.0000000
NODE_9762_length_10212_cov_6.489766	4920	5042	0	122	122	1.0000000
NODE_9763_length_10212_cov_5.873331	4920	5042	0	122	122	1.0000000
NODE_9765_length_10211_cov_31.257812	5088	5210	0	28	122	0.2295082
NODE_9765_length_10211_cov_31.257812	5088	5210	1	37	122	0.3032787
NODE_9765_length_10211_cov_31.257812	5088	5210	2	57	122	0.4672131
NODE_9767_length_10211_cov_6.527789	5214	5336	1	43	122	0.3524590
NODE_9767_length_10211_cov_6.527789	5214	5336	2	79	122	0.6475410
NODE_9768_length_10210_cov_7.439917	4962	5084	0	122	122	1.0000000
NODE_9769_length_10209_cov_7.662809	4962	5084	0	122	122	1.0000000
NODE_976_length_22277_cov_9.046397	4962	5084	0	122	122	1.0000000
NODE_9770_length_10208_cov_7.364329	4962	5084	1	3	122	0.0245902
NODE_9770_length_10208_cov_7.364329	4962	5084	2	119	122	0.9754099
NODE_9771_length_10207_cov_5.899980	5340	5462	0	122	122	1.0000000
NODE_9772_length_10206_cov_52.994657	4962	5084	0	22	122	0.1803279
NODE_9772_length_10206_cov_52.994657	4962	5084	5	100	122	0.8196721
NODE_9773_length_10206_cov_7.962007	5004	5126	0	122	122	1.0000000
NODE_9774_length_10206_cov_7.262392	4962	5084	0	122	122	1.0000000
NODE_9777_length_10203_cov_10.156869	5088	5210	0	122	122	1.0000000
NODE_9778_length_10203_cov_8.815321	5046	5168	0	122	122	1.0000000
NODE_9779_length_10203_cov_7.771774	4962	5084	0	122	122	1.0000000
NODE_977_length_22273_cov_8.316948	4962	5084	0	122	122	1.0000000
NODE_977_length_22273_cov_8.316948	14962	15084	0	122	122	1.0000000
NODE_9786_length_10200_cov_8.264924	5046	5168	0	67	122	0.5491803
NODE_9786_length_10200_cov_8.264924	5046	5168	2	55	122	0.4508197
NODE_9787_length_10199_cov_51.409703	4962	5084	0	122	122	1.0000000
NODE_9788_length_10199_cov_7.678119	4920	5042	0	122	122	1.0000000
NODE_9789_length_10198_cov_6.242796	4962	5084	0	122	122	1.0000000
NODE_978_length_22270_cov_7.596500	4962	5084	0	122	122	1.0000000
NODE_978_length_22270_cov_7.596500	14962	15084	0	122	122	1.0000000
NODE_9790_length_10197_cov_9.398990	4962	5084	0	122	122	1.0000000
NODE_9792_length_10197_cov_8.735987	4794	4916	0	122	122	1.0000000
NODE_9793_length_10196_cov_8.331584	5046	5168	0	102	122	0.8360656
NODE_9793_length_10196_cov_8.331584	5046	5168	1	20	122	0.1639344
NODE_9794_length_10195_cov_8.788926	4962	5084	0	122	122	1.0000000
NODE_9795_length_10195_cov_7.553189	4962	5084	0	122	122	1.0000000
NODE_9797_length_10192_cov_8.761518	4962	5084	0	122	122	1.0000000
NODE_9798_length_10192_cov_8.262162	4962	5084	0	122	122	1.0000000
NODE_979_length_22269_cov_11.669779	4962	5084	0	122	122	1.0000000
NODE_97_length_38454_cov_2.706479	4962	5084	0	122	122	1.0000000
NODE_97_length_38454_cov_2.706479	14962	15084	0	122	122	1.0000000
NODE_97_length_38454_cov_2.706479	24962	25084	0	122	122	1.0000000
NODE_9801_length_10190_cov_8.900406	4962	5084	0	122	122	1.0000000
NODE_9802_length_10190_cov_8.810921	5004	5126	0	122	122	1.0000000
NODE_9804_length_10189_cov_8.558870	4962	5084	0	122	122	1.0000000
NODE_9805_length_10188_cov_8.791654	4962	5084	0	122	122	1.0000000
NODE_9806_length_10186_cov_7.561416	4962	5084	0	122	122	1.0000000
NODE_9808_length_10185_cov_28.550664	5130	5252	0	122	122	1.0000000
NODE_9811_length_10184_cov_7.541101	4962	5084	0	122	122	1.0000000
NODE_9813_length_10183_cov_12.028461	4878	5000	0	122	122	1.0000000
NODE_9814_length_10183_cov_10.599564	4962	5084	0	122	122	1.0000000
NODE_9815_length_10183_cov_8.039865	5046	5168	0	12	122	0.0983607
NODE_9815_length_10183_cov_8.039865	5046	5168	1	26	122	0.2131148
NODE_9815_length_10183_cov_8.039865	5046	5168	2	84	122	0.6885246
NODE_9817_length_10182_cov_10.343648	4962	5084	0	122	122	1.0000000
NODE_9818_length_10182_cov_8.725280	4962	5084	0	122	122	1.0000000
NODE_9819_length_10182_cov_8.221363	4878	5000	0	122	122	1.0000000
NODE_981_length_22265_cov_8.578363	4962	5084	0	122	122	1.0000000
NODE_9821_length_10181_cov_6.639159	4962	5084	0	37	122	0.3032787
NODE_9821_length_10181_cov_6.639159	4962	5084	2	85	122	0.6967213
NODE_9823_length_10180_cov_8.498066	4962	5084	0	122	122	1.0000000
NODE_9824_length_10179_cov_10.340873	5046	5168	0	122	122	1.0000000
NODE_9825_length_10179_cov_9.078671	4962	5084	0	122	122	1.0000000
NODE_9826_length_10179_cov_7.997421	4668	4790	0	122	122	1.0000000
NODE_9827_length_10179_cov_7.668056	4752	4874	0	122	122	1.0000000
NODE_9828_length_10179_cov_6.853075	4962	5084	0	122	122	1.0000000
NODE_9830_length_10178_cov_8.970235	4962	5084	1	43	122	0.3524590
NODE_9830_length_10178_cov_8.970235	4962	5084	2	79	122	0.6475410
NODE_9832_length_10177_cov_9.239532	4962	5084	0	122	122	1.0000000
NODE_9833_length_10177_cov_7.419329	4962	5084	0	122	122	1.0000000
NODE_9834_length_10176_cov_7.598392	4962	5084	0	122	122	1.0000000
NODE_9837_length_10174_cov_8.791563	5004	5126	0	122	122	1.0000000
NODE_9838_length_10174_cov_7.090025	5004	5126	0	122	122	1.0000000
NODE_9839_length_10174_cov_7.085161	4962	5084	0	122	122	1.0000000
NODE_983_length_22262_cov_9.483463	5088	5210	0	122	122	1.0000000
NODE_983_length_22262_cov_9.483463	14962	15084	0	122	122	1.0000000
NODE_9840_length_10174_cov_6.172605	5172	5294	0	122	122	1.0000000
NODE_9842_length_10173_cov_9.598174	4962	5084	0	122	122	1.0000000
NODE_9843_length_10173_cov_7.613857	4962	5084	0	122	122	1.0000000
NODE_9844_length_10171_cov_37.504865	4836	4958	0	122	122	1.0000000
NODE_9846_length_10171_cov_10.992355	4668	4790	0	9	122	0.0737705
NODE_9846_length_10171_cov_10.992355	4668	4790	2	113	122	0.9262295
NODE_9847_length_10171_cov_10.401807	4920	5042	0	122	122	1.0000000
NODE_9848_length_10171_cov_7.723789	4878	5000	0	122	122	1.0000000
NODE_9849_length_10171_cov_6.750397	5004	5126	0	122	122	1.0000000
NODE_984_length_22262_cov_9.479583	4962	5084	0	29	122	0.2377049
NODE_984_length_22262_cov_9.479583	4962	5084	1	93	122	0.7622951
NODE_984_length_22262_cov_9.479583	15046	15168	0	122	122	1.0000000
NODE_9850_length_10170_cov_9.206931	4962	5084	0	122	122	1.0000000
NODE_9851_length_10170_cov_7.451494	4920	5042	0	122	122	1.0000000
NODE_9852_length_10170_cov_7.224208	4962	5084	0	122	122	1.0000000
NODE_9853_length_10170_cov_5.382584	4962	5084	0	122	122	1.0000000
NODE_9855_length_10169_cov_9.006554	4962	5084	0	122	122	1.0000000
NODE_9856_length_10169_cov_8.668024	4962	5084	0	31	122	0.2540984
NODE_9856_length_10169_cov_8.668024	4962	5084	1	91	122	0.7459016
NODE_9858_length_10167_cov_7.728049	4962	5084	0	122	122	1.0000000
NODE_9859_length_10167_cov_6.464442	5298	5420	0	122	122	1.0000000
NODE_985_length_22245_cov_13.101598	4920	5042	1	51	122	0.4180328
NODE_985_length_22245_cov_13.101598	4920	5042	2	71	122	0.5819672
NODE_985_length_22245_cov_13.101598	14962	15084	0	73	122	0.5983607
NODE_985_length_22245_cov_13.101598	14962	15084	2	49	122	0.4016393
NODE_9860_length_10166_cov_6.995828	5004	5126	0	122	122	1.0000000
NODE_9862_length_10165_cov_8.136896	4962	5084	0	59	122	0.4836065
NODE_9862_length_10165_cov_8.136896	4962	5084	2	63	122	0.5163934
NODE_9863_length_10164_cov_8.461699	4962	5084	0	122	122	1.0000000
NODE_9865_length_10163_cov_8.538255	4962	5084	0	122	122	1.0000000
NODE_9868_length_10159_cov_5.540457	4962	5084	0	122	122	1.0000000
NODE_9869_length_10158_cov_5.906750	4962	5084	0	122	122	1.0000000
NODE_986_length_22239_cov_12.409259	14962	15084	0	122	122	1.0000000
NODE_9870_length_10157_cov_8.942533	5046	5168	0	122	122	1.0000000
NODE_9871_length_10157_cov_8.049215	4962	5084	0	122	122	1.0000000
NODE_9872_length_10157_cov_7.931199	4920	5042	0	122	122	1.0000000
NODE_9873_length_10156_cov_7.237745	4962	5084	0	122	122	1.0000000
NODE_9874_length_10155_cov_10.397275	5004	5126	1	122	122	1.0000000
NODE_9876_length_10155_cov_8.782220	4962	5084	0	122	122	1.0000000
NODE_9878_length_10155_cov_6.945605	5298	5420	0	122	122	1.0000000
NODE_9879_length_10155_cov_6.487470	4962	5084	0	122	122	1.0000000
NODE_987_length_22236_cov_24.233817	14920	15042	0	32	122	0.2622951
NODE_987_length_22236_cov_24.233817	14920	15042	2	90	122	0.7377049
NODE_9880_length_10154_cov_9.122128	4920	5042	0	122	122	1.0000000
NODE_9881_length_10154_cov_6.849925	4962	5084	0	122	122	1.0000000
NODE_9882_length_10154_cov_5.761810	4962	5084	0	122	122	1.0000000
NODE_9883_length_10153_cov_7.796598	4962	5084	0	122	122	1.0000000
NODE_9884_length_10152_cov_27.676216	5046	5168	0	122	122	1.0000000
NODE_9885_length_10152_cov_21.655625	4584	4706	0	122	122	1.0000000
NODE_9886_length_10152_cov_17.622103	4920	5042	0	122	122	1.0000000
NODE_9887_length_10152_cov_7.683577	5046	5168	1	15	122	0.1229508
NODE_9887_length_10152_cov_7.683577	5046	5168	2	107	122	0.8770492
NODE_9888_length_10152_cov_6.079678	4962	5084	0	122	122	1.0000000
NODE_988_length_22217_cov_10.396238	5172	5294	0	122	122	1.0000000
NODE_988_length_22217_cov_10.396238	14962	15084	0	122	122	1.0000000
NODE_9892_length_10150_cov_34.542633	4752	4874	0	32	122	0.2622951
NODE_9892_length_10150_cov_34.542633	4752	4874	2	90	122	0.7377049
NODE_9893_length_10150_cov_7.879813	4962	5084	0	122	122	1.0000000
NODE_9894_length_10150_cov_7.659337	4962	5084	0	122	122	1.0000000
NODE_9896_length_10149_cov_7.765970	4962	5084	0	122	122	1.0000000
NODE_9897_length_10149_cov_7.292040	5088	5210	0	122	122	1.0000000
NODE_9898_length_10149_cov_7.010050	5130	5252	0	122	122	1.0000000
NODE_9899_length_10148_cov_9.689621	5382	5500	0	118	118	1.0000000
NODE_989_length_22217_cov_9.543087	14962	15084	0	50	122	0.4098361
NODE_989_length_22217_cov_9.543087	14962	15084	2	72	122	0.5901639
NODE_98_length_38432_cov_9.121540	4962	5084	0	122	122	1.0000000
NODE_98_length_38432_cov_9.121540	14962	15084	0	122	122	1.0000000
NODE_98_length_38432_cov_9.121540	24962	25084	0	23	122	0.1885246
NODE_98_length_38432_cov_9.121540	24962	25084	1	23	122	0.1885246
NODE_98_length_38432_cov_9.121540	24962	25084	3	76	122	0.6229508
NODE_98_length_38432_cov_9.121540	35004	35126	0	122	122	1.0000000
NODE_9901_length_10147_cov_10.620820	4500	4622	0	122	122	1.0000000
NODE_9902_length_10147_cov_9.094248	4962	5084	0	122	122	1.0000000
NODE_9903_length_10147_cov_7.295681	5004	5126	0	122	122	1.0000000
NODE_9904_length_10147_cov_7.234574	5004	5126	0	24	122	0.1967213
NODE_9904_length_10147_cov_7.234574	5004	5126	2	98	122	0.8032787
NODE_9905_length_10146_cov_10.757938	4920	5042	0	122	122	1.0000000
NODE_9907_length_10146_cov_8.846123	4962	5084	0	61	122	0.5000000
NODE_9907_length_10146_cov_8.846123	4962	5084	1	61	122	0.5000000
NODE_9908_length_10146_cov_7.942769	4962	5084	0	122	122	1.0000000
NODE_9909_length_10146_cov_5.006071	4710	4832	0	122	122	1.0000000
NODE_990_length_22214_cov_7.559530	14962	15084	0	122	122	1.0000000
NODE_9910_length_10145_cov_7.967649	4962	5084	0	65	122	0.5327869
NODE_9910_length_10145_cov_7.967649	4962	5084	1	57	122	0.4672131
NODE_9911_length_10145_cov_7.621143	4920	5042	0	122	122	1.0000000
NODE_9913_length_10144_cov_8.387158	5004	5126	0	122	122	1.0000000
NODE_9914_length_10144_cov_7.592334	4962	5084	0	122	122	1.0000000
NODE_9915_length_10144_cov_6.875958	4962	5084	0	122	122	1.0000000
NODE_9917_length_10144_cov_6.546242	4500	4622	0	122	122	1.0000000
NODE_9919_length_10143_cov_6.951812	4962	5084	0	122	122	1.0000000
NODE_991_length_22203_cov_7.813111	4962	5084	0	122	122	1.0000000
NODE_991_length_22203_cov_7.813111	14962	15084	0	122	122	1.0000000
NODE_9920_length_10142_cov_7.987852	4626	4748	0	32	122	0.2622951
NODE_9920_length_10142_cov_7.987852	4626	4748	1	38	122	0.3114754
NODE_9920_length_10142_cov_7.987852	4626	4748	2	52	122	0.4262295
NODE_9922_length_10141_cov_7.102968	5004	5126	0	122	122	1.0000000
NODE_9924_length_10140_cov_15.960163	5004	5126	0	122	122	1.0000000
NODE_9925_length_10140_cov_7.001295	5088	5210	0	122	122	1.0000000
NODE_9926_length_10139_cov_8.342231	5172	5294	0	122	122	1.0000000
NODE_9927_length_10139_cov_7.877789	5004	5126	0	122	122	1.0000000
NODE_9929_length_10138_cov_9.651559	5046	5168	0	122	122	1.0000000
NODE_992_length_22173_cov_11.339177	4962	5084	0	122	122	1.0000000
NODE_992_length_22173_cov_11.339177	14836	14958	0	122	122	1.0000000
NODE_9931_length_10138_cov_8.490089	4962	5084	0	122	122	1.0000000
NODE_9932_length_10138_cov_7.260982	4500	4622	0	122	122	1.0000000
NODE_9933_length_10138_cov_5.873394	4962	5084	0	122	122	1.0000000
NODE_9935_length_10136_cov_14.969413	4920	5042	0	122	122	1.0000000
NODE_9936_length_10136_cov_7.755704	4962	5084	0	15	122	0.1229508
NODE_9936_length_10136_cov_7.755704	4962	5084	1	15	122	0.1229508
NODE_9936_length_10136_cov_7.755704	4962	5084	2	92	122	0.7540984
NODE_9937_length_10136_cov_7.018432	4962	5084	0	122	122	1.0000000
NODE_9938_length_10135_cov_9.230271	5110	5229	0	119	119	1.0000000
NODE_9939_length_10135_cov_8.946094	4962	5084	0	122	122	1.0000000
NODE_993_length_22170_cov_7.678402	5256	5378	0	122	122	1.0000000
NODE_993_length_22170_cov_7.678402	14962	15084	0	122	122	1.0000000
NODE_9942_length_10134_cov_6.568411	5004	5126	0	52	122	0.4262295
NODE_9942_length_10134_cov_6.568411	5004	5126	2	70	122	0.5737705
NODE_9944_length_10133_cov_9.108132	4962	5084	0	122	122	1.0000000
NODE_9945_length_10133_cov_8.267590	4920	5042	0	122	122	1.0000000
NODE_9946_length_10133_cov_8.159558	4962	5084	0	122	122	1.0000000
NODE_9947_length_10133_cov_7.932729	4962	5084	0	122	122	1.0000000
NODE_9949_length_10132_cov_32.945879	4962	5084	1	17	122	0.1393443
NODE_9949_length_10132_cov_32.945879	4962	5084	2	48	122	0.3934426
NODE_9949_length_10132_cov_32.945879	4962	5084	4	57	122	0.4672131
NODE_994_length_22165_cov_8.808529	4920	5042	1	48	122	0.3934426
NODE_994_length_22165_cov_8.808529	4920	5042	2	74	122	0.6065574
NODE_994_length_22165_cov_8.808529	14920	15042	0	122	122	1.0000000
NODE_9950_length_10132_cov_8.422805	4962	5084	0	122	122	1.0000000
NODE_9951_length_10132_cov_7.634705	4962	5084	0	122	122	1.0000000
NODE_9953_length_10131_cov_8.906798	4962	5084	0	122	122	1.0000000
NODE_9954_length_10131_cov_7.537380	4962	5084	0	122	122	1.0000000
NODE_9955_length_10131_cov_7.348983	4836	4958	0	4	122	0.0327869
NODE_9955_length_10131_cov_7.348983	4836	4958	1	9	122	0.0737705
NODE_9955_length_10131_cov_7.348983	4836	4958	2	109	122	0.8934426
NODE_9956_length_10130_cov_44.427774	5046	5168	0	122	122	1.0000000
NODE_9958_length_10129_cov_19.961615	4962	5084	0	122	122	1.0000000
NODE_9959_length_10129_cov_8.405982	5172	5294	0	83	122	0.6803279
NODE_9959_length_10129_cov_8.405982	5172	5294	1	1	122	0.0081967
NODE_9959_length_10129_cov_8.405982	5172	5294	2	38	122	0.3114754
NODE_9960_length_10129_cov_6.098106	4962	5084	0	26	122	0.2131148
NODE_9960_length_10129_cov_6.098106	4962	5084	1	96	122	0.7868853
NODE_9963_length_10127_cov_20.262465	5088	5210	0	122	122	1.0000000
NODE_9964_length_10127_cov_6.802553	5004	5126	0	122	122	1.0000000
NODE_9965_length_10126_cov_9.515309	4962	5084	0	122	122	1.0000000
NODE_9967_length_10126_cov_6.711080	4668	4790	0	122	122	1.0000000
NODE_996_length_22158_cov_9.907702	5004	5126	0	32	122	0.2622951
NODE_996_length_22158_cov_9.907702	5004	5126	1	90	122	0.7377049
NODE_996_length_22158_cov_9.907702	14962	15084	0	122	122	1.0000000
NODE_9970_length_10125_cov_7.222521	5088	5210	0	122	122	1.0000000
NODE_9971_length_10124_cov_27.583441	5130	5252	0	122	122	1.0000000
NODE_9974_length_10123_cov_23.689944	5046	5168	0	36	122	0.2950820
NODE_9974_length_10123_cov_23.689944	5046	5168	1	10	122	0.0819672
NODE_9974_length_10123_cov_23.689944	5046	5168	2	2	122	0.0163934
NODE_9974_length_10123_cov_23.689944	5046	5168	3	3	122	0.0245902
NODE_9974_length_10123_cov_23.689944	5046	5168	4	71	122	0.5819672
NODE_9975_length_10122_cov_9.175995	4962	5084	0	122	122	1.0000000
NODE_9976_length_10122_cov_7.736706	4962	5084	0	77	122	0.6311476
NODE_9976_length_10122_cov_7.736706	4962	5084	1	33	122	0.2704918
NODE_9976_length_10122_cov_7.736706	4962	5084	2	12	122	0.0983607
NODE_9977_length_10121_cov_9.270505	4962	5084	0	122	122	1.0000000
NODE_9978_length_10121_cov_8.804131	4962	5084	0	122	122	1.0000000
NODE_9979_length_10121_cov_7.629415	4962	5084	0	122	122	1.0000000
NODE_997_length_22154_cov_8.185718	4962	5084	0	122	122	1.0000000
NODE_997_length_22154_cov_8.185718	15046	15168	0	122	122	1.0000000
NODE_9980_length_10121_cov_7.415087	4962	5084	0	122	122	1.0000000
NODE_9981_length_10120_cov_9.420716	4962	5084	0	122	122	1.0000000
NODE_9982_length_10119_cov_8.755389	4542	4664	0	122	122	1.0000000
NODE_9984_length_10118_cov_10.042320	4962	5084	0	122	122	1.0000000
NODE_9985_length_10118_cov_8.518415	4836	4958	0	122	122	1.0000000
NODE_9987_length_10118_cov_7.506538	4962	5084	0	122	122	1.0000000
NODE_998_length_22149_cov_7.949342	5046	5168	0	41	122	0.3360656
NODE_998_length_22149_cov_7.949342	5046	5168	2	81	122	0.6639344
NODE_998_length_22149_cov_7.949342	14962	15084	1	65	122	0.5327869
NODE_998_length_22149_cov_7.949342	14962	15084	2	57	122	0.4672131
NODE_9990_length_10115_cov_7.336462	5046	5168	0	122	122	1.0000000
NODE_9991_length_10114_cov_10.480180	4962	5084	0	122	122	1.0000000
NODE_9993_length_10114_cov_9.491463	4836	4958	0	122	122	1.0000000
NODE_9995_length_10113_cov_7.557320	4962	5084	0	25	122	0.2049180
NODE_9995_length_10113_cov_7.557320	4962	5084	1	97	122	0.7950820
NODE_9996_length_10113_cov_7.554723	4962	5084	0	122	122	1.0000000
NODE_9998_length_10113_cov_7.303974	5046	5168	0	122	122	1.0000000
NODE_9999_length_10113_cov_6.145796	4962	5084	0	122	122	1.0000000
NODE_999_length_22139_cov_9.430490	5088	5210	0	122	122	1.0000000
NODE_999_length_22139_cov_9.430490	14962	15084	0	122	122	1.0000000
NODE_99_length_38397_cov_10.039924	4962	5084	0	42	122	0.3442623
NODE_99_length_38397_cov_10.039924	4962	5084	1	43	122	0.3524590
NODE_99_length_38397_cov_10.039924	4962	5084	2	37	122	0.3032787
NODE_99_length_38397_cov_10.039924	14962	15084	0	122	122	1.0000000
NODE_99_length_38397_cov_10.039924	24752	24874	0	122	122	1.0000000
NODE_99_length_38397_cov_10.039924	35172	35294	0	122	122	1.0000000
NODE_9_length_68925_cov_3.374829	4962	5084	0	122	122	1.0000000
NODE_9_length_68925_cov_3.374829	14962	15084	0	122	122	1.0000000
NODE_9_length_68925_cov_3.374829	24962	25084	0	122	122	1.0000000
NODE_9_length_68925_cov_3.374829	34920	35042	0	122	122	1.0000000
NODE_9_length_68925_cov_3.374829	44962	45084	0	122	122	1.0000000
NODE_9_length_68925_cov_3.374829	54962	55084	0	122	122	1.0000000
NODE_9_length_68925_cov_3.374829	64962	65084	0	122	122	1.0000000
