Sample	1	2	3	4	5	6	7	8	9	10	11	12	13	14	15	16	17	18	19	20	21	22	23	24	25	26	27	28	29	30	31	32	33	34	35	36	37	38	39	40	41	42	43	44	45	46	47	48	49	50	51	52	53	54	55	56	57	58	59	60	61	62	63	64	65	66	67	68	69	70	71	72	73	74	75	76	77	78	79	80	81	82	83	84	85	86	87	88	89	90	91	92	93	94	95	96	97	98	99	100	101	102	103	104	105	106	107	108	109	110	111	112	113	114	115	116	117	118	119	120	121	122	123	124	125	126	127	128	129	130	131	132	133	134	135	136	137	138	139	140	141	142	143	144	145	146	147	148	149	150
Tbi-ARos_001_Ex1b_L4_clmp.r1r2_fastp	0.114003	0.195089	0.026877599999999998	0.0	0.013438799999999999	0.0	0.0	0.0	0.0	0.000150998	0.0	0.0	0.0	0.0	0.0	0.0	0.0	0.0	0.000150998	0.0	0.0	0.0	0.0	0.0	0.0	0.0	0.0	0.0	0.0	0.0	0.0	0.0	0.0	0.0	0.0	0.0	0.0	0.0	0.0	0.0	0.0	0.0	0.0	0.0	0.0	0.0	0.0	0.0	0.0	0.0	0.0	0.0	0.0	0.0	0.0	0.0	0.00015484	0.0	0.0	0.0	0.0	0.0	0.0	0.0	0.0	0.0	0.0	0.0	0.0	0.00113418	0.0	0.0	0.0	0.0	0.0	0.0	0.0	0.0	0.0	0.0	0.0	0.0	0.0	0.0	0.0	0.0	0.0	0.00018287299999999998	0.0	0.0	0.0	0.000379671	0.0	0.00135591	0.0103729	0.0	0.0	0.0	0.0	0.0	0.0	0.0	0.0	0.0	0.0	0.0	0.000225501	0.0009141190000000001	0.0	0.0	0.0	0.0	0.0	0.0	0.0	0.0	0.000516429	0.00130959	0.0045191300000000005	0.00944514	0.000273815	0.0	0.0	0.0	0.0	0.0	0.0	0.0	0.0	0.0	0.0	0.0	0.0	0.0	0.0	0.0	0.0	0.0	0.0	0.0	0.0	0.0	0.0	0.0	0.00697279	0.0	0.0	0.0	0.0	0.0
Tbi-ARos_002_Ex1b_L4_clmp.r1r2_fastp	0.119176	0.19927899999999998	0.024742999999999998	0.0	0.012371499999999999	0.0	0.0	0.0	0.000178007	0.000356014	0.0	0.0	0.0	0.0	0.0	0.0	0.0	0.0	0.000178007	0.0	0.0	0.0	0.0	0.0	0.0	0.0	0.0	0.0	0.0	0.0	0.0	0.0	0.0	0.0	0.0	0.0	0.0	0.0	0.0	0.0	0.0	0.0	0.0	0.0	0.0	0.0	0.0	0.0	0.0	0.0	0.0	0.0	0.0	0.0	0.0	0.0	0.0	0.0	0.0	0.0	0.0	0.0	0.0	0.0	0.0	0.0	0.0	9.60485e-05	0.0	0.00164981	0.0	0.0	0.0	0.0	0.0	0.0	0.0	0.0	0.0	0.0	0.0	0.0	0.0	0.0	0.00010776000000000001	0.0	0.0	0.000110803	0.0	0.0	0.0	0.000346609	0.000350495	0.00141775	0.00824828	0.000604787	0.00036735500000000004	0.0	0.0	0.0	0.0	0.0	0.0	0.0	0.0	0.0	0.0	0.000999212	0.0	0.00014726099999999998	0.0	0.00015201	0.0	0.000157055	0.0	0.0	0.000495236	0.0013431299999999999	0.0027335099999999998	0.00677805	0.000353777	0.0	0.0	0.0	0.0	0.0	0.0	0.0	0.0	0.0	0.0	0.0	0.0	0.0	0.0	0.0	0.0	0.0	0.0	0.0	0.0	0.0	0.0	0.0	0.0020367700000000002	0.0	0.0	0.0	0.0	0.0
Tbi-ARos_003_Ex1b_L4_clmp.r1r2_fastp	0.136359	0.246255	0.0264629	0.0	0.0124803	0.0	0.0	0.0	0.0	0.000462234	0.0	0.0	0.0	0.0	0.0	0.0	0.0	0.0	0.0	0.0	0.0	0.0	0.0	0.0	0.0	0.0	0.0	0.0	0.0	0.0	0.0	0.0	0.0	0.0	0.0	0.0	0.0	0.0	0.0	0.0	0.0	0.0	0.0	0.0	0.0	0.0	0.0	0.0	0.0	0.0	0.0	0.0	0.0	0.0	0.0	0.0	0.000118094	0.0	0.0	0.0	0.0	0.0	0.0	0.0	0.0	0.0	0.0	0.0	0.0	0.00123058	0.0	0.0	0.0	0.0	0.0	0.0	0.0	0.0	0.0	0.0	0.0	0.0	0.0	0.0	0.0	0.0	0.0	0.000137002	0.0	0.000139251	0.0	0.000141645	0.00014295100000000002	0.0012987300000000001	0.0104923	0.00029431600000000003	0.0	0.0	0.0	0.0	0.0	0.0	0.0	0.0	0.0	0.0	0.0	0.000505598	0.0	0.0	0.0	0.0	0.0	0.0	0.0	0.0	0.000190543	0.000967002	0.00117763	0.0075677	0.00020218599999999998	0.0	0.0	0.0	0.0	0.0	0.0	0.0	0.0	0.0	0.0	0.0	0.0	0.0	0.0	0.0	0.0	0.0	0.0	0.0	0.0	0.0	0.0	0.0	0.00504984	0.0	0.0	0.0	0.0	0.0
Tbi-ARos_004_Ex1b_L4_clmp.r1r2_fastp	0.119384	0.20050900000000002	0.0262405	0.0	0.009414520000000001	0.0	0.0	0.0	0.000200309	0.0	0.0	0.0	0.0	0.0	0.0	0.0	0.0	0.0	0.000200309	0.0	0.0	0.0	0.0	0.0	0.0	0.0	0.0	0.0	0.0	0.0	0.0	0.0	0.0	0.0	0.0	0.0	0.0	0.0	0.0	0.0	0.0	0.0	0.0	0.0	0.0	0.0	0.0	0.0	0.0	0.0	0.0	0.0	0.0	0.0	0.0	0.0	0.000206053	0.0	0.0	0.0	0.0	0.0	0.0	0.0	0.0	0.0	0.0	0.0	0.0	0.0008601260000000001	0.0	0.0	0.0	0.0	0.0	0.0	0.0	0.0	0.0	0.0	0.0	0.0	0.0	0.0	0.0	0.0	0.0	0.0	0.0	0.0	0.00024378199999999998	0.000491341	0.000495605	0.00174949	0.00907462	0.0	0.000256696	0.0	0.0	0.0	0.0	0.0	0.0	0.0	0.0	0.0	0.0	0.000572687	0.0	0.0	0.0	0.0	0.0	0.0	0.0	0.0	0.000316952	0.00160404	0.00454633	0.008217170000000001	0.0	0.0	0.0	0.0	0.0	0.0	0.0	0.0	0.0	0.0	0.0	0.0	0.0	0.0	0.0	0.0	0.0	0.0	0.0	0.0	0.0	0.0	0.0	0.0	0.00279257	0.0	0.0	0.0	0.0	0.0
Tbi-ARos_005_Ex1b_L4_clmp.r1r2_fastp	0.122387	0.22764500000000001	0.025180200000000003	0.0	0.013524399999999999	0.0	0.0	0.0	0.000133464	0.000133464	0.0	0.0	0.0	0.0	0.0	0.0	0.0	0.0	0.000133464	0.0	0.0	0.0	0.0	0.0	0.0	0.0	0.0	0.0	0.000133464	0.0	0.0	0.0	0.0	0.0	0.0	0.0	0.0	0.0	0.0	0.0	0.0	0.0	0.0	0.0	8.97394e-05	0.0	0.0	0.0	0.0	0.0	0.0	0.0	0.0	0.0	0.0	0.0	0.0	0.0	0.0	0.0	0.0	0.0	0.0	0.0	0.0	0.0	0.0	0.0	0.0	0.00106933	0.0	0.0	0.0	0.0	0.0	0.0	0.0	0.0	0.0	0.0	0.0	0.0	0.0	0.0	5.38203e-05	0.0	0.0	0.000165914	0.0	5.63952e-05	0.0	0.0005758030000000001	0.00017463	0.0016480000000000002	0.010713499999999999	0.00066239	0.000365632	0.0	0.0	0.0	0.0	6.49408e-05	0.0	0.0	0.0	6.86012e-05	0.000139158	0.000635671	0.0	7.27449e-05	0.0	0.0	0.0	0.0	0.0	0.000159962	0.000406511	0.000743976	0.00344692	0.00795011	0.0006089870000000001	8.85625e-05	0.0	0.0	0.0	0.0	0.0	0.0	0.0	0.0	0.0	0.0	0.0	0.0	0.0	0.0	0.0	0.0	0.0	0.0	0.0	0.0	0.0	0.0	0.0038219	0.0	0.0	0.0	0.0	0.0
Tbi-ARos_006_Ex1b_L4_clmp.r1r2_fastp	0.12007299999999999	0.208842	0.0235493	0.0	0.0107171	0.0	0.0	0.0	0.00014101400000000002	0.000211521	0.0	0.0	0.0	0.0	0.0	0.0	0.0	0.0	7.050700000000001e-05	0.0	0.0	0.0	0.0	0.0	0.0	0.0	0.0	0.0	0.00014101400000000002	0.0	0.0	0.0	0.0	0.0	0.0	0.0	0.0	0.0	0.0	0.0	0.0	0.0	0.0	0.0	0.0	0.0	0.0	0.0	0.0	0.0	0.0	0.0	0.0	0.0	0.0	0.0	0.000216647	0.0	7.25451e-05	0.0	0.0	0.0	0.0	0.0	0.0	0.0	0.0	7.44927e-05	0.0	0.000900576	0.0	0.0	0.0	0.0	0.0	0.0	0.0	0.0	0.0	0.0	0.0	0.0	0.0	0.0	8.10361e-05	0.0	0.0	8.27697e-05	0.0	0.0	0.0	0.000170946	0.0	0.00147786	0.00868589	0.00026573	0.000268298	0.0	0.0	0.0	0.0	0.0	0.0	0.0	0.0	0.0	0.0	0.00040371	0.0	0.0	0.0	0.000106035	0.0	0.0	0.0	0.0	0.000452718	0.00126212	0.0027931699999999998	0.0059022499999999995	0.000478802	0.0	0.0	0.0	0.0	0.0	0.0	0.0	0.0	0.0	0.0	0.0	0.0	0.0	0.0	0.0	0.0	0.0	0.0	0.0	0.0	0.0	0.0	0.0	0.00249315	0.0	0.0	0.0	0.0	0.0
Tbi-ARos_007_Ex1b_L4_clmp.r1r2_fastp	0.10345	0.178599	0.0230367	0.0	0.0117341	0.0	0.0	0.0	0.0	0.00017256000000000001	0.0	0.0	0.0	0.0	0.0	0.0	0.0	0.0	8.62799e-05	0.0	0.0	0.0	0.0	0.0	0.0	0.0	0.0	0.0	0.00017256000000000001	0.0	0.0	0.0	0.0	0.0	0.0	0.0	0.0	0.0	0.0	0.0	0.0	0.0	0.0	0.0	0.0	0.0	0.0	0.0	0.0	0.0	0.0	0.0	0.0	0.0	0.0	0.0	8.813549999999999e-05	0.0	0.0	0.0	0.0	0.0	0.0	0.0	0.0	0.0	0.0	0.0	0.0	0.0008161139999999999	0.0	0.0	0.0	0.0	0.0	0.0	0.0	0.0	0.0	0.0	0.0	0.0	0.0	0.0	0.0	0.0	0.0	9.68922e-05	0.0	9.786199999999999e-05	0.0	9.889970000000001e-05	0.000198952	0.00130035	0.0072437199999999995	0.0	0.00010180499999999999	0.0	0.0	0.0	0.0	0.00010508599999999999	0.0	0.000106583	0.0	0.0	0.0	0.00032919000000000004	0.0	0.0	0.0	0.000113095	0.0	0.000229763	0.0	0.00011677600000000001	0.000235399	0.000355967	0.0021531799999999998	0.0056697299999999996	0.00048664300000000004	0.0	0.0	0.0	0.0	0.0	0.0	0.0	0.0	0.0	0.0	0.0	0.0	0.0	0.0	0.0	0.0	0.0	0.0	0.0	0.0	0.0	0.0	0.0	0.0028126	0.0	0.0	0.0	0.0	0.0
Tbi-ARos_008_Ex1b_L4_clmp.r1r2_fastp	0.130199	0.222266	0.0286278	0.0	0.0138558	0.0	0.0	0.0	0.00011451099999999999	0.000343533	0.0	0.0	0.0	0.0	0.0	0.0	0.0	0.0	0.0	0.0	0.0	0.0	0.0	0.0	0.0	0.0	0.0	0.0	0.0	0.0	0.0	0.0	0.0	0.0	0.0	0.0	0.0	0.0	0.0	0.0	0.0	0.0	0.0	0.0	0.0	0.0	0.0	0.0	0.0	0.0	0.0	0.0	0.0	0.0	0.0	0.0	0.000116603	0.0	0.0	0.0	0.0	0.0	0.0	0.0	0.0	0.0	0.0	0.0	0.0	0.00108794	0.0	0.0	0.0	0.0	0.0	0.0	0.0	0.0	0.0	0.0	0.0	0.0	0.0	0.0	0.0	0.0	0.0	0.0	0.0	0.0	0.00013583	0.000273887	0.000138082	0.0018105	0.00927649	0.0	0.000143161	0.0	0.0	0.0	0.0	0.0	0.0	0.0	0.0	0.0	0.0	0.000804268	0.0	0.0	0.0	0.0	0.0	0.0	0.0	0.0	0.000901099	0.00127966	0.00278219	0.00865548	0.000381849	0.0	0.0	0.0	0.0	0.0	0.0	0.0	0.0	0.0	0.0	0.0	0.0	0.0	0.0	0.0	0.0	0.0	0.0	0.0	0.0	0.0	0.0	0.0	0.004396440000000001	0.0	0.0	0.0	0.0	0.0
Tbi-ARos_009_Ex1b_L4_clmp.r1r2_fastp	0.10871900000000001	0.184194	0.0217437	0.0	0.0114991	0.0	0.0	0.0	0.0	0.000418148	0.0	0.0	0.0	0.0	0.0	0.0	0.0	0.0	0.0	0.0	0.0	0.0	0.0	0.0	0.0	0.0	0.0	0.0	0.0	0.0	0.0	0.0	0.0	0.0	0.0	0.0	0.0	0.0	0.0	0.0	0.0	0.0	0.0	0.0	0.0	0.0	0.0	0.0	0.0	0.0	0.0	0.0	0.0	0.0	0.0	0.0	0.0	0.0	0.0	0.0	0.0	0.0	0.0	0.0	0.0	0.0	0.0	0.0	0.0	0.000650867	0.0	0.0	0.0	0.0	0.0	0.0	0.0	0.0	0.0	0.0	0.0	0.0	0.0	0.0	0.0	0.0	0.0	0.0	0.0	0.0	0.0	0.0	0.0	0.00212143	0.0111326	0.00023808199999999997	0.0	0.0	0.0	0.0	0.0	0.0	0.0	0.0	0.0	0.0	0.0	0.0	0.0	0.0	0.0	0.0	0.0	0.00026633099999999997	0.0	0.0	0.0	0.000822953	0.0027641099999999997	0.00974784	0.000561292	0.0	0.0	0.0	0.0	0.0	0.0	0.0	0.0	0.0	0.0	0.0	0.0	0.0	0.0	0.0	0.0	0.0	0.0	0.0	0.0	0.0	0.0	0.0	0.004949670000000001	0.0	0.0	0.0	0.0	0.0
Tbi-ARos_010_Ex1b_L4_clmp.r1r2_fastp	0.100249	0.179773	0.0240982	0.0	0.00915733	0.0	0.0	0.0	0.0	0.0	0.0	0.0	0.0	0.0	0.0	0.0	0.0	0.0	0.0	0.0	0.0	0.0	0.0	0.0	0.0	0.0	0.0	0.0	0.0	0.0	0.0	0.0	0.0	0.0	0.0	0.0	0.0	0.0	0.0	0.0	0.0	0.0	0.0	0.0	0.0	0.0	0.0	0.0	0.0	0.0	0.0	0.0	0.0	0.0	0.0	0.0	0.0	0.0	0.0	0.0	0.0	0.0	0.0	0.0	0.0	0.0	0.0	0.0	0.0	0.00152624	0.0	0.0	0.0	0.0	0.0	0.0	0.0	0.0	0.0	0.0	0.0	0.0	0.0	0.0	0.0	0.0	0.0	0.0	0.0	0.0	0.0	0.0	0.0	0.00283286	0.00683971	0.0	0.0	0.0	0.0	0.0	0.0	0.0	0.0	0.0	0.0	0.0	0.0	0.0006249140000000001	0.0	0.0	0.0	0.0	0.0	0.000655016	0.0	0.000665814	0.0	0.0	0.00273443	0.00689703	0.0006956040000000001	0.0	0.0	0.0	0.0	0.0	0.0	0.0	0.0	0.0	0.0	0.0	0.0	0.0	0.0	0.0	0.0	0.0	0.0	0.0	0.0	0.0	0.0	0.0	0.00179598	0.0	0.0	0.0	0.0	0.0
Tbi-ARos_011_Ex1b_L4_clmp.r1r2_fastp	0.108096	0.183326	0.0207669	0.0	0.0100406	0.0	0.0	0.0	4.89785e-05	0.000342849	0.0	0.0	0.0	0.0	0.0	0.0	0.0	0.0	9.7957e-05	0.0	0.0	0.0	0.0	0.0	0.0	0.0	0.0	0.0	9.7957e-05	0.0	0.0	0.0	0.0	0.0	0.0	0.0	0.0	0.0	0.0	0.0	0.0	0.0	0.0	0.0	0.0	0.0	0.0	0.0	0.0	0.0	0.0	0.0	0.0	0.0	0.0	0.0	9.9846e-05	0.0	0.0	0.0	0.0	0.0	0.0	0.0	0.0	0.0	0.0	0.0	0.0	0.00122711	0.0	0.0	0.0	0.0	0.0	0.0	0.0	0.0	0.0	0.0	0.0	0.0	0.0	0.0	0.0	0.0	0.0	0.0	0.0	0.0	0.0	0.00010984299999999998	0.000165486	0.00116369	0.00796208	0.000167868	0.0	0.0	0.0	0.0	0.0	0.0	0.0	0.0	0.0	0.0	0.0	0.00047804300000000004	0.0	0.0	0.0	0.0	0.0	0.0	0.0	0.0	0.00025322699999999997	0.0008286980000000001	0.00205381	0.006463389999999999	0.00045562200000000004	0.0	0.0	0.0	0.0	0.0	0.0	0.0	0.0	0.0	0.0	0.0	0.0	0.0	0.0	0.0	0.0	0.0	0.0	0.0	0.0	0.0	0.0	0.0	0.00296377	0.0	0.0	0.0	0.0	0.0
Tbi-ARos_012_Ex1b_L4_clmp.r1r2_fastp	0.111787	0.186268	0.0224597	0.0	0.0108779	0.0	0.0	0.0	0.0	0.00019196300000000002	0.0	0.0	0.0	0.0	0.0	0.0	0.0	0.0	0.000127976	0.0	0.0	0.0	0.0	0.0	0.0	0.0	0.0	0.0	0.0	0.0	0.0	0.0	0.0	0.0	0.0	0.0	0.0	0.0	0.0	0.0	0.0	0.0	0.0	0.0	0.0	0.0	0.0	0.0	0.0	0.0	0.0	0.0	0.0	0.0	0.0	0.0	0.0	0.0	0.0	0.0	0.0	0.0	0.0	0.0	0.0	0.0	0.0	0.0	0.0	0.00115291	0.0	0.0	0.0	0.0	0.0	0.0	0.0	0.0	0.0	0.0	0.0	0.0	0.0	0.0	0.0	0.0	0.0	0.0	0.0	0.0	7.49588e-05	0.000377126	0.000303741	0.00145258	0.00900758	0.00023274899999999998	0.000156298	0.0	0.0	0.0	0.0	0.0	0.0	0.0	0.0	0.0	8.49533e-05	0.00042869399999999997	0.0	0.0	0.0	8.89852e-05	0.0	0.0	0.0	9.25725e-05	0.000560849	0.000755507	0.0028615999999999997	0.00838574	0.0007789749999999999	0.0	0.0	0.0	0.0	0.0	0.0	0.0	0.0	0.0	0.0	0.0	0.0	0.0	0.0	0.0	0.0	0.0	0.0	0.0	0.0	0.0	0.0	0.0	0.0036555900000000002	0.0	0.0	0.0	0.0	0.0
Tbi-ARos_013_Ex1b_L4_clmp.r1r2_fastp	0.133745	0.246314	0.0269401	0.0	0.015905199999999998	0.0	0.0	0.0	6.16479e-05	0.000339064	0.0	0.0	0.0	0.0	0.0	0.0	0.0	0.0	0.000277416	0.0	0.0	0.0	0.0	0.0	0.0	0.0	0.0	0.0	0.000215768	0.0	0.0	0.0	0.0	0.0	0.0	0.0	0.0	0.0	0.0	0.0	0.0	0.0	0.0	0.0	0.0	0.0	0.0	0.0	0.0	0.0	0.0	0.0	0.0	0.0	0.0	0.0	6.36462e-05	0.0	0.0	0.0	0.0	0.0	0.0	0.0	0.0	0.0	3.30174e-05	0.0	6.664210000000001e-05	0.0020759800000000003	0.0	3.3825600000000004e-05	0.0	0.0	0.0	3.46067e-05	0.0	0.0	0.0	0.0	0.0	0.0	0.0	0.0	0.0	0.0	0.0	0.00015179699999999998	0.0	7.73972e-05	7.821090000000001e-05	0.000592878	0.000319715	0.00181895	0.0113261	0.000206925	0.000167594	0.0	0.0	0.0	0.0	4.483e-05	0.0	0.0	0.0	0.0	4.83397e-05	0.000589531	0.0	0.0	0.0	0.000157878	0.0	5.4569e-05	0.0	5.66375e-05	0.000634874	0.0011775	0.00312195	0.00937435	0.000500441	0.0	0.0	0.0	0.0	0.0	0.0	0.0	0.0	0.0	0.0	0.0	0.0	0.0	0.0	0.0	0.0	0.0	0.0	0.0	0.0	0.0	0.0	0.0	0.00470075	0.0	0.0	0.0	0.0	0.0
Tbi-ARos_014_Ex1b_L4_clmp.r1r2_fastp	0.11764799999999999	0.194851	0.0240828	0.0	0.014749199999999999	0.0	0.0	0.0	0.0	0.000230457	0.0	0.0	0.0	0.0	0.0	0.0	0.0	0.0	0.0	0.0	0.0	0.0	0.0	0.0	0.0	0.0	0.0	0.0	0.0	0.0	0.0	0.0	0.0	0.0	0.0	0.0	0.0	0.0	0.0	0.0	0.0	0.0	0.0	0.0	0.0	0.0	0.0	0.0	0.0	0.0	0.0	0.0	0.0	0.0	0.0	0.0	0.00012113	0.0	0.0	0.0	0.0	0.0	0.0	0.0	0.0	0.0	0.0	0.0	0.0	0.00195301	0.0	0.0	0.0	0.0	0.0	0.0	0.0	0.0	0.0	0.0	0.0	0.0	0.0	0.0	0.000147812	0.0	0.0	0.000305196	0.0	0.0	0.0	0.000319457	0.000161585	0.00179938	0.0125842	0.000670553	0.0	0.0	0.0	0.0	0.0	0.0	0.0	0.0	0.0	0.0	0.00019468000000000003	0.000592418	0.0	0.0	0.0	0.000418967	0.0	0.0	0.0	0.0	0.000903404	0.0009173279999999999	0.00419152	0.0118263	0.00072088	0.0	0.0	0.0	0.0	0.0	0.0	0.0	0.0	0.0	0.0	0.0	0.0	0.0	0.0	0.0	0.0	0.0	0.0	0.0	0.0	0.0	0.0	0.0	0.00648382	0.0	0.0	0.0	0.0	0.0
Tbi-ARos_015_Ex1b_L4_clmp.r1r2_fastp	0.105931	0.198732	0.024257400000000002	0.0	0.00934688	0.0	0.0	0.0	0.0	0.000222545	0.0	0.0	0.0	0.0	0.0	0.0	0.0	0.0	0.000445089	0.0	0.0	0.0	0.0	0.0	0.0	0.0	0.0	0.0	0.0	0.0	0.0	0.0	0.0	0.0	0.0	0.0	0.0	0.0	0.0	0.0	0.0	0.0	0.0	0.0	0.0	0.0	0.0	0.0	0.0	0.0	0.0	0.0	0.0	0.0	0.0	0.0	0.0	0.0	0.0	0.0	0.0	0.0	0.0	0.0	0.0	0.0	0.0	0.0	0.0	0.0014927500000000002	0.0	0.0	0.0	0.0	0.0	0.0	0.0	0.0	0.0	0.0	0.0	0.0	0.0	0.0	0.0	0.0	0.0	0.0	0.0	0.0	0.0	0.0	0.0	0.00152108	0.00860717	0.0	0.00031390899999999997	0.0	0.0	0.0	0.0	0.0	0.0	0.0	0.0	0.0	0.0	0.000710505	0.0	0.0	0.0	0.0	0.0	0.0	0.0	0.0	0.0	0.0	0.0028539	0.0082659	0.00125592	0.0	0.0	0.0	0.0	0.0	0.0	0.0	0.0	0.0	0.0	0.0	0.0	0.0	0.0	0.0	0.0	0.0	0.0	0.0	0.0	0.0	0.0	0.0	0.00309469	0.0	0.0	0.0	0.0	0.0
Tbi-ARos_016_Ex1b_L4_clmp.r1r2_fastp	0.137724	0.22950700000000002	0.026335300000000002	0.0	0.0132652	0.0	0.0	0.0	9.75382e-05	9.75382e-05	0.0	0.0	0.0	0.0	0.0	0.0	0.0	0.0	0.0	0.0	0.0	0.0	0.0	0.0	0.0	0.0	0.0	0.0	9.75382e-05	0.0	0.0	0.0	0.0	0.0	0.0	0.0	0.0	0.0	0.0	0.0	0.0	0.0	0.0	0.0	0.0	0.0	0.0	0.0	0.0	0.0	0.0	0.0	0.0	0.0	0.0	0.0	9.90144e-05	0.0	0.0	0.0	0.0	0.0	0.0	0.0	0.0	0.0	0.0	0.0	0.0	0.00132428	0.0	0.0	0.0	0.0	0.0	0.0	0.0	0.0	0.0	0.0	0.0	0.0	0.0	0.0	0.0	0.0	0.0	0.0	0.0	0.0	0.0	0.000112786	0.00011352999999999999	0.00171464	0.0103639	0.000115969	0.000233762	0.0	0.0	0.0	0.0	0.0	0.0	0.0	0.0	0.0	0.000127459	0.000772263	0.000129962	0.0	0.0	0.0	0.0	0.0	0.0	0.00014007	0.00014172999999999999	0.00129022	0.00304736	0.00925118	0.00044618100000000003	0.0	0.0	0.0	0.0	0.0	0.0	0.0	0.0	0.0	0.0	0.0	0.0	0.0	0.0	0.0	0.0	0.0	0.0	0.0	0.0	0.0	0.0	0.0	0.0043238799999999996	0.0	0.0	0.0	0.0	0.0
Tbi-ARos_017_Ex1b_L4_clmp.r1r2_fastp	0.125632	0.202172	0.026036100000000003	0.0	0.013331700000000002	0.0	0.0	0.0	0.0	0.000156844	0.0	0.0	0.0	0.0	0.0	0.0	0.0	0.0	0.0	0.0	0.0	0.0	0.0	0.0	0.0	0.0	0.0	0.0	0.0	0.0	0.0	0.0	0.0	0.0	0.0	0.0	0.0	0.0	0.0	0.0	0.0	0.0	0.0	0.0	0.0	0.0	0.0	0.0	0.0	0.0	0.0	0.0	0.0	0.0	0.0	0.0	0.0	0.0	0.0	0.0	0.0	0.0	0.0	0.0	0.0	0.0	0.0	0.0	0.0	0.0011757199999999999	0.0	0.0	0.0	0.0	0.0	0.0	0.0	0.0	0.0	0.0	0.0	0.0	0.0	0.0	0.000181724	0.0	0.0	0.000185621	0.0	0.0	0.0	0.0	0.0	0.00233441	0.0129493	0.00039596	0.000199821	0.0	0.0	0.0	0.0	0.0	0.0	0.0	0.0	0.0	0.000221414	0.0008956299999999999	0.0	0.0	0.0	0.0	0.0	0.00048076600000000004	0.0	0.000246156	0.000249329	0.00100965	0.0030679500000000003	0.0111336	0.00052474	0.0	0.0	0.0	0.0	0.0	0.0	0.0	0.0	0.0	0.0	0.0	0.0	0.0	0.0	0.0	0.0	0.0	0.0	0.0	0.0	0.0	0.0	0.0	0.00463965	0.0	0.0	0.0	0.0	0.0
Tbi-ARos_018_Ex1b_L4_clmp.r1r2_fastp	0.11467999999999999	0.183073	0.0227978	0.0	0.012435199999999999	0.0	0.0	0.0	0.000230281	0.0	0.0	0.0	0.0	0.0	0.0	0.0	0.0	0.0	0.000230281	0.0	0.0	0.0	0.0	0.0	0.0	0.0	0.0	0.0	0.0	0.0	0.0	0.0	0.0	0.0	0.0	0.0	0.0	0.0	0.0	0.0	0.0	0.0	0.0	0.0	0.0	0.0	0.0	0.0	0.0	0.0	0.0	0.0	0.0	0.0	0.0	0.0	0.000237225	0.0	0.0	0.0	0.0	0.0	0.0	0.0	0.0	0.0	0.0	0.0	0.0	0.00123946	0.0	0.0	0.0	0.0	0.0	0.0	0.0	0.0	0.0	0.0	0.0	0.0	0.0	0.0	0.0	0.0	0.0	0.0	0.0	0.0	0.0	0.0	0.0	0.0014281600000000001	0.01037	0.0	0.0	0.0	0.0	0.0	0.0	0.0	0.0	0.0	0.0	0.0	0.0	0.000325164	0.0	0.0	0.0	0.0	0.0	0.0	0.0	0.000353946	0.0	0.00072317	0.0029254199999999998	0.007768140000000001	0.0	0.0	0.0	0.0	0.0	0.0	0.0	0.0	0.0	0.0	0.0	0.0	0.0	0.0	0.0	0.0	0.0	0.0	0.0	0.0	0.0	0.0	0.0	0.0	0.0046177100000000006	0.0	0.0	0.0	0.0	0.0
Tbi-ARos_019_Ex1b_L4_clmp.r1r2_fastp	0.118528	0.20210599999999998	0.0244617	0.0	0.014046999999999999	0.0	0.0	3.70632e-05	3.70632e-05	0.00011119000000000001	0.0	0.0	0.0	0.0	0.0	0.0	0.0	0.0	0.00011119000000000001	0.0	0.0	0.0	0.0	0.0	0.0	0.0	0.0	0.0	7.41264e-05	0.0	0.0	0.0	0.0	0.0	0.0	0.0	0.0	0.0	0.0	0.0	0.0	0.0	0.0	0.0	3.72458e-05	0.0	0.0	0.0	0.0	0.0	0.0	0.0	0.0	0.0	0.0	0.0	7.548199999999999e-05	0.0	0.0	0.0	0.0	0.0	0.0	0.0	0.0	0.0	0.0	3.85983e-05	0.0	0.0014355000000000001	0.0	0.0	0.0	0.0	0.0	0.0	0.0	0.0	0.0	0.0	0.0	0.0	0.0	0.0	0.0	0.0	0.0	0.000124431	0.0	4.1906699999999996e-05	4.2132800000000004e-05	0.000127091	8.52192e-05	0.00090001	0.0086667	0.00013014	8.7308e-05	0.0	0.0	0.0	0.0	0.0	0.0	0.0	0.0	0.0	0.0	0.000614421	0.0	0.0	0.0	0.0	0.0	0.0	0.0	0.0	0.00040811499999999996	0.000669381	0.00296275	0.0085014	0.000582949	5.3510399999999995e-05	0.0	0.0	0.0	0.0	0.0	0.0	0.0	0.0	0.0	0.0	0.0	0.0	0.0	0.0	0.0	0.0	0.0	0.0	0.0	0.0	0.0	0.0	0.00385245	0.0	0.0	0.0	0.0	0.0
Tbi-ARos_020_Ex1b_L4_clmp.r1r2_fastp	0.11234999999999999	0.199292	0.025715	0.0	0.0113269	0.0	0.0	0.0	0.0	0.000306132	0.0	0.0	0.0	0.0	0.0	0.0	0.0	0.0	0.0	0.0	0.0	0.0	0.0	0.0	0.0	0.0	0.0	0.0	0.0	0.0	0.0	0.0	0.0	0.0	0.0	0.0	0.0	0.0	0.0	0.0	0.0	0.0	0.0	0.0	0.0	0.0	0.0	0.0	0.0	0.0	0.0	0.0	0.0	0.0	0.0	0.0	0.0	0.0	0.0	0.0	0.0	0.0	0.0	0.0	0.0	0.0	0.0	0.0	0.0	0.00100705	0.0	0.0	0.0	0.0	0.0	0.0	0.0	0.0	0.0	0.0	0.0	0.0	0.0	0.0	0.0	0.0	0.0	0.0	0.0	0.0	0.0	0.0	0.0	0.00249791	0.0113848	0.0008543029999999999	0.000432769	0.0	0.0	0.0	0.0	0.00046310899999999996	0.0	0.0	0.0	0.0	0.0	0.00101542	0.0	0.0	0.0	0.000541044	0.0	0.0	0.0	0.000578774	0.000588866	0.00239623	0.00243911	0.0105466	0.00189205	0.0	0.0	0.0	0.0	0.0	0.0	0.0	0.0	0.0	0.0	0.0	0.0	0.0	0.0	0.0	0.0	0.0	0.0	0.0	0.0	0.0	0.0	0.0	0.00410227	0.0	0.0	0.0	0.0	0.0
Tbi-ARos_021_Ex1b_L4_clmp.r1r2_fastp	0.11836100000000001	0.204599	0.0265468	0.0	0.0137446	0.0	0.0	0.0	0.0	0.0	0.0	0.0	0.0	0.0	0.0	0.0	0.0	0.0	0.000157082	0.0	0.0	0.0	0.0	0.0	0.0	0.0	0.0	0.0	0.000157082	0.0	0.0	0.0	0.0	0.0	0.0	0.0	0.0	0.0	0.0	0.0	0.0	0.0	0.0	0.0	0.0	0.0	0.0	0.0	0.0	0.0	0.0	0.0	0.0	0.0	0.0	0.0	0.0	0.0	0.0	0.0	0.0	0.0	0.0	0.0	0.0	0.0	0.0	0.0	0.0	0.00134213	0.0	0.0	0.0	0.0	0.0	0.0	0.0	0.0	0.0	0.0	0.0	0.0	0.0	0.0	0.0	0.0	0.0	0.0	0.0	0.0	0.0	0.000191616	9.66629e-05	0.0009755510000000001	0.00915918	0.00019885999999999998	0.0	0.0	0.0	0.0	0.0	0.0	0.0	0.0	0.0	0.0	0.000112392	0.000341352	0.0	0.00011668199999999999	0.0	0.000119801	0.0	0.0	0.0	0.0	0.000513584	0.000390855	0.00198312	0.0077826399999999995	0.0008170549999999999	0.0	0.0	0.0	0.0	0.0	0.0	0.0	0.0	0.0	0.0	0.0	0.0	0.0	0.0	0.0	0.0	0.0	0.0	0.0	0.0	0.0	0.0	0.0	0.00251427	0.0	0.0	0.0	0.0	0.0
Tbi-ARos_022_Ex1b_L4_clmp.r1r2_fastp	0.117979	0.20982599999999998	0.0274958	0.0	0.0154055	0.0	0.0	0.0	0.0	0.0	0.0	0.0	0.0	0.0	0.0	0.0	0.0	0.0	0.0	0.0	0.0	0.0	0.0	0.0	0.0	0.0	0.0	0.0	0.0	0.0	0.0	0.0	0.0	0.0	0.0	0.0	0.0	0.0	0.0	0.0	0.0	0.0	0.0	0.0	0.0	0.0	0.0	0.0	0.0	0.0	0.0	0.0	0.0	0.0	0.0	0.0	0.0	0.0	0.0	0.0	0.0	0.0	0.0	0.0	0.0	0.0	0.0	0.0	0.0	0.00148507	0.0	0.0	0.0	0.0	0.0	0.0	0.0	0.0	0.0	0.0	0.0	0.0	0.0	0.0	0.0	0.0	0.0	0.0	0.0	0.0	0.0	0.0005044860000000001	0.0	0.00206329	0.00886738	0.000527852	0.000267114	0.0	0.0	0.0	0.0	0.0	0.0	0.0	0.0	0.0	0.0	0.00123988	0.0	0.0	0.0	0.0	0.0	0.0	0.0	0.0	0.000356619	0.00108728	0.00257991	0.009366560000000001	0.000381	0.0	0.0	0.0	0.0	0.0	0.0	0.0	0.0	0.0	0.0	0.0	0.0	0.0	0.0	0.0	0.0	0.0	0.0	0.0	0.0	0.0	0.0	0.0	0.00496478	0.0	0.0	0.0	0.0	0.0
Tbi-ARos_023_Ex1b_L4_clmp.r1r2_fastp	0.11642200000000001	0.18984	0.024915899999999998	0.0	0.012502300000000001	0.0	0.0	8.86688e-05	0.000266006	0.000177338	0.0	0.0	0.0	0.0	0.0	0.0	0.0	0.0	0.000177338	0.0	0.0	0.0	0.0	0.0	0.0	0.0	0.0	0.0	8.86688e-05	0.0	0.0	0.0	0.0	0.0	0.0	0.0	0.0	0.0	0.0	0.0	0.0	0.0	0.0	0.0	0.0	0.0	0.0	0.0	0.0	0.0	0.0	0.0	0.0	0.0	0.0	0.0	0.0	9.28415e-05	0.0	0.0	0.0	0.0	0.0	0.0	0.0	0.0	0.0	0.0	0.0	0.0013781000000000002	0.0	0.0	0.0	0.0	0.0	0.0	0.0	0.0	0.0	0.0	0.0	0.0	0.0	0.0	0.0	0.0	0.0	0.00022748900000000002	0.0	0.0	0.0	0.000594693	0.000361191	0.0018285900000000002	0.00864877	0.000375577	0.00025362	0.0	0.000130365	0.0	0.0	0.0	0.0	0.0	0.0	0.0	0.0	0.000898183	0.0	0.0	0.0	0.0	0.0	0.000166086	0.0	0.0	0.000350519	0.0008928440000000001	0.00109141	0.0059330699999999995	0.000188975	0.0	0.0	0.0	0.0	0.0	0.0	0.0	0.0	0.0	0.0	0.0	0.0	0.0	0.0	0.0	0.0	0.0	0.0	0.0	0.0	0.0	0.0	0.0	0.00226017	0.0	0.0	0.0	0.0	0.0
Tbi-ARos_024_Ex1b_L4_clmp.r1r2_fastp	0.11225600000000001	0.195846	0.0225048	0.0	0.0104487	0.0	0.0	0.0	0.000267915	0.000267915	0.0	0.0	0.0	0.0	0.0	0.0	0.0	0.0	0.00053583	0.0	0.0	0.0	0.0	0.0	0.0	0.0	0.0	0.0	0.0	0.0	0.0	0.0	0.0	0.0	0.0	0.0	0.0	0.0	0.0	0.0	0.0	0.0	0.0	0.0	0.0	0.0	0.0	0.0	0.0	0.0	0.0	0.0	0.0	0.0	0.0	0.0	0.0	0.0	0.0	0.0	0.0	0.0	0.0	0.0	0.0	0.0	0.0	0.0	0.0	0.00209136	0.0	0.0	0.0	0.0	0.0	0.0	0.0	0.0	0.0	0.0	0.0	0.0	0.0	0.0	0.0	0.0	0.0	0.000690589	0.0	0.000352771	0.0	0.0	0.0	0.0	0.00971226	0.0	0.0	0.0	0.0	0.0	0.0	0.0	0.0	0.0	0.0	0.0	0.0	0.0	0.0	0.0	0.0	0.0	0.0	0.0	0.0	0.0	0.00052219	0.0005315610000000001	0.00162494	0.00717055	0.0	0.0	0.0	0.0	0.0	0.0	0.0	0.0	0.0	0.0	0.0	0.0	0.0	0.0	0.0	0.0	0.0	0.0	0.0	0.0	0.0	0.0	0.0	0.0	0.00559357	0.0	0.0	0.0	0.0	0.0
Tbi-ARos_025_Ex1b_L4_clmp.r1r2_fastp	0.10091	0.221275	0.0282755	0.0	0.015564499999999998	0.0	0.0	0.0	0.0	0.0010376299999999999	0.0	0.0	0.0	0.0	0.0	0.0	0.0	0.0	0.0	0.0	0.0	0.0	0.0	0.0	0.0	0.0	0.0	0.0	0.0	0.0	0.0	0.0	0.0	0.0	0.0	0.0	0.0	0.0	0.0	0.0	0.0	0.0	0.0	0.0	0.0	0.0	0.0	0.0	0.0	0.0	0.0	0.0	0.0	0.0	0.0	0.0	0.0	0.0	0.0	0.0	0.0	0.0	0.0	0.0	0.0	0.0	0.0	0.0	0.0	0.00194651	0.0	0.0	0.0	0.0	0.0	0.0	0.0	0.0	0.0	0.0	0.0	0.0	0.0	0.0	0.0	0.0	0.0	0.0	0.0	0.0	0.0	0.000318137	0.0	0.00194384	0.0104602	0.0006602930000000001	0.0006666329999999999	0.0	0.0	0.0	0.0	0.0	0.0	0.0	0.0	0.0	0.0	0.000746344	0.0	0.0	0.0	0.0	0.0	0.0	0.0	0.00041026	0.0	0.0025244499999999997	0.00298507	0.0086408	0.000437417	0.0	0.0	0.0	0.0	0.0	0.0	0.0	0.0	0.0	0.0	0.0	0.0	0.0	0.0	0.0	0.0	0.0	0.0	0.0	0.0	0.0	0.0	0.0	0.00445233	0.0	0.0	0.0	0.0	0.0
Tbi-ARos_026_Ex1b_L4_clmp.r1r2_fastp	0.124183	0.20185	0.0250471	0.0	0.011786900000000001	0.0	0.0	0.0	0.0	0.00021048	0.0	0.0	0.0	0.0	0.0	0.0	0.0	0.0	0.0	0.0	0.0	0.0	0.0	0.0	0.0	0.0	0.0	0.0	0.0	0.0	0.0	0.0	0.0	0.0	0.0	0.0	0.0	0.0	0.0	0.0	0.0	0.0	0.0	0.0	0.0	0.0	0.0	0.0	0.0	0.0	0.0	0.0	0.0	0.0	0.0	0.0	0.00021587499999999998	0.0	0.0	0.0	0.0	0.0	0.0	0.0	0.0	0.0	0.0	0.0	0.0	0.0011327	0.0	0.0	0.0	0.0	0.0	0.0	0.0	0.0	0.0	0.0	0.0	0.0	0.0	0.0	0.0	0.0	0.0	0.0	0.0	0.0	0.0	0.000265097	0.0	0.00216412	0.0092962	0.0	0.0	0.0	0.0	0.0	0.0	0.0	0.0	0.00030404499999999997	0.0	0.0	0.0	0.000961252	0.0	0.0	0.0	0.0	0.0	0.0	0.0	0.0	0.0	0.000737509	0.00187137	0.00798112	0.0	0.0	0.0	0.0	0.0	0.0	0.0	0.0	0.0	0.0	0.0	0.0	0.0	0.0	0.0	0.0	0.0	0.0	0.0	0.0	0.0	0.0	0.0	0.0	0.0011996399999999999	0.0	0.0	0.0	0.0	0.0
Tbi-ARos_028_Ex1b_L4_clmp.r1r2_fastp	0.11737900000000001	0.186538	0.024269	0.0	0.0106276	0.0	0.0	0.0	0.000158621	0.000475862	0.0	0.0	0.0	0.0	0.0	0.0	0.0	0.0	0.000317241	0.0	0.0	0.0	0.0	0.0	0.0	0.0	0.0	0.0	0.000158621	0.0	0.0	0.0	0.0	0.0	0.0	0.0	0.0	0.0	0.0	0.0	0.0	0.0	0.0	0.0	0.00015947	0.0	0.0	0.0	0.0	0.0	0.0	0.0	0.0	0.0	0.0	0.0	0.000324386	0.0	0.0001629	0.0	0.0	0.0	0.0	0.0	0.0	0.0	0.0	0.0	0.0	0.00235295	0.0	0.0	0.0	0.0	0.0	0.0	0.0	0.0	0.0	0.0	0.0	0.0	0.0	0.0	0.0	0.0	0.0	0.0	0.0	0.0	0.0	0.00056202	0.000377277	0.00246906	0.00822658	0.000578187	0.0	0.0	0.0	0.0	0.0	0.0	0.0	0.0	0.0	0.0	0.00021073	0.00042515	0.0	0.0	0.0	0.0	0.0	0.0	0.0	0.0	0.0	0.00140251	0.00141684	0.00811036	0.000723411	0.0	0.0	0.0	0.0	0.0	0.0	0.0	0.0	0.0	0.0	0.0	0.0	0.0	0.0	0.0	0.0	0.0	0.0	0.0	0.0	0.0	0.0	0.0	0.0035055499999999996	0.0	0.0	0.0	0.0	0.0
Tbi-ARos_029_Ex1b_L4_clmp.r1r2_fastp	0.11659699999999999	0.197751	0.0225037	0.0	0.0102673	0.0	0.0	0.0	0.0	0.000140648	0.0	0.0	0.0	0.0	0.0	0.0	0.0	0.0	0.000281296	0.0	0.0	0.0	0.0	0.0	0.0	0.0	0.0	0.0	0.0	0.0	0.0	0.0	0.0	0.0	0.0	0.0	0.0	0.0	0.0	0.0	0.0	0.0	0.0	0.0	0.0	0.0	0.0	0.0	0.0	0.0	0.0	0.0	0.0	0.0	0.0	0.0	0.0	0.0	0.0	0.0	0.0	0.0	0.0	0.0	0.0	0.0	0.0	0.0	0.0	0.000442304	0.0	0.000148358	0.0	0.0	0.0	0.0	0.0	0.0	0.0	0.0	0.0	0.0	0.0	0.0	0.0	0.0	0.0	0.00015908399999999998	0.0	0.0	0.0	0.000162991	0.000164075	0.000991219	0.00699026	0.0005030400000000001	0.000337873	0.0	0.0	0.0	0.0	0.0	0.0	0.00017894200000000002	0.0	0.0	0.0	0.000556811	0.0	0.0	0.0	0.0	0.0	0.0	0.0	0.0	0.0	0.0008224819999999999	0.00228699	0.00609543	0.000212636	0.0	0.0	0.0	0.0	0.0	0.0	0.0	0.0	0.0	0.0	0.0	0.0	0.0	0.0	0.0	0.0	0.0	0.0	0.0	0.0	0.0	0.0	0.0	0.00417987	0.0	0.0	0.0	0.0	0.0
Tbi-ARos_030_Ex1b_L4_clmp.r1r2_fastp	0.12455700000000001	0.209345	0.0229605	0.0	0.0144816	0.0	0.0	0.0	0.000150068	0.00022510300000000002	0.0	0.0	0.0	0.0	0.0	0.0	0.0	0.0	7.50342e-05	0.0	0.0	0.0	0.0	0.0	0.0	0.0	0.0	0.0	7.50342e-05	0.0	0.0	0.0	0.0	0.0	0.0	0.0	0.0	0.0	0.0	0.0	0.0	0.0	0.0	0.0	0.0	0.0	0.0	0.0	0.0	0.0	0.0	0.0	0.0	0.0	0.0	0.0	7.73057e-05	0.0	0.0	0.0	0.0	0.0	0.0	0.0	0.0	0.0	0.0	0.0	0.0	0.00163129	0.0	0.0	0.0	0.0	0.0	0.0	0.0	0.0	0.0	0.0	0.0	0.0	0.0	0.0	0.0	0.0	0.0	9.29634e-05	0.0	9.48297e-05	9.582119999999999e-05	0.000581076	0.000391658	0.00148506	0.0116129	0.000405167	0.0	0.0	0.0	0.0	0.0	0.0	0.0	0.0	0.0	0.0	0.0	0.0005915019999999999	0.0	0.0	0.0	0.0	0.0	0.000258917	0.0	0.0	0.0005424270000000001	0.00151604	0.00266182	0.0112532	0.000144805	0.0	0.0	0.0	0.0	0.0	0.0	0.0	0.0	0.0	0.0	0.0	0.0	0.0	0.0	0.0	0.0	0.0	0.0	0.0	0.0	0.0	0.0	0.0	0.00524374	0.0	0.0	0.0	0.0	0.0
Tbi-ARos_032_Ex1b_L4_clmp.r1r2_fastp	0.114621	0.19611199999999998	0.024752	0.0	0.0159936	0.0	0.0	0.0	0.0001904	0.000571199	0.0	0.0	0.0	0.0	0.0	0.0	0.0	0.0	0.0001904	0.0	0.0	0.0	0.0	0.0	0.0	0.0	0.0	0.0	0.0	0.0	0.0	0.0	0.0	0.0	0.0	0.0	0.0	0.0	0.0	0.0	0.0	0.0	0.0	0.0	0.0	0.0	0.0	0.0	0.0	0.0	0.0	0.0	0.0	0.0	0.0	0.0	0.0	0.0	0.0	0.0	0.0	0.0	0.0	0.0	0.0	0.0	0.0	0.0	0.0	0.0010500400000000001	0.0	0.0	0.0	0.0	0.0	0.0	0.0	0.0	0.0	0.0	0.0	0.0	0.0	0.0	0.0	0.0	0.0	0.0	0.0	0.0	0.0	0.0	0.000253478	0.00128106	0.00829349	0.000262181	0.0	0.0	0.0	0.0	0.0	0.0	0.0	0.0	0.0	0.0	0.0	0.000306833	0.0	0.0	0.0	0.0	0.0	0.000335743	0.0	0.0	0.000352268	0.0010745	0.00327881	0.007774380000000001	0.0	0.0	0.0	0.0	0.0	0.0	0.0	0.0	0.0	0.0	0.0	0.0	0.0	0.0	0.0	0.0	0.0	0.0	0.0	0.0	0.0	0.0	0.0	0.0	0.00304952	0.0	0.0	0.0	0.0	0.0
Tbi-ARos_033_Ex1b_L4_clmp.r1r2_fastp	0.123452	0.197716	0.0217006	0.0	0.0149493	0.0	0.0	0.0	0.0	0.0	0.0	0.0	0.0	0.0	0.0	0.0	0.0	0.0	0.0	0.0	0.0	0.0	0.0	0.0	0.0	0.0	0.0	0.0	0.000482234	0.0	0.0	0.0	0.0	0.0	0.0	0.0	0.0	0.0	0.0	0.0	0.0	0.0	0.0	0.0	0.0	0.0	0.0	0.0	0.0	0.0	0.0	0.0	0.0	0.0	0.0	0.0	0.0	0.0	0.0	0.0	0.0	0.0	0.0	0.0	0.0	0.0	0.0	0.0	0.0	0.0005239089999999999	0.0	0.0	0.0	0.0	0.0	0.0	0.0	0.0	0.0	0.0	0.0	0.0	0.0	0.0	0.0	0.0	0.0	0.0	0.0	0.0	0.000615052	0.000621547	0.00125737	0.00190723	0.00899627	0.0	0.000657787	0.0	0.0	0.0	0.0	0.0	0.0	0.0	0.0	0.0	0.0	0.00152018	0.0	0.0	0.0	0.0	0.0	0.0	0.0	0.0	0.0	0.0	0.0017946599999999998	0.00638768	0.000927945	0.0	0.0	0.0	0.0	0.0	0.0	0.0	0.0	0.0	0.0	0.0	0.0	0.0	0.0	0.0	0.0	0.0	0.0	0.0	0.0	0.0	0.0	0.0	0.0014955699999999999	0.0	0.0	0.0	0.0	0.0
Tbi-CJos_001_Ex1_L4_clmp.r1r2_fastp	0.07809769999999999	0.11632999999999999	0.0152318	0.0	0.00673407	0.0	0.0	0.0	1.45759e-05	5.83036e-05	0.0	0.0	0.0	0.0	0.0	0.0	0.0	0.0	0.0	0.0	0.0	0.0	0.0	0.0	0.0	0.0	0.0	0.0	4.37277e-05	0.0	0.0	0.0	0.0	0.0	0.0	0.0	0.0	0.0	0.0	0.0	0.0	0.0	0.0	0.0	0.0	0.0	0.0	0.0	0.0	0.0	0.0	0.0	0.0	0.0	0.0	0.0	1.46624e-05	1.4668599999999999e-05	0.0	0.0	0.0	0.0	0.0	0.0	0.0	0.0	0.0	0.0	0.0	0.000561064	0.0	0.0	0.0	0.0	0.0	0.0	0.0	0.0	0.0	0.0	0.0	0.0	0.0	0.0	0.0	0.0	0.0	1.5005800000000001e-05	0.0	0.0	0.0	4.5293799999999997e-05	3.02493e-05	0.000666705	0.00453935	6.0848700000000006e-05	3.04891e-05	0.0	1.53134e-05	0.0	0.0	0.0	0.0	0.0	0.0	0.0	0.0	0.000156932	0.0	0.0	0.0	1.59014e-05	0.0	0.0	0.0	1.61349e-05	0.000210559	0.000357721	0.00133859	0.00450724	0.000329135	0.0	0.0	0.0	0.0	0.0	0.0	0.0	0.0	0.0	0.0	0.0	0.0	0.0	0.0	0.0	0.0	0.0	0.0	0.0	0.0	0.0	0.0	0.0	0.00178096	0.0	0.0	0.0	0.0	0.0
Tbi-CJos_004_Ex1_L4_clmp.r1r2_fastp	0.07323930000000001	0.117402	0.0134354	0.0	0.006170119999999999	0.0	0.0	0.0	1.54253e-05	4.62759e-05	0.0	0.0	0.0	0.0	0.0	0.0	0.0	0.0	0.0	0.0	0.0	0.0	0.0	0.0	0.0	0.0	0.0	0.0	1.54253e-05	0.0	0.0	0.0	0.0	0.0	0.0	0.0	0.0	0.0	0.0	0.0	0.0	0.0	0.0	0.0	0.0	0.0	0.0	0.0	0.0	0.0	0.0	0.0	0.0	0.0	0.0	0.0	1.55106e-05	0.0	0.0	0.0	0.0	0.0	0.0	0.0	0.0	0.0	0.0	0.0	0.0	0.000218381	0.0	0.0	0.0	0.0	0.0	0.0	0.0	0.0	0.0	0.0	0.0	0.0	0.0	0.0	0.0	0.0	0.0	1.58e-05	0.0	0.0	0.0	3.1747e-05	1.5894e-05	0.000620702	0.0045902799999999995	6.38495e-05	3.19743e-05	0.0	0.0	0.0	0.0	0.0	0.0	0.0	0.0	0.0	0.0	0.00016331699999999998	0.0	0.0	0.0	0.0	0.0	0.0	0.0	0.0	0.000217261	0.000385474	0.00139509	0.00414706	0.000388879	0.0	0.0	0.0	0.0	0.0	0.0	0.0	0.0	0.0	0.0	0.0	0.0	0.0	0.0	0.0	0.0	0.0	0.0	0.0	0.0	0.0	0.0	0.0	0.0019448100000000002	0.0	0.0	0.0	0.0	0.0
Tbi-CJos_005_Ex1_L4_clmp.r1r2_fastp	0.0731059	0.12073400000000001	0.0150016	0.0	0.0067185000000000005	0.0	0.0	0.0	3.06781e-05	4.60171e-05	0.0	0.0	0.0	0.0	0.0	0.0	0.0	0.0	0.0	0.0	0.0	0.0	0.0	0.0	0.0	0.0	0.0	0.0	3.06781e-05	0.0	0.0	0.0	0.0	0.0	0.0	0.0	0.0	0.0	0.0	0.0	0.0	0.0	0.0	0.0	1.53697e-05	0.0	0.0	0.0	0.0	0.0	0.0	0.0	0.0	0.0	0.0	0.0	0.0	0.0	0.0	0.0	0.0	0.0	0.0	0.0	0.0	0.0	0.0	0.0	0.0	0.00049619	0.0	0.0	0.0	0.0	0.0	0.0	0.0	0.0	0.0	0.0	0.0	0.0	0.0	0.0	0.0	0.0	0.0	0.0	0.0	1.57572e-05	1.57779e-05	4.73994e-05	0.0	0.000570469	0.00472985	4.76932e-05	1.59246e-05	0.0	0.0	0.0	0.0	0.0	0.0	1.61499e-05	0.0	0.0	0.0	0.000195678	0.0	0.0	0.0	3.29712e-05	0.0	3.31622e-05	0.0	3.33659e-05	0.000167358	0.0005708379999999999	0.00139799	0.00444439	0.000305193	0.0	0.0	0.0	0.0	0.0	0.0	0.0	0.0	0.0	0.0	0.0	0.0	0.0	0.0	0.0	0.0	0.0	0.0	0.0	0.0	0.0	0.0	0.0	0.00172281	0.0	0.0	0.0	0.0	0.0
Tbi-CJos_006_Ex1_L4_clmp.r1r2_fastp	0.0716739	0.11421100000000001	0.0153271	0.0	0.00673128	0.0	0.0	0.0	3.16023e-05	0.000158011	0.0	0.0	0.0	0.0	0.0	0.0	0.0	0.0	0.0	0.0	0.0	0.0	0.0	0.0	0.0	0.0	0.0	0.0	3.16023e-05	0.0	0.0	0.0	0.0	0.0	0.0	0.0	0.0	0.0	0.0	0.0	0.0	0.0	0.0	0.0	0.0	0.0	0.0	0.0	0.0	0.0	0.0	0.0	0.0	0.0	0.0	0.0	0.0	0.0	0.0	0.0	0.0	0.0	0.0	0.0	0.0	0.0	0.0	0.0	0.0	0.000383188	0.0	0.0	0.0	0.0	0.0	0.0	0.0	0.0	0.0	0.0	0.0	0.0	0.0	0.0	0.0	0.0	0.0	3.23298e-05	0.0	3.23979e-05	0.0	0.0	3.25139e-05	0.0006186179999999999	0.0048906999999999996	6.53058e-05	6.54048e-05	0.0	0.0	0.0	0.0	0.0	0.0	0.0	0.0	0.0	3.33185e-05	0.000133561	0.0	0.0	0.0	0.0	0.0	0.0	0.0	0.0	0.00023913799999999999	0.00044533500000000005	0.0011337399999999998	0.00430697	0.000345593	0.0	0.0	0.0	0.0	0.0	0.0	0.0	0.0	0.0	0.0	0.0	0.0	0.0	0.0	0.0	0.0	0.0	0.0	0.0	0.0	0.0	0.0	0.0	0.00186537	0.0	0.0	0.0	0.0	0.0
Tbi-CJos_007_Ex1_L4_clmp.r1r2_fastp	0.0732372	0.12001099999999999	0.0146015	0.0	0.00688481	0.0	0.0	0.0	0.0	4.30301e-05	0.0	0.0	0.0	0.0	0.0	0.0	0.0	0.0	0.0	0.0	0.0	0.0	0.0	0.0	0.0	0.0	0.0	0.0	4.30301e-05	0.0	0.0	0.0	0.0	0.0	0.0	0.0	0.0	0.0	0.0	0.0	0.0	0.0	0.0	0.0	0.0	0.0	0.0	0.0	0.0	0.0	0.0	0.0	0.0	0.0	0.0	0.0	1.4429300000000001e-05	1.4434599999999999e-05	0.0	0.0	0.0	0.0	0.0	0.0	0.0	0.0	0.0	0.0	0.0	0.000493533	0.0	1.45315e-05	0.0	0.0	0.0	0.0	0.0	0.0	0.0	0.0	0.0	0.0	0.0	0.0	0.0	0.0	0.0	0.0	1.4728e-05	0.0	1.4763600000000002e-05	0.000118262	1.4803e-05	0.000607783	0.00436469	8.921479999999999e-05	5.95727e-05	0.0	0.0	0.0	0.0	0.0	0.0	1.50928e-05	0.0	1.51588e-05	3.0386599999999998e-05	0.000197977	0.0	0.0	0.0	1.5386200000000002e-05	0.0	7.73531e-05	0.0	0.0	0.000124854	0.000438332	0.000989254	0.0037644600000000003	0.000268609	0.0	0.0	0.0	0.0	0.0	0.0	0.0	0.0	0.0	0.0	0.0	0.0	0.0	0.0	0.0	0.0	0.0	0.0	0.0	0.0	0.0	0.0	0.0	0.0016308100000000001	0.0	0.0	0.0	0.0	0.0
Tbi-CJos_008_Ex1_L4_clmp.r1r2_fastp	0.0745126	0.115296	0.014800800000000001	0.0	0.00690317	0.0	0.0	0.0	2.31262e-05	8.094169999999999e-05	0.0	0.0	0.0	0.0	0.0	0.0	0.0	0.0	2.31262e-05	0.0	0.0	0.0	0.0	0.0	0.0	0.0	0.0	0.0	6.93786e-05	0.0	0.0	0.0	0.0	0.0	0.0	0.0	0.0	0.0	0.0	0.0	0.0	0.0	0.0	0.0	0.0	0.0	0.0	0.0	0.0	0.0	0.0	0.0	0.0	0.0	0.0	0.0	1.16285e-05	1.16328e-05	0.0	0.0	0.0	0.0	0.0	0.0	0.0	0.0	0.0	0.0	0.0	0.00057337	0.0	0.0	0.0	0.0	0.0	0.0	0.0	0.0	0.0	0.0	0.0	0.0	0.0	0.0	0.0	0.0	0.0	1.18802e-05	0.0	1.19117e-05	0.0	2.38933e-05	1.1965399999999999e-05	0.000515386	0.00500669	3.60831e-05	2.41013e-05	0.0	0.0	0.0	0.0	0.0	0.0	0.0	0.0	0.0	1.2333500000000001e-05	0.000272085	0.0	1.24395e-05	0.0	1.25154e-05	0.0	3.7784600000000004e-05	0.0	0.0	0.000203547	0.000408492	0.00157574	0.00452551	0.000245168	0.0	0.0	0.0	0.0	0.0	0.0	0.0	0.0	0.0	0.0	0.0	0.0	0.0	0.0	0.0	0.0	0.0	0.0	0.0	0.0	0.0	0.0	0.0	0.00216311	0.0	0.0	0.0	0.0	0.0
Tbi-CJos_009_Ex1_L4_clmp.r1r2_fastp	0.0767122	0.12295500000000001	0.0156	0.0	0.0073338399999999995	0.0	0.0	0.0	9.61185e-06	5.7671100000000004e-05	0.0	0.0	0.0	0.0	0.0	0.0	0.0	0.0	9.61185e-06	0.0	0.0	0.0	0.0	0.0	0.0	0.0	0.0	0.0	5.7671100000000004e-05	0.0	0.0	0.0	0.0	0.0	0.0	0.0	0.0	0.0	0.0	0.0	0.0	0.0	0.0	0.0	0.0	0.0	0.0	0.0	0.0	0.0	0.0	0.0	0.0	0.0	0.0	0.0	0.0	0.0	0.0	0.0	0.0	0.0	0.0	0.0	0.0	0.0	0.0	0.0	0.0	0.000428421	0.0	0.0	0.0	0.0	0.0	0.0	0.0	0.0	0.0	0.0	0.0	0.0	0.0	0.0	0.0	0.0	0.0	9.88716e-06	0.0	9.91344e-06	0.0	9.94287e-05	4.979500000000001e-05	0.000628475	0.00496671	3.00354e-05	1.00312e-05	0.0	0.0	0.0	0.0	0.0	0.0	2.03814e-05	0.0	0.0	3.08146e-05	0.000236906	0.0	0.0	0.0	4.17008e-05	0.0	4.19725e-05	0.0	2.1129499999999998e-05	0.00020142600000000002	0.0004893930000000001	0.0016976399999999998	0.004521900000000001	0.000279644	0.0	0.0	0.0	0.0	0.0	0.0	0.0	0.0	0.0	0.0	0.0	0.0	0.0	0.0	0.0	0.0	0.0	0.0	0.0	0.0	0.0	0.0	0.0	0.00217132	0.0	0.0	0.0	0.0	0.0
Tbi-CJos_010_Ex1_L4_clmp.r1r2_fastp	0.073792	0.11619499999999999	0.014717699999999998	0.0	0.0067009700000000005	0.0	0.0	0.0	1.3564699999999999e-05	5.42589e-05	0.0	0.0	0.0	0.0	0.0	0.0	0.0	0.0	0.0	0.0	0.0	0.0	0.0	0.0	0.0	0.0	0.0	0.0	2.7129399999999998e-05	0.0	0.0	0.0	0.0	0.0	0.0	0.0	0.0	0.0	0.0	0.0	0.0	0.0	0.0	0.0	0.0	0.0	0.0	0.0	0.0	0.0	0.0	0.0	0.0	0.0	0.0	0.0	0.0	1.36346e-05	0.0	0.0	0.0	0.0	0.0	0.0	0.0	0.0	0.0	0.0	0.0	0.000274019	0.0	0.0	0.0	0.0	0.0	0.0	0.0	0.0	0.0	0.0	0.0	0.0	0.0	0.0	0.0	0.0	0.0	0.0	0.0	0.0	0.0	1.39404e-05	1.3958699999999999e-05	0.000461297	0.00418552	1.4019599999999999e-05	1.40414e-05	0.0	0.0	0.0	0.0	0.0	0.0	0.0	0.0	0.0	0.0	0.000172238	0.0	0.0	0.0	0.0	0.0	4.37274e-05	0.0	2.9316200000000002e-05	0.000264623	0.000353879	0.00124224	0.0039755400000000005	0.000282727	0.0	0.0	0.0	0.0	0.0	0.0	0.0	0.0	0.0	0.0	0.0	0.0	0.0	0.0	0.0	0.0	0.0	0.0	0.0	0.0	0.0	0.0	0.0	0.00174808	0.0	0.0	0.0	0.0	0.0
Tbi-CJos_011_Ex1_L4_clmp.r1r2_fastp	0.0721353	0.121237	0.014820799999999999	0.0	0.0071069900000000005	0.0	0.0	0.0	1.34858e-05	6.742880000000001e-05	0.0	0.0	0.0	0.0	0.0	0.0	0.0	0.0	1.34858e-05	0.0	0.0	0.0	0.0	0.0	0.0	0.0	0.0	0.0	4.04573e-05	0.0	0.0	0.0	0.0	0.0	0.0	0.0	0.0	0.0	0.0	0.0	0.0	0.0	0.0	0.0	0.0	0.0	0.0	0.0	0.0	0.0	0.0	0.0	0.0	0.0	0.0	0.0	1.35694e-05	0.0	0.0	0.0	0.0	0.0	0.0	0.0	0.0	0.0	0.0	0.0	0.0	0.000314099	0.0	0.0	0.0	0.0	0.0	0.0	0.0	0.0	0.0	0.0	0.0	0.0	0.0	0.0	0.0	0.0	0.0	0.0	0.0	0.0	0.0	4.17584e-05	4.1818e-05	0.000698029	0.00510359	7.00271e-05	2.8059099999999997e-05	0.0	0.0	0.0	0.0	0.0	0.0	0.0	0.0	0.0	1.43259e-05	0.000272879	0.0	1.44355e-05	0.0	1.45153e-05	0.0	5.8393e-05	0.0	4.40546e-05	0.000265152	0.00042853899999999997	0.00155659	0.00440236	0.000164138	0.0	0.0	0.0	0.0	0.0	0.0	0.0	0.0	0.0	0.0	0.0	0.0	0.0	0.0	0.0	0.0	0.0	0.0	0.0	0.0	0.0	0.0	0.0	0.00197645	0.0	0.0	0.0	0.0	0.0
Tbi-CJos_012_Ex1_L4_clmp.r1r2_fastp	0.0743083	0.12125	0.0146764	0.0	0.00663467	0.0	0.0	0.0	0.0	2.6716799999999998e-05	0.0	0.0	0.0	0.0	0.0	0.0	0.0	0.0	4.4528e-05	0.0	0.0	0.0	0.0	0.0	0.0	0.0	0.0	0.0	2.6716799999999998e-05	0.0	0.0	0.0	0.0	0.0	0.0	0.0	0.0	0.0	0.0	0.0	0.0	0.0	0.0	0.0	8.92496e-06	0.0	0.0	0.0	0.0	0.0	0.0	0.0	0.0	0.0	0.0	0.0	8.95436e-06	0.0	0.0	0.0	0.0	0.0	0.0	0.0	0.0	0.0	0.0	0.0	9.00159e-06	0.000522372	0.0	0.0	0.0	0.0	0.0	0.0	0.0	0.0	0.0	0.0	0.0	0.0	0.0	0.0	0.0	0.0	0.0	9.12994e-06	9.14038e-06	9.151290000000001e-06	9.16299e-06	6.42262e-05	2.7564299999999996e-05	0.00046927	0.00475512	1.84601e-05	0.0	0.0	0.0	0.0	0.0	0.0	0.0	0.0	0.0	0.0	1.8869200000000002e-05	0.000151321	0.0	0.0	0.0	0.0	0.0	2.88249e-05	0.0	1.9327599999999998e-05	0.00022292499999999998	0.000466636	0.00140417	0.00427442	0.00035323200000000004	9.84373e-06	0.0	0.0	0.0	0.0	0.0	0.0	0.0	0.0	0.0	0.0	0.0	0.0	0.0	0.0	0.0	0.0	0.0	0.0	0.0	0.0	0.0	0.0	0.0022977799999999997	0.0	0.0	0.0	0.0	0.0
Tbi-CJos_013_Ex1_L4_clmp.r1r2_fastp	0.07484199999999999	0.120086	0.0150401	0.0	0.00641927	0.0	0.0	0.0	3.71056e-05	1.2368500000000002e-05	0.0	0.0	0.0	0.0	0.0	0.0	0.0	0.0	1.2368500000000002e-05	0.0	0.0	0.0	0.0	0.0	0.0	0.0	0.0	0.0	3.71056e-05	0.0	0.0	0.0	0.0	0.0	0.0	0.0	0.0	0.0	0.0	0.0	0.0	0.0	0.0	0.0	0.0	0.0	0.0	0.0	0.0	0.0	0.0	0.0	0.0	0.0	0.0	0.0	2.48799e-05	0.0	0.0	0.0	0.0	0.0	0.0	0.0	0.0	0.0	0.0	0.0	0.0	0.000438123	0.0	0.0	0.0	0.0	0.0	0.0	0.0	0.0	0.0	0.0	0.0	0.0	0.0	0.0	0.0	0.0	0.0	0.0	0.0	0.0	0.0	1.27644e-05	2.5566699999999997e-05	0.000768193	0.0044756399999999995	1.28462e-05	1.28695e-05	0.0	0.0	0.0	0.0	1.29997e-05	0.0	0.0	0.0	0.0	3.94643e-05	9.23242e-05	0.0	0.0	0.0	0.0	0.0	2.6835300000000004e-05	0.0	0.0	0.000230314	0.000502985	0.00120029	0.00414722	0.00032963800000000004	0.0	0.0	0.0	0.0	0.0	0.0	0.0	0.0	0.0	0.0	0.0	0.0	0.0	0.0	0.0	0.0	0.0	0.0	0.0	0.0	0.0	0.0	0.0	0.00175378	0.0	0.0	0.0	0.0	0.0
Tbi-CJos_014_Ex1_L4_clmp.r1r2_fastp	0.0747979	0.11439899999999999	0.014371300000000002	0.0	0.00646816	0.0	0.0	0.0	0.0	7.13925e-05	0.0	0.0	0.0	0.0	0.0	0.0	0.0	0.0	0.0	0.0	0.0	0.0	0.0	0.0	0.0	0.0	0.0	0.0	3.56962e-05	0.0	0.0	0.0	0.0	0.0	0.0	0.0	0.0	0.0	0.0	0.0	0.0	0.0	0.0	0.0	7.154440000000001e-06	0.0	0.0	0.0	0.0	0.0	0.0	0.0	0.0	0.0	0.0	0.0	2.15343e-05	7.180580000000001e-06	0.0	0.0	0.0	0.0	0.0	0.0	0.0	0.0	0.0	0.0	0.0	0.000382601	0.0	0.0	7.2306199999999996e-06	0.0	0.0	0.0	0.0	0.0	0.0	0.0	0.0	0.0	0.0	0.0	0.0	0.0	0.0	7.31349e-06	0.0	0.0	0.0	2.2044e-05	2.9430500000000002e-05	0.000626273	0.00484049	6.65122e-05	1.48045e-05	0.0	0.0	0.0	0.0	0.0	0.0	0.0	0.0	0.0	0.0	0.00019676899999999999	0.0	0.0	0.0	0.0	0.0	1.53719e-05	0.0	1.54596e-05	0.00014729900000000001	0.000505412	0.0014583999999999999	0.00424769	0.000376646	7.872029999999999e-06	0.0	0.0	0.0	0.0	0.0	0.0	0.0	0.0	0.0	0.0	0.0	0.0	0.0	0.0	0.0	0.0	0.0	0.0	0.0	0.0	0.0	0.0	0.00190268	0.0	0.0	0.0	0.0	0.0
Tbi-CJos_015_Ex1_L4_clmp.r1r2_fastp	0.0723332	0.11695	0.0143153	0.0	0.006889630000000001	0.0	0.0	0.0	1.57657e-05	7.882869999999999e-05	0.0	0.0	0.0	0.0	0.0	0.0	0.0	0.0	1.57657e-05	0.0	0.0	0.0	0.0	0.0	0.0	0.0	0.0	0.0	1.57657e-05	0.0	0.0	0.0	0.0	0.0	0.0	0.0	0.0	0.0	0.0	0.0	0.0	0.0	0.0	0.0	0.0	0.0	0.0	0.0	0.0	0.0	0.0	0.0	0.0	0.0	0.0	0.0	3.1717599999999996e-05	1.58649e-05	0.0	0.0	0.0	0.0	0.0	0.0	0.0	0.0	0.0	0.0	0.0	0.000478655	0.0	0.0	0.0	0.0	0.0	1.6013399999999998e-05	0.0	0.0	0.0	0.0	0.0	0.0	0.0	0.0	0.0	0.0	3.2319799999999995e-05	3.2355e-05	0.0	1.62151e-05	0.0	6.50301e-05	3.25604e-05	0.000505426	0.00465411	3.2713500000000005e-05	1.63847e-05	0.0	0.0	0.0	0.0	0.0	0.0	0.0	0.0	0.0	1.67248e-05	0.000134121	0.0	0.0	0.0	0.0	0.0	5.11125e-05	0.0	3.42786e-05	0.000137534	0.00024143700000000003	0.0012975299999999999	0.00418283	0.000139306	0.0	0.0	0.0	0.0	0.0	0.0	0.0	0.0	0.0	0.0	0.0	0.0	0.0	0.0	0.0	0.0	0.0	0.0	0.0	0.0	0.0	0.0	0.0	0.00197702	0.0	0.0	0.0	0.0	0.0
Tbi-CJos_016_Ex1_L4_clmp.r1r2_fastp	0.0760914	0.11882100000000001	0.014645000000000002	0.0	0.00629421	0.0	0.0	0.0	0.0	4.1546e-05	0.0	0.0	0.0	0.0	0.0	0.0	0.0	0.0	0.0	0.0	0.0	0.0	0.0	0.0	0.0	0.0	0.0	0.0	2.0773e-05	0.0	0.0	0.0	0.0	0.0	0.0	0.0	0.0	0.0	0.0	0.0	0.0	0.0	0.0	0.0	0.0	0.0	0.0	0.0	0.0	0.0	0.0	0.0	0.0	0.0	0.0	0.0	0.0	0.0	0.0	0.0	0.0	0.0	0.0	0.0	0.0	0.0	0.0	0.0	0.0	0.000293901	0.0	0.0	0.0	0.0	0.0	0.0	0.0	0.0	0.0	0.0	0.0	0.0	0.0	0.0	0.0	0.0	0.0	0.0	0.0	0.0	0.0	4.27445e-05	4.28028e-05	0.0006644110000000001	0.0048297999999999995	4.30004e-05	2.1536e-05	0.0	0.0	0.0	0.0	0.0	0.0	0.0	0.0	0.0	2.19854e-05	0.00024244500000000001	0.0	2.21549e-05	0.0	0.0	0.0	4.4814599999999996e-05	0.0	4.50848e-05	0.00015827999999999998	0.000544401	0.0015929700000000002	0.00458903	0.00045816000000000005	0.0	0.0	0.0	0.0	0.0	0.0	0.0	0.0	0.0	0.0	0.0	0.0	0.0	0.0	0.0	0.0	0.0	0.0	0.0	0.0	0.0	0.0	0.0	0.0018409700000000001	0.0	0.0	0.0	0.0	0.0
Tbi-CJos_017_Ex1_L4_clmp.r1r2_fastp	0.0743355	0.114334	0.0149553	0.0	0.0066026999999999995	0.0	0.0	0.0	1.4705399999999998e-05	0.0	0.0	0.0	0.0	0.0	0.0	0.0	0.0	0.0	2.94107e-05	0.0	0.0	0.0	0.0	0.0	0.0	0.0	0.0	0.0	2.94107e-05	0.0	0.0	0.0	0.0	0.0	0.0	0.0	0.0	0.0	0.0	0.0	0.0	0.0	0.0	0.0	0.0	0.0	0.0	0.0	0.0	0.0	0.0	0.0	0.0	0.0	0.0	0.0	2.95538e-05	0.0	0.0	0.0	0.0	0.0	0.0	0.0	0.0	0.0	0.0	0.0	0.0	0.000297264	0.0	0.0	0.0	0.0	0.0	0.0	0.0	0.0	0.0	0.0	0.0	0.0	0.0	0.0	0.0	0.0	0.0	3.0169100000000002e-05	0.0	0.0	1.5146499999999998e-05	3.0338499999999998e-05	6.07727e-05	0.000593526	0.00413149	4.58207e-05	3.06059e-05	0.0	0.0	0.0	0.0	0.0	0.0	0.0	0.0	0.0	1.56713e-05	0.000298594	0.0	1.58088e-05	0.0	3.18172e-05	0.0	0.0	0.0	3.22508e-05	0.00017800999999999998	0.00034106699999999997	0.0014181900000000002	0.00395927	0.00024635300000000005	0.0	0.0	0.0	0.0	0.0	0.0	0.0	0.0	0.0	0.0	0.0	0.0	0.0	0.0	0.0	0.0	0.0	0.0	0.0	0.0	0.0	0.0	0.0	0.0018391	0.0	0.0	0.0	0.0	0.0
Tbi-CJos_018_Ex1_L4_clmp.r1r2_fastp	0.07344959999999999	0.122436	0.0147142	0.0	0.00641852	0.0	0.0	0.0	0.0	6.05521e-05	0.0	0.0	0.0	0.0	0.0	0.0	0.0	0.0	6.05521e-05	0.0	0.0	0.0	0.0	0.0	0.0	0.0	0.0	0.0	0.0	0.0	0.0	0.0	0.0	0.0	0.0	0.0	0.0	0.0	0.0	0.0	0.0	0.0	0.0	0.0	0.0	0.0	0.0	0.0	0.0	0.0	0.0	0.0	0.0	0.0	0.0	0.0	0.0	0.0	0.0	0.0	0.0	0.0	0.0	0.0	0.0	0.0	0.0	0.0	0.0	0.00045899900000000003	0.0	0.0	0.0	0.0	0.0	0.0	0.0	0.0	0.0	0.0	0.0	0.0	0.0	0.0	0.0	0.0	0.0	0.0	0.0	3.10549e-05	0.0	3.1130399999999996e-05	3.11702e-05	0.000624302	0.0038136100000000003	0.0	3.13545e-05	0.0	0.0	0.0	0.0	0.0	0.0	0.0	0.0	0.0	0.0	0.000192149	0.0	0.0	0.0	0.0	0.0	0.0	0.0	3.26834e-05	0.000131103	0.000328702	0.00105485	0.00363704	0.00019897199999999998	0.0	0.0	0.0	0.0	0.0	0.0	0.0	0.0	0.0	0.0	0.0	0.0	0.0	0.0	0.0	0.0	0.0	0.0	0.0	0.0	0.0	0.0	0.0	0.00168192	0.0	0.0	0.0	0.0	0.0
Tbi-CJos_020_Ex1_L4_clmp.r1r2_fastp	0.0737608	0.117988	0.014767	0.0	0.00661098	0.0	0.0	0.0	2.9712299999999997e-05	4.45684e-05	0.0	0.0	0.0	0.0	0.0	0.0	0.0	0.0	0.0	0.0	0.0	0.0	0.0	0.0	0.0	0.0	0.0	0.0	5.9424599999999993e-05	0.0	0.0	0.0	0.0	0.0	0.0	0.0	0.0	0.0	0.0	0.0	0.0	0.0	0.0	0.0	0.0	0.0	0.0	0.0	0.0	0.0	0.0	0.0	0.0	0.0	0.0	0.0	1.4941000000000001e-05	1.49467e-05	1.49523e-05	0.0	0.0	0.0	0.0	0.0	0.0	0.0	0.0	0.0	0.0	0.000330653	0.0	0.0	0.0	0.0	0.0	0.0	0.0	0.0	0.0	0.0	0.0	0.0	0.0	0.0	0.0	0.0	0.0	0.0	0.0	0.0	0.0	7.65804e-05	3.06758e-05	0.00052225	0.00490776	0.00012328300000000002	3.08737e-05	0.0	0.0	0.0	0.0	0.0	0.0	1.5655300000000002e-05	0.0	0.0	0.0	0.000205472	0.0	0.0	0.0	1.59767e-05	0.0	6.42835e-05	0.0	0.0	0.000178413	0.00040676300000000004	0.0013385	0.00415996	0.00024649599999999997	1.64894e-05	0.0	0.0	0.0	0.0	0.0	0.0	0.0	0.0	0.0	0.0	0.0	0.0	0.0	0.0	0.0	0.0	0.0	0.0	0.0	0.0	0.0	0.0	0.00174497	0.0	0.0	0.0	0.0	0.0
Tbi-CJos_022_Ex1_L4_clmp.r1r2_fastp	0.0741974	0.121052	0.0152228	0.0	0.00724634	0.0	0.0	0.0	0.0	7.3011e-05	0.0	0.0	0.0	0.0	0.0	0.0	0.0	0.0	0.0	0.0	0.0	0.0	0.0	0.0	0.0	0.0	0.0	0.0	3.65055e-05	0.0	0.0	0.0	0.0	0.0	0.0	0.0	0.0	0.0	0.0	0.0	0.0	0.0	0.0	0.0	0.0	0.0	0.0	0.0	0.0	0.0	0.0	0.0	0.0	0.0	0.0	0.0	0.0	1.83641e-05	0.0	0.0	0.0	0.0	0.0	0.0	0.0	0.0	0.0	0.0	0.0	0.00042503200000000005	0.0	0.0	0.0	0.0	0.0	0.0	0.0	0.0	0.0	0.0	0.0	0.0	0.0	0.0	0.0	0.0	0.0	1.8788599999999998e-05	0.0	1.88437e-05	0.0	3.78147e-05	1.89411e-05	0.0007021680000000001	0.0048109699999999995	0.0	3.81992e-05	0.0	0.0	0.0	0.0	0.0	0.0	0.0	0.0	0.0	5.88812e-05	0.00019691100000000003	0.0	0.0	0.0	0.0	0.0	0.0	0.0	0.0	0.00018333000000000002	0.00044999800000000006	0.00125297	0.00422917	0.000227926	2.0812599999999998e-05	0.0	0.0	0.0	0.0	0.0	0.0	0.0	0.0	0.0	0.0	0.0	0.0	0.0	0.0	0.0	0.0	0.0	0.0	0.0	0.0	0.0	0.0	0.00188402	0.0	0.0	0.0	0.0	0.0
Tbi-CJos_023_Ex1_L4_clmp.r1r2_fastp	0.0727151	0.115598	0.0141722	0.0	0.00659007	0.0	0.0	0.0	1.18102e-05	4.7240599999999996e-05	0.0	0.0	0.0	0.0	0.0	0.0	0.0	0.0	0.0	0.0	0.0	0.0	0.0	0.0	0.0	0.0	0.0	0.0	0.0	0.0	0.0	0.0	0.0	0.0	0.0	0.0	0.0	0.0	0.0	0.0	0.0	0.0	0.0	0.0	0.0	0.0	0.0	0.0	0.0	0.0	0.0	0.0	0.0	0.0	0.0	0.0	0.0	0.0	0.0	0.0	0.0	0.0	0.0	0.0	0.0	0.0	0.0	0.0	0.0	0.000370034	0.0	0.0	0.0	0.0	0.0	0.0	0.0	0.0	0.0	0.0	0.0	0.0	0.0	0.0	0.0	0.0	0.0	0.0	0.0	0.0	1.2125899999999999e-05	2.4281599999999998e-05	6.07832e-05	0.000499101	0.00438851	2.4416500000000002e-05	1.22271e-05	0.0	0.0	0.0	0.0	0.0	0.0	0.0	0.0	0.0	1.246e-05	0.000187318	0.0	0.0	0.0	0.0	0.0	0.0	0.0	1.2742399999999998e-05	0.00016610399999999998	0.0003844	0.00140066	0.00407261	0.000361928	0.0	0.0	0.0	0.0	0.0	0.0	0.0	0.0	0.0	0.0	0.0	0.0	0.0	0.0	0.0	0.0	0.0	0.0	0.0	0.0	0.0	0.0	0.0	0.00171248	0.0	0.0	0.0	0.0	0.0
Tbi-CJos_025_Ex1_L4_clmp.r1r2_fastp	0.0744525	0.116313	0.014160099999999998	0.0	0.00693224	0.0	0.0	0.0	9.53541e-06	5.72124e-05	0.0	0.0	0.0	0.0	0.0	0.0	0.0	0.0	1.90708e-05	0.0	0.0	0.0	0.0	0.0	0.0	0.0	0.0	0.0	6.67478e-05	0.0	0.0	0.0	0.0	0.0	0.0	0.0	0.0	0.0	0.0	0.0	0.0	0.0	0.0	0.0	0.0	0.0	0.0	0.0	0.0	0.0	0.0	0.0	0.0	0.0	0.0	0.0	1.9168699999999998e-05	0.0	0.0	0.0	0.0	0.0	0.0	0.0	0.0	0.0	0.0	0.0	0.0	0.000414548	0.0	0.0	0.0	0.0	0.0	0.0	0.0	0.0	0.0	0.0	0.0	0.0	0.0	0.0	9.74613e-06	0.0	0.0	9.77766e-06	0.0	9.80182e-06	9.8152e-06	9.82916e-05	4.921709999999999e-05	0.000581665	0.0042658999999999996	4.94574e-05	2.97271e-05	0.0	0.0	0.0	0.0	0.0	0.0	0.0	0.0	0.0	1.01266e-05	0.00018275	0.0	1.02075e-05	0.0	1.02653e-05	1.02954e-05	2.06532e-05	0.0	4.1565699999999994e-05	0.000125097	0.00040788	0.00123814	0.00393721	0.000274651	4.24025e-05	0.0	0.0	0.0	0.0	0.0	0.0	0.0	0.0	0.0	0.0	0.0	0.0	0.0	0.0	0.0	0.0	0.0	0.0	0.0	0.0	0.0	0.0	0.00170097	0.0	0.0	0.0	0.0	0.0
Tbi-CJos_026_Ex1_L4_clmp.r1r2_fastp	0.07471240000000001	0.11369	0.013955799999999999	0.0	0.0066923700000000004	0.0	0.0	0.0	1.14204e-05	5.71021e-05	0.0	0.0	0.0	0.0	0.0	0.0	0.0	0.0	1.14204e-05	0.0	0.0	0.0	0.0	0.0	0.0	0.0	0.0	0.0	2.28409e-05	0.0	0.0	0.0	0.0	0.0	0.0	0.0	0.0	0.0	0.0	0.0	0.0	0.0	0.0	0.0	0.0	0.0	0.0	0.0	0.0	0.0	0.0	0.0	0.0	0.0	0.0	0.0	1.14776e-05	0.0	0.0	0.0	0.0	0.0	0.0	0.0	0.0	0.0	0.0	0.0	0.0	0.000381038	0.0	0.0	0.0	0.0	0.0	0.0	0.0	0.0	0.0	0.0	0.0	0.0	0.0	0.0	0.0	0.0	0.0	0.0	0.0	0.0	1.17663e-05	3.53513e-05	0.0	0.00047288999999999995	0.0042397400000000005	1.18639e-05	3.56592e-05	0.0	0.0	0.0	0.0	0.0	0.0	0.0	0.0	0.0	0.0	0.000195186	0.0	0.0	0.0	0.0	0.0	1.24257e-05	0.0	2.50192e-05	0.000251046	0.000352704	0.00121358	0.00369195	0.00021646099999999999	1.27807e-05	0.0	0.0	0.0	0.0	0.0	0.0	0.0	0.0	0.0	0.0	0.0	0.0	0.0	0.0	0.0	0.0	0.0	0.0	0.0	0.0	0.0	0.0	0.0020233300000000003	0.0	0.0	0.0	0.0	0.0
Tbi-CJos_027_Ex1_L4_clmp.r1r2_fastp	0.0757568	0.11671	0.0150731	0.0	0.00691921	0.0	0.0	0.0	0.0	3.66743e-05	0.0	0.0	0.0	0.0	0.0	0.0	0.0	0.0	1.22248e-05	0.0	0.0	0.0	0.0	0.0	0.0	0.0	0.0	0.0	1.22248e-05	0.0	0.0	0.0	0.0	0.0	0.0	0.0	0.0	0.0	0.0	0.0	0.0	0.0	0.0	0.0	1.22504e-05	0.0	0.0	0.0	0.0	0.0	0.0	0.0	0.0	0.0	0.0	0.0	1.2290800000000001e-05	1.22953e-05	0.0	0.0	0.0	0.0	0.0	0.0	0.0	0.0	0.0	0.0	0.0	0.000407987	0.0	0.0	0.0	0.0	0.0	0.0	0.0	0.0	0.0	0.0	0.0	0.0	0.0	0.0	0.0	0.0	0.0	0.0	0.0	0.0	0.0	7.55761e-05	2.52275e-05	0.000416883	0.00440313	5.06921e-05	2.5389099999999997e-05	0.0	0.0	0.0	0.0	0.0	0.0	1.28725e-05	0.0	0.0	1.29635e-05	0.000311903	0.0	0.0	0.0	3.94068e-05	0.0	2.64223e-05	0.0	1.32913e-05	7.99957e-05	0.00044134199999999995	0.0013819400000000001	0.00406515	0.000310609	0.0	0.0	0.0	0.0	0.0	0.0	0.0	0.0	0.0	0.0	0.0	0.0	0.0	0.0	0.0	0.0	0.0	0.0	0.0	0.0	0.0	0.0	0.0	0.00164144	0.0	0.0	0.0	0.0	0.0
Tbi-CJos_028_Ex1_L4_clmp.r1r2_fastp	0.07303989999999999	0.11946899999999999	0.014264599999999999	0.0	0.00684616	0.0	0.0	0.0	2.11955e-05	5.2988900000000004e-05	0.0	0.0	0.0	0.0	0.0	0.0	0.0	0.0	2.11955e-05	0.0	0.0	0.0	0.0	0.0	0.0	0.0	0.0	0.0	7.41844e-05	0.0	0.0	0.0	0.0	0.0	0.0	0.0	0.0	0.0	0.0	0.0	0.0	0.0	0.0	0.0	0.0	0.0	0.0	0.0	0.0	0.0	0.0	0.0	0.0	0.0	0.0	0.0	1.06503e-05	1.0654e-05	0.0	0.0	0.0	0.0	0.0	0.0	0.0	0.0	0.0	0.0	0.0	0.000428447	0.0	0.0	0.0	0.0	0.0	0.0	0.0	0.0	0.0	0.0	0.0	0.0	0.0	0.0	0.0	0.0	0.0	0.0	0.0	0.0	0.0	8.7403e-05	3.2826699999999995e-05	0.000679509	0.004468209999999999	4.39918e-05	0.0	0.0	0.0	0.0	0.0	0.0	0.0	1.11884e-05	0.0	0.0	2.2549399999999998e-05	0.00022611	0.0	0.0	0.0	5.7198600000000005e-05	0.0	1.15123e-05	0.0	1.1589400000000001e-05	0.000209333	0.00047847799999999995	0.00138187	0.00406649	0.000353872	1.18397e-05	0.0	0.0	0.0	0.0	0.0	0.0	0.0	0.0	0.0	0.0	0.0	0.0	0.0	0.0	0.0	0.0	0.0	0.0	0.0	0.0	0.0	0.0	0.0017948299999999999	0.0	0.0	0.0	0.0	0.0
Tbi-CJos_029_Ex1_L4_clmp.r1r2_fastp	0.0787059	0.115683	0.014814299999999999	0.0	0.00647641	0.0	0.0	0.0	9.69523e-06	3.87809e-05	0.0	0.0	0.0	0.0	0.0	0.0	0.0	0.0	9.69523e-06	0.0	0.0	0.0	0.0	0.0	0.0	0.0	0.0	0.0	5.8171400000000003e-05	0.0	0.0	0.0	0.0	0.0	0.0	0.0	0.0	0.0	0.0	0.0	0.0	0.0	0.0	0.0	0.0	0.0	0.0	0.0	0.0	0.0	0.0	0.0	0.0	0.0	0.0	0.0	9.74517e-06	0.0	9.75365e-06	0.0	0.0	0.0	0.0	0.0	0.0	0.0	0.0	0.0	0.0	0.000510515	0.0	9.832230000000001e-06	0.0	0.0	0.0	0.0	0.0	0.0	0.0	0.0	0.0	0.0	0.0	0.0	0.0	0.0	0.0	1.00089e-05	1.00259e-05	0.0	0.0	6.0503599999999994e-05	2.02111e-05	0.000445648	0.00461921	4.0708200000000004e-05	4.08132e-05	0.0	0.0	0.0	0.0	0.0	0.0	3.12574e-05	0.0	1.04919e-05	1.0529799999999999e-05	0.000179668	0.0	0.0	0.0	4.29549e-05	0.0	2.16638e-05	0.0	6.55712e-05	0.000186637	0.000352955	0.001352	0.00400859	0.000234982	2.24885e-05	0.0	0.0	0.0	0.0	0.0	0.0	0.0	0.0	0.0	0.0	0.0	0.0	0.0	0.0	0.0	0.0	0.0	0.0	0.0	0.0	0.0	0.0	0.00195473	0.0	0.0	0.0	0.0	0.0
Tbi-CJos_030_Ex1_L4_clmp.r1r2_fastp	0.0744601	0.11735300000000001	0.0157365	0.0	0.00624634	0.0	0.0	0.0	0.0	1.34042e-05	0.0	0.0	0.0	0.0	0.0	0.0	0.0	0.0	4.0212499999999995e-05	0.0	0.0	0.0	0.0	0.0	0.0	0.0	0.0	0.0	1.34042e-05	0.0	0.0	0.0	0.0	0.0	0.0	0.0	0.0	0.0	0.0	0.0	0.0	0.0	0.0	0.0	0.0	0.0	0.0	0.0	0.0	0.0	0.0	0.0	0.0	0.0	0.0	0.0	0.0	1.3489e-05	0.0	0.0	0.0	0.0	0.0	0.0	0.0	0.0	0.0	0.0	0.0	0.00043431	0.0	0.0	0.0	0.0	0.0	0.0	0.0	0.0	0.0	0.0	0.0	0.0	0.0	0.0	0.0	0.0	0.0	1.3782900000000001e-05	0.0	0.0	0.0	8.31641e-05	4.16478e-05	0.000667502	0.00449961	9.769399999999999e-05	1.39829e-05	0.0	0.0	0.0	0.0	0.0	0.0	0.0	0.0	0.0	1.4313000000000002e-05	0.00021527900000000002	0.0	0.0	0.0	0.0	0.0	7.30705e-05	0.0	2.9422299999999998e-05	0.000118098	0.000370348	0.00135283	0.0040430299999999995	0.00035935	1.50272e-05	0.0	0.0	0.0	0.0	0.0	0.0	0.0	0.0	0.0	0.0	0.0	0.0	0.0	0.0	0.0	0.0	0.0	0.0	0.0	0.0	0.0	0.0	0.00170044	0.0	0.0	0.0	0.0	0.0
Tbi-CJos_031_Ex1_L4_clmp.r1r2_fastp	0.0753545	0.11868200000000001	0.0148005	0.0	0.00675903	0.0	0.0	0.0	5.199250000000001e-05	5.199250000000001e-05	0.0	0.0	0.0	0.0	0.0	0.0	0.0	0.0	1.73308e-05	0.0	0.0	0.0	0.0	0.0	0.0	0.0	0.0	0.0	6.93234e-05	0.0	0.0	0.0	0.0	0.0	0.0	0.0	0.0	0.0	0.0	0.0	0.0	0.0	0.0	0.0	0.0	0.0	0.0	0.0	0.0	0.0	0.0	0.0	0.0	0.0	0.0	0.0	1.7434000000000003e-05	0.0	0.0	0.0	0.0	0.0	0.0	0.0	0.0	0.0	0.0	0.0	0.0	0.000438698	0.0	0.0	0.0	0.0	0.0	0.0	0.0	0.0	0.0	0.0	0.0	0.0	0.0	0.0	0.0	0.0	0.0	5.34634e-05	0.0	1.7868000000000002e-05	0.0	3.58418e-05	5.38495e-05	0.000485445	0.00396238	7.21782e-05	0.0	0.0	0.0	0.0	0.0	0.0	0.0	0.0	0.0	0.0	0.0	0.000185558	0.0	0.0	0.0	0.0	0.0	7.56015e-05	0.0	1.90286e-05	0.000248237	0.000344933	0.00130781	0.00362902	0.00034871399999999997	1.94462e-05	0.0	0.0	0.0	0.0	0.0	0.0	0.0	0.0	0.0	0.0	0.0	0.0	0.0	0.0	0.0	0.0	0.0	0.0	0.0	0.0	0.0	0.0	0.0014626	0.0	0.0	0.0	0.0	0.0
Tbi-CJos_032_Ex1_L4_clmp.r1r2_fastp	0.08116319999999999	0.120456	0.0158112	0.0	0.00782222	0.0	0.0	0.0	1.51593e-05	4.5478e-05	0.0	0.0	0.0	0.0	0.0	0.0	0.0	0.0	1.51593e-05	0.0	0.0	0.0	0.0	0.0	0.0	0.0	0.0	0.0	4.5478e-05	0.0	0.0	0.0	0.0	0.0	0.0	0.0	0.0	0.0	0.0	0.0	0.0	0.0	0.0	0.0	0.0	0.0	0.0	0.0	0.0	0.0	0.0	0.0	0.0	0.0	0.0	0.0	1.52482e-05	0.0	1.52621e-05	0.0	0.0	0.0	0.0	0.0	0.0	0.0	0.0	0.0	0.0	0.00039956299999999997	0.0	0.0	0.0	0.0	0.0	0.0	0.0	0.0	0.0	0.0	0.0	0.0	0.0	0.0	0.0	0.0	0.0	3.1365299999999996e-05	0.0	1.57391e-05	0.0	6.3216e-05	3.16789e-05	0.0006668269999999999	0.00475888	4.78706e-05	4.7998700000000005e-05	0.0	0.0	0.0	0.0	0.0	0.0	0.0	0.0	0.0	1.65406e-05	0.000149467	0.0	0.0	0.0	0.0	0.0	1.7045700000000002e-05	0.0	5.16346e-05	0.000155659	0.00048667999999999997	0.00153729	0.00419641	0.00022943000000000003	0.0	0.0	0.0	0.0	0.0	0.0	0.0	0.0	0.0	0.0	0.0	0.0	0.0	0.0	0.0	0.0	0.0	0.0	0.0	0.0	0.0	0.0	0.0	0.00213932	0.0	0.0	0.0	0.0	0.0
Tbi-CJos_033_Ex1_L4_clmp.r1r2_fastp	0.076708	0.121208	0.0149842	0.0	0.00684186	0.0	0.0	0.0	2.26177e-05	4.52355e-05	0.0	0.0	0.0	0.0	0.0	0.0	0.0	0.0	2.26177e-05	0.0	0.0	0.0	0.0	0.0	0.0	0.0	0.0	0.0	6.78532e-05	0.0	0.0	0.0	0.0	0.0	0.0	0.0	0.0	0.0	0.0	0.0	0.0	0.0	0.0	0.0	0.0	0.0	0.0	0.0	0.0	0.0	0.0	0.0	0.0	0.0	0.0	0.0	0.0	0.0	0.0	0.0	0.0	0.0	0.0	0.0	0.0	0.0	0.0	0.0	0.0	0.000354264	0.0	0.0	0.0	0.0	0.0	0.0	0.0	0.0	0.0	0.0	0.0	0.0	0.0	0.0	0.0	0.0	0.0	0.0	0.0	0.0	0.0	2.32374e-05	2.32657e-05	0.00041932799999999995	0.00450219	0.0	1.16978e-05	0.0	0.0	0.0	0.0	0.0	0.0	0.0	0.0	0.0	0.0	0.000179147	0.0	0.0	0.0	1.2056299999999998e-05	0.0	4.84723e-05	0.0	1.21832e-05	0.000195477	0.000330796	0.00130236	0.00405405	0.000247167	1.23953e-05	0.0	0.0	0.0	0.0	0.0	0.0	0.0	0.0	0.0	0.0	0.0	0.0	0.0	0.0	0.0	0.0	0.0	0.0	0.0	0.0	0.0	0.0	0.0017467000000000001	0.0	0.0	0.0	0.0	0.0
Tbi-CJos_034_Ex1_L4_clmp.r1r2_fastp	0.0755693	0.119742	0.0140501	0.0	0.00661183	0.0	0.0	0.0	0.0	6.806290000000001e-05	0.0	0.0	0.0	0.0	0.0	0.0	0.0	0.0	1.9446499999999998e-05	0.0	0.0	0.0	0.0	0.0	0.0	0.0	0.0	0.0	3.88931e-05	0.0	0.0	0.0	0.0	0.0	0.0	0.0	0.0	0.0	0.0	0.0	0.0	0.0	0.0	0.0	0.0	0.0	0.0	0.0	0.0	0.0	0.0	0.0	0.0	0.0	0.0	0.0	9.774910000000001e-06	0.0	9.78201e-06	0.0	0.0	0.0	0.0	0.0	0.0	0.0	0.0	0.0	0.0	0.00039328	0.0	0.0	0.0	0.0	0.0	0.0	0.0	0.0	0.0	0.0	0.0	0.0	0.0	0.0	0.0	0.0	0.0	1.99375e-05	0.0	0.0	0.0	3.0057600000000002e-05	1.0033799999999999e-05	0.00055267	0.0041163	1.00808e-05	1.00983e-05	0.0	0.0	0.0	0.0	1.0195600000000001e-05	0.0	0.0	0.0	0.0	3.0936400000000004e-05	0.000134396	0.0	0.0	0.0	0.0	0.0	1.05093e-05	0.0	4.22907e-05	0.000127274	0.00041492799999999995	0.00117401	0.0038118	0.000139652	1.07784e-05	0.0	0.0	0.0	0.0	0.0	0.0	0.0	0.0	0.0	0.0	0.0	0.0	0.0	0.0	0.0	0.0	0.0	0.0	0.0	0.0	0.0	0.0	0.0015076	0.0	0.0	0.0	0.0	0.0
Tbi-CJos_035_Ex1_L4_clmp.r1r2_fastp	0.0746999	0.12163700000000001	0.015259	0.0	0.0061874	0.0	0.0	1.6113e-05	1.6113e-05	3.2226e-05	0.0	0.0	0.0	0.0	0.0	0.0	0.0	0.0	0.0	0.0	0.0	0.0	0.0	0.0	0.0	0.0	0.0	0.0	0.0	0.0	0.0	0.0	0.0	0.0	0.0	0.0	0.0	0.0	0.0	0.0	0.0	0.0	0.0	0.0	0.0	0.0	0.0	0.0	0.0	0.0	0.0	0.0	0.0	0.0	0.0	0.0	1.6206499999999998e-05	0.0	1.62186e-05	0.0	0.0	0.0	0.0	0.0	0.0	0.0	0.0	0.0	0.0	0.000309686	0.0	0.0	0.0	0.0	0.0	0.0	0.0	0.0	0.0	0.0	0.0	0.0	0.0	0.0	0.0	0.0	0.0	0.0	0.0	0.0	0.0	3.3161300000000004e-05	0.0	0.000598478	0.00422842	1.66721e-05	3.33951e-05	0.0	0.0	0.0	0.0	0.0	0.0	0.0	0.0	0.0	0.0	0.00013638	0.0	0.0	0.0	0.0	0.0	0.0	0.0	3.47689e-05	0.000174321	0.00038456899999999997	0.0011569100000000001	0.00392003	0.000211563	5.3047099999999996e-05	0.0	0.0	0.0	0.0	0.0	0.0	0.0	0.0	0.0	0.0	0.0	0.0	0.0	0.0	0.0	0.0	0.0	0.0	0.0	0.0	0.0	0.0	0.00174644	0.0	0.0	0.0	0.0	0.0
Tbi-CJos_036_Ex1_L4_clmp.r1r2_fastp	0.07501250000000001	0.12053000000000001	0.014152500000000002	0.0	0.00749416	0.0	0.0	0.0	1.41667e-05	2.8333300000000002e-05	0.0	0.0	0.0	0.0	0.0	0.0	0.0	0.0	1.41667e-05	0.0	0.0	0.0	0.0	0.0	0.0	0.0	0.0	0.0	4.25e-05	0.0	0.0	0.0	0.0	0.0	0.0	0.0	0.0	0.0	0.0	0.0	0.0	0.0	0.0	0.0	0.0	0.0	0.0	0.0	0.0	0.0	0.0	0.0	0.0	0.0	0.0	0.0	0.0	1.4252899999999999e-05	0.0	0.0	0.0	0.0	0.0	0.0	0.0	0.0	0.0	0.0	0.0	0.00044432	0.0	0.0	0.0	0.0	0.0	0.0	0.0	0.0	0.0	0.0	0.0	0.0	0.0	0.0	0.0	0.0	0.0	2.9062e-05	0.0	0.0	1.45837e-05	2.9206700000000003e-05	1.46243e-05	0.0007176799999999999	0.00465029	0.0	1.4718300000000001e-05	0.0	0.0	0.0	0.0	0.0	0.0	1.49237e-05	0.0	0.0	1.5027799999999999e-05	0.00016571	0.0	0.0	0.0	3.0445800000000002e-05	0.0	1.53107e-05	0.0	3.0803500000000004e-05	0.00018538999999999999	0.000263463	0.00129042	0.00433653	0.000266046	0.0	0.0	0.0	0.0	0.0	0.0	0.0	0.0	0.0	0.0	0.0	0.0	0.0	0.0	0.0	0.0	0.0	0.0	0.0	0.0	0.0	0.0	0.0	0.00207712	0.0	0.0	0.0	0.0	0.0
Tbi-CJos_037_Ex1_L4_clmp.r1r2_fastp	0.0736452	0.11890099999999999	0.014126699999999999	0.0	0.00656594	0.0	0.0	0.0	0.0	5.42639e-05	0.0	0.0	0.0	0.0	0.0	0.0	0.0	0.0	1.8088e-05	0.0	0.0	0.0	0.0	0.0	0.0	0.0	0.0	0.0	2.7132000000000004e-05	0.0	0.0	0.0	0.0	0.0	0.0	0.0	0.0	0.0	0.0	0.0	0.0	0.0	0.0	0.0	0.0	0.0	0.0	0.0	0.0	0.0	0.0	0.0	0.0	0.0	0.0	0.0	0.0	0.0	0.0	0.0	0.0	0.0	0.0	0.0	0.0	0.0	0.0	0.0	0.0	0.00031069299999999996	0.0	0.0	0.0	0.0	0.0	0.0	0.0	0.0	0.0	0.0	0.0	0.0	0.0	0.0	0.0	0.0	0.0	0.0	0.0	0.0	0.0	3.71905e-05	2.7929499999999997e-05	0.000419526	0.00451872	9.35028e-06	9.36501e-06	0.0	0.0	0.0	0.0	9.44853e-06	0.0	0.0	0.0	0.0	9.54758e-06	0.000267955	0.0	0.0	0.0	9.66463e-06	0.0	1.94311e-05	0.0	3.90793e-05	0.000186162	0.000471665	0.00148814	0.00434938	0.00030736399999999997	1.9891900000000002e-05	0.0	0.0	0.0	0.0	0.0	0.0	0.0	0.0	0.0	0.0	0.0	0.0	0.0	0.0	0.0	0.0	0.0	0.0	0.0	0.0	0.0	0.0	0.00182084	0.0	0.0	0.0	0.0	0.0
Tbi-CJos_038_Ex1_L4_clmp.r1r2_fastp	0.0758484	0.11954699999999999	0.014360600000000001	0.0	0.006168870000000001	0.0	0.0	0.0	4.30386e-05	7.17311e-05	0.0	0.0	0.0	0.0	0.0	0.0	0.0	0.0	4.30386e-05	0.0	0.0	0.0	0.0	0.0	0.0	0.0	0.0	0.0	5.73849e-05	0.0	0.0	0.0	0.0	0.0	0.0	0.0	0.0	0.0	0.0	0.0	0.0	0.0	0.0	0.0	0.0	0.0	0.0	0.0	0.0	0.0	0.0	0.0	0.0	0.0	0.0	0.0	2.88549e-05	2.8866300000000002e-05	1.4439100000000002e-05	0.0	0.0	0.0	0.0	0.0	0.0	0.0	1.4495299999999998e-05	0.0	1.4511500000000002e-05	0.000493685	0.0	1.45375e-05	0.0	0.0	0.0	0.0	0.0	0.0	0.0	0.0	0.0	0.0	0.0	0.0	1.46856e-05	0.0	0.0	2.9469699999999997e-05	0.0	0.0	1.4793e-05	4.44451e-05	4.45154e-05	0.0005350379999999999	0.00488305	8.94807e-05	4.48267e-05	0.0	0.0	0.0	0.0	1.5101500000000001e-05	0.0	0.0	0.0	0.0	0.0	0.000183993	0.0	1.54214e-05	0.0	1.55134e-05	0.0	1.56118e-05	0.0	0.0	0.000189216	0.000284821	0.00138148	0.0044618	0.000335831	3.2102e-05	0.0	0.0	0.0	0.0	0.0	0.0	0.0	0.0	0.0	0.0	0.0	0.0	0.0	0.0	0.0	0.0	0.0	0.0	0.0	0.0	0.0	0.0	0.0021425800000000003	0.0	0.0	0.0	0.0	0.0
Tbi-CJos_039_Ex1_L4_clmp.r1r2_fastp	0.0757359	0.118124	0.0147069	0.0	0.00621765	0.0	0.0	0.0	0.0	2.34186e-05	0.0	0.0	0.0	0.0	0.0	0.0	0.0	0.0	0.0	0.0	0.0	0.0	0.0	0.0	0.0	0.0	0.0	0.0	3.5128e-05	0.0	0.0	0.0	0.0	0.0	0.0	0.0	0.0	0.0	0.0	0.0	0.0	0.0	0.0	0.0	0.0	0.0	0.0	0.0	0.0	0.0	0.0	0.0	0.0	0.0	0.0	0.0	1.1772999999999999e-05	0.0	1.17819e-05	0.0	0.0	0.0	0.0	0.0	0.0	0.0	0.0	0.0	0.0	0.00043821699999999997	0.0	0.0	0.0	0.0	0.0	0.0	0.0	0.0	0.0	0.0	0.0	0.0	0.0	1.1960799999999999e-05	0.0	0.0	0.0	0.0	0.0	0.0	0.0	3.62122e-05	1.2088e-05	0.000532705	0.00464442	2.42931e-05	1.21677e-05	0.0	0.0	0.0	0.0	0.0	0.0	0.0	0.0	0.0	4.971109999999999e-05	0.000174424	0.0	0.0	0.0	0.0	1.2629400000000001e-05	3.79984e-05	0.0	0.0	0.000153396	0.000538548	0.00167231	0.00438803	0.00028488600000000004	0.0	0.0	0.0	0.0	0.0	0.0	0.0	0.0	0.0	0.0	0.0	0.0	0.0	0.0	0.0	0.0	0.0	0.0	0.0	0.0	0.0	0.0	0.0	0.00161709	0.0	0.0	0.0	0.0	0.0
Tbi-CJos_040_Ex1_L4_clmp.r1r2_fastp	0.0747235	0.11858699999999998	0.014356800000000001	0.0	0.00661778	0.0	0.0	0.0	0.0	1.3673100000000001e-05	0.0	0.0	0.0	0.0	0.0	0.0	0.0	0.0	0.0	0.0	0.0	0.0	0.0	0.0	0.0	0.0	0.0	0.0	4.10193e-05	0.0	0.0	0.0	0.0	0.0	0.0	0.0	0.0	0.0	0.0	0.0	0.0	0.0	0.0	0.0	0.0	0.0	0.0	0.0	0.0	0.0	0.0	0.0	0.0	0.0	0.0	0.0	0.0	0.0	0.0	0.0	0.0	0.0	0.0	0.0	0.0	0.0	0.0	0.0	0.0	0.000318066	0.0	0.0	0.0	0.0	0.0	0.0	0.0	0.0	0.0	0.0	0.0	0.0	0.0	0.0	0.0	0.0	0.0	0.0	0.0	0.0	0.0	5.63576e-05	1.41094e-05	0.000466306	0.00420349	5.67043e-05	1.42005e-05	0.0	0.0	0.0	0.0	0.0	0.0	0.0	0.0	0.0	1.4499800000000001e-05	0.000116284	0.0	0.0	0.0	1.4689e-05	0.0	2.9545999999999998e-05	0.0	1.48605e-05	0.000119249	0.000284093	0.00112496	0.0038519300000000004	0.000226439	0.0	0.0	0.0	0.0	0.0	0.0	0.0	0.0	0.0	0.0	0.0	0.0	0.0	0.0	0.0	0.0	0.0	0.0	0.0	0.0	0.0	0.0	0.0	0.00183029	0.0	0.0	0.0	0.0	0.0
Tbi-CJos_041_Ex1_L4_clmp.r1r2_fastp	0.0741904	0.121944	0.014696899999999999	0.0	0.007304290000000001	0.0	0.0	0.0	2.20674e-05	0.0	0.0	0.0	0.0	0.0	0.0	0.0	0.0	0.0	2.20674e-05	0.0	0.0	0.0	0.0	0.0	0.0	0.0	0.0	0.0	2.20674e-05	0.0	0.0	0.0	0.0	0.0	0.0	0.0	0.0	0.0	0.0	0.0	0.0	0.0	0.0	0.0	0.0	0.0	0.0	0.0	0.0	0.0	0.0	0.0	0.0	0.0	0.0	0.0	2.21835e-05	0.0	0.0	0.0	0.0	0.0	0.0	0.0	0.0	0.0	0.0	0.0	0.0	0.000357029	0.0	0.0	0.0	0.0	0.0	0.0	0.0	0.0	0.0	0.0	0.0	0.0	0.0	0.0	0.0	0.0	0.0	0.0	0.0	0.0	0.0	6.82561e-05	2.2785e-05	0.0005705399999999999	0.00512057	2.2898e-05	4.58806e-05	0.0	0.0	0.0	0.0	0.0	0.0	0.0	0.0	0.0	2.34519e-05	0.000188116	0.0	0.0	0.0	0.0	0.0	0.0	0.0	0.0	0.00024157999999999997	0.000484732	0.0013130799999999999	0.004440449999999999	0.000293772	0.0	0.0	0.0	0.0	0.0	0.0	0.0	0.0	0.0	0.0	0.0	0.0	0.0	0.0	0.0	0.0	0.0	0.0	0.0	0.0	0.0	0.0	0.0	0.00197285	0.0	0.0	0.0	0.0	0.0
Tbi-CJos_042_Ex1_L4_clmp.r1r2_fastp	0.0749082	0.11832800000000002	0.015014800000000002	0.0	0.00609872	0.0	0.0	0.0	3.31452e-05	0.0	0.0	0.0	0.0	0.0	0.0	0.0	0.0	0.0	0.0	0.0	0.0	0.0	0.0	0.0	0.0	0.0	0.0	0.0	0.0	0.0	0.0	0.0	0.0	0.0	0.0	0.0	0.0	0.0	0.0	0.0	0.0	0.0	0.0	0.0	0.0	0.0	0.0	0.0	0.0	0.0	0.0	0.0	0.0	0.0	0.0	0.0	0.0	0.0	0.0	0.0	0.0	0.0	0.0	0.0	0.0	0.0	0.0	0.0	0.0	0.00036852	0.0	0.0	0.0	0.0	0.0	0.0	0.0	0.0	0.0	0.0	0.0	0.0	0.0	0.0	0.0	0.0	0.0	0.0	0.0	0.0	0.0	6.81053e-05	6.81875e-05	0.0003755	0.00389665	3.4229e-05	0.0	0.0	0.0	0.0	0.0	0.0	0.0	0.0	0.0	0.0	0.0	0.000139827	0.0	0.0	0.0	0.0	0.0	0.0	0.0	3.56218e-05	7.14341e-05	0.000286487	0.0011489500000000001	0.00338415	0.000252717	0.0	0.0	0.0	0.0	0.0	0.0	0.0	0.0	0.0	0.0	0.0	0.0	0.0	0.0	0.0	0.0	0.0	0.0	0.0	0.0	0.0	0.0	0.0	0.00134267	0.0	0.0	0.0	0.0	0.0
Tbi-CJos_043_Ex1_L4_clmp.r1r2_fastp	0.0746466	0.115458	0.0138909	0.0	0.00645161	0.0	0.0	0.0	9.06125e-06	4.53063e-05	0.0	0.0	0.0	0.0	0.0	0.0	0.0	0.0	3.6245e-05	0.0	0.0	0.0	0.0	0.0	0.0	0.0	0.0	0.0	4.53063e-05	0.0	0.0	0.0	0.0	0.0	0.0	0.0	0.0	0.0	0.0	0.0	0.0	0.0	0.0	0.0	0.0	0.0	0.0	0.0	0.0	0.0	0.0	0.0	0.0	0.0	0.0	0.0	9.10442e-06	1.82151e-05	0.0	0.0	0.0	0.0	0.0	0.0	0.0	0.0	0.0	0.0	0.0	0.000375409	0.0	0.0	0.0	0.0	0.0	0.0	0.0	0.0	0.0	0.0	0.0	0.0	0.0	0.0	0.0	0.0	0.0	9.28793e-06	0.0	0.0	0.0	2.8011e-05	9.3515e-06	0.0005807109999999999	0.00446586	5.638970000000001e-05	4.70768e-05	0.0	0.0	0.0	0.0	0.0	0.0	9.556789999999999e-06	0.0	0.0	0.0	0.000164114	9.68018e-06	0.0	0.0	0.0	0.0	3.92922e-05	0.0	9.88616e-06	0.00014878500000000002	0.00038813499999999996	0.00137802	0.004348830000000001	0.000261432	0.0	0.0	0.0	0.0	0.0	0.0	0.0	0.0	0.0	0.0	0.0	0.0	0.0	0.0	0.0	0.0	0.0	0.0	0.0	0.0	0.0	0.0	0.0	0.0019245900000000001	0.0	0.0	0.0	0.0	0.0
Tbi-CJos_044_Ex1_L4_clmp.r1r2_fastp	0.07960489999999999	0.127195	0.016152	0.0	0.00714658	0.0	0.0	0.0	1.8046899999999998e-05	9.02346e-05	0.0	0.0	0.0	0.0	0.0	0.0	0.0	0.0	1.8046899999999998e-05	0.0	0.0	0.0	0.0	0.0	0.0	0.0	0.0	0.0	9.02346e-05	0.0	0.0	0.0	0.0	0.0	0.0	0.0	0.0	0.0	0.0	0.0	0.0	0.0	0.0	0.0	0.0	0.0	0.0	0.0	0.0	0.0	0.0	0.0	0.0	0.0	0.0	0.0	1.81426e-05	0.0	0.0	0.0	0.0	0.0	0.0	0.0	0.0	0.0	0.0	0.0	0.0	0.0005112070000000001	0.0	0.0	0.0	0.0	0.0	0.0	0.0	0.0	0.0	0.0	0.0	0.0	0.0	0.0	0.0	0.0	0.0	1.8561e-05	0.0	0.0	0.0	3.73569e-05	3.7426200000000004e-05	0.000562469	0.005636	0.000131789	3.77387e-05	0.0	0.0	0.0	0.0	0.0	0.0	0.0	0.0	0.0	0.0	0.000272624	0.0	0.0	0.0	1.9757199999999998e-05	0.0	3.98252e-05	0.0	2.0076899999999997e-05	0.00010080600000000001	0.0005466710000000001	0.00154546	0.0047589600000000004	0.000266719	2.06124e-05	0.0	0.0	0.0	0.0	0.0	0.0	0.0	0.0	0.0	0.0	0.0	0.0	0.0	0.0	0.0	0.0	0.0	0.0	0.0	0.0	0.0	0.0	0.00237319	0.0	0.0	0.0	0.0	0.0
Tbi-CJos_046_Ex1_L4_clmp.r1r2_fastp	0.0720783	0.12005099999999999	0.014098	0.0	0.00650785	0.0	0.0	0.0	0.0	1.40558e-05	0.0	0.0	0.0	0.0	0.0	0.0	0.0	0.0	1.40558e-05	0.0	0.0	0.0	0.0	0.0	0.0	0.0	0.0	0.0	8.4335e-05	0.0	0.0	0.0	0.0	0.0	0.0	0.0	0.0	0.0	0.0	0.0	0.0	0.0	0.0	0.0	0.0	0.0	0.0	0.0	0.0	0.0	0.0	0.0	0.0	0.0	0.0	0.0	1.4131799999999999e-05	0.0	0.0	0.0	0.0	0.0	0.0	0.0	0.0	0.0	0.0	0.0	0.0	0.000312682	0.0	0.0	0.0	0.0	0.0	0.0	0.0	0.0	0.0	0.0	0.0	0.0	0.0	0.0	0.0	0.0	0.0	0.0	0.0	0.0	0.0	8.68709e-05	4.34967e-05	0.000522759	0.00439213	8.74007e-05	2.91825e-05	0.0	0.0	0.0	0.0	0.0	0.0	1.4793400000000001e-05	0.0	0.0	2.97941e-05	0.000119474	0.0	0.0	0.0	1.5094700000000001e-05	0.0	1.51822e-05	0.0	4.5822500000000004e-05	0.000122575	0.00043035999999999997	0.0011256	0.00375909	0.000279363	0.0	0.0	0.0	0.0	0.0	0.0	0.0	0.0	0.0	0.0	0.0	0.0	0.0	0.0	0.0	0.0	0.0	0.0	0.0	0.0	0.0	0.0	0.0	0.00162722	0.0	0.0	0.0	0.0	0.0
Tbi-CJos_048_Ex1_L4_clmp.r1r2_fastp	0.0742027	0.12296900000000001	0.0144849	0.0	0.006670539999999999	0.0	0.0	0.0	1.13252e-05	9.06016e-05	0.0	0.0	0.0	0.0	0.0	0.0	0.0	0.0	2.26504e-05	0.0	0.0	0.0	0.0	0.0	0.0	0.0	0.0	0.0	6.79512e-05	0.0	0.0	0.0	0.0	0.0	0.0	0.0	0.0	0.0	0.0	0.0	0.0	0.0	0.0	0.0	0.0	0.0	0.0	0.0	0.0	0.0	0.0	0.0	0.0	0.0	0.0	0.0	1.13994e-05	0.0	0.0	0.0	0.0	0.0	0.0	0.0	0.0	0.0	0.0	0.0	0.0	0.00035598199999999997	0.0	0.0	0.0	0.0	0.0	0.0	0.0	0.0	0.0	0.0	0.0	0.0	0.0	0.0	0.0	0.0	0.0	2.33537e-05	0.0	0.0	1.1729100000000001e-05	4.69947e-05	2.35372e-05	0.000896021	0.0051030699999999995	5.91808e-05	4.74427e-05	0.0	0.0	0.0	0.0	0.0	0.0	0.0	0.0	0.0	3.64882e-05	0.00024397499999999998	0.0	1.22752e-05	0.0	1.23549e-05	0.0	2.48808e-05	0.0	2.50591e-05	0.000201209	0.000391305	0.00116566	0.00446451	0.000293663	0.0	0.0	0.0	0.0	0.0	0.0	0.0	0.0	0.0	0.0	0.0	0.0	0.0	0.0	0.0	0.0	0.0	0.0	0.0	0.0	0.0	0.0	0.0	0.00193934	0.0	0.0	0.0	0.0	0.0
Tbi-CJos_052_Ex1_L4_clmp.r1r2_fastp	0.0725733	0.117355	0.013973	0.0	0.0063812	0.0	0.0	0.0	0.0	0.0	0.0	0.0	0.0	0.0	0.0	0.0	0.0	0.0	1.02592e-05	0.0	0.0	0.0	0.0	0.0	0.0	0.0	0.0	0.0	4.10366e-05	0.0	0.0	0.0	0.0	0.0	0.0	0.0	0.0	0.0	0.0	0.0	0.0	0.0	0.0	0.0	0.0	0.0	0.0	0.0	0.0	0.0	0.0	0.0	0.0	0.0	0.0	0.0	2.0636900000000002e-05	0.0	0.0	0.0	0.0	0.0	0.0	0.0	0.0	0.0	0.0	0.0	0.0	0.00040480000000000003	0.0	0.0	0.0	0.0	0.0	0.0	0.0	0.0	0.0	0.0	0.0	0.0	0.0	0.0	0.0	0.0	0.0	0.0	0.0	0.0	2.11209e-05	4.22995e-05	3.17693e-05	0.00057268	0.00429108	5.31921e-05	4.26247e-05	0.0	0.0	0.0	0.0	0.0	0.0	0.0	0.0	0.0	1.0879199999999999e-05	0.000174494	0.0	0.0	0.0	0.0	0.0	0.0	0.0	1.11514e-05	0.000212526	0.000314166	0.00127187	0.00400862	0.000339847	0.0	0.0	0.0	0.0	0.0	0.0	0.0	0.0	0.0	0.0	0.0	0.0	0.0	0.0	0.0	0.0	0.0	0.0	0.0	0.0	0.0	0.0	0.0	0.00166245	0.0	0.0	0.0	0.0	0.0
Tbi-CJos_053_Ex1_L4_clmp.r1r2_fastp	0.0752282	0.119915	0.0144828	0.0	0.00674707	0.0	0.0	0.0	1.08648e-05	5.4324200000000004e-05	0.0	0.0	0.0	0.0	0.0	0.0	0.0	0.0	0.0	0.0	0.0	0.0	0.0	0.0	0.0	0.0	0.0	0.0	1.08648e-05	0.0	0.0	0.0	0.0	0.0	0.0	0.0	0.0	0.0	0.0	0.0	0.0	0.0	0.0	0.0	0.0	0.0	0.0	0.0	0.0	0.0	0.0	0.0	0.0	0.0	0.0	0.0	0.0	0.0	0.0	0.0	0.0	0.0	0.0	0.0	0.0	0.0	0.0	0.0	0.0	0.00048337	0.0	0.0	0.0	0.0	0.0	0.0	0.0	0.0	0.0	0.0	0.0	0.0	0.0	0.0	0.0	0.0	0.0	0.0	0.0	1.11617e-05	0.0	4.47647e-05	3.36203e-05	0.000538728	0.00467631	2.25183e-05	1.12781e-05	0.0	0.0	0.0	0.0	0.0	0.0	0.0	0.0	0.0	2.3027100000000002e-05	0.000150045	0.0	0.0	1.1632700000000001e-05	1.16643e-05	0.0	1.17305e-05	0.0	0.0	0.00026042299999999997	0.000356199	0.00139357	0.00448078	0.00021577600000000002	0.0	0.0	0.0	0.0	0.0	0.0	0.0	0.0	0.0	0.0	0.0	0.0	0.0	0.0	0.0	0.0	0.0	0.0	0.0	0.0	0.0	0.0	0.0	0.00177383	0.0	0.0	0.0	0.0	0.0
Tbi-CJos_055_Ex1_L4_clmp.r1r2_fastp	0.0747258	0.117765	0.0140058	0.0	0.00691853	0.0	0.0	0.0	2.8124100000000004e-05	4.6873500000000004e-05	0.0	0.0	0.0	0.0	0.0	0.0	0.0	0.0	0.0	0.0	0.0	0.0	0.0	0.0	0.0	0.0	0.0	0.0	6.56229e-05	0.0	0.0	0.0	0.0	0.0	0.0	0.0	0.0	0.0	0.0	0.0	0.0	0.0	0.0	0.0	0.0	0.0	0.0	0.0	0.0	0.0	0.0	0.0	0.0	0.0	0.0	0.0	2.82926e-05	0.0	0.0	0.0	0.0	0.0	0.0	0.0	0.0	0.0	0.0	0.0	0.0	0.000417854	0.0	0.0	0.0	0.0	0.0	0.0	0.0	0.0	0.0	0.0	0.0	0.0	0.0	0.0	0.0	0.0	0.0	9.66035e-06	0.0	0.0	9.704869999999999e-06	6.80519e-05	3.89567e-05	0.000624489	0.00454635	3.9190400000000003e-05	4.90973e-05	0.0	0.0	0.0	0.0	0.0	0.0	0.0	0.0	0.0	1.00823e-05	0.000212391	0.0	0.0	0.0	1.02506e-05	0.0	4.1301400000000004e-05	0.0	2.08092e-05	0.000188018	0.000388003	0.00142132	0.00408031	0.000350277	0.0	0.0	0.0	0.0	0.0	0.0	0.0	0.0	0.0	0.0	0.0	0.0	0.0	0.0	0.0	0.0	0.0	0.0	0.0	0.0	0.0	0.0	0.0	0.0016217	0.0	0.0	0.0	0.0	0.0
Tbi-CJos_056_Ex1_L4_clmp.r1r2_fastp	0.0749924	0.12238399999999999	0.0149191	0.0	0.00777699	0.0	0.0	0.0	0.0	7.93571e-05	0.0	0.0	0.0	0.0	0.0	0.0	0.0	0.0	1.58714e-05	0.0	0.0	0.0	0.0	0.0	0.0	0.0	0.0	0.0	4.7614199999999996e-05	0.0	0.0	0.0	0.0	0.0	0.0	0.0	0.0	0.0	0.0	0.0	0.0	0.0	0.0	0.0	0.0	0.0	0.0	0.0	0.0	0.0	0.0	0.0	0.0	0.0	0.0	0.0	1.59721e-05	0.0	0.0	0.0	0.0	0.0	0.0	0.0	0.0	0.0	0.0	0.0	0.0	0.000466397	0.0	0.0	0.0	0.0	0.0	1.61515e-05	0.0	0.0	0.0	0.0	0.0	1.62368e-05	0.0	1.6269899999999998e-05	0.0	0.0	0.0	0.0	0.0	0.0	0.0	4.9345400000000004e-05	1.64766e-05	0.0005447329999999999	0.00482947	4.9717100000000005e-05	0.0	0.0	0.0	0.0	0.0	0.0	0.0	0.0	0.0	0.0	1.70432e-05	0.00018805700000000002	0.0	0.0	0.0	0.0	0.0	1.74482e-05	0.0	3.51557e-05	0.000194107	0.000531444	0.0017606400000000002	0.00471446	0.000286885	3.60113e-05	0.0	0.0	0.0	0.0	0.0	0.0	0.0	0.0	0.0	0.0	0.0	0.0	0.0	0.0	0.0	0.0	0.0	0.0	0.0	0.0	0.0	0.0	0.0023337	0.0	0.0	0.0	0.0	0.0
Tbi-CJos_057_Ex1_L4_clmp.r1r2_fastp	0.0780853	0.120019	0.015302	0.0	0.0070141000000000005	0.0	0.0	0.0	0.0	3.35202e-05	0.0	0.0	0.0	0.0	0.0	0.0	0.0	0.0	1.67601e-05	0.0	0.0	0.0	0.0	0.0	0.0	0.0	0.0	0.0	1.67601e-05	0.0	0.0	0.0	0.0	0.0	0.0	0.0	0.0	0.0	0.0	0.0	0.0	0.0	0.0	0.0	0.0	0.0	0.0	0.0	0.0	0.0	0.0	0.0	0.0	0.0	0.0	0.0	8.424939999999999e-06	0.0	0.0	0.0	0.0	0.0	0.0	0.0	0.0	0.0	0.0	0.0	0.0	0.000381328	0.0	0.0	0.0	0.0	0.0	0.0	0.0	0.0	0.0	0.0	0.0	0.0	0.0	0.0	0.0	0.0	0.0	1.7181900000000002e-05	0.0	0.0	8.62244e-06	6.0440100000000004e-05	1.72937e-05	0.000718767	0.00523011	6.95032e-05	1.7406100000000003e-05	0.0	0.0	0.0	0.0	0.0	0.0	0.0	0.0	0.0	2.6672899999999997e-05	0.00027632	0.0	0.0	8.985209999999999e-06	9.01052e-06	0.0	5.43772e-05	0.0	1.82365e-05	0.000329293	0.00043131100000000003	0.0016387499999999998	0.00460947	0.000333684	0.0	0.0	0.0	0.0	0.0	0.0	0.0	0.0	0.0	0.0	0.0	0.0	0.0	0.0	0.0	0.0	0.0	0.0	0.0	0.0	0.0	0.0	0.0	0.00205877	0.0	0.0	0.0	0.0	0.0
Tbi-CJos_059_Ex1_L4_clmp.r1r2_fastp	0.0733589	0.119742	0.0142206	0.0	0.00644024	0.0	0.0	0.0	9.64107e-06	3.85643e-05	0.0	0.0	0.0	0.0	0.0	0.0	0.0	0.0	0.0	0.0	0.0	0.0	0.0	0.0	0.0	0.0	0.0	0.0	6.748750000000001e-05	0.0	0.0	0.0	0.0	0.0	0.0	0.0	0.0	0.0	0.0	0.0	0.0	0.0	0.0	0.0	0.0	0.0	0.0	0.0	0.0	0.0	0.0	0.0	0.0	0.0	0.0	0.0	0.0	9.696740000000001e-06	0.0	0.0	0.0	0.0	0.0	0.0	0.0	0.0	0.0	0.0	0.0	0.000263266	0.0	0.0	0.0	0.0	0.0	0.0	0.0	0.0	0.0	0.0	0.0	0.0	0.0	0.0	0.0	0.0	0.0	9.88669e-06	0.0	0.0	0.0	4.968959999999999e-05	2.98573e-05	0.000667831	0.00466238	1.00001e-05	3.00524e-05	0.0	0.0	0.0	0.0	0.0	0.0	0.0	0.0	0.0	3.07027e-05	0.000194939	0.0	0.0	0.0	0.0	0.0	2.08665e-05	0.0	0.0	0.000231683	0.000348669	0.00147343	0.00424354	0.000309445	0.0	0.0	0.0	0.0	0.0	0.0	0.0	0.0	0.0	0.0	0.0	0.0	0.0	0.0	0.0	0.0	0.0	0.0	0.0	0.0	0.0	0.0	0.0	0.0018698999999999999	0.0	0.0	0.0	0.0	0.0
Tbi-CJos_060_Ex1_L4_clmp.r1r2_fastp	0.0708966	0.116728	0.014291	0.0	0.006349990000000001	0.0	0.0	0.0	1.3955999999999998e-05	4.18681e-05	0.0	0.0	0.0	0.0	0.0	0.0	0.0	0.0	2.79121e-05	0.0	0.0	0.0	0.0	0.0	0.0	0.0	0.0	0.0	1.3955999999999998e-05	0.0	0.0	0.0	0.0	0.0	0.0	0.0	0.0	0.0	0.0	0.0	0.0	0.0	0.0	0.0	0.0	0.0	0.0	0.0	0.0	0.0	0.0	0.0	0.0	0.0	0.0	0.0	0.0	0.0	0.0	0.0	0.0	0.0	0.0	0.0	0.0	0.0	0.0	0.0	0.0	0.000480333	0.0	0.0	0.0	0.0	0.0	0.0	0.0	0.0	0.0	0.0	0.0	0.0	0.0	0.0	0.0	0.0	0.0	0.0	0.0	0.0	0.0	7.20482e-05	4.32942e-05	0.000563713	0.00456072	5.80151e-05	0.0	0.0	0.0	0.0	0.0	0.0	0.0	0.0	0.0	0.0	0.0	0.000134046	0.0	0.0	0.0	1.5064600000000001e-05	0.0	0.0	0.0	0.0	0.000214212	0.00047589999999999997	0.00149419	0.00414237	0.00027919	3.11319e-05	0.0	0.0	0.0	0.0	0.0	0.0	0.0	0.0	0.0	0.0	0.0	0.0	0.0	0.0	0.0	0.0	0.0	0.0	0.0	0.0	0.0	0.0	0.0019456299999999998	0.0	0.0	0.0	0.0	0.0
Tbi-CJos_067_Ex1_L4_clmp.r1r2_fastp	0.0736502	0.122638	0.014555199999999999	0.0	0.00723925	0.0	0.0	0.0	1.53374e-05	4.60122e-05	0.0	0.0	0.0	0.0	0.0	0.0	0.0	0.0	1.53374e-05	0.0	0.0	0.0	0.0	0.0	0.0	0.0	0.0	0.0	7.6687e-05	0.0	0.0	0.0	0.0	0.0	0.0	0.0	0.0	0.0	0.0	0.0	0.0	0.0	0.0	0.0	0.0	0.0	0.0	0.0	0.0	0.0	0.0	0.0	0.0	0.0	0.0	0.0	0.0	0.0	0.0	0.0	0.0	0.0	0.0	0.0	0.0	0.0	0.0	0.0	0.0	0.000481086	0.0	0.0	0.0	0.0	0.0	0.0	0.0	0.0	0.0	0.0	0.0	0.0	0.0	0.0	0.0	0.0	0.0	1.57502e-05	0.0	0.0	0.0	0.000110868	3.17288e-05	0.000460852	0.0046805499999999995	7.97478e-05	3.19616e-05	0.0	0.0	0.0	0.0	1.6158900000000002e-05	0.0	0.0	0.0	0.0	1.63726e-05	9.85217e-05	0.0	0.0	0.0	0.0	0.0	0.0	0.0	1.68539e-05	0.00027065	0.00039053	0.00168741	0.0042264600000000005	0.00022330800000000002	0.0	0.0	0.0	0.0	0.0	0.0	0.0	0.0	0.0	0.0	0.0	0.0	0.0	0.0	0.0	0.0	0.0	0.0	0.0	0.0	0.0	0.0	0.0	0.0021198099999999998	0.0	0.0	0.0	0.0	0.0
Tbi-CJos_068_Ex1_L4_clmp.r1r2_fastp	0.0757773	0.11878100000000001	0.0145674	0.0	0.00693452	0.0	0.0	0.0	0.0	1.2251800000000002e-05	0.0	0.0	0.0	0.0	0.0	0.0	0.0	0.0	1.2251800000000002e-05	0.0	0.0	0.0	0.0	0.0	0.0	0.0	0.0	0.0	6.1259e-05	0.0	0.0	0.0	0.0	0.0	0.0	0.0	0.0	0.0	0.0	0.0	0.0	0.0	0.0	0.0	0.0	0.0	0.0	0.0	0.0	0.0	0.0	0.0	0.0	0.0	0.0	0.0	0.0	0.0	0.0	0.0	0.0	0.0	0.0	0.0	0.0	0.0	0.0	0.0	0.0	0.000297264	0.0	0.0	0.0	0.0	0.0	0.0	0.0	0.0	0.0	0.0	0.0	0.0	0.0	0.0	0.0	0.0	0.0	0.0	0.0	0.0	0.0	3.78642e-05	0.0	0.000531687	0.00439964	2.5401e-05	1.2722800000000001e-05	0.0	0.0	0.0	0.0	0.0	0.0	0.0	0.0	0.0	0.0	0.000156351	0.0	0.0	0.0	0.0	0.0	0.0	0.0	0.0	0.000133691	0.000456024	0.0011976299999999999	0.0039015399999999998	0.000270896	0.0	0.0	0.0	0.0	0.0	0.0	0.0	0.0	0.0	0.0	0.0	0.0	0.0	0.0	0.0	0.0	0.0	0.0	0.0	0.0	0.0	0.0	0.0	0.00176844	0.0	0.0	0.0	0.0	0.0
Tbi-CJos_070_Ex1_L4_clmp.r1r2_fastp	0.0709136	0.118551	0.014161	0.0	0.00607676	0.0	0.0	0.0	8.13852e-05	2.71284e-05	0.0	0.0	0.0	0.0	0.0	0.0	0.0	0.0	0.0	0.0	0.0	0.0	0.0	0.0	0.0	0.0	0.0	0.0	5.42568e-05	0.0	0.0	0.0	0.0	0.0	0.0	0.0	0.0	0.0	0.0	0.0	0.0	0.0	0.0	0.0	0.0	0.0	0.0	0.0	0.0	0.0	0.0	0.0	0.0	0.0	0.0	0.0	0.0	0.0	0.0	0.0	0.0	0.0	0.0	0.0	0.0	0.0	0.0	0.0	0.0	0.000548856	0.0	0.0	0.0	0.0	0.0	0.0	0.0	0.0	0.0	0.0	0.0	0.0	0.0	0.0	0.0	0.0	0.0	0.0	0.0	0.0	0.0	8.39995e-05	5.60862e-05	0.000702205	0.00450179	0.0	0.0	0.0	0.0	0.0	0.0	0.0	0.0	0.0	0.0	0.0	0.0	0.000144827	0.0	0.0	0.0	0.0	0.0	0.0	0.0	2.96962e-05	5.9600200000000006e-05	0.00050838	0.00138062	0.0035847099999999996	0.00027209099999999997	0.0	0.0	0.0	0.0	0.0	0.0	0.0	0.0	0.0	0.0	0.0	0.0	0.0	0.0	0.0	0.0	0.0	0.0	0.0	0.0	0.0	0.0	0.0	0.00184108	0.0	0.0	0.0	0.0	0.0
Tbi-CJos_071_Ex1_L4_clmp.r1r2_fastp	0.0729302	0.117991	0.0142602	0.0	0.006664709999999999	0.0	0.0	0.0	9.308260000000001e-06	3.7233e-05	0.0	0.0	0.0	0.0	0.0	0.0	0.0	0.0	0.0	0.0	0.0	0.0	0.0	0.0	0.0	0.0	0.0	0.0	5.58495e-05	0.0	0.0	0.0	0.0	0.0	0.0	0.0	0.0	0.0	0.0	0.0	0.0	0.0	0.0	0.0	0.0	0.0	0.0	0.0	0.0	0.0	0.0	0.0	0.0	0.0	0.0	0.0	9.35527e-06	0.0	0.0	0.0	0.0	0.0	0.0	0.0	0.0	0.0	0.0	0.0	0.0	0.000432791	0.0	0.0	0.0	0.0	0.0	0.0	0.0	0.0	0.0	0.0	0.0	0.0	0.0	0.0	9.50893e-06	0.0	0.0	9.53852e-06	0.0	0.0	0.0	2.8762599999999998e-05	3.84073e-05	0.000490448	0.00434397	2.8943600000000002e-05	1.93297e-05	0.0	0.0	0.0	0.0	0.0	0.0	0.0	0.0	0.0	2.96253e-05	0.000148499	0.0	0.0	0.0	0.0	0.0	1.00682e-05	0.0	2.02606e-05	0.000121958	0.000316077	0.00124801	0.00394145	0.000288365	1.03341e-05	0.0	0.0	0.0	0.0	0.0	0.0	0.0	0.0	0.0	0.0	0.0	0.0	0.0	0.0	0.0	0.0	0.0	0.0	0.0	0.0	0.0	0.0	0.0015406299999999999	0.0	0.0	0.0	0.0	0.0
Tbi-CJos_072_Ex1_L4_clmp.r1r2_fastp	0.0669931	0.109625	0.0169174	0.0	0.00575193	0.0	0.0	0.0	0.0	0.0	0.0	0.0	0.0	0.0	0.0	0.0	0.0	0.0	0.0	0.0	0.0	0.0	0.0	0.0	0.0	0.0	0.0	0.0	0.0	0.0	0.0	0.0	0.0	0.0	0.0	0.0	0.0	0.0	0.0	0.0	0.0	0.0	0.0	0.0	0.0	0.0	0.0	0.0	0.0	0.0	0.0	0.0	0.0	0.0	0.0	0.0	0.0	0.0	0.0	0.0	0.0	0.0	0.0	0.0	0.0	0.0	0.0	0.0	0.0	0.000342477	0.0	0.0	0.0	0.0	0.0	0.0	0.0	0.0	0.0	0.0	0.0	0.0	0.0	0.0	0.0	0.0	0.0	0.0	0.0	0.0	0.0	0.0	0.0	0.0	0.00457008	0.0	0.0	0.0	0.0	0.0	0.0	0.0	0.0	0.0	0.0	0.0	0.0	0.0	0.0	0.0	0.0	0.0	0.0	0.0	0.0	0.0	0.0007503680000000001	0.000376627	0.00189036	0.004934190000000001	0.00114318	0.0	0.0	0.0	0.0	0.0	0.0	0.0	0.0	0.0	0.0	0.0	0.0	0.0	0.0	0.0	0.0	0.0	0.0	0.0	0.0	0.0	0.0	0.0	0.00215102	0.0	0.0	0.0	0.0	0.0
Tbi-CJos_073_Ex1_L4_clmp.r1r2_fastp	0.07268440000000001	0.117257	0.014020999999999999	0.0	0.006492810000000001	0.0	0.0	0.0	0.0	1.7548100000000002e-05	0.0	0.0	0.0	0.0	0.0	0.0	0.0	0.0	5.26444e-05	0.0	0.0	0.0	0.0	0.0	0.0	0.0	0.0	0.0	5.26444e-05	0.0	0.0	0.0	0.0	0.0	0.0	0.0	0.0	0.0	0.0	0.0	0.0	0.0	0.0	0.0	0.0	0.0	0.0	0.0	0.0	0.0	0.0	0.0	0.0	0.0	0.0	0.0	1.76448e-05	0.0	0.0	0.0	0.0	0.0	0.0	0.0	0.0	0.0	0.0	0.0	0.0	0.000337139	0.0	0.0	0.0	0.0	0.0	0.0	0.0	0.0	0.0	0.0	0.0	0.0	0.0	0.0	0.0	0.0	0.0	0.0	0.0	0.0	0.0	1.80497e-05	1.8073500000000002e-05	0.00045244500000000005	0.00413231	3.63023e-05	0.0	0.0	0.0	0.0	0.0	0.0	0.0	1.8409999999999998e-05	0.0	0.0	0.0	0.000111411	0.0	1.86563e-05	0.0	1.8746599999999998e-05	0.0	1.88444e-05	0.0	3.78914e-05	0.000208984	0.0005144510000000001	0.0013757700000000001	0.00394784	0.00028831500000000003	0.0	0.0	0.0	0.0	0.0	0.0	0.0	0.0	0.0	0.0	0.0	0.0	0.0	0.0	0.0	0.0	0.0	0.0	0.0	0.0	0.0	0.0	0.0	0.0018234199999999999	0.0	0.0	0.0	0.0	0.0
Tbi-CJos_080_Ex1_L4_clmp.r1r2_fastp	0.0760851	0.120358	0.0149994	0.0	0.0064213099999999995	0.0	0.0	0.0	0.0	3.92141e-05	0.0	0.0	0.0	0.0	0.0	0.0	0.0	0.0	1.9607e-05	0.0	0.0	0.0	0.0	0.0	0.0	0.0	0.0	0.0	2.9410600000000003e-05	0.0	0.0	0.0	0.0	0.0	0.0	0.0	0.0	0.0	0.0	0.0	0.0	0.0	0.0	0.0	9.82277e-06	0.0	0.0	0.0	0.0	0.0	0.0	0.0	0.0	0.0	0.0	0.0	9.85459e-06	9.85822e-06	0.0	0.0	0.0	0.0	0.0	0.0	0.0	0.0	0.0	0.0	0.0	0.00048586	0.0	0.0	0.0	0.0	0.0	0.0	0.0	0.0	0.0	0.0	0.0	0.0	0.0	0.0	0.0	0.0	0.0	0.0	0.0	0.0	0.0	5.0643500000000004e-05	1.01457e-05	0.000548834	0.004622729999999999	6.12111e-05	4.0889699999999996e-05	0.0	0.0	0.0	0.0	0.0	0.0	0.0	0.0	0.0	1.0476000000000001e-05	0.00022063400000000002	0.0	0.0	0.0	0.0	0.0	4.28436e-05	0.0	4.31452e-05	0.00018404	0.000380293	0.00150507	0.004335240000000001	0.00027473	1.10323e-05	0.0	0.0	0.0	0.0	0.0	0.0	0.0	0.0	0.0	0.0	0.0	0.0	0.0	0.0	0.0	0.0	0.0	0.0	0.0	0.0	0.0	0.0	0.00200417	0.0	0.0	0.0	0.0	0.0
Tbi-CJos_081_Ex1_L4_clmp.r1r2_fastp	0.0796106	0.125192	0.0152452	0.0	0.00715561	0.0	0.0	0.0	1.40444e-05	4.915529999999999e-05	0.0	0.0	0.0	0.0	0.0	0.0	0.0	0.0	1.40444e-05	0.0	0.0	0.0	0.0	0.0	0.0	0.0	0.0	0.0	4.915529999999999e-05	0.0	0.0	0.0	0.0	0.0	0.0	0.0	0.0	0.0	0.0	0.0	0.0	0.0	0.0	0.0	0.0	0.0	0.0	0.0	0.0	0.0	0.0	0.0	0.0	0.0	0.0	0.0	2.1197199999999998e-05	7.0686500000000005e-06	7.07163e-06	0.0	0.0	0.0	0.0	0.0	0.0	0.0	0.0	0.0	0.0	0.000419634	0.0	0.0	0.0	0.0	0.0	0.0	0.0	0.0	0.0	0.0	0.0	0.0	0.0	0.0	0.0	0.0	0.0	0.0	0.0	0.0	1.44987e-05	0.00010890099999999999	4.363e-05	0.000604535	0.00482287	5.8473799999999996e-05	1.46454e-05	0.0	0.0	0.0	0.0	7.400150000000001e-06	0.0	0.0	0.0	0.0	7.492999999999999e-06	0.000180318	0.0	0.0	0.0	0.0	0.0	0.0	0.0	1.53953e-05	0.000185363	0.000348726	0.00139973	0.00443257	0.00026627700000000004	7.86039e-06	0.0	0.0	0.0	0.0	0.0	0.0	0.0	0.0	0.0	0.0	0.0	0.0	0.0	0.0	0.0	0.0	0.0	0.0	0.0	0.0	0.0	0.0	0.00223402	0.0	0.0	0.0	0.0	0.0
Tbi-CJos_085_Ex1_L4_clmp.r1r2_fastp	0.0720059	0.11616199999999999	0.0146933	0.0	0.0060482800000000005	0.0	0.0	0.0	1.08198e-05	7.57387e-05	0.0	0.0	0.0	0.0	0.0	0.0	0.0	0.0	0.0	0.0	0.0	0.0	0.0	0.0	0.0	0.0	0.0	0.0	3.2459399999999996e-05	0.0	0.0	0.0	0.0	0.0	0.0	0.0	0.0	0.0	0.0	0.0	0.0	0.0	0.0	0.0	0.0	0.0	0.0	0.0	0.0	0.0	0.0	0.0	0.0	0.0	0.0	0.0	0.0	0.0	0.0	0.0	0.0	0.0	0.0	0.0	0.0	0.0	0.0	0.0	0.0	0.000306282	0.0	0.0	0.0	0.0	0.0	0.0	0.0	0.0	0.0	0.0	0.0	0.0	0.0	0.0	0.0	0.0	0.0	1.10883e-05	0.0	0.0	0.0	2.2289699999999998e-05	3.3481799999999995e-05	0.000536516	0.00416447	4.48536e-05	4.4928899999999996e-05	0.0	0.0	0.0	0.0	0.0	0.0	0.0	0.0	1.14444e-05	1.14723e-05	0.000241531	0.0	0.0	0.0	1.1628000000000001e-05	0.0	1.16956e-05	0.0	2.3533e-05	0.00015344799999999999	0.00042629500000000004	0.00118791	0.0036826999999999997	0.00035873	0.0	0.0	0.0	0.0	0.0	0.0	0.0	0.0	0.0	0.0	0.0	0.0	0.0	0.0	0.0	0.0	0.0	0.0	0.0	0.0	0.0	0.0	0.0	0.0016669800000000002	0.0	0.0	0.0	0.0	0.0
Tbi-CJos_086_Ex1_L4_clmp.r1r2_fastp	0.0738511	0.117439	0.014553499999999999	0.0	0.0062714500000000005	0.0	0.0	0.0	1.04177e-05	9.37593e-05	0.0	0.0	0.0	0.0	0.0	0.0	0.0	0.0	1.04177e-05	0.0	0.0	0.0	0.0	0.0	0.0	0.0	0.0	0.0	1.04177e-05	0.0	0.0	0.0	0.0	0.0	0.0	0.0	0.0	0.0	0.0	0.0	0.0	0.0	0.0	0.0	0.0	0.0	0.0	0.0	0.0	0.0	0.0	0.0	0.0	0.0	0.0	0.0	3.14288e-05	0.0	1.0484399999999999e-05	0.0	0.0	0.0	0.0	0.0	0.0	0.0	0.0	1.0529999999999999e-05	0.0	0.000358438	0.0	0.0	0.0	0.0	0.0	0.0	0.0	0.0	0.0	0.0	0.0	1.06342e-05	0.0	0.0	0.0	0.0	0.0	1.0701299999999999e-05	0.0	0.0	1.0744100000000001e-05	2.15203e-05	3.23314e-05	0.000539773	0.00462845	5.416779999999999e-05	3.25609e-05	0.0	1.08973e-05	0.0	0.0	1.09701e-05	0.0	0.0	0.0	0.0	1.11085e-05	0.000267332	0.0	0.0	0.0	2.25425e-05	0.0	2.26863e-05	0.0	2.28388e-05	0.000126047	0.00037947299999999996	0.0013617100000000001	0.00394937	0.00024410699999999997	0.0	0.0	0.0	0.0	0.0	0.0	0.0	0.0	0.0	0.0	0.0	0.0	0.0	0.0	0.0	0.0	0.0	0.0	0.0	0.0	0.0	0.0	0.0	0.0017815499999999998	0.0	0.0	0.0	0.0	0.0
Tbi-CJos_087_Ex1_L4_clmp.r1r2_fastp	0.0742768	0.116493	0.014548600000000002	0.0	0.00629738	0.0	0.0	0.0	2.4220700000000003e-05	4.844140000000001e-05	0.0	0.0	0.0	0.0	0.0	0.0	0.0	0.0	0.0	0.0	0.0	0.0	0.0	0.0	0.0	0.0	0.0	0.0	2.4220700000000003e-05	0.0	0.0	0.0	0.0	0.0	0.0	0.0	0.0	0.0	0.0	0.0	0.0	0.0	0.0	0.0	0.0	0.0	0.0	0.0	0.0	0.0	0.0	0.0	0.0	0.0	0.0	0.0	0.0	1.62406e-05	0.0	0.0	0.0	0.0	0.0	0.0	0.0	0.0	0.0	8.1574e-06	0.0	0.00043281799999999996	0.0	0.0	0.0	0.0	0.0	8.196769999999999e-06	0.0	0.0	0.0	0.0	0.0	8.23373e-06	0.0	0.0	0.0	0.0	8.27291e-06	2.48468e-05	0.0	0.0	0.0	7.49305e-05	5.8365599999999996e-05	0.000559527	0.004491950000000001	6.70345e-05	1.67885e-05	0.0	0.0	0.0	0.0	0.0	0.0	0.0	0.0	0.0	2.57378e-05	0.000197823	0.0	0.0	0.0	1.7392100000000002e-05	0.0	2.6242399999999998e-05	0.0	8.80103e-06	0.000123599	0.00037200899999999997	0.00136849	0.00411922	0.000304178	0.0	0.0	0.0	0.0	0.0	0.0	0.0	0.0	0.0	0.0	0.0	0.0	0.0	0.0	0.0	0.0	0.0	0.0	0.0	0.0	0.0	0.0	0.0	0.00191972	0.0	0.0	0.0	0.0	0.0
Tbi-CJos_091_Ex1_L4_clmp.r1r2_fastp	0.0739664	0.11956499999999999	0.0145435	0.0	0.006347800000000001	0.0	0.0	0.0	0.0	3.422e-05	0.0	0.0	0.0	0.0	0.0	0.0	0.0	0.0	1.711e-05	0.0	0.0	0.0	0.0	0.0	0.0	0.0	0.0	0.0	0.0	0.0	0.0	0.0	0.0	0.0	0.0	0.0	0.0	0.0	0.0	0.0	0.0	0.0	0.0	0.0	0.0	0.0	0.0	0.0	0.0	0.0	0.0	0.0	0.0	0.0	0.0	0.0	0.0	0.0	0.0	0.0	0.0	0.0	0.0	0.0	0.0	0.0	0.0	0.0	0.0	0.00039789899999999995	0.0	0.0	0.0	0.0	0.0	0.0	0.0	0.0	0.0	0.0	0.0	0.0	0.0	0.0	0.0	0.0	0.0	0.0	0.0	0.0	0.0	8.81209e-05	7.059480000000001e-05	0.00065393	0.004619959999999999	7.09179e-05	0.0	0.0	0.0	0.0	0.0	0.0	0.0	0.0	0.0	0.0	1.8129000000000002e-05	0.000236249	0.0	0.0	0.0	0.0	0.0	3.69362e-05	0.0	1.8577000000000002e-05	0.000149063	0.000485945	0.00138736	0.0038933	0.000339633	0.0	0.0	0.0	0.0	0.0	0.0	0.0	0.0	0.0	0.0	0.0	0.0	0.0	0.0	0.0	0.0	0.0	0.0	0.0	0.0	0.0	0.0	0.0	0.0020341	0.0	0.0	0.0	0.0	0.0
Tbi-CJos_092_Ex1_L4_clmp.r1r2_fastp	0.0775565	0.121382	0.0153194	0.0	0.00756194	0.0	0.0	0.0	9.312740000000001e-06	3.72509e-05	0.0	0.0	0.0	0.0	0.0	0.0	0.0	0.0	9.312740000000001e-06	0.0	0.0	0.0	0.0	0.0	0.0	0.0	0.0	0.0	4.65637e-05	0.0	0.0	0.0	0.0	0.0	0.0	0.0	0.0	0.0	0.0	0.0	0.0	0.0	0.0	0.0	0.0	0.0	0.0	0.0	0.0	0.0	0.0	0.0	0.0	0.0	0.0	0.0	0.0	0.0	0.0	0.0	0.0	0.0	0.0	0.0	0.0	0.0	0.0	0.0	0.0	0.00044305399999999996	0.0	0.0	0.0	0.0	0.0	0.0	0.0	0.0	0.0	0.0	0.0	0.0	0.0	0.0	0.0	0.0	0.0	9.56739e-06	0.0	0.0	0.0	4.8098599999999994e-05	1.92696e-05	0.00077206	0.0050656799999999995	5.8109399999999996e-05	3.88117e-05	0.0	0.0	0.0	0.0	0.0	0.0	0.0	0.0	0.0	9.92904e-06	0.000179207	0.0	0.0	0.0	2.0146e-05	0.0	2.02737e-05	0.0	2.0408000000000002e-05	0.000153577	0.000523956	0.00151551	0.00482151	0.000259594	0.0	0.0	0.0	0.0	0.0	0.0	0.0	0.0	0.0	0.0	0.0	0.0	0.0	0.0	0.0	0.0	0.0	0.0	0.0	0.0	0.0	0.0	0.0	0.00204281	0.0	0.0	0.0	0.0	0.0
Tbi-CJos_093_Ex1_L4_clmp.r1r2_fastp	0.0763548	0.124555	0.0147629	0.0	0.007012180000000001	0.0	0.0	0.0	8.115950000000001e-06	5.68116e-05	0.0	0.0	0.0	0.0	0.0	0.0	0.0	0.0	1.6231900000000003e-05	0.0	0.0	0.0	0.0	0.0	0.0	0.0	0.0	0.0	8.11595e-05	0.0	0.0	0.0	0.0	0.0	0.0	0.0	0.0	0.0	0.0	0.0	0.0	0.0	0.0	0.0	8.13222e-06	0.0	0.0	0.0	0.0	0.0	0.0	0.0	0.0	0.0	0.0	0.0	8.15823e-06	8.16102e-06	0.0	0.0	0.0	0.0	0.0	0.0	0.0	0.0	0.0	0.0	8.19983e-06	0.000344564	0.0	8.21276e-06	0.0	0.0	0.0	0.0	0.0	0.0	0.0	0.0	0.0	0.0	0.0	0.0	0.0	0.0	0.0	2.4943300000000002e-05	0.0	0.0	0.0	6.68425e-05	2.5100800000000002e-05	0.000527895	0.00470811	6.72462e-05	3.3680400000000004e-05	0.0	0.0	0.0	0.0	8.500179999999999e-06	0.0	8.536839999999999e-06	0.0	0.0	0.0	0.000189604	0.0	0.0	0.0	1.7420999999999998e-05	0.0	1.75221e-05	0.0	0.0	0.00018565900000000002	0.000328146	0.0013434	0.00392744	0.000304488	8.98544e-06	0.0	0.0	0.0	0.0	0.0	0.0	0.0	0.0	0.0	0.0	0.0	0.0	0.0	0.0	0.0	0.0	0.0	0.0	0.0	0.0	0.0	0.0	0.00191703	0.0	0.0	0.0	0.0	0.0
Tbi-CJos_095_Ex1_L4_clmp.r1r2_fastp	0.07441429999999999	0.120487	0.0142573	0.0	0.00660155	0.0	0.0	0.0	3.45631e-05	0.0	0.0	0.0	0.0	0.0	0.0	0.0	0.0	0.0	0.0	0.0	0.0	0.0	0.0	0.0	0.0	0.0	0.0	0.0	6.91262e-05	0.0	0.0	0.0	0.0	0.0	0.0	0.0	0.0	0.0	0.0	0.0	0.0	0.0	0.0	0.0	0.0	0.0	0.0	0.0	0.0	0.0	0.0	0.0	0.0	0.0	0.0	0.0	3.47837e-05	5.219929999999999e-05	0.0	0.0	0.0	0.0	0.0	0.0	0.0	0.0	0.0	0.0	0.0	0.000350373	0.0	0.0	0.0	0.0	0.0	0.0	0.0	0.0	0.0	0.0	0.0	0.0	0.0	0.0	0.0	0.0	0.0	0.0	0.0	0.0	0.0	1.7932e-05	1.79646e-05	0.000593949	0.0046888400000000005	7.22917e-05	5.43392e-05	0.0	0.0	0.0	0.0	0.0	0.0	0.0	0.0	0.0	1.86124e-05	0.000224067	0.0	0.0	0.0	0.0	0.0	3.81444e-05	0.0	3.84413e-05	0.000308765	0.000542543	0.0017121100000000002	0.00418125	0.000647494	1.97065e-05	0.0	0.0	0.0	0.0	0.0	0.0	0.0	0.0	0.0	0.0	0.0	0.0	0.0	0.0	0.0	0.0	0.0	0.0	0.0	0.0	0.0	0.0	0.00179786	0.0	0.0	0.0	0.0	0.0
