all	0	193040	886578	0.2177361
all	1	48500	886578	0.0547047
all	2	108283	886578	0.1221359
all	3	51805	886578	0.0584325
all	4	76398	886578	0.0861718
all	5	45376	886578	0.0511811
all	6	53323	886578	0.0601447
all	7	37073	886578	0.0418158
all	8	37754	886578	0.0425840
all	9	27611	886578	0.0311433
all	10	25209	886578	0.0284340
all	11	20698	886578	0.0233459
all	12	18241	886578	0.0205746
all	13	14274	886578	0.0161001
all	14	13206	886578	0.0148955
all	15	11255	886578	0.0126949
all	16	8951	886578	0.0100961
all	17	7776	886578	0.0087708
all	18	7060	886578	0.0079632
all	19	5499	886578	0.0062025
all	20	5394	886578	0.0060841
all	21	4899	886578	0.0055257
all	22	3165	886578	0.0035699
all	23	3038	886578	0.0034267
all	24	2966	886578	0.0033454
all	25	2969	886578	0.0033488
all	26	2289	886578	0.0025818
all	27	1858	886578	0.0020957
all	28	1521	886578	0.0017156
all	29	1776	886578	0.0020032
all	30	1624	886578	0.0018318
all	31	1429	886578	0.0016118
all	32	1424	886578	0.0016062
all	33	1265	886578	0.0014268
all	34	998	886578	0.0011257
all	35	943	886578	0.0010636
all	36	831	886578	0.0009373
all	37	1135	886578	0.0012802
all	38	637	886578	0.0007185
all	39	679	886578	0.0007659
all	40	647	886578	0.0007298
all	41	693	886578	0.0007817
all	42	858	886578	0.0009678
all	43	725	886578	0.0008178
all	44	561	886578	0.0006328
all	45	470	886578	0.0005301
all	46	342	886578	0.0003858
all	47	433	886578	0.0004884
all	48	398	886578	0.0004489
all	49	419	886578	0.0004726
all	50	376	886578	0.0004241
all	51	391	886578	0.0004410
all	52	243	886578	0.0002741
all	53	348	886578	0.0003925
all	54	218	886578	0.0002459
all	55	326	886578	0.0003677
all	56	303	886578	0.0003418
all	57	327	886578	0.0003688
all	58	336	886578	0.0003790
all	59	269	886578	0.0003034
all	60	320	886578	0.0003609
all	61	327	886578	0.0003688
all	62	320	886578	0.0003609
all	63	290	886578	0.0003271
all	64	262	886578	0.0002955
all	65	208	886578	0.0002346
all	66	236	886578	0.0002662
all	67	259	886578	0.0002921
all	68	265	886578	0.0002989
all	69	296	886578	0.0003339
all	70	264	886578	0.0002978
all	71	257	886578	0.0002899
all	72	171	886578	0.0001929
all	73	185	886578	0.0002087
all	74	170	886578	0.0001917
all	75	171	886578	0.0001929
all	76	162	886578	0.0001827
all	77	180	886578	0.0002030
all	78	195	886578	0.0002199
all	79	162	886578	0.0001827
all	80	195	886578	0.0002199
all	81	172	886578	0.0001940
all	82	130	886578	0.0001466
all	83	164	886578	0.0001850
all	84	153	886578	0.0001726
all	85	192	886578	0.0002166
all	86	239	886578	0.0002696
all	87	115	886578	0.0001297
all	88	151	886578	0.0001703
all	89	111	886578	0.0001252
all	90	84	886578	0.0000947
all	91	122	886578	0.0001376
all	92	73	886578	0.0000823
all	93	110	886578	0.0001241
all	94	69	886578	0.0000778
all	95	74	886578	0.0000835
all	96	48	886578	0.0000541
all	97	84	886578	0.0000947
all	98	54	886578	0.0000609
all	99	60	886578	0.0000677
all	100	57	886578	0.0000643
all	101	103	886578	0.0001162
all	102	78	886578	0.0000880
all	103	82	886578	0.0000925
all	104	77	886578	0.0000869
all	105	88	886578	0.0000993
all	106	68	886578	0.0000767
all	107	103	886578	0.0001162
all	108	89	886578	0.0001004
all	109	89	886578	0.0001004
all	110	91	886578	0.0001026
all	111	83	886578	0.0000936
all	112	80	886578	0.0000902
all	113	72	886578	0.0000812
all	114	62	886578	0.0000699
all	115	69	886578	0.0000778
all	116	39	886578	0.0000440
all	117	58	886578	0.0000654
all	118	85	886578	0.0000959
all	119	119	886578	0.0001342
all	120	54	886578	0.0000609
all	121	86	886578	0.0000970
all	122	52	886578	0.0000587
all	123	67	886578	0.0000756
all	124	71	886578	0.0000801
all	125	66	886578	0.0000744
all	126	58	886578	0.0000654
all	127	60	886578	0.0000677
all	128	59	886578	0.0000665
all	129	61	886578	0.0000688
all	130	63	886578	0.0000711
all	131	57	886578	0.0000643
all	132	58	886578	0.0000654
all	133	62	886578	0.0000699
all	134	52	886578	0.0000587
all	135	47	886578	0.0000530
all	136	46	886578	0.0000519
all	137	44	886578	0.0000496
all	138	74	886578	0.0000835
all	139	54	886578	0.0000609
all	140	72	886578	0.0000812
all	141	82	886578	0.0000925
all	142	75	886578	0.0000846
all	143	88	886578	0.0000993
all	144	25	886578	0.0000282
all	145	37	886578	0.0000417
all	146	37	886578	0.0000417
all	147	36	886578	0.0000406
all	148	30	886578	0.0000338
all	149	38	886578	0.0000429
all	150	33	886578	0.0000372
all	151	52	886578	0.0000587
all	152	35	886578	0.0000395
all	153	48	886578	0.0000541
all	154	56	886578	0.0000632
all	155	81	886578	0.0000914
all	156	55	886578	0.0000620
all	157	57	886578	0.0000643
all	158	110	886578	0.0001241
all	159	76	886578	0.0000857
all	160	73	886578	0.0000823
all	161	43	886578	0.0000485
all	162	45	886578	0.0000508
all	163	48	886578	0.0000541
all	164	39	886578	0.0000440
all	165	35	886578	0.0000395
all	166	45	886578	0.0000508
all	167	44	886578	0.0000496
all	168	45	886578	0.0000508
all	169	43	886578	0.0000485
all	170	25	886578	0.0000282
all	171	29	886578	0.0000327
all	172	41	886578	0.0000462
all	173	64	886578	0.0000722
all	174	28	886578	0.0000316
all	175	49	886578	0.0000553
all	176	50	886578	0.0000564
all	177	39	886578	0.0000440
all	178	51	886578	0.0000575
all	179	50	886578	0.0000564
all	180	41	886578	0.0000462
all	181	49	886578	0.0000553
all	182	51	886578	0.0000575
all	183	32	886578	0.0000361
all	184	56	886578	0.0000632
all	185	36	886578	0.0000406
all	186	36	886578	0.0000406
all	187	29	886578	0.0000327
all	188	45	886578	0.0000508
all	189	27	886578	0.0000305
all	190	41	886578	0.0000462
all	191	27	886578	0.0000305
all	192	48	886578	0.0000541
all	193	41	886578	0.0000462
all	194	30	886578	0.0000338
all	195	38	886578	0.0000429
all	196	27	886578	0.0000305
all	197	42	886578	0.0000474
all	198	35	886578	0.0000395
all	199	53	886578	0.0000598
all	200	35	886578	0.0000395
all	201	43	886578	0.0000485
all	202	34	886578	0.0000383
all	203	37	886578	0.0000417
all	204	41	886578	0.0000462
all	205	30	886578	0.0000338
all	206	53	886578	0.0000598
all	207	36	886578	0.0000406
all	208	36	886578	0.0000406
all	209	40	886578	0.0000451
all	210	38	886578	0.0000429
all	211	58	886578	0.0000654
all	212	30	886578	0.0000338
all	213	57	886578	0.0000643
all	214	31	886578	0.0000350
all	215	29	886578	0.0000327
all	216	21	886578	0.0000237
all	217	38	886578	0.0000429
all	218	39	886578	0.0000440
all	219	32	886578	0.0000361
all	220	53	886578	0.0000598
all	221	51	886578	0.0000575
all	222	26	886578	0.0000293
all	223	33	886578	0.0000372
all	224	27	886578	0.0000305
all	225	38	886578	0.0000429
all	226	42	886578	0.0000474
all	227	42	886578	0.0000474
all	228	23	886578	0.0000259
all	229	23	886578	0.0000259
all	230	27	886578	0.0000305
all	231	16	886578	0.0000180
all	232	58	886578	0.0000654
all	233	24	886578	0.0000271
all	234	17	886578	0.0000192
all	235	23	886578	0.0000259
all	236	25	886578	0.0000282
all	237	33	886578	0.0000372
all	238	35	886578	0.0000395
all	239	28	886578	0.0000316
all	240	22	886578	0.0000248
all	241	20	886578	0.0000226
all	242	32	886578	0.0000361
all	243	23	886578	0.0000259
all	244	17	886578	0.0000192
all	245	24	886578	0.0000271
all	246	24	886578	0.0000271
all	247	25	886578	0.0000282
all	248	19	886578	0.0000214
all	249	43	886578	0.0000485
all	250	27	886578	0.0000305
all	251	33	886578	0.0000372
all	252	28	886578	0.0000316
all	253	35	886578	0.0000395
all	254	32	886578	0.0000361
all	255	20	886578	0.0000226
all	256	35	886578	0.0000395
all	257	31	886578	0.0000350
all	258	16	886578	0.0000180
all	259	36	886578	0.0000406
all	260	23	886578	0.0000259
all	261	18	886578	0.0000203
all	262	28	886578	0.0000316
all	263	15	886578	0.0000169
all	264	15	886578	0.0000169
all	265	28	886578	0.0000316
all	266	42	886578	0.0000474
all	267	24	886578	0.0000271
all	268	40	886578	0.0000451
all	269	17	886578	0.0000192
all	270	20	886578	0.0000226
all	271	25	886578	0.0000282
all	272	34	886578	0.0000383
all	273	36	886578	0.0000406
all	274	24	886578	0.0000271
all	275	25	886578	0.0000282
all	276	19	886578	0.0000214
all	277	19	886578	0.0000214
all	278	28	886578	0.0000316
all	279	26	886578	0.0000293
all	280	25	886578	0.0000282
all	281	37	886578	0.0000417
all	282	27	886578	0.0000305
all	283	23	886578	0.0000259
all	284	17	886578	0.0000192
all	285	12	886578	0.0000135
all	286	15	886578	0.0000169
all	287	45	886578	0.0000508
all	288	29	886578	0.0000327
all	289	26	886578	0.0000293
all	290	32	886578	0.0000361
all	291	24	886578	0.0000271
all	292	26	886578	0.0000293
all	293	15	886578	0.0000169
all	294	22	886578	0.0000248
all	295	42	886578	0.0000474
all	296	42	886578	0.0000474
all	297	52	886578	0.0000587
all	298	26	886578	0.0000293
all	299	19	886578	0.0000214
all	300	37	886578	0.0000417
all	301	29	886578	0.0000327
all	302	27	886578	0.0000305
all	303	27	886578	0.0000305
all	304	17	886578	0.0000192
all	305	27	886578	0.0000305
all	306	21	886578	0.0000237
all	307	24	886578	0.0000271
all	308	23	886578	0.0000259
all	309	24	886578	0.0000271
all	310	33	886578	0.0000372
all	311	22	886578	0.0000248
all	312	30	886578	0.0000338
all	313	34	886578	0.0000383
all	314	34	886578	0.0000383
all	315	39	886578	0.0000440
all	316	23	886578	0.0000259
all	317	31	886578	0.0000350
all	318	26	886578	0.0000293
all	319	20	886578	0.0000226
all	320	30	886578	0.0000338
all	321	16	886578	0.0000180
all	322	20	886578	0.0000226
all	323	32	886578	0.0000361
all	324	33	886578	0.0000372
all	325	19	886578	0.0000214
all	326	21	886578	0.0000237
all	327	21	886578	0.0000237
all	328	17	886578	0.0000192
all	329	20	886578	0.0000226
all	330	19	886578	0.0000214
all	331	19	886578	0.0000214
all	332	24	886578	0.0000271
all	333	8	886578	0.0000090
all	334	11	886578	0.0000124
all	335	17	886578	0.0000192
all	336	15	886578	0.0000169
all	337	12	886578	0.0000135
all	338	13	886578	0.0000147
all	339	16	886578	0.0000180
all	340	15	886578	0.0000169
all	341	22	886578	0.0000248
all	342	28	886578	0.0000316
all	343	15	886578	0.0000169
all	344	22	886578	0.0000248
all	345	25	886578	0.0000282
all	346	16	886578	0.0000180
all	347	18	886578	0.0000203
all	348	14	886578	0.0000158
all	349	31	886578	0.0000350
all	350	24	886578	0.0000271
all	351	19	886578	0.0000214
all	352	26	886578	0.0000293
all	353	29	886578	0.0000327
all	354	34	886578	0.0000383
all	355	22	886578	0.0000248
all	356	23	886578	0.0000259
all	357	15	886578	0.0000169
all	358	8	886578	0.0000090
all	359	18	886578	0.0000203
all	360	13	886578	0.0000147
all	361	33	886578	0.0000372
all	362	20	886578	0.0000226
all	363	12	886578	0.0000135
all	364	30	886578	0.0000338
all	365	12	886578	0.0000135
all	366	17	886578	0.0000192
all	367	12	886578	0.0000135
all	368	23	886578	0.0000259
all	369	13	886578	0.0000147
all	370	19	886578	0.0000214
all	371	14	886578	0.0000158
all	372	14	886578	0.0000158
all	373	12	886578	0.0000135
all	374	5	886578	0.0000056
all	375	29	886578	0.0000327
all	376	12	886578	0.0000135
all	377	33	886578	0.0000372
all	378	10	886578	0.0000113
all	379	14	886578	0.0000158
all	380	9	886578	0.0000102
all	381	12	886578	0.0000135
all	382	11	886578	0.0000124
all	383	9	886578	0.0000102
all	384	9	886578	0.0000102
all	385	13	886578	0.0000147
all	386	9	886578	0.0000102
all	387	17	886578	0.0000192
all	388	8	886578	0.0000090
all	389	14	886578	0.0000158
all	390	11	886578	0.0000124
all	391	10	886578	0.0000113
all	392	11	886578	0.0000124
all	393	10	886578	0.0000113
all	394	5	886578	0.0000056
all	395	9	886578	0.0000102
all	396	8	886578	0.0000090
all	397	12	886578	0.0000135
all	398	11	886578	0.0000124
all	399	8	886578	0.0000090
all	400	9	886578	0.0000102
all	401	11	886578	0.0000124
all	402	7	886578	0.0000079
all	403	6	886578	0.0000068
all	404	11	886578	0.0000124
all	405	14	886578	0.0000158
all	406	17	886578	0.0000192
all	407	10	886578	0.0000113
all	408	9	886578	0.0000102
all	409	11	886578	0.0000124
all	410	16	886578	0.0000180
all	411	11	886578	0.0000124
all	412	10	886578	0.0000113
all	413	10	886578	0.0000113
all	414	11	886578	0.0000124
all	415	8	886578	0.0000090
all	416	13	886578	0.0000147
all	417	10	886578	0.0000113
all	418	9	886578	0.0000102
all	419	11	886578	0.0000124
all	420	16	886578	0.0000180
all	421	21	886578	0.0000237
all	422	9	886578	0.0000102
all	423	12	886578	0.0000135
all	424	8	886578	0.0000090
all	425	11	886578	0.0000124
all	426	13	886578	0.0000147
all	427	13	886578	0.0000147
all	428	9	886578	0.0000102
all	429	12	886578	0.0000135
all	430	11	886578	0.0000124
all	431	10	886578	0.0000113
all	432	12	886578	0.0000135
all	433	13	886578	0.0000147
all	434	7	886578	0.0000079
all	435	7	886578	0.0000079
all	436	7	886578	0.0000079
all	437	9	886578	0.0000102
all	438	8	886578	0.0000090
all	439	7	886578	0.0000079
all	440	10	886578	0.0000113
all	441	4	886578	0.0000045
all	442	8	886578	0.0000090
all	443	6	886578	0.0000068
all	444	7	886578	0.0000079
all	445	9	886578	0.0000102
all	446	7	886578	0.0000079
all	447	6	886578	0.0000068
all	448	12	886578	0.0000135
all	449	15	886578	0.0000169
all	450	13	886578	0.0000147
all	451	5	886578	0.0000056
all	452	11	886578	0.0000124
all	453	9	886578	0.0000102
all	454	7	886578	0.0000079
all	455	13	886578	0.0000147
all	456	10	886578	0.0000113
all	457	8	886578	0.0000090
all	458	7	886578	0.0000079
all	459	6	886578	0.0000068
all	460	8	886578	0.0000090
all	461	14	886578	0.0000158
all	462	9	886578	0.0000102
all	463	10	886578	0.0000113
all	464	10	886578	0.0000113
all	465	13	886578	0.0000147
all	466	5	886578	0.0000056
all	467	9	886578	0.0000102
all	468	8	886578	0.0000090
all	469	10	886578	0.0000113
all	470	7	886578	0.0000079
all	471	7	886578	0.0000079
all	472	4	886578	0.0000045
all	473	4	886578	0.0000045
all	474	9	886578	0.0000102
all	475	9	886578	0.0000102
all	476	13	886578	0.0000147
all	477	11	886578	0.0000124
all	478	13	886578	0.0000147
all	479	7	886578	0.0000079
all	480	5	886578	0.0000056
all	481	16	886578	0.0000180
all	482	8	886578	0.0000090
all	483	11	886578	0.0000124
all	484	15	886578	0.0000169
all	485	11	886578	0.0000124
all	486	10	886578	0.0000113
all	487	18	886578	0.0000203
all	488	13	886578	0.0000147
all	489	6	886578	0.0000068
all	490	12	886578	0.0000135
all	491	22	886578	0.0000248
all	492	20	886578	0.0000226
all	493	11	886578	0.0000124
all	494	15	886578	0.0000169
all	495	14	886578	0.0000158
all	496	13	886578	0.0000147
all	497	10	886578	0.0000113
all	498	14	886578	0.0000158
all	499	7	886578	0.0000079
all	500	12	886578	0.0000135
all	501	14	886578	0.0000158
all	502	5	886578	0.0000056
all	503	11	886578	0.0000124
all	504	11	886578	0.0000124
all	505	9	886578	0.0000102
all	506	17	886578	0.0000192
all	507	9	886578	0.0000102
all	508	16	886578	0.0000180
all	509	14	886578	0.0000158
all	510	13	886578	0.0000147
all	511	10	886578	0.0000113
all	512	10	886578	0.0000113
all	513	9	886578	0.0000102
all	514	10	886578	0.0000113
all	515	6	886578	0.0000068
all	516	13	886578	0.0000147
all	517	12	886578	0.0000135
all	518	10	886578	0.0000113
all	519	10	886578	0.0000113
all	520	19	886578	0.0000214
all	521	11	886578	0.0000124
all	522	16	886578	0.0000180
all	523	10	886578	0.0000113
all	524	10	886578	0.0000113
all	525	12	886578	0.0000135
all	526	8	886578	0.0000090
all	527	13	886578	0.0000147
all	528	13	886578	0.0000147
all	529	15	886578	0.0000169
all	530	11	886578	0.0000124
all	531	18	886578	0.0000203
all	532	15	886578	0.0000169
all	533	11	886578	0.0000124
all	534	8	886578	0.0000090
all	535	8	886578	0.0000090
all	536	10	886578	0.0000113
all	537	12	886578	0.0000135
all	538	9	886578	0.0000102
all	539	6	886578	0.0000068
all	540	12	886578	0.0000135
all	541	11	886578	0.0000124
all	542	11	886578	0.0000124
all	543	12	886578	0.0000135
all	544	12	886578	0.0000135
all	545	17	886578	0.0000192
all	546	6	886578	0.0000068
all	547	15	886578	0.0000169
all	548	11	886578	0.0000124
all	549	13	886578	0.0000147
all	550	17	886578	0.0000192
all	551	14	886578	0.0000158
all	552	7	886578	0.0000079
all	553	18	886578	0.0000203
all	554	8	886578	0.0000090
all	555	20	886578	0.0000226
all	556	8	886578	0.0000090
all	557	20	886578	0.0000226
all	558	14	886578	0.0000158
all	559	15	886578	0.0000169
all	560	11	886578	0.0000124
all	561	24	886578	0.0000271
all	562	11	886578	0.0000124
all	563	10	886578	0.0000113
all	564	15	886578	0.0000169
all	565	15	886578	0.0000169
all	566	16	886578	0.0000180
all	567	15	886578	0.0000169
all	568	15	886578	0.0000169
all	569	24	886578	0.0000271
all	570	13	886578	0.0000147
all	571	23	886578	0.0000259
all	572	9	886578	0.0000102
all	573	19	886578	0.0000214
all	574	17	886578	0.0000192
all	575	15	886578	0.0000169
all	576	12	886578	0.0000135
all	577	13	886578	0.0000147
all	578	16	886578	0.0000180
all	579	9	886578	0.0000102
all	580	16	886578	0.0000180
all	581	11	886578	0.0000124
all	582	7	886578	0.0000079
all	583	19	886578	0.0000214
all	584	9	886578	0.0000102
all	585	13	886578	0.0000147
all	586	4	886578	0.0000045
all	587	9	886578	0.0000102
all	588	9	886578	0.0000102
all	589	12	886578	0.0000135
all	590	9	886578	0.0000102
all	591	4	886578	0.0000045
all	592	4	886578	0.0000045
all	593	4	886578	0.0000045
all	594	8	886578	0.0000090
all	595	17	886578	0.0000192
all	596	8	886578	0.0000090
all	597	10	886578	0.0000113
all	598	6	886578	0.0000068
all	599	5	886578	0.0000056
all	600	9	886578	0.0000102
all	601	7	886578	0.0000079
all	602	11	886578	0.0000124
all	603	10	886578	0.0000113
all	604	10	886578	0.0000113
all	605	5	886578	0.0000056
all	606	5	886578	0.0000056
all	607	10	886578	0.0000113
all	608	7	886578	0.0000079
all	609	8	886578	0.0000090
all	610	10	886578	0.0000113
all	611	15	886578	0.0000169
all	612	8	886578	0.0000090
all	613	8	886578	0.0000090
all	614	5	886578	0.0000056
all	615	8	886578	0.0000090
all	616	8	886578	0.0000090
all	617	7	886578	0.0000079
all	618	8	886578	0.0000090
all	619	17	886578	0.0000192
all	620	9	886578	0.0000102
all	621	8	886578	0.0000090
all	622	5	886578	0.0000056
all	623	5	886578	0.0000056
all	624	10	886578	0.0000113
all	625	1	886578	0.0000011
all	626	10	886578	0.0000113
all	627	7	886578	0.0000079
all	628	4	886578	0.0000045
all	629	6	886578	0.0000068
all	630	5	886578	0.0000056
all	631	5	886578	0.0000056
all	632	9	886578	0.0000102
all	633	3	886578	0.0000034
all	634	5	886578	0.0000056
all	635	7	886578	0.0000079
all	636	5	886578	0.0000056
all	637	4	886578	0.0000045
all	638	7	886578	0.0000079
all	639	4	886578	0.0000045
all	640	11	886578	0.0000124
all	641	9	886578	0.0000102
all	642	5	886578	0.0000056
all	643	7	886578	0.0000079
all	644	7	886578	0.0000079
all	645	9	886578	0.0000102
all	646	7	886578	0.0000079
all	647	14	886578	0.0000158
all	648	7	886578	0.0000079
all	649	9	886578	0.0000102
all	650	8	886578	0.0000090
all	651	10	886578	0.0000113
all	652	11	886578	0.0000124
all	653	10	886578	0.0000113
all	654	13	886578	0.0000147
all	655	10	886578	0.0000113
all	656	4	886578	0.0000045
all	657	12	886578	0.0000135
all	658	10	886578	0.0000113
all	659	7	886578	0.0000079
all	660	14	886578	0.0000158
all	661	3	886578	0.0000034
all	662	4	886578	0.0000045
all	663	4	886578	0.0000045
all	664	2	886578	0.0000023
all	665	6	886578	0.0000068
all	666	4	886578	0.0000045
all	667	7	886578	0.0000079
all	668	15	886578	0.0000169
all	669	5	886578	0.0000056
all	670	11	886578	0.0000124
all	671	9	886578	0.0000102
all	672	8	886578	0.0000090
all	673	2	886578	0.0000023
all	674	5	886578	0.0000056
all	675	9	886578	0.0000102
all	676	6	886578	0.0000068
all	677	10	886578	0.0000113
all	678	12	886578	0.0000135
all	679	10	886578	0.0000113
all	680	8	886578	0.0000090
all	681	4	886578	0.0000045
all	682	6	886578	0.0000068
all	683	2	886578	0.0000023
all	684	8	886578	0.0000090
all	685	6	886578	0.0000068
all	686	7	886578	0.0000079
all	687	5	886578	0.0000056
all	688	3	886578	0.0000034
all	689	3	886578	0.0000034
all	690	6	886578	0.0000068
all	691	10	886578	0.0000113
all	692	3	886578	0.0000034
all	693	9	886578	0.0000102
all	694	11	886578	0.0000124
all	695	7	886578	0.0000079
all	696	2	886578	0.0000023
all	697	4	886578	0.0000045
all	698	5	886578	0.0000056
all	699	7	886578	0.0000079
all	700	9	886578	0.0000102
all	701	10	886578	0.0000113
all	702	10	886578	0.0000113
all	703	9	886578	0.0000102
all	704	8	886578	0.0000090
all	705	8	886578	0.0000090
all	706	11	886578	0.0000124
all	707	3	886578	0.0000034
all	708	10	886578	0.0000113
all	709	4	886578	0.0000045
all	710	8	886578	0.0000090
all	711	15	886578	0.0000169
all	712	12	886578	0.0000135
all	713	11	886578	0.0000124
all	714	8	886578	0.0000090
all	715	11	886578	0.0000124
all	716	9	886578	0.0000102
all	717	14	886578	0.0000158
all	718	14	886578	0.0000158
all	719	13	886578	0.0000147
all	720	26	886578	0.0000293
all	721	10	886578	0.0000113
all	722	12	886578	0.0000135
all	723	6	886578	0.0000068
all	724	12	886578	0.0000135
all	725	8	886578	0.0000090
all	726	7	886578	0.0000079
all	727	8	886578	0.0000090
all	728	10	886578	0.0000113
all	729	9	886578	0.0000102
all	730	13	886578	0.0000147
all	731	11	886578	0.0000124
all	732	3	886578	0.0000034
all	733	14	886578	0.0000158
all	734	9	886578	0.0000102
all	735	10	886578	0.0000113
all	736	4	886578	0.0000045
all	737	7	886578	0.0000079
all	738	4	886578	0.0000045
all	739	8	886578	0.0000090
all	740	7	886578	0.0000079
all	741	10	886578	0.0000113
all	742	24	886578	0.0000271
all	743	4	886578	0.0000045
all	744	11	886578	0.0000124
all	745	15	886578	0.0000169
all	746	7	886578	0.0000079
all	747	8	886578	0.0000090
all	748	8	886578	0.0000090
all	749	5	886578	0.0000056
all	750	3	886578	0.0000034
all	751	3	886578	0.0000034
all	752	4	886578	0.0000045
all	753	1	886578	0.0000011
all	754	4	886578	0.0000045
all	755	2	886578	0.0000023
all	756	6	886578	0.0000068
all	757	11	886578	0.0000124
all	758	1	886578	0.0000011
all	759	2	886578	0.0000023
all	760	6	886578	0.0000068
all	761	2	886578	0.0000023
all	762	1	886578	0.0000011
all	763	5	886578	0.0000056
all	764	6	886578	0.0000068
all	765	4	886578	0.0000045
all	766	4	886578	0.0000045
all	767	3	886578	0.0000034
all	768	4	886578	0.0000045
all	769	5	886578	0.0000056
all	770	1	886578	0.0000011
all	771	6	886578	0.0000068
all	772	3	886578	0.0000034
all	773	4	886578	0.0000045
all	774	2	886578	0.0000023
all	775	5	886578	0.0000056
all	776	9	886578	0.0000102
all	777	5	886578	0.0000056
all	778	2	886578	0.0000023
all	779	2	886578	0.0000023
all	780	4	886578	0.0000045
all	781	4	886578	0.0000045
all	782	2	886578	0.0000023
all	783	4	886578	0.0000045
all	784	3	886578	0.0000034
all	785	2	886578	0.0000023
all	786	6	886578	0.0000068
all	787	5	886578	0.0000056
all	788	4	886578	0.0000045
all	789	2	886578	0.0000023
all	790	3	886578	0.0000034
all	791	5	886578	0.0000056
all	792	1	886578	0.0000011
all	793	7	886578	0.0000079
all	794	4	886578	0.0000045
all	795	6	886578	0.0000068
all	796	6	886578	0.0000068
all	797	3	886578	0.0000034
all	798	4	886578	0.0000045
all	799	6	886578	0.0000068
all	801	3	886578	0.0000034
all	802	5	886578	0.0000056
all	803	5	886578	0.0000056
all	804	8	886578	0.0000090
all	805	1	886578	0.0000011
all	806	2	886578	0.0000023
all	807	4	886578	0.0000045
all	808	8	886578	0.0000090
all	809	3	886578	0.0000034
all	810	3	886578	0.0000034
all	811	7	886578	0.0000079
all	812	5	886578	0.0000056
all	813	6	886578	0.0000068
all	814	2	886578	0.0000023
all	815	3	886578	0.0000034
all	816	2	886578	0.0000023
all	818	3	886578	0.0000034
all	819	1	886578	0.0000011
all	820	3	886578	0.0000034
all	821	3	886578	0.0000034
all	822	2	886578	0.0000023
all	823	5	886578	0.0000056
all	824	4	886578	0.0000045
all	825	5	886578	0.0000056
all	826	4	886578	0.0000045
all	827	6	886578	0.0000068
all	828	4	886578	0.0000045
all	829	6	886578	0.0000068
all	830	6	886578	0.0000068
all	831	6	886578	0.0000068
all	832	5	886578	0.0000056
all	833	6	886578	0.0000068
all	835	16	886578	0.0000180
all	836	2	886578	0.0000023
all	837	4	886578	0.0000045
all	838	4	886578	0.0000045
all	839	2	886578	0.0000023
all	840	8	886578	0.0000090
all	841	5	886578	0.0000056
all	842	5	886578	0.0000056
all	843	3	886578	0.0000034
all	844	11	886578	0.0000124
all	845	6	886578	0.0000068
all	846	4	886578	0.0000045
all	847	6	886578	0.0000068
all	848	10	886578	0.0000113
all	849	5	886578	0.0000056
all	850	4	886578	0.0000045
all	851	2	886578	0.0000023
all	852	5	886578	0.0000056
all	853	6	886578	0.0000068
all	855	6	886578	0.0000068
all	856	3	886578	0.0000034
all	857	7	886578	0.0000079
all	858	7	886578	0.0000079
all	859	2	886578	0.0000023
all	860	4	886578	0.0000045
all	861	4	886578	0.0000045
all	862	4	886578	0.0000045
all	863	4	886578	0.0000045
all	864	2	886578	0.0000023
all	865	6	886578	0.0000068
all	866	4	886578	0.0000045
all	867	2	886578	0.0000023
all	868	5	886578	0.0000056
all	869	4	886578	0.0000045
all	870	3	886578	0.0000034
all	871	3	886578	0.0000034
all	872	1	886578	0.0000011
all	873	6	886578	0.0000068
all	874	9	886578	0.0000102
all	875	5	886578	0.0000056
all	876	1	886578	0.0000011
all	877	3	886578	0.0000034
all	878	2	886578	0.0000023
all	879	4	886578	0.0000045
all	880	4	886578	0.0000045
all	881	2	886578	0.0000023
all	882	3	886578	0.0000034
all	883	4	886578	0.0000045
all	884	3	886578	0.0000034
all	885	4	886578	0.0000045
all	886	6	886578	0.0000068
all	887	5	886578	0.0000056
all	888	12	886578	0.0000135
all	889	3	886578	0.0000034
all	890	9	886578	0.0000102
all	891	6	886578	0.0000068
all	892	3	886578	0.0000034
all	893	4	886578	0.0000045
all	894	3	886578	0.0000034
all	895	6	886578	0.0000068
all	896	4	886578	0.0000045
all	897	10	886578	0.0000113
all	898	6	886578	0.0000068
all	899	5	886578	0.0000056
all	900	5	886578	0.0000056
all	901	14	886578	0.0000158
all	902	4	886578	0.0000045
all	903	7	886578	0.0000079
all	904	3	886578	0.0000034
all	905	7	886578	0.0000079
all	906	1	886578	0.0000011
all	907	5	886578	0.0000056
all	908	2	886578	0.0000023
all	909	2	886578	0.0000023
all	910	5	886578	0.0000056
all	911	3	886578	0.0000034
all	912	6	886578	0.0000068
all	913	6	886578	0.0000068
all	914	4	886578	0.0000045
all	915	2	886578	0.0000023
all	916	2	886578	0.0000023
all	917	2	886578	0.0000023
all	918	3	886578	0.0000034
all	919	8	886578	0.0000090
all	920	3	886578	0.0000034
all	921	5	886578	0.0000056
all	922	4	886578	0.0000045
all	923	5	886578	0.0000056
all	924	5	886578	0.0000056
all	925	5	886578	0.0000056
all	926	3	886578	0.0000034
all	928	7	886578	0.0000079
all	929	3	886578	0.0000034
all	930	1	886578	0.0000011
all	931	9	886578	0.0000102
all	932	4	886578	0.0000045
all	933	6	886578	0.0000068
all	934	5	886578	0.0000056
all	935	4	886578	0.0000045
all	936	3	886578	0.0000034
all	937	3	886578	0.0000034
all	938	2	886578	0.0000023
all	939	2	886578	0.0000023
all	940	5	886578	0.0000056
all	941	3	886578	0.0000034
all	942	3	886578	0.0000034
all	943	5	886578	0.0000056
all	944	6	886578	0.0000068
all	945	6	886578	0.0000068
all	946	1	886578	0.0000011
all	947	3	886578	0.0000034
all	948	1	886578	0.0000011
all	949	4	886578	0.0000045
all	950	6	886578	0.0000068
all	951	4	886578	0.0000045
all	952	6	886578	0.0000068
all	953	3	886578	0.0000034
all	954	4	886578	0.0000045
all	955	3	886578	0.0000034
all	956	7	886578	0.0000079
all	957	5	886578	0.0000056
all	958	2	886578	0.0000023
all	959	1	886578	0.0000011
all	960	1	886578	0.0000011
all	961	2	886578	0.0000023
all	962	2	886578	0.0000023
all	963	4	886578	0.0000045
all	964	3	886578	0.0000034
all	965	2	886578	0.0000023
all	966	3	886578	0.0000034
all	967	2	886578	0.0000023
all	968	4	886578	0.0000045
all	969	2	886578	0.0000023
all	970	4	886578	0.0000045
all	971	4	886578	0.0000045
all	972	3	886578	0.0000034
all	974	8	886578	0.0000090
all	975	6	886578	0.0000068
all	976	4	886578	0.0000045
all	977	1	886578	0.0000011
all	978	3	886578	0.0000034
all	979	4	886578	0.0000045
all	980	3	886578	0.0000034
all	981	6	886578	0.0000068
all	982	2	886578	0.0000023
all	983	1	886578	0.0000011
all	984	2	886578	0.0000023
all	985	4	886578	0.0000045
all	986	4	886578	0.0000045
all	987	4	886578	0.0000045
all	988	1	886578	0.0000011
all	989	4	886578	0.0000045
all	990	6	886578	0.0000068
all	991	6	886578	0.0000068
all	992	5	886578	0.0000056
all	994	3	886578	0.0000034
all	995	2	886578	0.0000023
all	996	9	886578	0.0000102
all	997	6	886578	0.0000068
all	998	1	886578	0.0000011
all	999	4	886578	0.0000045
all	1000	5	886578	0.0000056
all	1001	5	886578	0.0000056
all	1002	5	886578	0.0000056
all	1003	1	886578	0.0000011
all	1004	1	886578	0.0000011
all	1005	6	886578	0.0000068
all	1006	3	886578	0.0000034
all	1007	4	886578	0.0000045
all	1008	6	886578	0.0000068
all	1009	4	886578	0.0000045
all	1010	4	886578	0.0000045
all	1011	3	886578	0.0000034
all	1012	4	886578	0.0000045
all	1013	2	886578	0.0000023
all	1014	4	886578	0.0000045
all	1015	2	886578	0.0000023
all	1016	7	886578	0.0000079
all	1017	4	886578	0.0000045
all	1018	5	886578	0.0000056
all	1019	1	886578	0.0000011
all	1020	3	886578	0.0000034
all	1021	11	886578	0.0000124
all	1022	6	886578	0.0000068
all	1023	4	886578	0.0000045
all	1024	11	886578	0.0000124
all	1025	10	886578	0.0000113
all	1026	4	886578	0.0000045
all	1027	4	886578	0.0000045
all	1028	6	886578	0.0000068
all	1029	4	886578	0.0000045
all	1030	6	886578	0.0000068
all	1031	5	886578	0.0000056
all	1032	3	886578	0.0000034
all	1033	10	886578	0.0000113
all	1034	4	886578	0.0000045
all	1035	3	886578	0.0000034
all	1036	7	886578	0.0000079
all	1037	3	886578	0.0000034
all	1038	7	886578	0.0000079
all	1039	7	886578	0.0000079
all	1040	6	886578	0.0000068
all	1041	14	886578	0.0000158
all	1042	5	886578	0.0000056
all	1043	3	886578	0.0000034
all	1044	1	886578	0.0000011
all	1045	4	886578	0.0000045
all	1046	4	886578	0.0000045
all	1047	6	886578	0.0000068
all	1048	4	886578	0.0000045
all	1049	8	886578	0.0000090
all	1050	4	886578	0.0000045
all	1051	3	886578	0.0000034
all	1052	1	886578	0.0000011
all	1053	3	886578	0.0000034
all	1054	3	886578	0.0000034
all	1055	3	886578	0.0000034
all	1056	2	886578	0.0000023
all	1057	4	886578	0.0000045
all	1059	4	886578	0.0000045
all	1060	2	886578	0.0000023
all	1061	5	886578	0.0000056
all	1062	3	886578	0.0000034
all	1063	3	886578	0.0000034
all	1064	4	886578	0.0000045
all	1065	5	886578	0.0000056
all	1066	2	886578	0.0000023
all	1067	1	886578	0.0000011
all	1068	3	886578	0.0000034
all	1069	4	886578	0.0000045
all	1070	6	886578	0.0000068
all	1071	5	886578	0.0000056
all	1072	6	886578	0.0000068
all	1073	9	886578	0.0000102
all	1074	5	886578	0.0000056
all	1075	2	886578	0.0000023
all	1076	5	886578	0.0000056
all	1077	2	886578	0.0000023
all	1078	2	886578	0.0000023
all	1079	6	886578	0.0000068
all	1080	3	886578	0.0000034
all	1081	3	886578	0.0000034
all	1082	4	886578	0.0000045
all	1083	2	886578	0.0000023
all	1084	1	886578	0.0000011
all	1085	1	886578	0.0000011
all	1086	2	886578	0.0000023
all	1087	1	886578	0.0000011
all	1088	6	886578	0.0000068
all	1089	4	886578	0.0000045
all	1090	3	886578	0.0000034
all	1091	1	886578	0.0000011
all	1092	6	886578	0.0000068
all	1094	2	886578	0.0000023
all	1095	9	886578	0.0000102
all	1096	1	886578	0.0000011
all	1097	4	886578	0.0000045
all	1098	3	886578	0.0000034
all	1099	5	886578	0.0000056
all	1100	5	886578	0.0000056
all	1101	3	886578	0.0000034
all	1102	2	886578	0.0000023
all	1103	4	886578	0.0000045
all	1104	3	886578	0.0000034
all	1105	3	886578	0.0000034
all	1106	3	886578	0.0000034
all	1107	4	886578	0.0000045
all	1108	3	886578	0.0000034
all	1109	2	886578	0.0000023
all	1110	5	886578	0.0000056
all	1111	3	886578	0.0000034
all	1112	3	886578	0.0000034
all	1113	3	886578	0.0000034
all	1115	6	886578	0.0000068
all	1116	4	886578	0.0000045
all	1117	4	886578	0.0000045
all	1118	2	886578	0.0000023
all	1119	4	886578	0.0000045
all	1120	4	886578	0.0000045
all	1121	3	886578	0.0000034
all	1122	4	886578	0.0000045
all	1123	4	886578	0.0000045
all	1124	4	886578	0.0000045
all	1125	4	886578	0.0000045
all	1126	2	886578	0.0000023
all	1127	3	886578	0.0000034
all	1128	5	886578	0.0000056
all	1130	4	886578	0.0000045
all	1131	6	886578	0.0000068
all	1132	2	886578	0.0000023
all	1133	5	886578	0.0000056
all	1134	6	886578	0.0000068
all	1135	3	886578	0.0000034
all	1136	4	886578	0.0000045
all	1137	5	886578	0.0000056
all	1138	5	886578	0.0000056
all	1139	6	886578	0.0000068
all	1140	5	886578	0.0000056
all	1141	4	886578	0.0000045
all	1142	2	886578	0.0000023
all	1143	1	886578	0.0000011
all	1144	3	886578	0.0000034
all	1145	4	886578	0.0000045
all	1147	3	886578	0.0000034
all	1148	2	886578	0.0000023
all	1149	5	886578	0.0000056
all	1150	7	886578	0.0000079
all	1151	2	886578	0.0000023
all	1152	7	886578	0.0000079
all	1153	3	886578	0.0000034
all	1154	5	886578	0.0000056
all	1155	2	886578	0.0000023
all	1156	5	886578	0.0000056
all	1157	5	886578	0.0000056
all	1158	8	886578	0.0000090
all	1159	3	886578	0.0000034
all	1160	4	886578	0.0000045
all	1161	9	886578	0.0000102
all	1162	6	886578	0.0000068
all	1163	8	886578	0.0000090
all	1164	7	886578	0.0000079
all	1165	2	886578	0.0000023
all	1166	3	886578	0.0000034
all	1167	11	886578	0.0000124
all	1168	5	886578	0.0000056
all	1169	6	886578	0.0000068
all	1170	7	886578	0.0000079
all	1171	5	886578	0.0000056
all	1172	4	886578	0.0000045
all	1173	5	886578	0.0000056
all	1174	2	886578	0.0000023
all	1175	4	886578	0.0000045
all	1176	5	886578	0.0000056
all	1177	2	886578	0.0000023
all	1178	1	886578	0.0000011
all	1179	2	886578	0.0000023
all	1180	2	886578	0.0000023
all	1181	5	886578	0.0000056
all	1183	5	886578	0.0000056
all	1184	2	886578	0.0000023
all	1185	2	886578	0.0000023
all	1187	4	886578	0.0000045
all	1188	3	886578	0.0000034
all	1192	1	886578	0.0000011
all	1193	3	886578	0.0000034
all	1194	2	886578	0.0000023
all	1195	3	886578	0.0000034
all	1196	1	886578	0.0000011
all	1197	3	886578	0.0000034
all	1198	2	886578	0.0000023
all	1199	4	886578	0.0000045
all	1201	3	886578	0.0000034
all	1202	5	886578	0.0000056
all	1203	1	886578	0.0000011
all	1204	5	886578	0.0000056
all	1205	3	886578	0.0000034
all	1206	1	886578	0.0000011
all	1207	6	886578	0.0000068
all	1209	3	886578	0.0000034
all	1210	4	886578	0.0000045
all	1212	4	886578	0.0000045
all	1213	5	886578	0.0000056
all	1215	3	886578	0.0000034
all	1216	4	886578	0.0000045
all	1217	2	886578	0.0000023
all	1218	8	886578	0.0000090
all	1219	2	886578	0.0000023
all	1220	2	886578	0.0000023
all	1221	8	886578	0.0000090
all	1222	8	886578	0.0000090
all	1223	2	886578	0.0000023
all	1224	4	886578	0.0000045
all	1225	1	886578	0.0000011
all	1226	4	886578	0.0000045
all	1227	6	886578	0.0000068
all	1228	2	886578	0.0000023
all	1229	4	886578	0.0000045
all	1230	4	886578	0.0000045
all	1231	3	886578	0.0000034
all	1232	2	886578	0.0000023
all	1233	2	886578	0.0000023
all	1234	5	886578	0.0000056
all	1235	2	886578	0.0000023
all	1236	4	886578	0.0000045
all	1237	4	886578	0.0000045
all	1238	1	886578	0.0000011
all	1239	4	886578	0.0000045
all	1240	2	886578	0.0000023
all	1241	4	886578	0.0000045
all	1242	1	886578	0.0000011
all	1243	1	886578	0.0000011
all	1244	2	886578	0.0000023
all	1245	1	886578	0.0000011
all	1246	3	886578	0.0000034
all	1248	2	886578	0.0000023
all	1249	2	886578	0.0000023
all	1250	2	886578	0.0000023
all	1252	3	886578	0.0000034
all	1254	1	886578	0.0000011
all	1256	2	886578	0.0000023
all	1257	2	886578	0.0000023
all	1258	2	886578	0.0000023
all	1260	1	886578	0.0000011
all	1261	2	886578	0.0000023
all	1264	1	886578	0.0000011
all	1265	1	886578	0.0000011
all	1266	1	886578	0.0000011
all	1267	2	886578	0.0000023
all	1268	1	886578	0.0000011
all	1269	1	886578	0.0000011
all	1270	2	886578	0.0000023
all	1271	2	886578	0.0000023
all	1272	3	886578	0.0000034
all	1274	1	886578	0.0000011
all	1275	2	886578	0.0000023
all	1277	3	886578	0.0000034
all	1278	1	886578	0.0000011
all	1280	1	886578	0.0000011
all	1281	3	886578	0.0000034
all	1282	4	886578	0.0000045
all	1284	3	886578	0.0000034
all	1285	1	886578	0.0000011
all	1287	1	886578	0.0000011
all	1288	1	886578	0.0000011
all	1289	2	886578	0.0000023
all	1290	3	886578	0.0000034
all	1291	3	886578	0.0000034
all	1292	2	886578	0.0000023
all	1293	2	886578	0.0000023
all	1295	2	886578	0.0000023
all	1296	2	886578	0.0000023
all	1297	4	886578	0.0000045
all	1298	4	886578	0.0000045
all	1299	1	886578	0.0000011
all	1300	4	886578	0.0000045
all	1301	2	886578	0.0000023
all	1302	2	886578	0.0000023
all	1303	1	886578	0.0000011
all	1304	2	886578	0.0000023
all	1305	1	886578	0.0000011
all	1306	5	886578	0.0000056
all	1307	2	886578	0.0000023
all	1308	1	886578	0.0000011
all	1309	2	886578	0.0000023
all	1311	3	886578	0.0000034
all	1312	3	886578	0.0000034
all	1314	2	886578	0.0000023
all	1315	1	886578	0.0000011
all	1316	1	886578	0.0000011
all	1318	3	886578	0.0000034
all	1319	3	886578	0.0000034
all	1320	4	886578	0.0000045
all	1321	3	886578	0.0000034
all	1322	2	886578	0.0000023
all	1324	1	886578	0.0000011
all	1327	4	886578	0.0000045
all	1328	5	886578	0.0000056
all	1329	1	886578	0.0000011
all	1330	3	886578	0.0000034
all	1331	4	886578	0.0000045
all	1332	4	886578	0.0000045
all	1333	3	886578	0.0000034
all	1334	1	886578	0.0000011
all	1336	5	886578	0.0000056
all	1337	1	886578	0.0000011
all	1338	1	886578	0.0000011
all	1339	4	886578	0.0000045
all	1340	2	886578	0.0000023
all	1341	3	886578	0.0000034
all	1342	10	886578	0.0000113
all	1343	2	886578	0.0000023
all	1344	2	886578	0.0000023
all	1345	4	886578	0.0000045
all	1346	7	886578	0.0000079
all	1347	4	886578	0.0000045
all	1348	3	886578	0.0000034
all	1349	1	886578	0.0000011
all	1350	2	886578	0.0000023
all	1351	1	886578	0.0000011
all	1352	2	886578	0.0000023
all	1353	4	886578	0.0000045
all	1354	4	886578	0.0000045
all	1355	4	886578	0.0000045
all	1357	1	886578	0.0000011
all	1358	3	886578	0.0000034
all	1359	2	886578	0.0000023
all	1360	1	886578	0.0000011
all	1362	1	886578	0.0000011
all	1364	1	886578	0.0000011
all	1365	1	886578	0.0000011
all	1368	2	886578	0.0000023
all	1369	3	886578	0.0000034
all	1372	1	886578	0.0000011
all	1374	2	886578	0.0000023
all	1375	1	886578	0.0000011
all	1376	2	886578	0.0000023
all	1377	1	886578	0.0000011
all	1378	2	886578	0.0000023
all	1379	1	886578	0.0000011
all	1381	2	886578	0.0000023
all	1383	1	886578	0.0000011
all	1385	1	886578	0.0000011
all	1387	2	886578	0.0000023
all	1388	2	886578	0.0000023
all	1390	2	886578	0.0000023
all	1394	1	886578	0.0000011
all	1396	2	886578	0.0000023
all	1397	1	886578	0.0000011
all	1398	1	886578	0.0000011
all	1399	2	886578	0.0000023
all	1400	1	886578	0.0000011
all	1401	1	886578	0.0000011
all	1402	1	886578	0.0000011
all	1403	5	886578	0.0000056
all	1405	3	886578	0.0000034
all	1406	1	886578	0.0000011
all	1407	1	886578	0.0000011
all	1409	1	886578	0.0000011
all	1410	2	886578	0.0000023
all	1411	1	886578	0.0000011
all	1412	3	886578	0.0000034
all	1414	2	886578	0.0000023
all	1415	1	886578	0.0000011
all	1416	1	886578	0.0000011
all	1418	2	886578	0.0000023
all	1420	1	886578	0.0000011
all	1421	1	886578	0.0000011
all	1422	3	886578	0.0000034
all	1425	3	886578	0.0000034
all	1427	1	886578	0.0000011
all	1428	2	886578	0.0000023
all	1432	1	886578	0.0000011
all	1433	1	886578	0.0000011
all	1434	2	886578	0.0000023
all	1435	3	886578	0.0000034
all	1436	1	886578	0.0000011
all	1437	1	886578	0.0000011
all	1438	1	886578	0.0000011
all	1439	1	886578	0.0000011
all	1440	1	886578	0.0000011
all	1441	3	886578	0.0000034
all	1443	4	886578	0.0000045
all	1444	2	886578	0.0000023
all	1445	2	886578	0.0000023
all	1446	3	886578	0.0000034
all	1447	1	886578	0.0000011
all	1448	2	886578	0.0000023
all	1449	3	886578	0.0000034
all	1451	1	886578	0.0000011
all	1453	2	886578	0.0000023
all	1454	2	886578	0.0000023
all	1455	3	886578	0.0000034
all	1456	1	886578	0.0000011
all	1457	2	886578	0.0000023
all	1459	2	886578	0.0000023
all	1460	1	886578	0.0000011
all	1462	1	886578	0.0000011
all	1463	2	886578	0.0000023
all	1465	1	886578	0.0000011
all	1466	3	886578	0.0000034
all	1467	1	886578	0.0000011
all	1468	1	886578	0.0000011
all	1470	1	886578	0.0000011
all	1472	1	886578	0.0000011
all	1473	4	886578	0.0000045
all	1474	2	886578	0.0000023
all	1475	3	886578	0.0000034
all	1478	1	886578	0.0000011
all	1480	2	886578	0.0000023
all	1482	2	886578	0.0000023
all	1483	2	886578	0.0000023
all	1484	2	886578	0.0000023
all	1485	2	886578	0.0000023
all	1486	1	886578	0.0000011
all	1487	2	886578	0.0000023
all	1488	2	886578	0.0000023
all	1489	7	886578	0.0000079
all	1490	2	886578	0.0000023
all	1491	6	886578	0.0000068
all	1492	2	886578	0.0000023
all	1493	2	886578	0.0000023
all	1494	2	886578	0.0000023
all	1495	5	886578	0.0000056
all	1496	3	886578	0.0000034
all	1498	3	886578	0.0000034
all	1499	3	886578	0.0000034
all	1500	3	886578	0.0000034
all	1501	1	886578	0.0000011
all	1502	2	886578	0.0000023
all	1503	1	886578	0.0000011
all	1504	4	886578	0.0000045
all	1505	1	886578	0.0000011
all	1506	2	886578	0.0000023
all	1507	1	886578	0.0000011
all	1508	2	886578	0.0000023
all	1509	1	886578	0.0000011
all	1511	3	886578	0.0000034
all	1512	2	886578	0.0000023
all	1513	2	886578	0.0000023
all	1514	1	886578	0.0000011
all	1515	1	886578	0.0000011
all	1516	3	886578	0.0000034
all	1518	2	886578	0.0000023
all	1519	1	886578	0.0000011
all	1520	1	886578	0.0000011
all	1521	3	886578	0.0000034
all	1522	1	886578	0.0000011
all	1523	2	886578	0.0000023
all	1525	6	886578	0.0000068
all	1526	1	886578	0.0000011
all	1527	2	886578	0.0000023
all	1528	3	886578	0.0000034
all	1529	5	886578	0.0000056
all	1530	1	886578	0.0000011
all	1531	2	886578	0.0000023
all	1532	7	886578	0.0000079
all	1533	3	886578	0.0000034
all	1534	5	886578	0.0000056
all	1536	1	886578	0.0000011
all	1537	2	886578	0.0000023
all	1538	4	886578	0.0000045
all	1539	3	886578	0.0000034
all	1540	1	886578	0.0000011
all	1541	2	886578	0.0000023
all	1542	2	886578	0.0000023
all	1543	1	886578	0.0000011
all	1544	3	886578	0.0000034
all	1545	4	886578	0.0000045
all	1546	2	886578	0.0000023
all	1547	1	886578	0.0000011
all	1548	3	886578	0.0000034
all	1549	1	886578	0.0000011
all	1550	5	886578	0.0000056
all	1551	1	886578	0.0000011
all	1554	4	886578	0.0000045
all	1555	3	886578	0.0000034
all	1556	2	886578	0.0000023
all	1557	1	886578	0.0000011
all	1558	2	886578	0.0000023
all	1559	5	886578	0.0000056
all	1560	5	886578	0.0000056
all	1561	4	886578	0.0000045
all	1562	2	886578	0.0000023
all	1563	3	886578	0.0000034
all	1564	3	886578	0.0000034
all	1565	4	886578	0.0000045
all	1566	2	886578	0.0000023
all	1567	2	886578	0.0000023
all	1568	3	886578	0.0000034
all	1569	3	886578	0.0000034
all	1570	3	886578	0.0000034
all	1571	2	886578	0.0000023
all	1572	2	886578	0.0000023
all	1573	1	886578	0.0000011
all	1574	2	886578	0.0000023
all	1575	2	886578	0.0000023
all	1577	1	886578	0.0000011
all	1578	1	886578	0.0000011
all	1579	1	886578	0.0000011
all	1580	2	886578	0.0000023
all	1581	3	886578	0.0000034
all	1582	1	886578	0.0000011
all	1583	1	886578	0.0000011
all	1584	1	886578	0.0000011
all	1586	1	886578	0.0000011
all	1587	1	886578	0.0000011
all	1588	1	886578	0.0000011
all	1589	2	886578	0.0000023
all	1590	1	886578	0.0000011
all	1591	1	886578	0.0000011
all	1592	3	886578	0.0000034
all	1593	2	886578	0.0000023
all	1596	1	886578	0.0000011
all	1597	1	886578	0.0000011
all	1598	1	886578	0.0000011
all	1599	1	886578	0.0000011
all	1600	1	886578	0.0000011
all	1601	2	886578	0.0000023
all	1602	3	886578	0.0000034
all	1603	4	886578	0.0000045
all	1606	2	886578	0.0000023
all	1607	1	886578	0.0000011
all	1608	1	886578	0.0000011
all	1609	2	886578	0.0000023
all	1612	2	886578	0.0000023
all	1613	2	886578	0.0000023
all	1614	1	886578	0.0000011
all	1615	2	886578	0.0000023
all	1616	1	886578	0.0000011
all	1617	2	886578	0.0000023
all	1618	4	886578	0.0000045
all	1620	2	886578	0.0000023
all	1621	1	886578	0.0000011
all	1622	2	886578	0.0000023
all	1624	3	886578	0.0000034
all	1625	1	886578	0.0000011
all	1627	4	886578	0.0000045
all	1630	1	886578	0.0000011
all	1632	1	886578	0.0000011
all	1633	1	886578	0.0000011
all	1634	1	886578	0.0000011
all	1635	5	886578	0.0000056
all	1636	4	886578	0.0000045
all	1637	1	886578	0.0000011
all	1638	2	886578	0.0000023
all	1640	1	886578	0.0000011
all	1641	3	886578	0.0000034
all	1643	4	886578	0.0000045
all	1644	2	886578	0.0000023
all	1645	1	886578	0.0000011
all	1647	2	886578	0.0000023
all	1648	1	886578	0.0000011
all	1649	5	886578	0.0000056
all	1650	4	886578	0.0000045
all	1651	4	886578	0.0000045
all	1653	3	886578	0.0000034
all	1654	2	886578	0.0000023
all	1655	3	886578	0.0000034
all	1656	4	886578	0.0000045
all	1657	2	886578	0.0000023
all	1658	4	886578	0.0000045
all	1659	1	886578	0.0000011
all	1660	2	886578	0.0000023
all	1661	1	886578	0.0000011
all	1662	4	886578	0.0000045
all	1663	2	886578	0.0000023
all	1664	4	886578	0.0000045
all	1665	4	886578	0.0000045
all	1666	2	886578	0.0000023
all	1668	1	886578	0.0000011
all	1669	1	886578	0.0000011
all	1670	2	886578	0.0000023
all	1671	2	886578	0.0000023
all	1672	1	886578	0.0000011
all	1673	2	886578	0.0000023
all	1674	1	886578	0.0000011
all	1675	2	886578	0.0000023
all	1676	1	886578	0.0000011
all	1677	3	886578	0.0000034
all	1678	2	886578	0.0000023
all	1679	1	886578	0.0000011
all	1680	3	886578	0.0000034
all	1681	3	886578	0.0000034
all	1682	2	886578	0.0000023
all	1683	1	886578	0.0000011
all	1684	6	886578	0.0000068
all	1686	2	886578	0.0000023
all	1687	2	886578	0.0000023
all	1688	3	886578	0.0000034
all	1689	2	886578	0.0000023
all	1690	1	886578	0.0000011
all	1691	1	886578	0.0000011
all	1693	5	886578	0.0000056
all	1694	4	886578	0.0000045
all	1695	4	886578	0.0000045
all	1696	1	886578	0.0000011
all	1697	1	886578	0.0000011
all	1698	5	886578	0.0000056
all	1699	2	886578	0.0000023
all	1700	4	886578	0.0000045
all	1701	1	886578	0.0000011
all	1702	1	886578	0.0000011
all	1703	3	886578	0.0000034
all	1704	1	886578	0.0000011
all	1705	2	886578	0.0000023
all	1706	3	886578	0.0000034
all	1707	2	886578	0.0000023
all	1708	3	886578	0.0000034
all	1709	2	886578	0.0000023
all	1711	2	886578	0.0000023
all	1712	1	886578	0.0000011
all	1713	1	886578	0.0000011
all	1714	3	886578	0.0000034
all	1715	2	886578	0.0000023
all	1716	5	886578	0.0000056
all	1717	4	886578	0.0000045
all	1718	3	886578	0.0000034
all	1719	1	886578	0.0000011
all	1721	1	886578	0.0000011
all	1722	2	886578	0.0000023
all	1723	1	886578	0.0000011
all	1724	2	886578	0.0000023
all	1725	3	886578	0.0000034
all	1726	2	886578	0.0000023
all	1727	2	886578	0.0000023
all	1728	2	886578	0.0000023
all	1729	3	886578	0.0000034
all	1730	2	886578	0.0000023
all	1731	3	886578	0.0000034
all	1732	3	886578	0.0000034
all	1733	1	886578	0.0000011
all	1734	2	886578	0.0000023
all	1736	1	886578	0.0000011
all	1737	1	886578	0.0000011
all	1739	1	886578	0.0000011
all	1740	4	886578	0.0000045
all	1742	1	886578	0.0000011
all	1743	1	886578	0.0000011
all	1744	3	886578	0.0000034
all	1745	3	886578	0.0000034
all	1746	2	886578	0.0000023
all	1748	4	886578	0.0000045
all	1749	2	886578	0.0000023
all	1750	5	886578	0.0000056
all	1751	2	886578	0.0000023
all	1752	4	886578	0.0000045
all	1753	2	886578	0.0000023
all	1756	4	886578	0.0000045
all	1757	3	886578	0.0000034
all	1758	3	886578	0.0000034
all	1759	1	886578	0.0000011
all	1760	2	886578	0.0000023
all	1761	1	886578	0.0000011
all	1762	3	886578	0.0000034
all	1763	2	886578	0.0000023
all	1764	6	886578	0.0000068
all	1765	2	886578	0.0000023
all	1766	3	886578	0.0000034
all	1767	4	886578	0.0000045
all	1768	3	886578	0.0000034
all	1769	2	886578	0.0000023
all	1770	1	886578	0.0000011
all	1771	1	886578	0.0000011
all	1772	5	886578	0.0000056
all	1773	3	886578	0.0000034
all	1774	4	886578	0.0000045
all	1775	4	886578	0.0000045
all	1776	5	886578	0.0000056
all	1777	1	886578	0.0000011
all	1778	1	886578	0.0000011
all	1779	3	886578	0.0000034
all	1781	7	886578	0.0000079
all	1782	4	886578	0.0000045
all	1783	6	886578	0.0000068
all	1784	3	886578	0.0000034
all	1785	3	886578	0.0000034
all	1787	3	886578	0.0000034
all	1788	4	886578	0.0000045
all	1789	3	886578	0.0000034
all	1790	2	886578	0.0000023
all	1792	2	886578	0.0000023
all	1793	4	886578	0.0000045
all	1794	1	886578	0.0000011
all	1796	2	886578	0.0000023
all	1797	2	886578	0.0000023
all	1798	1	886578	0.0000011
all	1799	2	886578	0.0000023
all	1800	4	886578	0.0000045
all	1801	4	886578	0.0000045
all	1802	3	886578	0.0000034
all	1803	6	886578	0.0000068
all	1804	2	886578	0.0000023
all	1805	5	886578	0.0000056
all	1806	3	886578	0.0000034
all	1807	1	886578	0.0000011
all	1808	2	886578	0.0000023
all	1809	2	886578	0.0000023
all	1810	5	886578	0.0000056
all	1811	2	886578	0.0000023
all	1812	3	886578	0.0000034
all	1813	1	886578	0.0000011
all	1814	5	886578	0.0000056
all	1815	2	886578	0.0000023
all	1816	2	886578	0.0000023
all	1817	4	886578	0.0000045
all	1818	3	886578	0.0000034
all	1819	3	886578	0.0000034
all	1820	2	886578	0.0000023
all	1821	2	886578	0.0000023
all	1822	2	886578	0.0000023
all	1823	6	886578	0.0000068
all	1824	2	886578	0.0000023
all	1825	3	886578	0.0000034
all	1826	3	886578	0.0000034
all	1827	3	886578	0.0000034
all	1828	4	886578	0.0000045
all	1829	1	886578	0.0000011
all	1830	3	886578	0.0000034
all	1831	1	886578	0.0000011
all	1832	1	886578	0.0000011
all	1833	2	886578	0.0000023
all	1834	9	886578	0.0000102
all	1835	2	886578	0.0000023
all	1836	3	886578	0.0000034
all	1837	3	886578	0.0000034
all	1839	2	886578	0.0000023
all	1840	3	886578	0.0000034
all	1841	1	886578	0.0000011
all	1842	4	886578	0.0000045
all	1843	6	886578	0.0000068
all	1844	2	886578	0.0000023
all	1845	1	886578	0.0000011
all	1846	3	886578	0.0000034
all	1847	2	886578	0.0000023
all	1848	4	886578	0.0000045
all	1849	5	886578	0.0000056
all	1850	2	886578	0.0000023
all	1851	2	886578	0.0000023
all	1852	4	886578	0.0000045
all	1853	2	886578	0.0000023
all	1854	3	886578	0.0000034
all	1855	1	886578	0.0000011
all	1856	2	886578	0.0000023
all	1857	1	886578	0.0000011
all	1859	3	886578	0.0000034
all	1860	2	886578	0.0000023
all	1861	6	886578	0.0000068
all	1862	2	886578	0.0000023
all	1863	2	886578	0.0000023
all	1864	2	886578	0.0000023
all	1865	1	886578	0.0000011
all	1866	2	886578	0.0000023
all	1867	2	886578	0.0000023
all	1868	1	886578	0.0000011
all	1869	3	886578	0.0000034
all	1870	2	886578	0.0000023
all	1871	2	886578	0.0000023
all	1872	4	886578	0.0000045
all	1873	6	886578	0.0000068
all	1874	2	886578	0.0000023
all	1875	3	886578	0.0000034
all	1876	4	886578	0.0000045
all	1877	1	886578	0.0000011
all	1878	1	886578	0.0000011
all	1879	3	886578	0.0000034
all	1880	2	886578	0.0000023
all	1881	3	886578	0.0000034
all	1882	1	886578	0.0000011
all	1884	1	886578	0.0000011
all	1885	2	886578	0.0000023
all	1886	1	886578	0.0000011
all	1887	2	886578	0.0000023
all	1888	1	886578	0.0000011
all	1889	2	886578	0.0000023
all	1891	1	886578	0.0000011
all	1892	2	886578	0.0000023
all	1893	2	886578	0.0000023
all	1894	2	886578	0.0000023
all	1895	1	886578	0.0000011
all	1896	2	886578	0.0000023
all	1898	1	886578	0.0000011
all	1899	2	886578	0.0000023
all	1900	4	886578	0.0000045
all	1901	4	886578	0.0000045
all	1903	2	886578	0.0000023
all	1904	2	886578	0.0000023
all	1905	1	886578	0.0000011
all	1906	1	886578	0.0000011
all	1907	1	886578	0.0000011
all	1908	2	886578	0.0000023
all	1909	1	886578	0.0000011
all	1912	4	886578	0.0000045
all	1914	2	886578	0.0000023
all	1915	1	886578	0.0000011
all	1916	3	886578	0.0000034
all	1917	3	886578	0.0000034
all	1918	3	886578	0.0000034
all	1919	6	886578	0.0000068
all	1922	2	886578	0.0000023
all	1923	1	886578	0.0000011
all	1924	1	886578	0.0000011
all	1925	1	886578	0.0000011
all	1926	1	886578	0.0000011
all	1928	3	886578	0.0000034
all	1929	1	886578	0.0000011
all	1933	1	886578	0.0000011
all	1934	1	886578	0.0000011
all	1936	2	886578	0.0000023
all	1937	2	886578	0.0000023
all	1938	1	886578	0.0000011
all	1939	1	886578	0.0000011
all	1940	1	886578	0.0000011
all	1941	2	886578	0.0000023
all	1942	4	886578	0.0000045
all	1943	1	886578	0.0000011
all	1946	1	886578	0.0000011
all	1949	2	886578	0.0000023
all	1951	1	886578	0.0000011
all	1952	4	886578	0.0000045
all	1953	1	886578	0.0000011
all	1954	2	886578	0.0000023
all	1955	1	886578	0.0000011
all	1958	1	886578	0.0000011
all	1959	2	886578	0.0000023
all	1960	1	886578	0.0000011
all	1961	1	886578	0.0000011
all	1963	1	886578	0.0000011
all	1964	1	886578	0.0000011
all	1965	1	886578	0.0000011
all	1966	4	886578	0.0000045
all	1968	1	886578	0.0000011
all	1969	1	886578	0.0000011
all	1972	3	886578	0.0000034
all	1975	1	886578	0.0000011
all	1976	1	886578	0.0000011
all	1977	1	886578	0.0000011
all	1978	1	886578	0.0000011
all	1980	1	886578	0.0000011
all	1981	1	886578	0.0000011
all	1982	2	886578	0.0000023
all	1983	2	886578	0.0000023
all	1985	1	886578	0.0000011
all	1986	1	886578	0.0000011
all	1988	1	886578	0.0000011
all	1990	1	886578	0.0000011
all	1991	1	886578	0.0000011
all	1993	2	886578	0.0000023
all	1994	3	886578	0.0000034
all	1995	1	886578	0.0000011
all	1996	2	886578	0.0000023
all	1998	1	886578	0.0000011
all	1999	1	886578	0.0000011
all	2000	1	886578	0.0000011
all	2001	1	886578	0.0000011
all	2004	5	886578	0.0000056
all	2006	1	886578	0.0000011
all	2007	1	886578	0.0000011
all	2008	4	886578	0.0000045
all	2009	1	886578	0.0000011
all	2010	3	886578	0.0000034
all	2011	2	886578	0.0000023
all	2012	2	886578	0.0000023
all	2013	2	886578	0.0000023
all	2014	1	886578	0.0000011
all	2015	2	886578	0.0000023
all	2016	3	886578	0.0000034
all	2017	3	886578	0.0000034
all	2018	1	886578	0.0000011
all	2019	1	886578	0.0000011
all	2021	1	886578	0.0000011
all	2023	2	886578	0.0000023
all	2024	3	886578	0.0000034
all	2025	2	886578	0.0000023
all	2026	1	886578	0.0000011
all	2027	1	886578	0.0000011
all	2028	3	886578	0.0000034
all	2029	2	886578	0.0000023
all	2032	1	886578	0.0000011
all	2033	6	886578	0.0000068
all	2034	2	886578	0.0000023
all	2035	2	886578	0.0000023
all	2036	1	886578	0.0000011
all	2037	1	886578	0.0000011
all	2038	1	886578	0.0000011
all	2040	2	886578	0.0000023
all	2042	5	886578	0.0000056
all	2043	3	886578	0.0000034
all	2044	3	886578	0.0000034
all	2045	3	886578	0.0000034
all	2046	1	886578	0.0000011
all	2048	1	886578	0.0000011
all	2050	1	886578	0.0000011
all	2051	3	886578	0.0000034
all	2052	2	886578	0.0000023
all	2053	1	886578	0.0000011
all	2054	4	886578	0.0000045
all	2055	1	886578	0.0000011
all	2057	1	886578	0.0000011
all	2058	1	886578	0.0000011
all	2060	6	886578	0.0000068
all	2061	3	886578	0.0000034
all	2063	1	886578	0.0000011
all	2065	1	886578	0.0000011
all	2066	2	886578	0.0000023
all	2069	2	886578	0.0000023
all	2070	3	886578	0.0000034
all	2071	1	886578	0.0000011
all	2074	1	886578	0.0000011
all	2075	6	886578	0.0000068
all	2076	1	886578	0.0000011
all	2077	4	886578	0.0000045
all	2078	3	886578	0.0000034
all	2079	1	886578	0.0000011
all	2080	1	886578	0.0000011
all	2081	1	886578	0.0000011
all	2082	2	886578	0.0000023
all	2083	1	886578	0.0000011
all	2084	1	886578	0.0000011
all	2085	1	886578	0.0000011
all	2086	3	886578	0.0000034
all	2087	2	886578	0.0000023
all	2088	1	886578	0.0000011
all	2089	1	886578	0.0000011
all	2090	3	886578	0.0000034
all	2091	1	886578	0.0000011
all	2092	1	886578	0.0000011
all	2093	1	886578	0.0000011
all	2097	2	886578	0.0000023
all	2099	2	886578	0.0000023
all	2101	2	886578	0.0000023
all	2103	1	886578	0.0000011
all	2104	1	886578	0.0000011
all	2105	2	886578	0.0000023
all	2107	2	886578	0.0000023
all	2109	1	886578	0.0000011
all	2111	1	886578	0.0000011
all	2113	2	886578	0.0000023
all	2114	1	886578	0.0000011
all	2115	1	886578	0.0000011
all	2116	1	886578	0.0000011
all	2117	2	886578	0.0000023
all	2118	1	886578	0.0000011
all	2119	4	886578	0.0000045
all	2120	1	886578	0.0000011
all	2121	1	886578	0.0000011
all	2122	1	886578	0.0000011
all	2123	2	886578	0.0000023
all	2124	1	886578	0.0000011
all	2126	1	886578	0.0000011
all	2127	1	886578	0.0000011
all	2128	2	886578	0.0000023
all	2129	1	886578	0.0000011
all	2131	2	886578	0.0000023
all	2132	3	886578	0.0000034
all	2133	1	886578	0.0000011
all	2134	1	886578	0.0000011
all	2135	1	886578	0.0000011
all	2138	2	886578	0.0000023
all	2140	4	886578	0.0000045
all	2141	2	886578	0.0000023
all	2142	1	886578	0.0000011
all	2143	1	886578	0.0000011
all	2144	1	886578	0.0000011
all	2145	1	886578	0.0000011
all	2146	1	886578	0.0000011
all	2147	1	886578	0.0000011
all	2148	1	886578	0.0000011
all	2149	1	886578	0.0000011
all	2150	1	886578	0.0000011
all	2151	2	886578	0.0000023
all	2153	2	886578	0.0000023
all	2155	1	886578	0.0000011
all	2156	1	886578	0.0000011
all	2157	2	886578	0.0000023
all	2158	2	886578	0.0000023
all	2159	2	886578	0.0000023
all	2161	2	886578	0.0000023
all	2162	1	886578	0.0000011
all	2163	3	886578	0.0000034
all	2164	2	886578	0.0000023
all	2165	2	886578	0.0000023
all	2166	1	886578	0.0000011
all	2167	5	886578	0.0000056
all	2168	2	886578	0.0000023
all	2169	2	886578	0.0000023
all	2171	5	886578	0.0000056
all	2172	1	886578	0.0000011
all	2174	1	886578	0.0000011
all	2175	4	886578	0.0000045
all	2176	3	886578	0.0000034
all	2177	4	886578	0.0000045
all	2178	2	886578	0.0000023
all	2179	1	886578	0.0000011
all	2180	6	886578	0.0000068
all	2181	1	886578	0.0000011
all	2182	3	886578	0.0000034
all	2183	1	886578	0.0000011
all	2184	2	886578	0.0000023
all	2185	3	886578	0.0000034
all	2186	2	886578	0.0000023
all	2187	2	886578	0.0000023
all	2188	2	886578	0.0000023
all	2190	2	886578	0.0000023
all	2192	2	886578	0.0000023
all	2193	3	886578	0.0000034
all	2194	3	886578	0.0000034
all	2195	4	886578	0.0000045
all	2196	2	886578	0.0000023
all	2197	3	886578	0.0000034
all	2198	5	886578	0.0000056
all	2199	5	886578	0.0000056
all	2201	5	886578	0.0000056
all	2202	6	886578	0.0000068
all	2203	5	886578	0.0000056
all	2204	5	886578	0.0000056
all	2205	2	886578	0.0000023
all	2206	1	886578	0.0000011
all	2208	3	886578	0.0000034
all	2209	3	886578	0.0000034
all	2210	3	886578	0.0000034
all	2211	2	886578	0.0000023
all	2212	3	886578	0.0000034
all	2213	4	886578	0.0000045
all	2214	1	886578	0.0000011
all	2215	5	886578	0.0000056
all	2216	2	886578	0.0000023
all	2217	2	886578	0.0000023
all	2218	1	886578	0.0000011
all	2219	2	886578	0.0000023
all	2220	3	886578	0.0000034
all	2221	1	886578	0.0000011
all	2222	3	886578	0.0000034
all	2223	3	886578	0.0000034
all	2224	3	886578	0.0000034
all	2225	1	886578	0.0000011
all	2227	5	886578	0.0000056
all	2228	2	886578	0.0000023
all	2229	2	886578	0.0000023
all	2230	2	886578	0.0000023
all	2231	4	886578	0.0000045
all	2232	2	886578	0.0000023
all	2234	2	886578	0.0000023
all	2235	3	886578	0.0000034
all	2236	2	886578	0.0000023
all	2238	3	886578	0.0000034
all	2240	1	886578	0.0000011
all	2243	2	886578	0.0000023
all	2244	3	886578	0.0000034
all	2245	3	886578	0.0000034
all	2247	2	886578	0.0000023
all	2250	3	886578	0.0000034
all	2251	3	886578	0.0000034
all	2253	2	886578	0.0000023
all	2254	3	886578	0.0000034
all	2255	1	886578	0.0000011
all	2256	2	886578	0.0000023
all	2257	2	886578	0.0000023
all	2258	2	886578	0.0000023
all	2259	3	886578	0.0000034
all	2260	3	886578	0.0000034
all	2261	3	886578	0.0000034
all	2262	2	886578	0.0000023
all	2263	1	886578	0.0000011
all	2264	2	886578	0.0000023
all	2265	3	886578	0.0000034
all	2266	4	886578	0.0000045
all	2267	2	886578	0.0000023
all	2268	2	886578	0.0000023
all	2269	3	886578	0.0000034
all	2270	1	886578	0.0000011
all	2271	2	886578	0.0000023
all	2272	3	886578	0.0000034
all	2273	1	886578	0.0000011
all	2274	1	886578	0.0000011
all	2275	2	886578	0.0000023
all	2276	1	886578	0.0000011
all	2278	2	886578	0.0000023
all	2280	2	886578	0.0000023
all	2281	2	886578	0.0000023
all	2285	1	886578	0.0000011
all	2287	1	886578	0.0000011
all	2288	1	886578	0.0000011
all	2296	2	886578	0.0000023
all	2304	1	886578	0.0000011
all	2306	1	886578	0.0000011
all	2307	2	886578	0.0000023
all	2309	1	886578	0.0000011
all	2313	1	886578	0.0000011
all	2318	1	886578	0.0000011
all	2319	1	886578	0.0000011
all	2321	1	886578	0.0000011
all	2324	1	886578	0.0000011
all	2327	1	886578	0.0000011
all	2335	1	886578	0.0000011
all	2343	1	886578	0.0000011
all	2345	1	886578	0.0000011
all	2348	2	886578	0.0000023
all	2351	1	886578	0.0000011
all	2352	1	886578	0.0000011
all	2353	1	886578	0.0000011
all	2360	1	886578	0.0000011
all	2365	1	886578	0.0000011
all	2372	1	886578	0.0000011
all	2375	1	886578	0.0000011
all	2376	1	886578	0.0000011
all	2382	1	886578	0.0000011
all	2383	1	886578	0.0000011
all	2389	1	886578	0.0000011
all	2392	1	886578	0.0000011
all	2394	3	886578	0.0000034
all	2398	1	886578	0.0000011
all	2403	1	886578	0.0000011
all	2404	1	886578	0.0000011
all	2407	1	886578	0.0000011
all	2408	1	886578	0.0000011
all	2409	1	886578	0.0000011
all	2411	1	886578	0.0000011
all	2416	2	886578	0.0000023
all	2422	2	886578	0.0000023
all	2427	1	886578	0.0000011
all	2431	1	886578	0.0000011
all	2432	1	886578	0.0000011
all	2434	1	886578	0.0000011
all	2436	1	886578	0.0000011
all	2440	2	886578	0.0000023
all	2446	1	886578	0.0000011
all	2453	2	886578	0.0000023
all	2466	1	886578	0.0000011
all	2469	1	886578	0.0000011
all	2473	1	886578	0.0000011
all	2475	1	886578	0.0000011
all	2478	2	886578	0.0000023
all	2480	1	886578	0.0000011
all	2484	2	886578	0.0000023
all	2488	1	886578	0.0000011
all	2489	1	886578	0.0000011
all	2491	1	886578	0.0000011
all	2493	1	886578	0.0000011
all	2495	1	886578	0.0000011
all	2496	1	886578	0.0000011
all	2497	1	886578	0.0000011
all	2500	1	886578	0.0000011
all	2501	1	886578	0.0000011
all	2502	1	886578	0.0000011
all	2503	1	886578	0.0000011
all	2506	2	886578	0.0000023
all	2508	1	886578	0.0000011
all	2509	1	886578	0.0000011
all	2513	1	886578	0.0000011
all	2517	2	886578	0.0000023
all	2518	2	886578	0.0000023
all	2519	1	886578	0.0000011
all	2520	2	886578	0.0000023
all	2522	5	886578	0.0000056
all	2525	1	886578	0.0000011
all	2526	1	886578	0.0000011
all	2532	1	886578	0.0000011
all	2533	1	886578	0.0000011
all	2534	1	886578	0.0000011
all	2536	1	886578	0.0000011
all	2543	1	886578	0.0000011
all	2544	1	886578	0.0000011
all	2547	1	886578	0.0000011
all	2548	4	886578	0.0000045
all	2549	1	886578	0.0000011
all	2553	1	886578	0.0000011
all	2554	1	886578	0.0000011
all	2556	1	886578	0.0000011
all	2557	1	886578	0.0000011
all	2559	1	886578	0.0000011
all	2561	1	886578	0.0000011
all	2565	1	886578	0.0000011
all	2566	2	886578	0.0000023
all	2567	1	886578	0.0000011
all	2569	1	886578	0.0000011
all	2571	1	886578	0.0000011
all	2574	1	886578	0.0000011
all	2578	1	886578	0.0000011
all	2580	1	886578	0.0000011
all	2581	3	886578	0.0000034
all	2582	1	886578	0.0000011
all	2583	2	886578	0.0000023
all	2584	1	886578	0.0000011
all	2585	4	886578	0.0000045
all	2586	1	886578	0.0000011
all	2587	1	886578	0.0000011
all	2588	2	886578	0.0000023
all	2589	3	886578	0.0000034
all	2591	1	886578	0.0000011
all	2593	1	886578	0.0000011
all	2596	1	886578	0.0000011
all	2607	1	886578	0.0000011
all	2610	1	886578	0.0000011
all	2619	1	886578	0.0000011
all	2634	1	886578	0.0000011
all	2638	1	886578	0.0000011
all	2640	1	886578	0.0000011
all	2645	1	886578	0.0000011
all	2655	1	886578	0.0000011
all	2668	1	886578	0.0000011
all	2675	1	886578	0.0000011
all	2686	1	886578	0.0000011
all	2687	1	886578	0.0000011
all	2688	1	886578	0.0000011
all	2692	1	886578	0.0000011
all	2696	1	886578	0.0000011
all	2703	1	886578	0.0000011
all	2719	1	886578	0.0000011
all	2727	1	886578	0.0000011
all	2728	1	886578	0.0000011
all	2735	1	886578	0.0000011
all	2737	1	886578	0.0000011
all	2740	2	886578	0.0000023
all	2741	1	886578	0.0000011
all	2744	1	886578	0.0000011
all	2758	1	886578	0.0000011
all	2766	1	886578	0.0000011
all	2767	1	886578	0.0000011
all	2768	1	886578	0.0000011
all	2770	1	886578	0.0000011
all	2772	1	886578	0.0000011
all	2784	2	886578	0.0000023
all	2785	1	886578	0.0000011
all	2792	1	886578	0.0000011
all	2794	1	886578	0.0000011
all	2795	1	886578	0.0000011
all	2796	1	886578	0.0000011
all	2797	1	886578	0.0000011
all	2802	1	886578	0.0000011
all	2809	1	886578	0.0000011
all	2811	1	886578	0.0000011
all	2812	1	886578	0.0000011
all	2816	1	886578	0.0000011
all	2818	3	886578	0.0000034
all	2821	1	886578	0.0000011
all	2822	1	886578	0.0000011
all	2825	1	886578	0.0000011
all	2827	1	886578	0.0000011
all	2829	2	886578	0.0000023
all	2835	1	886578	0.0000011
all	2840	1	886578	0.0000011
all	2841	2	886578	0.0000023
all	2846	3	886578	0.0000034
all	2849	2	886578	0.0000023
all	2854	2	886578	0.0000023
all	2855	1	886578	0.0000011
all	2857	4	886578	0.0000045
all	2858	1	886578	0.0000011
all	2861	1	886578	0.0000011
all	2862	1	886578	0.0000011
all	2863	2	886578	0.0000023
all	2864	1	886578	0.0000011
all	2869	1	886578	0.0000011
all	2871	1	886578	0.0000011
all	2873	1	886578	0.0000011
all	2877	1	886578	0.0000011
all	2881	2	886578	0.0000023
all	2882	1	886578	0.0000011
all	2884	2	886578	0.0000023
all	2885	3	886578	0.0000034
all	2886	4	886578	0.0000045
all	2887	1	886578	0.0000011
all	2890	2	886578	0.0000023
all	2891	1	886578	0.0000011
all	2895	1	886578	0.0000011
all	2902	1	886578	0.0000011
all	2904	1	886578	0.0000011
all	2907	1	886578	0.0000011
all	2910	1	886578	0.0000011
all	2911	1	886578	0.0000011
all	2925	1	886578	0.0000011
all	2927	1	886578	0.0000011
all	2930	1	886578	0.0000011
all	2931	1	886578	0.0000011
all	2934	1	886578	0.0000011
all	2943	1	886578	0.0000011
all	2944	2	886578	0.0000023
all	2945	2	886578	0.0000023
all	2947	1	886578	0.0000011
all	2948	1	886578	0.0000011
all	2954	1	886578	0.0000011
all	2956	1	886578	0.0000011
all	2957	1	886578	0.0000011
all	2958	1	886578	0.0000011
all	2960	2	886578	0.0000023
all	2961	1	886578	0.0000011
all	2962	2	886578	0.0000023
all	2967	1	886578	0.0000011
all	2976	1	886578	0.0000011
all	2977	1	886578	0.0000011
all	2978	1	886578	0.0000011
all	2981	3	886578	0.0000034
all	2986	1	886578	0.0000011
all	2993	1	886578	0.0000011
all	2998	1	886578	0.0000011
all	3002	1	886578	0.0000011
all	3009	1	886578	0.0000011
all	3011	2	886578	0.0000023
all	3012	1	886578	0.0000011
all	3018	1	886578	0.0000011
all	3020	1	886578	0.0000011
all	3021	1	886578	0.0000011
all	3026	1	886578	0.0000011
all	3028	2	886578	0.0000023
all	3029	2	886578	0.0000023
all	3033	1	886578	0.0000011
all	3034	1	886578	0.0000011
all	3036	1	886578	0.0000011
all	3037	1	886578	0.0000011
all	3042	2	886578	0.0000023
all	3049	1	886578	0.0000011
all	3052	1	886578	0.0000011
all	3057	1	886578	0.0000011
all	3059	2	886578	0.0000023
all	3062	1	886578	0.0000011
all	3063	1	886578	0.0000011
all	3071	2	886578	0.0000023
all	3075	1	886578	0.0000011
all	3077	2	886578	0.0000023
all	3079	1	886578	0.0000011
all	3082	1	886578	0.0000011
all	3092	1	886578	0.0000011
all	3095	1	886578	0.0000011
all	3096	1	886578	0.0000011
all	3101	1	886578	0.0000011
all	3103	1	886578	0.0000011
all	3105	2	886578	0.0000023
all	3106	1	886578	0.0000011
all	3114	1	886578	0.0000011
all	3116	1	886578	0.0000011
all	3117	1	886578	0.0000011
all	3118	1	886578	0.0000011
all	3123	1	886578	0.0000011
all	3127	1	886578	0.0000011
all	3129	1	886578	0.0000011
all	3131	1	886578	0.0000011
all	3132	1	886578	0.0000011
all	3140	1	886578	0.0000011
all	3141	1	886578	0.0000011
all	3142	1	886578	0.0000011
all	3143	2	886578	0.0000023
all	3144	1	886578	0.0000011
all	3146	1	886578	0.0000011
all	3148	1	886578	0.0000011
all	3149	1	886578	0.0000011
all	3153	1	886578	0.0000011
all	3158	1	886578	0.0000011
all	3161	1	886578	0.0000011
all	3162	2	886578	0.0000023
all	3163	1	886578	0.0000011
all	3167	2	886578	0.0000023
all	3169	1	886578	0.0000011
all	3171	2	886578	0.0000023
all	3172	1	886578	0.0000011
all	3174	1	886578	0.0000011
all	3176	1	886578	0.0000011
all	3177	3	886578	0.0000034
all	3179	1	886578	0.0000011
all	3181	1	886578	0.0000011
all	3183	1	886578	0.0000011
all	3185	1	886578	0.0000011
all	3186	2	886578	0.0000023
all	3191	1	886578	0.0000011
all	3192	1	886578	0.0000011
all	3194	2	886578	0.0000023
all	3197	1	886578	0.0000011
all	3199	1	886578	0.0000011
all	3200	1	886578	0.0000011
all	3201	1	886578	0.0000011
all	3204	2	886578	0.0000023
all	3208	2	886578	0.0000023
all	3210	2	886578	0.0000023
all	3211	2	886578	0.0000023
all	3215	2	886578	0.0000023
all	3217	1	886578	0.0000011
all	3218	2	886578	0.0000023
all	3219	1	886578	0.0000011
all	3221	1	886578	0.0000011
all	3222	2	886578	0.0000023
all	3223	1	886578	0.0000011
all	3224	1	886578	0.0000011
all	3225	1	886578	0.0000011
all	3226	3	886578	0.0000034
all	3227	1	886578	0.0000011
all	3228	1	886578	0.0000011
all	3229	1	886578	0.0000011
all	3231	2	886578	0.0000023
all	3235	3	886578	0.0000034
all	3236	1	886578	0.0000011
all	3237	3	886578	0.0000034
all	3239	1	886578	0.0000011
all	3240	2	886578	0.0000023
all	3242	1	886578	0.0000011
all	3248	1	886578	0.0000011
all	3252	2	886578	0.0000023
all	3254	1	886578	0.0000011
all	3257	1	886578	0.0000011
all	3260	1	886578	0.0000011
all	3261	2	886578	0.0000023
all	3264	1	886578	0.0000011
all	3266	2	886578	0.0000023
all	3271	2	886578	0.0000023
all	3276	1	886578	0.0000011
all	3277	2	886578	0.0000023
all	3279	1	886578	0.0000011
all	3280	1	886578	0.0000011
all	3281	1	886578	0.0000011
all	3283	2	886578	0.0000023
all	3284	2	886578	0.0000023
all	3285	2	886578	0.0000023
all	3286	2	886578	0.0000023
all	3287	1	886578	0.0000011
all	3288	1	886578	0.0000011
all	3291	3	886578	0.0000034
all	3292	1	886578	0.0000011
all	3293	2	886578	0.0000023
all	3294	1	886578	0.0000011
all	3295	1	886578	0.0000011
all	3296	1	886578	0.0000011
all	3297	3	886578	0.0000034
all	3300	1	886578	0.0000011
all	3301	1	886578	0.0000011
all	3303	1	886578	0.0000011
all	3307	1	886578	0.0000011
all	3308	1	886578	0.0000011
all	3310	1	886578	0.0000011
all	3315	1	886578	0.0000011
all	3316	2	886578	0.0000023
all	3319	1	886578	0.0000011
all	3322	3	886578	0.0000034
all	3324	1	886578	0.0000011
all	3325	2	886578	0.0000023
all	3326	2	886578	0.0000023
all	3329	1	886578	0.0000011
all	3334	1	886578	0.0000011
all	3337	2	886578	0.0000023
all	3344	1	886578	0.0000011
all	3354	1	886578	0.0000011
all	3363	1	886578	0.0000011
all	3365	1	886578	0.0000011
all	3368	1	886578	0.0000011
all	3373	1	886578	0.0000011
all	3376	2	886578	0.0000023
all	3377	1	886578	0.0000011
all	3382	1	886578	0.0000011
all	3385	1	886578	0.0000011
all	3388	1	886578	0.0000011
all	3389	1	886578	0.0000011
all	3393	1	886578	0.0000011
all	3399	2	886578	0.0000023
all	3404	1	886578	0.0000011
all	3408	1	886578	0.0000011
all	3413	1	886578	0.0000011
all	3417	1	886578	0.0000011
all	3418	1	886578	0.0000011
all	3426	1	886578	0.0000011
all	3427	1	886578	0.0000011
all	3433	2	886578	0.0000023
all	3441	2	886578	0.0000023
all	3444	1	886578	0.0000011
all	3448	1	886578	0.0000011
all	3450	1	886578	0.0000011
all	3451	1	886578	0.0000011
all	3462	1	886578	0.0000011
all	3463	1	886578	0.0000011
all	3464	1	886578	0.0000011
all	3470	1	886578	0.0000011
all	3474	2	886578	0.0000023
all	3481	2	886578	0.0000023
all	3485	1	886578	0.0000011
all	3486	1	886578	0.0000011
all	3489	1	886578	0.0000011
all	3490	1	886578	0.0000011
all	3491	1	886578	0.0000011
all	3502	1	886578	0.0000011
all	3504	1	886578	0.0000011
all	3510	2	886578	0.0000023
all	3511	2	886578	0.0000023
all	3516	1	886578	0.0000011
all	3521	1	886578	0.0000011
all	3526	1	886578	0.0000011
all	3527	1	886578	0.0000011
all	3529	1	886578	0.0000011
all	3532	1	886578	0.0000011
all	3535	2	886578	0.0000023
all	3543	1	886578	0.0000011
all	3547	1	886578	0.0000011
all	3554	1	886578	0.0000011
all	3561	1	886578	0.0000011
all	3572	2	886578	0.0000023
all	3573	1	886578	0.0000011
all	3577	1	886578	0.0000011
all	3580	1	886578	0.0000011
all	3583	1	886578	0.0000011
all	3584	1	886578	0.0000011
all	3585	2	886578	0.0000023
all	3588	1	886578	0.0000011
all	3589	1	886578	0.0000011
all	3591	2	886578	0.0000023
all	3596	1	886578	0.0000011
all	3598	1	886578	0.0000011
all	3599	1	886578	0.0000011
all	3603	1	886578	0.0000011
all	3604	1	886578	0.0000011
all	3606	2	886578	0.0000023
all	3608	1	886578	0.0000011
all	3609	1	886578	0.0000011
all	3610	3	886578	0.0000034
all	3611	1	886578	0.0000011
all	3612	3	886578	0.0000034
all	3613	2	886578	0.0000023
all	3614	3	886578	0.0000034
all	3616	1	886578	0.0000011
all	3618	1	886578	0.0000011
all	3619	2	886578	0.0000023
all	3621	1	886578	0.0000011
all	3622	1	886578	0.0000011
all	3625	2	886578	0.0000023
all	3627	1	886578	0.0000011
all	3631	2	886578	0.0000023
all	3633	1	886578	0.0000011
all	3636	2	886578	0.0000023
all	3638	2	886578	0.0000023
all	3639	1	886578	0.0000011
all	3641	2	886578	0.0000023
all	3642	1	886578	0.0000011
all	3643	2	886578	0.0000023
all	3644	1	886578	0.0000011
all	3647	1	886578	0.0000011
all	3648	1	886578	0.0000011
all	3655	2	886578	0.0000023
all	3656	1	886578	0.0000011
all	3657	1	886578	0.0000011
all	3667	1	886578	0.0000011
all	3673	1	886578	0.0000011
all	3702	1	886578	0.0000011
all	3711	1	886578	0.0000011
all	3736	1	886578	0.0000011
all	3738	1	886578	0.0000011
all	3749	1	886578	0.0000011
all	3774	1	886578	0.0000011
all	3775	1	886578	0.0000011
all	3777	1	886578	0.0000011
all	3803	1	886578	0.0000011
all	3808	1	886578	0.0000011
all	3831	1	886578	0.0000011
all	3869	1	886578	0.0000011
all	3873	1	886578	0.0000011
all	3891	1	886578	0.0000011
all	3892	1	886578	0.0000011
all	3894	1	886578	0.0000011
all	3903	1	886578	0.0000011
all	3904	1	886578	0.0000011
all	3915	1	886578	0.0000011
all	3919	1	886578	0.0000011
all	3933	1	886578	0.0000011
all	3935	1	886578	0.0000011
all	3946	1	886578	0.0000011
all	3964	1	886578	0.0000011
all	3967	1	886578	0.0000011
all	3978	1	886578	0.0000011
all	3986	1	886578	0.0000011
all	3999	1	886578	0.0000011
all	4020	1	886578	0.0000011
all	4026	1	886578	0.0000011
all	4031	1	886578	0.0000011
all	4032	1	886578	0.0000011
all	4038	1	886578	0.0000011
all	4041	1	886578	0.0000011
all	4060	1	886578	0.0000011
all	4065	1	886578	0.0000011
all	4078	1	886578	0.0000011
all	4092	1	886578	0.0000011
all	4104	1	886578	0.0000011
all	4107	1	886578	0.0000011
all	4109	1	886578	0.0000011
all	4122	1	886578	0.0000011
all	4125	1	886578	0.0000011
all	4133	1	886578	0.0000011
all	4136	1	886578	0.0000011
all	4147	2	886578	0.0000023
all	4161	1	886578	0.0000011
all	4168	1	886578	0.0000011
all	4174	1	886578	0.0000011
all	4175	2	886578	0.0000023
all	4177	1	886578	0.0000011
all	4181	1	886578	0.0000011
all	4182	1	886578	0.0000011
all	4183	1	886578	0.0000011
all	4184	1	886578	0.0000011
all	4185	1	886578	0.0000011
all	4186	1	886578	0.0000011
all	4187	1	886578	0.0000011
all	4193	1	886578	0.0000011
all	4194	2	886578	0.0000023
all	4195	2	886578	0.0000023
all	4196	1	886578	0.0000011
all	4201	1	886578	0.0000011
all	4202	3	886578	0.0000034
all	4205	1	886578	0.0000011
all	4208	4	886578	0.0000045
all	4209	1	886578	0.0000011
all	4212	1	886578	0.0000011
all	4213	1	886578	0.0000011
all	4239	1	886578	0.0000011
all	4252	1	886578	0.0000011
all	4271	1	886578	0.0000011
all	4312	1	886578	0.0000011
all	4322	1	886578	0.0000011
all	4325	1	886578	0.0000011
all	4332	1	886578	0.0000011
all	4334	1	886578	0.0000011
all	4350	1	886578	0.0000011
all	4357	1	886578	0.0000011
all	4363	1	886578	0.0000011
all	4369	1	886578	0.0000011
all	4374	1	886578	0.0000011
all	4396	1	886578	0.0000011
all	4403	1	886578	0.0000011
all	4424	1	886578	0.0000011
all	4426	1	886578	0.0000011
all	4445	1	886578	0.0000011
all	4457	1	886578	0.0000011
all	4473	1	886578	0.0000011
all	4492	1	886578	0.0000011
all	4523	1	886578	0.0000011
all	4537	1	886578	0.0000011
all	4569	1	886578	0.0000011
all	4581	2	886578	0.0000023
all	4595	1	886578	0.0000011
all	4596	1	886578	0.0000011
all	4608	1	886578	0.0000011
all	4613	1	886578	0.0000011
all	4617	1	886578	0.0000011
all	4624	1	886578	0.0000011
all	4626	1	886578	0.0000011
all	4627	1	886578	0.0000011
all	4632	1	886578	0.0000011
all	4635	1	886578	0.0000011
all	4636	1	886578	0.0000011
all	4645	1	886578	0.0000011
all	4686	1	886578	0.0000011
all	4712	1	886578	0.0000011
all	4716	1	886578	0.0000011
all	4737	1	886578	0.0000011
all	4757	1	886578	0.0000011
all	4773	1	886578	0.0000011
all	4799	1	886578	0.0000011
all	4802	1	886578	0.0000011
all	4829	1	886578	0.0000011
all	4830	1	886578	0.0000011
all	4837	1	886578	0.0000011
all	4847	2	886578	0.0000023
all	4858	1	886578	0.0000011
all	4872	1	886578	0.0000011
all	4873	1	886578	0.0000011
all	4875	1	886578	0.0000011
all	4888	1	886578	0.0000011
all	4899	1	886578	0.0000011
all	4903	1	886578	0.0000011
all	4924	1	886578	0.0000011
all	4935	1	886578	0.0000011
all	4936	1	886578	0.0000011
all	4941	2	886578	0.0000023
all	4963	1	886578	0.0000011
all	4969	1	886578	0.0000011
all	4997	1	886578	0.0000011
all	5004	1	886578	0.0000011
all	5007	1	886578	0.0000011
all	5033	1	886578	0.0000011
all	5047	1	886578	0.0000011
all	5049	1	886578	0.0000011
all	5053	1	886578	0.0000011
all	5054	1	886578	0.0000011
all	5067	1	886578	0.0000011
all	5074	1	886578	0.0000011
all	5088	2	886578	0.0000023
all	5093	1	886578	0.0000011
all	5123	1	886578	0.0000011
all	5124	1	886578	0.0000011
all	5125	1	886578	0.0000011
all	5127	1	886578	0.0000011
all	5140	2	886578	0.0000023
all	5142	2	886578	0.0000023
all	5144	1	886578	0.0000011
all	5149	1	886578	0.0000011
all	5151	1	886578	0.0000011
all	5153	1	886578	0.0000011
all	5175	1	886578	0.0000011
all	5222	1	886578	0.0000011
all	5290	1	886578	0.0000011
all	5353	1	886578	0.0000011
all	5397	1	886578	0.0000011
all	5555	1	886578	0.0000011
all	5608	1	886578	0.0000011
all	5661	1	886578	0.0000011
all	5703	1	886578	0.0000011
all	5749	1	886578	0.0000011
all	5764	1	886578	0.0000011
all	5814	1	886578	0.0000011
all	5833	1	886578	0.0000011
all	5872	1	886578	0.0000011
all	5922	1	886578	0.0000011
all	5972	1	886578	0.0000011
all	5984	1	886578	0.0000011
all	6017	1	886578	0.0000011
all	6045	1	886578	0.0000011
all	6051	1	886578	0.0000011
all	6083	1	886578	0.0000011
all	6086	1	886578	0.0000011
all	6107	1	886578	0.0000011
all	6109	1	886578	0.0000011
all	6145	1	886578	0.0000011
all	6174	1	886578	0.0000011
all	6202	1	886578	0.0000011
all	6218	1	886578	0.0000011
all	6234	1	886578	0.0000011
all	6244	1	886578	0.0000011
all	6249	1	886578	0.0000011
all	6266	1	886578	0.0000011
all	6316	1	886578	0.0000011
all	6333	1	886578	0.0000011
all	6344	1	886578	0.0000011
all	6365	1	886578	0.0000011
all	6381	1	886578	0.0000011
all	6429	1	886578	0.0000011
all	6435	1	886578	0.0000011
all	6450	1	886578	0.0000011
all	6467	1	886578	0.0000011
all	6490	1	886578	0.0000011
all	6494	1	886578	0.0000011
all	6504	1	886578	0.0000011
all	6510	1	886578	0.0000011
all	6530	1	886578	0.0000011
all	6539	1	886578	0.0000011
all	6557	1	886578	0.0000011
all	6559	1	886578	0.0000011
all	6567	1	886578	0.0000011
all	6575	1	886578	0.0000011
all	6576	1	886578	0.0000011
all	6606	1	886578	0.0000011
all	6608	1	886578	0.0000011
all	6621	1	886578	0.0000011
all	6635	1	886578	0.0000011
all	6661	2	886578	0.0000023
all	6690	1	886578	0.0000011
all	6694	2	886578	0.0000023
all	6725	1	886578	0.0000011
all	6738	1	886578	0.0000011
all	6746	1	886578	0.0000011
all	6753	1	886578	0.0000011
all	6767	1	886578	0.0000011
all	6770	1	886578	0.0000011
all	6778	1	886578	0.0000011
all	6784	1	886578	0.0000011
all	6801	1	886578	0.0000011
all	6802	1	886578	0.0000011
all	6804	1	886578	0.0000011
all	6815	1	886578	0.0000011
all	6816	2	886578	0.0000023
all	6819	1	886578	0.0000011
all	6820	1	886578	0.0000011
all	6821	1	886578	0.0000011
all	6822	1	886578	0.0000011
all	6824	1	886578	0.0000011
