all	0	11709	886578	0.0132070
all	1	7656	886578	0.0086355
all	2	10747	886578	0.0121219
all	3	11936	886578	0.0134630
all	4	12967	886578	0.0146259
all	5	14177	886578	0.0159907
all	6	15024	886578	0.0169461
all	7	14541	886578	0.0164013
all	8	15923	886578	0.0179601
all	9	16101	886578	0.0181608
all	10	17140	886578	0.0193328
all	11	18148	886578	0.0204697
all	12	17359	886578	0.0195798
all	13	17700	886578	0.0199644
all	14	17802	886578	0.0200795
all	15	16828	886578	0.0189808
all	16	16834	886578	0.0189876
all	17	17352	886578	0.0195719
all	18	16436	886578	0.0185387
all	19	17249	886578	0.0194557
all	20	17159	886578	0.0193542
all	21	16847	886578	0.0190023
all	22	16155	886578	0.0182217
all	23	16342	886578	0.0184327
all	24	14990	886578	0.0169077
all	25	15132	886578	0.0170679
all	26	14251	886578	0.0160742
all	27	13402	886578	0.0151165
all	28	13283	886578	0.0149823
all	29	12932	886578	0.0145864
all	30	13213	886578	0.0149034
all	31	12875	886578	0.0145221
all	32	12425	886578	0.0140146
all	33	13222	886578	0.0149135
all	34	12095	886578	0.0136423
all	35	11414	886578	0.0128742
all	36	11009	886578	0.0124174
all	37	11105	886578	0.0125257
all	38	10813	886578	0.0121963
all	39	10103	886578	0.0113955
all	40	9512	886578	0.0107289
all	41	9236	886578	0.0104176
all	42	8785	886578	0.0099089
all	43	8479	886578	0.0095637
all	44	8604	886578	0.0097047
all	45	8518	886578	0.0096077
all	46	7771	886578	0.0087652
all	47	8234	886578	0.0092874
all	48	7608	886578	0.0085813
all	49	7438	886578	0.0083896
all	50	6862	886578	0.0077399
all	51	6421	886578	0.0072425
all	52	6701	886578	0.0075583
all	53	6509	886578	0.0073417
all	54	6283	886578	0.0070868
all	55	5676	886578	0.0064021
all	56	5964	886578	0.0067270
all	57	5590	886578	0.0063051
all	58	5673	886578	0.0063988
all	59	5333	886578	0.0060153
all	60	4894	886578	0.0055201
all	61	4830	886578	0.0054479
all	62	4669	886578	0.0052663
all	63	4584	886578	0.0051704
all	64	4728	886578	0.0053329
all	65	4850	886578	0.0054705
all	66	4302	886578	0.0048524
all	67	3994	886578	0.0045050
all	68	3509	886578	0.0039579
all	69	3777	886578	0.0042602
all	70	3378	886578	0.0038102
all	71	3195	886578	0.0036037
all	72	3310	886578	0.0037335
all	73	3137	886578	0.0035383
all	74	3090	886578	0.0034853
all	75	2873	886578	0.0032405
all	76	2849	886578	0.0032135
all	77	2940	886578	0.0033161
all	78	2789	886578	0.0031458
all	79	2512	886578	0.0028334
all	80	2294	886578	0.0025875
all	81	2405	886578	0.0027127
all	82	2315	886578	0.0026112
all	83	2327	886578	0.0026247
all	84	2197	886578	0.0024781
all	85	1981	886578	0.0022344
all	86	2114	886578	0.0023844
all	87	1817	886578	0.0020495
all	88	1838	886578	0.0020731
all	89	1765	886578	0.0019908
all	90	1641	886578	0.0018509
all	91	1769	886578	0.0019953
all	92	1711	886578	0.0019299
all	93	1466	886578	0.0016535
all	94	1371	886578	0.0015464
all	95	1519	886578	0.0017133
all	96	1235	886578	0.0013930
all	97	1497	886578	0.0016885
all	98	1198	886578	0.0013513
all	99	1151	886578	0.0012983
all	100	1296	886578	0.0014618
all	101	1178	886578	0.0013287
all	102	1154	886578	0.0013016
all	103	1087	886578	0.0012261
all	104	954	886578	0.0010760
all	105	1036	886578	0.0011685
all	106	1069	886578	0.0012058
all	107	944	886578	0.0010648
all	108	914	886578	0.0010309
all	109	913	886578	0.0010298
all	110	935	886578	0.0010546
all	111	904	886578	0.0010197
all	112	880	886578	0.0009926
all	113	861	886578	0.0009711
all	114	869	886578	0.0009802
all	115	783	886578	0.0008832
all	116	767	886578	0.0008651
all	117	768	886578	0.0008663
all	118	707	886578	0.0007974
all	119	666	886578	0.0007512
all	120	646	886578	0.0007286
all	121	631	886578	0.0007117
all	122	524	886578	0.0005910
all	123	689	886578	0.0007771
all	124	551	886578	0.0006215
all	125	470	886578	0.0005301
all	126	513	886578	0.0005786
all	127	596	886578	0.0006722
all	128	532	886578	0.0006001
all	129	578	886578	0.0006519
all	130	465	886578	0.0005245
all	131	467	886578	0.0005267
all	132	500	886578	0.0005640
all	133	525	886578	0.0005922
all	134	371	886578	0.0004185
all	135	483	886578	0.0005448
all	136	479	886578	0.0005403
all	137	387	886578	0.0004365
all	138	438	886578	0.0004940
all	139	400	886578	0.0004512
all	140	440	886578	0.0004963
all	141	363	886578	0.0004094
all	142	351	886578	0.0003959
all	143	362	886578	0.0004083
all	144	380	886578	0.0004286
all	145	304	886578	0.0003429
all	146	316	886578	0.0003564
all	147	249	886578	0.0002809
all	148	364	886578	0.0004106
all	149	312	886578	0.0003519
all	150	295	886578	0.0003327
all	151	308	886578	0.0003474
all	152	268	886578	0.0003023
all	153	241	886578	0.0002718
all	154	224	886578	0.0002527
all	155	314	886578	0.0003542
all	156	314	886578	0.0003542
all	157	223	886578	0.0002515
all	158	255	886578	0.0002876
all	159	208	886578	0.0002346
all	160	212	886578	0.0002391
all	161	190	886578	0.0002143
all	162	254	886578	0.0002865
all	163	291	886578	0.0003282
all	164	237	886578	0.0002673
all	165	253	886578	0.0002854
all	166	254	886578	0.0002865
all	167	201	886578	0.0002267
all	168	209	886578	0.0002357
all	169	251	886578	0.0002831
all	170	228	886578	0.0002572
all	171	185	886578	0.0002087
all	172	195	886578	0.0002199
all	173	162	886578	0.0001827
all	174	240	886578	0.0002707
all	175	250	886578	0.0002820
all	176	213	886578	0.0002402
all	177	217	886578	0.0002448
all	178	151	886578	0.0001703
all	179	201	886578	0.0002267
all	180	133	886578	0.0001500
all	181	153	886578	0.0001726
all	182	179	886578	0.0002019
all	183	146	886578	0.0001647
all	184	167	886578	0.0001884
all	185	169	886578	0.0001906
all	186	120	886578	0.0001354
all	187	137	886578	0.0001545
all	188	175	886578	0.0001974
all	189	100	886578	0.0001128
all	190	116	886578	0.0001308
all	191	152	886578	0.0001714
all	192	107	886578	0.0001207
all	193	130	886578	0.0001466
all	194	99	886578	0.0001117
all	195	125	886578	0.0001410
all	196	113	886578	0.0001275
all	197	106	886578	0.0001196
all	198	129	886578	0.0001455
all	199	110	886578	0.0001241
all	200	124	886578	0.0001399
all	201	116	886578	0.0001308
all	202	97	886578	0.0001094
all	203	121	886578	0.0001365
all	204	108	886578	0.0001218
all	205	136	886578	0.0001534
all	206	101	886578	0.0001139
all	207	107	886578	0.0001207
all	208	99	886578	0.0001117
all	209	112	886578	0.0001263
all	210	81	886578	0.0000914
all	211	98	886578	0.0001105
all	212	101	886578	0.0001139
all	213	102	886578	0.0001150
all	214	97	886578	0.0001094
all	215	87	886578	0.0000981
all	216	104	886578	0.0001173
all	217	78	886578	0.0000880
all	218	106	886578	0.0001196
all	219	82	886578	0.0000925
all	220	103	886578	0.0001162
all	221	76	886578	0.0000857
all	222	75	886578	0.0000846
all	223	84	886578	0.0000947
all	224	86	886578	0.0000970
all	225	84	886578	0.0000947
all	226	108	886578	0.0001218
all	227	123	886578	0.0001387
all	228	103	886578	0.0001162
all	229	114	886578	0.0001286
all	230	107	886578	0.0001207
all	231	72	886578	0.0000812
all	232	117	886578	0.0001320
all	233	89	886578	0.0001004
all	234	93	886578	0.0001049
all	235	71	886578	0.0000801
all	236	60	886578	0.0000677
all	237	91	886578	0.0001026
all	238	77	886578	0.0000869
all	239	103	886578	0.0001162
all	240	76	886578	0.0000857
all	241	85	886578	0.0000959
all	242	66	886578	0.0000744
all	243	62	886578	0.0000699
all	244	75	886578	0.0000846
all	245	82	886578	0.0000925
all	246	96	886578	0.0001083
all	247	52	886578	0.0000587
all	248	97	886578	0.0001094
all	249	69	886578	0.0000778
all	250	66	886578	0.0000744
all	251	68	886578	0.0000767
all	252	56	886578	0.0000632
all	253	81	886578	0.0000914
all	254	47	886578	0.0000530
all	255	75	886578	0.0000846
all	256	73	886578	0.0000823
all	257	53	886578	0.0000598
all	258	67	886578	0.0000756
all	259	71	886578	0.0000801
all	260	51	886578	0.0000575
all	261	65	886578	0.0000733
all	262	59	886578	0.0000665
all	263	64	886578	0.0000722
all	264	64	886578	0.0000722
all	265	57	886578	0.0000643
all	266	36	886578	0.0000406
all	267	69	886578	0.0000778
all	268	63	886578	0.0000711
all	269	44	886578	0.0000496
all	270	48	886578	0.0000541
all	271	51	886578	0.0000575
all	272	36	886578	0.0000406
all	273	45	886578	0.0000508
all	274	49	886578	0.0000553
all	275	38	886578	0.0000429
all	276	41	886578	0.0000462
all	277	55	886578	0.0000620
all	278	41	886578	0.0000462
all	279	57	886578	0.0000643
all	280	39	886578	0.0000440
all	281	58	886578	0.0000654
all	282	55	886578	0.0000620
all	283	55	886578	0.0000620
all	284	52	886578	0.0000587
all	285	47	886578	0.0000530
all	286	53	886578	0.0000598
all	287	63	886578	0.0000711
all	288	62	886578	0.0000699
all	289	64	886578	0.0000722
all	290	36	886578	0.0000406
all	291	42	886578	0.0000474
all	292	43	886578	0.0000485
all	293	34	886578	0.0000383
all	294	48	886578	0.0000541
all	295	34	886578	0.0000383
all	296	44	886578	0.0000496
all	297	61	886578	0.0000688
all	298	53	886578	0.0000598
all	299	24	886578	0.0000271
all	300	36	886578	0.0000406
all	301	31	886578	0.0000350
all	302	54	886578	0.0000609
all	303	28	886578	0.0000316
all	304	27	886578	0.0000305
all	305	27	886578	0.0000305
all	306	25	886578	0.0000282
all	307	39	886578	0.0000440
all	308	39	886578	0.0000440
all	309	43	886578	0.0000485
all	310	35	886578	0.0000395
all	311	41	886578	0.0000462
all	312	44	886578	0.0000496
all	313	24	886578	0.0000271
all	314	33	886578	0.0000372
all	315	36	886578	0.0000406
all	316	28	886578	0.0000316
all	317	23	886578	0.0000259
all	318	27	886578	0.0000305
all	319	28	886578	0.0000316
all	320	28	886578	0.0000316
all	321	25	886578	0.0000282
all	322	42	886578	0.0000474
all	323	52	886578	0.0000587
all	324	25	886578	0.0000282
all	325	31	886578	0.0000350
all	326	38	886578	0.0000429
all	327	35	886578	0.0000395
all	328	38	886578	0.0000429
all	329	37	886578	0.0000417
all	330	40	886578	0.0000451
all	331	39	886578	0.0000440
all	332	42	886578	0.0000474
all	333	30	886578	0.0000338
all	334	28	886578	0.0000316
all	335	35	886578	0.0000395
all	336	33	886578	0.0000372
all	337	28	886578	0.0000316
all	338	38	886578	0.0000429
all	339	22	886578	0.0000248
all	340	37	886578	0.0000417
all	341	27	886578	0.0000305
all	342	27	886578	0.0000305
all	343	33	886578	0.0000372
all	344	26	886578	0.0000293
all	345	21	886578	0.0000237
all	346	35	886578	0.0000395
all	347	27	886578	0.0000305
all	348	29	886578	0.0000327
all	349	24	886578	0.0000271
all	350	21	886578	0.0000237
all	351	31	886578	0.0000350
all	352	35	886578	0.0000395
all	353	32	886578	0.0000361
all	354	27	886578	0.0000305
all	355	25	886578	0.0000282
all	356	23	886578	0.0000259
all	357	24	886578	0.0000271
all	358	27	886578	0.0000305
all	359	27	886578	0.0000305
all	360	19	886578	0.0000214
all	361	28	886578	0.0000316
all	362	30	886578	0.0000338
all	363	19	886578	0.0000214
all	364	19	886578	0.0000214
all	365	28	886578	0.0000316
all	366	17	886578	0.0000192
all	367	13	886578	0.0000147
all	368	23	886578	0.0000259
all	369	28	886578	0.0000316
all	370	21	886578	0.0000237
all	371	22	886578	0.0000248
all	372	22	886578	0.0000248
all	373	15	886578	0.0000169
all	374	22	886578	0.0000248
all	375	30	886578	0.0000338
all	376	15	886578	0.0000169
all	377	19	886578	0.0000214
all	378	43	886578	0.0000485
all	379	42	886578	0.0000474
all	380	48	886578	0.0000541
all	381	32	886578	0.0000361
all	382	18	886578	0.0000203
all	383	13	886578	0.0000147
all	384	20	886578	0.0000226
all	385	25	886578	0.0000282
all	386	15	886578	0.0000169
all	387	14	886578	0.0000158
all	388	15	886578	0.0000169
all	389	20	886578	0.0000226
all	390	10	886578	0.0000113
all	391	15	886578	0.0000169
all	392	22	886578	0.0000248
all	393	21	886578	0.0000237
all	394	15	886578	0.0000169
all	395	22	886578	0.0000248
all	396	35	886578	0.0000395
all	397	26	886578	0.0000293
all	398	16	886578	0.0000180
all	399	25	886578	0.0000282
all	400	19	886578	0.0000214
all	401	21	886578	0.0000237
all	402	21	886578	0.0000237
all	403	21	886578	0.0000237
all	404	15	886578	0.0000169
all	405	10	886578	0.0000113
all	406	19	886578	0.0000214
all	407	15	886578	0.0000169
all	408	20	886578	0.0000226
all	409	24	886578	0.0000271
all	410	22	886578	0.0000248
all	411	5	886578	0.0000056
all	412	16	886578	0.0000180
all	413	17	886578	0.0000192
all	414	19	886578	0.0000214
all	415	12	886578	0.0000135
all	416	15	886578	0.0000169
all	417	15	886578	0.0000169
all	418	17	886578	0.0000192
all	419	13	886578	0.0000147
all	420	18	886578	0.0000203
all	421	19	886578	0.0000214
all	422	14	886578	0.0000158
all	423	14	886578	0.0000158
all	424	21	886578	0.0000237
all	425	23	886578	0.0000259
all	426	25	886578	0.0000282
all	427	25	886578	0.0000282
all	428	14	886578	0.0000158
all	429	18	886578	0.0000203
all	430	11	886578	0.0000124
all	431	26	886578	0.0000293
all	432	11	886578	0.0000124
all	433	18	886578	0.0000203
all	434	20	886578	0.0000226
all	435	20	886578	0.0000226
all	436	11	886578	0.0000124
all	437	13	886578	0.0000147
all	438	15	886578	0.0000169
all	439	13	886578	0.0000147
all	440	29	886578	0.0000327
all	441	15	886578	0.0000169
all	442	10	886578	0.0000113
all	443	21	886578	0.0000237
all	444	12	886578	0.0000135
all	445	12	886578	0.0000135
all	446	13	886578	0.0000147
all	447	16	886578	0.0000180
all	448	19	886578	0.0000214
all	449	13	886578	0.0000147
all	450	15	886578	0.0000169
all	451	6	886578	0.0000068
all	452	14	886578	0.0000158
all	453	21	886578	0.0000237
all	454	24	886578	0.0000271
all	455	18	886578	0.0000203
all	456	17	886578	0.0000192
all	457	15	886578	0.0000169
all	458	14	886578	0.0000158
all	459	16	886578	0.0000180
all	460	12	886578	0.0000135
all	461	27	886578	0.0000305
all	462	15	886578	0.0000169
all	463	20	886578	0.0000226
all	464	14	886578	0.0000158
all	465	17	886578	0.0000192
all	466	18	886578	0.0000203
all	467	14	886578	0.0000158
all	468	23	886578	0.0000259
all	469	14	886578	0.0000158
all	470	23	886578	0.0000259
all	471	28	886578	0.0000316
all	472	21	886578	0.0000237
all	473	19	886578	0.0000214
all	474	23	886578	0.0000259
all	475	17	886578	0.0000192
all	476	23	886578	0.0000259
all	477	22	886578	0.0000248
all	478	18	886578	0.0000203
all	479	24	886578	0.0000271
all	480	10	886578	0.0000113
all	481	13	886578	0.0000147
all	482	7	886578	0.0000079
all	483	16	886578	0.0000180
all	484	17	886578	0.0000192
all	485	10	886578	0.0000113
all	486	15	886578	0.0000169
all	487	13	886578	0.0000147
all	488	30	886578	0.0000338
all	489	21	886578	0.0000237
all	490	23	886578	0.0000259
all	491	14	886578	0.0000158
all	492	16	886578	0.0000180
all	493	23	886578	0.0000259
all	494	20	886578	0.0000226
all	495	19	886578	0.0000214
all	496	14	886578	0.0000158
all	497	16	886578	0.0000180
all	498	16	886578	0.0000180
all	499	9	886578	0.0000102
all	500	11	886578	0.0000124
all	501	18	886578	0.0000203
all	502	9	886578	0.0000102
all	503	18	886578	0.0000203
all	504	13	886578	0.0000147
all	505	8	886578	0.0000090
all	506	14	886578	0.0000158
all	507	7	886578	0.0000079
all	508	16	886578	0.0000180
all	509	11	886578	0.0000124
all	510	18	886578	0.0000203
all	511	10	886578	0.0000113
all	512	12	886578	0.0000135
all	513	15	886578	0.0000169
all	514	10	886578	0.0000113
all	515	24	886578	0.0000271
all	516	25	886578	0.0000282
all	517	14	886578	0.0000158
all	518	17	886578	0.0000192
all	519	19	886578	0.0000214
all	520	23	886578	0.0000259
all	521	17	886578	0.0000192
all	522	16	886578	0.0000180
all	523	14	886578	0.0000158
all	524	11	886578	0.0000124
all	525	7	886578	0.0000079
all	526	21	886578	0.0000237
all	527	16	886578	0.0000180
all	528	18	886578	0.0000203
all	529	28	886578	0.0000316
all	530	24	886578	0.0000271
all	531	16	886578	0.0000180
all	532	14	886578	0.0000158
all	533	14	886578	0.0000158
all	534	10	886578	0.0000113
all	535	15	886578	0.0000169
all	536	19	886578	0.0000214
all	537	19	886578	0.0000214
all	538	16	886578	0.0000180
all	539	19	886578	0.0000214
all	540	24	886578	0.0000271
all	541	21	886578	0.0000237
all	542	14	886578	0.0000158
all	543	15	886578	0.0000169
all	544	18	886578	0.0000203
all	545	8	886578	0.0000090
all	546	9	886578	0.0000102
all	547	6	886578	0.0000068
all	548	13	886578	0.0000147
all	549	10	886578	0.0000113
all	550	11	886578	0.0000124
all	551	10	886578	0.0000113
all	552	25	886578	0.0000282
all	553	17	886578	0.0000192
all	554	24	886578	0.0000271
all	555	8	886578	0.0000090
all	556	11	886578	0.0000124
all	557	9	886578	0.0000102
all	558	27	886578	0.0000305
all	559	7	886578	0.0000079
all	560	7	886578	0.0000079
all	561	16	886578	0.0000180
all	562	14	886578	0.0000158
all	563	10	886578	0.0000113
all	564	12	886578	0.0000135
all	565	12	886578	0.0000135
all	566	9	886578	0.0000102
all	567	16	886578	0.0000180
all	568	21	886578	0.0000237
all	569	10	886578	0.0000113
all	570	8	886578	0.0000090
all	571	12	886578	0.0000135
all	572	10	886578	0.0000113
all	573	36	886578	0.0000406
all	574	20	886578	0.0000226
all	575	17	886578	0.0000192
all	576	18	886578	0.0000203
all	577	9	886578	0.0000102
all	578	10	886578	0.0000113
all	579	16	886578	0.0000180
all	580	23	886578	0.0000259
all	581	13	886578	0.0000147
all	582	13	886578	0.0000147
all	583	9	886578	0.0000102
all	584	20	886578	0.0000226
all	585	16	886578	0.0000180
all	586	9	886578	0.0000102
all	587	16	886578	0.0000180
all	588	8	886578	0.0000090
all	589	14	886578	0.0000158
all	590	11	886578	0.0000124
all	591	6	886578	0.0000068
all	592	13	886578	0.0000147
all	593	14	886578	0.0000158
all	594	12	886578	0.0000135
all	595	18	886578	0.0000203
all	596	7	886578	0.0000079
all	597	15	886578	0.0000169
all	598	16	886578	0.0000180
all	599	9	886578	0.0000102
all	600	14	886578	0.0000158
all	601	15	886578	0.0000169
all	602	21	886578	0.0000237
all	603	7	886578	0.0000079
all	604	10	886578	0.0000113
all	605	2	886578	0.0000023
all	606	9	886578	0.0000102
all	607	8	886578	0.0000090
all	608	11	886578	0.0000124
all	609	20	886578	0.0000226
all	610	18	886578	0.0000203
all	611	19	886578	0.0000214
all	612	11	886578	0.0000124
all	613	14	886578	0.0000158
all	614	12	886578	0.0000135
all	615	10	886578	0.0000113
all	616	12	886578	0.0000135
all	617	12	886578	0.0000135
all	618	9	886578	0.0000102
all	619	16	886578	0.0000180
all	620	10	886578	0.0000113
all	621	32	886578	0.0000361
all	622	14	886578	0.0000158
all	623	6	886578	0.0000068
all	624	6	886578	0.0000068
all	625	7	886578	0.0000079
all	626	8	886578	0.0000090
all	627	10	886578	0.0000113
all	628	11	886578	0.0000124
all	629	13	886578	0.0000147
all	630	14	886578	0.0000158
all	631	23	886578	0.0000259
all	632	9	886578	0.0000102
all	633	11	886578	0.0000124
all	634	12	886578	0.0000135
all	635	9	886578	0.0000102
all	636	9	886578	0.0000102
all	637	12	886578	0.0000135
all	638	13	886578	0.0000147
all	639	9	886578	0.0000102
all	640	10	886578	0.0000113
all	641	8	886578	0.0000090
all	642	9	886578	0.0000102
all	643	5	886578	0.0000056
all	644	9	886578	0.0000102
all	645	13	886578	0.0000147
all	646	13	886578	0.0000147
all	647	9	886578	0.0000102
all	648	8	886578	0.0000090
all	649	6	886578	0.0000068
all	650	6	886578	0.0000068
all	651	10	886578	0.0000113
all	652	8	886578	0.0000090
all	653	20	886578	0.0000226
all	654	9	886578	0.0000102
all	655	10	886578	0.0000113
all	656	5	886578	0.0000056
all	657	5	886578	0.0000056
all	658	6	886578	0.0000068
all	659	6	886578	0.0000068
all	660	8	886578	0.0000090
all	661	9	886578	0.0000102
all	662	5	886578	0.0000056
all	663	6	886578	0.0000068
all	664	8	886578	0.0000090
all	665	9	886578	0.0000102
all	666	13	886578	0.0000147
all	667	9	886578	0.0000102
all	668	4	886578	0.0000045
all	669	6	886578	0.0000068
all	670	6	886578	0.0000068
all	671	14	886578	0.0000158
all	672	4	886578	0.0000045
all	673	9	886578	0.0000102
all	674	5	886578	0.0000056
all	675	8	886578	0.0000090
all	676	7	886578	0.0000079
all	677	8	886578	0.0000090
all	678	8	886578	0.0000090
all	679	6	886578	0.0000068
all	680	9	886578	0.0000102
all	681	7	886578	0.0000079
all	682	8	886578	0.0000090
all	683	4	886578	0.0000045
all	684	3	886578	0.0000034
all	685	5	886578	0.0000056
all	686	13	886578	0.0000147
all	687	10	886578	0.0000113
all	688	13	886578	0.0000147
all	689	4	886578	0.0000045
all	690	10	886578	0.0000113
all	691	9	886578	0.0000102
all	692	8	886578	0.0000090
all	693	10	886578	0.0000113
all	694	6	886578	0.0000068
all	695	7	886578	0.0000079
all	696	6	886578	0.0000068
all	697	9	886578	0.0000102
all	698	12	886578	0.0000135
all	699	7	886578	0.0000079
all	700	4	886578	0.0000045
all	701	11	886578	0.0000124
all	702	5	886578	0.0000056
all	703	14	886578	0.0000158
all	704	8	886578	0.0000090
all	705	5	886578	0.0000056
all	706	5	886578	0.0000056
all	707	7	886578	0.0000079
all	708	6	886578	0.0000068
all	709	6	886578	0.0000068
all	710	5	886578	0.0000056
all	711	3	886578	0.0000034
all	712	7	886578	0.0000079
all	713	3	886578	0.0000034
all	714	15	886578	0.0000169
all	715	8	886578	0.0000090
all	716	5	886578	0.0000056
all	717	7	886578	0.0000079
all	718	10	886578	0.0000113
all	719	12	886578	0.0000135
all	720	7	886578	0.0000079
all	721	12	886578	0.0000135
all	722	6	886578	0.0000068
all	723	7	886578	0.0000079
all	724	3	886578	0.0000034
all	725	4	886578	0.0000045
all	726	7	886578	0.0000079
all	727	4	886578	0.0000045
all	728	11	886578	0.0000124
all	729	9	886578	0.0000102
all	730	3	886578	0.0000034
all	731	4	886578	0.0000045
all	732	6	886578	0.0000068
all	733	10	886578	0.0000113
all	734	4	886578	0.0000045
all	735	6	886578	0.0000068
all	736	12	886578	0.0000135
all	737	11	886578	0.0000124
all	738	6	886578	0.0000068
all	739	5	886578	0.0000056
all	740	5	886578	0.0000056
all	741	9	886578	0.0000102
all	742	4	886578	0.0000045
all	743	9	886578	0.0000102
all	744	6	886578	0.0000068
all	745	4	886578	0.0000045
all	746	2	886578	0.0000023
all	747	8	886578	0.0000090
all	748	5	886578	0.0000056
all	749	5	886578	0.0000056
all	750	3	886578	0.0000034
all	751	10	886578	0.0000113
all	752	8	886578	0.0000090
all	753	5	886578	0.0000056
all	754	9	886578	0.0000102
all	755	5	886578	0.0000056
all	756	2	886578	0.0000023
all	757	3	886578	0.0000034
all	758	5	886578	0.0000056
all	759	3	886578	0.0000034
all	760	12	886578	0.0000135
all	761	12	886578	0.0000135
all	762	12	886578	0.0000135
all	763	11	886578	0.0000124
all	764	5	886578	0.0000056
all	765	8	886578	0.0000090
all	766	8	886578	0.0000090
all	767	7	886578	0.0000079
all	768	8	886578	0.0000090
all	769	3	886578	0.0000034
all	770	8	886578	0.0000090
all	771	10	886578	0.0000113
all	772	7	886578	0.0000079
all	773	6	886578	0.0000068
all	774	5	886578	0.0000056
all	775	9	886578	0.0000102
all	776	8	886578	0.0000090
all	777	4	886578	0.0000045
all	778	3	886578	0.0000034
all	779	7	886578	0.0000079
all	780	5	886578	0.0000056
all	781	9	886578	0.0000102
all	782	3	886578	0.0000034
all	783	2	886578	0.0000023
all	784	2	886578	0.0000023
all	785	10	886578	0.0000113
all	786	18	886578	0.0000203
all	787	11	886578	0.0000124
all	788	10	886578	0.0000113
all	789	4	886578	0.0000045
all	790	7	886578	0.0000079
all	791	10	886578	0.0000113
all	792	24	886578	0.0000271
all	793	10	886578	0.0000113
all	794	7	886578	0.0000079
all	795	8	886578	0.0000090
all	796	3	886578	0.0000034
all	797	2	886578	0.0000023
all	798	5	886578	0.0000056
all	799	4	886578	0.0000045
all	800	7	886578	0.0000079
all	801	5	886578	0.0000056
all	802	3	886578	0.0000034
all	803	4	886578	0.0000045
all	804	4	886578	0.0000045
all	805	7	886578	0.0000079
all	806	3	886578	0.0000034
all	807	4	886578	0.0000045
all	808	6	886578	0.0000068
all	809	4	886578	0.0000045
all	810	8	886578	0.0000090
all	811	5	886578	0.0000056
all	812	7	886578	0.0000079
all	813	1	886578	0.0000011
all	814	6	886578	0.0000068
all	815	3	886578	0.0000034
all	816	3	886578	0.0000034
all	817	6	886578	0.0000068
all	818	1	886578	0.0000011
all	819	5	886578	0.0000056
all	820	2	886578	0.0000023
all	821	2	886578	0.0000023
all	822	5	886578	0.0000056
all	823	11	886578	0.0000124
all	824	3	886578	0.0000034
all	825	3	886578	0.0000034
all	826	5	886578	0.0000056
all	827	5	886578	0.0000056
all	828	4	886578	0.0000045
all	829	1	886578	0.0000011
all	830	2	886578	0.0000023
all	831	5	886578	0.0000056
all	832	2	886578	0.0000023
all	833	7	886578	0.0000079
all	834	11	886578	0.0000124
all	835	10	886578	0.0000113
all	836	3	886578	0.0000034
all	837	6	886578	0.0000068
all	838	5	886578	0.0000056
all	839	3	886578	0.0000034
all	840	3	886578	0.0000034
all	841	3	886578	0.0000034
all	842	6	886578	0.0000068
all	843	5	886578	0.0000056
all	844	4	886578	0.0000045
all	845	3	886578	0.0000034
all	846	1	886578	0.0000011
all	847	4	886578	0.0000045
all	848	1	886578	0.0000011
all	849	2	886578	0.0000023
all	850	2	886578	0.0000023
all	851	6	886578	0.0000068
all	852	4	886578	0.0000045
all	853	4	886578	0.0000045
all	854	2	886578	0.0000023
all	855	3	886578	0.0000034
all	856	5	886578	0.0000056
all	857	2	886578	0.0000023
all	858	4	886578	0.0000045
all	859	2	886578	0.0000023
all	860	7	886578	0.0000079
all	861	4	886578	0.0000045
all	862	4	886578	0.0000045
all	863	2	886578	0.0000023
all	864	1	886578	0.0000011
all	865	3	886578	0.0000034
all	866	2	886578	0.0000023
all	867	3	886578	0.0000034
all	868	6	886578	0.0000068
all	869	9	886578	0.0000102
all	870	3	886578	0.0000034
all	871	6	886578	0.0000068
all	872	3	886578	0.0000034
all	873	3	886578	0.0000034
all	874	7	886578	0.0000079
all	875	4	886578	0.0000045
all	876	4	886578	0.0000045
all	877	4	886578	0.0000045
all	878	4	886578	0.0000045
all	879	6	886578	0.0000068
all	880	2	886578	0.0000023
all	881	6	886578	0.0000068
all	882	5	886578	0.0000056
all	883	6	886578	0.0000068
all	884	8	886578	0.0000090
all	885	4	886578	0.0000045
all	886	6	886578	0.0000068
all	887	6	886578	0.0000068
all	888	6	886578	0.0000068
all	889	5	886578	0.0000056
all	890	16	886578	0.0000180
all	891	7	886578	0.0000079
all	892	8	886578	0.0000090
all	893	5	886578	0.0000056
all	894	2	886578	0.0000023
all	896	3	886578	0.0000034
all	897	6	886578	0.0000068
all	898	3	886578	0.0000034
all	899	3	886578	0.0000034
all	900	2	886578	0.0000023
all	901	6	886578	0.0000068
all	902	3	886578	0.0000034
all	903	1	886578	0.0000011
all	904	3	886578	0.0000034
all	905	1	886578	0.0000011
all	906	2	886578	0.0000023
all	907	4	886578	0.0000045
all	908	1	886578	0.0000011
all	911	4	886578	0.0000045
all	912	1	886578	0.0000011
all	913	1	886578	0.0000011
all	914	2	886578	0.0000023
all	916	2	886578	0.0000023
all	917	3	886578	0.0000034
all	919	2	886578	0.0000023
all	920	3	886578	0.0000034
all	922	2	886578	0.0000023
all	924	1	886578	0.0000011
all	925	4	886578	0.0000045
all	927	2	886578	0.0000023
all	928	4	886578	0.0000045
all	930	2	886578	0.0000023
all	931	1	886578	0.0000011
all	932	2	886578	0.0000023
all	933	1	886578	0.0000011
all	936	1	886578	0.0000011
all	937	2	886578	0.0000023
all	938	2	886578	0.0000023
all	939	4	886578	0.0000045
all	940	3	886578	0.0000034
all	941	2	886578	0.0000023
all	942	3	886578	0.0000034
all	943	1	886578	0.0000011
all	946	1	886578	0.0000011
all	947	3	886578	0.0000034
all	949	2	886578	0.0000023
all	950	2	886578	0.0000023
all	952	1	886578	0.0000011
all	953	3	886578	0.0000034
all	954	4	886578	0.0000045
all	955	2	886578	0.0000023
all	956	2	886578	0.0000023
all	957	2	886578	0.0000023
all	958	2	886578	0.0000023
all	959	2	886578	0.0000023
all	960	2	886578	0.0000023
all	961	3	886578	0.0000034
all	963	5	886578	0.0000056
all	964	1	886578	0.0000011
all	965	1	886578	0.0000011
all	966	2	886578	0.0000023
all	968	3	886578	0.0000034
all	969	2	886578	0.0000023
all	971	2	886578	0.0000023
all	972	4	886578	0.0000045
all	973	2	886578	0.0000023
all	974	2	886578	0.0000023
all	976	3	886578	0.0000034
all	977	4	886578	0.0000045
all	978	1	886578	0.0000011
all	979	4	886578	0.0000045
all	980	4	886578	0.0000045
all	982	2	886578	0.0000023
all	983	3	886578	0.0000034
all	984	3	886578	0.0000034
all	985	2	886578	0.0000023
all	986	1	886578	0.0000011
all	987	3	886578	0.0000034
all	988	1	886578	0.0000011
all	989	2	886578	0.0000023
all	990	5	886578	0.0000056
all	992	1	886578	0.0000011
all	993	1	886578	0.0000011
all	994	2	886578	0.0000023
all	995	2	886578	0.0000023
all	997	2	886578	0.0000023
all	998	3	886578	0.0000034
all	999	2	886578	0.0000023
all	1000	3	886578	0.0000034
all	1001	3	886578	0.0000034
all	1002	2	886578	0.0000023
all	1003	3	886578	0.0000034
all	1004	1	886578	0.0000011
all	1005	1	886578	0.0000011
all	1006	2	886578	0.0000023
all	1007	3	886578	0.0000034
all	1008	1	886578	0.0000011
all	1009	3	886578	0.0000034
all	1010	3	886578	0.0000034
all	1011	2	886578	0.0000023
all	1012	2	886578	0.0000023
all	1013	1	886578	0.0000011
all	1014	2	886578	0.0000023
all	1015	1	886578	0.0000011
all	1016	2	886578	0.0000023
all	1017	3	886578	0.0000034
all	1018	3	886578	0.0000034
all	1019	2	886578	0.0000023
all	1020	2	886578	0.0000023
all	1021	3	886578	0.0000034
all	1022	3	886578	0.0000034
all	1023	2	886578	0.0000023
all	1025	3	886578	0.0000034
all	1026	2	886578	0.0000023
all	1027	3	886578	0.0000034
all	1028	4	886578	0.0000045
all	1029	4	886578	0.0000045
all	1030	2	886578	0.0000023
all	1031	2	886578	0.0000023
all	1032	2	886578	0.0000023
all	1033	2	886578	0.0000023
all	1034	1	886578	0.0000011
all	1035	4	886578	0.0000045
all	1036	1	886578	0.0000011
all	1037	1	886578	0.0000011
all	1038	2	886578	0.0000023
all	1039	3	886578	0.0000034
all	1040	1	886578	0.0000011
all	1041	1	886578	0.0000011
all	1042	2	886578	0.0000023
all	1043	5	886578	0.0000056
all	1044	1	886578	0.0000011
all	1045	1	886578	0.0000011
all	1047	1	886578	0.0000011
all	1048	2	886578	0.0000023
all	1049	1	886578	0.0000011
all	1050	2	886578	0.0000023
all	1051	4	886578	0.0000045
all	1053	1	886578	0.0000011
all	1054	1	886578	0.0000011
all	1055	3	886578	0.0000034
all	1056	2	886578	0.0000023
all	1057	1	886578	0.0000011
all	1058	4	886578	0.0000045
all	1059	1	886578	0.0000011
all	1061	4	886578	0.0000045
all	1063	3	886578	0.0000034
all	1065	5	886578	0.0000056
all	1066	1	886578	0.0000011
all	1067	2	886578	0.0000023
all	1068	1	886578	0.0000011
all	1070	1	886578	0.0000011
all	1071	1	886578	0.0000011
all	1072	4	886578	0.0000045
all	1075	1	886578	0.0000011
all	1076	1	886578	0.0000011
all	1077	2	886578	0.0000023
all	1078	2	886578	0.0000023
all	1079	6	886578	0.0000068
all	1080	1	886578	0.0000011
all	1081	2	886578	0.0000023
all	1082	4	886578	0.0000045
all	1083	1	886578	0.0000011
all	1084	2	886578	0.0000023
all	1085	1	886578	0.0000011
all	1086	2	886578	0.0000023
all	1088	3	886578	0.0000034
all	1089	1	886578	0.0000011
all	1090	1	886578	0.0000011
all	1091	2	886578	0.0000023
all	1092	1	886578	0.0000011
all	1094	2	886578	0.0000023
all	1095	3	886578	0.0000034
all	1096	3	886578	0.0000034
all	1097	2	886578	0.0000023
all	1098	4	886578	0.0000045
all	1099	2	886578	0.0000023
all	1100	2	886578	0.0000023
all	1101	2	886578	0.0000023
all	1102	2	886578	0.0000023
all	1103	2	886578	0.0000023
all	1104	2	886578	0.0000023
all	1105	7	886578	0.0000079
all	1106	9	886578	0.0000102
all	1108	3	886578	0.0000034
all	1109	3	886578	0.0000034
all	1110	2	886578	0.0000023
all	1111	1	886578	0.0000011
all	1113	2	886578	0.0000023
all	1114	1	886578	0.0000011
all	1115	1	886578	0.0000011
all	1116	2	886578	0.0000023
all	1117	3	886578	0.0000034
all	1118	1	886578	0.0000011
all	1119	2	886578	0.0000023
all	1120	2	886578	0.0000023
all	1122	2	886578	0.0000023
all	1123	1	886578	0.0000011
all	1125	2	886578	0.0000023
all	1126	3	886578	0.0000034
all	1127	1	886578	0.0000011
all	1128	2	886578	0.0000023
all	1129	3	886578	0.0000034
all	1132	1	886578	0.0000011
all	1133	1	886578	0.0000011
all	1134	1	886578	0.0000011
all	1135	1	886578	0.0000011
all	1136	1	886578	0.0000011
all	1137	2	886578	0.0000023
all	1138	5	886578	0.0000056
all	1140	4	886578	0.0000045
all	1141	2	886578	0.0000023
all	1142	1	886578	0.0000011
all	1144	1	886578	0.0000011
all	1146	2	886578	0.0000023
all	1147	1	886578	0.0000011
all	1148	3	886578	0.0000034
all	1150	1	886578	0.0000011
all	1151	2	886578	0.0000023
all	1152	2	886578	0.0000023
all	1154	1	886578	0.0000011
all	1155	2	886578	0.0000023
all	1156	1	886578	0.0000011
all	1157	2	886578	0.0000023
all	1159	4	886578	0.0000045
all	1160	3	886578	0.0000034
all	1161	2	886578	0.0000023
all	1163	1	886578	0.0000011
all	1165	1	886578	0.0000011
all	1166	1	886578	0.0000011
all	1169	2	886578	0.0000023
all	1170	1	886578	0.0000011
all	1171	1	886578	0.0000011
all	1173	1	886578	0.0000011
all	1175	1	886578	0.0000011
all	1176	2	886578	0.0000023
all	1178	2	886578	0.0000023
all	1179	3	886578	0.0000034
all	1181	1	886578	0.0000011
all	1182	3	886578	0.0000034
all	1184	1	886578	0.0000011
all	1186	1	886578	0.0000011
all	1187	1	886578	0.0000011
all	1188	2	886578	0.0000023
all	1189	4	886578	0.0000045
all	1191	4	886578	0.0000045
all	1192	1	886578	0.0000011
all	1194	1	886578	0.0000011
all	1195	1	886578	0.0000011
all	1196	3	886578	0.0000034
all	1197	1	886578	0.0000011
all	1198	2	886578	0.0000023
all	1199	3	886578	0.0000034
all	1200	3	886578	0.0000034
all	1201	1	886578	0.0000011
all	1202	3	886578	0.0000034
all	1203	2	886578	0.0000023
all	1205	1	886578	0.0000011
all	1207	2	886578	0.0000023
all	1210	1	886578	0.0000011
all	1211	3	886578	0.0000034
all	1212	1	886578	0.0000011
all	1213	2	886578	0.0000023
all	1214	1	886578	0.0000011
all	1215	1	886578	0.0000011
all	1216	2	886578	0.0000023
all	1218	1	886578	0.0000011
all	1220	2	886578	0.0000023
all	1221	2	886578	0.0000023
all	1223	4	886578	0.0000045
all	1224	1	886578	0.0000011
all	1225	2	886578	0.0000023
all	1226	1	886578	0.0000011
all	1227	3	886578	0.0000034
all	1228	1	886578	0.0000011
all	1229	1	886578	0.0000011
all	1230	2	886578	0.0000023
all	1231	1	886578	0.0000011
all	1233	1	886578	0.0000011
all	1235	1	886578	0.0000011
all	1236	4	886578	0.0000045
all	1237	3	886578	0.0000034
all	1239	3	886578	0.0000034
all	1240	1	886578	0.0000011
all	1241	2	886578	0.0000023
all	1242	1	886578	0.0000011
all	1243	4	886578	0.0000045
all	1244	1	886578	0.0000011
all	1246	1	886578	0.0000011
all	1247	1	886578	0.0000011
all	1248	1	886578	0.0000011
all	1249	1	886578	0.0000011
all	1250	1	886578	0.0000011
all	1251	1	886578	0.0000011
all	1252	2	886578	0.0000023
all	1255	3	886578	0.0000034
all	1256	4	886578	0.0000045
all	1257	2	886578	0.0000023
all	1258	1	886578	0.0000011
all	1259	1	886578	0.0000011
all	1260	1	886578	0.0000011
all	1262	3	886578	0.0000034
all	1263	1	886578	0.0000011
all	1265	1	886578	0.0000011
all	1266	2	886578	0.0000023
all	1269	1	886578	0.0000011
all	1270	1	886578	0.0000011
all	1271	1	886578	0.0000011
all	1272	2	886578	0.0000023
all	1274	3	886578	0.0000034
all	1276	1	886578	0.0000011
all	1277	3	886578	0.0000034
all	1278	1	886578	0.0000011
all	1279	4	886578	0.0000045
all	1280	2	886578	0.0000023
all	1281	3	886578	0.0000034
all	1282	1	886578	0.0000011
all	1283	4	886578	0.0000045
all	1284	2	886578	0.0000023
all	1285	1	886578	0.0000011
all	1286	2	886578	0.0000023
all	1288	1	886578	0.0000011
all	1290	1	886578	0.0000011
all	1291	3	886578	0.0000034
all	1292	1	886578	0.0000011
all	1293	2	886578	0.0000023
all	1294	2	886578	0.0000023
all	1295	1	886578	0.0000011
all	1296	2	886578	0.0000023
all	1298	2	886578	0.0000023
all	1300	3	886578	0.0000034
all	1301	2	886578	0.0000023
all	1303	3	886578	0.0000034
all	1304	7	886578	0.0000079
all	1305	5	886578	0.0000056
all	1306	8	886578	0.0000090
all	1307	1	886578	0.0000011
all	1308	4	886578	0.0000045
all	1309	6	886578	0.0000068
all	1310	4	886578	0.0000045
all	1311	2	886578	0.0000023
all	1312	2	886578	0.0000023
all	1313	5	886578	0.0000056
all	1314	3	886578	0.0000034
all	1315	4	886578	0.0000045
all	1316	3	886578	0.0000034
all	1317	1	886578	0.0000011
all	1318	1	886578	0.0000011
all	1320	4	886578	0.0000045
all	1321	3	886578	0.0000034
all	1322	1	886578	0.0000011
all	1323	1	886578	0.0000011
all	1324	2	886578	0.0000023
all	1326	1	886578	0.0000011
all	1327	6	886578	0.0000068
all	1330	3	886578	0.0000034
all	1331	2	886578	0.0000023
all	1334	2	886578	0.0000023
all	1335	1	886578	0.0000011
all	1336	12	886578	0.0000135
all	1337	4	886578	0.0000045
all	1338	1	886578	0.0000011
all	1339	1	886578	0.0000011
all	1341	2	886578	0.0000023
all	1342	2	886578	0.0000023
all	1343	2	886578	0.0000023
all	1344	1	886578	0.0000011
all	1345	1	886578	0.0000011
all	1347	1	886578	0.0000011
all	1348	1	886578	0.0000011
all	1349	2	886578	0.0000023
all	1350	2	886578	0.0000023
all	1351	1	886578	0.0000011
all	1352	1	886578	0.0000011
all	1353	1	886578	0.0000011
all	1354	3	886578	0.0000034
all	1355	1	886578	0.0000011
all	1356	1	886578	0.0000011
all	1357	1	886578	0.0000011
all	1358	1	886578	0.0000011
all	1359	1	886578	0.0000011
all	1360	2	886578	0.0000023
all	1361	1	886578	0.0000011
all	1362	3	886578	0.0000034
all	1363	3	886578	0.0000034
all	1364	3	886578	0.0000034
all	1366	2	886578	0.0000023
all	1367	1	886578	0.0000011
all	1369	2	886578	0.0000023
all	1370	4	886578	0.0000045
all	1371	3	886578	0.0000034
all	1374	2	886578	0.0000023
all	1375	2	886578	0.0000023
all	1376	1	886578	0.0000011
all	1378	1	886578	0.0000011
all	1381	1	886578	0.0000011
all	1383	2	886578	0.0000023
all	1385	1	886578	0.0000011
all	1387	2	886578	0.0000023
all	1388	1	886578	0.0000011
all	1389	1	886578	0.0000011
all	1390	1	886578	0.0000011
all	1391	2	886578	0.0000023
all	1392	1	886578	0.0000011
all	1394	2	886578	0.0000023
all	1395	1	886578	0.0000011
all	1398	3	886578	0.0000034
all	1404	3	886578	0.0000034
all	1405	2	886578	0.0000023
all	1406	1	886578	0.0000011
all	1408	1	886578	0.0000011
all	1409	1	886578	0.0000011
all	1410	1	886578	0.0000011
all	1411	2	886578	0.0000023
all	1412	1	886578	0.0000011
all	1415	1	886578	0.0000011
all	1416	1	886578	0.0000011
all	1417	2	886578	0.0000023
all	1419	4	886578	0.0000045
all	1420	1	886578	0.0000011
all	1421	1	886578	0.0000011
all	1422	1	886578	0.0000011
all	1425	2	886578	0.0000023
all	1427	1	886578	0.0000011
all	1428	1	886578	0.0000011
all	1429	2	886578	0.0000023
all	1430	3	886578	0.0000034
all	1431	1	886578	0.0000011
all	1432	1	886578	0.0000011
all	1435	2	886578	0.0000023
all	1436	2	886578	0.0000023
all	1438	1	886578	0.0000011
all	1441	1	886578	0.0000011
all	1443	2	886578	0.0000023
all	1444	1	886578	0.0000011
all	1448	2	886578	0.0000023
all	1449	3	886578	0.0000034
all	1452	1	886578	0.0000011
all	1456	2	886578	0.0000023
all	1457	3	886578	0.0000034
all	1458	1	886578	0.0000011
all	1460	1	886578	0.0000011
all	1461	2	886578	0.0000023
all	1462	3	886578	0.0000034
all	1463	1	886578	0.0000011
all	1464	1	886578	0.0000011
all	1466	3	886578	0.0000034
all	1467	1	886578	0.0000011
all	1469	1	886578	0.0000011
all	1470	2	886578	0.0000023
all	1471	1	886578	0.0000011
all	1472	4	886578	0.0000045
all	1475	2	886578	0.0000023
all	1476	1	886578	0.0000011
all	1478	2	886578	0.0000023
all	1484	1	886578	0.0000011
all	1485	1	886578	0.0000011
all	1486	1	886578	0.0000011
all	1487	1	886578	0.0000011
all	1488	1	886578	0.0000011
all	1489	1	886578	0.0000011
all	1490	1	886578	0.0000011
all	1493	1	886578	0.0000011
all	1496	2	886578	0.0000023
all	1497	1	886578	0.0000011
all	1500	1	886578	0.0000011
all	1501	1	886578	0.0000011
all	1502	1	886578	0.0000011
all	1505	1	886578	0.0000011
all	1507	1	886578	0.0000011
all	1508	1	886578	0.0000011
all	1509	1	886578	0.0000011
all	1510	1	886578	0.0000011
all	1513	1	886578	0.0000011
all	1514	1	886578	0.0000011
all	1518	1	886578	0.0000011
all	1521	2	886578	0.0000023
all	1522	1	886578	0.0000011
all	1523	2	886578	0.0000023
all	1526	1	886578	0.0000011
all	1527	1	886578	0.0000011
all	1530	1	886578	0.0000011
all	1532	1	886578	0.0000011
all	1535	2	886578	0.0000023
all	1536	2	886578	0.0000023
all	1538	1	886578	0.0000011
all	1539	1	886578	0.0000011
all	1541	1	886578	0.0000011
all	1542	1	886578	0.0000011
all	1543	1	886578	0.0000011
all	1545	1	886578	0.0000011
all	1547	1	886578	0.0000011
all	1548	2	886578	0.0000023
all	1549	1	886578	0.0000011
all	1552	1	886578	0.0000011
all	1553	2	886578	0.0000023
all	1554	1	886578	0.0000011
all	1555	1	886578	0.0000011
all	1556	1	886578	0.0000011
all	1560	3	886578	0.0000034
all	1562	1	886578	0.0000011
all	1569	2	886578	0.0000023
all	1570	1	886578	0.0000011
all	1571	1	886578	0.0000011
all	1577	1	886578	0.0000011
all	1579	1	886578	0.0000011
all	1580	1	886578	0.0000011
all	1582	2	886578	0.0000023
all	1584	1	886578	0.0000011
all	1586	1	886578	0.0000011
all	1587	1	886578	0.0000011
all	1588	2	886578	0.0000023
all	1589	1	886578	0.0000011
all	1592	1	886578	0.0000011
all	1593	3	886578	0.0000034
all	1595	1	886578	0.0000011
all	1596	1	886578	0.0000011
all	1599	1	886578	0.0000011
all	1600	2	886578	0.0000023
all	1601	1	886578	0.0000011
all	1602	1	886578	0.0000011
all	1604	2	886578	0.0000023
all	1605	1	886578	0.0000011
all	1608	2	886578	0.0000023
all	1609	1	886578	0.0000011
all	1610	1	886578	0.0000011
all	1611	4	886578	0.0000045
all	1614	2	886578	0.0000023
all	1615	1	886578	0.0000011
all	1616	3	886578	0.0000034
all	1617	4	886578	0.0000045
all	1618	1	886578	0.0000011
all	1620	3	886578	0.0000034
all	1622	1	886578	0.0000011
all	1623	2	886578	0.0000023
all	1625	4	886578	0.0000045
all	1627	3	886578	0.0000034
all	1628	1	886578	0.0000011
all	1630	10	886578	0.0000113
all	1632	5	886578	0.0000056
all	1633	5	886578	0.0000056
all	1634	1	886578	0.0000011
all	1637	1	886578	0.0000011
all	1638	1	886578	0.0000011
all	1639	5	886578	0.0000056
all	1640	2	886578	0.0000023
all	1643	1	886578	0.0000011
all	1646	1	886578	0.0000011
all	1647	1	886578	0.0000011
all	1652	2	886578	0.0000023
all	1653	1	886578	0.0000011
all	1654	2	886578	0.0000023
all	1655	1	886578	0.0000011
all	1656	3	886578	0.0000034
all	1659	1	886578	0.0000011
all	1662	1	886578	0.0000011
all	1663	1	886578	0.0000011
all	1664	1	886578	0.0000011
all	1665	1	886578	0.0000011
all	1667	1	886578	0.0000011
all	1668	1	886578	0.0000011
all	1674	1	886578	0.0000011
all	1677	1	886578	0.0000011
all	1678	1	886578	0.0000011
all	1680	1	886578	0.0000011
all	1684	1	886578	0.0000011
all	1689	2	886578	0.0000023
all	1690	1	886578	0.0000011
all	1691	1	886578	0.0000011
all	1693	1	886578	0.0000011
all	1698	3	886578	0.0000034
all	1700	2	886578	0.0000023
all	1701	1	886578	0.0000011
all	1702	2	886578	0.0000023
all	1705	2	886578	0.0000023
all	1713	1	886578	0.0000011
all	1715	3	886578	0.0000034
all	1721	2	886578	0.0000023
all	1722	1	886578	0.0000011
all	1731	3	886578	0.0000034
all	1734	2	886578	0.0000023
all	1735	1	886578	0.0000011
all	1736	1	886578	0.0000011
all	1738	1	886578	0.0000011
all	1739	1	886578	0.0000011
all	1743	1	886578	0.0000011
all	1747	1	886578	0.0000011
all	1748	1	886578	0.0000011
all	1749	2	886578	0.0000023
all	1751	1	886578	0.0000011
all	1755	1	886578	0.0000011
all	1758	1	886578	0.0000011
all	1763	1	886578	0.0000011
all	1765	1	886578	0.0000011
all	1766	1	886578	0.0000011
all	1769	1	886578	0.0000011
all	1773	1	886578	0.0000011
all	1774	2	886578	0.0000023
all	1781	1	886578	0.0000011
all	1783	1	886578	0.0000011
all	1788	1	886578	0.0000011
all	1790	1	886578	0.0000011
all	1791	1	886578	0.0000011
all	1793	1	886578	0.0000011
all	1796	1	886578	0.0000011
all	1798	1	886578	0.0000011
all	1801	1	886578	0.0000011
all	1807	1	886578	0.0000011
all	1808	3	886578	0.0000034
all	1812	2	886578	0.0000023
all	1813	1	886578	0.0000011
all	1814	1	886578	0.0000011
all	1815	3	886578	0.0000034
all	1816	1	886578	0.0000011
all	1817	2	886578	0.0000023
all	1818	1	886578	0.0000011
all	1819	1	886578	0.0000011
all	1821	1	886578	0.0000011
all	1822	1	886578	0.0000011
all	1824	2	886578	0.0000023
all	1827	1	886578	0.0000011
all	1828	2	886578	0.0000023
all	1831	1	886578	0.0000011
all	1833	1	886578	0.0000011
all	1835	2	886578	0.0000023
all	1837	1	886578	0.0000011
all	1840	1	886578	0.0000011
all	1842	2	886578	0.0000023
all	1849	1	886578	0.0000011
all	1856	1	886578	0.0000011
all	1858	1	886578	0.0000011
all	1859	1	886578	0.0000011
all	1860	1	886578	0.0000011
all	1863	2	886578	0.0000023
all	1864	1	886578	0.0000011
all	1873	1	886578	0.0000011
all	1876	1	886578	0.0000011
all	1890	1	886578	0.0000011
all	1895	2	886578	0.0000023
all	1897	1	886578	0.0000011
all	1905	1	886578	0.0000011
all	1908	2	886578	0.0000023
all	1910	1	886578	0.0000011
all	1913	1	886578	0.0000011
all	1920	1	886578	0.0000011
all	1921	1	886578	0.0000011
all	1927	1	886578	0.0000011
all	1930	1	886578	0.0000011
all	1931	1	886578	0.0000011
all	1935	1	886578	0.0000011
all	1939	1	886578	0.0000011
all	1940	1	886578	0.0000011
all	1946	1	886578	0.0000011
all	1950	1	886578	0.0000011
all	1953	1	886578	0.0000011
all	1955	2	886578	0.0000023
all	1958	1	886578	0.0000011
all	1960	1	886578	0.0000011
all	1961	1	886578	0.0000011
all	1968	1	886578	0.0000011
all	1970	1	886578	0.0000011
all	1980	1	886578	0.0000011
all	1982	1	886578	0.0000011
all	1986	1	886578	0.0000011
all	1987	1	886578	0.0000011
all	1990	1	886578	0.0000011
all	1995	1	886578	0.0000011
all	2000	1	886578	0.0000011
all	2002	1	886578	0.0000011
all	2003	1	886578	0.0000011
all	2006	1	886578	0.0000011
all	2009	1	886578	0.0000011
all	2010	1	886578	0.0000011
all	2011	1	886578	0.0000011
all	2026	3	886578	0.0000034
all	2029	1	886578	0.0000011
all	2032	2	886578	0.0000023
all	2033	1	886578	0.0000011
all	2035	1	886578	0.0000011
all	2040	1	886578	0.0000011
all	2041	1	886578	0.0000011
all	2047	1	886578	0.0000011
all	2048	1	886578	0.0000011
all	2049	1	886578	0.0000011
all	2050	1	886578	0.0000011
all	2057	1	886578	0.0000011
all	2058	1	886578	0.0000011
all	2061	1	886578	0.0000011
all	2064	1	886578	0.0000011
all	2065	1	886578	0.0000011
all	2066	1	886578	0.0000011
all	2068	2	886578	0.0000023
all	2072	2	886578	0.0000023
all	2073	1	886578	0.0000011
all	2076	1	886578	0.0000011
all	2079	1	886578	0.0000011
all	2083	1	886578	0.0000011
all	2093	1	886578	0.0000011
all	2097	1	886578	0.0000011
all	2098	1	886578	0.0000011
all	2101	1	886578	0.0000011
all	2106	2	886578	0.0000023
all	2109	1	886578	0.0000011
all	2110	2	886578	0.0000023
all	2112	1	886578	0.0000011
all	2114	1	886578	0.0000011
all	2115	2	886578	0.0000023
all	2117	1	886578	0.0000011
all	2118	1	886578	0.0000011
all	2119	1	886578	0.0000011
all	2121	1	886578	0.0000011
all	2124	2	886578	0.0000023
all	2125	1	886578	0.0000011
all	2129	1	886578	0.0000011
all	2130	1	886578	0.0000011
all	2134	2	886578	0.0000023
all	2135	1	886578	0.0000011
all	2136	1	886578	0.0000011
all	2137	2	886578	0.0000023
all	2138	2	886578	0.0000023
all	2144	1	886578	0.0000011
all	2145	1	886578	0.0000011
all	2146	1	886578	0.0000011
all	2150	1	886578	0.0000011
all	2151	1	886578	0.0000011
all	2152	1	886578	0.0000011
all	2154	2	886578	0.0000023
all	2161	1	886578	0.0000011
all	2170	1	886578	0.0000011
all	2175	1	886578	0.0000011
all	2176	1	886578	0.0000011
all	2177	1	886578	0.0000011
all	2179	1	886578	0.0000011
all	2182	1	886578	0.0000011
all	2191	1	886578	0.0000011
all	2192	1	886578	0.0000011
all	2197	1	886578	0.0000011
all	2199	1	886578	0.0000011
all	2203	1	886578	0.0000011
all	2206	1	886578	0.0000011
all	2214	1	886578	0.0000011
all	2220	1	886578	0.0000011
all	2223	2	886578	0.0000023
all	2226	1	886578	0.0000011
all	2227	1	886578	0.0000011
all	2232	1	886578	0.0000011
all	2235	1	886578	0.0000011
all	2236	1	886578	0.0000011
all	2244	1	886578	0.0000011
all	2247	1	886578	0.0000011
all	2257	2	886578	0.0000023
all	2259	1	886578	0.0000011
all	2263	1	886578	0.0000011
all	2264	1	886578	0.0000011
all	2267	1	886578	0.0000011
all	2269	1	886578	0.0000011
all	2273	1	886578	0.0000011
all	2274	1	886578	0.0000011
all	2276	2	886578	0.0000023
all	2281	1	886578	0.0000011
all	2285	1	886578	0.0000011
all	2287	1	886578	0.0000011
all	2288	1	886578	0.0000011
all	2292	1	886578	0.0000011
all	2296	1	886578	0.0000011
all	2305	1	886578	0.0000011
all	2311	1	886578	0.0000011
all	2312	1	886578	0.0000011
all	2315	1	886578	0.0000011
all	2316	1	886578	0.0000011
all	2317	1	886578	0.0000011
all	2320	1	886578	0.0000011
all	2322	1	886578	0.0000011
all	2324	1	886578	0.0000011
all	2328	3	886578	0.0000034
all	2329	1	886578	0.0000011
all	2330	1	886578	0.0000011
all	2335	1	886578	0.0000011
all	2337	1	886578	0.0000011
all	2341	1	886578	0.0000011
all	2344	1	886578	0.0000011
all	2346	1	886578	0.0000011
all	2348	1	886578	0.0000011
all	2349	2	886578	0.0000023
all	2350	1	886578	0.0000011
all	2354	2	886578	0.0000023
all	2356	1	886578	0.0000011
all	2357	1	886578	0.0000011
all	2358	1	886578	0.0000011
all	2362	1	886578	0.0000011
all	2363	1	886578	0.0000011
all	2365	1	886578	0.0000011
all	2366	1	886578	0.0000011
all	2367	1	886578	0.0000011
all	2369	1	886578	0.0000011
all	2374	1	886578	0.0000011
all	2375	1	886578	0.0000011
all	2377	1	886578	0.0000011
all	2383	1	886578	0.0000011
all	2388	1	886578	0.0000011
all	2391	1	886578	0.0000011
all	2393	1	886578	0.0000011
all	2398	1	886578	0.0000011
all	2406	1	886578	0.0000011
all	2407	1	886578	0.0000011
all	2410	2	886578	0.0000023
all	2416	1	886578	0.0000011
all	2417	1	886578	0.0000011
all	2418	1	886578	0.0000011
all	2420	1	886578	0.0000011
all	2422	1	886578	0.0000011
all	2425	1	886578	0.0000011
all	2437	1	886578	0.0000011
all	2438	1	886578	0.0000011
all	2441	2	886578	0.0000023
all	2447	1	886578	0.0000011
all	2460	2	886578	0.0000023
all	2476	1	886578	0.0000011
all	2477	1	886578	0.0000011
all	2480	1	886578	0.0000011
all	2484	1	886578	0.0000011
all	2486	1	886578	0.0000011
all	2493	2	886578	0.0000023
all	2496	2	886578	0.0000023
all	2500	1	886578	0.0000011
all	2508	1	886578	0.0000011
all	2511	2	886578	0.0000023
all	2513	1	886578	0.0000011
all	2514	1	886578	0.0000011
all	2516	1	886578	0.0000011
all	2517	1	886578	0.0000011
all	2523	1	886578	0.0000011
all	2524	1	886578	0.0000011
all	2526	1	886578	0.0000011
all	2528	1	886578	0.0000011
all	2529	1	886578	0.0000011
all	2531	1	886578	0.0000011
all	2536	1	886578	0.0000011
all	2538	1	886578	0.0000011
all	2541	1	886578	0.0000011
all	2544	1	886578	0.0000011
all	2549	1	886578	0.0000011
all	2550	1	886578	0.0000011
all	2552	2	886578	0.0000023
all	2560	1	886578	0.0000011
all	2565	2	886578	0.0000023
all	2567	2	886578	0.0000023
all	2586	1	886578	0.0000011
all	2591	2	886578	0.0000023
all	2592	1	886578	0.0000011
all	2594	1	886578	0.0000011
all	2600	1	886578	0.0000011
all	2601	1	886578	0.0000011
all	2602	1	886578	0.0000011
all	2607	1	886578	0.0000011
all	2618	1	886578	0.0000011
all	2622	2	886578	0.0000023
all	2624	1	886578	0.0000011
all	2625	1	886578	0.0000011
all	2626	1	886578	0.0000011
all	2638	1	886578	0.0000011
all	2646	1	886578	0.0000011
all	2647	1	886578	0.0000011
all	2657	1	886578	0.0000011
all	2658	1	886578	0.0000011
all	2659	2	886578	0.0000023
all	2662	1	886578	0.0000011
all	2663	1	886578	0.0000011
all	2666	1	886578	0.0000011
all	2674	1	886578	0.0000011
all	2678	1	886578	0.0000011
all	2682	1	886578	0.0000011
all	2683	1	886578	0.0000011
all	2687	1	886578	0.0000011
all	2692	2	886578	0.0000023
all	2694	1	886578	0.0000011
all	2698	1	886578	0.0000011
all	2703	1	886578	0.0000011
all	2704	1	886578	0.0000011
all	2706	1	886578	0.0000011
all	2710	1	886578	0.0000011
all	2713	1	886578	0.0000011
all	2717	1	886578	0.0000011
all	2720	1	886578	0.0000011
all	2727	1	886578	0.0000011
all	2732	1	886578	0.0000011
all	2740	1	886578	0.0000011
all	2742	1	886578	0.0000011
all	2750	1	886578	0.0000011
all	2753	1	886578	0.0000011
all	2756	2	886578	0.0000023
all	2760	1	886578	0.0000011
all	2761	1	886578	0.0000011
all	2763	1	886578	0.0000011
all	2769	1	886578	0.0000011
all	2784	1	886578	0.0000011
all	2787	1	886578	0.0000011
all	2789	2	886578	0.0000023
all	2793	1	886578	0.0000011
all	2800	1	886578	0.0000011
all	2812	1	886578	0.0000011
all	2817	1	886578	0.0000011
all	2819	1	886578	0.0000011
all	2822	1	886578	0.0000011
all	2823	1	886578	0.0000011
all	2824	1	886578	0.0000011
all	2828	1	886578	0.0000011
all	2829	1	886578	0.0000011
all	2831	1	886578	0.0000011
all	2833	1	886578	0.0000011
all	2836	1	886578	0.0000011
all	2837	1	886578	0.0000011
all	2842	1	886578	0.0000011
all	2843	1	886578	0.0000011
all	2847	1	886578	0.0000011
all	2853	2	886578	0.0000023
all	2854	1	886578	0.0000011
all	2858	1	886578	0.0000011
all	2861	2	886578	0.0000023
all	2862	1	886578	0.0000011
all	2869	1	886578	0.0000011
all	2878	1	886578	0.0000011
all	2882	1	886578	0.0000011
all	2907	1	886578	0.0000011
all	2909	1	886578	0.0000011
all	2916	1	886578	0.0000011
all	2920	1	886578	0.0000011
all	2940	2	886578	0.0000023
all	2954	1	886578	0.0000011
all	2979	1	886578	0.0000011
all	2987	1	886578	0.0000011
all	3007	1	886578	0.0000011
all	3014	1	886578	0.0000011
all	3020	1	886578	0.0000011
all	3041	1	886578	0.0000011
all	3062	1	886578	0.0000011
all	3068	1	886578	0.0000011
all	3101	1	886578	0.0000011
all	3104	1	886578	0.0000011
all	3117	1	886578	0.0000011
all	3123	1	886578	0.0000011
all	3137	1	886578	0.0000011
all	3142	1	886578	0.0000011
all	3149	1	886578	0.0000011
all	3158	1	886578	0.0000011
all	3161	1	886578	0.0000011
all	3163	1	886578	0.0000011
all	3168	1	886578	0.0000011
all	3176	1	886578	0.0000011
all	3177	2	886578	0.0000023
all	3180	2	886578	0.0000023
all	3181	1	886578	0.0000011
all	3184	2	886578	0.0000023
all	3185	1	886578	0.0000011
all	3194	1	886578	0.0000011
all	3197	1	886578	0.0000011
all	3210	1	886578	0.0000011
all	3218	1	886578	0.0000011
all	3221	2	886578	0.0000023
all	3222	1	886578	0.0000011
all	3223	1	886578	0.0000011
all	3226	1	886578	0.0000011
all	3234	1	886578	0.0000011
all	3235	1	886578	0.0000011
all	3243	1	886578	0.0000011
all	3245	1	886578	0.0000011
all	3251	1	886578	0.0000011
all	3261	2	886578	0.0000023
all	3267	1	886578	0.0000011
all	3271	1	886578	0.0000011
all	3275	1	886578	0.0000011
all	3282	2	886578	0.0000023
all	3284	1	886578	0.0000011
all	3287	1	886578	0.0000011
all	3292	1	886578	0.0000011
all	3293	1	886578	0.0000011
all	3295	1	886578	0.0000011
all	3301	1	886578	0.0000011
all	3305	1	886578	0.0000011
all	3306	2	886578	0.0000023
all	3307	2	886578	0.0000023
all	3312	1	886578	0.0000011
all	3363	1	886578	0.0000011
all	3379	1	886578	0.0000011
all	3406	1	886578	0.0000011
all	3412	1	886578	0.0000011
all	3430	1	886578	0.0000011
all	3456	1	886578	0.0000011
all	3478	1	886578	0.0000011
all	3512	1	886578	0.0000011
all	3534	1	886578	0.0000011
all	3573	1	886578	0.0000011
all	3583	1	886578	0.0000011
all	3625	1	886578	0.0000011
all	3645	1	886578	0.0000011
all	3679	1	886578	0.0000011
all	3708	1	886578	0.0000011
all	3728	1	886578	0.0000011
all	3741	1	886578	0.0000011
all	3753	1	886578	0.0000011
all	3784	1	886578	0.0000011
all	3799	1	886578	0.0000011
all	3814	1	886578	0.0000011
all	3828	1	886578	0.0000011
all	3833	1	886578	0.0000011
all	3868	1	886578	0.0000011
all	3883	1	886578	0.0000011
all	3905	1	886578	0.0000011
all	3939	1	886578	0.0000011
all	3984	1	886578	0.0000011
all	4008	1	886578	0.0000011
all	4045	1	886578	0.0000011
all	4072	1	886578	0.0000011
all	4097	1	886578	0.0000011
all	4129	1	886578	0.0000011
all	4148	1	886578	0.0000011
all	4157	1	886578	0.0000011
all	4161	1	886578	0.0000011
all	4189	1	886578	0.0000011
all	4221	1	886578	0.0000011
all	4222	1	886578	0.0000011
all	4230	1	886578	0.0000011
all	4233	1	886578	0.0000011
all	4243	1	886578	0.0000011
all	4257	1	886578	0.0000011
all	4265	1	886578	0.0000011
all	4316	1	886578	0.0000011
all	4323	1	886578	0.0000011
all	4333	1	886578	0.0000011
all	4346	1	886578	0.0000011
all	4371	1	886578	0.0000011
all	4374	1	886578	0.0000011
all	4383	1	886578	0.0000011
all	4393	1	886578	0.0000011
all	4446	1	886578	0.0000011
all	4462	1	886578	0.0000011
all	4463	1	886578	0.0000011
all	4465	1	886578	0.0000011
all	4468	1	886578	0.0000011
all	4477	1	886578	0.0000011
all	4504	1	886578	0.0000011
all	4506	1	886578	0.0000011
all	4525	2	886578	0.0000023
all	4546	1	886578	0.0000011
all	4553	1	886578	0.0000011
all	4554	1	886578	0.0000011
all	4595	1	886578	0.0000011
all	4596	1	886578	0.0000011
all	4599	1	886578	0.0000011
all	4607	1	886578	0.0000011
