all	0	21249	886578	0.0239674
all	1	14375	886578	0.0162140
all	2	19684	886578	0.0222022
all	3	21222	886578	0.0239370
all	4	24024	886578	0.0270974
all	5	25995	886578	0.0293206
all	6	26810	886578	0.0302399
all	7	26578	886578	0.0299782
all	8	27621	886578	0.0311546
all	9	27491	886578	0.0310080
all	10	27192	886578	0.0306707
all	11	26698	886578	0.0301135
all	12	25259	886578	0.0284904
all	13	25574	886578	0.0288457
all	14	24988	886578	0.0281848
all	15	23980	886578	0.0270478
all	16	24120	886578	0.0272057
all	17	22160	886578	0.0249950
all	18	22533	886578	0.0254157
all	19	20415	886578	0.0230267
all	20	20834	886578	0.0234993
all	21	18786	886578	0.0211893
all	22	18589	886578	0.0209671
all	23	17805	886578	0.0200828
all	24	16130	886578	0.0181935
all	25	15814	886578	0.0178371
all	26	15238	886578	0.0171874
all	27	14851	886578	0.0167509
all	28	13400	886578	0.0151143
all	29	12652	886578	0.0142706
all	30	11880	886578	0.0133998
all	31	10874	886578	0.0122651
all	32	10859	886578	0.0122482
all	33	9977	886578	0.0112534
all	34	10088	886578	0.0113786
all	35	9396	886578	0.0105981
all	36	8766	886578	0.0098875
all	37	8265	886578	0.0093224
all	38	7717	886578	0.0087043
all	39	7373	886578	0.0083162
all	40	7018	886578	0.0079158
all	41	6634	886578	0.0074827
all	42	6412	886578	0.0072323
all	43	6211	886578	0.0070056
all	44	5761	886578	0.0064980
all	45	5150	886578	0.0058089
all	46	4807	886578	0.0054220
all	47	4541	886578	0.0051219
all	48	4404	886578	0.0049674
all	49	4165	886578	0.0046978
all	50	4169	886578	0.0047024
all	51	3575	886578	0.0040324
all	52	3334	886578	0.0037605
all	53	3457	886578	0.0038993
all	54	3125	886578	0.0035248
all	55	2638	886578	0.0029755
all	56	2657	886578	0.0029969
all	57	2656	886578	0.0029958
all	58	2384	886578	0.0026890
all	59	2212	886578	0.0024950
all	60	2155	886578	0.0024307
all	61	2082	886578	0.0023484
all	62	2159	886578	0.0024352
all	63	1934	886578	0.0021814
all	64	1716	886578	0.0019355
all	65	1669	886578	0.0018825
all	66	1486	886578	0.0016761
all	67	1503	886578	0.0016953
all	68	1352	886578	0.0015250
all	69	1256	886578	0.0014167
all	70	1111	886578	0.0012531
all	71	1273	886578	0.0014359
all	72	1105	886578	0.0012464
all	73	1121	886578	0.0012644
all	74	1165	886578	0.0013140
all	75	1105	886578	0.0012464
all	76	917	886578	0.0010343
all	77	897	886578	0.0010118
all	78	898	886578	0.0010129
all	79	675	886578	0.0007614
all	80	1073	886578	0.0012103
all	81	711	886578	0.0008020
all	82	886	886578	0.0009993
all	83	674	886578	0.0007602
all	84	700	886578	0.0007896
all	85	685	886578	0.0007726
all	86	623	886578	0.0007027
all	87	595	886578	0.0006711
all	88	540	886578	0.0006091
all	89	382	886578	0.0004309
all	90	594	886578	0.0006700
all	91	481	886578	0.0005425
all	92	503	886578	0.0005673
all	93	539	886578	0.0006080
all	94	489	886578	0.0005516
all	95	441	886578	0.0004974
all	96	361	886578	0.0004072
all	97	455	886578	0.0005132
all	98	460	886578	0.0005188
all	99	383	886578	0.0004320
all	100	406	886578	0.0004579
all	101	482	886578	0.0005437
all	102	359	886578	0.0004049
all	103	353	886578	0.0003982
all	104	324	886578	0.0003655
all	105	350	886578	0.0003948
all	106	290	886578	0.0003271
all	107	323	886578	0.0003643
all	108	215	886578	0.0002425
all	109	329	886578	0.0003711
all	110	321	886578	0.0003621
all	111	338	886578	0.0003812
all	112	239	886578	0.0002696
all	113	273	886578	0.0003079
all	114	244	886578	0.0002752
all	115	209	886578	0.0002357
all	116	231	886578	0.0002606
all	117	173	886578	0.0001951
all	118	233	886578	0.0002628
all	119	195	886578	0.0002199
all	120	183	886578	0.0002064
all	121	162	886578	0.0001827
all	122	152	886578	0.0001714
all	123	169	886578	0.0001906
all	124	213	886578	0.0002402
all	125	198	886578	0.0002233
all	126	164	886578	0.0001850
all	127	137	886578	0.0001545
all	128	145	886578	0.0001636
all	129	182	886578	0.0002053
all	130	162	886578	0.0001827
all	131	159	886578	0.0001793
all	132	119	886578	0.0001342
all	133	169	886578	0.0001906
all	134	170	886578	0.0001917
all	135	156	886578	0.0001760
all	136	156	886578	0.0001760
all	137	165	886578	0.0001861
all	138	148	886578	0.0001669
all	139	157	886578	0.0001771
all	140	139	886578	0.0001568
all	141	117	886578	0.0001320
all	142	155	886578	0.0001748
all	143	136	886578	0.0001534
all	144	151	886578	0.0001703
all	145	105	886578	0.0001184
all	146	117	886578	0.0001320
all	147	100	886578	0.0001128
all	148	98	886578	0.0001105
all	149	125	886578	0.0001410
all	150	98	886578	0.0001105
all	151	120	886578	0.0001354
all	152	96	886578	0.0001083
all	153	67	886578	0.0000756
all	154	119	886578	0.0001342
all	155	94	886578	0.0001060
all	156	69	886578	0.0000778
all	157	103	886578	0.0001162
all	158	65	886578	0.0000733
all	159	125	886578	0.0001410
all	160	86	886578	0.0000970
all	161	61	886578	0.0000688
all	162	77	886578	0.0000869
all	163	97	886578	0.0001094
all	164	99	886578	0.0001117
all	165	107	886578	0.0001207
all	166	78	886578	0.0000880
all	167	70	886578	0.0000790
all	168	119	886578	0.0001342
all	169	88	886578	0.0000993
all	170	94	886578	0.0001060
all	171	70	886578	0.0000790
all	172	83	886578	0.0000936
all	173	56	886578	0.0000632
all	174	80	886578	0.0000902
all	175	52	886578	0.0000587
all	176	39	886578	0.0000440
all	177	45	886578	0.0000508
all	178	51	886578	0.0000575
all	179	47	886578	0.0000530
all	180	42	886578	0.0000474
all	181	68	886578	0.0000767
all	182	76	886578	0.0000857
all	183	89	886578	0.0001004
all	184	64	886578	0.0000722
all	185	50	886578	0.0000564
all	186	74	886578	0.0000835
all	187	42	886578	0.0000474
all	188	49	886578	0.0000553
all	189	62	886578	0.0000699
all	190	75	886578	0.0000846
all	191	54	886578	0.0000609
all	192	57	886578	0.0000643
all	193	72	886578	0.0000812
all	194	56	886578	0.0000632
all	195	68	886578	0.0000767
all	196	52	886578	0.0000587
all	197	46	886578	0.0000519
all	198	64	886578	0.0000722
all	199	54	886578	0.0000609
all	200	81	886578	0.0000914
all	201	79	886578	0.0000891
all	202	64	886578	0.0000722
all	203	58	886578	0.0000654
all	204	60	886578	0.0000677
all	205	45	886578	0.0000508
all	206	43	886578	0.0000485
all	207	49	886578	0.0000553
all	208	53	886578	0.0000598
all	209	63	886578	0.0000711
all	210	38	886578	0.0000429
all	211	51	886578	0.0000575
all	212	42	886578	0.0000474
all	213	51	886578	0.0000575
all	214	54	886578	0.0000609
all	215	36	886578	0.0000406
all	216	61	886578	0.0000688
all	217	29	886578	0.0000327
all	218	59	886578	0.0000665
all	219	38	886578	0.0000429
all	220	28	886578	0.0000316
all	221	45	886578	0.0000508
all	222	38	886578	0.0000429
all	223	42	886578	0.0000474
all	224	28	886578	0.0000316
all	225	36	886578	0.0000406
all	226	33	886578	0.0000372
all	227	47	886578	0.0000530
all	228	61	886578	0.0000688
all	229	58	886578	0.0000654
all	230	46	886578	0.0000519
all	231	53	886578	0.0000598
all	232	41	886578	0.0000462
all	233	52	886578	0.0000587
all	234	38	886578	0.0000429
all	235	30	886578	0.0000338
all	236	41	886578	0.0000462
all	237	35	886578	0.0000395
all	238	24	886578	0.0000271
all	239	29	886578	0.0000327
all	240	39	886578	0.0000440
all	241	40	886578	0.0000451
all	242	38	886578	0.0000429
all	243	38	886578	0.0000429
all	244	52	886578	0.0000587
all	245	46	886578	0.0000519
all	246	38	886578	0.0000429
all	247	40	886578	0.0000451
all	248	48	886578	0.0000541
all	249	32	886578	0.0000361
all	250	42	886578	0.0000474
all	251	48	886578	0.0000541
all	252	40	886578	0.0000451
all	253	35	886578	0.0000395
all	254	24	886578	0.0000271
all	255	29	886578	0.0000327
all	256	15	886578	0.0000169
all	257	37	886578	0.0000417
all	258	30	886578	0.0000338
all	259	35	886578	0.0000395
all	260	45	886578	0.0000508
all	261	42	886578	0.0000474
all	262	38	886578	0.0000429
all	263	39	886578	0.0000440
all	264	33	886578	0.0000372
all	265	25	886578	0.0000282
all	266	49	886578	0.0000553
all	267	51	886578	0.0000575
all	268	46	886578	0.0000519
all	269	30	886578	0.0000338
all	270	39	886578	0.0000440
all	271	51	886578	0.0000575
all	272	44	886578	0.0000496
all	273	46	886578	0.0000519
all	274	37	886578	0.0000417
all	275	44	886578	0.0000496
all	276	28	886578	0.0000316
all	277	45	886578	0.0000508
all	278	31	886578	0.0000350
all	279	40	886578	0.0000451
all	280	30	886578	0.0000338
all	281	43	886578	0.0000485
all	282	38	886578	0.0000429
all	283	42	886578	0.0000474
all	284	32	886578	0.0000361
all	285	32	886578	0.0000361
all	286	44	886578	0.0000496
all	287	30	886578	0.0000338
all	288	30	886578	0.0000338
all	289	27	886578	0.0000305
all	290	23	886578	0.0000259
all	291	26	886578	0.0000293
all	292	44	886578	0.0000496
all	293	36	886578	0.0000406
all	294	29	886578	0.0000327
all	295	35	886578	0.0000395
all	296	38	886578	0.0000429
all	297	37	886578	0.0000417
all	298	38	886578	0.0000429
all	299	52	886578	0.0000587
all	300	29	886578	0.0000327
all	301	30	886578	0.0000338
all	302	28	886578	0.0000316
all	303	21	886578	0.0000237
all	304	27	886578	0.0000305
all	305	43	886578	0.0000485
all	306	39	886578	0.0000440
all	307	33	886578	0.0000372
all	308	25	886578	0.0000282
all	309	18	886578	0.0000203
all	310	21	886578	0.0000237
all	311	24	886578	0.0000271
all	312	19	886578	0.0000214
all	313	17	886578	0.0000192
all	314	23	886578	0.0000259
all	315	27	886578	0.0000305
all	316	28	886578	0.0000316
all	317	20	886578	0.0000226
all	318	24	886578	0.0000271
all	319	35	886578	0.0000395
all	320	24	886578	0.0000271
all	321	19	886578	0.0000214
all	322	40	886578	0.0000451
all	323	19	886578	0.0000214
all	324	34	886578	0.0000383
all	325	30	886578	0.0000338
all	326	37	886578	0.0000417
all	327	29	886578	0.0000327
all	328	38	886578	0.0000429
all	329	43	886578	0.0000485
all	330	33	886578	0.0000372
all	331	30	886578	0.0000338
all	332	54	886578	0.0000609
all	333	32	886578	0.0000361
all	334	49	886578	0.0000553
all	335	25	886578	0.0000282
all	336	35	886578	0.0000395
all	337	30	886578	0.0000338
all	338	36	886578	0.0000406
all	339	31	886578	0.0000350
all	340	26	886578	0.0000293
all	341	34	886578	0.0000383
all	342	28	886578	0.0000316
all	343	21	886578	0.0000237
all	344	25	886578	0.0000282
all	345	36	886578	0.0000406
all	346	34	886578	0.0000383
all	347	45	886578	0.0000508
all	348	33	886578	0.0000372
all	349	33	886578	0.0000372
all	350	29	886578	0.0000327
all	351	31	886578	0.0000350
all	352	25	886578	0.0000282
all	353	35	886578	0.0000395
all	354	35	886578	0.0000395
all	355	41	886578	0.0000462
all	356	40	886578	0.0000451
all	357	38	886578	0.0000429
all	358	29	886578	0.0000327
all	359	52	886578	0.0000587
all	360	19	886578	0.0000214
all	361	39	886578	0.0000440
all	362	27	886578	0.0000305
all	363	21	886578	0.0000237
all	364	24	886578	0.0000271
all	365	17	886578	0.0000192
all	366	25	886578	0.0000282
all	367	18	886578	0.0000203
all	368	26	886578	0.0000293
all	369	17	886578	0.0000192
all	370	21	886578	0.0000237
all	371	19	886578	0.0000214
all	372	27	886578	0.0000305
all	373	16	886578	0.0000180
all	374	15	886578	0.0000169
all	375	29	886578	0.0000327
all	376	24	886578	0.0000271
all	377	16	886578	0.0000180
all	378	16	886578	0.0000180
all	379	10	886578	0.0000113
all	380	23	886578	0.0000259
all	381	16	886578	0.0000180
all	382	41	886578	0.0000462
all	383	17	886578	0.0000192
all	384	25	886578	0.0000282
all	385	25	886578	0.0000282
all	386	28	886578	0.0000316
all	387	15	886578	0.0000169
all	388	18	886578	0.0000203
all	389	18	886578	0.0000203
all	390	17	886578	0.0000192
all	391	19	886578	0.0000214
all	392	22	886578	0.0000248
all	393	22	886578	0.0000248
all	394	15	886578	0.0000169
all	395	19	886578	0.0000214
all	396	13	886578	0.0000147
all	397	16	886578	0.0000180
all	398	22	886578	0.0000248
all	399	14	886578	0.0000158
all	400	14	886578	0.0000158
all	401	17	886578	0.0000192
all	402	20	886578	0.0000226
all	403	13	886578	0.0000147
all	404	26	886578	0.0000293
all	405	16	886578	0.0000180
all	406	17	886578	0.0000192
all	407	11	886578	0.0000124
all	408	18	886578	0.0000203
all	409	14	886578	0.0000158
all	410	10	886578	0.0000113
all	411	18	886578	0.0000203
all	412	12	886578	0.0000135
all	413	10	886578	0.0000113
all	414	27	886578	0.0000305
all	415	11	886578	0.0000124
all	416	12	886578	0.0000135
all	417	13	886578	0.0000147
all	418	13	886578	0.0000147
all	419	20	886578	0.0000226
all	420	10	886578	0.0000113
all	421	13	886578	0.0000147
all	422	14	886578	0.0000158
all	423	17	886578	0.0000192
all	424	13	886578	0.0000147
all	425	8	886578	0.0000090
all	426	13	886578	0.0000147
all	427	10	886578	0.0000113
all	428	9	886578	0.0000102
all	429	15	886578	0.0000169
all	430	23	886578	0.0000259
all	431	16	886578	0.0000180
all	432	9	886578	0.0000102
all	433	4	886578	0.0000045
all	434	4	886578	0.0000045
all	435	22	886578	0.0000248
all	436	13	886578	0.0000147
all	437	10	886578	0.0000113
all	438	11	886578	0.0000124
all	439	8	886578	0.0000090
all	440	22	886578	0.0000248
all	441	24	886578	0.0000271
all	442	16	886578	0.0000180
all	443	12	886578	0.0000135
all	444	8	886578	0.0000090
all	445	9	886578	0.0000102
all	446	8	886578	0.0000090
all	447	7	886578	0.0000079
all	448	7	886578	0.0000079
all	449	9	886578	0.0000102
all	450	10	886578	0.0000113
all	451	8	886578	0.0000090
all	452	9	886578	0.0000102
all	453	11	886578	0.0000124
all	454	16	886578	0.0000180
all	455	9	886578	0.0000102
all	456	6	886578	0.0000068
all	457	18	886578	0.0000203
all	458	13	886578	0.0000147
all	459	20	886578	0.0000226
all	460	7	886578	0.0000079
all	461	14	886578	0.0000158
all	462	5	886578	0.0000056
all	463	11	886578	0.0000124
all	464	11	886578	0.0000124
all	465	10	886578	0.0000113
all	466	13	886578	0.0000147
all	467	9	886578	0.0000102
all	468	9	886578	0.0000102
all	469	13	886578	0.0000147
all	470	10	886578	0.0000113
all	471	8	886578	0.0000090
all	472	9	886578	0.0000102
all	473	6	886578	0.0000068
all	474	6	886578	0.0000068
all	475	4	886578	0.0000045
all	476	5	886578	0.0000056
all	477	3	886578	0.0000034
all	478	10	886578	0.0000113
all	479	8	886578	0.0000090
all	480	13	886578	0.0000147
all	481	11	886578	0.0000124
all	482	10	886578	0.0000113
all	483	11	886578	0.0000124
all	484	17	886578	0.0000192
all	485	7	886578	0.0000079
all	486	5	886578	0.0000056
all	487	9	886578	0.0000102
all	488	5	886578	0.0000056
all	489	7	886578	0.0000079
all	490	9	886578	0.0000102
all	491	6	886578	0.0000068
all	492	11	886578	0.0000124
all	493	11	886578	0.0000124
all	494	9	886578	0.0000102
all	495	7	886578	0.0000079
all	496	16	886578	0.0000180
all	497	4	886578	0.0000045
all	498	8	886578	0.0000090
all	499	8	886578	0.0000090
all	500	8	886578	0.0000090
all	501	11	886578	0.0000124
all	502	13	886578	0.0000147
all	503	9	886578	0.0000102
all	504	7	886578	0.0000079
all	505	10	886578	0.0000113
all	506	4	886578	0.0000045
all	507	10	886578	0.0000113
all	508	7	886578	0.0000079
all	509	6	886578	0.0000068
all	510	11	886578	0.0000124
all	511	6	886578	0.0000068
all	512	10	886578	0.0000113
all	513	17	886578	0.0000192
all	514	5	886578	0.0000056
all	515	11	886578	0.0000124
all	516	14	886578	0.0000158
all	517	9	886578	0.0000102
all	518	6	886578	0.0000068
all	519	11	886578	0.0000124
all	520	8	886578	0.0000090
all	521	13	886578	0.0000147
all	522	10	886578	0.0000113
all	523	11	886578	0.0000124
all	524	12	886578	0.0000135
all	525	22	886578	0.0000248
all	526	9	886578	0.0000102
all	527	9	886578	0.0000102
all	528	16	886578	0.0000180
all	529	12	886578	0.0000135
all	530	14	886578	0.0000158
all	531	13	886578	0.0000147
all	532	12	886578	0.0000135
all	533	10	886578	0.0000113
all	534	9	886578	0.0000102
all	535	10	886578	0.0000113
all	536	34	886578	0.0000383
all	537	15	886578	0.0000169
all	538	14	886578	0.0000158
all	539	6	886578	0.0000068
all	540	4	886578	0.0000045
all	541	8	886578	0.0000090
all	542	7	886578	0.0000079
all	543	6	886578	0.0000068
all	544	8	886578	0.0000090
all	545	6	886578	0.0000068
all	546	6	886578	0.0000068
all	547	5	886578	0.0000056
all	548	11	886578	0.0000124
all	549	5	886578	0.0000056
all	550	8	886578	0.0000090
all	551	10	886578	0.0000113
all	552	7	886578	0.0000079
all	553	5	886578	0.0000056
all	554	6	886578	0.0000068
all	555	5	886578	0.0000056
all	556	7	886578	0.0000079
all	557	3	886578	0.0000034
all	558	3	886578	0.0000034
all	559	4	886578	0.0000045
all	560	8	886578	0.0000090
all	561	9	886578	0.0000102
all	562	7	886578	0.0000079
all	563	12	886578	0.0000135
all	564	9	886578	0.0000102
all	565	5	886578	0.0000056
all	566	3	886578	0.0000034
all	567	9	886578	0.0000102
all	568	3	886578	0.0000034
all	569	11	886578	0.0000124
all	570	6	886578	0.0000068
all	571	6	886578	0.0000068
all	572	4	886578	0.0000045
all	573	7	886578	0.0000079
all	574	10	886578	0.0000113
all	575	10	886578	0.0000113
all	576	4	886578	0.0000045
all	577	3	886578	0.0000034
all	578	4	886578	0.0000045
all	579	4	886578	0.0000045
all	580	7	886578	0.0000079
all	581	10	886578	0.0000113
all	582	8	886578	0.0000090
all	583	5	886578	0.0000056
all	584	9	886578	0.0000102
all	585	5	886578	0.0000056
all	586	10	886578	0.0000113
all	587	2	886578	0.0000023
all	588	9	886578	0.0000102
all	589	12	886578	0.0000135
all	590	12	886578	0.0000135
all	591	11	886578	0.0000124
all	592	5	886578	0.0000056
all	593	3	886578	0.0000034
all	594	7	886578	0.0000079
all	595	6	886578	0.0000068
all	596	6	886578	0.0000068
all	597	3	886578	0.0000034
all	598	2	886578	0.0000023
all	599	6	886578	0.0000068
all	600	2	886578	0.0000023
all	602	6	886578	0.0000068
all	603	7	886578	0.0000079
all	604	8	886578	0.0000090
all	605	3	886578	0.0000034
all	606	5	886578	0.0000056
all	607	2	886578	0.0000023
all	608	3	886578	0.0000034
all	609	4	886578	0.0000045
all	610	7	886578	0.0000079
all	611	5	886578	0.0000056
all	612	1	886578	0.0000011
all	613	2	886578	0.0000023
all	614	6	886578	0.0000068
all	615	4	886578	0.0000045
all	616	6	886578	0.0000068
all	617	2	886578	0.0000023
all	618	3	886578	0.0000034
all	619	2	886578	0.0000023
all	620	2	886578	0.0000023
all	621	10	886578	0.0000113
all	622	4	886578	0.0000045
all	623	4	886578	0.0000045
all	624	2	886578	0.0000023
all	625	2	886578	0.0000023
all	626	2	886578	0.0000023
all	627	4	886578	0.0000045
all	628	6	886578	0.0000068
all	629	4	886578	0.0000045
all	630	1	886578	0.0000011
all	631	8	886578	0.0000090
all	632	6	886578	0.0000068
all	633	7	886578	0.0000079
all	634	3	886578	0.0000034
all	635	3	886578	0.0000034
all	636	3	886578	0.0000034
all	637	1	886578	0.0000011
all	638	1	886578	0.0000011
all	639	3	886578	0.0000034
all	640	5	886578	0.0000056
all	641	2	886578	0.0000023
all	643	2	886578	0.0000023
all	644	7	886578	0.0000079
all	645	8	886578	0.0000090
all	646	4	886578	0.0000045
all	647	2	886578	0.0000023
all	648	1	886578	0.0000011
all	649	7	886578	0.0000079
all	650	2	886578	0.0000023
all	651	4	886578	0.0000045
all	652	8	886578	0.0000090
all	653	5	886578	0.0000056
all	654	4	886578	0.0000045
all	655	5	886578	0.0000056
all	656	4	886578	0.0000045
all	657	9	886578	0.0000102
all	658	6	886578	0.0000068
all	660	5	886578	0.0000056
all	661	2	886578	0.0000023
all	662	5	886578	0.0000056
all	663	4	886578	0.0000045
all	665	6	886578	0.0000068
all	666	4	886578	0.0000045
all	667	6	886578	0.0000068
all	668	5	886578	0.0000056
all	669	3	886578	0.0000034
all	670	5	886578	0.0000056
all	671	4	886578	0.0000045
all	672	9	886578	0.0000102
all	673	8	886578	0.0000090
all	674	6	886578	0.0000068
all	675	2	886578	0.0000023
all	676	3	886578	0.0000034
all	677	6	886578	0.0000068
all	678	7	886578	0.0000079
all	679	8	886578	0.0000090
all	680	6	886578	0.0000068
all	681	2	886578	0.0000023
all	682	4	886578	0.0000045
all	683	7	886578	0.0000079
all	684	4	886578	0.0000045
all	685	3	886578	0.0000034
all	686	8	886578	0.0000090
all	687	3	886578	0.0000034
all	688	2	886578	0.0000023
all	690	1	886578	0.0000011
all	691	2	886578	0.0000023
all	692	4	886578	0.0000045
all	693	4	886578	0.0000045
all	694	3	886578	0.0000034
all	695	1	886578	0.0000011
all	696	2	886578	0.0000023
all	697	3	886578	0.0000034
all	698	6	886578	0.0000068
all	699	4	886578	0.0000045
all	700	4	886578	0.0000045
all	701	4	886578	0.0000045
all	702	6	886578	0.0000068
all	703	2	886578	0.0000023
all	704	1	886578	0.0000011
all	705	2	886578	0.0000023
all	706	2	886578	0.0000023
all	707	1	886578	0.0000011
all	708	5	886578	0.0000056
all	709	3	886578	0.0000034
all	710	3	886578	0.0000034
all	711	4	886578	0.0000045
all	712	3	886578	0.0000034
all	713	1	886578	0.0000011
all	714	3	886578	0.0000034
all	715	2	886578	0.0000023
all	716	4	886578	0.0000045
all	717	3	886578	0.0000034
all	718	4	886578	0.0000045
all	719	1	886578	0.0000011
all	720	2	886578	0.0000023
all	721	1	886578	0.0000011
all	722	4	886578	0.0000045
all	723	5	886578	0.0000056
all	724	7	886578	0.0000079
all	725	1	886578	0.0000011
all	726	5	886578	0.0000056
all	727	4	886578	0.0000045
all	728	1	886578	0.0000011
all	729	6	886578	0.0000068
all	730	5	886578	0.0000056
all	731	1	886578	0.0000011
all	732	4	886578	0.0000045
all	733	2	886578	0.0000023
all	734	4	886578	0.0000045
all	735	2	886578	0.0000023
all	736	3	886578	0.0000034
all	737	2	886578	0.0000023
all	738	2	886578	0.0000023
all	739	4	886578	0.0000045
all	740	4	886578	0.0000045
all	741	6	886578	0.0000068
all	742	3	886578	0.0000034
all	743	5	886578	0.0000056
all	744	11	886578	0.0000124
all	745	2	886578	0.0000023
all	746	4	886578	0.0000045
all	747	8	886578	0.0000090
all	748	22	886578	0.0000248
all	749	5	886578	0.0000056
all	750	3	886578	0.0000034
all	751	12	886578	0.0000135
all	752	7	886578	0.0000079
all	753	4	886578	0.0000045
all	754	3	886578	0.0000034
all	755	2	886578	0.0000023
all	756	7	886578	0.0000079
all	757	3	886578	0.0000034
all	758	4	886578	0.0000045
all	759	9	886578	0.0000102
all	760	6	886578	0.0000068
all	761	6	886578	0.0000068
all	762	2	886578	0.0000023
all	763	6	886578	0.0000068
all	764	6	886578	0.0000068
all	765	7	886578	0.0000079
all	766	2	886578	0.0000023
all	767	3	886578	0.0000034
all	768	1	886578	0.0000011
all	769	3	886578	0.0000034
all	770	8	886578	0.0000090
all	771	4	886578	0.0000045
all	772	2	886578	0.0000023
all	773	3	886578	0.0000034
all	774	4	886578	0.0000045
all	775	2	886578	0.0000023
all	776	2	886578	0.0000023
all	777	3	886578	0.0000034
all	778	4	886578	0.0000045
all	779	1	886578	0.0000011
all	780	1	886578	0.0000011
all	781	2	886578	0.0000023
all	783	2	886578	0.0000023
all	785	4	886578	0.0000045
all	786	1	886578	0.0000011
all	787	5	886578	0.0000056
all	788	1	886578	0.0000011
all	789	2	886578	0.0000023
all	791	5	886578	0.0000056
all	792	2	886578	0.0000023
all	793	2	886578	0.0000023
all	794	2	886578	0.0000023
all	795	1	886578	0.0000011
all	796	3	886578	0.0000034
all	797	1	886578	0.0000011
all	798	3	886578	0.0000034
all	800	3	886578	0.0000034
all	803	4	886578	0.0000045
all	804	2	886578	0.0000023
all	805	3	886578	0.0000034
all	807	1	886578	0.0000011
all	808	1	886578	0.0000011
all	809	3	886578	0.0000034
all	810	1	886578	0.0000011
all	811	2	886578	0.0000023
all	812	4	886578	0.0000045
all	813	2	886578	0.0000023
all	814	3	886578	0.0000034
all	815	2	886578	0.0000023
all	816	1	886578	0.0000011
all	817	1	886578	0.0000011
all	818	1	886578	0.0000011
all	820	1	886578	0.0000011
all	821	5	886578	0.0000056
all	822	5	886578	0.0000056
all	823	4	886578	0.0000045
all	824	7	886578	0.0000079
all	825	3	886578	0.0000034
all	826	4	886578	0.0000045
all	827	1	886578	0.0000011
all	828	4	886578	0.0000045
all	829	5	886578	0.0000056
all	830	2	886578	0.0000023
all	831	1	886578	0.0000011
all	832	5	886578	0.0000056
all	833	4	886578	0.0000045
all	834	5	886578	0.0000056
all	835	3	886578	0.0000034
all	836	4	886578	0.0000045
all	837	3	886578	0.0000034
all	838	6	886578	0.0000068
all	839	1	886578	0.0000011
all	840	6	886578	0.0000068
all	841	2	886578	0.0000023
all	842	1	886578	0.0000011
all	844	3	886578	0.0000034
all	845	1	886578	0.0000011
all	846	2	886578	0.0000023
all	847	1	886578	0.0000011
all	848	2	886578	0.0000023
all	849	1	886578	0.0000011
all	851	1	886578	0.0000011
all	852	2	886578	0.0000023
all	853	1	886578	0.0000011
all	854	1	886578	0.0000011
all	855	4	886578	0.0000045
all	856	1	886578	0.0000011
all	857	1	886578	0.0000011
all	858	2	886578	0.0000023
all	859	1	886578	0.0000011
all	860	3	886578	0.0000034
all	861	1	886578	0.0000011
all	862	6	886578	0.0000068
all	863	3	886578	0.0000034
all	865	1	886578	0.0000011
all	867	2	886578	0.0000023
all	868	2	886578	0.0000023
all	869	1	886578	0.0000011
all	870	2	886578	0.0000023
all	871	4	886578	0.0000045
all	873	3	886578	0.0000034
all	875	1	886578	0.0000011
all	876	1	886578	0.0000011
all	878	1	886578	0.0000011
all	879	1	886578	0.0000011
all	880	1	886578	0.0000011
all	881	2	886578	0.0000023
all	883	2	886578	0.0000023
all	884	1	886578	0.0000011
all	886	1	886578	0.0000011
all	887	1	886578	0.0000011
all	888	1	886578	0.0000011
all	889	1	886578	0.0000011
all	891	2	886578	0.0000023
all	892	5	886578	0.0000056
all	893	2	886578	0.0000023
all	894	1	886578	0.0000011
all	895	3	886578	0.0000034
all	897	4	886578	0.0000045
all	898	2	886578	0.0000023
all	901	1	886578	0.0000011
all	902	3	886578	0.0000034
all	903	4	886578	0.0000045
all	904	1	886578	0.0000011
all	905	2	886578	0.0000023
all	906	1	886578	0.0000011
all	907	1	886578	0.0000011
all	908	3	886578	0.0000034
all	909	2	886578	0.0000023
all	910	3	886578	0.0000034
all	912	1	886578	0.0000011
all	913	1	886578	0.0000011
all	914	3	886578	0.0000034
all	916	3	886578	0.0000034
all	917	2	886578	0.0000023
all	918	2	886578	0.0000023
all	919	1	886578	0.0000011
all	920	2	886578	0.0000023
all	921	1	886578	0.0000011
all	923	1	886578	0.0000011
all	924	3	886578	0.0000034
all	925	4	886578	0.0000045
all	926	2	886578	0.0000023
all	927	3	886578	0.0000034
all	928	1	886578	0.0000011
all	929	1	886578	0.0000011
all	930	2	886578	0.0000023
all	931	1	886578	0.0000011
all	932	1	886578	0.0000011
all	933	6	886578	0.0000068
all	934	2	886578	0.0000023
all	935	7	886578	0.0000079
all	937	1	886578	0.0000011
all	938	4	886578	0.0000045
all	939	4	886578	0.0000045
all	940	6	886578	0.0000068
all	941	3	886578	0.0000034
all	943	2	886578	0.0000023
all	944	3	886578	0.0000034
all	946	3	886578	0.0000034
all	948	1	886578	0.0000011
all	949	3	886578	0.0000034
all	950	1	886578	0.0000011
all	951	1	886578	0.0000011
all	952	4	886578	0.0000045
all	953	1	886578	0.0000011
all	955	3	886578	0.0000034
all	958	3	886578	0.0000034
all	959	1	886578	0.0000011
all	960	1	886578	0.0000011
all	962	4	886578	0.0000045
all	965	1	886578	0.0000011
all	966	4	886578	0.0000045
all	967	1	886578	0.0000011
all	968	2	886578	0.0000023
all	969	6	886578	0.0000068
all	970	3	886578	0.0000034
all	972	1	886578	0.0000011
all	973	1	886578	0.0000011
all	974	4	886578	0.0000045
all	975	1	886578	0.0000011
all	976	2	886578	0.0000023
all	977	1	886578	0.0000011
all	978	1	886578	0.0000011
all	979	3	886578	0.0000034
all	982	3	886578	0.0000034
all	983	1	886578	0.0000011
all	984	1	886578	0.0000011
all	986	1	886578	0.0000011
all	987	1	886578	0.0000011
all	988	1	886578	0.0000011
all	989	1	886578	0.0000011
all	990	1	886578	0.0000011
all	991	1	886578	0.0000011
all	992	1	886578	0.0000011
all	994	2	886578	0.0000023
all	995	2	886578	0.0000023
all	996	2	886578	0.0000023
all	999	1	886578	0.0000011
all	1000	3	886578	0.0000034
all	1001	2	886578	0.0000023
all	1004	1	886578	0.0000011
all	1005	2	886578	0.0000023
all	1006	2	886578	0.0000023
all	1007	1	886578	0.0000011
all	1008	1	886578	0.0000011
all	1010	2	886578	0.0000023
all	1011	1	886578	0.0000011
all	1014	2	886578	0.0000023
all	1015	1	886578	0.0000011
all	1016	2	886578	0.0000023
all	1017	2	886578	0.0000023
all	1018	9	886578	0.0000102
all	1019	2	886578	0.0000023
all	1020	2	886578	0.0000023
all	1021	1	886578	0.0000011
all	1022	4	886578	0.0000045
all	1024	1	886578	0.0000011
all	1026	1	886578	0.0000011
all	1028	1	886578	0.0000011
all	1029	1	886578	0.0000011
all	1032	3	886578	0.0000034
all	1033	3	886578	0.0000034
all	1035	2	886578	0.0000023
all	1037	1	886578	0.0000011
all	1038	2	886578	0.0000023
all	1039	4	886578	0.0000045
all	1040	1	886578	0.0000011
all	1041	3	886578	0.0000034
all	1042	2	886578	0.0000023
all	1043	1	886578	0.0000011
all	1044	1	886578	0.0000011
all	1045	2	886578	0.0000023
all	1046	1	886578	0.0000011
all	1048	3	886578	0.0000034
all	1049	3	886578	0.0000034
all	1052	2	886578	0.0000023
all	1053	3	886578	0.0000034
all	1054	3	886578	0.0000034
all	1056	4	886578	0.0000045
all	1057	1	886578	0.0000011
all	1058	2	886578	0.0000023
all	1059	2	886578	0.0000023
all	1060	1	886578	0.0000011
all	1061	1	886578	0.0000011
all	1062	2	886578	0.0000023
all	1063	2	886578	0.0000023
all	1064	1	886578	0.0000011
all	1065	1	886578	0.0000011
all	1066	1	886578	0.0000011
all	1067	1	886578	0.0000011
all	1068	4	886578	0.0000045
all	1069	3	886578	0.0000034
all	1070	2	886578	0.0000023
all	1072	2	886578	0.0000023
all	1073	4	886578	0.0000045
all	1074	2	886578	0.0000023
all	1076	1	886578	0.0000011
all	1077	3	886578	0.0000034
all	1078	21	886578	0.0000237
all	1079	2	886578	0.0000023
all	1080	1	886578	0.0000011
all	1081	2	886578	0.0000023
all	1082	1	886578	0.0000011
all	1083	2	886578	0.0000023
all	1084	2	886578	0.0000023
all	1086	2	886578	0.0000023
all	1087	2	886578	0.0000023
all	1088	4	886578	0.0000045
all	1090	2	886578	0.0000023
all	1091	5	886578	0.0000056
all	1092	3	886578	0.0000034
all	1093	3	886578	0.0000034
all	1094	1	886578	0.0000011
all	1095	2	886578	0.0000023
all	1096	1	886578	0.0000011
all	1098	1	886578	0.0000011
all	1099	1	886578	0.0000011
all	1100	2	886578	0.0000023
all	1101	2	886578	0.0000023
all	1102	2	886578	0.0000023
all	1103	4	886578	0.0000045
all	1104	3	886578	0.0000034
all	1105	4	886578	0.0000045
all	1106	4	886578	0.0000045
all	1108	2	886578	0.0000023
all	1109	1	886578	0.0000011
all	1110	3	886578	0.0000034
all	1111	2	886578	0.0000023
all	1112	2	886578	0.0000023
all	1113	2	886578	0.0000023
all	1115	2	886578	0.0000023
all	1116	1	886578	0.0000011
all	1117	2	886578	0.0000023
all	1118	4	886578	0.0000045
all	1122	1	886578	0.0000011
all	1123	1	886578	0.0000011
all	1124	1	886578	0.0000011
all	1125	3	886578	0.0000034
all	1129	1	886578	0.0000011
all	1130	2	886578	0.0000023
all	1135	1	886578	0.0000011
all	1138	2	886578	0.0000023
all	1140	4	886578	0.0000045
all	1146	1	886578	0.0000011
all	1148	1	886578	0.0000011
all	1150	4	886578	0.0000045
all	1151	1	886578	0.0000011
all	1153	1	886578	0.0000011
all	1154	1	886578	0.0000011
all	1156	1	886578	0.0000011
all	1157	1	886578	0.0000011
all	1159	2	886578	0.0000023
all	1160	3	886578	0.0000034
all	1161	1	886578	0.0000011
all	1165	2	886578	0.0000023
all	1166	1	886578	0.0000011
all	1168	1	886578	0.0000011
all	1169	1	886578	0.0000011
all	1170	1	886578	0.0000011
all	1171	2	886578	0.0000023
all	1172	1	886578	0.0000011
all	1174	1	886578	0.0000011
all	1176	1	886578	0.0000011
all	1177	2	886578	0.0000023
all	1178	1	886578	0.0000011
all	1179	1	886578	0.0000011
all	1181	2	886578	0.0000023
all	1183	1	886578	0.0000011
all	1184	1	886578	0.0000011
all	1187	1	886578	0.0000011
all	1189	3	886578	0.0000034
all	1191	2	886578	0.0000023
all	1192	2	886578	0.0000023
all	1193	2	886578	0.0000023
all	1195	2	886578	0.0000023
all	1196	4	886578	0.0000045
all	1197	2	886578	0.0000023
all	1198	1	886578	0.0000011
all	1199	1	886578	0.0000011
all	1200	1	886578	0.0000011
all	1202	1	886578	0.0000011
all	1207	1	886578	0.0000011
all	1208	3	886578	0.0000034
all	1210	1	886578	0.0000011
all	1212	2	886578	0.0000023
all	1213	1	886578	0.0000011
all	1215	1	886578	0.0000011
all	1217	1	886578	0.0000011
all	1218	1	886578	0.0000011
all	1221	1	886578	0.0000011
all	1223	1	886578	0.0000011
all	1224	2	886578	0.0000023
all	1225	1	886578	0.0000011
all	1228	2	886578	0.0000023
all	1229	3	886578	0.0000034
all	1230	1	886578	0.0000011
all	1233	1	886578	0.0000011
all	1234	1	886578	0.0000011
all	1236	1	886578	0.0000011
all	1237	1	886578	0.0000011
all	1241	1	886578	0.0000011
all	1242	2	886578	0.0000023
all	1243	1	886578	0.0000011
all	1244	1	886578	0.0000011
all	1245	2	886578	0.0000023
all	1247	2	886578	0.0000023
all	1248	1	886578	0.0000011
all	1249	1	886578	0.0000011
all	1250	2	886578	0.0000023
all	1251	1	886578	0.0000011
all	1253	1	886578	0.0000011
all	1254	1	886578	0.0000011
all	1255	1	886578	0.0000011
all	1257	1	886578	0.0000011
all	1262	1	886578	0.0000011
all	1263	2	886578	0.0000023
all	1264	1	886578	0.0000011
all	1265	1	886578	0.0000011
all	1267	1	886578	0.0000011
all	1269	1	886578	0.0000011
all	1273	1	886578	0.0000011
all	1274	2	886578	0.0000023
all	1278	2	886578	0.0000023
all	1279	1	886578	0.0000011
all	1282	1	886578	0.0000011
all	1285	1	886578	0.0000011
all	1286	1	886578	0.0000011
all	1287	1	886578	0.0000011
all	1288	2	886578	0.0000023
all	1289	1	886578	0.0000011
all	1290	1	886578	0.0000011
all	1292	1	886578	0.0000011
all	1295	1	886578	0.0000011
all	1296	1	886578	0.0000011
all	1300	2	886578	0.0000023
all	1301	2	886578	0.0000023
all	1302	2	886578	0.0000023
all	1305	1	886578	0.0000011
all	1306	1	886578	0.0000011
all	1307	2	886578	0.0000023
all	1308	1	886578	0.0000011
all	1310	1	886578	0.0000011
all	1314	2	886578	0.0000023
all	1317	1	886578	0.0000011
all	1318	1	886578	0.0000011
all	1319	1	886578	0.0000011
all	1321	1	886578	0.0000011
all	1324	1	886578	0.0000011
all	1325	2	886578	0.0000023
all	1327	2	886578	0.0000023
all	1328	2	886578	0.0000023
all	1330	3	886578	0.0000034
all	1334	1	886578	0.0000011
all	1337	1	886578	0.0000011
all	1338	1	886578	0.0000011
all	1339	1	886578	0.0000011
all	1340	1	886578	0.0000011
all	1342	1	886578	0.0000011
all	1343	1	886578	0.0000011
all	1346	1	886578	0.0000011
all	1347	1	886578	0.0000011
all	1353	1	886578	0.0000011
all	1354	1	886578	0.0000011
all	1355	2	886578	0.0000023
all	1357	1	886578	0.0000011
all	1360	1	886578	0.0000011
all	1362	2	886578	0.0000023
all	1363	1	886578	0.0000011
all	1364	1	886578	0.0000011
all	1366	2	886578	0.0000023
all	1370	1	886578	0.0000011
all	1372	1	886578	0.0000011
all	1374	3	886578	0.0000034
all	1376	2	886578	0.0000023
all	1379	2	886578	0.0000023
all	1380	1	886578	0.0000011
all	1381	1	886578	0.0000011
all	1386	1	886578	0.0000011
all	1387	3	886578	0.0000034
all	1388	1	886578	0.0000011
all	1397	1	886578	0.0000011
all	1399	2	886578	0.0000023
all	1400	1	886578	0.0000011
all	1401	3	886578	0.0000034
all	1405	3	886578	0.0000034
all	1407	1	886578	0.0000011
all	1410	2	886578	0.0000023
all	1411	1	886578	0.0000011
all	1414	1	886578	0.0000011
all	1418	1	886578	0.0000011
all	1419	1	886578	0.0000011
all	1420	2	886578	0.0000023
all	1422	1	886578	0.0000011
all	1424	2	886578	0.0000023
all	1426	2	886578	0.0000023
all	1427	1	886578	0.0000011
all	1428	1	886578	0.0000011
all	1429	1	886578	0.0000011
all	1432	2	886578	0.0000023
all	1433	1	886578	0.0000011
all	1435	2	886578	0.0000023
all	1438	2	886578	0.0000023
all	1439	1	886578	0.0000011
all	1446	1	886578	0.0000011
all	1447	1	886578	0.0000011
all	1450	1	886578	0.0000011
all	1455	1	886578	0.0000011
all	1458	1	886578	0.0000011
all	1466	2	886578	0.0000023
all	1469	1	886578	0.0000011
all	1470	1	886578	0.0000011
all	1471	2	886578	0.0000023
all	1472	1	886578	0.0000011
all	1475	1	886578	0.0000011
all	1476	1	886578	0.0000011
all	1477	1	886578	0.0000011
all	1479	1	886578	0.0000011
all	1480	1	886578	0.0000011
all	1484	1	886578	0.0000011
all	1488	2	886578	0.0000023
all	1493	1	886578	0.0000011
all	1495	1	886578	0.0000011
all	1496	3	886578	0.0000034
all	1500	2	886578	0.0000023
all	1501	1	886578	0.0000011
all	1502	1	886578	0.0000011
all	1503	1	886578	0.0000011
all	1504	1	886578	0.0000011
all	1508	1	886578	0.0000011
all	1509	1	886578	0.0000011
all	1510	1	886578	0.0000011
all	1512	1	886578	0.0000011
all	1513	1	886578	0.0000011
all	1515	1	886578	0.0000011
all	1517	1	886578	0.0000011
all	1520	1	886578	0.0000011
all	1521	1	886578	0.0000011
all	1522	1	886578	0.0000011
all	1525	2	886578	0.0000023
all	1527	1	886578	0.0000011
all	1528	3	886578	0.0000034
all	1536	1	886578	0.0000011
all	1551	1	886578	0.0000011
all	1552	1	886578	0.0000011
all	1557	1	886578	0.0000011
all	1561	1	886578	0.0000011
all	1563	1	886578	0.0000011
all	1575	3	886578	0.0000034
all	1581	1	886578	0.0000011
all	1590	2	886578	0.0000023
all	1592	1	886578	0.0000011
all	1595	1	886578	0.0000011
all	1607	1	886578	0.0000011
all	1613	2	886578	0.0000023
all	1618	1	886578	0.0000011
all	1623	1	886578	0.0000011
all	1630	1	886578	0.0000011
all	1632	2	886578	0.0000023
all	1635	1	886578	0.0000011
all	1641	1	886578	0.0000011
all	1644	1	886578	0.0000011
all	1647	1	886578	0.0000011
all	1648	1	886578	0.0000011
all	1654	1	886578	0.0000011
all	1660	1	886578	0.0000011
all	1664	1	886578	0.0000011
all	1666	1	886578	0.0000011
all	1670	1	886578	0.0000011
all	1671	1	886578	0.0000011
all	1675	1	886578	0.0000011
all	1677	1	886578	0.0000011
all	1685	1	886578	0.0000011
all	1693	1	886578	0.0000011
all	1694	1	886578	0.0000011
all	1700	1	886578	0.0000011
all	1706	2	886578	0.0000023
all	1707	1	886578	0.0000011
all	1710	1	886578	0.0000011
all	1714	2	886578	0.0000023
all	1718	1	886578	0.0000011
all	1720	1	886578	0.0000011
all	1721	1	886578	0.0000011
all	1722	1	886578	0.0000011
all	1732	1	886578	0.0000011
all	1734	1	886578	0.0000011
all	1737	2	886578	0.0000023
all	1739	1	886578	0.0000011
all	1746	1	886578	0.0000011
all	1749	1	886578	0.0000011
all	1752	2	886578	0.0000023
all	1759	1	886578	0.0000011
all	1760	1	886578	0.0000011
all	1763	1	886578	0.0000011
all	1765	1	886578	0.0000011
all	1767	1	886578	0.0000011
all	1769	1	886578	0.0000011
all	1772	1	886578	0.0000011
all	1773	1	886578	0.0000011
all	1774	1	886578	0.0000011
all	1776	1	886578	0.0000011
all	1778	1	886578	0.0000011
all	1782	1	886578	0.0000011
all	1792	1	886578	0.0000011
all	1795	1	886578	0.0000011
all	1796	1	886578	0.0000011
all	1797	1	886578	0.0000011
all	1798	1	886578	0.0000011
all	1799	1	886578	0.0000011
all	1803	1	886578	0.0000011
all	1804	1	886578	0.0000011
all	1806	1	886578	0.0000011
all	1808	2	886578	0.0000023
all	1812	1	886578	0.0000011
all	1816	2	886578	0.0000023
all	1817	1	886578	0.0000011
all	1819	1	886578	0.0000011
all	1822	3	886578	0.0000034
all	1823	2	886578	0.0000023
all	1825	1	886578	0.0000011
all	1832	1	886578	0.0000011
all	1833	1	886578	0.0000011
all	1835	1	886578	0.0000011
all	1836	1	886578	0.0000011
all	1837	3	886578	0.0000034
all	1839	2	886578	0.0000023
all	1842	1	886578	0.0000011
all	1845	2	886578	0.0000023
all	1846	1	886578	0.0000011
all	1850	1	886578	0.0000011
all	1852	2	886578	0.0000023
all	1853	1	886578	0.0000011
all	1856	1	886578	0.0000011
all	1857	1	886578	0.0000011
all	1860	1	886578	0.0000011
all	1861	1	886578	0.0000011
all	1862	2	886578	0.0000023
all	1863	1	886578	0.0000011
all	1864	1	886578	0.0000011
all	1865	1	886578	0.0000011
all	1866	2	886578	0.0000023
all	1867	1	886578	0.0000011
all	1868	1	886578	0.0000011
all	1869	1	886578	0.0000011
all	1871	1	886578	0.0000011
all	1872	1	886578	0.0000011
all	1873	1	886578	0.0000011
all	1883	1	886578	0.0000011
all	1884	1	886578	0.0000011
all	1885	1	886578	0.0000011
all	1886	2	886578	0.0000023
all	1893	1	886578	0.0000011
all	1897	1	886578	0.0000011
all	1901	1	886578	0.0000011
all	1903	1	886578	0.0000011
all	1904	1	886578	0.0000011
all	1905	1	886578	0.0000011
all	1906	1	886578	0.0000011
all	1907	2	886578	0.0000023
all	1913	1	886578	0.0000011
all	1918	3	886578	0.0000034
all	1919	1	886578	0.0000011
all	1924	1	886578	0.0000011
all	1929	1	886578	0.0000011
all	1933	1	886578	0.0000011
all	1937	1	886578	0.0000011
all	1939	1	886578	0.0000011
all	1946	2	886578	0.0000023
all	1948	1	886578	0.0000011
all	1954	2	886578	0.0000023
all	1955	1	886578	0.0000011
all	1960	1	886578	0.0000011
all	1961	1	886578	0.0000011
all	1969	1	886578	0.0000011
all	1971	1	886578	0.0000011
all	1975	1	886578	0.0000011
all	1976	2	886578	0.0000023
all	1978	1	886578	0.0000011
all	1979	1	886578	0.0000011
all	1987	1	886578	0.0000011
all	1991	2	886578	0.0000023
all	1997	1	886578	0.0000011
all	1998	1	886578	0.0000011
all	2001	1	886578	0.0000011
all	2003	1	886578	0.0000011
all	2005	1	886578	0.0000011
all	2007	1	886578	0.0000011
all	2010	1	886578	0.0000011
all	2012	2	886578	0.0000023
all	2013	1	886578	0.0000011
all	2019	1	886578	0.0000011
all	2021	1	886578	0.0000011
all	2027	1	886578	0.0000011
all	2030	2	886578	0.0000023
all	2031	1	886578	0.0000011
all	2034	1	886578	0.0000011
all	2042	2	886578	0.0000023
all	2043	1	886578	0.0000011
all	2047	1	886578	0.0000011
all	2060	1	886578	0.0000011
all	2065	1	886578	0.0000011
all	2067	1	886578	0.0000011
all	2077	1	886578	0.0000011
all	2079	1	886578	0.0000011
all	2084	1	886578	0.0000011
all	2091	1	886578	0.0000011
all	2092	1	886578	0.0000011
all	2093	1	886578	0.0000011
all	2100	1	886578	0.0000011
all	2103	1	886578	0.0000011
all	2113	1	886578	0.0000011
all	2120	1	886578	0.0000011
all	2124	1	886578	0.0000011
all	2138	1	886578	0.0000011
all	2143	1	886578	0.0000011
all	2144	1	886578	0.0000011
all	2153	1	886578	0.0000011
all	2155	1	886578	0.0000011
all	2160	1	886578	0.0000011
all	2168	1	886578	0.0000011
all	2170	1	886578	0.0000011
all	2175	1	886578	0.0000011
all	2176	1	886578	0.0000011
all	2180	2	886578	0.0000023
all	2182	1	886578	0.0000011
all	2193	1	886578	0.0000011
all	2197	1	886578	0.0000011
all	2198	1	886578	0.0000011
all	2211	1	886578	0.0000011
all	2212	1	886578	0.0000011
all	2226	1	886578	0.0000011
all	2230	1	886578	0.0000011
all	2233	1	886578	0.0000011
all	2235	1	886578	0.0000011
all	2250	1	886578	0.0000011
all	2256	1	886578	0.0000011
all	2263	1	886578	0.0000011
all	2266	1	886578	0.0000011
all	2275	2	886578	0.0000023
all	2277	1	886578	0.0000011
all	2289	1	886578	0.0000011
all	2294	1	886578	0.0000011
all	2312	1	886578	0.0000011
all	2313	1	886578	0.0000011
all	2316	1	886578	0.0000011
all	2326	1	886578	0.0000011
all	2329	1	886578	0.0000011
all	2335	1	886578	0.0000011
all	2337	1	886578	0.0000011
all	2339	1	886578	0.0000011
all	2344	1	886578	0.0000011
all	2353	1	886578	0.0000011
all	2354	1	886578	0.0000011
all	2367	1	886578	0.0000011
all	2371	1	886578	0.0000011
all	2374	1	886578	0.0000011
all	2375	1	886578	0.0000011
all	2376	1	886578	0.0000011
all	2382	2	886578	0.0000023
all	2389	1	886578	0.0000011
all	2390	2	886578	0.0000023
all	2397	1	886578	0.0000011
all	2399	1	886578	0.0000011
all	2401	1	886578	0.0000011
all	2404	1	886578	0.0000011
all	2405	2	886578	0.0000023
all	2409	1	886578	0.0000011
all	2424	1	886578	0.0000011
all	2430	1	886578	0.0000011
all	2431	1	886578	0.0000011
all	2437	1	886578	0.0000011
all	2449	1	886578	0.0000011
all	2451	1	886578	0.0000011
all	2452	1	886578	0.0000011
all	2453	1	886578	0.0000011
all	2457	2	886578	0.0000023
all	2463	1	886578	0.0000011
all	2466	1	886578	0.0000011
all	2470	1	886578	0.0000011
all	2471	1	886578	0.0000011
all	2476	2	886578	0.0000023
all	2484	2	886578	0.0000023
all	2486	1	886578	0.0000011
all	2491	2	886578	0.0000023
all	2494	1	886578	0.0000011
all	2503	1	886578	0.0000011
all	2505	1	886578	0.0000011
all	2506	1	886578	0.0000011
all	2508	2	886578	0.0000023
all	2510	1	886578	0.0000011
all	2515	1	886578	0.0000011
all	2516	1	886578	0.0000011
all	2520	1	886578	0.0000011
all	2522	1	886578	0.0000011
all	2525	1	886578	0.0000011
all	2526	1	886578	0.0000011
all	2527	1	886578	0.0000011
all	2528	1	886578	0.0000011
all	2530	1	886578	0.0000011
all	2532	3	886578	0.0000034
all	2538	1	886578	0.0000011
all	2539	1	886578	0.0000011
all	2540	1	886578	0.0000011
all	2542	1	886578	0.0000011
all	2543	1	886578	0.0000011
all	2547	1	886578	0.0000011
all	2553	1	886578	0.0000011
all	2559	1	886578	0.0000011
all	2560	1	886578	0.0000011
all	2562	1	886578	0.0000011
all	2570	1	886578	0.0000011
all	2571	2	886578	0.0000023
all	2573	3	886578	0.0000034
all	2574	1	886578	0.0000011
all	2575	2	886578	0.0000023
all	2578	1	886578	0.0000011
all	2580	2	886578	0.0000023
all	2582	1	886578	0.0000011
all	2583	4	886578	0.0000045
all	2596	1	886578	0.0000011
all	2598	1	886578	0.0000011
all	2600	1	886578	0.0000011
all	2602	1	886578	0.0000011
