all	0	123752	886578	0.1395839
all	1	39264	886578	0.0442871
all	2	86723	886578	0.0978177
all	3	50480	886578	0.0569380
all	4	71642	886578	0.0808073
all	5	47093	886578	0.0531177
all	6	54623	886578	0.0616110
all	7	42863	886578	0.0483466
all	8	41095	886578	0.0463524
all	9	35546	886578	0.0400935
all	10	34016	886578	0.0383677
all	11	27693	886578	0.0312358
all	12	24733	886578	0.0278972
all	13	20845	886578	0.0235117
all	14	16905	886578	0.0190677
all	15	17120	886578	0.0193102
all	16	14184	886578	0.0159986
all	17	12402	886578	0.0139886
all	18	11087	886578	0.0125054
all	19	10380	886578	0.0117079
all	20	9509	886578	0.0107255
all	21	7342	886578	0.0082813
all	22	6786	886578	0.0076541
all	23	5755	886578	0.0064913
all	24	5580	886578	0.0062939
all	25	4333	886578	0.0048873
all	26	4468	886578	0.0050396
all	27	3516	886578	0.0039658
all	28	3224	886578	0.0036365
all	29	2747	886578	0.0030984
all	30	2578	886578	0.0029078
all	31	2288	886578	0.0025807
all	32	2047	886578	0.0023089
all	33	1913	886578	0.0021577
all	34	1552	886578	0.0017506
all	35	1321	886578	0.0014900
all	36	1405	886578	0.0015847
all	37	1290	886578	0.0014550
all	38	1118	886578	0.0012610
all	39	918	886578	0.0010354
all	40	876	886578	0.0009881
all	41	697	886578	0.0007862
all	42	742	886578	0.0008369
all	43	545	886578	0.0006147
all	44	684	886578	0.0007715
all	45	605	886578	0.0006824
all	46	557	886578	0.0006283
all	47	550	886578	0.0006204
all	48	399	886578	0.0004500
all	49	390	886578	0.0004399
all	50	469	886578	0.0005290
all	51	447	886578	0.0005042
all	52	367	886578	0.0004140
all	53	436	886578	0.0004918
all	54	409	886578	0.0004613
all	55	445	886578	0.0005019
all	56	320	886578	0.0003609
all	57	389	886578	0.0004388
all	58	356	886578	0.0004015
all	59	337	886578	0.0003801
all	60	279	886578	0.0003147
all	61	317	886578	0.0003576
all	62	379	886578	0.0004275
all	63	235	886578	0.0002651
all	64	336	886578	0.0003790
all	65	227	886578	0.0002560
all	66	180	886578	0.0002030
all	67	185	886578	0.0002087
all	68	264	886578	0.0002978
all	69	253	886578	0.0002854
all	70	244	886578	0.0002752
all	71	211	886578	0.0002380
all	72	214	886578	0.0002414
all	73	111	886578	0.0001252
all	74	279	886578	0.0003147
all	75	199	886578	0.0002245
all	76	193	886578	0.0002177
all	77	165	886578	0.0001861
all	78	110	886578	0.0001241
all	79	124	886578	0.0001399
all	80	104	886578	0.0001173
all	81	150	886578	0.0001692
all	82	120	886578	0.0001354
all	83	116	886578	0.0001308
all	84	144	886578	0.0001624
all	85	109	886578	0.0001229
all	86	140	886578	0.0001579
all	87	140	886578	0.0001579
all	88	131	886578	0.0001478
all	89	163	886578	0.0001839
all	90	156	886578	0.0001760
all	91	117	886578	0.0001320
all	92	129	886578	0.0001455
all	93	167	886578	0.0001884
all	94	166	886578	0.0001872
all	95	126	886578	0.0001421
all	96	118	886578	0.0001331
all	97	132	886578	0.0001489
all	98	150	886578	0.0001692
all	99	123	886578	0.0001387
all	100	114	886578	0.0001286
all	101	103	886578	0.0001162
all	102	105	886578	0.0001184
all	103	120	886578	0.0001354
all	104	64	886578	0.0000722
all	105	87	886578	0.0000981
all	106	84	886578	0.0000947
all	107	97	886578	0.0001094
all	108	147	886578	0.0001658
all	109	72	886578	0.0000812
all	110	84	886578	0.0000947
all	111	73	886578	0.0000823
all	112	110	886578	0.0001241
all	113	108	886578	0.0001218
all	114	99	886578	0.0001117
all	115	58	886578	0.0000654
all	116	97	886578	0.0001094
all	117	69	886578	0.0000778
all	118	87	886578	0.0000981
all	119	76	886578	0.0000857
all	120	83	886578	0.0000936
all	121	89	886578	0.0001004
all	122	86	886578	0.0000970
all	123	78	886578	0.0000880
all	124	59	886578	0.0000665
all	125	52	886578	0.0000587
all	126	66	886578	0.0000744
all	127	62	886578	0.0000699
all	128	84	886578	0.0000947
all	129	60	886578	0.0000677
all	130	65	886578	0.0000733
all	131	71	886578	0.0000801
all	132	66	886578	0.0000744
all	133	77	886578	0.0000869
all	134	82	886578	0.0000925
all	135	46	886578	0.0000519
all	136	124	886578	0.0001399
all	137	62	886578	0.0000699
all	138	68	886578	0.0000767
all	139	52	886578	0.0000587
all	140	26	886578	0.0000293
all	141	43	886578	0.0000485
all	142	54	886578	0.0000609
all	143	60	886578	0.0000677
all	144	43	886578	0.0000485
all	145	35	886578	0.0000395
all	146	54	886578	0.0000609
all	147	44	886578	0.0000496
all	148	60	886578	0.0000677
all	149	66	886578	0.0000744
all	150	49	886578	0.0000553
all	151	48	886578	0.0000541
all	152	63	886578	0.0000711
all	153	49	886578	0.0000553
all	154	70	886578	0.0000790
all	155	28	886578	0.0000316
all	156	60	886578	0.0000677
all	157	44	886578	0.0000496
all	158	43	886578	0.0000485
all	159	40	886578	0.0000451
all	160	44	886578	0.0000496
all	161	36	886578	0.0000406
all	162	57	886578	0.0000643
all	163	50	886578	0.0000564
all	164	38	886578	0.0000429
all	165	25	886578	0.0000282
all	166	39	886578	0.0000440
all	167	65	886578	0.0000733
all	168	40	886578	0.0000451
all	169	58	886578	0.0000654
all	170	35	886578	0.0000395
all	171	25	886578	0.0000282
all	172	34	886578	0.0000383
all	173	62	886578	0.0000699
all	174	64	886578	0.0000722
all	175	37	886578	0.0000417
all	176	27	886578	0.0000305
all	177	29	886578	0.0000327
all	178	39	886578	0.0000440
all	179	31	886578	0.0000350
all	180	44	886578	0.0000496
all	181	26	886578	0.0000293
all	182	41	886578	0.0000462
all	183	43	886578	0.0000485
all	184	35	886578	0.0000395
all	185	22	886578	0.0000248
all	186	25	886578	0.0000282
all	187	33	886578	0.0000372
all	188	33	886578	0.0000372
all	189	28	886578	0.0000316
all	190	25	886578	0.0000282
all	191	32	886578	0.0000361
all	192	34	886578	0.0000383
all	193	31	886578	0.0000350
all	194	41	886578	0.0000462
all	195	31	886578	0.0000350
all	196	51	886578	0.0000575
all	197	28	886578	0.0000316
all	198	36	886578	0.0000406
all	199	33	886578	0.0000372
all	200	30	886578	0.0000338
all	201	32	886578	0.0000361
all	202	31	886578	0.0000350
all	203	28	886578	0.0000316
all	204	28	886578	0.0000316
all	205	18	886578	0.0000203
all	206	39	886578	0.0000440
all	207	27	886578	0.0000305
all	208	21	886578	0.0000237
all	209	49	886578	0.0000553
all	210	27	886578	0.0000305
all	211	33	886578	0.0000372
all	212	32	886578	0.0000361
all	213	33	886578	0.0000372
all	214	25	886578	0.0000282
all	215	36	886578	0.0000406
all	216	35	886578	0.0000395
all	217	29	886578	0.0000327
all	218	19	886578	0.0000214
all	219	57	886578	0.0000643
all	220	36	886578	0.0000406
all	221	29	886578	0.0000327
all	222	40	886578	0.0000451
all	223	54	886578	0.0000609
all	224	41	886578	0.0000462
all	225	30	886578	0.0000338
all	226	32	886578	0.0000361
all	227	39	886578	0.0000440
all	228	38	886578	0.0000429
all	229	14	886578	0.0000158
all	230	38	886578	0.0000429
all	231	24	886578	0.0000271
all	232	30	886578	0.0000338
all	233	58	886578	0.0000654
all	234	35	886578	0.0000395
all	235	39	886578	0.0000440
all	236	29	886578	0.0000327
all	237	29	886578	0.0000327
all	238	24	886578	0.0000271
all	239	42	886578	0.0000474
all	240	32	886578	0.0000361
all	241	36	886578	0.0000406
all	242	50	886578	0.0000564
all	243	35	886578	0.0000395
all	244	45	886578	0.0000508
all	245	34	886578	0.0000383
all	246	24	886578	0.0000271
all	247	33	886578	0.0000372
all	248	18	886578	0.0000203
all	249	29	886578	0.0000327
all	250	30	886578	0.0000338
all	251	22	886578	0.0000248
all	252	18	886578	0.0000203
all	253	31	886578	0.0000350
all	254	30	886578	0.0000338
all	255	32	886578	0.0000361
all	256	22	886578	0.0000248
all	257	31	886578	0.0000350
all	258	26	886578	0.0000293
all	259	22	886578	0.0000248
all	260	39	886578	0.0000440
all	261	29	886578	0.0000327
all	262	35	886578	0.0000395
all	263	23	886578	0.0000259
all	264	48	886578	0.0000541
all	265	47	886578	0.0000530
all	266	24	886578	0.0000271
all	267	31	886578	0.0000350
all	268	54	886578	0.0000609
all	269	64	886578	0.0000722
all	270	48	886578	0.0000541
all	271	31	886578	0.0000350
all	272	32	886578	0.0000361
all	273	27	886578	0.0000305
all	274	42	886578	0.0000474
all	275	16	886578	0.0000180
all	276	29	886578	0.0000327
all	277	43	886578	0.0000485
all	278	19	886578	0.0000214
all	279	32	886578	0.0000361
all	280	30	886578	0.0000338
all	281	39	886578	0.0000440
all	282	57	886578	0.0000643
all	283	27	886578	0.0000305
all	284	18	886578	0.0000203
all	285	19	886578	0.0000214
all	286	15	886578	0.0000169
all	287	34	886578	0.0000383
all	288	18	886578	0.0000203
all	289	17	886578	0.0000192
all	290	19	886578	0.0000214
all	291	18	886578	0.0000203
all	292	14	886578	0.0000158
all	293	21	886578	0.0000237
all	294	19	886578	0.0000214
all	295	22	886578	0.0000248
all	296	20	886578	0.0000226
all	297	10	886578	0.0000113
all	298	32	886578	0.0000361
all	299	22	886578	0.0000248
all	300	24	886578	0.0000271
all	301	17	886578	0.0000192
all	302	25	886578	0.0000282
all	303	19	886578	0.0000214
all	304	19	886578	0.0000214
all	305	21	886578	0.0000237
all	306	16	886578	0.0000180
all	307	16	886578	0.0000180
all	308	17	886578	0.0000192
all	309	24	886578	0.0000271
all	310	33	886578	0.0000372
all	311	20	886578	0.0000226
all	312	16	886578	0.0000180
all	313	21	886578	0.0000237
all	314	32	886578	0.0000361
all	315	31	886578	0.0000350
all	316	27	886578	0.0000305
all	317	23	886578	0.0000259
all	318	19	886578	0.0000214
all	319	24	886578	0.0000271
all	320	22	886578	0.0000248
all	321	22	886578	0.0000248
all	322	18	886578	0.0000203
all	323	18	886578	0.0000203
all	324	15	886578	0.0000169
all	325	21	886578	0.0000237
all	326	12	886578	0.0000135
all	327	19	886578	0.0000214
all	328	27	886578	0.0000305
all	329	19	886578	0.0000214
all	330	20	886578	0.0000226
all	331	24	886578	0.0000271
all	332	23	886578	0.0000259
all	333	22	886578	0.0000248
all	334	15	886578	0.0000169
all	335	11	886578	0.0000124
all	336	17	886578	0.0000192
all	337	32	886578	0.0000361
all	338	36	886578	0.0000406
all	339	28	886578	0.0000316
all	340	30	886578	0.0000338
all	341	28	886578	0.0000316
all	342	27	886578	0.0000305
all	343	39	886578	0.0000440
all	344	16	886578	0.0000180
all	345	27	886578	0.0000305
all	346	29	886578	0.0000327
all	347	26	886578	0.0000293
all	348	26	886578	0.0000293
all	349	24	886578	0.0000271
all	350	20	886578	0.0000226
all	351	18	886578	0.0000203
all	352	20	886578	0.0000226
all	353	20	886578	0.0000226
all	354	28	886578	0.0000316
all	355	33	886578	0.0000372
all	356	24	886578	0.0000271
all	357	24	886578	0.0000271
all	358	11	886578	0.0000124
all	359	28	886578	0.0000316
all	360	21	886578	0.0000237
all	361	27	886578	0.0000305
all	362	21	886578	0.0000237
all	363	15	886578	0.0000169
all	364	22	886578	0.0000248
all	365	19	886578	0.0000214
all	366	32	886578	0.0000361
all	367	25	886578	0.0000282
all	368	11	886578	0.0000124
all	369	13	886578	0.0000147
all	370	23	886578	0.0000259
all	371	14	886578	0.0000158
all	372	15	886578	0.0000169
all	373	21	886578	0.0000237
all	374	17	886578	0.0000192
all	375	22	886578	0.0000248
all	376	15	886578	0.0000169
all	377	12	886578	0.0000135
all	378	14	886578	0.0000158
all	379	19	886578	0.0000214
all	380	14	886578	0.0000158
all	381	16	886578	0.0000180
all	382	15	886578	0.0000169
all	383	12	886578	0.0000135
all	384	14	886578	0.0000158
all	385	26	886578	0.0000293
all	386	15	886578	0.0000169
all	387	25	886578	0.0000282
all	388	15	886578	0.0000169
all	389	22	886578	0.0000248
all	390	10	886578	0.0000113
all	391	27	886578	0.0000305
all	392	15	886578	0.0000169
all	393	12	886578	0.0000135
all	394	15	886578	0.0000169
all	395	12	886578	0.0000135
all	396	11	886578	0.0000124
all	397	13	886578	0.0000147
all	398	23	886578	0.0000259
all	399	11	886578	0.0000124
all	400	8	886578	0.0000090
all	401	8	886578	0.0000090
all	402	14	886578	0.0000158
all	403	17	886578	0.0000192
all	404	38	886578	0.0000429
all	405	18	886578	0.0000203
all	406	12	886578	0.0000135
all	407	10	886578	0.0000113
all	408	18	886578	0.0000203
all	409	14	886578	0.0000158
all	410	8	886578	0.0000090
all	411	16	886578	0.0000180
all	412	8	886578	0.0000090
all	413	17	886578	0.0000192
all	414	10	886578	0.0000113
all	415	17	886578	0.0000192
all	416	13	886578	0.0000147
all	417	12	886578	0.0000135
all	418	10	886578	0.0000113
all	419	12	886578	0.0000135
all	420	13	886578	0.0000147
all	421	20	886578	0.0000226
all	422	15	886578	0.0000169
all	423	21	886578	0.0000237
all	424	19	886578	0.0000214
all	425	25	886578	0.0000282
all	426	8	886578	0.0000090
all	427	14	886578	0.0000158
all	428	7	886578	0.0000079
all	429	11	886578	0.0000124
all	430	28	886578	0.0000316
all	431	16	886578	0.0000180
all	432	19	886578	0.0000214
all	433	12	886578	0.0000135
all	434	16	886578	0.0000180
all	435	18	886578	0.0000203
all	436	9	886578	0.0000102
all	437	15	886578	0.0000169
all	438	19	886578	0.0000214
all	439	11	886578	0.0000124
all	440	17	886578	0.0000192
all	441	16	886578	0.0000180
all	442	6	886578	0.0000068
all	443	19	886578	0.0000214
all	444	20	886578	0.0000226
all	445	22	886578	0.0000248
all	446	39	886578	0.0000440
all	447	21	886578	0.0000237
all	448	18	886578	0.0000203
all	449	14	886578	0.0000158
all	450	9	886578	0.0000102
all	451	18	886578	0.0000203
all	452	11	886578	0.0000124
all	453	13	886578	0.0000147
all	454	14	886578	0.0000158
all	455	8	886578	0.0000090
all	456	8	886578	0.0000090
all	457	10	886578	0.0000113
all	458	7	886578	0.0000079
all	459	10	886578	0.0000113
all	460	8	886578	0.0000090
all	461	19	886578	0.0000214
all	462	8	886578	0.0000090
all	463	8	886578	0.0000090
all	464	13	886578	0.0000147
all	465	6	886578	0.0000068
all	466	14	886578	0.0000158
all	467	6	886578	0.0000068
all	468	14	886578	0.0000158
all	469	10	886578	0.0000113
all	470	8	886578	0.0000090
all	471	12	886578	0.0000135
all	472	8	886578	0.0000090
all	473	15	886578	0.0000169
all	474	16	886578	0.0000180
all	475	12	886578	0.0000135
all	476	9	886578	0.0000102
all	477	7	886578	0.0000079
all	478	10	886578	0.0000113
all	479	13	886578	0.0000147
all	480	12	886578	0.0000135
all	481	11	886578	0.0000124
all	482	9	886578	0.0000102
all	483	14	886578	0.0000158
all	484	7	886578	0.0000079
all	485	13	886578	0.0000147
all	486	9	886578	0.0000102
all	487	16	886578	0.0000180
all	488	15	886578	0.0000169
all	489	13	886578	0.0000147
all	490	11	886578	0.0000124
all	491	12	886578	0.0000135
all	492	15	886578	0.0000169
all	493	10	886578	0.0000113
all	494	6	886578	0.0000068
all	495	12	886578	0.0000135
all	496	15	886578	0.0000169
all	497	21	886578	0.0000237
all	498	7	886578	0.0000079
all	499	8	886578	0.0000090
all	500	8	886578	0.0000090
all	501	12	886578	0.0000135
all	502	10	886578	0.0000113
all	503	12	886578	0.0000135
all	504	8	886578	0.0000090
all	505	11	886578	0.0000124
all	506	13	886578	0.0000147
all	507	11	886578	0.0000124
all	508	9	886578	0.0000102
all	509	12	886578	0.0000135
all	510	7	886578	0.0000079
all	511	11	886578	0.0000124
all	512	14	886578	0.0000158
all	513	16	886578	0.0000180
all	514	18	886578	0.0000203
all	515	14	886578	0.0000158
all	516	30	886578	0.0000338
all	517	11	886578	0.0000124
all	518	16	886578	0.0000180
all	519	17	886578	0.0000192
all	520	14	886578	0.0000158
all	521	10	886578	0.0000113
all	522	18	886578	0.0000203
all	523	12	886578	0.0000135
all	524	15	886578	0.0000169
all	525	10	886578	0.0000113
all	526	22	886578	0.0000248
all	527	11	886578	0.0000124
all	528	9	886578	0.0000102
all	529	15	886578	0.0000169
all	530	11	886578	0.0000124
all	531	11	886578	0.0000124
all	532	6	886578	0.0000068
all	533	11	886578	0.0000124
all	534	11	886578	0.0000124
all	535	7	886578	0.0000079
all	536	10	886578	0.0000113
all	537	11	886578	0.0000124
all	538	4	886578	0.0000045
all	539	11	886578	0.0000124
all	540	4	886578	0.0000045
all	541	20	886578	0.0000226
all	542	7	886578	0.0000079
all	543	17	886578	0.0000192
all	544	5	886578	0.0000056
all	545	6	886578	0.0000068
all	546	9	886578	0.0000102
all	547	8	886578	0.0000090
all	548	10	886578	0.0000113
all	549	6	886578	0.0000068
all	550	8	886578	0.0000090
all	551	9	886578	0.0000102
all	552	14	886578	0.0000158
all	553	12	886578	0.0000135
all	554	10	886578	0.0000113
all	555	11	886578	0.0000124
all	556	10	886578	0.0000113
all	557	10	886578	0.0000113
all	558	8	886578	0.0000090
all	559	9	886578	0.0000102
all	560	10	886578	0.0000113
all	561	13	886578	0.0000147
all	562	13	886578	0.0000147
all	563	8	886578	0.0000090
all	564	13	886578	0.0000147
all	565	15	886578	0.0000169
all	566	8	886578	0.0000090
all	567	17	886578	0.0000192
all	568	16	886578	0.0000180
all	569	11	886578	0.0000124
all	570	12	886578	0.0000135
all	571	16	886578	0.0000180
all	572	14	886578	0.0000158
all	573	15	886578	0.0000169
all	574	10	886578	0.0000113
all	575	10	886578	0.0000113
all	576	8	886578	0.0000090
all	577	6	886578	0.0000068
all	578	9	886578	0.0000102
all	579	9	886578	0.0000102
all	580	6	886578	0.0000068
all	581	7	886578	0.0000079
all	582	10	886578	0.0000113
all	583	6	886578	0.0000068
all	584	9	886578	0.0000102
all	585	12	886578	0.0000135
all	586	6	886578	0.0000068
all	587	13	886578	0.0000147
all	588	8	886578	0.0000090
all	589	5	886578	0.0000056
all	590	14	886578	0.0000158
all	591	9	886578	0.0000102
all	592	9	886578	0.0000102
all	593	9	886578	0.0000102
all	594	8	886578	0.0000090
all	595	3	886578	0.0000034
all	596	6	886578	0.0000068
all	597	10	886578	0.0000113
all	598	9	886578	0.0000102
all	599	10	886578	0.0000113
all	600	7	886578	0.0000079
all	601	4	886578	0.0000045
all	602	5	886578	0.0000056
all	603	4	886578	0.0000045
all	604	5	886578	0.0000056
all	605	6	886578	0.0000068
all	606	8	886578	0.0000090
all	607	8	886578	0.0000090
all	608	7	886578	0.0000079
all	609	9	886578	0.0000102
all	610	6	886578	0.0000068
all	611	7	886578	0.0000079
all	612	7	886578	0.0000079
all	613	8	886578	0.0000090
all	614	6	886578	0.0000068
all	615	9	886578	0.0000102
all	616	2	886578	0.0000023
all	617	5	886578	0.0000056
all	618	5	886578	0.0000056
all	619	3	886578	0.0000034
all	620	13	886578	0.0000147
all	621	7	886578	0.0000079
all	622	7	886578	0.0000079
all	623	11	886578	0.0000124
all	624	8	886578	0.0000090
all	625	6	886578	0.0000068
all	626	5	886578	0.0000056
all	627	13	886578	0.0000147
all	628	8	886578	0.0000090
all	629	2	886578	0.0000023
all	630	5	886578	0.0000056
all	631	2	886578	0.0000023
all	632	2	886578	0.0000023
all	633	6	886578	0.0000068
all	634	4	886578	0.0000045
all	635	6	886578	0.0000068
all	636	7	886578	0.0000079
all	637	10	886578	0.0000113
all	638	5	886578	0.0000056
all	639	5	886578	0.0000056
all	640	4	886578	0.0000045
all	641	9	886578	0.0000102
all	642	10	886578	0.0000113
all	643	10	886578	0.0000113
all	644	5	886578	0.0000056
all	645	7	886578	0.0000079
all	646	3	886578	0.0000034
all	647	8	886578	0.0000090
all	648	5	886578	0.0000056
all	649	8	886578	0.0000090
all	650	5	886578	0.0000056
all	651	7	886578	0.0000079
all	652	7	886578	0.0000079
all	653	9	886578	0.0000102
all	654	4	886578	0.0000045
all	655	5	886578	0.0000056
all	656	2	886578	0.0000023
all	657	2	886578	0.0000023
all	658	9	886578	0.0000102
all	659	7	886578	0.0000079
all	660	7	886578	0.0000079
all	661	9	886578	0.0000102
all	662	7	886578	0.0000079
all	663	7	886578	0.0000079
all	664	10	886578	0.0000113
all	665	7	886578	0.0000079
all	666	8	886578	0.0000090
all	667	9	886578	0.0000102
all	668	10	886578	0.0000113
all	669	7	886578	0.0000079
all	670	6	886578	0.0000068
all	671	9	886578	0.0000102
all	672	6	886578	0.0000068
all	673	10	886578	0.0000113
all	674	12	886578	0.0000135
all	675	3	886578	0.0000034
all	676	15	886578	0.0000169
all	677	10	886578	0.0000113
all	678	6	886578	0.0000068
all	679	6	886578	0.0000068
all	680	7	886578	0.0000079
all	681	7	886578	0.0000079
all	682	2	886578	0.0000023
all	683	14	886578	0.0000158
all	684	12	886578	0.0000135
all	685	10	886578	0.0000113
all	686	9	886578	0.0000102
all	687	7	886578	0.0000079
all	688	11	886578	0.0000124
all	689	4	886578	0.0000045
all	690	4	886578	0.0000045
all	691	5	886578	0.0000056
all	692	9	886578	0.0000102
all	693	10	886578	0.0000113
all	694	12	886578	0.0000135
all	695	2	886578	0.0000023
all	696	5	886578	0.0000056
all	697	1	886578	0.0000011
all	698	8	886578	0.0000090
all	699	5	886578	0.0000056
all	700	4	886578	0.0000045
all	701	6	886578	0.0000068
all	702	6	886578	0.0000068
all	703	6	886578	0.0000068
all	704	2	886578	0.0000023
all	705	4	886578	0.0000045
all	706	3	886578	0.0000034
all	707	6	886578	0.0000068
all	708	4	886578	0.0000045
all	709	1	886578	0.0000011
all	710	1	886578	0.0000011
all	711	1	886578	0.0000011
all	712	6	886578	0.0000068
all	713	7	886578	0.0000079
all	714	7	886578	0.0000079
all	715	4	886578	0.0000045
all	716	6	886578	0.0000068
all	717	8	886578	0.0000090
all	718	3	886578	0.0000034
all	719	7	886578	0.0000079
all	720	4	886578	0.0000045
all	721	4	886578	0.0000045
all	722	5	886578	0.0000056
all	723	3	886578	0.0000034
all	724	6	886578	0.0000068
all	725	5	886578	0.0000056
all	726	5	886578	0.0000056
all	727	2	886578	0.0000023
all	728	4	886578	0.0000045
all	729	6	886578	0.0000068
all	730	9	886578	0.0000102
all	731	6	886578	0.0000068
all	732	5	886578	0.0000056
all	733	7	886578	0.0000079
all	734	5	886578	0.0000056
all	735	2	886578	0.0000023
all	736	8	886578	0.0000090
all	737	10	886578	0.0000113
all	738	4	886578	0.0000045
all	739	1	886578	0.0000011
all	740	3	886578	0.0000034
all	741	5	886578	0.0000056
all	742	7	886578	0.0000079
all	743	4	886578	0.0000045
all	744	2	886578	0.0000023
all	745	15	886578	0.0000169
all	746	4	886578	0.0000045
all	747	7	886578	0.0000079
all	748	5	886578	0.0000056
all	749	4	886578	0.0000045
all	750	4	886578	0.0000045
all	751	2	886578	0.0000023
all	752	4	886578	0.0000045
all	753	2	886578	0.0000023
all	755	4	886578	0.0000045
all	756	2	886578	0.0000023
all	757	5	886578	0.0000056
all	758	5	886578	0.0000056
all	759	5	886578	0.0000056
all	760	3	886578	0.0000034
all	761	1	886578	0.0000011
all	762	4	886578	0.0000045
all	763	8	886578	0.0000090
all	764	2	886578	0.0000023
all	765	1	886578	0.0000011
all	766	2	886578	0.0000023
all	767	2	886578	0.0000023
all	768	3	886578	0.0000034
all	769	5	886578	0.0000056
all	770	4	886578	0.0000045
all	771	3	886578	0.0000034
all	772	5	886578	0.0000056
all	773	2	886578	0.0000023
all	774	6	886578	0.0000068
all	775	1	886578	0.0000011
all	776	3	886578	0.0000034
all	777	2	886578	0.0000023
all	778	2	886578	0.0000023
all	779	3	886578	0.0000034
all	780	2	886578	0.0000023
all	781	3	886578	0.0000034
all	782	5	886578	0.0000056
all	783	1	886578	0.0000011
all	784	5	886578	0.0000056
all	785	2	886578	0.0000023
all	786	8	886578	0.0000090
all	787	1	886578	0.0000011
all	788	3	886578	0.0000034
all	789	6	886578	0.0000068
all	790	6	886578	0.0000068
all	791	2	886578	0.0000023
all	792	3	886578	0.0000034
all	793	5	886578	0.0000056
all	794	5	886578	0.0000056
all	795	3	886578	0.0000034
all	796	6	886578	0.0000068
all	797	3	886578	0.0000034
all	798	3	886578	0.0000034
all	799	9	886578	0.0000102
all	800	5	886578	0.0000056
all	801	5	886578	0.0000056
all	802	4	886578	0.0000045
all	803	4	886578	0.0000045
all	804	8	886578	0.0000090
all	805	4	886578	0.0000045
all	806	3	886578	0.0000034
all	807	3	886578	0.0000034
all	808	9	886578	0.0000102
all	809	10	886578	0.0000113
all	810	2	886578	0.0000023
all	811	9	886578	0.0000102
all	812	15	886578	0.0000169
all	813	8	886578	0.0000090
all	814	7	886578	0.0000079
all	815	3	886578	0.0000034
all	816	5	886578	0.0000056
all	817	9	886578	0.0000102
all	819	3	886578	0.0000034
all	820	6	886578	0.0000068
all	821	6	886578	0.0000068
all	822	6	886578	0.0000068
all	823	5	886578	0.0000056
all	824	7	886578	0.0000079
all	825	2	886578	0.0000023
all	826	1	886578	0.0000011
all	827	1	886578	0.0000011
all	828	4	886578	0.0000045
all	829	6	886578	0.0000068
all	831	1	886578	0.0000011
all	832	2	886578	0.0000023
all	833	3	886578	0.0000034
all	834	4	886578	0.0000045
all	835	2	886578	0.0000023
all	836	3	886578	0.0000034
all	837	6	886578	0.0000068
all	838	8	886578	0.0000090
all	839	6	886578	0.0000068
all	840	3	886578	0.0000034
all	841	2	886578	0.0000023
all	842	7	886578	0.0000079
all	843	7	886578	0.0000079
all	844	2	886578	0.0000023
all	845	3	886578	0.0000034
all	846	2	886578	0.0000023
all	847	6	886578	0.0000068
all	848	3	886578	0.0000034
all	849	6	886578	0.0000068
all	850	2	886578	0.0000023
all	851	1	886578	0.0000011
all	852	2	886578	0.0000023
all	853	2	886578	0.0000023
all	854	6	886578	0.0000068
all	855	3	886578	0.0000034
all	856	5	886578	0.0000056
all	857	6	886578	0.0000068
all	858	1	886578	0.0000011
all	859	7	886578	0.0000079
all	860	5	886578	0.0000056
all	861	11	886578	0.0000124
all	862	5	886578	0.0000056
all	863	6	886578	0.0000068
all	864	1	886578	0.0000011
all	865	6	886578	0.0000068
all	866	1	886578	0.0000011
all	867	5	886578	0.0000056
all	868	2	886578	0.0000023
all	869	1	886578	0.0000011
all	870	4	886578	0.0000045
all	871	3	886578	0.0000034
all	872	5	886578	0.0000056
all	873	4	886578	0.0000045
all	874	5	886578	0.0000056
all	876	5	886578	0.0000056
all	877	6	886578	0.0000068
all	878	7	886578	0.0000079
all	879	5	886578	0.0000056
all	880	3	886578	0.0000034
all	882	2	886578	0.0000023
all	883	7	886578	0.0000079
all	884	3	886578	0.0000034
all	885	3	886578	0.0000034
all	886	5	886578	0.0000056
all	887	7	886578	0.0000079
all	888	5	886578	0.0000056
all	889	1	886578	0.0000011
all	890	7	886578	0.0000079
all	891	1	886578	0.0000011
all	892	7	886578	0.0000079
all	893	5	886578	0.0000056
all	894	3	886578	0.0000034
all	895	9	886578	0.0000102
all	896	3	886578	0.0000034
all	897	3	886578	0.0000034
all	898	5	886578	0.0000056
all	899	1	886578	0.0000011
all	900	2	886578	0.0000023
all	901	4	886578	0.0000045
all	902	5	886578	0.0000056
all	903	2	886578	0.0000023
all	904	5	886578	0.0000056
all	905	3	886578	0.0000034
all	906	1	886578	0.0000011
all	907	3	886578	0.0000034
all	908	2	886578	0.0000023
all	909	10	886578	0.0000113
all	910	3	886578	0.0000034
all	911	8	886578	0.0000090
all	912	1	886578	0.0000011
all	913	2	886578	0.0000023
all	915	2	886578	0.0000023
all	916	3	886578	0.0000034
all	917	6	886578	0.0000068
all	918	5	886578	0.0000056
all	919	3	886578	0.0000034
all	920	5	886578	0.0000056
all	921	1	886578	0.0000011
all	922	9	886578	0.0000102
all	923	6	886578	0.0000068
all	924	4	886578	0.0000045
all	925	4	886578	0.0000045
all	926	4	886578	0.0000045
all	927	4	886578	0.0000045
all	928	4	886578	0.0000045
all	929	5	886578	0.0000056
all	930	10	886578	0.0000113
all	931	10	886578	0.0000113
all	932	5	886578	0.0000056
all	933	3	886578	0.0000034
all	934	2	886578	0.0000023
all	935	4	886578	0.0000045
all	936	5	886578	0.0000056
all	937	3	886578	0.0000034
all	938	3	886578	0.0000034
all	939	5	886578	0.0000056
all	940	4	886578	0.0000045
all	941	3	886578	0.0000034
all	942	7	886578	0.0000079
all	944	3	886578	0.0000034
all	945	3	886578	0.0000034
all	946	3	886578	0.0000034
all	947	7	886578	0.0000079
all	948	1	886578	0.0000011
all	949	5	886578	0.0000056
all	950	4	886578	0.0000045
all	951	4	886578	0.0000045
all	952	5	886578	0.0000056
all	953	3	886578	0.0000034
all	954	1	886578	0.0000011
all	955	7	886578	0.0000079
all	956	5	886578	0.0000056
all	957	5	886578	0.0000056
all	958	2	886578	0.0000023
all	960	3	886578	0.0000034
all	961	3	886578	0.0000034
all	962	4	886578	0.0000045
all	963	4	886578	0.0000045
all	964	3	886578	0.0000034
all	965	7	886578	0.0000079
all	966	5	886578	0.0000056
all	967	6	886578	0.0000068
all	968	6	886578	0.0000068
all	969	1	886578	0.0000011
all	970	7	886578	0.0000079
all	971	7	886578	0.0000079
all	972	2	886578	0.0000023
all	973	3	886578	0.0000034
all	974	6	886578	0.0000068
all	975	5	886578	0.0000056
all	976	6	886578	0.0000068
all	977	8	886578	0.0000090
all	978	6	886578	0.0000068
all	979	10	886578	0.0000113
all	980	10	886578	0.0000113
all	981	5	886578	0.0000056
all	982	4	886578	0.0000045
all	983	6	886578	0.0000068
all	984	7	886578	0.0000079
all	985	2	886578	0.0000023
all	986	3	886578	0.0000034
all	987	2	886578	0.0000023
all	988	7	886578	0.0000079
all	989	6	886578	0.0000068
all	990	6	886578	0.0000068
all	991	3	886578	0.0000034
all	992	5	886578	0.0000056
all	993	1	886578	0.0000011
all	994	8	886578	0.0000090
all	995	3	886578	0.0000034
all	996	2	886578	0.0000023
all	997	5	886578	0.0000056
all	998	3	886578	0.0000034
all	999	2	886578	0.0000023
all	1000	2	886578	0.0000023
all	1001	1	886578	0.0000011
all	1002	2	886578	0.0000023
all	1003	4	886578	0.0000045
all	1004	2	886578	0.0000023
all	1005	4	886578	0.0000045
all	1006	2	886578	0.0000023
all	1007	4	886578	0.0000045
all	1008	3	886578	0.0000034
all	1009	5	886578	0.0000056
all	1010	3	886578	0.0000034
all	1011	3	886578	0.0000034
all	1012	3	886578	0.0000034
all	1014	4	886578	0.0000045
all	1015	2	886578	0.0000023
all	1016	1	886578	0.0000011
all	1017	3	886578	0.0000034
all	1018	2	886578	0.0000023
all	1019	7	886578	0.0000079
all	1020	8	886578	0.0000090
all	1021	4	886578	0.0000045
all	1022	9	886578	0.0000102
all	1023	2	886578	0.0000023
all	1024	8	886578	0.0000090
all	1025	4	886578	0.0000045
all	1026	5	886578	0.0000056
all	1028	4	886578	0.0000045
all	1029	4	886578	0.0000045
all	1030	5	886578	0.0000056
all	1031	6	886578	0.0000068
all	1032	3	886578	0.0000034
all	1033	5	886578	0.0000056
all	1034	8	886578	0.0000090
all	1035	3	886578	0.0000034
all	1036	3	886578	0.0000034
all	1037	8	886578	0.0000090
all	1038	5	886578	0.0000056
all	1039	6	886578	0.0000068
all	1040	8	886578	0.0000090
all	1041	8	886578	0.0000090
all	1042	5	886578	0.0000056
all	1043	8	886578	0.0000090
all	1044	3	886578	0.0000034
all	1045	1	886578	0.0000011
all	1046	3	886578	0.0000034
all	1047	4	886578	0.0000045
all	1048	10	886578	0.0000113
all	1049	5	886578	0.0000056
all	1050	6	886578	0.0000068
all	1051	11	886578	0.0000124
all	1052	9	886578	0.0000102
all	1053	4	886578	0.0000045
all	1054	7	886578	0.0000079
all	1055	8	886578	0.0000090
all	1056	5	886578	0.0000056
all	1057	5	886578	0.0000056
all	1058	5	886578	0.0000056
all	1059	6	886578	0.0000068
all	1060	5	886578	0.0000056
all	1061	6	886578	0.0000068
all	1062	2	886578	0.0000023
all	1063	3	886578	0.0000034
all	1064	3	886578	0.0000034
all	1065	4	886578	0.0000045
all	1066	1	886578	0.0000011
all	1067	4	886578	0.0000045
all	1068	3	886578	0.0000034
all	1069	4	886578	0.0000045
all	1070	6	886578	0.0000068
all	1071	4	886578	0.0000045
all	1072	2	886578	0.0000023
all	1073	9	886578	0.0000102
all	1074	5	886578	0.0000056
all	1075	8	886578	0.0000090
all	1076	1	886578	0.0000011
all	1077	2	886578	0.0000023
all	1078	2	886578	0.0000023
all	1079	14	886578	0.0000158
all	1080	5	886578	0.0000056
all	1081	13	886578	0.0000147
all	1082	7	886578	0.0000079
all	1083	2	886578	0.0000023
all	1084	3	886578	0.0000034
all	1085	7	886578	0.0000079
all	1086	3	886578	0.0000034
all	1087	3	886578	0.0000034
all	1088	3	886578	0.0000034
all	1089	1	886578	0.0000011
all	1090	1	886578	0.0000011
all	1091	5	886578	0.0000056
all	1092	2	886578	0.0000023
all	1093	5	886578	0.0000056
all	1094	3	886578	0.0000034
all	1095	6	886578	0.0000068
all	1096	2	886578	0.0000023
all	1097	5	886578	0.0000056
all	1098	3	886578	0.0000034
all	1099	5	886578	0.0000056
all	1100	4	886578	0.0000045
all	1101	4	886578	0.0000045
all	1102	1	886578	0.0000011
all	1103	5	886578	0.0000056
all	1104	4	886578	0.0000045
all	1105	1	886578	0.0000011
all	1106	1	886578	0.0000011
all	1107	3	886578	0.0000034
all	1110	2	886578	0.0000023
all	1112	3	886578	0.0000034
all	1113	1	886578	0.0000011
all	1114	3	886578	0.0000034
all	1115	3	886578	0.0000034
all	1116	1	886578	0.0000011
all	1117	3	886578	0.0000034
all	1118	2	886578	0.0000023
all	1119	5	886578	0.0000056
all	1120	2	886578	0.0000023
all	1121	3	886578	0.0000034
all	1122	2	886578	0.0000023
all	1123	3	886578	0.0000034
all	1124	2	886578	0.0000023
all	1125	2	886578	0.0000023
all	1126	3	886578	0.0000034
all	1127	1	886578	0.0000011
all	1129	3	886578	0.0000034
all	1130	1	886578	0.0000011
all	1131	5	886578	0.0000056
all	1132	2	886578	0.0000023
all	1133	6	886578	0.0000068
all	1134	4	886578	0.0000045
all	1135	2	886578	0.0000023
all	1136	4	886578	0.0000045
all	1137	6	886578	0.0000068
all	1138	3	886578	0.0000034
all	1139	3	886578	0.0000034
all	1140	8	886578	0.0000090
all	1141	7	886578	0.0000079
all	1142	1	886578	0.0000011
all	1143	1	886578	0.0000011
all	1144	4	886578	0.0000045
all	1145	6	886578	0.0000068
all	1146	1	886578	0.0000011
all	1147	5	886578	0.0000056
all	1148	4	886578	0.0000045
all	1149	6	886578	0.0000068
all	1150	5	886578	0.0000056
all	1151	2	886578	0.0000023
all	1152	2	886578	0.0000023
all	1153	3	886578	0.0000034
all	1154	2	886578	0.0000023
all	1155	3	886578	0.0000034
all	1156	2	886578	0.0000023
all	1157	2	886578	0.0000023
all	1158	2	886578	0.0000023
all	1159	3	886578	0.0000034
all	1160	2	886578	0.0000023
all	1161	1	886578	0.0000011
all	1162	3	886578	0.0000034
all	1163	1	886578	0.0000011
all	1164	4	886578	0.0000045
all	1165	3	886578	0.0000034
all	1166	2	886578	0.0000023
all	1167	1	886578	0.0000011
all	1168	4	886578	0.0000045
all	1169	1	886578	0.0000011
all	1170	3	886578	0.0000034
all	1171	1	886578	0.0000011
all	1172	4	886578	0.0000045
all	1173	2	886578	0.0000023
all	1175	1	886578	0.0000011
all	1176	1	886578	0.0000011
all	1177	4	886578	0.0000045
all	1178	3	886578	0.0000034
all	1179	3	886578	0.0000034
all	1180	1	886578	0.0000011
all	1181	4	886578	0.0000045
all	1182	2	886578	0.0000023
all	1183	6	886578	0.0000068
all	1184	1	886578	0.0000011
all	1185	6	886578	0.0000068
all	1187	3	886578	0.0000034
all	1188	1	886578	0.0000011
all	1189	3	886578	0.0000034
all	1191	1	886578	0.0000011
all	1192	1	886578	0.0000011
all	1193	1	886578	0.0000011
all	1195	2	886578	0.0000023
all	1196	2	886578	0.0000023
all	1197	2	886578	0.0000023
all	1198	3	886578	0.0000034
all	1199	7	886578	0.0000079
all	1200	3	886578	0.0000034
all	1201	4	886578	0.0000045
all	1202	2	886578	0.0000023
all	1203	2	886578	0.0000023
all	1204	2	886578	0.0000023
all	1205	4	886578	0.0000045
all	1206	5	886578	0.0000056
all	1207	3	886578	0.0000034
all	1208	1	886578	0.0000011
all	1209	1	886578	0.0000011
all	1210	4	886578	0.0000045
all	1211	1	886578	0.0000011
all	1212	4	886578	0.0000045
all	1213	5	886578	0.0000056
all	1214	2	886578	0.0000023
all	1216	1	886578	0.0000011
all	1217	1	886578	0.0000011
all	1219	3	886578	0.0000034
all	1220	2	886578	0.0000023
all	1226	1	886578	0.0000011
all	1227	1	886578	0.0000011
all	1229	1	886578	0.0000011
all	1230	1	886578	0.0000011
all	1235	1	886578	0.0000011
all	1237	1	886578	0.0000011
all	1242	2	886578	0.0000023
all	1243	1	886578	0.0000011
all	1244	1	886578	0.0000011
all	1247	2	886578	0.0000023
all	1249	1	886578	0.0000011
all	1250	1	886578	0.0000011
all	1251	3	886578	0.0000034
all	1252	2	886578	0.0000023
all	1254	1	886578	0.0000011
all	1255	1	886578	0.0000011
all	1256	1	886578	0.0000011
all	1257	1	886578	0.0000011
all	1259	1	886578	0.0000011
all	1261	2	886578	0.0000023
all	1262	3	886578	0.0000034
all	1264	1	886578	0.0000011
all	1265	1	886578	0.0000011
all	1266	1	886578	0.0000011
all	1267	3	886578	0.0000034
all	1268	1	886578	0.0000011
all	1269	2	886578	0.0000023
all	1270	1	886578	0.0000011
all	1272	1	886578	0.0000011
all	1274	2	886578	0.0000023
all	1275	1	886578	0.0000011
all	1276	2	886578	0.0000023
all	1277	2	886578	0.0000023
all	1278	1	886578	0.0000011
all	1279	1	886578	0.0000011
all	1280	2	886578	0.0000023
all	1281	1	886578	0.0000011
all	1284	1	886578	0.0000011
all	1285	1	886578	0.0000011
all	1286	1	886578	0.0000011
all	1287	1	886578	0.0000011
all	1288	2	886578	0.0000023
all	1289	1	886578	0.0000011
all	1290	1	886578	0.0000011
all	1291	1	886578	0.0000011
all	1292	1	886578	0.0000011
all	1293	1	886578	0.0000011
all	1294	1	886578	0.0000011
all	1295	1	886578	0.0000011
all	1297	1	886578	0.0000011
all	1298	1	886578	0.0000011
all	1301	2	886578	0.0000023
all	1302	1	886578	0.0000011
all	1303	2	886578	0.0000023
all	1305	1	886578	0.0000011
all	1307	1	886578	0.0000011
all	1308	1	886578	0.0000011
all	1309	1	886578	0.0000011
all	1311	2	886578	0.0000023
all	1313	3	886578	0.0000034
all	1314	2	886578	0.0000023
all	1315	2	886578	0.0000023
all	1316	1	886578	0.0000011
all	1319	1	886578	0.0000011
all	1320	3	886578	0.0000034
all	1321	1	886578	0.0000011
all	1322	2	886578	0.0000023
all	1323	1	886578	0.0000011
all	1325	1	886578	0.0000011
all	1327	2	886578	0.0000023
all	1328	2	886578	0.0000023
all	1329	2	886578	0.0000023
all	1330	2	886578	0.0000023
all	1331	2	886578	0.0000023
all	1332	4	886578	0.0000045
all	1333	2	886578	0.0000023
all	1334	1	886578	0.0000011
all	1335	4	886578	0.0000045
all	1336	1	886578	0.0000011
all	1337	3	886578	0.0000034
all	1339	4	886578	0.0000045
all	1340	4	886578	0.0000045
all	1341	2	886578	0.0000023
all	1342	1	886578	0.0000011
all	1343	6	886578	0.0000068
all	1344	1	886578	0.0000011
all	1345	3	886578	0.0000034
all	1346	3	886578	0.0000034
all	1347	3	886578	0.0000034
all	1348	2	886578	0.0000023
all	1349	2	886578	0.0000023
all	1350	1	886578	0.0000011
all	1352	3	886578	0.0000034
all	1354	1	886578	0.0000011
all	1355	1	886578	0.0000011
all	1356	1	886578	0.0000011
all	1357	3	886578	0.0000034
all	1358	2	886578	0.0000023
all	1360	2	886578	0.0000023
all	1361	6	886578	0.0000068
all	1362	1	886578	0.0000011
all	1363	1	886578	0.0000011
all	1366	1	886578	0.0000011
all	1367	1	886578	0.0000011
all	1368	1	886578	0.0000011
all	1369	1	886578	0.0000011
all	1370	2	886578	0.0000023
all	1371	3	886578	0.0000034
all	1372	3	886578	0.0000034
all	1373	4	886578	0.0000045
all	1374	2	886578	0.0000023
all	1375	3	886578	0.0000034
all	1376	1	886578	0.0000011
all	1378	5	886578	0.0000056
all	1380	2	886578	0.0000023
all	1383	1	886578	0.0000011
all	1384	3	886578	0.0000034
all	1385	1	886578	0.0000011
all	1386	1	886578	0.0000011
all	1387	1	886578	0.0000011
all	1389	1	886578	0.0000011
all	1391	1	886578	0.0000011
all	1392	1	886578	0.0000011
all	1393	1	886578	0.0000011
all	1395	1	886578	0.0000011
all	1397	3	886578	0.0000034
all	1398	3	886578	0.0000034
all	1399	2	886578	0.0000023
all	1401	1	886578	0.0000011
all	1402	1	886578	0.0000011
all	1404	2	886578	0.0000023
all	1405	2	886578	0.0000023
all	1407	1	886578	0.0000011
all	1411	1	886578	0.0000011
all	1412	1	886578	0.0000011
all	1413	1	886578	0.0000011
all	1414	3	886578	0.0000034
all	1416	2	886578	0.0000023
all	1418	1	886578	0.0000011
all	1419	1	886578	0.0000011
all	1420	3	886578	0.0000034
all	1422	1	886578	0.0000011
all	1426	1	886578	0.0000011
all	1427	1	886578	0.0000011
all	1429	1	886578	0.0000011
all	1431	2	886578	0.0000023
all	1433	1	886578	0.0000011
all	1434	2	886578	0.0000023
all	1435	3	886578	0.0000034
all	1438	1	886578	0.0000011
all	1439	1	886578	0.0000011
all	1441	4	886578	0.0000045
all	1442	1	886578	0.0000011
all	1446	1	886578	0.0000011
all	1447	1	886578	0.0000011
all	1450	3	886578	0.0000034
all	1451	2	886578	0.0000023
all	1454	2	886578	0.0000023
all	1457	2	886578	0.0000023
all	1458	1	886578	0.0000011
all	1459	3	886578	0.0000034
all	1460	1	886578	0.0000011
all	1463	1	886578	0.0000011
all	1464	1	886578	0.0000011
all	1465	2	886578	0.0000023
all	1466	1	886578	0.0000011
all	1468	2	886578	0.0000023
all	1469	2	886578	0.0000023
all	1470	2	886578	0.0000023
all	1471	2	886578	0.0000023
all	1472	3	886578	0.0000034
all	1473	2	886578	0.0000023
all	1476	1	886578	0.0000011
all	1478	1	886578	0.0000011
all	1480	1	886578	0.0000011
all	1481	2	886578	0.0000023
all	1482	1	886578	0.0000011
all	1483	1	886578	0.0000011
all	1486	2	886578	0.0000023
all	1489	5	886578	0.0000056
all	1490	1	886578	0.0000011
all	1491	1	886578	0.0000011
all	1492	2	886578	0.0000023
all	1496	1	886578	0.0000011
all	1497	2	886578	0.0000023
all	1500	1	886578	0.0000011
all	1501	1	886578	0.0000011
all	1502	1	886578	0.0000011
all	1503	2	886578	0.0000023
all	1504	1	886578	0.0000011
all	1505	2	886578	0.0000023
all	1506	3	886578	0.0000034
all	1509	1	886578	0.0000011
all	1510	1	886578	0.0000011
all	1511	1	886578	0.0000011
all	1512	3	886578	0.0000034
all	1513	1	886578	0.0000011
all	1514	1	886578	0.0000011
all	1515	4	886578	0.0000045
all	1517	3	886578	0.0000034
all	1519	1	886578	0.0000011
all	1520	1	886578	0.0000011
all	1521	2	886578	0.0000023
all	1523	1	886578	0.0000011
all	1524	2	886578	0.0000023
all	1525	1	886578	0.0000011
all	1527	4	886578	0.0000045
all	1528	3	886578	0.0000034
all	1529	1	886578	0.0000011
all	1530	3	886578	0.0000034
all	1531	1	886578	0.0000011
all	1533	1	886578	0.0000011
all	1534	2	886578	0.0000023
all	1535	2	886578	0.0000023
all	1536	2	886578	0.0000023
all	1537	2	886578	0.0000023
all	1538	2	886578	0.0000023
all	1539	1	886578	0.0000011
all	1540	4	886578	0.0000045
all	1541	9	886578	0.0000102
all	1542	3	886578	0.0000034
all	1543	1	886578	0.0000011
all	1544	4	886578	0.0000045
all	1546	1	886578	0.0000011
all	1548	1	886578	0.0000011
all	1549	2	886578	0.0000023
all	1550	1	886578	0.0000011
all	1551	1	886578	0.0000011
all	1553	3	886578	0.0000034
all	1554	1	886578	0.0000011
all	1555	2	886578	0.0000023
all	1556	3	886578	0.0000034
all	1558	1	886578	0.0000011
all	1560	5	886578	0.0000056
all	1561	4	886578	0.0000045
all	1562	1	886578	0.0000011
all	1563	2	886578	0.0000023
all	1565	3	886578	0.0000034
all	1566	2	886578	0.0000023
all	1567	1	886578	0.0000011
all	1568	2	886578	0.0000023
all	1569	2	886578	0.0000023
all	1570	4	886578	0.0000045
all	1571	1	886578	0.0000011
all	1572	3	886578	0.0000034
all	1574	6	886578	0.0000068
all	1575	4	886578	0.0000045
all	1576	2	886578	0.0000023
all	1577	3	886578	0.0000034
all	1578	3	886578	0.0000034
all	1579	3	886578	0.0000034
all	1580	2	886578	0.0000023
all	1581	4	886578	0.0000045
all	1582	4	886578	0.0000045
all	1583	5	886578	0.0000056
all	1584	9	886578	0.0000102
all	1585	8	886578	0.0000090
all	1586	6	886578	0.0000068
all	1587	5	886578	0.0000056
all	1588	3	886578	0.0000034
all	1589	3	886578	0.0000034
all	1590	2	886578	0.0000023
all	1591	3	886578	0.0000034
all	1592	1	886578	0.0000011
all	1593	3	886578	0.0000034
all	1594	2	886578	0.0000023
all	1595	3	886578	0.0000034
all	1596	1	886578	0.0000011
all	1597	1	886578	0.0000011
all	1598	4	886578	0.0000045
all	1599	1	886578	0.0000011
all	1600	2	886578	0.0000023
all	1601	3	886578	0.0000034
all	1602	2	886578	0.0000023
all	1603	1	886578	0.0000011
all	1604	2	886578	0.0000023
all	1608	1	886578	0.0000011
all	1609	2	886578	0.0000023
all	1610	2	886578	0.0000023
all	1611	3	886578	0.0000034
all	1613	2	886578	0.0000023
all	1614	1	886578	0.0000011
all	1615	2	886578	0.0000023
all	1617	1	886578	0.0000011
all	1621	1	886578	0.0000011
all	1630	2	886578	0.0000023
all	1634	1	886578	0.0000011
all	1635	2	886578	0.0000023
all	1639	2	886578	0.0000023
all	1640	1	886578	0.0000011
all	1641	1	886578	0.0000011
all	1644	1	886578	0.0000011
all	1645	2	886578	0.0000023
all	1647	1	886578	0.0000011
all	1650	1	886578	0.0000011
all	1658	1	886578	0.0000011
all	1659	1	886578	0.0000011
all	1662	2	886578	0.0000023
all	1665	1	886578	0.0000011
all	1667	1	886578	0.0000011
all	1668	1	886578	0.0000011
all	1669	2	886578	0.0000023
all	1672	1	886578	0.0000011
all	1674	1	886578	0.0000011
all	1677	1	886578	0.0000011
all	1678	1	886578	0.0000011
all	1680	1	886578	0.0000011
all	1682	1	886578	0.0000011
all	1686	1	886578	0.0000011
all	1688	1	886578	0.0000011
all	1690	1	886578	0.0000011
all	1691	1	886578	0.0000011
all	1692	1	886578	0.0000011
all	1693	3	886578	0.0000034
all	1694	2	886578	0.0000023
all	1695	1	886578	0.0000011
all	1696	1	886578	0.0000011
all	1697	3	886578	0.0000034
all	1698	1	886578	0.0000011
all	1699	2	886578	0.0000023
all	1700	5	886578	0.0000056
all	1701	3	886578	0.0000034
all	1703	3	886578	0.0000034
all	1706	1	886578	0.0000011
all	1714	1	886578	0.0000011
all	1715	3	886578	0.0000034
all	1716	2	886578	0.0000023
all	1717	1	886578	0.0000011
all	1718	1	886578	0.0000011
all	1720	1	886578	0.0000011
all	1722	1	886578	0.0000011
all	1723	1	886578	0.0000011
all	1727	2	886578	0.0000023
all	1731	1	886578	0.0000011
all	1736	1	886578	0.0000011
all	1737	1	886578	0.0000011
all	1739	1	886578	0.0000011
all	1740	1	886578	0.0000011
all	1741	1	886578	0.0000011
all	1742	1	886578	0.0000011
all	1747	3	886578	0.0000034
all	1749	1	886578	0.0000011
all	1750	1	886578	0.0000011
all	1751	3	886578	0.0000034
all	1752	3	886578	0.0000034
all	1753	4	886578	0.0000045
all	1754	3	886578	0.0000034
all	1755	3	886578	0.0000034
all	1756	3	886578	0.0000034
all	1757	2	886578	0.0000023
all	1758	1	886578	0.0000011
all	1762	1	886578	0.0000011
all	1763	2	886578	0.0000023
all	1765	1	886578	0.0000011
all	1766	3	886578	0.0000034
all	1767	2	886578	0.0000023
all	1768	2	886578	0.0000023
all	1769	3	886578	0.0000034
all	1770	3	886578	0.0000034
all	1771	2	886578	0.0000023
all	1772	3	886578	0.0000034
all	1773	1	886578	0.0000011
all	1775	3	886578	0.0000034
all	1776	1	886578	0.0000011
all	1777	1	886578	0.0000011
all	1780	1	886578	0.0000011
all	1782	1	886578	0.0000011
all	1783	1	886578	0.0000011
all	1787	1	886578	0.0000011
all	1789	1	886578	0.0000011
all	1790	2	886578	0.0000023
all	1792	2	886578	0.0000023
all	1799	1	886578	0.0000011
all	1810	2	886578	0.0000023
all	1817	1	886578	0.0000011
all	1818	2	886578	0.0000023
all	1823	1	886578	0.0000011
all	1825	1	886578	0.0000011
all	1826	2	886578	0.0000023
all	1827	2	886578	0.0000023
all	1829	2	886578	0.0000023
all	1838	1	886578	0.0000011
all	1839	1	886578	0.0000011
all	1841	2	886578	0.0000023
all	1845	1	886578	0.0000011
all	1849	1	886578	0.0000011
all	1852	2	886578	0.0000023
all	1854	1	886578	0.0000011
all	1857	1	886578	0.0000011
all	1859	1	886578	0.0000011
all	1861	1	886578	0.0000011
all	1865	1	886578	0.0000011
all	1869	1	886578	0.0000011
all	1875	1	886578	0.0000011
all	1879	1	886578	0.0000011
all	1881	2	886578	0.0000023
all	1883	1	886578	0.0000011
all	1894	2	886578	0.0000023
all	1895	1	886578	0.0000011
all	1899	1	886578	0.0000011
all	1902	1	886578	0.0000011
all	1904	2	886578	0.0000023
all	1909	1	886578	0.0000011
all	1910	1	886578	0.0000011
all	1912	1	886578	0.0000011
all	1913	1	886578	0.0000011
all	1914	1	886578	0.0000011
all	1915	1	886578	0.0000011
all	1916	1	886578	0.0000011
all	1919	5	886578	0.0000056
all	1922	2	886578	0.0000023
all	1924	1	886578	0.0000011
all	1931	1	886578	0.0000011
all	1934	2	886578	0.0000023
all	1938	1	886578	0.0000011
all	1940	1	886578	0.0000011
all	1941	2	886578	0.0000023
all	1943	1	886578	0.0000011
all	1944	1	886578	0.0000011
all	1953	1	886578	0.0000011
all	1958	1	886578	0.0000011
all	1959	2	886578	0.0000023
all	1962	1	886578	0.0000011
all	1965	1	886578	0.0000011
all	1971	2	886578	0.0000023
all	1972	1	886578	0.0000011
all	1974	1	886578	0.0000011
all	1978	1	886578	0.0000011
all	1980	1	886578	0.0000011
all	1982	2	886578	0.0000023
all	1985	1	886578	0.0000011
all	1989	1	886578	0.0000011
all	1993	5	886578	0.0000056
all	1994	2	886578	0.0000023
all	1996	1	886578	0.0000011
all	1997	2	886578	0.0000023
all	1998	1	886578	0.0000011
all	2000	1	886578	0.0000011
all	2004	2	886578	0.0000023
all	2009	1	886578	0.0000011
all	2013	1	886578	0.0000011
all	2030	1	886578	0.0000011
all	2033	1	886578	0.0000011
all	2055	1	886578	0.0000011
all	2056	1	886578	0.0000011
all	2063	1	886578	0.0000011
all	2064	1	886578	0.0000011
all	2074	1	886578	0.0000011
all	2088	1	886578	0.0000011
all	2089	1	886578	0.0000011
all	2093	1	886578	0.0000011
all	2105	1	886578	0.0000011
all	2111	1	886578	0.0000011
all	2115	1	886578	0.0000011
all	2131	1	886578	0.0000011
all	2143	1	886578	0.0000011
all	2147	1	886578	0.0000011
all	2149	1	886578	0.0000011
all	2152	1	886578	0.0000011
all	2164	1	886578	0.0000011
all	2169	1	886578	0.0000011
all	2174	2	886578	0.0000023
all	2179	1	886578	0.0000011
all	2196	1	886578	0.0000011
all	2200	1	886578	0.0000011
all	2201	1	886578	0.0000011
all	2208	1	886578	0.0000011
all	2222	1	886578	0.0000011
all	2223	1	886578	0.0000011
all	2238	1	886578	0.0000011
all	2240	1	886578	0.0000011
all	2245	1	886578	0.0000011
all	2252	1	886578	0.0000011
all	2258	1	886578	0.0000011
all	2259	1	886578	0.0000011
all	2262	1	886578	0.0000011
all	2278	1	886578	0.0000011
all	2281	1	886578	0.0000011
all	2282	1	886578	0.0000011
all	2287	1	886578	0.0000011
all	2288	1	886578	0.0000011
all	2291	1	886578	0.0000011
all	2294	1	886578	0.0000011
all	2297	1	886578	0.0000011
all	2299	1	886578	0.0000011
all	2301	1	886578	0.0000011
all	2307	1	886578	0.0000011
all	2309	1	886578	0.0000011
all	2310	1	886578	0.0000011
all	2319	1	886578	0.0000011
all	2326	1	886578	0.0000011
all	2328	1	886578	0.0000011
all	2330	1	886578	0.0000011
all	2333	1	886578	0.0000011
all	2337	1	886578	0.0000011
all	2338	1	886578	0.0000011
all	2339	1	886578	0.0000011
all	2342	1	886578	0.0000011
all	2344	1	886578	0.0000011
all	2345	1	886578	0.0000011
all	2346	1	886578	0.0000011
all	2350	1	886578	0.0000011
all	2354	1	886578	0.0000011
all	2356	1	886578	0.0000011
all	2365	1	886578	0.0000011
all	2369	1	886578	0.0000011
all	2370	1	886578	0.0000011
all	2376	1	886578	0.0000011
all	2377	1	886578	0.0000011
all	2378	1	886578	0.0000011
all	2379	1	886578	0.0000011
all	2384	1	886578	0.0000011
all	2390	1	886578	0.0000011
all	2395	1	886578	0.0000011
all	2402	1	886578	0.0000011
all	2403	2	886578	0.0000023
all	2408	1	886578	0.0000011
all	2410	4	886578	0.0000045
all	2411	1	886578	0.0000011
all	2417	1	886578	0.0000011
all	2419	1	886578	0.0000011
all	2421	1	886578	0.0000011
all	2423	1	886578	0.0000011
all	2426	1	886578	0.0000011
all	2434	1	886578	0.0000011
all	2437	1	886578	0.0000011
all	2442	2	886578	0.0000023
all	2443	1	886578	0.0000011
all	2448	1	886578	0.0000011
all	2449	1	886578	0.0000011
all	2455	1	886578	0.0000011
all	2457	1	886578	0.0000011
all	2462	1	886578	0.0000011
all	2468	1	886578	0.0000011
all	2475	1	886578	0.0000011
all	2476	1	886578	0.0000011
all	2479	1	886578	0.0000011
all	2482	1	886578	0.0000011
all	2485	2	886578	0.0000023
all	2486	2	886578	0.0000023
all	2487	1	886578	0.0000011
all	2489	2	886578	0.0000023
all	2490	1	886578	0.0000011
all	2492	1	886578	0.0000011
all	2493	1	886578	0.0000011
all	2494	1	886578	0.0000011
all	2495	1	886578	0.0000011
all	2497	2	886578	0.0000023
all	2498	4	886578	0.0000045
all	2499	2	886578	0.0000023
all	2500	2	886578	0.0000023
all	2501	3	886578	0.0000034
all	2502	1	886578	0.0000011
all	2503	1	886578	0.0000011
all	2504	1	886578	0.0000011
all	2508	1	886578	0.0000011
all	2509	1	886578	0.0000011
all	2511	3	886578	0.0000034
all	2512	3	886578	0.0000034
all	2513	1	886578	0.0000011
all	2514	1	886578	0.0000011
all	2517	1	886578	0.0000011
all	2519	1	886578	0.0000011
all	2524	1	886578	0.0000011
all	2532	1	886578	0.0000011
all	2533	1	886578	0.0000011
all	2536	1	886578	0.0000011
all	2537	1	886578	0.0000011
all	2547	1	886578	0.0000011
all	2549	1	886578	0.0000011
all	2556	1	886578	0.0000011
all	2558	2	886578	0.0000023
all	2561	1	886578	0.0000011
all	2562	1	886578	0.0000011
all	2563	1	886578	0.0000011
all	2569	1	886578	0.0000011
all	2577	1	886578	0.0000011
all	2578	1	886578	0.0000011
all	2581	1	886578	0.0000011
all	2585	1	886578	0.0000011
all	2591	1	886578	0.0000011
all	2594	1	886578	0.0000011
all	2598	1	886578	0.0000011
all	2599	1	886578	0.0000011
all	2601	1	886578	0.0000011
all	2607	1	886578	0.0000011
all	2611	1	886578	0.0000011
all	2612	1	886578	0.0000011
all	2613	1	886578	0.0000011
all	2614	1	886578	0.0000011
all	2618	1	886578	0.0000011
all	2621	1	886578	0.0000011
all	2625	1	886578	0.0000011
all	2627	1	886578	0.0000011
all	2632	1	886578	0.0000011
all	2634	1	886578	0.0000011
all	2636	1	886578	0.0000011
all	2638	1	886578	0.0000011
all	2641	1	886578	0.0000011
all	2643	1	886578	0.0000011
all	2647	1	886578	0.0000011
all	2648	3	886578	0.0000034
all	2649	3	886578	0.0000034
all	2651	1	886578	0.0000011
all	2652	1	886578	0.0000011
all	2653	4	886578	0.0000045
all	2654	3	886578	0.0000034
all	2655	2	886578	0.0000023
all	2659	1	886578	0.0000011
all	2661	1	886578	0.0000011
all	2663	1	886578	0.0000011
all	2669	1	886578	0.0000011
all	2676	1	886578	0.0000011
all	2688	1	886578	0.0000011
all	2690	1	886578	0.0000011
all	2696	1	886578	0.0000011
all	2699	1	886578	0.0000011
all	2708	1	886578	0.0000011
all	2720	1	886578	0.0000011
all	2726	1	886578	0.0000011
all	2766	1	886578	0.0000011
all	2767	1	886578	0.0000011
all	2791	1	886578	0.0000011
all	2809	1	886578	0.0000011
all	2820	1	886578	0.0000011
all	2838	1	886578	0.0000011
all	2867	1	886578	0.0000011
all	2871	1	886578	0.0000011
all	2884	1	886578	0.0000011
all	2925	1	886578	0.0000011
all	2939	1	886578	0.0000011
all	2961	1	886578	0.0000011
all	2991	1	886578	0.0000011
all	2996	1	886578	0.0000011
all	3025	1	886578	0.0000011
all	3067	1	886578	0.0000011
all	3075	1	886578	0.0000011
all	3084	1	886578	0.0000011
all	3102	1	886578	0.0000011
all	3108	1	886578	0.0000011
all	3123	1	886578	0.0000011
all	3141	1	886578	0.0000011
all	3144	1	886578	0.0000011
all	3158	2	886578	0.0000023
all	3171	1	886578	0.0000011
all	3191	1	886578	0.0000011
all	3201	1	886578	0.0000011
all	3209	1	886578	0.0000011
all	3215	1	886578	0.0000011
all	3223	1	886578	0.0000011
all	3231	1	886578	0.0000011
all	3239	1	886578	0.0000011
all	3259	1	886578	0.0000011
all	3263	1	886578	0.0000011
all	3268	1	886578	0.0000011
all	3273	1	886578	0.0000011
all	3283	1	886578	0.0000011
all	3301	2	886578	0.0000023
all	3312	1	886578	0.0000011
all	3318	1	886578	0.0000011
all	3325	1	886578	0.0000011
all	3327	1	886578	0.0000011
all	3330	1	886578	0.0000011
all	3349	1	886578	0.0000011
all	3361	1	886578	0.0000011
all	3365	1	886578	0.0000011
all	3367	1	886578	0.0000011
all	3380	1	886578	0.0000011
all	3387	1	886578	0.0000011
all	3401	1	886578	0.0000011
all	3416	1	886578	0.0000011
all	3424	1	886578	0.0000011
all	3429	1	886578	0.0000011
all	3431	1	886578	0.0000011
all	3434	1	886578	0.0000011
all	3436	1	886578	0.0000011
all	3446	1	886578	0.0000011
all	3450	1	886578	0.0000011
all	3464	1	886578	0.0000011
all	3474	1	886578	0.0000011
all	3485	1	886578	0.0000011
all	3489	1	886578	0.0000011
all	3495	1	886578	0.0000011
all	3496	1	886578	0.0000011
all	3499	1	886578	0.0000011
all	3500	1	886578	0.0000011
all	3507	1	886578	0.0000011
all	3512	1	886578	0.0000011
all	3518	1	886578	0.0000011
all	3520	2	886578	0.0000023
all	3521	1	886578	0.0000011
all	3523	1	886578	0.0000011
all	3526	1	886578	0.0000011
all	3531	3	886578	0.0000034
all	3532	1	886578	0.0000011
all	3533	1	886578	0.0000011
all	3538	1	886578	0.0000011
all	3541	1	886578	0.0000011
all	3542	1	886578	0.0000011
all	3548	1	886578	0.0000011
