Sample	1	2	3	4	5	6	7	8	9	10	11	12	13	14	15	16	17	18	19	20	21	22	23	24	25	26	27	28	29	30	31
AeA01001_CKDL210012719-1a-AK9141-7UDI214_HF5TCDSX2_L1_clmp_r1r2_fastp	88.64679142305707	8.999166320886518	1.5747725328563653	0.41395730018484506	0.1641798593350036	0.08222588516546056	0.04747565988720044	0.02757177498603737	0.01672252624892799	0.010822057637517627	0.006036424109369129	0.0039427094408041605	0.0023112434652989905	0.0014683193779546529	0.0007341596889773264	0.000652586390202068	0.0002447198963257755	0.0002447198963257755	0.0001903376971422698	8.15732987752585e-05	0.00010876439836701131	8.15732987752585e-05	8.15732987752585e-05	0.0	5.4382199183505656e-05	8.15732987752585e-05	0.0	0.0	0.0	0.0	0.0
AeA01002_CKDL210012719-1a-AK9141-AK4971_HF5TCDSX2_L1_clmp_r1r2_fastp	88.3915662517631	9.13902543648017	1.627093004176995	0.4369400291808395	0.18059599252746833	0.09222940583955247	0.05374836933848671	0.0313440182589943	0.01839437691255534	0.011257358670483868	0.007504905780322578	0.0036052978748608465	0.002538424013932637	0.0016554939221299805	0.0008829300918026564	0.0006254088150268815	0.0004414650459013282	0.0003678875382511068	7.357750765022136e-05	3.678875382511068e-05	3.678875382511068e-05	3.678875382511068e-05	0.0	0.0	0.0	0.0	0.0	0.0	0.0	0.0	0.0
AeA01003_CKDL210012719-1a-AK9141-AK1864_HF5TCDSX2_L1_clmp_r1r2_fastp	89.04654490064418	8.787430961258186	1.4604444942961476	0.3827008438938421	0.14778278479869422	0.07497178239828613	0.0413218826560502	0.02478827390824163	0.014469942457700304	0.007404920217447303	0.004952799096259835	0.002961968086978921	0.0018694388745686633	0.000971137077698007	0.000558403819676354	0.00024278426942450174	0.0002670626963669519	0.00014567056165470105	4.855685388490034e-05	9.711370776980068e-05	2.427842694245017e-05	0.0	0.0	0.0	0.0	0.0	0.0	0.0	0.0	0.0	0.0
AeA01004_CKDL210012719-1a-AK9141-AK7558_HF5TCDSX2_L1_clmp_r1r2_fastp	97.2844985713326	2.5031389346739896	0.17748544206017455	0.022734670889804017	0.006200364788128368	0.0036168794597415486	0.0012917426641934101	0.000516697065677364	0.000258348532838682	0.0	0.0	0.0	0.0	0.0	0.0	0.0	0.000258348532838682	0.0	0.0	0.0	0.0	0.0	0.0	0.0	0.0	0.0	0.0	0.0	0.0	0.0	0.0
AeA01005_CKDL210012719-1a-AK9141-7UDI308_HF5TCDSX2_L1_clmp_r1r2_fastp	97.36826073713067	2.3983399329881205	0.18504416692049955	0.03274444106000609	0.011803228754188242	0.0015229972586049345	0.0015229972586049345	0.0	0.0003807493146512336	0.0003807493146512336	0.0	0.0	0.0	0.0	0.0	0.0	0.0	0.0	0.0	0.0	0.0	0.0	0.0	0.0	0.0	0.0	0.0	0.0	0.0	0.0	0.0
AeA01006_CKDL210012719-1a-AK9141-AK2587_HF5TCDSX2_L1_clmp_r1r2_fastp	86.60116356123801	10.485255710610431	1.9469673345287284	0.5081566227488891	0.20552350510641615	0.09859573555780776	0.05968854759491697	0.03483862165744134	0.02273037343104389	0.012717315038590473	0.008770562095579637	0.005311062602323224	0.0036787635456459033	0.0024606299212598425	0.0014373976767755516	0.0006334294846807515	0.0005603414672175879	0.0005359787947298667	0.0002192640523894909	0.00024362672487721214	0.0002192640523894909	9.745068995088486e-05	2.4362672487721215e-05	0.0	0.0	0.0	2.4362672487721215e-05	0.0	4.872534497544243e-05	0.0	9.745068995088486e-05
AeA01007_CKDL210012719-1a-AK9141-GC12_HF5TCDSX2_L1_clmp_r1r2_fastp	89.12013139572372	8.749082527901441	1.446712020084922	0.3739556252186499	0.14540217861038132	0.07016089202296595	0.03828516747724326	0.02274387608810476	0.013483410046576716	0.00825296163423217	0.0046302330207640225	0.0022079351904569183	0.002272243982411974	0.0010718131992509313	0.0005573428636104842	0.0004715978076704097	0.0001929263758651676	6.430879195505588e-05	0.0001929263758651676	0.0	4.287252797003724e-05	4.287252797003724e-05	0.0	0.0	2.143626398501862e-05	0.0	0.0	0.0	2.143626398501862e-05	0.0	0.0
AeA01008_CKDL210012719-1a-AK9141-7UDI246_HF5TCDSX2_L1_clmp_r1r2_fastp	88.19056319862425	9.236653706680624	1.6476550525253282	0.47139612695801714	0.19477363639762232	0.10498056002093537	0.05822647575610303	0.03689390257579722	0.021402669258663874	0.013762196717634305	0.008411529402968335	0.005397398033571348	0.0036683614340723017	0.0021028823507420837	0.00128509476989794	0.0010981718942764216	0.0005841339863172455	0.00028038431343227786	0.0002336535945268982	0.0002336535945268982	0.00016355751616882873	4.6730718905379645e-05	0.0	9.346143781075929e-05	2.3365359452689823e-05	0.0	0.0	0.0	2.3365359452689823e-05	0.0	4.6730718905379645e-05
AeA01009_CKDL210012719-1a-AK3905-7UDI214_HF5TCDSX2_L1_clmp_r1r2_fastp	87.56201248110634	9.784328101480206	1.7432453678408373	0.47717115678280725	0.19411249184711968	0.09601329989679504	0.057035137941286805	0.03284501666378689	0.02001833717044073	0.01108324732920202	0.007534117566480026	0.005728419967902168	0.0030510062872522417	0.0023660865084813303	0.001214175971457525	0.0009028487992889288	0.0005292561926866134	0.00015566358608429807	0.00031132717216859613	9.339815165057883e-05	0.0	6.226543443371922e-05	3.113271721685961e-05	6.226543443371922e-05	6.226543443371922e-05	3.113271721685961e-05	0.0	0.0	0.0	0.0	0.0
AeA01010_CKDL210012719-1a-AK3905-AK4971_HF5TCDSX2_L1_clmp_r1r2_fastp	93.87041702459413	5.017180518158653	0.7350446476910971	0.19797298760548332	0.07976669145088754	0.046741115578687494	0.022738921092334455	0.012091331057034988	0.006316366970092905	0.003970287809772683	0.003970287809772683	0.0018046762771694012	0.0005414028831508203	0.0005414028831508203	0.00036093525543388026	0.00036093525543388026	0.0	0.00018046762771694013	0.0	0.0	0.0	0.0	0.0	0.0	0.0	0.0	0.0	0.0	0.0	0.0	0.0
AeA01011_CKDL210012719-1a-AK3905-AK1864_HF5TCDSX2_L1_clmp_r1r2_fastp	89.24410493882804	8.500889828653255	1.487082675512585	0.4034920087119935	0.16251284521102202	0.0837031294668497	0.04592940950232265	0.026184055884501702	0.018972709345819266	0.010301923626689195	0.005751907358234799	0.004378317541342908	0.0029188783608952718	0.0011160417262246626	0.000944342999113176	0.0007726442720016895	0.000600945544890203	0.0002575480906672298	8.584936355574329e-05	0.0	0.0	0.0	0.0	0.0	0.0	0.0	0.0	0.0	0.0	0.0	0.0
AeA01012_CKDL210012719-1a-AK3905-AK7558_HF5TCDSX2_L1_clmp_r1r2_fastp	84.547086610163	11.608401699353617	2.448189662124022	0.7067341767854035	0.29377936414295963	0.1492239590185851	0.09035773855249364	0.058908661865129726	0.03331649824504815	0.023767183461435623	0.014642282668205876	0.008997576596114915	0.006323768456703407	0.0043714641009426234	0.0021220699519138952	0.0011034763749952253	0.001145917774033503	0.00046685538942105683	0.0002970897932679453	0.00021220699519138947	0.0003395311923062232	8.48827980765558e-05	8.48827980765558e-05	0.0	0.0	0.0	4.24413990382779e-05	0.0	0.0	0.0	0.0
AeA01013_CKDL210012719-1a-AK3905-7UDI308_HF5TCDSX2_L1_clmp_r1r2_fastp	88.52439169604965	9.117333696340102	1.5384685339348332	0.4254340805948916	0.17429440322568268	0.09176530703012056	0.04876719320646853	0.03128944039645795	0.01815981145625489	0.010884519229648861	0.0064795571393209935	0.004745991413450026	0.002671396364456901	0.001648308395090428	0.0013356981822284504	0.0010515070796266524	0.0004831248744230565	0.000284191102601798	0.0001705146615610788	8.52573307805394e-05	0.00011367644104071919	2.8419110260179798e-05	2.8419110260179798e-05	5.6838220520359596e-05	0.0	0.0	0.0	0.0	0.0	2.8419110260179798e-05	0.0
AeA01014_CKDL210012719-1a-AK3905-AK2587_HF5TCDSX2_L1_clmp_r1r2_fastp	89.34178195183067	8.58814927249292	1.4004181760918155	0.3566081950859453	0.14131133029667747	0.07204311070844358	0.041900855915166034	0.022580676490706195	0.014915039771126981	0.00825530108262377	0.004439825792335473	0.0028442633982149125	0.002081168340157253	0.000867153475065522	0.000589664363044555	0.0004162336680314506	0.00038154752902882973	0.00017343069501310444	0.00010405841700786265	0.0	6.937227800524176e-05	0.0	3.468613900262088e-05	0.0	0.0	0.0	0.0	0.0	0.0	3.468613900262088e-05	0.0
AeA01015_CKDL210012719-1a-AK3905-GC12_HF5TCDSX2_L1_clmp_r1r2_fastp	89.70135987888862	8.358711388726555	1.3182330732853509	0.3353708380098496	0.13393840040706356	0.06618194471524576	0.03668610575412909	0.019943805703246144	0.012491120414138374	0.006691671650431272	0.004146212238306435	0.002571701261734371	0.001180883232429048	0.0008922228867241696	0.0006298043906288256	0.000262418496095344	0.000131209248047672	0.000262418496095344	7.87255488286032e-05	0.00010496739843813759	7.87255488286032e-05	2.6241849609534396e-05	0.0	0.0	2.6241849609534396e-05	0.0	0.0	0.0	0.0	0.0	0.0
AeA01016_CKDL210012719-1a-AK3905-7UDI246_HF5TCDSX2_L1_clmp_r1r2_fastp	93.90372094916961	5.061571659640304	0.7089901655605853	0.17507300877585844	0.06773437760249915	0.035717854855962655	0.021282659629200548	0.009993596695450692	0.007402664218852365	0.004071465320368801	0.0022207992656557095	0.0009253330273565456	0.0003701332109426182	0.0003701332109426182	0.0003701332109426182	0.0001850666054713091	0.0	0.0	0.0	0.0	0.0	0.0	0.0	0.0	0.0	0.0	0.0	0.0	0.0	0.0	0.0
AeA01017_CKDL210012719-1a-AK7761-7UDI214_HF5TCDSX2_L1_clmp_r1r2_fastp	88.16341853221662	9.31514788473507	1.658889094498121	0.44079002536541734	0.18426990304247018	0.0936209991264163	0.05279007206977065	0.03400218448997962	0.020450845614160478	0.01351595678998149	0.009623927347840225	0.004988874103108352	0.0033612981545765495	0.0019460147210706336	0.001202990918480028	0.0007784058884282535	0.0003184387725388309	0.00028305668670118307	0.00021229251502588733	0.00024767460086353517	0.0	3.5382085837647883e-05	0.0	7.076417167529577e-05	3.5382085837647883e-05	0.0	0.0	0.0	0.0	0.0	0.0
AeA01018_CKDL210012719-1a-AK7761-AK4971_HF5TCDSX2_L1_clmp_r1r2_fastp	86.7256824602548	10.512797160415868	1.9033939880622974	0.4720133882361556	0.17437263823108748	0.08178539669245695	0.04729211062904559	0.0286233759789361	0.01863847738163281	0.012526509149344129	0.007382773508309099	0.0049924492986516454	0.0037216440226312264	0.0022995524042274244	0.0014523488868804788	0.0009077180543002992	0.0007261744434402394	0.0003630872217201197	0.0003025726847667664	0.00021180087933673648	0.0001512863423833832	0.0001512863423833832	3.025726847667664e-05	3.025726847667664e-05	3.025726847667664e-05	0.0	3.025726847667664e-05	0.0	0.0	3.025726847667664e-05	6.051453695335328e-05
AeA01019_CKDL210012719-1a-AK7761-AK1864_HF5TCDSX2_L1_clmp_r1r2_fastp	89.16574667567434	8.689095223187069	1.443136317948887	0.3690537000115342	0.1493268961426288	0.07629059631893753	0.044983440162138115	0.024798563166306905	0.014047026644037635	0.008774242449208259	0.0057259140865725255	0.0038722008930778228	0.0023892303382820608	0.000906259783486299	0.000576710771309463	0.0005355171447873585	0.0002059681326105225	0.00016477450608841802	0.00016477450608841802	4.1193626522104504e-05	0.0	4.1193626522104504e-05	4.1193626522104504e-05	0.0	4.1193626522104504e-05	0.0	4.1193626522104504e-05	0.0	0.0	0.0	0.0
AeA01020_CKDL210012719-1a-AK7761-AK7558_HF5TCDSX2_L1_clmp_r1r2_fastp	90.42929638616685	7.555601859311153	1.2949033698500363	0.36258263504174	0.15203515101148804	0.08589077455549404	0.04518654289026697	0.031497322121901906	0.01732352716704605	0.008116617623720877	0.00654175151762578	0.004603454771662586	0.002059440292585894	0.002059440292585894	0.0008480048263588974	0.0004845741864907986	0.00036343063986809886	0.0	0.00012114354662269965	0.0002422870932453993	0.0	0.0002422870932453993	0.0	0.0	0.0	0.0	0.0	0.0	0.0	0.0	0.0
AeA01021_CKDL210012719-1a-AK7761-7UDI308_HF5TCDSX2_L1_clmp_r1r2_fastp	96.82682407852289	2.807330633536962	0.2807330633536962	0.05834305717619603	0.01372777815910495	0.006177500171597227	0.00274555563182099	0.004118333447731485	0.0	0.0	0.0	0.0	0.0	0.0	0.0	0.0	0.0	0.0	0.0	0.0	0.0	0.0	0.0	0.0	0.0	0.0	0.0	0.0	0.0	0.0	0.0
AeA01022_CKDL210012719-1a-AK7761-AK2587_HF5TCDSX2_L1_clmp_r1r2_fastp	89.06611391357757	8.760414938397625	1.4460873453897383	0.3785801951630076	0.15360763687066742	0.0820229620343013	0.044664881536427975	0.025656211165451245	0.017030889638736373	0.01049322555160854	0.00576852713570103	0.003680869696113991	0.0020876574395870392	0.0014283971955069215	0.0006592602440801177	0.0004944451830600883	0.00032963012204005886	0.00021975341469337257	0.0002746917683667157	0.00016481506102002943	0.00010987670734668629	0.0	5.493835367334314e-05	5.493835367334314e-05	0.0	0.0	0.0	0.0	0.0	0.0	0.0
AeA01023_CKDL210012719-1a-AK7761-GC12_HF5TCDSX2_L1_clmp_r1r2_fastp	91.85442646338939	6.673057980225227	0.9993907905240996	0.25469504218386635	0.09706657857665207	0.05086719592487933	0.027049379480053475	0.016516877735607876	0.011250626863385075	0.006223751030808765	0.0032315630352276275	0.0023937503964649096	0.0019150003171719276	0.0009575001585859638	0.00023937503964649096	0.00035906255946973643	0.00011968751982324548	0.0	0.00023937503964649096	0.0	0.0	0.0	0.0	0.0	0.0	0.0	0.0	0.0	0.0	0.0	0.0
AeA01024_CKDL210012719-1a-AK7761-7UDI246_HF5TCDSX2_L1_clmp_r1r2_fastp	90.61001581647125	7.536812957007082	1.2249352197720311	0.3344053920225373	0.130570017931744	0.06807332304541587	0.03922869463634135	0.021248876261351562	0.01384542163635577	0.007115008340905048	0.004903586829542669	0.004038247977270433	0.0015383801818173077	0.0011537851363629809	0.0011537851363629809	0.00038459504545432693	0.00038459504545432693	9.614876136358173e-05	0.0	9.614876136358173e-05	0.0	0.0	0.0	0.0	0.0	0.0	0.0	0.0	0.0	0.0	0.0
AeA01025_CKDL210012719-1a-5UDI298-7UDI214_HF5TCDSX2_L1_clmp_r1r2_fastp	91.21195136534925	7.1895166164111455	1.097296042631799	0.2775195771904472	0.1073924284059391	0.05112906451995906	0.027596859092362837	0.01577727409350201	0.01010815187685383	0.004759923370581962	0.0029950079635122457	0.0017114331220069977	0.001016163416191655	0.0002139291402508747	0.00048134056556446806	0.0002139291402508747	0.00010696457012543735	5.348228506271868e-05	0.0	0.00010696457012543735	0.0	0.0	0.0	0.0	5.348228506271868e-05	0.0	0.0	0.0	0.0	0.0	0.0
AeA01026_CKDL210012719-1a-5UDI298-AK4971_HF5TCDSX2_L1_clmp_r1r2_fastp	89.71007964080592	8.362183314332643	1.3161467141413759	0.3323882516303672	0.12832219406638173	0.06541054997541616	0.03474829939323863	0.019991247075604734	0.013237447387900433	0.008138328623683685	0.004288662801692232	0.0022287538969424196	0.0008104559625245162	0.0007429179656474733	0.0005065349765778227	0.0004389969797007797	0.00013507599375408604	3.376899843852151e-05	0.00013507599375408604	3.376899843852151e-05	0.0	0.0	0.0	0.0	0.0	0.0	0.0	0.0	0.0	0.0	0.0
AeA01027_CKDL210012719-1a-5UDI298-AK1864_HF5TCDSX2_L1_clmp_r1r2_fastp	89.7463128562731	8.529518364534306	1.2447416890699212	0.2783217777014389	0.09815002538098312	0.046365663031537344	0.02558546234540732	0.012013154148193247	0.0073868118060167	0.004728581951948406	0.0026837897565112575	0.001661393658792683	0.0009201564879467169	0.0006645574635170732	0.0002811589268726079	0.00025559902442964355	5.111980488592871e-05	0.0001789193171007505	2.5559902442964355e-05	7.667970732889306e-05	5.111980488592871e-05	2.5559902442964355e-05	0.0	0.0	0.0	0.0	0.0	0.0	0.0	0.0	0.0
AeA01028_CKDL210012719-1a-5UDI298-AK7558_HF5TCDSX2_L1_clmp_r1r2_fastp	88.78248687513758	9.040202939648358	1.4729878701407264	0.37835072769352657	0.15199085292222578	0.07517108439747724	0.041684973001683445	0.0240841559673008	0.01267704416780218	0.00833253869729001	0.004745536744713294	0.0030745731022086133	0.0017378021882048682	0.0012699323683035574	0.0004901493351347064	0.00022279515233395748	0.00013367709140037448	0.00011139757616697874	6.683854570018724e-05	6.683854570018724e-05	2.2279515233395744e-05	2.2279515233395744e-05	2.2279515233395744e-05	2.2279515233395744e-05	2.2279515233395744e-05	0.0	0.0	0.0	0.0	0.0	0.0
AeA01029_CKDL210012719-1a-5UDI298-7UDI308_HF5TCDSX2_L1_clmp_r1r2_fastp	95.26655386253186	3.9847844243743484	0.5175719126359384	0.12419994893521262	0.049766530061147916	0.025099641248231126	0.013848077930058551	0.009087801141600925	0.0038947719178289673	0.0025965146118859784	0.0012982573059429892	0.00043275243531432973	0.0008655048706286595	0.0	0.0	0.0	0.0	0.0	0.0	0.0	0.0	0.0	0.0	0.0	0.0	0.0	0.0	0.0	0.0	0.0	0.0
AeA01030_CKDL210012719-1a-5UDI298-AK2587_HF5TCDSX2_L1_clmp_r1r2_fastp	90.06841218876686	8.115949130426067	1.2419575666884408	0.3142996142686552	0.12275439480142457	0.06185446954224193	0.032772687051702255	0.017977250664283274	0.009672715401667462	0.006140901554348092	0.0034999957045507265	0.0022909062793422933	0.0011136349969025038	0.0006363628553728594	0.0003181814276864297	0.00012727257107457188	9.54544283059289e-05	3.181814276864297e-05	3.181814276864297e-05	0.0	0.0	6.363628553728594e-05	0.0	0.0	0.0	0.0	0.0	0.0	0.0	0.0	0.0
AeA01031_CKDL210012719-1a-5UDI298-GC12_HF5TCDSX2_L1_clmp_r1r2_fastp	95.82687811912736	3.599491725540363	0.40284822264649855	0.08849804040053398	0.03857057450870731	0.0209995350102962	0.009642643627176827	0.0059998671457989145	0.002357090664421002	0.0019285287254353655	0.0010714048474640917	0.0008571238779712735	0.0008571238779712735	0.0	0.0	0.0	0.0	0.0	0.0	0.0	0.0	0.0	0.0	0.0	0.0	0.0	0.0	0.0	0.0	0.0	0.0
AeA01032_CKDL210012719-1a-5UDI298-7UDI246_HF5TCDSX2_L1_clmp_r1r2_fastp	91.0132652643999	7.2111402519874535	1.1649600757013767	0.31892709653677886	0.13165964754467024	0.06857516691102167	0.04065444307501796	0.02079451398664712	0.011098195667030766	0.008411264084486475	0.004906570715950444	0.0019859929088370844	0.0014018773474144125	0.0009345848982762749	0.0005841155614226719	0.00023364622456906872	0.0003504693368536031	0.00011682311228453436	0.0	0.0	0.0	0.0	0.0	0.0	0.0	0.0	0.0	0.0	0.0	0.0	0.0
AeA01033_CKDL210012719-1a-AK9142-7UDI214_HF5TCDSX2_L1_clmp_r1r2_fastp	89.07901518959955	8.763394633499768	1.4527050169212117	0.37712909493883395	0.15264838205067643	0.07722256306290962	0.04038930952248157	0.024892391874374652	0.013737605741196235	0.007973051833446316	0.004491860187857079	0.0024330909350892514	0.0015721510657499777	0.0010481007104999852	0.0005989146917142772	0.00018716084116071166	0.0001497286729285693	0.0001497286729285693	7.486433646428465e-05	0.00011229650469642698	7.486433646428465e-05	0.0	0.0	0.0	0.0	0.0	0.0	0.0	0.0	0.0	0.0
AeA01034_CKDL210012719-1a-AK9142-AK4971_HF5TCDSX2_L1_clmp_r1r2_fastp	90.20610950191546	7.958204588731478	1.2508336850651967	0.3160753812397501	0.12436809088536549	0.06463274360519253	0.03421733484980781	0.018558554494811016	0.01153465713392768	0.006186184831603671	0.004124123221069115	0.002126501035863762	0.0016754250585593277	0.0004510759773044344	0.0003221971266460246	0.00012887885065840984	0.00019331827598761473	6.443942532920492e-05	6.443942532920492e-05	0.0	6.443942532920492e-05	0.0	6.443942532920492e-05	0.0	0.0	0.0	0.0	0.0	0.0	0.0	0.0
AeA01035_CKDL210012719-1a-AK9142-AK1864_HF5TCDSX2_L1_clmp_r1r2_fastp	88.80456070589004	9.053330084035945	1.4643384658363128	0.37191081471178833	0.14176050498836495	0.07244050962455756	0.038139618742502095	0.02305713314887627	0.013076440711715006	0.0074297958589289795	0.003962557791428789	0.002303236716267984	0.001510725157982226	0.0008915755030714775	0.0006191496549107483	0.0002724258481607292	0.00019812788957143944	4.953197239285986e-05	7.42979585892898e-05	4.953197239285986e-05	0.0	0.0	0.0	0.0	2.476598619642993e-05	0.0	0.0	0.0	0.0	0.0	0.0
AeA01036_CKDL210012719-1a-AK9142-AK7558_HF5TCDSX2_L1_clmp_r1r2_fastp	96.60363751972488	2.9974062026263653	0.29892642377763906	0.05195348999507605	0.02442589454992382	0.009692815297588815	0.005427976566649737	0.003877126119035526	0.001938563059517763	0.0011631378357106579	0.0011631378357106579	0.0	0.0	0.00038771261190355264	0.0	0.0	0.0	0.0	0.0	0.0	0.0	0.0	0.0	0.0	0.0	0.0	0.0	0.0	0.0	0.0	0.0
AeA01037_CKDL210012719-1a-AK9142-7UDI308_HF5TCDSX2_L1_clmp_r1r2_fastp	94.00947534655202	5.050788637382777	0.6426078649275702	0.15987210231814547	0.06628843266849935	0.029244896765514415	0.019106665886802755	0.011308026749332241	0.004679183482482307	0.0027295236981146787	0.0019496597843676278	0.0011697958706205767	0.0003899319568735256	0.0003899319568735256	0.0	0.0	0.0	0.0	0.0	0.0	0.0	0.0	0.0	0.0	0.0	0.0	0.0	0.0	0.0	0.0	0.0
AeA01038_CKDL210012719-1a-AK9142-AK2587_HF5TCDSX2_L1_clmp_r1r2_fastp	94.64211755836735	4.475799133506135	0.5761113877397168	0.16450353438286744	0.0602636710115455	0.03583245303389191	0.020475687447938238	0.011401235056238336	0.005351600128438403	0.003024817463899967	0.0016287478651769054	0.0020941043980845925	0.0002326782664538436	0.0002326782664538436	0.0006980347993615308	0.0	0.0002326782664538436	0.0	0.0	0.0	0.0	0.0	0.0	0.0	0.0	0.0	0.0	0.0	0.0	0.0	0.0
AeA01039_CKDL210012719-1a-AK9142-GC12_HF5TCDSX2_L1_clmp_r1r2_fastp	89.1827477883819	8.745780653796679	1.4061730641264283	0.3630196332397327	0.13911596347410757	0.07046133214922332	0.040129115492714036	0.021807642344486955	0.012468780336987874	0.007888412049931104	0.004275010401252985	0.0025192025578812233	0.001628575390953518	0.0006107157716075694	0.0005598227906402719	0.0003053578858037847	0.00020357192386918975	0.0001272324524182436	5.089298096729744e-05	5.089298096729744e-05	7.633947145094617e-05	0.0	0.0	0.0	0.0	0.0	0.0	0.0	0.0	0.0	0.0
AeA01040_CKDL210012719-1a-AK9142-7UDI246_HF5TCDSX2_L1_clmp_r1r2_fastp	93.4845522746207	5.401665790627279	0.759765069089383	0.18635746977664114	0.07520780831565672	0.03905819879376648	0.021606663162509115	0.012049869840630084	0.00976454969844162	0.0051939094140646905	0.0010387818828129383	0.002493076518751052	0.000623269129687763	0.0	0.0004155127531251753	0.00020775637656258764	0.0	0.0	0.0	0.0	0.0	0.0	0.0	0.0	0.0	0.0	0.0	0.0	0.0	0.0	0.0
AeA01041_CKDL210012719-1a-AK8410-7UDI214_HF5TCDSX2_L1_clmp_r1r2_fastp	90.2196201605842	8.007906669962102	1.2195284778681188	0.30400683140082585	0.12043370375326491	0.05803604940659919	0.03168839507476889	0.01768378601550773	0.008782551443943437	0.005489094652464648	0.0030264197543318602	0.001987942387649359	0.0005044032923886433	0.0005044032923886433	0.0004450617285782147	0.00017802469143128589	5.934156381042863e-05	2.9670781905214314e-05	2.9670781905214314e-05	0.0	2.9670781905214314e-05	2.9670781905214314e-05	0.0	0.0	0.0	0.0	0.0	0.0	0.0	0.0	0.0
AeA01042_CKDL210012719-1a-AK8410-AK4971_HF5TCDSX2_L1_clmp_r1r2_fastp	89.8872483586994	8.158873966165935	1.3090062636438866	0.34820433972035736	0.1374159052480773	0.06853145513105947	0.03908158773110456	0.02077627631640655	0.01240525236367964	0.007412894705125638	0.00504278551369091	0.0025718206119823644	0.0015632635092441825	0.001008557102738182	0.0004034228410952728	0.0002521392756845455	0.0001008557102738182	5.04278551369091e-05	5.04278551369091e-05	0.0	0.0	0.0	0.0	0.0	0.0	0.0	0.0	0.0	0.0	0.0	0.0
AeA01043_CKDL210012719-1a-AK8410-AK1864_HF5TCDSX2_L1_clmp_r1r2_fastp	95.4812704513485	3.848552789062895	0.471633616725574	0.1090114237229087	0.041768981941939246	0.022663887062666584	0.010863681401939353	0.00805410862557573	0.0031841824798787763	0.0013111339623030256	0.0011238291105454504	0.0	0.0	0.00018730485175757507	0.00018730485175757507	0.0	0.00018730485175757507	0.0	0.0	0.0	0.0	0.0	0.0	0.0	0.0	0.0	0.0	0.0	0.0	0.0	0.0
AeA01044_CKDL210012719-1a-AK8410-AK7558_HF5TCDSX2_L1_clmp_r1r2_fastp	89.81220545517914	8.274081032366436	1.3027266129657402	0.3344863345852156	0.12866737104117418	0.06695830456933968	0.03650051607335016	0.0184333709935648	0.010437438542713843	0.0070193300141058014	0.0031129202671251817	0.0023194307872697432	0.0015259413074143048	0.0007934894798554385	0.0003662259137794331	0.00018311295688971656	0.0	6.103765229657218e-05	6.103765229657218e-05	0.0	0.0	6.103765229657218e-05	0.0	0.0	0.0	0.0	0.0	0.0	0.0	0.0	0.0
AeA01045_CKDL210012719-1a-AK8410-7UDI308_HF5TCDSX2_L1_clmp_r1r2_fastp	89.9025999005969	8.268766229697762	1.2604260438704618	0.31187639734877465	0.12164056009845517	0.05898609492898133	0.03288547835060984	0.017465337959159027	0.010388305105819496	0.0070770328533395314	0.0034086626128470225	0.002012734114252527	0.0011686843244046933	0.0005518787087466608	0.00029217108110117334	0.00022724417418980148	6.492690691137186e-05	3.246345345568593e-05	3.246345345568593e-05	6.492690691137186e-05	0.0	0.0	3.246345345568593e-05	0.0	0.0	0.0	0.0	0.0	0.0	0.0	0.0
AeA01046_CKDL210012719-1a-AK8410-AK2587_HF5TCDSX2_L1_clmp_r1r2_fastp	90.39543807582909	7.796413985292787	1.2201885441723832	0.32173743701708524	0.12353839866367877	0.060288055120507535	0.03247545826327613	0.019474303519363217	0.011794296497642512	0.007734864214732995	0.00438857544098326	0.003072002808688282	0.0014262870183195597	0.0007680007021720705	0.0006034291231351983	0.000219428772049163	0.00016457157903687226	0.0001097143860245815	5.485719301229075e-05	0.0	0.0	5.485719301229075e-05	0.0	0.0	5.485719301229075e-05	0.0	0.0	0.0	0.0	0.0	0.0
AeA01047_CKDL210012719-1a-AK8410-GC12_HF5TCDSX2_L1_clmp_r1r2_fastp	88.91218265668958	8.963837721635857	1.457532228422065	0.36594880200813523	0.1415806682143001	0.06951492600766572	0.03741197091820673	0.021650830176611877	0.012505220877870654	0.007279158421447097	0.0044172670762627686	0.002550816198968641	0.0016798057895647145	0.0008710104094039261	0.000290336803134642	0.0003940285185398713	0.00016590674464836687	6.221502924313759e-05	4.147668616209172e-05	4.147668616209172e-05	2.073834308104586e-05	0.0	0.0	0.0	0.0	0.0	0.0	0.0	0.0	2.073834308104586e-05	0.0
AeA01048_CKDL210012719-1a-AK8410-7UDI246_HF5TCDSX2_L1_clmp_r1r2_fastp	86.89586845693482	10.337287327292634	1.8825354818342415	0.47625924408412196	0.1841092430765924	0.09040898985081845	0.05222361783730412	0.029621370374599505	0.01816911720256047	0.011855265013870325	0.007422134753726181	0.004903310742280644	0.003459184975718537	0.001947890568851215	0.0012090355254938574	0.0010411139247308218	0.0003694275216786787	0.0003358432015260715	0.0002686745612208572	0.00016792160076303575	0.00010075296045782144	0.00010075296045782144	0.0001343372806104286	0.0	0.0	6.71686403052143e-05	3.358432015260715e-05	3.358432015260715e-05	3.358432015260715e-05	0.0	3.358432015260715e-05
AeA01049_CKDL210012719-1a-AK8587-7UDI214_HF5TCDSX2_L1_clmp_r1r2_fastp	87.45779829545742	9.897564930492443	1.7557084384766473	0.4712122621369985	0.18462264214028523	0.09418571404544461	0.05238168476925007	0.03386065580248234	0.018926303123589772	0.012664817400689088	0.007619154148254555	0.004437752017201456	0.0032219295467353043	0.002127689323315767	0.00127661359398946	0.0007700208979618965	0.00044580157250425587	0.00046606528034535846	0.00024316449409323047	0.00018237337056992286	0.00010131853920551271	8.105483136441016e-05	2.026370784110254e-05	2.026370784110254e-05	2.026370784110254e-05	0.0	2.026370784110254e-05	0.0	0.0	0.0	2.026370784110254e-05
AeA01050_CKDL210012719-1a-AK8587-AK4971_HF5TCDSX2_L1_clmp_r1r2_fastp	87.42879701968515	9.8956590856036	1.7699576068324965	0.47802769557986496	0.18983065153941756	0.0949812697199888	0.055568768769296846	0.03354348937577017	0.020992157505806366	0.012946995571643926	0.007275815847562205	0.0046160765196013994	0.0030334217128809198	0.0016485987570005	0.0010990658380003332	0.0006594395028001999	0.0005495329190001666	0.00035170106816010663	0.00017585053408005331	2.1981316760006664e-05	6.594395028002e-05	4.396263352001333e-05	4.396263352001333e-05	0.0	4.396263352001333e-05	4.396263352001333e-05	2.1981316760006664e-05	0.0	0.0	0.0	0.0
AeA01051_CKDL210012719-1a-AK8587-AK1864_HF5TCDSX2_L1_clmp_r1r2_fastp	89.33156121459095	8.61021964304962	1.3841997475686971	0.3592191319283874	0.1446003692590133	0.07119188603735009	0.041028779254736567	0.02427391230272285	0.014277493628369662	0.007910209559705566	0.004672239163012903	0.002433910633755559	0.002064477769703376	0.0010213732123795648	0.0004780895887734134	0.0002173134494424606	0.0002825074842751988	8.692537977698425e-05	8.692537977698425e-05	6.519403483273819e-05	4.346268988849212e-05	0.0	2.173134494424606e-05	0.0	2.173134494424606e-05	0.0	0.0	2.173134494424606e-05	0.0	0.0	0.0
AeA01052_CKDL210012719-1a-AK8587-AK7558_HF5TCDSX2_L1_clmp_r1r2_fastp	92.76887776345694	5.9613257637113275	0.8615695272696196	0.22458444424790547	0.08397073247322129	0.04650686721593794	0.02375030184745549	0.012819200578752124	0.006061792521735501	0.0041736932116867385	0.002881835789021796	0.0011924837747676396	0.0011924837747676396	0.0004968682394865165	0.0005962418873838198	0.0	0.0	0.0	0.0	0.0	0.0	0.0	0.0	0.0	0.0	0.0	0.0	0.0	0.0	0.0	0.0
AeA01053_CKDL210012719-1a-AK8587-7UDI308_HF5TCDSX2_L1_clmp_r1r2_fastp	96.82996087054102	2.810945840014832	0.26509151349364596	0.05204250571654399	0.021142267947345996	0.011384298125493996	0.004228453589469199	0.0019515939643703997	0.0009757969821851998	0.0013010626429135997	0.00032526566072839993	0.00032526566072839993	0.0	0.0	0.00032526566072839993	0.0	0.0	0.0	0.0	0.0	0.0	0.0	0.0	0.0	0.0	0.0	0.0	0.0	0.0	0.0	0.0
AeA01054_CKDL210012719-1a-AK8587-AK2587_HF5TCDSX2_L1_clmp_r1r2_fastp	88.17697680604275	9.410658197430045	1.6180822315293404	0.42594934967369036	0.16519764099853165	0.08400586665288108	0.047610272812699854	0.026452467687966774	0.018468783586712816	0.009984816408617876	0.006191003075907118	0.0042732512813500306	0.0020636676919690393	0.001605074871531475	0.0009171856408751286	0.00043774769223585674	0.00035436717942902694	0.0002709866666221971	0.00012507076921024478	8.338051280682987e-05	4.1690256403414934e-05	6.253538460512239e-05	2.0845128201707467e-05	6.253538460512239e-05	6.253538460512239e-05	0.0	2.0845128201707467e-05	0.0	0.0	2.0845128201707467e-05	0.0
AeA01055_CKDL210012719-1a-AK8587-GC12_HF5TCDSX2_L1_clmp_r1r2_fastp	90.46792335291138	7.704040326860342	1.2306740335920776	0.31548678533746355	0.127681126199307	0.06655451771147655	0.036492251242051764	0.021335858563716763	0.010981077890914891	0.00789134494822401	0.003924795900174903	0.0026304483160746695	0.0016283727670938432	0.0009603224011066253	0.000793309809609821	0.00025051888724520664	0.00037577833086781	0.0001670125914968044	8.35062957484022e-05	4.17531478742011e-05	0.0	0.0	0.0	4.17531478742011e-05	4.17531478742011e-05	0.0	0.0	0.0	0.0	0.0	0.0
AeA01056_CKDL210012719-1a-AK8587-7UDI246_HF5TCDSX2_L1_clmp_r1r2_fastp	90.16598581589263	7.995926039082908	1.2444757294265902	0.3175497915658701	0.12469366358387837	0.06521401992312686	0.03635640982542423	0.0204765986373079	0.011956290587543727	0.006988045566700314	0.0040396010917138035	0.002902012278530031	0.001300101500781454	0.0009750761255860904	0.0005339702592495256	0.000371457571651844	6.964829468472074e-05	4.64321964564805e-05	6.964829468472074e-05	4.64321964564805e-05	0.0	0.0	0.0	0.0	2.321609822824025e-05	0.0	0.0	0.0	0.0	0.0	0.0
AeA01057_CKDL210012719-1a-AK7759-7UDI214_HF5TCDSX2_L1_clmp_r1r2_fastp	92.12812073209545	6.423762886805603	0.9658809357865432	0.2465564682800269	0.10796917238406406	0.05801328665412398	0.029208078350166585	0.017323411986995354	0.008863141016602275	0.006848790785556304	0.003625830415882749	0.0012086101386275829	0.0	0.0010071751155229858	0.0006043050693137914	0.0006043050693137914	0.0	0.00020143502310459715	0.00020143502310459715	0.0	0.0	0.0	0.0	0.0	0.0	0.0	0.0	0.0	0.0	0.0	0.0
AeA01058_CKDL210012719-1a-AK7759-AK4971_HF5TCDSX2_L1_clmp_r1r2_fastp	89.97392316885828	8.004335648265046	1.333116697295782	0.35503426289222284	0.14754670665650818	0.07640811594712031	0.043546771061816654	0.02729906824547498	0.015223072909004813	0.008489790660791146	0.005342713088256497	0.0036593925262030803	0.0022688233662459096	0.0014637570104812322	0.0008050663557646776	0.00036593925262030805	0.0002927514020962464	0.0001463757010481232	0.00021956355157218483	0.0	0.0001463757010481232	0.0002927514020962464	0.0	7.31878505240616e-05	0.0	0.0	0.0	0.0	0.0	0.0	0.0
AeA01059_CKDL210012719-1a-AK7759-AK1864_HF5TCDSX2_L1_clmp_r1r2_fastp	83.95387203208901	11.984861227922625	2.583915593797848	0.7526255633909124	0.31700847512453906	0.15904336762200513	0.0965042806926743	0.05863039399624766	0.03315649867374005	0.022508679993961743	0.012399991373919044	0.008356515925901965	0.005795648142157814	0.004313040477884885	0.001617390179206832	0.0020217377240085398	0.0013478251493390266	0.0005391300597356106	0.000808695089603416	0.00013478251493390266	0.0002695650298678053	0.00013478251493390266	0.00013478251493390266	0.0	0.0	0.0	0.0	0.0	0.0	0.0	0.0
AeA01060_CKDL210012719-1a-AK7759-AK7558_HF5TCDSX2_L1_clmp_r1r2_fastp	87.7345715503375	9.697280063589746	1.7006320230862773	0.45030238873981565	0.18540760302401238	0.09629697211324674	0.055147357488604956	0.032369780372914866	0.01912191659094971	0.011904330426718691	0.006592686929232662	0.004061845027489317	0.0029370264044922757	0.0015310031257459735	0.0008123690054978634	0.0004061845027489317	0.00024995969399934265	0.00015622480874958914	6.248992349983566e-05	6.248992349983566e-05	3.124496174991783e-05	3.124496174991783e-05	3.124496174991783e-05	0.0	0.0	0.0	0.0	0.0	0.0	0.0	0.0
AeC01001_CKDL210012719-1a-5UDI301-AK533_HF5TCDSX2_L1_clmp_r1r2_fastp	91.94687823891432	6.760287200697787	0.8886911159069899	0.21477078880686876	0.07776003774232168	0.040776180865324835	0.02129268147574983	0.014995336137333622	0.010750716627461921	0.007306312271090627	0.005392754295328796	0.003513988282762635	0.0025398133132838847	0.0015656383438051344	0.000904591043087411	0.0007306312271090627	0.0008002151535004019	0.00020875177917401792	0.0003131276687610269	0.00010437588958700896	0.00010437588958700896	3.479196319566965e-05	0.00010437588958700896	6.95839263913393e-05	3.479196319566965e-05	0.0	0.0	0.0	0.0	0.0	6.95839263913393e-05
AeC01002_CKDL210012719-1a-AK7758-AK533_HF5TCDSX2_L1_clmp_r1r2_fastp	91.82698180876687	6.862661082454647	0.9139680056498515	0.21670121852271218	0.07958778450581729	0.035524291747728295	0.021910191916263564	0.012520109666436319	0.009055807477179668	0.0062600548332181595	0.0042544061973327305	0.0029173071067424435	0.0028565298753519762	0.0015802080161521571	0.0011851560121141178	0.00036466338834280544	0.0004862178511237406	0.000425440619733273	0.0003950520040380393	0.00012155446278093515	3.0388615695233788e-05	0.00012155446278093515	3.0388615695233788e-05	3.0388615695233788e-05	0.0	0.0	0.0	0.0	3.0388615695233788e-05	0.0	0.0
AeC01003_CKDL210012719-1a-AK7078-AK533_HF5TCDSX2_L1_clmp_r1r2_fastp	92.06610393023182	6.674668334830869	0.8759967146614722	0.20977188228776603	0.07430955790023222	0.03683901595620578	0.0192264578514293	0.013121706635829488	0.008876448606590535	0.006560853317914744	0.0042452580292389516	0.002420849619979237	0.002526103951282682	0.0013683063069447861	0.0011577976443378959	0.0007718650962252639	0.0010525433130344508	0.00031576299391033525	0.00021050866260689013	0.0001754238855057418	7.016955420229672e-05	7.016955420229672e-05	7.016955420229672e-05	3.508477710114836e-05	3.508477710114836e-05	0.0	0.0	0.0	0.0	0.0	0.0
AeC01004_CKDL210012719-1a-AK9143-AK533_HF5TCDSX2_L1_clmp_r1r2_fastp	91.97653239495955	6.6989619859491745	0.9022993668455029	0.2181889427187233	0.08150625100672804	0.04038528256532891	0.023348346487913067	0.01668845329401415	0.011654813089323106	0.008247425873839939	0.006698613503165773	0.0039494715452191255	0.003252505978415751	0.002400659174544959	0.0017036936077415839	0.0015100920614073128	0.001084168659471917	0.0003097624741348334	0.0003484827834016876	0.0003484827834016876	0.0001548812370674167	0.0001548812370674167	7.744061853370835e-05	7.744061853370835e-05	7.744061853370835e-05	3.872030926685417e-05	0.0	0.0	0.0	0.0	0.0
AeC01005_CKDL210012719-1a-5UDI225-AK533_HF5TCDSX2_L1_clmp_r1r2_fastp	92.01728545750562	6.683819007710007	0.9048293694280951	0.21086269179356434	0.07819944704871867	0.0388860638329694	0.022609080070717474	0.013984997981887097	0.009478720854390143	0.005516304759522132	0.004389735477647894	0.0027193051631447134	0.0028746940296101257	0.0013596525815723567	0.0011654164984905913	0.0005438610326289426	0.0003884721661635304	0.00023308329969811827	0.0001942360830817652	0.0001942360830817652	0.00015538886646541218	3.8847216616353045e-05	7.769443323270609e-05	3.8847216616353045e-05	3.8847216616353045e-05	3.8847216616353045e-05	3.8847216616353045e-05	3.8847216616353045e-05	0.0	0.0	0.0
AeC01006_CKDL210012719-1a-AK9144-AK533_HF5TCDSX2_L1_clmp_r1r2_fastp	91.35814035681042	7.180729921225057	1.004643319059088	0.2449244165764053	0.08622436310511299	0.041284103182836776	0.02475522792328774	0.015157816482259261	0.011120810082461569	0.009483156542920996	0.00674103898834143	0.0038465815696185563	0.0031991371470094926	0.00224701299611381	0.0017519084376480553	0.0018280783697197098	0.0011044640150389914	0.00045701959242992746	0.0003427646943224456	0.000533189524501582	0.00041893462639410015	0.00030467972828661827	0.00022850979621496373	0.00022850979621496373	0.00015233986414330913	3.8084966035827284e-05	3.8084966035827284e-05	3.8084966035827284e-05	0.0	0.0	3.8084966035827284e-05
AeC01007_CKDL210012719-1a-AK3911-AK533_HF5TCDSX2_L1_clmp_r1r2_fastp	92.05521082732015	6.663760179608473	0.8769168316667634	0.21308485285305187	0.07704607023619177	0.03897178015083356	0.02264436472891658	0.015015699172376084	0.010114022660933777	0.007732222102556881	0.005212346149491468	0.003969667597294827	0.0033483283211965063	0.0017604612822785756	0.0016569047362621884	0.0013117162495408993	0.000552301578754063	0.0007939335194589655	0.00037970733539341824	0.00020711309203277355	3.4518848672128935e-05	0.00013807539468851574	3.4518848672128935e-05	6.903769734425787e-05	0.0	3.4518848672128935e-05	0.0	0.0	0.0	0.0	0.0
AeC01008_CKDL210012719-1a-5UDI245-AK533_HF5TCDSX2_L1_clmp_r1r2_fastp	92.19618066981911	6.542865837180978	0.8655166192663784	0.21370780722626626	0.07185537866158517	0.03801830918409302	0.022493521014213893	0.016492667731592286	0.00960136525219457	0.007626890946299719	0.004490961166349073	0.0026326324078598017	0.00220676540070601	0.002361626130580116	0.0012388858389928478	0.0006968732844334769	0.0007743036493705298	0.0005420125545593709	0.00023229109481115895	0.00023229109481115895	0.00015486072987410597	0.0	0.0	0.0	0.0	3.871518246852649e-05	3.871518246852649e-05	0.0	0.0	0.0	0.0
AeC01009_CKDL210012719-1a-AK8593-AK533_HF5TCDSX2_L1_clmp_r1r2_fastp	91.64758876732463	6.9860406750727675	0.9379554105686965	0.22406155189051263	0.0842783895804391	0.0409925500340231	0.023792878691076345	0.015157210370971827	0.011681443453751338	0.0074173582666457885	0.005733223780982252	0.003189105728171377	0.003368268971327073	0.0021857915664994835	0.0017557997829258146	0.0011466447561964503	0.0010391468103030331	0.0007166529726227815	0.0005016570808359471	0.0003941591349425298	0.00021499589178683445	0.0001433305945245563	0.00021499589178683445	0.00017916324315569537	0.0001433305945245563	3.583264863113907e-05	0.0	7.166529726227815e-05	0.0	0.0	0.0
AeC01010_CKDL210012719-1a-AK8593-GD06_HF5TCDSX2_L1_clmp_r1r2_fastp	91.71376330478294	6.910047569198174	0.9354194711928219	0.23098624808654752	0.08181802308033216	0.039869656572174055	0.02598387419980061	0.018417370032818674	0.011225033654313862	0.008106968750337791	0.006152981410512784	0.004739458654043631	0.0034090842950138403	0.0027438971154989445	0.0024113035257414964	0.0014550969551888342	0.0009562065705526624	0.0006651871795148956	0.00045731618591649074	0.0004988903846361718	0.00029101939103776684	0.0001662967948787239	0.0001662967948787239	0.00012472259615904294	8.314839743936195e-05	4.1574198719680975e-05	0.0	0.0	0.0	0.0	0.0
AeC01011_CKDL210012719-1a-5UDI294-GD06_HF5TCDSX2_L1_clmp_r1r2_fastp	92.38841737877136	6.380851023578536	0.8381592788600928	0.2021155701581684	0.0801159018846375	0.039683988742417915	0.02296567862920416	0.01544243907825797	0.010602928256011883	0.006291364068919914	0.005279466351541186	0.002947702046277162	0.0024197554111230436	0.0020677909876869647	0.00048395108222460873	0.00048395108222460873	0.0005719421880836285	0.0003519644234360791	0.00017598221171803954	0.00021997776464754943	0.00013198665878852965	8.799110585901977e-05	0.00013198665878852965	0.0	0.0	0.0	0.0	0.0	0.0	0.0	0.0
AeC01012_CKDL210012719-1a-AK9146-GD06_HF5TCDSX2_L1_clmp_r1r2_fastp	92.25873525326516	6.489142242984908	0.8549502995759585	0.20764903839051835	0.07390085946180532	0.04000467919002103	0.023156401127956285	0.016409104937224195	0.010899478461951837	0.006986845167917844	0.005789100281989071	0.0038327836349720747	0.002595113919512342	0.0017966173288931598	0.0013175193745216507	0.0006787221020263049	0.000758571761088223	0.00035932346577863196	0.00023954897718575467	0.00023954897718575467	0.00015969931812383645	7.984965906191823e-05	3.9924829530959114e-05	3.9924829530959114e-05	3.9924829530959114e-05	3.9924829530959114e-05	0.0	7.984965906191823e-05	3.9924829530959114e-05	3.9924829530959114e-05	0.0
AeC01013_CKDL210012719-1a-5UDI301-AK7557_HF5TCDSX2_L1_clmp_r1r2_fastp	92.9199248270211	5.9992170553305195	0.7494572769904738	0.17691290833930404	0.06388759898826055	0.03198667707734387	0.02019534169360451	0.012477376715156925	0.008404006309865146	0.005273942735272515	0.004030492822078182	0.0022725119103206774	0.0019723688278254934	0.0015007154124759188	0.0005145309985631722	0.0007289189146311606	0.0002572654992815861	0.0004287758321359768	0.00017151033285439074	0.00012863274964079304	0.00017151033285439074	8.575516642719537e-05	0.0	0.0	0.0	0.0	0.0	0.0	0.0	0.0	0.0
AeC01014_CKDL210012719-1a-AK7758-AK7557_HF5TCDSX2_L1_clmp_r1r2_fastp	92.1781117474091	6.588681592485888	0.855082718454959	0.20187104743918377	0.07582973355583553	0.0380685756972877	0.02090441303431142	0.01311649445290128	0.00963242561384938	0.00655824722645064	0.004252613435901588	0.0030229420809420923	0.0015883255001560145	0.0008710172097629758	0.00081978090330633	0.0004611267581098107	0.0001537089193699369	0.0004611267581098107	0.0001537089193699369	0.0001537089193699369	0.00010247261291329125	0.0	0.0	0.0	0.0	5.1236306456645625e-05	5.1236306456645625e-05	0.0	0.0	0.0	0.0
AeC01015_CKDL210012719-1a-AK7078-AK7557_HF5TCDSX2_L1_clmp_r1r2_fastp	92.05577678497464	6.658170686363469	0.8883212058512452	0.21413338111118174	0.07706104583398354	0.035737060005509864	0.02287749798196386	0.014208130325640713	0.010547730648526496	0.007513451968813395	0.004527336442746533	0.0029379523724206223	0.0022636682213732664	0.0018301998385571092	0.0011559156875097529	0.0011559156875097529	0.0002889789218774382	0.0005297946901086368	0.00024081576823119856	0.00024081576823119856	0.0001444894609387191	9.632630729247943e-05	0.0	0.0	4.816315364623971e-05	9.632630729247943e-05	4.816315364623971e-05	0.0	0.0	0.0	4.816315364623971e-05
AeC01016_CKDL210012719-1a-AK9143-AK7557_HF5TCDSX2_L1_clmp_r1r2_fastp	92.18121632774003	6.544606367837867	0.8871050989021098	0.20639928714959857	0.07562803628648157	0.03952554371690939	0.021554525193389018	0.013959630460234575	0.008825053739228754	0.007113528165560147	0.004385784282525805	0.002995169753920062	0.0022463773154400464	0.001604555225314319	0.0008557627868343034	0.00037439621924000775	0.0004278813934171517	0.00037439621924000775	0.0001604555225314319	0.00010697034835428792	0.00010697034835428792	0.0001604555225314319	0.0	0.0001604555225314319	0.0	0.0	5.348517417714396e-05	0.0	0.0	0.0	5.348517417714396e-05
AeC01017_CKDL210012719-1a-5UDI225-AK7557_HF5TCDSX2_L1_clmp_r1r2_fastp	91.16130961297006	7.301061656095602	1.0451156127699468	0.25394846193751514	0.09519452706653381	0.047770765101431904	0.028396423323006133	0.01775499380888571	0.012839116044210513	0.009658253961185387	0.007865404423480315	0.00474237619651019	0.004279705348070171	0.0029495266588051177	0.002371188098255095	0.0011566771211000463	0.0011566771211000463	0.0009831755529350393	0.0005205047044950208	0.00028916928027501157	0.0	0.00034700313633001387	5.783385605500231e-05	5.783385605500231e-05	5.783385605500231e-05	0.0	0.0	5.783385605500231e-05	0.0	5.783385605500231e-05	0.0
AeC01018_CKDL210012719-1a-AK9144-AK7557_HF5TCDSX2_L1_clmp_r1r2_fastp	91.40638013646058	7.116237857429813	1.0069602082509987	0.2525215998820446	0.09047290875300895	0.043393401310107445	0.025429466359148986	0.01745067966664536	0.012458105537417944	0.007745488835997672	0.005319191128335751	0.004525978416215507	0.00293955299197502	0.0021929998511559675	0.0016797445668428688	0.0015864254242404872	0.0008865318547226251	0.0003732765704095264	0.0003732765704095264	0.0003266169991083356	0.0003266169991083356	0.0001866382852047632	0.0001399787139035724	4.66595713011908e-05	4.66595713011908e-05	0.0	0.0	0.0	0.0	0.0	0.0
AeC01019_CKDL210012719-1a-AK3911-AK7557_HF5TCDSX2_L1_clmp_r1r2_fastp	91.80101697825236	6.828091432164474	0.938826338867143	0.22453345760342305	0.08484109296733117	0.044483043487470605	0.024526991396600334	0.017782068762535245	0.010479714505820144	0.008417217502015116	0.005518573064235075	0.003567562384960049	0.0023969559773950326	0.0019510106792750266	0.0012263495698300168	0.0008918905962400122	0.00027871581132500383	0.0006131747849150084	0.00011148632453000153	0.00016722948679500228	0.00016722948679500228	5.5743162265000764e-05	5.5743162265000764e-05	0.0	0.0	0.0	0.0	0.0	0.0	0.0	0.0
AeC01020_CKDL210012719-1a-5UDI245-AK7557_HF5TCDSX2_L1_clmp_r1r2_fastp	92.45272670795394	6.318458910093382	0.8342716806771632	0.20661437806985186	0.07770486711060202	0.040429827797084004	0.02237473062959871	0.014172280572327165	0.010095323147411132	0.007474421945679395	0.00441670387699237	0.0035430701430817914	0.0023296899570948767	0.0015531266380632513	0.0010677745636684852	0.0006309576967131957	0.0002912112446368596	0.00048535207439476594	0.00048535207439476594	0.0003397464520763362	0.00024267603719738297	0.00024267603719738297	0.0	0.0	4.85352074394766e-05	0.0	0.0	0.0	0.0	0.0	0.0
AeC01021_CKDL210012719-1a-AK8593-AK7557_HF5TCDSX2_L1_clmp_r1r2_fastp	91.07902969962952	7.384177415291399	1.0434198153424188	0.25365201458408626	0.09733579446949957	0.04713006405075211	0.02691208071995922	0.01750416006491465	0.013478655553861928	0.009679302981632392	0.006694097389166327	0.006015641572696766	0.0038445829599941745	0.0035732006334063507	0.001944906673879406	0.0018544458983501312	0.0011759900818805711	0.0005879950409402856	0.0003618431021170988	0.0004523038776463734	0.0003166127143524614	9.04607755292747e-05	0.0005427646531756482	9.04607755292747e-05	0.0	4.523038776463735e-05	4.523038776463735e-05	4.523038776463735e-05	0.0	0.0	0.0
AeC01022_CKDL210012719-1a-5UDI294-AK533_HF5TCDSX2_L1_clmp_r1r2_fastp	92.2223190918527	6.563374396918011	0.8500721313201265	0.19463941742238686	0.069499390543806	0.03586004056461469	0.0201918347674608	0.014228869306601702	0.008224779946012544	0.0062508327589695335	0.004482505070576836	0.003084292479754704	0.0027141773821841397	0.0011103452927116934	0.0014393364905521953	0.0006991062954110663	0.0005757345962208782	0.0003701150975705645	0.00045236289703068995	0.0001644955989202509	0.0	0.00012337169919018816	4.1123899730062724e-05	4.1123899730062724e-05	4.1123899730062724e-05	0.0	0.0	0.0	0.0	0.0	0.0
AeC01023_CKDL210012719-1a-AK9146-AK533_HF5TCDSX2_L1_clmp_r1r2_fastp	91.97937819981122	6.734172553842634	0.8929529073592082	0.20803241998684324	0.07682228355690301	0.037494994708692046	0.022166290078082546	0.01474773331807911	0.009429611303377857	0.006882275548436919	0.004915911106026371	0.00366458827903784	0.0025473357549409374	0.0019216743414466723	0.0012513228269885308	0.0007597317163858937	0.0008491119183136459	0.0006256614134942654	0.000446901009638761	0.00013407030289162828	0.00017876040385550438	8.938020192775219e-05	8.938020192775219e-05	0.0002234505048193805	4.4690100963876095e-05	4.4690100963876095e-05	4.4690100963876095e-05	4.4690100963876095e-05	0.0	0.0	4.4690100963876095e-05
AeC01024_CKDL210012719-1a-AK5577-AK533_HF5TCDSX2_L1_clmp_r1r2_fastp	91.45136710360924	7.112209850646038	0.9764843810902896	0.24339503722767092	0.0889102658493376	0.044327754320300124	0.024813352131018575	0.016100655592200964	0.010546948441726581	0.008661745097070139	0.005604658592221854	0.004279921106787598	0.00290423217960587	0.002649474970868513	0.0017323490194140277	0.0015794946941716135	0.0011718831601918425	0.0008152230679595425	0.0005604658592221855	0.00040761153397977126	0.0004585629757272427	0.00040761153397977126	0.00020380576698988563	0.0	0.0	0.00020380576698988563	0.00015285432524241423	0.0	0.0	0.0	5.095144174747141e-05
AeC01025_CKDL210012719-1a-5UDI301-AK8488_HF5TCDSX2_L1_clmp_r1r2_fastp	92.02082622448467	6.6825500821545525	0.8877600929488909	0.21494734047743583	0.08206363992850645	0.040486345252763886	0.02333419599148817	0.015030858716594977	0.010667061024680307	0.006939650496169858	0.004000147884255114	0.0034243690221274848	0.002727373557446669	0.0017273365863828907	0.0010303411217020752	0.0010909494229786676	0.0003939539582978522	0.00021212905446807429	0.0003333456570212596	0.0001212166025531853	0.0001515207531914816	3.0304150638296325e-05	6.060830127659265e-05	0.0	6.060830127659265e-05	0.0	3.0304150638296325e-05	0.0	0.0	0.0	0.0
AeC01026_CKDL210012719-1a-AK7758-AK8488_HF5TCDSX2_L1_clmp_r1r2_fastp	90.61763622414496	7.729262693855681	1.1398059464297676	0.2770073614925137	0.10126618889017432	0.0470748875073828	0.029226769285101047	0.017924229600628373	0.012215876224632077	0.009704200739193706	0.0053658521734365194	0.003919735984850792	0.003272789268904544	0.0018266730803188154	0.0013700048102391115	0.0012177820535458769	0.0006469467159462471	0.0003805568917330865	0.0003805568917330865	0.00022833413503985193	7.61113783466173e-05	0.00011416706751992596	0.0	3.805568917330865e-05	3.805568917330865e-05	0.0	0.0	0.0	0.0	0.0	0.0
AeC01027_CKDL210012719-1a-AK7078-AK8488_HF5TCDSX2_L1_clmp_r1r2_fastp	91.70112471755118	6.915972004773067	0.9528871135634674	0.22724541523150224	0.08703231976168513	0.04028333742372824	0.02501629105557577	0.015605561808687999	0.011069454905511877	0.007108824251246161	0.00538239550451495	0.0037236698458908454	0.0019972410991596357	0.0015910225705169977	0.0013879133061956788	0.0008124370572852754	0.0006093277929639565	0.00027081235242842514	0.00027081235242842514	0.00020310926432131886	0.00010155463216065943	0.0001692577202677657	0.00010155463216065943	3.385154405355314e-05	0.0	0.0	0.0	0.0	0.0	0.0	0.0
AeC01028_CKDL210012719-1a-AK9143-AK8488_HF5TCDSX2_L1_clmp_r1r2_fastp	91.49604945112688	7.0725474647530335	0.9727021821731587	0.23688119354401804	0.09216729713219207	0.04518445542334294	0.02669479642548246	0.01719706885515291	0.012869701855653648	0.008148937856199908	0.006350551570693722	0.004327366999499261	0.0026413798568372115	0.0015735879998179136	0.0014611888569737766	0.0009553927141751616	0.0005619957142206834	0.0005619957142206834	0.0005619957142206834	0.00022479828568827332	0.000168598714266205	0.00011239914284413666	0.0	0.0	0.0	0.0	0.0	5.619957142206833e-05	0.0	0.0	0.0
AeC01029_CKDL210012719-1a-5UDI225-AK8488_HF5TCDSX2_L1_clmp_r1r2_fastp	91.63998631488025	6.9514283843744655	0.958908738413582	0.2331538921283107	0.08669354412923146	0.044402722663022934	0.026345967430259742	0.016948007104435624	0.011509861522638524	0.008658794906939073	0.006441298650283945	0.004857372752673139	0.0033790419149030532	0.0024814839062569293	0.0015311283676904459	0.0009503555385664837	0.0006335703590443226	0.00047517776928324184	0.0005279752992036021	0.00015839258976108064	5.2797529920360207e-05	0.00015839258976108064	0.00010559505984072041	0.00010559505984072041	0.0	0.0	5.2797529920360207e-05	0.0	0.0	0.0	5.2797529920360207e-05
AeC01030_CKDL210012719-1a-AK9144-AK8488_HF5TCDSX2_L1_clmp_r1r2_fastp	91.1671079681238	7.290465016716142	1.0342492050609244	0.26566450809651576	0.0983484442080233	0.0488649502668795	0.02726010335864797	0.018070311626721264	0.012282510103248193	0.00963160864211549	0.0068923437989450295	0.005478529686340921	0.0037996254276235417	0.0034461718994725147	0.0021207211689061633	0.0015905408766796224	0.0012812690395474734	0.0008394521293586894	0.000662725365283176	0.0002650901461132704	0.0003976352191699056	0.00017672676407551357	0.0003976352191699056	0.00017672676407551357	0.000220908455094392	0.0	0.0	0.000220908455094392	4.418169101887839e-05	4.418169101887839e-05	0.0
AeC01031_CKDL210012719-1a-AK3911-AK8488_HF5TCDSX2_L1_clmp_r1r2_fastp	91.36263411024788	7.170995190529042	1.0085090640029597	0.2389937106918239	0.09244049821186336	0.042372672339376	0.027870267603896902	0.017166111727709953	0.010506844247132816	0.008681711678382043	0.005426069798988777	0.003896904673819213	0.0032063139721297323	0.0020224441978049083	0.0014798372179060304	0.0008879023307436182	0.0013318534961154274	0.0005426069798988777	0.00034529535084474043	0.00019731162905413737	0.00019731162905413737	9.865581452706869e-05	0.0	4.9327907263534344e-05	4.9327907263534344e-05	0.0	4.9327907263534344e-05	4.9327907263534344e-05	0.0	0.0	0.0
AeC01032_CKDL210012719-1a-5UDI245-AK8488_HF5TCDSX2_L1_clmp_r1r2_fastp	91.9433424129401	6.695242114379922	0.9200656506546409	0.23076530942049053	0.08576838646646336	0.042568868282987324	0.025856645920036746	0.018499063747668566	0.011719577317415028	0.006779486430253536	0.00567584910439831	0.004624765936917141	0.002785370393825097	0.002207274651710454	0.00099852900910711	0.0007357582172368179	0.0007883123756108764	0.0004204332669924674	0.00036787910861840896	0.0002627707918702921	0.0002102166334962337	5.255415837405843e-05	0.0	5.255415837405843e-05	0.0	0.00010510831674811685	0.0	0.0	0.00010510831674811685	0.0	0.0
AeC01033_CKDL210012719-1a-AK8593-AK8488_HF5TCDSX2_L1_clmp_r1r2_fastp	91.33583473464574	7.196781165584383	0.9932120313939299	0.2490556619252697	0.09060983917967504	0.04462510300435228	0.02656140516145887	0.018160814497962734	0.011993906901060952	0.009808782162001263	0.007720774078010896	0.0043702494781193745	0.003204849617287542	0.002088008083990368	0.001602424808643771	0.001213958188366493	0.0010682832057625137	0.0002913499652079583	0.0005826999304159166	0.00048558327534659724	0.00024279163767329862	0.00024279163767329862	4.855832753465972e-05	0.0	4.855832753465972e-05	0.0	0.0	4.855832753465972e-05	4.855832753465972e-05	4.855832753465972e-05	0.0
AeC01034_CKDL210012719-1a-5UDI294-AK7557_HF5TCDSX2_L1_clmp_r1r2_fastp	92.64284788366697	6.198910345334626	0.8056324621126376	0.18781645355327642	0.0726984624492852	0.03526093088857546	0.019105717010956525	0.012479177186903249	0.007835762419683435	0.005949375170500386	0.004208094632792956	0.0020798628644838747	0.0015478049224066047	0.0009673780765041279	0.0009190091726789214	0.0003869512306016512	0.00033858232677644475	0.00048368903825206393	0.00014510671147561919	0.0001934756153008256	9.67378076504128e-05	4.83689038252064e-05	4.83689038252064e-05	0.0	0.0	0.0	0.0	0.0	0.0	0.0	0.0
AeC01035_CKDL210012719-1a-AK9146-AK7557_HF5TCDSX2_L1_clmp_r1r2_fastp	91.64477457006551	6.94385392879836	0.9561191343024985	0.23933481814777377	0.08784995677894754	0.044065763576619524	0.02477819293765187	0.01783279037179491	0.011075101388798943	0.008024755667307707	0.006523047004419717	0.004317412405802978	0.0033788444914979827	0.00201792101575574	0.00201792101575574	0.0011262814971659942	0.0010793531014507444	0.00014078518714574927	0.00042235556143724784	0.0005162123528677473	0.00028157037429149854	0.00018771358286099902	0.00014078518714574927	0.0	4.6928395715249755e-05	9.385679143049951e-05	0.0	0.0	0.0	0.0	0.0
AeC01036_CKDL210012719-1a-AK5577-AK7557_HF5TCDSX2_L1_clmp_r1r2_fastp	91.042414005723	7.389860612586421	1.054289002699156	0.265292485637382	0.10090253202459291	0.05117699013714035	0.027577516744068283	0.0202127608104672	0.012955519562028178	0.009461292294261243	0.006450881109723575	0.005590763628427098	0.003709256638091055	0.0026341097864704594	0.002096536360660162	0.001989021675498102	0.0005913307683913277	0.0008601174812964766	0.0003225440554861787	0.0005375734258102979	0.00021502937032411915	0.00010751468516205958	0.00010751468516205958	0.00026878671290514895	0.00010751468516205958	0.00016127202774308936	0.0	5.375734258102979e-05	0.0	0.0	5.375734258102979e-05
AeC01037_CKDL210012719-1a-5UDI301-GC06_HF5TCDSX2_L1_clmp_r1r2_fastp	91.87770755285031	6.793077278909925	0.9042763506430074	0.22323716720089107	0.08269638453129671	0.04186504466896896	0.023344500216647298	0.015548643133228183	0.011672250108323649	0.008312709486739721	0.004910097831545742	0.003833321991294483	0.0028857592518733745	0.002110480646892468	0.0012059889410814104	0.0011198468738613096	0.0005599234369306548	0.0005168524033206044	0.00021535516805025186	0.0003445682688804029	0.0003445682688804029	8.614206722010073e-05	0.0	0.0	4.3071033610050366e-05	4.3071033610050366e-05	0.0	0.0	0.0	0.0	4.3071033610050366e-05
AeC01038_CKDL210012719-1a-AK7758-GC06_HF5TCDSX2_L1_clmp_r1r2_fastp	92.41299855739311	6.38727372931682	0.83793671612544	0.2005123889028925	0.07127588824282506	0.03367981532353272	0.018940445826764702	0.011606363420160325	0.0073340824066043765	0.005553965317622732	0.004343485697115213	0.0027057779752521	0.0019937311396594423	0.0012104796205075184	0.0009256608862704554	0.0004984327849148606	0.00035602341779632896	0.00035602341779632896	0.0002136140506777974	7.12046835592658e-05	0.0	0.0	7.12046835592658e-05	0.0	7.12046835592658e-05	0.0	0.0	0.0	7.12046835592658e-05	0.0	0.0
AeC01039_CKDL210012719-1a-AK7078-GC06_HF5TCDSX2_L1_clmp_r1r2_fastp	90.76652047711686	7.590321716254454	1.1365034388343636	0.2769493328779305	0.10055564013214922	0.04679488727937447	0.02909934166952698	0.01511143418745706	0.012246441088719848	0.007639981596632566	0.0057861625327437815	0.0034829327867001406	0.0024717587518517125	0.002078524404966213	0.001123526705387142	0.0013482320464645705	0.0006741160232322852	0.0003932343468854997	0.0003370580116161426	0.0001685290058080713	0.0001685290058080713	0.0	5.61763352693571e-05	5.61763352693571e-05	5.61763352693571e-05	0.0	0.0	0.0	0.0	0.0	5.61763352693571e-05
AeC01040_CKDL210012719-1a-AK9143-GC06_HF5TCDSX2_L1_clmp_r1r2_fastp	92.35692689839047	6.411346106354462	0.8377949395435375	0.20325982971969203	0.07708408759054083	0.03818239797447474	0.02433603387384104	0.014565655742225056	0.009230909400422463	0.007972149027637583	0.005694392162598273	0.004975100521006913	0.00281722559623283	0.002097933954641469	0.0011388784325196547	0.0010189964922544279	0.0005994097013261341	0.0002397638805304536	0.0002397638805304536	0.00029970485066306703	5.99409701326134e-05	0.0001198819402652268	0.0	0.0	0.0	0.0	0.0	0.0	0.0	0.0	0.0
AeC01041_CKDL210012719-1a-5UDI225-GC06_HF5TCDSX2_L1_clmp_r1r2_fastp	92.12489200164498	6.582146032640342	0.8767517113101789	0.21084045671828372	0.07797261149140226	0.04005528509679294	0.025089574181507666	0.017040788479169365	0.012639108798203109	0.00830031025553637	0.006916925212946974	0.0037728682979710775	0.0035213437447730055	0.0024523643936812003	0.0018864341489855387	0.0020121964255845745	0.0009432170744927694	0.0010689793510918052	0.0005030491063961436	0.0001257622765990359	0.0005659302446956616	0.0002515245531980718	6.288113829951795e-05	0.0	0.0001257622765990359	0.0	0.0	0.0	0.0	0.0	6.288113829951795e-05
AeC01042_CKDL210012719-1a-AK9144-GC06_HF5TCDSX2_L1_clmp_r1r2_fastp	89.69300940147072	8.423035154674361	1.2756833907350522	0.3073629340035372	0.1148034378975457	0.05597443296410066	0.03487542275590307	0.023953582177541965	0.016072481305656396	0.013155853423934966	0.009184275031803656	0.007260541748115052	0.00577119985106581	0.004219802041639517	0.0037233547426231035	0.0030407397064755345	0.0019237332836886036	0.0019857891960656554	0.0012411182475410346	0.0011790623351639828	0.0009308386856557759	0.0008067268609016723	0.00018616773713115518	0.00012411182475410346	0.0	0.00024822364950820693	0.00012411182475410346	6.205591237705173e-05	0.0	0.0	6.205591237705173e-05
AeC01043_CKDL210012719-1a-AK3911-GC06_HF5TCDSX2_L1_clmp_r1r2_fastp	90.92065657194945	7.4954258995730845	1.0695853471397936	0.26460925050331496	0.09705618110158765	0.04983966056568014	0.027477391811868396	0.021968797749345854	0.013574749654073409	0.01141065912951098	0.008656362098249711	0.006033222068477071	0.003869131543914643	0.0020985120238181114	0.0022296690253067433	0.0017050410193522156	0.0012459915141420036	0.0005902065066988438	0.0002623140029772639	0.0004590495052102119	0.00039347100446589586	0.00039347100446589586	0.0	0.00019673550223294793	0.0	6.557850074431598e-05	6.557850074431598e-05	6.557850074431598e-05	0.0	0.0	6.557850074431598e-05
AeC01044_CKDL210012719-1a-5UDI245-GC06_HF5TCDSX2_L1_clmp_r1r2_fastp	91.65291757175784	6.942291110484687	0.9440757291856666	0.23354461339479662	0.08653638881058584	0.04015910259173894	0.028603644684696637	0.019328187440927257	0.013731822176530089	0.010208184787835575	0.008187275109025486	0.006166365430215398	0.004041819357620177	0.00228000066327292	0.0028500008290911504	0.0016063641036695574	0.0007254547564959292	0.0011918185285290264	0.00057000016581823	0.0003109091813553982	0.00025909098446283185	0.0001554545906776991	0.0	0.0	0.00010363639378513272	5.181819689256636e-05	5.181819689256636e-05	0.0	0.0	5.181819689256636e-05	0.0
AeC01045_CKDL210012719-1a-AK8593-GC06_HF5TCDSX2_L1_clmp_r1r2_fastp	90.994871823413	7.480774555487687	1.0365808693087188	0.25411304621666536	0.09419667765396009	0.044895314608091264	0.02843060728797515	0.01753143483663068	0.012058658882338563	0.00936865036243227	0.007003298043204319	0.005426396497052353	0.0037103565791810965	0.0025508701481870037	0.0024117317764677125	0.0012522453454736201	0.0014841426316724385	0.0010203480592748016	0.0006493124013566919	0.000788450773075983	0.00023189728619881853	0.0001855178289590548	0.0001391383717192911	4.63794572397637e-05	4.63794572397637e-05	4.63794572397637e-05	0.0	0.0	4.63794572397637e-05	4.63794572397637e-05	9.27589144795274e-05
AeC01046_CKDL210012719-1a-5UDI294-AK8488_HF5TCDSX2_L1_clmp_r1r2_fastp	92.19692061188154	6.549019061620903	0.8558445407070095	0.2090740942644151	0.0766556982416739	0.03885617786811666	0.02377479362758683	0.016426221051787263	0.009317797906569385	0.006243885195123814	0.005139197814448063	0.003362092028143592	0.0034581518003762657	0.001825135672420807	0.0012487770390247628	0.0009605977223267406	0.0007204482917450555	0.0004322689750470332	0.0001921195444653481	0.0001921195444653481	9.605977223267406e-05	0.0001440896583490111	0.0	0.0	4.802988611633703e-05	0.0	0.0	0.0	0.0	0.0	4.802988611633703e-05
AeC01047_CKDL210012719-1a-AK9146-AK8488_HF5TCDSX2_L1_clmp_r1r2_fastp	91.89993653322513	6.749998604103193	0.9249212248901428	0.22320389957732242	0.08249750134471392	0.041969964023086274	0.02410248488243757	0.016331992651999205	0.011632473398859831	0.007584372656056611	0.005676647018643598	0.003536271913253389	0.003257092551680753	0.0013028370206723012	0.0008840679783133472	0.0010701875526951045	0.0007444782975270293	0.00041876904235895395	0.00041876904235895395	0.00018611957438175732	0.0	0.00023264946797719663	0.0	0.0	9.305978719087866e-05	0.0	0.0	0.0	0.0	0.0	0.0
AeC01048_CKDL210012719-1a-AK5577-AK8488_HF5TCDSX2_L1_clmp_r1r2_fastp	91.05808436234891	7.382793795435089	1.0700241905895083	0.2600954771681878	0.09452364023805032	0.047313642290208305	0.02632566296103595	0.01756771603108501	0.014199274904180806	0.007773325677471243	0.006166838370793853	0.0037830184963693384	0.003990307181101905	0.0018137759914099568	0.0016583094778605321	0.0013473764507616823	0.0010364434236628324	0.0004663995406482746	0.00041457736946513303	0.00020728868473256652	0.00010364434236628326	5.182217118314163e-05	0.00015546651354942487	0.0	0.00010364434236628326	0.0	0.0	0.0	0.0	0.0	0.0
AeC01049_CKDL210012719-1a-5UDI301-AK4236_HF5TCDSX2_L1_clmp_r1r2_fastp	92.05606901979647	6.645676424612761	0.8904171357986904	0.21872711273379172	0.08027623222308458	0.039728194925722285	0.02186246324373367	0.015167083875340234	0.009940588756135153	0.006866179862485106	0.004782413834566741	0.003655130573561723	0.0021520862255550335	0.0016396847432800254	0.0009223226680950144	0.0006490418775483434	0.0005124014822750079	0.00027328079054667086	0.00020496059291000317	6.832019763666772e-05	0.00023912069172833702	6.832019763666772e-05	6.832019763666772e-05	0.0	3.416009881833386e-05	0.0	0.0	0.0	0.0	0.0	0.0
AeC01050_CKDL210012719-1a-AK7758-AK4236_HF5TCDSX2_L1_clmp_r1r2_fastp	91.53084164360628	7.068155465200143	0.9701081660276221	0.2380586699431731	0.08442752301323626	0.040013256917443354	0.023846284425547048	0.014325733958097005	0.00987981652282552	0.006287155969070785	0.004131559636817945	0.003278302755301195	0.0025597706445502485	0.0014819724784238281	0.0010777981661264202	0.0004490825692193418	0.00031435779845353926	4.4908256921934185e-05	0.0002245412846096709	0.0002245412846096709	0.00017963302768773674	4.4908256921934185e-05	0.0	0.0	0.0	0.0	4.4908256921934185e-05	0.0	0.0	0.0	0.0
AeC01051_CKDL210012719-1a-AK7078-AK4236_HF5TCDSX2_L1_clmp_r1r2_fastp	91.37345433981959	7.1765915660435855	0.9919473151957172	0.24468100559134914	0.09015881475218598	0.043626848693974436	0.025244468130612072	0.016328763116229238	0.010618704848590793	0.0069622640280854724	0.00550970534596692	0.004157323124684131	0.0033559114379980337	0.0019534409862973627	0.0017530880646258384	0.0011520292996112652	0.001001764608357622	0.000550970534596692	0.0002504411520894055	0.0001502646912536433	0.0002003529216715244	0.0002003529216715244	0.0001001764608357622	0.0	0.0	0.0	0.0	0.0	0.0	0.0	5.00882304178811e-05
AeC01052_CKDL210012719-1a-AK9143-AK4236_HF5TCDSX2_L1_clmp_r1r2_fastp	91.2494741799829	7.220772270758199	1.0478654538240904	0.2561681885914566	0.09507748584427507	0.04504332589181801	0.027135038968348464	0.018579323435824375	0.012749693734741784	0.008555715532524091	0.005200532970749938	0.0042778577662620455	0.0024325073572862613	0.001509832152798369	0.0013001332426874844	0.0014678923707761922	0.0007549160763991845	0.00033551825617741536	0.0002516386921330615	0.00016775912808870768	0.00016775912808870768	0.00029357847415523847	0.00012581934606653076	8.387956404435384e-05	4.193978202217692e-05	0.0	4.193978202217692e-05	0.0	0.0	0.00012581934606653076	0.0
AeC01053_CKDL210012719-1a-5UDI225-AK4236_HF5TCDSX2_L1_clmp_r1r2_fastp	90.95189906474937	7.461728047851084	1.067709935452766	0.27113353781870275	0.09950142566396016	0.05040987054142586	0.028751831516778386	0.021030269777556246	0.01268093879124287	0.009918754104041453	0.0067799078685852965	0.00483382320260248	0.003452730859001772	0.00301329238603791	0.0021971923648193095	0.001129984644764216	0.001067207720055093	0.0008161000212186006	0.0006905461718003543	0.0003138846235456156	0.00043943847296386187	0.00018833077412736937	6.277692470912311e-05	0.00012555384941824623	6.277692470912311e-05	0.0	6.277692470912311e-05	0.0	0.0	0.0	0.0
AeC01054_CKDL210012719-1a-AK9144-AK4236_HF5TCDSX2_L1_clmp_r1r2_fastp	89.94443976548239	8.2228423712796	1.2293728818726275	0.3151324005607176	0.1140862994651688	0.05414965663020693	0.032603466921431845	0.021236172590663214	0.015139169267796404	0.010953938173286135	0.009093835464614904	0.006407020440978683	0.006097003322866811	0.003978553015769021	0.0034101882992305893	0.002531806464580286	0.0020151112677271664	0.0017567636693006066	0.0010333903937062392	0.0010333903937062392	0.0005683647165384315	0.0002583475984265598	0.00036168663779718367	0.0002583475984265598	0.00031001711811187173	0.00015500855905593587	0.00015500855905593587	0.00031001711811187173	0.00010333903937062393	0.0	0.00020667807874124786
AeC01055_CKDL210012719-1a-AK3911-AK4236_HF5TCDSX2_L1_clmp_r1r2_fastp	91.1464546883262	7.329903760760392	1.025981364238403	0.2540158246984766	0.09317314051858447	0.04879688198692289	0.02907410041729552	0.020232853506772903	0.013601918323880944	0.010314788062276384	0.0068576338216233095	0.005950839266697913	0.004137250156847121	0.00311710628255605	0.0019836130888993045	0.0024936850260448397	0.0014168664920709317	0.0009067945549253963	0.0005667465968283727	0.00045339727746269813	0.00011334931936567453	0.00011334931936567453	5.6674659682837266e-05	5.6674659682837266e-05	0.00011334931936567453	0.0	5.6674659682837266e-05	5.6674659682837266e-05	0.0	0.0	0.0
AeC01056_CKDL210012719-1a-5UDI245-AK4236_HF5TCDSX2_L1_clmp_r1r2_fastp	91.79415484081687	6.8393471042196206	0.928236737531039	0.22658942352384503	0.08578888083982028	0.03993710560145386	0.024391469476117297	0.01617374263545117	0.011096548345358084	0.009316913233366692	0.007327909284670433	0.00497250987174065	0.0031928747597492597	0.0031405325505730426	0.0017272929028151734	0.0014132396477578692	0.0010991863927005648	0.0005757643009383912	0.00020936883670486948	0.0003140532550573042	0.0005757643009383912	5.234220917621737e-05	5.234220917621737e-05	0.00010468441835243474	5.234220917621737e-05	5.234220917621737e-05	0.0	5.234220917621737e-05	0.0	0.0	5.234220917621737e-05
AeC01057_CKDL210012719-1a-AK8593-AK4236_HF5TCDSX2_L1_clmp_r1r2_fastp	91.1305925743897	7.32838779117121	1.054263249785649	0.2611379325516186	0.091481441339739	0.04769912102699588	0.025754306066319486	0.016954918160326994	0.012769843424550079	0.008048220645724838	0.006975124559628194	0.003970455518557587	0.0033265978668996004	0.002092537367888458	0.002092537367888458	0.0013413701076208065	0.0008584768688773161	0.0005902028473531548	0.00042923843443865803	0.00048289323874349034	0.00016096441291449677	0.0002682740215241613	5.3654804304832254e-05	5.3654804304832254e-05	0.00010730960860966451	5.3654804304832254e-05	5.3654804304832254e-05	0.0	0.0	0.0	0.0
AeC01058_CKDL210012719-1a-5UDI294-GC06_HF5TCDSX2_L1_clmp_r1r2_fastp	91.87786752762308	6.80498019673175	0.9070074106327982	0.21406859759819113	0.08059761290605229	0.04136898222605256	0.02344353802786002	0.015383776737254792	0.00973191093595901	0.00735745843955664	0.006320725659437296	0.003544957248150017	0.002742325418380202	0.0018059216169820842	0.0011370617588405715	0.0005685308794202858	0.0006688598581415127	0.00033442992907075633	0.0005016448936061345	0.00016721496453537816	0.00013377197162830253	0.00016721496453537816	6.688598581415127e-05	3.344299290707563e-05	0.0	0.0	0.0	0.0	0.0	0.0	0.0
AeC01059_CKDL210012719-1a-AK9146-GC06_HF5TCDSX2_L1_clmp_r1r2_fastp	92.11633266071178	6.604094450519125	0.8704766753696339	0.20818184121120056	0.08206010736751092	0.04090546850050519	0.023380486056633933	0.014451881257031276	0.011711007225525346	0.007724281361516717	0.006104673979263211	0.004194367836092411	0.0030315727924232275	0.001993362932004314	0.0014119654101697225	0.0012458518325026962	0.000996681466002157	0.0005813975218345916	0.0003322271553340523	0.0002906987609172958	0.00016611357766702615	8.305678883351308e-05	4.152839441675654e-05	4.152839441675654e-05	0.0	4.152839441675654e-05	8.305678883351308e-05	4.152839441675654e-05	0.0	0.0	0.0
AeC01060_CKDL210012719-1a-AK5577-GC06_HF5TCDSX2_L1_clmp_r1r2_fastp	91.65024780828254	6.938285719725869	0.9589074885140115	0.2380500065127297	0.08646135484683401	0.04362014298579013	0.025185439700128827	0.016920114987543592	0.012982185412437538	0.008481694469459193	0.00627472294934481	0.004370669088853972	0.002553163131112716	0.0018175059577412555	0.0015578622494925047	0.001298218541243754	0.0008222050761210442	0.0007356571733714605	0.0001730958054991672	0.0005625613678722934	0.0003461916109983344	0.0001298218541243754	4.32739513747918e-05	0.0	4.32739513747918e-05	4.32739513747918e-05	0.0	0.0	4.32739513747918e-05	4.32739513747918e-05	0.0
AeC01061_CKDL210012719-1a-5UDI301-AK10343_HF5TCDSX2_L1_clmp_r1r2_fastp	92.25662280043974	6.482614462632879	0.8586361897072984	0.2100570415128966	0.08096727156179934	0.0391053700503324	0.02373420308909063	0.015371166961241765	0.009671220550082205	0.007008130833392902	0.004391761988926219	0.004064715883367883	0.003223740183360735	0.0014016261666785804	0.0012614635500107225	0.0008876965722297677	0.00042048785000357413	0.00014016261666785804	0.0	9.34417444452387e-05	0.00014016261666785804	0.0	9.34417444452387e-05	4.672087222261935e-05	0.0	4.672087222261935e-05	0.0	0.0	0.0	0.0	0.0
AeC01062_CKDL210012719-1a-AK7758-AK10343_HF5TCDSX2_L1_clmp_r1r2_fastp	91.56805638572887	7.052401254685487	0.9564133079076735	0.23152445574314792	0.07914219518450594	0.041583187300333634	0.02339389633928447	0.014648013074827201	0.010301899305372977	0.006921588595797469	0.005097293927137671	0.003326654984026691	0.002253540473050339	0.0019852618453062507	0.0010731145109763517	0.0004829015299393583	0.0003755900788417231	0.0005365572554881759	0.00016096717664645276	0.00010731145109763519	0.0	5.3655725548817594e-05	5.3655725548817594e-05	0.0	0.00010731145109763519	0.0	0.0	0.0	0.0	0.0	0.0
AeC01063_CKDL210012719-1a-AK7078-AK10343_HF5TCDSX2_L1_clmp_r1r2_fastp	91.42777658836636	7.062283422069123	1.0249592644394903	0.25319506532432684	0.09550902464132836	0.04852371251911783	0.027627107127793638	0.0210248054243998	0.011602102993342573	0.00884580228221699	0.005512601422251167	0.004422901141108495	0.002371700611898758	0.0020512005292097368	0.0015384003969073023	0.0008974002315292597	0.0005128001323024342	0.00019230004961341278	0.0004487001157646298	6.410001653780427e-05	0.0002564000661512171	0.00019230004961341278	6.410001653780427e-05	6.410001653780427e-05	0.0	0.0	0.0	6.410001653780427e-05	0.0	0.0	0.0
AeC01064_CKDL210012719-1a-AK9143-AK10343_HF5TCDSX2_L1_clmp_r1r2_fastp	91.99227630643738	6.682942816981402	0.8853576476111321	0.22564828742032686	0.08475489748159222	0.04382741954987435	0.02549759988794188	0.017126070310999587	0.012201641148092359	0.00930169952993588	0.006511189670955114	0.004705565644555798	0.003009373377332196	0.0024622145814536148	0.0012037493509328783	0.0012584652305207365	0.0006018746754664391	0.00016414763876357433	0.0004377270367028649	0.00032829527752714866	0.00010943175917571622	5.471587958785811e-05	0.00010943175917571622	5.471587958785811e-05	0.0	0.0	5.471587958785811e-05	0.0	0.0	0.0	0.0
AeC01065_CKDL210012719-1a-5UDI225-AK10343_HF5TCDSX2_L1_clmp_r1r2_fastp	89.34614681634969	8.645871554589919	1.3626350369878697	0.338751990940961	0.12278900766967489	0.0608791610494303	0.03518073415046086	0.023911905242891364	0.016971955732741857	0.012849213449484727	0.008795183537615214	0.006871237138761886	0.004878578368520938	0.003916605169094275	0.00302334434105523	0.0017178092846904715	0.0012368226849771393	0.0009619731994266641	0.0006871237138761885	0.0007558360852638075	0.0004122742283257131	6.871237138761886e-05	0.0004122742283257131	0.00013742474277523772	0.0	0.0	0.0	6.871237138761886e-05	0.0	0.0	6.871237138761886e-05
AeC01066_CKDL210012719-1a-AK9144-AK10343_HF5TCDSX2_L1_clmp_r1r2_fastp	89.64231916315303	8.483424404621937	1.2646763690377796	0.31657652665668645	0.11734110640556719	0.056051332077659326	0.030382965051441505	0.022001457451043847	0.01594814640631221	0.01047688450049707	0.009254581308772412	0.007624843719806201	0.004772802939115332	0.0045981881974403805	0.0036087046612823244	0.002561016211232617	0.002095376900099414	0.0015715326750745605	0.0011058933639413575	0.0015715326750745605	0.0005820491389165039	0.0008148687944831054	0.00029102456945825195	5.8204913891650385e-05	0.00011640982778330077	5.8204913891650385e-05	0.0	0.0	0.0	0.0	0.00011640982778330077
AeC01067_CKDL210012719-1a-AK3911-AK10343_HF5TCDSX2_L1_clmp_r1r2_fastp	92.34247195876935	6.404939017267757	0.8500260683017997	0.2067230577690662	0.08210802818225589	0.04091156435451751	0.02336175680411167	0.016581149341454868	0.010598260403816513	0.006837587357300977	0.005242150307264082	0.0027920148375645652	0.002222215891122817	0.0015954370500368944	0.0017093968393252443	0.0005128190517975733	0.0006837587357300976	0.0001139597892883496	0.0002279195785766992	5.69798946441748e-05	5.69798946441748e-05	0.0001709396839325244	0.0	5.69798946441748e-05	0.0	0.0	0.0	0.0	0.0	0.0	0.0
AeC01068_CKDL210012719-1a-5UDI245-AK10343_HF5TCDSX2_L1_clmp_r1r2_fastp	91.86162513261003	6.772235282263852	0.9229833756377143	0.221958873463525	0.09085727441064324	0.04557508671275335	0.02688812956446502	0.016929563059107606	0.011540221185620064	0.009138449263739745	0.005857980297269068	0.004862123646733326	0.0025775113307983898	0.0022846123159349363	0.0015230748772899578	0.0012301758624265044	0.0007615374386449789	0.0004100586208088347	0.00011715960594538138	0.00023431921189076275	0.00023431921189076275	0.0	5.857980297269069e-05	0.0	0.0	5.857980297269069e-05	0.0	0.0	0.0	5.857980297269069e-05	0.0
AeC01069_CKDL210012719-1a-AK8593-AK10343_HF5TCDSX2_L1_clmp_r1r2_fastp	90.72270917722139	7.658767040099601	1.1008726011087626	0.2711506189177483	0.10094007587646459	0.049789848747690074	0.029819494113370672	0.018283485441774716	0.01349495354035753	0.00984913947905126	0.006801891905422143	0.005822419471041353	0.003809059467036399	0.002013360004004954	0.0015780389220579369	0.0010883027048675428	0.0008706421638940341	0.0008706421638940341	0.00021766054097350853	0.00032649081146026283	0.0003809059467036399	0.0002720756762168857	0.00010883027048675426	5.441513524337713e-05	0.0	5.441513524337713e-05	5.441513524337713e-05	0.0	0.0	0.0	0.0
AeC01070_CKDL210012719-1a-5UDI294-AK4236_HF5TCDSX2_L1_clmp_r1r2_fastp	91.68766466715557	6.928713355355116	0.9385897283213926	0.22988109490469413	0.08843187768090142	0.046644812031331945	0.02580351303860916	0.01572238345065052	0.011595910717755533	0.007887308641356242	0.00590242302300169	0.0036041344122753685	0.0031340299237177117	0.002141587114540436	0.0014103134656729703	0.0009924428091772754	0.0008357413129913898	0.00031340299237177114	0.0004178706564956949	5.2233832061961865e-05	5.2233832061961865e-05	0.0	0.00010446766412392373	0.0	0.00010446766412392373	0.0	0.0	0.0	0.0	0.0	0.0
AeC01071_CKDL210012719-1a-AK9146-AK4236_HF5TCDSX2_L1_clmp_r1r2_fastp	92.0818723573453	6.64821713999328	0.8735808044290959	0.21086433210357486	0.07661265480802049	0.03892996272928519	0.02260205603117723	0.013304220272532417	0.010356126007596257	0.006500925814987431	0.0051024708431587395	0.003439443309092187	0.002494541301099828	0.001776415775025635	0.0009449020079923591	0.0011716784899105253	0.0007559216063938874	0.00041575688351663803	0.0004913490441560268	0.00018898040159847184	7.559216063938873e-05	0.0001133882409590831	3.7796080319694365e-05	7.559216063938873e-05	7.559216063938873e-05	0.0	0.0	0.0	0.0	0.0	0.0
AeC01072_CKDL210012719-1a-AK5577-AK4236_HF5TCDSX2_L1_clmp_r1r2_fastp	91.46118298116647	7.04579945651662	0.9892468426947296	0.25781003267742164	0.1007442281539463	0.047000752111191486	0.030044784577407217	0.020723960319069663	0.014625761469199881	0.009419981963213482	0.006296514259621644	0.004759569834044707	0.0034209408182196335	0.0025285214743362506	0.0016856809828908338	0.0013882078682630396	0.0009419981963213483	0.0006941039341315198	0.0004462096719416913	0.0002974731146277942	0.0004462096719416913	0.00019831540975186277	0.0001487365573138971	4.957885243796569e-05	4.957885243796569e-05	0.0	0.0	0.0	0.0	4.957885243796569e-05	0.0
AeC01073_CKDL210012719-1a-5UDI301-AK4234_HF5TCDSX2_L1_clmp_r1r2_fastp	93.02812815490798	5.92591491643244	0.7239842916546939	0.17119762371092592	0.0632495400784096	0.03159724630548923	0.018826233861458735	0.01233063270458116	0.008147025179812552	0.0047891296665114325	0.0034129429807322857	0.0024771360344024653	0.0018165664252284745	0.0014862816206414793	0.0009358069463298202	0.0005504746743116589	0.000495427206880493	0.0004403797394493272	0.0	0.0001100949348623318	5.50474674311659e-05	0.0	0.0	0.0	0.0	0.0	0.0	0.0	0.0	0.0	5.50474674311659e-05
AeC01074_CKDL210012719-1a-AK7758-AK4234_HF5TCDSX2_L1_clmp_r1r2_fastp	92.36927516549231	6.45828008374121	0.8292312602763765	0.18960033876277832	0.06531949967213087	0.03183318900309558	0.01932880717098746	0.012038116746843066	0.00847754700481906	0.005001752732843247	0.003602957477048101	0.0022889376913011465	0.0019922235461324795	0.001102081110626478	0.0008053669654578109	0.0005086528202891436	0.0004662650852650483	0.0002543264101445718	0.0001271632050722859	4.2387735024095306e-05	0.00021193867512047653	0.0001271632050722859	4.2387735024095306e-05	0.0	0.0	0.0	0.0	0.0	4.2387735024095306e-05	0.0	0.0
AeC01075_CKDL210012719-1a-AK7078-AK4234_HF5TCDSX2_L1_clmp_r1r2_fastp	92.3487515794601	6.458538588894008	0.8374426875558486	0.1934812106832178	0.06703954229813248	0.0342410826801221	0.02172420611179989	0.01171070485714213	0.008952749003105033	0.005134040897515209	0.004752170086956226	0.002800385944099205	0.0018244938726706943	0.0010183221614906198	0.0010183221614906198	0.0003818708105589825	0.0003818708105589825	0.0003818708105589825	4.243009006210916e-05	0.00012729027018632748	0.00012729027018632748	4.243009006210916e-05	4.243009006210916e-05	0.0	4.243009006210916e-05	0.0	0.0	0.0	0.0	0.0	0.0
AeC01076_CKDL210012719-1a-AK9143-AK4234_HF5TCDSX2_L1_clmp_r1r2_fastp	92.70865570316616	6.175080470533153	0.7752794522151343	0.1839527125885176	0.06414233042664014	0.033382103353426576	0.0209281910224147	0.012313454673143324	0.008052905717797156	0.005571487095452683	0.0038391759817405042	0.002434599403054954	0.0016854918944226606	0.001451395797975069	0.001076842043658922	0.0009832036050798853	0.0003277345350266284	0.0003277345350266284	0.0001872768771580734	0.00014045765786855504	4.681921928951835e-05	4.681921928951835e-05	4.681921928951835e-05	0.0	0.0	4.681921928951835e-05	0.0	0.0	0.0	0.0	0.0
AeC01077_CKDL210012719-1a-5UDI225-AK4234_HF5TCDSX2_L1_clmp_r1r2_fastp	92.29322726170449	6.50174681830374	0.8349377000694153	0.19747884546577615	0.07260742110732035	0.03573199857643718	0.02086748716863931	0.013673444788583292	0.009290319629873665	0.006288831749452943	0.004049626505329547	0.00328734386903222	0.0018104212612061502	0.0015722079373632358	0.0007146399715287435	0.0008099253010659094	0.0006193546419915778	0.00042878398291724615	0.0003334986533800803	4.76426647685829e-05	0.0001429279943057487	0.0001429279943057487	9.52853295371658e-05	4.76426647685829e-05	0.0	4.76426647685829e-05	0.0	0.0	0.0	0.0	0.0
AeC01078_CKDL210012719-1a-AK9144-AK4234_HF5TCDSX2_L1_clmp_r1r2_fastp	91.40518591594297	7.168061358766632	0.9735532780067953	0.24177224988183132	0.08679426136766016	0.040514968304448576	0.02499246520406533	0.016345978065920818	0.011034564538203473	0.007987707165714456	0.005887846003593645	0.0044055910656260145	0.003376247358704048	0.002635119889720233	0.001688123679352024	0.0014410811896907521	0.001235212448306359	0.0008646487138144513	0.00045291123104566504	0.0004940849793225436	0.0003705637344919077	0.0002470424896612718	0.00016469499310751455	4.117374827687864e-05	0.00020586874138439317	0.0	8.234749655375728e-05	8.234749655375728e-05	8.234749655375728e-05	0.0	0.0
AeC01079_CKDL210012719-1a-AK3911-AK4234_HF5TCDSX2_L1_clmp_r1r2_fastp	92.51269435389071	6.337885930575922	0.7962803624303679	0.18307338689805333	0.07202556240936211	0.03534625188345028	0.02044023251774382	0.013370982141053762	0.009654576228736705	0.0056554003013520445	0.004120363076699347	0.0028680958671142513	0.0023429515534172758	0.0015754329410909268	0.0006463314630116622	0.0008483100452028067	0.00020197858219114445	0.0004443528808205178	0.00016158286575291555	8.079143287645778e-05	8.079143287645778e-05	8.079143287645778e-05	4.039571643822889e-05	0.0	4.039571643822889e-05	4.039571643822889e-05	0.0	0.0	0.0	0.0	0.0
AeC01080_CKDL210012719-1a-5UDI245-AK4234_HF5TCDSX2_L1_clmp_r1r2_fastp	92.82232369218042	6.056439862379839	0.7704050538707155	0.18605337146509188	0.07107323552322531	0.03386256123020693	0.01805438183237566	0.012290541622978735	0.009662908586341902	0.006060508455468825	0.004365261335057965	0.0033904942408217206	0.0019071530104622177	0.0017376282984211315	0.0005509553141335295	0.0007204800261746155	0.000339049424082172	4.23811780102715e-05	0.00021190589005135754	0.0	0.00021190589005135754	0.00021190589005135754	0.0	0.0	4.23811780102715e-05	0.0	0.0	0.0	4.23811780102715e-05	0.0	0.0
AeC01081_CKDL210012719-1a-AK8593-AK4234_HF5TCDSX2_L1_clmp_r1r2_fastp	92.4538214320121	6.376769707718827	0.8080339722890472	0.19454915814344517	0.07121455646326681	0.033614656822077274	0.019094511246355236	0.013168628445762231	0.008940805628964883	0.0063417342251960215	0.004331785672948102	0.003396119967591312	0.0021832199791658436	0.0017327142691792407	0.0010049742761239597	0.0005544685661373571	0.00031188856845226336	0.00024257999768509373	0.00031188856845226336	0.00013861714153433927	3.4654285383584817e-05	6.930857076716963e-05	6.930857076716963e-05	3.4654285383584817e-05	0.0	0.0	0.0	3.4654285383584817e-05	0.0	0.0	0.0
AeC01082_CKDL210012719-1a-5UDI294-AK10343_HF5TCDSX2_L1_clmp_r1r2_fastp	91.53434192579098	7.057747387549085	0.9727626459143969	0.22731280876703033	0.08259831990552538	0.044145453408966605	0.026286357213177333	0.018026525222624795	0.012278128634605123	0.0073110675051512326	0.0058042062636315134	0.0032369611854868056	0.0026788644293683907	0.0020091483220262933	0.0011161935122368295	0.0007813354585657807	0.0004464774048947318	0.0002232387024473659	0.0002232387024473659	0.0002232387024473659	5.5809675611841476e-05	5.5809675611841476e-05	0.00011161935122368295	5.5809675611841476e-05	0.00016742902683552442	0.0	0.0	0.0	0.0	0.0	0.0
AeC01083_CKDL210012719-1a-AK9146-AK10343_HF5TCDSX2_L1_clmp_r1r2_fastp	91.96073721857982	6.696226965046792	0.9167070102816798	0.23355512939354475	0.08312661139904151	0.04065635621473061	0.023080300681900916	0.013885709353338762	0.010195363173847831	0.006505016994356898	0.005066407466758738	0.0030648637761873845	0.0021891884115624173	0.0018764472099106436	0.0013760612872678053	0.00037528944198212874	0.0005003859226428383	0.00012509648066070958	0.00018764472099106437	6.254824033035479e-05	0.00018764472099106437	0.00012509648066070958	6.254824033035479e-05	0.0	6.254824033035479e-05	0.0	0.0	0.0	0.0	0.0	6.254824033035479e-05
AeC01084_CKDL210012719-1a-AK5577-AK10343_HF5TCDSX2_L1_clmp_r1r2_fastp	90.91448767541598	7.494197070792645	1.0857057087106619	0.26646533730070615	0.09792882227380381	0.04879576218924323	0.029850863735585435	0.019225980033088924	0.010681100018382735	0.009219475805340887	0.0059027131680536166	0.005115684745646468	0.0033729789531734954	0.0025297342148801216	0.0017427057924729724	0.0013491915812693983	0.001517840528928073	0.0005621631588622493	0.00028108157943112464	0.00028108157943112464	0.0	0.0003372978953173496	0.0001686489476586748	0.00011243263177244985	5.6216315886224925e-05	0.00011243263177244985	0.0	0.0	0.0	0.0	0.0
AeC01085_CKDL210012719-1a-5UDI301-GD06_HF5TCDSX2_L1_clmp_r1r2_fastp	92.31625293752195	6.474737311255774	0.8442843251127738	0.1928635098997866	0.07215499311201751	0.034845087923070686	0.022791118554334026	0.014079846573566356	0.009015153561492125	0.0063139839550525375	0.004051754409659383	0.0026674049863590933	0.002093406444990681	0.0010804678425758354	0.000945409362253856	0.0006077631614489074	0.0003714108208854434	0.0002025877204829691	0.00016882310040247428	0.0002025877204829691	0.00013505848032197942	3.3764620080494856e-05	6.752924016098971e-05	0.0	0.0	3.3764620080494856e-05	0.0	0.0	0.0	0.0	0.0
AeC01086_CKDL210012719-1a-AK7758-GD06_HF5TCDSX2_L1_clmp_r1r2_fastp	92.2391735231588	6.5165945713218125	0.8581623035227667	0.2004907109274764	0.07960153548646796	0.03939133916330899	0.021591970372886002	0.012886225831323182	0.009567699446668049	0.006895639240841836	0.004180481289760364	0.0037064060919524875	0.0023703759890393813	0.0020255940269972897	0.0009481503956157525	0.0008619549051052295	0.0005171729430631378	0.0003878797072973533	0.00012929323576578444	0.00021548872627630739	8.619549051052296e-05	0.0	0.00012929323576578444	4.309774525526148e-05	0.0	0.0	0.0	0.0	0.0	0.0	4.309774525526148e-05
AeC01087_CKDL210012719-1a-AK7078-GD06_HF5TCDSX2_L1_clmp_r1r2_fastp	91.16112002939039	7.3488451493878335	1.0335553585547597	0.24863031203328784	0.08650398127960005	0.04217880218191692	0.023410483104519573	0.016971352357221012	0.010282642898786849	0.00803643449856642	0.005091405707166303	0.00404317512039677	0.0032445232447628407	0.0029949445336272373	0.0013976407823593773	0.0012978092979051361	0.0006489046489525681	0.0006489046489525681	0.0001996629689084825	0.0002495787111356031	0.0001996629689084825	0.0001996629689084825	9.983148445424125e-05	0.00014974722668136185	0.0	0.0	0.0	0.0	0.0	0.0	0.0
AeC01088_CKDL210012719-1a-AK9143-GD06_HF5TCDSX2_L1_clmp_r1r2_fastp	92.19368257614349	6.526638708695105	0.8594162661258034	0.2169687719106974	0.08162762763891734	0.04003842184706827	0.02617535324978524	0.016259734693762466	0.01156038940654788	0.0085058149698584	0.005968168514762524	0.003994443494132398	0.00305457443668948	0.0020207184735022716	0.0013158166804200838	0.0007988886988264795	0.0006579083402100419	0.00032895417010502095	0.00042294107584931265	4.699345287214585e-05	9.39869057442917e-05	9.39869057442917e-05	9.39869057442917e-05	0.00014098035861643757	0.0	0.0	4.699345287214585e-05	0.0	0.0	0.0	4.699345287214585e-05
AeC01089_CKDL210012719-1a-5UDI225-GD06_HF5TCDSX2_L1_clmp_r1r2_fastp	91.99332724268567	6.676119133795417	0.9108259218086225	0.21874541441012108	0.08118339679146135	0.042068173155508225	0.025486225853391054	0.015309907509078048	0.011811798078220453	0.0069053588764981105	0.005360739127807744	0.0034526794382490553	0.003043809504772194	0.0021806396452099296	0.001317469785647666	0.0008631698595622638	0.0008177398669537236	0.000227149963042701	0.00036343994086832164	9.085998521708041e-05	4.5429992608540204e-05	0.0001362899778256206	0.0001362899778256206	4.5429992608540204e-05	0.0	0.0	0.0	0.0001362899778256206	0.0	0.0	0.0
AeC01090_CKDL210012719-1a-AK9144-GD06_HF5TCDSX2_L1_clmp_r1r2_fastp	91.46523746119266	7.065757538153325	1.0020313410092758	0.24572853816115006	0.09230658007661037	0.04442044547893401	0.0243343547799865	0.016657667054600256	0.012744792243116974	0.007751218674176405	0.006260599698373249	0.0048072461969651745	0.0032793617467669406	0.0026085832076555206	0.0015651499245933123	0.0016396808733834703	0.0008198404366917351	0.00040992021834586757	0.00033538926955570985	0.0004471856927409465	0.0001490618975803155	0.00022359284637047324	0.00011179642318523662	0.0001490618975803155	3.7265474395078874e-05	3.7265474395078874e-05	3.7265474395078874e-05	0.0	3.7265474395078874e-05	3.7265474395078874e-05	3.7265474395078874e-05
AeC01091_CKDL210012719-1a-AK3911-GD06_HF5TCDSX2_L1_clmp_r1r2_fastp	92.40496462483027	6.403360048989947	0.8293753652390995	0.1971053038423261	0.07101303168800431	0.034063861773930504	0.01980957827561066	0.013091547382142698	0.008139152813240033	0.005856744881484892	0.0047801373665060515	0.002928372440742446	0.0015503148215695302	0.0015933791221686836	0.0009474146131813795	0.000559835907788997	0.0002583858035949217	8.612860119830723e-05	0.0002583858035949217	4.3064300599153614e-05	0.0	0.0	8.612860119830723e-05	4.3064300599153614e-05	4.3064300599153614e-05	4.3064300599153614e-05	0.0	0.0	0.0	0.0	0.0
AeC01092_CKDL210012719-1a-5UDI245-GD06_HF5TCDSX2_L1_clmp_r1r2_fastp	92.42197593989414	6.337505471570039	0.8437742520072997	0.20778221142358091	0.07714120774203372	0.039331865789523766	0.023472242487296444	0.014379391794019442	0.009727235625366093	0.007739496171486934	0.0054557104159662	0.003510263290892981	0.0020723241114910373	0.001903154796267279	0.0015648161658197628	0.0009304312337306698	0.0005920926032831535	0.0002537539728356372	0.0002537539728356372	0.0002537539728356372	0.0001268769864178186	0.0001268769864178186	0.0	4.2292328805939535e-05	8.458465761187907e-05	0.0	0.0	0.0	0.0	0.0	0.0
AeC01094_CKDL210012719-1a-5UDI294-AK4234_HF5TCDSX2_L1_clmp_r1r2_fastp	92.4907677478312	6.359634298494882	0.8016724459522052	0.18426949413517268	0.06851687259283369	0.03588581633973019	0.020237931307871094	0.012768674185997019	0.0077196232823838196	0.005549783224632692	0.003964130874737637	0.0025871169919340366	0.002169840057751128	0.0013352861893853093	0.001043192335457273	0.0005841877078560728	0.000500732321019491	0.0002503661605097455	0.00016691077367316366	0.00020863846709145458	0.00012518308025487275	0.0	0.0	4.1727693418290915e-05	0.0	0.0	0.0	0.0	0.0	0.0	0.0
AeC01095_CKDL210012719-1a-AK9146-AK4234_HF5TCDSX2_L1_clmp_r1r2_fastp	90.7578691081646	7.642550853564689	1.1222310655023642	0.2700022766742493	0.09332482873200534	0.040980136487562026	0.024046195790222342	0.015917904255499295	0.010386150294368337	0.006623052361626185	0.004967289271219639	0.0028599544288840347	0.0025212756149372412	0.0018062870077162323	0.0012041913384774883	0.0009407744831855377	0.0005644646899113226	0.00041394077260163654	7.526195865484302e-05	0.0003010478346193721	0.00018815489663710753	0.0	0.00015052391730968604	0.0	3.763097932742151e-05	0.0	0.0	0.0	0.0	0.0	3.763097932742151e-05
AeC01096_CKDL210012719-1a-AK5577-AK4234_HF5TCDSX2_L1_clmp_r1r2_fastp	91.65657922267708	6.973098567016961	0.9513600795748703	0.22451637780974112	0.081009934808638	0.039710752357175486	0.022347568223072548	0.015062699169963117	0.010242635435574918	0.008106470826016513	0.005805985861876692	0.0035055008977368705	0.0024100318671940986	0.0020266177065041283	0.0012597893851241878	0.0012050159335970493	0.0007120548698528018	0.000273867257635693	5.47734515271386e-05	0.000273867257635693	0.0001095469030542772	0.0002190938061085544	5.47734515271386e-05	0.0	5.47734515271386e-05	0.0	0.0	0.0	0.0	0.0	0.0
