Sample	1	2	3	4	5	6	7	8	9	10	11	12	13	14	15	16	17	18	19	20	21	22	23	24	25	26	27	28	29	30	31	32	33	34	35	36	37	38	39	40	41	42	43	44	45	46	47	48	49	50	51	52	53	54	55	56	57	58	59	60	61	62	63	64	65	66	67	68	69	70	71	72	73	74	75	76	77	78	79	80	81	82	83	84	85	86	87	88	89	90	91	92	93	94	95	96	97	98	99	100	101	102	103	104	105	106	107	108	109	110	111	112	113	114	115	116	117	118	119	120	121	122	123	124	125	126	127	128	129	130	131	132	133	134	135	136	137	138	139	140	141	142	143	144	145	146	147	148	149	150
Tzo-AMvi_001_Ex1_L4_fastp	0.0604137	0.0825041	0.0109216	0.0	0.00399868	0.0	0.0	3.0524299999999998e-06	1.2209700000000001e-05	6.4101e-05	0.0	0.0	0.0	0.0	0.0	0.0	0.0	0.0	3.35767e-05	0.0	0.0	0.0	0.0	0.0	0.0	0.0	0.0	0.0	2.4419400000000002e-05	0.0	0.0	0.0	0.0	0.0	0.0	0.0	0.0	0.0	0.0	0.0	0.0	0.0	0.0	0.0	0.0	0.0	0.0	0.0	0.0	0.0	0.0	0.0	0.0	0.0	0.0	0.0	1.23689e-05	0.0	0.0	0.0	0.0	0.0	0.0	0.0	0.0	0.0	0.0	0.0	3.15429e-06	0.000369869	0.0	0.0	0.0	0.0	0.0	0.0	0.0	0.0	0.0	0.0	0.0	0.0	0.0	0.0	3.3557900000000003e-06	0.0	0.0	2.05728e-05	0.0	0.0	1.05546e-05	0.000124311	0.00012196800000000001	0.000590863	0.00299416	0.000148309	5.2539100000000007e-05	0.0	3.85222e-06	0.0	0.0	8.04708e-06	0.0	4.15195e-06	0.0	4.29464e-06	2.62167e-05	0.000275743	4.531e-06	9.23833e-06	0.0	2.88193e-05	0.0	1.00048e-05	0.0	3.12994e-05	0.00018126400000000002	0.00026699	0.000824929	0.00212157	0.000186735	5.968e-06	0.0	0.0	0.0	0.0	0.0	0.0	0.0	0.0	0.0	0.0	0.0	0.0	0.0	0.0	0.0	0.0	0.0	0.0	0.0	0.0	0.0	0.0	0.000986938	0.0	0.0	0.0	0.0	0.0
Tzo-AMvi_002_Ex1_L4_fastp	0.0597842	0.08299899999999999	0.0107944	0.0	0.00392334	0.0	0.0	0.0	1.38389e-05	5.5355699999999996e-05	0.0	0.0	0.0	0.0	0.0	0.0	0.0	0.0	4.1516799999999995e-05	0.0	0.0	0.0	0.0	0.0	0.0	0.0	0.0	0.0	1.38389e-05	0.0	0.0	0.0	0.0	0.0	0.0	0.0	0.0	0.0	0.0	0.0	0.0	0.0	0.0	0.0	0.0	0.0	0.0	0.0	0.0	0.0	0.0	0.0	0.0	0.0	0.0	0.0	3.50756e-05	7.0257599999999995e-06	1.40738e-05	0.0	0.0	0.0	0.0	0.0	0.0	0.0	0.0	0.0	7.19241e-06	0.000346216	0.0	0.0	0.0	0.0	0.0	0.0	0.0	0.0	0.0	0.0	0.0	7.6282900000000004e-06	0.0	7.74227e-06	0.0	0.0	0.0	2.40897e-05	0.0	0.0	8.30295e-06	0.00021010400000000002	8.511759999999999e-05	0.000500493	0.0032472599999999996	0.000159919	8.12214e-05	0.0	0.0	0.0	0.0	0.0	0.0	0.0	0.0	0.0	3.27679e-05	0.000212283	0.0	0.0	0.0	3.68489e-05	0.0	1.28996e-05	0.0	0.0	0.000237007	0.00024322000000000002	0.0008676679999999999	0.0023574299999999998	0.000248516	1.59694e-05	0.0	0.0	0.0	0.0	0.0	0.0	0.0	0.0	0.0	0.0	0.0	0.0	0.0	0.0	0.0	0.0	0.0	0.0	0.0	0.0	0.0	0.0	0.0013503	0.0	0.0	0.0	0.0	0.0
Tzo-AMvi_003_Ex1_L4_fastp	0.0592236	0.083831	0.010683699999999999	0.0	0.0039990799999999995	0.0	0.0	0.0	2.9190299999999997e-05	8.7571e-05	0.0	0.0	0.0	0.0	0.0	0.0	0.0	0.0	1.8244e-05	0.0	0.0	0.0	0.0	0.0	0.0	0.0	0.0	0.0	1.8244e-05	0.0	0.0	0.0	0.0	0.0	0.0	0.0	0.0	0.0	0.0	0.0	0.0	0.0	0.0	0.0	0.0	0.0	0.0	0.0	0.0	0.0	0.0	0.0	0.0	0.0	0.0	0.0	7.3701299999999995e-06	3.6893999999999998e-06	0.0	0.0	0.0	0.0	0.0	0.0	0.0	0.0	0.0	0.0	3.76025e-06	0.000410843	0.0	3.78938e-06	0.0	0.0	0.0	0.0	0.0	0.0	0.0	0.0	0.0	0.0	0.0	0.0	4.03237e-06	0.0	0.0	2.4795899999999998e-05	0.0	1.26309e-05	1.70131e-05	0.00018057299999999998	0.000117414	0.000594179	0.00315952	0.000171578	6.41014e-05	0.0	0.0	0.0	0.0	0.0	0.0	0.0	0.0	1.0649800000000001e-05	1.62925e-05	0.000243904	0.0	5.77967e-06	0.0	3.0196599999999998e-05	0.0	3.15863e-05	0.0	3.97477e-05	0.000169676	0.000306058	0.0008700889999999999	0.0026041899999999997	0.000210054	7.69894e-06	0.0	0.0	0.0	0.0	0.0	0.0	0.0	0.0	0.0	0.0	0.0	0.0	0.0	0.0	0.0	0.0	0.0	0.0	0.0	0.0	0.0	0.0	0.0010221899999999999	0.0	0.0	0.0	0.0	0.0
Tzo-AMvi_004_Ex1_L4_fastp	0.060549599999999995	0.0849453	0.0110998	0.0	0.0038825799999999996	0.0	0.0	4.2479e-06	4.2479e-06	6.37185e-05	0.0	0.0	0.0	0.0	0.0	0.0	0.0	0.0	2.9735299999999996e-05	0.0	0.0	0.0	0.0	0.0	0.0	0.0	0.0	0.0	1.2743700000000001e-05	0.0	0.0	0.0	0.0	0.0	0.0	0.0	0.0	0.0	0.0	0.0	0.0	0.0	0.0	0.0	0.0	0.0	0.0	0.0	0.0	0.0	0.0	0.0	0.0	0.0	0.0	0.0	8.57105e-06	0.0	0.0	0.0	0.0	0.0	0.0	0.0	0.0	0.0	0.0	4.35032e-06	0.0	0.00035811400000000003	0.0	0.0	4.39742e-06	0.0	0.0	0.0	0.0	0.0	0.0	0.0	0.0	0.0	0.0	0.0	4.62532e-06	0.0	0.0	1.41671e-05	9.51948e-06	9.59948e-06	2.4210399999999998e-05	0.00017106400000000001	9.378190000000001e-05	0.000568587	0.00271317	0.000147926	2.58159e-05	0.0	0.0	0.0	0.0	5.5317e-06	0.0	5.70463e-06	0.0	0.0	1.8005500000000002e-05	0.000189386	0.0	0.0	0.0	2.634e-05	6.71583e-06	2.74089e-05	0.0	2.85327e-05	0.000109271	0.000245553	0.0008516579999999999	0.00207553	0.000174845	0.0	0.0	0.0	0.0	0.0	0.0	0.0	0.0	0.0	0.0	0.0	0.0	0.0	0.0	0.0	0.0	0.0	0.0	0.0	0.0	0.0	0.0	0.0	0.0007705930000000001	0.0	0.0	0.0	0.0	0.0
Tzo-AMvi_005_Ex1_L4_fastp	0.0606062	0.0826481	0.010575900000000001	0.0	0.0037755	0.0	0.0	0.0	1.39523e-05	4.74379e-05	0.0	0.0	0.0	0.0	0.0	0.0	0.0	0.0	4.1857e-05	0.0	0.0	0.0	0.0	0.0	0.0	0.0	0.0	0.0	1.9533299999999998e-05	0.0	0.0	0.0	0.0	0.0	0.0	0.0	0.0	0.0	0.0	0.0	0.0	0.0	0.0	0.0	0.0	0.0	0.0	0.0	0.0	0.0	0.0	0.0	0.0	0.0	0.0	0.0	1.12796e-05	0.0	0.0	0.0	0.0	0.0	0.0	0.0	0.0	0.0	0.0	2.8665100000000003e-06	2.87227e-06	0.00036267	0.0	0.0	0.0	0.0	0.0	0.0	0.0	0.0	0.0	0.0	0.0	0.0	0.0	0.0	3.05199e-06	0.0	0.0	2.18192e-05	0.0	9.50528e-06	9.58952e-06	0.000138761	0.000101007	0.000556388	0.00299195	0.000131264	3.74701e-05	0.0	0.0	0.0	0.0	3.64591e-06	0.0	0.0	0.0	3.88424e-06	3.1613400000000005e-05	0.000277472	4.093759999999999e-06	4.16918e-06	0.0	2.16511e-05	0.0	5.85475e-05	0.0	1.87728e-05	0.000162938	0.00028876	0.000830112	0.0022382699999999997	0.00019321600000000001	5.33902e-06	0.0	0.0	0.0	0.0	0.0	0.0	0.0	0.0	0.0	0.0	0.0	0.0	0.0	0.0	0.0	0.0	0.0	0.0	0.0	0.0	0.0	0.0	0.00091095	0.0	0.0	0.0	0.0	0.0
Tzo-AMvi_006_Ex1_L4_fastp	0.060536599999999996	0.0844336	0.0104075	0.0	0.0037330199999999997	0.0	0.0	0.0	5.61356e-06	5.0521999999999995e-05	0.0	0.0	0.0	0.0	0.0	0.0	0.0	0.0	2.24542e-05	0.0	0.0	0.0	0.0	0.0	0.0	0.0	0.0	0.0	2.24542e-05	0.0	0.0	0.0	0.0	0.0	0.0	0.0	0.0	0.0	0.0	0.0	0.0	0.0	0.0	0.0	0.0	0.0	0.0	0.0	0.0	0.0	0.0	0.0	0.0	0.0	0.0	0.0	5.65722e-06	0.0	0.0	0.0	0.0	0.0	0.0	0.0	0.0	0.0	0.0	0.0	0.0	0.000316012	0.0	0.0	0.0	0.0	0.0	0.0	0.0	0.0	0.0	0.0	0.0	0.0	0.0	0.0	1.20584e-05	0.0	0.0	1.84141e-05	6.179139999999999e-06	1.2445e-05	1.8807099999999998e-05	0.000113738	7.64607e-05	0.00042419300000000006	0.00264706	8.51653e-05	3.30851e-05	0.0	0.0	0.0	0.0	7.012700000000001e-06	0.0	0.0	0.0	7.39699e-06	1.50095e-05	0.00024373899999999998	0.0	1.57217e-05	0.0	8.11181e-06	8.243930000000001e-06	2.51416e-05	0.0	8.67264e-06	8.82603e-05	0.000269594	0.000805213	0.00201222	0.000142398	9.672190000000001e-06	0.0	0.0	0.0	0.0	0.0	0.0	0.0	0.0	0.0	0.0	0.0	0.0	0.0	0.0	0.0	0.0	0.0	0.0	0.0	0.0	0.0	0.0	0.000955155	0.0	0.0	0.0	0.0	0.0
Tzo-AMvi_007_Ex1_L4_fastp	0.0597689	0.0835897	0.010772	0.0	0.0038165499999999997	0.0	0.0	5.9447899999999995e-06	1.1889599999999999e-05	2.3779199999999998e-05	0.0	0.0	0.0	0.0	0.0	0.0	0.0	0.0	1.1889599999999999e-05	0.0	0.0	0.0	0.0	0.0	0.0	0.0	0.0	0.0	1.1889599999999999e-05	0.0	0.0	0.0	0.0	0.0	0.0	0.0	0.0	0.0	0.0	0.0	0.0	0.0	0.0	0.0	1.19043e-05	0.0	0.0	0.0	0.0	0.0	0.0	0.0	0.0	0.0	0.0	0.0	2.3939999999999998e-05	0.0	0.0	0.0	0.0	0.0	0.0	0.0	0.0	0.0	0.0	0.0	0.0	0.000376687	0.0	6.097550000000001e-06	0.0	0.0	0.0	0.0	0.0	0.0	0.0	0.0	0.0	0.0	0.0	0.0	6.3772600000000005e-06	0.0	0.0	1.29907e-05	0.0	0.0	1.32812e-05	0.000174048	8.77639e-05	0.000633689	0.00308291	0.000166873	4.9200800000000005e-05	0.0	0.0	0.0	0.0	1.4945799999999998e-05	0.0	7.689049999999999e-06	0.0	0.0	2.4143400000000003e-05	0.00026991	0.0	0.0	8.61468e-06	8.771600000000001e-06	0.0	3.64162e-05	0.0	0.0	0.000212287	0.000206669	0.0009939360000000002	0.0022643200000000002	0.000209261	0.0	0.0	0.0	0.0	0.0	0.0	0.0	0.0	0.0	0.0	0.0	0.0	0.0	0.0	0.0	0.0	0.0	0.0	0.0	0.0	0.0	0.0	0.0	0.0010621	0.0	0.0	0.0	0.0	0.0
Tzo-AMvi_008_Ex1_L4_fastp	0.0588814	0.0839648	0.010861899999999999	0.0	0.00396237	0.0	0.0	0.0	2.7708899999999998e-05	6.92722e-05	0.0	0.0	0.0	0.0	0.0	0.0	0.0	0.0	2.7708899999999998e-05	0.0	0.0	0.0	0.0	0.0	0.0	0.0	0.0	0.0	3.46361e-05	0.0	0.0	0.0	0.0	0.0	0.0	0.0	0.0	0.0	0.0	0.0	0.0	0.0	0.0	0.0	0.0	0.0	0.0	0.0	0.0	0.0	0.0	0.0	0.0	0.0	0.0	0.0	6.98504e-06	0.0	6.99776e-06	0.0	0.0	0.0	0.0	0.0	0.0	0.0	0.0	0.0	7.08903e-06	0.000397681	0.0	0.0	0.0	0.0	0.0	0.0	0.0	0.0	0.0	0.0	0.0	0.0	0.0	0.0	0.0	0.0	0.0	3.03986e-05	0.0	0.0	0.0	0.000101815	0.00011060699999999999	0.000574105	0.00286602	9.759240000000001e-05	1.6437100000000002e-05	0.0	0.0	0.0	0.0	0.0	0.0	0.0	0.0	0.0	4.69354e-05	0.000276502	0.0	0.0	0.0	1.01928e-05	0.0	2.1133e-05	0.0	2.19228e-05	0.000156469	0.000296268	0.0006856189999999999	0.00222861	0.00019346500000000003	0.0	0.0	0.0	0.0	0.0	0.0	0.0	0.0	0.0	0.0	0.0	0.0	0.0	0.0	0.0	0.0	0.0	0.0	0.0	0.0	0.0	0.0	0.0	0.0009861339999999998	0.0	0.0	0.0	0.0	0.0
Tzo-AMvi_009_Ex1_L4_fastp	0.060855299999999994	0.0836166	0.010649500000000001	0.0	0.0039776	0.0	0.0	0.0	2.04504e-05	2.04504e-05	0.0	0.0	0.0	0.0	0.0	0.0	0.0	0.0	3.06756e-05	0.0	0.0	0.0	0.0	0.0	0.0	0.0	0.0	0.0	2.5563000000000002e-05	0.0	0.0	0.0	0.0	0.0	0.0	0.0	0.0	0.0	0.0	0.0	0.0	0.0	0.0	0.0	0.0	0.0	0.0	0.0	0.0	0.0	0.0	0.0	0.0	0.0	0.0	0.0	2.06654e-05	5.17233e-06	0.0	0.0	0.0	0.0	0.0	0.0	0.0	0.0	0.0	5.25497e-06	5.26577e-06	0.000422202	0.0	5.30312e-06	0.0	0.0	0.0	0.0	0.0	0.0	0.0	0.0	0.0	0.0	0.0	0.0	0.0	0.0	0.0	1.7200700000000003e-05	0.0	1.16645e-05	5.88559e-06	0.00015451499999999998	7.80462e-05	0.0006008200000000001	0.00303212	0.00015526800000000002	3.14364e-05	0.0	0.0	0.0	0.0	0.0	0.0	0.0	0.0	0.0	0.0	0.000261273	0.0	7.75247e-06	0.0	6.45238e-05	0.0	2.51945e-05	0.0	2.62821e-05	0.000107409	0.000210372	0.000757707	0.00232488	0.000107658	0.0	0.0	0.0	0.0	0.0	0.0	0.0	0.0	0.0	0.0	0.0	0.0	0.0	0.0	0.0	0.0	0.0	0.0	0.0	0.0	0.0	0.0	0.0	0.00100215	0.0	0.0	0.0	0.0	0.0
Tzo-AMvi_010_Ex1_L4_fastp	0.0593729	0.0828086	0.0111309	0.0	0.00375537	0.0	0.0	0.0	1.22925e-05	6.14626e-05	0.0	0.0	0.0	0.0	0.0	0.0	0.0	0.0	1.84388e-05	0.0	0.0	0.0	0.0	0.0	0.0	0.0	0.0	0.0	2.4585e-05	0.0	0.0	0.0	0.0	0.0	0.0	0.0	0.0	0.0	0.0	0.0	0.0	0.0	0.0	0.0	0.0	0.0	0.0	0.0	0.0	0.0	0.0	0.0	0.0	0.0	0.0	0.0	6.20534e-06	6.2115699999999996e-06	0.0	0.0	0.0	0.0	0.0	0.0	0.0	0.0	0.0	0.0	0.0	0.00032885099999999996	0.0	0.0	0.0	0.0	0.0	0.0	0.0	0.0	0.0	0.0	0.0	0.0	0.0	0.0	0.0	0.0	0.0	6.82423e-06	0.0	0.0	1.39781e-05	0.000119892	0.000106781	0.0005752089999999999	0.00294929	0.00011749500000000001	5.9423700000000005e-05	0.0	0.0	0.0	0.0	7.92202e-06	0.0	0.0	0.0	0.0	1.7100300000000003e-05	0.00026073	0.0	0.0	0.0	9.31275e-06	0.0	9.660760000000001e-06	0.0	1.00353e-05	0.000122759	0.000187839	0.00102194	0.00245526	0.00023277	1.13111e-05	0.0	0.0	0.0	0.0	0.0	0.0	0.0	0.0	0.0	0.0	0.0	0.0	0.0	0.0	0.0	0.0	0.0	0.0	0.0	0.0	0.0	0.0	0.00122481	0.0	0.0	0.0	0.0	0.0
Tzo-AMvi_011_Ex1_L4_fastp	0.059155799999999994	0.08345190000000001	0.0106988	0.0	0.00394683	0.0	0.0	0.0	4.65978e-06	8.85357e-05	0.0	0.0	0.0	0.0	0.0	0.0	0.0	0.0	2.3298899999999998e-05	0.0	0.0	0.0	0.0	0.0	0.0	0.0	0.0	0.0	1.3979300000000002e-05	0.0	0.0	0.0	0.0	0.0	0.0	0.0	0.0	0.0	0.0	0.0	0.0	0.0	0.0	0.0	0.0	0.0	0.0	0.0	0.0	0.0	0.0	0.0	0.0	0.0	0.0	0.0	1.8844e-05	4.7167e-06	0.0	0.0	0.0	0.0	0.0	0.0	0.0	0.0	0.0	0.0	0.0	0.000332373	0.0	0.0	0.0	0.0	0.0	0.0	0.0	0.0	0.0	0.0	0.0	0.0	0.0	0.0	0.0	0.0	0.0	2.1001199999999998e-05	0.0	5.34307e-06	1.61812e-05	0.000157956	7.15564e-05	0.000584508	0.00291713	0.000182355	6.34779e-05	0.0	0.0	0.0	0.0	0.0	0.0	0.0	0.0	1.99045e-05	3.3782300000000003e-05	0.000254713	0.0	0.0	0.0	4.46927e-05	7.60657e-06	7.76794e-06	0.0	1.62194e-05	0.000149293	0.00027988300000000003	0.000728824	0.00216604	0.00013626300000000002	0.0	0.0	0.0	0.0	0.0	0.0	0.0	0.0	0.0	0.0	0.0	0.0	0.0	0.0	0.0	0.0	0.0	0.0	0.0	0.0	0.0	0.0	0.0	0.0008781570000000001	0.0	0.0	0.0	0.0	0.0
Tzo-AMvi_012_Ex1_L4_fastp	0.060001399999999996	0.0833076	0.0107796	0.0	0.00402934	0.0	0.0	2.47807e-06	3.2214899999999995e-05	5.69955e-05	0.0	0.0	0.0	0.0	0.0	0.0	0.0	0.0	2.23026e-05	0.0	0.0	0.0	0.0	0.0	0.0	0.0	0.0	0.0	2.72587e-05	0.0	0.0	0.0	0.0	0.0	0.0	0.0	0.0	0.0	0.0	0.0	0.0	0.0	0.0	0.0	9.932850000000001e-06	0.0	0.0	0.0	0.0	0.0	0.0	0.0	0.0	0.0	0.0	0.0	1.5018100000000001e-05	0.0	7.52512e-06	0.0	0.0	0.0	0.0	0.0	0.0	0.0	2.53697e-06	2.54156e-06	5.09269e-06	0.00040568900000000004	0.0	2.56267e-06	0.0	0.0	0.0	0.0	0.0	0.0	0.0	0.0	0.0	0.0	0.0	2.68176e-06	2.6976599999999998e-06	0.0	0.0	1.92696e-05	0.0	8.387920000000001e-06	1.69198e-05	0.000182084	0.000112009	0.000554032	0.00295153	0.000171872	5.09531e-05	0.0	0.0	0.0	0.0	6.3954700000000005e-06	0.0	0.0	0.0	1.01937e-05	2.07219e-05	0.000231818	3.57319e-06	3.63559e-06	0.0	3.0153700000000002e-05	0.0	3.12888e-05	0.0	2.03229e-05	0.000120192	0.00020290399999999998	0.000612577	0.00224195	0.000166376	9.1779e-06	0.0	0.0	0.0	0.0	0.0	0.0	0.0	0.0	0.0	0.0	0.0	0.0	0.0	0.0	0.0	0.0	0.0	0.0	0.0	0.0	0.0	0.0	0.0010316799999999999	0.0	0.0	0.0	0.0	0.0
Tzo-AMvi_013_Ex1_L4_fastp	0.0600615	0.08229109999999999	0.010867100000000001	0.0	0.0040309099999999995	0.0	0.0	0.0	9.651020000000001e-06	6.11232e-05	0.0	0.0	0.0	0.0	0.0	0.0	0.0	0.0	2.89531e-05	0.0	0.0	0.0	0.0	0.0	0.0	0.0	0.0	0.0	1.9302e-05	0.0	0.0	0.0	0.0	0.0	0.0	0.0	0.0	0.0	0.0	0.0	0.0	0.0	0.0	0.0	0.0	0.0	0.0	0.0	0.0	0.0	0.0	0.0	0.0	0.0	0.0	0.0	1.30096e-05	6.5118e-06	3.2595500000000004e-06	0.0	0.0	0.0	0.0	0.0	0.0	0.0	0.0	3.30228e-06	0.0	0.00035136499999999997	0.0	0.0	0.0	0.0	0.0	0.0	0.0	0.0	0.0	0.0	0.0	3.44087e-06	0.0	0.0	0.0	0.0	0.0	1.7822e-05	0.0	1.44731e-05	1.09436e-05	0.000132458	9.28313e-05	0.000528653	0.00297693	0.000130174	6.19475e-05	0.0	0.0	0.0	0.0	0.0	0.0	0.0	0.0	8.7729e-06	2.67507e-05	0.000244809	0.0	4.6964600000000004e-06	0.0	2.43686e-05	0.0	2.53139e-05	0.0	2.63494e-05	0.000150622	0.00030208700000000004	0.000762871	0.00233275	0.000181578	0.0	0.0	0.0	0.0	0.0	0.0	0.0	0.0	0.0	0.0	0.0	0.0	0.0	0.0	0.0	0.0	0.0	0.0	0.0	0.0	0.0	0.0	0.0	0.000953517	0.0	0.0	0.0	0.0	0.0
Tzo-AMvi_014_Ex1_L4_fastp	0.0598372	0.0824042	0.0100672	0.0	0.0040544199999999996	0.0	0.0	0.0	3.0599400000000004e-05	3.0599400000000004e-05	0.0	0.0	0.0	0.0	0.0	0.0	0.0	0.0	3.0599400000000004e-05	0.0	0.0	0.0	0.0	0.0	0.0	0.0	0.0	0.0	3.0599400000000004e-05	0.0	0.0	0.0	0.0	0.0	0.0	0.0	0.0	0.0	0.0	0.0	0.0	0.0	0.0	0.0	0.0	0.0	0.0	0.0	0.0	0.0	0.0	0.0	0.0	0.0	0.0	0.0	0.0	0.0	0.0	0.0	0.0	0.0	0.0	0.0	0.0	0.0	0.0	0.0	0.0	0.000295331	0.0	0.0	0.0	0.0	0.0	0.0	0.0	0.0	0.0	0.0	0.0	0.0	0.0	0.0	0.0	0.0	0.0	0.0	0.0	0.0	0.0	4.9878e-05	1.67341e-05	0.00045483400000000004	0.00269704	6.83297e-05	0.0	0.0	0.0	0.0	0.0	0.0	0.0	0.0	0.0	0.0	0.0	0.00011570000000000001	0.0	0.0	0.0	0.0	0.0	0.0	0.0	0.0	0.000195729	0.000286939	0.0011202299999999998	0.0025932299999999998	0.000254117	0.0	0.0	0.0	0.0	0.0	0.0	0.0	0.0	0.0	0.0	0.0	0.0	0.0	0.0	0.0	0.0	0.0	0.0	0.0	0.0	0.0	0.0	0.0	0.00110756	0.0	0.0	0.0	0.0	0.0
Tzo-AMvi_015_Ex1_L4_fastp	0.0601166	0.083688	0.0112837	0.0	0.00395406	0.0	0.0	0.0	1.23952e-05	4.95807e-05	0.0	0.0	0.0	0.0	0.0	0.0	0.0	0.0	3.30538e-05	0.0	0.0	0.0	0.0	0.0	0.0	0.0	0.0	0.0	8.26344e-06	0.0	0.0	0.0	0.0	0.0	0.0	0.0	0.0	0.0	0.0	0.0	0.0	0.0	0.0	0.0	4.13932e-06	0.0	0.0	0.0	0.0	0.0	0.0	0.0	0.0	0.0	0.0	0.0	2.08385e-05	0.0	0.0	0.0	0.0	0.0	0.0	0.0	0.0	0.0	0.0	0.0	0.0	0.000360068	0.0	0.0	0.0	0.0	0.0	0.0	0.0	0.0	0.0	0.0	0.0	0.0	0.0	0.0	4.443050000000001e-06	0.0	0.0	3.16501e-05	0.0	9.16757e-06	1.8474e-05	0.000162913	0.00010325	0.000615552	0.00284375	0.000178577	5.85148e-05	0.0	0.0	0.0	0.0	5.17217e-06	0.0	0.0	0.0	0.0	2.7742699999999998e-05	0.00020851300000000001	5.72522e-06	1.1637e-05	0.0	1.80486e-05	0.0	4.36083e-05	0.0	2.5841499999999996e-05	8.55514e-05	0.000335313	0.0008547989999999999	0.0024057600000000003	0.000213408	0.0	0.0	0.0	0.0	0.0	0.0	0.0	0.0	0.0	0.0	0.0	0.0	0.0	0.0	0.0	0.0	0.0	0.0	0.0	0.0	0.0	0.0	0.0	0.0007870870000000001	0.0	0.0	0.0	0.0	0.0
Tzo-AMvi_016_Ex1_L4_fastp	0.060471	0.0832504	0.0107799	0.0	0.00372136	0.0	0.0	4.4674199999999995e-06	8.93485e-06	4.02068e-05	0.0	0.0	0.0	0.0	0.0	0.0	0.0	0.0	1.78697e-05	0.0	0.0	0.0	0.0	0.0	0.0	0.0	0.0	0.0	3.1272e-05	0.0	0.0	0.0	0.0	0.0	0.0	0.0	0.0	0.0	0.0	0.0	0.0	0.0	0.0	0.0	4.47579e-06	0.0	0.0	0.0	0.0	0.0	0.0	0.0	0.0	0.0	0.0	0.0	9.0069e-06	0.0	0.0	0.0	0.0	0.0	0.0	0.0	0.0	0.0	0.0	0.0	4.5635599999999996e-06	0.000342792	0.0	0.0	0.0	0.0	0.0	0.0	0.0	0.0	0.0	0.0	0.0	0.0	0.0	0.0	0.0	0.0	0.0	9.7213e-06	0.0	4.92441e-06	9.91987e-06	0.00017492999999999998	6.549480000000001e-05	0.000629939	0.0029879800000000003	0.000129325	3.6569e-05	0.0	0.0	0.0	0.0	0.0	0.0	0.0	0.0	0.0	1.77476e-05	0.00026428	6.0992299999999995e-06	6.19405e-06	0.0	2.5582599999999998e-05	6.50227e-06	1.3222999999999999e-05	0.0	6.84621e-06	0.000139429	0.000262633	0.0009186350000000001	0.00234534	0.00022550999999999997	0.0	0.0	0.0	0.0	0.0	0.0	0.0	0.0	0.0	0.0	0.0	0.0	0.0	0.0	0.0	0.0	0.0	0.0	0.0	0.0	0.0	0.0	0.0	0.00101062	0.0	0.0	0.0	0.0	0.0
Tzo-AMvi_017_Ex1_L4_fastp	0.059484999999999996	0.0845732	0.0105025	0.0	0.00388676	0.0	0.0	0.0	2.5842800000000003e-05	7.23599e-05	0.0	0.0	0.0	0.0	0.0	0.0	0.0	0.0	3.10114e-05	0.0	0.0	0.0	0.0	0.0	0.0	0.0	0.0	0.0	3.61799e-05	0.0	0.0	0.0	0.0	0.0	0.0	0.0	0.0	0.0	0.0	0.0	0.0	0.0	0.0	0.0	0.0	0.0	0.0	0.0	0.0	0.0	0.0	0.0	0.0	0.0	0.0	0.0	2.6121699999999998e-05	0.0	0.0	0.0	0.0	0.0	0.0	0.0	0.0	0.0	0.0	0.0	0.0	0.000415762	0.0	0.0	0.0	0.0	0.0	0.0	0.0	0.0	0.0	0.0	0.0	0.0	0.0	0.0	0.0	0.0	0.0	2.29926e-05	0.0	5.83752e-06	0.0	0.000148491	8.39293e-05	0.000526762	0.0028994	0.0001237	5.62917e-05	0.0	6.409400000000001e-06	0.0	0.0	6.6762e-06	0.0	0.0	0.0	7.0964e-06	2.88473e-05	0.000227353	0.0	7.59639e-06	0.0	3.15097e-05	0.0	3.27224e-05	0.0	8.503e-06	0.000112821	0.000274611	0.000850012	0.00229138	0.000160555	0.0	0.0	0.0	0.0	0.0	0.0	0.0	0.0	0.0	0.0	0.0	0.0	0.0	0.0	0.0	0.0	0.0	0.0	0.0	0.0	0.0	0.0	0.0	0.00100567	0.0	0.0	0.0	0.0	0.0
Tzo-AMvi_018_Ex1_L4_fastp	0.0608149	0.0830586	0.0105516	0.0	0.00419251	0.0	0.0	5.20809e-06	5.20809e-06	8.85375e-05	0.0	0.0	0.0	0.0	0.0	0.0	0.0	0.0	2.6040500000000003e-05	0.0	0.0	0.0	0.0	0.0	0.0	0.0	0.0	0.0	1.04162e-05	0.0	0.0	0.0	0.0	0.0	0.0	0.0	0.0	0.0	0.0	0.0	0.0	0.0	0.0	0.0	0.0	0.0	0.0	0.0	0.0	0.0	0.0	0.0	0.0	0.0	0.0	0.0	2.10091e-05	5.2567899999999995e-06	0.0	0.0	0.0	0.0	0.0	0.0	0.0	0.0	0.0	0.0	0.0	0.000288305	0.0	0.0	0.0	0.0	0.0	0.0	0.0	0.0	0.0	0.0	0.0	0.0	0.0	0.0	5.6079e-06	0.0	0.0	1.14209e-05	0.0	0.0	1.16768e-05	0.000147157	0.000112822	0.000563388	0.00286226	0.000110035	4.32556e-05	0.0	0.0	0.0	0.0	0.0	0.0	0.0	0.0	6.963190000000001e-06	2.12212e-05	0.00017260000000000002	0.0	0.0	0.0	1.54128e-05	0.0	2.398e-05	0.0	3.32119e-05	0.00016944	0.000337211	0.000829339	0.00238573	0.000147053	0.0	0.0	0.0	0.0	0.0	0.0	0.0	0.0	0.0	0.0	0.0	0.0	0.0	0.0	0.0	0.0	0.0	0.0	0.0	0.0	0.0	0.0	0.0	0.0008761699999999999	0.0	0.0	0.0	0.0	0.0
Tzo-AMvi_019_Ex1_L4_fastp	0.05953990000000001	0.0821202	0.0108985	0.0	0.00396433	0.0	0.0	0.0	1.36231e-05	2.7246300000000004e-05	0.0	0.0	0.0	0.0	0.0	0.0	0.0	0.0	2.7246300000000004e-05	0.0	0.0	0.0	0.0	0.0	0.0	0.0	0.0	0.0	6.81157e-06	0.0	0.0	0.0	0.0	0.0	0.0	0.0	0.0	0.0	0.0	0.0	0.0	0.0	0.0	0.0	0.0	0.0	0.0	0.0	0.0	0.0	0.0	0.0	0.0	0.0	0.0	0.0	6.864779999999999e-06	0.0	0.0	0.0	0.0	0.0	0.0	0.0	0.0	0.0	0.0	0.0	1.39128e-05	0.00038320300000000004	0.0	0.0	0.0	0.0	0.0	0.0	0.0	0.0	0.0	0.0	0.0	0.0	0.0	0.0	0.0	0.0	0.0	3.70102e-05	0.0	7.49805e-06	3.0206100000000002e-05	0.000144554	9.20138e-05	0.000548878	0.00290071	0.000133761	5.5608099999999994e-05	0.0	0.0	0.0	0.0	0.0	0.0	0.0	0.0	8.83503e-06	8.96138e-06	0.000172745	0.0	1.87414e-05	0.0	1.93489e-05	0.0	9.99369e-06	0.0	0.0	0.00013665299999999998	0.00025672199999999997	0.000708153	0.00230614	0.00014684500000000002	0.0	0.0	0.0	0.0	0.0	0.0	0.0	0.0	0.0	0.0	0.0	0.0	0.0	0.0	0.0	0.0	0.0	0.0	0.0	0.0	0.0	0.0	0.0	0.0010173600000000001	0.0	0.0	0.0	0.0	0.0
Tzo-AMvi_020_Ex1_L4_fastp	0.060918599999999996	0.0836076	0.0105943	0.0	0.00386232	0.0	0.0	0.0	1.14101e-05	5.7050600000000006e-05	0.0	0.0	0.0	0.0	0.0	0.0	0.0	0.0	2.28202e-05	0.0	0.0	0.0	0.0	0.0	0.0	0.0	0.0	0.0	2.8525300000000003e-05	0.0	0.0	0.0	0.0	0.0	0.0	0.0	0.0	0.0	0.0	0.0	0.0	0.0	0.0	0.0	0.0	0.0	0.0	0.0	0.0	0.0	0.0	0.0	0.0	0.0	0.0	0.0	1.1484300000000001e-05	0.0	0.0	0.0	0.0	0.0	0.0	0.0	0.0	0.0	5.79538e-06	0.0	5.81033e-06	0.000389858	0.0	5.83753e-06	0.0	0.0	0.0	5.88445e-06	0.0	0.0	0.0	0.0	0.0	0.0	0.0	0.0	6.07487e-06	0.0	0.0	6.1756e-06	0.0	0.0	2.5205599999999998e-05	0.000146024	7.67876e-05	0.000574379	0.00280588	0.000151159	5.97379e-05	0.0	6.78074e-06	0.0	0.0	0.0	0.0	1.44211e-05	0.0	0.0	3.00984e-05	0.000267407	0.0	0.0	0.0	8.14946e-06	0.0	3.37311e-05	0.0	3.49673e-05	9.79718e-05	0.000335825	0.000703004	0.00213143	0.000163525	0.0	0.0	0.0	0.0	0.0	0.0	0.0	0.0	0.0	0.0	0.0	0.0	0.0	0.0	0.0	0.0	0.0	0.0	0.0	0.0	0.0	0.0	0.0	0.0009293929999999999	0.0	0.0	0.0	0.0	0.0
Tzo-AMvi_021_Ex1_L4_fastp	0.059594	0.0833254	0.0109361	0.0	0.0038179999999999998	0.0	0.0	0.0	1.9920000000000002e-05	5.976e-05	0.0	0.0	0.0	0.0	0.0	0.0	0.0	0.0	3.32e-05	0.0	0.0	0.0	0.0	0.0	0.0	0.0	0.0	0.0	3.32e-05	0.0	0.0	0.0	0.0	0.0	0.0	0.0	0.0	0.0	0.0	0.0	0.0	0.0	0.0	0.0	0.0	0.0	0.0	0.0	0.0	0.0	0.0	0.0	0.0	0.0	0.0	0.0	6.695459999999999e-06	0.0	0.0	0.0	0.0	0.0	0.0	0.0	0.0	0.0	0.0	0.0	1.35779e-05	0.00038759700000000005	0.0	0.0	0.0	0.0	0.0	0.0	0.0	0.0	0.0	0.0	0.0	0.0	0.0	0.0	0.0	0.0	0.0	2.1711e-05	0.0	7.3326799999999996e-06	2.95401e-05	0.000119081	6.00339e-05	0.000461713	0.00269668	0.000131113	4.67492e-05	0.0	0.0	0.0	0.0	0.0	0.0	8.48005e-06	0.0	0.0	2.6577199999999997e-05	0.000197973	0.0	0.0	0.0	9.62353e-06	0.0	1.9953199999999997e-05	0.0	0.0	9.517110000000001e-05	0.000194276	0.000704644	0.00216915	0.00011476700000000001	0.0	0.0	0.0	0.0	0.0	0.0	0.0	0.0	0.0	0.0	0.0	0.0	0.0	0.0	0.0	0.0	0.0	0.0	0.0	0.0	0.0	0.0	0.0	0.00109779	0.0	0.0	0.0	0.0	0.0
Tzo-AMvi_022_Ex1_L4_fastp	0.0599301	0.0840718	0.010731000000000001	0.0	0.0037112900000000003	0.0	0.0	6.1041e-06	1.22082e-05	3.05205e-05	0.0	0.0	0.0	0.0	0.0	0.0	0.0	0.0	3.6624599999999995e-05	0.0	0.0	0.0	0.0	0.0	0.0	0.0	0.0	0.0	6.1041e-06	0.0	0.0	0.0	0.0	0.0	0.0	0.0	0.0	0.0	0.0	0.0	0.0	0.0	0.0	0.0	0.0	0.0	0.0	0.0	0.0	0.0	0.0	0.0	0.0	0.0	0.0	0.0	6.147439999999999e-06	0.0	0.0	0.0	0.0	0.0	0.0	0.0	0.0	0.0	0.0	0.0	0.0	0.0002801	0.0	0.0	0.0	0.0	0.0	0.0	0.0	0.0	0.0	0.0	0.0	0.0	0.0	0.0	0.0	0.0	0.0	1.96544e-05	0.0	1.98721e-05	0.0	9.38657e-05	6.07503e-05	0.000421389	0.00271136	0.000151801	4.17408e-05	0.0	0.0	0.0	0.0	0.0	0.0	0.0	0.0	0.0	7.71356e-06	0.000249921	0.0	1.6021e-05	0.0	8.22588e-06	0.0	4.23188e-05	0.0	1.74213e-05	8.84165e-05	0.000305175	0.000729148	0.00224965	0.00015984799999999998	0.0	0.0	0.0	0.0	0.0	0.0	0.0	0.0	0.0	0.0	0.0	0.0	0.0	0.0	0.0	0.0	0.0	0.0	0.0	0.0	0.0	0.0	0.0	0.000926934	0.0	0.0	0.0	0.0	0.0
Tzo-AMvi_023_Ex1_L4_fastp	0.0599913	0.0846018	0.0107	0.0	0.00376018	0.0	0.0	0.0	4.39787e-06	9.235519999999999e-05	0.0	0.0	0.0	0.0	0.0	0.0	0.0	0.0	4.39787e-05	0.0	0.0	0.0	0.0	0.0	0.0	0.0	0.0	0.0	2.63872e-05	0.0	0.0	0.0	0.0	0.0	0.0	0.0	0.0	0.0	0.0	0.0	0.0	0.0	0.0	0.0	0.0	0.0	0.0	0.0	0.0	0.0	0.0	0.0	0.0	0.0	0.0	0.0	1.77487e-05	4.4412e-06	0.0	0.0	0.0	0.0	0.0	0.0	0.0	0.0	0.0	0.0	0.0	0.00031575900000000004	0.0	0.0	0.0	0.0	0.0	0.0	0.0	0.0	0.0	0.0	0.0	0.0	0.0	0.0	0.0	0.0	0.0	1.44427e-05	0.0	4.880899999999999e-06	2.45873e-05	0.00013875400000000002	0.000114921	0.000493961	0.0029147599999999997	0.00012839900000000002	4.66981e-05	0.0	0.0	0.0	0.0	5.5003099999999995e-06	0.0	0.0	0.0	0.0	2.35917e-05	0.00020366499999999998	0.0	6.1827300000000005e-06	0.0	3.19682e-05	0.0	1.32449e-05	0.0	0.0	0.000104941	0.0002352	0.0007852079999999999	0.00224633	0.000151223	0.0	0.0	0.0	0.0	0.0	0.0	0.0	0.0	0.0	0.0	0.0	0.0	0.0	0.0	0.0	0.0	0.0	0.0	0.0	0.0	0.0	0.0	0.0	0.00104451	0.0	0.0	0.0	0.0	0.0
Tzo-AMvi_024_Ex1_L4_fastp	0.0595587	0.08312560000000001	0.0104133	0.0	0.0039657	0.0	0.0	0.0	2.31236e-05	5.7809099999999995e-05	0.0	0.0	0.0	0.0	0.0	0.0	0.0	0.0	3.46854e-05	0.0	0.0	0.0	0.0	0.0	0.0	0.0	0.0	0.0	2.31236e-05	0.0	0.0	0.0	0.0	0.0	0.0	0.0	0.0	0.0	0.0	0.0	0.0	0.0	0.0	0.0	0.0	0.0	0.0	0.0	0.0	0.0	0.0	0.0	0.0	0.0	0.0	0.0	3.87869e-06	0.0	0.0	0.0	0.0	0.0	0.0	0.0	0.0	0.0	0.0	0.0	3.9239700000000005e-06	0.00033007999999999996	0.0	0.0	0.0	0.0	0.0	0.0	0.0	0.0	0.0	0.0	0.0	0.0	0.0	0.0	0.0	0.0	0.0	1.24945e-05	0.0	4.21734e-06	8.49418e-06	0.000149719	9.05348e-05	0.000538982	0.00297276	0.000132748	5.8089300000000006e-05	0.0	0.0	0.0	0.0	4.72832e-06	0.0	0.0	0.0	4.98954e-06	2.02479e-05	0.00026206	0.0	0.0	0.0	1.64411e-05	0.0	1.70126e-05	0.0	1.76352e-05	0.000107778	0.00031111	0.000870375	0.00238362	0.000155136	0.0	0.0	0.0	0.0	0.0	0.0	0.0	0.0	0.0	0.0	0.0	0.0	0.0	0.0	0.0	0.0	0.0	0.0	0.0	0.0	0.0	0.0	0.0	0.000996364	0.0	0.0	0.0	0.0	0.0
Tzo-AMvi_025_Ex1_L4_fastp	0.0604189	0.0826695	0.0107347	0.0	0.00401295	0.0	0.0	0.0	1.00575e-05	8.04602e-05	0.0	0.0	0.0	0.0	0.0	0.0	0.0	0.0	4.69351e-05	0.0	0.0	0.0	0.0	0.0	0.0	0.0	0.0	0.0	3.68776e-05	0.0	0.0	0.0	0.0	0.0	0.0	0.0	0.0	0.0	0.0	0.0	0.0	0.0	0.0	0.0	0.0	0.0	0.0	0.0	0.0	0.0	0.0	0.0	0.0	0.0	0.0	0.0	2.7130499999999997e-05	0.0	3.3999200000000004e-06	0.0	0.0	0.0	0.0	0.0	0.0	0.0	0.0	0.0	6.92221e-06	0.00045447300000000005	0.0	1.04618e-05	0.0	0.0	0.0	0.0	0.0	0.0	0.0	0.0	0.0	0.0	0.0	0.0	0.0	0.0	3.76241e-06	2.27637e-05	0.0	3.8645e-06	1.9516e-05	0.000205103	0.000131614	0.0006859629999999999	0.0031046	0.00018622299999999998	7.9708e-05	0.0	0.0	0.0	0.0	4.5297e-06	0.0	0.0	0.0	0.0	1.98486e-05	0.000242994	0.0	1.05507e-05	0.0	1.6514300000000002e-05	0.0	1.72704e-05	0.0	1.8080799999999998e-05	0.000154321	0.000297322	0.0009466800000000001	0.0021656799999999997	0.000163448	0.0	0.0	0.0	0.0	0.0	0.0	0.0	0.0	0.0	0.0	0.0	0.0	0.0	0.0	0.0	0.0	0.0	0.0	0.0	0.0	0.0	0.0	0.0	0.000996938	0.0	0.0	0.0	0.0	0.0
Tzo-AMvi_026_Ex1_L4_fastp	0.0607203	0.0824868	0.0108564	0.0	0.00377262	0.0	0.0	0.0	2.24027e-05	4.48054e-05	0.0	0.0	0.0	0.0	0.0	0.0	0.0	0.0	1.79222e-05	0.0	0.0	0.0	0.0	0.0	0.0	0.0	0.0	0.0	2.6883299999999997e-05	0.0	0.0	0.0	0.0	0.0	0.0	0.0	0.0	0.0	0.0	0.0	0.0	0.0	0.0	0.0	0.0	0.0	0.0	0.0	0.0	0.0	0.0	0.0	0.0	0.0	0.0	0.0	1.36516e-05	0.0	0.0	0.0	0.0	0.0	0.0	0.0	0.0	0.0	0.0	0.0	4.66094e-06	0.000369214	0.0	0.0	0.0	0.0	0.0	0.0	0.0	0.0	0.0	0.0	0.0	0.0	0.0	0.0	0.0	0.0	0.0	5.14834e-06	0.0	5.25125e-06	3.71525e-05	0.000160982	0.000146585	0.000599097	0.00282814	0.000146705	5.7237899999999996e-05	0.0	0.0	0.0	0.0	1.23989e-05	0.0	6.429400000000001e-06	0.0	0.0	2.72603e-05	0.000194744	0.0	0.0	0.0	1.51644e-05	7.75363e-06	2.38075e-05	0.0	4.15944e-05	0.000127886	0.000253387	0.0007255	0.00201243	0.000113089	9.67639e-06	0.0	0.0	0.0	0.0	0.0	0.0	0.0	0.0	0.0	0.0	0.0	0.0	0.0	0.0	0.0	0.0	0.0	0.0	0.0	0.0	0.0	0.0	0.0008435719999999999	0.0	0.0	0.0	0.0	0.0
Tzo-AMvi_027_Ex1_L4_fastp	0.0595219	0.0827286	0.0104604	0.0	0.00399322	0.0	0.0	3.48448e-06	1.04534e-05	5.57517e-05	0.0	0.0	0.0	0.0	0.0	0.0	0.0	0.0	3.83293e-05	0.0	0.0	0.0	0.0	0.0	0.0	0.0	0.0	0.0	2.43914e-05	0.0	0.0	0.0	0.0	0.0	0.0	0.0	0.0	0.0	0.0	0.0	0.0	0.0	0.0	0.0	0.0	0.0	0.0	0.0	0.0	0.0	0.0	0.0	0.0	0.0	0.0	0.0	1.75982e-05	3.5234000000000004e-06	0.0	0.0	0.0	0.0	0.0	0.0	0.0	0.0	0.0	0.0	0.0	0.00038402400000000006	0.0	0.0	0.0	0.0	0.0	0.0	0.0	0.0	0.0	0.0	0.0	0.0	0.0	0.0	3.79484e-06	0.0	0.0	1.93606e-05	0.0	0.0	1.58641e-05	0.000132043	0.000121173	0.000558903	0.00270792	9.99952e-05	2.10708e-05	0.0	0.0	0.0	0.0	8.990590000000001e-06	0.0	9.25696e-06	0.0	0.0	3.3967700000000003e-05	0.000143086	0.0	1.02074e-05	0.0	2.1155799999999998e-05	0.0	2.19504e-05	0.0	5.7009800000000004e-06	0.000139584	0.000213453	0.000732184	0.00209305	0.000138572	1.2853200000000001e-05	0.0	0.0	0.0	0.0	0.0	0.0	0.0	0.0	0.0	0.0	0.0	0.0	0.0	0.0	0.0	0.0	0.0	0.0	0.0	0.0	0.0	0.0	0.00103133	0.0	0.0	0.0	0.0	0.0
Tzo-AMvi_028_Ex1_L4_fastp	0.058726799999999996	0.08302659999999999	0.0107594	0.0	0.00392073	0.0	0.0	3.11416e-06	2.17991e-05	4.35982e-05	0.0	0.0	0.0	0.0	0.0	0.0	0.0	0.0	3.7369899999999996e-05	0.0	0.0	0.0	0.0	0.0	0.0	0.0	0.0	0.0	1.55708e-05	0.0	0.0	0.0	0.0	0.0	0.0	0.0	0.0	0.0	0.0	0.0	0.0	0.0	0.0	0.0	0.0	0.0	0.0	0.0	0.0	0.0	0.0	0.0	0.0	0.0	0.0	0.0	2.20514e-05	0.0	0.0	0.0	0.0	0.0	0.0	0.0	0.0	0.0	0.0	0.0	0.0	0.000351051	0.0	0.0	0.0	0.0	0.0	0.0	0.0	0.0	0.0	0.0	0.0	0.0	0.0	0.0	0.0	0.0	0.0	2.45556e-05	3.5377400000000003e-06	1.42789e-05	2.5221e-05	0.000112817	8.825510000000001e-05	0.000509312	0.00295197	0.00010656	5.0108099999999995e-05	0.0	0.0	0.0	0.0	0.0	0.0	0.0	0.0	0.0	2.7039599999999998e-05	0.00023408900000000001	0.0	0.0	4.8647999999999996e-06	1.48841e-05	0.0	2.06794e-05	0.0	3.23601e-05	0.000143325	0.000287369	0.0007664740000000001	0.00219347	0.00019908	0.0	0.0	0.0	0.0	0.0	0.0	0.0	0.0	0.0	0.0	0.0	0.0	0.0	0.0	0.0	0.0	0.0	0.0	0.0	0.0	0.0	0.0	0.0	0.0008655799999999999	0.0	0.0	0.0	0.0	0.0
Tzo-AMvi_029_Ex1_L4_fastp	0.059973000000000005	0.08428	0.0107865	0.0	0.0040412	0.0	0.0	4.27188e-06	1.70875e-05	7.689389999999999e-05	0.0	0.0	0.0	0.0	0.0	0.0	0.0	0.0	2.99032e-05	0.0	0.0	0.0	0.0	0.0	0.0	0.0	0.0	0.0	1.70875e-05	0.0	0.0	0.0	0.0	0.0	0.0	0.0	0.0	0.0	0.0	0.0	0.0	0.0	0.0	0.0	0.0	0.0	0.0	0.0	0.0	0.0	0.0	0.0	0.0	0.0	0.0	0.0	1.2964199999999999e-05	0.0	4.3332400000000005e-06	0.0	0.0	0.0	0.0	0.0	0.0	0.0	0.0	0.0	8.84231e-06	0.00035022199999999997	0.0	0.0	0.0	0.0	0.0	0.0	0.0	0.0	0.0	0.0	0.0	0.0	0.0	0.0	9.5735e-06	0.0	0.0	1.96814e-05	0.0	1.0053500000000001e-05	1.01733e-05	0.00015962000000000002	9.909389999999999e-05	0.000555048	0.0030131	0.000163266	5.52784e-05	0.0	0.0	0.0	0.0	0.0	0.0	6.290570000000001e-06	0.0	0.0	2.0135799999999998e-05	0.000329694	7.02973e-06	7.20235e-06	0.0	7.572390000000001e-06	7.76963e-06	1.5954399999999998e-05	0.0	3.3673999999999996e-05	0.000138472	0.000240359	0.000787941	0.0024709899999999997	0.000204098	1.00061e-05	0.0	0.0	0.0	0.0	0.0	0.0	0.0	0.0	0.0	0.0	0.0	0.0	0.0	0.0	0.0	0.0	0.0	0.0	0.0	0.0	0.0	0.0	0.0010389499999999999	0.0	0.0	0.0	0.0	0.0
Tzo-AMvi_030_Ex1_L4_fastp	0.0593138	0.0851644	0.0109952	0.0	0.0038735500000000003	0.0	0.0	3.36246e-06	1.34498e-05	6.05243e-05	0.0	0.0	0.0	0.0	0.0	0.0	0.0	0.0	2.35372e-05	0.0	0.0	0.0	0.0	0.0	0.0	0.0	0.0	0.0	1.68123e-05	0.0	0.0	0.0	0.0	0.0	0.0	0.0	0.0	0.0	0.0	0.0	0.0	0.0	0.0	0.0	0.0	0.0	0.0	0.0	0.0	0.0	0.0	0.0	0.0	0.0	0.0	0.0	1.01643e-05	3.3909700000000002e-06	0.0	0.0	0.0	0.0	0.0	0.0	0.0	0.0	0.0	0.0	3.4395200000000004e-06	0.000344573	0.0	3.4596699999999997e-06	0.0	0.0	0.0	0.0	0.0	0.0	0.0	0.0	0.0	0.0	0.0	0.0	0.0	0.0	0.0	1.1135599999999999e-05	0.0	7.5405999999999994e-06	1.90135e-05	0.00013047200000000002	0.000131736	0.000571508	0.00293154	0.000132029	5.2615800000000005e-05	0.0	0.0	0.0	0.0	8.65245e-06	0.0	0.0	0.0	9.21823e-06	3.28237e-05	0.000219479	0.0	4.94738e-06	0.0	2.56903e-05	0.0	2.67219e-05	0.0	2.2255e-05	0.000119305	0.00026692700000000003	0.0008002269999999999	0.00233184	0.000173408	0.0	0.0	0.0	0.0	0.0	0.0	0.0	0.0	0.0	0.0	0.0	0.0	0.0	0.0	0.0	0.0	0.0	0.0	0.0	0.0	0.0	0.0	0.0	0.00103828	0.0	0.0	0.0	0.0	0.0
Tzo-AMvi_031_Ex1_L4_fastp	0.0606152	0.0827122	0.0105142	0.0	0.00424101	0.0	0.0	0.0	8.41469e-06	6.31102e-05	0.0	0.0	0.0	0.0	0.0	0.0	0.0	0.0	1.6829400000000002e-05	0.0	0.0	0.0	0.0	0.0	0.0	0.0	0.0	0.0	1.6829400000000002e-05	0.0	0.0	0.0	0.0	0.0	0.0	0.0	0.0	0.0	0.0	0.0	0.0	0.0	0.0	0.0	0.0	0.0	0.0	0.0	0.0	0.0	0.0	0.0	0.0	0.0	0.0	0.0	4.25463e-06	8.51936e-06	0.0	0.0	0.0	0.0	0.0	0.0	0.0	0.0	0.0	0.0	8.67591e-06	0.00037825799999999997	0.0	4.3692099999999995e-06	0.0	0.0	0.0	0.0	0.0	0.0	0.0	0.0	0.0	0.0	0.0	0.0	0.0	0.0	0.0	3.31503e-05	0.0	4.820529999999999e-06	9.736070000000001e-06	0.000177057	0.00014416600000000002	0.000638434	0.00307244	0.000164843	6.26394e-05	0.0	0.0	0.0	0.0	0.0	0.0	5.8190699999999995e-06	0.0	0.0	4.9196799999999996e-05	0.000282159	0.0	1.30559e-05	0.0	4.08543e-05	6.95645e-06	5.6882399999999996e-05	0.0	3.72012e-05	0.000144676	0.00019485099999999998	0.000718335	0.00227279	8.374399999999999e-05	0.0	0.0	0.0	0.0	0.0	0.0	0.0	0.0	0.0	0.0	0.0	0.0	0.0	0.0	0.0	0.0	0.0	0.0	0.0	0.0	0.0	0.0	0.0	0.0009751759999999999	0.0	0.0	0.0	0.0	0.0
Tzo-AMvi_032_Ex1_L4_fastp	0.0594977	0.082023	0.0106492	0.0	0.00394262	0.0	0.0	0.0	1.3785400000000002e-05	5.51415e-05	0.0	0.0	0.0	0.0	0.0	0.0	0.0	0.0	9.649760000000001e-05	0.0	0.0	0.0	0.0	0.0	0.0	0.0	0.0	0.0	2.06781e-05	0.0	0.0	0.0	0.0	0.0	0.0	0.0	0.0	0.0	0.0	0.0	0.0	0.0	0.0	0.0	0.0	0.0	0.0	0.0	0.0	0.0	0.0	0.0	0.0	0.0	0.0	0.0	6.99819e-06	0.0	0.0	0.0	0.0	0.0	0.0	0.0	0.0	0.0	0.0	0.0	0.0	0.000439473	0.0	0.0	0.0	0.0	0.0	0.0	0.0	0.0	0.0	0.0	0.0	0.0	0.0	0.0	7.81338e-06	0.0	0.0	1.60852e-05	0.0	0.0	1.66458e-05	0.000244359	0.00011954100000000001	0.0006232179999999999	0.00283649	0.000187235	6.33892e-05	0.0	0.0	0.0	0.0	0.0	0.0	1.03056e-05	0.0	0.0	5.4955100000000005e-05	0.00034840699999999996	0.0	1.17689e-05	0.0	4.9411899999999994e-05	0.0	2.5956399999999998e-05	0.0	4.09667e-05	0.000140065	0.000230148	0.000679441	0.0018648199999999999	0.000155794	0.0	0.0	0.0	0.0	0.0	0.0	0.0	0.0	0.0	0.0	0.0	0.0	0.0	0.0	0.0	0.0	0.0	0.0	0.0	0.0	0.0	0.0	0.0	0.000693828	0.0	0.0	0.0	0.0	0.0
Tzo-AMvi_033_Ex1_L4_fastp	0.0607511	0.0829353	0.010400099999999999	0.0	0.00362191	0.0	0.0	1.2935400000000002e-05	1.94031e-05	7.76124e-05	0.0	0.0	0.0	0.0	0.0	0.0	0.0	0.0	6.467700000000001e-06	0.0	0.0	0.0	0.0	0.0	0.0	0.0	0.0	0.0	2.5870800000000003e-05	0.0	0.0	0.0	0.0	0.0	0.0	0.0	0.0	0.0	0.0	0.0	0.0	0.0	0.0	0.0	0.0	0.0	0.0	0.0	0.0	0.0	0.0	0.0	0.0	0.0	0.0	0.0	6.5229700000000005e-06	6.52864e-06	0.0	0.0	0.0	0.0	0.0	0.0	0.0	0.0	0.0	0.0	0.0	0.000271638	0.0	0.0	0.0	0.0	0.0	0.0	0.0	0.0	0.0	0.0	0.0	0.0	0.0	0.0	0.0	0.0	0.0	7.03564e-06	0.0	0.0	1.4340600000000001e-05	0.000144406	8.73037e-05	0.000447272	0.0027132799999999998	9.692350000000001e-05	4.51462e-05	0.0	0.0	0.0	0.0	0.0	0.0	8.10245e-06	0.0	0.0	3.36629e-05	0.000162041	0.0	0.0	0.0	9.02222e-06	0.0	3.7172e-05	0.0	0.0	0.000175179	0.000326317	0.0009653419999999999	0.00226926	0.00018706999999999998	0.0	0.0	0.0	0.0	0.0	0.0	0.0	0.0	0.0	0.0	0.0	0.0	0.0	0.0	0.0	0.0	0.0	0.0	0.0	0.0	0.0	0.0	0.0	0.0008506550000000001	0.0	0.0	0.0	0.0	0.0
Tzo-AMvi_034_Ex1_L4_fastp	0.0596589	0.0829096	0.010226800000000001	0.0	0.00397243	0.0	0.0	0.0	1.5263899999999998e-05	6.10555e-05	0.0	0.0	0.0	0.0	0.0	0.0	0.0	0.0	1.1447900000000001e-05	0.0	0.0	0.0	0.0	0.0	0.0	0.0	0.0	0.0	7.63194e-06	0.0	0.0	0.0	0.0	0.0	0.0	0.0	0.0	0.0	0.0	0.0	0.0	0.0	0.0	0.0	0.0	0.0	0.0	0.0	0.0	0.0	0.0	0.0	0.0	0.0	0.0	0.0	1.5433e-05	7.725909999999999e-06	3.86791e-06	0.0	0.0	0.0	0.0	0.0	0.0	0.0	0.0	0.0	0.0	0.000378642	0.0	0.0	0.0	0.0	0.0	0.0	0.0	0.0	0.0	0.0	0.0	0.0	0.0	0.0	0.0	0.0	0.0	1.2905500000000002e-05	0.0	4.37914e-06	1.7685400000000002e-05	0.000183104	9.02679e-05	0.000689176	0.00293702	0.000149604	8.52474e-05	0.0	1.4602699999999998e-05	0.0	0.0	0.0	0.0	1.05277e-05	0.0	0.0	5.54938e-06	0.000209238	5.76612e-06	5.879669999999999e-06	0.0	2.44847e-05	0.0	3.82938e-05	0.0	3.9955e-05	0.000149794	0.000285477	0.0008971840000000001	0.00225853	0.000223499	1.52485e-05	0.0	0.0	0.0	0.0	0.0	0.0	0.0	0.0	0.0	0.0	0.0	0.0	0.0	0.0	0.0	0.0	0.0	0.0	0.0	0.0	0.0	0.0	0.00110849	0.0	0.0	0.0	0.0	0.0
Tzo-AMvi_035_Ex1_L4_fastp	0.0599265	0.0831269	0.011063100000000001	0.0	0.0037480400000000002	0.0	0.0	0.0	2.4142e-05	6.0355e-05	0.0	0.0	0.0	0.0	0.0	0.0	0.0	0.0	2.4142e-05	0.0	0.0	0.0	0.0	0.0	0.0	0.0	0.0	0.0	6.0355e-06	0.0	0.0	0.0	0.0	0.0	0.0	0.0	0.0	0.0	0.0	0.0	0.0	0.0	0.0	0.0	0.0	0.0	0.0	0.0	0.0	0.0	0.0	0.0	0.0	0.0	0.0	0.0	1.21863e-05	6.09924e-06	0.0	0.0	0.0	0.0	0.0	0.0	0.0	0.0	0.0	0.0	0.0	0.000341266	0.0	0.0	0.0	0.0	0.0	0.0	0.0	0.0	0.0	0.0	0.0	0.0	0.0	0.0	6.5378599999999994e-06	0.0	0.0	1.33284e-05	0.0	0.0	2.04536e-05	0.000171891	9.711319999999999e-05	0.000602113	0.0030546699999999998	0.000128594	1.44474e-05	0.0	0.0	0.0	0.0	7.68058e-06	0.0	7.899539999999999e-06	0.0	0.0	4.1343999999999996e-05	0.000252106	0.0	8.69469e-06	0.0	9.00264e-06	0.0	9.33776e-06	0.0	9.69554e-06	0.000158103	0.000362949	0.000946374	0.00246706	0.000235804	2.18868e-05	0.0	0.0	0.0	0.0	0.0	0.0	0.0	0.0	0.0	0.0	0.0	0.0	0.0	0.0	0.0	0.0	0.0	0.0	0.0	0.0	0.0	0.0	0.0009942759999999999	0.0	0.0	0.0	0.0	0.0
Tzo-AMvi_036_Ex1_L4_fastp	0.059919400000000005	0.0829847	0.0111065	0.0	0.00405144	0.0	0.0	0.0	6.985240000000001e-06	2.7941e-05	0.0	0.0	0.0	0.0	0.0	0.0	0.0	0.0	4.88967e-05	0.0	0.0	0.0	0.0	0.0	0.0	0.0	0.0	0.0	2.7941e-05	0.0	0.0	0.0	0.0	0.0	0.0	0.0	0.0	0.0	0.0	0.0	0.0	0.0	0.0	0.0	7.0001999999999995e-06	0.0	0.0	0.0	0.0	0.0	0.0	0.0	0.0	0.0	0.0	0.0	7.0560700000000005e-06	0.0	0.0	0.0	0.0	0.0	0.0	0.0	0.0	0.0	0.0	0.0	7.17868e-06	0.000352475	0.0	0.0	0.0	0.0	0.0	0.0	0.0	0.0	0.0	0.0	0.0	0.0	0.0	0.0	7.6185e-06	0.0	0.0	7.78192e-06	0.0	0.0	1.59598e-05	0.00012082299999999999	5.691870000000001e-05	0.000583333	0.0030644	0.000134368	5.94926e-05	0.0	8.72144e-06	0.0	0.0	0.0	0.0	0.0	0.0	0.0	4.9313699999999995e-05	0.000240803	0.0	0.0	0.0	4.3169999999999995e-05	0.0	6.72706e-05	0.0	3.4994000000000004e-05	0.000142827	0.000303618	0.000904736	0.0023415	0.00015513000000000001	1.32056e-05	0.0	0.0	0.0	0.0	0.0	0.0	0.0	0.0	0.0	0.0	0.0	0.0	0.0	0.0	0.0	0.0	0.0	0.0	0.0	0.0	0.0	0.0	0.0008490250000000001	0.0	0.0	0.0	0.0	0.0
Tzo-AMvi_037_Ex1_L4_fastp	0.0597674	0.08287270000000001	0.0107007	0.0	0.00410798	0.0	0.0	3.2270100000000005e-06	2.2589e-05	8.71291e-05	0.0	0.0	0.0	0.0	0.0	0.0	0.0	0.0	2.5815999999999998e-05	0.0	0.0	0.0	0.0	0.0	0.0	0.0	0.0	0.0	1.9362000000000002e-05	0.0	0.0	0.0	0.0	0.0	0.0	0.0	0.0	0.0	0.0	0.0	0.0	0.0	0.0	0.0	3.2348800000000004e-06	0.0	0.0	0.0	0.0	0.0	0.0	0.0	0.0	0.0	0.0	0.0	1.30746e-05	0.0	3.27796e-06	0.0	0.0	0.0	0.0	0.0	0.0	0.0	0.0	3.3327099999999997e-06	3.3403599999999996e-06	0.00039512399999999995	0.0	0.0	0.0	0.0	0.0	0.0	0.0	0.0	0.0	0.0	0.0	3.50637e-06	0.0	0.0	3.5725499999999998e-06	0.0	0.0	2.92313e-05	0.0	3.7184300000000002e-06	7.50725e-06	0.00015925	9.195380000000001e-05	0.0006158779999999999	0.0030713100000000003	0.000190323	7.22653e-05	0.0	0.0	0.0	0.0	0.0	0.0	4.451349999999999e-06	0.0	4.6067499999999996e-06	3.28333e-05	0.000267501	4.86635e-06	4.95954e-06	0.0	2.5797000000000004e-05	0.0	5.9105300000000005e-05	0.0	1.68129e-05	0.00018328799999999998	0.000222418	0.0008019990000000001	0.00221007	0.00017534700000000001	0.0	0.0	0.0	0.0	0.0	0.0	0.0	0.0	0.0	0.0	0.0	0.0	0.0	0.0	0.0	0.0	0.0	0.0	0.0	0.0	0.0	0.0	0.0	0.000794646	0.0	0.0	0.0	0.0	0.0
Tzo-AMvi_038_Ex1_L4_fastp	0.0601354	0.0836126	0.0107685	0.0	0.00391664	0.0	0.0	0.0	3.18057e-05	5.4524e-05	0.0	0.0	0.0	0.0	0.0	0.0	0.0	0.0	4.54367e-05	0.0	0.0	0.0	0.0	0.0	0.0	0.0	0.0	0.0	4.54367e-06	0.0	0.0	0.0	0.0	0.0	0.0	0.0	0.0	0.0	0.0	0.0	0.0	0.0	0.0	0.0	4.552e-06	0.0	0.0	0.0	0.0	0.0	0.0	0.0	0.0	0.0	0.0	0.0	4.58665e-06	0.0	0.0	0.0	0.0	0.0	0.0	0.0	0.0	0.0	0.0	0.0	4.66462e-06	0.000364566	0.0	0.0	0.0	0.0	0.0	0.0	0.0	0.0	0.0	0.0	0.0	0.0	0.0	0.0	0.0	0.0	0.0	5.03863e-06	0.0	5.116319999999999e-06	1.03203e-05	0.000145787	9.985789999999998e-05	0.000520178	0.00260616	0.000130068	4.3852e-05	0.0	5.61639e-06	0.0	0.0	0.0	0.0	6.02086e-06	0.0	6.21138e-06	1.8942100000000003e-05	0.00023758600000000003	1.3061e-05	1.3293199999999998e-05	0.0	4.8220199999999996e-05	7.015569999999999e-06	4.28868e-05	0.0	2.9716899999999997e-05	0.000151514	0.00026270899999999997	0.0007647810000000001	0.0021084100000000002	0.000180749	0.0	0.0	0.0	0.0	0.0	0.0	0.0	0.0	0.0	0.0	0.0	0.0	0.0	0.0	0.0	0.0	0.0	0.0	0.0	0.0	0.0	0.0	0.0	0.0007771220000000001	0.0	0.0	0.0	0.0	0.0
Tzo-AMvi_039_Ex1_L4_fastp	0.060227800000000005	0.0839344	0.0107302	0.0	0.00406091	0.0	0.0	0.0	1.92643e-05	6.93513e-05	0.0	0.0	0.0	0.0	0.0	0.0	0.0	0.0	1.92643e-05	0.0	0.0	0.0	0.0	0.0	0.0	0.0	0.0	0.0	1.54114e-05	0.0	0.0	0.0	0.0	0.0	0.0	0.0	0.0	0.0	0.0	0.0	0.0	0.0	0.0	0.0	0.0	0.0	0.0	0.0	0.0	0.0	0.0	0.0	0.0	0.0	0.0	0.0	1.1679499999999999e-05	0.0	0.0	0.0	0.0	0.0	0.0	0.0	0.0	0.0	0.0	0.0	3.96222e-06	0.000440684	0.0	0.0	0.0	0.0	0.0	0.0	0.0	0.0	0.0	0.0	0.0	4.12853e-06	0.0	4.17285e-06	0.0	0.0	0.0	1.71285e-05	0.0	8.6993e-06	1.75456e-05	0.000154877	7.59424e-05	0.0006361590000000001	0.0031136500000000004	0.000138278	3.7293700000000005e-05	0.0	0.0	0.0	0.0	9.946340000000001e-06	0.0	0.0	0.0	0.0	1.6109e-05	0.00027306300000000004	0.0	5.65518e-06	0.0	4.10482e-05	0.0	5.47847e-05	0.0	3.1652199999999995e-05	0.00018727499999999998	0.000256979	0.0008742540000000001	0.0024445599999999997	0.00011923199999999999	0.0	0.0	0.0	0.0	0.0	0.0	0.0	0.0	0.0	0.0	0.0	0.0	0.0	0.0	0.0	0.0	0.0	0.0	0.0	0.0	0.0	0.0	0.0	0.00117675	0.0	0.0	0.0	0.0	0.0
Tzo-AMvi_040_Ex1_L4_fastp	0.061027	0.0832531	0.010804600000000001	0.0	0.0038822799999999997	0.0	0.0	3.1308700000000004e-06	1.25235e-05	6.26175e-05	0.0	0.0	0.0	0.0	0.0	0.0	0.0	0.0	3.44396e-05	0.0	0.0	0.0	0.0	0.0	0.0	0.0	0.0	0.0	1.87852e-05	0.0	0.0	0.0	0.0	0.0	0.0	0.0	0.0	0.0	0.0	0.0	0.0	0.0	0.0	0.0	3.1383499999999998e-06	0.0	0.0	0.0	0.0	0.0	0.0	0.0	0.0	0.0	0.0	0.0	2.2174e-05	3.1715700000000003e-06	3.1757e-06	0.0	0.0	0.0	0.0	0.0	0.0	0.0	0.0	0.0	3.23159e-06	0.000356289	0.0	6.5109700000000004e-06	0.0	0.0	0.0	3.2963899999999996e-06	0.0	0.0	0.0	0.0	0.0	3.3879899999999997e-06	0.0	6.857799999999999e-06	0.0	0.0	0.0	1.41275e-05	0.0	1.0782800000000001e-05	1.81424e-05	0.00019056799999999998	9.99827e-05	0.000483043	0.00282592	0.0001419	7.380450000000001e-05	0.0	0.0	0.0	0.0	0.0	0.0	4.31741e-06	0.0	4.46867e-06	9.10017e-06	0.00026427799999999995	0.0	0.0	0.0	1.50596e-05	5.12521e-06	2.09311e-05	0.0	3.27522e-05	0.000100455	0.00021114	0.000688977	0.00209703	0.000183422	6.25689e-06	0.0	0.0	0.0	0.0	0.0	0.0	0.0	0.0	0.0	0.0	0.0	0.0	0.0	0.0	0.0	0.0	0.0	0.0	0.0	0.0	0.0	0.0	0.000916917	0.0	0.0	0.0	0.0	0.0
Tzo-AMvi_041_Ex1_L4_fastp	0.0601452	0.0834069	0.0108849	0.0	0.00379407	0.0	0.0	3.29346e-06	1.31738e-05	4.2814999999999996e-05	0.0	0.0	0.0	0.0	0.0	0.0	0.0	0.0	1.31738e-05	0.0	0.0	0.0	0.0	0.0	0.0	0.0	0.0	0.0	2.30542e-05	0.0	0.0	0.0	0.0	0.0	0.0	0.0	0.0	0.0	0.0	0.0	0.0	0.0	0.0	0.0	0.0	0.0	0.0	0.0	0.0	0.0	0.0	0.0	0.0	0.0	0.0	0.0	6.64465e-06	3.32531e-06	0.0	0.0	0.0	0.0	0.0	0.0	0.0	0.0	0.0	6.73531e-06	3.37336e-06	0.000314283	0.0	0.0	0.0	0.0	0.0	0.0	0.0	0.0	0.0	0.0	0.0	0.0	0.0	0.0	0.0	0.0	0.0	2.1708399999999997e-05	0.0	0.0	1.84994e-05	0.00014176599999999998	6.397649999999999e-05	0.0004974539999999999	0.00280271	0.00015104500000000001	4.30618e-05	0.0	0.0	0.0	0.0	8.32015e-06	0.0	0.0	0.0	4.40725e-06	2.2385699999999998e-05	0.00019107199999999998	4.6237e-06	0.0	0.0	9.7394e-06	0.0	2.52467e-05	0.0	1.0489900000000001e-05	0.000122998	0.00022902399999999998	0.0007511190000000001	0.0022086199999999997	0.000202818	0.0	0.0	0.0	0.0	0.0	0.0	0.0	0.0	0.0	0.0	0.0	0.0	0.0	0.0	0.0	0.0	0.0	0.0	0.0	0.0	0.0	0.0	0.0	0.000826268	0.0	0.0	0.0	0.0	0.0
Tzo-AMvi_042_Ex1_L4_fastp	0.061024600000000005	0.0822819	0.0105273	0.0	0.00389406	0.0	0.0	0.0	8.10419e-06	5.67293e-05	0.0	0.0	0.0	0.0	0.0	0.0	0.0	0.0	4.0521e-05	0.0	0.0	0.0	0.0	0.0	0.0	0.0	0.0	0.0	2.02605e-05	0.0	0.0	0.0	0.0	0.0	0.0	0.0	0.0	0.0	0.0	0.0	0.0	0.0	0.0	0.0	0.0	0.0	0.0	0.0	0.0	0.0	0.0	0.0	0.0	0.0	0.0	0.0	1.2332e-05	0.0	4.12125e-06	0.0	0.0	0.0	0.0	0.0	0.0	0.0	4.17303e-06	0.0	1.67566e-05	0.00035681499999999996	0.0	8.43368e-06	0.0	0.0	0.0	0.0	0.0	0.0	0.0	0.0	0.0	0.0	0.0	0.0	0.0	0.0	0.0	2.25983e-05	0.0	4.58738e-06	1.3875299999999999e-05	0.00012595	7.52995e-05	0.000584412	0.0028884899999999996	0.000145424	6.3698e-05	0.0	0.0	0.0	0.0	0.0	0.0	0.0	0.0	5.51676e-06	2.24121e-05	0.00019366600000000003	0.0	5.88615e-06	5.98662e-06	2.43673e-05	6.19918e-06	3.78727e-05	0.0	1.3094400000000001e-05	9.33766e-05	0.000339751	0.0008110759999999999	0.00237688	0.000144273	0.0	0.0	0.0	0.0	0.0	0.0	0.0	0.0	0.0	0.0	0.0	0.0	0.0	0.0	0.0	0.0	0.0	0.0	0.0	0.0	0.0	0.0	0.0	0.000848976	0.0	0.0	0.0	0.0	0.0
Tzo-AMvi_043_Ex1_L4_fastp	0.0606395	0.0832885	0.0104947	0.0	0.00393819	0.0	0.0	0.0	2.50384e-05	5.72307e-05	0.0	0.0	0.0	0.0	0.0	0.0	0.0	0.0	4.6499900000000005e-05	0.0	0.0	0.0	0.0	0.0	0.0	0.0	0.0	0.0	1.43077e-05	0.0	0.0	0.0	0.0	0.0	0.0	0.0	0.0	0.0	0.0	0.0	0.0	0.0	0.0	0.0	0.0	0.0	0.0	0.0	0.0	0.0	0.0	0.0	0.0	0.0	0.0	0.0	1.44547e-05	0.0	0.0	0.0	0.0	0.0	0.0	0.0	0.0	0.0	0.0	0.0	7.358379999999999e-06	0.00036131199999999997	0.0	0.0	0.0	0.0	0.0	0.0	0.0	0.0	0.0	0.0	0.0	0.0	0.0	0.0	0.0	0.0	0.0	1.99483e-05	0.0	4.0557e-06	2.45501e-05	0.0002065	0.000120944	0.0005941669999999999	0.00283715	0.000206824	6.9777e-05	0.0	4.47501e-06	0.0	0.0	0.0	0.0	0.0	0.0	4.97276e-06	3.54065e-05	0.00020589899999999997	5.2408799999999995e-06	5.33724e-06	0.0	2.21597e-05	0.0	3.45592e-05	0.0	5.998e-06	0.000177621	0.00024411	0.000805533	0.0021303	0.00019366600000000003	0.0	0.0	0.0	0.0	0.0	0.0	0.0	0.0	0.0	0.0	0.0	0.0	0.0	0.0	0.0	0.0	0.0	0.0	0.0	0.0	0.0	0.0	0.0	0.0008141709999999999	0.0	0.0	0.0	0.0	0.0
Tzo-AMvi_044_Ex1_L4_fastp	0.0597923	0.0828686	0.010491499999999999	0.0	0.0038404900000000002	0.0	0.0	0.0	1.6679600000000002e-05	6.67186e-05	0.0	0.0	0.0	0.0	0.0	0.0	0.0	0.0	2.9189400000000002e-05	0.0	0.0	0.0	0.0	0.0	0.0	0.0	0.0	0.0	1.25097e-05	0.0	0.0	0.0	0.0	0.0	0.0	0.0	0.0	0.0	0.0	0.0	0.0	0.0	0.0	0.0	0.0	0.0	0.0	0.0	0.0	0.0	0.0	0.0	0.0	0.0	0.0	0.0	0.0	0.0	0.0	0.0	0.0	0.0	0.0	0.0	0.0	0.0	4.252449999999999e-06	4.25911e-06	4.26633e-06	0.00037609599999999997	0.0	4.29062e-06	0.0	0.0	0.0	0.0	0.0	0.0	0.0	0.0	0.0	0.0	0.0	0.0	0.0	0.0	0.0	0.0	0.0	4.65207e-06	0.0	0.000132388	8.10922e-05	0.000471952	0.00272344	0.000117973	2.4848800000000002e-05	0.0	5.08915e-06	0.0	0.0	5.29222e-06	0.0	5.44507e-06	0.0	0.0	3.42016e-05	0.00017383900000000001	0.0	0.0	0.0	1.24234e-05	0.0	1.2886e-05	0.0	6.69346e-06	6.14147e-05	0.000271502	0.000646716	0.00213266	0.000103684	0.0	0.0	0.0	0.0	0.0	0.0	0.0	0.0	0.0	0.0	0.0	0.0	0.0	0.0	0.0	0.0	0.0	0.0	0.0	0.0	0.0	0.0	0.0	0.0007869320000000001	0.0	0.0	0.0	0.0	0.0
Tzo-AMvi_045_Ex1_L4_fastp	0.0602258	0.0828596	0.0110368	0.0	0.00413757	0.0	0.0	0.0	1.96559e-05	7.37097e-05	0.0	0.0	0.0	0.0	0.0	0.0	0.0	0.0	1.96559e-05	0.0	0.0	0.0	0.0	0.0	0.0	0.0	0.0	0.0	2.45699e-05	0.0	0.0	0.0	0.0	0.0	0.0	0.0	0.0	0.0	0.0	0.0	0.0	0.0	0.0	0.0	0.0	0.0	0.0	0.0	0.0	0.0	0.0	0.0	0.0	0.0	0.0	0.0	2.9810299999999998e-05	0.0	0.0	0.0	0.0	0.0	0.0	0.0	0.0	0.0	0.0	5.05396e-06	0.0	0.00035528999999999997	0.0	0.0	0.0	0.0	0.0	0.0	0.0	0.0	0.0	0.0	0.0	0.0	0.0	0.0	0.0	0.0	0.0	2.20011e-05	0.0	0.0	0.0	0.00014233800000000002	9.77522e-05	0.0005520519999999999	0.00263737	0.000154493	4.8103000000000003e-05	0.0	6.1709699999999995e-06	0.0	0.0	0.0	0.0	0.0	0.0	0.0	0.0	0.000312868	0.0	0.0	0.0	1.5340200000000003e-05	7.82506e-06	4.78885e-05	0.0	3.3253900000000004e-05	0.000135862	0.000286382	0.000842641	0.00236621	0.000250192	9.47395e-06	0.0	0.0	0.0	0.0	0.0	0.0	0.0	0.0	0.0	0.0	0.0	0.0	0.0	0.0	0.0	0.0	0.0	0.0	0.0	0.0	0.0	0.0	0.000918189	0.0	0.0	0.0	0.0	0.0
Tzo-AMvi_046_Ex1_L4_fastp	0.0605899	0.08311049999999999	0.0107894	0.0	0.00379503	0.0	0.0	0.0	0.0	6.23995e-05	0.0	0.0	0.0	0.0	0.0	0.0	0.0	0.0	3.97088e-05	0.0	0.0	0.0	0.0	0.0	0.0	0.0	0.0	0.0	1.7018000000000002e-05	0.0	0.0	0.0	0.0	0.0	0.0	0.0	0.0	0.0	0.0	0.0	0.0	0.0	0.0	0.0	0.0	0.0	0.0	0.0	0.0	0.0	0.0	0.0	0.0	0.0	0.0	0.0	1.14691e-05	5.7411200000000005e-06	0.0	0.0	0.0	0.0	0.0	0.0	0.0	0.0	0.0	0.0	0.0	0.00040437	0.0	0.0	0.0	0.0	0.0	0.0	0.0	0.0	0.0	0.0	0.0	0.0	0.0	0.0	6.2468e-06	0.0	6.34088e-06	4.47498e-05	6.44882e-06	6.508750000000001e-06	3.2860999999999996e-05	0.00016596200000000002	0.000120781	0.000576716	0.00291111	0.000139019	2.81624e-05	0.0	0.0	0.0	0.0	7.57003e-06	0.0	0.0	0.0	0.0	3.29768e-05	0.000268729	0.0	0.0	0.0	9.08293e-06	0.0	5.6735e-05	0.0	1.97186e-05	0.00013088700000000002	0.00022630100000000001	0.0008834349999999999	0.00237532	0.00019773000000000002	0.0	0.0	0.0	0.0	0.0	0.0	0.0	0.0	0.0	0.0	0.0	0.0	0.0	0.0	0.0	0.0	0.0	0.0	0.0	0.0	0.0	0.0	0.0	0.0008272599999999999	0.0	0.0	0.0	0.0	0.0
Tzo-AMvi_047_Ex1_L4_fastp	0.0605463	0.08273939999999999	0.0111189	0.0	0.00386011	0.0	0.0	0.0	2.06607e-05	6.88691e-05	0.0	0.0	0.0	0.0	0.0	0.0	0.0	0.0	2.41042e-05	0.0	0.0	0.0	0.0	0.0	0.0	0.0	0.0	0.0	1.72173e-05	0.0	0.0	0.0	0.0	0.0	0.0	0.0	0.0	0.0	0.0	0.0	0.0	0.0	0.0	0.0	0.0	0.0	0.0	0.0	0.0	0.0	0.0	0.0	0.0	0.0	0.0	0.0	2.08766e-05	3.48322e-06	0.0	0.0	0.0	0.0	0.0	0.0	0.0	0.0	0.0	0.0	3.54163e-06	0.000372622	0.0	3.56433e-06	0.0	0.0	0.0	0.0	0.0	0.0	0.0	0.0	0.0	0.0	0.0	0.0	0.0	0.0	3.79897e-06	1.1478e-05	0.0	0.0	3.9174800000000005e-06	0.00016201899999999998	0.00012362200000000002	0.000539572	0.00294958	0.00011924	2.91069e-05	0.0	0.0	0.0	0.0	0.0	0.0	9.1155e-06	0.0	0.0	2.38698e-05	0.000174646	4.932100000000001e-06	5.01767e-06	0.0	3.1170799999999996e-05	0.0	3.23127e-05	0.0	3.91386e-05	0.000131063	0.000261543	0.000925015	0.00228039	0.00019134000000000002	0.0	0.0	0.0	0.0	0.0	0.0	0.0	0.0	0.0	0.0	0.0	0.0	0.0	0.0	0.0	0.0	0.0	0.0	0.0	0.0	0.0	0.0	0.0	0.0009619510000000001	0.0	0.0	0.0	0.0	0.0
Tzo-AMvi_048_Ex1_L4_fastp	0.0601512	0.08284180000000001	0.0103456	0.0	0.00391618	0.0	0.0	0.0	1.1047e-05	6.07587e-05	0.0	0.0	0.0	0.0	0.0	0.0	0.0	0.0	3.31411e-05	0.0	0.0	0.0	0.0	0.0	0.0	0.0	0.0	0.0	2.76176e-05	0.0	0.0	0.0	0.0	0.0	0.0	0.0	0.0	0.0	0.0	0.0	0.0	0.0	0.0	0.0	0.0	0.0	0.0	0.0	0.0	0.0	0.0	0.0	0.0	0.0	0.0	0.0	1.1171999999999999e-05	5.59198e-06	0.0	0.0	0.0	0.0	0.0	0.0	0.0	0.0	0.0	0.0	0.0	0.00043259000000000006	0.0	0.0	0.0	0.0	0.0	0.0	0.0	0.0	0.0	0.0	0.0	0.0	0.0	0.0	0.0	0.0	0.0	3.67067e-05	0.0	1.24197e-05	0.0	0.000164158	8.91857e-05	0.0005401480000000001	0.00272743	0.000150942	7.96129e-05	0.0	0.0	0.0	0.0	7.0572200000000005e-06	0.0	7.258149999999999e-06	0.0	0.0	1.5183899999999999e-05	0.000270028	0.0	7.97655e-06	0.0	3.30316e-05	8.40496e-06	4.2800000000000004e-05	0.0	2.6671799999999998e-05	0.000126845	0.00020321699999999998	0.000800626	0.00218075	0.000156896	1.00051e-05	0.0	0.0	0.0	0.0	0.0	0.0	0.0	0.0	0.0	0.0	0.0	0.0	0.0	0.0	0.0	0.0	0.0	0.0	0.0	0.0	0.0	0.0	0.000760788	0.0	0.0	0.0	0.0	0.0
Tzo-CMvi_006-Ex1_L4_fastp	0.0597725	0.0839173	0.0103808	0.0	0.0033721199999999997	0.0	0.0	0.0	0.0	2.204e-05	0.0	0.0	0.0	0.0	0.0	0.0	0.0	0.0	0.0	0.0	0.0	0.0	0.0	0.0	0.0	0.0	0.0	0.0	3.306e-05	0.0	0.0	0.0	0.0	0.0	0.0	0.0	0.0	0.0	0.0	0.0	0.0	0.0	0.0	0.0	0.0	0.0	0.0	0.0	0.0	0.0	0.0	0.0	0.0	0.0	0.0	0.0	0.0	1.10473e-05	0.0	0.0	0.0	0.0	0.0	0.0	0.0	0.0	0.0	0.0	0.0	0.00015488699999999998	0.0	0.0	0.0	0.0	0.0	0.0	0.0	0.0	0.0	0.0	0.0	0.0	0.0	0.0	0.0	0.0	0.0	1.11186e-05	0.0	0.0	0.0	3.34558e-05	1.11631e-05	0.00036875899999999997	0.00258428	5.60056e-05	3.36503e-05	0.0	0.0	0.0	0.0	0.0	0.0	1.13555e-05	0.0	0.0	0.0	5.7255499999999994e-05	0.0	0.0	0.0	1.15635e-05	0.0	1.16291e-05	0.0	0.0	7.04555e-05	0.000271054	0.000686212	0.00232842	0.000119306	1.1985999999999998e-05	0.0	0.0	0.0	0.0	0.0	0.0	0.0	0.0	0.0	0.0	0.0	0.0	0.0	0.0	0.0	0.0	0.0	0.0	0.0	0.0	0.0	0.0	0.00103132	0.0	0.0	0.0	0.0	0.0
Tzo-CMvi_007-Ex1_L4_fastp	0.058114400000000004	0.08304160000000001	0.011442299999999999	0.0	0.0034078700000000003	0.0	0.0	0.0	0.0	2.25687e-05	0.0	0.0	0.0	0.0	0.0	0.0	0.0	0.0	2.25687e-05	0.0	0.0	0.0	0.0	0.0	0.0	0.0	0.0	0.0	2.25687e-05	0.0	0.0	0.0	0.0	0.0	0.0	0.0	0.0	0.0	0.0	0.0	0.0	0.0	0.0	0.0	0.0	0.0	0.0	0.0	0.0	0.0	0.0	0.0	0.0	0.0	0.0	0.0	0.0	0.0	0.0	0.0	0.0	0.0	0.0	0.0	0.0	0.0	0.0	0.0	0.0	0.00021545400000000001	0.0	0.0	0.0	0.0	0.0	0.0	0.0	0.0	0.0	0.0	0.0	0.0	0.0	0.0	0.0	0.0	0.0	0.0	0.0	0.0	1.14326e-05	0.0	1.14558e-05	0.000263805	0.00254956	0.0	0.0	0.0	0.0	0.0	0.0	0.0	0.0	0.0	0.0	0.0	0.0	8.24311e-05	0.0	0.0	0.0	1.1896499999999999e-05	0.0	2.39324e-05	0.0	1.20447e-05	8.46114e-05	0.000230543	0.000682113	0.00234852	0.000184313	0.0	0.0	0.0	0.0	0.0	0.0	0.0	0.0	0.0	0.0	0.0	0.0	0.0	0.0	0.0	0.0	0.0	0.0	0.0	0.0	0.0	0.0	0.0	0.00112573	0.0	0.0	0.0	0.0	0.0
Tzo-CMvi_011-Ex1_L4_fastp	0.05967979999999999	0.083473	0.011089	0.0	0.0036511000000000004	0.0	0.0	0.0	0.0	0.0	0.0	0.0	0.0	0.0	0.0	0.0	0.0	0.0	0.0	0.0	0.0	0.0	0.0	0.0	0.0	0.0	0.0	0.0	1.3572800000000002e-05	0.0	0.0	0.0	0.0	0.0	0.0	0.0	0.0	0.0	0.0	0.0	0.0	0.0	0.0	0.0	0.0	0.0	0.0	0.0	0.0	0.0	0.0	0.0	0.0	0.0	0.0	0.0	0.0	0.0	0.0	0.0	0.0	0.0	0.0	0.0	0.0	0.0	0.0	0.0	0.0	8.17868e-05	0.0	0.0	0.0	0.0	0.0	0.0	0.0	0.0	0.0	0.0	0.0	0.0	0.0	0.0	0.0	0.0	0.0	0.0	0.0	0.0	0.0	4.1241199999999994e-05	1.37615e-05	0.00019287899999999997	0.00219321	1.3811e-05	2.76592e-05	0.0	0.0	0.0	0.0	0.0	0.0	0.0	0.0	0.0	0.0	0.000112915	0.0	0.0	0.0	0.0	0.0	4.29815e-05	0.0	2.88315e-05	0.00013016	0.000188665	0.000641	0.00219405	0.0001469	1.47556e-05	0.0	0.0	0.0	0.0	0.0	0.0	0.0	0.0	0.0	0.0	0.0	0.0	0.0	0.0	0.0	0.0	0.0	0.0	0.0	0.0	0.0	0.0	0.000918213	0.0	0.0	0.0	0.0	0.0
Tzo-CMvi_012-Ex1_L4_fastp	0.059026	0.0829759	0.010770100000000001	0.0	0.00385545	0.0	0.0	0.0	1.0476800000000001e-05	4.1907000000000004e-05	0.0	0.0	0.0	0.0	0.0	0.0	0.0	0.0	1.0476800000000001e-05	0.0	0.0	0.0	0.0	0.0	0.0	0.0	0.0	0.0	0.0	0.0	0.0	0.0	0.0	0.0	0.0	0.0	0.0	0.0	0.0	0.0	0.0	0.0	0.0	0.0	0.0	0.0	0.0	0.0	0.0	0.0	0.0	0.0	0.0	0.0	0.0	0.0	0.0	0.0	0.0	0.0	0.0	0.0	0.0	0.0	0.0	0.0	0.0	0.0	0.0	0.00015768300000000001	0.0	0.0	0.0	0.0	0.0	0.0	0.0	0.0	0.0	0.0	0.0	0.0	0.0	0.0	0.0	0.0	0.0	0.0	0.0	0.0	0.0	6.39202e-05	2.13454e-05	0.000331506	0.00259333	7.51816e-05	3.23022e-05	0.0	0.0	0.0	0.0	0.0	0.0	0.0	0.0	0.0	0.0	0.00010047	0.0	0.0	0.0	1.13473e-05	0.0	0.0	0.0	2.31515e-05	9.31458e-05	0.00019913100000000002	0.000777941	0.00225458	0.000155342	0.0	0.0	0.0	0.0	0.0	0.0	0.0	0.0	0.0	0.0	0.0	0.0	0.0	0.0	0.0	0.0	0.0	0.0	0.0	0.0	0.0	0.0	0.0	0.0011328	0.0	0.0	0.0	0.0	0.0
Tzo-CMvi_013-Ex1_L4_fastp	0.0593139	0.0828208	0.0110682	0.0	0.0036084500000000005	0.0	0.0	0.0	8.67416e-06	1.7348299999999998e-05	0.0	0.0	0.0	0.0	0.0	0.0	0.0	0.0	0.0	0.0	0.0	0.0	0.0	0.0	0.0	0.0	0.0	0.0	1.7348299999999998e-05	0.0	0.0	0.0	0.0	0.0	0.0	0.0	0.0	0.0	0.0	0.0	0.0	0.0	0.0	0.0	0.0	0.0	0.0	0.0	0.0	0.0	0.0	0.0	0.0	0.0	0.0	0.0	0.0	0.0	0.0	0.0	0.0	0.0	0.0	0.0	0.0	0.0	0.0	0.0	0.0	0.000165503	0.0	0.0	0.0	0.0	0.0	0.0	0.0	0.0	0.0	0.0	0.0	0.0	0.0	0.0	0.0	0.0	0.0	0.0	0.0	0.0	0.0	1.75524e-05	8.783559999999999e-06	0.00020220299999999997	0.00212083	3.52371e-05	8.81945e-06	0.0	0.0	0.0	0.0	0.0	0.0	0.0	0.0	0.0	8.95146e-06	6.27735e-05	0.0	0.0	0.0	9.03627e-06	0.0	1.81517e-05	0.0	9.12089e-06	0.000128029	0.000174249	0.00061624	0.0019467900000000001	0.00013886600000000002	0.0	0.0	0.0	0.0	0.0	0.0	0.0	0.0	0.0	0.0	0.0	0.0	0.0	0.0	0.0	0.0	0.0	0.0	0.0	0.0	0.0	0.0	0.0	0.0008771550000000001	0.0	0.0	0.0	0.0	0.0
Tzo-CMvi_015-Ex1_L4_fastp	0.05945520000000001	0.0830317	0.010435100000000001	0.0	0.00388805	0.0	0.0	0.0	0.0	1.18178e-05	0.0	0.0	0.0	0.0	0.0	0.0	0.0	0.0	2.36356e-05	0.0	0.0	0.0	0.0	0.0	0.0	0.0	0.0	0.0	4.7271099999999995e-05	0.0	0.0	0.0	0.0	0.0	0.0	0.0	0.0	0.0	0.0	0.0	0.0	0.0	0.0	0.0	0.0	0.0	0.0	0.0	0.0	0.0	0.0	0.0	0.0	0.0	0.0	0.0	0.0	0.0	0.0	0.0	0.0	0.0	0.0	0.0	0.0	0.0	0.0	0.0	0.0	0.000178193	0.0	0.0	0.0	0.0	0.0	0.0	0.0	0.0	0.0	0.0	0.0	0.0	0.0	0.0	0.0	0.0	0.0	1.19288e-05	0.0	0.0	0.0	1.1950200000000001e-05	0.0	0.000251242	0.0023344299999999998	0.0	2.39767e-05	0.0	0.0	0.0	0.0	0.0	0.0	0.0	0.0	0.0	0.0	9.69362e-05	0.0	0.0	0.0	0.0	0.0	1.22094e-05	0.0	1.22475e-05	0.000110418	0.000208937	0.000763448	0.0021346	0.000123652	0.0	0.0	0.0	0.0	0.0	0.0	0.0	0.0	0.0	0.0	0.0	0.0	0.0	0.0	0.0	0.0	0.0	0.0	0.0	0.0	0.0	0.0	0.0	0.00108705	0.0	0.0	0.0	0.0	0.0
Tzo-CMvi_016-Ex1_L4_fastp	0.0610688	0.0828907	0.010728	0.0	0.0034888999999999996	0.0	0.0	0.0	6.533520000000001e-06	6.533520000000001e-06	0.0	0.0	0.0	0.0	0.0	0.0	0.0	0.0	6.533520000000001e-06	0.0	0.0	0.0	0.0	0.0	0.0	0.0	0.0	0.0	6.533520000000001e-06	0.0	0.0	0.0	0.0	0.0	0.0	0.0	0.0	0.0	0.0	0.0	0.0	0.0	0.0	0.0	0.0	0.0	0.0	0.0	0.0	0.0	0.0	0.0	0.0	0.0	0.0	0.0	0.0	6.54673e-06	0.0	0.0	0.0	0.0	0.0	0.0	0.0	0.0	0.0	6.55426e-06	0.0	0.000131123	0.0	0.0	0.0	0.0	0.0	0.0	0.0	0.0	0.0	0.0	0.0	0.0	0.0	0.0	6.58403e-06	0.0	0.0	0.0	0.0	0.0	0.0	2.6503700000000002e-05	3.9808199999999996e-05	0.000312283	0.00246904	3.99992e-05	6.67872e-06	0.0	0.0	0.0	0.0	6.75375e-06	0.0	0.0	0.0	0.0	2.73715e-05	0.00014410400000000001	0.0	0.0	0.0	2.08432e-05	0.0	1.39946e-05	0.0	1.41041e-05	9.91466e-05	0.000241897	0.000736329	0.00232084	0.000137257	0.0	0.0	0.0	0.0	0.0	0.0	0.0	0.0	0.0	0.0	0.0	0.0	0.0	0.0	0.0	0.0	0.0	0.0	0.0	0.0	0.0	0.0	0.0	0.000912254	0.0	0.0	0.0	0.0	0.0
Tzo-CMvi_018-Ex1_L4_fastp	0.0587546	0.0835553	0.011861199999999999	0.0	0.0034354999999999998	0.0	0.0	0.0	0.0	0.0	0.0	0.0	0.0	0.0	0.0	0.0	0.0	0.0	0.0	0.0	0.0	0.0	0.0	0.0	0.0	0.0	0.0	0.0	2.50766e-05	0.0	0.0	0.0	0.0	0.0	0.0	0.0	0.0	0.0	0.0	0.0	0.0	0.0	0.0	0.0	0.0	0.0	0.0	0.0	0.0	0.0	0.0	0.0	0.0	0.0	0.0	0.0	0.0	0.0	0.0	0.0	0.0	0.0	0.0	0.0	0.0	0.0	0.0	0.0	0.0	0.00010079300000000001	0.0	0.0	0.0	0.0	0.0	0.0	0.0	0.0	0.0	0.0	0.0	0.0	0.0	0.0	0.0	0.0	0.0	0.0	0.0	0.0	0.0	2.5348000000000002e-05	2.5362400000000003e-05	0.00025378200000000003	0.00200614	2.5411899999999996e-05	0.0	0.0	0.0	0.0	0.0	0.0	0.0	0.0	0.0	0.0	0.0	5.14497e-05	0.0	0.0	0.0	2.5857900000000002e-05	0.0	2.5932400000000003e-05	0.0	0.0	2.60711e-05	0.000182867	0.00039273700000000004	0.00146954	2.63012e-05	0.0	0.0	0.0	0.0	0.0	0.0	0.0	0.0	0.0	0.0	0.0	0.0	0.0	0.0	0.0	0.0	0.0	0.0	0.0	0.0	0.0	0.0	0.0	0.000805679	0.0	0.0	0.0	0.0	0.0
Tzo-CMvi_020-Ex1_L4_fastp	0.0593089	0.08320960000000001	0.0103332	0.0	0.0033625499999999997	0.0	0.0	0.0	2.13495e-05	0.0	0.0	0.0	0.0	0.0	0.0	0.0	0.0	0.0	0.0	0.0	0.0	0.0	0.0	0.0	0.0	0.0	0.0	0.0	1.06747e-05	0.0	0.0	0.0	0.0	0.0	0.0	0.0	0.0	0.0	0.0	0.0	0.0	0.0	0.0	0.0	0.0	0.0	0.0	0.0	0.0	0.0	0.0	0.0	0.0	0.0	0.0	0.0	0.0	0.0	0.0	0.0	0.0	0.0	0.0	0.0	0.0	0.0	0.0	0.0	0.0	0.00015010999999999998	0.0	0.0	0.0	0.0	0.0	0.0	0.0	0.0	0.0	0.0	0.0	0.0	0.0	0.0	0.0	0.0	0.0	0.0	0.0	0.0	0.0	5.40869e-05	0.0	0.000271023	0.00229015	6.52079e-05	1.0883100000000001e-05	0.0	0.0	0.0	0.0	0.0	0.0	0.0	0.0	0.0	0.0	6.66795e-05	0.0	0.0	0.0	0.0	0.0	5.6418599999999995e-05	0.0	0.0	3.4179e-05	0.000228653	0.000665671	0.00222397	0.000138871	0.0	0.0	0.0	0.0	0.0	0.0	0.0	0.0	0.0	0.0	0.0	0.0	0.0	0.0	0.0	0.0	0.0	0.0	0.0	0.0	0.0	0.0	0.0	0.0010598600000000001	0.0	0.0	0.0	0.0	0.0
Tzo-CMvi_027-Ex1_L4_fastp	0.05861860000000001	0.0834876	0.0109463	0.0	0.0035945400000000002	0.0	0.0	0.0	0.0	1.6264899999999997e-05	0.0	0.0	0.0	0.0	0.0	0.0	0.0	0.0	1.6264899999999997e-05	0.0	0.0	0.0	0.0	0.0	0.0	0.0	0.0	0.0	3.2529799999999995e-05	0.0	0.0	0.0	0.0	0.0	0.0	0.0	0.0	0.0	0.0	0.0	0.0	0.0	0.0	0.0	0.0	0.0	0.0	0.0	0.0	0.0	0.0	0.0	0.0	0.0	0.0	0.0	0.0	1.63102e-05	0.0	0.0	0.0	0.0	0.0	0.0	0.0	0.0	0.0	0.0	0.0	0.00017971	0.0	0.0	0.0	0.0	0.0	0.0	0.0	0.0	0.0	0.0	0.0	0.0	0.0	0.0	0.0	0.0	0.0	0.0	0.0	0.0	1.64561e-05	0.0	1.6484e-05	0.000165001	0.00242799	0.0	1.65567e-05	0.0	0.0	0.0	0.0	0.0	0.0	0.0	0.0	0.0	1.6832399999999998e-05	6.7451e-05	0.0	0.0	0.0	0.0	0.0	0.0	0.0	0.0	0.000120667	0.00029396	0.0007635000000000001	0.0022986400000000002	8.74025e-05	0.0	0.0	0.0	0.0	0.0	0.0	0.0	0.0	0.0	0.0	0.0	0.0	0.0	0.0	0.0	0.0	0.0	0.0	0.0	0.0	0.0	0.0	0.0	0.00115948	0.0	0.0	0.0	0.0	0.0
Tzo-CMvi_029-Ex1_L4_fastp	0.0583594	0.0838164	0.0111436	0.0	0.00362443	0.0	0.0	0.0	0.0	2.4572400000000002e-05	0.0	0.0	0.0	0.0	0.0	0.0	0.0	0.0	0.0	0.0	0.0	0.0	0.0	0.0	0.0	0.0	0.0	0.0	0.0	0.0	0.0	0.0	0.0	0.0	0.0	0.0	0.0	0.0	0.0	0.0	0.0	0.0	0.0	0.0	0.0	0.0	0.0	0.0	0.0	0.0	0.0	0.0	0.0	0.0	0.0	0.0	0.0	0.0	0.0	0.0	0.0	0.0	0.0	0.0	0.0	0.0	0.0	0.0	0.0	0.000123383	0.0	0.0	0.0	0.0	0.0	0.0	0.0	0.0	0.0	0.0	0.0	0.0	0.0	0.0	0.0	0.0	0.0	0.0	0.0	0.0	0.0	1.2436100000000001e-05	2.48942e-05	0.000348861	0.00195807	2.4971100000000002e-05	3.75014e-05	0.0	0.0	0.0	0.0	0.0	0.0	0.0	0.0	0.0	0.0	6.35905e-05	0.0	0.0	0.0	0.0	0.0	1.2877200000000001e-05	0.0	5.17751e-05	0.000116829	0.000156231	0.000574709	0.00186082	0.00015778899999999998	0.0	0.0	0.0	0.0	0.0	0.0	0.0	0.0	0.0	0.0	0.0	0.0	0.0	0.0	0.0	0.0	0.0	0.0	0.0	0.0	0.0	0.0	0.0	0.000770263	0.0	0.0	0.0	0.0	0.0
Tzo-CMvi_030-Ex1_L4_fastp	0.0589324	0.0817972	0.010268900000000001	0.0	0.00335552	0.0	0.0	0.0	0.0	1.6861900000000002e-05	0.0	0.0	0.0	0.0	0.0	0.0	0.0	0.0	0.0	0.0	0.0	0.0	0.0	0.0	0.0	0.0	0.0	0.0	0.0	0.0	0.0	0.0	0.0	0.0	0.0	0.0	0.0	0.0	0.0	0.0	0.0	0.0	0.0	0.0	0.0	0.0	0.0	0.0	0.0	0.0	0.0	0.0	0.0	0.0	0.0	0.0	0.0	1.69136e-05	0.0	0.0	0.0	0.0	0.0	0.0	0.0	0.0	0.0	0.0	0.0	8.47112e-05	0.0	0.0	0.0	0.0	0.0	0.0	0.0	0.0	0.0	0.0	0.0	0.0	0.0	0.0	0.0	0.0	0.0	0.0	0.0	0.0	0.0	1.70571e-05	0.0	0.00023913799999999999	0.0018462300000000001	0.0	6.84996e-05	0.0	0.0	0.0	0.0	0.0	0.0	1.72598e-05	0.0	0.0	0.0	0.000104116	0.0	0.0	0.0	3.49184e-05	0.0	1.75211e-05	0.0	1.75874e-05	1.76232e-05	0.000176605	0.000619491	0.0018629699999999998	7.11557e-05	0.0	0.0	0.0	0.0	0.0	0.0	0.0	0.0	0.0	0.0	0.0	0.0	0.0	0.0	0.0	0.0	0.0	0.0	0.0	0.0	0.0	0.0	0.0	0.000701952	0.0	0.0	0.0	0.0	0.0
Tzo-CMvi_031-Ex1_L4_fastp	0.059460700000000005	0.0822893	0.0106662	0.0	0.00415066	0.0	0.0	0.0	0.0	4.8263499999999996e-05	0.0	0.0	0.0	0.0	0.0	0.0	0.0	0.0	0.0	0.0	0.0	0.0	0.0	0.0	0.0	0.0	0.0	0.0	4.8263499999999996e-05	0.0	0.0	0.0	0.0	0.0	0.0	0.0	0.0	0.0	0.0	0.0	0.0	0.0	0.0	0.0	0.0	0.0	0.0	0.0	0.0	0.0	0.0	0.0	0.0	0.0	0.0	0.0	0.0	0.0	0.0	0.0	0.0	0.0	0.0	0.0	0.0	0.0	0.0	0.0	0.0	4.84838e-05	0.0	0.0	0.0	0.0	0.0	0.0	0.0	0.0	0.0	0.0	0.0	0.0	0.0	0.0	0.0	0.0	0.0	0.0	0.0	0.0	0.0	0.0	0.0	0.000293065	0.00278622	0.0	0.0	0.0	0.0	0.0	0.0	0.0	0.0	0.0	0.0	0.0	0.0	9.91788e-05	0.0	0.0	0.0	0.0	0.0	0.0	0.0	0.0	0.000100795	0.000353557	0.00055711	0.0023359599999999998	0.00015275800000000002	0.0	0.0	0.0	0.0	0.0	0.0	0.0	0.0	0.0	0.0	0.0	0.0	0.0	0.0	0.0	0.0	0.0	0.0	0.0	0.0	0.0	0.0	0.0	0.0012452000000000001	0.0	0.0	0.0	0.0	0.0
Tzo-CMvi_033-Ex1_L4_fastp	0.059847899999999996	0.0823926	0.0108745	0.0	0.0039406	0.0	0.0	0.0	0.0	0.0	0.0	0.0	0.0	0.0	0.0	0.0	0.0	0.0	0.0	0.0	0.0	0.0	0.0	0.0	0.0	0.0	0.0	0.0	0.0	0.0	0.0	0.0	0.0	0.0	0.0	0.0	0.0	0.0	0.0	0.0	0.0	0.0	0.0	0.0	0.0	0.0	0.0	0.0	0.0	0.0	0.0	0.0	0.0	0.0	0.0	0.0	0.0	0.0	0.0	0.0	0.0	0.0	0.0	0.0	0.0	0.0	0.0	0.0	0.0	9.52006e-05	0.0	0.0	0.0	0.0	0.0	0.0	0.0	0.0	0.0	0.0	0.0	0.0	0.0	0.0	0.0	0.0	0.0	0.0	0.0	0.0	0.0	0.0	0.0	0.000268604	0.00243817	0.0	0.0	0.0	0.0	0.0	0.0	0.0	0.0	0.0	0.0	0.0	0.0	7.78798e-05	0.0	0.0	0.0	1.95776e-05	0.0	1.9641600000000002e-05	0.0	0.0	0.00013827	0.000217747	0.000734121	0.00230715	0.000139565	0.0	0.0	0.0	0.0	0.0	0.0	0.0	0.0	0.0	0.0	0.0	0.0	0.0	0.0	0.0	0.0	0.0	0.0	0.0	0.0	0.0	0.0	0.0	0.000916147	0.0	0.0	0.0	0.0	0.0
Tzo-CMvi_035-Ex1_L4_fastp	0.059668099999999995	0.0825799	0.0103639	0.0	0.00374114	0.0	0.0	0.0	0.0	2.11364e-05	0.0	0.0	0.0	0.0	0.0	0.0	0.0	0.0	0.0	0.0	0.0	0.0	0.0	0.0	0.0	0.0	0.0	0.0	1.4090900000000001e-05	0.0	0.0	0.0	0.0	0.0	0.0	0.0	0.0	0.0	0.0	0.0	0.0	0.0	0.0	0.0	0.0	0.0	0.0	0.0	0.0	0.0	0.0	0.0	0.0	0.0	0.0	0.0	0.0	0.0	0.0	0.0	0.0	0.0	0.0	0.0	0.0	0.0	0.0	0.0	0.0	0.00019092	0.0	0.0	0.0	0.0	0.0	0.0	0.0	0.0	0.0	0.0	0.0	0.0	0.0	0.0	0.0	0.0	0.0	0.0	0.0	0.0	0.0	2.1402999999999998e-05	1.42846e-05	0.000278885	0.00223403	2.15114e-05	7.18145e-06	0.0	0.0	0.0	0.0	0.0	0.0	0.0	0.0	0.0	0.0	9.546e-05	0.0	0.0	0.0	1.4838200000000001e-05	0.0	1.4927499999999999e-05	0.0	0.0	0.00011312900000000001	0.00026499900000000003	0.000707012	0.00213001	0.00015339099999999998	0.0	0.0	0.0	0.0	0.0	0.0	0.0	0.0	0.0	0.0	0.0	0.0	0.0	0.0	0.0	0.0	0.0	0.0	0.0	0.0	0.0	0.0	0.0	0.000798548	0.0	0.0	0.0	0.0	0.0
Tzo-CMvi_038-Ex1_L4_fastp	0.0593977	0.0824907	0.0104669	0.0	0.00332122	0.0	0.0	0.0	9.14936e-06	9.14936e-06	0.0	0.0	0.0	0.0	0.0	0.0	0.0	0.0	2.74481e-05	0.0	0.0	0.0	0.0	0.0	0.0	0.0	0.0	0.0	3.65975e-05	0.0	0.0	0.0	0.0	0.0	0.0	0.0	0.0	0.0	0.0	0.0	0.0	0.0	0.0	0.0	0.0	0.0	0.0	0.0	0.0	0.0	0.0	0.0	0.0	0.0	0.0	0.0	0.0	0.0	0.0	0.0	0.0	0.0	0.0	0.0	0.0	0.0	0.0	0.0	0.0	0.00016525	0.0	0.0	0.0	0.0	0.0	0.0	0.0	0.0	0.0	0.0	0.0	0.0	0.0	0.0	0.0	0.0	0.0	0.0	0.0	0.0	0.0	3.70883e-05	2.78511e-05	0.00024169800000000002	0.00215975	2.7972999999999998e-05	3.73603e-05	0.0	0.0	0.0	0.0	0.0	0.0	0.0	0.0	9.52442e-06	9.5486e-06	0.00012445500000000001	0.0	0.0	0.0	9.68099e-06	0.0	9.74331e-06	0.0	9.81386e-06	4.92621e-05	0.00020776100000000002	0.000596226	0.00212624	0.000140394	0.0	0.0	0.0	0.0	0.0	0.0	0.0	0.0	0.0	0.0	0.0	0.0	0.0	0.0	0.0	0.0	0.0	0.0	0.0	0.0	0.0	0.0	0.0	0.000791496	0.0	0.0	0.0	0.0	0.0
Tzo-CMvi_040-Ex1_L4_fastp	0.0605004	0.0839726	0.010262799999999999	0.0	0.003977410000000001	0.0	0.0	0.0	9.1225e-06	1.8245e-05	0.0	0.0	0.0	0.0	0.0	0.0	0.0	0.0	9.1225e-06	0.0	0.0	0.0	0.0	0.0	0.0	0.0	0.0	0.0	2.7367500000000002e-05	0.0	0.0	0.0	0.0	0.0	0.0	0.0	0.0	0.0	0.0	0.0	0.0	0.0	0.0	0.0	0.0	0.0	0.0	0.0	0.0	0.0	0.0	0.0	0.0	0.0	0.0	0.0	0.0	0.0	0.0	0.0	0.0	0.0	0.0	0.0	0.0	0.0	0.0	0.0	0.0	0.000164939	0.0	0.0	0.0	0.0	0.0	0.0	0.0	0.0	0.0	0.0	0.0	0.0	0.0	0.0	0.0	0.0	0.0	9.20596e-06	0.0	0.0	0.0	0.0	9.2364e-06	0.00022187000000000002	0.00238732	9.26191e-06	0.0	0.0	0.0	0.0	0.0	0.0	0.0	0.0	0.0	0.0	9.39484e-06	0.000103509	0.0	0.0	0.0	0.0	0.0	1.90213e-05	0.0	0.0	7.65855e-05	0.000143941	0.0006735249999999999	0.0021418500000000003	0.000145153	0.0	0.0	0.0	0.0	0.0	0.0	0.0	0.0	0.0	0.0	0.0	0.0	0.0	0.0	0.0	0.0	0.0	0.0	0.0	0.0	0.0	0.0	0.0	0.000870666	0.0	0.0	0.0	0.0	0.0
Tzo-CMvi_041-Ex1_L4_fastp	0.060254199999999994	0.08373459999999999	0.0105228	0.0	0.00336767	0.0	0.0	0.0	0.0	9.32872e-06	0.0	0.0	0.0	0.0	0.0	0.0	0.0	0.0	0.0	0.0	0.0	0.0	0.0	0.0	0.0	0.0	0.0	0.0	9.32872e-06	0.0	0.0	0.0	0.0	0.0	0.0	0.0	0.0	0.0	0.0	0.0	0.0	0.0	0.0	0.0	0.0	0.0	0.0	0.0	0.0	0.0	0.0	0.0	0.0	0.0	0.0	0.0	0.0	0.0	0.0	0.0	0.0	0.0	0.0	0.0	0.0	0.0	0.0	0.0	0.0	0.00018752	0.0	9.379820000000001e-06	0.0	0.0	0.0	0.0	0.0	0.0	0.0	0.0	0.0	0.0	0.0	0.0	0.0	0.0	0.0	0.0	0.0	0.0	0.0	9.47272e-06	1.89677e-05	0.000303855	0.00229148	1.90428e-05	9.53598e-06	0.0	0.0	0.0	0.0	9.62291e-06	0.0	0.0	0.0	0.0	0.0	9.748870000000001e-05	0.0	9.79538e-06	0.0	0.0	0.0	1.98006e-05	0.0	9.96161e-06	5.9976400000000004e-05	0.00014045399999999998	0.000684848	0.00212316	0.00017260300000000001	0.0	0.0	0.0	0.0	0.0	0.0	0.0	0.0	0.0	0.0	0.0	0.0	0.0	0.0	0.0	0.0	0.0	0.0	0.0	0.0	0.0	0.0	0.0	0.000904246	0.0	0.0	0.0	0.0	0.0
Tzo-CMvi_042-Ex1_L4_fastp	0.058698400000000005	0.0815481	0.0109969	0.0	0.00364948	0.0	0.0	0.0	0.0	1.61481e-05	0.0	0.0	0.0	0.0	0.0	0.0	0.0	0.0	0.0	0.0	0.0	0.0	0.0	0.0	0.0	0.0	0.0	0.0	1.61481e-05	0.0	0.0	0.0	0.0	0.0	0.0	0.0	0.0	0.0	0.0	0.0	0.0	0.0	0.0	0.0	0.0	0.0	0.0	0.0	0.0	0.0	0.0	0.0	0.0	0.0	0.0	0.0	1.61917e-05	1.61935e-05	0.0	0.0	0.0	0.0	0.0	0.0	0.0	0.0	0.0	0.0	0.0	0.00011353800000000001	0.0	0.0	0.0	0.0	0.0	0.0	0.0	0.0	0.0	0.0	0.0	0.0	0.0	0.0	0.0	0.0	0.0	0.0	0.0	0.0	1.63345e-05	1.63482e-05	1.63633e-05	0.000278455	0.00223011	0.0	0.0	0.0	0.0	0.0	0.0	0.0	0.0	0.0	0.0	0.0	0.0	0.000117401	0.0	0.0	0.0	0.0	0.0	1.7017900000000002e-05	0.0	1.71239e-05	8.59112e-05	0.00025866400000000003	0.000675058	0.00213722	3.48987e-05	1.75257e-05	0.0	0.0	0.0	0.0	0.0	0.0	0.0	0.0	0.0	0.0	0.0	0.0	0.0	0.0	0.0	0.0	0.0	0.0	0.0	0.0	0.0	0.0	0.000887693	0.0	0.0	0.0	0.0	0.0
Tzo-CMvi_044-Ex1_L4_fastp	0.0575827	0.0842024	0.011350500000000001	0.0	0.00370629	0.0	0.0	0.0	0.0	1.93036e-05	0.0	0.0	0.0	0.0	0.0	0.0	0.0	0.0	0.0	0.0	0.0	0.0	0.0	0.0	0.0	0.0	0.0	0.0	0.0	0.0	0.0	0.0	0.0	0.0	0.0	0.0	0.0	0.0	0.0	0.0	0.0	0.0	0.0	0.0	0.0	0.0	0.0	0.0	0.0	0.0	0.0	0.0	0.0	0.0	0.0	0.0	0.0	0.0	0.0	0.0	0.0	0.0	0.0	0.0	0.0	0.0	0.0	0.0	0.0	0.000116378	0.0	0.0	0.0	0.0	0.0	0.0	0.0	0.0	0.0	0.0	0.0	0.0	0.0	0.0	0.0	0.0	0.0	0.0	0.0	0.0	0.0	1.9511e-05	1.95224e-05	0.0002735	0.00211137	0.0	3.91624e-05	0.0	0.0	0.0	0.0	0.0	0.0	1.9729599999999998e-05	0.0	0.0	1.98078e-05	0.00013886600000000002	0.0	0.0	0.0	0.0	0.0	0.0	0.0	0.0	2.0162300000000002e-05	6.06339e-05	0.0006282390000000001	0.00207317	0.000163069	0.0	0.0	0.0	0.0	0.0	0.0	0.0	0.0	0.0	0.0	0.0	0.0	0.0	0.0	0.0	0.0	0.0	0.0	0.0	0.0	0.0	0.0	0.0	0.000908843	0.0	0.0	0.0	0.0	0.0
Tzo-CMvi_045-Ex1_L4_fastp	0.0586711	0.0862012	0.0101887	0.0	0.00393287	0.0	0.0	0.0	0.0	0.0	0.0	0.0	0.0	0.0	0.0	0.0	0.0	0.0	0.0	0.0	0.0	0.0	0.0	0.0	0.0	0.0	0.0	0.0	2.29993e-05	0.0	0.0	0.0	0.0	0.0	0.0	0.0	0.0	0.0	0.0	0.0	0.0	0.0	0.0	0.0	0.0	0.0	0.0	0.0	0.0	0.0	0.0	0.0	0.0	0.0	0.0	0.0	0.0	0.0	0.0	0.0	0.0	0.0	0.0	0.0	0.0	0.0	0.0	0.0	0.0	0.00016179400000000002	0.0	0.0	0.0	0.0	0.0	0.0	0.0	0.0	0.0	0.0	0.0	0.0	0.0	0.0	0.0	0.0	0.0	0.0	0.0	0.0	0.0	0.0	0.0	0.00027939800000000004	0.00244641	0.0	0.0	0.0	0.0	0.0	0.0	0.0	0.0	0.0	0.0	0.0	4.71712e-05	7.08479e-05	0.0	0.0	0.0	0.0	0.0	0.0	0.0	0.0	0.000191485	0.000167887	0.0008411359999999999	0.00226372	0.00024140800000000003	0.0	0.0	0.0	0.0	0.0	0.0	0.0	0.0	0.0	0.0	0.0	0.0	0.0	0.0	0.0	0.0	0.0	0.0	0.0	0.0	0.0	0.0	0.0	0.0012572899999999999	0.0	0.0	0.0	0.0	0.0
Tzo-CMvi_046-Ex1_L4_fastp	0.059998699999999995	0.0848136	0.0105809	0.0	0.0033763100000000004	0.0	0.0	0.0	1.8449799999999997e-05	9.22489e-06	0.0	0.0	0.0	0.0	0.0	0.0	0.0	0.0	9.22489e-06	0.0	0.0	0.0	0.0	0.0	0.0	0.0	0.0	0.0	2.76747e-05	0.0	0.0	0.0	0.0	0.0	0.0	0.0	0.0	0.0	0.0	0.0	0.0	0.0	0.0	0.0	0.0	0.0	0.0	0.0	0.0	0.0	0.0	0.0	0.0	0.0	0.0	0.0	0.0	0.0	0.0	0.0	0.0	0.0	0.0	0.0	0.0	0.0	0.0	0.0	0.0	0.000148168	0.0	0.0	0.0	0.0	0.0	0.0	0.0	0.0	0.0	0.0	0.0	0.0	0.0	0.0	0.0	0.0	0.0	9.31104e-06	0.0	9.325499999999999e-06	0.0	0.0	0.0	0.00032772199999999996	0.00224081	2.81658e-05	9.4026e-06	0.0	0.0	0.0	0.0	0.0	0.0	0.0	0.0	0.0	0.0	7.68787e-05	0.0	0.0	0.0	9.70421e-06	0.0	2.9273899999999998e-05	0.0	0.0	0.000128086	0.000148324	0.0007445020000000001	0.00208335	0.000150152	0.0	0.0	0.0	0.0	0.0	0.0	0.0	0.0	0.0	0.0	0.0	0.0	0.0	0.0	0.0	0.0	0.0	0.0	0.0	0.0	0.0	0.0	0.0	0.000978949	0.0	0.0	0.0	0.0	0.0
Tzo-CMvi_047-Ex1_L4_fastp	0.0581695	0.0832659	0.011084199999999999	0.0	0.00393941	0.0	0.0	0.0	0.0	8.15613e-06	0.0	0.0	0.0	0.0	0.0	0.0	0.0	0.0	8.15613e-06	0.0	0.0	0.0	0.0	0.0	0.0	0.0	0.0	0.0	8.15613e-06	0.0	0.0	0.0	0.0	0.0	0.0	0.0	0.0	0.0	0.0	0.0	0.0	0.0	0.0	0.0	0.0	0.0	0.0	0.0	0.0	0.0	0.0	0.0	0.0	0.0	0.0	0.0	0.0	0.0	0.0	0.0	0.0	0.0	0.0	0.0	0.0	0.0	0.0	0.0	0.0	0.000196451	0.0	0.0	0.0	0.0	0.0	0.0	0.0	0.0	0.0	0.0	0.0	0.0	0.0	0.0	0.0	0.0	0.0	0.0	0.0	0.0	0.0	4.9714100000000006e-05	2.48959e-05	0.000365768	0.00245685	4.17243e-05	8.36335e-06	0.0	0.0	0.0	0.0	0.0	0.0	0.0	0.0	0.0	8.6087e-06	9.50203e-05	0.0	0.0	0.0	1.75284e-05	0.0	1.76807e-05	0.0	2.6769199999999998e-05	0.000143507	0.00018939100000000002	0.0007982219999999999	0.00238231	0.000165347	9.24747e-06	0.0	0.0	0.0	0.0	0.0	0.0	0.0	0.0	0.0	0.0	0.0	0.0	0.0	0.0	0.0	0.0	0.0	0.0	0.0	0.0	0.0	0.0	0.0010156800000000001	0.0	0.0	0.0	0.0	0.0
Tzo-CMvi_048-Ex1_L4_fastp	0.059356000000000006	0.0838478	0.0107093	0.0	0.00346417	0.0	0.0	0.0	6.739630000000001e-06	6.739630000000001e-06	0.0	0.0	0.0	0.0	0.0	0.0	0.0	0.0	0.0	0.0	0.0	0.0	0.0	0.0	0.0	0.0	0.0	0.0	6.739630000000001e-06	0.0	0.0	0.0	0.0	0.0	0.0	0.0	0.0	0.0	0.0	0.0	0.0	0.0	0.0	0.0	0.0	0.0	0.0	0.0	0.0	0.0	0.0	0.0	0.0	0.0	0.0	0.0	0.0	0.0	0.0	0.0	0.0	0.0	0.0	0.0	0.0	0.0	0.0	0.0	0.0	0.000209748	0.0	0.0	0.0	0.0	0.0	0.0	0.0	0.0	0.0	0.0	0.0	0.0	0.0	0.0	0.0	0.0	0.0	0.0	0.0	0.0	0.0	6.81897e-06	6.82496e-06	0.000314259	0.0022911100000000003	6.84726e-06	6.85607e-06	0.0	0.0	0.0	0.0	0.0	0.0	0.0	0.0	0.0	2.09077e-05	0.000111721	0.0	7.010829999999999e-06	0.0	7.04108e-06	0.0	3.53694e-05	0.0	4.26686e-05	9.27151e-05	0.00018598899999999998	0.000846871	0.00224705	0.00010842	0.0	0.0	0.0	0.0	0.0	0.0	0.0	0.0	0.0	0.0	0.0	0.0	0.0	0.0	0.0	0.0	0.0	0.0	0.0	0.0	0.0	0.0	0.0	0.0010948	0.0	0.0	0.0	0.0	0.0
Tzo-CMvi_049-Ex1_L4_fastp	0.0605535	0.0826512	0.010990999999999999	0.0	0.0035695199999999996	0.0	0.0	0.0	1.284e-05	0.0	0.0	0.0	0.0	0.0	0.0	0.0	0.0	0.0	0.0	0.0	0.0	0.0	0.0	0.0	0.0	0.0	0.0	0.0	1.284e-05	0.0	0.0	0.0	0.0	0.0	0.0	0.0	0.0	0.0	0.0	0.0	0.0	0.0	0.0	0.0	0.0	0.0	0.0	0.0	0.0	0.0	0.0	0.0	0.0	0.0	0.0	0.0	1.28736e-05	1.2875000000000001e-05	0.0	0.0	0.0	0.0	0.0	0.0	0.0	0.0	0.0	0.0	0.0	5.15833e-05	0.0	0.0	0.0	0.0	0.0	0.0	0.0	0.0	0.0	0.0	0.0	0.0	0.0	0.0	0.0	0.0	0.0	1.2959799999999999e-05	0.0	0.0	0.0	2.59916e-05	1.30072e-05	0.00010415999999999999	0.00224177	0.0	0.0	0.0	0.0	0.0	0.0	0.0	0.0	0.0	0.0	0.0	1.32686e-05	7.97479e-05	0.0	0.0	0.0	0.0	0.0	0.0	0.0	0.0	5.42411e-05	0.000176796	0.000777463	0.00197044	0.000151025	0.0	0.0	0.0	0.0	0.0	0.0	0.0	0.0	0.0	0.0	0.0	0.0	0.0	0.0	0.0	0.0	0.0	0.0	0.0	0.0	0.0	0.0	0.0	0.0008655690000000001	0.0	0.0	0.0	0.0	0.0
Tzo-CMvi_050-Ex1_L4_fastp	0.0606199	0.08141999999999999	0.0108452	0.0	0.00352874	0.0	0.0	0.0	0.0	3.23738e-05	0.0	0.0	0.0	0.0	0.0	0.0	0.0	0.0	0.0	0.0	0.0	0.0	0.0	0.0	0.0	0.0	0.0	0.0	0.0	0.0	0.0	0.0	0.0	0.0	0.0	0.0	0.0	0.0	0.0	0.0	0.0	0.0	0.0	0.0	0.0	0.0	0.0	0.0	0.0	0.0	0.0	0.0	0.0	0.0	0.0	0.0	0.0	1.6247e-05	0.0	0.0	0.0	0.0	0.0	0.0	0.0	0.0	0.0	0.0	0.0	0.000146549	0.0	0.0	0.0	0.0	0.0	0.0	0.0	0.0	0.0	0.0	0.0	0.0	0.0	0.0	0.0	0.0	0.0	0.0	0.0	0.0	0.0	0.0	1.64308e-05	0.000328904	0.00250197	0.0	0.0	0.0	0.0	0.0	0.0	0.0	0.0	0.0	0.0	0.0	0.0	6.70008e-05	0.0	0.0	0.0	1.68704e-05	0.0	3.3885100000000005e-05	0.0	0.0	0.000153624	0.000102698	0.0009098180000000001	0.0023587400000000002	0.000224557	0.0	0.0	0.0	0.0	0.0	0.0	0.0	0.0	0.0	0.0	0.0	0.0	0.0	0.0	0.0	0.0	0.0	0.0	0.0	0.0	0.0	0.0	0.0	0.00106931	0.0	0.0	0.0	0.0	0.0
Tzo-CMvi_051-Ex1_L4_fastp	0.060128299999999996	0.0830829	0.0102995	0.0	0.00383393	0.0	0.0	6.13429e-06	0.0	1.84029e-05	0.0	0.0	0.0	0.0	0.0	0.0	0.0	0.0	6.13429e-06	0.0	0.0	0.0	0.0	0.0	0.0	0.0	0.0	0.0	6.13429e-06	0.0	0.0	0.0	0.0	0.0	0.0	0.0	0.0	0.0	0.0	0.0	0.0	0.0	0.0	0.0	0.0	0.0	0.0	0.0	0.0	0.0	0.0	0.0	0.0	0.0	0.0	0.0	6.14954e-06	0.0	0.0	0.0	0.0	0.0	0.0	0.0	0.0	0.0	6.15734e-06	0.0	6.15915e-06	0.000166324	0.0	6.16214e-06	0.0	0.0	0.0	0.0	0.0	0.0	0.0	0.0	0.0	0.0	0.0	0.0	0.0	0.0	0.0	0.0	0.0	0.0	1.24104e-05	6.831529999999999e-05	6.21632e-06	0.000304908	0.00263497	2.4946099999999998e-05	3.1224100000000005e-05	0.0	0.0	0.0	0.0	0.0	0.0	0.0	0.0	0.0	6.3506e-06	9.5449e-05	0.0	0.0	0.0	0.0	0.0	1.2899499999999999e-05	0.0	0.0	0.00010409199999999999	0.00024149400000000003	0.0007990089999999999	0.00236639	0.00010557600000000001	0.0	0.0	0.0	0.0	0.0	0.0	0.0	0.0	0.0	0.0	0.0	0.0	0.0	0.0	0.0	0.0	0.0	0.0	0.0	0.0	0.0	0.0	0.0	0.0010638800000000001	0.0	0.0	0.0	0.0	0.0
Tzo-CMvi_052-Ex1_L4_fastp	0.0591443	0.08305950000000001	0.0105792	0.0	0.0037083299999999997	0.0	0.0	0.0	0.0	6.99684e-06	0.0	0.0	0.0	0.0	0.0	0.0	0.0	0.0	6.99684e-06	0.0	0.0	0.0	0.0	0.0	0.0	0.0	0.0	0.0	2.79874e-05	0.0	0.0	0.0	0.0	0.0	0.0	0.0	0.0	0.0	0.0	0.0	0.0	0.0	0.0	0.0	0.0	0.0	0.0	0.0	0.0	0.0	0.0	0.0	0.0	0.0	0.0	0.0	0.0	0.0	0.0	0.0	0.0	0.0	0.0	0.0	0.0	0.0	0.0	0.0	0.0	0.00018957999999999998	0.0	0.0	0.0	0.0	0.0	0.0	0.0	0.0	0.0	0.0	0.0	0.0	0.0	0.0	0.0	0.0	0.0	0.0	0.0	0.0	0.0	7.0852e-05	3.54674e-05	0.000305414	0.002532	7.12287e-05	2.8537799999999996e-05	0.0	0.0	0.0	0.0	7.203610000000001e-06	0.0	0.0	0.0	0.0	1.45787e-05	0.000131534	0.0	0.0	0.0	0.0	0.0	7.43524e-06	0.0	7.4887800000000005e-06	0.000105251	0.000256697	0.0008037890000000001	0.00232334	0.000214335	7.69465e-06	0.0	0.0	0.0	0.0	0.0	0.0	0.0	0.0	0.0	0.0	0.0	0.0	0.0	0.0	0.0	0.0	0.0	0.0	0.0	0.0	0.0	0.0	0.00113703	0.0	0.0	0.0	0.0	0.0
Tzo-CMvi_053-Ex1_L4_fastp	0.058865100000000004	0.08056880000000001	0.00993068	0.0	0.00332521	0.0	0.0	0.0	0.0	4.4935199999999996e-05	0.0	0.0	0.0	0.0	0.0	0.0	0.0	0.0	0.0	0.0	0.0	0.0	0.0	0.0	0.0	0.0	0.0	0.0	4.4935199999999996e-05	0.0	0.0	0.0	0.0	0.0	0.0	0.0	0.0	0.0	0.0	0.0	0.0	0.0	0.0	0.0	0.0	0.0	0.0	0.0	0.0	0.0	0.0	0.0	0.0	0.0	0.0	0.0	0.0	0.0	0.0	0.0	0.0	0.0	0.0	0.0	0.0	0.0	0.0	0.0	0.0	0.00013558800000000002	0.0	0.0	0.0	0.0	0.0	0.0	0.0	0.0	0.0	0.0	0.0	0.0	0.0	0.0	0.0	0.0	0.0	0.0	0.0	0.0	0.0	0.0	0.0	0.000227632	0.0017310099999999998	4.55874e-05	0.0	0.0	0.0	0.0	0.0	0.0	0.0	0.0	0.0	0.0	0.0	0.000230485	0.0	0.0	0.0	0.0	0.0	4.64479e-05	0.0	0.000139761	9.33369e-05	0.000140249	0.0008431210000000001	0.0015957800000000002	0.000141088	0.0	0.0	0.0	0.0	0.0	0.0	0.0	0.0	0.0	0.0	0.0	0.0	0.0	0.0	0.0	0.0	0.0	0.0	0.0	0.0	0.0	0.0	0.0	0.00071656	0.0	0.0	0.0	0.0	0.0
Tzo-CMvi_054-Ex1_L4_fastp	0.0581047	0.084521	0.010628	0.0	0.00401461	0.0	0.0	0.0	0.0	4.6573199999999997e-05	0.0	0.0	0.0	0.0	0.0	0.0	0.0	0.0	0.0	0.0	0.0	0.0	0.0	0.0	0.0	0.0	0.0	0.0	6.52024e-05	0.0	0.0	0.0	0.0	0.0	0.0	0.0	0.0	0.0	0.0	0.0	0.0	0.0	0.0	0.0	0.0	0.0	0.0	0.0	0.0	0.0	0.0	0.0	0.0	0.0	0.0	0.0	0.0	0.0	0.0	0.0	0.0	0.0	0.0	0.0	0.0	0.0	0.0	0.0	0.0	0.000196367	0.0	0.0	0.0	0.0	0.0	0.0	0.0	0.0	0.0	0.0	0.0	0.0	0.0	0.0	0.0	0.0	0.0	0.0	0.0	0.0	0.0	9.42108e-06	0.0	0.00025488	0.0024099399999999997	9.46309e-06	0.0	0.0	0.0	0.0	0.0	9.55637e-06	0.0	0.0	0.0	0.0	0.0	0.000116136	0.0	0.0	0.0	0.0	0.0	0.0	0.0	0.0	0.00010923999999999999	0.000259175	0.000800622	0.00218084	0.00020189899999999999	0.0	0.0	0.0	0.0	0.0	0.0	0.0	0.0	0.0	0.0	0.0	0.0	0.0	0.0	0.0	0.0	0.0	0.0	0.0	0.0	0.0	0.0	0.0	0.00111375	0.0	0.0	0.0	0.0	0.0
Tzo-CMvi_057-Ex1_L4_fastp	0.059001	0.0811692	0.010684299999999999	0.0	0.00372545	0.0	0.0	0.0	8.78645e-06	1.75729e-05	0.0	0.0	0.0	0.0	0.0	0.0	0.0	0.0	8.78645e-06	0.0	0.0	0.0	0.0	0.0	0.0	0.0	0.0	0.0	1.75729e-05	0.0	0.0	0.0	0.0	0.0	0.0	0.0	0.0	0.0	0.0	0.0	0.0	0.0	0.0	0.0	0.0	0.0	0.0	0.0	0.0	0.0	0.0	0.0	0.0	0.0	0.0	0.0	0.0	8.8076e-06	0.0	0.0	0.0	0.0	0.0	0.0	0.0	0.0	0.0	0.0	0.0	0.000167596	0.0	0.0	0.0	0.0	0.0	0.0	0.0	0.0	0.0	0.0	0.0	0.0	0.0	0.0	0.0	0.0	0.0	0.0	0.0	0.0	8.88512e-06	1.77864e-05	1.78037e-05	0.00029409200000000003	0.00240916	1.78688e-05	1.78933e-05	0.0	0.0	0.0	0.0	0.0	0.0	0.0	0.0	0.0	9.11071e-06	0.00011869499999999999	0.0	9.172039999999999e-06	0.0	0.0	0.0	0.0	0.0	9.323829999999999e-06	6.5477e-05	0.000281591	0.000715998	0.00224126	0.000151935	0.0	0.0	0.0	0.0	0.0	0.0	0.0	0.0	0.0	0.0	0.0	0.0	0.0	0.0	0.0	0.0	0.0	0.0	0.0	0.0	0.0	0.0	0.0	0.000890964	0.0	0.0	0.0	0.0	0.0
Tzo-CMvi_058-Ex1_L4_fastp	0.0598748	0.0845729	0.0106461	0.0	0.0034990500000000005	0.0	0.0	0.0	0.0	1.8612e-05	0.0	0.0	0.0	0.0	0.0	0.0	0.0	0.0	0.0	0.0	0.0	0.0	0.0	0.0	0.0	0.0	0.0	0.0	3.7224e-05	0.0	0.0	0.0	0.0	0.0	0.0	0.0	0.0	0.0	0.0	0.0	0.0	0.0	0.0	0.0	0.0	0.0	0.0	0.0	0.0	0.0	0.0	0.0	0.0	0.0	0.0	0.0	0.0	0.0	0.0	0.0	0.0	0.0	0.0	0.0	0.0	0.0	0.0	0.0	0.0	0.00016823	0.0	0.0	0.0	0.0	0.0	0.0	0.0	0.0	0.0	0.0	0.0	0.0	0.0	0.0	0.0	0.0	0.0	1.87722e-05	0.0	0.0	0.0	1.88165e-05	0.0	0.000169598	0.00207461	0.0	0.0	0.0	0.0	0.0	0.0	0.0	0.0	0.0	0.0	0.0	0.0	0.000134218	0.0	0.0	0.0	0.0	0.0	0.0	0.0	1.94563e-05	7.800230000000001e-05	0.00019547800000000001	0.0007447490000000001	0.0021619300000000003	0.000157691	0.0	0.0	0.0	0.0	0.0	0.0	0.0	0.0	0.0	0.0	0.0	0.0	0.0	0.0	0.0	0.0	0.0	0.0	0.0	0.0	0.0	0.0	0.0	0.000935849	0.0	0.0	0.0	0.0	0.0
Tzo-CMvi_061-Ex1_L4_fastp	0.0591176	0.08253680000000001	0.0106721	0.0	0.0038850000000000004	0.0	0.0	0.0	0.0	1.5602399999999998e-05	0.0	0.0	0.0	0.0	0.0	0.0	0.0	0.0	0.0	0.0	0.0	0.0	0.0	0.0	0.0	0.0	0.0	0.0	0.0	0.0	0.0	0.0	0.0	0.0	0.0	0.0	0.0	0.0	0.0	0.0	0.0	0.0	0.0	0.0	0.0	0.0	0.0	0.0	0.0	0.0	0.0	0.0	0.0	0.0	0.0	0.0	0.0	0.0	0.0	0.0	0.0	0.0	0.0	0.0	0.0	0.0	0.0	0.0	0.0	0.000172314	0.0	0.0	0.0	0.0	0.0	0.0	0.0	0.0	0.0	0.0	0.0	0.0	0.0	0.0	0.0	0.0	0.0	1.5743e-05	0.0	0.0	1.57758e-05	7.89444e-05	6.32117e-05	0.00028474399999999997	0.00247052	1.58557e-05	1.58753e-05	0.0	0.0	0.0	0.0	0.0	0.0	0.0	0.0	0.0	1.61336e-05	0.000145479	0.0	0.0	0.0	0.0	0.0	1.6378200000000002e-05	0.0	1.64672e-05	8.257949999999999e-05	0.000198807	0.0007148359999999999	0.00216881	0.000133951	0.0	0.0	0.0	0.0	0.0	0.0	0.0	0.0	0.0	0.0	0.0	0.0	0.0	0.0	0.0	0.0	0.0	0.0	0.0	0.0	0.0	0.0	0.0	0.00124122	0.0	0.0	0.0	0.0	0.0
Tzo-CMvi_063-Ex1_L4_fastp	0.0599115	0.0822194	0.0108629	0.0	0.00338597	0.0	0.0	0.0	5.34065e-06	2.13626e-05	0.0	0.0	0.0	0.0	0.0	0.0	0.0	0.0	1.06813e-05	0.0	0.0	0.0	0.0	0.0	0.0	0.0	0.0	0.0	2.67033e-05	0.0	0.0	0.0	0.0	0.0	0.0	0.0	0.0	0.0	0.0	0.0	0.0	0.0	0.0	0.0	0.0	0.0	0.0	0.0	0.0	0.0	0.0	0.0	0.0	0.0	0.0	0.0	0.0	0.0	0.0	0.0	0.0	0.0	0.0	0.0	0.0	0.0	5.35915e-06	0.0	5.36077e-06	0.000128678	0.0	5.3632699999999996e-06	0.0	0.0	0.0	0.0	0.0	0.0	0.0	0.0	0.0	0.0	0.0	0.0	0.0	0.0	5.3884e-06	1.07841e-05	0.0	0.0	0.0	1.6231700000000002e-05	2.70829e-05	0.000303697	0.0024056399999999997	2.719e-05	1.0892400000000001e-05	0.0	0.0	0.0	0.0	0.0	0.0	0.0	0.0	0.0	5.55277e-06	0.000105734	0.0	0.0	0.0	0.0	0.0	1.13031e-05	0.0	1.13754e-05	0.000114141	0.000240568	0.000712949	0.0022685699999999997	9.85435e-05	0.0	0.0	0.0	0.0	0.0	0.0	0.0	0.0	0.0	0.0	0.0	0.0	0.0	0.0	0.0	0.0	0.0	0.0	0.0	0.0	0.0	0.0	0.0	0.000961089	0.0	0.0	0.0	0.0	0.0
Tzo-CMvi_064-Ex1_L4_fastp	0.0602374	0.08388469999999999	0.011037100000000001	0.0	0.0036321500000000002	0.0	0.0	0.0	0.0	3.83678e-05	0.0	0.0	0.0	0.0	0.0	0.0	0.0	0.0	0.0	0.0	0.0	0.0	0.0	0.0	0.0	0.0	0.0	0.0	0.0	0.0	0.0	0.0	0.0	0.0	0.0	0.0	0.0	0.0	0.0	0.0	0.0	0.0	0.0	0.0	0.0	0.0	0.0	0.0	0.0	0.0	0.0	0.0	0.0	0.0	0.0	0.0	0.0	0.0	0.0	0.0	0.0	0.0	0.0	0.0	0.0	0.0	0.0	0.0	0.0	0.000115573	0.0	0.0	0.0	0.0	0.0	0.0	0.0	0.0	0.0	0.0	0.0	0.0	0.0	0.0	0.0	0.0	0.0	0.0	0.0	0.0	0.0	3.88104e-05	1.29473e-05	0.000246211	0.00242559	2.5969600000000003e-05	0.0	0.0	0.0	0.0	0.0	0.0	0.0	0.0	0.0	0.0	0.0	7.91832e-05	0.0	0.0	0.0	1.32896e-05	0.0	5.33701e-05	0.0	2.6797500000000002e-05	0.00020147899999999999	0.00014812999999999998	0.0008912000000000001	0.0022475	8.1468e-05	0.0	0.0	0.0	0.0	0.0	0.0	0.0	0.0	0.0	0.0	0.0	0.0	0.0	0.0	0.0	0.0	0.0	0.0	0.0	0.0	0.0	0.0	0.0	0.00105274	0.0	0.0	0.0	0.0	0.0
Tzo-CMvi_065-Ex1_L4_fastp	0.0605251	0.0829491	0.0111718	0.0	0.0035487	0.0	0.0	0.0	0.0	2.19056e-05	0.0	0.0	0.0	0.0	0.0	0.0	0.0	0.0	7.301860000000001e-06	0.0	0.0	0.0	0.0	0.0	0.0	0.0	0.0	0.0	1.46037e-05	0.0	0.0	0.0	0.0	0.0	0.0	0.0	0.0	0.0	0.0	0.0	0.0	0.0	0.0	0.0	0.0	0.0	0.0	0.0	0.0	0.0	0.0	0.0	0.0	0.0	0.0	0.0	0.0	7.31667e-06	0.0	0.0	0.0	0.0	0.0	0.0	0.0	0.0	0.0	0.0	7.3258499999999995e-06	0.000117231	0.0	0.0	0.0	0.0	0.0	0.0	0.0	0.0	0.0	0.0	0.0	0.0	0.0	0.0	0.0	0.0	0.0	0.0	0.0	0.0	0.0	2.21945e-05	3.7035999999999996e-05	0.000311521	0.00259238	5.20813e-05	1.49059e-05	0.0	0.0	0.0	0.0	0.0	0.0	0.0	0.0	0.0	1.5246800000000001e-05	0.00013759000000000002	0.0	0.0	0.0	0.0	0.0	3.1133900000000004e-05	0.0	3.13692e-05	0.000141741	0.00025305799999999996	0.000834128	0.0023388000000000003	0.000128367	0.0	0.0	0.0	0.0	0.0	0.0	0.0	0.0	0.0	0.0	0.0	0.0	0.0	0.0	0.0	0.0	0.0	0.0	0.0	0.0	0.0	0.0	0.0	0.0011503499999999999	0.0	0.0	0.0	0.0	0.0
Tzo-CMvi_066-Ex1_L4_fastp	0.061676600000000005	0.0829171	0.0105411	0.0	0.00368818	0.0	0.0	0.0	0.0	4.868880000000001e-05	0.0	0.0	0.0	0.0	0.0	0.0	0.0	0.0	1.2172200000000002e-05	0.0	0.0	0.0	0.0	0.0	0.0	0.0	0.0	0.0	1.2172200000000002e-05	0.0	0.0	0.0	0.0	0.0	0.0	0.0	0.0	0.0	0.0	0.0	0.0	0.0	0.0	0.0	0.0	0.0	0.0	0.0	0.0	0.0	0.0	0.0	0.0	0.0	0.0	0.0	0.0	0.0	0.0	0.0	0.0	0.0	0.0	0.0	0.0	0.0	0.0	0.0	0.0	0.000183426	0.0	0.0	0.0	0.0	0.0	0.0	0.0	0.0	0.0	0.0	0.0	0.0	0.0	0.0	0.0	0.0	0.0	0.0	0.0	0.0	0.0	0.0	0.0	0.000308469	0.0023343400000000003	3.70907e-05	0.0	0.0	0.0	0.0	0.0	0.0	0.0	0.0	0.0	0.0	1.2562100000000001e-05	0.000113266	0.0	0.0	0.0	1.2682e-05	0.0	0.0	0.0	0.0	0.000102702	0.000154513	0.000723282	0.00215093	0.000156025	1.3048399999999999e-05	0.0	0.0	0.0	0.0	0.0	0.0	0.0	0.0	0.0	0.0	0.0	0.0	0.0	0.0	0.0	0.0	0.0	0.0	0.0	0.0	0.0	0.0	0.00107382	0.0	0.0	0.0	0.0	0.0
Tzo-CMvi_067-Ex1_L4_fastp	0.0590674	0.0823126	0.0112056	0.0	0.00376967	0.0	0.0	0.0	0.0	4.13493e-05	0.0	0.0	0.0	0.0	0.0	0.0	0.0	0.0	6.89154e-06	0.0	0.0	0.0	0.0	0.0	0.0	0.0	0.0	0.0	6.89154e-06	0.0	0.0	0.0	0.0	0.0	0.0	0.0	0.0	0.0	0.0	0.0	0.0	0.0	0.0	0.0	0.0	0.0	0.0	0.0	0.0	0.0	0.0	0.0	0.0	0.0	0.0	0.0	0.0	0.0	0.0	0.0	0.0	0.0	0.0	0.0	0.0	0.0	0.0	0.0	0.0	0.000207462	0.0	0.0	0.0	0.0	0.0	0.0	0.0	0.0	0.0	0.0	0.0	0.0	0.0	0.0	0.0	0.0	0.0	6.95221e-06	0.0	0.0	0.0	4.18548e-05	1.39666e-05	0.000300641	0.0023101299999999996	4.9071200000000005e-05	7.020079999999999e-06	0.0	0.0	0.0	0.0	0.0	0.0	0.0	0.0	0.0	7.1561899999999995e-06	0.00010759100000000001	0.0	0.0	0.0	0.0	0.0	2.91424e-05	0.0	2.19994e-05	0.000117737	0.00021418399999999997	0.000778469	0.00218869	0.000194396	0.0	0.0	0.0	0.0	0.0	0.0	0.0	0.0	0.0	0.0	0.0	0.0	0.0	0.0	0.0	0.0	0.0	0.0	0.0	0.0	0.0	0.0	0.0	0.00102796	0.0	0.0	0.0	0.0	0.0
Tzo-CMvi_068-Ex1_L4_fastp	0.0600264	0.0828078	0.010894	0.0	0.00388079	0.0	0.0	0.0	6.62251e-06	1.98675e-05	0.0	0.0	0.0	0.0	0.0	0.0	0.0	0.0	6.62251e-06	0.0	0.0	0.0	0.0	0.0	0.0	0.0	0.0	0.0	3.31125e-05	0.0	0.0	0.0	0.0	0.0	0.0	0.0	0.0	0.0	0.0	0.0	0.0	0.0	0.0	0.0	0.0	0.0	0.0	0.0	0.0	0.0	0.0	0.0	0.0	0.0	0.0	0.0	0.0	0.0	0.0	0.0	0.0	0.0	0.0	0.0	0.0	0.0	0.0	0.0	6.64959e-06	0.00027267999999999997	0.0	0.0	0.0	0.0	0.0	0.0	0.0	0.0	0.0	0.0	0.0	0.0	0.0	0.0	0.0	0.0	0.0	6.6913e-06	0.0	0.0	0.0	1.34322e-05	6.723620000000001e-06	0.000309676	0.00242677	1.35016e-05	1.35228e-05	0.0	0.0	0.0	0.0	0.0	0.0	0.0	0.0	0.0	0.0	9.67761e-05	0.0	0.0	0.0	0.0	0.0	1.40468e-05	0.0	7.069129999999999e-06	8.51247e-05	0.000149533	0.000571857	0.00220346	0.00011533700000000001	0.0	0.0	0.0	0.0	0.0	0.0	0.0	0.0	0.0	0.0	0.0	0.0	0.0	0.0	0.0	0.0	0.0	0.0	0.0	0.0	0.0	0.0	0.0	0.000990374	0.0	0.0	0.0	0.0	0.0
Tzo-CMvi_069-Ex1_L4_fastp	0.0591445	0.0840497	0.0108255	0.0	0.00350182	0.0	0.0	0.0	1.81129e-05	1.20752e-05	0.0	0.0	0.0	0.0	0.0	0.0	0.0	0.0	6.037619999999999e-06	0.0	0.0	0.0	0.0	0.0	0.0	0.0	0.0	0.0	0.0	0.0	0.0	0.0	0.0	0.0	0.0	0.0	0.0	0.0	0.0	0.0	0.0	0.0	0.0	0.0	0.0	0.0	0.0	0.0	0.0	0.0	0.0	0.0	0.0	0.0	0.0	0.0	0.0	0.0	0.0	0.0	0.0	0.0	0.0	0.0	0.0	0.0	0.0	0.0	0.0	0.000133287	0.0	0.0	0.0	0.0	0.0	0.0	0.0	0.0	0.0	0.0	0.0	0.0	0.0	0.0	6.0808499999999996e-06	0.0	0.0	0.0	0.0	0.0	0.0	3.05674e-05	1.8360600000000002e-05	0.000355402	0.00248501	1.2289499999999998e-05	3.0772400000000004e-05	0.0	0.0	0.0	0.0	0.0	0.0	0.0	0.0	0.0	3.13983e-05	9.44162e-05	0.0	0.0	0.0	0.0	0.0	2.5577999999999998e-05	0.0	3.86168e-05	0.000129178	0.00027877	0.000826679	0.00228139	0.000118188	6.59631e-06	0.0	0.0	0.0	0.0	0.0	0.0	0.0	0.0	0.0	0.0	0.0	0.0	0.0	0.0	0.0	0.0	0.0	0.0	0.0	0.0	0.0	0.0	0.00107998	0.0	0.0	0.0	0.0	0.0
Tzo-CMvi_070-Ex1_L4_fastp	0.0603696	0.08321189999999999	0.0105649	0.0	0.00377764	0.0	0.0	0.0	0.0	3.11344e-05	0.0	0.0	0.0	0.0	0.0	0.0	0.0	0.0	1.03781e-05	0.0	0.0	0.0	0.0	0.0	0.0	0.0	0.0	0.0	4.15125e-05	0.0	0.0	0.0	0.0	0.0	0.0	0.0	0.0	0.0	0.0	0.0	0.0	0.0	0.0	0.0	0.0	0.0	0.0	0.0	0.0	0.0	0.0	0.0	0.0	0.0	0.0	0.0	0.0	0.0	0.0	0.0	0.0	0.0	0.0	0.0	0.0	0.0	0.0	0.0	0.0	0.000218658	0.0	0.0	0.0	0.0	0.0	0.0	0.0	0.0	0.0	0.0	0.0	0.0	0.0	0.0	0.0	0.0	0.0	2.09205e-05	0.0	1.04746e-05	0.0	3.14775e-05	1.05023e-05	0.000294374	0.00243131	2.1075700000000002e-05	1.05522e-05	0.0	0.0	0.0	0.0	0.0	0.0	0.0	0.0	0.0	1.07404e-05	0.000150682	0.0	0.0	0.0	1.08652e-05	0.0	3.2774e-05	0.0	2.19849e-05	0.00012135999999999999	0.00021038399999999998	0.000689189	0.00208708	0.000112082	0.0	0.0	0.0	0.0	0.0	0.0	0.0	0.0	0.0	0.0	0.0	0.0	0.0	0.0	0.0	0.0	0.0	0.0	0.0	0.0	0.0	0.0	0.0	0.0009699660000000001	0.0	0.0	0.0	0.0	0.0
Tzo-CMvi_075-Ex1_L4_fastp	0.0594956	0.083398	0.00994402	0.0	0.00341682	0.0	0.0	0.0	1.53221e-05	0.0	0.0	0.0	0.0	0.0	0.0	0.0	0.0	0.0	0.0	0.0	0.0	0.0	0.0	0.0	0.0	0.0	0.0	0.0	1.53221e-05	0.0	0.0	0.0	0.0	0.0	0.0	0.0	0.0	0.0	0.0	0.0	0.0	0.0	0.0	0.0	0.0	0.0	0.0	0.0	0.0	0.0	0.0	0.0	0.0	0.0	0.0	0.0	0.0	0.0	0.0	0.0	0.0	0.0	0.0	0.0	0.0	0.0	0.0	0.0	0.0	0.00020017100000000002	0.0	0.0	0.0	0.0	0.0	0.0	0.0	0.0	0.0	0.0	0.0	0.0	0.0	0.0	1.5452299999999998e-05	0.0	0.0	3.09464e-05	0.0	0.0	0.0	0.0	0.0	0.000264122	0.00286132	1.55658e-05	3.11624e-05	0.0	0.0	0.0	0.0	0.0	0.0	0.0	0.0	0.0	0.0	9.492760000000001e-05	0.0	0.0	0.0	1.59293e-05	0.0	0.0	0.0	1.60657e-05	0.000177167	0.000258376	0.0008904830000000001	0.00230577	0.000179166	0.0	0.0	0.0	0.0	0.0	0.0	0.0	0.0	0.0	0.0	0.0	0.0	0.0	0.0	0.0	0.0	0.0	0.0	0.0	0.0	0.0	0.0	0.0	0.00105646	0.0	0.0	0.0	0.0	0.0
Tzo-CMvi_076-Ex1_L4_fastp	0.059436600000000006	0.08294889999999999	0.0108435	0.0	0.0044618	0.0	0.0	0.0	0.0	5.40824e-05	0.0	0.0	0.0	0.0	0.0	0.0	0.0	0.0	0.0	0.0	0.0	0.0	0.0	0.0	0.0	0.0	0.0	0.0	0.0	0.0	0.0	0.0	0.0	0.0	0.0	0.0	0.0	0.0	0.0	0.0	0.0	0.0	0.0	0.0	0.0	0.0	0.0	0.0	0.0	0.0	0.0	0.0	0.0	0.0	0.0	0.0	0.0	0.0	0.0	0.0	0.0	0.0	0.0	0.0	0.0	0.0	0.0	0.0	0.0	0.000135775	0.0	0.0	0.0	0.0	0.0	0.0	0.0	0.0	0.0	0.0	0.0	0.0	0.0	0.0	0.0	0.0	0.0	0.0	0.0	0.0	0.0	0.0	0.0	0.00015057799999999998	0.00230171	0.0	0.0	0.0	0.0	0.0	0.0	0.0	0.0	0.0	0.0	0.0	0.0	5.5702300000000004e-05	0.0	0.0	0.0	0.0	0.0	1.40715e-05	0.0	0.0	0.000113313	0.00019881	0.000711884	0.0020414499999999998	0.000171802	0.0	0.0	0.0	0.0	0.0	0.0	0.0	0.0	0.0	0.0	0.0	0.0	0.0	0.0	0.0	0.0	0.0	0.0	0.0	0.0	0.0	0.0	0.0	0.0008437510000000001	0.0	0.0	0.0	0.0	0.0
Tzo-CMvi_077-Ex1_L4_fastp	0.059513800000000006	0.0822359	0.0101207	0.0	0.00372551	0.0	0.0	0.0	8.58413e-06	2.57524e-05	0.0	0.0	0.0	0.0	0.0	0.0	0.0	0.0	0.0	0.0	0.0	0.0	0.0	0.0	0.0	0.0	0.0	0.0	3.43365e-05	0.0	0.0	0.0	0.0	0.0	0.0	0.0	0.0	0.0	0.0	0.0	0.0	0.0	0.0	0.0	0.0	0.0	0.0	0.0	0.0	0.0	0.0	0.0	0.0	0.0	0.0	0.0	0.0	0.0	0.0	0.0	0.0	0.0	0.0	0.0	0.0	0.0	0.0	0.0	0.0	0.00012923699999999998	0.0	0.0	0.0	0.0	0.0	0.0	0.0	0.0	0.0	0.0	0.0	0.0	0.0	0.0	0.0	0.0	0.0	8.659480000000001e-06	0.0	8.67181e-06	8.6789e-06	1.7373300000000002e-05	8.69545e-06	0.000226336	0.0023618700000000003	0.0	1.7476299999999997e-05	0.0	0.0	0.0	0.0	0.0	0.0	0.0	0.0	0.0	8.900719999999999e-06	9.8123e-05	0.0	0.0	0.0	0.0	9.02913e-06	9.05415e-06	0.0	0.0	0.000155368	0.000192617	0.000644486	0.00225571	0.000139254	0.0	0.0	0.0	0.0	0.0	0.0	0.0	0.0	0.0	0.0	0.0	0.0	0.0	0.0	0.0	0.0	0.0	0.0	0.0	0.0	0.0	0.0	0.0	0.000940294	0.0	0.0	0.0	0.0	0.0
Tzo-CMvi_078-Ex1_L4_fastp	0.06034369999999999	0.0832506	0.0111198	0.0	0.00366955	0.0	0.0	0.0	0.0	0.0	0.0	0.0	0.0	0.0	0.0	0.0	0.0	0.0	0.0	0.0	0.0	0.0	0.0	0.0	0.0	0.0	0.0	0.0	0.0	0.0	0.0	0.0	0.0	0.0	0.0	0.0	0.0	0.0	0.0	0.0	0.0	0.0	0.0	0.0	0.0	0.0	0.0	0.0	0.0	0.0	0.0	0.0	0.0	0.0	0.0	0.0	0.0	0.0	0.0	0.0	0.0	0.0	0.0	0.0	0.0	0.0	0.0	0.0	0.0	0.00014900999999999998	0.0	0.0	0.0	0.0	0.0	0.0	0.0	0.0	0.0	0.0	0.0	0.0	0.0	0.0	0.0	0.0	0.0	0.0	0.0	0.0	0.0	7.50113e-05	0.0	0.000300538	0.0024441	3.76358e-05	7.534450000000001e-05	0.0	0.0	0.0	0.0	0.0	0.0	0.0	0.0	0.0	0.0	0.00019119599999999998	0.0	0.0	0.0	0.0	0.0	0.0	0.0	3.8825099999999995e-05	3.89205e-05	0.00031221600000000003	0.0007042229999999999	0.0019616300000000002	0.000196766	0.0	0.0	0.0	0.0	0.0	0.0	0.0	0.0	0.0	0.0	0.0	0.0	0.0	0.0	0.0	0.0	0.0	0.0	0.0	0.0	0.0	0.0	0.0	0.00109789	0.0	0.0	0.0	0.0	0.0
Tzo-CMvi_079-Ex1_L4_fastp	0.0593844	0.0839434	0.0101323	0.0	0.00390145	0.0	0.0	0.0	0.0	9.58586e-06	0.0	0.0	0.0	0.0	0.0	0.0	0.0	0.0	1.9171699999999998e-05	0.0	0.0	0.0	0.0	0.0	0.0	0.0	0.0	0.0	9.58586e-06	0.0	0.0	0.0	0.0	0.0	0.0	0.0	0.0	0.0	0.0	0.0	0.0	0.0	0.0	0.0	0.0	0.0	0.0	0.0	0.0	0.0	0.0	0.0	0.0	0.0	0.0	0.0	0.0	0.0	0.0	0.0	0.0	0.0	0.0	0.0	0.0	0.0	0.0	0.0	0.0	0.00025993100000000003	0.0	0.0	0.0	0.0	0.0	0.0	0.0	0.0	0.0	0.0	0.0	0.0	0.0	0.0	9.66111e-06	0.0	0.0	9.67591e-06	0.0	0.0	0.0	1.9409699999999998e-05	9.71403e-06	0.000350075	0.00257982	2.92412e-05	1.95199e-05	0.0	0.0	0.0	0.0	0.0	0.0	9.87066e-06	0.0	0.0	0.0	4.9732100000000005e-05	0.0	0.0	0.0	1.0033899999999999e-05	1.00578e-05	0.0	0.0	3.04286e-05	0.000132269	0.00022457800000000002	0.0007990359999999999	0.00233382	0.000134165	0.0	0.0	0.0	0.0	0.0	0.0	0.0	0.0	0.0	0.0	0.0	0.0	0.0	0.0	0.0	0.0	0.0	0.0	0.0	0.0	0.0	0.0	0.0	0.0009581839999999999	0.0	0.0	0.0	0.0	0.0
Tzo-CMvi_081-Ex1_L4_fastp	0.05746180000000001	0.0832205	0.011539	0.0	0.00314699	0.0	0.0	0.0	0.0	0.0	0.0	0.0	0.0	0.0	0.0	0.0	0.0	0.0	0.0	0.0	0.0	0.0	0.0	0.0	0.0	0.0	0.0	0.0	0.0	0.0	0.0	0.0	0.0	0.0	0.0	0.0	0.0	0.0	0.0	0.0	0.0	0.0	0.0	0.0	0.0	0.0	0.0	0.0	0.0	0.0	0.0	0.0	0.0	0.0	0.0	0.0	0.0	0.0	0.0	0.0	0.0	0.0	0.0	0.0	0.0	0.0	0.0	0.0	0.0	0.000351337	0.0	0.0	0.0	0.0	0.0	0.0	0.0	0.0	0.0	0.0	0.0	0.0	0.0	0.0	0.0	0.0	0.0	0.0	0.0	0.0	0.0	0.0	0.0	0.00023578499999999997	0.00283125	0.0	0.0	0.0	0.0	0.0	0.0	0.0	0.0	0.0	0.0	0.0	0.0	0.000119526	0.0	0.0	0.0	0.0	0.0	0.00012060800000000001	0.0	0.0	0.00024268199999999998	0.000121584	0.000975015	0.00293225	0.000245145	0.000122937	0.0	0.0	0.0	0.0	0.0	0.0	0.0	0.0	0.0	0.0	0.0	0.0	0.0	0.0	0.0	0.0	0.0	0.0	0.0	0.0	0.0	0.0	0.0008195850000000001	0.0	0.0	0.0	0.0	0.0
Tzo-CMvi_082-Ex1_L4_fastp	0.058405399999999996	0.0835847	0.0114271	0.0	0.003504	0.0	0.0	0.0	8.2447e-06	8.2447e-06	0.0	0.0	0.0	0.0	0.0	0.0	0.0	0.0	8.2447e-06	0.0	0.0	0.0	0.0	0.0	0.0	0.0	0.0	0.0	3.29788e-05	0.0	0.0	0.0	0.0	0.0	0.0	0.0	0.0	0.0	0.0	0.0	0.0	0.0	0.0	0.0	0.0	0.0	0.0	0.0	0.0	0.0	0.0	0.0	0.0	0.0	0.0	0.0	0.0	1.65248e-05	0.0	0.0	0.0	0.0	0.0	0.0	0.0	0.0	0.0	0.0	0.0	0.000124113	0.0	0.0	0.0	0.0	0.0	0.0	0.0	0.0	0.0	0.0	0.0	0.0	0.0	0.0	0.0	0.0	0.0	8.32117e-06	0.0	8.33398e-06	0.0	1.67009e-05	8.360190000000001e-06	0.000292967	0.00238053	8.394700000000001e-06	2.5226000000000002e-05	0.0	0.0	0.0	0.0	0.0	0.0	0.0	0.0	0.0	0.0	6.022810000000001e-05	0.0	0.0	0.0	0.0	0.0	8.747329999999999e-06	0.0	0.0	0.000106076	0.000221876	0.000757516	0.00220184	0.000143867	9.03492e-06	0.0	0.0	0.0	0.0	0.0	0.0	0.0	0.0	0.0	0.0	0.0	0.0	0.0	0.0	0.0	0.0	0.0	0.0	0.0	0.0	0.0	0.0	0.000950687	0.0	0.0	0.0	0.0	0.0
Tzo-CMvi_083-Ex1_L4_fastp	0.0597662	0.0833459	0.0107577	0.0	0.00358765	0.0	0.0	0.0	5.25278e-06	4.20223e-05	0.0	0.0	0.0	0.0	0.0	0.0	0.0	0.0	1.05056e-05	0.0	0.0	0.0	0.0	0.0	0.0	0.0	0.0	0.0	5.25278e-06	0.0	0.0	0.0	0.0	0.0	0.0	0.0	0.0	0.0	0.0	0.0	0.0	0.0	0.0	0.0	0.0	0.0	0.0	0.0	0.0	0.0	0.0	0.0	0.0	0.0	0.0	0.0	0.0	5.2628199999999995e-06	0.0	0.0	0.0	0.0	0.0	0.0	0.0	0.0	0.0	0.0	5.26969e-06	0.00018446699999999998	0.0	0.0	0.0	0.0	0.0	0.0	0.0	0.0	0.0	0.0	0.0	0.0	0.0	0.0	0.0	0.0	0.0	0.0	0.0	0.0	0.0	1.59947e-05	1.06792e-05	0.000262083	0.0024165700000000003	2.68423e-05	1.07594e-05	0.0	0.0	0.0	0.0	0.0	0.0	0.0	0.0	0.0	5.52716e-06	9.98075e-05	0.0	5.58213e-06	0.0	5.62289e-06	0.0	3.96754e-05	0.0	1.7155400000000002e-05	6.895009999999999e-05	0.00017324999999999998	0.000638654	0.0021953100000000002	0.000129221	5.91065e-06	0.0	0.0	0.0	0.0	0.0	0.0	0.0	0.0	0.0	0.0	0.0	0.0	0.0	0.0	0.0	0.0	0.0	0.0	0.0	0.0	0.0	0.0	0.000907302	0.0	0.0	0.0	0.0	0.0
Tzo-CMvi_087-Ex1_L4_fastp	0.0575265	0.0831336	0.00972422	0.0	0.00356555	0.0	0.0	0.0	0.0	1.706e-05	0.0	0.0	0.0	0.0	0.0	0.0	0.0	0.0	0.0	0.0	0.0	0.0	0.0	0.0	0.0	0.0	0.0	0.0	1.706e-05	0.0	0.0	0.0	0.0	0.0	0.0	0.0	0.0	0.0	0.0	0.0	0.0	0.0	0.0	0.0	0.0	0.0	0.0	0.0	0.0	0.0	0.0	0.0	0.0	0.0	0.0	0.0	1.71171e-05	0.0	1.71223e-05	0.0	0.0	0.0	0.0	0.0	0.0	0.0	0.0	0.0	0.0	8.57746e-05	0.0	0.0	0.0	0.0	0.0	0.0	0.0	0.0	0.0	0.0	0.0	0.0	0.0	0.0	0.0	0.0	0.0	0.0	0.0	0.0	0.0	0.0	0.0	0.00022498699999999998	0.00185339	1.73368e-05	0.0	0.0	0.0	0.0	0.0	0.0	0.0	0.0	0.0	0.0	0.0	8.80907e-05	0.0	1.7676300000000002e-05	0.0	1.77375e-05	0.0	0.0	0.0	1.7888e-05	5.37936e-05	0.000179762	0.00055878	0.0017350000000000002	0.000126887	0.0	0.0	0.0	0.0	0.0	0.0	0.0	0.0	0.0	0.0	0.0	0.0	0.0	0.0	0.0	0.0	0.0	0.0	0.0	0.0	0.0	0.0	0.0	0.000685579	0.0	0.0	0.0	0.0	0.0
Tzo-CMvi_088-Ex1_L4_fastp	0.0586347	0.08349609999999999	0.0112336	0.0	0.0033858	0.0	0.0	0.0	1.20921e-05	4.83685e-05	0.0	0.0	0.0	0.0	0.0	0.0	0.0	0.0	0.0	0.0	0.0	0.0	0.0	0.0	0.0	0.0	0.0	0.0	0.0	0.0	0.0	0.0	0.0	0.0	0.0	0.0	0.0	0.0	0.0	0.0	0.0	0.0	0.0	0.0	0.0	0.0	0.0	0.0	0.0	0.0	0.0	0.0	0.0	0.0	0.0	0.0	1.21182e-05	1.21197e-05	0.0	0.0	0.0	0.0	0.0	0.0	0.0	0.0	0.0	0.0	0.0	0.000145657	0.0	0.0	0.0	0.0	0.0	0.0	0.0	0.0	0.0	0.0	0.0	0.0	0.0	0.0	0.0	0.0	0.0	0.0	0.0	0.0	0.0	1.2240399999999999e-05	2.45058e-05	0.00039252600000000003	0.0025792700000000003	4.91922e-05	1.23145e-05	0.0	0.0	0.0	0.0	0.0	0.0	0.0	0.0	0.0	2.5085099999999998e-05	0.000113122	0.0	0.0	0.0	1.26868e-05	0.0	0.0	0.0	2.5666200000000002e-05	0.00016739	0.000206737	0.000791111	0.00230437	0.000222249	0.0	0.0	0.0	0.0	0.0	0.0	0.0	0.0	0.0	0.0	0.0	0.0	0.0	0.0	0.0	0.0	0.0	0.0	0.0	0.0	0.0	0.0	0.0	0.0011195900000000002	0.0	0.0	0.0	0.0	0.0
Tzo-CMvi_089-Ex1_L4_fastp	0.059320399999999995	0.0816136	0.0099584	0.0	0.00350807	0.0	0.0	0.0	0.0	2.26327e-05	0.0	0.0	0.0	0.0	0.0	0.0	0.0	0.0	0.0	0.0	0.0	0.0	0.0	0.0	0.0	0.0	0.0	0.0	0.0	0.0	0.0	0.0	0.0	0.0	0.0	0.0	0.0	0.0	0.0	0.0	0.0	0.0	0.0	0.0	0.0	0.0	0.0	0.0	0.0	0.0	0.0	0.0	0.0	0.0	0.0	0.0	0.0	0.0	0.0	0.0	0.0	0.0	0.0	0.0	0.0	0.0	0.0	0.0	0.0	0.00036382	0.0	0.0	0.0	0.0	0.0	0.0	0.0	0.0	0.0	0.0	0.0	0.0	0.0	2.28136e-05	0.0	0.0	0.0	2.2859100000000003e-05	0.0	0.0	0.0	0.0	0.0	0.00027564500000000003	0.0022535999999999997	2.30236e-05	0.0	0.0	0.0	0.0	0.0	0.0	0.0	0.0	0.0	0.0	0.0	7.053889999999999e-05	0.0	0.0	0.0	0.0	0.0	0.0	0.0	2.39868e-05	0.00012031599999999999	0.00012071799999999999	0.000508825	0.00187264	9.76766e-05	0.0	0.0	0.0	0.0	0.0	0.0	0.0	0.0	0.0	0.0	0.0	0.0	0.0	0.0	0.0	0.0	0.0	0.0	0.0	0.0	0.0	0.0	0.0	0.000841987	0.0	0.0	0.0	0.0	0.0
Tzo-CMvi_090-Ex1_L4_fastp	0.0593447	0.0829791	0.0108394	0.0	0.00369603	0.0	0.0	0.0	1.3440099999999999e-05	5.3760399999999994e-05	0.0	0.0	0.0	0.0	0.0	0.0	0.0	0.0	6.720049999999999e-06	0.0	0.0	0.0	0.0	0.0	0.0	0.0	0.0	0.0	6.720049999999999e-06	0.0	0.0	0.0	0.0	0.0	0.0	0.0	0.0	0.0	0.0	0.0	0.0	0.0	0.0	0.0	0.0	0.0	0.0	0.0	0.0	0.0	0.0	0.0	0.0	0.0	0.0	0.0	6.7369e-06	0.0	6.73881e-06	0.0	0.0	0.0	0.0	0.0	0.0	0.0	0.0	0.0	0.0	0.000182326	0.0	0.0	0.0	0.0	0.0	0.0	0.0	0.0	0.0	0.0	0.0	0.0	0.0	0.0	0.0	0.0	0.0	6.824169999999999e-06	0.0	0.0	6.85779e-06	2.7485e-05	2.06594e-05	0.000345125	0.00246347	4.16305e-05	2.08759e-05	0.0	0.0	0.0	0.0	0.0	0.0	0.0	0.0	0.0	7.21795e-06	0.000137708	7.2783400000000005e-06	0.0	0.0	7.37826e-06	0.0	0.0	0.0	1.50745e-05	8.341940000000001e-05	0.00021369900000000003	0.000660848	0.00208149	0.000163693	0.0	0.0	0.0	0.0	0.0	0.0	0.0	0.0	0.0	0.0	0.0	0.0	0.0	0.0	0.0	0.0	0.0	0.0	0.0	0.0	0.0	0.0	0.0	0.000859911	0.0	0.0	0.0	0.0	0.0
Tzo-CMvi_091-Ex1_L4_fastp	0.058360499999999996	0.0848819	0.0103566	0.0	0.0035562499999999995	0.0	0.0	0.0	0.0	4.45925e-05	0.0	0.0	0.0	0.0	0.0	0.0	0.0	0.0	1.1148100000000001e-05	0.0	0.0	0.0	0.0	0.0	0.0	0.0	0.0	0.0	1.1148100000000001e-05	0.0	0.0	0.0	0.0	0.0	0.0	0.0	0.0	0.0	0.0	0.0	0.0	0.0	0.0	0.0	0.0	0.0	0.0	0.0	0.0	0.0	0.0	0.0	0.0	0.0	0.0	0.0	0.0	0.0	0.0	0.0	0.0	0.0	0.0	0.0	0.0	0.0	0.0	0.0	0.0	0.000134406	0.0	0.0	0.0	0.0	0.0	0.0	0.0	0.0	0.0	0.0	0.0	0.0	0.0	0.0	0.0	0.0	0.0	1.12553e-05	0.0	0.0	1.12757e-05	2.25673e-05	1.1293e-05	0.000316484	0.0022400099999999997	4.52985e-05	0.0	0.0	0.0	0.0	0.0	0.0	0.0	0.0	0.0	0.0	0.0	8.06546e-05	0.0	0.0	0.0	2.32143e-05	0.0	0.0	0.0	2.3431799999999998e-05	7.04821e-05	0.00020028499999999997	0.000661708	0.00193259	0.000178459	1.1939000000000002e-05	0.0	0.0	0.0	0.0	0.0	0.0	0.0	0.0	0.0	0.0	0.0	0.0	0.0	0.0	0.0	0.0	0.0	0.0	0.0	0.0	0.0	0.0	0.0007385180000000001	0.0	0.0	0.0	0.0	0.0
Tzo-CMvi_094-Ex1_L4_fastp	0.060750599999999995	0.0811752	0.011106900000000001	0.0	0.00361971	0.0	0.0	0.0	0.0	2.75263e-05	0.0	0.0	0.0	0.0	0.0	0.0	0.0	0.0	0.0	0.0	0.0	0.0	0.0	0.0	0.0	0.0	0.0	0.0	0.0	0.0	0.0	0.0	0.0	0.0	0.0	0.0	0.0	0.0	0.0	0.0	0.0	0.0	0.0	0.0	0.0	0.0	0.0	0.0	0.0	0.0	0.0	0.0	0.0	0.0	0.0	0.0	0.0	0.0	0.0	0.0	0.0	0.0	0.0	0.0	0.0	0.0	0.0	0.0	0.0	0.000165839	0.0	0.0	0.0	0.0	0.0	0.0	0.0	0.0	0.0	0.0	0.0	0.0	0.0	0.0	0.0	0.0	0.0	0.0	0.0	0.0	0.0	1.39152e-05	1.39264e-05	0.00025089	0.00231616	0.0	0.0	0.0	0.0	0.0	0.0	0.0	0.0	0.0	0.0	0.0	2.8386499999999997e-05	0.000127966	0.0	0.0	0.0	0.0	0.0	0.0	0.0	1.4469699999999998e-05	0.00011607899999999998	0.000130987	0.000671555	0.00228451	8.816870000000001e-05	0.0	0.0	0.0	0.0	0.0	0.0	0.0	0.0	0.0	0.0	0.0	0.0	0.0	0.0	0.0	0.0	0.0	0.0	0.0	0.0	0.0	0.0	0.0	0.0009113709999999999	0.0	0.0	0.0	0.0	0.0
