Sample	1	2	3	4	5	6	7	8	9	10	11	12	13	14	15	16	17	18	19	20	21	22	23	24	25	26	27	28	29	30	31	32	33	34	35	36	37	38	39	40	41	42	43	44	45	46	47	48	49	50	51	52	53	54	55	56	57	58	59	60	61	62	63	64	65	66	67	68	69	70	71	72	73	74	75	76	77	78	79	80	81	82	83	84	85	86	87	88	89	90	91	92	93	94	95	96	97	98	99	100	101	102	103	104	105	106	107	108	109	110	111	112	113	114	115	116	117	118	119	120	121	122	123	124	125	126	127	128	129	130	131	132	133	134	135	136	137	138	139	140	141	142	143	144	145	146	147	148	149	150
Ssp-AAtu_005-Ex1-cssl	0.07970100000000001	0.00129118	0.0313405	0.0	0.0	0.0	0.0	0.0	0.0	0.0	0.0	0.0	0.0	0.0	0.0	0.0	0.0	0.0	0.0	0.0	0.0	0.0	0.0	0.0	0.0	0.0	0.0	0.0	0.0	0.00011738	0.0	0.0	0.0	0.0	0.0	0.0	0.0	0.0	0.0	0.0	0.0	0.0	0.0	0.0	0.0	0.0	0.00046952	0.0	0.0	0.0	0.0	0.0	0.0	0.0	0.0	0.0	0.0	0.0	0.0	0.0	0.0	0.0	0.0	0.00011738	0.0	0.0	0.0	0.0	0.0	0.0	0.0	0.00011738	0.0	0.0	0.0	0.0	0.0	0.0	0.0	0.0	0.0	0.00011738	0.0	0.0	0.00023476	0.00011738	0.00011738	0.00093904	0.0	0.0	0.0	0.0	0.0	0.0	0.0	0.0	0.0007042799999999999	0.0	0.0	0.0	0.0	0.0	0.0	0.0	0.0	0.0	0.0	0.00011738	0.0	0.0	0.00011738	0.0	0.0	0.0	0.0	0.0	0.00011738	0.0	0.0	0.0	0.00129118	0.0	0.0	0.0	0.0	0.0	0.0	0.0	0.0	0.0	0.0	0.0	0.0	0.00046952	0.00035213999999999997	0.0	0.0	0.0	0.0	0.0	0.0	0.0	0.0	0.0	0.0015259400000000002	0.0	0.0	0.0	0.0	0.0
Ssp-AAtu_006-Ex1-cssl	0.08484	0.0015519499999999999	0.0281076	0.0	0.0	0.0	0.0	0.0	0.0	0.0	0.0	0.000172439	0.0	0.0	0.0	0.000172439	0.0	0.0	0.0	0.0	0.0	0.0	0.0	0.0	0.0	0.0	0.0	0.0	0.0	0.000172439	0.0	0.0	0.0	0.0	0.0	0.0	0.0	0.0	0.0	0.0	0.0	0.0	0.0	0.0	0.0	0.0	0.000344878	0.0	0.0	0.0	0.0	0.0	0.0	0.0	0.0	0.000344878	0.0	0.0	0.0	0.0	0.0	0.0	0.0	0.0	0.0	0.0	0.0	0.0	0.0	0.0	0.0	0.000172439	0.0	0.0	0.0	0.0	0.0	0.0	0.0	0.0	0.000172439	0.000172439	0.000172439	0.000172439	0.000344878	0.0	0.000172439	0.000344878	0.0	0.0	0.0	0.0	0.0	0.0	0.0	0.0	0.000862195	0.0	0.0	0.0	0.0	0.0	0.0	0.0	0.000172439	0.000172439	0.000172439	0.0	0.0	0.0	0.000172439	0.0	0.0	0.0	0.0	0.0	0.000172439	0.0	0.0	0.0	0.00120707	0.0	0.0	0.0	0.0	0.0	0.0	0.0	0.0	0.0	0.000172439	0.0	0.0	0.000172439	0.000172439	0.0	0.0	0.0	0.0	0.0	0.0	0.0	0.0	0.0	0.00137951	0.0	0.0	0.0	0.0	0.0
Ssp-AAtu_007-Ex1-cssl	0.0803075	0.00141997	0.026348399999999998	0.0	0.0	0.0	0.0	0.0	0.0	0.0	0.0	0.0	0.0	0.0	0.0	0.0	0.0	0.0	0.000157775	0.0	0.0	0.0	0.0	0.0	0.0	0.0	0.0	0.0	0.0	0.000157775	0.0	0.0	0.0	0.0	0.0	0.0	0.0	0.0	0.0	0.0	0.0	0.0	0.0	0.0	0.0	0.0	0.00031555	0.0	0.0	0.0	0.0	0.0	0.0	0.0	0.0	0.000157775	0.0	0.0	0.0	0.0	0.0	0.0	0.0	0.00047332499999999997	0.0	0.0	0.0	0.0	0.0	0.0	0.0	0.000157775	0.0	0.0	0.0	0.0	0.0	0.0	0.0	0.0	0.0	0.0	0.000157775	0.000157775	0.0	0.0	0.0	0.00110442	0.000157775	0.0	0.0	0.0	0.0	0.0	0.0	0.0	0.000788875	0.0	0.0	0.0	0.0	0.0	0.0	0.0	0.000157775	0.0	0.0	0.0	0.0	0.0	0.000157775	0.0	0.0	0.0	0.0	0.0	0.0	0.0	0.0	0.0	0.00141997	0.0	0.0	0.0	0.0	0.0	0.0	0.0	0.0	0.0	0.000157775	0.0	0.0	0.0	0.00031555	0.0	0.0	0.0	0.0	0.0	0.0	0.0	0.0	0.0	0.00173552	0.0	0.0	0.0	0.0	0.0
Ssp-AAtu_008-Ex1-cssl	0.0844145	0.00174823	0.0344651	0.0	0.0	0.0	0.0	0.0	0.0	0.0	0.0	0.0	0.0	0.0	0.0	0.000124874	0.0	0.0	0.000249747	0.0	0.0	0.0	0.0	0.0	0.0	0.0	0.0	0.0	0.0	0.0	0.0	0.0	0.0	0.0	0.0	0.0	0.0	0.0	0.0	0.0	0.0	0.0	0.0	0.0	0.0	0.0	0.000499494	0.0	0.0	0.0	0.0	0.0	0.0	0.0	0.0	0.000124874	0.0	0.0	0.0	0.0	0.0	0.0	0.0	0.0	0.0	0.0	0.0	0.0	0.0	0.0	0.0	0.000249747	0.0	0.0	0.0	0.0	0.0	0.0	0.0	0.0	0.000249747	0.000374621	0.0	0.0	0.000499494	0.0	0.000124874	0.000624368	0.0	0.0	0.0	0.0	0.0	0.0	0.0	0.0	0.000998989	0.0	0.0	0.0	0.0	0.0	0.0	0.0	0.0	0.0	0.000124874	0.0	0.0	0.0	0.0	0.0	0.0	0.0	0.0	0.0	0.000124874	0.0	0.0	0.0	0.00162336	0.0	0.0	0.0	0.0	0.0	0.0	0.0	0.0	0.0	0.000124874	0.0	0.0	0.000124874	0.000374621	0.0	0.0	0.0	0.0	0.0	0.0	0.0	0.0	0.0	0.00174823	0.0	0.0	0.0	0.0	0.0
Ssp-AAtu_009-Ex1-cssl	0.0853637	0.000955564	0.0352762	0.0	0.0	0.0	0.0	0.0	0.0	0.0	0.0	0.0	0.0	0.0	0.0	7.96303e-05	0.0	0.0	0.000159261	0.0	0.0	0.0	0.0	0.0	7.96303e-05	0.0	0.0	0.0	0.0	0.0	0.0	0.0	0.0	0.0	0.0	0.0	0.0	0.0	0.0	0.0	0.0	0.0	0.0	0.0	0.0	0.0	0.000477782	0.0	0.0	0.0	0.0	0.0	0.0	0.0	0.0	0.000318521	0.0	0.0	0.0	0.0	0.0	0.0	0.0	7.96303e-05	0.0	0.0	0.0	0.0	0.0	0.0	0.0	0.0	0.0	0.0	0.0	0.0	0.0	0.0	0.0	0.0	0.000398152	0.0	0.0	0.000159261	0.0005574120000000001	0.0	0.0	0.000716673	0.0	0.0	0.0	0.0	0.0	0.0	0.0	0.0	0.0011944500000000001	0.0	0.0	0.0	0.0	0.0	0.0	0.0	7.96303e-05	0.000238891	7.96303e-05	0.0	0.0	0.0	7.96303e-05	0.0	0.0	0.0	0.0	0.0	0.0	0.0	0.0	0.0	0.00143335	0.0	0.0	0.0	0.0	0.0	0.0	0.0	0.0	0.0	0.000159261	0.0	0.0	0.000159261	0.000318521	0.0	0.0	0.0	0.0	0.0	0.0	0.0	0.0	0.0	0.00159261	0.0	0.0	0.0	0.0	0.0
Ssp-AAtu_011-Ex1-cssl	0.0853625	0.0016557399999999997	0.0351385	0.0	0.0	0.0	0.0	0.0	0.0	0.0	0.0	0.0	0.0	0.0	0.0	0.0	0.0	0.0	0.000367942	0.0	0.0	0.0	0.0	0.0	0.000183971	0.0	0.0	0.0	0.0	0.000551913	0.0	0.0	0.0	0.0	0.0	0.0	0.0	0.0	0.000183971	0.0	0.0	0.0	0.0	0.0	0.0	0.0	0.000183971	0.0	0.0	0.0	0.0	0.0	0.0	0.0	0.0	0.0	0.0	0.0	0.0	0.0	0.0	0.0	0.0	0.00110383	0.0	0.0	0.0	0.0	0.0	0.0	0.000183971	0.000367942	0.0	0.0	0.0	0.0	0.0	0.0	0.0	0.0	0.000183971	0.0	0.0	0.0	0.000183971	0.0	0.000183971	0.0	0.000367942	0.0	0.0	0.0	0.0	0.0	0.0	0.0	0.000367942	0.0	0.0	0.0	0.0	0.0	0.0	0.0	0.0	0.0	0.0	0.0	0.0	0.0	0.0	0.0	0.0	0.0	0.0	0.0	0.0	0.0	0.0	0.0	0.000551913	0.0	0.0	0.0	0.0	0.0	0.0	0.0	0.0	0.0	0.0	0.0	0.0	0.000183971	0.0	0.0	0.0	0.0	0.0	0.0	0.0	0.0	0.0	0.0	0.000551913	0.0	0.0	0.0	0.0	0.0
Ssp-AAtu_012-Ex1-cssl	0.0813488	0.00219016	0.031913699999999996	0.0	0.0	0.0	0.0	0.0	0.0	0.0	0.0	0.0	0.0	0.0	0.0	0.00015644	0.0	0.0	0.0	0.0	0.0	0.0	0.0	0.0	0.00015644	0.0	0.0	0.0	0.0	0.00015644	0.0	0.0	0.0	0.0	0.0	0.0	0.0	0.0	0.0	0.0	0.0	0.0	0.0	0.0	0.0	0.0	0.00046932	0.0	0.0	0.0	0.0	0.0	0.0	0.0	0.0	0.00046932	0.0	0.0	0.0	0.0	0.0	0.0	0.0	0.00015644	0.0	0.0	0.0	0.0	0.0	0.0	0.0	0.0	0.0	0.0	0.0	0.0	0.0	0.0	0.0	0.0	0.00015644	0.0	0.00015644	0.00031288	0.00062576	0.00015644	0.00015644	0.00062576	0.00015644	0.0	0.0	0.0	0.0	0.0	0.0	0.0	0.0007822	0.0	0.0	0.0	0.0	0.0	0.0	0.0	0.0	0.00031288	0.00015644	0.0	0.0	0.0	0.00015644	0.0	0.0	0.0	0.0	0.0	0.00015644	0.0	0.0	0.0	0.0020337199999999997	0.0	0.0	0.0	0.0	0.0	0.0	0.0	0.0	0.0	0.00031288	0.0	0.0	0.00031288	0.00015644	0.0	0.0	0.0	0.0	0.0	0.0	0.0	0.0	0.0	0.00219016	0.0	0.0	0.0	0.0	0.0
Ssp-AAtu_013-Ex1-cssl	0.0859303	0.0016525099999999998	0.0313004	0.0	0.0	0.0	0.0	0.0	0.0	0.0	0.0	0.0	0.0	0.0	0.0	0.0	0.0	0.0	0.00019441199999999998	0.0	0.0	0.0	0.0	0.0	9.72062e-05	0.0	0.0	0.0	0.0	9.72062e-05	0.0	0.0	0.0	0.0	0.0	0.0	0.0	0.0	9.72062e-05	0.0	0.0	0.0	0.0	0.0	0.0	0.0	0.00019441199999999998	0.0	0.0	0.0	0.0	0.0	0.0	0.0	0.0	0.00019441199999999998	0.0	0.0	0.0	0.0	0.0	0.0	0.0	9.72062e-05	0.0	0.0	0.0	0.0	0.0	0.0	0.0	9.72062e-05	0.0	0.0	0.0	0.0	0.0	0.0	0.0	0.0	9.72062e-05	0.0	9.72062e-05	0.00029161899999999996	9.72062e-05	0.0	0.0	0.000680443	9.72062e-05	0.0	0.0	0.0	0.0	0.0	0.0	0.0	0.000680443	0.0	0.0	0.0	0.0	0.0	0.0	0.0	9.72062e-05	9.72062e-05	0.0	0.0	0.0	0.0	9.72062e-05	0.0	0.0	0.0	0.0	0.0	9.72062e-05	0.0	0.0	0.0	0.00106927	0.0	0.0	0.0	0.0	0.0	0.0	0.0	0.0	0.0	0.00019441199999999998	0.0	0.0	0.00019441199999999998	0.00029161899999999996	0.0	0.0	0.0	0.0	0.0	0.0	0.0	0.0	0.0	0.00116647	0.0	0.0	0.0	0.0	0.0
Ssp-AAtu_014-Ex1-cssl	0.0783959	0.00148939	0.0330373	0.0	0.0	0.0	0.0	0.0	0.0	0.0	0.0	0.000135399	0.0	0.0	0.0	0.0	0.0	0.0	0.0	0.0	0.0	0.0	0.0	0.0	0.000135399	0.0	0.0	0.0	0.0	0.000135399	0.0	0.0	0.0	0.0	0.0	0.0	0.0	0.0	0.0	0.0	0.0	0.0	0.0	0.0	0.0	0.0	0.000406196	0.0	0.0	0.0	0.0	0.0	0.0	0.0	0.0	0.000135399	0.0	0.0	0.0	0.0	0.0	0.0	0.0	0.000270798	0.0	0.0	0.0	0.0	0.0	0.0	0.0	0.000270798	0.0	0.0	0.0	0.0	0.0	0.0	0.0	0.0	0.000270798	0.0	0.0	0.0	0.000270798	0.0	0.0	0.0009477919999999999	0.000270798	0.0	0.0	0.0	0.0	0.0	0.0	0.0	0.0009477919999999999	0.0	0.0	0.0	0.0	0.0	0.0	0.0	0.000135399	0.000135399	0.0	0.0	0.0	0.0	0.0	0.0	0.0	0.0	0.0	0.0	0.000270798	0.0	0.0	0.0	0.00108319	0.0	0.0	0.0	0.0	0.0	0.0	0.0	0.0	0.0	0.0	0.0	0.0	0.0	0.000270798	0.0	0.0	0.0	0.0	0.0	0.0	0.0	0.0	0.0	0.0012185899999999999	0.0	0.0	0.0	0.0	0.0
Ssp-AAtu_015-Ex1-cssl	0.0780964	0.0016872699999999998	0.028683499999999997	0.0	0.0	0.0	0.0	0.0	0.0	0.0	0.0	0.0	0.0	0.0	0.0	0.0	0.0	0.0	0.0	0.0	0.0	0.0	0.0	0.0	0.0	0.0	0.0	0.0	0.0	0.000241038	0.0	0.0	0.0	0.0	0.0	0.0	0.0	0.0	0.0	0.0	0.0	0.0	0.0	0.0	0.0	0.0	0.000723115	0.0	0.0	0.0	0.0	0.0	0.0	0.0	0.0	0.000241038	0.0	0.0	0.0	0.0	0.0	0.0	0.0	0.000482076	0.0	0.0	0.0	0.0	0.0	0.0	0.0	0.000241038	0.0	0.0	0.0	0.0	0.0	0.0	0.0	0.0	0.000241038	0.000241038	0.000241038	0.0	0.000241038	0.0	0.0	0.000241038	0.0	0.0	0.0	0.0	0.0	0.0	0.0	0.0	0.000723115	0.0	0.0	0.0	0.0	0.0	0.0	0.0	0.000241038	0.000241038	0.000241038	0.0	0.0	0.0	0.0	0.0	0.0	0.0	0.0	0.0	0.0	0.0	0.0	0.0	0.00144623	0.0	0.0	0.0	0.0	0.0	0.0	0.0	0.0	0.0	0.0	0.0	0.0	0.000241038	0.0	0.0	0.0	0.0	0.0	0.0	0.0	0.0	0.0	0.0	0.0016872699999999998	0.0	0.0	0.0	0.0	0.0
Ssp-AAtu_016-Ex1-cssl	0.0752017	0.00115695	0.031526900000000004	0.0	0.0	0.0	0.0	0.0	0.0	0.0	0.0	0.0	0.0	0.0	0.0	0.0	0.0	0.0	0.0	0.0	0.0	0.0	0.0	0.0	0.000289237	0.0	0.0	0.0	0.0	0.0	0.0	0.0	0.0	0.0	0.0	0.0	0.0	0.0	0.0	0.0	0.0	0.0	0.0	0.0	0.0	0.0	0.000867712	0.0	0.0	0.0	0.0	0.0	0.0	0.0	0.0	0.000578474	0.0	0.0	0.0	0.0	0.0	0.0	0.0	0.000289237	0.0	0.0	0.0	0.0	0.0	0.0	0.000289237	0.000289237	0.0	0.0	0.0	0.0	0.0	0.0	0.0	0.0	0.0	0.0	0.000289237	0.0	0.0	0.0	0.000289237	0.000289237	0.000289237	0.0	0.0	0.0	0.0	0.0	0.0	0.0	0.00173542	0.0	0.0	0.0	0.0	0.0	0.0	0.0	0.000289237	0.000289237	0.000289237	0.0	0.0	0.0	0.0	0.0	0.0	0.0	0.0	0.0	0.0	0.0	0.0	0.0	0.00202466	0.0	0.0	0.0	0.0	0.0	0.0	0.0	0.0	0.0	0.0	0.0	0.0	0.0	0.0	0.0	0.0	0.0	0.0	0.0	0.0	0.0	0.0	0.0	0.00173542	0.0	0.0	0.0	0.0	0.0
Ssp-AAtu_017-Ex1-cssl	0.086382	0.00110983	0.030150499999999997	0.0	0.0	0.0	0.0	0.0	0.0	0.0	0.0	0.0	0.0	0.0	0.0	0.0	0.0	0.0	0.000184972	0.0	0.0	0.0	0.0	0.0	0.000184972	0.0	0.0	0.0	0.0	0.0	0.0	0.0	0.0	0.0	0.0	0.0	0.0	0.0	0.0	0.0	0.0	0.0	0.0	0.0	0.0	0.0	0.000739888	0.0	0.0	0.0	0.0	0.0	0.0	0.0	0.0	0.000554916	0.0	0.0	0.0	0.0	0.0	0.0	0.0	0.000369944	0.0	0.0	0.0	0.0	0.0	0.0	0.0	0.0	0.0	0.0	0.0	0.0	0.0	0.0	0.0	0.0	0.000184972	0.0	0.000184972	0.0	0.0	0.0	0.0	0.000369944	0.0	0.0	0.0	0.0	0.0	0.0	0.0	0.0	0.000369944	0.0	0.0	0.0	0.0	0.0	0.0	0.0	0.000184972	0.000184972	0.0	0.0	0.0	0.0	0.0	0.0	0.0	0.0	0.0	0.0	0.0	0.0	0.0	0.0	0.000924861	0.0	0.0	0.0	0.0	0.0	0.0	0.0	0.0	0.0	0.0	0.0	0.0	0.0	0.000184972	0.0	0.0	0.0	0.0	0.0	0.0	0.0	0.0	0.0	0.00110983	0.0	0.0	0.0	0.0	0.0
Ssp-AAtu_018-Ex1-cssl	0.08239540000000001	0.0014713500000000002	0.032921399999999996	0.0	0.0	0.0	0.0	0.0	0.0	0.0	0.0	0.0	0.0	0.0	0.0	0.0	0.0	0.0	0.0	0.0	0.0	0.0	0.0	0.0	0.0	0.0	0.0	0.0	0.0	0.0	0.0	0.0	0.0	0.0	0.0	0.0	0.0	0.0	0.0	0.0	0.0	0.0	0.0	0.0	0.0	0.0	0.000183918	0.0	0.0	0.0	0.0	0.0	0.0	0.0	0.0	0.000183918	0.0	0.0	0.0	0.0	0.0	0.0	0.0	0.0	0.0	0.0	0.0	0.0	0.0	0.0	0.0	0.0	0.0	0.0	0.0	0.0	0.0	0.0	0.0	0.0	0.000183918	0.000183918	0.000367836	0.000183918	0.000367836	0.0	0.000183918	0.00110351	0.0	0.0	0.0	0.0	0.0	0.0	0.0	0.0	0.000367836	0.0	0.0	0.0	0.0	0.0	0.0	0.0	0.0	0.0	0.000183918	0.0	0.0	0.0	0.000183918	0.0	0.0	0.0	0.0	0.0	0.000183918	0.0	0.0	0.0	0.0014713500000000002	0.0	0.0	0.0	0.0	0.0	0.0	0.0	0.0	0.0	0.000367836	0.0	0.0	0.000367836	0.000367836	0.0	0.0	0.0	0.0	0.0	0.0	0.0	0.0	0.0	0.00110351	0.0	0.0	0.0	0.0	0.0
Ssp-AAtu_019-Ex1-cssl	0.0809225	0.00138329	0.0346975	0.0	0.0	0.0	0.0	0.0	0.0	0.0	0.0	0.0	0.0	0.0	0.0	0.0	0.0	0.0	0.0	0.0	0.0	0.0	0.0	0.0	0.0	0.0	0.0	0.0	0.0	0.00023054800000000002	0.0	0.0	0.0	0.0	0.0	0.0	0.0	0.0	0.0	0.0	0.0	0.0	0.0	0.0	0.0	0.0	0.00023054800000000002	0.0	0.0	0.0	0.0	0.0	0.0	0.0	0.0	0.00011527400000000001	0.0	0.0	0.0	0.0	0.0	0.0	0.0	0.00034582300000000004	0.0	0.0	0.0	0.0	0.0	0.0	0.0	0.00023054800000000002	0.0	0.0	0.0	0.0	0.0	0.0	0.0	0.0	0.00023054800000000002	0.00023054800000000002	0.00023054800000000002	0.0	0.000461097	0.0	0.00023054800000000002	0.00034582300000000004	0.00011527400000000001	0.0	0.0	0.0	0.0	0.0	0.0	0.0	0.00138329	0.0	0.0	0.0	0.0	0.0	0.0	0.0	0.0	0.0	0.00011527400000000001	0.0	0.0	0.0	0.0	0.0	0.0	0.0	0.0	0.0	0.00023054800000000002	0.0	0.0	0.0	0.000806919	0.0	0.0	0.0	0.0	0.0	0.0	0.0	0.0	0.0	0.00023054800000000002	0.0	0.0	0.0	0.0	0.0	0.0	0.0	0.0	0.0	0.0	0.0	0.0	0.0	0.000691645	0.0	0.0	0.0	0.0	0.0
Ssp-AAtu_020-Ex1-cssl	0.0799894	0.000956049	0.0333024	0.0	0.0	0.0	0.0	0.0	0.0	0.0	0.0	0.0	0.0	0.0	0.0	0.0	0.0	0.0	0.0	0.0	0.0	0.0	0.0	0.0	0.0	0.0	0.0	0.0	0.0	0.0	0.0	0.0	0.0	0.0	0.0	0.0	0.0	0.0	0.0	0.0	0.0	0.0	0.0	0.0	0.0	0.0	0.000318683	0.0	0.0	0.0	0.0	0.0	0.0	0.0	0.0	0.000318683	0.0	0.0	0.0	0.0	0.0	0.0	0.0	0.000318683	0.0	0.0	0.0	0.0	0.0	0.0	0.0	0.000159341	0.0	0.0	0.0	0.0	0.0	0.0	0.0	0.0	0.000318683	0.0	0.000159341	0.0	0.000637366	0.0	0.000159341	0.000956049	0.000159341	0.0	0.0	0.0	0.0	0.0	0.0	0.0	0.000637366	0.0	0.0	0.0	0.0	0.0	0.0	0.0	0.0	0.0	0.000318683	0.0	0.0	0.0	0.0	0.0	0.0	0.0	0.0	0.0	0.000159341	0.0	0.0	0.0	0.000956049	0.0	0.0	0.0	0.0	0.0	0.0	0.0	0.0	0.0	0.000159341	0.0	0.0	0.000318683	0.0	0.0	0.0	0.0	0.0	0.0	0.0	0.0	0.0	0.0	0.000637366	0.0	0.0	0.0	0.0	0.0
Ssp-AAtu_021-Ex1-cssl	0.0717077	0.0018386600000000002	0.032176500000000004	0.0	0.0	0.0	0.0	0.0	0.0	0.0	0.0	0.0	0.0	0.0	0.0	0.0	0.0	0.0	0.0	0.0	0.0	0.0	0.0	0.0	0.0	0.0	0.0	0.0	0.0	0.0	0.0	0.0	0.0	0.0	0.0	0.0	0.0	0.0	0.0	0.0	0.0	0.0	0.0	0.0	0.0	0.0	0.0	0.0	0.0	0.0	0.0	0.0	0.0	0.0	0.0	0.0	0.0	0.0	0.0	0.0	0.0	0.0	0.0	0.0	0.0	0.0	0.0	0.0	0.0	0.0	0.0	0.0	0.0	0.0	0.0	0.0	0.0	0.0	0.0	0.0	0.0	0.0	0.0	0.0	0.0	0.0	0.0	0.00137899	0.0	0.0	0.0	0.0	0.0	0.0	0.0	0.0	0.0	0.0	0.0	0.0	0.0	0.0	0.0	0.0	0.0	0.0	0.0	0.0	0.0	0.0	0.0	0.0	0.0	0.0	0.0	0.0	0.0	0.0	0.0	0.0	0.0018386600000000002	0.0	0.0	0.0	0.0	0.0	0.0	0.0	0.0	0.0	0.0	0.0	0.0	0.0	0.000459664	0.0	0.0	0.0	0.0	0.0	0.0	0.0	0.0	0.0	0.0018386600000000002	0.0	0.0	0.0	0.0	0.0
Ssp-AAtu_022-Ex1-cssl	0.07750670000000001	0.0016008300000000001	0.0302823	0.0	0.0	0.0	0.0	0.0	0.0	0.0	0.0	0.0	0.0	0.0	0.0	0.000133402	0.0	0.0	0.000266804	0.0	0.0	0.0	0.0	0.0	0.000133402	0.0	0.0	0.0	0.0	0.0	0.0	0.0	0.0	0.0	0.0	0.0	0.0	0.0	0.0	0.0	0.0	0.0	0.0	0.0	0.0	0.0	0.00040020699999999997	0.0	0.0	0.0	0.0	0.0	0.0	0.0	0.0	0.000133402	0.0	0.0	0.0	0.0	0.0	0.0	0.0	0.000266804	0.0	0.0	0.0	0.0	0.0	0.0	0.0	0.0	0.0	0.0	0.0	0.0	0.0	0.0	0.0	0.0	0.000133402	0.000266804	0.000266804	0.000533609	0.000266804	0.0	0.0	0.000667011	0.000133402	0.0	0.0	0.0	0.0	0.0	0.0	0.0	0.00040020699999999997	0.0	0.0	0.0	0.0	0.0	0.0	0.0	0.0	0.000133402	0.0	0.0	0.0	0.0	0.00040020699999999997	0.0	0.0	0.0	0.0	0.0	0.0	0.0	0.0	0.0	0.0014674199999999999	0.0	0.0	0.0	0.0	0.0	0.0	0.0	0.0	0.0	0.000533609	0.0	0.0	0.000133402	0.000533609	0.0	0.0	0.0	0.0	0.0	0.0	0.0	0.0	0.0	0.0014674199999999999	0.0	0.0	0.0	0.0	0.0
Ssp-AAtu_023-Ex1-cssl	0.0809102	0.000765108	0.0327084	0.0	0.000191277	0.0	0.0	0.0	0.0	0.0	0.0	0.0	0.0	0.0	0.0	0.0	0.0	0.0	0.0	0.0	0.0	0.0	0.0	0.0	0.0	0.0	0.0	0.0	0.0	0.0	0.0	0.0	0.0	0.0	0.0	0.0	0.0	0.0	0.0	0.0	0.0	0.0	0.0	0.0	0.0	0.0	0.0	0.0	0.0	0.0	0.0	0.0	0.0	0.0	0.0	0.0005738309999999999	0.0	0.0	0.0	0.0	0.0	0.0	0.0	0.000382554	0.0	0.0	0.0	0.0	0.0	0.0	0.0	0.0	0.0	0.0	0.0	0.0	0.0	0.0	0.0	0.0	0.000191277	0.000191277	0.000191277	0.0	0.000382554	0.0	0.000191277	0.000191277	0.0	0.0	0.0	0.0	0.0	0.0	0.0	0.0	0.000765108	0.0	0.0	0.0	0.0	0.0	0.0	0.0	0.0	0.0	0.000191277	0.0	0.0	0.0	0.0	0.0	0.0	0.0	0.0	0.0	0.0	0.0	0.0	0.0	0.0005738309999999999	0.0	0.0	0.0	0.0	0.0	0.0	0.0	0.0	0.0	0.0	0.0	0.0	0.000382554	0.000191277	0.0	0.0	0.0	0.0	0.0	0.0	0.0	0.0	0.0	0.000956385	0.0	0.0	0.0	0.0	0.0
Ssp-AAtu_024-Ex1-cssl	0.0825756	0.00133186	0.030499699999999998	0.0	0.000133186	0.0	0.0	0.0	0.0	0.0	0.0	0.0	0.0	0.0	0.0	0.0	0.0	0.0	0.0	0.0	0.0	0.0	0.0	0.0	0.0	0.0	0.0	0.0	0.0	0.0	0.0	0.0	0.0	0.0	0.0	0.0	0.0	0.0	0.0	0.0	0.0	0.0	0.0	0.0	0.0	0.0	0.00039955899999999996	0.0	0.0	0.0	0.0	0.0	0.0	0.0	0.0	0.000266373	0.0	0.0	0.0	0.0	0.0	0.0	0.0	0.000266373	0.0	0.0	0.0	0.0	0.0	0.0	0.0	0.000133186	0.0	0.0	0.0	0.0	0.0	0.0	0.0	0.0	0.000266373	0.000133186	0.000133186	0.000133186	0.000266373	0.0	0.0	0.0006659319999999999	0.0	0.0	0.0	0.0	0.0	0.0	0.0	0.0	0.0006659319999999999	0.0	0.0	0.0	0.0	0.0	0.0	0.0	0.000266373	0.000266373	0.0	0.0	0.0	0.0	0.0	0.0	0.0	0.0	0.0	0.0	0.0	0.0	0.0	0.0	0.00146505	0.0	0.0	0.0	0.0	0.0	0.0	0.0	0.0	0.0	0.000133186	0.0	0.0	0.000266373	0.000266373	0.0	0.0	0.0	0.0	0.0	0.0	0.0	0.0	0.0	0.00133186	0.0	0.0	0.0	0.0	0.0
Ssp-AAtu_025-Ex1-cssl	0.0808295	0.0015926999999999998	0.0346412	0.0	0.0	0.0	0.0	0.0	0.0	0.0	0.0	0.0	0.0	0.0	0.0	0.0	0.0	0.0	0.0	0.0	0.0	0.0	0.0	0.0	0.0	0.0	0.0	0.0	0.0	0.00039817499999999996	0.0	0.0	0.0	0.0	0.0	0.0	0.0	0.0	0.0	0.0	0.0	0.0	0.0	0.0	0.0	0.0	0.00039817499999999996	0.0	0.0	0.0	0.0	0.0	0.0	0.0	0.0	0.0	0.0	0.0	0.0	0.0	0.0	0.0	0.0	0.000199087	0.0	0.0	0.0	0.0	0.0	0.0	0.0	0.0	0.0	0.0	0.0	0.0	0.0	0.0	0.0	0.0	0.000199087	0.000199087	0.0	0.00039817499999999996	0.000199087	0.000199087	0.0	0.0007963499999999999	0.000199087	0.0	0.0	0.0	0.0	0.0	0.0	0.0	0.0007963499999999999	0.0	0.0	0.0	0.0	0.0	0.0	0.0	0.0	0.0	0.0	0.0	0.0	0.0	0.000199087	0.0	0.0	0.0	0.0	0.0	0.0	0.0	0.0	0.0	0.0007963499999999999	0.0	0.0	0.0	0.0	0.0	0.0	0.0	0.0	0.0	0.000199087	0.0	0.0	0.000199087	0.0007963499999999999	0.0	0.0	0.0	0.0	0.0	0.0	0.0	0.0	0.0	0.0015926999999999998	0.0	0.0	0.0	0.0	0.0
Ssp-AAtu_026-Ex1-cssl	0.0789485	0.00116615	0.029153799999999997	0.0	0.0	0.0	0.0	0.0	0.0	0.0	0.0	0.0	0.0	0.0	0.0	0.0	0.0	0.0	0.00011661500000000001	0.0	0.0	0.0	0.0	0.00011661500000000001	0.0	0.0	0.0	0.0	0.0	0.00023323000000000001	0.0	0.0	0.0	0.0	0.0	0.0	0.0	0.0	0.00011661500000000001	0.0	0.0	0.0	0.0	0.0	0.0	0.0	0.00034984599999999996	0.0	0.0	0.0	0.0	0.0	0.0	0.0	0.0	0.000466461	0.0	0.0	0.0	0.0	0.0	0.0	0.0	0.00023323000000000001	0.0	0.0	0.0	0.0	0.0	0.0	0.0	0.00011661500000000001	0.0	0.0	0.0	0.0	0.0	0.0	0.0	0.0	0.00023323000000000001	0.00023323000000000001	0.0	0.00011661500000000001	0.000466461	0.0	0.0	0.00034984599999999996	0.00011661500000000001	0.0	0.0	0.0	0.0	0.0	0.0	0.0	0.000932922	0.0	0.0	0.0	0.0	0.0	0.0	0.0	0.00023323000000000001	0.00023323000000000001	0.00011661500000000001	0.0	0.0	0.0	0.0	0.0	0.0	0.0	0.0	0.0	0.0	0.0	0.0	0.0	0.000932922	0.0	0.0	0.0	0.0	0.0	0.0	0.0	0.0	0.0	0.0	0.0	0.0	0.00023323000000000001	0.00011661500000000001	0.0	0.0	0.0	0.0	0.0	0.0	0.0	0.0	0.0	0.001516	0.0	0.0	0.0	0.0	0.0
Ssp-AAtu_027-Ex1-cssl	0.08207149999999999	0.0019979999999999998	0.0345807	0.0	0.0	0.0	0.0	0.0	0.0	0.0	0.0	0.0	0.0	0.0	0.0	0.0	0.0	0.0	0.0	0.0	0.0	0.0	0.0	0.0	0.0	0.0	0.0	0.0	0.0	0.0	0.0	0.0	0.0	0.0	0.0	0.0	0.0	0.0	0.0	0.0	0.0	0.0	0.0	0.0	0.0	0.0	0.000153692	0.0	0.0	0.0	0.0	0.0	0.0	0.0	0.0	0.000461076	0.0	0.0	0.0	0.0	0.0	0.0	0.0	0.0	0.0	0.0	0.0	0.0	0.0	0.0	0.0	0.0	0.0	0.0	0.0	0.0	0.0	0.0	0.0	0.0	0.000307384	0.0	0.0	0.000307384	0.000307384	0.000307384	0.000153692	0.000922152	0.0	0.0	0.0	0.0	0.0	0.0	0.0	0.0	0.00107584	0.0	0.0	0.0	0.0	0.0	0.0	0.0	0.000307384	0.000614768	0.000307384	0.0	0.0	0.0	0.000307384	0.0	0.0	0.0	0.0	0.0	0.0	0.0	0.0	0.0	0.00215169	0.0	0.0	0.0	0.0	0.0	0.0	0.0	0.0	0.0	0.000307384	0.0	0.0	0.000153692	0.000461076	0.0	0.0	0.0	0.0	0.0	0.0	0.0	0.0	0.0	0.00230538	0.0	0.0	0.0	0.0	0.0
Ssp-AAtu_029-Ex1-cssl	0.0897755	0.00153026	0.0297551	0.0	0.0	0.0	0.0	0.0	0.0	0.0	0.0	0.0	0.0	0.0	0.0	0.0	0.0	0.0	0.000340059	0.0	0.0	0.0	0.0	0.0	0.000170029	0.0	0.0	0.0	0.0	0.000340059	0.0	0.0	0.0	0.0	0.0	0.0	0.0	0.0	0.0	0.0	0.0	0.0	0.0	0.0	0.0	0.0	0.000510088	0.0	0.0	0.0	0.0	0.0	0.0	0.0	0.0	0.000340059	0.0	0.0	0.0	0.0	0.0	0.0	0.0	0.0	0.0	0.0	0.0	0.0	0.0	0.0	0.0	0.000170029	0.0	0.0	0.0	0.0	0.0	0.0	0.0	0.0	0.000170029	0.000170029	0.0	0.0	0.000340059	0.0	0.0	0.000340059	0.0	0.0	0.0	0.0	0.0	0.0	0.0	0.0	0.0006801169999999999	0.0	0.0	0.0	0.0	0.0	0.0	0.0	0.0	0.0	0.000340059	0.0	0.0	0.0	0.0	0.0	0.0	0.0	0.0	0.0	0.000340059	0.0	0.0	0.0	0.0011902	0.0	0.0	0.0	0.0	0.0	0.0	0.0	0.0	0.0	0.0	0.0	0.0	0.0	0.000170029	0.0	0.0	0.0	0.0	0.0	0.0	0.0	0.0	0.0	0.0010201799999999999	0.0	0.0	0.0	0.0	0.0
Ssp-AAtu_030-Ex1-cssl	0.084901	0.00106626	0.0317212	0.0	0.0	0.0	0.0	0.0	0.0	0.0	0.0	0.0	0.0	0.0	0.0	0.0	0.0	0.0	0.000399848	0.0	0.0	0.0	0.0	0.0	0.0	0.0	0.0	0.0	0.0	0.0	0.0	0.0	0.0	0.0	0.0	0.0	0.0	0.0	0.0	0.0	0.0	0.0	0.0	0.0	0.0	0.0	0.0	0.0	0.0	0.0	0.0	0.0	0.0	0.0	0.0	0.000133283	0.0	0.0	0.0	0.0	0.0	0.0	0.0	0.000133283	0.0	0.0	0.0	0.0	0.0	0.0	0.0	0.0	0.0	0.0	0.0	0.0	0.0	0.0	0.0	0.0	0.000266565	0.000266565	0.0	0.0	0.00053313	0.000133283	0.000133283	0.000266565	0.0	0.0	0.0	0.0	0.0	0.0	0.0	0.0	0.000666413	0.0	0.0	0.0	0.0	0.0	0.0	0.0	0.000133283	0.0	0.000266565	0.000133283	0.0	0.0	0.000133283	0.0	0.0	0.0	0.0	0.0	0.0	0.0	0.0	0.0	0.0014661099999999999	0.0	0.0	0.0	0.0	0.0	0.0	0.0	0.0	0.0	0.0	0.0	0.0	0.000266565	0.0	0.0	0.0	0.0	0.0	0.0	0.0	0.0	0.0	0.0	0.00106626	0.0	0.0	0.0	0.0	0.0
Ssp-AAtu_031-Ex1-cssl	0.081551	0.00104776	0.035100099999999995	0.0	0.0	0.0	0.0	0.0	0.0	0.0	0.0	0.0	0.0	0.0	0.0	0.0	0.0	0.0	0.00017462699999999998	0.0	0.0	0.0	0.0	0.00017462699999999998	0.0	0.0	0.0	0.0	0.0	0.00017462699999999998	0.0	0.0	0.0	0.0	0.0	0.0	0.0	0.0	0.0	0.0	0.0	0.0	0.0	0.0	0.0	0.0	0.0	0.0	0.0	0.0	0.0	0.0	0.0	0.0	0.0	0.00034925500000000003	0.0	0.0	0.0	0.0	0.0	0.0	0.0	0.00017462699999999998	0.0	0.0	0.0	0.0	0.0	0.0	0.0	0.0	0.0	0.0	0.0	0.0	0.0	0.0	0.0	0.0	0.0	0.00017462699999999998	0.0	0.0	0.00034925500000000003	0.0	0.0	0.00017462699999999998	0.0	0.0	0.0	0.0	0.0	0.0	0.0	0.0	0.000698509	0.0	0.0	0.0	0.0	0.0	0.0	0.0	0.00017462699999999998	0.00034925500000000003	0.0	0.0	0.0	0.0	0.0	0.0	0.0	0.0	0.0	0.0	0.0	0.0	0.0	0.0	0.00017462699999999998	0.0	0.0	0.0	0.0	0.0	0.0	0.0	0.0	0.0	0.0	0.0	0.0	0.0	0.0	0.0	0.0	0.0	0.0	0.0	0.0	0.0	0.0	0.0	0.00034925500000000003	0.0	0.0	0.0	0.0	0.0
Ssp-AAtu_033-Ex1-cssl	0.0820758	0.000256087	0.037900899999999994	0.0	0.0	0.0	0.0	0.0	0.0	0.0	0.0	0.0	0.0	0.0	0.0	0.0	0.0	0.0	0.000512174	0.0	0.0	0.0	0.0	0.000128043	0.0	0.0	0.0	0.0	0.0	0.000256087	0.0	0.0	0.0	0.0	0.0	0.0	0.0	0.0	0.0	0.0	0.0	0.0	0.0	0.0	0.0	0.0	0.000128043	0.0	0.0	0.0	0.0	0.0	0.0	0.0	0.0	0.00038413	0.0	0.0	0.0	0.0	0.0	0.0	0.0	0.000128043	0.0	0.0	0.0	0.0	0.0	0.0	0.0	0.0	0.0	0.0	0.0	0.0	0.0	0.0	0.0	0.0	0.000256087	0.000256087	0.000256087	0.000128043	0.000256087	0.0	0.000128043	0.000512174	0.000128043	0.0	0.0	0.0	0.0	0.0	0.0	0.0	0.00038413	0.0	0.0	0.0	0.0	0.0	0.0	0.0	0.000128043	0.000128043	0.0	0.0	0.0	0.0	0.000128043	0.0	0.0	0.0	0.0	0.0	0.0	0.0	0.0	0.0	0.00102435	0.0	0.0	0.0	0.0	0.0	0.0	0.0	0.0	0.0	0.000128043	0.0	0.0	0.000256087	0.000256087	0.0	0.0	0.0	0.0	0.0	0.0	0.0	0.0	0.0	0.00115239	0.0	0.0	0.0	0.0	0.0
Ssp-AAtu_034-Ex1-cssl	0.0748417	0.000866224	0.027545899999999998	0.0	0.0	0.0	0.0	0.0	0.0	0.0	0.0	0.0	0.0	0.0	0.0	0.0	0.0	0.0	0.0	0.0	0.0	0.0	0.0	0.0	0.0	0.0	0.0	0.0	0.0	0.00034649	0.0	0.0	0.0	0.0	0.0	0.0	0.0	0.0	0.0	0.0	0.0	0.0	0.0	0.0	0.0	0.0	0.000173245	0.0	0.0	0.0	0.0	0.0	0.0	0.0	0.0	0.0	0.0	0.0	0.0	0.0	0.0	0.0	0.0	0.00034649	0.0	0.0	0.0	0.0	0.0	0.0	0.0	0.0	0.0	0.0	0.0	0.0	0.0	0.0	0.0	0.0	0.000173245	0.000519734	0.000173245	0.000173245	0.000519734	0.0	0.000173245	0.000519734	0.0	0.0	0.0	0.0	0.0	0.0	0.0	0.0	0.000692979	0.0	0.0	0.0	0.0	0.0	0.0	0.0	0.0	0.0	0.00034649	0.0	0.0	0.0	0.000173245	0.0	0.0	0.0	0.0	0.0	0.0	0.0	0.0	0.0	0.0015592	0.0	0.0	0.0	0.0	0.0	0.0	0.0	0.0	0.0	0.000519734	0.0	0.0	0.000173245	0.000519734	0.0	0.0	0.0	0.0	0.0	0.0	0.0	0.0	0.0	0.00207894	0.0	0.0	0.0	0.0	0.0
Ssp-AAtu_035-Ex1-cssl	0.0787142	0.00209464	0.0334039	0.0	0.0	0.0	0.0	0.0	0.0	0.0	0.0	0.0	0.0	0.0	0.0	0.00011024400000000001	0.0	0.0	0.0	0.0	0.0	0.0	0.0	0.0	0.00011024400000000001	0.0	0.0	0.0	0.0	0.00011024400000000001	0.0	0.0	0.0	0.0	0.0	0.0	0.0	0.0	0.0	0.0	0.0	0.0	0.0	0.0	0.0	0.0	0.00044097600000000004	0.0	0.0	0.0	0.0	0.0	0.0	0.0	0.0	0.00044097600000000004	0.0	0.0	0.0	0.0	0.0	0.0	0.0	0.00044097600000000004	0.0	0.0	0.0	0.0	0.0	0.0	0.0	0.0	0.0	0.0	0.0	0.0	0.0	0.0	0.0	0.0	0.0	0.00022048800000000002	0.00022048800000000002	0.00022048800000000002	0.00011024400000000001	0.0	0.00011024400000000001	0.0006614640000000001	0.00022048800000000002	0.0	0.0	0.0	0.0	0.0	0.0	0.0	0.00110244	0.0	0.0	0.0	0.0	0.0	0.0	0.0	0.0	0.00011024400000000001	0.0	0.0	0.0	0.0	0.00022048800000000002	0.0	0.0	0.0	0.0	0.0	0.00011024400000000001	0.0	0.0	0.0	0.00242537	0.0	0.0	0.0	0.0	0.0	0.0	0.0	0.0	0.0	0.00022048800000000002	0.0	0.0	0.00011024400000000001	0.00044097600000000004	0.0	0.0	0.0	0.0	0.0	0.0	0.0	0.0	0.0	0.00319708	0.0	0.0	0.0	0.0	0.0
Ssp-AAtu_036-Ex1-cssl	0.0898242	0.0008689160000000001	0.029977600000000004	0.0	0.0	0.0	0.0	0.0	0.0	0.0	0.0	0.0	0.0	0.0	0.0	0.0	0.0	0.0	0.00021722900000000002	0.0	0.0	0.0	0.0	0.0	0.0	0.0	0.0	0.0	0.0	0.0	0.0	0.0	0.0	0.0	0.0	0.0	0.0	0.0	0.0	0.0	0.0	0.0	0.0	0.0	0.0	0.0	0.0	0.0	0.0	0.0	0.0	0.0	0.0	0.0	0.0	0.00021722900000000002	0.0	0.0	0.0	0.0	0.0	0.0	0.0	0.00021722900000000002	0.0	0.0	0.0	0.0	0.0	0.0	0.0	0.0	0.0	0.0	0.0	0.0	0.0	0.0	0.0	0.0	0.000543073	0.0	0.000108615	0.00021722900000000002	0.0008689160000000001	0.000108615	0.0	0.00043445800000000003	0.000108615	0.0	0.0	0.0	0.0	0.0	0.0	0.0	0.0008689160000000001	0.0	0.0	0.0	0.0	0.0	0.0	0.0	0.0	0.000108615	0.000108615	0.0	0.0	0.0	0.000108615	0.0	0.0	0.0	0.0	0.0	0.000108615	0.0	0.0	0.0	0.0008689160000000001	0.0	0.0	0.0	0.0	0.0	0.0	0.0	0.0	0.0	0.000108615	0.0	0.0	0.000325844	0.000325844	0.0	0.0	0.0	0.0	0.0	0.0	0.0	0.0	0.0	0.0014119900000000001	0.0	0.0	0.0	0.0	0.0
Ssp-AAtu_037-Ex1-cssl	0.07899060000000001	0.0018003600000000002	0.031281199999999995	0.0	0.0	0.0	0.0	0.0	0.0	0.0	0.0	0.0	0.0	0.0	0.0	0.00011252199999999999	0.0	0.0	0.0	0.0	0.0	0.0	0.0	0.00011252199999999999	0.00011252199999999999	0.0	0.0	0.0	0.0	0.00011252199999999999	0.0	0.0	0.0	0.0	0.0	0.0	0.0	0.0	0.0	0.0	0.0	0.0	0.0	0.0	0.0	0.0	0.000450089	0.0	0.0	0.0	0.0	0.0	0.0	0.0	0.0	0.00022504500000000002	0.0	0.0	0.0	0.0	0.0	0.0	0.0	0.00011252199999999999	0.0	0.0	0.0	0.0	0.0	0.0	0.0	0.0	0.0	0.0	0.0	0.0	0.0	0.0	0.0	0.0	0.000337567	0.0	0.00022504500000000002	0.00022504500000000002	0.000562611	0.0	0.00022504500000000002	0.000562611	0.0	0.0	0.0	0.0	0.0	0.0	0.0	0.0	0.000900178	0.0	0.0	0.0	0.0	0.0	0.0	0.0	0.0	0.0	0.00022504500000000002	0.0	0.0	0.0	0.0	0.0	0.0	0.0	0.0	0.0	0.00022504500000000002	0.0	0.0	0.0	0.00157531	0.0	0.0	0.0	0.0	0.0	0.0	0.0	0.0	0.0	0.00022504500000000002	0.0	0.0	0.00022504500000000002	0.00022504500000000002	0.0	0.0	0.0	0.0	0.0	0.0	0.0	0.0	0.0	0.00168783	0.0	0.0	0.0	0.0	0.0
Ssp-AAtu_038-Ex1-cssl	0.085123	0.00111168	0.0365267	0.0	0.0	0.0	0.0	0.0	0.0	0.0	0.0	0.0	0.0	0.0	0.0	0.0	0.0	0.0	0.0	0.0	0.0	0.0	0.0	0.0	0.000158812	0.0	0.0	0.0	0.0	0.0	0.0	0.0	0.0	0.0	0.0	0.0	0.0	0.0	0.0	0.0	0.0	0.0	0.0	0.0	0.0	0.0	0.000317623	0.0	0.0	0.0	0.0	0.0	0.0	0.0	0.0	0.000317623	0.0	0.0	0.0	0.0	0.0	0.0	0.0	0.000158812	0.0	0.0	0.0	0.0	0.0	0.0	0.0	0.0	0.0	0.0	0.0	0.0	0.0	0.0	0.0	0.0	0.000158812	0.0	0.0	0.0	0.0	0.0	0.000158812	0.00047643500000000004	0.000158812	0.0	0.0	0.0	0.0	0.0	0.0	0.0	0.00047643500000000004	0.0	0.0	0.0	0.0	0.0	0.0	0.0	0.000317623	0.000317623	0.000158812	0.0	0.0	0.0	0.0	0.0	0.0	0.0	0.0	0.0	0.000158812	0.0	0.0	0.0	0.000952869	0.0	0.0	0.0	0.0	0.0	0.0	0.0	0.0	0.0	0.000158812	0.0	0.0	0.0	0.0	0.0	0.0	0.0	0.0	0.0	0.0	0.0	0.0	0.0	0.00127049	0.0	0.0	0.0	0.0	0.0
Ssp-AAtu_039-Ex1-cssl	0.0823675	0.00146561	0.0328297	0.0	0.0	0.0	0.0	0.0	0.0	0.0	0.0	0.0	0.0	0.0	0.0	0.0	0.0	0.0	0.000146561	0.0	0.0	0.0	0.0	0.0	0.000146561	0.0	0.0	0.0	0.0	0.000146561	0.0	0.000146561	0.0	0.0	0.0	0.0	0.0	0.0	0.0	0.0	0.0	0.0	0.0	0.0	0.0	0.0	0.00043968400000000003	0.0	0.0	0.0	0.0	0.0	0.0	0.0	0.0	0.0	0.0	0.0	0.0	0.0	0.0	0.0	0.0	0.000293123	0.0	0.0	0.0	0.0	0.0	0.0	0.000146561	0.00043968400000000003	0.0	0.0	0.0	0.0	0.0	0.0	0.0	0.000146561	0.00043968400000000003	0.0	0.000146561	0.000293123	0.000732807	0.0	0.0	0.000586246	0.000146561	0.0	0.0	0.0	0.0	0.0	0.0	0.0	0.000732807	0.0	0.0	0.0	0.0	0.0	0.0	0.0	0.0	0.0	0.000146561	0.0	0.0	0.0	0.0	0.0	0.0	0.0	0.0	0.0	0.000146561	0.0	0.0	0.0	0.00117249	0.0	0.0	0.0	0.0	0.0	0.0	0.0	0.0	0.0	0.000146561	0.0	0.0	0.000293123	0.000146561	0.0	0.0	0.0	0.0	0.0	0.0	0.0	0.0	0.0	0.00131905	0.0	0.0	0.0	0.0	0.0
Ssp-AAtu_040-Ex1-cssl	0.0863397	0.000816451	0.035311499999999996	0.0	0.0	0.0	0.0	0.0	0.0	0.0	0.0	0.0	0.0	0.0	0.0	0.0	0.0	0.0	0.0	0.0	0.0	0.0	0.0	0.0	0.0	0.0	0.0	0.0	0.0	0.0	0.0	0.0	0.0	0.0	0.0	0.0	0.0	0.0	0.0	0.0	0.0	0.0	0.0	0.0	0.0	0.0	0.000204113	0.0	0.0	0.0	0.0	0.0	0.0	0.0	0.0	0.000306169	0.0	0.0	0.0	0.0	0.0	0.0	0.0	0.000204113	0.0	0.0	0.0	0.0	0.0	0.0	0.0	0.000102056	0.0	0.0	0.0	0.0	0.0	0.0	0.0	0.0	0.000204113	0.000204113	0.0	0.000102056	0.000816451	0.0	0.000306169	0.00040822499999999996	0.0	0.0	0.0	0.0	0.0	0.0	0.0	0.0	0.000816451	0.0	0.0	0.0	0.0	0.0	0.0	0.0	0.000204113	0.000204113	0.000204113	0.0	0.0	0.0	0.0	0.0	0.0	0.0	0.0	0.0	0.000306169	0.0	0.0	0.0	0.0016328999999999998	0.0	0.0	0.0	0.0	0.0	0.0	0.0	0.0	0.0	0.000306169	0.0	0.0	0.000306169	0.00040822499999999996	0.0	0.0	0.0	0.0	0.0	0.0	0.0	0.0	0.0	0.00132673	0.0	0.0	0.0	0.0	0.0
Ssp-AAtu_041-Ex1-cssl	0.0829815	0.0017556	0.0351121	0.0	0.0	0.0	0.0	0.0	0.0	0.0	0.0	0.0	0.0	0.0	0.0	0.0	0.0	0.0	0.00023408	0.0	0.0	0.0	0.0	0.0	0.0	0.0	0.0	0.0	0.0	0.00011704	0.0	0.0	0.0	0.0	0.0	0.0	0.0	0.0	0.0	0.0	0.0	0.0	0.0	0.0	0.0	0.0	0.000351121	0.0	0.0	0.0	0.0	0.0	0.0	0.0	0.0	0.00011704	0.0	0.0	0.0	0.0	0.0	0.0	0.0	0.00023408	0.0	0.0	0.0	0.0	0.0	0.0	0.0	0.0	0.0	0.0	0.0	0.0	0.0	0.0	0.0	0.0	0.00023408	0.00011704	0.00011704	0.0	0.00046816100000000003	0.0	0.000351121	0.00046816100000000003	0.0	0.0	0.0	0.0	0.0	0.0	0.0	0.0	0.0007022409999999999	0.0	0.0	0.0	0.0	0.0	0.0	0.0	0.0	0.0	0.00023408	0.0	0.0	0.0	0.0	0.0	0.0	0.0	0.0	0.0	0.00023408	0.0	0.0	0.0	0.00105336	0.0	0.0	0.0	0.0	0.0	0.0	0.0	0.0	0.0	0.00011704	0.0	0.0	0.000351121	0.00023408	0.0	0.0	0.0	0.0	0.0	0.0	0.0	0.0	0.0	0.00105336	0.0	0.0	0.0	0.0	0.0
Ssp-AAtu_043-Ex1-cssl	0.0855597	0.0019714199999999998	0.0350913	0.0	0.0	0.0	0.0	0.0	0.0	0.0	0.0	0.0	0.0	0.0	0.0	0.0	0.0	0.0	0.0	0.0	0.0	0.0	0.0	0.0	0.000394284	0.0	0.0	0.0	0.0	0.000394284	0.0	0.0	0.0	0.0	0.0	0.0	0.0	0.0	0.0	0.0	0.0	0.0	0.0	0.0	0.0	0.0	0.000788569	0.0	0.0	0.0	0.0	0.0	0.0	0.0	0.0	0.0	0.0	0.0	0.0	0.0	0.0	0.0	0.0	0.000788569	0.0	0.0	0.0	0.0	0.0	0.0	0.0	0.0	0.0	0.0	0.0	0.0	0.0	0.0	0.0	0.0	0.0	0.000394284	0.000394284	0.000394284	0.0	0.0	0.0	0.000394284	0.0	0.0	0.0	0.0	0.0	0.0	0.0	0.0	0.00118285	0.0	0.0	0.0	0.0	0.0	0.0	0.0	0.0	0.0	0.0	0.0	0.0	0.0	0.000394284	0.0	0.0	0.0	0.0	0.0	0.0	0.0	0.0	0.0	0.00275999	0.0	0.0	0.0	0.0	0.0	0.0	0.0	0.0	0.0	0.000394284	0.0	0.0	0.000788569	0.000394284	0.0	0.0	0.0	0.0	0.0	0.0	0.0	0.0	0.0	0.00236571	0.0	0.0	0.0	0.0	0.0
Ssp-AAtu_045-Ex1-cssl	0.0901873	0.00155495	0.031747	0.0	0.0	0.0	0.0	0.0	0.0	0.0	0.0	0.0	0.0	0.0	0.0	0.0	0.0	0.0	0.00012958	0.0	0.0	0.0	0.0	0.00012958	0.0	0.0	0.0	0.0	0.0	0.0	0.0	0.0	0.0	0.0	0.0	0.0	0.0	0.0	0.0	0.0	0.0	0.0	0.0	0.0	0.0	0.0	0.00012958	0.0	0.0	0.0	0.0	0.0	0.0	0.0	0.0	0.00038873900000000003	0.0	0.0	0.0	0.0	0.0	0.0	0.0	0.00038873900000000003	0.0	0.0	0.0	0.0	0.0	0.0	0.0	0.00012958	0.0	0.0	0.0	0.0	0.0	0.0	0.0	0.0	0.00038873900000000003	0.0	0.00012958	0.0	0.0006478979999999999	0.0	0.00012958	0.000259159	0.0	0.0	0.0	0.0	0.0	0.0	0.0	0.0	0.000518318	0.0	0.0	0.0	0.0	0.0	0.0	0.0	0.00012958	0.00012958	0.0	0.0	0.0	0.0	0.0	0.0	0.0	0.0	0.0	0.0	0.0	0.0	0.0	0.0	0.000259159	0.0	0.0	0.0	0.0	0.0	0.0	0.0	0.0	0.0	0.00012958	0.0	0.0	0.0	0.00012958	0.0	0.0	0.0	0.0	0.0	0.0	0.0	0.0	0.0	0.000259159	0.0	0.0	0.0	0.0	0.0
Ssp-AAtu_046-Ex1-cssl	0.08947780000000001	0.0018076299999999997	0.040671700000000005	0.0	0.0	0.0	0.0	0.0	0.0	0.0	0.0	0.0	0.0	0.0	0.0	0.0	0.0	0.0	0.0	0.0	0.0	0.0	0.0	0.0	0.0	0.0	0.0	0.0	0.0	0.0	0.0	0.0	0.0	0.0	0.0	0.0	0.0	0.0	0.0	0.0	0.0	0.0	0.0	0.0	0.0	0.0	0.000903816	0.0	0.0	0.0	0.0	0.0	0.0	0.0	0.0	0.0	0.0	0.0	0.0	0.0	0.0	0.0	0.0	0.0	0.0	0.0	0.0	0.0	0.0	0.0	0.0	0.0	0.0	0.0	0.0	0.0	0.0	0.0	0.0	0.0	0.0	0.0	0.0	0.0	0.0	0.0	0.0	0.0	0.0	0.0	0.0	0.0	0.0	0.0	0.0	0.0	0.000903816	0.0	0.0	0.0	0.0	0.0	0.0	0.0	0.0	0.0	0.000903816	0.0	0.0	0.0	0.0	0.0	0.0	0.0	0.0	0.0	0.0	0.0	0.0	0.0	0.0018076299999999997	0.0	0.0	0.0	0.0	0.0	0.0	0.0	0.0	0.0	0.0	0.0	0.0	0.0	0.0	0.0	0.0	0.0	0.0	0.0	0.0	0.0	0.0	0.0	0.0018076299999999997	0.0	0.0	0.0	0.0	0.0
Ssp-AAtu_047-Ex1-cssl	0.0810463	0.0017183	0.0332204	0.0	0.0	0.0	0.0	0.0	0.0	0.0	0.0	0.0	0.0	0.0	0.0	0.0	0.0	0.0	0.0	0.0	0.0	0.0	0.0	0.0	0.0	0.0	0.0	0.0	0.0	0.000143191	0.0	0.0	0.0	0.0	0.0	0.0	0.0	0.0	0.0	0.0	0.0	0.0	0.0	0.0	0.0	0.0	0.000143191	0.0	0.0	0.0	0.0	0.0	0.0	0.0	0.0	0.000143191	0.0	0.0	0.0	0.0	0.0	0.0	0.0	0.000143191	0.0	0.0	0.0	0.0	0.0	0.0	0.0	0.0	0.0	0.0	0.0	0.0	0.0	0.0	0.0	0.000143191	0.00028638299999999997	0.00042957399999999995	0.0005727659999999999	0.00028638299999999997	0.0007159569999999999	0.0	0.00028638299999999997	0.0008591479999999999	0.000143191	0.0	0.0	0.0	0.0	0.0	0.0	0.0	0.00114553	0.0	0.0	0.0	0.0	0.0	0.0	0.0	0.000143191	0.000143191	0.00042957399999999995	0.0	0.0	0.0	0.00028638299999999997	0.0	0.0	0.0	0.0	0.0	0.00028638299999999997	0.0	0.0	0.0	0.00143191	0.0	0.0	0.0	0.0	0.0	0.0	0.0	0.0	0.0	0.0005727659999999999	0.0	0.0	0.00042957399999999995	0.0005727659999999999	0.0	0.0	0.0	0.0	0.0	0.0	0.0	0.0	0.0	0.0015751099999999998	0.0	0.0	0.0	0.0	0.0
Ssp-AAtu_048-Ex1-cssl	0.0791949	0.0011095599999999999	0.031067699999999997	0.0	0.0	0.0	0.0	0.0	0.0	0.0	0.0	0.0	0.0	0.0	0.0	0.0	0.0	0.0	0.00013869499999999999	0.0	0.0	0.0	0.0	0.0	0.0	0.0	0.0	0.0	0.0	0.0	0.0	0.0	0.0	0.0	0.0	0.0	0.0	0.0	0.0	0.0	0.0	0.0	0.0	0.0	0.0	0.0	0.00027738999999999997	0.0	0.0	0.0	0.0	0.0	0.0	0.0	0.0	0.000416085	0.0	0.0	0.0	0.0	0.0	0.0	0.0	0.00027738999999999997	0.0	0.0	0.0	0.0	0.0	0.0	0.0	0.0	0.0	0.0	0.0	0.0	0.0	0.0	0.0	0.0	0.0005547799999999999	0.0	0.00013869499999999999	0.00027738999999999997	0.0008321709999999999	0.0	0.0	0.00027738999999999997	0.0	0.0	0.0	0.0	0.0	0.0	0.0	0.0	0.0009708659999999999	0.0	0.0	0.0	0.0	0.0	0.0	0.0	0.00013869499999999999	0.000416085	0.0	0.0	0.0	0.0	0.0	0.0	0.0	0.0	0.0	0.0	0.0	0.0	0.0	0.0	0.0009708659999999999	0.0	0.0	0.0	0.0	0.0	0.0	0.0	0.0	0.0	0.00027738999999999997	0.0	0.0	0.00027738999999999997	0.00027738999999999997	0.0	0.0	0.0	0.0	0.0	0.0	0.0	0.0	0.0	0.0009708659999999999	0.0	0.0	0.0	0.0	0.0
Ssp-AAtu_049-Ex1-cssl	0.0840791	0.00219337	0.0345455	0.0	0.0	0.0	0.0	0.0	0.0	0.0	0.0	0.000182781	0.0	0.0	0.0	0.0	0.0	0.0	0.000182781	0.0	0.0	0.0	0.0	0.0	0.0	0.0	0.0	0.0	0.0	0.000182781	0.0	0.0	0.0	0.0	0.0	0.0	0.0	0.0	0.0	0.0	0.0	0.0	0.0	0.0	0.0	0.0	0.000548342	0.0	0.0	0.0	0.0	0.0	0.0	0.0	0.0	0.0	0.0	0.0	0.0	0.0	0.0	0.0	0.0	0.000182781	0.0	0.0	0.0	0.0	0.0	0.0	0.0	0.0007311220000000001	0.0	0.0	0.0	0.0	0.0	0.0	0.0	0.0	0.000182781	0.000182781	0.0	0.00036556100000000003	0.00036556100000000003	0.0	0.000182781	0.00036556100000000003	0.000182781	0.0	0.0	0.0	0.0	0.0	0.0	0.0	0.0012794599999999998	0.0	0.0	0.0	0.0	0.0	0.0	0.0	0.0	0.0	0.0	0.0	0.0	0.0	0.0	0.0	0.0	0.0	0.0	0.0	0.000182781	0.0	0.0	0.0	0.00146224	0.0	0.0	0.0	0.000182781	0.0	0.0	0.0	0.0	0.0	0.0	0.0	0.0	0.00036556100000000003	0.000182781	0.0	0.0	0.0	0.0	0.0	0.0	0.0	0.0	0.0	0.00237615	0.0	0.0	0.0	0.0	0.0
Ssp-AAtu_050-Ex1-cssl	0.0816143	0.0016467	0.032419300000000005	0.0	0.0	0.0	0.0	0.0	0.0	0.0	0.0	0.0	0.0	0.0	0.0	0.0	0.0	0.0	0.00010291799999999999	0.0	0.0	0.0	0.0	0.0	0.00010291799999999999	0.0	0.0	0.0	0.0	0.00010291799999999999	0.0	0.0	0.0	0.0	0.0	0.0	0.0	0.0	0.0	0.0	0.0	0.0	0.0	0.0	0.0	0.0	0.000205837	0.0	0.0	0.0	0.0	0.0	0.0	0.0	0.0	0.0	0.0	0.0	0.0	0.0	0.0	0.0	0.0	0.0	0.0	0.0	0.0	0.0	0.0	0.0	0.0	0.0	0.0	0.0	0.0	0.0	0.0	0.0	0.0	0.0	0.000205837	0.000308755	0.0	0.00010291799999999999	0.000308755	0.00010291799999999999	0.00010291799999999999	0.0006175110000000001	0.0	0.0	0.0	0.0	0.0	0.0	0.0	0.0	0.000720429	0.0	0.0	0.0	0.0	0.0	0.0	0.0	0.0	0.00010291799999999999	0.00010291799999999999	0.0	0.0	0.0	0.00010291799999999999	0.0	0.0	0.0	0.0	0.0	0.0	0.0	0.0	0.0	0.000720429	0.0	0.0	0.0	0.0	0.0	0.0	0.0	0.0	0.0	0.00010291799999999999	0.0	0.0	0.000411674	0.000205837	0.0	0.0	0.0	0.0	0.0	0.0	0.0	0.0	0.0	0.0011321	0.0	0.0	0.0	0.0	0.0
Ssp-AAtu_051-Ex1-cssl	0.0832891	0.0017686899999999998	0.0303893	0.0	0.0	0.0	0.0	0.0	0.0	0.0	0.0	0.0	0.0	0.0	0.0	0.0	0.0	0.0	0.00016079	0.0	0.0	0.0	0.0	0.0	0.0	0.0	0.0	0.0	0.0	0.00016079	0.0	0.0	0.0	0.0	0.0	0.0	0.0	0.0	0.0	0.0	0.0	0.0	0.0	0.0	0.0	0.0	0.00016079	0.0	0.0	0.0	0.0	0.0	0.0	0.0	0.0	0.0	0.0	0.0	0.0	0.0	0.0	0.0	0.0	0.000482369	0.0	0.0	0.0	0.0	0.0	0.0	0.0	0.0	0.0	0.0	0.0	0.0	0.0	0.0	0.0	0.0	0.00016079	0.0	0.00016079	0.00016079	0.0006431589999999999	0.0	0.00016079	0.0006431589999999999	0.0	0.0	0.0	0.0	0.0	0.0	0.0	0.0	0.0006431589999999999	0.0	0.0	0.0	0.0	0.0	0.0	0.0	0.0	0.0	0.00032158	0.0	0.0	0.0	0.00016079	0.0	0.0	0.0	0.0	0.0	0.00016079	0.0	0.0	0.0	0.00225106	0.0	0.0	0.0	0.0	0.0	0.0	0.0	0.0	0.0	0.00032158	0.0	0.0	0.000482369	0.00016079	0.0	0.0	0.0	0.0	0.0	0.0	0.0	0.0	0.0	0.0027334300000000002	0.0	0.0	0.0	0.0	0.0
Ssp-AAtu_052-Ex1-cssl	0.0824661	0.00128853	0.0332871	0.0	0.0	0.0	0.0	0.0	0.0	0.0	0.0	0.0	0.0	0.0	0.0	0.0	0.0	0.0	0.00042951099999999993	0.0	0.0	0.0	0.0	0.0	0.0	0.0	0.0	0.0	0.0	0.00042951099999999993	0.0	0.0	0.0	0.0	0.0	0.0	0.0	0.0	0.0	0.0	0.0	0.0	0.0	0.0	0.0	0.0	0.00042951099999999993	0.0	0.0	0.0	0.0	0.0	0.0	0.0	0.0	0.0	0.0	0.0	0.0	0.0	0.0	0.0	0.0	0.000644266	0.0	0.0	0.0	0.0	0.0	0.0	0.0	0.00021475499999999999	0.0	0.0	0.0	0.0	0.0	0.0	0.0	0.0	0.000644266	0.0	0.00021475499999999999	0.00021475499999999999	0.000644266	0.0	0.0	0.000644266	0.0	0.0	0.0	0.0	0.0	0.0	0.0	0.0	0.00128853	0.0	0.0	0.0	0.0	0.0	0.0	0.0	0.0	0.0	0.0	0.0	0.0	0.0	0.00021475499999999999	0.0	0.0	0.0	0.0	0.0	0.0	0.0	0.0	0.0	0.00128853	0.0	0.0	0.0	0.0	0.0	0.0	0.0	0.0	0.0	0.00021475499999999999	0.0	0.0	0.0	0.00021475499999999999	0.0	0.0	0.0	0.0	0.0	0.0	0.0	0.0	0.0	0.00128853	0.0	0.0	0.0	0.0	0.0
Ssp-CGub_004-Ex1-cssl	0.0896918	0.0019083400000000001	0.0349862	0.0	0.0	0.0	0.0	0.0	0.0	0.0	0.0	0.0	0.0	0.0	0.0	0.0	0.0	0.0	0.0	0.0	0.0	0.0	0.0	0.0	0.0	0.0	0.0	0.0	0.0	0.0	0.0	0.0	0.0	0.0	0.0	0.0	0.0	0.0	0.0	0.0	0.0	0.0	0.0	0.0	0.0	0.0	0.000636112	0.0	0.0	0.0	0.0	0.0	0.0	0.0	0.0	0.000636112	0.0	0.0	0.0	0.0	0.0	0.0	0.0	0.000636112	0.0	0.0	0.0	0.0	0.0	0.0	0.0	0.000636112	0.0	0.0	0.0	0.0	0.0	0.0	0.0	0.0	0.0	0.0	0.0	0.0	0.0	0.0	0.0	0.000636112	0.0	0.0	0.0	0.0	0.0	0.0	0.0	0.0	0.000636112	0.0	0.0	0.0	0.0	0.0	0.0	0.0	0.0	0.0	0.0	0.0	0.0	0.0	0.0	0.0	0.0	0.0	0.0	0.0	0.0	0.0	0.0	0.0	0.000636112	0.0	0.0	0.0	0.0	0.0	0.0	0.0	0.0	0.0	0.0	0.0	0.0	0.0	0.000636112	0.0	0.0	0.0	0.0	0.0	0.0	0.0	0.0	0.0	0.00127222	0.0	0.0	0.0	0.0	0.0
Ssp-CGub_006-Ex1-cssl	0.0806336	0.00142449	0.0326208	0.0	0.0	0.0	0.0	0.0	0.0	0.0	0.0	0.0	0.0	0.0	0.0	1.49946e-05	0.0	0.0	0.000142449	0.0	0.0	0.0	0.0	7.49731e-06	0.000157444	2.24919e-05	0.0	0.0	0.0	8.24704e-05	0.0	0.0	0.0	0.0	0.0	0.0	0.0	0.0	1.49946e-05	0.0	0.0	0.0	0.0	0.0	0.0	0.0	0.00038986	0.0	0.0	0.0	0.0	0.0	0.0	0.0	0.0	0.000209925	0.0	0.0	0.0	0.0	0.0	0.0	1.49946e-05	0.00023991399999999998	0.0	0.0	0.0	0.0	0.0	0.0	7.49731e-06	0.000179935	0.0	0.0	0.0	0.0	0.0	0.0	0.0	7.49731e-06	0.00020242699999999998	0.000104962	8.996770000000001e-05	8.996770000000001e-05	0.000352374	7.49731e-06	0.00011995699999999999	0.00038986	0.000104962	0.0	0.0	0.0	0.0	0.0	0.0	0.0	0.000899677	0.0	0.0	0.0	0.0	0.0	0.0	0.0	9.7465e-05	8.996770000000001e-05	0.000187433	7.49731e-06	2.99892e-05	0.0	4.49839e-05	0.0	0.0	0.0	0.0	0.0	0.000149946	0.0	0.0	0.0	0.001402	0.0	0.0	0.0	0.0	0.0	0.0	0.0	0.0	0.0	0.00011995699999999999	0.0	0.0	0.000269903	0.000149946	7.49731e-06	0.0	0.0	0.0	0.0	0.0	0.0	1.49946e-05	0.0	0.00151446	0.0	0.0	0.0	0.0	0.0
Ssp-CGub_008-Ex1-cssl	0.0565592	0.0	0.0232891	0.0	0.0	0.0	0.0	0.0	0.0	0.0	0.0	0.0	0.0	0.0	0.0	0.0	0.0	0.0	0.0	0.0	0.0	0.0	0.0	0.0	0.0	0.0	0.0	0.0	0.0	0.0	0.0	0.0	0.0	0.0	0.0	0.0	0.0	0.0	0.0	0.0	0.0	0.0	0.0	0.0	0.0	0.0	0.0	0.0	0.0	0.0	0.0	0.0	0.0	0.0	0.0	0.0	0.0	0.0	0.0	0.0	0.0	0.0	0.0	0.0	0.0	0.0	0.0	0.0	0.0	0.0	0.0	0.0	0.0	0.0	0.0	0.0	0.0	0.0	0.0	0.0	0.0	0.0	0.0	0.0	0.0	0.0	0.0	0.0	0.0	0.0	0.0	0.0	0.0	0.0	0.0	0.0	0.0	0.0	0.0	0.0	0.0	0.0	0.0	0.0	0.0	0.0	0.0	0.0	0.0	0.0	0.0	0.0	0.0	0.0	0.0	0.0	0.0	0.0	0.0	0.0	0.0	0.0	0.0	0.0	0.0	0.0	0.0	0.0	0.0	0.0	0.0	0.0	0.0	0.0	0.0	0.0	0.0	0.0	0.0	0.0	0.0	0.0	0.0	0.0	0.00332701	0.0	0.0	0.0	0.0	0.0
Ssp-CGub_009-Ex1-cssl	0.0830123	0.00142828	0.0331946	0.0	8.19281e-06	0.0	0.0	0.0	0.0	0.0	0.0	5.46188e-06	0.0	0.0	0.0	1.09238e-05	0.0	0.0	0.000106507	0.0	0.0	0.0	0.0	1.09238e-05	9.0121e-05	8.19281e-06	0.0	0.0	0.0	0.000114699	0.0	0.0	0.0	0.0	0.0	0.0	0.0	0.0	1.09238e-05	0.0	0.0	0.0	0.0	0.0	0.0	0.0	0.00042329499999999996	0.0	0.0	0.0	0.0	0.0	0.0	0.0	0.0	0.000229399	0.0	0.0	0.0	0.0	0.0	0.0	5.46188e-06	0.000273094	0.0	0.0	0.0	0.0	0.0	0.0	1.3654700000000002e-05	0.00015839400000000002	0.0	0.0	0.0	0.0	0.0	0.0	0.0	5.46188e-06	0.000188435	0.000142009	0.000131085	0.000136547	0.000401448	2.18475e-05	0.00012835399999999998	0.000548919	0.000106507	0.0	0.0	0.0	0.0	0.0	0.0	0.0	0.000879362	0.0	0.0	0.0	0.0	0.0	0.0	0.0	8.739e-05	0.000109238	0.000136547	8.19281e-06	1.3654700000000002e-05	0.0	9.83138e-05	0.0	0.0	0.0	0.0	0.0	0.000111968	0.0	0.0	0.0	0.00136547	0.0	0.0	0.0	2.73094e-06	0.0	0.0	0.0	0.0	0.0	0.000185704	0.0	0.0	0.000218475	0.00026217	2.73094e-06	0.0	0.0	0.0	0.0	0.0	0.0	2.73094e-06	0.0	0.00149929	0.0	0.0	0.0	0.0	0.0
Ssp-CGub_011-Ex1-cssl	0.0607114	0.00119042	0.0321413	0.0	0.0	0.0	0.0	0.0	0.0	0.0	0.0	0.0	0.0	0.0	0.0	0.0	0.0	0.0	0.0	0.0	0.0	0.0	0.0	0.0	0.0	0.0	0.0	0.0	0.0	0.0	0.0	0.0	0.0	0.0	0.0	0.0	0.0	0.0	0.0	0.0	0.0	0.0	0.0	0.0	0.0	0.0	0.0	0.0	0.0	0.0	0.0	0.0	0.0	0.0	0.0	0.0	0.0	0.0	0.0	0.0	0.0	0.0	0.0	0.0	0.0	0.0	0.0	0.0	0.0	0.0	0.0	0.0	0.0	0.0	0.0	0.0	0.0	0.0	0.0	0.0	0.0	0.0	0.0	0.0	0.0	0.0	0.0	0.0	0.0	0.0	0.0	0.0	0.0	0.0	0.0	0.0	0.00238084	0.0	0.0	0.0	0.0	0.0	0.0	0.0	0.0	0.0	0.00119042	0.0	0.0	0.0	0.0	0.0	0.0	0.0	0.0	0.0	0.0	0.0	0.0	0.0	0.00119042	0.0	0.0	0.0	0.0	0.0	0.0	0.0	0.0	0.0	0.0	0.0	0.0	0.0	0.0	0.0	0.0	0.0	0.0	0.0	0.0	0.0	0.0	0.0	0.00119042	0.0	0.0	0.0	0.0	0.0
Ssp-CGub_013-Ex1-cssl	0.08302649999999999	0.00139301	0.0326271	0.0	3.81648e-06	0.0	0.0	0.0	0.0	0.0	0.0	1.4311799999999999e-05	0.0	0.0	0.0	1.71741e-05	0.0	0.0	0.000126898	0.0	0.0	0.0	0.0	1.622e-05	8.7779e-05	8.587069999999999e-06	0.0	0.0	0.0	0.000116403	0.0	9.54119e-07	0.0	0.0	0.0	0.0	0.0	0.0	1.2403600000000001e-05	0.0	0.0	0.0	0.0	0.0	0.0	0.0	0.00040072999999999997	0.0	0.0	0.0	0.0	0.0	0.0	0.0	0.0	0.000253796	0.0	0.0	0.0	0.0	0.0	0.0	1.90824e-06	0.000281465	0.0	0.0	0.0	0.0	0.0	0.0	7.63295e-06	0.000148843	0.0	0.0	0.0	0.0	0.0	0.0	0.0	9.54119e-06	0.000199411	0.000140256	0.00010018300000000001	0.000136439	0.00042458299999999997	1.81283e-05	0.00014693399999999999	0.000513316	9.54119e-05	0.0	0.0	0.0	0.0	0.0	0.0	0.0	0.000930266	0.0	0.0	0.0	0.0	0.0	0.0	0.0	8.7779e-05	0.000107815	0.00018987	4.7706e-06	1.04953e-05	0.0	7.53754e-05	0.0	0.0	0.0	0.0	0.0	0.000167925	0.0	0.0	0.0	0.00138061	0.0	0.0	0.0	6.678830000000001e-06	0.0	0.0	0.0	0.0	0.0	0.000187007	0.0	0.0	0.00022517200000000002	0.000236622	4.7706e-06	0.0	0.0	0.0	0.0	0.0	0.0	9.54119e-07	0.0	0.00149892	0.0	0.0	0.0	0.0	0.0
Ssp-CGub_014-Ex1-cssl	0.0835321	0.00119991	0.0319476	0.0	0.0	0.0	0.0	0.0	0.0	0.0	0.0	0.0	0.0	0.0	0.0	1.15376e-05	0.0	0.0	5.76879e-05	0.0	0.0	0.0	0.0	1.15376e-05	8.07631e-05	0.0	0.0	0.0	0.0	8.07631e-05	0.0	0.0	0.0	0.0	0.0	0.0	0.0	0.0	2.30752e-05	0.0	0.0	0.0	0.0	0.0	0.0	0.0	0.000323052	0.0	0.0	0.0	0.0	0.0	0.0	0.0	0.0	0.00033459	0.0	0.0	0.0	0.0	0.0	0.0	0.0	0.00028844	0.0	0.0	0.0	0.0	0.0	0.0	1.15376e-05	0.000161526	0.0	0.0	0.0	0.0	0.0	0.0	0.0	0.0	0.000184601	0.00010383799999999999	4.6150300000000004e-05	0.00010383799999999999	0.00038074	1.15376e-05	9.23007e-05	0.000415353	0.00010383799999999999	0.0	0.0	0.0	0.0	0.0	0.0	0.0	0.000923007	0.0	0.0	0.0	0.0	0.0	0.0	0.0	0.000126913	9.23007e-05	0.000115376	0.0	2.30752e-05	0.0	5.76879e-05	0.0	0.0	0.0	0.0	0.0	0.000115376	0.0	0.0	0.0	0.00122298	0.0	0.0	0.0	0.0	0.0	0.0	0.0	0.0	0.0	0.00010383799999999999	0.0	0.0	0.000173064	0.00020767599999999998	0.0	0.0	0.0	0.0	0.0	0.0	0.0	0.0	0.0	0.00123452	0.0	0.0	0.0	0.0	0.0
Ssp-CGub_015-Ex1-cssl	0.084181	0.0018594199999999999	0.031046699999999997	0.0	0.0	0.0	0.0	0.0	0.0	0.0	0.0	0.0	0.0	0.0	0.0	5.63461e-05	0.0	0.0	0.000169038	0.0	0.0	0.0	0.0	0.0	5.63461e-05	0.0	0.0	0.0	0.0	0.00011269200000000001	0.0	0.0	0.0	0.0	0.0	0.0	0.0	0.0	0.0	0.0	0.0	0.0	0.0	0.0	0.0	0.0	0.00022538400000000002	0.0	0.0	0.0	0.0	0.0	0.0	0.0	0.0	0.00022538400000000002	0.0	0.0	0.0	0.0	0.0	0.0	0.0	0.00011269200000000001	0.0	0.0	0.0	0.0	0.0	0.0	0.0	5.63461e-05	0.0	0.0	0.0	0.0	0.0	0.0	0.0	0.0	0.00022538400000000002	5.63461e-05	5.63461e-05	0.00011269200000000001	0.00028173	0.0	0.000169038	0.00045076800000000005	0.0	0.0	0.0	0.0	0.0	0.0	0.0	0.0	0.000619807	0.0	0.0	0.0	0.0	0.0	0.0	0.0	0.00022538400000000002	0.00022538400000000002	0.00011269200000000001	0.0	0.0	0.0	5.63461e-05	0.0	0.0	0.0	0.0	0.0	0.00022538400000000002	0.0	0.0	0.0	0.00140865	0.0	0.0	0.0	0.0	0.0	0.0	0.0	0.0	0.0	0.000169038	0.0	0.0	0.00011269200000000001	0.000169038	0.0	0.0	0.0	0.0	0.0	0.0	0.0	0.0	0.0	0.00123961	0.0	0.0	0.0	0.0	0.0
Ssp-CGub_016-Ex1-cssl	0.0807507	0.00127374	0.0317154	0.0	1.5073900000000001e-05	0.0	0.0	0.0	0.0	0.0	0.0	0.0	0.0	0.0	0.0	7.536929999999999e-06	0.0	0.0	0.000128128	0.0	0.0	0.0	0.0	2.26108e-05	6.78324e-05	7.536929999999999e-06	0.0	0.0	0.0	9.04432e-05	0.0	0.0	0.0	0.0	0.0	0.0	0.0	0.0	1.5073900000000001e-05	0.0	0.0	0.0	0.0	0.0	0.0	0.0	0.000324088	0.0	0.0	0.0	0.0	0.0	0.0	0.0	0.0	0.00019596	0.0	0.0	0.0	0.0	0.0	0.0	0.0	0.000256256	0.0	0.0	0.0	0.0	0.0	0.0	0.0	9.79801e-05	0.0	0.0	0.0	0.0	0.0	0.0	0.0	7.536929999999999e-06	0.000143202	9.04432e-05	9.79801e-05	0.000128128	0.000324088	1.5073900000000001e-05	9.04432e-05	0.000512511	9.79801e-05	0.0	0.0	0.0	0.0	0.0	0.0	0.0	0.0008139890000000001	0.0	0.0	0.0	0.0	0.0	0.0	0.0	5.2758500000000007e-05	8.290620000000001e-05	0.000120591	1.5073900000000001e-05	1.5073900000000001e-05	0.0	8.290620000000001e-05	0.0	0.0	0.0	0.0	0.0	0.000128128	0.0	0.0	0.0	0.00123606	0.0	0.0	0.0	0.0	0.0	0.0	0.0	0.0	0.0	0.000143202	0.0	0.0	0.000256256	0.000233645	7.536929999999999e-06	0.0	0.0	0.0	0.0	0.0	0.0	0.0	0.0	0.0013265	0.0	0.0	0.0	0.0	0.0
Ssp-CGub_021-Ex1-cssl	0.0779817	0.00138079	0.0343225	0.0	0.0	0.0	0.0	0.0	0.0	0.0	0.0	0.0	0.0	0.0	0.0	0.0	0.0	0.0	0.000263007	0.0	0.0	0.0	0.0	0.0	0.000131504	0.0	0.0	0.0	0.0	6.57518e-05	0.0	0.0	0.0	0.0	0.0	0.0	0.0	0.0	0.0	0.0	0.0	0.0	0.0	0.0	0.0	0.0	0.000328759	0.0	0.0	0.0	0.0	0.0	0.0	0.0	0.0	0.000197256	0.0	0.0	0.0	0.0	0.0	0.0	0.0	0.000328759	0.0	0.0	0.0	0.0	0.0	0.0	6.57518e-05	0.000131504	0.0	0.0	0.0	0.0	0.0	0.0	0.0	0.0	0.0	0.000197256	0.0	6.57518e-05	0.000197256	0.000131504	0.000131504	0.00046026300000000003	6.57518e-05	0.0	0.0	0.0	0.0	0.0	0.0	0.0	0.000657518	0.0	0.0	0.0	0.0	0.0	0.0	0.0	6.57518e-05	6.57518e-05	0.000131504	6.57518e-05	0.0	0.0	0.000131504	0.0	0.0	0.0	0.0	0.0	6.57518e-05	0.0	0.0	0.0	0.00111778	0.0	0.0	0.0	0.0	0.0	0.0	0.0	0.0	0.0	6.57518e-05	0.0	0.0	0.000131504	0.000197256	6.57518e-05	0.0	0.0	0.0	0.0	0.0	0.0	0.0	0.0	0.00138079	0.0	0.0	0.0	0.0	0.0
Ssp-CGub_022-Ex1-cssl	0.0838393	0.00122556	0.033377899999999995	0.0	0.0	0.0	0.0	0.0	0.0	0.0	0.0	0.0	0.0	0.0	0.0	5.5707099999999994e-05	0.0	0.0	0.000120699	0.0	0.0	0.0	0.0	9.28452e-06	9.28452e-05	1.8568999999999998e-05	0.0	0.0	0.0	0.000120699	0.0	0.0	0.0	0.0	0.0	0.0	0.0	0.0	9.28452e-06	0.0	0.0	0.0	0.0	0.0	0.0	0.0	0.00028782	0.0	0.0	0.0	0.0	0.0	0.0	0.0	0.0	0.00023211300000000002	0.0	0.0	0.0	0.0	0.0	0.0	0.0	0.000315674	0.0	0.0	0.0	0.0	0.0	0.0	0.0	0.00014855199999999998	0.0	0.0	0.0	0.0	0.0	0.0	0.0	2.78536e-05	0.00020426000000000003	0.00011141400000000001	0.00011141400000000001	8.35607e-05	0.000399235	0.0	0.000129983	0.000501364	0.00010213000000000001	0.0	0.0	0.0	0.0	0.0	0.0	0.0	0.0008727450000000001	0.0	0.0	0.0	0.0	0.0	0.0	0.0	8.35607e-05	0.00010213000000000001	0.000167121	0.0	2.78536e-05	0.0	3.71381e-05	0.0	0.0	0.0	0.0	0.0	0.00011141400000000001	0.0	0.0	0.0	0.00133697	0.0	0.0	0.0	0.0	0.0	0.0	0.0	0.0	0.0	0.000157837	0.0	0.0	0.000250682	0.000167121	0.0	0.0	0.0	0.0	0.0	0.0	0.0	0.0	0.0	0.00142053	0.0	0.0	0.0	0.0	0.0
Ssp-CGub_024-Ex1-cssl	0.08074039999999999	0.00132168	0.031055299999999997	0.0	0.0	0.0	0.0	0.0	0.0	0.0	0.0	8.418349999999999e-06	0.0	0.0	0.0	8.418349999999999e-06	0.0	0.0	0.000134694	0.0	0.0	0.0	0.0	2.5255e-05	5.0510099999999996e-05	0.0	0.0	0.0	0.0	0.000143112	0.0	0.0	0.0	0.0	0.0	0.0	0.0	0.0	1.6836699999999998e-05	0.0	0.0	0.0	0.0	0.0	0.0	0.0	0.000328316	0.0	0.0	0.0	0.0	0.0	0.0	0.0	0.0	0.00021887700000000003	0.0	0.0	0.0	0.0	0.0	0.0	0.0	0.00030306100000000003	0.0	0.0	0.0	0.0	0.0	0.0	1.6836699999999998e-05	0.00010102	0.0	0.0	0.0	0.0	0.0	0.0	0.0	1.6836699999999998e-05	0.000185204	0.00015152999999999998	0.000134694	0.000185204	0.000378826	2.5255e-05	0.000109439	0.000547193	0.000159949	0.0	0.0	0.0	0.0	0.0	0.0	0.0	0.0008081620000000001	0.0	0.0	0.0	0.0	0.0	0.0	0.0	5.0510099999999996e-05	8.41835e-05	0.000109439	1.6836699999999998e-05	0.0	0.0	0.000126275	0.0	0.0	0.0	0.0	0.0	0.00011785700000000001	0.0	0.0	0.0	0.0012543300000000001	0.0	0.0	0.0	8.418349999999999e-06	0.0	0.0	0.0	0.0	0.0	0.00019362199999999998	0.0	0.0	0.000210459	0.000311479	1.6836699999999998e-05	0.0	0.0	0.0	0.0	0.0	0.0	0.0	0.0	0.0014058599999999999	0.0	0.0	0.0	0.0	0.0
Ssp-CGub_027-Ex1-cssl	0.081834	0.0014540599999999999	0.0324428	0.0	0.0	0.0	0.0	0.0	0.0	0.0	0.0	1.56351e-05	0.0	0.0	0.0	3.12702e-05	0.0	0.0	4.69052e-05	0.0	0.0	0.0	0.0	1.56351e-05	4.69052e-05	0.0	0.0	0.0	0.0	0.000187621	0.0	0.0	0.0	0.0	0.0	0.0	0.0	0.0	0.0	0.0	0.0	0.0	0.0	0.0	0.0	0.0	0.000375242	0.0	0.0	0.0	0.0	0.0	0.0	0.0	0.0	0.000250161	0.0	0.0	0.0	0.0	0.0	0.0	0.0	0.000297066	0.0	0.0	0.0	0.0	0.0	0.0	0.0	0.000171986	0.0	0.0	0.0	0.0	0.0	0.0	0.0	3.12702e-05	0.000109446	0.000109446	0.000125081	0.000156351	0.000328337	1.56351e-05	9.38105e-05	0.000609768	0.000125081	0.0	0.0	0.0	0.0	0.0	0.0	0.0	0.000859929	0.0	0.0	0.0	0.0	0.0	0.0	0.0	7.81754e-05	0.000125081	0.00021889100000000003	0.0	1.56351e-05	0.0	7.81754e-05	0.0	0.0	0.0	0.0	0.0	0.000109446	0.0	0.0	0.0	0.00142279	0.0	0.0	0.0	1.56351e-05	0.0	0.0	0.0	0.0	0.0	0.000187621	0.0	0.0	0.000156351	0.000265796	0.0	0.0	0.0	0.0	0.0	0.0	0.0	0.0	0.0	0.00157914	0.0	0.0	0.0	0.0	0.0
Ssp-CGub_030-Ex1-cssl	0.0775587	0.0011830200000000001	0.028534399999999998	0.0	0.0	0.0	0.0	0.0	0.0	0.0	0.0	0.0	0.0	0.0	0.0	0.0	0.0	0.0	0.000141962	0.0	0.0	0.0	0.0	4.73207e-05	4.73207e-05	0.0	0.0	0.0	0.0	9.46415e-05	0.0	0.0	0.0	0.0	0.0	0.0	0.0	0.0	0.0	0.0	0.0	0.0	0.0	0.0	0.0	0.0	0.000236604	0.0	0.0	0.0	0.0	0.0	0.0	0.0	0.0	0.000189283	0.0	0.0	0.0	0.0	0.0	0.0	0.0	9.46415e-05	0.0	0.0	0.0	0.0	0.0	0.0	0.0	9.46415e-05	0.0	0.0	0.0	0.0	0.0	0.0	0.0	0.0	0.000189283	9.46415e-05	0.0	9.46415e-05	0.000331245	0.0	4.73207e-05	0.00061517	0.0	0.0	0.0	0.0	0.0	0.0	0.0	0.0	0.000851773	0.0	0.0	0.0	0.0	0.0	0.0	0.0	9.46415e-05	0.0	4.73207e-05	0.0	0.0	0.0	9.46415e-05	0.0	0.0	0.0	0.0	0.0	0.000141962	0.0	0.0	0.0	0.0009464149999999999	0.0	0.0	0.0	0.0	0.0	0.0	0.0	0.0	0.0	4.73207e-05	0.0	0.0	0.00047320700000000007	0.000189283	0.0	0.0	0.0	0.0	0.0	0.0	0.0	0.0	0.0	0.0012776600000000001	0.0	0.0	0.0	0.0	0.0
Ssp-CGub_031-Ex1-cssl	0.0811267	0.00136874	0.031863699999999995	0.0	1.15995e-05	0.0	0.0	0.0	0.0	0.0	0.0	1.15995e-05	0.0	0.0	0.0	2.31989e-05	0.0	0.0	8.11963e-05	0.0	0.0	0.0	0.0	1.15995e-05	8.11963e-05	0.0	0.0	0.0	0.0	0.00010439499999999999	0.0	0.0	0.0	0.0	0.0	0.0	0.0	0.0	0.0	0.0	0.0	0.0	0.0	0.0	0.0	0.0	0.000452379	0.0	0.0	0.0	0.0	0.0	0.0	0.0	0.0	0.000162393	0.0	0.0	0.0	0.0	0.0	0.0	0.0	0.000255188	0.0	0.0	0.0	0.0	0.0	0.0	0.0	0.000115995	0.0	0.0	0.0	0.0	0.0	0.0	0.0	0.0	0.000173992	9.27958e-05	3.4798399999999995e-05	0.00010439499999999999	0.000324785	1.15995e-05	6.959679999999999e-05	0.000637971	6.959679999999999e-05	0.0	0.0	0.0	0.0	0.0	0.0	0.0	0.0008235619999999999	0.0	0.0	0.0	0.0	0.0	0.0	0.0	4.63979e-05	4.63979e-05	0.00010439499999999999	1.15995e-05	0.0	0.0	6.959679999999999e-05	0.0	0.0	0.0	0.0	0.0	3.4798399999999995e-05	0.0	0.0	0.0	0.00133394	0.0	0.0	0.0	0.0	0.0	0.0	0.0	0.0	0.0	0.00010439499999999999	0.0	0.0	0.000162393	0.000266788	0.0	0.0	0.0	0.0	0.0	0.0	0.0	0.0	0.0	0.00139194	0.0	0.0	0.0	0.0	0.0
Ssp-CGub_032-Ex1-cssl	0.08173559999999999	0.00121077	0.0329637	0.0	8.52656e-06	0.0	0.0	0.0	0.0	0.0	0.0	0.0	0.0	0.0	0.0	2.5579700000000002e-05	0.0	0.0	5.9686000000000004e-05	0.0	0.0	0.0	0.0	8.52656e-06	7.67391e-05	0.0	0.0	0.0	0.0	0.000153478	0.0	0.0	0.0	0.0	0.0	0.0	0.0	0.0	1.70531e-05	0.0	0.0	0.0	0.0	0.0	0.0	0.0	0.000392222	0.0	0.0	0.0	0.0	0.0	0.0	0.0	0.0	0.00021316399999999998	0.0	0.0	0.0	0.0	0.0	0.0	0.0	0.000289903	0.0	0.0	0.0	0.0	0.0	0.0	8.52656e-06	0.00011937200000000001	0.0	0.0	0.0	0.0	0.0	0.0	0.0	8.52656e-06	0.000264323	0.000102319	0.000162005	0.000110845	0.00044338099999999996	0.0	0.000144952	0.00042632799999999996	9.37922e-05	0.0	0.0	0.0	0.0	0.0	0.0	0.0	0.000878236	0.0	0.0	0.0	0.0	0.0	0.0	0.0	0.00011937200000000001	0.000170531	0.000196111	0.0	3.4106299999999996e-05	0.0	4.2632799999999996e-05	0.0	0.0	0.0	0.0	0.0	0.000162005	0.0	0.0	0.0	0.00136425	0.0	0.0	0.0	0.0	0.0	0.0	0.0	0.0	0.0	0.000179058	0.0	0.0	0.00027285	0.000196111	0.0	0.0	0.0	0.0	0.0	0.0	0.0	0.0	0.0	0.00143246	0.0	0.0	0.0	0.0	0.0
Ssp-CGub_033-Ex1-cssl	0.0805707	0.00126683	0.0319524	0.0	0.0	0.0	0.0	0.0	0.0	0.0	0.0	0.0	0.0	0.0	0.0	0.0	0.0	0.0	0.000112608	0.0	0.0	0.0	0.0	0.0	0.000112608	2.81519e-05	0.0	0.0	0.0	0.000168911	0.0	0.0	0.0	0.0	0.0	0.0	0.0	0.0	0.0	0.0	0.0	0.0	0.0	0.0	0.0	0.0	0.00039412599999999996	0.0	0.0	0.0	0.0	0.0	0.0	0.0	0.0	0.000253367	0.0	0.0	0.0	0.0	0.0	0.0	0.0	0.000281519	0.0	0.0	0.0	0.0	0.0	0.0	2.81519e-05	0.000168911	0.0	0.0	0.0	0.0	0.0	0.0	0.0	0.0	0.000168911	0.000140759	5.63038e-05	5.63038e-05	0.000309671	0.0	8.44557e-05	0.00039412599999999996	8.44557e-05	0.0	0.0	0.0	0.0	0.0	0.0	0.0	0.00109792	0.0	0.0	0.0	0.0	0.0	0.0	0.0	0.000140759	8.44557e-05	0.00019706299999999998	0.0	0.0	0.0	2.81519e-05	0.0	0.0	0.0	0.0	0.0	0.000168911	0.0	0.0	0.0	0.00174542	0.0	0.0	0.0	0.0	0.0	0.0	0.0	0.0	0.0	0.000140759	0.0	0.0	2.81519e-05	0.000112608	0.0	0.0	0.0	0.0	0.0	0.0	0.0	0.0	0.0	0.00185802	0.0	0.0	0.0	0.0	0.0
Ssp-CGub_035-Ex1-cssl	0.0829748	0.00126365	0.0318705	0.0	1.5505e-05	0.0	0.0	0.0	0.0	0.0	0.0	1.5505e-05	0.0	0.0	0.0	3.1009899999999996e-05	0.0	0.0	7.75248e-05	0.0	0.0	0.0	0.0	7.752480000000001e-06	6.97723e-05	0.0	0.0	0.0	0.0	9.30298e-05	0.0	0.0	0.0	0.0	0.0	0.0	0.0	0.0	2.32574e-05	0.0	0.0	0.0	0.0	0.0	0.0	0.0	0.000387624	0.0	0.0	0.0	0.0	0.0	0.0	0.0	0.0	0.000279089	0.0	0.0	0.0	0.0	0.0	0.0	0.0	0.00026358400000000003	0.0	0.0	0.0	0.0	0.0	0.0	7.752480000000001e-06	0.000100782	0.0	0.0	0.0	0.0	0.0	0.0	0.0	0.0	0.000193812	0.00012404	9.30298e-05	0.00011628699999999999	0.000364367	7.752480000000001e-06	0.00011628699999999999	0.000379872	9.30298e-05	0.0	0.0	0.0	0.0	0.0	0.0	0.0	0.0008372680000000001	0.0	0.0	0.0	0.0	0.0	0.0	0.0	0.00013954499999999998	0.00013179200000000001	0.00015505	0.0	1.5505e-05	0.0	6.97723e-05	0.0	0.0	0.0	0.0	0.0	0.00013954499999999998	0.0	0.0	0.0	0.0012791599999999999	0.0	0.0	0.0	7.752480000000001e-06	0.0	0.0	0.0	0.0	0.0	0.00018606	0.0	0.0	0.00015505	0.00023257399999999999	0.0	0.0	0.0	0.0	0.0	0.0	0.0	0.0	0.0	0.00131792	0.0	0.0	0.0	0.0	0.0
Ssp-CGub_036-Ex1-cssl	0.0839926	0.0011068	0.0317514	0.0	1.3834999999999999e-05	0.0	0.0	0.0	0.0	0.0	0.0	4.15051e-05	0.0	0.0	0.0	1.3834999999999999e-05	0.0	0.0	5.53402e-05	0.0	0.0	0.0	0.0	2.76701e-05	0.00015218599999999998	0.0	0.0	0.0	0.0	6.91752e-05	0.0	0.0	0.0	0.0	0.0	0.0	0.0	0.0	0.0	0.0	0.0	0.0	0.0	0.0	0.0	0.0	0.00040121600000000003	0.0	0.0	0.0	0.0	0.0	0.0	0.0	0.0	0.000249031	0.0	0.0	0.0	0.0	0.0	0.0	0.0	0.00019369099999999999	0.0	0.0	0.0	0.0	0.0	0.0	0.0	0.00015218599999999998	0.0	0.0	0.0	0.0	0.0	0.0	0.0	1.3834999999999999e-05	0.000207526	0.000124515	0.00011067999999999999	0.00011067999999999999	0.000373546	0.0	0.00013835	0.000498062	5.53402e-05	0.0	0.0	0.0	0.0	0.0	0.0	0.0	0.000982288	0.0	0.0	0.0	0.0	0.0	0.0	0.0	0.00013835	0.00015218599999999998	0.00015218599999999998	1.3834999999999999e-05	0.0	0.0	4.15051e-05	0.0	0.0	0.0	0.0	0.0	0.000249031	0.0	0.0	0.0	0.00113447	0.0	0.0	0.0	2.76701e-05	0.0	0.0	0.0	0.0	0.0	0.000207526	0.0	0.0	0.000235196	0.000207526	1.3834999999999999e-05	0.0	0.0	0.0	0.0	0.0	0.0	0.0	0.0	0.0013835	0.0	0.0	0.0	0.0	0.0
Ssp-CGub_038-Ex1-cssl	0.08162119999999999	0.0014264	0.0327077	0.0	0.0	0.0	0.0	0.0	0.0	0.0	0.0	7.655099999999999e-06	0.0	0.0	0.0	2.5517e-06	0.0	0.0	8.67578e-05	0.0	0.0	0.0	0.0	5.1034e-06	0.00010462	2.5517e-06	0.0	0.0	0.0	0.000107171	0.0	2.5517e-06	0.0	0.0	0.0	0.0	0.0	0.0	1.02068e-05	0.0	0.0	0.0	0.0	0.0	0.0	0.0	0.000377651	0.0	0.0	0.0	0.0	0.0	0.0	0.0	0.0	0.000247515	0.0	0.0	0.0	0.0	0.0	0.0	2.5517e-06	0.000273032	0.0	0.0	0.0	0.0	0.0	0.0	7.655099999999999e-06	0.000130137	0.0	0.0	0.0	0.0	0.0	0.0	0.0	5.1034e-06	0.000196481	0.000127585	0.000109723	0.000117378	0.000423582	1.5310199999999998e-05	0.00013523999999999999	0.000551167	9.18611e-05	0.0	0.0	0.0	0.0	0.0	0.0	0.0	0.0008497159999999999	0.0	0.0	0.0	0.0	0.0	0.0	0.0	8.420610000000001e-05	8.420610000000001e-05	0.000147999	5.1034e-06	7.655099999999999e-06	0.0	7.91027e-05	0.0	0.0	0.0	0.0	0.0	0.000137792	0.0	0.0	0.0	0.0013524	0.0	0.0	0.0	0.0	0.0	0.0	0.0	0.0	0.0	0.00016586000000000001	0.0	0.0	0.00023986000000000002	0.00025517	5.1034e-06	0.0	0.0	0.0	0.0	0.0	0.0	5.1034e-06	0.0	0.00144681	0.0	0.0	0.0	0.0	0.0
Ssp-CGub_039-Ex1-cssl	0.0821562	0.0013553999999999999	0.0326822	0.0	3.46651e-06	0.0	0.0	0.0	0.0	0.0	0.0	3.46651e-06	0.0	0.0	0.0	1.03995e-05	0.0	0.0	9.35957e-05	0.0	0.0	0.0	0.0	1.73325e-05	7.97297e-05	0.0	0.0	0.0	0.0	0.00011092799999999999	0.0	0.0	0.0	0.0	0.0	0.0	0.0	0.0	1.73325e-05	0.0	0.0	0.0	0.0	0.0	0.0	0.0	0.000370916	0.0	0.0	0.0	0.0	0.0	0.0	0.0	0.0	0.00020799000000000002	0.0	0.0	0.0	0.0	0.0	0.0	1.03995e-05	0.000242656	0.0	0.0	0.0	0.0	0.0	0.0	0.0	0.00013172700000000002	0.0	0.0	0.0	0.0	0.0	0.0	0.0	3.46651e-06	0.00016985900000000001	0.00014905999999999999	9.01292e-05	0.00010052900000000001	0.000381316	1.73325e-05	9.35957e-05	0.0005477079999999999	7.97297e-05	0.0	0.0	0.0	0.0	0.0	0.0	0.0	0.000866627	0.0	0.0	0.0	0.0	0.0	0.0	0.0	7.62632e-05	8.66627e-05	0.00010399500000000001	3.46651e-06	3.46651e-06	0.0	6.93302e-05	0.0	0.0	0.0	0.0	0.0	8.319620000000001e-05	0.0	0.0	0.0	0.00124794	0.0	0.0	0.0	3.46651e-06	0.0	0.0	0.0	0.0	0.0	0.000114395	0.0	0.0	0.000194124	0.000249589	6.93302e-06	0.0	0.0	0.0	0.0	0.0	0.0	0.0	0.0	0.00133807	0.0	0.0	0.0	0.0	0.0
Ssp-CGub_040-Ex1-cssl	0.0680603	0.00138899	0.0347246	0.0	0.0	0.0	0.0	0.0	0.0	0.0	0.0	0.0	0.0	0.0	0.0	0.0	0.0	0.0	0.00138899	0.0	0.0	0.0	0.0	0.0	0.0	0.0	0.0	0.0	0.0	0.0	0.0	0.0	0.0	0.0	0.0	0.0	0.0	0.0	0.0	0.0	0.0	0.0	0.0	0.0	0.0	0.0	0.00138899	0.0	0.0	0.0	0.0	0.0	0.0	0.0	0.0	0.0	0.0	0.0	0.0	0.0	0.0	0.0	0.0	0.00138899	0.0	0.0	0.0	0.0	0.0	0.0	0.0	0.0	0.0	0.0	0.0	0.0	0.0	0.0	0.0	0.0	0.0	0.0	0.0	0.0	0.0	0.0	0.0	0.0	0.0	0.0	0.0	0.0	0.0	0.0	0.0	0.0	0.0027779700000000003	0.0	0.0	0.0	0.0	0.0	0.0	0.0	0.0	0.0	0.0	0.0	0.0	0.0	0.0	0.0	0.0	0.0	0.0	0.0	0.0	0.0	0.0	0.0	0.0027779700000000003	0.0	0.0	0.0	0.0	0.0	0.0	0.0	0.0	0.0	0.0	0.0	0.0	0.00138899	0.0	0.0	0.0	0.0	0.0	0.0	0.0	0.0	0.0	0.0	0.0027779700000000003	0.0	0.0	0.0	0.0	0.0
Ssp-CGub_041-Ex1-cssl	0.0803975	0.00121302	0.0328145	0.0	1.0479699999999999e-05	0.0	0.0	0.0	0.0	0.0	0.0	2.61992e-06	0.0	0.0	0.0	1.57195e-05	0.0	0.0	0.00010479699999999999	0.0	0.0	0.0	0.0	5.23984e-06	5.2398399999999996e-05	2.61992e-06	0.0	0.0	0.0	0.000107417	0.0	0.0	0.0	0.0	0.0	0.0	0.0	0.0	1.3099599999999999e-05	0.0	0.0	0.0	0.0	0.0	0.0	0.0	0.000251513	0.0	0.0	0.0	0.0	0.0	0.0	0.0	0.0	0.00019125400000000002	0.0	0.0	0.0	0.0	0.0	0.0	2.61992e-06	0.000298671	2.61992e-06	0.0	0.0	0.0	0.0	0.0	7.85977e-06	0.000110037	0.0	0.0	0.0	0.0	0.0	0.0	0.0	7.85977e-06	6.02582e-05	0.000112657	7.07379e-05	8.90773e-05	0.000162435	1.3099599999999999e-05	7.59777e-05	0.00039560800000000004	0.000133616	0.0	0.0	0.0	0.0	0.0	0.0	0.0	0.000589482	0.0	0.0	0.0	0.0	0.0	0.0	0.0	7.59777e-05	7.33578e-05	9.43172e-05	7.85977e-06	5.23984e-06	0.0	5.50184e-05	0.0	0.0	0.0	0.0	0.0	8.12176e-05	0.0	0.0	0.0	0.00100343	0.0	0.0	0.0	2.61992e-06	0.0	0.0	0.0	0.0	0.0	9.955700000000001e-05	0.0	0.0	0.000196494	0.000162435	5.23984e-06	0.0	0.0	0.0	0.0	0.0	0.0	0.0	0.0	0.0010715499999999999	0.0	0.0	0.0	0.0	0.0
Ssp-CGub_042-Ex1-cssl	0.0848804	0.00138877	0.031214300000000004	0.0	0.0	0.0	0.0	0.0	0.0	0.0	0.0	0.0	0.0	0.0	0.0	3.3066000000000005e-05	0.0	0.0	9.919800000000001e-05	0.0	0.0	0.0	0.0	0.0	3.3066000000000005e-05	0.0	0.0	0.0	0.0	0.00016533	0.0	0.0	0.0	0.0	0.0	0.0	0.0	0.0	0.0	0.0	0.0	0.0	0.0	0.0	0.0	0.0	0.00019839600000000002	0.0	0.0	0.0	0.0	0.0	0.0	0.0	0.0	0.000231462	0.0	0.0	0.0	0.0	0.0	0.0	0.0	0.00042985800000000003	0.0	0.0	0.0	0.0	0.0	0.0	0.0	9.919800000000001e-05	0.0	0.0	0.0	0.0	0.0	0.0	0.0	3.3066000000000005e-05	0.000231462	0.00013226400000000002	3.3066000000000005e-05	6.613200000000001e-05	0.00039679200000000003	6.613200000000001e-05	9.919800000000001e-05	0.00039679200000000003	0.00016533	0.0	0.0	0.0	0.0	0.0	0.0	0.0	0.000595188	0.0	0.0	0.0	0.0	0.0	0.0	0.0	6.613200000000001e-05	6.613200000000001e-05	9.919800000000001e-05	3.3066000000000005e-05	0.0	0.0	6.613200000000001e-05	0.0	0.0	0.0	0.0	0.0	3.3066000000000005e-05	0.0	0.0	0.0	0.00082665	0.0	0.0	0.0	0.0	0.0	0.0	0.0	0.0	0.0	3.3066000000000005e-05	0.0	0.0	0.00016533	0.00026452800000000004	3.3066000000000005e-05	0.0	0.0	0.0	0.0	0.0	0.0	0.0	0.0	0.0011242399999999999	0.0	0.0	0.0	0.0	0.0
Ssp-CGub_043-Ex1-cssl	0.08237080000000001	0.0014524100000000001	0.0332279	0.0	3.62197e-06	0.0	0.0	0.0	0.0	0.0	0.0	0.0	0.0	0.0	0.0	1.81098e-05	0.0	0.0	0.00012676900000000002	0.0	0.0	0.0	0.0	7.24394e-06	9.77932e-05	3.62197e-06	0.0	0.0	0.0	0.00011952499999999999	0.0	0.0	0.0	0.0	0.0	0.0	0.0	0.0	1.0865899999999999e-05	0.0	0.0	0.0	0.0	0.0	0.0	0.0	0.00039841700000000003	0.0	0.0	0.0	0.0	0.0	0.0	0.0	0.0	0.00022456199999999998	0.0	0.0	0.0	0.0	0.0	0.0	0.0	0.000300623	0.0	0.0	0.0	0.0	0.0	0.0	3.62197e-06	0.00011952499999999999	0.0	0.0	0.0	0.0	0.0	0.0	0.0	3.62197e-06	0.00019920799999999998	0.000155745	0.00011228099999999999	0.000130391	0.000344087	2.89758e-05	0.000141257	0.000474478	0.00011952499999999999	0.0	0.0	0.0	0.0	0.0	0.0	0.0	0.0008547849999999999	0.0	0.0	0.0	0.0	0.0	0.0	0.0	8.33053e-05	0.000108659	0.000144879	1.44879e-05	2.1731799999999997e-05	0.0	8.69273e-05	0.0	0.0	0.0	0.0	0.0	0.000141257	0.0	0.0	0.0	0.00133288	0.0	0.0	0.0	0.0	0.0	0.0	0.0	0.0	0.0	0.000173855	0.0	0.0	0.00025716	0.00027527	1.44879e-05	0.0	0.0	0.0	0.0	0.0	0.0	3.62197e-06	0.0	0.00148501	0.0	0.0	0.0	0.0	0.0
Ssp-CGub_049-Ex1-cssl	0.0801793	0.00205588	0.0294676	0.0	0.0	0.0	0.0	0.0	0.0	0.0	0.0	0.0	0.0	0.0	0.0	0.0	0.0	0.0	0.0	0.0	0.0	0.0	0.0	0.0	0.000685293	0.0	0.0	0.0	0.0	0.0	0.0	0.0	0.0	0.0	0.0	0.0	0.0	0.0	0.0	0.0	0.0	0.0	0.0	0.0	0.0	0.0	0.00137059	0.0	0.0	0.0	0.0	0.0	0.0	0.0	0.0	0.000685293	0.0	0.0	0.0	0.0	0.0	0.0	0.0	0.00137059	0.0	0.0	0.0	0.0	0.0	0.0	0.0	0.0	0.0	0.0	0.0	0.0	0.0	0.0	0.0	0.0	0.0	0.000685293	0.000685293	0.000685293	0.000685293	0.0	0.0	0.000685293	0.0	0.0	0.0	0.0	0.0	0.0	0.0	0.0	0.00205588	0.0	0.0	0.0	0.0	0.0	0.0	0.0	0.0	0.0	0.0	0.0	0.0	0.0	0.000685293	0.0	0.0	0.0	0.0	0.0	0.0	0.0	0.0	0.0	0.0034264599999999997	0.0	0.0	0.0	0.0	0.0	0.0	0.0	0.0	0.0	0.000685293	0.0	0.0	0.000685293	0.000685293	0.0	0.0	0.0	0.0	0.0	0.0	0.0	0.0	0.0	0.0034264599999999997	0.0	0.0	0.0	0.0	0.0
Ssp-CGub_050-Ex1-cssl	0.08152279999999999	0.00149963	0.0314405	0.0	2.58556e-05	0.0	0.0	0.0	0.0	0.0	0.0	5.17113e-05	0.0	0.0	0.0	0.0	0.0	0.0	5.17113e-05	0.0	0.0	0.0	0.0	2.58556e-05	0.000155134	0.0	0.0	0.0	0.0	5.17113e-05	0.0	0.0	0.0	0.0	0.0	0.0	0.0	0.0	2.58556e-05	0.0	0.0	0.0	0.0	0.0	0.0	0.0	0.000387835	0.0	0.0	0.0	0.0	0.0	0.0	0.0	0.0	0.000180989	0.0	0.0	0.0	0.0	0.0	0.0	0.0	0.000258556	0.0	0.0	0.0	0.0	0.0	0.0	0.0	0.000180989	0.0	0.0	0.0	0.0	0.0	0.0	0.0	0.0	0.000336123	7.75669e-05	0.000129278	0.000155134	0.000542968	2.58556e-05	0.000180989	0.000620535	0.000129278	0.0	0.0	0.0	0.0	0.0	0.0	0.0	0.0008532360000000001	0.0	0.0	0.0	0.0	0.0	0.0	0.0	2.58556e-05	2.58556e-05	0.000155134	2.58556e-05	2.58556e-05	0.0	0.000129278	0.0	0.0	0.0	0.0	0.0	0.000284412	0.0	0.0	0.0	0.00106008	0.0	0.0	0.0	0.0	0.0	0.0	0.0	0.0	0.0	0.00020684500000000002	0.0	0.0	7.75669e-05	0.000310268	0.0	0.0	0.0	0.0	0.0	0.0	0.0	0.0	0.0	0.00121522	0.0	0.0	0.0	0.0	0.0
Ssp-CGub_051-Ex1-cssl	0.08173380000000001	0.00141512	0.0335126	0.0	0.0	0.0	0.0	0.0	0.0	0.0	0.0	0.0	0.0	0.0	0.0	0.0	0.0	0.0	0.000150088	0.0	0.0	0.0	0.0	0.0	8.57648e-05	0.0	0.0	0.0	0.0	6.43236e-05	0.0	0.0	0.0	0.0	0.0	0.0	0.0	0.0	0.0	0.0	0.0	0.0	0.0	0.0	0.0	0.0	0.000471706	0.0	0.0	0.0	0.0	0.0	0.0	0.0	0.0	0.000192971	0.0	0.0	0.0	0.0	0.0	0.0	0.0	0.000235853	0.0	0.0	0.0	0.0	0.0	0.0	0.0	2.14412e-05	0.0	0.0	0.0	0.0	0.0	0.0	0.0	0.0	0.000192971	6.43236e-05	0.000128647	0.000107206	0.000428824	4.28824e-05	0.000150088	0.000385942	8.57648e-05	0.0	0.0	0.0	0.0	0.0	0.0	0.0	0.000686118	0.0	0.0	0.0	0.0	0.0	0.0	0.0	0.000128647	0.000107206	0.000192971	0.0	2.14412e-05	0.0	8.57648e-05	0.0	0.0	0.0	0.0	0.0	0.000107206	0.0	0.0	0.0	0.0012435900000000001	0.0	0.0	0.0	0.0	0.0	0.0	0.0	0.0	0.0	0.00017152999999999998	0.0	0.0	0.000257294	0.000192971	2.14412e-05	0.0	0.0	0.0	0.0	0.0	0.0	0.0	0.0	0.00130791	0.0	0.0	0.0	0.0	0.0
Ssp-CGub_052-Ex1-cssl	0.0840292	0.00132846	0.0317944	0.0	0.0	0.0	0.0	0.0	0.0	0.0	0.0	1.77127e-05	0.0	0.0	0.0	1.77127e-05	0.0	0.0	0.000141702	0.0	0.0	0.0	0.0	1.77127e-05	1.77127e-05	0.0	0.0	0.0	0.0	3.54255e-05	0.0	0.0	0.0	0.0	0.0	0.0	0.0	0.0	0.0	0.0	0.0	0.0	0.0	0.0	0.0	0.0	0.000318829	0.0	0.0	0.0	0.0	0.0	0.0	0.0	0.0	0.00019484	0.0	0.0	0.0	0.0	0.0	0.0	0.0	0.00021255299999999998	0.0	0.0	0.0	0.0	0.0	0.0	1.77127e-05	7.08509e-05	0.0	0.0	0.0	0.0	0.0	0.0	0.0	0.0	0.000177127	0.000123989	8.85637e-05	0.000159415	0.000301117	1.77127e-05	8.85637e-05	0.000442818	5.3138200000000006e-05	0.0	0.0	0.0	0.0	0.0	0.0	0.0	0.000850211	0.0	0.0	0.0	0.0	0.0	0.0	0.0	8.85637e-05	0.000106276	0.000123989	0.0	3.54255e-05	0.0	8.85637e-05	0.0	0.0	0.0	0.0	0.0	0.000106276	0.0	0.0	0.0	0.0012576	0.0	0.0	0.0	0.0	0.0	0.0	0.0	0.0	0.0	0.000159415	0.0	0.0	0.000159415	0.00021255299999999998	0.0	0.0	0.0	0.0	0.0	0.0	0.0	0.0	0.0	0.00138159	0.0	0.0	0.0	0.0	0.0
Ssp-CGub_053-Ex1-cssl	0.0827919	0.00138102	0.032583299999999996	0.0	6.30603e-06	0.0	0.0	0.0	0.0	0.0	0.0	1.2612099999999999e-05	0.0	0.0	0.0	6.30603e-06	0.0	0.0	0.000132427	0.0	0.0	0.0	0.0	1.89181e-05	0.00010720300000000001	6.30603e-06	0.0	0.0	0.0	0.00015134500000000002	0.0	0.0	0.0	0.0	0.0	0.0	0.0	0.0	6.30603e-06	0.0	0.0	0.0	0.0	0.0	0.0	0.0	0.000435116	0.0	0.0	0.0	0.0	0.0	0.0	0.0	0.0	0.000239629	0.0	0.0	0.0	0.0	0.0	0.0	6.30603e-06	0.000264853	0.0	0.0	0.0	0.0	0.0	0.0	6.30603e-06	0.000176569	0.0	0.0	0.0	0.0	0.0	0.0	0.0	6.30603e-06	0.000176569	0.00011981499999999999	0.00013873300000000001	6.30603e-05	0.00039728	6.30603e-06	0.000126121	0.00046034	6.93663e-05	0.0	0.0	0.0	0.0	0.0	0.0	0.0	0.0009395979999999999	0.0	0.0	0.0	0.0	0.0	0.0	0.0	8.82844e-05	6.30603e-05	0.000176569	0.0	1.89181e-05	0.0	3.78362e-05	0.0	0.0	0.0	0.0	0.0	0.000163957	0.0	0.0	0.0	0.00138102	0.0	0.0	0.0	0.0	0.0	0.0	0.0	0.0	0.0	0.00011350900000000001	0.0	0.0	0.000233323	0.00014503900000000002	0.0	0.0	0.0	0.0	0.0	0.0	0.0	6.30603e-06	0.0	0.00132427	0.0	0.0	0.0	0.0	0.0
Ssp-CGub_054-Ex1-cssl	0.0769597	0.0016498600000000002	0.031195099999999996	0.0	0.0	0.0	0.0	0.0	0.0	0.0	0.0	0.0	0.0	0.0	0.0	0.0	0.0	0.0	0.00010153	0.0	0.0	0.0	0.0	2.53825e-05	0.000177677	2.53825e-05	0.0	0.0	0.0	2.53825e-05	0.0	0.0	0.0	0.0	0.0	0.0	0.0	0.0	2.53825e-05	0.0	0.0	0.0	0.0	0.0	0.0	0.0	0.00040612	0.0	0.0	0.0	0.0	0.0	0.0	0.0	0.0	0.00010153	0.0	0.0	0.0	0.0	0.0	0.0	0.0	0.000253825	0.0	0.0	0.0	0.0	0.0	0.0	0.0	5.0765e-05	0.0	0.0	0.0	0.0	0.0	0.0	0.0	0.0	0.000126912	0.000279207	7.614739999999999e-05	0.000152295	0.000253825	0.0	7.614739999999999e-05	0.000533032	0.000126912	0.0	0.0	0.0	0.0	0.0	0.0	0.0	0.0008883869999999999	0.0	0.0	0.0	0.0	0.0	0.0	0.0	5.0765e-05	2.53825e-05	0.000126912	0.0	0.0	0.0	7.614739999999999e-05	0.0	0.0	0.0	0.0	0.0	0.00010153	0.0	0.0	0.0	0.0012691199999999999	0.0	0.0	0.0	0.0	0.0	0.0	0.0	0.0	0.0	0.000177677	0.0	0.0	0.000279207	0.00030459	0.0	0.0	0.0	0.0	0.0	0.0	0.0	0.0	0.0	0.00137065	0.0	0.0	0.0	0.0	0.0
Ssp-CGub_055-Ex1-cssl	0.0785451	0.000909788	0.0303869	0.0	0.0	0.0	0.0	0.0	0.0	0.0	0.0	6.06526e-05	0.0	0.0	0.0	6.06526e-05	0.0	0.0	0.00012130499999999999	0.0	0.0	0.0	0.0	0.0	6.06526e-05	0.0	0.0	0.0	0.0	0.000181958	0.0	0.0	0.0	0.0	0.0	0.0	0.0	0.0	0.0	0.0	0.0	0.0	0.0	0.0	0.0	0.0	0.000424568	0.0	0.0	0.0	0.0	0.0	0.0	0.0	0.0	0.000181958	0.0	0.0	0.0	0.0	0.0	0.0	0.0	0.000181958	0.0	0.0	0.0	0.0	0.0	0.0	0.0	0.000181958	0.0	0.0	0.0	0.0	0.0	0.0	0.0	0.0	6.06526e-05	0.00012130499999999999	0.00012130499999999999	0.00012130499999999999	0.000181958	6.06526e-05	0.000181958	0.000606526	0.00012130499999999999	0.0	0.0	0.0	0.0	0.0	0.0	0.0	0.00109175	0.0	0.0	0.0	0.0	0.0	0.0	0.0	6.06526e-05	6.06526e-05	0.00024260999999999998	0.0	0.0	0.0	0.000181958	0.0	0.0	0.0	0.0	0.0	0.000303263	0.0	0.0	0.0	0.0013343600000000001	0.0	0.0	0.0	0.0	0.0	0.0	0.0	0.0	0.0	0.00024260999999999998	0.0	0.0	0.00036391500000000003	0.000181958	0.0	0.0	0.0	0.0	0.0	0.0	0.0	0.0	0.0	0.0014556600000000001	0.0	0.0	0.0	0.0	0.0
Ssp-CGub_056-Ex1-cssl	0.0912723	0.0	0.0291013	0.0	0.0	0.0	0.0	0.0	0.0	0.0	0.0	0.0	0.0	0.0	0.0	0.0	0.0	0.0	0.0	0.0	0.0	0.0	0.0	0.0	0.0	0.0	0.0	0.0	0.0	0.0	0.0	0.0	0.0	0.0	0.0	0.0	0.0	0.0	0.0	0.0	0.0	0.0	0.0	0.0	0.0	0.0	0.0	0.0	0.0	0.0	0.0	0.0	0.0	0.0	0.0	0.00132279	0.0	0.0	0.0	0.0	0.0	0.0	0.0	0.0	0.0	0.0	0.0	0.0	0.0	0.0	0.0	0.0	0.0	0.0	0.0	0.0	0.0	0.0	0.0	0.0	0.0	0.0	0.0	0.0	0.0	0.0	0.0	0.0	0.0	0.0	0.0	0.0	0.0	0.0	0.0	0.0	0.00396836	0.0	0.0	0.0	0.0	0.0	0.0	0.0	0.00132279	0.0	0.00132279	0.0	0.0	0.0	0.0	0.0	0.0	0.0	0.0	0.0	0.0	0.0	0.0	0.0	0.00396836	0.0	0.0	0.0	0.0	0.0	0.0	0.0	0.0	0.0	0.0	0.0	0.0	0.0	0.0	0.0	0.0	0.0	0.0	0.0	0.0	0.0	0.0	0.0	0.00396836	0.0	0.0	0.0	0.0	0.0
Ssp-CGub_057-Ex1-cssl	0.08163429999999999	0.00408172	0.0387763	0.0	0.0	0.0	0.0	0.0	0.0	0.0	0.0	0.0	0.0	0.0	0.0	0.0	0.0	0.0	0.0	0.0	0.0	0.0	0.0	0.0	0.0	0.0	0.0	0.0	0.0	0.0	0.0	0.0	0.0	0.0	0.0	0.0	0.0	0.0	0.0	0.0	0.0	0.0	0.0	0.0	0.0	0.0	0.00204086	0.0	0.0	0.0	0.0	0.0	0.0	0.0	0.0	0.0	0.0	0.0	0.0	0.0	0.0	0.0	0.0	0.0	0.0	0.0	0.0	0.0	0.0	0.0	0.0	0.0	0.0	0.0	0.0	0.0	0.0	0.0	0.0	0.0	0.0	0.0	0.0	0.0	0.0	0.0	0.0	0.0	0.0	0.0	0.0	0.0	0.0	0.0	0.0	0.0	0.0	0.0	0.0	0.0	0.0	0.0	0.0	0.0	0.0	0.0	0.0	0.0	0.0	0.0	0.0	0.0	0.0	0.0	0.0	0.0	0.0	0.0	0.0	0.0	0.0	0.0	0.0	0.0	0.0	0.0	0.0	0.0	0.0	0.0	0.0	0.0	0.0	0.0	0.0	0.0	0.0	0.0	0.0	0.0	0.0	0.0	0.0	0.0	0.00204086	0.0	0.0	0.0	0.0	0.0
Ssp-CGub_058-Ex1-cssl	0.0839054	0.00125912	0.0324691	0.0	2.67897e-05	0.0	0.0	0.0	0.0	0.0	0.0	0.0	0.0	0.0	0.0	2.67897e-05	0.0	0.0	0.000133949	0.0	0.0	0.0	0.0	8.03691e-05	8.03691e-05	0.0	0.0	0.0	0.0	0.000133949	0.0	0.0	0.0	0.0	0.0	0.0	0.0	0.0	2.67897e-05	0.0	0.0	0.0	0.0	0.0	0.0	0.0	0.000428635	0.0	0.0	0.0	0.0	0.0	0.0	0.0	0.0	0.000267897	0.0	0.0	0.0	0.0	0.0	0.0	0.0	0.000267897	0.0	0.0	0.0	0.0	0.0	0.0	2.67897e-05	0.000267897	0.0	0.0	0.0	0.0	0.0	0.0	0.0	0.0	0.000267897	0.000133949	0.000107159	0.000160738	0.000535794	0.0	2.67897e-05	0.000562584	0.000133949	0.0	0.0	0.0	0.0	0.0	0.0	0.0	0.000803691	0.0	0.0	0.0	0.0	0.0	0.0	0.0	0.000107159	0.000133949	0.000107159	0.0	2.67897e-05	0.0	5.35794e-05	0.0	0.0	0.0	0.0	0.0	0.000107159	0.0	0.0	0.0	0.00150022	0.0	0.0	0.0	0.0	0.0	0.0	0.0	0.0	0.0	0.000133949	0.0	0.0	0.000241107	0.00034826599999999996	0.0	0.0	0.0	0.0	0.0	0.0	0.0	0.0	0.0	0.0016877499999999998	0.0	0.0	0.0	0.0	0.0
Ssp-CGub_059-Ex1-cssl	0.07494529999999999	0.0012088000000000001	0.020549500000000002	0.0	0.0	0.0	0.0	0.0	0.0	0.0	0.0	0.0	0.0	0.0	0.0	0.0	0.0	0.0	0.0	0.0	0.0	0.0	0.0	0.0	0.0	0.0	0.0	0.0	0.0	0.0	0.0	0.0	0.0	0.0	0.0	0.0	0.0	0.0	0.0	0.0	0.0	0.0	0.0	0.0	0.0	0.0	0.0	0.0	0.0	0.0	0.0	0.0	0.0	0.0	0.0	0.0	0.0	0.0	0.0	0.0	0.0	0.0	0.0	0.0	0.0	0.0	0.0	0.0	0.0	0.0	0.0	0.0	0.0	0.0	0.0	0.0	0.0	0.0	0.0	0.0	0.0	0.0	0.0	0.0	0.0	0.0	0.0	0.0012088000000000001	0.0	0.0	0.0	0.0	0.0	0.0	0.0	0.0	0.0	0.0	0.0	0.0	0.0	0.0	0.0	0.0	0.0	0.0	0.0	0.0	0.0	0.0	0.0	0.0	0.0	0.0	0.0	0.0	0.0	0.0	0.0	0.0	0.0	0.0	0.0	0.0	0.0	0.0	0.0	0.0	0.0	0.0	0.0	0.0	0.0	0.0	0.0	0.0	0.0	0.0	0.0	0.0	0.0	0.0	0.0	0.0	0.0	0.0	0.0	0.0	0.0	0.0
Ssp-CGub_061-Ex1-cssl	0.0821516	0.0013821299999999999	0.0327345	0.0	0.0	0.0	0.0	0.0	0.0	0.0	0.0	0.0	0.0	0.0	0.0	0.0	0.0	0.0	0.000121239	0.0	0.0	0.0	0.0	0.0	0.000121239	4.84956e-05	0.0	0.0	0.0	0.000169735	0.0	0.0	0.0	0.0	0.0	0.0	0.0	0.0	2.42478e-05	0.0	0.0	0.0	0.0	0.0	0.0	0.0	0.000266726	0.0	0.0	0.0	0.0	0.0	0.0	0.0	0.0	0.000169735	0.0	0.0	0.0	0.0	0.0	0.0	0.0	0.000290974	0.0	0.0	0.0	0.0	0.0	0.0	0.0	0.000169735	0.0	0.0	0.0	0.0	0.0	0.0	0.0	0.0	0.000169735	0.000145487	9.69913e-05	7.27434e-05	0.000363717	2.42478e-05	0.000193983	0.00031522200000000004	0.000121239	0.0	0.0	0.0	0.0	0.0	0.0	0.0	0.000945665	0.0	0.0	0.0	0.0	0.0	0.0	0.0	7.27434e-05	9.69913e-05	0.000145487	2.42478e-05	2.42478e-05	0.0	2.42478e-05	0.0	0.0	0.0	0.0	0.0	0.00021822999999999998	0.0	0.0	0.0	0.00113965	0.0	0.0	0.0	0.0	0.0	0.0	0.0	0.0	0.0	0.000145487	0.0	0.0	0.00021822999999999998	0.000169735	2.42478e-05	0.0	0.0	0.0	0.0	0.0	0.0	0.0	0.0	0.00135788	0.0	0.0	0.0	0.0	0.0
Ssp-CGub_065-Ex1-cssl	0.082571	0.00103138	0.0328979	0.0	0.0	0.0	0.0	0.0	0.0	0.0	0.0	1.5167300000000001e-05	0.0	0.0	0.0	0.0	0.0	0.0	6.06693e-05	0.0	0.0	0.0	0.0	1.5167300000000001e-05	6.06693e-05	0.0	0.0	0.0	0.0	4.5502e-05	0.0	0.0	0.0	0.0	0.0	0.0	0.0	0.0	3.03347e-05	0.0	0.0	0.0	0.0	0.0	0.0	0.0	0.000333681	0.0	0.0	0.0	0.0	0.0	0.0	0.0	0.0	0.00019717499999999998	0.0	0.0	0.0	0.0	0.0	0.0	1.5167300000000001e-05	0.00021234299999999998	0.0	0.0	0.0	0.0	0.0	0.0	0.0	0.000121339	0.0	0.0	0.0	0.0	0.0	0.0	0.0	0.0	6.06693e-05	0.000136506	6.06693e-05	9.1004e-05	0.000166841	0.0	0.000106171	0.000591526	0.000106171	0.0	0.0	0.0	0.0	0.0	0.0	0.0	0.00100104	0.0	0.0	0.0	0.0	0.0	0.0	0.0	7.583669999999999e-05	9.1004e-05	0.000151673	0.0	1.5167300000000001e-05	0.0	4.5502e-05	0.0	0.0	0.0	0.0	0.0	0.000106171	0.0	0.0	0.0	0.00142573	0.0	0.0	0.0	0.0	0.0	0.0	0.0	0.0	0.0	7.583669999999999e-05	0.0	0.0	0.00021234299999999998	0.00019717499999999998	0.0	0.0	0.0	0.0	0.0	0.0	0.0	0.0	0.0	0.00165324	0.0	0.0	0.0	0.0	0.0
Ssp-CGub_066-Ex1-cssl	0.0823812	0.0012258	0.0318168	0.0	0.0	0.0	0.0	0.0	0.0	0.0	0.0	0.0	0.0	0.0	0.0	3.6053e-05	0.0	0.0	0.000126186	0.0	0.0	0.0	0.0	1.80265e-05	0.000180265	1.80265e-05	0.0	0.0	0.0	0.00019829199999999998	0.0	0.0	0.0	0.0	0.0	0.0	0.0	0.0	1.80265e-05	0.0	0.0	0.0	0.0	0.0	0.0	0.0	0.000396583	0.0	0.0	0.0	0.0	0.0	0.0	0.0	0.0	0.00027039800000000004	0.0	0.0	0.0	0.0	0.0	0.0	0.0	0.000234345	0.0	0.0	0.0	0.0	0.0	0.0	0.0	9.01326e-05	0.0	0.0	0.0	0.0	0.0	0.0	0.0	0.0	0.000144212	0.000108159	3.6053e-05	0.000126186	0.000342504	1.80265e-05	7.21061e-05	0.0005948749999999999	7.21061e-05	0.0	0.0	0.0	0.0	0.0	0.0	0.0	0.000793167	0.0	0.0	0.0	0.0	0.0	0.0	0.0	7.21061e-05	0.000126186	0.000180265	1.80265e-05	3.6053e-05	0.0	5.4079599999999996e-05	0.0	0.0	0.0	0.0	0.0	3.6053e-05	0.0	0.0	0.0	0.00124383	0.0	0.0	0.0	0.0	0.0	0.0	0.0	0.0	0.0	9.01326e-05	0.0	0.0	0.000144212	0.000252371	0.0	0.0	0.0	0.0	0.0	0.0	0.0	1.80265e-05	0.0	0.00138804	0.0	0.0	0.0	0.0	0.0
Ssp-CGub_067-Ex1-cssl	0.0824338	0.00129378	0.0331384	0.0	0.0	0.0	0.0	0.0	0.0	0.0	0.0	6.75604e-06	0.0	0.0	0.0	2.02681e-05	0.0	0.0	9.12065e-05	0.0	0.0	0.0	0.0	3.37802e-06	8.44505e-05	6.75604e-06	0.0	0.0	0.0	0.000111475	0.0	0.0	0.0	0.0	0.0	0.0	0.0	0.0	1.6890100000000003e-05	0.0	0.0	0.0	0.0	0.0	0.0	0.0	0.00035131400000000003	0.0	0.0	0.0	0.0	0.0	0.0	0.0	0.0	0.000246595	0.0	0.0	0.0	0.0	0.0	0.0	0.0	0.000182413	0.0	0.0	0.0	0.0	0.0	0.0	3.37802e-06	0.000114853	0.0	0.0	0.0	0.0	0.0	0.0	0.0	0.0	0.00017565700000000002	0.000145255	0.00010809699999999999	0.000162145	0.00037496000000000003	2.70242e-05	0.000131743	0.000560751	6.756040000000001e-05	0.0	0.0	0.0	0.0	0.0	0.0	0.0	0.0008546389999999999	0.0	0.0	0.0	0.0	0.0	0.0	0.0	7.76945e-05	0.00010809699999999999	0.000138499	1.01341e-05	1.35121e-05	0.0	9.12065e-05	0.0	0.0	0.0	0.0	0.0	0.000138499	0.0	0.0	0.0	0.00121609	0.0	0.0	0.0	3.37802e-06	0.0	0.0	0.0	0.0	0.0	0.000195925	0.0	0.0	0.000195925	0.000300644	6.75604e-06	0.0	0.0	0.0	0.0	0.0	0.0	0.0	0.0	0.0013748500000000002	0.0	0.0	0.0	0.0	0.0
Ssp-CGub_070-Ex1-cssl	0.0799747	0.00130244	0.030907900000000002	0.0	0.0	0.0	0.0	0.0	0.0	0.0	0.0	2.5046900000000002e-05	0.0	0.0	0.0	5.0093800000000005e-05	0.0	0.0	0.00015028100000000002	0.0	0.0	0.0	0.0	2.5046900000000002e-05	0.00015028100000000002	0.0	0.0	0.0	0.0	0.000125234	0.0	0.0	0.0	0.0	0.0	0.0	0.0	0.0	2.5046900000000002e-05	0.0	0.0	0.0	0.0	0.0	0.0	0.0	0.000500938	0.0	0.0	0.0	0.0	0.0	0.0	0.0	0.0	0.000275516	0.0	0.0	0.0	0.0	0.0	0.0	0.0	0.000225422	0.0	0.0	0.0	0.0	0.0	0.0	2.5046900000000002e-05	0.000125234	0.0	0.0	0.0	0.0	0.0	0.0	0.0	0.0	0.000125234	0.00015028100000000002	0.000200375	0.000175328	0.000250469	5.0093800000000005e-05	0.00015028100000000002	0.000601125	0.000100188	0.0	0.0	0.0	0.0	0.0	0.0	0.0	0.0011020600000000002	0.0	0.0	0.0	0.0	0.0	0.0	0.0	7.51406e-05	0.000125234	0.000175328	0.0	5.0093800000000005e-05	0.0	0.000175328	0.0	0.0	0.0	0.0	0.0	0.000250469	0.0	0.0	0.0	0.00152786	0.0	0.0	0.0	0.0	0.0	0.0	0.0	0.0	0.0	0.000275516	0.0	0.0	0.000275516	0.00032560900000000003	0.0	0.0	0.0	0.0	0.0	0.0	0.0	0.0	0.0	0.00180338	0.0	0.0	0.0	0.0	0.0
Ssp-CGub_073-Ex1-cssl	0.08143929999999999	0.00131745	0.0319655	0.0	0.0	0.0	0.0	0.0	0.0	0.0	0.0	0.0	0.0	0.0	0.0	3.46698e-05	0.0	0.0	0.000104009	0.0	0.0	0.0	0.0	3.46698e-05	6.93395e-05	0.0	0.0	0.0	0.0	0.000173349	0.0	0.0	0.0	0.0	0.0	0.0	0.0	0.0	3.46698e-05	0.0	0.0	0.0	0.0	0.0	0.0	0.0	0.000277358	0.0	0.0	0.0	0.0	0.0	0.0	0.0	0.0	0.00020801900000000002	0.0	0.0	0.0	0.0	0.0	0.0	0.0	0.000173349	0.0	0.0	0.0	0.0	0.0	0.0	0.0	0.000104009	0.0	0.0	0.0	0.0	0.0	0.0	0.0	0.0	0.000138679	0.000173349	0.000104009	3.46698e-05	0.000277358	3.46698e-05	6.93395e-05	0.00048537699999999994	0.000104009	0.0	0.0	0.0	0.0	0.0	0.0	0.0	0.000624056	0.0	0.0	0.0	0.0	0.0	0.0	0.0	6.93395e-05	6.93395e-05	6.93395e-05	0.0	0.0	0.0	3.46698e-05	0.0	0.0	0.0	0.0	0.0	6.93395e-05	0.0	0.0	0.0	0.00110943	0.0	0.0	0.0	0.0	0.0	0.0	0.0	0.0	0.0	0.000138679	0.0	0.0	6.93395e-05	6.93395e-05	0.0	0.0	0.0	0.0	0.0	0.0	0.0	0.0	0.0	0.0009707539999999999	0.0	0.0	0.0	0.0	0.0
Ssp-CGub_076-Ex1-cssl	0.0939098	0.00199808	0.0319693	0.0	0.0	0.0	0.0	0.0	0.0	0.0	0.0	0.0	0.0	0.0	0.0	0.0	0.0	0.0	0.0	0.0	0.0	0.0	0.0	0.0	0.0	0.0	0.0	0.0	0.0	0.0	0.0	0.0	0.0	0.0	0.0	0.0	0.0	0.0	0.0	0.0	0.0	0.0	0.0	0.0	0.0	0.0	0.0	0.0	0.0	0.0	0.0	0.0	0.0	0.0	0.0	0.0	0.0	0.0	0.0	0.0	0.0	0.0	0.0	0.0	0.0	0.0	0.0	0.0	0.0	0.0	0.0	0.0	0.0	0.0	0.0	0.0	0.0	0.0	0.0	0.0	0.0	0.0	0.0	0.0	0.0	0.0	0.0	0.0	0.0	0.0	0.0	0.0	0.0	0.0	0.0	0.0	0.0	0.0	0.0	0.0	0.0	0.0	0.0	0.0	0.0	0.0	0.0	0.0	0.0	0.0	0.0	0.0	0.0	0.0	0.0	0.0	0.0	0.0	0.0	0.0	0.0	0.0	0.0	0.0	0.0	0.0	0.0	0.0	0.0	0.0	0.0	0.0	0.0	0.0	0.0	0.0	0.0	0.0	0.0	0.0	0.0	0.0	0.0	0.0	0.00199808	0.0	0.0	0.0	0.0	0.0
Ssp-CGub_077-Ex1-cssl	0.0838859	0.0013381	0.0330852	0.0	5.247460000000001e-06	0.0	0.0	0.0	0.0	0.0	0.0	1.04949e-05	0.0	0.0	0.0	1.57424e-05	0.0	0.0	0.000115444	0.0	0.0	0.0	0.0	2.09898e-05	8.92068e-05	1.57424e-05	0.0	0.0	0.0	0.000110197	0.0	5.247460000000001e-06	0.0	0.0	0.0	0.0	0.0	0.0	1.57424e-05	0.0	0.0	0.0	0.0	0.0	0.0	0.0	0.00039355900000000003	0.0	0.0	0.0	0.0	0.0	0.0	0.0	0.0	0.00016791900000000002	0.0	0.0	0.0	0.0	0.0	0.0	0.0	0.0003096	0.0	0.0	0.0	0.0	0.0	0.0	1.04949e-05	0.000183661	0.0	0.0	0.0	0.0	0.0	0.0	0.0	5.247460000000001e-06	0.000194156	0.000115444	0.000104949	0.000115444	0.000409302	5.247460000000001e-06	0.000136434	0.000529993	0.000104949	0.0	0.0	0.0	0.0	0.0	0.0	0.0	0.000802861	0.0	0.0	0.0	0.0	0.0	0.0	0.0	4.19797e-05	5.7722e-05	0.000178414	0.0	1.57424e-05	0.0	3.67322e-05	0.0	0.0	0.0	0.0	0.0	0.000209898	0.0	0.0	0.0	0.00118068	0.0	0.0	0.0	0.0	0.0	0.0	0.0	0.0	0.0	0.00016791900000000002	0.0	0.0	0.000194156	0.000194156	0.0	0.0	0.0	0.0	0.0	0.0	0.0	0.0	0.0	0.00129087	0.0	0.0	0.0	0.0	0.0
Ssp-CGub_078-Ex1-cssl	0.08097710000000001	0.00130328	0.029367199999999996	0.0	0.0	0.0	0.0	0.0	0.0	0.0	0.0	0.0	0.0	0.0	0.0	0.0	0.0	0.0	8.68853e-05	0.0	0.0	0.0	0.0	0.0	8.68853e-05	0.0	0.0	0.0	0.0	0.000173771	0.0	0.0	0.0	0.0	0.0	0.0	0.0	0.0	0.0	0.0	0.0	0.0	0.0	0.0	0.0	0.0	0.000347541	0.0	0.0	0.0	0.0	0.0	0.0	0.0	0.0	8.68853e-05	0.0	0.0	0.0	0.0	0.0	0.0	0.0	0.000260656	0.0	0.0	0.0	0.0	0.0	0.0	0.0	8.68853e-05	0.0	0.0	0.0	0.0	0.0	0.0	0.0	0.0	0.000173771	0.000173771	0.000173771	0.000173771	0.000260656	0.0	0.000173771	0.000521312	8.68853e-05	0.0	0.0	0.0	0.0	0.0	0.0	0.0	0.000521312	0.0	0.0	0.0	0.0	0.0	0.0	0.0	0.0	8.68853e-05	0.0	0.0	0.0	0.0	8.68853e-05	0.0	0.0	0.0	0.0	0.0	8.68853e-05	0.0	0.0	0.0	0.0012163900000000001	0.0	0.0	0.0	0.0	0.0	0.0	0.0	0.0	0.0	0.000260656	0.0	0.0	0.000260656	0.000347541	0.0	0.0	0.0	0.0	0.0	0.0	0.0	0.0	0.0	0.00130328	0.0	0.0	0.0	0.0	0.0
Ssp-CGub_080-Ex1-cssl	0.0819305	0.0014270700000000001	0.0323581	0.0	5.5963399999999995e-06	0.0	0.0	0.0	0.0	0.0	0.0	5.5963399999999995e-06	0.0	0.0	0.0	1.6789e-05	0.0	0.0	0.000139909	0.0	0.0	0.0	0.0	2.2385399999999997e-05	7.83488e-05	0.0	0.0	0.0	0.0	9.513780000000001e-05	0.0	0.0	0.0	0.0	0.0	0.0	0.0	0.0	1.1192699999999999e-05	0.0	0.0	0.0	0.0	0.0	0.0	0.0	0.000358166	0.0	0.0	0.0	0.0	0.0	0.0	0.0	0.0	0.00023504599999999999	0.0	0.0	0.0	0.0	0.0	0.0	0.0	0.00029100999999999997	0.0	0.0	0.0	0.0	0.0	0.0	1.1192699999999999e-05	0.000111927	0.0	0.0	0.0	0.0	0.0	0.0	0.0	0.0	0.000251835	0.000156698	9.513780000000001e-05	0.00012871600000000002	0.0004980739999999999	1.1192699999999999e-05	0.000106331	0.000559634	0.000111927	0.0	0.0	0.0	0.0	0.0	0.0	0.0	0.0007946810000000001	0.0	0.0	0.0	0.0	0.0	0.0	0.0	0.000111927	7.83488e-05	0.000151101	5.5963399999999995e-06	1.6789e-05	0.0	5.59634e-05	0.0	0.0	0.0	0.0	0.0	8.39451e-05	0.0	0.0	0.0	0.0012312	0.0	0.0	0.0	0.0	0.0	0.0	0.0	0.0	0.0	0.00011752299999999999	0.0	0.0	0.000246239	0.000173487	1.1192699999999999e-05	0.0	0.0	0.0	0.0	0.0	0.0	0.0	0.0	0.0013263300000000001	0.0	0.0	0.0	0.0	0.0
Ssp-CGub_082-Ex1-cssl	0.0808705	0.00115975	0.0335882	0.0	0.0	0.0	0.0	0.0	0.0	0.0	0.0	0.0	0.0	0.0	0.0	0.0	0.0	0.0	0.000133818	0.0	0.0	0.0	0.0	0.0	0.000178424	0.0	0.0	0.0	0.0	4.46059e-05	0.0	0.0	0.0	0.0	0.0	0.0	0.0	0.0	0.0	0.0	0.0	0.0	0.0	0.0	0.0	0.0	0.0004906649999999999	0.0	0.0	0.0	0.0	0.0	0.0	0.0	0.0	0.00026763499999999995	0.0	0.0	0.0	0.0	0.0	0.0	4.46059e-05	0.00026763499999999995	0.0	0.0	0.0	0.0	0.0	0.0	0.0	4.46059e-05	0.0	0.0	0.0	0.0	0.0	0.0	0.0	4.46059e-05	0.000356847	8.92118e-05	0.00022302900000000002	0.000133818	0.000446059	4.46059e-05	0.00022302900000000002	0.000356847	0.000133818	0.0	0.0	0.0	0.0	0.0	0.0	0.0	0.0008475119999999999	0.0	0.0	0.0	0.0	0.0	0.0	0.0	0.000133818	0.00022302900000000002	0.000356847	0.0	4.46059e-05	0.0	8.92118e-05	0.0	0.0	0.0	0.0	0.0	0.00026763499999999995	0.0	0.0	0.0	0.00120436	0.0	0.0	0.0	0.0	0.0	0.0	0.0	0.0	0.0	0.000312241	0.0	0.0	0.000356847	0.000312241	4.46059e-05	0.0	0.0	0.0	0.0	0.0	0.0	0.0	0.0	0.0015166000000000001	0.0	0.0	0.0	0.0	0.0
Ssp-CGub_085-Ex1-cssl	0.0821452	0.00144026	0.0323872	0.0	0.0	0.0	0.0	0.0	0.0	0.0	0.0	0.0	0.0	0.0	0.0	5.0096199999999996e-05	0.0	0.0	5.0096199999999996e-05	0.0	0.0	0.0	0.0	7.51442e-05	8.76683e-05	1.2524e-05	0.0	0.0	0.0	0.00012524000000000001	0.0	2.5048099999999998e-05	0.0	0.0	0.0	0.0	0.0	0.0	1.2524e-05	0.0	0.0	0.0	0.0	0.0	0.0	0.0	0.00035067299999999997	0.0	0.0	0.0	0.0	0.0	0.0	0.0	0.0	0.000225433	0.0	0.0	0.0	0.0	0.0	0.0	0.0	0.000250481	0.0	0.0	0.0	0.0	0.0	0.0	0.0	8.76683e-05	0.0	0.0	0.0	0.0	0.0	0.0	0.0	2.5048099999999998e-05	0.000187861	0.000175337	0.000100192	0.000150288	0.00038824500000000006	1.2524e-05	0.000150288	0.000538534	0.000137764	0.0	0.0	0.0	0.0	0.0	0.0	0.0	0.000851635	0.0	0.0	0.0	0.0	0.0	0.0	0.0	8.76683e-05	0.000100192	0.000175337	1.2524e-05	2.5048099999999998e-05	0.0	8.76683e-05	0.0	0.0	0.0	0.0	0.0	0.000150288	0.0	0.0	0.0	0.00122736	0.0	0.0	0.0	0.0	0.0	0.0	0.0	0.0	0.0	0.00021290899999999998	0.0	0.0	0.000275529	0.000187861	1.2524e-05	0.0	0.0	0.0	0.0	0.0	0.0	0.0	0.0	0.00139017	0.0	0.0	0.0	0.0	0.0
Ssp-CGub_089-Ex1-cssl	0.0810243	0.0017119600000000002	0.0324251	0.0	0.0	0.0	0.0	0.0	0.0	0.0	0.0	2.55517e-05	0.0	0.0	0.0	0.0	0.0	0.0	0.00010220699999999999	0.0	0.0	0.0	0.0	2.55517e-05	2.55517e-05	0.0	0.0	0.0	0.0	7.6655e-05	0.0	0.0	0.0	0.0	0.0	0.0	0.0	0.0	0.0	0.0	0.0	0.0	0.0	0.0	0.0	0.0	0.000357723	0.0	0.0	0.0	0.0	0.0	0.0	0.0	0.0	0.000332172	0.0	0.0	0.0	0.0	0.0	0.0	0.0	7.6655e-05	0.0	0.0	0.0	0.0	0.0	0.0	0.0	0.00010220699999999999	0.0	0.0	0.0	0.0	0.0	0.0	0.0	0.0	0.000204413	2.55517e-05	7.6655e-05	2.55517e-05	0.000536585	0.0	0.000178862	0.000408827	5.11033e-05	0.0	0.0	0.0	0.0	0.0	0.0	0.0	0.00109872	0.0	0.0	0.0	0.0	0.0	0.0	0.0	5.11033e-05	5.11033e-05	0.000255517	0.0	2.55517e-05	0.0	2.55517e-05	0.0	0.0	0.0	0.0	0.0	0.000229965	0.0	0.0	0.0	0.00163531	0.0	0.0	0.0	0.0	0.0	0.0	0.0	0.0	0.0	0.000127758	0.0	0.0	0.000178862	0.000127758	0.0	0.0	0.0	0.0	0.0	0.0	0.0	0.0	0.0	0.0017119600000000002	0.0	0.0	0.0	0.0	0.0
Ssp-CGub_090-Ex1-cssl	0.0823822	0.00130272	0.0326681	0.0	5.27415e-06	0.0	0.0	0.0	0.0	0.0	0.0	3.16449e-05	0.0	0.0	0.0	5.27415e-06	0.0	0.0	7.91123e-05	0.0	0.0	0.0	0.0	1.58225e-05	8.43864e-05	1.05483e-05	0.0	0.0	0.0	0.000142402	0.0	1.05483e-05	0.0	0.0	0.0	0.0	0.0	0.0	1.58225e-05	0.0	0.0	0.0	0.0	0.0	0.0	0.0	0.000353368	0.0	0.0	0.0	0.0	0.0	0.0	0.0	0.0	0.000284804	0.0	0.0	0.0	0.0	0.0	0.0	5.27415e-06	0.000247885	0.0	0.0	0.0	0.0	0.0	0.0	5.27415e-06	0.000163499	0.0	0.0	0.0	0.0	0.0	0.0	0.0	1.05483e-05	0.00018459500000000002	8.96606e-05	8.96606e-05	8.43864e-05	0.000337546	0.0	7.91123e-05	0.00048522199999999994	0.000105483	0.0	0.0	0.0	0.0	0.0	0.0	0.0	0.000764752	0.0	0.0	0.0	0.0	0.0	0.0	0.0	8.43864e-05	7.38381e-05	0.000100209	0.0	1.05483e-05	0.0	4.74674e-05	0.0	0.0	0.0	0.0	0.0	0.000158225	0.0	0.0	0.0	0.00119196	0.0	0.0	0.0	2.63708e-05	0.0	0.0	0.0	0.0	0.0	0.000110757	0.0	0.0	0.000163499	0.00021623999999999998	0.0	0.0	0.0	0.0	0.0	0.0	0.0	0.0	0.0	0.0012077799999999999	0.0	0.0	0.0	0.0	0.0
Ssp-CGub_091-Ex1-cssl	0.0908887	0.0	0.0306897	0.0	0.0	0.0	0.0	0.0	0.0	0.0	0.0	0.0	0.0	0.0	0.0	0.0	0.0	0.0	0.0	0.0	0.0	0.0	0.0	0.0	0.0	0.0	0.0	0.0	0.0	0.0	0.0	0.0	0.0	0.0	0.0	0.0	0.0	0.0	0.0	0.0	0.0	0.0	0.0	0.0	0.0	0.0	0.0	0.0	0.0	0.0	0.0	0.0	0.0	0.0	0.0	0.0	0.0	0.0	0.0	0.0	0.0	0.0	0.0	0.0	0.0	0.0	0.0	0.0	0.0	0.0	0.0	0.0	0.0	0.0	0.0	0.0	0.0	0.0	0.0	0.0	0.0	0.0	0.0	0.0	0.0	0.0	0.0	0.0	0.0	0.0	0.0	0.0	0.0	0.0	0.0	0.0	0.0	0.0	0.0	0.0	0.0	0.0	0.0	0.0	0.0	0.0	0.0	0.0	0.0	0.0	0.0	0.0	0.0	0.0	0.0	0.0	0.0	0.0	0.0	0.0	0.0	0.0	0.0	0.0	0.0	0.0	0.0	0.0	0.0	0.0	0.0	0.0	0.0	0.0	0.0	0.0	0.0	0.0	0.0	0.0	0.0	0.0	0.0	0.0	0.0	0.0	0.0	0.0	0.0	0.0
Ssp-CGub_092-Ex1-cssl	0.0819382	0.00129725	0.033580399999999996	0.0	7.0502700000000005e-06	0.0	0.0	0.0	0.0	0.0	0.0	7.0502700000000005e-06	0.0	0.0	0.0	1.4100500000000002e-05	0.0	0.0	0.000105754	0.0	0.0	0.0	0.0	3.52513e-05	6.34524e-05	0.0	0.0	0.0	0.0	0.000133955	0.0	0.0	0.0	0.0	0.0	0.0	0.0	0.0	1.4100500000000002e-05	0.0	0.0	0.0	0.0	0.0	0.0	0.0	0.000387765	0.0	0.0	0.0	0.0	0.0	0.0	0.0	0.0	0.00020445800000000003	0.0	0.0	0.0	0.0	0.0	0.0	0.0	0.00019740800000000002	0.0	0.0	0.0	0.0	0.0	0.0	7.0502700000000005e-06	0.00011280400000000001	0.0	0.0	0.0	0.0	0.0	0.0	0.0	0.0	0.000176257	0.000169206	9.870380000000001e-05	0.000148056	0.000345463	2.1150799999999997e-05	0.000169206	0.0005217199999999999	9.16535e-05	0.0	0.0	0.0	0.0	0.0	0.0	0.0	0.000958837	0.0	0.0	0.0	0.0	0.0	0.0	0.0	6.34524e-05	8.460319999999999e-05	0.000162156	7.0502700000000005e-06	2.1150799999999997e-05	0.0	6.34524e-05	0.0	0.0	0.0	0.0	0.0	0.000176257	0.0	0.0	0.0	0.00138185	0.0	0.0	0.0	0.0	0.0	0.0	0.0	0.0	0.0	0.000211508	0.0	0.0	0.000176257	0.00020445800000000003	7.0502700000000005e-06	0.0	0.0	0.0	0.0	0.0	0.0	0.0	0.0	0.00148056	0.0	0.0	0.0	0.0	0.0
Ssp-CGub_094-Ex1-cssl	0.0835749	0.00139886	0.0318994	0.0	0.0	0.0	0.0	0.0	0.0	0.0	0.0	0.0	0.0	0.0	0.0	0.0	0.0	0.0	0.00010971400000000001	0.0	0.0	0.0	0.0	0.0	8.22858e-05	0.0	0.0	0.0	0.0	8.22858e-05	0.0	0.0	0.0	0.0	0.0	0.0	0.0	0.0	0.0	0.0	0.0	0.0	0.0	0.0	0.0	0.0	0.000246857	0.0	0.0	0.0	0.0	0.0	0.0	0.0	0.0	0.000329143	0.0	0.0	0.0	0.0	0.0	0.0	0.0	0.000301714	0.0	0.0	0.0	0.0	0.0	0.0	0.0	5.48572e-05	0.0	0.0	0.0	0.0	0.0	0.0	0.0	2.74286e-05	0.000137143	0.000137143	8.22858e-05	8.22858e-05	0.000164572	0.0	8.22858e-05	0.000630858	8.22858e-05	0.0	0.0	0.0	0.0	0.0	0.0	0.0	0.0007679999999999999	0.0	0.0	0.0	0.0	0.0	0.0	0.0	0.00019199999999999998	0.000164572	8.22858e-05	0.0	2.74286e-05	0.0	5.48572e-05	0.0	0.0	0.0	0.0	0.0	8.22858e-05	0.0	0.0	0.0	0.00123429	0.0	0.0	0.0	0.0	0.0	0.0	0.0	0.0	0.0	8.22858e-05	0.0	0.0	0.000329143	0.00010971400000000001	0.0	0.0	0.0	0.0	0.0	0.0	0.0	0.0	0.0	0.00126172	0.0	0.0	0.0	0.0	0.0
Ssp-CGub_095-Ex1-cssl	0.08024189999999999	0.00149827	0.0333527	0.0	0.0	0.0	0.0	0.0	0.0	0.0	0.0	0.0	0.0	0.0	0.0	2.60568e-05	0.0	0.0	0.000104227	0.0	0.0	0.0	0.0	1.30284e-05	0.000156341	2.60568e-05	0.0	0.0	0.0	0.000104227	0.0	0.0	0.0	0.0	0.0	0.0	0.0	0.0	1.30284e-05	0.0	0.0	0.0	0.0	0.0	0.0	0.0	0.000495079	0.0	0.0	0.0	0.0	0.0	0.0	0.0	0.0	0.000208454	0.0	0.0	0.0	0.0	0.0	0.0	0.0	0.00026056800000000003	0.0	0.0	0.0	0.0	0.0	0.0	0.0	0.000156341	0.0	0.0	0.0	0.0	0.0	0.0	0.0	0.0	0.000169369	0.00013028400000000002	3.9085199999999996e-05	0.000104227	0.000416909	3.9085199999999996e-05	0.00018239799999999998	0.00046902200000000004	5.21136e-05	0.0	0.0	0.0	0.0	0.0	0.0	0.0	0.000742619	0.0	0.0	0.0	0.0	0.0	0.0	0.0	7.817039999999999e-05	9.11988e-05	0.000169369	1.30284e-05	1.30284e-05	0.0	9.11988e-05	0.0	0.0	0.0	0.0	0.0	0.00011725599999999999	0.0	0.0	0.0	0.00121164	0.0	0.0	0.0	0.0	0.0	0.0	0.0	0.0	0.0	0.00011725599999999999	0.0	0.0	0.00024754	0.00019542599999999998	0.0	0.0	0.0	0.0	0.0	0.0	0.0	0.0	0.0	0.00145918	0.0	0.0	0.0	0.0	0.0
Ssp-CGub_096-Ex1-cssl	0.0821003	0.00139132	0.032653800000000004	0.0	0.0	0.0	0.0	0.0	0.0	0.0	0.0	1.20985e-05	0.0	0.0	0.0	1.20985e-05	0.0	0.0	0.000145182	0.0	0.0	0.0	0.0	0.0	0.000133083	2.4197e-05	0.0	0.0	0.0	8.46893e-05	0.0	0.0	0.0	0.0	0.0	0.0	0.0	0.0	1.20985e-05	0.0	0.0	0.0	0.0	0.0	0.0	0.0	0.000375053	0.0	0.0	0.0	0.0	0.0	0.0	0.0	0.0	0.000205674	0.0	0.0	0.0	0.0	0.0	0.0	1.20985e-05	0.000278265	0.0	0.0	0.0	0.0	0.0	0.0	0.0	0.000133083	0.0	0.0	0.0	0.0	0.0	0.0	0.0	0.0	0.00024197	8.46893e-05	0.000133083	0.000108886	0.000338757	3.62954e-05	8.46893e-05	0.000580727	0.000108886	0.0	0.0	0.0	0.0	0.0	0.0	0.0	0.000774302	0.0	0.0	0.0	0.0	0.0	0.0	0.0	9.67878e-05	9.67878e-05	0.000169379	0.0	0.0	0.0	7.25909e-05	0.0	0.0	0.0	0.0	0.0	0.000133083	0.0	0.0	0.0	0.00127034	0.0	0.0	0.0	1.20985e-05	0.0	0.0	0.0	0.0	0.0	0.000169379	0.0	0.0	0.000120985	0.000266166	0.0	0.0	0.0	0.0	0.0	0.0	0.0	0.0	0.0	0.00123404	0.0	0.0	0.0	0.0	0.0
