Sample	fastp_mqc-generalstats-fastp-pct_duplication	fastp_mqc-generalstats-fastp-after_filtering_q30_rate	fastp_mqc-generalstats-fastp-after_filtering_q30_bases	fastp_mqc-generalstats-fastp-after_filtering_gc_content	fastp_mqc-generalstats-fastp-pct_surviving	fastp_mqc-generalstats-fastp-pct_adapter
SdA01001_CKDL210020579-1a-5UDI301-AK533_HKGLMDSX2_L2_fastp	76.2021	0.931014	3097693101.0	0.422593	95.41713256850953	67.72971306949799
SdA01002_CKDL210020579-1a-5UDI301-AK7557_HKGLMDSX2_L2_fastp	71.7784	0.92468	4461454151.0	0.419722	95.29693662929066	74.17965288475756
SdA01003_CKDL210020579-1a-5UDI301-AK8488_HKGLMDSX2_L2_fastp	77.8274	0.936948	3217274026.0	0.420569	94.7920022797334	64.80614871325906
SdA01005_CKDL210020579-1a-5UDI301-GC06_HKGLMDSX2_L2_fastp	70.7884	0.932598	5722761448.0	0.416041	95.50305348609187	76.29760690890741
SdA01006_CKDL210020579-1a-5UDI301-AK4236_HKGLMDSX2_L2_fastp	80.0513	0.93455	2816440747.0	0.471085	94.89522990484467	52.58952103595876
SdA01007_CKDL210020579-1a-5UDI301-AK10343_HKGLMDSX2_L2_fastp	76.75189999999999	0.936336	4170961451.0	0.416486	96.05493117712733	65.39558357526506
SdA01008_CKDL210020579-1a-5UDI301-AK4234_HKGLMDSX2_L2_fastp	63.273900000000005	0.885301	582885986.0	0.426772	79.7920233265438	62.80564208729482
SdA01009_CKDL210020579-1a-5UDI301-GD06_HKGLMDSX2_L2_fastp	71.6604	0.909598	1612316982.0	0.440813	91.32468864672691	73.04333573049094
SdA01010_CKDL210020579-1a-AK7758-AK533_HKGLMDSX2_L2_fastp	74.65220000000001	0.931604	4738813017.0	0.415138	96.216326468333	75.08124187328492
SdA01011_CKDL210020579-1a-AK7758-AK7557_HKGLMDSX2_L2_fastp	74.9336	0.936128	2533125885.0	0.417025	95.957889767589	69.52529059591188
SdA01012_CKDL210020579-1a-AK7758-AK8488_HKGLMDSX2_L2_fastp	76.42020000000001	0.939954	5409859799.0	0.414862	96.88255825284462	72.71612481457184
SdA01013_CKDL210020579-1a-AK7758-GC06_HKGLMDSX2_L2_fastp	72.30969999999999	0.927749	5150781904.0	0.410667	95.83018416154019	72.55291199609874
SdA01014_CKDL210020579-1a-AK7758-AK4236_HKGLMDSX2_L2_fastp	75.1627	0.936232	4596717759.0	0.420927	96.33235340357913	70.29175864248649
SdA01015_CKDL210020579-1a-AK7758-AK10343_HKGLMDSX2_L2_fastp	74.9744	0.927853	4161967129.0	0.416746	95.73379216896296	65.25902225784891
SdA01016_CKDL210020579-1a-AK7758-AK4234_HKGLMDSX2_L2_fastp	75.0954	0.926374	3669928971.0	0.413713	94.495550719539	61.94626081437888
SdA01017_CKDL210020579-1a-AK7758-GD06_HKGLMDSX2_L2_fastp	74.0314	0.917026	2864865280.0	0.437891	92.69818504313304	68.581591156955
SdA01018_CKDL210020579-1a-AK7078-AK533_HKGLMDSX2_L2_fastp	75.8582	0.93584	5013579400.0	0.412459	96.55689738823988	70.93088564745995
SdA01019_CKDL210020579-1a-AK7078-AK7557_HKGLMDSX2_L2_fastp	75.8023	0.935486	4352545819.0	0.410304	96.10099597149471	67.65430439507462
SdA01020_CKDL210020579-1a-AK7078-AK8488_HKGLMDSX2_L2_fastp	78.05199999999999	0.940668	3943889448.0	0.422285	96.97359691684998	68.74762818074144
SdA01021_CKDL210020579-1a-AK7078-GC06_HKGLMDSX2_L2_fastp	74.2799	0.938594	4788836407.0	0.413342	96.25054740429762	73.23159759536179
SdA01022_CKDL210020579-1a-AK7078-AK4236_HKGLMDSX2_L2_fastp	77.3978	0.939127	3660423991.0	0.427976	95.79656895260737	68.56422317366466
SdA01023_CKDL210020579-1a-AK7078-AK10343_HKGLMDSX2_L2_fastp	76.214	0.932023	4268043769.0	0.42169	96.26541622300746	70.27520323879216
SdA01024_CKDL210020579-1a-AK7078-AK4234_HKGLMDSX2_L2_fastp	73.8331	0.914071	1484346201.0	0.418874	92.12109554778088	70.38718233157121
SdA01025_CKDL210020579-1a-AK7078-GD06_HKGLMDSX2_L2_fastp	78.0009	0.934721	5165502289.0	0.424301	97.14664347874806	62.49990342132497
SdA01026_CKDL210020579-1a-AK9143-AK533_HKGLMDSX2_L2_fastp	78.6439	0.930195	2689246423.0	0.414025	95.22662264586353	62.347544703898194
SdA01027_CKDL210020579-1a-AK9143-AK7557_HKGLMDSX2_L2_fastp	77.3058	0.937358	3009390022.0	0.422414	93.98904930913707	63.72444137777503
SdA01028_CKDL210020579-1a-AK9143-AK8488_HKGLMDSX2_L2_fastp	73.9768	0.918563	1005271901.0	0.419055	95.35002289551336	63.35135507847238
SdA01029_CKDL210020579-1a-AK9143-GC06_HKGLMDSX2_L2_fastp	74.2718	0.924829	4446982842.0	0.416098	95.25690681277534	67.31294117506896
SdA01030_CKDL210020579-1a-AK9143-AK4236_HKGLMDSX2_L2_fastp	74.2625	0.932722	3502576720.0	0.419263	95.73108330097133	68.83147536812693
SdA01031_CKDL210020579-1a-AK9143-AK10343_HKGLMDSX2_L2_fastp	74.1767	0.943025	3029893860.0	0.41482	96.73112860807373	72.45718957512133
SdA01032_CKDL210020579-1a-AK9143-AK4234_HKGLMDSX2_L2_fastp	74.12440000000001	0.921969	1578307393.0	0.420285	94.96104314575119	64.17767829429198
SdA01033_CKDL210020579-1a-AK9143-GD06_HKGLMDSX2_L2_fastp	74.1875	0.940342	3778071740.0	0.42285	96.27147532098672	73.72124298544497
SdA01034_CKDL210020579-1a-5UDI225-AK533_HKGLMDSX2_L2_fastp	77.7842	0.93182	4881616804.0	0.412104	96.37707039043013	69.95366638925033
SdA01035_CKDL210020579-1a-5UDI225-AK7557_HKGLMDSX2_L2_fastp	78.2609	0.94027	3363926729.0	0.419288	94.14654941158011	68.20686508072875
SdA01036_CKDL210020579-1a-5UDI225-AK8488_HKGLMDSX2_L2_fastp	76.7146	0.941544	3723771846.0	0.415294	97.50769898920043	73.96982700666057
SdA01037_CKDL210020579-1a-5UDI225-GC06_HKGLMDSX2_L2_fastp	78.684	0.942799	3335232679.0	0.424877	95.58405022965263	65.02322837548853
SdA01038_CKDL210020579-1a-5UDI225-AK4236_HKGLMDSX2_L2_fastp	78.0715	0.927298	1251004296.0	0.452955	93.08876306424796	63.283904874345495
SdA01039_CKDL210020579-1a-5UDI225-AK10343_HKGLMDSX2_L2_fastp	78.5831	0.930539	3925429233.0	0.417947	95.73263906640315	59.4925950148578
SdA01040_CKDL210020579-1a-5UDI225-AK4234_HKGLMDSX2_L2_fastp	76.8204	0.936511	1654109757.0	0.411313	96.71562901841219	60.94428204132322
SdA01041_CKDL210020579-1a-5UDI225-GD06_HKGLMDSX2_L2_fastp	79.18220000000001	0.935631	3273137008.0	0.42114	94.8578185097119	64.2897906089875
SdA01042_CKDL210020579-1a-AK9144-AK533_HKGLMDSX2_L2_fastp	78.06530000000001	0.939193	6226351550.0	0.404582	96.57719690657363	74.21543331545156
SdA01043_CKDL210020579-1a-AK9144-AK7557_HKGLMDSX2_L2_fastp	78.335	0.924736	1577299948.0	0.418104	95.0456394175541	64.50368191837967
SdA01045_CKDL210020579-1a-AK9144-GC06_HKGLMDSX2_L2_fastp	77.60810000000001	0.929925	5945717565.0	0.415029	95.3115265220086	71.49099919293324
SdA01046_CKDL210020579-1a-AK9144-AK4236_HKGLMDSX2_L2_fastp	78.8262	0.932518	3370433396.0	0.437142	94.37226794164008	71.11537638782531
SdA01047_CKDL210020579-1a-AK9144-AK10343_HKGLMDSX2_L2_fastp	82.15299999999999	0.933893	2142754253.0	0.486331	94.36063186077644	57.240294511378856
SdA01048_CKDL210020579-1a-AK9144-AK4234_HKGLMDSX2_L2_fastp	78.99770000000001	0.923361	2963424882.0	0.408331	93.385296720642	61.468928253639774
SdA01049_CKDL210020579-1a-AK9144-GD06_HKGLMDSX2_L2_fastp	76.5668	0.91381	6418829723.0	0.41931	93.63284923212322	69.63480853380389
SdA01050_CKDL210020579-1a-AK3911-GC06_HKGLMDSX2_L2_fastp	72.81689999999999	0.925647	4138359372.0	0.412524	94.42365507157072	72.0725078813194
SdA01051_CKDL210020579-1a-AK3911-GD06_HKGLMDSX2_L2_fastp	75.399	0.931872	5039665722.0	0.406924	96.27125246947553	69.54695088655018
SdA01052_CKDL210020579-1a-5UDI245-GC06_HKGLMDSX2_L2_fastp	73.9171	0.930487	4004932013.0	0.404324	95.15086309815815	71.8739987826934
SdA01053_CKDL210020579-1a-5UDI245-GD06_HKGLMDSX2_L2_fastp	73.729	0.92979	5592649468.0	0.402085	95.76942134310734	69.83894002952444
SdA01054_CKDL210020579-1a-AK8593-GC06_HKGLMDSX2_L2_fastp	75.6015	0.928049	4580695966.0	0.409746	94.63124848064162	71.55734717175237
SdA01055_CKDL210020579-1a-AK8593-GD06_HKGLMDSX2_L2_fastp	75.28190000000001	0.921399	4046992786.0	0.425298	92.26251011328944	68.78609646585568
SdA01056_CKDL210020579-1a-5UDI294-GC06_HKGLMDSX2_L2_fastp	74.0663	0.931133	4226848621.0	0.405647	94.96989945400645	71.2072009799524
SdA01057_CKDL210020579-1a-5UDI294-GD06_HKGLMDSX2_L2_fastp	80.51650000000001	0.937003	2524303171.0	0.521204	92.42783914036335	48.84462981127706
SdA01059_CKDL210020579-1a-AK9146-GD06_HKGLMDSX2_L2_fastp	72.1973	0.91194	4001533315.0	0.414945	92.83525340361155	72.6125438275812
SdA01060_CKDL210020579-1a-AK5577-GC06_HKGLMDSX2_L2_fastp	73.3956	0.908764	5777823372.0	0.418032	93.23583970164981	70.07769075787115
SdA01061_CKDL210020579-1a-AK3911-AK533_HKGLMDSX2_L2_fastp	73.9653	0.935488	5745060500.0	0.413344	96.84188857621776	75.93132444593907
SdA01062_CKDL210020579-1a-AK3911-AK4236_HKGLMDSX2_L2_fastp	71.8142	0.924932	4589474125.0	0.408356	94.58636463173168	73.85461273155904
SdA01063_CKDL210020579-1a-5UDI245-AK533_HKGLMDSX2_L2_fastp	75.4289	0.923749	4640688478.0	0.406895	94.93401051827026	69.33283408657736
SdA01064_CKDL210020579-1a-5UDI245-AK4236_HKGLMDSX2_L2_fastp	73.8933	0.922731	4201154847.0	0.406039	94.33754335138693	68.04895569933286
SdA01065_CKDL210020579-1a-AK8593-AK533_HKGLMDSX2_L2_fastp	77.0406	0.932604	5461224364.0	0.409234	95.53541315194775	74.22286832567035
SdA01066_CKDL210020579-1a-AK8593-AK4236_HKGLMDSX2_L2_fastp	74.7005	0.933603	3013549233.0	0.406316	95.06809886528964	73.76365200873936
SdA01067_CKDL210020579-1a-5UDI294-AK533_HKGLMDSX2_L2_fastp	74.38860000000001	0.925269	4982854343.0	0.41055	94.93689367541504	72.93602297408988
SdA01068_CKDL210020579-1a-5UDI294-AK4236_HKGLMDSX2_L2_fastp	72.0706	0.917228	3422018558.0	0.415717	91.63591519809955	72.63448695022501
SdA01069_CKDL210020579-1a-AK9146-AK533_HKGLMDSX2_L2_fastp	77.0878	0.937271	6614762751.0	0.409705	97.5648817361154	71.39238750855228
SdA01071_CKDL210020579-1a-AK5577-AK533_HKGLMDSX2_L2_fastp	79.9233	0.920288	3802203709.0	0.436722	92.43577962663085	62.48772405606775
SdA01072_CKDL210020579-1a-AK5577-AK4236_HKGLMDSX2_L2_fastp	74.20219999999999	0.927795	7568539973.0	0.403326	94.80241816573283	72.45761218698966
SdA01073_CKDL210020579-1a-AK3911-AK7557_HKGLMDSX2_L2_fastp	77.6748	0.928171	2615438498.0	0.442287	91.18041776223752	62.0614874907685
SdA01074_CKDL210020579-1a-AK3911-AK10343_HKGLMDSX2_L2_fastp	74.6294	0.92618	3856603640.0	0.416463	95.0932473454427	69.35143386146491
SdA01075_CKDL210020579-1a-5UDI245-AK7557_HKGLMDSX2_L2_fastp	72.5945	0.937145	5299982604.0	0.397804	96.33722186569199	72.85528683950685
SdA01076_CKDL210020579-1a-5UDI245-AK10343_HKGLMDSX2_L2_fastp	74.773	0.916008	3391267705.0	0.418349	93.55247669296682	64.02091381584248
SdA01077_CKDL210020579-1a-AK8593-AK7557_HKGLMDSX2_L2_fastp	76.0541	0.924254	5794218162.0	0.40771	94.73657201121132	68.72292991723262
SdA01078_CKDL210020579-1a-AK8593-AK10343_HKGLMDSX2_L2_fastp	76.11580000000001	0.912494	3528009383.0	0.427679	92.49022330404762	69.98120930715218
SdA01079_CKDL210020579-1a-5UDI294-AK7557_HKGLMDSX2_L2_fastp	72.4813	0.918877	3915099712.0	0.406612	94.53085777873184	70.6015535321439
SdA01080_CKDL210020579-1a-5UDI294-AK10343_HKGLMDSX2_L2_fastp	73.2772	0.924161	3303909248.0	0.408227	94.21584789407777	68.61371851698192
SdA01082_CKDL210020579-1a-AK9146-AK10343_HKGLMDSX2_L2_fastp	73.2855	0.922246	5529611989.0	0.404773	93.67641389654968	68.36135485454587
SdA01083_CKDL210020579-1a-AK5577-AK7557_HKGLMDSX2_L2_fastp	74.9815	0.936279	8679868097.0	0.399148	96.66612699980024	70.85276000599454
SdA01084_CKDL210020579-1a-AK5577-AK10343_HKGLMDSX2_L2_fastp	72.02680000000001	0.910759	2159191612.0	0.411966	91.04784549875873	68.89099337706351
SdA01085_CKDL210020579-1a-AK3911-AK8488_HKGLMDSX2_L2_fastp	74.83189999999999	0.929849	4223147128.0	0.412716	95.9839315683685	73.03291725005106
SdA01086_CKDL210020579-1a-AK3911-AK4234_HKGLMDSX2_L2_fastp	73.3052	0.926871	3744172250.0	0.401066	94.64867428461551	67.53581905456456
SdA01087_CKDL210020579-1a-5UDI245-AK8488_HKGLMDSX2_L2_fastp	76.3092	0.926778	3521135425.0	0.415827	94.81175677911638	68.57804470051549
SdA01088_CKDL210020579-1a-5UDI245-AK4234_HKGLMDSX2_L2_fastp	72.3672	0.927108	3980372568.0	0.403569	94.22736248267015	73.34807637181655
SdA01089_CKDL210020579-1a-AK8593-AK8488_HKGLMDSX2_L2_fastp	74.2166	0.926324	5398263694.0	0.40441	95.08585842604688	73.47018570150514
SdA01090_CKDL210020579-1a-AK8593-AK4234_HKGLMDSX2_L2_fastp	74.5842	0.932931	6216960488.0	0.402444	95.59287728255902	69.56552589742996
SdA01091_CKDL210020579-1a-5UDI294-AK8488_HKGLMDSX2_L2_fastp	77.7193	0.908098	563521758.0	0.494129	92.90516507616988	51.33431263823653
SdA01092_CKDL210020579-1a-5UDI294-AK4234_HKGLMDSX2_L2_fastp	74.25500000000001	0.915385	2198111588.0	0.43742	88.98380870798489	62.77586207696185
SdA01094_CKDL210020579-1a-AK9146-AK4234_HKGLMDSX2_L2_fastp	74.0068	0.91427	3998920229.0	0.423364	92.79709690082393	66.18748116190349
SdA01095_CKDL210020579-1a-AK5577-AK8488_HKGLMDSX2_L2_fastp	75.1081	0.903542	2178251020.0	0.416861	86.1308355467846	64.9929958605461
SdA01096_CKDL210020579-1a-AK5577-AK4234_HKGLMDSX2_L2_fastp	72.8625	0.903563	3372870391.0	0.443549	91.46102666293375	70.64208781617091
SdA02001_CKDL210020579-1a-AK9143-AK7096_HKGLMDSX2_L2_fastp	81.27029999999999	0.945765	787681176.0	0.549075	88.60121674386934	40.349003554860154
SdA02002_CKDL210020579-1a-AK9144-AK7549_HKGLMDSX2_L2_fastp	86.8182	0.951275	1933757096.0	0.553622	89.84633817349658	30.332361836581956
SdA02003_CKDL210020579-1a-AK9143-7UDI286_HKGLMDSX2_L2_fastp	82.0138	0.920086	1177111513.0	0.533957	89.81076643112746	43.97113734521334
SdA02004_CKDL210020579-1a-AK7758-AK7099_HKGLMDSX2_L2_fastp	71.895	0.849241	1218107736.0	0.462328	86.14737927800482	71.177141732594
SdA02005_CKDL210020579-1a-5UDI301-7UDI304_HKGLMDSX2_L2_fastp	73.7514	0.871719	1622116033.0	0.463673	83.14767508067987	67.82047822180243
SdA02006_CKDL210020579-1a-5UDI301-AK7096_HKGLMDSX2_L2_fastp	71.99	0.848017	1495353331.0	0.469889	83.05087956067341	68.21787807288419
SdA02007_CKDL210020579-1a-AK7758-GD07_HKGLMDSX2_L2_fastp	76.3411	0.862407	1357968225.0	0.471236	84.73944124723894	64.85041838488857
SdA02008_CKDL210020579-1a-AK7078-7UDI304_HKGLMDSX2_L2_fastp	73.9876	0.825565	601384924.0	0.474574	67.27759947356043	73.00989246202471
SdA02009_CKDL210020579-1a-AK9144-AK845_HKGLMDSX2_L2_fastp	86.7542	0.952851	1191585450.0	0.605266	86.2311573948977	30.447624254227563
SdA02010_CKDL210020579-1a-AK7758-AK7549_HKGLMDSX2_L2_fastp	73.5274	0.844985	1979629745.0	0.473169	88.0392927164672	70.62876346464614
SdA02011_CKDL210020579-1a-5UDI301-7UDI286_HKGLMDSX2_L2_fastp	83.3112	0.946165	785957866.0	0.565469	84.06905603048165	34.5803603763426
SdA02012_CKDL210020579-1a-AK7078-AK7096_HKGLMDSX2_L2_fastp	70.881	0.862905	920939739.0	0.456422	88.16906554209089	73.25438122951167
SdA02013_CKDL210020579-1a-AK9143-AK7533_HKGLMDSX2_L2_fastp	81.4582	0.909783	1057486002.0	0.519881	88.00491927510879	47.80363880526654
SdA02014_CKDL210020579-1a-AK7758-AK7096_HKGLMDSX2_L2_fastp	77.2828	0.886968	1499504162.0	0.504173	88.0896515835341	60.853647762891875
SdA02015_CKDL210020579-1a-AK7078-7UDI286_HKGLMDSX2_L2_fastp	79.6816	0.911622	981883967.0	0.503205	85.13011642416292	53.338087812609345
SdA02016_CKDL210020579-1a-AK7078-AK7533_HKGLMDSX2_L2_fastp	82.09729999999999	0.916103	1592034136.0	0.473799	90.69960893022089	42.61023019534979
SdA02017_CKDL210020579-1a-AK9144-AK7099_HKGLMDSX2_L2_fastp	86.56779999999999	0.951135	1231101542.0	0.555885	87.84101701982928	34.019829475514264
SdA02019_CKDL210020579-1a-AK9144-7UDI286_HKGLMDSX2_L2_fastp	84.2653	0.938793	967239502.0	0.538762	86.43493520219265	49.3365231860713
SdA02020_CKDL210020579-1a-AK7758-AK845_HKGLMDSX2_L2_fastp	82.09649999999999	0.921165	1141001277.0	0.523424	83.73696880724594	45.84322823911142
SdA02021_CKDL210020579-1a-AK9143-AK7549_HKGLMDSX2_L2_fastp	79.8853	0.901332	1380847522.0	0.513051	89.49232766954498	53.48033756849564
SdA02022_CKDL210020579-1a-AK9144-GD07_HKGLMDSX2_L2_fastp	86.3209	0.953424	1569779258.0	0.57976	89.69420805429768	34.56867837786929
SdA02023_CKDL210020579-1a-AK3911-7UDI304_HKGLMDSX2_L2_fastp	82.7575	0.953475	1094138534.0	0.570833	85.16002213310931	39.091666999707066
SdA02024_CKDL210020579-1a-AK7078-AK7549_HKGLMDSX2_L2_fastp	82.7488	0.912768	1412750637.0	0.536781	87.643592147285	45.44196294022888
SdA02025_CKDL210020579-1a-AK9143-GD07_HKGLMDSX2_L2_fastp	78.68039999999999	0.912824	942931333.0	0.5124	88.27386611935654	55.21586700278183
SdA02026_CKDL210020579-1a-AK3911-AK7096_HKGLMDSX2_L2_fastp	83.0111	0.950466	592166939.0	0.566573	80.02385869347076	34.27656774722658
SdA02027_CKDL210020579-1a-AK9143-AK845_HKGLMDSX2_L2_fastp	78.3492	0.886941	840254267.0	0.508408	85.04478458345727	56.52762049392638
SdA02030_CKDL210020579-1a-AK3911-7UDI286_HKGLMDSX2_L2_fastp	82.9984	0.951804	614082473.0	0.556317	89.07904441299848	35.63028593662587
SdA02031_CKDL210020579-1a-AK3911-AK7533_HKGLMDSX2_L2_fastp	84.2095	0.95161	1460356123.0	0.547473	92.52075589776982	30.31579844688952
SdA02032_CKDL210020579-1a-AK3911-AK7549_HKGLMDSX2_L2_fastp	83.6004	0.950326	879345286.0	0.560855	84.10263667918719	33.926614088512395
SdA02033_CKDL210020579-1a-AK9143-AK7099_HKGLMDSX2_L2_fastp	80.2984	0.899875	955933393.0	0.517766	90.1618971546096	53.92646504202428
SdA02034_CKDL210020579-1a-AK3911-AK845_HKGLMDSX2_L2_fastp	84.5697	0.950704	580011749.0	0.578208	91.9368618300829	27.223184388303274
SdA02035_CKDL210020579-1a-AK7078-AK845_HKGLMDSX2_L2_fastp	81.4028	0.916521	979604050.0	0.505261	80.21130130925476	48.437871022229785
SdA02036_CKDL210020579-1a-AK7078-AK7099_HKGLMDSX2_L2_fastp	79.839	0.881517	1004062440.0	0.49247	88.76763929136804	57.841678032635755
SdA02037_CKDL210020579-1a-AK3911-AK7099_HKGLMDSX2_L2_fastp	84.1467	0.953584	1659852671.0	0.571571	93.02246857573513	35.658790540867145
SdA02038_CKDL210020579-1a-AK3911-GD07_HKGLMDSX2_L2_fastp	67.31230000000001	0.897527	34663020.0	0.532191	89.57910956126834	46.66809550841665
SdA02039_CKDL210020579-1a-5UDI245-7UDI304_HKGLMDSX2_L2_fastp	83.9338	0.951354	676281038.0	0.561287	84.01444248154493	34.208012129080096
SdA02041_CKDL210020579-1a-5UDI245-AK7096_HKGLMDSX2_L2_fastp	82.6854	0.948883	393813730.0	0.56683	64.1070468858772	39.39216196775623
SdA02044_CKDL210020579-1a-5UDI245-7UDI286_HKGLMDSX2_L2_fastp	84.25160000000001	0.95279	727374488.0	0.568613	83.68145364076813	32.90527547526902
SdA02045_CKDL210020579-1a-AK9144-AK7533_HKGLMDSX2_L2_fastp	86.0612	0.952375	1171399194.0	0.566294	90.810662555348	33.70856042204736
SdA02046_CKDL210020579-1a-5UDI225-7UDI304_HKGLMDSX2_L2_fastp	80.8993	0.913153	1569360698.0	0.517317	88.81562674809848	52.95129249705693
SdA02047_CKDL210020579-1a-5UDI245-AK7533_HKGLMDSX2_L2_fastp	84.0259	0.949688	504439050.0	0.571633	84.87880818441043	32.606574223682486
SdA02048_CKDL210020579-1a-5UDI245-AK7549_HKGLMDSX2_L2_fastp	85.01100000000001	0.950586	1210798463.0	0.557636	85.44791551557535	29.811084563247565
SdA02049_CKDL210020579-1a-AK7078-GD07_HKGLMDSX2_L2_fastp	71.9615	0.851694	1573564554.0	0.464568	85.64012294204471	72.74706188826545
SdA02050_CKDL210020579-1a-5UDI301-AK7533_HKGLMDSX2_L2_fastp	73.5669	0.861288	1743937179.0	0.476344	86.63706113240202	67.42609562368649
SdA02051_CKDL210020579-1a-5UDI225-AK7096_HKGLMDSX2_L2_fastp	78.2094	0.863926	1371423719.0	0.495684	84.69878800971709	62.801056456183716
SdA02052_CKDL210020579-1a-AK9143-7UDI304_HKGLMDSX2_L2_fastp	69.9756	0.880908	1360518482.0	0.463265	89.26788656602113	73.69807523166195
SdA02053_CKDL210020579-1a-5UDI301-AK7549_HKGLMDSX2_L2_fastp	75.5763	0.862775	1681251477.0	0.482982	87.92849497981554	64.48053463826466
SdA02054_CKDL210020579-1a-AK7758-7UDI286_HKGLMDSX2_L2_fastp	75.73440000000001	0.858575	1630407969.0	0.472837	86.84704673631556	69.45925338529185
SdA02055_CKDL210020579-1a-5UDI301-AK845_HKGLMDSX2_L2_fastp	71.0539	0.862077	1307729836.0	0.469753	85.10099355473922	69.76463189418764
SdA02056_CKDL210020579-1a-5UDI225-7UDI286_HKGLMDSX2_L2_fastp	79.9222	0.894887	1182433798.0	0.503094	87.67781017119164	61.124034977229954
SdA02057_CKDL210020579-1a-5UDI225-AK7533_HKGLMDSX2_L2_fastp	78.7583	0.864301	450723452.0	0.502333	85.54285084928844	61.00799234563631
SdA02058_CKDL210020579-1a-5UDI301-AK7099_HKGLMDSX2_L2_fastp	67.6293	0.839687	1275445252.0	0.463724	83.35395972060205	72.48260149332101
SdA02059_CKDL210020579-1a-5UDI225-AK7549_HKGLMDSX2_L2_fastp	75.9173	0.84803	1063423874.0	0.489656	82.840912281218	63.32855512636101
SdA02060_CKDL210020579-1a-AK7758-AK7533_HKGLMDSX2_L2_fastp	75.9937	0.859566	1699067083.0	0.48137	83.50015420469876	65.14677552657486
SdA02061_CKDL210020579-1a-5UDI301-GD07_HKGLMDSX2_L2_fastp	69.37219999999999	0.842153	1597747009.0	0.460691	85.4396775299907	72.18874881019819
SdA02062_CKDL210020579-1a-5UDI225-AK845_HKGLMDSX2_L2_fastp	85.0599	0.948371	1371467366.0	0.576366	90.60276091148928	30.9490362485641
SdA02063_CKDL210020579-1a-5UDI225-AK7099_HKGLMDSX2_L2_fastp	79.97760000000001	0.876651	1239970405.0	0.493389	83.89018545108905	64.96098853317693
SdA02064_CKDL210020579-1a-AK7758-7UDI304_HKGLMDSX2_L2_fastp	76.3779	0.874635	2143038867.0	0.496556	87.29449841131785	66.12100171368762
SdA02065_CKDL210020579-1a-5UDI225-GD07_HKGLMDSX2_L2_fastp	84.3066	0.938287	1270499763.0	0.573312	87.55964336098336	37.08914847659429
SdC01001_CKDL210020579-1a-AK3905-AK4997_HKGLMDSX2_L2_fastp	82.4458	0.935169	2932678785.0	0.443319	97.93497765197087	6.944930441937223
SdC01002_CKDL210020579-1a-AK3905-7UDI243_HKGLMDSX2_L2_fastp	83.1094	0.933357	6694876062.0	0.451874	97.62254278238093	6.439156027174578
SdC01003_CKDL210020579-1a-AK7759-7UDI298_HKGLMDSX2_L2_fastp	83.065	0.929212	3519918378.0	0.45265	97.62770965419602	5.904662165924498
SdC01004_CKDL210020579-1a-AK9142-AK9148_HKGLMDSX2_L2_fastp	80.47579999999999	0.931991	1016012234.0	0.458842	96.19987983072707	7.636912685627858
SdC01005_CKDL210020579-1a-AK7761-AK9148_HKGLMDSX2_L2_fastp	83.6657	0.931016	2857709168.0	0.449231	96.9410692989582	8.485379322953122
SdC01006_CKDL210020579-1a-AK6881-AK8544_HKGLMDSX2_L2_fastp	83.7071	0.931694	3398826569.0	0.456657	97.51124668490161	6.099103761831424
SdC01007_CKDL210020579-1a-AK9142-7UDI298_HKGLMDSX2_L2_fastp	81.4699	0.9323	3049760989.0	0.455711	97.22890420498186	6.0227640751480935
SdC01008_CKDL210020579-1a-AK6881-7UDI227_HKGLMDSX2_L2_fastp	84.0043	0.928387	7061277299.0	0.452666	97.5669053016396	6.076575498062821
SdC01009_CKDL210020579-1a-AK7010-AK8544_HKGLMDSX2_L2_fastp	85.1666	0.933218	5995244850.0	0.454281	97.44751874170522	4.744830338247427
SdC01010_CKDL210020579-1a-5UDI298-AK892_HKGLMDSX2_L2_fastp	83.5526	0.932987	5855146505.0	0.44843	97.88781428450389	5.444410198119007
SdC01011_CKDL210020579-1a-AK3905-AK33_HKGLMDSX2_L2_fastp	83.3617	0.931635	7647896762.0	0.442558	97.48218807927299	6.352953635791855
SdC01012_CKDL210020579-1a-AK8587-7UDI298_HKGLMDSX2_L2_fastp	83.8639	0.931888	4250760204.0	0.455819	97.37478162191718	5.772499195387075
SdC01013_CKDL210020579-1a-AK9141-AK9148_HKGLMDSX2_L2_fastp	82.7739	0.929811	3947148521.0	0.445327	97.33725796938084	7.523413639735628
SdC01014_CKDL210020579-1a-AK6260-AK892_HKGLMDSX2_L2_fastp	83.4819	0.923933	5913388046.0	0.451776	97.32269756861152	4.48351797790417
SdC01015_CKDL210020579-1a-AK6260-AK8544_HKGLMDSX2_L2_fastp	83.9885	0.926015	4991630718.0	0.455284	97.36182623255424	4.681745308315718
SdC01016_CKDL210020579-1a-AK8587-AK33_HKGLMDSX2_L2_fastp	84.247	0.929585	4215094684.0	0.470351	96.42262504263337	6.231873770649147
SdC01017_CKDL210020579-1a-AK7759-7UDI227_HKGLMDSX2_L2_fastp	84.3442	0.925658	6167081791.0	0.459106	97.02427399537544	4.964993065635921
SdC01018_CKDL210020579-1a-AK8587-AK9148_HKGLMDSX2_L2_fastp	80.92200000000001	0.934423	1371010095.0	0.454855	96.33809700791605	8.266238309603406
SdC01020_CKDL210020579-1a-AK6881-7UDI243_HKGLMDSX2_L2_fastp	81.5284	0.926618	1552612781.0	0.460899	96.44578950052465	7.465829575270511
SdC01021_CKDL210020579-1a-AK9141-AK8544_HKGLMDSX2_L2_fastp	83.2535	0.932013	4738340916.0	0.447621	97.54527084181393	6.032022507423349
SdC01022_CKDL210020579-1a-AK6260-7UDI298_HKGLMDSX2_L2_fastp	82.6982	0.924353	2805531077.0	0.451765	96.7899532948175	6.068245322624943
SdC01023_CKDL210020579-1a-AK6260-7UDI227_HKGLMDSX2_L2_fastp	81.7656	0.928039	5321003795.0	0.450437	97.349516549867	5.791993836364597
SdC01024_CKDL210020579-1a-AK7761-AK33_HKGLMDSX2_L2_fastp	82.6023	0.931457	5874213818.0	0.448116	97.53164809066706	6.82233298955955
SdC01025_CKDL210020579-1a-AK9141-AK33_HKGLMDSX2_L2_fastp	82.7294	0.926377	2629953249.0	0.448305	96.7966155853533	6.882234959345601
SdC01026_CKDL210020579-1a-AK9142-7UDI227_HKGLMDSX2_L2_fastp	74.42569999999999	0.924123	189181040.0	0.467409	92.1442540399735	9.072026729937372
SdC01027_CKDL210020579-1a-AK8410-7UDI298_HKGLMDSX2_L2_fastp	83.6131	0.930698	3934574923.0	0.477576	97.22866364861764	6.036938009961309
SdC01028_CKDL210020579-1a-AK8410-7UDI227_HKGLMDSX2_L2_fastp	82.346	0.931691	2731538752.0	0.485339	96.27450425703125	6.096891081577162
SdC01029_CKDL210020579-1a-AK8410-AK8544_HKGLMDSX2_L2_fastp	84.8572	0.929764	5707183881.0	0.470883	97.44312123459898	6.261428085831877
SdC01030_CKDL210020579-1a-AK7759-AK9148_HKGLMDSX2_L2_fastp	82.2572	0.927551	1041266426.0	0.47694	95.11498450506929	7.485919185469083
SdC01031_CKDL210020579-1a-AK9142-AK33_HKGLMDSX2_L2_fastp	82.9622	0.928498	8121837942.0	0.451398	97.75447922179241	5.05748901468394
SdC01032_CKDL210020579-1a-AK6260-AK4997_HKGLMDSX2_L2_fastp	82.5046	0.921796	3490727105.0	0.44875	96.55756220857539	5.069766334340533
SdC01033_CKDL210020579-1a-AK9141-AK892_HKGLMDSX2_L2_fastp	82.9975	0.928917	4044929970.0	0.445601	97.17846070694762	6.701113175377888
SdC01034_CKDL210020579-1a-AK6260-AK33_HKGLMDSX2_L2_fastp	82.1681	0.928611	7168696569.0	0.453763	97.46594429323497	5.296083948119232
SdC01035_CKDL210020579-1a-AK7759-AK4997_HKGLMDSX2_L2_fastp	82.47879999999999	0.927471	2275744694.0	0.45747	97.1380160778468	6.498484999903326
SdC01036_CKDL210020579-1a-AK7010-AK892_HKGLMDSX2_L2_fastp	83.9551	0.928751	1813549224.0	0.450334	95.80361099926714	5.177870535856533
SdC01037_CKDL210020579-1a-AK9142-AK892_HKGLMDSX2_L2_fastp	80.6506	0.933409	1923661201.0	0.454619	97.46603347654607	6.900331559246907
SdC01038_CKDL210020579-1a-AK7010-7UDI227_HKGLMDSX2_L2_fastp	84.5327	0.930706	3620925438.0	0.454698	96.89463956999562	4.318595493883577
SdC01039_CKDL210020579-1a-AK6260-7UDI243_HKGLMDSX2_L2_fastp	76.5955	0.924198	591187867.0	0.461857	94.40982617348318	9.89921762755552
SdC01040_CKDL210020579-1a-AK7761-7UDI227_HKGLMDSX2_L2_fastp	85.3806	0.925662	7743182266.0	0.450873	96.90568354870518	4.872401572351743
SdC01041_CKDL210020579-1a-AK8410-AK892_HKGLMDSX2_L2_fastp	83.8593	0.926552	4907855244.0	0.446822	96.79160016801472	5.6728732433968
SdC01042_CKDL210020579-1a-AK8410-AK9148_HKGLMDSX2_L2_fastp	82.2437	0.929105	1760994071.0	0.459883	96.15068253867966	7.5596148199904105
SdC01043_CKDL210020579-1a-AK7761-AK8544_HKGLMDSX2_L2_fastp	82.5117	0.926557	1949415689.0	0.476935	94.88206458217354	8.561161518754897
SdC01044_CKDL210020579-1a-AK3905-AK892_HKGLMDSX2_L2_fastp	84.2968	0.929394	5165323775.0	0.446215	97.14136250583176	4.935342198459727
SdC01045_CKDL210020579-1a-5UDI298-7UDI227_HKGLMDSX2_L2_fastp	78.1728	0.935056	2886344294.0	0.451161	97.1507870471366	10.042571984381784
SdC01046_CKDL210020579-1a-AK3905-7UDI227_HKGLMDSX2_L2_fastp	83.99799999999999	0.931952	5041082923.0	0.435875	97.3437827277688	5.2251782104657325
SdC01047_CKDL210020579-1a-AK7761-AK4997_HKGLMDSX2_L2_fastp	78.9535	0.937473	3156172106.0	0.442486	98.08400572479925	10.264840077681542
SdC01048_CKDL210020579-1a-AK6881-AK33_HKGLMDSX2_L2_fastp	83.0451	0.928229	3853230936.0	0.454606	96.9264544759201	5.654736392389799
SdC01049_CKDL210020579-1a-AK3905-AK8544_HKGLMDSX2_L2_fastp	82.5783	0.934911	2556629503.0	0.446871	97.18974946659746	6.741551173694778
SdC01050_CKDL210020579-1a-AK8410-7UDI243_HKGLMDSX2_L2_fastp	82.6764	0.925259	3051832194.0	0.449456	96.44076362784031	7.184857975228589
SdC01051_CKDL210020579-1a-AK6881-AK4997_HKGLMDSX2_L2_fastp	82.25529999999999	0.930822	3425366393.0	0.453673	97.49176970094159	5.9891142014712235
SdC01053_CKDL210020579-1a-AK7759-AK33_HKGLMDSX2_L2_fastp	81.9218	0.923936	1682845808.0	0.456852	96.51905205481415	7.300726971035008
SdC01054_CKDL210020579-1a-AK7761-7UDI243_HKGLMDSX2_L2_fastp	82.1993	0.929194	1823802441.0	0.450915	96.80356752822314	7.363157716998763
SdC01055_CKDL210020579-1a-AK6260-AK9148_HKGLMDSX2_L2_fastp	82.2722	0.928789	2228527944.0	0.451612	97.40525078315562	6.243826395183877
SdC01056_CKDL210020579-1a-AK9141-7UDI298_HKGLMDSX2_L2_fastp	82.3616	0.931931	3832862391.0	0.451413	97.65338374783217	6.774269053543851
SdC01057_CKDL210020579-1a-5UDI298-7UDI298_HKGLMDSX2_L2_fastp	83.0635	0.927979	3416631460.0	0.464179	96.60897303900452	5.945624454546613
SdC01058_CKDL210020579-1a-AK7761-AK892_HKGLMDSX2_L2_fastp	85.5036	0.927279	9450201542.0	0.447882	97.34314880278919	5.284175723751234
SdC01059_CKDL210020579-1a-5UDI298-7UDI243_HKGLMDSX2_L2_fastp	82.2575	0.934111	4750046650.0	0.456256	97.71160792968894	5.7986486568436595
SdC01060_CKDL210020579-1a-AK8587-AK892_HKGLMDSX2_L2_fastp	81.9447	0.929554	1160713036.0	0.464325	94.29114798909364	7.675033074957545
SdC01061_CKDL210020579-1a-5UDI312-AK33_HKGLMDSX2_L2_fastp	76.6866	0.930402	325276474.0	0.451668	95.41828800714038	11.525342849601168
SdC01062_CKDL210020579-1a-5UDI298-AK8544_HKGLMDSX2_L2_fastp	82.8454	0.932485	2566406000.0	0.458612	97.24608331653268	6.8010428770543685
SdC01063_CKDL210020579-1a-AK8587-AK4997_HKGLMDSX2_L2_fastp	80.3818	0.927788	847735316.0	0.474663	94.34104274680422	9.026344764664486
SdC01064_CKDL210020579-1a-AK7759-AK892_HKGLMDSX2_L2_fastp	77.8072	0.925859	370457103.0	0.462719	92.09136858971563	11.181299270846823
SdC01065_CKDL210020579-1a-AK8587-7UDI227_HKGLMDSX2_L2_fastp	83.9729	0.929242	6151073072.0	0.450273	96.70086440587224	5.8812862575596565
SdC01066_CKDL210020579-1a-AK7759-AK8544_HKGLMDSX2_L2_fastp	84.08670000000001	0.942159	1052689716.0	0.576224	96.06321503425431	5.855993140465896
SdC01067_CKDL210020579-1a-AK7761-7UDI298_HKGLMDSX2_L2_fastp	82.85679999999999	0.923961	1956900306.0	0.473666	95.52760891784125	8.32323816752199
SdC01068_CKDL210020579-1a-5UDI298-AK9148_HKGLMDSX2_L2_fastp	81.8943	0.932963	1533366127.0	0.460763	96.66579151916521	7.418324070684779
SdC01069_CKDL210020579-1a-AK3905-7UDI298_HKGLMDSX2_L2_fastp	84.3004	0.930075	5180389129.0	0.445684	97.39988415248699	4.837031503321174
SdC01070_CKDL210020579-1a-AK9142-AK8544_HKGLMDSX2_L2_fastp	82.37010000000001	0.930931	1749347743.0	0.446622	97.0123862287478	5.804960128736212
SdC01071_CKDL210020579-1a-AK9141-AK4997_HKGLMDSX2_L2_fastp	81.7938	0.928461	2216508548.0	0.449727	97.20788551999777	7.68954536393233
SdC01072_CKDL210020579-1a-AK9142-7UDI243_HKGLMDSX2_L2_fastp	81.8758	0.929501	4543379189.0	0.449235	97.4143205351075	5.445104431072915
SdC01073_CKDL210020579-1a-AK8410-AK4997_HKGLMDSX2_L2_fastp	82.4592	0.931365	4826448619.0	0.460627	97.45818001528134	4.597259599372361
SdC01074_CKDL210020579-1a-AK9142-AK4997_HKGLMDSX2_L2_fastp	82.062	0.928955	7114292171.0	0.454021	97.56234588883272	5.34409422297211
SdC01075_CKDL210020579-1a-5UDI298-AK4997_HKGLMDSX2_L2_fastp	82.5718	0.931035	6054618417.0	0.450086	97.61914612827354	5.379542842603149
SdC01076_CKDL210020579-1a-AK7010-7UDI243_HKGLMDSX2_L2_fastp	81.1768	0.9335	1297873942.0	0.461708	96.66163667878604	7.1787856277187885
SdC01077_CKDL210020579-1a-AK9141-7UDI243_HKGLMDSX2_L2_fastp	83.8494	0.926215	4544354283.0	0.451858	97.28179532043973	5.743557003791487
SdC01079_CKDL210020579-1a-AK6881-7UDI298_HKGLMDSX2_L2_fastp	83.4992	0.929212	3882508115.0	0.460824	97.1616705903681	5.891040155083554
SdC01080_CKDL210020579-1a-AK6881-AK892_HKGLMDSX2_L2_fastp	83.7389	0.930366	4392918252.0	0.449554	97.48747394014121	6.0737816997016605
SdC01081_CKDL210020579-1a-AK8587-AK8544_HKGLMDSX2_L2_fastp	82.6986	0.932273	2245346205.0	0.454196	96.57846320359086	7.12866069181151
SdC01082_CKDL210020579-1a-AK3905-AK9148_HKGLMDSX2_L2_fastp	78.7294	0.935871	1266546509.0	0.449003	97.46439550146307	9.59277331755195
SdC01083_CKDL210020579-1a-AK7759-7UDI243_HKGLMDSX2_L2_fastp	82.87729999999999	0.922705	2024181074.0	0.457803	95.91014086888548	6.790963926166089
SdC01084_CKDL210020579-1a-AK8587-7UDI243_HKGLMDSX2_L2_fastp	83.33850000000001	0.932461	7252041098.0	0.451648	97.53052771920382	5.452664115193316
SdC01085_CKDL210020579-1a-AK7010-AK33_HKGLMDSX2_L2_fastp	82.633	0.932387	5241476148.0	0.454059	97.11611152137479	6.294190784997005
SdC01086_CKDL210020579-1a-5UDI298-AK33_HKGLMDSX2_L2_fastp	83.6719	0.930709	6838498709.0	0.448242	97.60327919935946	5.1168450459164845
SdC01087_CKDL210020579-1a-AK8410-AK33_HKGLMDSX2_L2_fastp	82.8853	0.930967	10106456033.0	0.447436	97.53026264186701	5.08674500997706
SdC01088_CKDL210020579-1a-AK9141-7UDI227_HKGLMDSX2_L2_fastp	83.99419999999999	0.926483	6255003237.0	0.446502	97.27944031390318	5.057655789034168
SdC01089_CKDL210020579-1a-AK7010-AK9148_HKGLMDSX2_L2_fastp	79.21780000000001	0.934791	1489069993.0	0.460234	96.42372845729417	10.135248158087503
SdC01090_CKDL210020579-1a-AK7010-AK4997_HKGLMDSX2_L2_fastp	82.324	0.930948	2890620831.0	0.459042	96.60889366694698	6.317816012623403
SdC02001_CKDL210020579-1a-AK3905-AK7558_HKGLMDSX2_L2_fastp	77.6793	0.931358	20394354.0	0.42746	90.25031840310427	15.069096449359028
SdC02002_CKDL210020579-1a-AK9141-AK7558_HKGLMDSX2_L2_fastp	78.3443	0.927094	41842096.0	0.424232	89.88494287253182	16.044109052153882
SdC02003_CKDL210020579-1a-AK9142-AK7558_HKGLMDSX2_L2_fastp	76.1134	0.925211	9914985.0	0.43712	90.74646643109541	13.49381625441696
SdC02004_CKDL210020579-1a-AK9142-AK1864_HKGLMDSX2_L2_fastp	77.4176	0.930396	35795707.0	0.431954	93.49319407102941	13.682591742796413
SdC02005_CKDL210020579-1a-AK9142-7UDI308_HKGLMDSX2_L2_fastp	79.6137	0.927522	58157533.0	0.442057	91.24710544029058	12.5036512727596
SdC02006_CKDL210020579-1a-AK3905-7UDI246_HKGLMDSX2_L2_fastp	79.2394	0.934969	103861543.0	0.411974	88.65694876875176	18.17746044209892
SdC02007_CKDL210020579-1a-AK7761-7UDI214_HKGLMDSX2_L2_fastp	65.754	0.924062	3255508.0	0.436564	95.63091482649843	11.139589905362776
SdC02008_CKDL210020579-1a-AK7759-7UDI214_HKGLMDSX2_L2_fastp	80.979	0.929014	156941101.0	0.40973	96.10238853164735	15.183582911919114
SdC02010_CKDL210020579-1a-5UDI298-GC12_HKGLMDSX2_L2_fastp	55.8824	0.912903	3051073.0	0.443972	87.93418647166362	13.528336380255942
SdC02013_CKDL210020579-1a-AK7761-7UDI246_HKGLMDSX2_L2_fastp	83.0046	0.926678	176104303.0	0.439976	93.20892805439853	9.353974537959425
SdC02014_CKDL210020579-1a-AK9142-GC12_HKGLMDSX2_L2_fastp	82.44550000000001	0.932828	302945549.0	0.440319	97.27722663381799	6.721365566089616
SdC02016_CKDL210020579-1a-AK6260-AK2587_HKGLMDSX2_L2_fastp	79.8425	0.928598	251863413.0	0.447766	96.87246034866955	7.661921614890549
SdC02018_CKDL210020579-1a-5UDI298-7UDI308_HKGLMDSX2_L2_fastp	75.9719	0.932815	10025809.0	0.430188	90.78282520077136	15.027949325066517
SdC02019_CKDL210020579-1a-5UDI298-AK1864_HKGLMDSX2_L2_fastp	78.6458	0.929819	24579254.0	0.452859	91.17142914759322	10.630381737885418
SdC02020_CKDL210020579-1a-AK9142-AK4971_HKGLMDSX2_L2_fastp	73.0699	0.926246	16479947.0	0.440175	89.24903255841019	14.126829410224332
SdC02022_CKDL210020579-1a-5UDI298-7UDI246_HKGLMDSX2_L2_fastp	78.9679	0.931652	72814074.0	0.436983	92.25595003174493	12.028759201743398
SdC02027_CKDL210020579-1a-AK8410-AK1864_HKGLMDSX2_L2_fastp	57.4855	0.922635	1956893.0	0.441157	92.44851258581235	8.733790999237224
SdC02028_CKDL210020579-1a-AK8410-AK2587_HKGLMDSX2_L2_fastp	81.4383	0.938045	174822732.0	0.388694	97.79988656417324	15.274419920173674
SdC02029_CKDL210020579-1a-AK6881-AK2587_HKGLMDSX2_L2_fastp	79.8721	0.934749	27665639.0	0.386708	94.29127851668372	21.809990486959954
SdC02031_CKDL210020579-1a-AK8587-AK4971_HKGLMDSX2_L2_fastp	71.93549999999999	0.929369	9043267.0	0.404686	93.84055989939307	18.35392859095631
SdC02035_CKDL210020579-1a-AK9142-AK2587_HKGLMDSX2_L2_fastp	74.2151	0.927703	7362374.0	0.440494	90.64221988979271	15.788178955654683
SdC02036_CKDL210020579-1a-AK6260-GC12_HKGLMDSX2_L2_fastp	81.1865	0.914257	78665244.0	0.446652	89.20078245499819	9.095735133507144
SdC02037_CKDL210020579-1a-AK8410-7UDI246_HKGLMDSX2_L2_fastp	82.2391	0.935424	665243626.0	0.395285	98.00769576036625	17.88084445962778
SdC02040_CKDL210020579-1a-AK6881-7UDI308_HKGLMDSX2_L2_fastp	75.72680000000001	0.92193	2255001.0	0.431657	95.56030122513206	12.391817466561763
SdC02041_CKDL210020579-1a-AK3905-AK4971_HKGLMDSX2_L2_fastp	73.2045	0.929982	18620695.0	0.430995	85.21374973903005	16.958134279784346
SdC02043_CKDL210020579-1a-AK7759-7UDI308_HKGLMDSX2_L2_fastp	74.2602	0.922227	1483809.0	0.416938	94.44351183481618	14.378042638912202
SdC02044_CKDL210020579-1a-AK7759-7UDI246_HKGLMDSX2_L2_fastp	43.7064	0.917325	2492067.0	0.441489	95.31837107748554	11.724383060830709
SdC02045_CKDL210020579-1a-AK8587-7UDI246_HKGLMDSX2_L2_fastp	39.6056	0.925615	3122399.0	0.440061	96.05372243409053	9.695738683468745
SdC02046_CKDL210020579-1a-AK6881-GC12_HKGLMDSX2_L2_fastp	81.6516	0.928557	151872786.0	0.411489	96.66957437004011	14.008668696957793
SdC02048_CKDL210020579-1a-AK3905-7UDI308_HKGLMDSX2_L2_fastp	73.5249	0.929625	4015540.0	0.439751	84.49351087139728	17.357716725658744
SdC02050_CKDL210020579-1a-AK3905-AK1864_HKGLMDSX2_L2_fastp	80.41120000000001	0.929645	63211651.0	0.444172	92.80249036136445	11.862569535161663
SdC02051_CKDL210020579-1a-AK8410-AK7558_HKGLMDSX2_L2_fastp	77.4666	0.933037	5744030.0	0.41777	97.23827289685609	14.188543609809365
SdC02054_CKDL210020579-1a-5UDI298-AK4971_HKGLMDSX2_L2_fastp	58.7232	0.924973	5701799.0	0.439485	83.64992150706436	14.621271585557299
SdC02056_CKDL210020579-1a-AK8410-7UDI308_HKGLMDSX2_L2_fastp	80.1019	0.928082	71025887.0	0.435344	95.99712007170433	8.43664708756231
SdC02059_CKDL210020579-1a-AK9141-AK4971_HKGLMDSX2_L2_fastp	59.89	0.922246	4315714.0	0.440788	82.215416028586	15.691679428279734
SdC02060_CKDL210020579-1a-AK6260-AK4971_HKGLMDSX2_L2_fastp	77.25750000000001	0.922602	28947148.0	0.441289	91.7121056168497	11.508885051506928
SdC02063_CKDL210020579-1a-AK6260-7UDI246_HKGLMDSX2_L2_fastp	71.0309	0.918568	13774639.0	0.455777	93.34636534702304	6.39055848877359
SdC02064_CKDL210020579-1a-AK9142-7UDI214_HKGLMDSX2_L2_fastp	77.6569	0.932049	28218270.0	0.41705	93.84083414074792	16.295255957830737
SdC02065_CKDL210020579-1a-AK7761-7UDI308_HKGLMDSX2_L2_fastp	68.6739	0.921317	1422310.0	0.443689	95.14790764790764	8.486652236652237
SdC02066_CKDL210020579-1a-AK6881-AK4971_HKGLMDSX2_L2_fastp	64.4293	0.919011	5656671.0	0.429077	88.8301415487094	12.164862614487927
SdC02070_CKDL210020579-1a-AK9142-7UDI246_HKGLMDSX2_L2_fastp	78.7598	0.932264	165089675.0	0.4323	96.71527809725353	11.166721924955542
SdC02072_CKDL210020579-1a-AK6260-AK1864_HKGLMDSX2_L2_fastp	75.9086	0.9258	11184049.0	0.408175	92.84689892549038	16.27209143260596
SdC02074_CKDL210020579-1a-AK6881-7UDI214_HKGLMDSX2_L2_fastp	79.0378	0.924213	17129836.0	0.42671	90.7804320526026	14.922888064229376
SdC02075_CKDL210020579-1a-AK8410-7UDI214_HKGLMDSX2_L2_fastp	81.47370000000001	0.931637	886931999.0	0.444687	96.65325177457773	9.925352903015007
SdC02077_CKDL210020579-1a-AK8410-GC12_HKGLMDSX2_L2_fastp	79.283	0.93869	445444733.0	0.388691	97.9051549152829	18.322596863165213
SdC02078_CKDL210020579-1a-AK7759-GC12_HKGLMDSX2_L2_fastp	56.959	0.924915	1924526.0	0.414074	93.65772242906664	17.49903710360765
SdC02080_CKDL210020579-1a-AK7010-7UDI214_HKGLMDSX2_L2_fastp	73.429	0.923352	4582517.0	0.45007	91.98593073593074	8.874458874458876
SdC02081_CKDL210020579-1a-AK3905-GC12_HKGLMDSX2_L2_fastp	74.5652	0.927783	15581446.0	0.436164	90.39276147760543	14.389833675948422
SdC02082_CKDL210020579-1a-AK7010-AK4971_HKGLMDSX2_L2_fastp	78.21820000000001	0.926146	13034423.0	0.449506	95.56259904912837	5.100403217717507
SdC02083_CKDL210020579-1a-AK6881-AK1864_HKGLMDSX2_L2_fastp	73.5543	0.921694	4164853.0	0.423573	93.92551166111376	15.790099952403617
SdC02084_CKDL210020579-1a-AK7010-AK1864_HKGLMDSX2_L2_fastp	83.3075	0.926964	103221285.0	0.442931	94.71799821985985	6.027278767440985
SdC02087_CKDL210020579-1a-AK6260-AK7558_HKGLMDSX2_L2_fastp	66.3721	0.916109	1420149.0	0.448097	94.42345745637705	5.657492354740061
SdC02090_CKDL210020579-1a-AK8587-7UDI214_HKGLMDSX2_L2_fastp	68.7651	0.925005	3724437.0	0.416709	95.70169491525424	15.305084745762713
SdC02092_CKDL210020579-1a-AK7010-7UDI246_HKGLMDSX2_L2_fastp	84.6168	0.93298	2837108168.0	0.449989	97.3637134568515	4.4170877111348235
SdC02093_CKDL210020579-1a-AK7010-GC12_HKGLMDSX2_L2_fastp	52.608200000000004	0.921887	1960459.0	0.440054	95.2487203045019	8.51161569759811
SdC02094_CKDL210020579-1a-AK7010-AK7558_HKGLMDSX2_L2_fastp	81.70150000000001	0.925106	11958002.0	0.447495	92.96010514266332	6.406071140882689
SdC02095_CKDL210020579-1a-AK8410-AK4971_HKGLMDSX2_L2_fastp	81.965	0.9325	1310351508.0	0.436762	97.40191432980608	8.306825428764766
SdC02096_CKDL210020579-1a-AK7759-AK1864_HKGLMDSX2_L2_fastp	78.9467	0.92799	56949451.0	0.409799	93.83298752911554	16.2285992516592
