all	0	726784	1219833	0.5958061
all	1	153739	1219833	0.1260328
all	2	146350	1219833	0.1199754
all	3	47663	1219833	0.0390734
all	4	31932	1219833	0.0261774
all	5	18333	1219833	0.0150291
all	6	13251	1219833	0.0108630
all	7	9095	1219833	0.0074559
all	8	7197	1219833	0.0059000
all	9	4283	1219833	0.0035111
all	10	3986	1219833	0.0032677
all	11	3457	1219833	0.0028340
all	12	2747	1219833	0.0022519
all	13	1730	1219833	0.0014182
all	14	1349	1219833	0.0011059
all	15	1159	1219833	0.0009501
all	16	1545	1219833	0.0012666
all	17	1122	1219833	0.0009198
all	18	781	1219833	0.0006403
all	19	660	1219833	0.0005411
all	20	540	1219833	0.0004427
all	21	530	1219833	0.0004345
all	22	523	1219833	0.0004287
all	23	578	1219833	0.0004738
all	24	463	1219833	0.0003796
all	25	268	1219833	0.0002197
all	26	351	1219833	0.0002877
all	27	303	1219833	0.0002484
all	28	324	1219833	0.0002656
all	29	356	1219833	0.0002918
all	30	414	1219833	0.0003394
all	31	308	1219833	0.0002525
all	32	356	1219833	0.0002918
all	33	366	1219833	0.0003000
all	34	292	1219833	0.0002394
all	35	208	1219833	0.0001705
all	36	208	1219833	0.0001705
all	37	242	1219833	0.0001984
all	38	238	1219833	0.0001951
all	39	268	1219833	0.0002197
all	40	237	1219833	0.0001943
all	41	275	1219833	0.0002254
all	42	252	1219833	0.0002066
all	43	237	1219833	0.0001943
all	44	212	1219833	0.0001738
all	45	215	1219833	0.0001763
all	46	186	1219833	0.0001525
all	47	216	1219833	0.0001771
all	48	198	1219833	0.0001623
all	49	225	1219833	0.0001845
all	50	172	1219833	0.0001410
all	51	204	1219833	0.0001672
all	52	223	1219833	0.0001828
all	53	216	1219833	0.0001771
all	54	159	1219833	0.0001303
all	55	223	1219833	0.0001828
all	56	165	1219833	0.0001353
all	57	139	1219833	0.0001140
all	58	143	1219833	0.0001172
all	59	135	1219833	0.0001107
all	60	143	1219833	0.0001172
all	61	140	1219833	0.0001148
all	62	187	1219833	0.0001533
all	63	136	1219833	0.0001115
all	64	139	1219833	0.0001140
all	65	121	1219833	0.0000992
all	66	177	1219833	0.0001451
all	67	144	1219833	0.0001180
all	68	137	1219833	0.0001123
all	69	151	1219833	0.0001238
all	70	161	1219833	0.0001320
all	71	117	1219833	0.0000959
all	72	134	1219833	0.0001099
all	73	116	1219833	0.0000951
all	74	117	1219833	0.0000959
all	75	113	1219833	0.0000926
all	76	117	1219833	0.0000959
all	77	144	1219833	0.0001180
all	78	136	1219833	0.0001115
all	79	153	1219833	0.0001254
all	80	174	1219833	0.0001426
all	81	94	1219833	0.0000771
all	82	125	1219833	0.0001025
all	83	127	1219833	0.0001041
all	84	124	1219833	0.0001017
all	85	127	1219833	0.0001041
all	86	127	1219833	0.0001041
all	87	97	1219833	0.0000795
all	88	93	1219833	0.0000762
all	89	119	1219833	0.0000976
all	90	123	1219833	0.0001008
all	91	110	1219833	0.0000902
all	92	96	1219833	0.0000787
all	93	100	1219833	0.0000820
all	94	120	1219833	0.0000984
all	95	116	1219833	0.0000951
all	96	93	1219833	0.0000762
all	97	70	1219833	0.0000574
all	98	71	1219833	0.0000582
all	99	83	1219833	0.0000680
all	100	103	1219833	0.0000844
all	101	86	1219833	0.0000705
all	102	89	1219833	0.0000730
all	103	92	1219833	0.0000754
all	104	105	1219833	0.0000861
all	105	81	1219833	0.0000664
all	106	91	1219833	0.0000746
all	107	63	1219833	0.0000516
all	108	89	1219833	0.0000730
all	109	86	1219833	0.0000705
all	110	84	1219833	0.0000689
all	111	88	1219833	0.0000721
all	112	73	1219833	0.0000598
all	113	107	1219833	0.0000877
all	114	103	1219833	0.0000844
all	115	61	1219833	0.0000500
all	116	95	1219833	0.0000779
all	117	101	1219833	0.0000828
all	118	98	1219833	0.0000803
all	119	93	1219833	0.0000762
all	120	95	1219833	0.0000779
all	121	94	1219833	0.0000771
all	122	94	1219833	0.0000771
all	123	87	1219833	0.0000713
all	124	79	1219833	0.0000648
all	125	98	1219833	0.0000803
all	126	78	1219833	0.0000639
all	127	79	1219833	0.0000648
all	128	67	1219833	0.0000549
all	129	69	1219833	0.0000566
all	130	87	1219833	0.0000713
all	131	81	1219833	0.0000664
all	132	59	1219833	0.0000484
all	133	60	1219833	0.0000492
all	134	82	1219833	0.0000672
all	135	85	1219833	0.0000697
all	136	80	1219833	0.0000656
all	137	73	1219833	0.0000598
all	138	77	1219833	0.0000631
all	139	95	1219833	0.0000779
all	140	74	1219833	0.0000607
all	141	75	1219833	0.0000615
all	142	70	1219833	0.0000574
all	143	67	1219833	0.0000549
all	144	96	1219833	0.0000787
all	145	63	1219833	0.0000516
all	146	67	1219833	0.0000549
all	147	70	1219833	0.0000574
all	148	69	1219833	0.0000566
all	149	54	1219833	0.0000443
all	150	50	1219833	0.0000410
all	151	72	1219833	0.0000590
all	152	63	1219833	0.0000516
all	153	65	1219833	0.0000533
all	154	72	1219833	0.0000590
all	155	85	1219833	0.0000697
all	156	67	1219833	0.0000549
all	157	53	1219833	0.0000434
all	158	51	1219833	0.0000418
all	159	68	1219833	0.0000557
all	160	87	1219833	0.0000713
all	161	86	1219833	0.0000705
all	162	109	1219833	0.0000894
all	163	64	1219833	0.0000525
all	164	78	1219833	0.0000639
all	165	84	1219833	0.0000689
all	166	90	1219833	0.0000738
all	167	72	1219833	0.0000590
all	168	77	1219833	0.0000631
all	169	61	1219833	0.0000500
all	170	86	1219833	0.0000705
all	171	85	1219833	0.0000697
all	172	50	1219833	0.0000410
all	173	74	1219833	0.0000607
all	174	56	1219833	0.0000459
all	175	67	1219833	0.0000549
all	176	60	1219833	0.0000492
all	177	55	1219833	0.0000451
all	178	64	1219833	0.0000525
all	179	51	1219833	0.0000418
all	180	54	1219833	0.0000443
all	181	55	1219833	0.0000451
all	182	44	1219833	0.0000361
all	183	69	1219833	0.0000566
all	184	69	1219833	0.0000566
all	185	42	1219833	0.0000344
all	186	63	1219833	0.0000516
all	187	82	1219833	0.0000672
all	188	68	1219833	0.0000557
all	189	74	1219833	0.0000607
all	190	62	1219833	0.0000508
all	191	60	1219833	0.0000492
all	192	78	1219833	0.0000639
all	193	42	1219833	0.0000344
all	194	74	1219833	0.0000607
all	195	61	1219833	0.0000500
all	196	68	1219833	0.0000557
all	197	75	1219833	0.0000615
all	198	54	1219833	0.0000443
all	199	51	1219833	0.0000418
all	200	61	1219833	0.0000500
all	201	35	1219833	0.0000287
all	202	49	1219833	0.0000402
all	203	54	1219833	0.0000443
all	204	61	1219833	0.0000500
all	205	50	1219833	0.0000410
all	206	70	1219833	0.0000574
all	207	41	1219833	0.0000336
all	208	48	1219833	0.0000393
all	209	39	1219833	0.0000320
all	210	40	1219833	0.0000328
all	211	53	1219833	0.0000434
all	212	48	1219833	0.0000393
all	213	42	1219833	0.0000344
all	214	41	1219833	0.0000336
all	215	45	1219833	0.0000369
all	216	47	1219833	0.0000385
all	217	46	1219833	0.0000377
all	218	55	1219833	0.0000451
all	219	43	1219833	0.0000353
all	220	49	1219833	0.0000402
all	221	40	1219833	0.0000328
all	222	43	1219833	0.0000353
all	223	34	1219833	0.0000279
all	224	34	1219833	0.0000279
all	225	29	1219833	0.0000238
all	226	38	1219833	0.0000312
all	227	61	1219833	0.0000500
all	228	42	1219833	0.0000344
all	229	50	1219833	0.0000410
all	230	43	1219833	0.0000353
all	231	47	1219833	0.0000385
all	232	56	1219833	0.0000459
all	233	63	1219833	0.0000516
all	234	53	1219833	0.0000434
all	235	47	1219833	0.0000385
all	236	46	1219833	0.0000377
all	237	75	1219833	0.0000615
all	238	65	1219833	0.0000533
all	239	70	1219833	0.0000574
all	240	63	1219833	0.0000516
all	241	46	1219833	0.0000377
all	242	44	1219833	0.0000361
all	243	55	1219833	0.0000451
all	244	45	1219833	0.0000369
all	245	39	1219833	0.0000320
all	246	60	1219833	0.0000492
all	247	61	1219833	0.0000500
all	248	54	1219833	0.0000443
all	249	39	1219833	0.0000320
all	250	42	1219833	0.0000344
all	251	49	1219833	0.0000402
all	252	65	1219833	0.0000533
all	253	40	1219833	0.0000328
all	254	40	1219833	0.0000328
all	255	50	1219833	0.0000410
all	256	41	1219833	0.0000336
all	257	41	1219833	0.0000336
all	258	36	1219833	0.0000295
all	259	44	1219833	0.0000361
all	260	37	1219833	0.0000303
all	261	43	1219833	0.0000353
all	262	50	1219833	0.0000410
all	263	30	1219833	0.0000246
all	264	36	1219833	0.0000295
all	265	34	1219833	0.0000279
all	266	40	1219833	0.0000328
all	267	42	1219833	0.0000344
all	268	46	1219833	0.0000377
all	269	61	1219833	0.0000500
all	270	41	1219833	0.0000336
all	271	52	1219833	0.0000426
all	272	38	1219833	0.0000312
all	273	56	1219833	0.0000459
all	274	60	1219833	0.0000492
all	275	52	1219833	0.0000426
all	276	27	1219833	0.0000221
all	277	42	1219833	0.0000344
all	278	46	1219833	0.0000377
all	279	48	1219833	0.0000393
all	280	35	1219833	0.0000287
all	281	46	1219833	0.0000377
all	282	35	1219833	0.0000287
all	283	51	1219833	0.0000418
all	284	53	1219833	0.0000434
all	285	40	1219833	0.0000328
all	286	40	1219833	0.0000328
all	287	38	1219833	0.0000312
all	288	44	1219833	0.0000361
all	289	61	1219833	0.0000500
all	290	54	1219833	0.0000443
all	291	43	1219833	0.0000353
all	292	56	1219833	0.0000459
all	293	48	1219833	0.0000393
all	294	52	1219833	0.0000426
all	295	53	1219833	0.0000434
all	296	56	1219833	0.0000459
all	297	66	1219833	0.0000541
all	298	65	1219833	0.0000533
all	299	44	1219833	0.0000361
all	300	45	1219833	0.0000369
all	301	41	1219833	0.0000336
all	302	55	1219833	0.0000451
all	303	39	1219833	0.0000320
all	304	47	1219833	0.0000385
all	305	40	1219833	0.0000328
all	306	46	1219833	0.0000377
all	307	46	1219833	0.0000377
all	308	56	1219833	0.0000459
all	309	56	1219833	0.0000459
all	310	64	1219833	0.0000525
all	311	59	1219833	0.0000484
all	312	45	1219833	0.0000369
all	313	51	1219833	0.0000418
all	314	54	1219833	0.0000443
all	315	45	1219833	0.0000369
all	316	48	1219833	0.0000393
all	317	55	1219833	0.0000451
all	318	42	1219833	0.0000344
all	319	40	1219833	0.0000328
all	320	43	1219833	0.0000353
all	321	45	1219833	0.0000369
all	322	47	1219833	0.0000385
all	323	49	1219833	0.0000402
all	324	59	1219833	0.0000484
all	325	45	1219833	0.0000369
all	326	43	1219833	0.0000353
all	327	47	1219833	0.0000385
all	328	52	1219833	0.0000426
all	329	43	1219833	0.0000353
all	330	54	1219833	0.0000443
all	331	44	1219833	0.0000361
all	332	61	1219833	0.0000500
all	333	51	1219833	0.0000418
all	334	53	1219833	0.0000434
all	335	56	1219833	0.0000459
all	336	36	1219833	0.0000295
all	337	38	1219833	0.0000312
all	338	40	1219833	0.0000328
all	339	38	1219833	0.0000312
all	340	45	1219833	0.0000369
all	341	47	1219833	0.0000385
all	342	46	1219833	0.0000377
all	343	55	1219833	0.0000451
all	344	40	1219833	0.0000328
all	345	44	1219833	0.0000361
all	346	44	1219833	0.0000361
all	347	45	1219833	0.0000369
all	348	50	1219833	0.0000410
all	349	40	1219833	0.0000328
all	350	42	1219833	0.0000344
all	351	47	1219833	0.0000385
all	352	46	1219833	0.0000377
all	353	51	1219833	0.0000418
all	354	46	1219833	0.0000377
all	355	44	1219833	0.0000361
all	356	45	1219833	0.0000369
all	357	50	1219833	0.0000410
all	358	54	1219833	0.0000443
all	359	58	1219833	0.0000475
all	360	54	1219833	0.0000443
all	361	52	1219833	0.0000426
all	362	50	1219833	0.0000410
all	363	53	1219833	0.0000434
all	364	69	1219833	0.0000566
all	365	51	1219833	0.0000418
all	366	44	1219833	0.0000361
all	367	56	1219833	0.0000459
all	368	59	1219833	0.0000484
all	369	64	1219833	0.0000525
all	370	48	1219833	0.0000393
all	371	58	1219833	0.0000475
all	372	53	1219833	0.0000434
all	373	40	1219833	0.0000328
all	374	43	1219833	0.0000353
all	375	52	1219833	0.0000426
all	376	43	1219833	0.0000353
all	377	48	1219833	0.0000393
all	378	41	1219833	0.0000336
all	379	58	1219833	0.0000475
all	380	56	1219833	0.0000459
all	381	59	1219833	0.0000484
all	382	72	1219833	0.0000590
all	383	43	1219833	0.0000353
all	384	47	1219833	0.0000385
all	385	53	1219833	0.0000434
all	386	52	1219833	0.0000426
all	387	49	1219833	0.0000402
all	388	48	1219833	0.0000393
all	389	47	1219833	0.0000385
all	390	56	1219833	0.0000459
all	391	59	1219833	0.0000484
all	392	74	1219833	0.0000607
all	393	52	1219833	0.0000426
all	394	43	1219833	0.0000353
all	395	38	1219833	0.0000312
all	396	38	1219833	0.0000312
all	397	41	1219833	0.0000336
all	398	41	1219833	0.0000336
all	399	37	1219833	0.0000303
all	400	56	1219833	0.0000459
all	401	45	1219833	0.0000369
all	402	41	1219833	0.0000336
all	403	47	1219833	0.0000385
all	404	34	1219833	0.0000279
all	405	38	1219833	0.0000312
all	406	35	1219833	0.0000287
all	407	31	1219833	0.0000254
all	408	44	1219833	0.0000361
all	409	33	1219833	0.0000271
all	410	41	1219833	0.0000336
all	411	45	1219833	0.0000369
all	412	46	1219833	0.0000377
all	413	42	1219833	0.0000344
all	414	44	1219833	0.0000361
all	415	42	1219833	0.0000344
all	416	44	1219833	0.0000361
all	417	35	1219833	0.0000287
all	418	42	1219833	0.0000344
all	419	37	1219833	0.0000303
all	420	46	1219833	0.0000377
all	421	51	1219833	0.0000418
all	422	37	1219833	0.0000303
all	423	39	1219833	0.0000320
all	424	48	1219833	0.0000393
all	425	44	1219833	0.0000361
all	426	46	1219833	0.0000377
all	427	52	1219833	0.0000426
all	428	25	1219833	0.0000205
all	429	32	1219833	0.0000262
all	430	28	1219833	0.0000230
all	431	35	1219833	0.0000287
all	432	32	1219833	0.0000262
all	433	31	1219833	0.0000254
all	434	46	1219833	0.0000377
all	435	33	1219833	0.0000271
all	436	46	1219833	0.0000377
all	437	46	1219833	0.0000377
all	438	42	1219833	0.0000344
all	439	41	1219833	0.0000336
all	440	38	1219833	0.0000312
all	441	44	1219833	0.0000361
all	442	42	1219833	0.0000344
all	443	28	1219833	0.0000230
all	444	40	1219833	0.0000328
all	445	34	1219833	0.0000279
all	446	42	1219833	0.0000344
all	447	32	1219833	0.0000262
all	448	26	1219833	0.0000213
all	449	31	1219833	0.0000254
all	450	45	1219833	0.0000369
all	451	48	1219833	0.0000393
all	452	25	1219833	0.0000205
all	453	36	1219833	0.0000295
all	454	26	1219833	0.0000213
all	455	33	1219833	0.0000271
all	456	33	1219833	0.0000271
all	457	39	1219833	0.0000320
all	458	38	1219833	0.0000312
all	459	37	1219833	0.0000303
all	460	44	1219833	0.0000361
all	461	29	1219833	0.0000238
all	462	28	1219833	0.0000230
all	463	27	1219833	0.0000221
all	464	31	1219833	0.0000254
all	465	30	1219833	0.0000246
all	466	40	1219833	0.0000328
all	467	41	1219833	0.0000336
all	468	40	1219833	0.0000328
all	469	41	1219833	0.0000336
all	470	34	1219833	0.0000279
all	471	40	1219833	0.0000328
all	472	15	1219833	0.0000123
all	473	30	1219833	0.0000246
all	474	34	1219833	0.0000279
all	475	27	1219833	0.0000221
all	476	21	1219833	0.0000172
all	477	28	1219833	0.0000230
all	478	33	1219833	0.0000271
all	479	35	1219833	0.0000287
all	480	28	1219833	0.0000230
all	481	32	1219833	0.0000262
all	482	26	1219833	0.0000213
all	483	24	1219833	0.0000197
all	484	20	1219833	0.0000164
all	485	29	1219833	0.0000238
all	486	36	1219833	0.0000295
all	487	31	1219833	0.0000254
all	488	34	1219833	0.0000279
all	489	29	1219833	0.0000238
all	490	25	1219833	0.0000205
all	491	26	1219833	0.0000213
all	492	36	1219833	0.0000295
all	493	30	1219833	0.0000246
all	494	26	1219833	0.0000213
all	495	29	1219833	0.0000238
all	496	23	1219833	0.0000189
all	497	30	1219833	0.0000246
all	498	30	1219833	0.0000246
all	499	24	1219833	0.0000197
all	500	14	1219833	0.0000115
all	501	31	1219833	0.0000254
all	502	28	1219833	0.0000230
all	503	21	1219833	0.0000172
all	504	22	1219833	0.0000180
all	505	18	1219833	0.0000148
all	506	28	1219833	0.0000230
all	507	19	1219833	0.0000156
all	508	15	1219833	0.0000123
all	509	31	1219833	0.0000254
all	510	23	1219833	0.0000189
all	511	20	1219833	0.0000164
all	512	20	1219833	0.0000164
all	513	26	1219833	0.0000213
all	514	33	1219833	0.0000271
all	515	41	1219833	0.0000336
all	516	31	1219833	0.0000254
all	517	26	1219833	0.0000213
all	518	30	1219833	0.0000246
all	519	32	1219833	0.0000262
all	520	33	1219833	0.0000271
all	521	24	1219833	0.0000197
all	522	34	1219833	0.0000279
all	523	31	1219833	0.0000254
all	524	30	1219833	0.0000246
all	525	29	1219833	0.0000238
all	526	44	1219833	0.0000361
all	527	32	1219833	0.0000262
all	528	34	1219833	0.0000279
all	529	29	1219833	0.0000238
all	530	39	1219833	0.0000320
all	531	34	1219833	0.0000279
all	532	32	1219833	0.0000262
all	533	23	1219833	0.0000189
all	534	26	1219833	0.0000213
all	535	25	1219833	0.0000205
all	536	35	1219833	0.0000287
all	537	19	1219833	0.0000156
all	538	31	1219833	0.0000254
all	539	28	1219833	0.0000230
all	540	22	1219833	0.0000180
all	541	31	1219833	0.0000254
all	542	25	1219833	0.0000205
all	543	25	1219833	0.0000205
all	544	30	1219833	0.0000246
all	545	22	1219833	0.0000180
all	546	28	1219833	0.0000230
all	547	29	1219833	0.0000238
all	548	34	1219833	0.0000279
all	549	27	1219833	0.0000221
all	550	27	1219833	0.0000221
all	551	27	1219833	0.0000221
all	552	29	1219833	0.0000238
all	553	24	1219833	0.0000197
all	554	20	1219833	0.0000164
all	555	17	1219833	0.0000139
all	556	31	1219833	0.0000254
all	557	32	1219833	0.0000262
all	558	23	1219833	0.0000189
all	559	24	1219833	0.0000197
all	560	35	1219833	0.0000287
all	561	22	1219833	0.0000180
all	562	34	1219833	0.0000279
all	563	37	1219833	0.0000303
all	564	28	1219833	0.0000230
all	565	36	1219833	0.0000295
all	566	29	1219833	0.0000238
all	567	36	1219833	0.0000295
all	568	28	1219833	0.0000230
all	569	32	1219833	0.0000262
all	570	26	1219833	0.0000213
all	571	25	1219833	0.0000205
all	572	21	1219833	0.0000172
all	573	17	1219833	0.0000139
all	574	22	1219833	0.0000180
all	575	18	1219833	0.0000148
all	576	19	1219833	0.0000156
all	577	19	1219833	0.0000156
all	578	16	1219833	0.0000131
all	579	22	1219833	0.0000180
all	580	20	1219833	0.0000164
all	581	24	1219833	0.0000197
all	582	19	1219833	0.0000156
all	583	20	1219833	0.0000164
all	584	22	1219833	0.0000180
all	585	18	1219833	0.0000148
all	586	19	1219833	0.0000156
all	587	13	1219833	0.0000107
all	588	21	1219833	0.0000172
all	589	23	1219833	0.0000189
all	590	18	1219833	0.0000148
all	591	20	1219833	0.0000164
all	592	23	1219833	0.0000189
all	593	30	1219833	0.0000246
all	594	19	1219833	0.0000156
all	595	20	1219833	0.0000164
all	596	26	1219833	0.0000213
all	597	18	1219833	0.0000148
all	598	19	1219833	0.0000156
all	599	19	1219833	0.0000156
all	600	19	1219833	0.0000156
all	601	24	1219833	0.0000197
all	602	16	1219833	0.0000131
all	603	11	1219833	0.0000090
all	604	24	1219833	0.0000197
all	605	17	1219833	0.0000139
all	606	16	1219833	0.0000131
all	607	28	1219833	0.0000230
all	608	17	1219833	0.0000139
all	609	12	1219833	0.0000098
all	610	16	1219833	0.0000131
all	611	20	1219833	0.0000164
all	612	17	1219833	0.0000139
all	613	14	1219833	0.0000115
all	614	13	1219833	0.0000107
all	615	14	1219833	0.0000115
all	616	14	1219833	0.0000115
all	617	19	1219833	0.0000156
all	618	17	1219833	0.0000139
all	619	16	1219833	0.0000131
all	620	19	1219833	0.0000156
all	621	18	1219833	0.0000148
all	622	20	1219833	0.0000164
all	623	17	1219833	0.0000139
all	624	14	1219833	0.0000115
all	625	10	1219833	0.0000082
all	626	11	1219833	0.0000090
all	627	11	1219833	0.0000090
all	628	15	1219833	0.0000123
all	629	11	1219833	0.0000090
all	630	12	1219833	0.0000098
all	631	15	1219833	0.0000123
all	632	15	1219833	0.0000123
all	633	9	1219833	0.0000074
all	634	18	1219833	0.0000148
all	635	9	1219833	0.0000074
all	636	10	1219833	0.0000082
all	637	10	1219833	0.0000082
all	638	13	1219833	0.0000107
all	639	13	1219833	0.0000107
all	640	12	1219833	0.0000098
all	641	17	1219833	0.0000139
all	642	14	1219833	0.0000115
all	643	9	1219833	0.0000074
all	644	17	1219833	0.0000139
all	645	12	1219833	0.0000098
all	646	14	1219833	0.0000115
all	647	18	1219833	0.0000148
all	648	11	1219833	0.0000090
all	649	14	1219833	0.0000115
all	650	14	1219833	0.0000115
all	651	19	1219833	0.0000156
all	652	14	1219833	0.0000115
all	653	9	1219833	0.0000074
all	654	13	1219833	0.0000107
all	655	7	1219833	0.0000057
all	656	15	1219833	0.0000123
all	657	15	1219833	0.0000123
all	658	14	1219833	0.0000115
all	659	16	1219833	0.0000131
all	660	17	1219833	0.0000139
all	661	4	1219833	0.0000033
all	662	21	1219833	0.0000172
all	663	12	1219833	0.0000098
all	664	16	1219833	0.0000131
all	665	22	1219833	0.0000180
all	666	14	1219833	0.0000115
all	667	11	1219833	0.0000090
all	668	20	1219833	0.0000164
all	669	11	1219833	0.0000090
all	670	10	1219833	0.0000082
all	671	8	1219833	0.0000066
all	672	11	1219833	0.0000090
all	673	13	1219833	0.0000107
all	674	18	1219833	0.0000148
all	675	9	1219833	0.0000074
all	676	6	1219833	0.0000049
all	677	17	1219833	0.0000139
all	678	17	1219833	0.0000139
all	679	8	1219833	0.0000066
all	680	16	1219833	0.0000131
all	681	10	1219833	0.0000082
all	682	21	1219833	0.0000172
all	683	14	1219833	0.0000115
all	684	14	1219833	0.0000115
all	685	13	1219833	0.0000107
all	686	20	1219833	0.0000164
all	687	21	1219833	0.0000172
all	688	18	1219833	0.0000148
all	689	22	1219833	0.0000180
all	690	17	1219833	0.0000139
all	691	20	1219833	0.0000164
all	692	21	1219833	0.0000172
all	693	17	1219833	0.0000139
all	694	19	1219833	0.0000156
all	695	20	1219833	0.0000164
all	696	16	1219833	0.0000131
all	697	21	1219833	0.0000172
all	698	16	1219833	0.0000131
all	699	15	1219833	0.0000123
all	700	13	1219833	0.0000107
all	701	16	1219833	0.0000131
all	702	12	1219833	0.0000098
all	703	14	1219833	0.0000115
all	704	13	1219833	0.0000107
all	705	19	1219833	0.0000156
all	706	18	1219833	0.0000148
all	707	11	1219833	0.0000090
all	708	15	1219833	0.0000123
all	709	10	1219833	0.0000082
all	710	15	1219833	0.0000123
all	711	12	1219833	0.0000098
all	712	10	1219833	0.0000082
all	713	12	1219833	0.0000098
all	714	10	1219833	0.0000082
all	715	8	1219833	0.0000066
all	716	9	1219833	0.0000074
all	717	7	1219833	0.0000057
all	718	10	1219833	0.0000082
all	719	11	1219833	0.0000090
all	720	14	1219833	0.0000115
all	721	13	1219833	0.0000107
all	722	12	1219833	0.0000098
all	723	9	1219833	0.0000074
all	724	9	1219833	0.0000074
all	725	9	1219833	0.0000074
all	726	9	1219833	0.0000074
all	727	9	1219833	0.0000074
all	728	14	1219833	0.0000115
all	729	8	1219833	0.0000066
all	730	24	1219833	0.0000197
all	731	10	1219833	0.0000082
all	732	10	1219833	0.0000082
all	733	11	1219833	0.0000090
all	734	19	1219833	0.0000156
all	735	14	1219833	0.0000115
all	736	12	1219833	0.0000098
all	737	11	1219833	0.0000090
all	738	6	1219833	0.0000049
all	739	8	1219833	0.0000066
all	740	17	1219833	0.0000139
all	741	8	1219833	0.0000066
all	742	11	1219833	0.0000090
all	743	8	1219833	0.0000066
all	744	10	1219833	0.0000082
all	745	7	1219833	0.0000057
all	746	9	1219833	0.0000074
all	747	9	1219833	0.0000074
all	748	5	1219833	0.0000041
all	749	11	1219833	0.0000090
all	750	8	1219833	0.0000066
all	751	8	1219833	0.0000066
all	752	15	1219833	0.0000123
all	753	4	1219833	0.0000033
all	754	6	1219833	0.0000049
all	755	13	1219833	0.0000107
all	756	8	1219833	0.0000066
all	757	8	1219833	0.0000066
all	758	10	1219833	0.0000082
all	759	4	1219833	0.0000033
all	760	7	1219833	0.0000057
all	761	6	1219833	0.0000049
all	762	7	1219833	0.0000057
all	763	6	1219833	0.0000049
all	764	10	1219833	0.0000082
all	765	8	1219833	0.0000066
all	766	10	1219833	0.0000082
all	767	11	1219833	0.0000090
all	768	8	1219833	0.0000066
all	769	9	1219833	0.0000074
all	770	6	1219833	0.0000049
all	771	5	1219833	0.0000041
all	772	7	1219833	0.0000057
all	773	4	1219833	0.0000033
all	774	5	1219833	0.0000041
all	775	5	1219833	0.0000041
all	776	5	1219833	0.0000041
all	777	2	1219833	0.0000016
all	778	6	1219833	0.0000049
all	779	4	1219833	0.0000033
all	780	6	1219833	0.0000049
all	781	5	1219833	0.0000041
all	782	3	1219833	0.0000025
all	783	3	1219833	0.0000025
all	784	2	1219833	0.0000016
all	785	2	1219833	0.0000016
all	786	1	1219833	0.0000008
all	787	3	1219833	0.0000025
all	788	4	1219833	0.0000033
all	789	7	1219833	0.0000057
all	790	3	1219833	0.0000025
all	791	8	1219833	0.0000066
all	792	1	1219833	0.0000008
all	793	5	1219833	0.0000041
all	794	7	1219833	0.0000057
all	795	8	1219833	0.0000066
all	796	7	1219833	0.0000057
all	797	4	1219833	0.0000033
all	798	4	1219833	0.0000033
all	799	5	1219833	0.0000041
all	800	6	1219833	0.0000049
all	801	11	1219833	0.0000090
all	802	1	1219833	0.0000008
all	803	7	1219833	0.0000057
all	804	2	1219833	0.0000016
all	805	5	1219833	0.0000041
all	806	6	1219833	0.0000049
all	807	4	1219833	0.0000033
all	808	2	1219833	0.0000016
all	809	2	1219833	0.0000016
all	810	7	1219833	0.0000057
all	811	3	1219833	0.0000025
all	812	1	1219833	0.0000008
all	813	4	1219833	0.0000033
all	814	1	1219833	0.0000008
all	815	2	1219833	0.0000016
all	816	5	1219833	0.0000041
all	817	5	1219833	0.0000041
all	818	3	1219833	0.0000025
all	819	5	1219833	0.0000041
all	820	7	1219833	0.0000057
all	821	3	1219833	0.0000025
all	822	6	1219833	0.0000049
all	823	4	1219833	0.0000033
all	824	4	1219833	0.0000033
all	825	4	1219833	0.0000033
all	826	2	1219833	0.0000016
all	827	7	1219833	0.0000057
all	828	4	1219833	0.0000033
all	830	4	1219833	0.0000033
all	831	4	1219833	0.0000033
all	832	5	1219833	0.0000041
all	833	6	1219833	0.0000049
all	834	3	1219833	0.0000025
all	835	8	1219833	0.0000066
all	836	4	1219833	0.0000033
all	837	6	1219833	0.0000049
all	838	5	1219833	0.0000041
all	839	9	1219833	0.0000074
all	840	6	1219833	0.0000049
all	841	2	1219833	0.0000016
all	842	5	1219833	0.0000041
all	843	4	1219833	0.0000033
all	844	8	1219833	0.0000066
all	845	12	1219833	0.0000098
all	846	8	1219833	0.0000066
all	847	7	1219833	0.0000057
all	848	4	1219833	0.0000033
all	849	3	1219833	0.0000025
all	850	4	1219833	0.0000033
all	851	7	1219833	0.0000057
all	852	5	1219833	0.0000041
all	853	3	1219833	0.0000025
all	854	2	1219833	0.0000016
all	855	1	1219833	0.0000008
all	856	3	1219833	0.0000025
all	857	2	1219833	0.0000016
all	859	2	1219833	0.0000016
all	860	2	1219833	0.0000016
all	861	1	1219833	0.0000008
all	862	6	1219833	0.0000049
all	863	8	1219833	0.0000066
all	864	3	1219833	0.0000025
all	865	4	1219833	0.0000033
all	866	5	1219833	0.0000041
all	867	5	1219833	0.0000041
all	868	4	1219833	0.0000033
all	869	3	1219833	0.0000025
all	870	4	1219833	0.0000033
all	871	3	1219833	0.0000025
all	872	3	1219833	0.0000025
all	873	4	1219833	0.0000033
all	874	6	1219833	0.0000049
all	875	5	1219833	0.0000041
all	876	2	1219833	0.0000016
all	877	3	1219833	0.0000025
all	878	2	1219833	0.0000016
all	879	4	1219833	0.0000033
all	880	5	1219833	0.0000041
all	881	2	1219833	0.0000016
all	882	4	1219833	0.0000033
all	883	1	1219833	0.0000008
all	884	1	1219833	0.0000008
all	885	2	1219833	0.0000016
all	886	1	1219833	0.0000008
all	888	3	1219833	0.0000025
all	889	6	1219833	0.0000049
all	890	1	1219833	0.0000008
all	891	7	1219833	0.0000057
all	892	2	1219833	0.0000016
all	893	3	1219833	0.0000025
all	894	4	1219833	0.0000033
all	895	2	1219833	0.0000016
all	896	1	1219833	0.0000008
all	897	2	1219833	0.0000016
all	898	3	1219833	0.0000025
all	899	1	1219833	0.0000008
all	900	5	1219833	0.0000041
all	901	2	1219833	0.0000016
all	902	3	1219833	0.0000025
all	903	2	1219833	0.0000016
all	904	5	1219833	0.0000041
all	905	6	1219833	0.0000049
all	906	2	1219833	0.0000016
all	907	5	1219833	0.0000041
all	908	5	1219833	0.0000041
all	909	3	1219833	0.0000025
all	910	2	1219833	0.0000016
all	911	1	1219833	0.0000008
all	912	2	1219833	0.0000016
all	913	2	1219833	0.0000016
all	914	2	1219833	0.0000016
all	915	3	1219833	0.0000025
all	916	3	1219833	0.0000025
all	917	2	1219833	0.0000016
all	918	5	1219833	0.0000041
all	919	3	1219833	0.0000025
all	920	2	1219833	0.0000016
all	921	3	1219833	0.0000025
all	922	7	1219833	0.0000057
all	923	1	1219833	0.0000008
all	924	3	1219833	0.0000025
all	925	3	1219833	0.0000025
all	926	3	1219833	0.0000025
all	927	2	1219833	0.0000016
all	928	4	1219833	0.0000033
all	929	1	1219833	0.0000008
all	930	5	1219833	0.0000041
all	931	4	1219833	0.0000033
all	932	3	1219833	0.0000025
all	933	4	1219833	0.0000033
all	935	1	1219833	0.0000008
all	936	2	1219833	0.0000016
all	937	2	1219833	0.0000016
all	938	1	1219833	0.0000008
all	940	2	1219833	0.0000016
all	941	3	1219833	0.0000025
all	942	2	1219833	0.0000016
all	943	2	1219833	0.0000016
all	944	2	1219833	0.0000016
all	945	2	1219833	0.0000016
all	946	2	1219833	0.0000016
all	947	1	1219833	0.0000008
all	948	4	1219833	0.0000033
all	950	4	1219833	0.0000033
all	951	3	1219833	0.0000025
all	952	2	1219833	0.0000016
all	953	2	1219833	0.0000016
all	954	3	1219833	0.0000025
all	955	3	1219833	0.0000025
all	956	4	1219833	0.0000033
all	957	2	1219833	0.0000016
all	958	2	1219833	0.0000016
all	959	1	1219833	0.0000008
all	960	7	1219833	0.0000057
all	961	7	1219833	0.0000057
all	962	3	1219833	0.0000025
all	964	6	1219833	0.0000049
all	965	4	1219833	0.0000033
all	966	5	1219833	0.0000041
all	967	5	1219833	0.0000041
all	968	5	1219833	0.0000041
all	969	2	1219833	0.0000016
all	970	5	1219833	0.0000041
all	971	1	1219833	0.0000008
all	973	4	1219833	0.0000033
all	974	6	1219833	0.0000049
all	975	3	1219833	0.0000025
all	976	4	1219833	0.0000033
all	977	2	1219833	0.0000016
all	978	2	1219833	0.0000016
all	979	4	1219833	0.0000033
all	980	6	1219833	0.0000049
all	981	4	1219833	0.0000033
all	982	4	1219833	0.0000033
all	983	5	1219833	0.0000041
all	984	6	1219833	0.0000049
all	985	1	1219833	0.0000008
all	986	3	1219833	0.0000025
all	987	5	1219833	0.0000041
all	988	2	1219833	0.0000016
all	989	4	1219833	0.0000033
all	990	1	1219833	0.0000008
all	991	1	1219833	0.0000008
all	992	6	1219833	0.0000049
all	993	3	1219833	0.0000025
all	994	2	1219833	0.0000016
all	995	4	1219833	0.0000033
all	996	4	1219833	0.0000033
all	997	3	1219833	0.0000025
all	998	4	1219833	0.0000033
all	999	3	1219833	0.0000025
all	1000	2	1219833	0.0000016
all	1001	2	1219833	0.0000016
all	1002	2	1219833	0.0000016
all	1003	2	1219833	0.0000016
all	1004	1	1219833	0.0000008
all	1005	4	1219833	0.0000033
all	1006	4	1219833	0.0000033
all	1007	3	1219833	0.0000025
all	1008	1	1219833	0.0000008
all	1009	7	1219833	0.0000057
all	1010	4	1219833	0.0000033
all	1011	4	1219833	0.0000033
all	1013	4	1219833	0.0000033
all	1014	3	1219833	0.0000025
all	1015	5	1219833	0.0000041
all	1016	3	1219833	0.0000025
all	1017	3	1219833	0.0000025
all	1018	2	1219833	0.0000016
all	1019	4	1219833	0.0000033
all	1020	2	1219833	0.0000016
all	1021	3	1219833	0.0000025
all	1022	2	1219833	0.0000016
all	1023	1	1219833	0.0000008
all	1024	3	1219833	0.0000025
all	1025	4	1219833	0.0000033
all	1026	2	1219833	0.0000016
all	1028	3	1219833	0.0000025
all	1029	1	1219833	0.0000008
all	1030	3	1219833	0.0000025
all	1031	1	1219833	0.0000008
all	1034	1	1219833	0.0000008
all	1035	2	1219833	0.0000016
all	1036	3	1219833	0.0000025
all	1037	3	1219833	0.0000025
all	1039	1	1219833	0.0000008
all	1042	2	1219833	0.0000016
all	1043	2	1219833	0.0000016
all	1044	1	1219833	0.0000008
all	1045	2	1219833	0.0000016
all	1046	1	1219833	0.0000008
all	1047	1	1219833	0.0000008
all	1048	1	1219833	0.0000008
all	1049	1	1219833	0.0000008
all	1051	1	1219833	0.0000008
all	1052	3	1219833	0.0000025
all	1053	1	1219833	0.0000008
all	1054	3	1219833	0.0000025
all	1055	1	1219833	0.0000008
all	1058	1	1219833	0.0000008
all	1059	3	1219833	0.0000025
all	1061	5	1219833	0.0000041
all	1062	1	1219833	0.0000008
all	1063	1	1219833	0.0000008
all	1064	2	1219833	0.0000016
all	1066	2	1219833	0.0000016
all	1067	1	1219833	0.0000008
all	1069	1	1219833	0.0000008
all	1071	3	1219833	0.0000025
all	1072	1	1219833	0.0000008
all	1073	3	1219833	0.0000025
all	1074	3	1219833	0.0000025
all	1075	1	1219833	0.0000008
all	1076	1	1219833	0.0000008
all	1078	1	1219833	0.0000008
all	1080	1	1219833	0.0000008
all	1081	2	1219833	0.0000016
all	1085	1	1219833	0.0000008
all	1088	1	1219833	0.0000008
all	1090	1	1219833	0.0000008
all	1091	1	1219833	0.0000008
all	1094	2	1219833	0.0000016
all	1098	1	1219833	0.0000008
all	1106	1	1219833	0.0000008
all	1109	1	1219833	0.0000008
all	1112	1	1219833	0.0000008
all	1113	1	1219833	0.0000008
all	1120	1	1219833	0.0000008
all	1122	1	1219833	0.0000008
all	1134	1	1219833	0.0000008
all	1151	2	1219833	0.0000016
all	1153	1	1219833	0.0000008
all	1154	1	1219833	0.0000008
all	1155	1	1219833	0.0000008
all	1156	1	1219833	0.0000008
all	1159	2	1219833	0.0000016
all	1161	1	1219833	0.0000008
all	1162	1	1219833	0.0000008
all	1167	1	1219833	0.0000008
all	1168	2	1219833	0.0000016
all	1170	2	1219833	0.0000016
all	1171	1	1219833	0.0000008
all	1173	1	1219833	0.0000008
all	1175	1	1219833	0.0000008
all	1178	2	1219833	0.0000016
all	1179	1	1219833	0.0000008
all	1181	2	1219833	0.0000016
all	1182	1	1219833	0.0000008
all	1186	1	1219833	0.0000008
all	1190	1	1219833	0.0000008
all	1191	1	1219833	0.0000008
all	1192	1	1219833	0.0000008
all	1193	2	1219833	0.0000016
