all	0	923180	1219833	0.7568085
all	1	104135	1219833	0.0853682
all	2	86050	1219833	0.0705424
all	3	21890	1219833	0.0179451
all	4	16159	1219833	0.0132469
all	5	7509	1219833	0.0061558
all	6	5190	1219833	0.0042547
all	7	4175	1219833	0.0034226
all	8	2744	1219833	0.0022495
all	9	1806	1219833	0.0014805
all	10	2062	1219833	0.0016904
all	11	1555	1219833	0.0012748
all	12	1107	1219833	0.0009075
all	13	1174	1219833	0.0009624
all	14	607	1219833	0.0004976
all	15	864	1219833	0.0007083
all	16	840	1219833	0.0006886
all	17	679	1219833	0.0005566
all	18	740	1219833	0.0006066
all	19	631	1219833	0.0005173
all	20	473	1219833	0.0003878
all	21	473	1219833	0.0003878
all	22	413	1219833	0.0003386
all	23	398	1219833	0.0003263
all	24	385	1219833	0.0003156
all	25	503	1219833	0.0004124
all	26	407	1219833	0.0003337
all	27	361	1219833	0.0002959
all	28	330	1219833	0.0002705
all	29	435	1219833	0.0003566
all	30	468	1219833	0.0003837
all	31	263	1219833	0.0002156
all	32	331	1219833	0.0002713
all	33	374	1219833	0.0003066
all	34	318	1219833	0.0002607
all	35	261	1219833	0.0002140
all	36	295	1219833	0.0002418
all	37	259	1219833	0.0002123
all	38	272	1219833	0.0002230
all	39	264	1219833	0.0002164
all	40	256	1219833	0.0002099
all	41	287	1219833	0.0002353
all	42	227	1219833	0.0001861
all	43	229	1219833	0.0001877
all	44	273	1219833	0.0002238
all	45	197	1219833	0.0001615
all	46	217	1219833	0.0001779
all	47	223	1219833	0.0001828
all	48	239	1219833	0.0001959
all	49	264	1219833	0.0002164
all	50	231	1219833	0.0001894
all	51	179	1219833	0.0001467
all	52	216	1219833	0.0001771
all	53	218	1219833	0.0001787
all	54	191	1219833	0.0001566
all	55	188	1219833	0.0001541
all	56	167	1219833	0.0001369
all	57	224	1219833	0.0001836
all	58	249	1219833	0.0002041
all	59	205	1219833	0.0001681
all	60	191	1219833	0.0001566
all	61	149	1219833	0.0001221
all	62	126	1219833	0.0001033
all	63	170	1219833	0.0001394
all	64	172	1219833	0.0001410
all	65	247	1219833	0.0002025
all	66	141	1219833	0.0001156
all	67	149	1219833	0.0001221
all	68	123	1219833	0.0001008
all	69	124	1219833	0.0001017
all	70	129	1219833	0.0001058
all	71	87	1219833	0.0000713
all	72	108	1219833	0.0000885
all	73	132	1219833	0.0001082
all	74	136	1219833	0.0001115
all	75	169	1219833	0.0001385
all	76	160	1219833	0.0001312
all	77	155	1219833	0.0001271
all	78	178	1219833	0.0001459
all	79	178	1219833	0.0001459
all	80	145	1219833	0.0001189
all	81	102	1219833	0.0000836
all	82	112	1219833	0.0000918
all	83	85	1219833	0.0000697
all	84	119	1219833	0.0000976
all	85	136	1219833	0.0001115
all	86	136	1219833	0.0001115
all	87	108	1219833	0.0000885
all	88	150	1219833	0.0001230
all	89	152	1219833	0.0001246
all	90	152	1219833	0.0001246
all	91	166	1219833	0.0001361
all	92	124	1219833	0.0001017
all	93	131	1219833	0.0001074
all	94	111	1219833	0.0000910
all	95	107	1219833	0.0000877
all	96	96	1219833	0.0000787
all	97	127	1219833	0.0001041
all	98	137	1219833	0.0001123
all	99	137	1219833	0.0001123
all	100	117	1219833	0.0000959
all	101	122	1219833	0.0001000
all	102	99	1219833	0.0000812
all	103	101	1219833	0.0000828
all	104	100	1219833	0.0000820
all	105	92	1219833	0.0000754
all	106	98	1219833	0.0000803
all	107	129	1219833	0.0001058
all	108	76	1219833	0.0000623
all	109	91	1219833	0.0000746
all	110	113	1219833	0.0000926
all	111	105	1219833	0.0000861
all	112	96	1219833	0.0000787
all	113	91	1219833	0.0000746
all	114	97	1219833	0.0000795
all	115	93	1219833	0.0000762
all	116	101	1219833	0.0000828
all	117	114	1219833	0.0000935
all	118	128	1219833	0.0001049
all	119	154	1219833	0.0001262
all	120	111	1219833	0.0000910
all	121	102	1219833	0.0000836
all	122	113	1219833	0.0000926
all	123	104	1219833	0.0000853
all	124	98	1219833	0.0000803
all	125	84	1219833	0.0000689
all	126	108	1219833	0.0000885
all	127	123	1219833	0.0001008
all	128	108	1219833	0.0000885
all	129	141	1219833	0.0001156
all	130	113	1219833	0.0000926
all	131	110	1219833	0.0000902
all	132	119	1219833	0.0000976
all	133	125	1219833	0.0001025
all	134	140	1219833	0.0001148
all	135	156	1219833	0.0001279
all	136	148	1219833	0.0001213
all	137	122	1219833	0.0001000
all	138	114	1219833	0.0000935
all	139	119	1219833	0.0000976
all	140	99	1219833	0.0000812
all	141	112	1219833	0.0000918
all	142	116	1219833	0.0000951
all	143	98	1219833	0.0000803
all	144	122	1219833	0.0001000
all	145	141	1219833	0.0001156
all	146	135	1219833	0.0001107
all	147	95	1219833	0.0000779
all	148	106	1219833	0.0000869
all	149	122	1219833	0.0001000
all	150	119	1219833	0.0000976
all	151	106	1219833	0.0000869
all	152	99	1219833	0.0000812
all	153	111	1219833	0.0000910
all	154	110	1219833	0.0000902
all	155	121	1219833	0.0000992
all	156	130	1219833	0.0001066
all	157	89	1219833	0.0000730
all	158	122	1219833	0.0001000
all	159	110	1219833	0.0000902
all	160	112	1219833	0.0000918
all	161	102	1219833	0.0000836
all	162	83	1219833	0.0000680
all	163	107	1219833	0.0000877
all	164	102	1219833	0.0000836
all	165	79	1219833	0.0000648
all	166	92	1219833	0.0000754
all	167	108	1219833	0.0000885
all	168	70	1219833	0.0000574
all	169	102	1219833	0.0000836
all	170	93	1219833	0.0000762
all	171	103	1219833	0.0000844
all	172	87	1219833	0.0000713
all	173	92	1219833	0.0000754
all	174	88	1219833	0.0000721
all	175	127	1219833	0.0001041
all	176	103	1219833	0.0000844
all	177	84	1219833	0.0000689
all	178	81	1219833	0.0000664
all	179	96	1219833	0.0000787
all	180	87	1219833	0.0000713
all	181	86	1219833	0.0000705
all	182	100	1219833	0.0000820
all	183	117	1219833	0.0000959
all	184	103	1219833	0.0000844
all	185	107	1219833	0.0000877
all	186	107	1219833	0.0000877
all	187	89	1219833	0.0000730
all	188	87	1219833	0.0000713
all	189	96	1219833	0.0000787
all	190	109	1219833	0.0000894
all	191	102	1219833	0.0000836
all	192	110	1219833	0.0000902
all	193	100	1219833	0.0000820
all	194	63	1219833	0.0000516
all	195	71	1219833	0.0000582
all	196	85	1219833	0.0000697
all	197	78	1219833	0.0000639
all	198	111	1219833	0.0000910
all	199	82	1219833	0.0000672
all	200	86	1219833	0.0000705
all	201	77	1219833	0.0000631
all	202	77	1219833	0.0000631
all	203	92	1219833	0.0000754
all	204	99	1219833	0.0000812
all	205	79	1219833	0.0000648
all	206	94	1219833	0.0000771
all	207	84	1219833	0.0000689
all	208	76	1219833	0.0000623
all	209	83	1219833	0.0000680
all	210	79	1219833	0.0000648
all	211	73	1219833	0.0000598
all	212	91	1219833	0.0000746
all	213	66	1219833	0.0000541
all	214	66	1219833	0.0000541
all	215	74	1219833	0.0000607
all	216	83	1219833	0.0000680
all	217	67	1219833	0.0000549
all	218	80	1219833	0.0000656
all	219	76	1219833	0.0000623
all	220	83	1219833	0.0000680
all	221	78	1219833	0.0000639
all	222	79	1219833	0.0000648
all	223	89	1219833	0.0000730
all	224	88	1219833	0.0000721
all	225	89	1219833	0.0000730
all	226	67	1219833	0.0000549
all	227	67	1219833	0.0000549
all	228	81	1219833	0.0000664
all	229	98	1219833	0.0000803
all	230	71	1219833	0.0000582
all	231	91	1219833	0.0000746
all	232	74	1219833	0.0000607
all	233	64	1219833	0.0000525
all	234	65	1219833	0.0000533
all	235	57	1219833	0.0000467
all	236	66	1219833	0.0000541
all	237	76	1219833	0.0000623
all	238	60	1219833	0.0000492
all	239	57	1219833	0.0000467
all	240	41	1219833	0.0000336
all	241	49	1219833	0.0000402
all	242	44	1219833	0.0000361
all	243	35	1219833	0.0000287
all	244	67	1219833	0.0000549
all	245	37	1219833	0.0000303
all	246	39	1219833	0.0000320
all	247	39	1219833	0.0000320
all	248	45	1219833	0.0000369
all	249	49	1219833	0.0000402
all	250	61	1219833	0.0000500
all	251	51	1219833	0.0000418
all	252	45	1219833	0.0000369
all	253	66	1219833	0.0000541
all	254	57	1219833	0.0000467
all	255	47	1219833	0.0000385
all	256	44	1219833	0.0000361
all	257	48	1219833	0.0000393
all	258	49	1219833	0.0000402
all	259	40	1219833	0.0000328
all	260	54	1219833	0.0000443
all	261	37	1219833	0.0000303
all	262	42	1219833	0.0000344
all	263	47	1219833	0.0000385
all	264	45	1219833	0.0000369
all	265	45	1219833	0.0000369
all	266	44	1219833	0.0000361
all	267	43	1219833	0.0000353
all	268	52	1219833	0.0000426
all	269	45	1219833	0.0000369
all	270	49	1219833	0.0000402
all	271	44	1219833	0.0000361
all	272	78	1219833	0.0000639
all	273	53	1219833	0.0000434
all	274	57	1219833	0.0000467
all	275	57	1219833	0.0000467
all	276	45	1219833	0.0000369
all	277	43	1219833	0.0000353
all	278	45	1219833	0.0000369
all	279	46	1219833	0.0000377
all	280	44	1219833	0.0000361
all	281	29	1219833	0.0000238
all	282	38	1219833	0.0000312
all	283	52	1219833	0.0000426
all	284	39	1219833	0.0000320
all	285	43	1219833	0.0000353
all	286	47	1219833	0.0000385
all	287	46	1219833	0.0000377
all	288	41	1219833	0.0000336
all	289	41	1219833	0.0000336
all	290	36	1219833	0.0000295
all	291	27	1219833	0.0000221
all	292	34	1219833	0.0000279
all	293	22	1219833	0.0000180
all	294	43	1219833	0.0000353
all	295	44	1219833	0.0000361
all	296	31	1219833	0.0000254
all	297	38	1219833	0.0000312
all	298	41	1219833	0.0000336
all	299	41	1219833	0.0000336
all	300	36	1219833	0.0000295
all	301	36	1219833	0.0000295
all	302	40	1219833	0.0000328
all	303	39	1219833	0.0000320
all	304	36	1219833	0.0000295
all	305	34	1219833	0.0000279
all	306	30	1219833	0.0000246
all	307	33	1219833	0.0000271
all	308	38	1219833	0.0000312
all	309	33	1219833	0.0000271
all	310	33	1219833	0.0000271
all	311	42	1219833	0.0000344
all	312	47	1219833	0.0000385
all	313	31	1219833	0.0000254
all	314	28	1219833	0.0000230
all	315	28	1219833	0.0000230
all	316	45	1219833	0.0000369
all	317	39	1219833	0.0000320
all	318	44	1219833	0.0000361
all	319	30	1219833	0.0000246
all	320	40	1219833	0.0000328
all	321	28	1219833	0.0000230
all	322	28	1219833	0.0000230
all	323	29	1219833	0.0000238
all	324	40	1219833	0.0000328
all	325	36	1219833	0.0000295
all	326	31	1219833	0.0000254
all	327	28	1219833	0.0000230
all	328	28	1219833	0.0000230
all	329	27	1219833	0.0000221
all	330	34	1219833	0.0000279
all	331	18	1219833	0.0000148
all	332	22	1219833	0.0000180
all	333	24	1219833	0.0000197
all	334	27	1219833	0.0000221
all	335	27	1219833	0.0000221
all	336	29	1219833	0.0000238
all	337	26	1219833	0.0000213
all	338	25	1219833	0.0000205
all	339	20	1219833	0.0000164
all	340	24	1219833	0.0000197
all	341	20	1219833	0.0000164
all	342	19	1219833	0.0000156
all	343	25	1219833	0.0000205
all	344	19	1219833	0.0000156
all	345	10	1219833	0.0000082
all	346	18	1219833	0.0000148
all	347	27	1219833	0.0000221
all	348	23	1219833	0.0000189
all	349	24	1219833	0.0000197
all	350	26	1219833	0.0000213
all	351	17	1219833	0.0000139
all	352	34	1219833	0.0000279
all	353	22	1219833	0.0000180
all	354	21	1219833	0.0000172
all	355	22	1219833	0.0000180
all	356	14	1219833	0.0000115
all	357	19	1219833	0.0000156
all	358	27	1219833	0.0000221
all	359	17	1219833	0.0000139
all	360	20	1219833	0.0000164
all	361	18	1219833	0.0000148
all	362	17	1219833	0.0000139
all	363	13	1219833	0.0000107
all	364	17	1219833	0.0000139
all	365	16	1219833	0.0000131
all	366	17	1219833	0.0000139
all	367	21	1219833	0.0000172
all	368	27	1219833	0.0000221
all	369	24	1219833	0.0000197
all	370	18	1219833	0.0000148
all	371	23	1219833	0.0000189
all	372	30	1219833	0.0000246
all	373	24	1219833	0.0000197
all	374	22	1219833	0.0000180
all	375	24	1219833	0.0000197
all	376	21	1219833	0.0000172
all	377	22	1219833	0.0000180
all	378	23	1219833	0.0000189
all	379	23	1219833	0.0000189
all	380	22	1219833	0.0000180
all	381	25	1219833	0.0000205
all	382	16	1219833	0.0000131
all	383	18	1219833	0.0000148
all	384	19	1219833	0.0000156
all	385	20	1219833	0.0000164
all	386	15	1219833	0.0000123
all	387	22	1219833	0.0000180
all	388	14	1219833	0.0000115
all	389	17	1219833	0.0000139
all	390	10	1219833	0.0000082
all	391	15	1219833	0.0000123
all	392	21	1219833	0.0000172
all	393	21	1219833	0.0000172
all	394	15	1219833	0.0000123
all	395	11	1219833	0.0000090
all	396	6	1219833	0.0000049
all	397	19	1219833	0.0000156
all	398	15	1219833	0.0000123
all	399	16	1219833	0.0000131
all	400	10	1219833	0.0000082
all	401	12	1219833	0.0000098
all	402	10	1219833	0.0000082
all	403	10	1219833	0.0000082
all	404	10	1219833	0.0000082
all	405	4	1219833	0.0000033
all	406	10	1219833	0.0000082
all	407	4	1219833	0.0000033
all	408	11	1219833	0.0000090
all	409	4	1219833	0.0000033
all	410	5	1219833	0.0000041
all	411	4	1219833	0.0000033
all	412	8	1219833	0.0000066
all	413	9	1219833	0.0000074
all	414	4	1219833	0.0000033
all	415	9	1219833	0.0000074
all	416	8	1219833	0.0000066
all	417	4	1219833	0.0000033
all	418	10	1219833	0.0000082
all	419	6	1219833	0.0000049
all	420	5	1219833	0.0000041
all	421	3	1219833	0.0000025
all	422	9	1219833	0.0000074
all	423	6	1219833	0.0000049
all	424	8	1219833	0.0000066
all	425	4	1219833	0.0000033
all	426	3	1219833	0.0000025
all	427	2	1219833	0.0000016
all	428	5	1219833	0.0000041
all	429	2	1219833	0.0000016
all	430	2	1219833	0.0000016
all	431	7	1219833	0.0000057
all	432	5	1219833	0.0000041
all	433	3	1219833	0.0000025
all	434	13	1219833	0.0000107
all	435	5	1219833	0.0000041
all	436	3	1219833	0.0000025
all	437	6	1219833	0.0000049
all	438	8	1219833	0.0000066
all	439	5	1219833	0.0000041
all	440	8	1219833	0.0000066
all	441	11	1219833	0.0000090
all	442	8	1219833	0.0000066
all	443	8	1219833	0.0000066
all	444	2	1219833	0.0000016
all	445	6	1219833	0.0000049
all	446	7	1219833	0.0000057
all	448	2	1219833	0.0000016
all	449	2	1219833	0.0000016
all	450	4	1219833	0.0000033
all	451	2	1219833	0.0000016
all	452	4	1219833	0.0000033
all	453	3	1219833	0.0000025
all	454	8	1219833	0.0000066
all	455	3	1219833	0.0000025
all	456	9	1219833	0.0000074
all	457	1	1219833	0.0000008
all	458	8	1219833	0.0000066
all	459	2	1219833	0.0000016
all	460	1	1219833	0.0000008
all	461	1	1219833	0.0000008
all	462	6	1219833	0.0000049
all	463	8	1219833	0.0000066
all	464	6	1219833	0.0000049
all	465	6	1219833	0.0000049
all	466	5	1219833	0.0000041
all	467	2	1219833	0.0000016
all	468	11	1219833	0.0000090
all	469	1	1219833	0.0000008
all	470	10	1219833	0.0000082
all	471	3	1219833	0.0000025
all	472	6	1219833	0.0000049
all	473	4	1219833	0.0000033
all	475	2	1219833	0.0000016
all	476	5	1219833	0.0000041
all	477	5	1219833	0.0000041
all	478	3	1219833	0.0000025
all	479	7	1219833	0.0000057
all	480	4	1219833	0.0000033
all	481	2	1219833	0.0000016
all	482	1	1219833	0.0000008
all	483	7	1219833	0.0000057
all	484	4	1219833	0.0000033
all	485	5	1219833	0.0000041
all	486	5	1219833	0.0000041
all	487	9	1219833	0.0000074
all	488	3	1219833	0.0000025
all	489	2	1219833	0.0000016
all	490	2	1219833	0.0000016
all	491	2	1219833	0.0000016
all	492	2	1219833	0.0000016
all	493	1	1219833	0.0000008
all	494	1	1219833	0.0000008
all	495	1	1219833	0.0000008
all	496	4	1219833	0.0000033
all	498	1	1219833	0.0000008
all	499	2	1219833	0.0000016
all	500	1	1219833	0.0000008
all	503	1	1219833	0.0000008
all	504	2	1219833	0.0000016
all	505	4	1219833	0.0000033
all	506	6	1219833	0.0000049
all	507	2	1219833	0.0000016
all	508	5	1219833	0.0000041
all	509	2	1219833	0.0000016
all	510	2	1219833	0.0000016
all	511	2	1219833	0.0000016
all	512	5	1219833	0.0000041
all	513	8	1219833	0.0000066
all	514	4	1219833	0.0000033
all	515	4	1219833	0.0000033
all	516	3	1219833	0.0000025
all	517	3	1219833	0.0000025
all	518	7	1219833	0.0000057
all	519	5	1219833	0.0000041
all	520	7	1219833	0.0000057
all	522	3	1219833	0.0000025
all	523	3	1219833	0.0000025
all	524	1	1219833	0.0000008
all	525	1	1219833	0.0000008
all	526	6	1219833	0.0000049
all	527	3	1219833	0.0000025
all	528	1	1219833	0.0000008
all	529	2	1219833	0.0000016
all	530	1	1219833	0.0000008
all	531	1	1219833	0.0000008
all	532	1	1219833	0.0000008
