all	0	906367	1219833	0.7430255
all	1	111608	1219833	0.0914945
all	2	87318	1219833	0.0715819
all	3	24121	1219833	0.0197740
all	4	17736	1219833	0.0145397
all	5	8771	1219833	0.0071903
all	6	7205	1219833	0.0059065
all	7	4243	1219833	0.0034783
all	8	3264	1219833	0.0026758
all	9	2913	1219833	0.0023880
all	10	2274	1219833	0.0018642
all	11	1326	1219833	0.0010870
all	12	1204	1219833	0.0009870
all	13	916	1219833	0.0007509
all	14	752	1219833	0.0006165
all	15	682	1219833	0.0005591
all	16	869	1219833	0.0007124
all	17	685	1219833	0.0005616
all	18	842	1219833	0.0006903
all	19	529	1219833	0.0004337
all	20	496	1219833	0.0004066
all	21	302	1219833	0.0002476
all	22	280	1219833	0.0002295
all	23	447	1219833	0.0003664
all	24	528	1219833	0.0004328
all	25	359	1219833	0.0002943
all	26	321	1219833	0.0002632
all	27	430	1219833	0.0003525
all	28	222	1219833	0.0001820
all	29	348	1219833	0.0002853
all	30	352	1219833	0.0002886
all	31	304	1219833	0.0002492
all	32	311	1219833	0.0002550
all	33	340	1219833	0.0002787
all	34	243	1219833	0.0001992
all	35	251	1219833	0.0002058
all	36	236	1219833	0.0001935
all	37	258	1219833	0.0002115
all	38	231	1219833	0.0001894
all	39	245	1219833	0.0002008
all	40	206	1219833	0.0001689
all	41	223	1219833	0.0001828
all	42	182	1219833	0.0001492
all	43	204	1219833	0.0001672
all	44	219	1219833	0.0001795
all	45	236	1219833	0.0001935
all	46	225	1219833	0.0001845
all	47	248	1219833	0.0002033
all	48	240	1219833	0.0001967
all	49	238	1219833	0.0001951
all	50	170	1219833	0.0001394
all	51	177	1219833	0.0001451
all	52	188	1219833	0.0001541
all	53	148	1219833	0.0001213
all	54	140	1219833	0.0001148
all	55	147	1219833	0.0001205
all	56	173	1219833	0.0001418
all	57	223	1219833	0.0001828
all	58	176	1219833	0.0001443
all	59	137	1219833	0.0001123
all	60	157	1219833	0.0001287
all	61	158	1219833	0.0001295
all	62	195	1219833	0.0001599
all	63	166	1219833	0.0001361
all	64	180	1219833	0.0001476
all	65	175	1219833	0.0001435
all	66	160	1219833	0.0001312
all	67	133	1219833	0.0001090
all	68	161	1219833	0.0001320
all	69	169	1219833	0.0001385
all	70	138	1219833	0.0001131
all	71	137	1219833	0.0001123
all	72	169	1219833	0.0001385
all	73	132	1219833	0.0001082
all	74	166	1219833	0.0001361
all	75	148	1219833	0.0001213
all	76	155	1219833	0.0001271
all	77	134	1219833	0.0001099
all	78	126	1219833	0.0001033
all	79	140	1219833	0.0001148
all	80	156	1219833	0.0001279
all	81	136	1219833	0.0001115
all	82	151	1219833	0.0001238
all	83	140	1219833	0.0001148
all	84	111	1219833	0.0000910
all	85	165	1219833	0.0001353
all	86	105	1219833	0.0000861
all	87	125	1219833	0.0001025
all	88	117	1219833	0.0000959
all	89	121	1219833	0.0000992
all	90	120	1219833	0.0000984
all	91	117	1219833	0.0000959
all	92	118	1219833	0.0000967
all	93	95	1219833	0.0000779
all	94	113	1219833	0.0000926
all	95	77	1219833	0.0000631
all	96	101	1219833	0.0000828
all	97	86	1219833	0.0000705
all	98	97	1219833	0.0000795
all	99	114	1219833	0.0000935
all	100	103	1219833	0.0000844
all	101	118	1219833	0.0000967
all	102	115	1219833	0.0000943
all	103	117	1219833	0.0000959
all	104	92	1219833	0.0000754
all	105	103	1219833	0.0000844
all	106	86	1219833	0.0000705
all	107	114	1219833	0.0000935
all	108	115	1219833	0.0000943
all	109	127	1219833	0.0001041
all	110	119	1219833	0.0000976
all	111	103	1219833	0.0000844
all	112	109	1219833	0.0000894
all	113	92	1219833	0.0000754
all	114	91	1219833	0.0000746
all	115	105	1219833	0.0000861
all	116	90	1219833	0.0000738
all	117	111	1219833	0.0000910
all	118	95	1219833	0.0000779
all	119	113	1219833	0.0000926
all	120	103	1219833	0.0000844
all	121	112	1219833	0.0000918
all	122	99	1219833	0.0000812
all	123	89	1219833	0.0000730
all	124	86	1219833	0.0000705
all	125	92	1219833	0.0000754
all	126	104	1219833	0.0000853
all	127	96	1219833	0.0000787
all	128	83	1219833	0.0000680
all	129	128	1219833	0.0001049
all	130	99	1219833	0.0000812
all	131	109	1219833	0.0000894
all	132	90	1219833	0.0000738
all	133	108	1219833	0.0000885
all	134	106	1219833	0.0000869
all	135	121	1219833	0.0000992
all	136	115	1219833	0.0000943
all	137	107	1219833	0.0000877
all	138	138	1219833	0.0001131
all	139	115	1219833	0.0000943
all	140	112	1219833	0.0000918
all	141	118	1219833	0.0000967
all	142	121	1219833	0.0000992
all	143	105	1219833	0.0000861
all	144	136	1219833	0.0001115
all	145	117	1219833	0.0000959
all	146	119	1219833	0.0000976
all	147	107	1219833	0.0000877
all	148	129	1219833	0.0001058
all	149	90	1219833	0.0000738
all	150	98	1219833	0.0000803
all	151	103	1219833	0.0000844
all	152	97	1219833	0.0000795
all	153	106	1219833	0.0000869
all	154	99	1219833	0.0000812
all	155	94	1219833	0.0000771
all	156	104	1219833	0.0000853
all	157	103	1219833	0.0000844
all	158	89	1219833	0.0000730
all	159	102	1219833	0.0000836
all	160	97	1219833	0.0000795
all	161	94	1219833	0.0000771
all	162	114	1219833	0.0000935
all	163	101	1219833	0.0000828
all	164	106	1219833	0.0000869
all	165	95	1219833	0.0000779
all	166	99	1219833	0.0000812
all	167	79	1219833	0.0000648
all	168	111	1219833	0.0000910
all	169	82	1219833	0.0000672
all	170	78	1219833	0.0000639
all	171	55	1219833	0.0000451
all	172	80	1219833	0.0000656
all	173	80	1219833	0.0000656
all	174	86	1219833	0.0000705
all	175	93	1219833	0.0000762
all	176	70	1219833	0.0000574
all	177	84	1219833	0.0000689
all	178	89	1219833	0.0000730
all	179	92	1219833	0.0000754
all	180	84	1219833	0.0000689
all	181	114	1219833	0.0000935
all	182	104	1219833	0.0000853
all	183	78	1219833	0.0000639
all	184	73	1219833	0.0000598
all	185	97	1219833	0.0000795
all	186	92	1219833	0.0000754
all	187	104	1219833	0.0000853
all	188	101	1219833	0.0000828
all	189	123	1219833	0.0001008
all	190	108	1219833	0.0000885
all	191	97	1219833	0.0000795
all	192	96	1219833	0.0000787
all	193	83	1219833	0.0000680
all	194	81	1219833	0.0000664
all	195	97	1219833	0.0000795
all	196	76	1219833	0.0000623
all	197	76	1219833	0.0000623
all	198	76	1219833	0.0000623
all	199	90	1219833	0.0000738
all	200	105	1219833	0.0000861
all	201	98	1219833	0.0000803
all	202	113	1219833	0.0000926
all	203	83	1219833	0.0000680
all	204	84	1219833	0.0000689
all	205	88	1219833	0.0000721
all	206	88	1219833	0.0000721
all	207	61	1219833	0.0000500
all	208	50	1219833	0.0000410
all	209	59	1219833	0.0000484
all	210	71	1219833	0.0000582
all	211	91	1219833	0.0000746
all	212	94	1219833	0.0000771
all	213	97	1219833	0.0000795
all	214	85	1219833	0.0000697
all	215	95	1219833	0.0000779
all	216	99	1219833	0.0000812
all	217	93	1219833	0.0000762
all	218	101	1219833	0.0000828
all	219	83	1219833	0.0000680
all	220	64	1219833	0.0000525
all	221	75	1219833	0.0000615
all	222	76	1219833	0.0000623
all	223	72	1219833	0.0000590
all	224	57	1219833	0.0000467
all	225	81	1219833	0.0000664
all	226	54	1219833	0.0000443
all	227	83	1219833	0.0000680
all	228	52	1219833	0.0000426
all	229	53	1219833	0.0000434
all	230	69	1219833	0.0000566
all	231	62	1219833	0.0000508
all	232	64	1219833	0.0000525
all	233	72	1219833	0.0000590
all	234	84	1219833	0.0000689
all	235	62	1219833	0.0000508
all	236	52	1219833	0.0000426
all	237	55	1219833	0.0000451
all	238	58	1219833	0.0000475
all	239	68	1219833	0.0000557
all	240	59	1219833	0.0000484
all	241	53	1219833	0.0000434
all	242	62	1219833	0.0000508
all	243	59	1219833	0.0000484
all	244	57	1219833	0.0000467
all	245	64	1219833	0.0000525
all	246	65	1219833	0.0000533
all	247	67	1219833	0.0000549
all	248	60	1219833	0.0000492
all	249	65	1219833	0.0000533
all	250	80	1219833	0.0000656
all	251	56	1219833	0.0000459
all	252	72	1219833	0.0000590
all	253	54	1219833	0.0000443
all	254	67	1219833	0.0000549
all	255	60	1219833	0.0000492
all	256	53	1219833	0.0000434
all	257	46	1219833	0.0000377
all	258	53	1219833	0.0000434
all	259	63	1219833	0.0000516
all	260	46	1219833	0.0000377
all	261	79	1219833	0.0000648
all	262	67	1219833	0.0000549
all	263	65	1219833	0.0000533
all	264	53	1219833	0.0000434
all	265	47	1219833	0.0000385
all	266	42	1219833	0.0000344
all	267	61	1219833	0.0000500
all	268	48	1219833	0.0000393
all	269	62	1219833	0.0000508
all	270	58	1219833	0.0000475
all	271	46	1219833	0.0000377
all	272	48	1219833	0.0000393
all	273	54	1219833	0.0000443
all	274	49	1219833	0.0000402
all	275	59	1219833	0.0000484
all	276	59	1219833	0.0000484
all	277	42	1219833	0.0000344
all	278	49	1219833	0.0000402
all	279	40	1219833	0.0000328
all	280	74	1219833	0.0000607
all	281	45	1219833	0.0000369
all	282	41	1219833	0.0000336
all	283	46	1219833	0.0000377
all	284	41	1219833	0.0000336
all	285	38	1219833	0.0000312
all	286	40	1219833	0.0000328
all	287	44	1219833	0.0000361
all	288	41	1219833	0.0000336
all	289	42	1219833	0.0000344
all	290	33	1219833	0.0000271
all	291	42	1219833	0.0000344
all	292	25	1219833	0.0000205
all	293	33	1219833	0.0000271
all	294	39	1219833	0.0000320
all	295	35	1219833	0.0000287
all	296	36	1219833	0.0000295
all	297	39	1219833	0.0000320
all	298	34	1219833	0.0000279
all	299	28	1219833	0.0000230
all	300	23	1219833	0.0000189
all	301	41	1219833	0.0000336
all	302	39	1219833	0.0000320
all	303	43	1219833	0.0000353
all	304	34	1219833	0.0000279
all	305	38	1219833	0.0000312
all	306	34	1219833	0.0000279
all	307	30	1219833	0.0000246
all	308	33	1219833	0.0000271
all	309	40	1219833	0.0000328
all	310	32	1219833	0.0000262
all	311	40	1219833	0.0000328
all	312	29	1219833	0.0000238
all	313	33	1219833	0.0000271
all	314	37	1219833	0.0000303
all	315	36	1219833	0.0000295
all	316	45	1219833	0.0000369
all	317	31	1219833	0.0000254
all	318	27	1219833	0.0000221
all	319	34	1219833	0.0000279
all	320	36	1219833	0.0000295
all	321	27	1219833	0.0000221
all	322	41	1219833	0.0000336
all	323	44	1219833	0.0000361
all	324	52	1219833	0.0000426
all	325	39	1219833	0.0000320
all	326	31	1219833	0.0000254
all	327	32	1219833	0.0000262
all	328	34	1219833	0.0000279
all	329	43	1219833	0.0000353
all	330	33	1219833	0.0000271
all	331	41	1219833	0.0000336
all	332	38	1219833	0.0000312
all	333	33	1219833	0.0000271
all	334	34	1219833	0.0000279
all	335	37	1219833	0.0000303
all	336	38	1219833	0.0000312
all	337	26	1219833	0.0000213
all	338	42	1219833	0.0000344
all	339	41	1219833	0.0000336
all	340	46	1219833	0.0000377
all	341	27	1219833	0.0000221
all	342	37	1219833	0.0000303
all	343	33	1219833	0.0000271
all	344	36	1219833	0.0000295
all	345	42	1219833	0.0000344
all	346	36	1219833	0.0000295
all	347	29	1219833	0.0000238
all	348	37	1219833	0.0000303
all	349	27	1219833	0.0000221
all	350	30	1219833	0.0000246
all	351	39	1219833	0.0000320
all	352	39	1219833	0.0000320
all	353	29	1219833	0.0000238
all	354	28	1219833	0.0000230
all	355	28	1219833	0.0000230
all	356	31	1219833	0.0000254
all	357	33	1219833	0.0000271
all	358	32	1219833	0.0000262
all	359	35	1219833	0.0000287
all	360	26	1219833	0.0000213
all	361	27	1219833	0.0000221
all	362	19	1219833	0.0000156
all	363	17	1219833	0.0000139
all	364	24	1219833	0.0000197
all	365	27	1219833	0.0000221
all	366	24	1219833	0.0000197
all	367	25	1219833	0.0000205
all	368	15	1219833	0.0000123
all	369	30	1219833	0.0000246
all	370	21	1219833	0.0000172
all	371	17	1219833	0.0000139
all	372	22	1219833	0.0000180
all	373	20	1219833	0.0000164
all	374	17	1219833	0.0000139
all	375	24	1219833	0.0000197
all	376	20	1219833	0.0000164
all	377	22	1219833	0.0000180
all	378	25	1219833	0.0000205
all	379	20	1219833	0.0000164
all	380	29	1219833	0.0000238
all	381	41	1219833	0.0000336
all	382	30	1219833	0.0000246
all	383	21	1219833	0.0000172
all	384	24	1219833	0.0000197
all	385	17	1219833	0.0000139
all	386	18	1219833	0.0000148
all	387	19	1219833	0.0000156
all	388	18	1219833	0.0000148
all	389	29	1219833	0.0000238
all	390	18	1219833	0.0000148
all	391	13	1219833	0.0000107
all	392	21	1219833	0.0000172
all	393	22	1219833	0.0000180
all	394	26	1219833	0.0000213
all	395	17	1219833	0.0000139
all	396	22	1219833	0.0000180
all	397	19	1219833	0.0000156
all	398	14	1219833	0.0000115
all	399	13	1219833	0.0000107
all	400	10	1219833	0.0000082
all	401	10	1219833	0.0000082
all	402	15	1219833	0.0000123
all	403	7	1219833	0.0000057
all	404	14	1219833	0.0000115
all	405	8	1219833	0.0000066
all	406	18	1219833	0.0000148
all	407	15	1219833	0.0000123
all	408	10	1219833	0.0000082
all	409	9	1219833	0.0000074
all	410	15	1219833	0.0000123
all	411	16	1219833	0.0000131
all	412	17	1219833	0.0000139
all	413	8	1219833	0.0000066
all	414	9	1219833	0.0000074
all	415	7	1219833	0.0000057
all	416	15	1219833	0.0000123
all	417	14	1219833	0.0000115
all	418	12	1219833	0.0000098
all	419	10	1219833	0.0000082
all	420	10	1219833	0.0000082
all	421	18	1219833	0.0000148
all	422	15	1219833	0.0000123
all	423	13	1219833	0.0000107
all	424	14	1219833	0.0000115
all	425	5	1219833	0.0000041
all	426	11	1219833	0.0000090
all	427	10	1219833	0.0000082
all	428	10	1219833	0.0000082
all	429	7	1219833	0.0000057
all	430	11	1219833	0.0000090
all	431	7	1219833	0.0000057
all	432	11	1219833	0.0000090
all	433	12	1219833	0.0000098
all	434	11	1219833	0.0000090
all	435	10	1219833	0.0000082
all	436	9	1219833	0.0000074
all	437	8	1219833	0.0000066
all	438	7	1219833	0.0000057
all	439	10	1219833	0.0000082
all	440	4	1219833	0.0000033
all	441	10	1219833	0.0000082
all	442	4	1219833	0.0000033
all	443	4	1219833	0.0000033
all	444	7	1219833	0.0000057
all	445	13	1219833	0.0000107
all	446	6	1219833	0.0000049
all	447	12	1219833	0.0000098
all	448	16	1219833	0.0000131
all	449	8	1219833	0.0000066
all	450	11	1219833	0.0000090
all	451	10	1219833	0.0000082
all	452	16	1219833	0.0000131
all	453	7	1219833	0.0000057
all	454	9	1219833	0.0000074
all	455	5	1219833	0.0000041
all	456	2	1219833	0.0000016
all	457	5	1219833	0.0000041
all	458	9	1219833	0.0000074
all	459	6	1219833	0.0000049
all	460	5	1219833	0.0000041
all	461	16	1219833	0.0000131
all	462	7	1219833	0.0000057
all	463	9	1219833	0.0000074
all	464	4	1219833	0.0000033
all	465	3	1219833	0.0000025
all	466	5	1219833	0.0000041
all	467	2	1219833	0.0000016
all	468	3	1219833	0.0000025
all	469	6	1219833	0.0000049
all	470	8	1219833	0.0000066
all	471	5	1219833	0.0000041
all	472	11	1219833	0.0000090
all	473	12	1219833	0.0000098
all	474	12	1219833	0.0000098
all	475	5	1219833	0.0000041
all	476	6	1219833	0.0000049
all	477	6	1219833	0.0000049
all	478	3	1219833	0.0000025
all	479	1	1219833	0.0000008
all	480	2	1219833	0.0000016
all	481	4	1219833	0.0000033
all	482	2	1219833	0.0000016
all	483	6	1219833	0.0000049
all	484	8	1219833	0.0000066
all	485	1	1219833	0.0000008
all	486	6	1219833	0.0000049
all	487	3	1219833	0.0000025
all	488	7	1219833	0.0000057
all	489	9	1219833	0.0000074
all	490	7	1219833	0.0000057
all	491	7	1219833	0.0000057
all	492	9	1219833	0.0000074
all	493	6	1219833	0.0000049
all	494	2	1219833	0.0000016
all	495	2	1219833	0.0000016
all	496	2	1219833	0.0000016
all	497	4	1219833	0.0000033
all	498	6	1219833	0.0000049
all	499	7	1219833	0.0000057
all	500	9	1219833	0.0000074
all	501	2	1219833	0.0000016
all	502	4	1219833	0.0000033
all	503	7	1219833	0.0000057
all	504	5	1219833	0.0000041
all	505	2	1219833	0.0000016
all	506	2	1219833	0.0000016
all	507	5	1219833	0.0000041
all	508	7	1219833	0.0000057
all	509	6	1219833	0.0000049
all	510	8	1219833	0.0000066
all	511	7	1219833	0.0000057
all	512	4	1219833	0.0000033
all	513	3	1219833	0.0000025
all	514	4	1219833	0.0000033
all	515	3	1219833	0.0000025
all	516	2	1219833	0.0000016
all	517	8	1219833	0.0000066
all	518	4	1219833	0.0000033
all	519	6	1219833	0.0000049
all	520	6	1219833	0.0000049
all	521	8	1219833	0.0000066
all	522	9	1219833	0.0000074
all	523	9	1219833	0.0000074
all	524	14	1219833	0.0000115
all	525	6	1219833	0.0000049
all	526	4	1219833	0.0000033
all	527	9	1219833	0.0000074
all	528	10	1219833	0.0000082
all	529	7	1219833	0.0000057
all	530	8	1219833	0.0000066
all	531	7	1219833	0.0000057
all	532	4	1219833	0.0000033
all	533	4	1219833	0.0000033
all	534	3	1219833	0.0000025
all	535	5	1219833	0.0000041
all	536	4	1219833	0.0000033
all	537	9	1219833	0.0000074
all	538	4	1219833	0.0000033
all	539	5	1219833	0.0000041
all	540	9	1219833	0.0000074
all	541	2	1219833	0.0000016
all	542	1	1219833	0.0000008
all	543	2	1219833	0.0000016
all	544	2	1219833	0.0000016
all	547	2	1219833	0.0000016
all	548	4	1219833	0.0000033
all	550	3	1219833	0.0000025
all	551	5	1219833	0.0000041
all	552	3	1219833	0.0000025
all	553	2	1219833	0.0000016
all	554	4	1219833	0.0000033
all	555	3	1219833	0.0000025
all	556	3	1219833	0.0000025
all	557	3	1219833	0.0000025
all	558	4	1219833	0.0000033
all	559	3	1219833	0.0000025
all	560	5	1219833	0.0000041
all	561	2	1219833	0.0000016
all	562	6	1219833	0.0000049
all	563	5	1219833	0.0000041
all	564	1	1219833	0.0000008
all	565	1	1219833	0.0000008
all	566	2	1219833	0.0000016
all	567	3	1219833	0.0000025
all	568	3	1219833	0.0000025
all	569	4	1219833	0.0000033
all	570	5	1219833	0.0000041
all	571	12	1219833	0.0000098
all	572	4	1219833	0.0000033
all	573	1	1219833	0.0000008
all	574	4	1219833	0.0000033
all	575	5	1219833	0.0000041
all	577	3	1219833	0.0000025
all	578	1	1219833	0.0000008
all	579	1	1219833	0.0000008
all	580	1	1219833	0.0000008
all	581	4	1219833	0.0000033
all	582	2	1219833	0.0000016
all	584	2	1219833	0.0000016
all	585	2	1219833	0.0000016
all	586	1	1219833	0.0000008
all	590	2	1219833	0.0000016
all	591	2	1219833	0.0000016
all	593	1	1219833	0.0000008
