all	0	82129	1219768	0.0673317
all	1	14320	1219768	0.0117399
all	2	38950	1219768	0.0319323
all	3	19646	1219768	0.0161063
all	4	32483	1219768	0.0266305
all	5	26972	1219768	0.0221124
all	6	29458	1219768	0.0241505
all	7	27742	1219768	0.0227437
all	8	29804	1219768	0.0244342
all	9	28243	1219768	0.0231544
all	10	28494	1219768	0.0233602
all	11	27640	1219768	0.0226600
all	12	26952	1219768	0.0220960
all	13	27339	1219768	0.0224133
all	14	29445	1219768	0.0241398
all	15	25530	1219768	0.0209302
all	16	26769	1219768	0.0219460
all	17	24038	1219768	0.0197070
all	18	22943	1219768	0.0188093
all	19	23384	1219768	0.0191709
all	20	22851	1219768	0.0187339
all	21	20753	1219768	0.0170139
all	22	21106	1219768	0.0173033
all	23	20107	1219768	0.0164843
all	24	20382	1219768	0.0167097
all	25	18949	1219768	0.0155349
all	26	19466	1219768	0.0159588
all	27	19392	1219768	0.0158981
all	28	17912	1219768	0.0146848
all	29	17291	1219768	0.0141756
all	30	16684	1219768	0.0136780
all	31	16885	1219768	0.0138428
all	32	14041	1219768	0.0115112
all	33	14579	1219768	0.0119523
all	34	13891	1219768	0.0113882
all	35	13051	1219768	0.0106996
all	36	13474	1219768	0.0110464
all	37	12665	1219768	0.0103831
all	38	12282	1219768	0.0100691
all	39	11878	1219768	0.0097379
all	40	10949	1219768	0.0089763
all	41	10741	1219768	0.0088058
all	42	9360	1219768	0.0076736
all	43	9882	1219768	0.0081015
all	44	9083	1219768	0.0074465
all	45	9153	1219768	0.0075039
all	46	8478	1219768	0.0069505
all	47	8178	1219768	0.0067046
all	48	7727	1219768	0.0063348
all	49	7539	1219768	0.0061807
all	50	7126	1219768	0.0058421
all	51	5623	1219768	0.0046099
all	52	6191	1219768	0.0050756
all	53	5921	1219768	0.0048542
all	54	5700	1219768	0.0046730
all	55	5861	1219768	0.0048050
all	56	5066	1219768	0.0041532
all	57	5385	1219768	0.0044148
all	58	5074	1219768	0.0041598
all	59	4788	1219768	0.0039253
all	60	4948	1219768	0.0040565
all	61	4367	1219768	0.0035802
all	62	4298	1219768	0.0035236
all	63	3935	1219768	0.0032260
all	64	4097	1219768	0.0033588
all	65	3486	1219768	0.0028579
all	66	3718	1219768	0.0030481
all	67	3307	1219768	0.0027112
all	68	3459	1219768	0.0028358
all	69	3239	1219768	0.0026554
all	70	2810	1219768	0.0023037
all	71	2791	1219768	0.0022881
all	72	2591	1219768	0.0021242
all	73	2589	1219768	0.0021225
all	74	2732	1219768	0.0022398
all	75	2447	1219768	0.0020061
all	76	2479	1219768	0.0020324
all	77	2299	1219768	0.0018848
all	78	2408	1219768	0.0019741
all	79	2160	1219768	0.0017708
all	80	1818	1219768	0.0014904
all	81	1810	1219768	0.0014839
all	82	2093	1219768	0.0017159
all	83	1862	1219768	0.0015265
all	84	1888	1219768	0.0015478
all	85	1727	1219768	0.0014158
all	86	1622	1219768	0.0013298
all	87	1871	1219768	0.0015339
all	88	1737	1219768	0.0014240
all	89	1362	1219768	0.0011166
all	90	1406	1219768	0.0011527
all	91	1581	1219768	0.0012961
all	92	1462	1219768	0.0011986
all	93	1424	1219768	0.0011674
all	94	1373	1219768	0.0011256
all	95	1266	1219768	0.0010379
all	96	1420	1219768	0.0011642
all	97	1145	1219768	0.0009387
all	98	1158	1219768	0.0009494
all	99	1356	1219768	0.0011117
all	100	1138	1219768	0.0009330
all	101	1120	1219768	0.0009182
all	102	1226	1219768	0.0010051
all	103	1087	1219768	0.0008912
all	104	691	1219768	0.0005665
all	105	898	1219768	0.0007362
all	106	894	1219768	0.0007329
all	107	954	1219768	0.0007821
all	108	920	1219768	0.0007542
all	109	751	1219768	0.0006157
all	110	1032	1219768	0.0008461
all	111	933	1219768	0.0007649
all	112	688	1219768	0.0005640
all	113	551	1219768	0.0004517
all	114	649	1219768	0.0005321
all	115	949	1219768	0.0007780
all	116	566	1219768	0.0004640
all	117	605	1219768	0.0004960
all	118	523	1219768	0.0004288
all	119	583	1219768	0.0004780
all	120	512	1219768	0.0004198
all	121	619	1219768	0.0005075
all	122	629	1219768	0.0005157
all	123	506	1219768	0.0004148
all	124	534	1219768	0.0004378
all	125	490	1219768	0.0004017
all	126	488	1219768	0.0004001
all	127	368	1219768	0.0003017
all	128	454	1219768	0.0003722
all	129	356	1219768	0.0002919
all	130	387	1219768	0.0003173
all	131	408	1219768	0.0003345
all	132	603	1219768	0.0004944
all	133	393	1219768	0.0003222
all	134	456	1219768	0.0003738
all	135	409	1219768	0.0003353
all	136	381	1219768	0.0003124
all	137	358	1219768	0.0002935
all	138	399	1219768	0.0003271
all	139	336	1219768	0.0002755
all	140	341	1219768	0.0002796
all	141	302	1219768	0.0002476
all	142	297	1219768	0.0002435
all	143	286	1219768	0.0002345
all	144	384	1219768	0.0003148
all	145	237	1219768	0.0001943
all	146	335	1219768	0.0002746
all	147	233	1219768	0.0001910
all	148	241	1219768	0.0001976
all	149	223	1219768	0.0001828
all	150	253	1219768	0.0002074
all	151	281	1219768	0.0002304
all	152	378	1219768	0.0003099
all	153	302	1219768	0.0002476
all	154	257	1219768	0.0002107
all	155	214	1219768	0.0001754
all	156	103	1219768	0.0000844
all	157	213	1219768	0.0001746
all	158	207	1219768	0.0001697
all	159	260	1219768	0.0002132
all	160	189	1219768	0.0001549
all	161	218	1219768	0.0001787
all	162	226	1219768	0.0001853
all	163	187	1219768	0.0001533
all	164	188	1219768	0.0001541
all	165	152	1219768	0.0001246
all	166	209	1219768	0.0001713
all	167	194	1219768	0.0001590
all	168	189	1219768	0.0001549
all	169	198	1219768	0.0001623
all	170	142	1219768	0.0001164
all	171	175	1219768	0.0001435
all	172	207	1219768	0.0001697
all	173	172	1219768	0.0001410
all	174	169	1219768	0.0001386
all	175	198	1219768	0.0001623
all	176	114	1219768	0.0000935
all	177	242	1219768	0.0001984
all	178	147	1219768	0.0001205
all	179	182	1219768	0.0001492
all	180	103	1219768	0.0000844
all	181	110	1219768	0.0000902
all	182	141	1219768	0.0001156
all	183	158	1219768	0.0001295
all	184	210	1219768	0.0001722
all	185	152	1219768	0.0001246
all	186	105	1219768	0.0000861
all	187	134	1219768	0.0001099
all	188	73	1219768	0.0000598
all	189	128	1219768	0.0001049
all	190	134	1219768	0.0001099
all	191	66	1219768	0.0000541
all	192	116	1219768	0.0000951
all	193	99	1219768	0.0000812
all	194	80	1219768	0.0000656
all	195	107	1219768	0.0000877
all	196	94	1219768	0.0000771
all	197	120	1219768	0.0000984
all	198	139	1219768	0.0001140
all	199	108	1219768	0.0000885
all	200	80	1219768	0.0000656
all	201	60	1219768	0.0000492
all	202	73	1219768	0.0000598
all	203	103	1219768	0.0000844
all	204	161	1219768	0.0001320
all	205	83	1219768	0.0000680
all	206	86	1219768	0.0000705
all	207	128	1219768	0.0001049
all	208	129	1219768	0.0001058
all	209	103	1219768	0.0000844
all	210	82	1219768	0.0000672
all	211	97	1219768	0.0000795
all	212	122	1219768	0.0001000
all	213	54	1219768	0.0000443
all	214	84	1219768	0.0000689
all	215	105	1219768	0.0000861
all	216	82	1219768	0.0000672
all	217	125	1219768	0.0001025
all	218	70	1219768	0.0000574
all	219	76	1219768	0.0000623
all	220	91	1219768	0.0000746
all	221	68	1219768	0.0000557
all	222	73	1219768	0.0000598
all	223	78	1219768	0.0000639
all	224	72	1219768	0.0000590
all	225	81	1219768	0.0000664
all	226	71	1219768	0.0000582
all	227	69	1219768	0.0000566
all	228	61	1219768	0.0000500
all	229	106	1219768	0.0000869
all	230	34	1219768	0.0000279
all	231	64	1219768	0.0000525
all	232	46	1219768	0.0000377
all	233	71	1219768	0.0000582
all	234	49	1219768	0.0000402
all	235	92	1219768	0.0000754
all	236	44	1219768	0.0000361
all	237	33	1219768	0.0000271
all	238	61	1219768	0.0000500
all	239	73	1219768	0.0000598
all	240	65	1219768	0.0000533
all	241	39	1219768	0.0000320
all	242	53	1219768	0.0000435
all	243	25	1219768	0.0000205
all	244	86	1219768	0.0000705
all	245	30	1219768	0.0000246
all	246	33	1219768	0.0000271
all	247	21	1219768	0.0000172
all	248	56	1219768	0.0000459
all	249	35	1219768	0.0000287
all	250	51	1219768	0.0000418
all	251	51	1219768	0.0000418
all	252	11	1219768	0.0000090
all	253	24	1219768	0.0000197
all	254	27	1219768	0.0000221
all	255	80	1219768	0.0000656
all	256	38	1219768	0.0000312
all	257	79	1219768	0.0000648
all	258	37	1219768	0.0000303
all	259	87	1219768	0.0000713
all	260	63	1219768	0.0000516
all	261	115	1219768	0.0000943
all	262	58	1219768	0.0000476
all	263	60	1219768	0.0000492
all	264	41	1219768	0.0000336
all	265	68	1219768	0.0000557
all	266	44	1219768	0.0000361
all	267	50	1219768	0.0000410
all	268	22	1219768	0.0000180
all	269	35	1219768	0.0000287
all	270	39	1219768	0.0000320
all	271	6	1219768	0.0000049
all	272	12	1219768	0.0000098
all	273	18	1219768	0.0000148
all	274	36	1219768	0.0000295
all	275	25	1219768	0.0000205
all	276	47	1219768	0.0000385
all	277	32	1219768	0.0000262
all	278	35	1219768	0.0000287
all	279	19	1219768	0.0000156
all	280	43	1219768	0.0000353
all	281	43	1219768	0.0000353
all	282	40	1219768	0.0000328
all	283	47	1219768	0.0000385
all	284	34	1219768	0.0000279
all	285	26	1219768	0.0000213
all	286	11	1219768	0.0000090
all	287	16	1219768	0.0000131
all	288	66	1219768	0.0000541
all	289	74	1219768	0.0000607
all	290	27	1219768	0.0000221
all	291	53	1219768	0.0000435
all	292	74	1219768	0.0000607
all	293	32	1219768	0.0000262
all	294	25	1219768	0.0000205
all	295	65	1219768	0.0000533
all	296	50	1219768	0.0000410
all	297	46	1219768	0.0000377
all	298	41	1219768	0.0000336
all	299	19	1219768	0.0000156
all	300	29	1219768	0.0000238
all	301	22	1219768	0.0000180
all	302	25	1219768	0.0000205
all	303	18	1219768	0.0000148
all	304	19	1219768	0.0000156
all	305	29	1219768	0.0000238
all	306	33	1219768	0.0000271
all	307	15	1219768	0.0000123
all	308	9	1219768	0.0000074
all	309	25	1219768	0.0000205
all	310	39	1219768	0.0000320
all	311	52	1219768	0.0000426
all	312	15	1219768	0.0000123
all	313	31	1219768	0.0000254
all	314	14	1219768	0.0000115
all	315	23	1219768	0.0000189
all	316	19	1219768	0.0000156
all	317	7	1219768	0.0000057
all	318	14	1219768	0.0000115
all	319	5	1219768	0.0000041
all	320	3	1219768	0.0000025
all	321	21	1219768	0.0000172
all	322	13	1219768	0.0000107
all	323	11	1219768	0.0000090
all	324	15	1219768	0.0000123
all	325	14	1219768	0.0000115
all	326	17	1219768	0.0000139
all	327	20	1219768	0.0000164
all	328	8	1219768	0.0000066
all	329	29	1219768	0.0000238
all	330	46	1219768	0.0000377
all	331	31	1219768	0.0000254
all	332	2	1219768	0.0000016
all	333	5	1219768	0.0000041
all	334	12	1219768	0.0000098
all	335	21	1219768	0.0000172
all	336	25	1219768	0.0000205
all	337	38	1219768	0.0000312
all	338	28	1219768	0.0000230
all	339	10	1219768	0.0000082
all	340	24	1219768	0.0000197
all	341	18	1219768	0.0000148
all	342	20	1219768	0.0000164
all	343	11	1219768	0.0000090
all	344	25	1219768	0.0000205
all	345	23	1219768	0.0000189
all	346	20	1219768	0.0000164
all	347	22	1219768	0.0000180
all	348	2	1219768	0.0000016
all	349	4	1219768	0.0000033
all	350	16	1219768	0.0000131
all	351	15	1219768	0.0000123
all	352	7	1219768	0.0000057
all	353	11	1219768	0.0000090
all	354	19	1219768	0.0000156
all	355	26	1219768	0.0000213
all	356	19	1219768	0.0000156
all	357	11	1219768	0.0000090
all	358	24	1219768	0.0000197
all	359	79	1219768	0.0000648
all	360	36	1219768	0.0000295
all	361	13	1219768	0.0000107
all	362	19	1219768	0.0000156
all	363	15	1219768	0.0000123
all	364	6	1219768	0.0000049
all	365	10	1219768	0.0000082
all	366	8	1219768	0.0000066
all	367	7	1219768	0.0000057
all	368	21	1219768	0.0000172
all	369	5	1219768	0.0000041
all	370	22	1219768	0.0000180
all	371	5	1219768	0.0000041
all	372	24	1219768	0.0000197
all	373	44	1219768	0.0000361
all	374	10	1219768	0.0000082
all	375	36	1219768	0.0000295
all	376	9	1219768	0.0000074
all	377	8	1219768	0.0000066
all	378	13	1219768	0.0000107
all	379	19	1219768	0.0000156
all	380	8	1219768	0.0000066
all	381	19	1219768	0.0000156
all	382	14	1219768	0.0000115
all	383	6	1219768	0.0000049
all	384	7	1219768	0.0000057
all	385	23	1219768	0.0000189
all	386	36	1219768	0.0000295
all	387	17	1219768	0.0000139
all	388	13	1219768	0.0000107
all	389	10	1219768	0.0000082
all	390	21	1219768	0.0000172
all	391	10	1219768	0.0000082
all	392	30	1219768	0.0000246
all	393	6	1219768	0.0000049
all	395	3	1219768	0.0000025
all	397	4	1219768	0.0000033
all	398	4	1219768	0.0000033
all	399	4	1219768	0.0000033
all	400	4	1219768	0.0000033
all	401	2	1219768	0.0000016
all	402	3	1219768	0.0000025
all	403	12	1219768	0.0000098
all	404	2	1219768	0.0000016
all	405	2	1219768	0.0000016
all	406	4	1219768	0.0000033
all	407	1	1219768	0.0000008
all	408	2	1219768	0.0000016
all	409	3	1219768	0.0000025
all	410	7	1219768	0.0000057
all	411	9	1219768	0.0000074
all	412	13	1219768	0.0000107
all	413	6	1219768	0.0000049
all	414	6	1219768	0.0000049
all	415	6	1219768	0.0000049
all	416	5	1219768	0.0000041
all	417	2	1219768	0.0000016
all	418	13	1219768	0.0000107
all	419	8	1219768	0.0000066
all	420	17	1219768	0.0000139
all	421	20	1219768	0.0000164
all	422	25	1219768	0.0000205
all	423	20	1219768	0.0000164
all	424	4	1219768	0.0000033
all	425	2	1219768	0.0000016
all	426	2	1219768	0.0000016
all	427	3	1219768	0.0000025
all	428	4	1219768	0.0000033
all	429	9	1219768	0.0000074
all	430	2	1219768	0.0000016
all	431	1	1219768	0.0000008
all	432	14	1219768	0.0000115
all	433	3	1219768	0.0000025
all	434	2	1219768	0.0000016
all	435	5	1219768	0.0000041
all	436	12	1219768	0.0000098
all	437	2	1219768	0.0000016
all	438	1	1219768	0.0000008
all	439	1	1219768	0.0000008
all	440	1	1219768	0.0000008
all	441	27	1219768	0.0000221
all	442	5	1219768	0.0000041
all	443	1	1219768	0.0000008
all	444	6	1219768	0.0000049
all	445	5	1219768	0.0000041
all	446	10	1219768	0.0000082
all	447	1	1219768	0.0000008
all	448	2	1219768	0.0000016
all	449	9	1219768	0.0000074
all	450	6	1219768	0.0000049
all	451	5	1219768	0.0000041
all	452	7	1219768	0.0000057
all	453	2	1219768	0.0000016
all	454	10	1219768	0.0000082
all	455	5	1219768	0.0000041
all	456	3	1219768	0.0000025
all	457	1	1219768	0.0000008
all	458	14	1219768	0.0000115
all	459	10	1219768	0.0000082
all	460	1	1219768	0.0000008
all	461	7	1219768	0.0000057
all	462	1	1219768	0.0000008
all	463	17	1219768	0.0000139
all	464	21	1219768	0.0000172
all	465	5	1219768	0.0000041
all	466	3	1219768	0.0000025
all	467	2	1219768	0.0000016
all	468	8	1219768	0.0000066
all	469	11	1219768	0.0000090
all	470	7	1219768	0.0000057
all	471	7	1219768	0.0000057
all	472	2	1219768	0.0000016
all	473	9	1219768	0.0000074
all	474	7	1219768	0.0000057
all	475	10	1219768	0.0000082
all	476	6	1219768	0.0000049
all	477	3	1219768	0.0000025
all	478	4	1219768	0.0000033
all	479	2	1219768	0.0000016
all	480	13	1219768	0.0000107
all	481	14	1219768	0.0000115
all	482	4	1219768	0.0000033
all	483	5	1219768	0.0000041
all	484	6	1219768	0.0000049
all	485	2	1219768	0.0000016
all	486	3	1219768	0.0000025
all	487	10	1219768	0.0000082
all	488	2	1219768	0.0000016
all	489	2	1219768	0.0000016
all	490	2	1219768	0.0000016
all	491	2	1219768	0.0000016
all	492	9	1219768	0.0000074
all	493	2	1219768	0.0000016
all	494	19	1219768	0.0000156
all	495	12	1219768	0.0000098
all	496	5	1219768	0.0000041
all	497	5	1219768	0.0000041
all	498	6	1219768	0.0000049
all	499	9	1219768	0.0000074
all	500	10	1219768	0.0000082
all	501	8	1219768	0.0000066
all	502	14	1219768	0.0000115
all	503	17	1219768	0.0000139
all	504	8	1219768	0.0000066
all	505	7	1219768	0.0000057
all	506	11	1219768	0.0000090
all	507	5	1219768	0.0000041
all	508	3	1219768	0.0000025
all	509	6	1219768	0.0000049
all	510	11	1219768	0.0000090
all	511	7	1219768	0.0000057
all	512	16	1219768	0.0000131
all	513	4	1219768	0.0000033
all	514	5	1219768	0.0000041
all	515	10	1219768	0.0000082
all	516	1	1219768	0.0000008
all	517	3	1219768	0.0000025
all	518	5	1219768	0.0000041
all	519	2	1219768	0.0000016
all	520	13	1219768	0.0000107
all	521	14	1219768	0.0000115
all	522	10	1219768	0.0000082
all	523	6	1219768	0.0000049
all	524	11	1219768	0.0000090
all	525	12	1219768	0.0000098
all	526	1	1219768	0.0000008
all	527	2	1219768	0.0000016
all	528	2	1219768	0.0000016
all	529	8	1219768	0.0000066
all	530	1	1219768	0.0000008
all	531	3	1219768	0.0000025
all	532	2	1219768	0.0000016
all	533	2	1219768	0.0000016
all	534	1	1219768	0.0000008
all	535	1	1219768	0.0000008
all	536	21	1219768	0.0000172
all	537	9	1219768	0.0000074
all	538	18	1219768	0.0000148
all	539	6	1219768	0.0000049
all	540	11	1219768	0.0000090
all	541	11	1219768	0.0000090
all	542	7	1219768	0.0000057
all	543	2	1219768	0.0000016
all	544	8	1219768	0.0000066
all	545	23	1219768	0.0000189
all	546	11	1219768	0.0000090
all	547	8	1219768	0.0000066
all	548	4	1219768	0.0000033
all	549	3	1219768	0.0000025
all	550	5	1219768	0.0000041
all	551	8	1219768	0.0000066
all	552	3	1219768	0.0000025
all	553	6	1219768	0.0000049
all	554	12	1219768	0.0000098
all	555	14	1219768	0.0000115
all	556	4	1219768	0.0000033
all	557	1	1219768	0.0000008
all	558	4	1219768	0.0000033
all	559	1	1219768	0.0000008
all	560	6	1219768	0.0000049
all	562	3	1219768	0.0000025
all	563	1	1219768	0.0000008
all	564	6	1219768	0.0000049
all	565	3	1219768	0.0000025
all	566	2	1219768	0.0000016
all	567	15	1219768	0.0000123
all	568	6	1219768	0.0000049
all	569	3	1219768	0.0000025
all	571	5	1219768	0.0000041
all	572	5	1219768	0.0000041
all	573	1	1219768	0.0000008
all	574	4	1219768	0.0000033
all	575	1	1219768	0.0000008
all	576	2	1219768	0.0000016
all	577	9	1219768	0.0000074
all	578	4	1219768	0.0000033
all	579	19	1219768	0.0000156
all	580	13	1219768	0.0000107
all	581	8	1219768	0.0000066
all	582	6	1219768	0.0000049
all	583	1	1219768	0.0000008
all	584	11	1219768	0.0000090
all	585	4	1219768	0.0000033
all	586	3	1219768	0.0000025
all	587	2	1219768	0.0000016
all	588	8	1219768	0.0000066
all	589	1	1219768	0.0000008
all	591	1	1219768	0.0000008
all	594	6	1219768	0.0000049
all	595	1	1219768	0.0000008
all	596	2	1219768	0.0000016
all	597	2	1219768	0.0000016
all	598	2	1219768	0.0000016
all	599	5	1219768	0.0000041
all	600	1	1219768	0.0000008
all	601	7	1219768	0.0000057
all	602	4	1219768	0.0000033
all	603	7	1219768	0.0000057
all	604	1	1219768	0.0000008
all	605	4	1219768	0.0000033
all	606	2	1219768	0.0000016
all	607	1	1219768	0.0000008
all	608	10	1219768	0.0000082
all	609	17	1219768	0.0000139
all	610	19	1219768	0.0000156
all	613	2	1219768	0.0000016
all	614	1	1219768	0.0000008
all	616	1	1219768	0.0000008
all	618	1	1219768	0.0000008
all	623	3	1219768	0.0000025
all	625	1	1219768	0.0000008
all	626	2	1219768	0.0000016
all	627	2	1219768	0.0000016
all	628	1	1219768	0.0000008
all	629	1	1219768	0.0000008
all	630	1	1219768	0.0000008
all	631	3	1219768	0.0000025
all	633	5	1219768	0.0000041
all	634	1	1219768	0.0000008
all	635	1	1219768	0.0000008
all	636	5	1219768	0.0000041
all	637	3	1219768	0.0000025
all	638	2	1219768	0.0000016
all	639	2	1219768	0.0000016
all	640	7	1219768	0.0000057
all	641	2	1219768	0.0000016
all	642	4	1219768	0.0000033
all	643	6	1219768	0.0000049
all	644	1	1219768	0.0000008
all	646	9	1219768	0.0000074
all	647	6	1219768	0.0000049
all	648	1	1219768	0.0000008
all	649	2	1219768	0.0000016
all	650	4	1219768	0.0000033
all	651	4	1219768	0.0000033
all	652	2	1219768	0.0000016
all	653	2	1219768	0.0000016
all	654	2	1219768	0.0000016
all	655	1	1219768	0.0000008
all	657	1	1219768	0.0000008
all	658	1	1219768	0.0000008
all	659	1	1219768	0.0000008
all	662	1	1219768	0.0000008
all	671	1	1219768	0.0000008
all	674	1	1219768	0.0000008
all	675	1	1219768	0.0000008
all	676	6	1219768	0.0000049
all	678	1	1219768	0.0000008
all	679	1	1219768	0.0000008
all	682	1	1219768	0.0000008
all	683	1	1219768	0.0000008
all	689	2	1219768	0.0000016
all	692	1	1219768	0.0000008
all	693	3	1219768	0.0000025
all	694	1	1219768	0.0000008
all	697	1	1219768	0.0000008
all	699	1	1219768	0.0000008
all	700	1	1219768	0.0000008
all	703	1	1219768	0.0000008
all	704	2	1219768	0.0000016
all	705	11	1219768	0.0000090
all	706	1	1219768	0.0000008
all	707	1	1219768	0.0000008
all	710	2	1219768	0.0000016
all	711	1	1219768	0.0000008
all	712	1	1219768	0.0000008
all	716	2	1219768	0.0000016
all	717	2	1219768	0.0000016
all	732	1	1219768	0.0000008
all	733	4	1219768	0.0000033
all	734	19	1219768	0.0000156
all	743	1	1219768	0.0000008
all	746	1	1219768	0.0000008
all	748	2	1219768	0.0000016
all	750	1	1219768	0.0000008
all	753	1	1219768	0.0000008
all	754	1	1219768	0.0000008
all	762	1	1219768	0.0000008
all	776	1	1219768	0.0000008
all	779	3	1219768	0.0000025
all	782	2	1219768	0.0000016
all	783	1	1219768	0.0000008
all	785	1	1219768	0.0000008
all	788	2	1219768	0.0000016
all	789	3	1219768	0.0000025
all	790	4	1219768	0.0000033
all	791	2	1219768	0.0000016
all	792	5	1219768	0.0000041
all	794	1	1219768	0.0000008
all	799	1	1219768	0.0000008
all	804	2	1219768	0.0000016
all	807	1	1219768	0.0000008
all	812	1	1219768	0.0000008
all	817	1	1219768	0.0000008
all	822	1	1219768	0.0000008
all	829	1	1219768	0.0000008
all	838	1	1219768	0.0000008
all	844	1	1219768	0.0000008
all	855	1	1219768	0.0000008
all	859	2	1219768	0.0000016
all	863	1	1219768	0.0000008
all	867	1	1219768	0.0000008
all	869	1	1219768	0.0000008
all	877	1	1219768	0.0000008
all	883	1	1219768	0.0000008
all	899	1	1219768	0.0000008
all	902	2	1219768	0.0000016
all	904	1	1219768	0.0000008
all	910	1	1219768	0.0000008
all	914	2	1219768	0.0000016
all	915	2	1219768	0.0000016
all	916	1	1219768	0.0000008
all	918	2	1219768	0.0000016
all	922	1	1219768	0.0000008
all	923	1	1219768	0.0000008
all	925	2	1219768	0.0000016
all	926	1	1219768	0.0000008
all	928	1	1219768	0.0000008
all	937	3	1219768	0.0000025
all	939	2	1219768	0.0000016
all	940	1	1219768	0.0000008
all	941	1	1219768	0.0000008
all	951	1	1219768	0.0000008
all	954	1	1219768	0.0000008
all	957	2	1219768	0.0000016
all	960	1	1219768	0.0000008
all	961	3	1219768	0.0000025
all	962	1	1219768	0.0000008
all	965	1	1219768	0.0000008
all	970	1	1219768	0.0000008
all	972	1	1219768	0.0000008
all	974	3	1219768	0.0000025
all	975	1	1219768	0.0000008
all	976	2	1219768	0.0000016
all	977	2	1219768	0.0000016
all	981	1	1219768	0.0000008
all	982	1	1219768	0.0000008
all	983	1	1219768	0.0000008
all	985	1	1219768	0.0000008
all	986	2	1219768	0.0000016
all	987	2	1219768	0.0000016
all	988	1	1219768	0.0000008
all	990	2	1219768	0.0000016
all	993	4	1219768	0.0000033
all	1000	1	1219768	0.0000008
