Sample	1	2	3	4	5	6	7	8	9	10	11	12	13	14	15	16	17	18	19	20	21	22	23	24	25	26	27	28	29	30	31	32	33	34	35	36	37	38	39	40	41	42	43	44	45	46	47	48	49	50	51	52	53	54	55	56	57	58	59	60	61	62	63	64	65	66	67	68	69	70	71	72	73	74	75	76	77	78	79	80	81	82	83	84	85	86	87	88	89	90	91	92	93	94	95	96	97	98	99	100	101	102	103	104	105	106	107	108	109	110	111	112	113	114	115	116	117	118	119	120	121	122	123	124	125	126	127	128	129	130	131	132	133	134	135	136	137	138	139	140	141	142	143	144	145	146	147	148	149	150
Hte-ATic_001-Ex1-cssl	67.9785	50.081900000000005	50.015299999999996	52.1591	52.8825	48.7528	50.2912	52.94649999999999	49.7284	50.1287	55.3238	56.2077	53.0458	54.6726	52.17230000000001	53.890499999999996	53.297799999999995	53.026799999999994	53.0087	53.802099999999996	50.7772	51.8724	54.313500000000005	53.1146	54.289	53.830299999999994	52.794399999999996	53.47579999999999	53.0674	52.5021	50.9221	54.2817	53.9007	54.250600000000006	53.9987	52.455200000000005	52.0678	54.4588	52.953399999999995	53.1057	52.98009999999999	52.4294	53.333299999999994	53.7268	53.3195	51.513200000000005	54.0423	51.371	53.6238	54.0789	52.5592	52.614000000000004	53.2119	53.010400000000004	50.505900000000004	52.7993	54.1135	52.6697	52.9636	51.9332	53.1366	53.5084	51.8939	53.8501	53.6374	52.712599999999995	55.61000000000001	53.074799999999996	52.4746	54.21	53.8809	52.233799999999995	53.7379	53.2729	50.014	53.677	55.3762	51.882	52.758	55.322	53.6029	55.893	54.647	52.5552	54.02289999999999	54.094699999999996	51.6585	53.7149	51.6561	51.9223	54.410199999999996	54.6308	52.917	54.9473	56.5515	55.958600000000004	54.322199999999995	54.24	56.07919999999999	55.6485	58.31960000000001	52.290099999999995	56.5069	54.4273	56.3716	53.7971	57.3032	56.1745	54.4762	55.988899999999994	56.7206	56.384100000000004	55.261700000000005	53.1712	56.9642	56.7975	56.5939	56.74209999999999	56.023900000000005	55.0656	55.643299999999996	57.5828	55.984199999999994	56.657000000000004	57.169599999999996	53.729400000000005	52.9411	58.9375	57.675399999999996	58.761300000000006	59.4576	54.7392	58.1366	57.326299999999996	57.6933	57.6296	58.19069999999999	57.017700000000005	60.456500000000005	61.0879	58.940400000000004	58.85510000000001	61.2695	57.3148	60.191700000000004	59.719500000000004	57.383799999999994	62.717800000000004	60.1189	56.1682
Hte-ATic_002-Ex1-cssl	70.7545	51.444500000000005	51.6613	53.9099	55.107099999999996	53.8234	52.5529	55.437000000000005	54.6965	53.6792	58.930899999999994	58.6283	58.87329999999999	57.9407	56.0857	57.0321	57.113400000000006	56.773399999999995	56.7431	57.42660000000001	55.619600000000005	56.6333	57.267100000000006	55.6775	56.7566	56.304	55.8176	56.4144	56.896100000000004	56.1285	56.7279	56.72279999999999	55.9315	56.1783	57.6067	56.159400000000005	56.071400000000004	56.5814	55.3466	56.249300000000005	57.637499999999996	55.880700000000004	57.069	56.82469999999999	56.0958	57.1074	57.1889	55.379999999999995	56.999100000000006	57.2941	55.863099999999996	56.876400000000004	57.049099999999996	56.1924	57.0489	56.4291	56.8279	56.5819	57.0671	55.407700000000006	56.9176	56.8985	56.023900000000005	55.9657	56.842000000000006	55.8672	56.808899999999994	57.3471	56.2471	56.393	57.50619999999999	55.5551	56.2531	56.611900000000006	56.141799999999996	56.671400000000006	56.437000000000005	55.681599999999996	57.3792	56.8847	55.8538	57.403099999999995	56.938	56.2717	56.369499999999995	57.073499999999996	56.001999999999995	57.49229999999999	57.7547	56.186499999999995	57.422	57.438599999999994	56.3316	56.5132	56.832300000000004	55.8457	56.816199999999995	56.8863	57.120400000000004	57.3294	56.94630000000001	56.1291	57.2654	57.3037	55.462500000000006	58.2759	57.5698	56.341499999999996	57.2615	56.69689999999999	56.6084	56.465900000000005	57.647400000000005	56.8587	57.7415	58.3	57.4291	57.1342	58.458299999999994	57.0395	57.8966	57.769000000000005	57.5728	58.007	57.5283	57.58259999999999	58.2522	57.263299999999994	56.6694	57.8946	58.984899999999996	57.300799999999995	58.2893	57.9294	56.872299999999996	58.1515	58.3673	57.743500000000004	58.269099999999995	59.226	57.68990000000001	56.7472	58.6183	58.370400000000004	58.241699999999994	59.7125	57.5574	58.798300000000005	58.200399999999995	58.5311
Hte-ATic_003-Ex1-cssl	65.8034	45.8536	47.7918	47.5973	49.5711	47.9035	47.0557	49.6296	49.7539	46.991699999999994	53.183	52.712199999999996	52.6693	50.963800000000006	50.847500000000004	50.674	51.9136	50.6601	51.9906	51.174299999999995	50.836999999999996	51.11560000000001	50.7687	50.3747	50.582800000000006	50.7661	50.6883	50.1604	50.7359	50.71639999999999	50.1115	50.5787	50.928200000000004	50.0687	51.611399999999996	50.1733	50.6605	50.80480000000001	50.27700000000001	50.179300000000005	50.96079999999999	50.0796	50.7355	50.9389	50.2529	50.5144	51.0086	50.437	50.3799	50.589	50.7922	50.3881	50.4707	50.8785	51.2306	51.096399999999996	50.6779	50.6489	51.273	51.5145	50.4366	50.7766	50.565400000000004	50.7315	51.031099999999995	49.7624	50.6979	51.0505	51.015	50.868100000000005	50.521899999999995	50.1447	50.637699999999995	50.8181	50.2047	51.2369	51.509499999999996	50.720299999999995	50.9607	50.3637	51.49589999999999	51.192499999999995	51.6049	50.386900000000004	51.127100000000006	50.9185	50.4451	51.137100000000004	51.1355	50.249900000000004	51.517199999999995	51.7957	51.33560000000001	51.5995	51.902300000000004	50.7351	51.4764	51.3037	50.9772	51.277899999999995	51.460300000000004	51.6302	51.9204	51.993199999999995	51.5697	51.965399999999995	52.4348	50.577600000000004	52.3352	51.680099999999996	52.0158	51.9807	52.3977	51.474399999999996	51.8737	52.6064	51.83839999999999	52.5926	52.11409999999999	51.8169	52.3992	52.23759999999999	52.917199999999994	52.4272	53.045500000000004	52.7738	52.5212	52.898	50.94070000000001	52.920500000000004	52.48350000000001	52.364200000000004	52.7964	52.79089999999999	52.6149	53.163700000000006	53.725	52.7896	53.1571	53.9458	52.5953	52.9938	52.834599999999995	53.303999999999995	54.331799999999994	54.013999999999996	53.9027	53.4564	53.626200000000004	53.2316
Hte-ATic_004-Ex1-cssl	65.7624	44.713300000000004	47.449799999999996	46.5664	48.5969	46.4659	45.9386	49.0165	48.295500000000004	46.7691	52.6361	51.5898	51.2444	50.2756	49.6353	50.3248	50.7055	49.761	50.43450000000001	50.205200000000005	49.641200000000005	49.7641	50.3534	49.038900000000005	49.9862	49.7717	49.3923	49.400800000000004	50.3618	49.1153	49.4305	50.3471	49.6107	50.2056	49.6182	49.2874	50.0562	49.9468	48.853	50.4293	49.999900000000004	49.893100000000004	50.6503	50.08899999999999	49.5033	49.710300000000004	49.7533	49.8003	50.0109	49.5205	49.2917	49.7246	49.5759	49.6528	49.9625	50.576699999999995	49.7257	49.8333	50.1282	50.190400000000004	49.918099999999995	50.3051	49.7737	50.478199999999994	50.329	49.5325	50.2358	50.3026	49.0237	49.815599999999996	49.8266	50.1864	49.953199999999995	50.631	49.6882	50.3082	49.9326	49.7408	50.183	50.1908	49.6941	50.144	50.4949	49.605900000000005	50.195100000000004	50.6186	49.5635	50.566900000000004	50.0028	49.4808	50.2546	50.052	49.545899999999996	49.514399999999995	50.38399999999999	49.8975	50.694799999999994	50.2193	49.877300000000005	50.282000000000004	50.6478	49.715199999999996	50.2719	50.7134	50.100699999999996	50.192499999999995	50.7665	49.850100000000005	50.732299999999995	50.880199999999995	49.5512	50.730799999999995	50.2506	50.0309	50.680400000000006	50.83109999999999	50.8123	50.1973	51.220200000000006	50.571	51.1558	50.665099999999995	50.0711	50.558800000000005	51.2015	50.415299999999995	50.126599999999996	51.998200000000004	49.705	51.2258	50.428	49.8627	50.844699999999996	51.4447	49.8236	51.2267	50.5641	50.07430000000001	51.080000000000005	50.7192	50.7062	50.6033	51.02179999999999	50.3683	51.815900000000006	51.2077	50.8885	51.0189	51.641999999999996	50.9096
Hte-ATic_005-Ex1-cssl	64.15459999999999	44.2153	47.219100000000005	46.7298	47.8887	45.745200000000004	45.900600000000004	47.2794	47.6996	45.3762	51.915800000000004	50.7007	50.6204	49.5909	48.7973	48.889500000000005	49.7444	48.7818	49.1676	49.8939	49.0222	49.3977	49.1831	48.4587	49.172900000000006	49.0991	48.599399999999996	48.8741	49.373	47.9817	49.229	49.1698	49.0484	49.200700000000005	49.0212	48.1533	48.9671	48.8829	48.4341	48.1783	49.1655	48.1187	48.973	49.228300000000004	48.9491	49.1323	49.3581	48.3959	49.2983	49.1563	48.5145	49.2053	49.2113	48.4196	48.7798	49.2492	48.0473	49.3007	48.7674	48.178399999999996	49.1631	48.8405	47.7837	49.1227	48.803999999999995	48.6585	48.7452	49.0544	48.4585	48.973299999999995	49.2319	48.7551	48.5947	49.2235	48.5893	49.5878	49.501400000000004	48.8036	49.9411	48.9069	48.4817	49.446200000000005	49.280499999999996	48.4736	49.451	49.4235	49.0446	49.3194	49.168	49.3987	49.5326	49.8202	49.3484	50.2023	49.818400000000004	49.3515	50.05969999999999	49.7453	49.6092	50.3155	50.4966	49.187	50.5769	50.5759	49.995200000000004	50.220200000000006	50.4755	50.25920000000001	51.207499999999996	50.64999999999999	50.8131	50.8551	51.910199999999996	50.91630000000001	51.64769999999999	51.6658	51.6652	51.3238	51.7182	51.106399999999994	52.307700000000004	51.5735	51.460300000000004	52.3867	52.9872	51.658	52.5158	52.934599999999996	52.2171	53.2086	52.898500000000006	52.148700000000005	52.7475	52.9857	53.074600000000004	52.9667	54.6315	52.23910000000001	54.1588	53.928	53.1375	54.8932	55.07959999999999	52.7408	54.569900000000004	54.786199999999994	52.97389999999999	55.7381	55.1295	54.09310000000001
Hte-ATic_006-Ex1-cssl	64.8513	43.4574	46.3971	45.3283	46.8052	45.1847	44.2583	46.6888	46.1945	44.4728	51.2936	50.55159999999999	49.7186	49.0061	49.1032	48.5439	48.8538	48.1189	48.644	48.8805	48.8068	48.4754	48.0174	47.916799999999995	48.2094	47.8874	47.893299999999996	48.321	48.4694	47.6823	48.7647	48.5223	48.402899999999995	47.684599999999996	48.3931	47.785	49.0089	48.0073	48.028999999999996	48.166799999999995	48.0995	47.7786	47.923500000000004	48.456900000000005	47.3905	48.5041	48.2304	48.0989	48.5679	48.3628	48.2956	48.4483	47.8612	48.1254	48.208800000000004	48.4655	47.7389	48.664	48.3084	48.396499999999996	48.3101	48.615399999999994	48.3131	47.9508	48.2727	47.8506	48.4747	48.3407	48.184	48.0684	48.3986	48.2983	47.9618	48.1136	47.922	48.5677	48.6788	48.1076	48.6891	48.8145	48.087	48.6099	48.0748	48.3181	48.388	48.4103	47.8288	49.0422	48.1348	48.566500000000005	48.8484	48.918499999999995	48.414699999999996	48.5783	48.952400000000004	48.548	48.7032	48.5114	48.716300000000004	48.6816	48.9437	48.0204	48.5711	48.8761	48.7043	49.13	48.9354	48.4743	48.3435	49.0522	48.6177	48.6776	49.4695	48.6979	48.5861	48.691	48.9237	49.0782	48.8807	48.9082	48.9777	49.2653	49.3125	49.2459	49.1392	49.4021	48.9905	49.6041	48.629	49.727900000000005	49.6587	49.308800000000005	49.5626	49.2817	48.416599999999995	49.393	49.7142	49.082300000000004	49.75	49.8464	49.680400000000006	49.919000000000004	49.9548	49.3727	49.2596	49.871700000000004	49.650499999999994	49.7891	49.317899999999995	50.176500000000004
Hte-ATic_007-Ex1-cssl	68.7021	51.26199999999999	51.1369	52.0715	54.516600000000004	51.763999999999996	52.139500000000005	55.0404	54.4794	52.339400000000005	58.404	57.935700000000004	56.848600000000005	56.2133	56.182900000000004	55.706599999999995	55.5257	55.2125	55.8389	56.050999999999995	54.9699	55.534499999999994	55.8867	55.2134	54.7836	55.545199999999994	54.824600000000004	55.7393	55.64940000000001	54.8431	55.413599999999995	56.326699999999995	53.61240000000001	55.229099999999995	56.0324	54.3597	55.53789999999999	55.7707	54.671400000000006	55.230199999999996	55.9134	54.727599999999995	55.3686	56.1126	54.994600000000005	56.096900000000005	55.2408	55.396699999999996	55.892399999999995	55.5171	54.4891	55.9254	56.033699999999996	55.119600000000005	55.1135	55.6859	55.212799999999994	56.05	55.6725	54.732800000000005	55.6813	56.1881	54.088	55.921200000000006	55.5592	55.0442	55.3648	56.011900000000004	54.9137	55.1218	55.3656	55.612700000000004	55.4736	56.0345	55.3705	54.8523	55.627	54.681400000000004	55.1528	55.401	54.899100000000004	55.575399999999995	55.1917	54.2767	55.496500000000005	55.83129999999999	55.0909	55.3241	56.4442	54.768499999999996	55.6192	56.00619999999999	55.277100000000004	55.40540000000001	55.840500000000006	54.544000000000004	55.93280000000001	56.622499999999995	55.37	55.815099999999994	55.8813	55.221900000000005	56.4269	56.9935	55.084599999999995	56.104299999999995	56.028800000000004	55.501400000000004	56.064499999999995	56.793800000000005	55.3049	55.852900000000005	56.632400000000004	55.884699999999995	56.041399999999996	57.3145	56.1975	56.8217	56.891400000000004	55.8431	56.4883	57.2901	55.7691	56.8711	57.137800000000006	55.7163	56.039300000000004	56.80030000000001	56.641200000000005	56.2609	56.741600000000005	55.2628	56.623000000000005	57.034600000000005	56.530899999999995	57.192	57.808899999999994	56.5462	57.181599999999996	57.487100000000005	56.769800000000004	57.1342	57.1607	56.8989	57.2488	57.2314	56.5756	57.886	57.4551	57.0263
Hte-ATic_008-Ex1-cssl	70.8224	54.8261	54.1343	55.072500000000005	56.5396	55.1528	55.530199999999994	57.2627	56.7535	54.9165	60.0034	60.921800000000005	59.922799999999995	58.7818	57.04860000000001	58.355999999999995	58.111599999999996	57.521100000000004	57.2836	58.94540000000001	58.724399999999996	58.0233	58.446600000000004	56.915400000000005	58.726299999999995	58.7294	56.6448	58.998	58.2997	57.647800000000004	57.653	57.6998	56.45909999999999	58.8836	58.6047	57.7064	57.293000000000006	57.4988	57.7597	59.108000000000004	58.1246	55.9392	57.9508	57.7462	56.9585	57.940400000000004	58.591499999999996	57.7174	58.9989	58.2669	56.983799999999995	58.146100000000004	57.9238	56.9474	57.5736	58.994899999999994	57.6607	56.867900000000006	58.6615	58.0613	58.462599999999995	58.0998	57.6404	58.379599999999996	58.9954	57.2326	58.483	57.998099999999994	57.729600000000005	57.88100000000001	58.8447	57.8488	58.401599999999995	57.86599999999999	57.132799999999996	57.584500000000006	58.092200000000005	57.7704	58.0653	59.0388	58.0498	58.3461	59.052499999999995	57.3778	58.64470000000001	58.6786	56.7745	58.718	58.545700000000004	58.201	58.2836	58.97710000000001	57.07489999999999	58.641299999999994	58.256099999999996	58.179	57.6579	58.94930000000001	57.8393	59.766799999999996	59.12	58.672000000000004	58.6229	59.1531	57.5517	58.507	59.4625	58.6414	59.894999999999996	58.8974	58.804	60.1459	60.059200000000004	59.51689999999999	60.163500000000006	59.93770000000001	58.5238	59.484	61.1819	58.358900000000006	59.6298	60.458800000000004	59.7131	61.1607	59.4395	58.540400000000005	59.931400000000004	61.391799999999996	60.2544	59.963	60.066399999999994	59.727399999999996	60.5489	59.785999999999994	58.7867	60.8209	60.52760000000001	60.52459999999999	60.8237	58.967999999999996	59.0387	60.0446	60.6218	60.4058	59.9134	61.05890000000001	60.5019	61.0745	60.39600000000001	59.3654
Hte-ATic_010-Ex1-cssl	69.7915	52.5242	53.016799999999996	54.1946	55.677	54.18039999999999	53.797799999999995	56.3671	56.094100000000005	53.0899	59.293099999999995	59.116899999999994	57.464499999999994	58.18600000000001	57.034	56.517700000000005	57.6497	56.4835	56.2667	57.0982	55.7883	56.5659	57.4511	56.42080000000001	56.6391	57.769499999999994	57.005799999999994	57.3565	57.385299999999994	54.1524	56.6511	56.52160000000001	55.945699999999995	57.057199999999995	58.5855	56.346700000000006	57.411500000000004	57.5171	55.4551	55.8245	57.4517	56.3682	56.2078	56.5102	56.1592	56.4535	56.5242	56.3095	56.476400000000005	56.580799999999996	56.1365	57.327600000000004	56.649499999999996	56.145599999999995	57.1218	57.00920000000001	57.3133	56.3916	56.31850000000001	55.0721	56.1674	56.87950000000001	56.3316	56.8137	57.3831	56.2948	56.1731	58.0599	56.437099999999994	56.286899999999996	57.863699999999994	56.647000000000006	56.7861	58.164300000000004	56.0084	56.912600000000005	58.0674	56.1646	56.4264	57.5007	55.985600000000005	56.128699999999995	57.0109	57.2979	57.349000000000004	57.915499999999994	56.2724	57.4657	58.697900000000004	56.842499999999994	56.9713	58.442400000000006	56.332899999999995	57.8369	58.234300000000005	57.68990000000001	57.5723	58.3496	56.786	56.9839	58.929500000000004	57.7295	57.7659	58.74850000000001	57.331500000000005	59.4762	59.8217	56.5775	56.7068	58.5063	57.702299999999994	58.837799999999994	59.0816	57.68	59.154300000000006	59.3389	58.972	58.787800000000004	60.6637	58.4561	58.86	58.6156	58.42309999999999	58.4273	59.564099999999996	58.7578	58.9589	59.62070000000001	60.421499999999995	59.8021	59.7737	58.9491	59.508399999999995	60.9127	59.6574	60.147600000000004	62.1652	59.4879	59.5658	60.2248	59.1257	60.138999999999996	62.0282	60.6148	60.375	61.41609999999999	59.39	59.654799999999994	60.964	61.301899999999996
Hte-ATic_011-Ex1-cssl	63.14490000000001	42.8983	46.5586	45.2556	45.9443	44.2191	43.64	45.7826	46.001799999999996	44.8211	49.0506	49.330400000000004	48.5166	47.728300000000004	47.3872	46.702799999999996	47.4313	47.7052	46.9781	46.6729	47.558499999999995	47.4299	46.9859	46.414899999999996	47.6275	46.720800000000004	46.734700000000004	47.4979	48.3511	46.617399999999996	47.8447	47.6757	46.7965	47.1006	47.302499999999995	46.7701	47.0648	46.9902	47.0133	47.596500000000006	47.5051	46.0665	47.8392	46.732600000000005	46.876	47.1972	47.1616	47.390100000000004	47.4614	46.4842	46.8716	47.6665	47.4344	46.52	47.243	47.7676	46.9397	46.796	47.366200000000006	46.5841	47.255399999999995	46.888000000000005	46.9076	47.6836	47.2706	46.150200000000005	46.5891	47.091300000000004	47.036699999999996	47.7937	47.111799999999995	46.312599999999996	47.5625	47.4182	47.6403	46.8998	47.044200000000004	46.7471	47.1283	47.8385	46.6547	47.774	47.7158	47.3725	48.131800000000005	48.1108	47.2915	47.3891	47.3996	47.1403	47.6763	47.9136	47.909800000000004	47.1984	48.432199999999995	46.855000000000004	48.118100000000005	47.6344	47.564499999999995	48.2575	48.0291	47.4531	48.1688	47.8252	48.2861	48.3416	49.005500000000005	48.322700000000005	48.0171	48.6933	47.498000000000005	48.0606	48.8989	48.4402	48.3469	49.4795	48.2584	48.8384	49.2655	48.7207	48.449	49.5716	49.208400000000005	50.153400000000005	50.403	48.9283	50.4302	50.3942	51.1836	49.8389	49.5646	49.767	50.5962	51.1389	50.9597	52.403	51.6638	49.7738	51.0992	50.4727	49.4198	50.7425	51.8722	50.372499999999995	52.8293	52.080000000000005	50.9822	53.642999999999994	52.761	52.193999999999996
Hte-ATic_012-Ex1-cssl	68.5965	49.7431	50.474799999999995	52.7037	52.745	51.3883	51.241499999999995	53.0453	52.732299999999995	51.0947	55.796	56.0156	55.6366	54.8185	53.9582	54.263799999999996	54.567600000000006	54.0257	54.615100000000005	55.2471	53.847100000000005	54.252199999999995	54.366800000000005	53.23369999999999	54.581	54.0123	53.1235	54.393100000000004	54.770700000000005	53.22710000000001	54.35830000000001	54.297799999999995	53.510400000000004	53.73559999999999	54.6069	53.791900000000005	54.18039999999999	54.2619	53.4757	53.9795	54.2409	53.4353	54.9315	55.116	53.1198	53.864000000000004	53.730500000000006	53.4349	53.2786	54.732899999999994	53.7797	53.989399999999996	54.241499999999995	53.1783	53.3761	54.507099999999994	53.4127	54.105000000000004	53.2624	53.444100000000006	54.858700000000006	54.4517	53.992200000000004	53.93900000000001	54.781	53.262100000000004	54.2672	53.903	54.217499999999994	54.6763	54.883	53.671	55.45099999999999	54.861000000000004	53.7183	54.2547	54.6581	54.0708	53.3612	54.7294	53.38850000000001	54.736	54.9362	53.462900000000005	53.86	54.6875	54.054199999999994	55.1924	54.9671	54.2611	54.30199999999999	55.1697	54.4446	54.4871	54.8605	54.5485	54.478300000000004	54.5458	54.428200000000004	54.061899999999994	56.4532	55.088899999999995	55.7144	55.738699999999994	54.467	55.5627	56.10889999999999	54.650600000000004	56.315099999999994	55.781000000000006	54.352599999999995	55.916999999999994	56.765100000000004	55.393800000000006	56.1399	56.4423	55.4759	56.2702	56.4411	56.196	55.60079999999999	56.2535	56.676899999999996	55.703199999999995	57.7115	56.260299999999994	56.6458	56.511500000000005	57.2183	57.87910000000001	57.15710000000001	56.1741	57.8024	57.4855	56.0387	57.67020000000001	57.977500000000006	56.0862	57.5752	57.460699999999996	57.1809	57.394400000000005	57.88680000000001	56.8433	57.7706	58.8643	57.5851	58.50880000000001	58.9931	57.727799999999995
Hte-ATic_013-Ex1-cssl	66.7324	47.2091	48.646899999999995	48.9258	49.791999999999994	48.3151	48.426	49.1794	50.015600000000006	48.5827	54.048399999999994	53.598	52.234	52.2798	51.5533	51.7555	51.8628	51.671299999999995	52.02250000000001	51.7647	50.44840000000001	51.164	50.9241	50.8157	51.3803	51.812400000000004	51.05539999999999	51.7249	51.6126	51.496399999999994	51.2729	51.6081	50.912400000000005	51.5097	51.6027	50.5775	50.88890000000001	51.5596	51.043499999999995	51.207899999999995	52.099	50.63419999999999	51.0744	51.968199999999996	51.184200000000004	51.5146	51.507099999999994	50.3046	51.2974	51.200100000000006	51.3421	51.2807	51.4671	50.967600000000004	51.278800000000004	51.2417	51.303399999999996	50.8939	51.83069999999999	50.820100000000004	51.725500000000004	51.3991	50.89169999999999	51.5062	51.9524	50.9813	51.153800000000004	51.55650000000001	50.965	51.442	51.433099999999996	50.9001	51.7378	51.438399999999994	51.2873	51.616099999999996	51.08279999999999	50.5378	51.7011	51.4779	51.4933	51.7761	51.241899999999994	50.9663	51.7324	51.6716	51.0447	51.7799	51.913	51.0283	51.7196	52.011399999999995	50.74229999999999	51.790800000000004	51.977799999999995	51.4131	51.5817	52.0029	51.429899999999996	52.6181	52.7528	51.3603	52.551	52.468199999999996	51.3599	52.33330000000001	52.256499999999996	51.834599999999995	52.7854	52.23609999999999	51.828399999999995	53.1894	52.2133	51.67079999999999	53.12820000000001	52.559999999999995	52.1167	52.851099999999995	52.8914	52.3787	53.371199999999995	53.18619999999999	51.878899999999994	53.151	53.968700000000005	52.6131	53.79580000000001	54.001900000000006	53.340900000000005	54.655699999999996	53.989200000000004	52.5276	53.926399999999994	54.4502	53.217999999999996	53.871	54.6409	53.267399999999995	54.14790000000001	54.4346	53.343300000000006	54.367399999999996	53.5237	53.8796	54.593199999999996	55.04599999999999	53.6313	54.355	55.7274	53.629599999999996
Hte-ATic_014-Ex1-cssl	72.1865	54.077799999999996	53.181999999999995	54.3983	56.638299999999994	54.442	53.4554	56.732400000000005	55.9442	55.2758	61.4726	59.555	59.5194	58.48219999999999	58.022600000000004	57.806400000000004	58.6045	57.117700000000006	57.197900000000004	58.335300000000004	57.6195	56.9921	58.805099999999996	57.2959	57.387699999999995	57.9963	56.4223	57.3793	57.6716	56.816	57.019	57.818000000000005	56.2687	57.5013	58.395300000000006	57.12930000000001	57.84	58.4898	56.983799999999995	57.132400000000004	57.8086	56.5102	57.2813	58.036500000000004	56.938599999999994	57.627300000000005	57.8191	57.1526	56.828	57.1224	57.2235	58.7241	58.2877	57.373200000000004	57.8129	58.08259999999999	56.41159999999999	57.1343	57.6527	56.923199999999994	57.5545	58.3764	57.1296	57.5949	57.4577	56.3379	57.3654	57.7211	57.241299999999995	58.2264	58.1719	56.6802	57.376400000000004	58.59720000000001	57.6012	57.6689	58.5686	57.1526	58.811400000000006	57.8275	56.3207	57.407	58.3485	57.815000000000005	58.1537	58.1801	56.6097	58.070699999999995	58.2696	57.2567	58.4638	58.40840000000001	57.654700000000005	58.5032	58.6225	58.2106	58.3217	58.249399999999994	57.9653	58.930800000000005	58.3725	58.650800000000004	59.4201	59.211999999999996	58.4538	58.885799999999996	59.7698	58.787	59.0195	58.6357	57.506299999999996	59.1084	57.960100000000004	58.00769999999999	59.494899999999994	60.3696	58.9647	59.117399999999996	58.8032	58.2894	60.0576	60.35509999999999	57.918400000000005	59.2992	58.557199999999995	58.9299	59.148	59.636900000000004	59.6565	59.2342	60.9622	57.614900000000006	59.191700000000004	59.8878	58.4888	60.0503	59.46019999999999	59.506499999999996	58.0333	59.541999999999994	58.7612	59.8054	60.9922	59.1892	59.6536	60.0826	58.4671	60.917699999999996	60.6805	58.442899999999995
Hte-ATic_015-Ex1-cssl	66.0286	47.120400000000004	48.4354	49.4587	50.949	47.6947	48.306	49.7918	49.721399999999996	49.0287	54.1168	52.3397	53.0668	52.1826	51.9752	51.754900000000006	51.867799999999995	51.781299999999995	51.993900000000004	52.004	51.325500000000005	51.4112	51.5016	50.967	52.4999	51.878899999999994	50.801300000000005	51.76500000000001	51.726099999999995	50.5811	51.234100000000005	51.749199999999995	50.8066	51.7402	52.2667	51.849000000000004	51.6474	52.363099999999996	50.137299999999996	51.949999999999996	51.8199	50.895500000000006	51.759100000000004	51.571999999999996	51.0999	51.950300000000006	51.3814	51.033300000000004	51.634899999999995	51.6471	51.300999999999995	52.278400000000005	51.454100000000004	50.97239999999999	51.843300000000006	51.6509	51.312000000000005	51.3252	51.790800000000004	50.848800000000004	51.883	51.9093	50.5977	51.3703	51.8582	50.261	51.714099999999995	51.4474	51.829499999999996	51.6489	51.2957	51.3675	52.214000000000006	52.06849999999999	51.523300000000006	52.241099999999996	52.2485	51.1661	51.946099999999994	51.549	50.8923	52.11	52.1913	51.6782	51.59930000000001	52.0957	51.3454	52.3801	52.107800000000005	51.056400000000004	52.0611	51.8606	51.9277	52.7341	52.6265	52.031000000000006	52.272200000000005	52.683400000000006	52.0438	52.9177	53.547999999999995	51.9896	53.35530000000001	52.324099999999994	52.065	52.325	53.8979	52.4122	54.5423	54.088300000000004	53.0382	53.884299999999996	53.821600000000004	52.839000000000006	54.77610000000001	54.846799999999995	53.77459999999999	53.653600000000004	54.42700000000001	53.348	54.1688	55.359199999999994	54.053200000000004	53.927499999999995	54.4131	54.5231	54.3519	55.2227	54.327000000000005	54.5995	55.53	55.0661	55.0266	56.4547	54.7481	56.24059999999999	56.3259	54.984100000000005	56.63510000000001	56.733	55.157900000000005	56.3019	57.2582	55.5713	56.2249	58.1105	55.6663	57.6064	56.4382	57.1126
Hte-ATic_017-Ex1-cssl	64.52449999999999	43.4093	46.9683	46.2517	47.0295	45.0951	44.5489	46.772200000000005	46.375899999999994	45.744099999999996	51.0177	50.4062	49.8789	49.0796	48.7367	48.2243	48.7107	48.8716	48.396899999999995	49.1242	48.3543	48.0749	48.7726	48.410799999999995	48.584500000000006	48.3301	47.9833	48.695	48.9827	47.6301	48.7518	48.7245	47.8389	48.453	48.6164	47.9653	48.1281	48.667300000000004	47.352	48.7396	48.6038	48.637	49.033100000000005	48.5232	48.078199999999995	48.538	48.1026	48.4902	49.0287	48.7095	47.6014	48.1657	48.4249	48.0051	48.6456	48.924099999999996	47.8871	48.1564	48.4523	47.8493	48.9047	48.5018	48.1008	48.431200000000004	48.2757	47.686099999999996	48.7725	48.4425	47.9221	47.803200000000004	48.856899999999996	47.693000000000005	48.5856	48.3639	47.8478	48.2164	48.6751	47.8559	49.0662	49.2269	48.058499999999995	48.8151	48.6201	48.1954	48.2207	48.542	48.511500000000005	49.7902	49.158	48.6022	48.403400000000005	49.1877	48.3927	48.978500000000004	49.086999999999996	49.4198	48.9845	49.3166	48.5238	48.5873	49.7892	49.2121	49.5413	49.4919	48.8122	49.6385	49.7594	49.3556	49.8685	50.0682	49.6468	50.550799999999995	50.1896	49.4225	50.2273	51.329	50.3449	50.8765	51.66460000000001	49.8032	51.45380000000001	52.14640000000001	49.9429	50.9142	51.4502	50.726000000000006	52.1938	52.0934	51.1969	51.88739999999999	52.162	51.509899999999995	51.5039	52.9729	52.2011	52.2838	52.515100000000004	52.1629	53.0294	53.3814	53.3941	52.984500000000004	53.557900000000004	53.8426	54.5142	54.6899	53.053799999999995	53.4728	52.8186	53.51010000000001
Hte-ATic_019-Ex1-cssl	71.2139	51.917500000000004	53.0284	54.4722	55.142599999999995	53.5934	54.1139	55.959	54.648799999999994	54.590799999999994	59.4556	59.144	58.7502	57.81309999999999	56.997699999999995	57.8427	57.2665	56.08	57.2704	57.1439	56.2865	57.1482	57.2466	55.134899999999995	57.08	57.08	56.678700000000006	57.1053	57.275	55.860699999999994	56.895799999999994	57.206199999999995	56.30270000000001	56.8436	57.3195	56.19539999999999	57.2485	57.658100000000005	56.6962	56.4014	56.9778	55.6865	57.587500000000006	56.836	56.095600000000005	56.749700000000004	56.9829	56.220000000000006	56.7434	57.2319	55.779199999999996	57.3198	57.20269999999999	56.3849	56.702200000000005	57.0446	56.793499999999995	56.793899999999994	57.2075	56.732800000000005	57.211999999999996	57.2705	55.8535	57.5032	56.8403	55.5794	56.930800000000005	56.7778	56.0779	56.4459	57.6104	55.9009	57.2534	57.0728	56.483399999999996	57.185900000000004	56.800799999999995	56.1567	57.05050000000001	57.4062	56.4656	56.9076	57.549499999999995	56.2418	57.533	56.7735	56.1885	57.338100000000004	57.027300000000004	56.682100000000005	57.362	57.4216	56.672599999999996	56.9724	57.930499999999995	56.86639999999999	57.3307	57.3592	57.3389	57.328500000000005	57.309	57.103	57.9176	57.418499999999995	56.850100000000005	58.555800000000005	57.572199999999995	57.362500000000004	58.152300000000004	57.964499999999994	57.1866	58.647800000000004	58.0146	56.9862	57.4418	58.390299999999996	57.287600000000005	58.058	58.248200000000004	57.033100000000005	58.6688	58.477999999999994	57.4604	58.2871	58.0892	57.31119999999999	59.016400000000004	59.127700000000004	57.78489999999999	58.701	58.5325	57.865100000000005	59.635400000000004	58.276700000000005	57.621	59.108000000000004	58.6429	57.6097	58.8957	59.2545	58.336299999999994	59.4635	58.5538	58.013000000000005	59.721500000000006	59.5399	58.768299999999996	59.1311	59.3226	59.1546
Hte-ATic_020-Ex1-cssl	69.4103	50.651900000000005	51.4539	52.1537	52.884299999999996	51.33839999999999	51.830200000000005	53.345699999999994	53.0869	52.4107	57.0219	56.5241	56.6836	55.1392	55.0736	55.320499999999996	55.4982	54.2633	55.1732	55.312	54.542500000000004	55.24210000000001	54.9172	53.9339	54.969100000000005	54.7354	54.0512	55.0424	55.0736	54.5961	55.3057	54.64639999999999	54.31009999999999	55.1395	55.0913	54.0323	55.0535	55.288000000000004	54.2668	55.3308	54.711299999999994	53.91160000000001	55.2442	54.454100000000004	54.3301	54.722899999999996	54.6788	53.715599999999995	55.617000000000004	54.4678	54.1462	55.2984	55.0137	54.248200000000004	54.811299999999996	54.498599999999996	53.776	55.2837	54.9975	54.0486	54.8833	54.6886	53.947199999999995	54.7423	54.492799999999995	53.94799999999999	54.625299999999996	54.8743	54.623999999999995	54.835699999999996	54.907700000000006	54.118500000000004	54.89849999999999	55.64170000000001	53.4655	55.1045	55.2639	54.33519999999999	55.1432	55.2428	54.53980000000001	54.9686	54.910199999999996	53.942299999999996	55.406200000000005	55.1863	54.24529999999999	55.0761	55.239799999999995	54.607099999999996	55.620400000000004	55.5031	54.4991	55.5578	55.5492	54.6036	55.4076	54.8817	54.8068	56.2126	55.761799999999994	54.4119	55.8191	55.9183	55.24790000000001	56.23669999999999	55.9412	54.9573	55.778099999999995	56.291999999999994	55.72279999999999	56.566700000000004	56.5555	55.388000000000005	56.363	56.999	55.560500000000005	56.782	56.098800000000004	55.9226	57.1048	56.6741	56.1563	57.324299999999994	57.25599999999999	55.9473	57.3294	57.8349	56.5426	57.1248	58.0318	56.2222	57.072900000000004	57.8376	57.3951	57.8836	57.610099999999996	56.711800000000004	58.1809	57.3415	57.4689	58.4588	57.7986	57.105399999999996	57.843500000000006	57.2837	57.2438	58.181700000000006	58.112399999999994	57.165699999999994
Hte-ATic_021-Ex1-cssl	60.648199999999996	41.1622	45.0857	43.6581	44.6883	42.936800000000005	42.553999999999995	43.971	44.6685	43.0826	48.1498	47.7121	47.2149	46.435500000000005	46.022400000000005	45.62	46.5326	46.487	46.1482	46.5308	46.6216	45.954	45.6707	45.6109	46.4392	45.8857	45.3916	46.2994	46.5926	46.1902	45.981300000000005	46.265699999999995	46.1371	45.8512	46.321600000000004	46.022200000000005	46.3782	45.7594	45.208	46.1757	46.1148	45.955200000000005	46.2354	46.2629	46.2166	45.9461	45.7816	46.392	46.1791	46.0259	46.0857	46.098299999999995	46.0804	46.136500000000005	46.1806	45.7809	45.974399999999996	45.4242	46.1469	45.520300000000006	46.1721	45.8422	45.8284	45.548	46.3313	45.4302	45.9165	45.9249	46.0447	45.996500000000005	46.2106	45.7398	45.9339	45.8454	45.7354	46.657900000000005	46.061	45.891799999999996	45.9431	46.1486	45.9887	45.895	46.3832	46.7095	45.8986	46.6751	45.9283	46.0736	46.1165	45.9497	46.22	46.5112	45.9104	46.354600000000005	47.143299999999996	46.1124	46.285199999999996	47.237899999999996	46.5593	47.1051	46.882200000000005	46.61	46.960800000000006	47.2077	47.1353	46.968900000000005	47.1501	47.1619	46.870200000000004	48.3982	47.4741	47.8183	48.4202	47.4401	47.910799999999995	48.045100000000005	47.9471	48.0556	47.7364	47.922799999999995	48.288799999999995	48.8677	47.8125	48.9422	48.1045	48.7622	48.9943	49.0124	48.9374	50.3819	51.275999999999996	49.6636	49.8642	49.8279	49.481700000000004	51.1661	51.7091	50.3914	49.7758	51.383599999999994	50.6768	50.7723	51.8747	51.56420000000001	51.3338	51.6888	51.3098	52.2513	52.071	52.16420000000001
Hte-ATic_022-Ex1-cssl	67.16290000000001	49.4046	50.9966	51.1181	52.1933	50.428799999999995	49.3048	51.7219	52.4042	50.4155	55.886100000000006	54.9906	55.1951	54.3811	53.1794	53.8052	53.1967	53.9767	53.812400000000004	54.540200000000006	53.7068	53.209700000000005	53.61129999999999	52.6833	54.215500000000006	54.0358	52.69540000000001	53.2149	53.7815	53.0631	53.2933	53.5107	52.9448	54.029799999999994	53.661	53.386599999999994	53.368300000000005	53.5844	53.281	53.25020000000001	54.0041	53.07770000000001	53.780499999999996	53.81320000000001	52.4705	53.356300000000005	53.82749999999999	53.6131	53.860600000000005	53.423500000000004	52.8019	53.6489	53.603500000000004	53.489399999999996	53.01630000000001	53.682900000000004	53.0968	53.1629	53.8065	53.2377	53.6381	53.7522	53.22789999999999	53.9605	53.96300000000001	53.635	53.49040000000001	53.7829	53.540200000000006	53.628600000000006	53.6563	53.2614	54.455600000000004	53.916	52.5453	53.6153	54.040299999999995	52.7162	54.3562	53.4443	53.5098	53.448499999999996	53.738699999999994	53.5091	54.071400000000004	53.833	53.39620000000001	53.8921	54.4426	53.7235	53.7791	53.9684	53.3403	54.2791	54.6103	53.955799999999996	54.809	54.73329999999999	54.23909999999999	54.63869999999999	54.6865	54.2932	53.7263	54.6102	55.1285	55.03	55.699	54.0996	54.613299999999995	55.6833	54.484100000000005	55.6941	55.533100000000005	54.588300000000004	54.898	56.754599999999996	54.748	56.315000000000005	56.652899999999995	55.1852	56.5616	56.6636	55.4474	56.838699999999996	56.63589999999999	56.096900000000005	56.339600000000004	56.6438	56.387299999999996	55.9641	57.3254	55.930800000000005	56.73780000000001	56.776	57.011	57.6345	57.870999999999995	56.867900000000006	57.572199999999995	57.432700000000004	58.3936	57.507299999999994	57.416999999999994	57.4696	57.5951	59.1348	57.226	58.8524	58.5017	57.42850000000001
Hte-ATic_023-Ex1-cssl	67.4192	49.2792	50.5	50.407000000000004	51.1054	49.858599999999996	48.7484	51.175000000000004	51.3273	49.2584	55.479299999999995	54.8474	54.213	53.2835	52.6519	52.96999999999999	53.2263	52.1139	52.9011	53.7913	52.635200000000005	52.7084	53.50899999999999	52.2358	52.8389	53.656499999999994	51.77460000000001	52.2679	53.071	51.535399999999996	52.6304	53.02719999999999	52.3093	52.9212	53.469199999999994	52.6639	53.137	52.963899999999995	51.8092	52.7354	52.855700000000006	52.085	52.5947	52.875499999999995	51.441199999999995	53.1476	53.044999999999995	52.23	52.6792	52.793800000000005	51.9597	52.695499999999996	52.294799999999995	51.8844	52.4708	53.0798	52.406	52.9656	53.105999999999995	51.9553	52.625299999999996	52.613600000000005	52.6115	52.6173	52.829499999999996	52.2872	52.715199999999996	53.0885	51.597899999999996	52.3112	53.2359	52.6438	52.426300000000005	52.6784	51.573	53.432900000000004	52.970600000000005	52.472300000000004	52.8644	53.1376	52.127900000000004	52.6307	53.583999999999996	52.7757	52.964800000000004	53.94219999999999	52.288199999999996	52.3011	53.846799999999995	51.9544	52.837900000000005	53.366400000000006	52.214499999999994	53.3623	53.527499999999996	52.3599	53.1601	54.5171	52.882	53.6068	53.954299999999996	52.9872	53.53059999999999	54.0368	53.20399999999999	52.9473	54.233	53.5262	53.59	53.8227	52.9582	53.9686	53.938900000000004	53.083400000000005	54.4122	54.43130000000001	53.621399999999994	54.2099	54.4225	53.9431	54.567299999999996	54.8382	53.7678	54.0702	55.345299999999995	53.5549	55.4416	55.01350000000001	54.2148	55.2789	55.2991	54.211299999999994	55.22089999999999	55.8221	54.431700000000006	55.33749999999999	55.2472	54.6292	56.090799999999994	56.260200000000005	55.549400000000006	55.588899999999995	56.18450000000001	55.909600000000005	55.6928	56.049499999999995	55.594699999999996	55.8993	56.5029	56.071099999999994
Hte-ATic_024-Ex1-cssl	67.5501	48.3696	49.576	50.6544	50.91139999999999	48.9542	48.6135	51.2445	50.6092	49.628	54.975300000000004	54.5784	53.7618	53.86879999999999	53.0995	52.7321	52.90390000000001	52.2424	53.6664	53.1547	51.9713	53.1462	52.6951	51.5385	51.7858	52.4652	51.3195	51.8358	52.4983	51.27739999999999	51.897999999999996	52.9597	51.5962	52.6451	52.8612	52.3286	52.3704	52.647600000000004	51.7003	52.184200000000004	52.990300000000005	51.688900000000004	52.4142	52.6957	52.7	52.4301	53.27420000000001	52.317800000000005	52.9229	52.1416	51.970000000000006	52.3234	52.407199999999996	52.1807	52.418699999999994	53.0216	52.4309	51.9784	53.0351	51.5331	52.404300000000006	53.018100000000004	51.917699999999996	52.5021	52.989	51.8143	52.915800000000004	52.223699999999994	52.2061	52.4108	52.8473	52.6039	52.75149999999999	52.6912	51.7742	52.9324	52.8011	52.438700000000004	52.8546	52.7224	52.24680000000001	52.822199999999995	53.5524	52.3271	53.0196	53.3204	52.314499999999995	52.35419999999999	53.1188	52.4611	53.2802	53.2729	52.8278	52.812099999999994	53.80160000000001	52.452799999999996	54.4818	54.471599999999995	52.762100000000004	53.7571	54.3794	53.2786	53.0889	54.2258	53.149100000000004	53.553200000000004	54.7176	53.200199999999995	54.0029	54.8578	52.89620000000001	54.2042	54.3315	53.343799999999995	54.703500000000005	54.171899999999994	53.784	55.1861	53.8656	54.8519	55.9843	55.313100000000006	54.0636	54.470200000000006	55.027300000000004	54.0606	54.967299999999994	55.3202	54.0156	55.1083	56.0291	55.5978	56.562400000000004	56.394299999999994	54.745	56.314299999999996	56.113800000000005	54.9686	55.72319999999999	56.0295	54.9733	56.1309	56.116699999999994	56.7509	56.7673	57.1502	56.229099999999995	56.9014	55.950500000000005	56.842999999999996
Hte-ATic_025-Ex1-cssl	68.2518	51.7518	51.5097	53.404799999999994	53.8331	51.7833	51.8017	53.536899999999996	53.0751	51.523799999999994	57.184000000000005	56.647099999999995	56.2816	54.7856	54.3759	55.1689	56.1387	54.676199999999994	55.1712	55.3334	54.655699999999996	54.642900000000004	54.661	53.645900000000005	55.1322	55.3087	53.9455	55.0122	55.50000000000001	54.2431	54.88269999999999	54.998599999999996	54.0597	54.799699999999994	55.3219	54.080099999999995	54.41740000000001	54.5628	54.2772	54.1285	55.22240000000001	53.593999999999994	54.644099999999995	55.409	54.657999999999994	53.8578	54.87649999999999	54.420199999999994	54.567600000000006	55.1423	54.2293	54.9481	55.549499999999995	53.723299999999995	54.581500000000005	54.848600000000005	53.8965	54.2341	55.3082	54.209799999999994	54.2609	55.138600000000004	53.9898	54.305099999999996	55.7004	55.0285	54.590700000000005	55.3778	54.7038	54.47109999999999	55.0203	54.459999999999994	54.576499999999996	55.12049999999999	54.840599999999995	54.822199999999995	55.4666	54.5509	55.1581	55.81700000000001	55.2279	54.3225	55.556000000000004	55.503	54.964800000000004	55.792500000000004	54.982299999999995	55.759899999999995	56.3705	54.65219999999999	55.0189	56.254599999999996	54.85060000000001	55.6078	56.8778	55.3081	55.5311	56.2055	55.5311	56.2812	56.1426	56.194599999999994	55.74400000000001	56.888000000000005	55.496500000000005	55.9521	57.487500000000004	56.4288	56.4778	58.560599999999994	56.8509	57.070100000000004	57.9576	56.9475	57.1724	58.0191	57.7707	57.46639999999999	57.9735	57.2923	57.8062	58.8241	56.7731	58.0474	58.9095	57.151399999999995	57.5104	58.864399999999996	57.8106	58.5311	59.2136	58.208499999999994	57.44970000000001	59.138999999999996	58.769499999999994	57.8971	58.8749	57.8951	59.4724	59.0594	58.184599999999996	59.435	59.439600000000006	58.372	60.1217	60.08409999999999	59.137499999999996	59.827200000000005	60.148500000000006	58.406800000000004
Hte-ATic_026-Ex1-cssl	62.2927	39.9959	43.3988	41.6325	43.4364	42.2792	41.097699999999996	42.5317	43.0128	41.105000000000004	47.5628	46.997499999999995	45.649	44.9904	45.3713	45.1895	45.048500000000004	44.8104	45.1008	45.1484	45.5181	44.6916	44.6336	44.7295	45.048100000000005	44.7913	44.671499999999995	44.5672	44.8611	44.5019	45.1904	44.5316	44.7137	44.3789	45.015899999999995	44.8925	44.6552	44.3401	44.475500000000004	44.6888	45.0071	44.1869	44.507799999999996	44.471	44.4973	44.718599999999995	44.3118	44.3787	44.5402	44.642900000000004	44.9262	44.3538	44.7579	44.5208	44.6635	44.7605	44.6618	44.4147	44.4575	44.9498	45.1331	44.6243	44.4842	44.6777	44.5749	44.9253	44.533699999999996	44.5592	44.5488	44.640299999999996	44.9593	44.5794	44.5852	44.7354	44.767	44.8942	44.6262	44.3399	44.7035	44.758399999999995	45.015699999999995	44.3983	44.6793	44.6468	44.783	44.926700000000004	44.5335	44.5419	44.874700000000004	44.6753	44.9588	44.4961	44.5845	44.737500000000004	44.859500000000004	45.0032	44.7007	44.7098	44.6339	44.9465	45.0548	44.9242	44.4451	44.832699999999996	44.9112	45.0882	44.8598	44.7695	44.9389	45.1313	45.1607	45.0849	44.9975	44.8241	45.0213	45.5111	44.837199999999996	44.8589	44.9617	45.2222	45.259100000000004	44.9608	44.7762	45.2168	45.1269	45.3934	45.0514	44.7408	45.346199999999996	45.1274	45.4401	44.965500000000006	44.7654	45.241	45.2673	45.5959	45.2391	45.213300000000004	44.9776	45.3444	45.4896	45.1417	45.2841	45.1143	45.3839	45.5786	44.9761	45.1597	45.3516	45.2826
Hte-ATic_027-Ex1-cssl	62.241899999999994	41.5593	44.0569	43.682	44.5758	43.278	42.137	44.0226	44.8264	42.6944	49.0083	48.2322	47.0786	46.54	46.5183	46.197	46.6926	46.1949	46.400400000000005	46.0937	46.6623	45.7857	45.9715	45.812999999999995	46.2622	46.0428	45.6685	45.2774	46.4776	45.5069	46.4199	46.1613	46.0999	45.474599999999995	46.5335	45.6762	46.1575	45.7694	45.5472	45.118	46.1584	45.6145	45.909499999999994	46.0917	45.9512	45.5747	45.9096	45.5105	46.3426	45.6663	45.535399999999996	45.5084	45.8642	45.8004	45.8542	45.772200000000005	45.7185	46.061	46.3235	45.7187	46.085100000000004	45.9673	45.8162	45.6392	46.2317	44.95	45.5793	46.0612	46.306799999999996	45.7917	46.4234	45.6875	45.9896	46.1366	46.01	46.0206	46.3834	45.6664	45.8787	46.0042	45.9458	45.1911	46.8876	45.525999999999996	46.2125	46.6143	45.561	46.1507	46.586800000000004	45.7241	46.2773	46.836800000000004	45.919	45.6181	46.83	45.9608	46.4575	46.1655	46.396	46.037099999999995	45.827200000000005	46.2679	46.6682	46.3814	46.8429	46.9746	46.497699999999995	46.5934	46.4548	46.9144	45.6201	46.448499999999996	47.0348	46.7841	47.0715	47.967999999999996	45.922000000000004	45.7135	47.462199999999996	46.5418	46.873599999999996	46.9584	46.6284	47.707899999999995	47.8	47.338	46.4219	47.0942	47.6528	46.4185	47.5845	47.287600000000005	47.2918	47.9385	47.2277	47.4625	48.1472	46.4584	47.145199999999996	48.1286	48.4786	48.6325	47.090900000000005	47.7155	47.7823	49.1805	47.7177	47.795300000000005	49.0365	47.0326
Hte-ATic_029-Ex1-cssl	71.5625	54.0284	53.5964	55.283899999999996	55.677699999999994	54.40970000000001	54.553200000000004	56.3198	55.7845	54.165	59.66160000000001	59.090399999999995	59.117399999999996	58.0618	57.5194	57.3187	58.429500000000004	57.3927	57.956799999999994	58.453	57.3693	57.32509999999999	57.6445	56.204600000000006	56.9848	57.4791	56.9445	57.654399999999995	57.4902	56.2319	57.7387	57.674899999999994	56.7163	56.813599999999994	57.992200000000004	56.7365	57.3588	57.2543	56.7504	57.206	57.964800000000004	55.925599999999996	56.8562	57.62310000000001	57.0862	57.62819999999999	57.808899999999994	57.139399999999995	57.421299999999995	57.6838	56.800700000000006	57.277100000000004	57.6261	56.5924	57.0167	58.0498	56.7052	56.9434	56.8292	57.150400000000005	57.08259999999999	57.914	56.615899999999996	57.4887	57.8844	57.12310000000001	57.4631	58.1198	57.223	57.1083	57.606500000000004	57.317499999999995	57.2121	57.7131	57.2446	58.206100000000006	58.1128	56.92739999999999	57.39300000000001	57.8141	56.737	57.4214	57.950900000000004	56.857	57.5854	58.1531	57.0348	58.0893	58.175	57.084900000000005	57.6052	58.5411	57.226699999999994	57.921	57.882	57.2206	58.0373	57.8035	56.5453	58.679	58.3351	57.5487	58.361700000000006	58.70570000000001	57.727799999999995	58.67059999999999	59.468900000000005	58.28	58.328199999999995	59.6438	57.5579	58.919900000000005	59.381499999999996	56.8354	58.4887	59.7622	58.4677	58.937200000000004	59.170199999999994	58.012	59.76709999999999	58.55010000000001	58.4333	59.572199999999995	59.499100000000006	58.5988	59.0998	59.7872	57.7943	58.915099999999995	59.4072	59.8116	59.128499999999995	60.2503	59.266799999999996	60.1464	60.6277	59.2944	60.38249999999999	59.8309	59.5517	59.167199999999994	61.1484	59.3052	61.317299999999996	60.3295	59.1598	60.7452	60.6031	59.979800000000004
Hte-ATic_030-Ex1-cssl	63.83219999999999	44.967	45.9563	46.3915	47.3909	46.070699999999995	45.8105	47.5598	47.1138	45.8198	51.3155	50.826800000000006	50.1995	49.600100000000005	49.0474	49.1166	49.3477	48.667100000000005	49.168800000000005	49.3521	48.673899999999996	49.094	49.0854	48.1444	48.9089	48.8481	48.3528	48.939	48.809599999999996	48.5473	49.0121	49.1401	48.577799999999996	48.9282	49.1047	48.292699999999996	49.1597	48.9699	48.3437	48.9528	49.26	48.5075	48.9416	49.0022	48.3037	48.9205	48.9982	48.3724	48.8221	49.0786	48.3217	48.8981	48.9535	48.13	48.9692	49.0885	48.463699999999996	48.8548	49.411899999999996	48.3224	49.1295	49.0407	48.349599999999995	49.0454	48.8055	48.3814	48.9067	49.1504	48.472300000000004	48.6939	48.8814	48.2233	49.1158	49.0685	48.507400000000004	48.9692	48.9425	48.5352	49.186	49.0593	48.633500000000005	49.072500000000005	48.978899999999996	48.634699999999995	49.330200000000005	49.0617	48.6326	49.1626	49.396	48.476200000000006	49.2652	49.318200000000004	48.8097	49.4566	49.6927	49.024	49.5928	49.5643	48.9611	49.940400000000004	49.5632	49.3994	49.871300000000005	49.9135	49.611	49.985800000000005	50.5235	49.728699999999996	50.2401	50.3732	49.6922	50.255399999999995	50.50599999999999	49.8695	50.5757	50.7559	49.684	50.5618	50.7748	50.1911	50.839999999999996	50.844	50.4833	51.5898	51.0768	50.7401	51.6321	51.366299999999995	50.712599999999995	51.237100000000005	51.7526	51.0119	51.512899999999995	51.9046	51.36110000000001	51.7201	52.120599999999996	51.3772	52.2624	52.077	51.5192	52.048300000000005	52.3526	51.842299999999994	52.3684	52.7149	51.7239	52.639199999999995	53.14149999999999	52.5784
Hte-ATic_031-Ex1-cssl	66.5916	46.7746	48.5579	48.1901	49.738	48.1159	47.1791	50.5808	50.35079999999999	47.9677	53.8163	53.7024	52.503299999999996	52.4118	51.627500000000005	51.3486	52.171800000000005	51.192499999999995	51.852	52.0467	51.149699999999996	51.85039999999999	50.8632	50.9757	51.305299999999995	51.3737	50.5162	51.62	51.0544	51.119800000000005	51.365899999999996	51.5948	50.9559	51.53640000000001	51.5282	50.705299999999994	52.2115	51.207	50.6772	50.8921	51.50979999999999	50.5202	51.7061	51.737100000000005	51.3582	50.934400000000004	51.2268	50.868100000000005	52.1024	50.840700000000005	50.780899999999995	51.853899999999996	51.259299999999996	50.787400000000005	51.7416	51.0605	51.2023	51.360499999999995	51.849599999999995	50.62330000000001	52.254900000000006	51.590199999999996	50.6113	51.446400000000004	51.1676	50.769600000000004	50.9257	51.0535	51.112100000000005	51.3699	51.3845	50.682700000000004	51.84910000000001	51.1718	50.876999999999995	51.371500000000005	51.676100000000005	51.438300000000005	51.8157	51.458999999999996	50.947900000000004	51.197	51.521499999999996	50.9731	51.242399999999996	51.4963	50.810100000000006	51.77270000000001	51.849000000000004	51.1081	51.8147	51.1697	50.9471	51.94990000000001	52.038399999999996	49.925399999999996	51.0365	52.2497	51.308299999999996	52.1856	51.9629	51.0576	51.487300000000005	51.9463	51.364900000000006	51.277499999999996	51.483599999999996	51.148700000000005	51.821799999999996	52.2206	50.6605	52.0428	52.4535	51.287099999999995	51.734500000000004	52.384299999999996	51.461999999999996	52.248000000000005	52.1058	52.0733	52.6083	51.8262	51.194799999999994	51.400400000000005	52.1193	51.065099999999994	51.6514	52.6436	51.183	52.2636	52.3301	51.7377	51.9356	52.081500000000005	52.1322	51.72130000000001	52.554100000000005	51.4736	52.2872	51.056000000000004	51.113699999999994	52.3976	51.851	50.7526	52.020599999999995	50.991	51.5165	51.4255	52.2128	51.175000000000004
Hte-ATic_032-Ex1-cssl	67.7727	49.3037	50.830200000000005	50.991299999999995	52.6299	50.253499999999995	49.8997	52.2782	52.231399999999994	50.804899999999996	56.3533	55.873	55.0809	54.264100000000006	53.325100000000006	53.47	54.5635	53.8902	53.7725	54.419399999999996	54.3666	53.6274	53.8474	53.674200000000006	53.7829	53.6223	52.603699999999996	53.876400000000004	53.733	52.1869	53.409099999999995	54.313599999999994	52.6927	53.6105	54.23949999999999	53.5833	53.3367	53.3149	52.9783	53.431200000000004	53.3292	52.7509	53.2667	53.7126	52.40899999999999	53.3691	53.4084	53.2652	53.821600000000004	53.7936	53.1398	53.748799999999996	53.5987	53.0265	53.366800000000005	53.530100000000004	52.9204	53.4686	53.6811	53.5582	53.6969	53.900499999999994	52.8091	53.693599999999996	53.4824	52.862500000000004	53.32170000000001	53.724199999999996	54.0266	53.29089999999999	53.9053	53.2446	54.0226	54.3973	52.9588	54.2438	54.1082	52.929899999999996	53.441	54.0094	52.988	53.2719	53.5303	54.0704	54.321299999999994	54.07490000000001	53.6731	54.3523	54.7086	52.9973	54.5529	54.8037	53.213100000000004	54.290499999999994	54.561400000000006	54.137299999999996	54.0026	54.5668	54.268899999999995	54.383199999999995	54.9708	53.5872	54.706900000000005	55.4138	54.1001	54.5794	55.319700000000005	54.92829999999999	55.223299999999995	55.401999999999994	54.2714	55.015499999999996	55.4031	54.153	54.8705	55.245900000000006	54.2551	55.250699999999995	55.258700000000005	55.5203	54.9679	56.4268	55.089200000000005	55.939899999999994	56.055	55.9967	56.0963	56.5435	55.9056	55.9186	56.559000000000005	55.6289	56.3926	57.1506	56.544000000000004	57.062599999999996	57.48910000000001	56.5741	57.317499999999995	56.8456	56.1106	57.59140000000001	57.3978	56.1781	57.459	57.845	56.350500000000004	57.702600000000004	57.5065	56.7447
Hte-ATic_033-Ex1-cssl	69.78569999999999	53.6161	51.884	54.274699999999996	55.883700000000005	53.417899999999996	52.89469999999999	55.2937	55.3417	53.9703	59.23500000000001	57.48029999999999	58.0585	57.3178	56.369800000000005	56.78959999999999	57.74	56.6491	56.778600000000004	56.934	56.6632	56.940400000000004	57.1166	55.0779	56.583000000000006	57.3379	55.669599999999996	56.588300000000004	56.860200000000006	55.606199999999994	56.1626	57.3072	55.7551	55.9854	57.4411	55.3973	57.0061	57.1738	55.2702	56.468399999999995	57.1345	55.457	56.544200000000004	57.3337	55.711200000000005	56.927099999999996	56.887299999999996	55.90110000000001	57.0566	57.28060000000001	55.9677	56.5477	57.1473	55.3404	56.7059	57.1327	56.1597	56.691	56.9264	55.3901	56.6698	57.438900000000004	55.8118	56.1805	57.3472	55.807300000000005	55.988400000000006	56.9667	56.1905	56.7511	57.316199999999995	56.0073	56.433699999999995	57.680299999999995	55.88570000000001	57.56790000000001	57.178200000000004	56.33669999999999	56.2403	57.6688	56.3769	56.43169999999999	57.5187	56.0799	57.443	58.1541	56.6068	56.8493	57.4673	56.7726	57.6035	58.280100000000004	56.708000000000006	56.9744	58.6943	56.5479	57.9743	57.896	57.0566	58.5256	59.142799999999994	56.4854	58.766	58.35320000000001	57.0526	58.0502	58.6722	57.2801	58.088899999999995	59.35850000000001	57.230599999999995	58.2828	60.0805	57.997299999999996	58.2665	59.311800000000005	57.195499999999996	59.61450000000001	60.2569	58.9912	59.677400000000006	59.976	58.384499999999996	59.7988	60.2008	57.9749	59.170500000000004	60.1271	58.4284	58.868900000000004	60.1695	58.304199999999994	59.058299999999996	60.5797	58.1819	60.26519999999999	60.611599999999996	58.6454	59.998200000000004	61.238400000000006	58.4764	58.5929	60.8221	59.0449	60.70759999999999	61.2815	59.9428	59.1743	60.8865	59.853199999999994
Hte-ATic_034-Ex1-cssl	68.6764	50.537699999999994	52.0552	53.39810000000001	53.335100000000004	50.836400000000005	50.9101	53.337999999999994	53.479200000000006	52.245799999999996	56.3712	56.2611	55.916399999999996	55.031200000000005	54.3245	54.817400000000006	54.8543	54.2092	54.3738	55.2904	54.9267	55.2092	54.298	54.2034	55.3836	54.852500000000006	53.293800000000005	55.144099999999995	54.772600000000004	53.9362	54.2005	55.5767	53.781800000000004	54.3857	54.9431	54.40469999999999	54.776	54.9589	54.513400000000004	54.8833	54.214600000000004	53.6196	54.7749	55.413599999999995	54.103	54.8575	55.286	54.9531	55.4098	55.12970000000001	54.140600000000006	54.7227	54.7624	53.59	54.9265	54.4397	54.3999	54.4818	54.4829	54.2758	54.661	55.2635	54.2629	55.009600000000006	55.1876	53.1375	54.374100000000006	54.1813	54.0668	54.691	54.694500000000005	54.3854	55.0525	55.180099999999996	53.639199999999995	55.4735	56.029399999999995	53.8941	55.394	54.981500000000004	54.479299999999995	54.55219999999999	55.0613	54.9631	56.10230000000001	56.0881	54.4666	55.684	55.6291	54.3872	55.41589999999999	55.568	55.0269	55.521	55.8094	55.2875	55.7384	55.2866	55.840199999999996	56.1524	55.683899999999994	55.6501	55.1487	56.342400000000005	54.976400000000005	55.5857	56.2434	56.5593	56.6074	57.020199999999996	55.867	56.1741	56.589999999999996	55.8503	55.9088	57.071000000000005	55.752500000000005	56.2381	57.1212	55.946200000000005	56.9749	57.130700000000004	56.4853	57.8364	56.5526	57.21580000000001	57.253600000000006	58.019	55.9755	57.7941	57.4139	56.9654	57.9647	57.977199999999996	55.862500000000004	56.8001	58.2164	57.6622	58.736900000000006	58.2773	56.4927	57.9959	57.5264	57.2202	58.36789999999999	58.40109999999999	56.3728	58.4353	59.2284	57.700700000000005
Hte-ATic_035-Ex1-cssl	65.5983	46.4875	49.8017	48.666599999999995	48.8979	45.9773	46.251	47.8991	49.0369	46.9277	52.454299999999996	52.119800000000005	51.8349	50.504099999999994	50.5542	50.00940000000001	50.773500000000006	50.5261	50.2008	50.8868	50.541199999999996	50.07939999999999	50.2131	50.007000000000005	51.0201	49.9533	49.4533	50.497899999999994	50.712	49.038	49.9437	50.8784	49.3968	50.0776	50.0288	50.01330000000001	50.8297	49.9981	50.0124	50.023700000000005	50.048	48.9672	50.336400000000005	49.776199999999996	49.4263	50.1317	50.265	50.2081	50.61059999999999	49.4872	50.119	50.271	49.612	49.0007	49.88	49.7218	50.317	49.5646	49.998599999999996	49.8728	50.3455	49.7127	49.7921	50.415699999999994	49.625	48.9019	49.5119	49.310500000000005	50.7567	49.468	49.600300000000004	49.4168	50.218300000000006	50.1931	49.436	50.939800000000005	49.8097	49.8086	50.3138	50.2614	49.7336	50.059	50.1074	50.3197	50.2429	50.571299999999994	50.2193	50.7727	51.0053	49.761300000000006	49.9483	50.936499999999995	50.1763	50.3227	50.8042	50.114999999999995	50.3973	50.619899999999994	50.1169	51.4127	50.4649	50.3695	50.7004	49.850100000000005	49.8367	50.348400000000005	51.253499999999995	50.1873	52.0054	51.5894	51.0378	51.50599999999999	51.1423	50.7586	50.265	51.0284	50.81020000000001	50.768100000000004	51.391	50.612199999999994	51.1471	52.0888	51.223	51.3528	51.3752	51.0217	51.0756	51.412	51.8122	51.9315	52.2089	51.6417	52.6339	52.2898	51.6374	53.0064	53.1763	51.8069	52.2157	52.132	52.196200000000005	52.2932	52.408500000000004	52.6559	53.277699999999996	52.7736	51.754599999999996	53.5946	52.0492	52.910500000000006
Hte-ATic_036-Ex1-cssl	65.3326	46.5663	48.999700000000004	48.1314	49.5556	47.700900000000004	47.761399999999995	49.249500000000005	49.5924	47.6381	52.7245	53.0416	51.8786	50.9045	50.889799999999994	50.9265	51.31529999999999	50.94070000000001	51.108200000000004	51.3727	50.369699999999995	50.951800000000006	51.2609	50.2746	50.980000000000004	50.798	50.316399999999994	50.969699999999996	51.0239	50.7056	51.0769	51.16159999999999	50.424	51.304700000000004	51.257600000000004	50.5918	51.473	51.2504	50.585	51.3819	50.563100000000006	50.2181	51.4517	51.038	50.2911	51.094899999999996	51.4683	50.638099999999994	51.5192	51.092800000000004	51.4472	51.8548	51.2072	50.5934	51.0016	51.4467	50.666900000000005	51.115100000000005	51.3325	49.9632	51.2431	51.1957	50.7887	50.863800000000005	51.0043	50.330200000000005	50.970499999999994	51.7041	50.674699999999994	51.0393	51.438700000000004	50.6109	51.1278	51.2725	50.9193	51.554	51.3174	51.202000000000005	51.0638	51.7244	50.949	51.00710000000001	51.0486	51.179399999999994	51.623	51.22259999999999	50.58859999999999	51.3923	51.8902	51.1985	51.309000000000005	51.689099999999996	51.1605	51.1772	51.5443	51.3382	51.2842	51.477399999999996	50.950300000000006	52.450300000000006	52.067600000000006	51.461999999999996	51.778999999999996	51.8266	51.1139	51.9277	52.5247	51.816399999999994	52.567	52.593900000000005	52.3429	53.291	52.782300000000006	52.052600000000005	53.1767	53.6396	53.156000000000006	52.9424	53.6668	52.5613	53.2992	54.193400000000004	53.6706	53.461400000000005	54.1519	53.879999999999995	53.5956	53.5079	53.7162	54.29429999999999	54.637	53.485499999999995	54.59270000000001	55.1821	53.6058	54.8254	55.956799999999994	53.2772	55.0956	55.5507	54.4056	55.1548	55.042699999999996	54.3854	56.110099999999996	55.6543	54.618199999999995	55.558099999999996	56.314699999999995	55.935599999999994
Hte-ATic_037-Ex1-cssl	67.99929999999999	48.6289	51.227599999999995	50.685100000000006	51.9031	50.440799999999996	49.9356	51.5204	51.6382	50.775000000000006	55.889599999999994	55.298199999999994	55.2357	53.735699999999994	53.9579	53.7118	53.6529	53.3446	53.4074	54.232400000000005	52.9582	53.2995	53.784200000000006	53.3761	54.1841	53.50129999999999	53.1068	53.904700000000005	53.447900000000004	52.9539	53.379	53.50319999999999	52.867799999999995	53.959900000000005	54.201699999999995	53.3876	53.751000000000005	53.80779999999999	52.3205	53.417	53.3879	53.038700000000006	53.7221	53.329800000000006	53.1883	53.4314	52.8451	53.625	53.8056	53.5223	53.6559	54.198299999999996	53.437	52.2992	52.9405	53.9409	53.394	53.0241	53.75790000000001	53.1177	54.0003	53.8537	53.4982	53.367399999999996	53.7725	52.7892	53.3343	53.7008	53.3278	52.9409	53.2585	52.9833	53.717000000000006	52.9053	53.2124	53.3527	53.7409	52.834599999999995	53.818	54.686299999999996	53.4254	52.904300000000006	53.0385	53.20009999999999	53.11559999999999	53.939800000000005	53.30049999999999	53.1775	53.2457	54.4171	53.780499999999996	54.017199999999995	53.6168	53.5411	53.9079	53.4487	54.0891	55.2692	53.286199999999994	54.1679	55.26219999999999	54.235299999999995	53.678000000000004	54.18300000000001	54.0141	54.4291	55.3101	54.616	54.4388	55.3925	54.2258	54.2188	53.900000000000006	53.805400000000006	55.204	54.91239999999999	55.220499999999994	54.3798	55.3642	55.045	55.7746	55.519	54.697700000000005	55.1855	55.4383	54.622099999999996	55.58030000000001	55.2563	54.6686	56.0444	56.9119	56.1107	56.4291	56.1673	55.8903	56.1512	56.062900000000006	56.6285	56.693000000000005	56.2009	56.4504	56.816199999999995	56.5817	56.6843	56.5851	58.175399999999996	56.1079	57.591300000000004	56.54130000000001	54.957100000000004
Hte-ATic_038-Ex1-cssl	62.2608	42.9426	45.4767	44.7465	45.3577	43.3094	43.2196	44.7998	44.902	44.161899999999996	48.679899999999996	48.922	47.8694	47.1086	47.066599999999994	47.0356	46.8624	47.1578	46.9198	47.1696	46.8734	46.842099999999995	46.8937	46.3027	47.0099	46.631	46.4623	47.1379	47.2782	46.3055	47.4289	46.8019	45.9084	47.0423	46.3059	46.3443	46.852700000000006	46.552	46.5863	46.9498	47.5155	45.838699999999996	46.9561	47.233799999999995	46.5107	47.1507	46.5212	46.5036	46.943400000000004	46.7233	46.393	46.929700000000004	47.0295	46.7363	47.17	46.8997	46.828199999999995	46.9859	47.1309	46.1659	47.2126	46.5219	46.679500000000004	46.47	46.2487	46.6744	46.698699999999995	46.4793	46.4146	47.559400000000004	46.3433	46.7384	46.9055	46.827400000000004	46.924	46.9277	46.842600000000004	45.773799999999994	46.604099999999995	47.1505	46.6142	46.9911	46.4464	46.4386	46.7708	47.2961	46.8769	46.913199999999996	46.7981	45.8546	46.573100000000004	48.1623	46.4524	47.1871	47.4	46.494099999999996	46.8301	47.544599999999996	47.369299999999996	47.560599999999994	47.374300000000005	46.9071	47.9426	47.2586	47.7887	48.0875	48.1892	48.192800000000005	49.0272	48.334700000000005	48.178	48.2446	48.700900000000004	48.9806	48.1931	48.8281	48.4983	49.161899999999996	49.1884	48.2674	49.9962	49.4151	49.0394	49.911	50.1003	49.3786	51.095400000000005	51.052200000000006	49.2185	50.56230000000001	50.5475	49.2048	49.9098	51.056000000000004	49.9944	51.3607	51.344699999999996	50.5611	51.4506	50.757799999999996	51.83219999999999	51.6686	52.1242	50.9049	52.2639	51.912400000000005	51.9197	51.68129999999999	52.3381	52.349999999999994
Hte-ATic_039-Ex1-cssl	72.2946	56.0354	54.433600000000006	56.62049999999999	58.233000000000004	56.7179	56.2784	58.805600000000005	57.9365	56.9701	62.747699999999995	61.0974	61.494400000000006	60.969899999999996	58.98989999999999	59.70609999999999	60.4951	58.2419	59.795500000000004	60.1108	58.2718	60.563900000000004	60.2831	58.6108	59.803799999999995	59.452000000000005	58.323899999999995	59.2381	60.2137	58.0924	59.8446	59.9004	58.3647	59.84159999999999	59.86900000000001	58.2794	59.5132	59.256699999999995	58.3408	59.986200000000004	59.890299999999996	58.020799999999994	59.4495	59.70910000000001	58.3429	59.9571	60.1522	58.3846	59.6213	59.7221	58.5681	60.1992	60.1204	58.270599999999995	59.253699999999995	59.702	58.869499999999995	59.4282	59.695600000000006	58.5891	59.7347	59.76630000000001	58.686499999999995	59.575	60.195600000000006	58.5415	59.554700000000004	60.1984	58.7919	59.7242	59.90180000000001	58.494800000000005	59.9599	60.3433	58.9928	59.6415	60.10379999999999	58.357899999999994	59.28099999999999	60.207699999999996	58.918099999999995	59.6863	60.3715	58.387100000000004	59.9645	60.01689999999999	58.9086	59.720099999999995	60.53809999999999	58.6901	59.597199999999994	60.0248	58.5082	59.6176	60.1872	59.240899999999996	59.957800000000006	60.7715	58.8674	60.0471	60.4638	58.492599999999996	60.0286	60.4892	59.357400000000005	60.133700000000005	60.854	58.936699999999995	60.2599	60.9424	59.5125	60.08710000000001	60.643800000000006	59.4927	60.3289	61.102000000000004	60.0022	60.8723	60.9856	60.0329	60.71060000000001	61.2795	59.615300000000005	60.2491	60.9235	59.8379	60.2815	60.5232	60.2982	60.610600000000005	60.853500000000004	59.9715	61.366	60.9062	60.0808	60.701899999999995	61.38439999999999	60.0058	60.795100000000005	61.2674	60.177099999999996	61.224999999999994	61.331	59.658100000000005	60.8221	61.1915	60.072	61.0352	61.7738	60.5904
Hte-ATic_041-Ex1-cssl	58.270599999999995	37.0559	44.323499999999996	41.722500000000004	42.308800000000005	40.2437	40.3646	40.870200000000004	41.754400000000004	40.839	45.0676	44.9396	44.222	43.6718	43.9979	43.3495	43.5854	43.9537	43.9547	44.1762	44.153	44.0978	43.6348	43.9709	44.169599999999996	43.6772	43.6075	44.088300000000004	43.7954	43.6956	43.9555	44.2222	43.8693	43.697599999999994	43.9412	43.9972	43.8681	43.9456	43.8469	44.0903	43.6634	43.8207	43.9559	44.2631	43.6494	44.0497	43.7019	44.3021	44.2817	43.7035	43.9845	44.1055	43.405300000000004	43.744499999999995	43.5013	43.973800000000004	44.0837	43.6067	43.8297	43.9918	44.0107	44.105	43.808	43.583	43.7594	43.430600000000005	43.4946	43.811699999999995	44.041799999999995	43.656299999999995	43.3945	44.0508	43.8565	43.8564	43.832	43.8788	43.7504	43.5168	43.974999999999994	43.8012	43.6246	43.4247	43.4749	43.6649	43.473800000000004	43.714	43.3904	43.8939	43.4428	43.3275	43.270399999999995	43.7237	43.5973	43.6651	43.2792	43.5328	43.1231	43.493300000000005	43.303399999999996	43.6337	43.3667	43.2079	43.317899999999995	43.0077	43.346000000000004	43.135600000000004	43.1253	43.3227	43.4264	43.4286	43.269600000000004	43.2506	43.0317	42.9888	43.1248	42.946400000000004	42.9424	42.6682	43.0629	42.8887	42.9388	42.4924	43.0853	43.0851	42.8943	42.6116	42.7718	42.597699999999996	42.684	42.6166	42.964	42.7584	42.857	43.0118	43.039500000000004	43.151	43.033100000000005	42.5219	42.7167	43.1558	42.4812	43.1235	42.7121	42.544900000000005	43.4703	43.2112	42.308	43.247099999999996	42.983	43.0829
Hte-ATic_044-Ex1-cssl	67.19460000000001	47.5136	49.2612	49.6363	50.1854	48.5563	48.5501	50.6382	50.2668	48.8994	54.6812	53.7037	53.0548	52.022999999999996	52.1306	52.2737	52.468599999999995	51.758700000000005	52.432500000000005	51.9141	51.827	52.0914	51.9316	51.12	52.1811	51.8092	51.4381	51.4435	52.2413	51.0225	52.3296	52.1775	51.437999999999995	52.1774	51.98159999999999	50.9904	52.2463	51.95140000000001	51.75300000000001	51.8513	51.8744	51.500800000000005	52.102599999999995	52.0952	51.77850000000001	51.5759	51.849900000000005	51.829499999999996	52.2324	52.760799999999996	51.1286	52.526399999999995	52.5788	51.5116	52.322500000000005	52.085300000000004	51.72	52.2004	51.981500000000004	51.8799	51.931700000000006	51.9223	51.4424	52.2995	52.3838	51.961	52.201600000000006	52.81400000000001	51.491	52.0948	51.951800000000006	51.5812	52.4253	52.2185	51.4779	51.7464	52.269	51.56230000000001	52.4276	51.700199999999995	51.6628	51.8469	51.6898	51.7815	52.391600000000004	52.2734	51.638799999999996	52.3781	53.0842	52.3819	52.3393	52.6736	51.2637	52.5398	52.256	52.3626	53.2629	52.773	52.703900000000004	52.909099999999995	53.3076	52.7651	52.5636	53.2735	53.012	53.3776	54.224799999999995	52.752900000000004	54.3244	53.6332	53.4688	53.7341	54.393	53.032000000000004	53.2197	54.734899999999996	53.4999	53.6866	54.6859	53.76800000000001	54.7994	55.2303	53.8214	53.7941	54.601	54.0748	54.299200000000006	54.851000000000006	54.216699999999996	54.9469	54.3283	54.4258	55.4287	55.122899999999994	55.2216	56.4041	55.7197	54.735	54.880700000000004	56.633599999999994	54.8809	55.531699999999994	57.0133	55.662299999999995	56.8893	56.9735	55.248799999999996	55.433	56.096199999999996	56.281800000000004
Hte-ATic_045-Ex1-cssl	69.202	52.9057	52.5077	53.369299999999996	55.0366	53.1083	53.12820000000001	54.664100000000005	54.535500000000006	52.7283	57.67679999999999	58.2203	57.279599999999995	56.7332	56.106	55.7828	57.001999999999995	55.993	56.2952	57.0598	55.767199999999995	56.0194	56.6453	55.4535	56.20309999999999	56.22580000000001	55.139	55.5406	56.2755	55.2847	56.1096	56.590799999999994	55.4526	55.5442	56.679199999999994	55.574	55.4392	55.9532	55.7888	55.6103	56.2802	55.626	56.1435	56.505300000000005	55.579100000000004	56.19499999999999	56.496	55.386100000000006	56.141600000000004	56.1007	55.6117	56.3393	56.2909	55.4071	55.363099999999996	56.8416	55.7615	55.9258	56.5292	55.33240000000001	56.304	55.6331	55.366400000000006	55.6939	55.9546	54.9872	56.0386	56.6573	55.799	55.8673	56.821999999999996	55.562	55.4619	56.9681	55.6425	55.6601	56.4434	55.572900000000004	56.1851	56.0185	55.5738	56.157599999999995	56.0305	55.1601	55.8893	56.249300000000005	55.9763	55.8287	57.034600000000005	55.7462	56.714299999999994	56.394800000000004	55.882200000000005	56.6462	56.6483	55.82939999999999	56.4787	56.6953	55.9792	56.041700000000006	56.6209	55.994	56.852199999999996	57.024300000000004	56.284	56.934200000000004	57.04090000000001	56.120099999999994	56.46	56.7314	56.529399999999995	56.826100000000004	56.9815	56.70269999999999	55.953900000000004	57.8437	56.322700000000005	57.4095	57.642	56.9932	57.507	57.282	56.1901	57.025000000000006	57.946299999999994	57.166399999999996	57.133900000000004	57.691199999999995	57.6694	58.0426	58.2588	57.546200000000006	58.0138	57.940400000000004	57.450500000000005	57.98799999999999	57.6948	57.505700000000004	57.5261	58.292500000000004	58.1498	57.701	58.1962	57.4561	58.54859999999999	58.2442	57.5503	57.9028	59.1055	57.81699999999999
Hte-ATic_046-Ex1-cssl	66.4931	47.1073	49.58	49.3194	50.2493	49.0166	48.2979	49.6109	50.191900000000004	48.881	54.2647	54.1941	53.258300000000006	51.9334	51.6438	51.7872	52.1027	52.3786	52.2281	52.0837	51.9136	51.596	51.928700000000006	50.867	51.612100000000005	52.234899999999996	51.2997	51.682399999999994	51.9571	51.3236	51.749199999999995	52.2564	51.0221	51.82299999999999	52.09	51.1946	52.3031	51.5	51.153999999999996	51.9053	52.40129999999999	51.016099999999994	51.4962	51.340799999999994	50.9481	52.1903	52.0904	51.4611	52.52139999999999	51.446099999999994	51.2533	51.4453	51.3497	50.9578	51.4298	51.678000000000004	50.8588	51.225	51.505900000000004	51.2777	51.6355	50.90670000000001	51.06889999999999	51.20289999999999	51.646	51.0115	51.2705	51.4304	51.3652	51.9197	51.4218	51.1745	51.7033	51.6138	51.7019	52.092400000000005	51.726499999999994	50.8448	52.1164	51.6226	51.522	51.5991	51.41630000000001	51.2959	52.25769999999999	51.8676	51.047799999999995	52.0885	51.707499999999996	51.0167	51.290400000000005	51.7543	51.2709	52.0678	52.203500000000005	51.9425	52.22130000000001	51.7723	50.8723	51.881299999999996	52.0822	51.7565	51.990700000000004	52.080400000000004	51.769299999999994	52.668800000000005	52.2366	52.3266	53.1285	53.1532	52.373999999999995	52.7725	52.652699999999996	52.8722	53.044500000000006	53.5551	52.3074	53.0558	52.6953	53.193	53.309200000000004	53.5219	53.9644	53.8485	53.5582	53.201	54.1412	53.837599999999995	53.142900000000004	54.5741	53.8339	53.588899999999995	54.318900000000006	54.195800000000006	54.086999999999996	54.817499999999995	54.8244	54.60810000000001	54.65839999999999	55.4944	54.034400000000005	55.261	54.847199999999994	54.457	55.996500000000005	55.5905	54.4704	55.55799999999999	55.246300000000005	55.54789999999999
Hte-ATic_047-Ex1-cssl	63.968599999999995	43.8118	46.884	45.604099999999995	46.3035	44.133	44.3906	45.634	45.8767	44.9309	50.217	50.5883	48.8091	47.7898	48.3017	48.028999999999996	47.6898	47.6837	48.3122	48.3692	48.5603	48.8373	47.402699999999996	47.1661	47.7727	47.5925	46.9332	47.9673	47.7138	47.8161	47.5165	47.7051	47.3759	48.1847	48.1581	47.0595	48.317	47.763	47.394	48.847	47.9101	47.124500000000005	48.3393	47.8133	47.8233	47.709	47.4645	47.285700000000006	48.0777	47.6128	47.565200000000004	47.8973	47.5852	46.512100000000004	48.146	47.9194	47.4856	47.9501	47.877900000000004	47.563	48.185	48.0981	47.8732	47.932900000000004	47.1312	47.3535	47.6807	47.5422	47.596199999999996	47.3559	47.0099	47.4878	48.140899999999995	47.501599999999996	47.2569	48.101699999999994	48.1023	47.153099999999995	47.3098	48.1796	47.1552	48.1231	47.889199999999995	47.721599999999995	47.3931	47.7315	48.0563	47.7743	48.2936	47.775400000000005	47.849399999999996	47.7761	47.4914	48.728300000000004	47.162	46.9916	48.9076	48.8887	47.4409	48.978300000000004	48.424800000000005	47.8906	49.2749	47.5443	48.044399999999996	48.7618	48.045500000000004	48.1555	49.215900000000005	48.6485	49.302	48.342200000000005	49.2998	48.228	49.6089	48.4811	49.1076	49.7271	49.472	48.943	48.7064	49.4543	48.654199999999996	50.704899999999995	48.928700000000006	49.9086	51.08669999999999	50.2977	50.083999999999996	51.32489999999999	51.09439999999999	49.0601	51.314099999999996	51.44990000000001	49.9825	50.2451	51.0955	49.552099999999996	51.1478	51.9918	51.40860000000001	51.9378	52.5864	51.0831	52.375499999999995	52.989799999999995	50.50130000000001	51.3551	52.8988	51.174200000000006
Hte-ATic_048-Ex1-cssl	65.8242	47.5281	48.8335	49.0093	50.2478	47.8879	48.1227	49.4572	49.321	48.0297	53.6375	53.2975	52.6748	52.1637	51.8107	50.752399999999994	51.4645	50.9932	51.4824	51.7528	51.2488	50.928399999999996	51.53680000000001	50.8954	51.017999999999994	51.129400000000004	50.478699999999996	51.498999999999995	52.1755	50.8714	51.897999999999996	51.549299999999995	50.7329	51.368100000000005	51.3863	50.766	51.4127	51.2038	50.89280000000001	51.0505	51.5463	50.865700000000004	50.9381	51.4968	50.5394	51.4555	50.952200000000005	50.455600000000004	50.9819	51.0641	50.35079999999999	51.30050000000001	51.4779	51.13290000000001	52.0635	51.503	51.1244	51.1169	51.3582	51.121399999999994	50.9838	51.5717	50.839	51.5841	51.4617	50.6251	51.0104	51.8405	51.5165	50.5737	52.1073	51.0196	51.28	51.6231	50.558499999999995	51.9564	51.5456	50.7143	51.0993	51.4395	51.4834	51.576299999999996	52.376900000000006	51.28359999999999	52.412800000000004	51.46469999999999	51.209	52.256800000000005	51.559	51.7315	51.6917	51.4454	51.7151	52.63250000000001	52.0259	51.6389	52.8523	51.8281	51.8579	52.19669999999999	53.0305	51.60829999999999	53.1242	52.717000000000006	52.3566	53.0946	52.74870000000001	52.8465	52.8503	52.757299999999994	53.357200000000006	54.057599999999994	53.61860000000001	52.93750000000001	53.92829999999999	53.7361	53.666599999999995	54.041399999999996	54.3871	53.9243	54.3638	54.789100000000005	53.691500000000005	55.0515	54.4588	55.03320000000001	54.7415	55.1646	54.36450000000001	54.8043	54.947	54.503	55.8022	55.196999999999996	53.920199999999994	54.5828	56.406	55.4405	56.11429999999999	55.856399999999994	54.794399999999996	55.9574	55.992799999999995	54.7501	55.9605	55.962900000000005	55.2129	56.2273	56.96639999999999	56.0089
Hte-ATic_049-Ex1-cssl	63.3122	43.0298	46.5968	44.8196	45.8881	43.520199999999996	43.372899999999994	44.9826	45.3614	43.996	48.8345	48.6372	48.823499999999996	47.2983	47.3223	47.2233	47.188	47.0165	47.2879	47.680299999999995	47.5596	47.312	46.570499999999996	47.1242	47.1683	46.7914	46.465	47.188	47.4591	45.9537	46.8776	46.8551	47.130100000000006	47.153600000000004	47.113699999999994	46.8393	46.4743	46.7309	46.4889	47.2505	46.7601	46.1864	46.3551	47.229	46.6467	46.1287	46.7963	46.8115	47.077000000000005	46.5783	46.6361	47.0194	47.0523	45.9558	46.6372	46.8981	46.6172	46.343	46.81	46.876400000000004	46.6621	46.6957	46.374300000000005	47.3296	46.9371	46.4424	46.5476	47.1398	46.816	46.7022	47.0151	46.8788	46.848600000000005	46.813900000000004	46.5674	47.2106	46.5753	46.8658	47.0028	47.7144	47.208	47.044999999999995	46.7865	47.2172	47.0616	47.2481	47.4354	48.240899999999996	47.6828	47.3055	47.3903	47.8041	47.2305	47.7325	47.2736	47.497	48.268499999999996	47.789500000000004	47.752	48.1721	48.2152	47.3574	48.4125	47.8725	47.1188	48.6216	48.5624	48.1338	49.513600000000004	49.3619	48.6985	49.273	49.1706	48.9254	48.9496	49.1948	49.0366	49.0438	50.0486	50.0273	49.952000000000005	50.1542	49.3659	51.0076	49.8739	50.216899999999995	50.4102	50.8382	50.0547	49.967099999999995	51.432500000000005	50.9351	51.842699999999994	50.873900000000006	51.267700000000005	51.9896	52.3794	51.885000000000005	51.580000000000005	52.2191	52.7641	52.3991	51.8907	51.9995	52.9647	54.0328	52.1274	53.551700000000004	53.8401	52.855700000000006
Hte-ATic_050-Ex1-cssl	60.1946	40.097100000000005	43.7179	41.6041	42.8885	40.836600000000004	40.8571	41.6343	42.374	41.6097	46.0689	45.3135	45.1549	44.1322	44.1743	44.1992	44.5289	44.6089	44.419599999999996	44.2876	44.4783	44.696799999999996	44.3263	43.9971	44.0174	44.267	43.9174	43.9155	44.4202	43.9781	44.0712	44.333	44.4132	43.8898	44.324999999999996	44.1306	44.069199999999995	44.511	43.9692	43.9698	44.0805	43.931	44.3567	44.1989	44.14	44.2145	43.904700000000005	44.4494	44.1988	44.028600000000004	44.534400000000005	44.266299999999994	44.1783	43.7712	43.676700000000004	44.0839	43.7667	44.1102	44.3346	43.832	44.0257	43.9848	43.8769	43.9304	44.512800000000006	43.980999999999995	44.2175	44.161	43.9208	44.091	44.118	43.9401	44.0952	43.9449	44.2451	44.362899999999996	44.2221	43.4585	44.3984	43.5435	43.8642	43.909	43.839600000000004	43.8739	44.2693	43.84	44.4206	44.2406	44.3945	43.69	44.1538	44.451	44.2284	44.1181	44.5537	44.1235	44.6423	44.4893	43.8625	44.3348	44.1693	43.845600000000005	44.2218	44.1924	44.1169	44.0305	45.4152	44.3784	45.0785	44.624399999999994	44.6592	45.2034	45.2746	43.906	45.279	45.5546	44.7201	44.8024	45.5385	44.9383	45.9661	44.9946	45.6682	46.4015	46.0238	45.8262	44.8811	45.9392	45.6253	45.697500000000005	46.194	45.854099999999995	46.4586	48.1973	47.2873	46.684599999999996	48.0635	46.4788	47.672	48.2595	47.791	48.4097	47.184	46.8384	48.1911	48.626000000000005	46.890100000000004	48.0664	49.5208	47.063500000000005
Hte-ATic_051-Ex1-cssl	62.1656	38.9921	43.215399999999995	42.303200000000004	42.5356	40.7838	40.4966	41.6387	42.1757	40.9273	46.2759	45.614	45.0456	43.9097	44.146	43.7972	44.1467	44.1083	44.1361	44.4197	44.4896	44.1889	43.765100000000004	43.703399999999995	43.938700000000004	43.4884	43.4235	44.135200000000005	44.1083	43.7757	43.905100000000004	44.0841	43.7519	44.0574	43.9769	43.597	44.1166	43.520399999999995	43.7678	43.9707	44.0015	43.64	44.042500000000004	43.8378	43.7261	43.986999999999995	43.895	43.7863	44.1768	43.7795	43.5712	43.831399999999995	44.0581	43.3554	43.7108	43.7628	43.666700000000006	43.7043	43.7953	43.5393	43.980799999999995	43.6959	43.6124	44.249	43.8659	43.6528	43.689299999999996	43.990899999999996	43.839099999999995	43.7672	43.6882	43.912600000000005	43.9148	43.6457	43.64	43.9989	44.0424	43.614999999999995	44.128699999999995	43.994299999999996	43.8996	43.8632	43.823299999999996	44.1515	43.9069	44.290400000000005	43.652	44.2635	44.0653	43.6813	43.911	44.2824	43.9218	44.3502	44.174	44.0197	44.166	44.3977	44.1376	44.6333	44.3544	44.337900000000005	44.426500000000004	44.4732	44.0558	44.5175	44.7504	44.8242	44.9565	44.9664	44.8429	45.0262	45.204899999999995	44.9822	44.947900000000004	45.162200000000006	44.806200000000004	45.3285	45.6589	44.973400000000005	45.7563	45.1822	45.3744	45.7136	45.7698	45.3699	46.0761	45.5064	45.3425	46.6425	45.8307	46.048899999999996	47.016999999999996	46.437	46.0468	46.7382	46.9052	46.1695	46.975699999999996	47.2168	46.5136	47.6494	47.4018	47.0405	47.532000000000004	47.5799	47.2444	48.272999999999996	48.0665	47.6352
Hte-ATic_054-Ex1-cssl	71.2495	53.5044	54.083099999999995	54.757	55.9435	54.112899999999996	54.4583	56.81079999999999	56.3681	53.884	59.79259999999999	59.0431	59.3029	58.207	57.6194	56.8033	57.8644	57.2443	57.7121	57.6402	57.4156	58.03359999999999	57.542899999999996	56.955999999999996	57.19649999999999	57.918000000000006	56.8287	57.1855	57.996	56.3729	57.165	57.483700000000006	56.8297	57.3547	57.67719999999999	56.621	57.4319	57.669599999999996	56.804500000000004	57.0665	57.3076	56.7002	56.983799999999995	57.298700000000004	57.176300000000005	57.294	57.83669999999999	57.0874	57.301500000000004	57.3642	56.4658	57.567800000000005	57.5968	56.3397	57.54939999999999	57.0435	56.4978	57.6751	57.84	57.200300000000006	57.4766	57.8073	56.62239999999999	57.727799999999995	57.23780000000001	56.3613	57.29070000000001	57.424600000000005	56.8947	57.292500000000004	57.6498	57.033100000000005	57.3491	56.942499999999995	57.046600000000005	57.955999999999996	57.32620000000001	56.681400000000004	57.9491	57.567	57.03	57.207300000000004	57.146300000000004	56.954899999999995	57.821	57.371399999999994	57.6069	57.6758	58.40880000000001	57.2586	57.3287	58.1112	57.830099999999995	58.109500000000004	58.202299999999994	56.9326	57.1447	58.491499999999995	56.44519999999999	58.093300000000006	57.855199999999996	57.6577	58.0916	57.972	57.861399999999996	58.152800000000006	58.4464	57.440000000000005	58.284400000000005	58.869899999999994	57.9256	57.8657	58.3827	57.6843	58.532799999999995	59.011	58.5877	59.10490000000001	59.0709	58.08990000000001	58.5927	59.2817	58.95740000000001	58.6314	59.0967	58.4869	58.165	59.19370000000001	58.1681	58.7665	59.11880000000001	58.7978	59.2549	59.5413	58.7031	59.1334	59.8424	59.0494	59.5492	60.2991	58.4025	59.7854	60.134699999999995	58.395799999999994	60.3136	60.4808	59.6156	60.0355	60.6495	59.3562
Hte-ATic_055-Ex1-cssl	67.9995	49.7202	50.9673	51.031800000000004	51.972300000000004	50.465199999999996	50.38249999999999	52.068599999999996	52.364999999999995	50.3924	55.4967	55.4199	54.69349999999999	54.3355	53.05069999999999	53.7409	54.2748	53.5645	53.5294	54.6428	53.20740000000001	53.8088	53.8644	53.2413	53.6778	53.8968	52.63640000000001	53.905	53.8732	52.57619999999999	53.8798	54.7887	53.005199999999995	53.9308	54.407799999999995	52.7972	53.6708	54.1222	52.98159999999999	53.712700000000005	53.9526	53.075	53.103	53.932599999999994	53.61939999999999	53.454800000000006	53.7457	52.8408	54.2389	53.948499999999996	53.6706	53.37070000000001	54.196	53.2385	53.2536	54.0188	53.269800000000004	53.6276	53.902899999999995	53.3245	53.571400000000004	53.3559	53.7771	53.7654	53.725699999999996	53.12050000000001	53.907700000000006	53.5242	53.4703	53.2609	53.225500000000004	52.8699	53.877399999999994	53.8778	53.5137	53.627199999999995	54.174	53.0984	53.21939999999999	53.8324	52.8007	53.4723	53.8513	53.2575	53.7903	53.8878	53.4224	54.0766	54.178000000000004	53.5745	53.3694	54.30199999999999	53.2065	54.3863	54.0659	53.8354	54.443	54.374100000000006	53.7269	54.671899999999994	54.947199999999995	54.0818	54.4273	54.5577	53.7224	54.4902	55.0176	55.0783	54.713699999999996	55.4156	53.7983	55.3173	55.578	54.21660000000001	54.603199999999994	55.3786	54.964400000000005	54.8786	56.2655	55.404399999999995	55.933699999999995	55.604600000000005	55.0644	56.1568	55.754099999999994	55.313599999999994	55.649899999999995	56.494200000000006	55.6956	56.1389	56.713800000000006	56.273399999999995	56.4738	56.4185	55.7609	56.718199999999996	56.752	55.588800000000006	56.1271	56.6291	56.430400000000006	57.3724	57.0916	56.4546	56.537400000000005	57.777	56.467999999999996	58.1832	57.348200000000006	56.5779
Hte-ATic_056-Ex1-cssl	66.23830000000001	48.1491	49.7892	50.283100000000005	51.314099999999996	49.030499999999996	48.818400000000004	51.022	50.8271	49.7107	55.291599999999995	53.8026	53.774100000000004	53.1497	52.3224	52.0595	53.3562	51.739000000000004	52.1273	52.6793	52.249500000000005	52.4952	52.8582	51.9021	52.2172	52.4606	51.9845	52.454100000000004	52.4046	51.6893	52.7187	52.861999999999995	52.15539999999999	52.384299999999996	52.70550000000001	51.9699	52.1871	52.0847	52.062799999999996	52.6575	52.25919999999999	51.6427	52.2647	52.4783	52.202400000000004	52.2984	52.8868	52.5031	52.1907	51.9973	52.2466	52.4693	52.3185	52.1028	52.2714	52.4664	51.7698	52.07079999999999	52.184200000000004	51.408699999999996	51.984399999999994	52.7964	51.8824	51.95140000000001	52.9293	51.9548	52.537299999999995	53.4388	52.0185	51.9166	52.6701	51.9477	51.9568	52.871500000000005	52.2109	51.9641	52.756899999999995	52.3053	52.5103	53.0765	52.3536	52.0923	52.369600000000005	52.3199	52.208	53.08239999999999	52.5495	52.5733	53.41780000000001	52.093999999999994	52.177099999999996	53.3127	52.303599999999996	52.4233	52.6361	52.6063	53.1628	52.826499999999996	51.9988	52.9042	53.241499999999995	52.6525	53.22280000000001	53.697799999999994	52.562799999999996	52.5711	53.1543	53.1753	53.0309	53.5112	52.8559	53.644999999999996	54.0747	53.2005	53.879900000000006	53.78039999999999	53.7968	53.9714	54.20589999999999	53.5679	53.888999999999996	54.494200000000006	54.014300000000006	54.129799999999996	54.9566	54.196999999999996	54.366	55.275600000000004	54.03360000000001	54.48610000000001	55.11200000000001	54.610400000000006	54.718599999999995	55.2711	54.1299	54.749	55.3806	54.799600000000005	56.141	55.8734	55.2005	56.175799999999995	55.443799999999996	54.45100000000001	55.2758	55.67100000000001	54.662299999999995	55.2327	55.90540000000001	56.213
Hte-ATic_057-Ex1-cssl	70.1767	53.3524	53.2783	54.392399999999995	55.8762	53.1354	52.9934	55.6489	55.110499999999995	53.866499999999995	58.5137	58.535199999999996	58.167500000000004	57.4893	56.3734	55.87220000000001	58.160199999999996	56.0472	56.155699999999996	57.4916	56.8677	57.05519999999999	56.599999999999994	55.9744	56.821999999999996	56.8181	55.7668	57.2922	57.1738	55.7042	56.7744	56.956399999999995	55.88570000000001	55.85210000000001	57.4021	55.5151	55.895700000000005	56.7193	55.5573	55.998400000000004	57.151399999999995	56.0277	56.572100000000006	57.687900000000006	55.3586	56.3689	57.2078	55.671099999999996	57.0897	56.5564	56.2241	56.91159999999999	56.5713	55.63740000000001	56.3553	56.7716	55.815400000000004	56.210499999999996	56.9872	55.948100000000004	56.4638	56.9067	55.8331	56.43430000000001	56.94519999999999	55.250299999999996	56.89149999999999	57.7314	56.200799999999994	56.1851	56.9113	56.2275	56.43	57.0397	56.4387	57.223800000000004	56.915800000000004	55.4902	57.0333	57.3889	55.5474	55.963499999999996	56.4573	56.3832	56.7338	57.566300000000005	56.2056	57.11619999999999	57.1477	56.5307	57.033699999999996	57.5574	56.8102	56.8763	57.282999999999994	56.3762	57.233999999999995	57.6145	57.3265	57.894800000000004	58.031299999999995	57.2799	57.359	58.3928	57.472199999999994	58.3544	58.5907	57.53509999999999	58.119699999999995	58.223800000000004	58.19370000000001	57.8005	59.0469	57.373200000000004	58.541900000000005	59.4403	58.21469999999999	58.817699999999995	59.479400000000005	58.7275	60.1808	59.4697	57.8793	59.3765	59.4812	59.150000000000006	59.258500000000005	60.0651	58.9633	59.409	60.6752	59.1147	60.853	60.463	59.348	60.434200000000004	61.2204	60.020700000000005	60.749399999999994	61.18130000000001	59.687900000000006	59.9912	60.455000000000005	59.225300000000004	60.724199999999996	61.496399999999994	59.7491	60.0538	61.93300000000001	60.4978
Hte-ATic_058-Ex1-cssl	66.9158	47.658699999999996	49.7891	49.406	50.797599999999996	48.675200000000004	48.0381	49.2723	49.6881	48.8284	54.173300000000005	53.6057	53.07340000000001	52.166500000000006	51.9262	52.135799999999996	51.7641	51.27890000000001	52.7524	52.04220000000001	51.7826	52.5092	51.8173	51.4591	52.3426	51.4039	51.3248	51.9689	51.3741	50.9712	51.698100000000004	51.793299999999995	51.3012	51.5745	52.1427	51.072399999999995	51.8763	51.369	51.208	51.7801	51.6249	51.082899999999995	52.2643	51.9333	51.2013	51.31400000000001	51.9699	51.5481	52.2439	51.8781	51.274	51.5875	51.252900000000004	51.32170000000001	51.3428	51.7094	51.49399999999999	51.1336	52.0915	51.707499999999996	52.1769	52.0077	51.2522	51.580000000000005	51.60360000000001	51.0211	51.62480000000001	51.6138	51.572799999999994	51.761900000000004	51.3451	51.6955	51.9272	52.024499999999996	51.25769999999999	52.009899999999995	51.9823	51.596399999999996	52.1836	52.4757	51.3455	51.7584	51.662	51.864	52.50280000000001	51.814099999999996	51.199	52.400999999999996	52.1668	52.2188	52.235	52.4756	52.144999999999996	52.837900000000005	52.847500000000004	52.11409999999999	53.200199999999995	52.6755	52.307	53.286	53.0351	52.2072	53.935599999999994	53.5664	53.30629999999999	53.393299999999996	53.4357	52.688500000000005	55.0404	54.006600000000006	53.546099999999996	55.049499999999995	54.068799999999996	53.657	53.764100000000006	54.8922	53.957	54.635400000000004	55.3829	54.3473	54.6266	55.3239	55.2148	55.3817	55.1704	55.9249	55.13439999999999	56.501599999999996	56.441300000000005	56.2666	56.0003	55.6794	57.0698	57.4657	56.01350000000001	56.7976	56.595600000000005	56.307300000000005	57.454899999999995	58.14470000000001	56.1107	57.5349	58.0209	56.8312	57.603300000000004	57.279500000000006	57.2808	57.8851	56.667199999999994	57.6486
Hte-ATic_059-Ex1-cssl	65.3307	45.176500000000004	47.9084	47.7647	48.8574	46.4252	46.5473	48.152899999999995	47.9105	46.35	52.2367	51.3212	50.9139	50.386900000000004	49.7432	49.5717	50.128499999999995	49.615700000000004	49.876	50.0899	49.2616	49.7263	50.001	49.6502	50.3318	49.939699999999995	49.831199999999995	49.1809	49.680099999999996	49.1104	49.939099999999996	50.0069	49.3611	49.6309	49.8421	49.2564	50.2964	49.7772	49.6351	49.5687	49.835499999999996	49.4021	49.9149	49.5164	49.491099999999996	50.0934	49.9347	49.4001	50.2671	49.3579	49.346000000000004	49.5107	49.6797	49.181599999999996	49.9853	49.4556	48.9341	49.1768	50.04110000000001	49.342200000000005	49.8214	50.2277	49.4549	49.7571	50.0912	49.1252	49.7517	49.5576	49.6074	49.917699999999996	49.7038	49.6317	49.8269	49.9278	49.87	50.2585	49.6608	49.446400000000004	50.1268	49.3406	49.308	49.7207	49.688300000000005	48.9041	49.9176	50.3752	49.775999999999996	49.7603	50.443000000000005	49.9386	50.133700000000005	50.766999999999996	49.6432	50.155300000000004	50.2589	49.7583	50.226400000000005	50.7979	49.5184	51.221399999999996	51.131899999999995	50.657700000000006	50.47580000000001	50.69709999999999	49.640699999999995	50.65389999999999	50.9597	50.7466	51.0606	51.5202	50.96079999999999	51.598200000000006	52.20740000000001	50.9147	50.92640000000001	52.0337	50.859500000000004	51.7482	52.5025	51.439	52.2723	51.601	51.551100000000005	52.735200000000006	52.8613	52.129999999999995	52.61900000000001	52.7265	51.8011	52.424899999999994	53.625299999999996	52.75919999999999	53.2605	53.3204	52.109399999999994	53.1731	53.084900000000005	52.685700000000004	52.92249999999999	53.7574	53.331700000000005	54.179	54.339999999999996	53.601	53.641799999999996	54.2965	53.3431	53.8032	55.4546	54.2752
Hte-ATic_060-Ex1-cssl	65.4154	47.0374	49.4279	48.873	49.4883	47.995	47.5521	49.7923	49.8742	47.8053	54.149	52.9401	52.2186	51.7624	51.3081	51.2363	51.4139	51.0601	51.1639	51.8803	50.917500000000004	50.9019	51.3323	50.290800000000004	51.497899999999994	51.4636	50.3574	51.4099	51.7219	50.2637	51.1046	51.546099999999996	50.377300000000005	51.1792	51.331	50.3609	51.4293	51.3003	50.4221	50.984399999999994	51.0077	50.3853	50.848400000000005	51.6623	50.90670000000001	50.8343	50.6582	50.85380000000001	51.0682	50.9232	51.1292	51.0231	51.598	50.9144	51.0486	51.450300000000006	50.9451	50.5774	51.5799	50.3964	50.9769	51.6676	50.6	51.476299999999995	51.1187	50.6704	51.3525	51.2682	50.6514	50.93450000000001	51.1595	51.0011	50.864	51.281	50.7047	51.3081	51.7869	51.321099999999994	51.345200000000006	51.268299999999996	51.3338	50.9356	51.51090000000001	51.001799999999996	51.06810000000001	51.6186	51.2858	51.1339	51.702000000000005	51.08819999999999	51.105900000000005	51.950700000000005	51.7343	51.4597	51.9466	51.013600000000004	51.6635	51.7354	50.792899999999996	52.0886	52.1116	51.242900000000006	51.742399999999996	52.3326	51.814400000000006	52.703	52.4117	51.4968	52.3877	52.7166	52.579	53.044999999999995	53.5347	51.783	52.4237	52.8173	51.957600000000006	52.6447	53.3489	52.78620000000001	53.552	53.869	53.413900000000005	53.291	53.7404	53.4157	52.6654	54.1615	53.94910000000001	53.9329	55.0577	53.8404	54.3676	54.344	53.641000000000005	54.1275	54.577600000000004	54.9759	53.437900000000006	55.3456	54.4484	55.0939	54.9426	54.7674	55.627	56.318400000000004	54.372699999999995	54.431700000000006	56.102399999999996	55.64059999999999
Hte-ATic_061-Ex1-cssl	68.1223	50.25920000000001	50.5667	51.2224	52.97690000000001	51.01369999999999	51.464299999999994	52.284600000000005	52.322199999999995	51.883	57.284800000000004	55.538	55.432700000000004	54.9522	54.4287	54.3068	54.821200000000005	54.2845	54.9287	55.115700000000004	54.637899999999995	55.2413	54.4887	53.463300000000004	55.257999999999996	54.5666	53.8984	54.339099999999995	54.8896	53.7195	54.62200000000001	54.77570000000001	54.226200000000006	54.3831	54.85060000000001	53.894600000000004	54.9269	54.879599999999996	53.941300000000005	54.53980000000001	54.641099999999994	53.7971	54.831300000000006	55.218900000000005	53.8999	54.3531	54.91930000000001	54.689299999999996	54.7654	54.921200000000006	54.0625	54.3454	54.7083	54.086999999999996	54.812099999999994	54.961099999999995	53.940200000000004	54.1716	54.6883	53.4033	54.915800000000004	54.8029	53.7853	54.7034	54.922000000000004	53.571400000000004	54.2956	55.2773	54.3401	54.3975	55.347	54.4349	55.285700000000006	55.202	54.2443	55.2345	55.3927	53.9385	55.1145	55.09929999999999	54.3393	54.9477	54.971599999999995	54.333600000000004	55.427899999999994	55.199200000000005	54.1218	55.8003	55.6072	54.364900000000006	55.2936	55.8161	54.099799999999995	55.4698	55.637800000000006	54.71660000000001	55.828199999999995	56.2407	55.0736	55.941700000000004	55.720800000000004	54.7864	56.322700000000005	56.2403	54.9459	56.3215	56.8418	55.3806	57.737700000000004	56.4927	55.86449999999999	56.503499999999995	56.440900000000006	55.623599999999996	56.4862	57.1983	56.355900000000005	56.9436	57.802299999999995	56.8141	57.6512	58.5479	57.1779	57.85829999999999	57.729200000000006	57.0041	57.1596	58.3289	57.269400000000005	58.95049999999999	58.603300000000004	57.65090000000001	57.8332	58.870599999999996	57.3657	58.398399999999995	59.0796	57.741200000000006	58.7001	59.048	57.447199999999995	59.183	59.4155	58.003099999999996	59.847300000000004	60.3156	58.239	59.378600000000006	59.871399999999994	59.7827
Hte-ATic_062-Ex1-cssl	67.7345	48.8191	50.153400000000005	49.8697	51.604099999999995	50.1085	49.174800000000005	51.5497	51.2186	50.5994	55.677699999999994	55.1136	55.1252	53.5117	53.9465	53.37220000000001	54.1833	54.146300000000004	53.480000000000004	53.6216	53.38420000000001	53.7898	54.164100000000005	53.4147	53.656099999999995	53.1273	52.725	53.3272	53.8681	53.2837	53.966300000000004	53.124700000000004	53.0473	53.6456	53.51820000000001	53.0908	53.179500000000004	53.5442	53.013600000000004	53.2118	54.1937	52.7401	53.34759999999999	53.478899999999996	53.0972	54.2637	54.068000000000005	53.1216	53.707300000000004	53.535999999999994	53.1519	54.0964	53.97729999999999	53.030699999999996	53.566100000000006	53.6081	53.1633	53.968799999999995	53.9646	53.1941	53.91590000000001	53.6748	53.272200000000005	54.0197	53.918	52.392700000000005	54.18300000000001	53.6975	53.905899999999995	53.1327	54.12519999999999	53.159800000000004	53.9335	54.2782	53.6705	54.002300000000005	53.480199999999996	52.9743	53.5843	54.339499999999994	52.262699999999995	53.2092	54.2376	53.9492	53.7227	54.177299999999995	53.790000000000006	53.3694	54.5992	53.380700000000004	53.9604	54.707899999999995	52.7456	53.93520000000001	54.3523	53.8344	54.3805	54.1807	54.02869999999999	54.6381	54.8902	53.418299999999995	54.19349999999999	54.132400000000004	53.2282	54.4484	54.6494	53.454	54.4631	55.5939	54.31399999999999	55.3696	55.4566	54.028	54.5319	55.233399999999996	54.12010000000001	55.919	55.088499999999996	54.19890000000001	55.435900000000004	54.9699	54.89039999999999	55.5582	55.17959999999999	54.9326	54.9872	55.7568	53.7937	55.587399999999995	55.8907	54.7907	56.431799999999996	56.390499999999996	55.102	56.0044	56.5551	54.4762	56.352999999999994	56.037000000000006	54.8852	56.682	56.1056	54.839000000000006	56.4361	54.996900000000004	54.4877	56.726	56.137899999999995	54.577799999999996
Hte-ATic_063-Ex1-cssl	65.8314	45.932	47.6015	47.780899999999995	48.143	47.5772	46.6343	48.3531	49.1552	46.5194	52.883500000000005	52.725100000000005	51.8493	50.7239	50.546	50.0932	50.449600000000004	50.0806	50.674699999999994	50.3617	50.14999999999999	50.5617	51.0695	49.930400000000006	50.9404	49.9807	50.0385	50.3061	50.6834	49.6547	50.6872	50.486799999999995	49.8412	50.265899999999995	50.412800000000004	50.1767	50.158899999999996	50.078500000000005	49.878499999999995	50.0463	50.828399999999995	49.7532	50.2839	50.8717	50.0149	51.0873	50.3815	49.806200000000004	50.3637	50.9793	50.1325	50.119899999999994	50.2559	49.251400000000004	50.6629	51.3332	50.4323	50.232699999999994	49.7984	49.736799999999995	50.716300000000004	50.2401	50.835699999999996	50.6942	50.756299999999996	49.3877	50.2363	50.672200000000004	50.21099999999999	51.1776	49.809799999999996	50.080999999999996	50.307100000000005	50.44499999999999	49.9991	50.7492	50.3684	49.9031	50.8527	50.75809999999999	49.5985	50.1486	50.919000000000004	49.94	51.256	50.7938	49.7491	50.0119	50.740899999999996	49.985	50.7853	50.6829	49.8052	50.4742	50.606399999999994	50.044200000000004	50.13720000000001	50.938	49.8078	51.076600000000006	50.361	50.5999	50.513200000000005	50.538000000000004	50.3177	50.8748	51.6375	49.6222	51.2926	51.03529999999999	49.8707	51.2733	51.05929999999999	50.22	51.2505	51.0303	50.6163	50.724000000000004	51.5636	50.494499999999995	50.8463	51.121	50.3195	51.361599999999996	51.191900000000004	50.5969	50.886900000000004	51.7858	50.43299999999999	51.09160000000001	51.4684	50.9914	51.3811	51.478199999999994	51.349500000000006	51.9601	52.0232	49.647200000000005	51.143499999999996	51.9286	50.6854	50.7358	51.579600000000006	50.754	51.7565	51.9867	50.7698	50.7589	52.4837	51.11130000000001
