Sample	1	2	3	4	5	6	7	8	9	10	11	12	13	14	15	16	17	18	19	20	21	22	23	24	25	26	27	28	29	30	31	32	33	34	35	36	37	38	39	40	41	42	43	44	45	46	47	48	49	50	51	52	53	54	55	56	57	58	59	60	61	62	63	64	65	66	67	68	69	70	71	72	73	74	75	76	77	78	79	80	81	82	83	84	85	86	87	88	89	90	91	92	93	94	95	96	97	98	99	100	101	102	103	104	105	106	107	108	109	110	111	112	113	114	115	116	117	118	119	120	121	122	123	124	125	126	127	128	129	130	131	132	133	134	135	136	137	138	139	140	141	142	143	144	145	146	147	148	149	150
Hte-ATic_001-Ex1-cssl	36.4369	36.3678	36.4624	36.4493	36.4841	36.507	36.4693	36.4983	36.4615	36.4773	36.5061	36.4878	36.4898	36.4513	36.4333	36.4513	36.4527	36.4419	36.4067	36.4088	36.4204	36.4086	36.4133	36.3901	36.3896	36.3611	36.3284	36.3488	36.329	36.3407	36.292	36.3124	36.2758	36.2958	36.3109	36.2979	36.253	36.2824	36.2531	36.2545	36.2651	36.2672	36.2508	36.2703	36.2289	36.2199	36.247	36.2214	36.2232	36.2312	36.23	36.2229	36.2153	36.2044	36.1835	36.1774	36.1672	36.1636	36.1601	36.1678	36.1342	36.1392	36.1265	36.1357	36.1296	36.1593	36.1362	36.1414	36.166	36.0948	36.087	36.1046	36.0683	36.0883	36.0873	36.0812	36.1211	36.0411	36.0425	36.1025	36.0575	36.0627	36.0854	36.0638	36.0524	36.0167	35.9359	36.0084	35.9528	35.9214	35.9593	36.0146	35.9707	35.9684	36.0083	35.895	35.9077	35.9461	35.8778	35.8985	35.9327	35.9587	35.8878	35.9135	35.9826	35.8577	35.8778	35.9471	35.8239	35.8409	35.8545	35.8227	35.8746	35.8791	35.8045	35.7917	35.7894	35.83	35.8061	35.7856	35.6835	35.711	35.7155	35.6324	35.7423	35.7579	35.7198	35.6965	35.8295	35.7244	35.7633	35.7426	35.7174	35.6447	35.7775	35.7319	35.6991	35.7105	35.7532	35.71	35.7171	35.7426	35.6774	35.5733	35.6476	35.6066	35.3825	35.698	35.9792	36.3908
Hte-ATic_002-Ex1-cssl	36.2248	36.3266	36.3822	36.4348	36.46	36.4713	36.4554	36.4792	36.4463	36.4646	36.4849	36.4736	36.4738	36.4529	36.4478	36.4452	36.4489	36.4437	36.4275	36.4219	36.4144	36.4087	36.3955	36.3708	36.3735	36.3465	36.3326	36.3398	36.3304	36.33	36.3228	36.3161	36.3054	36.3071	36.3038	36.2907	36.2723	36.28	36.2718	36.2781	36.29	36.2604	36.2654	36.2457	36.2193	36.2511	36.243	36.2325	36.2398	36.2303	36.2264	36.2327	36.2258	36.2158	36.2114	36.2083	36.2027	36.2166	36.1998	36.1814	36.1782	36.1605	36.1657	36.1581	36.1397	36.1502	36.1516	36.1344	36.1131	36.0832	36.111	36.1099	36.0812	36.0943	36.0897	36.1071	36.0868	36.0748	36.0829	36.071	36.0583	36.0816	36.0641	36.0581	36.0345	36.0413	36.0366	36.0251	36.052	36.0165	36.0003	36.027	35.9844	35.9976	35.9627	35.8964	35.9146	35.9408	35.9231	35.9634	35.9277	35.9084	35.9298	35.9099	35.9405	35.9012	35.9059	35.9467	35.9177	35.8852	35.9093	35.8767	35.8828	35.8484	35.8416	35.8585	35.8388	35.8117	35.8401	35.8202	35.8037	35.812	35.8554	35.7675	35.7926	35.8532	35.7724	35.8066	35.8313	35.8313	35.8282	35.8121	35.838	35.8208	35.7583	35.7463	35.7545	35.8066	35.7657	35.7676	35.7801	35.7236	35.7642	35.7804	35.725	35.6224	35.6461	35.7417	35.8157	36.418
Hte-ATic_003-Ex1-cssl	36.3131	36.3503	36.4229	36.4513	36.4841	36.4894	36.4632	36.492	36.4609	36.4805	36.4898	36.4829	36.48	36.4659	36.4595	36.4433	36.4492	36.441	36.4341	36.4163	36.4144	36.4193	36.3931	36.3906	36.3765	36.3585	36.3418	36.3375	36.3333	36.3292	36.3197	36.321	36.3082	36.2881	36.3029	36.2796	36.2672	36.2631	36.2588	36.2642	36.2599	36.2481	36.2387	36.2239	36.2137	36.217	36.2364	36.2209	36.2037	36.1884	36.2012	36.2063	36.1869	36.178	36.1717	36.1695	36.1582	36.157	36.1547	36.1361	36.1245	36.1324	36.1283	36.1101	36.0998	36.1044	36.0859	36.0657	36.0683	36.0357	36.0267	36.0587	36.0368	36.0326	36.0185	36.025	36.0138	36.0146	36.0013	36.0141	35.9914	36.0063	35.9885	35.9645	35.951	35.9655	35.9514	35.9401	35.9577	35.905	35.9223	35.9313	35.9259	35.9181	35.889	35.8051	35.8202	35.8919	35.8286	35.8618	35.8492	35.8306	35.8286	35.8179	35.8248	35.7966	35.803	35.8399	35.8107	35.7914	35.7942	35.749	35.7552	35.7322	35.7142	35.7521	35.714	35.722	35.7162	35.706	35.6374	35.6942	35.7358	35.6164	35.6601	35.688	35.6667	35.6718	35.6937	35.7054	35.6991	35.6847	35.6561	35.6705	35.6484	35.614	35.6537	35.6738	35.6396	35.6275	35.6442	35.6347	35.6335	35.6263	35.6196	35.5164	35.4875	35.6485	35.7154	36.3764
Hte-ATic_004-Ex1-cssl	36.3464	36.3528	36.4182	36.4461	36.4791	36.4806	36.4549	36.4792	36.448	36.4706	36.4835	36.4745	36.4648	36.4519	36.4432	36.4438	36.4461	36.4363	36.4197	36.4129	36.4092	36.3946	36.381	36.3681	36.3703	36.3408	36.3241	36.3136	36.3194	36.3072	36.2961	36.3026	36.2876	36.2825	36.2723	36.2665	36.2599	36.253	36.2323	36.227	36.2326	36.2231	36.2177	36.2109	36.1905	36.1846	36.1938	36.19	36.1841	36.1702	36.1772	36.166	36.1625	36.1573	36.154	36.1434	36.1415	36.1327	36.1197	36.1146	36.1036	36.0995	36.1077	36.0792	36.0842	36.0873	36.0735	36.058	36.0355	36.0106	36.0076	36.0349	36.0071	35.9932	35.9924	36.0043	35.9883	35.9805	35.9882	35.9663	35.9565	35.9708	35.9649	35.9326	35.92	35.941	35.9324	35.9098	35.9267	35.8857	35.8933	35.8937	35.8913	35.8877	35.8573	35.787	35.8142	35.8581	35.8041	35.8214	35.8126	35.8082	35.8082	35.8173	35.8254	35.7723	35.7839	35.8099	35.7742	35.7716	35.7595	35.7157	35.7289	35.7048	35.6879	35.7032	35.6626	35.6796	35.6884	35.6539	35.6487	35.6559	35.6796	35.589	35.6277	35.6548	35.6159	35.6567	35.6826	35.6583	35.6395	35.6503	35.6418	35.6517	35.5984	35.5738	35.5891	35.6213	35.5828	35.5855	35.6045	35.567	35.5974	35.5835	35.5813	35.4233	35.4401	35.5662	35.6876	36.3674
Hte-ATic_005-Ex1-cssl	36.3269	36.3465	36.4214	36.4494	36.4774	36.4813	36.4596	36.4797	36.4531	36.4719	36.4873	36.4761	36.467	36.4556	36.4506	36.4449	36.4459	36.4313	36.4214	36.4059	36.4148	36.4135	36.3899	36.3705	36.363	36.3387	36.3337	36.3201	36.3251	36.3085	36.3047	36.311	36.2952	36.2874	36.276	36.2726	36.2619	36.2479	36.241	36.235	36.2425	36.2409	36.2291	36.2202	36.2098	36.217	36.2139	36.204	36.2022	36.1814	36.1923	36.2051	36.1959	36.1772	36.1709	36.174	36.1665	36.1703	36.1427	36.1295	36.1315	36.1287	36.1214	36.1155	36.1011	36.1157	36.0986	36.0703	36.0668	36.0219	36.0368	36.0567	36.0437	36.024	36.0271	36.0175	36.0075	35.9936	36.0127	35.9806	35.9903	36.0037	36.0051	35.9816	35.9606	35.9679	35.9687	35.9364	35.9745	35.944	35.9156	35.9312	35.9282	35.9399	35.9042	35.8101	35.8436	35.8787	35.833	35.8524	35.8408	35.8494	35.8251	35.8449	35.8689	35.8117	35.8043	35.8518	35.8271	35.8046	35.7947	35.7636	35.786	35.745	35.7484	35.7652	35.7228	35.7307	35.7262	35.7156	35.6748	35.698	35.7212	35.6355	35.6804	35.6913	35.6769	35.6964	35.7059	35.6892	35.7173	35.7112	35.6939	35.7007	35.6516	35.6174	35.6765	35.6543	35.634	35.6383	35.674	35.6408	35.6498	35.6487	35.6092	35.4764	35.5218	35.6577	35.7596	36.3909
Hte-ATic_006-Ex1-cssl	36.3043	36.3367	36.4124	36.4357	36.4622	36.4652	36.4381	36.4584	36.4335	36.4527	36.4684	36.465	36.4523	36.4281	36.4285	36.4229	36.4281	36.4132	36.406	36.3971	36.3919	36.3907	36.365	36.3403	36.3404	36.315	36.3002	36.2859	36.2913	36.2894	36.2677	36.2708	36.2588	36.2647	36.2593	36.2342	36.2381	36.2066	36.2044	36.2211	36.223	36.2026	36.1881	36.187	36.1621	36.1622	36.1753	36.1669	36.157	36.1431	36.1453	36.1505	36.1528	36.1413	36.1289	36.1243	36.1218	36.1223	36.1093	36.0869	36.0673	36.0682	36.0854	36.0542	36.05	36.0633	36.0454	36.0283	36.0054	35.9809	35.9824	36.0031	35.9845	35.987	35.9747	35.9657	35.9647	35.9546	35.9569	35.9414	35.9329	35.9473	35.9309	35.9102	35.8927	35.9054	35.8868	35.8682	35.9014	35.8733	35.8536	35.8671	35.8679	35.8457	35.822	35.7373	35.7695	35.822	35.7851	35.7737	35.7857	35.7711	35.7603	35.7762	35.7752	35.7275	35.7424	35.7747	35.7343	35.7262	35.7164	35.6695	35.6864	35.65	35.63	35.6659	35.6361	35.6484	35.6426	35.6011	35.5925	35.6082	35.648	35.5714	35.5831	35.585	35.5719	35.5958	35.597	35.5959	35.5895	35.5819	35.5861	35.5964	35.5547	35.509	35.5297	35.5655	35.5408	35.5094	35.5561	35.495	35.5464	35.5312	35.4902	35.3851	35.4151	35.5254	35.6538	36.3377
Hte-ATic_007-Ex1-cssl	36.3384	36.3693	36.4161	36.4468	36.4776	36.485	36.4618	36.4895	36.464	36.477	36.4936	36.4832	36.483	36.4687	36.4557	36.4517	36.4548	36.4479	36.4342	36.4204	36.4264	36.423	36.3988	36.3871	36.381	36.3515	36.3446	36.3533	36.3397	36.3272	36.3218	36.3301	36.3205	36.3166	36.307	36.2933	36.2995	36.2851	36.2734	36.2729	36.2795	36.276	36.264	36.2533	36.2391	36.239	36.2443	36.2357	36.2411	36.2269	36.2251	36.2439	36.2287	36.2119	36.2104	36.2052	36.1952	36.2033	36.2056	36.1827	36.172	36.1805	36.179	36.1614	36.164	36.1674	36.1427	36.1327	36.1192	36.0831	36.0857	36.1109	36.0954	36.0924	36.0861	36.1001	36.0941	36.0599	36.0826	36.0734	36.0605	36.0713	36.0671	36.0464	36.0285	36.0527	36.0266	36.0016	36.042	35.9984	35.9991	36.0144	36.002	35.9988	35.9694	35.9007	35.9118	35.9707	35.9226	35.943	35.9336	35.9395	35.9453	35.9317	35.9434	35.9112	35.9094	35.9402	35.8981	35.8965	35.9023	35.8819	35.8649	35.8612	35.824	35.8459	35.841	35.8461	35.8305	35.7999	35.7752	35.8148	35.8223	35.7444	35.7874	35.8104	35.7742	35.7954	35.8293	35.7967	35.8125	35.8062	35.8151	35.7884	35.7601	35.731	35.768	35.8122	35.7512	35.7523	35.7595	35.7657	35.7694	35.7695	35.7395	35.6284	35.6291	35.7457	35.8584	36.4198
Hte-ATic_008-Ex1-cssl	36.3823	36.3999	36.4486	36.4681	36.5052	36.5137	36.4938	36.5118	36.4866	36.5049	36.5175	36.5022	36.5026	36.4904	36.4768	36.4822	36.4762	36.4631	36.4571	36.4574	36.4622	36.4491	36.4199	36.4111	36.4193	36.3737	36.3778	36.3717	36.3536	36.365	36.3529	36.3514	36.3295	36.35	36.3403	36.3324	36.292	36.3003	36.2907	36.2974	36.3078	36.2802	36.2749	36.2801	36.2482	36.2639	36.2775	36.2578	36.2425	36.2206	36.2345	36.2213	36.2258	36.2022	36.1926	36.2149	36.1932	36.1899	36.186	36.1613	36.1515	36.1353	36.1395	36.144	36.108	36.1311	36.0922	36.0887	36.0815	36.0803	36.0503	36.0859	36.0652	36.0506	36.0372	36.0515	36.041	36.0328	36.032	36.0261	35.9995	35.9962	36.0328	35.9769	35.9325	35.9627	35.931	35.947	35.9565	35.9187	35.9178	35.9201	35.8894	35.9078	35.8606	35.7951	35.7958	35.8557	35.783	35.8526	35.8414	35.788	35.7845	35.8045	35.8189	35.7569	35.8017	35.7899	35.794	35.7858	35.7283	35.7519	35.7592	35.7011	35.7216	35.7298	35.6835	35.6796	35.7009	35.6426	35.6856	35.7144	35.7203	35.6992	35.6306	35.6435	35.6302	35.6978	35.6572	35.7105	35.7013	35.7172	35.724	35.692	35.661	35.6349	35.6297	35.6725	35.6381	35.5749	35.5683	35.5931	35.6742	35.6197	35.58	35.5328	35.5297	35.659	35.7305	36.4015
Hte-ATic_010-Ex1-cssl	36.2153	36.3206	36.3834	36.4343	36.4764	36.4761	36.4679	36.4837	36.4679	36.4807	36.4879	36.4861	36.4875	36.463	36.4666	36.459	36.463	36.449	36.4378	36.4287	36.4372	36.4266	36.4119	36.3929	36.3928	36.3743	36.3595	36.3448	36.3487	36.3435	36.3462	36.342	36.313	36.3112	36.318	36.3044	36.2948	36.2816	36.2738	36.2627	36.273	36.2574	36.2656	36.2501	36.2226	36.2455	36.2472	36.2268	36.2444	36.2128	36.2149	36.2445	36.2274	36.1932	36.2056	36.2048	36.1971	36.1932	36.1923	36.1774	36.1824	36.1554	36.1727	36.156	36.1623	36.1563	36.1178	36.1167	36.1119	36.0879	36.0719	36.0935	36.0785	36.0919	36.0616	36.0509	36.0708	36.0422	36.0626	36.0661	36.0261	36.0724	36.0506	36.0143	36.0119	36.0125	35.9898	36.0003	36.0259	35.9779	35.9751	35.9813	35.9513	35.9784	35.9644	35.8691	35.8932	35.9378	35.9043	35.9305	35.8877	35.8934	35.9006	35.9071	35.9227	35.933	35.8896	35.8988	35.8524	35.8524	35.8658	35.8182	35.8411	35.8011	35.8066	35.8135	35.791	35.7857	35.7577	35.8013	35.7176	35.7297	35.7785	35.6935	35.7279	35.7423	35.7199	35.7838	35.7996	35.7633	35.7388	35.7476	35.7396	35.7509	35.6972	35.7071	35.7625	35.7374	35.7145	35.7316	35.7415	35.6999	35.7404	35.7325	35.6482	35.5841	35.5993	35.7221	35.7735	36.4133
Hte-ATic_011-Ex1-cssl	36.4341	36.3964	36.4643	36.4773	36.5012	36.5065	36.486	36.5083	36.4875	36.4963	36.516	36.5071	36.4954	36.4718	36.4668	36.4718	36.4726	36.4678	36.4531	36.4362	36.439	36.4343	36.4126	36.4022	36.4069	36.3889	36.3603	36.352	36.3552	36.3449	36.3409	36.3488	36.3361	36.3312	36.3233	36.3236	36.3004	36.2986	36.2885	36.2926	36.2944	36.2889	36.2651	36.2599	36.2391	36.2512	36.2549	36.2426	36.2277	36.2068	36.2289	36.2495	36.2276	36.2207	36.1977	36.2062	36.1958	36.1986	36.1824	36.1866	36.1646	36.1672	36.1444	36.1352	36.1307	36.1509	36.1211	36.1077	36.0841	36.0655	36.0498	36.0697	36.0492	36.0305	36.0578	36.0471	36.0502	36.029	36.0413	36.0333	36.0187	36.0363	36.0225	36.0162	35.9966	36.0102	35.9696	35.9699	35.9956	35.9804	35.9457	35.9838	35.9405	35.9286	35.8937	35.8342	35.8372	35.9095	35.8588	35.8694	35.8582	35.8671	35.864	35.8654	35.8928	35.8361	35.8496	35.8492	35.8241	35.8032	35.8184	35.8075	35.7734	35.7924	35.7397	35.7578	35.7423	35.706	35.7049	35.71	35.6747	35.7097	35.743	35.6486	35.675	35.7056	35.6778	35.6773	35.7105	35.7142	35.7023	35.6922	35.7176	35.6745	35.6391	35.653	35.6766	35.6221	35.6045	35.601	35.6332	35.629	35.6388	35.5999	35.611	35.5123	35.4823	35.6562	35.7216	36.3933
Hte-ATic_012-Ex1-cssl	36.1491	36.2795	36.3377	36.4026	36.4377	36.4453	36.4346	36.458	36.4427	36.4477	36.4715	36.4617	36.4607	36.4412	36.4383	36.4347	36.4269	36.4253	36.4052	36.4044	36.4112	36.4043	36.3729	36.3488	36.36	36.3402	36.3029	36.3139	36.3057	36.3045	36.3004	36.3111	36.2763	36.2772	36.3027	36.2705	36.2609	36.261	36.2507	36.2538	36.2422	36.2247	36.2214	36.2294	36.2007	36.199	36.2152	36.1934	36.1827	36.1812	36.1829	36.1834	36.1781	36.1562	36.1601	36.1545	36.1683	36.1665	36.1626	36.1236	36.1289	36.141	36.1298	36.1028	36.0997	36.1243	36.0921	36.1024	36.0846	36.0256	36.0463	36.0596	36.039	36.025	36.0196	36.0217	35.9982	36.0068	36.0264	35.9973	35.9977	36.0146	36.0153	35.9645	35.9632	35.96	35.9491	35.9412	35.9455	35.9225	35.9094	35.9225	35.9165	35.9303	35.8821	35.8144	35.8254	35.8594	35.7951	35.8324	35.8361	35.8042	35.8068	35.802	35.8152	35.7797	35.7799	35.8294	35.8066	35.7863	35.7644	35.735	35.7746	35.7146	35.7179	35.7287	35.7208	35.6805	35.6755	35.6863	35.664	35.6457	35.7058	35.6333	35.6746	35.7118	35.6615	35.6817	35.7113	35.6919	35.6997	35.6724	35.7058	35.7032	35.6438	35.6038	35.6227	35.6595	35.6396	35.6258	35.6647	35.6406	35.6093	35.6571	35.6188	35.4961	35.4715	35.6286	35.7027	36.3587
Hte-ATic_013-Ex1-cssl	36.1619	36.2881	36.3517	36.3953	36.4285	36.4383	36.4195	36.4368	36.4124	36.4312	36.4485	36.4385	36.4372	36.4211	36.4199	36.4124	36.4075	36.3966	36.3847	36.3722	36.3709	36.3625	36.3412	36.327	36.3315	36.3129	36.292	36.2739	36.2797	36.2733	36.2671	36.2776	36.258	36.2546	36.2538	36.2433	36.2273	36.2287	36.2152	36.2201	36.2287	36.2055	36.2019	36.1909	36.1637	36.18	36.1858	36.1704	36.1584	36.161	36.1545	36.1727	36.1602	36.1542	36.1499	36.1474	36.1409	36.1343	36.1369	36.1184	36.0947	36.097	36.0969	36.076	36.071	36.0814	36.0796	36.0437	36.0368	35.9996	36.0072	36.0242	36.0043	36.0113	35.9943	36.0168	35.9933	35.958	35.984	35.9801	35.9623	35.9764	35.9689	35.9426	35.9273	35.9483	35.9171	35.9158	35.9276	35.8833	35.9082	35.9163	35.8926	35.8904	35.8823	35.7777	35.8152	35.8631	35.8089	35.8467	35.8372	35.8242	35.8147	35.8236	35.8317	35.7931	35.814	35.8279	35.802	35.7862	35.7718	35.7455	35.7583	35.7308	35.7019	35.728	35.7171	35.7116	35.6969	35.6966	35.6795	35.6793	35.7039	35.6045	35.6693	35.7005	35.683	35.6804	35.7083	35.7063	35.6692	35.671	35.6711	35.6987	35.6309	35.6141	35.63	35.6467	35.6276	35.6048	35.6263	35.5966	35.6127	35.6112	35.6055	35.4571	35.4591	35.6113	35.7104	36.3613
Hte-ATic_014-Ex1-cssl	36.1661	36.2864	36.3591	36.3992	36.4488	36.4483	36.4409	36.4653	36.44	36.451	36.4696	36.4526	36.4535	36.4359	36.4249	36.4239	36.4348	36.4116	36.411	36.3965	36.4063	36.3959	36.3655	36.3633	36.3527	36.333	36.3153	36.3148	36.3165	36.3118	36.3019	36.2949	36.2963	36.291	36.287	36.2804	36.2602	36.252	36.2461	36.2527	36.2571	36.2434	36.2307	36.2193	36.1884	36.2227	36.2201	36.1956	36.2009	36.1972	36.2058	36.2002	36.1955	36.1951	36.1744	36.1739	36.1542	36.1657	36.1445	36.1534	36.1494	36.1568	36.1327	36.1229	36.0885	36.1274	36.1092	36.0935	36.0818	36.0638	36.057	36.0741	36.0697	36.0708	36.0463	36.0445	36.0476	36.0235	36.0518	36.0364	36.0115	36.0095	36.0468	35.9988	35.9851	36.0157	35.9938	35.9618	35.99	35.9729	35.9552	35.9716	35.954	35.9631	35.8959	35.8238	35.8636	35.8914	35.8433	35.8752	35.8804	35.8825	35.8383	35.8781	35.8692	35.8335	35.8599	35.8914	35.8548	35.8263	35.829	35.7897	35.7796	35.79	35.7715	35.7957	35.7763	35.734	35.7589	35.7692	35.7438	35.774	35.7814	35.6982	35.7601	35.7787	35.738	35.7627	35.7842	35.79	35.7817	35.7624	35.7405	35.7922	35.7027	35.698	35.7499	35.7311	35.663	35.6952	35.6902	35.7289	35.731	35.7392	35.6821	35.6377	35.6209	35.7532	35.8333	36.4075
Hte-ATic_015-Ex1-cssl	36.3527	36.36	36.4275	36.4555	36.4831	36.4901	36.4704	36.4879	36.4675	36.4838	36.496	36.4823	36.4761	36.4563	36.4557	36.4534	36.4553	36.4507	36.4362	36.4219	36.4138	36.4103	36.385	36.3697	36.3682	36.339	36.3309	36.3263	36.3103	36.311	36.3061	36.3067	36.301	36.3026	36.3027	36.2862	36.2814	36.2805	36.267	36.2625	36.2579	36.2534	36.243	36.2361	36.2127	36.2246	36.2262	36.2134	36.2	36.1993	36.2023	36.2136	36.1904	36.1758	36.1678	36.1627	36.1742	36.1613	36.1619	36.134	36.1189	36.1203	36.1136	36.0966	36.1057	36.1134	36.0953	36.0737	36.0616	36.0186	36.0338	36.0507	36.0456	36.0308	36.0276	36.0336	36.0286	36.0077	36.0148	35.9897	35.9929	36.0046	36.0004	35.9732	35.9496	35.9908	35.9562	35.9402	35.9551	35.9172	35.9257	35.9328	35.9345	35.9356	35.9242	35.8153	35.8394	35.877	35.8293	35.8723	35.8708	35.8301	35.8265	35.8309	35.8469	35.7973	35.8301	35.8341	35.8243	35.8002	35.7868	35.7749	35.7728	35.7431	35.7248	35.7562	35.7252	35.7271	35.7071	35.7021	35.6786	35.6901	35.7142	35.6297	35.6494	35.6882	35.6318	35.6533	35.672	35.6639	35.6765	35.6704	35.6719	35.6801	35.6428	35.6336	35.6588	35.6314	35.6347	35.6087	35.6415	35.6115	35.6463	35.6551	35.6212	35.5018	35.5387	35.6542	35.7326	36.4014
Hte-ATic_017-Ex1-cssl	36.4182	36.4012	36.4717	36.4756	36.5073	36.5021	36.4821	36.5023	36.4824	36.4918	36.5054	36.4979	36.4864	36.4725	36.4669	36.4697	36.4635	36.456	36.4443	36.4368	36.4406	36.4303	36.4146	36.3955	36.3896	36.3774	36.3607	36.3519	36.3616	36.3485	36.3361	36.3434	36.3294	36.3299	36.3217	36.3083	36.3026	36.298	36.2768	36.2846	36.2929	36.2823	36.2594	36.2624	36.2422	36.2405	36.2516	36.2417	36.2318	36.2092	36.2189	36.2389	36.2109	36.2135	36.2085	36.1942	36.1887	36.1764	36.1802	36.1777	36.1619	36.1701	36.1603	36.1374	36.129	36.1368	36.1203	36.1018	36.0881	36.0738	36.0713	36.0912	36.0715	36.0493	36.0482	36.052	36.0572	36.0309	36.05	36.0265	36.0411	36.0504	36.036	36.0017	35.9916	36.0269	36.0046	35.9874	36.0012	35.9756	35.9697	35.9728	35.9765	35.9478	35.9349	35.8502	35.8873	35.9252	35.8887	35.8977	35.8924	35.8864	35.8975	35.8824	35.8939	35.8552	35.8764	35.8912	35.85	35.8605	35.854	35.8051	35.7983	35.7974	35.7785	35.7845	35.7748	35.7738	35.7569	35.7427	35.6933	35.7334	35.7521	35.6791	35.7265	35.7288	35.6997	35.7382	35.7627	35.7301	35.7256	35.7646	35.7558	35.759	35.7114	35.682	35.6814	35.7223	35.7214	35.6915	35.7054	35.6803	35.7123	35.7317	35.6554	35.5445	35.5528	35.704	35.7857	36.405
Hte-ATic_019-Ex1-cssl	36.348	36.3748	36.4326	36.4547	36.4794	36.4895	36.4671	36.4925	36.463	36.4858	36.5	36.4866	36.4862	36.4637	36.4522	36.4604	36.4648	36.445	36.4351	36.428	36.428	36.4167	36.3955	36.3763	36.3846	36.3543	36.3421	36.3524	36.3384	36.3398	36.3247	36.3172	36.3139	36.3178	36.3131	36.2992	36.2956	36.2786	36.2745	36.2693	36.2824	36.2731	36.2544	36.2528	36.2352	36.2445	36.2366	36.2351	36.2378	36.2156	36.2257	36.2401	36.2265	36.2179	36.2028	36.2231	36.2143	36.1991	36.2054	36.1947	36.1804	36.1836	36.1653	36.1617	36.1504	36.1581	36.1337	36.1156	36.1158	36.1061	36.1161	36.1145	36.1184	36.1056	36.0849	36.1018	36.0897	36.0794	36.0938	36.078	36.0807	36.0955	36.0763	36.0568	36.0467	36.0586	36.0321	36.0177	36.0364	36.0067	36.0175	36.0329	36.0251	36.0289	36.0029	35.9161	35.9427	35.9852	35.9361	35.9514	35.9529	35.9602	35.9313	35.9496	35.9347	35.9235	35.9016	35.9544	35.9049	35.9196	35.8931	35.8896	35.8732	35.88	35.8388	35.8419	35.8332	35.8596	35.8493	35.8299	35.8187	35.8366	35.8417	35.7795	35.8171	35.8243	35.8257	35.8348	35.8454	35.8557	35.8212	35.8195	35.8229	35.8355	35.7765	35.7695	35.7894	35.8246	35.7483	35.7515	35.7916	35.7718	35.7658	35.8023	35.7777	35.6524	35.6535	35.7821	35.8423	36.448
Hte-ATic_020-Ex1-cssl	36.3362	36.365	36.4222	36.4485	36.4803	36.4856	36.4681	36.4826	36.4525	36.4741	36.4835	36.4734	36.4763	36.4563	36.4576	36.4494	36.4478	36.4287	36.4349	36.4197	36.4172	36.4118	36.3905	36.3736	36.3771	36.3431	36.3337	36.3245	36.3258	36.3126	36.3148	36.3052	36.2948	36.2964	36.2804	36.2722	36.2645	36.2588	36.2529	36.2629	36.2642	36.2484	36.2411	36.2309	36.2094	36.2125	36.2159	36.2138	36.2146	36.1873	36.1974	36.2036	36.1924	36.1877	36.1765	36.176	36.1678	36.1665	36.1525	36.1385	36.123	36.1292	36.1157	36.1165	36.0956	36.1108	36.0946	36.0723	36.0624	36.0381	36.0206	36.0486	36.0458	36.0205	36.0216	36.0111	36.0074	36.0072	36.0003	35.984	35.9716	35.9987	35.9859	35.9626	35.963	35.9624	35.9379	35.928	35.9375	35.8999	35.9005	35.9077	35.8941	35.8974	35.8591	35.783	35.8048	35.8479	35.7966	35.8246	35.8222	35.8178	35.7972	35.8219	35.8208	35.7917	35.7981	35.7949	35.7793	35.791	35.7425	35.7318	35.7358	35.7175	35.7142	35.7263	35.7021	35.7067	35.7239	35.6925	35.6566	35.6885	35.6981	35.6409	35.6785	35.6877	35.6767	35.6877	35.6997	35.7054	35.685	35.6664	35.6802	35.6864	35.649	35.638	35.6561	35.622	35.6421	35.622	35.6428	35.6165	35.6288	35.6278	35.669	35.4834	35.5064	35.6617	35.7101	36.4022
Hte-ATic_021-Ex1-cssl	36.5083	36.4479	36.5097	36.5097	36.5317	36.5311	36.5046	36.5212	36.5011	36.5159	36.5317	36.5163	36.5118	36.4963	36.4946	36.4903	36.4923	36.4805	36.4712	36.4586	36.4608	36.4567	36.4288	36.4119	36.4021	36.3908	36.3747	36.3741	36.3697	36.3676	36.3583	36.3438	36.3399	36.3282	36.3297	36.3185	36.3148	36.3098	36.3002	36.3016	36.3038	36.2966	36.2758	36.2771	36.2533	36.2603	36.269	36.264	36.252	36.2389	36.2434	36.2498	36.2339	36.2341	36.2159	36.2214	36.2064	36.2113	36.1982	36.188	36.1702	36.179	36.1689	36.1509	36.1385	36.1633	36.1483	36.1328	36.1113	36.0917	36.089	36.1179	36.0811	36.0696	36.0686	36.0828	36.0695	36.0581	36.0655	36.0403	36.0569	36.0662	36.0484	36.0358	36.007	36.0265	36.0097	35.9967	36.005	35.9885	35.9745	35.9971	35.9814	35.9873	35.9515	35.856	35.8967	35.9352	35.8942	35.9198	35.9149	35.8945	35.8847	35.8937	35.9066	35.8531	35.8637	35.9061	35.8648	35.8492	35.8591	35.8364	35.819	35.8202	35.791	35.819	35.7668	35.8232	35.8165	35.7743	35.7592	35.777	35.8028	35.7057	35.7653	35.7588	35.7482	35.7668	35.7892	35.782	35.7801	35.7579	35.7435	35.7408	35.7346	35.7064	35.7145	35.7196	35.7107	35.6861	35.7092	35.6751	35.74	35.7347	35.6933	35.5631	35.6258	35.6971	35.777	36.4199
Hte-ATic_022-Ex1-cssl	36.2981	36.3616	36.424	36.4568	36.4875	36.4959	36.4766	36.4992	36.4779	36.4907	36.5064	36.4953	36.5024	36.4735	36.4735	36.4656	36.4704	36.4653	36.4484	36.4426	36.4324	36.4308	36.4102	36.399	36.405	36.373	36.3584	36.3523	36.3465	36.3411	36.3294	36.342	36.3175	36.3264	36.3188	36.3007	36.2873	36.2987	36.2789	36.2787	36.282	36.2593	36.2694	36.2492	36.2277	36.2216	36.2481	36.2307	36.2285	36.202	36.21	36.2224	36.2101	36.2119	36.1864	36.194	36.1899	36.1792	36.1815	36.1742	36.1565	36.1556	36.1505	36.1418	36.1361	36.1374	36.1287	36.0859	36.0788	36.058	36.0473	36.0724	36.0636	36.0556	36.0341	36.0669	36.0491	36.0348	36.0441	36.0282	36.0263	36.0413	36.0421	36.0178	35.9783	36.0196	36.0111	35.9684	35.9876	35.9709	35.9794	35.9704	35.971	35.9788	35.9429	35.8762	35.8784	35.9165	35.8789	35.9152	35.8874	35.8956	35.8881	35.8869	35.9078	35.8872	35.8587	35.9148	35.8668	35.8672	35.8607	35.852	35.8482	35.7841	35.7782	35.8174	35.7958	35.82	35.7796	35.7859	35.7241	35.7473	35.7878	35.6925	35.7502	35.7663	35.7484	35.7857	35.8309	35.7766	35.7843	35.7777	35.7909	35.7704	35.7374	35.6929	35.7364	35.7926	35.7219	35.7365	35.7788	35.7327	35.7389	35.7258	35.6965	35.5893	35.6238	35.7094	35.802	36.4155
Hte-ATic_023-Ex1-cssl	36.286	36.3531	36.4153	36.4418	36.4761	36.4861	36.4608	36.4853	36.4684	36.4775	36.4955	36.4866	36.4889	36.4721	36.4654	36.4619	36.4614	36.4472	36.4412	36.4334	36.4319	36.4151	36.4064	36.3884	36.3817	36.3688	36.3472	36.3404	36.3338	36.3375	36.3278	36.3343	36.3255	36.3155	36.3136	36.3028	36.3001	36.2902	36.2734	36.2788	36.2882	36.266	36.2569	36.2626	36.238	36.2414	36.2473	36.2479	36.2426	36.2224	36.239	36.2455	36.2222	36.2228	36.2155	36.2171	36.2089	36.2132	36.2043	36.1891	36.1831	36.1718	36.1773	36.1669	36.1641	36.1547	36.1593	36.135	36.1341	36.0796	36.0984	36.1084	36.1104	36.0741	36.0873	36.0946	36.0801	36.09	36.0772	36.0579	36.0579	36.0892	36.0664	36.0479	36.0287	36.0571	36.0372	36.0116	36.0352	36.0153	36.0171	36.0154	36.003	36.0044	35.9936	35.8965	35.9381	35.9781	35.9067	35.9554	35.9458	35.9406	35.9225	35.9352	35.9454	35.9049	35.9176	35.9454	35.9253	35.8937	35.8786	35.8523	35.873	35.863	35.8323	35.8471	35.846	35.8176	35.8053	35.8413	35.7654	35.8135	35.827	35.7624	35.831	35.8266	35.7886	35.8005	35.8268	35.8265	35.8098	35.8234	35.8054	35.8251	35.7366	35.7731	35.7866	35.8149	35.7826	35.7415	35.7742	35.7252	35.7846	35.7959	35.7316	35.6274	35.6256	35.7495	35.838	36.4257
Hte-ATic_024-Ex1-cssl	36.383	36.3896	36.4437	36.4667	36.4936	36.4979	36.4766	36.4943	36.4801	36.4855	36.4993	36.4923	36.4912	36.4723	36.4711	36.4638	36.4677	36.4547	36.453	36.4368	36.4383	36.4182	36.4079	36.39	36.3961	36.3657	36.3543	36.339	36.3387	36.3275	36.3128	36.3214	36.3002	36.3062	36.3221	36.3031	36.2918	36.281	36.2677	36.2682	36.2723	36.2608	36.2556	36.2418	36.2308	36.2393	36.2379	36.2362	36.21	36.2216	36.2113	36.2327	36.2086	36.2076	36.1912	36.1988	36.1964	36.1874	36.1743	36.1532	36.1496	36.1498	36.1467	36.1361	36.1351	36.1376	36.1132	36.1079	36.1081	36.0597	36.0549	36.0837	36.0581	36.0555	36.0297	36.0482	36.0376	36.0244	36.0394	36.0125	36.0213	36.0301	36.023	35.9894	35.9745	35.9931	35.9413	35.9322	35.9634	35.9177	35.9151	35.9273	35.9049	35.899	35.8873	35.7733	35.7984	35.8648	35.8127	35.8486	35.8294	35.8046	35.7966	35.8107	35.8011	35.7938	35.8003	35.8007	35.7907	35.7612	35.7302	35.6978	35.7242	35.6819	35.6759	35.7034	35.7053	35.7283	35.6718	35.6966	35.6957	35.6865	35.6587	35.5965	35.6267	35.6369	35.6596	35.6469	35.6482	35.6645	35.6203	35.675	35.6468	35.6284	35.6121	35.6209	35.6361	35.5857	35.6104	35.6063	35.6205	35.5879	35.6427	35.6303	35.6027	35.4639	35.4821	35.5905	35.6931	36.3971
Hte-ATic_025-Ex1-cssl	36.2962	36.3347	36.4015	36.4366	36.4659	36.473	36.4481	36.4709	36.4413	36.4527	36.4703	36.4577	36.4641	36.4369	36.4364	36.4289	36.4319	36.4323	36.4108	36.3933	36.3975	36.3908	36.3722	36.3609	36.3506	36.3277	36.3141	36.3065	36.3106	36.3061	36.3049	36.3041	36.2863	36.294	36.2899	36.2647	36.2592	36.2562	36.2445	36.2609	36.2503	36.2425	36.2286	36.2255	36.1991	36.2039	36.221	36.2087	36.1845	36.1847	36.1836	36.2016	36.1838	36.1784	36.1672	36.1698	36.1453	36.1535	36.1471	36.1355	36.104	36.1275	36.1253	36.0999	36.0985	36.1066	36.0894	36.0663	36.0336	36.0253	36.0277	36.0597	36.0405	36.0384	36.0173	36.0238	36.0274	36.0208	36.0081	36.0101	35.9993	36.0176	36.0062	35.9951	35.9563	35.988	35.9743	35.9406	35.9777	35.928	35.91	35.9677	35.9208	35.9408	35.9218	35.8446	35.8447	35.9119	35.8626	35.8722	35.8545	35.8653	35.8464	35.8551	35.8635	35.8481	35.8509	35.8564	35.8397	35.8239	35.8329	35.7915	35.8021	35.7786	35.7528	35.7878	35.783	35.7658	35.7418	35.7518	35.6936	35.7303	35.7492	35.6674	35.704	35.7062	35.6997	35.7402	35.7523	35.7695	35.7255	35.7141	35.69	35.7311	35.6993	35.6486	35.7022	35.7097	35.6687	35.6723	35.7016	35.679	35.7129	35.6844	35.7033	35.5721	35.5804	35.6717	35.7994	36.4088
Hte-ATic_026-Ex1-cssl	36.4324	36.3911	36.4649	36.467	36.4936	36.4895	36.4618	36.4727	36.4429	36.4635	36.4836	36.4752	36.4714	36.4503	36.4537	36.4437	36.4458	36.4308	36.4168	36.4107	36.4091	36.399	36.3748	36.3616	36.364	36.3305	36.3183	36.3082	36.3021	36.3023	36.2901	36.2944	36.2764	36.2672	36.2672	36.2455	36.2391	36.2264	36.2173	36.2253	36.2234	36.2158	36.2036	36.1916	36.1768	36.1734	36.1818	36.1646	36.1491	36.1466	36.1527	36.1618	36.1488	36.1359	36.1283	36.1209	36.1127	36.0994	36.0931	36.08	36.0633	36.0716	36.0661	36.0456	36.0437	36.0415	36.0238	35.9947	35.9766	35.9521	35.949	35.9765	35.9539	35.9467	35.9534	35.9422	35.9325	35.9178	35.9124	35.9008	35.8963	35.9057	35.9022	35.8853	35.8631	35.877	35.8614	35.8328	35.8447	35.8139	35.8051	35.8177	35.8124	35.8091	35.7854	35.6956	35.7208	35.7614	35.715	35.7217	35.7144	35.7098	35.6877	35.7004	35.7208	35.6705	35.6817	35.7009	35.6662	35.6554	35.6459	35.6071	35.6074	35.5762	35.5635	35.581	35.5695	35.5578	35.54	35.5341	35.4849	35.5135	35.5315	35.4416	35.4844	35.4966	35.4741	35.4872	35.5118	35.4969	35.4808	35.4769	35.4665	35.4643	35.4344	35.392	35.4196	35.4357	35.3971	35.3848	35.4219	35.3821	35.4044	35.4056	35.3718	35.226	35.2782	35.4145	35.5478	36.3104
Hte-ATic_027-Ex1-cssl	36.4611	36.4146	36.4757	36.492	36.505	36.5048	36.4814	36.4961	36.4696	36.4815	36.5044	36.4928	36.4866	36.4685	36.4727	36.4658	36.4661	36.4483	36.4402	36.418	36.4243	36.4141	36.3952	36.3758	36.3823	36.3576	36.3394	36.3299	36.3355	36.3125	36.3133	36.3285	36.2967	36.2998	36.287	36.2733	36.2501	36.25	36.2407	36.2467	36.255	36.2377	36.2245	36.2155	36.2016	36.202	36.2076	36.1944	36.1767	36.1731	36.1838	36.1826	36.1782	36.1634	36.1526	36.1482	36.1389	36.1169	36.1092	36.1175	36.08	36.0975	36.1043	36.0799	36.0699	36.0808	36.0528	36.0344	36.0271	35.9925	35.9943	36.0207	36.0027	35.9781	35.9823	35.9888	35.9819	35.9581	35.9661	35.9545	35.9464	35.9642	35.9365	35.9293	35.9155	35.9229	35.9108	35.8885	35.8986	35.8554	35.8709	35.8824	35.873	35.8831	35.8278	35.7448	35.7876	35.8264	35.7699	35.7943	35.7767	35.7739	35.743	35.759	35.7749	35.7303	35.7507	35.7698	35.7341	35.7348	35.7301	35.6911	35.6783	35.6658	35.647	35.6526	35.654	35.6128	35.6206	35.6048	35.5667	35.5866	35.6217	35.538	35.5748	35.6014	35.5696	35.5828	35.5973	35.5995	35.539	35.5825	35.5609	35.5396	35.4979	35.5075	35.5039	35.5353	35.4718	35.4669	35.5141	35.5191	35.4798	35.5168	35.4781	35.3083	35.3564	35.5099	35.6411	36.3584
Hte-ATic_029-Ex1-cssl	36.0971	36.2729	36.3346	36.3899	36.4261	36.4473	36.4376	36.4597	36.4288	36.448	36.4653	36.456	36.4575	36.4399	36.4292	36.4324	36.4305	36.4207	36.4245	36.4032	36.4023	36.3985	36.3707	36.3617	36.3634	36.3363	36.3283	36.3205	36.3209	36.311	36.3081	36.3138	36.293	36.2871	36.2869	36.2804	36.2705	36.26	36.2539	36.2501	36.2556	36.2419	36.2341	36.225	36.2116	36.2284	36.2294	36.1976	36.2075	36.1963	36.1943	36.2011	36.197	36.1845	36.1797	36.1854	36.1686	36.1672	36.1629	36.1493	36.1345	36.1307	36.1212	36.1014	36.0995	36.1208	36.1083	36.0893	36.0634	36.0231	36.0496	36.0623	36.0504	36.0328	36.0156	36.0324	36.0386	36.0207	36.0248	36.0155	36.0111	36.0046	36.0104	35.9763	35.9648	35.9765	35.9678	35.9496	35.9705	35.9315	35.9464	35.9587	35.9243	35.9302	35.8958	35.8168	35.8565	35.8924	35.8221	35.8724	35.853	35.8648	35.8298	35.8425	35.8608	35.8407	35.8367	35.8549	35.8307	35.824	35.802	35.7802	35.7847	35.7462	35.7253	35.7735	35.7415	35.7535	35.7256	35.7226	35.6894	35.7236	35.7416	35.6482	35.6965	35.7154	35.6838	35.7504	35.7123	35.7424	35.7214	35.7185	35.7129	35.7357	35.6649	35.6528	35.6759	35.7146	35.6399	35.639	35.6854	35.6522	35.6974	35.6759	35.6875	35.5313	35.5422	35.6867	35.7541	36.3993
Hte-ATic_030-Ex1-cssl	36.453	36.405	36.4717	36.4819	36.5046	36.5092	36.484	36.4994	36.4744	36.4905	36.507	36.4955	36.4895	36.4753	36.4673	36.4651	36.4655	36.4542	36.4423	36.4356	36.4336	36.4265	36.4085	36.3939	36.39	36.3637	36.3514	36.3445	36.3455	36.3425	36.3347	36.3391	36.3256	36.3218	36.3198	36.3061	36.2999	36.2922	36.2806	36.2881	36.289	36.2797	36.2645	36.2603	36.2432	36.2457	36.2528	36.2425	36.2369	36.2289	36.2289	36.2348	36.2327	36.2249	36.2117	36.2058	36.2046	36.1959	36.1947	36.1817	36.1708	36.172	36.1763	36.1531	36.1437	36.1547	36.1369	36.1194	36.1135	36.085	36.0826	36.1069	36.0906	36.0779	36.0788	36.0853	36.07	36.0643	36.0706	36.0557	36.048	36.0633	36.0509	36.0416	36.0175	36.0321	36.0157	35.9967	36.0084	35.9858	35.9833	35.9993	35.9839	35.9869	35.9532	35.8779	35.9058	35.9447	35.8989	35.9156	35.9186	35.9058	35.9009	35.9082	35.9156	35.882	35.8873	35.9162	35.8855	35.8668	35.8745	35.8362	35.8517	35.8248	35.8016	35.8236	35.796	35.8113	35.7919	35.7935	35.7572	35.7777	35.8022	35.7215	35.7636	35.7793	35.7499	35.7723	35.7878	35.791	35.7838	35.7868	35.771	35.7721	35.7429	35.7119	35.7394	35.7553	35.7286	35.7063	35.7299	35.6963	35.7214	35.734	35.6878	35.5607	35.5872	35.7139	35.7986	36.4123
Hte-ATic_031-Ex1-cssl	36.3581	36.3598	36.4266	36.4515	36.4776	36.4853	36.4536	36.4751	36.4545	36.4688	36.4885	36.4802	36.4719	36.4483	36.4493	36.4351	36.4445	36.4358	36.4162	36.4105	36.4039	36.4027	36.376	36.3667	36.3598	36.3292	36.3185	36.3135	36.3021	36.292	36.2997	36.2913	36.281	36.2734	36.2687	36.2495	36.2489	36.2325	36.2187	36.2242	36.2344	36.2268	36.1978	36.1952	36.1655	36.1821	36.1747	36.1581	36.1576	36.147	36.1536	36.1523	36.1453	36.138	36.1229	36.1194	36.1203	36.1143	36.1115	36.0792	36.0698	36.0693	36.0674	36.0526	36.0434	36.0576	36.0275	36.0214	35.9946	35.9656	35.9709	35.9982	35.9756	35.9398	35.9547	35.9482	35.9563	35.9362	35.9415	35.9326	35.9193	35.9412	35.9225	35.8995	35.8842	35.8858	35.8591	35.8623	35.8586	35.8352	35.828	35.8237	35.8302	35.8273	35.7746	35.6835	35.7009	35.7643	35.7327	35.7319	35.7264	35.7073	35.6849	35.7183	35.717	35.6632	35.6936	35.7087	35.6531	35.6666	35.6533	35.6358	35.623	35.6247	35.5621	35.6221	35.6043	35.5866	35.5529	35.5836	35.5279	35.5427	35.5543	35.4805	35.5155	35.5453	35.5192	35.5651	35.5753	35.5452	35.5496	35.5223	35.5592	35.5025	35.5085	35.4824	35.4946	35.4856	35.4864	35.4644	35.4882	35.4728	35.4768	35.4803	35.4271	35.3355	35.3895	35.4708	35.6037	36.3444
Hte-ATic_032-Ex1-cssl	36.2168	36.3122	36.3737	36.4043	36.4417	36.4516	36.4335	36.4556	36.4378	36.4509	36.4691	36.4554	36.4545	36.4288	36.4251	36.4257	36.4276	36.4162	36.4004	36.3976	36.3936	36.3825	36.3649	36.3458	36.3404	36.3192	36.2976	36.3004	36.308	36.2967	36.2834	36.2889	36.2781	36.2723	36.2797	36.2554	36.2504	36.2538	36.2414	36.2375	36.24	36.2292	36.2241	36.2091	36.2014	36.195	36.2063	36.1921	36.1941	36.1758	36.1791	36.1987	36.1931	36.1758	36.1585	36.152	36.1655	36.1436	36.1527	36.14	36.1197	36.1278	36.1047	36.0889	36.0894	36.0929	36.081	36.0628	36.0664	36.037	36.0304	36.0496	36.0161	36.0152	35.9947	36.0152	36.0067	35.99	35.9988	35.9771	35.9737	35.9675	35.9816	35.9454	35.9253	35.9339	35.909	35.9051	35.9302	35.899	35.8921	35.8897	35.8781	35.8824	35.8491	35.74	35.7763	35.8319	35.7713	35.7959	35.8037	35.7815	35.7778	35.7862	35.7888	35.7327	35.7464	35.7676	35.751	35.7206	35.7219	35.6758	35.6965	35.6613	35.6568	35.6715	35.6374	35.6612	35.6399	35.6362	35.5852	35.6187	35.6392	35.5781	35.6056	35.6443	35.5821	35.6232	35.6419	35.6494	35.6261	35.6299	35.6121	35.6412	35.5797	35.5657	35.5993	35.6035	35.5941	35.564	35.5935	35.5835	35.5952	35.5749	35.5785	35.4794	35.4574	35.5867	35.6887	36.3776
Hte-ATic_033-Ex1-cssl	36.4247	36.4097	36.4631	36.4771	36.5024	36.5164	36.4959	36.5097	36.4875	36.5046	36.5137	36.5018	36.4952	36.4751	36.4743	36.471	36.4736	36.4619	36.4546	36.4371	36.4427	36.4334	36.4052	36.3866	36.3884	36.37	36.3618	36.3574	36.3429	36.3347	36.3369	36.3298	36.3228	36.3125	36.3127	36.2958	36.2932	36.278	36.2743	36.2767	36.2777	36.2645	36.2518	36.2488	36.223	36.2358	36.2396	36.2316	36.2225	36.2093	36.214	36.2174	36.206	36.1989	36.1857	36.1941	36.1682	36.1712	36.1685	36.164	36.1459	36.14	36.1425	36.121	36.1176	36.1255	36.1042	36.0967	36.0727	36.059	36.0627	36.0718	36.0465	36.0602	36.0372	36.0557	36.0504	36.0263	36.026	36.0232	36.0178	36.0147	36.0213	35.9962	35.9914	36.0	35.9863	35.9567	35.9847	35.9591	35.9423	35.961	35.9296	35.9496	35.9128	35.8366	35.8565	35.902	35.8641	35.8654	35.883	35.8525	35.8419	35.843	35.8577	35.8116	35.8282	35.8505	35.815	35.8278	35.802	35.7669	35.7919	35.758	35.7404	35.7566	35.7114	35.7441	35.7348	35.694	35.6762	35.6927	35.7143	35.6622	35.6717	35.6782	35.6547	35.7062	35.7001	35.7095	35.7036	35.6873	35.6765	35.6894	35.6365	35.6262	35.6513	35.6479	35.6423	35.6106	35.6265	35.6047	35.6005	35.6704	35.628	35.4981	35.5191	35.6195	35.7091	36.4068
Hte-ATic_034-Ex1-cssl	36.3809	36.3839	36.441	36.464	36.493	36.4952	36.47	36.5016	36.4845	36.4975	36.4838	36.4894	36.4885	36.4634	36.4723	36.4653	36.469	36.4588	36.445	36.43	36.4394	36.4296	36.4057	36.3954	36.389	36.3712	36.3583	36.3467	36.354	36.3578	36.3341	36.3381	36.3348	36.3291	36.3183	36.3079	36.2925	36.2974	36.2871	36.2841	36.2887	36.2637	36.2609	36.2375	36.2282	36.2627	36.2465	36.2426	36.2329	36.227	36.2271	36.2292	36.2101	36.197	36.2016	36.2071	36.1875	36.1692	36.1877	36.1688	36.1542	36.1489	36.1618	36.1226	36.1274	36.1193	36.1005	36.0769	36.0759	36.0366	36.0379	36.0623	36.0424	36.0391	36.0325	36.0353	36.0393	36.0398	36.0209	36.0011	35.9886	36.0063	36.0031	35.9892	35.9759	35.9658	35.9599	35.9267	35.9292	35.9094	35.9164	35.8984	35.9185	35.925	35.8975	35.8158	35.8413	35.8897	35.854	35.8526	35.8522	35.8608	35.8315	35.8321	35.855	35.8071	35.8245	35.8387	35.798	35.8001	35.765	35.745	35.7622	35.7332	35.7502	35.7626	35.7374	35.6995	35.7129	35.7024	35.6887	35.7233	35.7373	35.6447	35.7217	35.733	35.6803	35.6935	35.7109	35.6931	35.723	35.704	35.6922	35.7075	35.6655	35.6263	35.6801	35.6888	35.6859	35.6323	35.6569	35.6139	35.667	35.6628	35.5889	35.4922	35.5628	35.6445	35.7956	36.4209
Hte-ATic_035-Ex1-cssl	36.3602	36.3797	36.4445	36.4474	36.4747	36.478	36.4663	36.4754	36.4618	36.4701	36.4831	36.4719	36.4701	36.4491	36.4569	36.4443	36.447	36.4374	36.4215	36.4171	36.4133	36.4085	36.3816	36.364	36.3651	36.3421	36.3242	36.3185	36.3117	36.3099	36.3111	36.3034	36.2926	36.2864	36.2855	36.2652	36.2609	36.2556	36.2454	36.2444	36.2464	36.2331	36.2179	36.2022	36.1802	36.194	36.1926	36.178	36.1672	36.1526	36.1412	36.1712	36.1426	36.1397	36.1093	36.1214	36.1116	36.1018	36.099	36.086	36.0806	36.069	36.0518	36.0349	36.0355	36.054	36.019	35.9926	35.9902	35.9698	35.9488	35.9596	35.9436	35.9473	35.9301	35.9394	35.9376	35.9152	35.911	35.8939	35.9095	35.894	35.895	35.8579	35.85	35.8709	35.8247	35.8154	35.8365	35.8119	35.7996	35.7909	35.7835	35.8021	35.7485	35.6644	35.6944	35.7374	35.6885	35.7207	35.7012	35.7023	35.6709	35.6752	35.6695	35.6393	35.6274	35.6676	35.644	35.6426	35.6059	35.5647	35.5832	35.5687	35.5227	35.5325	35.5157	35.5279	35.5309	35.5036	35.4334	35.5093	35.529	35.422	35.4773	35.5021	35.4296	35.4539	35.4927	35.487	35.474	35.4724	35.4388	35.4807	35.4456	35.3692	35.4017	35.4504	35.3953	35.3613	35.4125	35.3959	35.4489	35.4417	35.415	35.2734	35.3063	35.4293	35.56	36.3397
Hte-ATic_036-Ex1-cssl	36.3239	36.3494	36.4205	36.4388	36.4711	36.4742	36.4561	36.4721	36.4492	36.4688	36.4813	36.47	36.4678	36.4503	36.4448	36.4419	36.4427	36.4259	36.417	36.4007	36.3998	36.3939	36.3793	36.3545	36.356	36.333	36.3215	36.3148	36.3109	36.2989	36.2995	36.2898	36.2849	36.2712	36.2799	36.2617	36.2534	36.2493	36.237	36.2338	36.2357	36.2302	36.2213	36.2096	36.1935	36.1977	36.2065	36.1986	36.1838	36.1673	36.1796	36.1854	36.1772	36.1657	36.157	36.1554	36.1471	36.1433	36.1307	36.1171	36.1043	36.1029	36.1116	36.077	36.0776	36.0738	36.0693	36.0461	36.0295	36.003	35.9967	36.0156	36.009	35.9931	35.9928	35.9843	35.9844	35.9702	35.971	35.9632	35.9679	35.9617	35.9506	35.9227	35.8898	35.9165	35.8798	35.8705	35.8923	35.848	35.8496	35.8584	35.8333	35.8492	35.7984	35.7246	35.7284	35.785	35.7536	35.7746	35.7461	35.7378	35.7261	35.7367	35.7467	35.7136	35.7301	35.759	35.7222	35.6875	35.7124	35.6634	35.6925	35.6312	35.6175	35.6624	35.6468	35.6574	35.6185	35.6081	35.5961	35.5969	35.6397	35.5501	35.6127	35.633	35.5814	35.6153	35.6292	35.6174	35.62	35.601	35.5989	35.6195	35.5686	35.555	35.6187	35.6146	35.5886	35.5682	35.5965	35.559	35.5528	35.5946	35.5607	35.4463	35.4461	35.5714	35.6856	36.3833
Hte-ATic_037-Ex1-cssl	36.3588	36.3687	36.4322	36.4447	36.4742	36.4806	36.4617	36.4799	36.4522	36.47	36.4861	36.4759	36.4751	36.4586	36.4586	36.4527	36.4479	36.4453	36.433	36.4159	36.4213	36.4116	36.3894	36.3683	36.3668	36.352	36.3339	36.3229	36.329	36.3199	36.3263	36.3169	36.3109	36.3035	36.31	36.2896	36.2894	36.2699	36.2513	36.2637	36.2678	36.2509	36.2373	36.2431	36.2078	36.233	36.2442	36.2263	36.2294	36.2069	36.2103	36.2143	36.2166	36.1916	36.1801	36.1971	36.173	36.1805	36.1867	36.1624	36.1547	36.1422	36.1532	36.1182	36.1029	36.1354	36.1066	36.0992	36.0716	36.0447	36.0472	36.0608	36.05	36.0482	36.0455	36.0331	36.032	36.0275	36.0263	36.01	36.0112	36.0223	36.015	35.9981	35.9817	36.0018	35.9688	35.9705	35.9743	35.9535	35.9446	35.9566	35.9598	35.9616	35.9361	35.854	35.881	35.9157	35.8663	35.8835	35.8863	35.8837	35.8486	35.8531	35.8783	35.8421	35.8729	35.868	35.8362	35.8206	35.8377	35.8033	35.7992	35.7897	35.7991	35.8284	35.8068	35.7789	35.764	35.7621	35.7315	35.7292	35.773	35.6958	35.7362	35.7374	35.74	35.7507	35.7928	35.777	35.7966	35.7769	35.7741	35.7474	35.7421	35.676	35.7289	35.7224	35.7409	35.7031	35.7365	35.6946	35.7299	35.671	35.6827	35.5815	35.616	35.7054	35.8084	36.4087
Hte-ATic_038-Ex1-cssl	36.393	36.3858	36.4525	36.4679	36.4975	36.4949	36.4741	36.4909	36.4666	36.4875	36.4977	36.4889	36.4852	36.4665	36.4677	36.4529	36.4561	36.449	36.441	36.422	36.4197	36.4181	36.4015	36.3807	36.3713	36.3582	36.3338	36.3257	36.3304	36.3181	36.3138	36.32	36.3049	36.3001	36.2837	36.2954	36.2763	36.2636	36.2568	36.2558	36.2508	36.2393	36.2341	36.2228	36.205	36.213	36.2192	36.2126	36.1907	36.1907	36.1962	36.199	36.185	36.1837	36.1699	36.1653	36.161	36.1579	36.1493	36.151	36.1238	36.1196	36.1282	36.0995	36.0998	36.1013	36.0911	36.0622	36.0556	36.0226	36.0206	36.0337	36.0265	36.0174	35.9995	36.007	36.0051	36.0037	36.0004	35.9793	35.9892	35.9873	35.986	35.9707	35.9411	35.9707	35.9458	35.9211	35.915	35.9056	35.9211	35.9272	35.92	35.9228	35.8728	35.8082	35.8269	35.8816	35.8407	35.8477	35.8416	35.8294	35.8037	35.8068	35.8351	35.7943	35.7958	35.8308	35.7957	35.7809	35.7712	35.7726	35.7403	35.7203	35.7095	35.7117	35.6973	35.738	35.6729	35.6547	35.6625	35.6344	35.7436	35.6042	35.6503	35.683	35.6285	35.6581	35.6473	35.6725	35.6574	35.7033	35.6399	35.6496	35.6191	35.5879	35.6218	35.6168	35.5844	35.5878	35.6358	35.6012	35.6236	35.6092	35.5761	35.4522	35.5043	35.615	35.6905	36.3742
Hte-ATic_039-Ex1-cssl	36.1875	36.3053	36.3577	36.4178	36.4539	36.4737	36.4583	36.4776	36.4563	36.4712	36.4889	36.4856	36.4837	36.4553	36.452	36.4553	36.452	36.4426	36.4289	36.4146	36.4189	36.4146	36.3866	36.3794	36.3743	36.3478	36.3433	36.3394	36.339	36.3193	36.3255	36.3223	36.3082	36.3102	36.3084	36.2901	36.2899	36.2796	36.2704	36.277	36.2793	36.2564	36.2574	36.2489	36.2335	36.2352	36.2442	36.2284	36.2288	36.2252	36.216	36.2331	36.2294	36.196	36.1919	36.194	36.191	36.1923	36.1878	36.1691	36.1611	36.1638	36.1613	36.1573	36.1484	36.1498	36.1438	36.1185	36.1012	36.0722	36.0685	36.0892	36.0837	36.0856	36.0669	36.0771	36.0641	36.0454	36.0397	36.0343	36.0144	36.0478	36.0395	36.009	36.0109	36.0111	35.9922	35.9701	36.0106	35.9604	35.9725	35.9739	35.9804	35.9904	35.9409	35.8853	35.8803	35.9327	35.882	35.9092	35.9067	35.8984	35.8974	35.9052	35.8962	35.8781	35.8789	35.8794	35.878	35.8583	35.8483	35.8214	35.8396	35.8075	35.7854	35.7969	35.7782	35.7949	35.7675	35.7736	35.7321	35.7618	35.7721	35.6926	35.7358	35.7438	35.7542	35.7625	35.7866	35.7502	35.7476	35.7637	35.7678	35.7526	35.7237	35.7021	35.7252	35.7251	35.7191	35.6728	35.7191	35.6808	35.6977	35.7053	35.6962	35.5612	35.5822	35.7106	35.8048	36.4072
Hte-ATic_041-Ex1-cssl	36.4885	36.419	36.4896	36.4909	36.5052	36.5085	36.4832	36.498	36.4733	36.4896	36.4967	36.4895	36.4849	36.4686	36.4671	36.4617	36.4593	36.4513	36.4398	36.4295	36.4297	36.4209	36.3971	36.3834	36.3794	36.3546	36.34	36.3311	36.3291	36.3246	36.3157	36.3162	36.3008	36.2913	36.2924	36.2786	36.2687	36.2602	36.2564	36.2551	36.2577	36.2447	36.2321	36.2216	36.2029	36.2065	36.2076	36.1996	36.1923	36.1818	36.1797	36.1912	36.1805	36.172	36.1581	36.1568	36.1546	36.1432	36.1368	36.1209	36.1068	36.1103	36.1034	36.081	36.0782	36.0914	36.0664	36.0453	36.0421	35.9998	35.9962	36.0273	36.0011	35.9923	35.9929	35.9857	35.9829	35.9703	35.9735	35.9537	35.9624	35.9613	35.9596	35.9388	35.9149	35.9313	35.9098	35.8882	35.912	35.875	35.8726	35.8762	35.8827	35.8763	35.8367	35.7532	35.7891	35.8189	35.7791	35.7869	35.7886	35.7772	35.7665	35.7693	35.7844	35.739	35.7459	35.7677	35.7399	35.7154	35.7122	35.6754	35.6893	35.6516	35.6316	35.6538	35.6399	35.6214	35.5989	35.6026	35.5574	35.5743	35.5973	35.5159	35.5459	35.5662	35.5207	35.5528	35.5728	35.5574	35.5316	35.5313	35.527	35.5206	35.476	35.4443	35.4768	35.4883	35.4435	35.4308	35.4604	35.4177	35.4423	35.4286	35.4148	35.2658	35.2865	35.4287	35.5579	36.3255
Hte-ATic_044-Ex1-cssl	36.3533	36.3667	36.4391	36.4545	36.4857	36.4934	36.4672	36.4831	36.4671	36.4899	36.5002	36.4877	36.4827	36.4656	36.4671	36.4595	36.4567	36.445	36.4422	36.4312	36.4327	36.4249	36.4054	36.3905	36.385	36.3583	36.3449	36.3326	36.335	36.3338	36.3208	36.3219	36.3141	36.3099	36.3045	36.2918	36.2942	36.2824	36.2724	36.2784	36.2688	36.2636	36.2554	36.2385	36.22	36.2322	36.2352	36.2426	36.235	36.2204	36.2153	36.2273	36.2061	36.1962	36.1872	36.1886	36.1951	36.1815	36.1808	36.1644	36.148	36.1559	36.1539	36.1366	36.1411	36.1299	36.1243	36.1083	36.0751	36.0734	36.0717	36.0962	36.0618	36.0631	36.0717	36.0664	36.0609	36.0487	36.0553	36.0407	36.0417	36.0399	36.0305	36.0269	36.0098	36.0128	36.0231	35.9902	36.0082	35.9853	35.9691	35.9791	35.9669	35.9742	35.9446	35.8577	35.908	35.9353	35.9127	35.9122	35.9377	35.9095	35.8878	35.9026	35.908	35.8835	35.8883	35.9221	35.8813	35.8798	35.8661	35.8588	35.8733	35.8328	35.8092	35.8285	35.8286	35.8079	35.7961	35.7907	35.7557	35.7811	35.8056	35.7412	35.7396	35.7806	35.7593	35.7974	35.8127	35.7746	35.7648	35.7854	35.7773	35.7932	35.746	35.7326	35.7623	35.756	35.7574	35.7304	35.7432	35.7099	35.7407	35.7662	35.7016	35.5939	35.6337	35.7591	35.818	36.4292
Hte-ATic_045-Ex1-cssl	36.3434	36.3563	36.4208	36.4502	36.4775	36.4811	36.4665	36.4918	36.4659	36.4848	36.4993	36.4931	36.4876	36.4639	36.4566	36.4588	36.4591	36.444	36.4394	36.4327	36.4292	36.4175	36.4136	36.3882	36.3851	36.3625	36.3622	36.3425	36.3501	36.3385	36.3321	36.341	36.3186	36.3212	36.319	36.3093	36.2919	36.3012	36.2951	36.2887	36.2856	36.2775	36.2758	36.27	36.2443	36.2401	36.2744	36.2545	36.2543	36.2364	36.236	36.2415	36.2348	36.2062	36.2131	36.2171	36.2151	36.2033	36.2088	36.1998	36.1704	36.1852	36.1799	36.1581	36.1567	36.1618	36.1558	36.1498	36.1292	36.0964	36.115	36.1244	36.0965	36.1071	36.097	36.0864	36.0867	36.0893	36.0892	36.0773	36.0603	36.0869	36.0812	36.0607	36.0461	36.0593	36.0356	36.0134	36.0514	36.0195	36.0239	36.0379	36.025	36.0244	35.9792	35.9223	35.9412	35.9801	35.9399	35.9549	35.9476	35.9353	35.9389	35.9337	35.9551	35.918	35.9246	35.9339	35.911	35.9173	35.9026	35.8782	35.8977	35.8366	35.8477	35.8637	35.8536	35.8425	35.8322	35.8254	35.7826	35.8134	35.8447	35.7519	35.7979	35.8316	35.804	35.8394	35.8374	35.8463	35.8384	35.8166	35.8273	35.8344	35.8175	35.7537	35.7552	35.7847	35.7692	35.7488	35.7746	35.7242	35.7522	35.7468	35.7431	35.6386	35.6276	35.7519	35.8335	36.4316
Hte-ATic_046-Ex1-cssl	36.3355	36.3567	36.4238	36.45	36.4776	36.4916	36.4659	36.4875	36.4664	36.4847	36.5027	36.4868	36.4909	36.4611	36.4555	36.4526	36.4529	36.4483	36.4389	36.4218	36.4316	36.4181	36.3972	36.3782	36.3716	36.3526	36.3404	36.3311	36.3314	36.3189	36.3165	36.317	36.3042	36.3009	36.3024	36.2854	36.2802	36.2826	36.2716	36.2631	36.2714	36.2523	36.2447	36.2374	36.2123	36.233	36.2349	36.2371	36.2186	36.2183	36.2114	36.2125	36.2006	36.1975	36.1707	36.1795	36.1697	36.1711	36.178	36.1615	36.1358	36.1335	36.1508	36.1087	36.12	36.1401	36.1147	36.1033	36.0799	36.0674	36.0621	36.089	36.0629	36.0534	36.0528	36.0612	36.0493	36.0358	36.0471	36.0319	36.0393	36.0491	36.0515	36.0173	35.9932	36.0123	36.0012	35.9776	35.9964	35.9639	35.9643	35.985	35.976	35.9696	35.9649	35.8586	35.8918	35.9337	35.8801	35.8941	35.8945	35.8991	35.8808	35.9041	35.9063	35.8781	35.886	35.9037	35.8669	35.8719	35.8756	35.7965	35.8343	35.8157	35.8079	35.8076	35.7657	35.7868	35.7866	35.7715	35.7442	35.748	35.7811	35.7094	35.7245	35.7755	35.723	35.7668	35.7734	35.7979	35.7476	35.7675	35.7418	35.7532	35.7037	35.719	35.7108	35.7271	35.6973	35.7019	35.7046	35.6756	35.7172	35.7222	35.7055	35.553	35.5514	35.7016	35.7937	36.4007
Hte-ATic_047-Ex1-cssl	36.441	36.3905	36.452	36.4676	36.4855	36.4935	36.4625	36.4837	36.4643	36.4797	36.5009	36.4846	36.4823	36.4576	36.4458	36.4544	36.4419	36.4399	36.4333	36.4222	36.4241	36.4158	36.3837	36.37	36.3632	36.3549	36.3363	36.3266	36.3166	36.3245	36.3131	36.3011	36.288	36.2884	36.2899	36.2714	36.2668	36.2562	36.2545	36.2481	36.2501	36.2336	36.232	36.2056	36.199	36.2097	36.2149	36.1909	36.1894	36.1655	36.1809	36.1883	36.1722	36.166	36.1418	36.1566	36.1482	36.1407	36.127	36.1282	36.0981	36.1202	36.099	36.0958	36.0755	36.0956	36.077	36.0523	36.047	36.0235	36.0292	36.0438	36.0197	36.0061	36.0054	36.0009	35.9924	35.9785	35.9934	35.9814	35.9706	35.9744	35.981	35.9673	35.9243	35.9493	35.927	35.9025	35.9206	35.9116	35.8998	35.9249	35.8952	35.8991	35.8374	35.7727	35.8119	35.8741	35.8177	35.8208	35.8353	35.8256	35.813	35.8157	35.8174	35.7574	35.7619	35.808	35.7764	35.7784	35.7583	35.7319	35.7401	35.6971	35.6738	35.6931	35.6754	35.6672	35.6375	35.6444	35.592	35.6572	35.6453	35.5868	35.6136	35.6282	35.5877	35.6158	35.6583	35.6424	35.6081	35.6667	35.6376	35.6518	35.58	35.5589	35.559	35.6142	35.5414	35.552	35.5884	35.5805	35.5373	35.611	35.5751	35.4766	35.4566	35.5376	35.742	36.3659
Hte-ATic_048-Ex1-cssl	36.4009	36.3877	36.4421	36.4606	36.4815	36.4834	36.4676	36.4872	36.4574	36.4705	36.4907	36.4807	36.481	36.4534	36.4464	36.4403	36.4494	36.4339	36.4248	36.4207	36.4216	36.4091	36.3842	36.373	36.3697	36.3434	36.329	36.3222	36.3297	36.3139	36.3042	36.3082	36.291	36.297	36.2854	36.2749	36.2641	36.2548	36.2448	36.2559	36.262	36.2529	36.2278	36.2201	36.2013	36.1952	36.2093	36.1963	36.2018	36.1764	36.187	36.1926	36.1766	36.1597	36.1596	36.1524	36.1452	36.1505	36.1433	36.1284	36.1093	36.1163	36.1065	36.0918	36.0909	36.0817	36.071	36.0536	36.0462	36.0146	36.0107	36.0311	36.0147	35.9939	35.9771	35.9827	35.9775	35.9659	35.9755	35.9542	35.9574	35.9634	35.9555	35.9137	35.8947	35.9185	35.8875	35.8787	35.8926	35.8712	35.853	35.8702	35.8415	35.8532	35.802	35.7269	35.7419	35.8031	35.752	35.7726	35.7555	35.7476	35.7588	35.7342	35.7333	35.6997	35.7115	35.7197	35.7131	35.6955	35.6861	35.666	35.6741	35.6477	35.6338	35.6027	35.6441	35.6457	35.6467	35.5918	35.5745	35.5707	35.6357	35.5754	35.5905	35.6067	35.6042	35.5886	35.6442	35.6496	35.5856	35.611	35.6316	35.642	35.5617	35.5431	35.5811	35.6083	35.5626	35.5634	35.5837	35.5743	35.5777	35.5626	35.5526	35.4324	35.4282	35.5763	35.6743	36.3887
Hte-ATic_049-Ex1-cssl	36.3718	36.3801	36.4431	36.4597	36.4899	36.4918	36.4684	36.4866	36.4693	36.4849	36.4972	36.4796	36.4812	36.4645	36.4594	36.4499	36.4527	36.4384	36.4287	36.416	36.4158	36.408	36.3884	36.3691	36.3656	36.3317	36.3255	36.3141	36.315	36.3005	36.3045	36.2994	36.2817	36.2869	36.2771	36.2606	36.2657	36.2487	36.2414	36.2433	36.2431	36.2283	36.2115	36.2096	36.179	36.1898	36.1976	36.1752	36.1823	36.1473	36.1473	36.1667	36.1359	36.1419	36.1332	36.1279	36.1325	36.1262	36.1128	36.0936	36.0671	36.0663	36.0738	36.0436	36.0311	36.0488	36.0407	36.0026	36.0039	35.96	35.954	35.9774	35.957	35.9429	35.9449	35.9386	35.9344	35.9322	35.9332	35.9034	35.9144	35.903	35.9181	35.8817	35.8641	35.8739	35.8525	35.832	35.8762	35.8355	35.8496	35.8257	35.8226	35.8107	35.7813	35.6822	35.7412	35.7428	35.7285	35.7184	35.7256	35.6944	35.6914	35.6985	35.6967	35.6583	35.6682	35.7037	35.6719	35.6549	35.6454	35.5883	35.6054	35.5663	35.5491	35.5464	35.5448	35.525	35.5458	35.5024	35.4683	35.4928	35.5331	35.4332	35.4703	35.4653	35.4605	35.4445	35.4718	35.4397	35.4799	35.4193	35.4659	35.4548	35.4169	35.3393	35.398	35.4264	35.3921	35.3785	35.4226	35.3295	35.3837	35.3626	35.3753	35.2125	35.2922	35.3862	35.5432	36.3162
Hte-ATic_050-Ex1-cssl	36.4638	36.4245	36.4906	36.4949	36.5114	36.5149	36.4887	36.5037	36.482	36.499	36.5104	36.5006	36.495	36.4746	36.4701	36.465	36.4684	36.462	36.4459	36.4342	36.4333	36.4233	36.4012	36.3864	36.3857	36.3519	36.335	36.3217	36.3235	36.3199	36.3076	36.3069	36.2933	36.2846	36.2822	36.273	36.2582	36.2465	36.2374	36.2388	36.233	36.2223	36.2113	36.2035	36.1838	36.1835	36.1858	36.181	36.1706	36.1477	36.1643	36.1614	36.1454	36.138	36.1324	36.1288	36.1246	36.1156	36.1056	36.0813	36.0656	36.0747	36.0678	36.0474	36.0403	36.0517	36.0262	36.0101	35.9963	35.9704	35.9696	35.9883	35.9729	35.95	35.9421	35.938	35.9297	35.9365	35.9298	35.9142	35.9204	35.909	35.9119	35.8875	35.8794	35.8696	35.8598	35.8506	35.8533	35.8298	35.8253	35.8293	35.8238	35.8197	35.7847	35.7012	35.7234	35.7588	35.7139	35.7292	35.7255	35.7303	35.6975	35.7073	35.7181	35.6916	35.6839	35.7047	35.6803	35.6534	35.6454	35.6042	35.6165	35.5922	35.5582	35.5836	35.5587	35.5513	35.5378	35.5409	35.5217	35.5322	35.5556	35.449	35.4894	35.5107	35.4723	35.4834	35.4946	35.5092	35.4453	35.4478	35.4762	35.4572	35.415	35.3828	35.4028	35.4328	35.3803	35.3213	35.3971	35.35	35.3551	35.3732	35.3553	35.2467	35.238	35.3802	35.53	36.3288
Hte-ATic_051-Ex1-cssl	36.5099	36.4378	36.5037	36.5085	36.5281	36.5287	36.5041	36.5186	36.4967	36.516	36.5264	36.5169	36.5124	36.4924	36.4918	36.4884	36.4879	36.4778	36.469	36.4589	36.4592	36.4493	36.4281	36.4133	36.4068	36.3855	36.3744	36.368	36.3618	36.3513	36.3442	36.3423	36.3285	36.3235	36.3226	36.31	36.3034	36.2922	36.2852	36.287	36.2837	36.2736	36.2632	36.253	36.2334	36.2398	36.2446	36.2391	36.2283	36.2117	36.2168	36.221	36.2115	36.2046	36.1948	36.1933	36.1862	36.1767	36.1713	36.1624	36.1468	36.1442	36.1422	36.1219	36.1161	36.1291	36.1046	36.0824	36.0821	36.0456	36.0409	36.0662	36.0429	36.0338	36.0334	36.0357	36.0267	36.0154	36.0223	36.0028	36.0056	36.0111	36.0053	35.9871	35.9567	35.9845	35.9606	35.944	35.9606	35.9342	35.9292	35.9356	35.931	35.9278	35.8891	35.8052	35.8374	35.8824	35.8334	35.8478	35.8455	35.8369	35.8234	35.8266	35.843	35.7963	35.7941	35.8245	35.798	35.7841	35.7817	35.7351	35.7502	35.7221	35.6978	35.713	35.7066	35.6946	35.6849	35.6687	35.6357	35.6616	35.6841	35.6016	35.6231	35.6585	35.6279	35.6528	35.6654	35.6524	35.6312	35.6347	35.6251	35.6269	35.5796	35.5384	35.5887	35.6004	35.5786	35.5535	35.5792	35.5406	35.5588	35.5583	35.5258	35.402	35.4223	35.5568	35.6715	36.3704
Hte-ATic_054-Ex1-cssl	36.3082	36.3481	36.4224	36.4536	36.4749	36.4863	36.4744	36.5002	36.4717	36.4846	36.5028	36.4947	36.494	36.4752	36.4713	36.4683	36.4659	36.463	36.4568	36.4307	36.4344	36.4315	36.4066	36.3894	36.3938	36.3742	36.3568	36.3633	36.35	36.3427	36.3316	36.343	36.3289	36.3279	36.3283	36.3176	36.3047	36.3025	36.2983	36.2844	36.2926	36.2928	36.2727	36.2743	36.256	36.2628	36.2769	36.2679	36.261	36.253	36.2492	36.2596	36.2555	36.2405	36.2292	36.2267	36.2347	36.2268	36.2271	36.2081	36.1987	36.1946	36.1931	36.1859	36.1652	36.1788	36.1744	36.151	36.1464	36.1271	36.1203	36.1492	36.1214	36.1124	36.0979	36.1182	36.1087	36.0924	36.1101	36.0868	36.0831	36.0979	36.0909	36.0645	36.0479	36.0887	36.0434	36.044	36.0496	36.0364	36.0177	36.0375	36.0242	36.0287	35.9921	35.9215	35.9173	35.9869	35.9398	35.9521	35.9445	35.951	35.9462	35.9674	35.9617	35.9302	35.9356	35.9493	35.9249	35.9489	35.9196	35.8897	35.8989	35.8647	35.8495	35.8816	35.8627	35.8736	35.8521	35.8398	35.8135	35.8441	35.8645	35.7942	35.7953	35.825	35.8191	35.8179	35.8447	35.8235	35.8125	35.7957	35.8441	35.825	35.7951	35.787	35.7575	35.8077	35.7723	35.7768	35.7888	35.7518	35.7802	35.7753	35.7593	35.6408	35.6602	35.7661	35.8412	36.4365
Hte-ATic_055-Ex1-cssl	36.3136	36.3448	36.4059	36.4331	36.4604	36.4673	36.4504	36.4731	36.4485	36.4623	36.4758	36.4632	36.4641	36.4428	36.4371	36.4359	36.4394	36.4239	36.4071	36.3954	36.3924	36.3865	36.3646	36.3506	36.3514	36.3259	36.3092	36.3072	36.3081	36.3005	36.287	36.2986	36.2873	36.2767	36.2808	36.2585	36.2529	36.2483	36.2399	36.2403	36.2344	36.2337	36.2146	36.2135	36.1957	36.2074	36.2198	36.2023	36.2021	36.1814	36.1831	36.1919	36.1828	36.1778	36.1626	36.1629	36.1596	36.1557	36.1386	36.1264	36.1098	36.1136	36.1191	36.0849	36.0891	36.0939	36.0782	36.0514	36.05	36.0158	36.0165	36.0434	36.0291	36.0092	36.0123	36.0052	36.0055	35.9878	35.99	35.9728	35.9704	35.9773	35.9905	35.9416	35.9293	35.9485	35.9211	35.9019	35.9355	35.8895	35.8784	35.8916	35.8814	35.8767	35.8649	35.7657	35.7791	35.8102	35.7725	35.7898	35.8054	35.7827	35.7631	35.7826	35.7778	35.7299	35.7471	35.7786	35.7597	35.75	35.7361	35.7136	35.7227	35.7001	35.6576	35.6829	35.6769	35.6688	35.6885	35.666	35.6303	35.6289	35.6778	35.5818	35.6337	35.64	35.629	35.6615	35.6803	35.6706	35.6686	35.6503	35.661	35.6316	35.6219	35.5962	35.6294	35.6144	35.6094	35.5937	35.6218	35.598	35.6211	35.6084	35.6093	35.4659	35.4779	35.6102	35.6612	36.3855
Hte-ATic_056-Ex1-cssl	36.3694	36.3716	36.4371	36.4575	36.4859	36.4832	36.4636	36.4901	36.4646	36.4771	36.4926	36.4835	36.4804	36.4594	36.4514	36.4465	36.4524	36.442	36.4344	36.4241	36.4232	36.421	36.396	36.3775	36.3812	36.3509	36.3412	36.3375	36.3313	36.3238	36.3161	36.3167	36.3071	36.3009	36.3023	36.2828	36.2743	36.2699	36.2584	36.2591	36.2608	36.2438	36.2388	36.2249	36.2062	36.2131	36.2222	36.2062	36.2085	36.1932	36.203	36.2059	36.2079	36.1904	36.1817	36.1799	36.1787	36.1756	36.1527	36.1462	36.1379	36.1435	36.1365	36.1245	36.1112	36.1237	36.1087	36.1086	36.0902	36.0402	36.0485	36.0864	36.0623	36.046	36.0409	36.0508	36.0512	36.0409	36.0456	36.0361	36.024	36.0374	36.0253	36.0172	35.9881	36.0156	35.9828	35.9659	35.9963	35.9678	35.9674	35.9814	35.9739	35.9667	35.946	35.8646	35.9074	35.9177	35.8965	35.897	35.9059	35.9053	35.8781	35.8783	35.8953	35.8406	35.8673	35.8966	35.8672	35.8571	35.8573	35.8129	35.8439	35.7869	35.7808	35.8015	35.788	35.7801	35.7808	35.779	35.7545	35.7601	35.7843	35.7115	35.733	35.7707	35.7174	35.7664	35.7877	35.7752	35.7768	35.7506	35.7653	35.7876	35.7343	35.7032	35.7259	35.7492	35.7149	35.6855	35.7125	35.6851	35.7471	35.7016	35.6791	35.5671	35.5793	35.6868	35.8011	36.4216
Hte-ATic_057-Ex1-cssl	36.2244	36.3053	36.3795	36.4289	36.4655	36.4677	36.4571	36.4786	36.455	36.4714	36.4802	36.4807	36.4743	36.4556	36.4557	36.4448	36.4488	36.4358	36.4316	36.4136	36.4181	36.4139	36.3875	36.3753	36.3618	36.3567	36.3301	36.325	36.3279	36.3236	36.3082	36.3076	36.2897	36.2876	36.2957	36.2787	36.2615	36.2634	36.2492	36.2529	36.2567	36.2554	36.2408	36.2334	36.1994	36.2202	36.2229	36.2077	36.2089	36.1924	36.1935	36.2026	36.1959	36.1799	36.1766	36.167	36.1642	36.1479	36.1491	36.1382	36.1257	36.1241	36.1196	36.1017	36.0926	36.1165	36.1003	36.0811	36.0495	36.0427	36.0287	36.0592	36.0314	36.0253	36.0211	36.0269	36.0259	36.0089	36.0235	36.0065	35.9986	35.9984	35.9973	35.9564	35.959	35.9915	35.9533	35.9454	35.953	35.9473	35.9486	35.9428	35.9361	35.922	35.8906	35.8206	35.8358	35.8732	35.8535	35.8592	35.8719	35.837	35.848	35.8513	35.8381	35.8389	35.8328	35.8237	35.8189	35.8229	35.7882	35.7613	35.7626	35.7638	35.725	35.7609	35.7401	35.7521	35.7297	35.7127	35.7044	35.7255	35.7427	35.6404	35.6822	35.7149	35.6937	35.6989	35.7359	35.7331	35.717	35.6894	35.7183	35.7276	35.6477	35.6477	35.6873	35.7091	35.682	35.612	35.6743	35.6479	35.6612	35.6499	35.6279	35.5389	35.5486	35.6583	35.7641	36.3973
Hte-ATic_058-Ex1-cssl	36.329	36.3517	36.4183	36.4435	36.4733	36.4788	36.464	36.4755	36.4547	36.4709	36.4888	36.4746	36.4677	36.4556	36.4451	36.446	36.4484	36.4358	36.426	36.4217	36.4111	36.4078	36.3921	36.3767	36.3718	36.3488	36.3268	36.3246	36.3232	36.3158	36.3131	36.3044	36.308	36.2977	36.293	36.2815	36.2733	36.2655	36.2536	36.2517	36.2536	36.2364	36.2346	36.227	36.1993	36.2097	36.2271	36.2011	36.209	36.1716	36.196	36.185	36.1868	36.1808	36.1677	36.1725	36.1672	36.1445	36.1496	36.1281	36.119	36.1186	36.117	36.1001	36.0988	36.1023	36.094	36.0699	36.0496	36.0442	36.0246	36.0547	36.0367	36.0171	36.0188	36.0211	36.0117	36.0086	35.9976	35.9894	35.9691	35.9763	35.9882	35.9581	35.9343	35.9593	35.9481	35.9264	35.9455	35.9172	35.9126	35.9283	35.9094	35.9175	35.8772	35.7891	35.8183	35.8758	35.8253	35.8245	35.8489	35.832	35.8281	35.8219	35.8426	35.8112	35.7897	35.8215	35.8302	35.7824	35.8035	35.7659	35.7717	35.7215	35.7066	35.7281	35.705	35.7265	35.7102	35.7083	35.6727	35.6866	35.7371	35.6278	35.6794	35.6793	35.6532	35.6685	35.722	35.6748	35.7012	35.6833	35.7047	35.6855	35.6395	35.6365	35.6583	35.6464	35.5972	35.6305	35.628	35.5996	35.6251	35.6029	35.6046	35.4672	35.4947	35.6188	35.704	36.3941
Hte-ATic_059-Ex1-cssl	36.3756	36.3607	36.4324	36.453	36.4771	36.4816	36.4586	36.4751	36.4535	36.4687	36.4881	36.4744	36.4748	36.4543	36.4487	36.4407	36.4463	36.4304	36.4232	36.4112	36.4105	36.4006	36.3776	36.3648	36.3647	36.3305	36.3322	36.3083	36.3186	36.3043	36.3041	36.2997	36.2945	36.2848	36.2896	36.2721	36.2673	36.2536	36.2513	36.2458	36.2537	36.2319	36.2274	36.2205	36.2048	36.2134	36.2124	36.2136	36.1984	36.1909	36.1899	36.1995	36.1842	36.178	36.1696	36.1693	36.1504	36.1569	36.1534	36.1376	36.1191	36.1246	36.113	36.0857	36.0909	36.1117	36.0839	36.0575	36.0452	36.0024	36.0157	36.0421	36.0155	36.0065	36.0136	36.0027	35.9942	35.9941	35.9948	35.9755	35.9622	35.9901	35.9597	35.9376	35.9044	35.9473	35.9107	35.9145	35.9142	35.8751	35.8793	35.8772	35.86	35.8511	35.8207	35.7439	35.7463	35.7924	35.7687	35.791	35.7561	35.7767	35.7289	35.7328	35.7638	35.7372	35.7175	35.7422	35.7231	35.7202	35.7034	35.6969	35.7008	35.6511	35.6125	35.6677	35.6103	35.6284	35.6308	35.6021	35.6094	35.6083	35.6374	35.5719	35.6266	35.614	35.6001	35.6556	35.6387	35.6336	35.6253	35.6327	35.6071	35.5997	35.5638	35.5783	35.5688	35.5786	35.5734	35.5635	35.5872	35.5684	35.5699	35.59	35.5398	35.4593	35.4318	35.5937	35.6814	36.3873
Hte-ATic_060-Ex1-cssl	36.347	36.3687	36.4328	36.4485	36.4781	36.4853	36.4626	36.4838	36.4619	36.4781	36.4917	36.4854	36.477	36.4545	36.4597	36.4509	36.4465	36.4452	36.4347	36.4155	36.4157	36.4122	36.3981	36.3813	36.3848	36.3602	36.3472	36.3348	36.3352	36.3227	36.3195	36.3224	36.2972	36.3038	36.2969	36.2886	36.2788	36.2637	36.249	36.2611	36.2648	36.2509	36.235	36.2288	36.2148	36.2163	36.2313	36.2159	36.2105	36.1999	36.2021	36.2037	36.1889	36.1789	36.1785	36.1747	36.1709	36.1587	36.1552	36.1453	36.1148	36.1283	36.1298	36.0906	36.1049	36.1205	36.0974	36.076	36.0761	36.0389	36.0453	36.0607	36.0317	36.0459	36.0327	36.0239	36.0196	36.014	36.0139	35.9968	35.9884	35.9974	36.0006	35.9899	35.9534	35.9813	35.9728	35.9284	35.9707	35.9361	35.918	35.9304	35.9393	35.9448	35.9006	35.806	35.8422	35.9038	35.8526	35.8581	35.868	35.8594	35.8411	35.8455	35.8692	35.8422	35.8349	35.865	35.8396	35.8236	35.8405	35.7786	35.8012	35.7759	35.7536	35.7675	35.7375	35.7618	35.7472	35.7247	35.7051	35.7433	35.7653	35.653	35.701	35.7407	35.6988	35.7036	35.718	35.7507	35.7492	35.7	35.7538	35.7364	35.6781	35.6775	35.6899	35.7163	35.6737	35.6731	35.7099	35.6643	35.6895	35.7	35.6632	35.5629	35.5887	35.6793	35.768	36.4075
Hte-ATic_061-Ex1-cssl	36.4194	36.4214	36.4767	36.4887	36.5074	36.5184	36.492	36.5112	36.4845	36.4999	36.5166	36.5088	36.5009	36.4802	36.4784	36.4763	36.4762	36.4724	36.4553	36.4482	36.4481	36.44	36.4169	36.4026	36.3999	36.3797	36.3625	36.3569	36.3543	36.3518	36.349	36.3488	36.3357	36.3314	36.3224	36.3172	36.3083	36.2946	36.2841	36.2924	36.2808	36.2755	36.2663	36.2672	36.2382	36.2451	36.2591	36.2458	36.2392	36.2211	36.226	36.2299	36.2184	36.2069	36.2096	36.2008	36.2098	36.1982	36.1939	36.1802	36.1573	36.1717	36.1533	36.143	36.1369	36.1473	36.1403	36.1103	36.1067	36.077	36.0701	36.0921	36.0819	36.0528	36.0608	36.073	36.0784	36.0504	36.073	36.0368	36.0484	36.0513	36.0504	36.0366	36.016	36.0244	36.0132	36.0023	36.0275	35.9765	35.9901	35.9934	35.9923	35.993	35.9625	35.9071	35.9137	35.9548	35.9195	35.9216	35.9114	35.9086	35.8969	35.9154	35.9119	35.8841	35.8686	35.9224	35.9071	35.8849	35.8661	35.8742	35.8842	35.8435	35.8244	35.8494	35.8269	35.8316	35.8198	35.8318	35.794	35.8328	35.8452	35.7767	35.7917	35.8289	35.7953	35.8255	35.8161	35.8409	35.8397	35.8235	35.833	35.841	35.7809	35.7757	35.8043	35.7974	35.7817	35.7754	35.8093	35.7781	35.806	35.8261	35.786	35.6633	35.6844	35.8184	35.8716	36.4629
Hte-ATic_062-Ex1-cssl	36.3653	36.3893	36.4495	36.4685	36.49	36.4975	36.4707	36.4967	36.4685	36.487	36.5006	36.4977	36.4998	36.4727	36.4781	36.4738	36.4729	36.4602	36.4541	36.4348	36.4426	36.4374	36.4054	36.4042	36.3912	36.3697	36.3618	36.3538	36.3634	36.3367	36.3281	36.3349	36.3191	36.3316	36.3128	36.2975	36.2978	36.2866	36.2724	36.2687	36.2752	36.2652	36.2548	36.2359	36.2266	36.2429	36.2484	36.2473	36.223	36.2189	36.2121	36.2331	36.1995	36.1867	36.1845	36.1926	36.1845	36.1786	36.1644	36.1568	36.1258	36.13	36.1345	36.1215	36.1137	36.1308	36.1078	36.1029	36.0934	36.0529	36.0514	36.0643	36.0525	36.0467	36.0419	36.0138	36.0453	36.0177	36.0331	36.0233	36.0172	36.0342	36.0179	36.0082	35.9894	35.9969	35.9852	35.9599	35.9875	35.962	35.9512	35.9671	35.9546	35.951	35.9268	35.845	35.8731	35.9037	35.8789	35.9065	35.9116	35.8651	35.873	35.8615	35.8846	35.83	35.8439	35.8596	35.8327	35.8424	35.8336	35.7982	35.8017	35.7786	35.7476	35.7627	35.7821	35.7428	35.7291	35.7194	35.7055	35.6991	35.7592	35.6868	35.7354	35.6965	35.6959	35.69	35.7438	35.7256	35.7222	35.7158	35.7643	35.759	35.6675	35.6501	35.6859	35.6815	35.6811	35.6642	35.6916	35.65	35.6991	35.7108	35.6809	35.569	35.5798	35.7273	35.7853	36.4014
Hte-ATic_063-Ex1-cssl	36.4348	36.4173	36.4697	36.4912	36.5205	36.5189	36.4959	36.5164	36.4863	36.5036	36.522	36.5159	36.5073	36.4884	36.4821	36.4816	36.4935	36.4736	36.4601	36.4406	36.4567	36.435	36.4203	36.4039	36.4096	36.3682	36.3793	36.3661	36.3616	36.3566	36.3535	36.3489	36.3448	36.3398	36.3223	36.3092	36.3041	36.2966	36.2923	36.2957	36.2973	36.279	36.2588	36.2488	36.2408	36.2467	36.248	36.2497	36.2348	36.2155	36.2249	36.2363	36.2075	36.2078	36.2049	36.2017	36.1904	36.1813	36.1835	36.1698	36.1509	36.1511	36.1545	36.1384	36.1227	36.1276	36.118	36.1125	36.0959	36.0514	36.0419	36.0853	36.0665	36.041	36.0566	36.0542	36.0477	36.0371	36.0468	36.0307	36.0187	36.0394	36.0284	36.0072	35.9708	35.9953	35.98	35.9443	35.9796	35.9326	35.9496	35.9589	35.9264	35.9373	35.8882	35.8313	35.8571	35.9003	35.8618	35.8833	35.8707	35.8679	35.8488	35.8584	35.8473	35.8316	35.837	35.8677	35.8048	35.8043	35.812	35.7724	35.7656	35.7403	35.7286	35.7456	35.7234	35.734	35.7127	35.7174	35.6719	35.7051	35.7374	35.6615	35.6742	35.7173	35.6718	35.7048	35.7002	35.6838	35.6757	35.6988	35.6813	35.6581	35.6521	35.6222	35.6778	35.6707	35.6502	35.6289	35.653	35.5953	35.6473	35.621	35.5893	35.4717	35.4847	35.6203	35.7389	36.3868
