Sample	1	2	3	4	5	6	7	8	9	10	11	12	13	14	15	16	17	18	19	20	21	22	23	24	25	26	27	28	29	30	31	32	33	34	35	36	37	38	39	40	41	42	43	44	45	46	47	48	49	50	51	52	53	54	55	56	57	58	59	60	61	62	63	64	65	66	67	68	69	70	71	72	73	74	75	76	77	78	79	80	81	82	83	84	85	86	87	88	89	90	91	92	93	94	95	96	97	98	99	100	101	102	103	104	105	106	107	108	109	110	111	112	113	114	115	116	117	118	119	120	121	122	123	124	125	126	127	128	129	130	131	132	133	134	135	136	137	138	139	140	141	142	143	144	145	146	147	148	149	150
Hte-ATic_001-Ex1-cssl	0.00101432	0.0	0.0	0.0	0.0	0.0	0.0	0.0015214900000000001	0.0	0.0	0.0	0.0	0.0	0.0	0.0	0.0	0.000338108	0.0028739200000000003	0.0	0.0	0.0	0.000169054	0.0	0.0	0.0	0.0	0.0	0.0	0.0	0.0	0.0	0.0	0.0	0.0	0.0	0.0	0.0	0.00152362	0.0	0.000169414	0.0	0.0	0.0	0.0	0.0	0.0	0.0	0.0	0.0	0.0	0.0	0.0	0.0	0.000171352	0.0	0.0	0.0	0.0	0.0	0.0	0.0	0.0	0.0	0.0	0.0	0.0	0.0	0.0	0.0	0.0	0.0	0.0	0.0	0.0	0.000179069	0.0	0.0	0.0	0.0	0.0	0.0	0.0	0.0	0.0	0.0	0.0	0.0	0.000579242	0.0159607	0.0	0.0	0.0	0.00020228700000000002	0.0	0.0	0.021517500000000002	0.0	0.0027787999999999997	0.0	0.00352042	0.028595	0.0	0.0	0.0	0.0	0.0	0.0	0.0	0.0	0.0	0.0	0.0	0.0	0.0	0.0	0.0	0.0	0.023682	0.0	0.0	0.0	0.0	0.0	0.0	0.0	0.0	0.0	0.0476962	0.000348753	0.0	0.0168062	0.000363978	0.0	0.0	0.0	0.0	0.0	0.008759079999999999	0.0	0.0	0.0113228	0.0	0.0	0.0	0.00760058	0.0	0.0	0.00046768300000000004	0.0	0.0
Hte-ATic_002-Ex1-cssl	0.00106315	0.0	0.0	0.0	0.0	0.0	0.0	0.0009244780000000001	0.0	0.0	0.0	0.0	0.0	0.0	0.0	0.0	0.0007703979999999999	0.0010477400000000001	0.0	1.5408e-05	0.0	0.0	0.0	0.0	0.0	0.0	0.0	0.0	0.0	0.0	0.0	0.0	0.0	0.0	0.0	0.0	0.0	0.000785914	0.0	7.70577e-05	0.0	0.00043156300000000004	0.0	0.0	0.0	0.0	0.0	0.0	0.0	0.0	0.0	0.0	0.0	0.000185145	0.0	0.0	0.0	0.0	0.0	0.0	0.0	7.72467e-05	0.0	0.0	0.0	0.0	0.0	9.28456e-05	0.0	0.0	0.0	0.0	0.0	0.0	0.00015529700000000001	0.0	0.0	0.0	0.0	0.0	0.0	0.0	0.0	0.0	0.00023559	7.86604e-05	4.7293199999999996e-05	9.477199999999999e-05	0.014532	0.0	0.0	0.0	0.000256028	0.0	1.61105e-05	0.0217452	1.62211e-05	0.00126994	0.0	0.00149544	0.0318011	0.0	0.0	0.0	0.0	0.0	0.0	0.0	0.0	0.0	0.0	0.0	0.0	0.0	1.78226e-05	0.0	0.0	0.0249087	0.0	0.0	0.0	0.0	0.0	0.0	0.0	0.0	0.0	0.0450813	0.00043246500000000004	0.0	0.0218771	0.000220818	0.0	0.0	0.0	0.0	0.0	0.0073788099999999995	0.0	0.0	0.0123253	0.0	2.20086e-05	0.0	0.0100812	0.0	0.0	0.00133762	0.0	0.0
Hte-ATic_003-Ex1-cssl	0.0009492880000000001	0.0	0.0	0.0	0.0	0.0	0.0	0.00123407	0.0	0.0	0.0	0.0	0.0	0.0	0.0	0.0	0.000702473	0.0012625499999999999	0.0	0.0	0.0	1.89858e-05	0.0	0.0	0.0	0.0	0.0	0.0	0.0	0.0	0.0	0.0	0.0	0.0	0.0	0.0	0.0	0.00127263	0.0	0.000123494	0.0	0.000351559	0.0	0.0	0.0	0.0	0.0	0.0	0.0	0.0	0.0	0.0	0.0	0.000133333	0.0	0.0	0.0	0.0	0.0	0.0	0.0	3.81998e-05	0.0	9.55814e-06	0.0	0.0	0.0	4.7899300000000004e-05	0.0	0.0	0.0	0.0	0.0	0.0	8.679320000000001e-05	0.0	0.0	0.0	0.0	0.0	0.0	0.0	0.0	0.0	0.000176725	1.96875e-05	5.9225099999999996e-05	0.00010889600000000001	0.014406600000000002	0.0	0.0	0.0	0.000262185	0.0	1.01774e-05	0.0216311	0.0	0.0013954	0.0	0.00171348	0.032309899999999996	0.0	0.0	0.0	0.0	0.0	0.0	0.0	0.0	0.0	0.0	0.0	0.0	0.0	0.0	0.0	0.0	0.0253188	1.2046100000000001e-05	0.0	0.0	0.0	0.0	0.0	0.0	0.0	0.0	0.044691499999999995	0.000497724	0.0	0.020888300000000002	0.000228566	0.0	0.0	0.0	0.0	0.0	0.006788679999999999	0.0	0.0	0.0119715	0.0	0.0	0.0	0.009612520000000001	0.0	0.0	0.00140453	0.0	0.0
Hte-ATic_004-Ex1-cssl	0.000902225	0.0	0.0	0.0	0.0	0.0	8.12815e-06	0.00103228	0.0	1.62563e-05	0.0	0.0	0.0	0.0	0.0	0.0	0.000666509	0.0010404000000000001	0.0	0.0	0.0	3.25126e-05	0.0	0.0	0.0	0.0	0.0	0.0	0.0	0.0	0.0	0.0	0.0	0.0	0.0	0.0	0.0	0.00104116	0.0	0.00011391799999999999	0.0	0.000325579	0.0	0.0	0.0	0.0	0.0	0.0	0.0	0.0	0.0	0.0	0.0	0.00019586799999999998	0.0	0.0	0.0	0.0	0.0	0.0	0.0	7.36343e-05	0.0	0.0	0.0	0.0	0.0	5.74209e-05	0.0	0.0	0.0	0.0	0.0	0.0	0.000148398	0.0	0.0	0.0	0.0	0.0	0.0	0.0	0.0	0.0	0.00018370299999999999	2.50995e-05	5.03019e-05	6.72269e-05	0.0144722	0.0	0.0	0.0	0.000179024	0.0	0.0	0.0216755	0.0	0.00114678	0.0	0.0015950399999999998	0.031651599999999995	0.0	0.0	0.0	0.0	0.0	0.0	0.0	0.0	0.0	0.0	0.0	0.0	0.0	0.0	0.0	0.0	0.0260154	0.0	0.0	0.0	0.0	0.0	0.0	0.0	0.0	0.0	0.045599600000000004	0.000362887	0.0	0.0217253	0.000251773	0.0	0.0	0.0	0.0	0.0	0.00716736	0.0	0.0	0.0125317	0.0	1.20548e-05	0.0	0.00948055	1.2405100000000001e-05	0.0	0.00153354	0.0	0.0
Hte-ATic_005-Ex1-cssl	0.00119537	0.0	0.0	0.0	0.0	0.0	0.0	0.00160881	0.0	1.79755e-05	0.0	0.0	0.0	8.98777e-06	0.0	0.0	0.00076396	0.00152792	0.0	8.98777e-06	0.0	1.79755e-05	0.0	0.0	0.0	0.0	0.0	0.0	0.0	0.0	0.0	0.0	0.0	0.0	0.0	0.0	0.0	0.00172624	0.0	0.000152873	0.0	0.000467714	0.0	0.0	0.0	0.0	0.0	0.0	0.0	0.0	0.0	0.0	0.0	0.000243405	0.0	0.0	0.0	0.0	0.0	0.0	9.03899e-06	5.4265500000000004e-05	0.0	9.05476e-06	0.0	0.0	0.0	0.000172539	0.0	0.0	0.0	9.11969e-06	0.0	0.0	0.00018321199999999998	0.0	0.0	0.0	0.0	0.0	0.0	0.0	0.0	0.0	0.000206994	4.72111e-05	9.48108e-05	0.000180944	0.0154807	0.0	0.0	0.0	0.00031376	0.0	1.98999e-05	0.0226571	2.02023e-05	0.00164057	0.0	0.00219599	0.0325589	0.0	0.0	0.0	0.0	0.0	0.0	0.0	0.0	0.0	0.0	0.0	0.0	0.0	0.0	0.0	0.0	0.0271991	1.27763e-05	0.0	0.0	0.0	0.0	0.0	0.0	0.0	0.0	0.0456161	0.000418953	0.0	0.0224136	0.000374748	0.0	0.0	0.0	0.0	0.0	0.007354009999999999	0.0	0.0	0.012927500000000001	0.0	0.0	0.0	0.0107154	0.0	0.0	0.00152234	0.0	0.0
Hte-ATic_006-Ex1-cssl	0.00109147	0.0	0.0	0.0	0.0	0.0	0.0	0.0011476499999999998	0.0	1.60511e-05	0.0	0.0	0.0	0.0	0.0	0.0	0.000650069	0.00130014	0.0	0.0	0.0	4.01277e-05	0.0	0.0	0.0	0.0	0.0	0.0	0.0	0.0	0.0	0.0	0.0	0.0	0.0	0.0	0.0	0.0011246399999999999	0.0	0.00020891800000000002	0.0	0.000361734	0.0	8.04107e-06	0.0	0.0	0.0	0.0	0.0	0.0	0.0	0.0	0.0	0.000233687	0.0	0.0	0.0	0.0	0.0	0.0	1.6154100000000002e-05	0.00010504999999999999	0.0	0.0	0.0	0.0	0.0	6.48304e-05	0.0	0.0	0.0	1.62486e-05	0.0	0.0	0.000187363	0.0	0.0	0.0	0.0	0.0	0.0	0.0	0.0	0.0	0.000148947	0.0	8.31346e-05	0.00010837000000000001	0.0148465	0.0	0.0	0.0	0.00018642300000000001	0.0	2.5613499999999998e-05	0.0218143	8.61135e-06	0.0013932	0.0	0.0018704	0.0327074	0.0	0.0	0.0	0.0	0.0	0.0	0.0	0.0	0.0	0.0	0.0	0.0	0.0	0.0	0.0	0.0	0.0252348	9.88676e-06	0.0	0.0	0.0	0.0	0.0	0.0	0.0	0.0	0.0443594	0.000458822	0.0	0.0217206	0.000273578	0.0	0.0	0.0	0.0	0.0	0.007097910000000001	0.0	1.16675e-05	0.012732	0.0	1.2001900000000001e-05	0.0	0.009765069999999999	0.0	0.0	0.00128128	0.0	0.0
Hte-ATic_007-Ex1-cssl	0.00111675	0.0	0.0	0.0	0.0	0.0	1.06357e-05	0.00148899	0.0	0.0	0.0	0.0	0.0	0.0	0.0	0.0	0.00078704	0.00148899	0.0	0.0	0.0	0.0	0.0	0.0	0.0	0.0	0.0	0.0	0.0	0.0	0.0	0.0	0.0	0.0	0.0	0.0	0.0	0.00153194	0.0	0.00012768	0.0	0.00038310399999999994	0.0	1.06447e-05	0.0	0.0	0.0	0.0	0.0	0.0	0.0	0.0	0.0	0.000191984	0.0	0.0	0.0	0.0	0.0	0.0	1.0693e-05	7.48852e-05	0.0	0.0	0.0	0.0	0.0	0.00012882199999999998	0.0	0.0	0.0	1.0772599999999999e-05	0.0	0.0	0.00012975	0.0	0.0	0.0	0.0	0.0	0.0	0.0	0.0	0.0	0.000132415	0.0	3.33172e-05	0.00017833900000000001	0.0162041	0.0	0.0	0.0	0.000182234	0.0	2.3007e-05	0.0230691	1.16474e-05	0.00179355	0.0	0.00234096	0.0332048	0.0	0.0	0.0	0.0	0.0	0.0	0.0	0.0	0.0	0.0	0.0	0.0	0.0	0.0	0.0	0.0	0.02673	0.0	0.0	0.0	0.0	0.0	0.0	0.0	0.0	0.0	0.0462767	0.00040566399999999997	0.0	0.022040499999999998	0.000290283	0.0	0.0	0.0	0.0	0.0	0.00776391	0.0	0.0	0.012682500000000001	0.0	0.0	0.0	0.0107832	0.0	0.0	0.00163802	0.0	0.0
Hte-ATic_008-Ex1-cssl	0.000975365	0.0	0.0	0.0	0.0	0.0	0.0	0.00126797	0.0	3.25122e-05	0.0	0.0	0.0	0.0	0.0	0.0	0.000617731	0.00172315	0.0	0.0	0.0	0.0	0.0	0.0	0.0	0.0	0.0	0.0	0.0	0.0	0.0	0.0	0.0	0.0	0.0	0.0	0.0	0.00130132	0.0	9.76166e-05	0.0	0.00035802	0.0	0.0	0.0	0.0	0.0	0.0	0.0	0.0	0.0	0.0	0.0	0.000293719	0.0	0.0	0.0	0.0	0.0	0.0	0.0	0.000163671	0.0	0.0	0.0	0.0	0.0	9.86247e-05	0.0	0.0	0.0	0.0	0.0	0.0	0.000198796	0.0	0.0	0.0	0.0	0.0	0.0	0.0	0.0	0.0	0.000135346	0.0	0.00013618799999999998	0.000170965	0.0151127	0.0	0.0	0.0	0.00021010299999999998	0.0	0.0	0.0210487	0.0	0.00180687	0.0	0.0020903700000000002	0.0314162	0.0	0.0	0.0	0.0	0.0	0.0	0.0	0.0	0.0	0.0	0.0	0.0	0.0	0.0	0.0	0.0	0.0235298	0.0	0.0	0.0	0.0	0.0	0.0	0.0	0.0	0.0	0.0416739	0.00039615500000000003	0.0	0.0208985	0.00035985899999999997	0.0	0.0	0.0	0.0	0.0	0.006716359999999999	0.0	0.0	0.012134	0.0	0.0	0.0	0.00883561	0.0	0.0	0.00170586	0.0	0.0
Hte-ATic_010-Ex1-cssl	0.000902471	0.0	0.0	0.0	0.0	0.0	0.0	0.00145988	0.0	0.0	0.0	0.0	0.0	0.0	0.0	0.0	0.000743212	0.00164568	0.0	2.65433e-05	0.0	0.0	0.0	0.0	0.0	0.0	0.0	0.0	0.0	0.0	0.0	0.0	0.0	0.0	0.0	0.0	0.0	0.00159361	0.0	0.00010628499999999999	0.0	0.000451908	0.0	0.0	0.0	0.0	0.0	0.0	0.0	0.0	0.0	0.0	0.0	0.000267097	0.0	0.0	0.0	0.0	0.0	0.0	0.0	0.000161102	0.0	0.0	0.0	0.0	0.0	5.39842e-05	0.0	0.0	0.0	0.0	0.0	0.0	0.000272354	0.0	0.0	0.0	0.0	0.0	0.0	0.0	0.0	0.0	0.000139369	0.0	5.61583e-05	0.000112736	0.014548299999999998	0.0	0.0	0.0	0.00023062999999999998	0.0	0.0	0.021347599999999998	0.0	0.00142192	0.0	0.0015914699999999998	0.0313156	0.0	0.0	0.0	0.0	0.0	0.0	0.0	0.0	0.0	0.0	0.0	0.0	0.0	0.0	0.0	0.0	0.026781500000000003	0.0	0.0	0.0	0.0	0.0	0.0	0.0	0.0	0.0	0.0455462	0.000341051	0.0	0.020537800000000002	3.88574e-05	0.0	0.0	0.0	0.0	0.0	0.00787345	0.0	0.0	0.013124299999999998	0.0	0.0	0.0	0.009530180000000001	0.0	0.0	0.0013890600000000001	0.0	0.0
Hte-ATic_011-Ex1-cssl	0.00132112	0.0	0.0	0.0	0.0	0.0	0.0	0.00231195	0.0	0.0	0.0	0.0	0.0	0.0	0.0	0.0	0.000722485	0.0023325999999999998	0.0	0.0	0.0	6.19273e-05	0.0	0.0	0.0	0.0	0.0	0.0	0.0	0.0	0.0	0.0	0.0	0.0	0.0	0.0	0.0	0.00237593	0.0	0.000413409	0.0	0.000579147	0.0	0.0	0.0	0.0	0.0	0.0	0.0	0.0	0.0	0.0	0.0	0.000479274	0.0	0.0	0.0	0.0	0.0	0.0	4.2006400000000005e-05	0.000231327	0.0	2.10901e-05	0.0	0.0	0.0	0.000169943	0.0	0.0	0.0	2.1443099999999998e-05	0.0	0.0	0.000389431	0.0	0.0	0.0	0.0	0.0	0.0	0.0	0.0	0.0	0.00011367199999999999	0.0	6.91225e-05	0.000301875	0.0158404	0.0	0.0	0.0	0.000242971	0.0	2.486e-05	0.0231174	0.0	0.00214358	0.0	0.00246614	0.0327309	0.0	0.0	0.0	0.0	0.0	0.0	0.0	0.0	0.0	0.0	0.0	0.0	0.0	0.0	0.0	0.0	0.0255997	0.0	0.0	0.0	0.0	0.0	0.0	0.0	0.0	0.0	0.046255	0.000633249	0.0	0.021881499999999998	0.00022125099999999997	0.0	0.0	0.0	0.0	0.0	0.007573540000000001	0.0	0.0	0.0120865	0.0	0.0	0.0	0.010301099999999999	0.0	0.0	0.0010833799999999999	0.0	0.0
Hte-ATic_012-Ex1-cssl	0.00117486	0.0	0.0	0.0	0.0	0.0	0.0	0.00123264	0.0	0.0	0.0	0.0	0.0	0.0	0.0	0.0	0.000828182	0.00130968	0.0	0.0	0.0	1.92601e-05	0.0	0.0	0.0	0.0	0.0	0.0	0.0	0.0	0.0	0.0	0.0	0.0	0.0	0.0	0.0	0.00144501	0.0	0.000134893	0.0	0.000327703	0.0	0.0	0.0	0.0	0.0	0.0	0.0	0.0	0.0	0.0	0.0	0.00019335600000000002	0.0	0.0	0.0	0.0	0.0	0.0	1.94032e-05	0.00011649	0.0	0.0	0.0	0.0	0.0	0.0	0.0	0.0	0.0	0.0	0.0	0.0	0.00011802	0.0	0.0	0.0	0.0	0.0	0.0	0.0	0.0	0.0	0.000140968	0.0	4.05641e-05	8.14618e-05	0.0149138	0.0	0.0	0.0	0.000187794	0.0	4.2209700000000003e-05	0.0211415	2.13938e-05	0.00144195	0.0	0.0018967	0.0313823	0.0	0.0	0.0	0.0	0.0	0.0	0.0	0.0	0.0	0.0	0.0	0.0	0.0	0.0	0.0	0.0	0.024563500000000002	0.0	0.0	0.0	0.0	0.0	0.0	0.0	0.0	0.0	0.043907800000000004	0.000449939	0.0	0.0208589	0.000173567	0.0	0.0	0.0	0.0	0.0	0.00713405	0.0	0.0	0.012583599999999999	0.0	0.0	0.0	0.00973402	0.0	0.0	0.00134141	0.0	0.0
Hte-ATic_013-Ex1-cssl	0.00101468	0.0	0.0	0.0	0.0	0.0	0.0	0.00119269	0.0	3.56028e-05	0.0	0.0	0.0	0.0	0.0	0.0	0.0007387569999999999	0.00121049	0.0	0.0	0.0	0.0	0.0	0.0	0.0	0.0	0.0	0.0	0.0	0.0	0.0	0.0	0.0	0.0	0.0	0.0	0.0	0.0012018999999999999	0.0	0.000133576	0.0	0.000436408	0.0	0.0	0.0	0.0	0.0	0.0	0.0	0.0	0.0	0.0	0.0	0.000115991	0.0	0.0	0.0	0.0	0.0	0.0	0.0	4.4713000000000004e-05	0.0	0.0	0.0	0.0	0.0	7.17475e-05	0.0	0.0	0.0	8.99525e-06	0.0	0.0	9.923720000000001e-05	0.0	0.0	0.0	0.0	0.0	0.0	0.0	0.0	0.0	0.00010090899999999999	2.75916e-05	3.68914e-05	0.00010174400000000001	0.014868800000000001	0.0	0.0	0.0	0.00024486	0.0	0.0	0.0219039	0.0	0.0014454700000000001	0.0	0.0019877700000000002	0.0323155	0.0	0.0	0.0	0.0	0.0	0.0	0.0	0.0	0.0	0.0	0.0	0.0	0.0	0.0	0.0	0.0	0.025465500000000002	0.0	0.0	0.0	0.0	0.0	0.0	0.0	0.0	0.0	0.044427799999999996	0.000440839	0.0	0.021624900000000002	0.000339751	0.0	0.0	0.0	0.0	0.0	0.006999320000000001	0.0	0.0	0.0126286	0.0	0.0	0.0	0.00997226	0.0	0.0	0.00153235	0.0	0.0
Hte-ATic_014-Ex1-cssl	0.000827016	0.0	0.0	0.0	0.0	0.0	0.0	0.00130944	0.0	0.0	0.0	0.0	0.0	0.0	0.0	0.0	0.000918907	0.00105674	0.0	0.0	0.0	2.29727e-05	0.0	0.0	0.0	0.0	0.0	0.0	0.0	0.0	0.0	0.0	0.0	0.0	0.0	0.0	0.0	0.00135587	0.0	0.000183892	0.0	0.000367887	0.0	0.0	0.0	0.0	0.0	0.0	0.0	0.0	0.0	0.0	0.0	0.00011531100000000001	0.0	0.0	0.0	0.0	0.0	0.0	0.0	9.25535e-05	0.0	0.0	0.0	0.0	0.0	4.64448e-05	0.0	0.0	0.0	2.3296e-05	0.0	0.0	0.000116872	0.0	0.0	0.0	0.0	0.0	0.0	0.0	0.0	0.0	0.00019011699999999998	0.0	0.00021482	7.17848e-05	0.0140812	0.0	0.0	0.0	0.000267507	0.0	0.0	0.0218466	0.0	0.0011682700000000001	0.0	0.0015557300000000002	0.0316342	0.0	0.0	0.0	0.0	0.0	0.0	0.0	0.0	0.0	0.0	0.0	0.0	0.0	0.0	0.0	0.0	0.025503400000000002	0.0	0.0	0.0	0.0	0.0	0.0	0.0	0.0	0.0	0.0457286	0.00021281399999999997	0.0	0.0210337	0.000186394	0.0	0.0	0.0	0.0	0.0	0.00713477	0.0	0.0	0.012058	0.0	3.3895899999999995e-05	0.0	0.0092656	0.0	0.0	0.0010958600000000001	0.0	0.0
Hte-ATic_015-Ex1-cssl	0.00106957	0.0	0.0	0.0	0.0	0.0	0.0	0.0018923199999999999	0.0	0.0	0.0	0.0	0.0	0.0	0.0	0.0	0.000503932	0.00175862	0.0	1.02843e-05	0.0	2.0568700000000002e-05	0.0	0.0	0.0	0.0	0.0	0.0	0.0	0.0	0.0	0.0	0.0	0.0	0.0	0.0	0.0	0.0019963199999999998	0.0	0.000236761	0.0	0.000360421	0.0	1.03028e-05	0.0	0.0	0.0	0.0	0.0	0.0	0.0	0.0	0.0	0.00031016	0.0	0.0	0.0	0.0	0.0	0.0	1.03777e-05	0.00016615300000000002	0.0	0.0	0.0	0.0	0.0	6.264230000000001e-05	0.0	0.0	0.0	1.04955e-05	0.0	0.0	0.000232103	0.0	0.0	0.0	0.0	0.0	0.0	0.0	0.0	0.0	8.6991e-05	1.09204e-05	2.19464e-05	0.00019858499999999998	0.0145048	0.0	0.0	0.0	0.000204809	0.0	2.30826e-05	0.0211279	0.0	0.00190563	0.0	0.00230387	0.031025999999999998	0.0	0.0	0.0	0.0	0.0	0.0	0.0	0.0	0.0	0.0	0.0	0.0	0.0	0.0	0.0	0.0	0.026177	0.0	0.0	0.0	0.0	0.0	0.0	0.0	0.0	0.0	0.0447277	0.000636067	0.0	0.0200519	0.000339494	0.0	0.0	0.0	0.0	0.0	0.00711392	0.0	0.0	0.0126757	0.0	0.0	0.0	0.008902479999999999	0.0	0.0	0.00152898	0.0	0.0
Hte-ATic_017-Ex1-cssl	0.0014953899999999999	0.0	0.0	0.0	0.0	0.0	0.0	0.0019826600000000002	0.0	3.36044e-05	0.0	0.0	0.0	0.0	0.0	0.0	0.000655285	0.00196586	0.0	3.36044e-05	0.0	0.0	0.0	0.0	0.0	0.0	0.0	0.0	0.0	0.0	0.0	0.0	0.0	0.0	0.0	0.0	0.0	0.0022695099999999998	0.0	0.000319495	0.0	0.0005214530000000001	0.0	0.0	0.0	0.0	0.0	0.0	0.0	0.0	0.0	0.0	0.0	0.000574221	0.0	0.0	0.0	0.0	0.0	0.0	3.39181e-05	0.000288514	0.0	0.0	0.0	0.0	0.0	0.000119539	0.0	0.0	0.0	3.4363400000000004e-05	0.0	0.0	0.00034582199999999997	0.0	0.0	0.0	0.0	0.0	0.0	0.0	0.0	0.0	0.000107483	0.0	3.6204599999999996e-05	0.000127479	0.016623699999999998	0.0	0.0	0.0	0.000321132	0.0	1.92594e-05	0.0228509	0.0	0.00224572	0.0	0.00284709	0.0333336	0.0	0.0	0.0	0.0	0.0	0.0	0.0	0.0	0.0	0.0	0.0	0.0	0.0	0.0	0.0	0.0	0.026680699999999998	0.0	0.0	0.0	0.0	0.0	0.0	0.0	0.0	0.0	0.0458453	0.000621354	0.0	0.020865599999999998	0.00026022599999999996	0.0	0.0	0.0	0.0	0.0	0.007156320000000001	0.0	0.0	0.012487500000000002	0.0	0.0	0.0	0.0095709	0.0	0.0	0.00100088	0.0	0.0
Hte-ATic_019-Ex1-cssl	0.00117768	0.0	0.0	0.0	0.0	0.0	0.0	0.00123183	0.0	0.0	0.0	0.0	0.0	0.0	0.0	0.0	0.0008934149999999999	0.00140781	0.0	1.35366e-05	0.0	0.0	0.0	0.0	0.0	0.0	0.0	0.0	0.0	0.0	0.0	0.0	0.0	0.0	0.0	0.0	0.0	0.00131355	0.0	0.000108352	0.0	0.00039284700000000004	0.0	0.0	0.0	0.0	0.0	0.0	0.0	0.0	0.0	0.0	0.0	0.000190065	0.0	0.0	0.0	0.0	0.0	0.0	2.72207e-05	8.16946e-05	0.0	0.0	0.0	0.0	0.0	0.000122935	0.0	0.0	0.0	0.0	0.0	0.0	4.12359e-05	0.0	0.0	0.0	0.0	0.0	0.0	0.0	0.0	0.0	0.00012606300000000002	2.8091699999999997e-05	7.04471e-05	0.000113083	0.014397499999999999	0.0	0.0	0.0	0.000273801	0.0	2.91159e-05	0.0213196	0.0	0.00182021	0.0	0.0022924900000000003	0.0310925	0.0	0.0	0.0	0.0	0.0	0.0	0.0	0.0	0.0	0.0	0.0	0.0	0.0	0.0	0.0	0.0	0.026058199999999997	0.0	0.0	0.0	0.0	0.0	0.0	0.0	0.0	0.0	0.0447964	0.000459067	0.0	0.0207354	0.000138292	0.0	0.0	0.0	0.0	0.0	0.007347940000000001	0.0	0.0	0.012741299999999999	0.0	0.0	0.0	0.00978732	0.0	0.0	0.00145188	0.0	0.0
Hte-ATic_020-Ex1-cssl	0.00114938	0.0	0.0	0.0	0.0	0.0	0.0	0.00138571	0.0	2.14838e-05	0.0	0.0	0.0	0.0	0.0	0.0	0.000741192	0.00140719	0.0	1.07419e-05	0.0	2.14838e-05	0.0	0.0	0.0	0.0	0.0	0.0	0.0	0.0	0.0	0.0	0.0	0.0	0.0	0.0	0.0	0.0016014900000000001	0.0	0.000107515	0.0	0.00041946700000000003	0.0	0.0	0.0	0.0	0.0	0.0	0.0	0.0	0.0	0.0	0.0	0.000172733	0.0	0.0	0.0	0.0	0.0	0.0	1.08371e-05	5.42218e-05	0.0	0.0	0.0	0.0	0.0	8.7194e-05	0.0	0.0	0.0	1.09515e-05	0.0	0.0	0.000154015	0.0	0.0	0.0	0.0	0.0	0.0	0.0	0.0	0.0	0.00010157300000000001	2.26509e-05	2.27339e-05	9.131329999999999e-05	0.0156605	0.0	0.0	0.0	0.000269208	0.0	1.18489e-05	0.0228629	0.0	0.0016322500000000002	0.0	0.00219587	0.0322444	0.0	0.0	0.0	0.0	0.0	0.0	0.0	0.0	0.0	0.0	0.0	0.0	0.0	0.0	0.0	0.0	0.025487600000000003	1.4635299999999999e-05	0.0	0.0	0.0	0.0	0.0	0.0	0.0	0.0	0.0444648	0.00034046500000000003	0.0	0.0220281	0.00025116499999999997	0.0	0.0	0.0	0.0	0.0	0.0075301000000000005	0.0	0.0	0.012803	0.0	0.0	0.0	0.0105155	0.0	0.0	0.00166047	0.0	0.0
Hte-ATic_021-Ex1-cssl	0.00118623	0.0	0.0	0.0	0.0	0.0	0.0	0.00263717	0.0	9.80359e-06	0.0	0.0	0.0	0.0	0.0	0.0	0.000578412	0.00279402	0.0	0.0	0.0	3.92144e-05	0.0	0.0	0.0	0.0	0.0	0.0	0.0	0.0	0.0	0.0	0.0	0.0	0.0	0.0	0.0	0.00283531	0.0	0.000490726	0.0	0.00043206699999999995	0.0	9.826609999999999e-06	0.0	0.0	0.0	0.0	0.0	0.0	0.0	0.0	0.0	0.000424978	0.0	0.0	0.0	0.0	0.0	0.0	9.95198e-06	0.000199274	0.0	0.0	0.0	0.0	0.0	9.052620000000001e-05	0.0	0.0	0.0	3.04614e-05	0.0	0.0	0.000358742	0.0	0.0	0.0	0.0	0.0	0.0	0.0	0.0	0.0	0.00011886299999999999	3.26674e-05	5.49338e-05	0.000365821	0.0165652	0.0	0.0	0.0	0.000187107	0.0	0.0	0.0233767	0.0	0.0029972899999999997	0.0	0.00395125	0.0339509	0.0	0.0	0.0	0.0	0.0	0.0	0.0	0.0	0.0	0.0	0.0	0.0	0.0	0.0	0.0	0.0	0.026341	3.78847e-05	0.0	0.0	0.0	0.0	0.0	0.0	0.0	0.0	0.0437776	0.000685704	0.0	0.0222232	0.000479499	0.0	0.0	0.0	0.0	0.0	0.00661876	0.0	0.0	0.012832	0.0	0.0	0.0	0.0105375	0.0	0.0	0.00121517	0.0	0.0
Hte-ATic_022-Ex1-cssl	0.00110326	0.0	0.0	0.0	0.0	0.0	0.0	0.00157608	0.0	3.63711e-05	0.0	0.0	0.0	0.0	0.0	0.0	0.0006183079999999999	0.00168519	0.0	1.2123699999999999e-05	0.0	4.8494799999999995e-05	0.0	0.0	0.0	0.0	0.0	0.0	0.0	0.0	0.0	0.0	0.0	0.0	0.0	0.0	0.0	0.0017343600000000001	0.0	0.000181978	0.0	0.000339789	0.0	0.0	0.0	0.0	0.0	0.0	0.0	0.0	0.0	0.0	0.0	0.000279981	0.0	0.0	0.0	0.0	0.0	0.0	0.0	7.33325e-05	0.0	0.0	0.0	0.0	0.0	7.36804e-05	0.0	0.0	0.0	0.0	0.0	0.0	0.000247918	0.0	0.0	0.0	0.0	0.0	0.0	0.0	0.0	0.0	0.00011443	1.27646e-05	2.5627499999999998e-05	0.000154398	0.0154475	0.0	0.0	0.0	0.00017161500000000002	0.0	1.3365000000000002e-05	0.022342400000000002	0.0	0.00183305	0.0	0.00221062	0.0323264	0.0	0.0	0.0	0.0	0.0	0.0	0.0	0.0	0.0	0.0	0.0	0.0	0.0	0.0	0.0	0.0	0.0245391	0.0	0.0	0.0	0.0	0.0	0.0	0.0	0.0	0.0	0.0438917	0.000520278	0.0	0.0214851	0.000287276	0.0	0.0	0.0	0.0	0.0	0.006601880000000001	0.0	0.0	0.0116907	0.0	0.0	0.0	0.010328	0.0	0.0	0.0013835100000000001	0.0	0.0
Hte-ATic_023-Ex1-cssl	0.00100077	0.0	0.0	0.0	0.0	0.0	0.0	0.0014035200000000001	0.0	1.22045e-05	0.0	0.0	0.0	0.0	0.0	0.0	0.0008421119999999999	0.00128147	0.0	1.22045e-05	0.0	0.0	0.0	0.0	0.0	0.0	0.0	0.0	0.0	0.0	0.0	0.0	0.0	0.0	0.0	0.0	0.0	0.00152618	0.0	0.000134332	0.0	0.000378659	0.0	0.0	0.0	0.0	0.0	0.0	0.0	0.0	0.0	0.0	0.0	0.000257225	0.0	0.0	0.0	0.0	0.0	0.0	0.0	3.68723e-05	0.0	0.0	0.0	0.0	0.0	4.9349e-05	0.0	0.0	0.0	0.0	0.0	0.0	0.00018653500000000002	0.0	0.0	0.0	0.0	0.0	0.0	0.0	0.0	0.0	0.00015251499999999999	1.27521e-05	5.11857e-05	0.000141287	0.0149853	0.0	0.0	0.0	0.000289027	0.0	6.64168e-05	0.0221574	1.3437899999999999e-05	0.00131166	0.0	0.0017824100000000001	0.0316609	0.0	0.0	0.0	0.0	0.0	0.0	0.0	0.0	0.0	0.0	0.0	0.0	0.0	0.0	0.0	0.0	0.025653	1.60818e-05	0.0	0.0	0.0	0.0	0.0	0.0	0.0	0.0	0.0442892	0.000457415	0.0	0.021201400000000002	0.00012674	0.0	0.0	0.0	0.0	0.0	0.0076584700000000006	0.0	0.0	0.013271800000000002	0.0	0.0	0.0	0.00976978	0.0	0.0	0.00120748	0.0	0.0
Hte-ATic_024-Ex1-cssl	0.00111573	0.0	0.0	0.0	0.0	1.5077399999999999e-05	0.0	0.00152282	0.0	4.52323e-05	0.0	0.0	0.0	0.0	0.0	0.0	0.0009197229999999999	0.0018846800000000001	1.5077399999999999e-05	6.03097e-05	0.0	1.5077399999999999e-05	0.0	0.0	0.0	0.0	0.0	0.0	0.0	0.0	0.0	0.0	0.0	0.0	0.0	0.0	0.0	0.0016743399999999999	0.0	0.00016596999999999998	0.0	0.000558453	0.0	0.0	0.0	0.0	0.0	0.0	0.0	0.0	0.0	0.0	0.0	0.000363727	0.0	0.0	0.0	0.0	0.0	0.0	3.04544e-05	0.000167638	0.0	1.52678e-05	0.0	0.0	0.0	0.000168626	0.0	0.0	0.0	1.54161e-05	0.0	0.0	0.000263578	0.0	0.0	0.0	0.0	0.0	0.0	0.0	0.0	0.0	0.000159824	6.4214e-05	3.2258e-05	0.000113468	0.015498399999999999	0.0	0.0	0.0	0.000300615	0.0	3.38773e-05	0.0224603	3.4412199999999996e-05	0.0019779199999999998	0.0	0.00276892	0.0320012	0.0	0.0	0.0	0.0	0.0	0.0	0.0	0.0	0.0	0.0	0.0	0.0	0.0	0.0	0.0	0.0	0.025131699999999996	0.0	0.0	0.0	0.0	0.0	0.0	0.0	0.0	0.0	0.0426373	0.000542383	0.0	0.0213646	0.000383824	0.0	0.0	0.0	0.0	0.0	0.0069354	0.0	0.0	0.0117943	0.0	0.0	0.0	0.0096804	0.0	0.0	0.0016365700000000002	0.0	0.0
Hte-ATic_025-Ex1-cssl	0.0012415800000000002	0.0	0.0	0.0	0.0	0.0	1.49588e-05	0.00167539	0.0	0.0	0.0	0.0	0.0	0.0	0.0	0.0	0.000927446	0.00155572	0.0	0.0	0.0	2.99176e-05	0.0	0.0	0.0	0.0	0.0	0.0	0.0	0.0	0.0	0.0	0.0	0.0	0.0	0.0	0.0	0.00187134	0.0	0.000239651	0.0	0.000434621	0.0	0.0	0.0	0.0	0.0	0.0	0.0	0.0	0.0	0.0	0.0	0.000346893	0.0	0.0	0.0	0.0	0.0	0.0	3.0347299999999997e-05	0.000106322	0.0	1.5219499999999999e-05	0.0	0.0	0.0	0.000152959	0.0	0.0	0.0	3.08005e-05	0.0	0.0	0.000154968	0.0	0.0	0.0	0.0	0.0	0.0	0.0	0.0	0.0	0.000207969	0.0	4.84097e-05	0.000162169	0.015415700000000001	0.0	0.0	0.0	0.000183908	0.0	1.6955e-05	0.0222644	0.0	0.00133614	0.0	0.00194054	0.0326161	0.0	0.0	0.0	0.0	0.0	0.0	0.0	0.0	0.0	0.0	0.0	0.0	0.0	0.0	0.0	0.0	0.0255945	2.10454e-05	0.0	0.0	0.0	0.0	0.0	0.0	0.0	0.0	0.0460964	0.000417589	0.0	0.0221176	0.000167653	0.0	0.0	0.0	0.0	0.0	0.00684394	0.0	0.0	0.0131037	0.0	0.0	0.0	0.0103895	0.0	0.0	0.00150066	0.0	0.0
Hte-ATic_026-Ex1-cssl	0.00111245	0.0	0.0	0.0	0.0	0.0	0.0	0.0013711300000000001	0.0	1.4754000000000001e-05	0.0	0.0	0.0	0.0	0.0	0.0	0.000738681	0.00147048	9.83597e-07	1.08196e-05	0.0	1.1803199999999999e-05	0.0	0.0	0.0	0.0	0.0	0.0	0.0	0.0	9.83597e-07	0.0	0.0	0.0	0.0	0.0	0.0	0.00142337	0.0	0.00013883300000000002	0.0	0.000363476	0.0	1.97085e-06	0.0	0.0	0.0	0.0	0.0	0.0	0.0	0.0	0.0	0.000209525	0.0	0.0	0.0	0.0	0.0	0.0	3.96594e-06	8.134329999999999e-05	0.0	3.9726299999999994e-06	0.0	0.0	0.0	6.87202e-05	0.0	0.0	0.0	7.997e-06	0.0	0.0	0.000141458	0.0	0.0	0.0	0.0	0.0	0.0	0.0	0.0	0.0	0.00014944100000000002	1.95067e-05	6.591750000000001e-05	0.00011575900000000001	0.015074899999999999	0.0	0.0	0.0	0.000249217	0.0	1.49473e-05	0.022321900000000002	2.15999e-06	0.00161275	0.0	0.00211961	0.032436900000000005	0.0	0.0	0.0	0.0	0.0	0.0	0.0	0.0	0.0	0.0	0.0	0.0	0.0	0.0	0.0	0.0	0.0262366	6.5183299999999995e-06	0.0	0.0	0.0	0.0	0.0	0.0	0.0	0.0	0.045851499999999996	0.000536875	0.0	0.0217	0.000272833	0.0	0.0	0.0	0.0	0.0	0.0072081	0.0	0.0	0.0126933	0.0	8.692529999999999e-06	1.7614499999999999e-06	0.0100806	0.0	0.0	0.00122324	0.0	0.0
Hte-ATic_027-Ex1-cssl	0.00121675	0.0	0.0	0.0	0.0	0.0	1.41483e-05	0.00227787	0.0	1.41483e-05	0.0	0.0	0.0	0.0	0.0	0.0	0.0007215619999999999	0.0023486099999999997	0.0	0.0	0.0	1.41483e-05	0.0	0.0	0.0	0.0	0.0	0.0	0.0	0.0	0.0	0.0	0.0	0.0	0.0	0.0	0.0	0.00244935	0.0	0.00024077700000000002	0.0	0.000368434	0.0	0.0	0.0	0.0	0.0	0.0	0.0	0.0	0.0	0.0	0.0	0.000398836	0.0	0.0	0.0	0.0	0.0	0.0	4.2979300000000004e-05	0.00014340900000000002	0.0	0.0	0.0	0.0	0.0	0.00010118800000000001	0.0	0.0	0.0	0.0	0.0	0.0	0.00027884899999999996	0.0	0.0	0.0	0.0	0.0	0.0	0.0	0.0	0.0	0.000107123	3.07882e-05	6.19865e-05	0.000265117	0.016460100000000002	0.0	0.0	0.0	0.000227646	0.0	0.0	0.023436099999999998	0.0	0.0026950100000000003	0.0	0.0034484499999999996	0.0333587	0.0	0.0	0.0	0.0	0.0	0.0	0.0	0.0	0.0	0.0	0.0	0.0	0.0	0.0	0.0	0.0	0.0253949	2.3521800000000002e-05	0.0	0.0	0.0	0.0	0.0	0.0	0.0	0.0	0.045898800000000003	0.000641221	0.0	0.0213153	0.00017708	0.0	0.0	0.0	0.0	0.0	0.00685847	0.0	0.0	0.012224100000000002	0.0	0.0	0.0	0.010453	0.0	0.0	0.00125927	0.0	0.0
Hte-ATic_029-Ex1-cssl	0.00108514	0.0	0.0	0.0	0.0	0.0	0.0	0.0010258	0.0	0.0	0.0	0.0	0.0	0.0	0.0	0.0	0.000737559	0.000873202	0.0	1.69554e-05	0.0	8.47769e-06	0.0	0.0	0.0	0.0	0.0	0.0	0.0	0.0	0.0	0.0	0.0	0.0	0.0	0.0	0.0	0.00107708	0.0	0.000144198	0.0	0.00030543000000000004	0.0	0.0	0.0	0.0	0.0	0.0	0.0	0.0	0.0	0.0	0.0	9.35466e-05	0.0	0.0	0.0	0.0	0.0	0.0	1.7046699999999997e-05	5.116090000000001e-05	0.0	0.0	0.0	0.0	0.0	3.42074e-05	0.0	0.0	0.0	1.7148e-05	0.0	0.0	6.87811e-05	0.0	0.0	0.0	0.0	0.0	0.0	0.0	0.0	0.0	0.000148322	2.62284e-05	9.64215e-05	0.000114212	0.013458099999999999	0.0	0.0	0.0	0.000231742	0.0	1.79487e-05	0.0203444	0.0	0.000916907	0.0	0.00128199	0.0297813	0.0	0.0	0.0	0.0	0.0	0.0	0.0	0.0	0.0	0.0	0.0	0.0	0.0	0.0	0.0	0.0	0.025221599999999997	0.0	0.0	0.0	0.0	0.0	0.0	0.0	0.0	0.0	0.0446113	0.000269041	0.0	0.0198849	0.000131561	0.0	0.0	0.0	0.0	0.0	0.007025729999999999	0.0	0.0	0.0122029	0.0	0.0	0.0	0.00917427	0.0	0.0	0.00130628	0.0	0.0
Hte-ATic_030-Ex1-cssl	0.00120116	0.0	0.0	0.0	0.0	1.80084e-06	0.0	0.00174682	0.0	1.8008400000000002e-05	0.0	0.0	0.0	0.0	0.0	0.0	0.0007383460000000001	0.00180445	0.0	1.8008400000000002e-05	0.0	1.8008400000000002e-05	0.0	0.0	0.0	0.0	0.0	0.0	0.0	0.0	0.0	0.0	0.0	0.0	0.0	0.0	0.0	0.00186089	0.0	0.000181986	0.0	0.00045778999999999997	0.0	0.0	0.0	0.0	0.0	0.0	0.0	0.0	0.0	0.0	0.0	0.000307407	0.0	0.0	0.0	0.0	0.0	0.0	1.8149900000000001e-06	0.000107156	0.0	3.6377500000000004e-06	0.0	0.0	0.0	9.127649999999999e-05	0.0	0.0	0.0	1.1009e-05	0.0	0.0	0.00021759300000000003	0.0	0.0	0.0	0.0	0.0	0.0	0.0	0.0	0.0	0.000146121	3.23941e-05	4.21166e-05	0.000194323	0.0156922	0.0	0.0	0.0	0.00023603199999999998	0.0	1.4086999999999999e-05	0.0228381	0.0	0.00207324	0.0	0.00263014	0.0329589	0.0	0.0	0.0	0.0	0.0	0.0	0.0	0.0	0.0	0.0	0.0	0.0	0.0	0.0	0.0	0.0	0.0263198	2.6142099999999997e-06	0.0	5.37045e-06	0.0	0.0	0.0	0.0	0.0	0.0	0.0455847	0.000564349	0.0	0.021606	0.000373174	0.0	0.0	0.0	0.0	0.0	0.00734066	0.0	0.0	0.0126193	0.0	1.08793e-05	0.0	0.00981381	0.0	0.0	0.00124525	0.0	0.0
Hte-ATic_031-Ex1-cssl	0.0011585200000000001	0.0	0.0	0.0	0.0	0.0	0.0	0.00128856	0.0	1.18216e-05	0.0	0.0	0.0	0.0	0.0	0.0	0.0006383679999999999	0.00130038	0.0	0.0	0.0	7.09298e-05	0.0	0.0	0.0	0.0	0.0	0.0	0.0	0.0	0.0	0.0	0.0	0.0	0.0	0.0	0.0	0.00126631	0.0	0.000165755	0.0	0.000414574	0.0	0.0	0.0	0.0	0.0	0.0	0.0	0.0	0.0	0.0	0.0	0.000202176	0.0	0.0	0.0	0.0	0.0	0.0	0.0	2.3880100000000002e-05	0.0	0.0	0.0	0.0	0.0	9.59164e-05	0.0	0.0	0.0	0.0	0.0	0.0	0.000120693	0.0	0.0	0.0	0.0	0.0	0.0	0.0	0.0	0.0	0.00013504499999999998	1.23089e-05	3.70255e-05	0.000111397	0.0145516	0.0	0.0	0.0	0.000201409	0.0	0.0	0.0217066	0.0	0.00137732	0.0	0.00179735	0.0316199	0.0	0.0	0.0	0.0	0.0	0.0	0.0	0.0	0.0	0.0	0.0	0.0	0.0	0.0	0.0	0.0	0.0259493	1.4771299999999999e-05	0.0	0.0	0.0	0.0	0.0	0.0	0.0	0.0	0.0466365	0.000413312	0.0	0.0210263	0.00014654	0.0	0.0	0.0	0.0	0.0	0.007137740000000001	0.0	0.0	0.0130714	0.0	0.0	1.80115e-05	0.00973144	0.0	0.0	0.00144005	0.0	0.0
Hte-ATic_032-Ex1-cssl	0.0010938	0.0	0.0	0.0	0.0	0.0	0.0	0.00146181	0.0	1.02224e-05	0.0	0.0	0.0	0.0	0.0	0.0	0.000623567	0.00144136	0.0	1.02224e-05	0.0	2.04448e-05	0.0	0.0	0.0	0.0	0.0	0.0	0.0	0.0	0.0	0.0	0.0	0.0	0.0	0.0	0.0	0.00154446	0.0	0.00023531599999999998	0.0	0.000388897	0.0	0.0	0.0	0.0	0.0	0.0	0.0	0.0	0.0	0.0	0.0	0.00021559099999999998	0.0	0.0	0.0	0.0	0.0	0.0	1.02982e-05	5.1520399999999995e-05	0.0	0.0	0.0	0.0	0.0	9.31131e-05	0.0	0.0	0.0	0.0	0.0	0.0	0.00014599199999999998	0.0	0.0	0.0	0.0	0.0	0.0	0.0	0.0	0.0	9.58697e-05	0.0	1.07295e-05	0.000118436	0.0146158	0.0	0.0	0.0	0.00020908099999999999	0.0	0.0	0.021433	0.0	0.0017672800000000002	0.0	0.00230601	0.031689100000000005	0.0	0.0	0.0	0.0	0.0	0.0	0.0	0.0	0.0	0.0	0.0	0.0	0.0	0.0	0.0	0.0	0.0262233	0.0	0.0	0.0	0.0	0.0	0.0	0.0	0.0	0.0	0.0461462	0.000442461	0.0	0.0209636	0.00022718	0.0	0.0	0.0	0.0	0.0	0.007132200000000001	0.0	0.0	0.012909799999999999	0.0	1.68795e-05	0.0	0.00972495	0.0	0.0	0.00136634	0.0	0.0
Hte-ATic_033-Ex1-cssl	0.00121793	0.0	0.0	0.0	0.0	0.0	0.0	0.00213655	0.0	1.03215e-05	0.0	0.0	0.0	0.0	0.0	0.0	0.000763789	0.00183722	0.0	0.0	0.0	2.0643e-05	0.0	0.0	0.0	0.0	0.0	0.0	0.0	0.0	0.0	0.0	0.0	0.0	0.0	0.0	0.0	0.0023867899999999997	0.0	0.000268814	0.0	0.00039319100000000004	0.0	1.03563e-05	0.0	0.0	0.0	0.0	0.0	0.0	0.0	0.0	0.0	0.00037536899999999996	0.0	0.0	0.0	0.0	0.0	0.0	1.05028e-05	0.000189264	0.0	0.0	0.0	0.0	0.0	8.48281e-05	0.0	0.0	0.0	2.13671e-05	0.0	0.0	0.00021521099999999998	0.0	0.0	0.0	0.0	0.0	0.0	0.0	0.0	0.0	0.00011171700000000001	4.49055e-05	6.77183e-05	0.000261113	0.0159097	0.0	0.0	0.0	0.000317499	0.0	3.5871400000000004e-05	0.022799	0.0	0.0019187000000000002	0.0	0.00255887	0.0318453	0.0	0.0	0.0	0.0	0.0	0.0	0.0	0.0	0.0	0.0	0.0	0.0	0.0	0.0	0.0	0.0	0.0256593	0.0	0.0	0.0	0.0	0.0	0.0	0.0	0.0	0.0	0.0455351	0.00042341800000000006	0.0	0.0208907	0.000288507	0.0	0.0	0.0	0.0	0.0	0.006525410000000001	0.0	0.0	0.011903	0.0	0.0	0.0	0.009464	0.0	0.0	0.00138838	0.0	0.0
Hte-ATic_034-Ex1-cssl	0.0014255300000000002	0.0	0.0	0.0	0.0	0.0	0.0	0.00144428	0.0	3.75138e-05	0.0	0.0	0.0	0.0	0.0	0.0	0.000919089	0.00168812	0.0	3.75138e-05	0.0	3.75138e-05	0.0	0.0	0.0	0.0	0.0	0.0	0.0	0.0	0.0	0.0	0.0	0.0	0.0	0.0	0.0	0.00159588	0.0	0.000150257	0.0	0.000488589	0.0	1.88039e-05	0.0	0.0	0.0	0.0	0.0	0.0	0.0	0.0	0.0	0.000245482	0.0	0.0	0.0	0.0	0.0	0.0	1.89719e-05	0.000151896	0.0	0.0	0.0	0.0	0.0	0.000133679	0.0	0.0	0.0	1.9204099999999998e-05	0.0	0.0	0.000135136	0.0	0.0	0.0	0.0	0.0	0.0	0.0	0.0	0.0	0.000159221	0.0	4.0146300000000006e-05	0.000120977	0.0149397	0.0	0.0	0.0	0.00022827499999999998	0.0	0.0	0.0217179	0.0	0.0019170100000000002	0.0	0.00234817	0.0320128	0.0	0.0	0.0	0.0	0.0	0.0	0.0	0.0	0.0	0.0	0.0	0.0	0.0	0.0	0.0	0.0	0.0269185	0.0	0.0	0.0	0.0	0.0	0.0	0.0	0.0	0.0	0.045663300000000004	0.000275458	0.0	0.0216709	0.000286263	0.0	0.0	0.0	0.0	0.0	0.00735275	0.0	0.0	0.012969300000000001	0.0	0.0	0.0	0.00993573	0.0	0.0	0.00159864	0.0	0.0
Hte-ATic_035-Ex1-cssl	0.0013210399999999999	0.0	0.0	0.0	0.0	0.0	1.09177e-05	0.00171407	0.0	0.0	0.0	0.0	0.0	0.0	0.0	0.0	0.000818824	0.00198701	0.0	0.0	0.0	3.2753e-05	0.0	0.0	0.0	0.0	0.0	0.0	0.0	0.0	0.0	0.0	0.0	0.0	0.0	0.0	0.0	0.00194535	0.0	0.000131208	0.0	0.00038293699999999997	0.0	0.0	0.0	0.0	0.0	0.0	0.0	0.0	0.0	0.0	0.0	0.000340922	0.0	0.0	0.0	0.0	0.0	0.0	0.0	0.00013267900000000002	0.0	0.0	0.0	0.0	0.0	7.7852e-05	0.0	0.0	0.0	1.11833e-05	0.0	0.0	0.00021372	0.0	0.0	0.0	0.0	0.0	0.0	0.0	0.0	0.0	0.00015095200000000001	1.1665499999999999e-05	2.34424e-05	0.000188607	0.0154712	0.0	0.0	0.0	0.00019484599999999998	0.0	1.2377700000000002e-05	0.0220253	1.25883e-05	0.00216028	0.0	0.00256656	0.0312729	0.0	0.0	0.0	0.0	0.0	0.0	0.0	0.0	0.0	0.0	0.0	0.0	0.0	0.0	0.0	0.0	0.025201899999999996	0.0	0.0	0.0	0.0	0.0	0.0	0.0	0.0	0.0	0.0438013	0.000585821	0.0	0.020475499999999997	0.000276161	0.0	0.0	0.0	0.0	0.0	0.0067134	0.0	0.0	0.0123083	0.0	0.0	0.0	0.00931425	0.0	0.0	0.00142536	0.0	0.0
Hte-ATic_036-Ex1-cssl	0.00135393	0.0	0.0	0.0	0.0	0.0	0.0	0.001761	0.0	0.0	0.0	0.0	0.0	0.0	0.0	0.0	0.000787582	0.00198223	0.0	1.76985e-05	0.0	5.30954e-05	0.0	0.0	0.0	0.0	0.0	0.0	0.0	0.0	0.0	0.0	0.0	0.0	0.0	0.0	0.0	0.00185076	0.0	0.00020374199999999997	0.0	0.000452005	0.0	0.0	0.0	0.0	0.0	0.0	0.0	0.0	0.0	0.0	0.0	0.000311669	0.0	0.0	0.0	0.0	0.0	0.0	8.94831e-06	0.000143303	0.0	0.0	0.0	0.0	0.0	5.40881e-05	0.0	0.0	0.0	9.07221e-06	0.0	0.0	0.000200786	0.0	0.0	0.0	0.0	0.0	0.0	0.0	0.0	0.0	0.000160519	9.48972e-06	7.63312e-05	0.00011516099999999999	0.0156844	0.0	0.0	0.0	0.00020862	0.0	0.0	0.0231329	0.0	0.00185964	0.0	0.0024923199999999997	0.0336623	0.0	0.0	0.0	0.0	0.0	0.0	0.0	0.0	0.0	0.0	0.0	0.0	0.0	0.0	0.0	0.0	0.0259381	2.70278e-05	0.0	0.0	0.0	0.0	0.0	0.0	0.0	0.0	0.0447092	0.0004954930000000001	0.0	0.0222621	0.00037010300000000004	0.0	0.0	0.0	0.0	0.0	0.00740217	0.0	0.0	0.0124962	0.0	0.0	0.0	0.010037299999999999	0.0	0.0	0.0014912999999999999	0.0	0.0
Hte-ATic_037-Ex1-cssl	0.00128013	0.0	0.0	0.0	0.0	0.0	0.0	0.00186201	0.0	2.90939e-05	0.0	0.0	0.0	0.0	0.0	0.0	0.000538237	0.0020656700000000004	0.0	4.3640800000000004e-05	0.0	7.273470000000001e-05	0.0	0.0	0.0	0.0	0.0	0.0	0.0	0.0	0.0	0.0	0.0	0.0	0.0	0.0	0.0	0.00212508	0.0	0.000291236	0.0	0.00046616499999999994	0.0	1.45765e-05	0.0	0.0	0.0	0.0	0.0	0.0	0.0	0.0	0.0	0.00046841099999999996	0.0	0.0	0.0	0.0	0.0	0.0	2.94181e-05	0.00022082700000000002	0.0	0.0	0.0	0.0	0.0	0.000118535	0.0	0.0	0.0	0.0	0.0	0.0	0.00026987	0.0	0.0	0.0	0.0	0.0	0.0	0.0	0.0	0.0	0.00021673699999999997	1.5552e-05	4.69049e-05	0.000314431	0.0149871	0.0	0.0	0.0	0.00025956199999999997	0.0	1.6475199999999998e-05	0.0215668	0.0	0.00208029	0.0	0.00265439	0.0310868	0.0	0.0	0.0	0.0	0.0	0.0	0.0	0.0	0.0	0.0	0.0	0.0	0.0	0.0	0.0	0.0	0.026915400000000003	0.0	0.0	0.0	0.0	0.0	0.0	0.0	0.0	0.0	0.046536	0.000570737	0.0	0.0207256	0.000284941	0.0	0.0	0.0	0.0	0.0	0.00716325	0.0	0.0	0.012634699999999999	0.0	0.0	0.0	0.00957065	0.0	0.0	0.0013618	0.0	0.0
Hte-ATic_038-Ex1-cssl	0.00147358	0.0	0.0	0.0	0.0	0.0	0.0	0.00246103	0.0	3.03831e-05	0.0	0.0	0.0	0.0	0.0	0.0	0.000759577	0.00244584	0.0	0.0	0.0	1.51915e-05	0.0	0.0	0.0	0.0	0.0	0.0	0.0	0.0	0.0	0.0	0.0	0.0	0.0	0.0	0.0	0.00281292	0.0	0.000304228	0.0	0.000395758	0.0	0.0	0.0	0.0	0.0	0.0	0.0	0.0	0.0	0.0	0.0	0.000414376	0.0	0.0	0.0	0.0	0.0	0.0	1.5486700000000002e-05	0.00024818800000000004	0.0	0.0	0.0	0.0	0.0	9.41304e-05	0.0	0.0	0.0	1.5856100000000002e-05	0.0	0.0	0.000288465	0.0	0.0	0.0	0.0	0.0	0.0	0.0	0.0	0.0	0.000186296	1.70745e-05	0.0	0.000347147	0.0158499	0.0	0.0	0.0	0.000164811	0.0	0.0	0.0227406	0.0	0.00254813	0.0	0.00323594	0.0331986	0.0	0.0	0.0	0.0	0.0	0.0	0.0	0.0	0.0	0.0	0.0	0.0	0.0	0.0	0.0	0.0	0.027016699999999998	2.83914e-05	0.0	0.0	0.0	0.0	0.0	0.0	0.0	0.0	0.0460496	0.000753952	0.0	0.0215026	0.000543548	0.0	0.0	0.0	0.0	0.0	0.00671836	0.0	0.0	0.0127709	0.0	0.0	0.0	0.0102016	0.0	0.0	0.00111377	0.0	0.0
Hte-ATic_039-Ex1-cssl	0.00101727	0.0	0.0	0.0	0.0	0.0	0.0	0.000997957	0.0	1.93153e-05	0.0	0.0	0.0	6.4384300000000005e-06	0.0	0.0	0.0006180900000000001	0.0010301499999999999	0.0	6.4384300000000005e-06	0.0	6.4384300000000005e-06	0.0	0.0	0.0	0.0	0.0	0.0	0.0	0.0	0.0	0.0	0.0	0.0	0.0	0.0	0.0	0.000966221	0.0	0.00010953299999999998	0.0	0.000412451	0.0	0.0	0.0	0.0	0.0	0.0	0.0	0.0	0.0	0.0	0.0	0.000148556	0.0	0.0	0.0	0.0	0.0	0.0	6.4743800000000005e-06	6.47702e-05	0.0	0.0	0.0	0.0	0.0	9.094000000000001e-05	0.0	0.0	0.0	6.51221e-06	0.0	0.0	0.000104478	0.0	0.0	0.0	0.0	0.0	0.0	0.0	0.0	0.0	9.26876e-05	2.65343e-05	4.65373e-05	5.997729999999999e-05	0.0145932	0.0	0.0	0.0	0.000222867	0.0	1.3603e-05	0.0217345	0.0	0.00104557	0.0	0.00143554	0.031785100000000004	0.0	0.0	0.0	0.0	0.0	0.0	0.0	0.0	0.0	0.0	0.0	0.0	0.0	0.0	0.0	0.0	0.0251489	0.0	0.0	0.0	0.0	0.0	0.0	0.0	0.0	0.0	0.045336	0.000263582	0.0	0.0211253	0.000168317	0.0	0.0	0.0	0.0	0.0	0.007529349999999999	0.0	0.0	0.0129391	0.0	9.15386e-06	0.0	0.0100821	0.0	0.0	0.00142849	9.62461e-06	0.0
Hte-ATic_041-Ex1-cssl	0.0013285600000000001	0.0	0.0	0.0	0.0	1.33524e-06	2.67047e-06	0.00202822	0.0	1.46876e-05	0.0	0.0	0.0	0.0	0.0	0.0	0.000737051	0.00241544	0.0	1.46876e-05	0.0	2.6704700000000002e-05	0.0	0.0	0.0	0.0	0.0	0.0	0.0	0.0	0.0	0.0	0.0	0.0	0.0	0.0	0.0	0.00226734	0.0	0.000205821	0.0	0.00044655800000000006	0.0	2.67506e-06	0.0	0.0	0.0	0.0	0.0	0.0	0.0	0.0	0.0	0.000415786	0.0	0.0	0.0	0.0	0.0	0.0	4.03612e-06	0.00014134	0.0	5.39099e-06	0.0	0.0	0.0	0.000108151	0.0	0.0	0.0	1.08618e-05	0.0	0.0	0.000263205	0.0	0.0	0.0	0.0	0.0	0.0	0.0	0.0	0.0	0.000157042	3.0982800000000004e-05	6.36749e-05	0.00020622700000000002	0.0163091	0.0	0.0	0.0	0.00026744000000000003	0.0	8.968480000000001e-06	0.0235992	6.09255e-06	0.00286075	0.0	0.0037752700000000003	0.0337364	0.0	0.0	0.0	0.0	0.0	0.0	0.0	0.0	0.0	0.0	0.0	0.0	0.0	0.0	0.0	0.0	0.027657400000000002	1.73031e-05	0.0	0.0	0.0	0.0	0.0	0.0	0.0	0.0	0.0459861	0.000928283	0.0	0.0218542	0.000570199	0.0	0.0	0.0	0.0	0.0	0.00742353	0.0	0.0	0.012679799999999998	0.0	3.89374e-06	0.0	0.00977697	0.0	0.0	0.00126078	0.0	0.0
Hte-ATic_044-Ex1-cssl	0.00121846	0.0	0.0	0.0	0.0	0.0	0.0	0.0020231	0.0	1.14949e-05	0.0	0.0	0.0	0.0	0.0	0.0	0.000735674	0.0015977900000000002	0.0	0.0	0.0	0.0	0.0	0.0	0.0	0.0	0.0	0.0	0.0	0.0	0.0	0.0	0.0	0.0	0.0	0.0	0.0	0.00197809	0.0	0.00023007100000000001	0.0	0.000448808	0.0	0.0	0.0	0.0	0.0	0.0	0.0	0.0	0.0	0.0	0.0	0.000242607	0.0	0.0	0.0	0.0	0.0	0.0	0.0	9.28786e-05	0.0	0.0	0.0	0.0	0.0	9.33993e-05	0.0	0.0	0.0	1.17365e-05	0.0	0.0	0.000153451	0.0	0.0	0.0	0.0	0.0	0.0	0.0	0.0	0.0	0.000133738	1.2212399999999998e-05	6.13428e-05	0.000172555	0.015722800000000002	0.0	0.0	0.0	0.000241202	0.0	3.86349e-05	0.0224186	1.30754e-05	0.00176706	0.0	0.00234695	0.033314199999999995	0.0	0.0	0.0	0.0	0.0	0.0	0.0	0.0	0.0	0.0	0.0	0.0	0.0	0.0	0.0	0.0	0.027893599999999998	0.0	0.0	0.0	0.0	0.0	0.0	0.0	0.0	0.0	0.0466882	0.000420606	0.0	0.021322499999999998	0.000302579	0.0	0.0	0.0	0.0	0.0	0.00768382	0.0	0.0	0.013126899999999999	0.0	4.2833399999999995e-05	0.0	0.010113299999999999	0.0	0.0	0.00131535	0.0	0.0
Hte-ATic_045-Ex1-cssl	0.00103894	0.0	0.0	0.0	0.0	9.80137e-06	0.0	0.0012153700000000001	0.0	2.94041e-05	0.0	0.0	0.0	0.0	0.0	0.0	0.000744904	0.00126438	9.80137e-06	9.80137e-06	0.0	9.80137e-06	0.0	0.0	0.0	0.0	0.0	0.0	0.0	0.0	0.0	0.0	0.0	0.0	0.0	0.0	0.0	0.00115686	0.0	0.000147081	0.0	0.000431525	0.0	0.0	0.0	0.0	0.0	0.0	0.0	0.0	0.0	0.0	0.0	0.00018670699999999999	0.0	0.0	0.0	0.0	0.0	0.0	9.84697e-06	4.92517e-05	0.0	0.0	0.0	0.0	0.0	0.000118548	0.0	0.0	0.0	0.0	0.0	0.0	6.95572e-05	0.0	0.0	0.0	0.0	0.0	0.0	0.0	0.0	0.0	0.000131421	2.02756e-05	6.09897e-05	7.138089999999999e-05	0.014333799999999999	0.0	0.0	0.0	0.000186939	0.0	0.0	0.0217353	0.0	0.0014796	0.0	0.00184146	0.0313	0.0	0.0	0.0	0.0	0.0	0.0	0.0	0.0	0.0	0.0	0.0	0.0	0.0	0.0	0.0	0.0	0.025281799999999997	0.0	0.0	0.0	0.0	0.0	0.0	0.0	0.0	0.0	0.044307400000000004	0.000391217	0.0	0.0209685	0.00019379300000000002	0.0	0.0	0.0	0.0	0.0	0.00689975	0.0	0.0	0.0122415	0.0	3.06241e-05	1.5459000000000002e-05	0.00951856	0.0	0.0	0.00125638	0.0	0.0
Hte-ATic_046-Ex1-cssl	0.00115424	0.0	0.0	0.0	0.0	0.0	0.0	0.0014636200000000001	0.0	8.32955e-05	0.0	0.0	0.0	0.0	0.0	0.0	0.000737761	0.0016183100000000002	0.0	1.18994e-05	0.0	0.0	0.0	0.0	0.0	0.0	0.0	0.0	0.0	0.0	0.0	0.0	0.0	0.0	0.0	0.0	0.0	0.0015595399999999999	0.0	0.000154798	0.0	0.000500284	0.0	0.0	0.0	0.0	0.0	0.0	0.0	0.0	0.0	0.0	0.0	0.000274857	0.0	0.0	0.0	0.0	0.0	0.0	2.3984e-05	0.000131992	0.0	0.0	0.0	0.0	0.0	0.000205003	0.0	0.0	0.0	1.2118600000000001e-05	0.0	0.0	0.000170466	0.0	0.0	0.0	0.0	0.0	0.0	0.0	0.0	0.0	0.000162647	2.51243e-05	5.04696e-05	0.00016482900000000002	0.014631700000000001	0.0	0.0	0.0	0.000326247	0.0	3.97059e-05	0.0210862	0.0	0.0020196899999999998	0.0	0.0025686299999999997	0.031169500000000003	0.0	0.0	0.0	0.0	0.0	0.0	0.0	0.0	0.0	0.0	0.0	0.0	0.0	0.0	0.0	0.0	0.0261837	0.0	0.0	0.0	0.0	0.0	0.0	0.0	0.0	0.0	0.0461727	0.000345484	0.0	0.0199876	0.000258069	0.0	0.0	0.0	0.0	0.0	0.00725232	0.0	0.0	0.012607199999999999	0.0	0.0	0.0	0.010007	0.0	0.0	0.00138324	0.0	0.0
Hte-ATic_047-Ex1-cssl	0.00121535	0.0	0.0	0.0	0.0	0.0	0.0	0.00241141	0.0	3.85826e-05	0.0	0.0	0.0	0.0	0.0	0.0	0.0006366130000000001	0.00254645	0.0	0.0	0.0	1.92913e-05	0.0	0.0	0.0	0.0	0.0	0.0	0.0	0.0	0.0	0.0	0.0	0.0	0.0	0.0	0.0	0.00249066	0.0	0.000289725	0.0	0.000425143	0.0	0.0	0.0	0.0	0.0	0.0	0.0	0.0	0.0	0.0	0.0	0.00046664300000000004	0.0	0.0	0.0	0.0	0.0	0.0	1.95687e-05	0.00015673	0.0	0.0	0.0	0.0	0.0	5.9277299999999996e-05	0.0	0.0	0.0	3.98475e-05	0.0	0.0	0.00034151799999999996	0.0	0.0	0.0	0.0	0.0	0.0	0.0	0.0	0.0	0.000104975	2.11238e-05	4.25462e-05	0.000278575	0.016318100000000002	0.0	0.0	0.0	0.000134635	0.0	0.0	0.0236124	0.0	0.00282955	0.0	0.00377021	0.0334633	0.0	0.0	0.0	0.0	0.0	0.0	0.0	0.0	0.0	0.0	0.0	0.0	0.0	0.0	0.0	0.0	0.0276892	0.0	0.0	0.0	0.0	0.0	0.0	0.0	0.0	0.0	0.0450452	0.000963928	0.0	0.0221697	0.000466638	0.0	0.0	0.0	0.0	0.0	0.0070457	0.0	0.0	0.012997700000000001	0.0	5.17327e-05	0.0	0.0106445	0.0	0.0	0.00146686	0.0	0.0
Hte-ATic_048-Ex1-cssl	0.00109255	0.0	0.0	0.0	0.0	0.0	0.0	0.00187081	0.0	1.4966400000000001e-05	0.0	0.0	0.0	0.0	0.0	0.0	0.000568725	0.0019905400000000003	0.0	0.0	0.0	1.4966400000000001e-05	0.0	0.0	0.0	0.0	0.0	0.0	0.0	0.0	0.0	0.0	0.0	0.0	0.0	0.0	0.0	0.00205139	0.0	0.0002247	0.0	0.000374656	0.0	0.0	0.0	0.0	0.0	0.0	0.0	0.0	0.0	0.0	0.0	0.000240867	0.0	0.0	0.0	0.0	0.0	0.0	3.0259699999999998e-05	0.000196877	0.0	0.0	0.0	0.0	0.0	0.00016766	0.0	0.0	0.0	1.5341299999999998e-05	0.0	0.0	0.000277901	0.0	0.0	0.0	0.0	0.0	0.0	0.0	0.0	0.0	7.99417e-05	0.0	0.0	0.00021147199999999998	0.0143786	0.0	0.0	0.0	0.000168663	0.0	1.7167900000000002e-05	0.0209484	0.0	0.00204835	0.0	0.00279883	0.030992699999999998	0.0	0.0	0.0	0.0	0.0	0.0	0.0	0.0	0.0	0.0	0.0	0.0	0.0	0.0	0.0	0.0	0.0267036	0.0	0.0	0.0	0.0	0.0	0.0	0.0	0.0	0.0	0.0452028	0.0006193759999999999	0.0	0.0199929	0.00025231200000000003	0.0	0.0	0.0	0.0	0.0	0.00685535	0.0	0.0	0.0123325	0.0	0.0	0.0	0.00911146	0.0	0.0	0.0013336099999999998	0.0	0.0
Hte-ATic_049-Ex1-cssl	0.0014282499999999998	0.0	0.0	0.0	0.0	0.0	0.0	0.00241442	0.0	1.13353e-05	0.0	0.0	0.0	0.0	0.0	0.0	0.0007367939999999999	0.00275448	1.13353e-05	0.0	0.0	5.66765e-05	0.0	0.0	0.0	0.0	0.0	0.0	0.0	0.0	0.0	0.0	0.0	0.0	0.0	0.0	0.0	0.00248584	0.0	0.00026124000000000004	0.0	0.00040926700000000005	0.0	1.1381500000000001e-05	0.0	0.0	0.0	0.0	0.0	0.0	0.0	0.0	0.0	0.000527977	0.0	0.0	0.0	0.0	0.0	0.0	1.15859e-05	0.00019726200000000002	0.0	1.1641e-05	0.0	0.0	0.0	5.866470000000001e-05	0.0	0.0	0.0	4.74181e-05	0.0	0.0	0.000443068	0.0	0.0	0.0	0.0	0.0	0.0	0.0	0.0	0.0	0.00011354	1.27128e-05	7.68661e-05	0.00020668599999999998	0.0158796	0.0	0.0	0.0	0.000216647	0.0	1.38516e-05	0.0225693	0.0	0.00267791	0.0	0.00342761	0.0330852	0.0	0.0	0.0	0.0	0.0	0.0	0.0	0.0	0.0	0.0	0.0	0.0	0.0	1.8687999999999998e-05	0.0	0.0	0.026627699999999997	0.0	0.0	0.0	0.0	0.0	0.0	0.0	0.0	0.0	0.0455394	0.0005403399999999999	0.0	0.0209902	0.00034465200000000003	0.0	0.0	0.0	0.0	0.0	0.00732051	0.0	0.0	0.0121334	0.0	2.92843e-05	0.0	0.00942426	0.0	0.0	0.00117374	0.0	0.0
Hte-ATic_050-Ex1-cssl	0.00140834	0.0	0.0	0.0	0.0	0.0	0.0	0.00302258	0.0	0.0	0.0	0.0	0.0	0.0	0.0	0.0	0.00068358	0.0031131699999999997	0.0	0.0	0.0	4.11795e-05	0.0	0.0	0.0	0.0	0.0	0.0	0.0	0.0	0.0	0.0	0.0	0.0	0.0	0.0	0.0	0.00342183	0.0	0.000379569	0.0	0.000478992	0.0	0.0	0.0	0.0	0.0	0.0	0.0	0.0	0.0	0.0	0.0	0.000450231	0.0	0.0	0.0	0.0	0.0	0.0	8.418299999999999e-06	0.000109621	0.0	1.69288e-05	0.0	0.0	0.0	9.39557e-05	0.0	0.0	0.0	0.0	0.0	0.0	0.00028847300000000003	0.0	0.0	0.0	0.0	0.0	0.0	0.0	0.0	0.0	0.00013958499999999999	5.63278e-05	5.688689999999999e-05	0.000411915	0.0176313	0.0	0.0	0.0	0.00021421000000000002	0.0	1.0520000000000001e-05	0.0241871	1.08735e-05	0.0037184	0.0	0.004603530000000001	0.034552900000000004	0.0	0.0	0.0	0.0	0.0	0.0	0.0	0.0	0.0	0.0	0.0	0.0	0.0	0.0	0.0	0.0	0.0281097	0.0	0.0	0.0	0.0	0.0	0.0	0.0	0.0	0.0	0.0442926	0.0012283799999999998	0.0	0.0212549	0.000680905	0.0	0.0	0.0	0.0	0.0	0.00587936	0.0	0.0	0.011231399999999999	0.0	0.0	0.0	0.0103255	0.0	0.0	0.00120853	0.0	0.0
Hte-ATic_051-Ex1-cssl	0.00148994	0.0	0.0	0.0	0.0	0.0	1.74671e-06	0.0026514999999999998	0.0	2.62006e-05	0.0	0.0	1.74671e-06	0.0	0.0	0.0	0.000770297	0.00278076	0.0	6.9868199999999995e-06	0.0	3.14407e-05	0.0	1.74671e-06	0.0	1.74671e-06	0.0	0.0	0.0	0.0	0.0	0.0	0.0	0.0	0.0	0.0	0.0	0.00277943	0.0	0.000360266	0.0	0.000439221	0.0	1.7512100000000001e-06	0.0	0.0	0.0	0.0	0.0	0.0	0.0	0.0	0.0	0.000511013	0.0	0.0	0.0	0.0	0.0	0.0	1.06481e-05	0.00021679200000000002	0.0	1.7818999999999998e-06	0.0	0.0	0.0	9.15048e-05	0.0	0.0	0.0	1.99205e-05	0.0	0.0	0.000356373	0.0	0.0	0.0	0.0	0.0	0.0	0.0	0.0	0.0	0.000155672	1.93559e-05	6.04846e-05	0.000340443	0.0167663	0.0	0.0	0.0	0.00022151600000000003	0.0	2.12158e-05	0.0238057	2.17954e-06	0.00300996	0.0	0.0038833	0.0337081	0.0	0.0	0.0	0.0	0.0	0.0	0.0	0.0	0.0	0.0	0.0	0.0	0.0	0.0	0.0	0.0	0.0273669	1.31734e-05	0.0	0.0	0.0	0.0	0.0	0.0	0.0	0.0	0.0455502	0.0007899930000000001	0.0	0.022140899999999998	0.000529868	0.0	0.0	0.0	0.0	0.0	0.0072625699999999994	0.0	0.0	0.0126907	0.0	1.14383e-05	0.0	0.00966122	0.0	0.0	0.0014341	0.0	0.0
Hte-ATic_054-Ex1-cssl	0.0011086499999999999	0.0	0.0	0.0	0.0	0.0	1.09768e-05	0.000998887	0.0	0.0	0.0	0.0	0.0	0.0	0.0	0.0	0.000889119	0.00121842	0.0	1.09768e-05	0.0	0.0	0.0	0.0	0.0	0.0	0.0	0.0	0.0	0.0	0.0	0.0	0.0	0.0	0.0	0.0	0.0	0.0010871499999999998	0.0	8.78618e-05	0.0	0.00042839800000000003	0.0	0.0	0.0	0.0	0.0	0.0	0.0	0.0	0.0	0.0	0.0	0.000143065	0.0	0.0	0.0	0.0	0.0	0.0	0.0	6.61777e-05	0.0	0.0	0.0	0.0	0.0	5.5296699999999995e-05	0.0	0.0	0.0	0.0	0.0	0.0	0.000144541	0.0	0.0	0.0	0.0	0.0	0.0	0.0	0.0	0.0	0.000101655	1.13194e-05	2.2695899999999997e-05	9.10446e-05	0.014446700000000002	0.0	0.0	0.0	0.00031246000000000003	0.0	2.33487e-05	0.0219313	1.17827e-05	0.00118457	0.0	0.0015919	0.0320163	0.0	0.0	0.0	0.0	0.0	0.0	0.0	0.0	0.0	0.0	0.0	0.0	0.0	0.0	0.0	0.0	0.025562	0.0	0.0	0.0	0.0	0.0	0.0	0.0	0.0	0.0	0.045128600000000005	0.00025044900000000003	0.0	0.021428199999999998	0.000364169	0.0	0.0	0.0	0.0	0.0	0.007125789999999999	0.0	0.0	0.012596600000000001	0.0	0.0	0.0	0.009581349999999999	0.0	0.0	0.00108515	0.0	0.0
Hte-ATic_055-Ex1-cssl	0.00118621	0.0	0.0	0.0	0.0	0.0	0.0	0.00177464	0.0	1.8680500000000002e-05	0.0	0.0	0.0	0.0	0.0	0.0	0.000784579	0.00179332	0.0	2.80207e-05	0.0	3.73609e-05	0.0	0.0	0.0	0.0	0.0	0.0	0.0	0.0	0.0	0.0	0.0	0.0	0.0	0.0	0.0	0.00174754	0.0	0.000177605	0.0	0.00044885000000000004	0.0	0.0	0.0	0.0	0.0	0.0	0.0	0.0	0.0	0.0	0.0	0.00033787	0.0	0.0	0.0	0.0	0.0	0.0	1.88401e-05	0.000141398	0.0	0.0	0.0	0.0	0.0	0.000123141	0.0	0.0	0.0	3.80676e-05	0.0	0.0	0.000248617	0.0	0.0	0.0	0.0	0.0	0.0	0.0	0.0	0.0	0.000166792	3.93971e-05	4.94466e-05	0.000188741	0.016038200000000002	0.0	0.0	0.0	0.000254871	0.0	2.0654e-05	0.0233252	1.04639e-05	0.00175995	0.0	0.00250544	0.0334984	0.0	0.0	0.0	0.0	0.0	0.0	0.0	0.0	0.0	0.0	0.0	0.0	0.0	0.0	0.0	0.0	0.0259654	1.2838499999999999e-05	0.0	0.0	0.0	0.0	0.0	0.0	0.0	0.0	0.045717	0.0005870459999999999	0.0	0.0217276	0.000355106	0.0	0.0	0.0	0.0	0.0	0.00672941	0.0	0.0	0.0122572	0.0	0.0	0.0	0.009979489999999999	0.0	0.0	0.00125328	0.0	0.0
Hte-ATic_056-Ex1-cssl	0.00121702	0.0	0.0	0.0	0.0	0.0	9.50793e-06	0.00198716	0.0	1.90159e-05	0.0	0.0	0.0	0.0	0.0	0.0	0.000760635	0.0016734	0.0	2.8523799999999996e-05	0.0	2.8523799999999996e-05	0.0	0.0	0.0	0.0	0.0	0.0	0.0	0.0	0.0	0.0	0.0	0.0	0.0	0.0	0.0	0.00208314	0.0	0.000228341	0.0	0.00048533800000000003	0.0	0.0	0.0	0.0	0.0	0.0	0.0	0.0	0.0	0.0	0.0	0.000267167	0.0	0.0	0.0	0.0	0.0	0.0	0.0	0.00011488999999999999	0.0	9.58499e-06	0.0	0.0	0.0	9.612749999999999e-05	0.0	0.0	0.0	0.0	0.0	0.0	0.00019381999999999998	0.0	0.0	0.0	0.0	0.0	0.0	0.0	0.0	0.0	0.00017884999999999998	2.9913e-05	5.00148e-05	0.00022103700000000002	0.0153304	0.0	0.0	0.0	0.00036119500000000003	0.0	4.18469e-05	0.0228754	0.0	0.00157438	0.0	0.00212224	0.0329802	0.0	0.0	0.0	0.0	0.0	0.0	0.0	0.0	0.0	0.0	0.0	0.0	0.0	0.0	0.0	0.0	0.0260424	1.32595e-05	0.0	0.0	0.0	0.0	0.0	0.0	0.0	0.0	0.0456209	0.00038964200000000005	0.0	0.0217836	0.000343206	0.0	0.0	0.0	0.0	0.0	0.00700156	0.0	0.0	0.0119248	0.0	0.0	0.0	0.0100254	0.0	0.0	0.00111759	0.0	0.0
Hte-ATic_057-Ex1-cssl	0.00115431	0.0	0.0	0.0	0.0	0.0	1.95645e-05	0.00138908	0.0	1.95645e-05	0.0	0.0	0.0	0.0	0.0	0.0	0.000763017	0.00141843	0.0	2.9346799999999998e-05	0.0	1.95645e-05	0.0	0.0	0.0	0.0	0.0	0.0	0.0	0.0	0.0	0.0	0.0	0.0	0.0	0.0	0.0	0.00135079	0.0	0.000215413	0.0	0.0005583140000000001	0.0	9.79929e-06	0.0	0.0	0.0	0.0	0.0	0.0	0.0	0.0	0.0	0.00031469	0.0	0.0	0.0	0.0	0.0	0.0	0.0	0.000128367	0.0	0.0	0.0	0.0	0.0	0.000128992	0.0	0.0	0.0	9.96831e-06	0.0	0.0	0.000180188	0.0	0.0	0.0	0.0	0.0	0.0	0.0	0.0	0.0	0.00023567100000000001	4.1128800000000005e-05	2.0644099999999998e-05	0.00023843000000000003	0.0150627	0.0	0.0	0.0	0.00024410800000000001	0.0	0.0	0.0220451	0.0	0.0014212	0.0	0.00189564	0.0321539	0.0	0.0	0.0	0.0	0.0	0.0	0.0	0.0	0.0	0.0	0.0	0.0	0.0	0.0	0.0	0.0	0.0269865	0.0	0.0	0.0	0.0	0.0	0.0	0.0	0.0	0.0	0.0472151	0.000435172	0.0	0.0215716	0.000187466	0.0	0.0	0.0	0.0	0.0	0.00765964	0.0	0.0	0.0128918	0.0	0.0	0.0	0.0100689	0.0	0.0	0.0012284400000000001	0.0	0.0
Hte-ATic_058-Ex1-cssl	0.00112948	0.0	0.0	0.0	0.0	0.0	0.0	0.00166319	0.0	2.4823699999999997e-05	0.0	0.0	0.0	0.0	0.0	0.0	0.000719887	0.00181213	0.0	1.24118e-05	0.0	3.72355e-05	0.0	0.0	0.0	0.0	0.0	0.0	0.0	0.0	0.0	0.0	0.0	0.0	0.0	0.0	0.0	0.0019253700000000002	0.0	0.000161546	0.0	0.00032322199999999996	0.0	0.0	0.0	0.0	0.0	0.0	0.0	0.0	0.0	0.0	0.0	0.000287242	0.0	0.0	0.0	0.0	0.0	0.0	0.0	0.000113048	0.0	0.0	0.0	0.0	0.0	6.32166e-05	0.0	0.0	0.0	1.2724099999999999e-05	0.0	0.0	0.00016653299999999999	0.0	0.0	0.0	0.0	0.0	0.0	0.0	0.0	0.0	0.00010609699999999998	2.6655200000000002e-05	4.01944e-05	0.000175184	0.015272800000000001	0.0	0.0	0.0	0.000153577	0.0	1.42039e-05	0.021908999999999998	0.0	0.00239193	0.0	0.00306989	0.0327613	0.0	0.0	0.0	0.0	0.0	0.0	0.0	0.0	0.0	0.0	0.0	0.0	0.0	1.79233e-05	0.0	0.0	0.0257585	1.8901e-05	0.0	0.0	0.0	0.0	0.0	0.0	0.0	0.0	0.0456639	0.00047352500000000003	0.0	0.0211175	0.000290774	0.0	0.0	0.0	0.0	0.0	0.006910169999999999	0.0	0.0	0.01226	0.0	0.0	0.0	0.00934727	0.0	0.0	0.00151914	0.0	0.0
Hte-ATic_059-Ex1-cssl	0.00120118	0.0	0.0	0.0	0.0	0.0	1.1226e-05	0.0015940899999999998	0.0	1.1226e-05	0.0	0.0	0.0	0.0	0.0	0.0	0.000673559	0.0017737	0.0	2.2452e-05	0.0	1.1226e-05	0.0	0.0	0.0	0.0	0.0	0.0	0.0	0.0	0.0	0.0	0.0	0.0	0.0	0.0	0.0	0.0018082499999999997	0.0	0.000179741	0.0	0.000528149	0.0	0.0	0.0	0.0	0.0	0.0	0.0	0.0	0.0	0.0	0.0	0.000338069	0.0	0.0	0.0	0.0	0.0	0.0	0.0	0.000147094	0.0	0.0	0.0	0.0	0.0	0.000125037	0.0	0.0	0.0	1.14188e-05	0.0	0.0	0.000275416	0.0	0.0	0.0	0.0	0.0	0.0	0.0	0.0	0.0	0.00021251499999999998	4.74318e-05	2.38194e-05	0.000215449	0.0158083	0.0	0.0	0.0	0.000283527	0.0	1.2527200000000001e-05	0.022903	0.0	0.0019935499999999997	0.0	0.00239891	0.0331371	0.0	0.0	0.0	0.0	0.0	0.0	0.0	0.0	0.0	0.0	0.0	0.0	0.0	0.0	0.0	0.0	0.0270962	0.0	0.0	0.0	0.0	0.0	0.0	0.0	0.0	0.0	0.0470249	0.000297839	0.0	0.0215857	0.000366405	0.0	0.0	0.0	0.0	0.0	0.0073551499999999995	0.0	0.0	0.013510099999999999	0.0	0.0	0.0	0.010122599999999999	0.0	0.0	0.00144987	0.0	0.0
Hte-ATic_060-Ex1-cssl	0.000973087	0.0	0.0	0.0	0.0	0.0	0.0	0.00158815	0.0	2.7540199999999998e-05	0.0	0.0	0.0	0.0	0.0	0.0	0.000596704	0.0015697900000000002	0.0	0.0	0.0	1.83601e-05	0.0	0.0	0.0	0.0	0.0	0.0	0.0	0.0	0.0	0.0	0.0	0.0	0.0	0.0	0.0	0.0017174900000000001	0.0	0.000146989	0.0	0.000349215	0.0	0.0	0.0	0.0	0.0	0.0	0.0	0.0	0.0	0.0	0.0	0.000202901	0.0	0.0	0.0	0.0	0.0	0.0	0.0	7.40976e-05	0.0	9.27463e-06	0.0	0.0	0.0	7.445120000000001e-05	0.0	0.0	0.0	0.0	0.0	0.0	0.00020668899999999997	0.0	0.0	0.0	0.0	0.0	0.0	0.0	0.0	0.0	8.68713e-05	5.81453e-05	3.89416e-05	0.000234678	0.0159441	0.0	0.0	0.0	0.00023136900000000001	0.0	3.0620399999999996e-05	0.0231802	0.0	0.0018901999999999999	0.0	0.00237943	0.033366400000000004	0.0	0.0	0.0	0.0	0.0	0.0	0.0	0.0	0.0	0.0	0.0	0.0	0.0	0.0	0.0	0.0	0.0261304	0.0	0.0	0.0	0.0	0.0	0.0	0.0	0.0	0.0	0.0453902	0.000353072	0.0	0.0227994	0.000350909	0.0	0.0	0.0	0.0	0.0	0.007418940000000001	0.0	0.0	0.0133933	0.0	0.0	0.0	0.010612	0.0	0.0	0.00138154	0.0	0.0
Hte-ATic_061-Ex1-cssl	0.00128782	0.0	0.0	0.0	0.0	0.0	0.0	0.0017339299999999998	0.0	1.68343e-05	0.0	0.0	0.0	0.0	0.0	0.0	0.000749125	0.00202011	0.0	0.0	0.0	1.68343e-05	0.0	0.0	0.0	0.0	0.0	0.0	0.0	0.0	0.0	0.0	0.0	0.0	0.0	0.0	0.0	0.00176888	0.0	0.0003118	0.0	0.000404687	0.0	0.0	0.0	0.0	0.0	0.0	0.0	0.0	0.0	0.0	0.0	0.000356125	0.0	0.0	0.0	8.50302e-06	0.0	0.0	1.7048900000000002e-05	0.00012798899999999998	0.0	0.0	0.0	0.0	0.0	9.45113e-05	0.0	0.0	0.0	1.72955e-05	0.0	0.0	0.00018275099999999999	0.0	0.0	0.0	0.0	0.0	0.0	0.0	0.0	0.0	0.000171104	1.80974e-05	6.36639e-05	0.000265235	0.015526599999999998	0.0	0.0	0.0	0.000321463	0.0	3.84406e-05	0.0221738	0.0	0.00219198	0.0	0.0027409	0.0318743	0.0	0.0	0.0	0.0	0.0	0.0	0.0	0.0	0.0	0.0	0.0	0.0	0.0	0.0	0.0	0.0	0.026740200000000002	0.0	0.0	0.0	0.0	0.0	0.0	0.0	0.0	0.0	0.0460503	0.000533469	0.0	0.0213872	0.000331027	0.0	0.0	0.0	0.0	0.0	0.007284720000000001	0.0	0.0	0.0128187	0.0	0.0	0.0	0.0103464	0.0	0.0	0.00123977	1.9080399999999998e-05	0.0
Hte-ATic_062-Ex1-cssl	0.00113242	0.0	0.0	0.0	0.0	0.0	0.0	0.00170545	0.0	4.09309e-05	0.0	0.0	0.0	0.0	0.0	0.0	0.000573033	0.0018555299999999998	0.0	1.36436e-05	0.0	0.0	0.0	0.0	0.0	0.0	0.0	0.0	0.0	0.0	0.0	0.0	0.0	0.0	0.0	0.0	0.0	0.0018297200000000002	0.0	0.00027319999999999997	0.0	0.00027335	0.0	1.36738e-05	0.0	0.0	0.0	0.0	0.0	0.0	0.0	0.0	0.0	0.000288357	0.0	0.0	0.0	0.0	0.0	0.0	2.7589000000000003e-05	0.000179467	0.0	0.0	0.0	0.0	0.0	6.94337e-05	0.0	0.0	0.0	0.0	0.0	0.0	0.00022466300000000003	0.0	0.0	0.0	0.0	0.0	0.0	0.0	0.0	0.0	7.240839999999999e-05	1.4539400000000002e-05	1.46037e-05	0.000176119	0.015259799999999999	0.0	0.0	0.0	0.000120837	0.0	0.0	0.0228644	0.0	0.00210108	0.0	0.00274224	0.032555600000000004	0.0	0.0	0.0	0.0	0.0	0.0	0.0	0.0	0.0	0.0	0.0	0.0	0.0	0.0	0.0	0.0	0.0251987	1.93943e-05	0.0	0.0	0.0	0.0	0.0	0.0	0.0	0.0	0.0445178	0.000349048	0.0	0.0217675	0.000408575	0.0	0.0	0.0	0.0	0.0	0.00680843	0.0	0.0	0.0118264	0.0	0.0	0.0	0.010312	0.0	0.0	0.00142716	0.0	0.0
Hte-ATic_063-Ex1-cssl	0.0011886	0.0	0.0	0.0	0.0	0.0	0.0	0.0016407899999999998	0.0	1.2919599999999999e-05	0.0	0.0	0.0	0.0	0.0	0.0	0.0006072219999999999	0.00180875	0.0	0.0	0.0	5.1678499999999997e-05	0.0	0.0	0.0	0.0	0.0	0.0	0.0	0.0	0.0	0.0	0.0	0.0	0.0	0.0	0.0	0.0017331100000000002	0.0	0.000219958	0.0	0.000323612	0.0	0.0	0.0	0.0	0.0	0.0	0.0	0.0	0.0	0.0	0.0	0.000415937	0.0	0.0	0.0	0.0	0.0	0.0	2.61102e-05	0.00019595399999999997	0.0	0.0	0.0	0.0	0.0	5.25454e-05	0.0	0.0	0.0	1.3204399999999998e-05	0.0	0.0	0.000278747	0.0	0.0	0.0	0.0	0.0	0.0	0.0	0.0	0.0	0.000204553	6.84754e-05	8.25457e-05	0.000262669	0.014998	0.0	0.0	0.0	0.00024139	0.0	0.0	0.0218103	0.0	0.0018082400000000002	0.0	0.00237897	0.0315099	0.0	0.0	0.0	0.0	0.0	0.0	0.0	0.0	0.0	0.0	0.0	0.0	0.0	0.0	0.0	0.0	0.026412400000000003	0.0	0.0	0.0	0.0	0.0	0.0	0.0	0.0	0.0	0.0455195	0.000366499	0.0	0.0210559	0.000294455	0.0	0.0	0.0	0.0	0.0	0.00655947	0.0	0.0	0.012440399999999999	0.0	2.3899899999999998e-05	2.41527e-05	0.00897931	0.0	0.0	0.00083763	0.0	0.0
