Sample	1	2	3	4	5	6	7	8	9	10	11	12	13	14	15	16	17	18	19	20	21	22	23	24	25	26	27	28	29	30	31	32	33	34	35	36	37	38	39	40	41	42	43	44	45	46	47	48	49	50	51	52	53	54	55	56	57	58	59	60	61	62	63	64	65	66	67	68	69	70	71	72	73	74	75	76	77	78	79	80	81	82	83	84	85	86	87	88	89	90	91	92	93	94	95	96	97	98	99	100	101	102	103	104	105	106	107	108	109	110	111	112	113	114	115	116	117	118	119	120	121	122	123	124	125	126	127	128	129	130	131	132	133	134	135	136	137	138	139	140	141	142	143	144	145	146	147	148	149	150
Hte-ATic_001-Ex1-cssl	0.00752551	0.00432317	0.00544399	0.000160117	0.0	0.0	0.0	0.0	0.0	0.0	0.0	0.0	0.0	0.0017612899999999998	0.0	0.0	0.0	0.0036826999999999997	0.0	0.000640469	0.0	0.0	0.000480352	0.0	0.0	0.000160117	0.0	0.0	0.0	0.0	0.0	0.0	0.0	0.0	0.0	0.0	0.0	0.0	0.0	0.0	0.0	0.0	0.0	0.0	0.0	0.0	0.0	0.0	0.0	0.0268997	0.0	0.0	0.0	0.0	0.0	0.000160117	0.0	0.000160117	0.0	0.000160117	0.0	0.0	0.0	0.0	0.0	0.0	0.0	0.0	0.0	0.0	0.0	0.0	0.0	0.000160117	0.0	0.0	0.0	0.0	0.0	0.00320235	0.0	0.0	0.0	0.0	0.0	0.0	0.0	0.0345853	0.0	0.0	0.0	0.0	0.0	0.0	0.0	0.000480352	0.0	0.0	0.000320235	0.0	0.0	0.014730799999999999	0.0	0.000160117	0.0	0.0	0.0	0.0	0.0	0.0	0.0	0.0	0.0	0.0	0.0	0.0	0.0	0.0	0.0	0.000160117	0.0	0.000160117	0.0	0.0008005870000000001	0.0	0.0	0.0	0.0	0.000160117	0.0	0.0	0.0	0.0	0.0	0.0	0.0	0.0121689	0.0	0.0	0.0	0.000160117	0.0	0.0	0.0	0.0	0.0	0.0	0.0	0.0	0.000160117
Hte-ATic_002-Ex1-cssl	0.00829055	0.00428979	0.005309	0.00030424	0.0	0.0	0.0	0.0	0.0	0.0	1.5212e-05	0.0	3.0424e-05	0.0015668400000000001	0.0	0.0	1.5212e-05	0.0031336800000000002	0.0	0.000410725	0.0	0.0	0.000349877	0.0	0.0	6.08481e-05	1.5212e-05	0.0	0.000136908	0.0	6.08481e-05	0.0	0.0	0.0	1.5212e-05	0.0	1.5212e-05	0.0	0.0	0.0	0.0	0.0	0.0	0.0	0.0	0.0	0.0	0.0	0.0	0.026940500000000003	0.0	0.0	0.0	0.0	0.0	1.5212e-05	0.0	1.5212e-05	0.0	4.56361e-05	0.0	0.0	0.0	0.0	0.0	0.0	0.0	0.0	0.0	7.60601e-05	0.0	0.0	0.0	0.000273816	0.0	0.0	0.0	0.0	0.0	0.00249477	0.0	0.0	0.0	0.0	0.0	0.0	0.0	0.036204599999999997	0.0	0.0	0.0	0.0	0.0	0.0	0.0	9.12721e-05	0.0	0.0	0.000441149	3.0424e-05	0.0	0.0133866	0.0	0.0	0.0	0.0	1.5212e-05	0.0	0.0	0.0	0.0	0.0	0.0	0.0	1.5212e-05	0.0	9.12721e-05	0.0	3.0424e-05	7.60601e-05	0.0	0.000212968	1.5212e-05	0.00103442	0.000106484	0.0	4.56361e-05	1.5212e-05	0.0	0.0	0.0	0.0	0.0	0.0	0.0	0.0	0.0103898	0.0	0.0	0.0	1.5212e-05	0.0	0.0	0.0	0.0	6.08481e-05	0.0	0.0	0.0	0.000136908
Hte-ATic_003-Ex1-cssl	0.00812998	0.0051838	0.00495071	0.000195791	0.0	0.0	0.0	0.0	0.0	0.0	0.0	0.0	2.7970100000000002e-05	0.00167821	3.7293500000000005e-05	0.0	2.7970100000000002e-05	0.00352424	0.0	0.000438199	0.0	0.0	0.000261054	9.323369999999999e-06	0.0	4.6616900000000004e-05	0.0	9.323369999999999e-06	6.52636e-05	0.0	1.86467e-05	0.0	0.0	0.0	0.0	9.323369999999999e-06	0.0	0.0	0.0	0.0	0.0	0.0	0.0	0.0	0.0	0.0	0.0	0.0	9.323369999999999e-06	0.0279981	0.0	0.0	0.0	0.0	0.0	2.7970100000000002e-05	9.323369999999999e-06	1.86467e-05	0.0	7.458700000000001e-05	9.323369999999999e-06	0.0	9.323369999999999e-06	4.6616900000000004e-05	0.0	0.0	0.0	0.0	0.0	5.5940200000000004e-05	0.0	0.0	0.0	0.000307671	0.0	0.0	0.0	0.0	9.323369999999999e-06	0.0027131	0.0	0.0	0.0	0.0	0.0	0.0	0.0	0.036724799999999995	0.0	0.0	0.0	0.0	0.0	0.0	0.0	0.000130527	0.0	0.0	0.000242408	9.323369999999999e-06	9.323369999999999e-06	0.0138079	0.0	9.323369999999999e-06	0.0	0.0	9.323369999999999e-06	0.0	0.0	0.0	0.0	0.0	0.0	0.0	0.0	0.0	1.86467e-05	0.0	9.323369999999999e-06	7.458700000000001e-05	0.0	0.000270378	1.86467e-05	0.000960308	4.6616900000000004e-05	0.0	3.7293500000000005e-05	1.86467e-05	3.7293500000000005e-05	2.7970100000000002e-05	0.0	0.0	0.0	0.0	0.0	9.323369999999999e-06	0.010721900000000001	0.0	0.0	0.0	1.86467e-05	0.0	0.0	0.0	0.0	5.5940200000000004e-05	0.0	0.0	0.0	0.000139851
Hte-ATic_004-Ex1-cssl	0.008284979999999999	0.0049853	0.00504096	0.000127217	0.0	0.0	0.0	0.0	0.0	0.0	0.0	7.95104e-06	1.59021e-05	0.0017492299999999998	5.56573e-05	0.0	7.95104e-06	0.00325198	0.0	0.000580426	0.0	0.0	0.000278286	1.59021e-05	0.0	1.59021e-05	7.95104e-06	0.0	7.95104e-05	0.0	7.95104e-06	0.0	0.0	0.0	0.0	7.95104e-06	7.95104e-06	0.0	0.0	0.0	0.0	0.0	0.0	0.0	0.0	0.0	0.0	0.0	3.18042e-05	0.0274231	0.0	0.0	0.0	0.0	0.0	3.97552e-05	7.95104e-06	1.59021e-05	7.95104e-06	6.36083e-05	1.59021e-05	0.0	0.0	1.59021e-05	0.0	0.0	0.0	7.95104e-06	0.0	5.56573e-05	0.0	0.0	0.0	0.000198776	0.0	0.0	0.0	0.0	7.95104e-06	0.00257614	0.0	0.0	0.0	0.0	0.0	0.0	0.0	0.036805399999999995	0.0	0.0	0.0	0.0	0.0	0.0	0.0	0.00011926599999999999	0.0	0.0	0.000214678	3.18042e-05	7.95104e-06	0.013055599999999999	0.0	2.3853099999999997e-05	0.0	0.0	7.95104e-06	0.0	0.0	0.0	0.0	0.0	0.0	0.0	1.59021e-05	0.0	2.3853099999999997e-05	0.0	1.59021e-05	0.00011131500000000001	0.0	0.00022262899999999999	1.59021e-05	0.0008905159999999999	5.56573e-05	7.95104e-06	3.18042e-05	1.59021e-05	3.97552e-05	3.18042e-05	7.95104e-06	0.0	0.0	7.95104e-06	0.0	7.95104e-06	0.010010400000000001	0.0	0.0	0.0	2.3853099999999997e-05	0.0	0.0	0.0	0.0	6.36083e-05	0.0	0.0	0.0	0.000135168
Hte-ATic_005-Ex1-cssl	0.00816214	0.0054296399999999995	0.00516435	0.000229919	0.0	0.0	0.0	0.0	0.0	0.0	0.0	0.0	2.6529200000000003e-05	0.0016713400000000001	4.42153e-05	0.0	0.0	0.00333383	0.0	0.000592485	0.0	0.0	0.00026529200000000003	8.843059999999999e-06	0.0	2.6529200000000003e-05	8.843059999999999e-06	0.0	5.30583e-05	0.0	1.76861e-05	0.0	0.0	0.0	8.843059999999999e-06	0.0	0.0	0.0	0.0	0.0	0.0	0.0	0.0	0.0	0.0	0.0	0.0	0.0	2.6529200000000003e-05	0.0272543	0.0	0.0	0.0	0.0	0.0	8.843059999999999e-06	0.0	1.76861e-05	0.0	7.07445e-05	0.0	0.0	0.0	1.76861e-05	0.0	0.0	0.0	8.843059999999999e-06	0.0	7.07445e-05	0.0	0.0	0.0	0.00022107599999999998	0.0	0.0	0.0	0.0	8.843059999999999e-06	0.0025291099999999998	0.0	0.0	0.0	0.0	0.0	0.0	0.0	0.036566	0.0	0.0	0.0	0.0	0.0	0.0	0.0	9.727359999999999e-05	0.0	0.0	0.000229919	1.76861e-05	0.0	0.0125306	0.0	0.0	0.0	0.0	1.76861e-05	0.0	0.0	0.0	0.0	0.0	0.0	0.0	0.0	0.0	1.76861e-05	0.0	8.843059999999999e-06	7.95875e-05	0.0	0.000247606	1.76861e-05	0.000928521	2.6529200000000003e-05	0.0	1.76861e-05	0.0	1.76861e-05	2.6529200000000003e-05	0.0	0.0	0.0	8.843059999999999e-06	0.0	0.0	0.0094267	0.0	0.0	0.0	0.0	0.0	0.0	0.0	0.0	4.42153e-05	0.0	0.0	0.0	7.95875e-05
Hte-ATic_006-Ex1-cssl	0.00786643	0.005043580000000001	0.00512178	0.00015638999999999998	0.0	0.0	0.0	0.0	0.0	0.0	0.0	7.81951e-06	1.5639e-05	0.0016421	3.1278e-05	0.0	7.81951e-06	0.00335457	0.0	0.00046917000000000004	0.0	0.0	0.00023458500000000002	1.5639e-05	0.0	4.6917e-05	7.81951e-06	7.81951e-06	0.000109473	0.0	1.5639e-05	7.81951e-06	0.0	0.0	1.5639e-05	7.81951e-06	7.81951e-06	0.0	0.0	0.0	0.0	0.0	0.0	0.0	0.0	0.0	0.0	0.0	4.6917e-05	0.027071099999999997	0.0	0.0	0.0	0.0	0.0	3.9097499999999996e-05	1.5639e-05	1.5639e-05	7.81951e-06	4.6917e-05	0.0	0.0	0.0	2.34585e-05	0.0	0.0	0.0	0.0	0.0	3.1278e-05	0.0	0.0	0.0	0.000179849	0.0	0.0	0.0	0.0	2.34585e-05	0.00236931	0.0	0.0	0.0	7.81951e-06	7.81951e-06	7.81951e-06	0.0	0.0360479	0.0	0.0	0.0	0.0	0.0	0.0	0.0	0.000117293	0.0	0.0	0.000187668	3.1278e-05	0.0	0.0135747	0.0	1.5639e-05	0.0	0.0	0.0	7.81951e-06	0.0	0.0	0.0	0.0	0.0	0.0	1.5639e-05	0.0	3.1278e-05	0.0	0.0	6.25561e-05	7.81951e-06	0.000187668	1.5639e-05	0.000922702	7.81951e-06	1.5639e-05	2.34585e-05	1.5639e-05	2.34585e-05	3.1278e-05	0.0	0.0	7.81951e-06	1.5639e-05	0.0	7.81951e-06	0.0103921	0.0	0.0	0.0	1.5639e-05	0.0	0.0	0.0	0.0	4.6917e-05	0.0	0.0	0.0	9.38341e-05
Hte-ATic_007-Ex1-cssl	0.00824928	0.00473336	0.00494327	0.00026238199999999997	0.0	0.0	0.0	0.0	0.0	0.0	0.0	0.0	1.04953e-05	0.00178419	4.1981e-05	0.0	1.04953e-05	0.00325353	0.0	0.00039882000000000003	0.0	0.0	0.00022040099999999998	2.09905e-05	0.0	3.14858e-05	0.0	0.0	4.1981e-05	0.0	1.04953e-05	0.0	0.0	0.0	0.0	0.0	0.0	0.0	0.0	0.0	0.0	0.0	0.0	0.0	0.0	0.0	0.0	0.0	2.09905e-05	0.027392600000000003	0.0	0.0	0.0	0.0	0.0	4.1981e-05	0.0	0.0	1.04953e-05	6.29716e-05	0.0	0.0	0.0	1.04953e-05	0.0	0.0	0.0	0.0	0.0	6.29716e-05	0.0	0.0	0.0	0.000178419	0.0	0.0	0.0	0.0	2.09905e-05	0.00241391	0.0	0.0	0.0	0.0	0.0	0.0	0.0	0.0363451	0.0	0.0	0.0	0.0	0.0	0.0	0.0	0.000136438	0.0	0.0	0.000157429	1.04953e-05	0.0	0.013328999999999999	0.0	0.0	0.0	0.0	0.0	0.0	0.0	0.0	0.0	0.0	0.0	0.0	0.0	0.0	2.09905e-05	0.0	0.0	6.29716e-05	0.0	0.00026238199999999997	1.04953e-05	0.000755659	1.04953e-05	2.09905e-05	2.09905e-05	0.0	1.04953e-05	1.04953e-05	0.0	0.0	0.0	1.04953e-05	0.0	1.04953e-05	0.0103693	0.0	0.0	0.0	2.09905e-05	0.0	0.0	0.0	0.0	2.09905e-05	0.0	0.0	0.0	0.000136438
Hte-ATic_008-Ex1-cssl	0.00736088	0.00439741	0.00567202	0.000191192	0.0	0.0	0.0	0.0	0.0	0.0	3.18653e-05	0.0	3.18653e-05	0.00175259	0.0	0.0	0.0	0.0033139899999999997	0.0	0.000286788	0.0	0.0	0.000286788	0.0	0.0	6.37306e-05	0.0	0.0	0.0	0.0	0.0	0.0	0.0	0.0	0.0	0.0	0.0	0.0	0.0	0.0	0.0	0.0	0.0	0.0	0.0	0.0	0.0	0.0	0.0	0.026257	0.0	0.0	0.0	0.0	0.0	6.37306e-05	0.0	3.18653e-05	3.18653e-05	3.18653e-05	0.0	0.0	0.0	3.18653e-05	0.0	0.0	0.0	0.0	0.0	6.37306e-05	0.0	0.0	0.0	0.000159326	0.0	0.0	0.0	0.0	0.0	0.00242176	0.0	0.0	0.0	0.0	3.18653e-05	0.0	0.0	0.034127700000000004	0.0	0.0	0.0	0.0	0.0	0.0	0.0	0.000127461	0.0	0.0	0.000254922	6.37306e-05	0.0	0.0130648	0.0	0.0	0.0	0.0	0.0	0.0	0.0	0.0	0.0	0.0	0.0	0.0	0.0	0.0	0.0	0.0	3.18653e-05	3.18653e-05	0.0	0.000286788	0.0	0.0008284970000000001	0.0	0.0	0.0	0.0	9.55958e-05	3.18653e-05	0.0	0.0	0.0	0.0	0.0	0.0	0.010324400000000001	0.0	0.0	0.0	0.0	0.0	0.0	0.0	0.0	6.37306e-05	0.0	0.0	0.0	0.000127461
Hte-ATic_010-Ex1-cssl	0.0086803	0.00477933	0.00444348	0.000155005	0.0	0.0	0.0	0.0	0.0	0.0	0.0	0.0	0.0	0.00175673	5.166840000000001e-05	0.0	2.5834200000000004e-05	0.00405597	0.0	0.000335845	0.0	0.0	0.000258342	0.0	0.0	2.5834200000000004e-05	0.0	0.0	0.00010333699999999999	0.0	2.5834200000000004e-05	0.0	0.0	0.0	2.5834200000000004e-05	0.0	0.0	0.0	0.0	0.0	0.0	0.0	0.0	0.0	0.0	0.0	0.0	0.0	0.0	0.0283143	0.0	0.0	0.0	0.0	0.0	2.5834200000000004e-05	0.0	0.0	0.0	2.5834200000000004e-05	0.0	0.0	0.0	2.5834200000000004e-05	0.0	0.0	0.0	0.0	0.0	5.166840000000001e-05	0.0	0.0	0.0	0.00023250799999999998	0.0	0.0	0.0	0.0	0.0	0.00273843	0.0	0.0	0.0	0.0	0.0	0.0	0.0	0.0369688	0.0	0.0	0.0	0.0	0.0	0.0	0.0	0.00010333699999999999	0.0	0.0	0.000258342	2.5834200000000004e-05	2.5834200000000004e-05	0.0140796	0.0	0.0	0.0	0.0	0.0	0.0	0.0	0.0	0.0	0.0	0.0	0.0	0.0	0.0	5.166840000000001e-05	0.0	2.5834200000000004e-05	5.166840000000001e-05	0.0	0.000180839	0.0	0.0008783630000000001	7.750259999999999e-05	0.0	2.5834200000000004e-05	0.0	2.5834200000000004e-05	0.0	0.0	0.0	0.0	0.0	0.0	0.0	0.0107987	0.0	0.0	0.0	0.0	0.0	0.0	0.0	0.0	5.166840000000001e-05	0.0	0.0	0.0	0.00010333699999999999
Hte-ATic_011-Ex1-cssl	0.00785841	0.005111	0.00505039	0.000262621	0.0	0.0	0.0	0.0	0.0	0.0	0.0	0.0	0.0	0.0016565299999999998	4.04032e-05	0.0	2.02016e-05	0.0038383000000000002	0.0	0.000484838	0.0	0.0	0.000282822	0.0	0.0	0.0	0.0	0.0	6.06047e-05	0.0	0.0	0.0	0.0	0.0	0.0	0.0	0.0	0.0	0.0	0.0	0.0	0.0	0.0	0.0	0.0	0.0	0.0	0.0	0.0	0.0272721	0.0	0.0	0.0	0.0	0.0	0.0	2.02016e-05	4.04032e-05	0.0	0.0	0.0	0.0	0.0	0.0	0.0	0.0	0.0	0.0	0.0	8.080629999999999e-05	0.0	0.0	0.0	0.00010100799999999999	0.0	0.0	0.0	0.0	2.02016e-05	0.0031514499999999997	0.0	0.0	0.0	0.0	0.0	0.0	0.0	0.0358174	0.0	0.0	0.0	0.0	0.0	0.0	0.0	0.000141411	0.0	0.0	0.000161613	2.02016e-05	0.0	0.013434100000000001	0.0	0.0	0.0	0.0	0.0	0.0	0.0	0.0	0.0	0.0	0.0	0.0	0.0	0.0	0.0	0.0	2.02016e-05	4.04032e-05	0.0	0.000121209	0.0	0.0007676600000000001	4.04032e-05	0.0	4.04032e-05	0.0	2.02016e-05	2.02016e-05	0.0	0.0	0.0	2.02016e-05	0.0	0.0	0.0103432	0.0	0.0	0.0	0.0	0.0	0.0	0.0	0.0	0.00010100799999999999	0.0	0.0	0.0	0.000141411
Hte-ATic_012-Ex1-cssl	0.00788357	0.00452645	0.00522428	0.000132021	0.0	0.0	0.0	0.0	1.88602e-05	0.0	0.0	0.0	5.65806e-05	0.0018294399999999999	1.88602e-05	0.0	1.88602e-05	0.00333826	0.0	0.000509226	0.0	0.0	0.000245183	0.0	0.0	1.88602e-05	0.0	0.0	5.65806e-05	0.0	1.88602e-05	0.0	0.0	0.0	1.88602e-05	0.0	1.88602e-05	0.0	0.0	0.0	0.0	0.0	0.0	0.0	0.0	0.0	0.0	0.0	5.65806e-05	0.026574	0.0	0.0	0.0	0.0	0.0	1.88602e-05	0.0	0.0	1.88602e-05	1.88602e-05	1.88602e-05	0.0	0.0	1.88602e-05	0.0	0.0	0.0	0.0	0.0	3.77204e-05	0.0	0.0	0.0	0.000150882	0.0	0.0	0.0	0.0	1.88602e-05	0.0026781500000000002	0.0	0.0	0.0	0.0	0.0	0.0	0.0	0.0353818	0.0	0.0	0.0	0.0	0.0	0.0	0.0	9.4301e-05	0.0	0.0	0.00030176300000000003	1.88602e-05	0.0	0.0129004	0.0	0.0	0.0	0.0	0.0	0.0	0.0	0.0	0.0	0.0	0.0	0.0	1.88602e-05	0.0	3.77204e-05	0.0	0.0	7.54408e-05	1.88602e-05	0.000113161	0.0	0.0009052899999999999	3.77204e-05	1.88602e-05	1.88602e-05	1.88602e-05	0.000132021	1.88602e-05	0.0	0.0	0.0	0.0	0.0	0.0	0.00995819	0.0	0.0	0.0	0.0	0.0	0.0	0.0	0.0	1.88602e-05	0.0	0.0	0.0	5.65806e-05
Hte-ATic_013-Ex1-cssl	0.00816536	0.0041483200000000005	0.00541731	0.000131276	0.0	0.0	0.0	0.0	0.0	0.0	0.0	0.0	1.75034e-05	0.0016803299999999998	2.62552e-05	0.0	2.62552e-05	0.0033256500000000003	0.0	0.0005076	0.0	0.0	0.0002538	0.0	0.0	4.37586e-05	8.75172e-06	0.0	9.62689e-05	0.0	2.62552e-05	0.0	0.0	0.0	0.0	0.0	8.75172e-06	0.0	0.0	0.0	0.0	0.0	0.0	0.0	0.0	0.0	0.0	0.0	2.62552e-05	0.0271566	0.0	0.0	0.0	0.0	0.0	1.75034e-05	8.75172e-06	2.62552e-05	2.62552e-05	2.62552e-05	0.0	0.0	0.0	0.0	0.0	0.0	0.0	0.0	0.0	7.87655e-05	0.0	0.0	0.0	0.000140028	0.0	0.0	0.0	0.0	0.0	0.0024067199999999998	0.0	0.0	0.0	0.0	8.75172e-06	0.0	0.0	0.0360746	0.0	0.0	0.0	0.0	0.0	0.0	0.0	0.000105021	0.0	0.0	0.00020129	1.75034e-05	0.0	0.0135564	0.0	8.75172e-06	0.0	0.0	0.0	0.0	0.0	0.0	0.0	0.0	0.0	0.0	0.0	0.0	2.62552e-05	0.0	8.75172e-06	2.62552e-05	0.0	0.000183786	8.75172e-06	0.000717641	2.62552e-05	0.0	0.0	8.75172e-06	6.1262e-05	1.75034e-05	0.0	0.0	0.0	0.0	0.0	0.0	0.0104145	0.0	0.0	0.0	2.62552e-05	0.0	0.0	0.0	0.0	5.2510300000000004e-05	0.0	0.0	0.0	3.50069e-05
Hte-ATic_014-Ex1-cssl	0.00822533	0.004225029999999999	0.00496666	0.000134842	0.0	0.0	0.0	0.0	0.0	0.0	0.0	0.0	0.0	0.0016181	0.0	0.0	2.24736e-05	0.0033935099999999998	0.0	0.000449472	0.0	0.0	0.000202262	0.0	0.0	0.0	2.24736e-05	0.0	4.49472e-05	0.0	2.24736e-05	0.0	0.0	0.0	0.0	0.0	0.0	0.0	0.0	0.0	0.0	0.0	0.0	0.0	0.0	0.0	0.0	0.0	0.0	0.027013299999999997	0.0	0.0	0.0	0.0	0.0	0.0	0.0	2.24736e-05	2.24736e-05	0.0	0.0	0.0	0.0	0.0	0.0	0.0	0.0	0.0	0.0	6.74208e-05	0.0	0.0	0.0	6.74208e-05	0.0	0.0	0.0	0.0	0.0	0.00258446	0.0	0.0	0.0	0.0	0.0	0.0	0.0	0.0355757	0.0	0.0	0.0	0.0	0.0	0.0	0.0	0.000112368	0.0	0.0	4.49472e-05	0.0	0.0	0.0128774	0.0	0.0	0.0	0.0	0.0	0.0	0.0	0.0	0.0	0.0	0.0	0.0	0.0	0.0	0.0	0.0	0.0	2.24736e-05	0.0	0.000179789	0.0	0.0008989429999999999	0.0	0.0	0.0	0.0	0.0	0.0	0.0	0.0	0.0	2.24736e-05	0.0	0.0	0.009708590000000001	0.0	0.0	0.0	0.0	0.0	0.0	0.0	0.0	2.24736e-05	0.0	0.0	0.0	6.74208e-05
Hte-ATic_015-Ex1-cssl	0.007788099999999999	0.00471332	0.00541121	0.00012137299999999999	0.0	0.0	0.0	1.01144e-05	0.0	0.0	0.0	0.0	4.0457700000000004e-05	0.0018206000000000001	3.0343299999999998e-05	0.0	1.01144e-05	0.0034186700000000004	0.0	0.000374234	0.0	0.0	0.00022251699999999998	0.0	0.0	3.0343299999999998e-05	1.01144e-05	0.0	5.05721e-05	0.0	3.0343299999999998e-05	0.0	0.0	0.0	1.01144e-05	0.0	1.01144e-05	0.0	0.0	0.0	0.0	0.0	0.0	0.0	0.0	0.0	0.0	0.0	1.01144e-05	0.0276731	0.0	0.0	0.0	0.0	0.0	2.02288e-05	0.0	1.01144e-05	1.01144e-05	3.0343299999999998e-05	0.0	0.0	0.0	2.02288e-05	0.0	0.0	0.0	0.0	0.0	9.10298e-05	0.0	0.0	0.0	0.00012137299999999999	0.0	0.0	0.0	0.0	0.0	0.00262975	0.0	0.0	0.0	0.0	0.0	0.0	0.0	0.0367558	0.0	0.0	0.0	0.0	0.0	0.0	0.0	0.000202288	0.0	0.0	0.00013148699999999998	1.01144e-05	1.01144e-05	0.0133814	0.0	1.01144e-05	0.0	0.0	0.0	0.0	0.0	0.0	0.0	0.0	0.0	0.0	0.0	0.0	3.0343299999999998e-05	0.0	0.0	6.0686499999999996e-05	0.0	0.00022251699999999998	1.01144e-05	0.000799039	2.02288e-05	1.01144e-05	0.0	1.01144e-05	2.02288e-05	1.01144e-05	0.0	0.0	0.0	0.0	0.0	1.01144e-05	0.0103572	0.0	0.0	0.0	1.01144e-05	0.0	0.0	0.0	0.0	6.0686499999999996e-05	0.0	0.0	0.0	8.091540000000001e-05
Hte-ATic_017-Ex1-cssl	0.0077762000000000005	0.005200649999999999	0.00553084	0.00014859	0.0	0.0	0.0	1.651e-05	0.0	0.0	0.0	0.0	1.651e-05	0.00158496	3.302e-05	0.0	1.651e-05	0.00323596	0.0	0.000577849	0.0	0.0	0.00031369	0.0	0.0	3.302e-05	0.0	0.0	0.00013208	0.0	1.651e-05	0.0	0.0	0.0	3.302e-05	0.0	0.0	0.0	0.0	0.0	0.0	0.0	0.0	0.0	0.0	0.0	0.0	0.0	1.651e-05	0.026894799999999996	0.0	0.0	0.0	0.0	0.0	1.651e-05	0.0	1.651e-05	0.0	4.953e-05	0.0	0.0	0.0	3.302e-05	0.0	0.0	0.0	0.0	0.0	9.905990000000001e-05	0.0	0.0	0.0	0.0001651	0.0	0.0	0.0	0.0	0.0	0.0029717999999999997	0.0	0.0	0.0	0.0	0.0	0.0	0.0	0.035678100000000004	0.0	0.0	0.0	0.0	0.0	0.0	0.0	0.00014859	0.0	0.0	0.00019812	0.0	0.0	0.013323600000000001	0.0	0.0	0.0	0.0	0.0	0.0	0.0	0.0	0.0	0.0	0.0	0.0	0.0	0.0	3.302e-05	0.0	0.0	3.302e-05	0.0	0.00019812	0.0	0.000825499	3.302e-05	0.0	3.302e-05	0.0	3.302e-05	1.651e-05	0.0	0.0	0.0	1.651e-05	0.0	0.0	0.0102692	0.0	0.0	0.0	1.651e-05	0.0	0.0	0.0	0.0	4.953e-05	0.0	0.0	0.0	8.254990000000001e-05
Hte-ATic_019-Ex1-cssl	0.00812157	0.00496833	0.00503458	0.00013248899999999998	0.0	0.0	0.0	1.32489e-05	0.0	0.0	0.0	0.0	0.0	0.00166936	2.64978e-05	0.0	0.0	0.00311349	0.0	0.000556453	0.0	0.0	0.000331222	1.32489e-05	0.0	0.0	1.32489e-05	1.32489e-05	0.00011924	0.0	0.0	0.0	0.0	0.0	0.0	2.64978e-05	0.0	0.0	0.0	0.0	0.0	0.0	0.0	0.0	0.0	0.0	0.0	0.0	1.32489e-05	0.0276239	0.0	0.0	0.0	0.0	0.0	3.97467e-05	0.0	1.32489e-05	0.0	3.97467e-05	1.32489e-05	0.0	1.32489e-05	2.64978e-05	0.0	0.0	0.0	0.0	0.0	3.97467e-05	0.0	0.0	0.0	0.000225231	0.0	0.0	0.0	0.0	1.32489e-05	0.00237155	0.0	0.0	0.0	0.0	0.0	0.0	0.0	0.0366067	0.0	0.0	0.0	0.0	0.0	0.0	0.0	0.00013248899999999998	0.0	0.0	0.00027822700000000003	3.97467e-05	0.0	0.0138583	0.0	1.32489e-05	0.0	0.0	0.0	1.32489e-05	0.0	0.0	0.0	0.0	0.0	0.0	0.0	0.0	2.64978e-05	0.0	0.0	0.00011924	0.0	0.00027822700000000003	2.64978e-05	0.0011261600000000002	7.94933e-05	0.0	2.64978e-05	1.32489e-05	3.97467e-05	1.32489e-05	0.0	0.0	0.0	0.0	0.0	1.32489e-05	0.0106786	0.0	0.0	0.0	2.64978e-05	0.0	0.0	0.0	0.0	3.97467e-05	0.0	0.0	0.0	0.000158987
Hte-ATic_020-Ex1-cssl	0.00794781	0.00438972	0.005547679999999999	0.000178957	0.0	0.0	0.0	0.0	1.05269e-05	0.0	0.0	0.0	2.10538e-05	0.0017158899999999999	0.0	1.05269e-05	0.0	0.0032001800000000004	0.0	0.000421076	0.0	0.0	0.00018948400000000002	2.10538e-05	0.0	6.31614e-05	1.05269e-05	0.0	8.42152e-05	0.0	0.0	0.0	0.0	0.0	0.0	0.0	0.0	0.0	0.0	1.05269e-05	0.0	0.0	0.0	0.0	0.0	0.0	0.0	0.0	3.15807e-05	0.027043599999999998	0.0	0.0	0.0	0.0	0.0	3.15807e-05	1.05269e-05	4.21076e-05	0.0	9.47421e-05	1.05269e-05	0.0	0.0	3.15807e-05	0.0	0.0	0.0	1.05269e-05	0.0	5.26345e-05	0.0	0.0	0.0	0.00022106500000000003	0.0	0.0	0.0	0.0	2.10538e-05	0.00232645	0.0	0.0	0.0	0.0	0.0	0.0	0.0	0.0361389	0.0	0.0	0.0	0.0	0.0	0.0	0.0	0.000105269	0.0	0.0	0.000210538	5.26345e-05	1.05269e-05	0.0131692	0.0	0.0	0.0	0.0	0.0	0.0	0.0	0.0	0.0	0.0	0.0	0.0	1.05269e-05	0.0	2.10538e-05	0.0	0.0	6.31614e-05	0.0	0.00023159199999999997	0.0	0.000842152	3.15807e-05	0.0	2.10538e-05	1.05269e-05	2.10538e-05	5.26345e-05	0.0	0.0	0.0	0.0	0.0	0.0	0.0101795	0.0	0.0	0.0	0.0	0.0	0.0	0.0	0.0	3.15807e-05	0.0	0.0	0.0	0.000105269
Hte-ATic_021-Ex1-cssl	0.00811915	0.00545143	0.0053354399999999995	0.00021264500000000002	0.0	0.0	0.0	0.0	0.0	0.0	0.0	0.0	1.93313e-05	0.00173982	1.93313e-05	0.0	0.0	0.0034893	0.0	0.000454286	0.0	0.0	0.000280304	9.66566e-06	0.0	6.76596e-05	0.0	0.0	0.000125654	0.0	3.86626e-05	0.0	0.0	0.0	0.0	0.0	0.0	0.0	0.0	0.0	0.0	0.0	0.0	0.0	0.0	0.0	0.0	0.0	1.93313e-05	0.0270349	0.0	0.0	0.0	0.0	0.0	3.86626e-05	0.0	1.93313e-05	2.8997e-05	3.86626e-05	0.0	0.0	0.0	9.66566e-06	0.0	0.0	0.0	0.0	0.0	5.7994e-05	0.0	0.0	0.0	0.000241641	0.0	0.0	0.0	0.0	9.66566e-06	0.0025904	0.0	0.0	0.0	0.0	0.0	0.0	0.0	0.036110899999999994	0.0	0.0	0.0	0.0	0.0	0.0	0.0	7.73253e-05	0.0	0.0	0.000231976	4.8328299999999996e-05	1.93313e-05	0.0135029	0.0	0.0	0.0	0.0	9.66566e-06	9.66566e-06	0.0	0.0	0.0	0.0	0.0	0.0	0.0	0.0	3.86626e-05	0.0	9.66566e-06	8.69909e-05	0.0	0.00020297900000000002	9.66566e-06	0.000937569	4.8328299999999996e-05	9.66566e-06	9.66566e-06	9.66566e-06	6.76596e-05	1.93313e-05	0.0	0.0	0.0	1.93313e-05	0.0	0.0	0.0106226	0.0	0.0	0.0	9.66566e-06	0.0	0.0	0.0	0.0	4.8328299999999996e-05	0.0	0.0	0.0	0.000144985
Hte-ATic_022-Ex1-cssl	0.00775651	0.00453056	0.00518287	0.000177902	0.0	0.0	0.0	0.0	0.0	0.0	0.0	0.0	2.37202e-05	0.00174344	3.55803e-05	0.0	1.18601e-05	0.0034038500000000004	0.0	0.000415104	0.0	0.0	0.000225342	1.18601e-05	0.0	1.18601e-05	0.0	0.0	8.30208e-05	0.0	1.18601e-05	0.0	0.0	0.0	0.0	0.0	0.0	0.0	0.0	0.0	0.0	0.0	0.0	0.0	0.0	0.0	0.0	0.0	0.0	0.0270648	0.0	0.0	0.0	0.0	0.0	2.37202e-05	0.0	2.37202e-05	1.18601e-05	5.9300600000000006e-05	0.0	0.0	0.0	1.18601e-05	0.0	0.0	0.0	0.0	0.0	3.55803e-05	0.0	0.0	0.0	0.000213482	0.0	0.0	0.0	0.0	0.0	0.00266853	0.0	0.0	0.0	0.0	0.0	0.0	0.0	0.0361022	0.0	0.0	0.0	0.0	0.0	0.0	0.0	8.30208e-05	0.0	0.0	0.000177902	1.18601e-05	0.0	0.0135798	0.0	1.18601e-05	0.0	0.0	2.37202e-05	0.0	0.0	0.0	0.0	0.0	0.0	0.0	0.0	0.0	3.55803e-05	0.0	1.18601e-05	8.30208e-05	0.0	0.000118601	0.0	0.000747187	4.74405e-05	0.0	1.18601e-05	1.18601e-05	1.18601e-05	1.18601e-05	1.18601e-05	0.0	0.0	0.0	0.0	0.0	0.010341999999999999	0.0	0.0	0.0	2.37202e-05	0.0	0.0	0.0	0.0	0.0	0.0	0.0	0.0	9.48809e-05
Hte-ATic_023-Ex1-cssl	0.00782894	0.00430831	0.00488116	0.00022675299999999998	0.0	0.0	0.0	0.0	0.0	0.0	0.0	0.0	1.1934400000000002e-05	0.0017901500000000001	4.77375e-05	1.1934400000000002e-05	1.1934400000000002e-05	0.0034371000000000002	0.0	0.00041770300000000006	0.0	0.0	0.000346097	1.1934400000000002e-05	0.0	1.1934400000000002e-05	1.1934400000000002e-05	0.0	7.16062e-05	0.0	3.58031e-05	0.0	0.0	0.0	2.38687e-05	0.0	1.1934400000000002e-05	0.0	0.0	0.0	0.0	0.0	0.0	0.0	0.0	0.0	0.0	0.0	1.1934400000000002e-05	0.0269478	0.0	0.0	0.0	0.0	0.0	4.77375e-05	0.0	1.1934400000000002e-05	0.0	4.77375e-05	0.0	0.0	0.0	2.38687e-05	0.0	0.0	0.0	1.1934400000000002e-05	0.0	3.58031e-05	0.0	0.0	0.0	0.000250622	0.0	0.0	0.0	0.0	0.0	0.00269717	0.0	0.0	0.0	0.0	1.1934400000000002e-05	0.0	0.0	0.0353019	0.0	0.0	0.0	0.0	0.0	0.0	0.0	9.54749e-05	0.0	0.0	0.000310293	1.1934400000000002e-05	0.0	0.0131278	0.0	0.0	0.0	0.0	2.38687e-05	0.0	0.0	0.0	0.0	0.0	0.0	0.0	0.0	0.0	2.38687e-05	0.0	3.58031e-05	5.96718e-05	0.0	0.000250622	2.38687e-05	0.00107409	7.16062e-05	0.0	4.77375e-05	2.38687e-05	3.58031e-05	3.58031e-05	0.0	0.0	0.0	0.0	1.1934400000000002e-05	0.0	0.0100368	0.0	0.0	0.0	1.1934400000000002e-05	0.0	0.0	0.0	0.0	3.58031e-05	0.0	0.0	0.0	0.00015514699999999998
Hte-ATic_024-Ex1-cssl	0.00820268	0.00481558	0.00568444	8.83592e-05	0.0	0.0	0.0	0.0	0.0	0.0	0.0	0.0	1.4726499999999999e-05	0.00167882	4.41796e-05	0.0	0.0	0.00334292	0.0	0.00047124900000000003	0.0	0.0	0.000368163	1.4726499999999999e-05	0.0	4.41796e-05	0.0	0.0	0.000103086	0.0	4.41796e-05	0.0	0.0	0.0	0.0	0.0	0.0	0.0	0.0	0.0	0.0	0.0	0.0	0.0	0.0	0.0	0.0	0.0	1.4726499999999999e-05	0.026551899999999996	0.0	0.0	0.0	0.0	0.0	2.94531e-05	2.94531e-05	1.4726499999999999e-05	1.4726499999999999e-05	7.363270000000001e-05	1.4726499999999999e-05	0.0	0.0	1.4726499999999999e-05	0.0	0.0	0.0	0.0	0.0	0.000103086	0.0	0.0	0.0	0.000294531	0.0	0.0	0.0	0.0	0.0	0.00254769	0.0	0.0	0.0	0.0	0.0	0.0	0.0	0.035167	0.0	0.0	0.0	0.0	0.0	0.0	0.0	0.000147265	0.0	1.4726499999999999e-05	0.000294531	2.94531e-05	0.0	0.0130772	0.0	0.0	0.0	0.0	1.4726499999999999e-05	0.0	0.0	0.0	0.0	0.0	0.0	0.0	1.4726499999999999e-05	0.0	1.4726499999999999e-05	0.0	1.4726499999999999e-05	7.363270000000001e-05	0.0	0.00022089799999999997	0.0	0.00106031	2.94531e-05	1.4726499999999999e-05	1.4726499999999999e-05	2.94531e-05	1.4726499999999999e-05	2.94531e-05	1.4726499999999999e-05	0.0	0.0	0.0	1.4726499999999999e-05	0.0	0.0098815	0.0	0.0	0.0	0.0	0.0	0.0	0.0	0.0	0.00011781199999999999	0.0	0.0	0.0	0.00016199200000000002
Hte-ATic_025-Ex1-cssl	0.00776433	0.00492229	0.00503949	0.000117197	0.0	0.0	0.0	1.46497e-05	0.0	0.0	0.0	0.0	1.46497e-05	0.00197771	2.92994e-05	0.0	1.46497e-05	0.0032668800000000002	0.0	0.00043949099999999997	0.0	0.0	0.00027834400000000003	1.46497e-05	0.0	4.39491e-05	1.46497e-05	0.0	4.39491e-05	0.0	1.46497e-05	0.0	0.0	0.0	0.0	0.0	0.0	0.0	0.0	0.0	0.0	0.0	0.0	0.0	0.0	0.0	0.0	0.0	1.46497e-05	0.0273656	0.0	0.0	0.0	0.0	0.0	2.92994e-05	1.46497e-05	2.92994e-05	1.46497e-05	5.8598700000000005e-05	1.46497e-05	0.0	0.0	2.92994e-05	0.0	0.0	0.0	0.0	0.0	4.39491e-05	0.0	0.0	0.0	0.000219745	0.0	0.0	0.0	0.0	0.0	0.00257834	0.0	0.0	0.0	0.0	1.46497e-05	0.0	0.0	0.0364777	0.0	0.0	0.0	0.0	0.0	0.0	0.0	0.000146497	0.0	0.0	0.00020509600000000002	1.46497e-05	0.0	0.013360499999999999	0.0	0.0	0.0	0.0	1.46497e-05	0.0	0.0	0.0	0.0	0.0	0.0	0.0	0.0	1.46497e-05	0.0	0.0	1.46497e-05	5.8598700000000005e-05	1.46497e-05	0.000336943	1.46497e-05	0.0008496819999999999	2.92994e-05	0.0	1.46497e-05	1.46497e-05	4.39491e-05	4.39491e-05	0.0	0.0	0.0	0.0	0.0	0.0	0.0100204	0.0	0.0	0.0	0.0	0.0	0.0	0.0	0.0	5.8598700000000005e-05	0.0	0.0	0.0	0.00010254800000000001
Hte-ATic_026-Ex1-cssl	0.00818993	0.00498626	0.00528048	0.000197105	0.0	0.0	0.0	4.80743e-06	0.0	0.0	1.92297e-06	9.61486e-07	2.11527e-05	0.00173356	2.59601e-05	1.92297e-06	2.6921600000000003e-05	0.0033834700000000004	0.0	0.000481704	0.0	0.0	0.000250948	2.30757e-05	0.0	2.6921600000000003e-05	5.76891e-06	9.61486e-07	0.000100956	0.0	2.0191199999999997e-05	0.0	0.0	0.0	1.44223e-05	2.88446e-06	3.84594e-06	0.0	0.0	0.0	0.0	0.0	0.0	0.0	0.0	0.0	0.0	0.0	2.2114200000000003e-05	0.0272879	0.0	0.0	0.0	0.0	0.0	3.84594e-05	3.84594e-06	3.2690499999999995e-05	1.24993e-05	6.7304e-05	5.76891e-06	0.0	1.92297e-06	2.59601e-05	0.0	0.0	0.0	2.88446e-06	0.0	6.538099999999999e-05	0.0	0.0	0.0	0.000201912	0.0	0.0	0.0	0.0	8.653369999999999e-06	0.00253448	0.0	0.0	0.0	0.0	0.0	9.61486e-07	0.0	0.0364499	0.0	0.0	0.0	0.0	0.0	0.0	0.0	0.000131724	0.0	0.0	0.000203835	2.0191199999999997e-05	4.80743e-06	0.013200199999999999	0.0	3.84594e-06	0.0	0.0	5.76891e-06	0.0	0.0	0.0	0.0	0.0	0.0	0.0	1.24993e-05	0.0	2.88446e-05	0.0	9.61486e-06	5.76891e-05	0.0	0.000256717	6.730400000000001e-06	0.000923026	3.5575e-05	1.92297e-06	1.3460800000000002e-05	7.69188e-06	3.74979e-05	4.0382399999999995e-05	1.92297e-06	0.0	0.0	5.76891e-06	4.80743e-06	4.80743e-06	0.0101879	0.0	0.0	0.0	8.653369999999999e-06	0.0	0.0	0.0	0.0	6.826549999999999e-05	0.0	0.0	0.0	0.00010287899999999999
Hte-ATic_027-Ex1-cssl	0.00826528	0.00516754	0.005209210000000001	0.000250042	0.0	0.0	0.0	0.0	1.38912e-05	0.0	0.0	0.0	1.38912e-05	0.00165306	4.16737e-05	0.0	0.0	0.00305607	0.0	0.000458411	0.0	0.0	0.00031949800000000004	4.16737e-05	0.0	2.77825e-05	0.0	0.0	9.723860000000001e-05	0.0	1.38912e-05	0.0	0.0	0.0	2.77825e-05	0.0	0.0	0.0	0.0	0.0	0.0	0.0	0.0	0.0	0.0	0.0	0.0	0.0	5.55649e-05	0.0269768	0.0	0.0	0.0	0.0	0.0	2.77825e-05	1.38912e-05	0.0	0.0	6.94562e-05	0.0	0.0	0.0	2.77825e-05	0.0	0.0	0.0	1.38912e-05	0.0	5.55649e-05	0.0	0.0	0.0	0.000236151	0.0	0.0	0.0	0.0	1.38912e-05	0.00229205	0.0	0.0	0.0	0.0	0.0	0.0	0.0	0.0359088	0.0	0.0	0.0	0.0	0.0	0.0	0.0	6.94562e-05	0.0	0.0	0.00029171599999999997	4.16737e-05	0.0	0.013127200000000002	0.0	0.0	0.0	0.0	4.16737e-05	0.0	0.0	0.0	0.0	0.0	0.0	0.0	0.0	0.0	0.0	0.0	0.0	0.00011113	0.0	0.00013891200000000001	2.77825e-05	0.00106963	4.16737e-05	1.38912e-05	5.55649e-05	2.77825e-05	1.38912e-05	0.0	1.38912e-05	0.0	0.0	2.77825e-05	0.0	0.0	0.0100573	0.0	0.0	0.0	1.38912e-05	0.0	0.0	0.0	0.0	4.16737e-05	0.0	0.0	0.0	0.00018058600000000002
Hte-ATic_029-Ex1-cssl	0.00819517	0.0044716	0.0049786100000000005	0.00021610000000000002	0.0	0.0	0.0	0.0	0.0	0.0	0.0	0.0	1.66231e-05	0.0015958099999999998	8.31153e-06	0.0	3.32461e-05	0.0033412399999999997	0.0	0.00043220000000000004	0.0	0.0	0.000199477	8.31153e-06	0.0	3.32461e-05	1.66231e-05	0.0	8.31153e-05	0.0	1.66231e-05	0.0	0.0	0.0	1.66231e-05	0.0	1.66231e-05	0.0	0.0	0.0	0.0	0.0	0.0	0.0	0.0	0.0	0.0	0.0	2.49346e-05	0.026962600000000003	0.0	0.0	0.0	0.0	0.0	0.0	0.0	1.66231e-05	0.0	3.32461e-05	8.31153e-06	0.0	0.0	1.66231e-05	0.0	0.0	0.0	0.0	0.0	6.64923e-05	0.0	0.0	0.0	0.000199477	0.0	0.0	0.0	0.0	8.31153e-06	0.0026347600000000003	0.0	0.0	0.0	0.0	8.31153e-06	0.0	0.0	0.0359141	0.0	0.0	0.0	0.0	0.0	0.0	0.0	0.000149608	0.0	0.0	0.000166231	2.49346e-05	0.0	0.0129411	0.0	0.0	0.0	0.0	0.0	0.0	0.0	0.0	0.0	0.0	0.0	0.0	8.31153e-06	0.0	1.66231e-05	0.0	8.31153e-06	4.98692e-05	0.0	0.000249346	0.0	0.0007729719999999999	4.98692e-05	8.31153e-06	0.0	1.66231e-05	3.32461e-05	2.49346e-05	0.0	0.0	0.0	0.0	0.0	0.0	0.009815919999999999	0.0	0.0	0.0	0.0	0.0	0.0	0.0	0.0	6.64923e-05	0.0	0.0	0.0	6.64923e-05
Hte-ATic_030-Ex1-cssl	0.00819491	0.005613819999999999	0.00532449	0.00020994499999999998	0.0	0.0	0.0	1.7642399999999998e-06	3.5284900000000003e-06	1.7642399999999998e-06	0.0	0.0	8.82122e-06	0.00186657	2.29352e-05	1.7642399999999998e-06	2.6463600000000002e-05	0.00334853	0.0	0.0005239800000000001	0.0	0.0	0.00029110000000000003	1.2349700000000001e-05	0.0	2.29352e-05	7.05697e-06	0.0	8.64479e-05	0.0	1.76424e-05	0.0	0.0	0.0	3.5284900000000003e-06	0.0	1.7642399999999998e-06	0.0	0.0	0.0	0.0	0.0	0.0	0.0	0.0	0.0	0.0	0.0	1.41139e-05	0.027601600000000004	0.0	0.0	0.0	0.0	0.0	1.76424e-05	1.05855e-05	1.76424e-05	1.58782e-05	5.11631e-05	7.05697e-06	0.0	1.7642399999999998e-06	1.9406700000000002e-05	0.0	0.0	0.0	0.0	0.0	7.05697e-05	0.0	0.0	0.0	0.000218766	0.0	0.0	0.0	0.0	1.41139e-05	0.00259344	0.0	0.0	0.0	0.0	1.7642399999999998e-06	0.0	0.0	0.0365181	0.0	0.0	0.0	0.0	0.0	0.0	0.0	0.000153489	0.0	0.0	0.000238173	2.8227899999999998e-05	1.7642399999999998e-06	0.013323600000000001	0.0	1.7642399999999998e-06	0.0	0.0	7.05697e-06	1.7642399999999998e-06	0.0	0.0	0.0	0.0	0.0	0.0	1.2349700000000001e-05	0.0	2.6463600000000002e-05	0.0	1.41139e-05	7.40982e-05	0.0	0.000204652	7.05697e-06	0.0008997639999999999	4.05776e-05	1.7642399999999998e-06	1.9406700000000002e-05	1.2349700000000001e-05	3.70491e-05	1.41139e-05	1.7642399999999998e-06	0.0	0.0	5.29273e-06	8.82122e-06	0.0	0.0102679	0.0	0.0	0.0	0.0	0.0	0.0	0.0	0.0	6.35128e-05	0.0	0.0	0.0	0.000121733
Hte-ATic_031-Ex1-cssl	0.00813782	0.00537943	0.00520775	0.000194575	0.0	0.0	0.0	0.0	0.0	0.0	0.0	0.0	4.5782400000000004e-05	0.00185419	2.2891200000000002e-05	1.1445600000000001e-05	3.43368e-05	0.0033077799999999997	0.0	0.00048071500000000005	0.0	0.0	0.00034336800000000004	1.1445600000000001e-05	0.0	0.0	1.1445600000000001e-05	0.0	9.156480000000001e-05	0.0	1.1445600000000001e-05	0.0	0.0	0.0	1.1445600000000001e-05	0.0	0.0	0.0	0.0	0.0	0.0	0.0	0.0	0.0	0.0	0.0	0.0	0.0	5.7228e-05	0.0281333	0.0	0.0	0.0	0.0	0.0	5.7228e-05	0.0	2.2891200000000002e-05	1.1445600000000001e-05	4.5782400000000004e-05	1.1445600000000001e-05	0.0	0.0	3.43368e-05	0.0	0.0	0.0	0.0	0.0	4.5782400000000004e-05	0.0	0.0	0.0	0.00017168400000000002	0.0	0.0	0.0	0.0	0.0	0.00266683	0.0	0.0	0.0	0.0	1.1445600000000001e-05	0.0	0.0	0.0372669	0.0	0.0	0.0	0.0	0.0	0.0	0.0	0.00010301	0.0	0.0	0.00029758599999999997	1.1445600000000001e-05	1.1445600000000001e-05	0.013482899999999999	0.0	0.0	0.0	0.0	0.0	0.0	0.0	0.0	0.0	0.0	0.0	0.0	1.1445600000000001e-05	0.0	5.7228e-05	0.0	1.1445600000000001e-05	9.156480000000001e-05	0.0	0.00018313	0.0	0.0008698660000000001	3.43368e-05	0.0	0.0	0.0	6.86736e-05	4.5782400000000004e-05	0.0	0.0	0.0	1.1445600000000001e-05	0.0	0.0	0.010301000000000001	0.0	0.0	0.0	0.0	0.0	0.0	0.0	0.0	4.5782400000000004e-05	0.0	0.0	0.0	0.000137347
Hte-ATic_032-Ex1-cssl	0.0081562	0.00487371	0.00490373	0.000200152	0.0	0.0	0.0	1.00076e-05	0.0	0.0	0.0	0.0	2.00152e-05	0.00159121	1.00076e-05	1.00076e-05	1.00076e-05	0.0033625599999999997	0.0	0.000470358	0.0	0.0	0.000260198	1.00076e-05	0.0	5.0038100000000005e-05	0.0	0.0	4.00304e-05	0.0	1.00076e-05	0.0	0.0	0.0	0.0	1.00076e-05	0.0	0.0	0.0	0.0	0.0	0.0	0.0	0.0	0.0	0.0	0.0	0.0	4.00304e-05	0.027110600000000002	0.0	0.0	0.0	0.0	0.0	2.00152e-05	0.0	0.0	0.0	8.00609e-05	0.0	0.0	1.00076e-05	5.0038100000000005e-05	0.0	0.0	0.0	0.0	0.0	7.00533e-05	0.0	0.0	0.0	0.000220167	0.0	0.0	0.0	0.0	0.0	0.0024919	0.0	0.0	0.0	0.0	0.0	0.0	0.0	0.0366679	0.0	0.0	0.0	0.0	0.0	0.0	0.0	0.000140107	0.0	0.0	0.000220167	4.00304e-05	0.0	0.013400200000000001	0.0	0.0	0.0	0.0	1.00076e-05	0.0	0.0	0.0	0.0	0.0	0.0	0.0	0.0	0.0	2.00152e-05	0.0	0.0	9.00685e-05	0.0	0.000200152	0.0	0.0008906770000000001	7.00533e-05	2.00152e-05	4.00304e-05	1.00076e-05	5.0038100000000005e-05	4.00304e-05	1.00076e-05	0.0	0.0	1.00076e-05	0.0	0.0	0.0099976	0.0	0.0	0.0	0.0	0.0	0.0	0.0	0.0	4.00304e-05	0.0	0.0	0.0	0.000110084
Hte-ATic_033-Ex1-cssl	0.00792742	0.0054827999999999995	0.00552304	0.000171023	0.0	0.0	0.0	0.0	0.0	0.0	0.0	0.0	1.00602e-05	0.0016901099999999999	2.01204e-05	0.0	2.01204e-05	0.00310859	0.0	0.00048288899999999996	0.0	0.0	0.000291745	2.01204e-05	0.0	2.01204e-05	1.00602e-05	0.0	0.000110662	0.0	1.00602e-05	0.0	0.0	0.0	0.0	0.0	0.0	0.0	0.0	0.0	0.0	0.0	0.0	0.0	0.0	0.0	0.0	0.0	2.01204e-05	0.026850600000000002	0.0	0.0	0.0	0.0	0.0	3.01805e-05	0.0	5.0300900000000005e-05	0.0	6.03611e-05	0.0	0.0	0.0	2.01204e-05	0.0	0.0	0.0	0.0	0.0	5.0300900000000005e-05	0.0	0.0	0.0	0.000291745	0.0	0.0	0.0	0.0	3.01805e-05	0.0023239	0.0	0.0	0.0	0.0	0.0	0.0	0.0	0.0359551	0.0	0.0	0.0	0.0	0.0	0.0	0.0	0.000120722	0.0	0.0	0.000231384	2.01204e-05	0.0	0.0129474	0.0	1.00602e-05	0.0	0.0	0.0	0.0	0.0	0.0	0.0	0.0	0.0	0.0	1.00602e-05	0.0	2.01204e-05	0.0	1.00602e-05	6.03611e-05	0.0	0.000251504	0.0	0.0009154759999999999	6.03611e-05	0.0	3.01805e-05	0.0	3.01805e-05	4.0240699999999996e-05	0.0	0.0	0.0	0.0	0.0	1.00602e-05	0.00990928	0.0	0.0	0.0	0.0	0.0	0.0	0.0	0.0	5.0300900000000005e-05	0.0	0.0	0.0	0.000171023
Hte-ATic_034-Ex1-cssl	0.0075964199999999996	0.00496055	0.005674429999999999	0.000128132	0.0	0.0	0.0	0.0	0.0	0.0	0.0	0.0	1.83046e-05	0.00173894	0.0	0.0	0.0	0.0034412699999999997	0.0	0.000530834	0.0	0.0	0.000366092	1.83046e-05	0.0	5.4913799999999996e-05	0.0	0.0	9.15231e-05	0.0	3.66092e-05	0.0	0.0	0.0	1.83046e-05	0.0	0.0	0.0	0.0	0.0	0.0	0.0	0.0	0.0	0.0	0.0	0.0	0.0	3.66092e-05	0.0277681	0.0	0.0	0.0	0.0	0.0	5.4913799999999996e-05	0.0	3.66092e-05	1.83046e-05	5.4913799999999996e-05	0.0	0.0	0.0	3.66092e-05	0.0	0.0	0.0	0.0	0.0	7.32185e-05	0.0	0.0	0.0	0.00023796	0.0	0.0	0.0	0.0	1.83046e-05	0.0023796	0.0	0.0	0.0	0.0	0.0	0.0	0.0	0.036481099999999995	0.0	0.0	0.0	0.0	0.0	0.0	0.0	9.15231e-05	0.0	0.0	0.000201351	3.66092e-05	0.0	0.0131976	0.0	1.83046e-05	0.0	1.83046e-05	1.83046e-05	0.0	0.0	0.0	0.0	0.0	0.0	0.0	1.83046e-05	0.0	3.66092e-05	0.0	1.83046e-05	7.32185e-05	0.0	0.000292874	1.83046e-05	0.000915231	0.000109828	0.0	3.66092e-05	1.83046e-05	5.4913799999999996e-05	5.4913799999999996e-05	0.0	0.0	1.83046e-05	3.66092e-05	0.0	1.83046e-05	0.0101957	0.0	0.0	0.0	1.83046e-05	0.0	0.0	0.0	0.0	7.32185e-05	0.0	0.0	0.0	0.000201351
Hte-ATic_035-Ex1-cssl	0.00894552	0.0050325199999999995	0.005544299999999999	0.00023456699999999998	0.0	0.0	0.0	1.0662099999999999e-05	0.0	0.0	0.0	0.0	3.19864e-05	0.0015460100000000002	4.2648500000000003e-05	0.0	1.0662099999999999e-05	0.00327327	0.0	0.000522444	0.0	0.0	0.000277215	0.0	0.0	4.2648500000000003e-05	0.0	0.0	4.2648500000000003e-05	0.0	0.0	0.0	0.0	0.0	0.0	0.0	0.0	0.0	0.0	0.0	0.0	0.0	0.0	0.0	0.0	0.0	0.0	0.0	0.0	0.0270925	0.0	0.0	0.0	0.0	0.0	1.0662099999999999e-05	0.0	1.0662099999999999e-05	0.0	5.33106e-05	0.0	0.0	0.0	0.0	0.0	0.0	0.0	0.0	0.0	7.46349e-05	0.0	0.0	0.0	0.000106621	0.0	0.0	0.0	0.0	0.0	0.0024949399999999997	0.0	0.0	0.0	0.0	0.0	0.0	0.0	0.0357288	0.0	0.0	0.0	0.0	0.0	0.0	0.0	0.000106621	0.0	0.0	0.000159932	1.0662099999999999e-05	0.0	0.013029099999999998	0.0	1.0662099999999999e-05	0.0	0.0	0.0	0.0	0.0	0.0	0.0	0.0	0.0	0.0	0.0	0.0	3.19864e-05	0.0	0.0	4.2648500000000003e-05	0.0	0.00020258	1.0662099999999999e-05	0.0008103209999999999	2.1324199999999998e-05	0.0	1.0662099999999999e-05	1.0662099999999999e-05	1.0662099999999999e-05	2.1324199999999998e-05	0.0	0.0	0.0	0.0	0.0	0.0	0.00992644	0.0	0.0	0.0	0.0	0.0	0.0	0.0	0.0	8.529700000000001e-05	0.0	0.0	0.0	8.529700000000001e-05
Hte-ATic_036-Ex1-cssl	0.00823351	0.00445476	0.0053127800000000005	0.00021667099999999999	0.0	0.0	0.0	8.66686e-06	0.0	0.0	0.0	0.0	3.46674e-05	0.00194138	4.33343e-05	8.66686e-06	8.66686e-06	0.00341474	0.0	0.000346674	0.0	0.0	0.00023400500000000002	2.60006e-05	0.0	1.73337e-05	2.60006e-05	0.0	0.000147337	0.0	3.46674e-05	0.0	0.0	0.0	8.66686e-06	0.0	1.73337e-05	0.0	0.0	0.0	0.0	0.0	0.0	0.0	0.0	0.0	0.0	0.0	1.73337e-05	0.0270926	0.0	0.0	0.0	0.0	0.0	3.46674e-05	0.0	2.60006e-05	0.0	7.80017e-05	0.0	0.0	0.0	3.46674e-05	0.0	0.0	0.0	0.0	0.0	4.33343e-05	0.0	0.0	0.0	0.000182004	0.0	0.0	0.0	0.0	1.73337e-05	0.00240939	0.0	0.0	0.0	0.0	0.0	0.0	0.0	0.036392100000000004	0.0	0.0	0.0	0.0	0.0	0.0	0.0	0.00010400199999999998	0.0	0.0	0.00027733900000000004	8.66686e-06	0.0	0.0131996	0.0	0.0	0.0	0.0	0.0	0.0	0.0	0.0	0.0	0.0	0.0	0.0	0.0	0.0	3.46674e-05	0.0	2.60006e-05	6.0668e-05	8.66686e-06	0.000251339	0.0	0.00106602	4.33343e-05	8.66686e-06	0.0	8.66686e-06	8.66686e-06	4.33343e-05	0.0	0.0	0.0	1.73337e-05	0.0	0.0	0.010183600000000001	0.0	0.0	0.0	0.0	0.0	0.0	0.0	0.0	4.33343e-05	0.0	0.0	0.0	7.80017e-05
Hte-ATic_037-Ex1-cssl	0.007823749999999999	0.00565366	0.0048827	0.000199877	0.0	0.0	0.0	0.0	0.0	0.0	0.0	0.0	0.0	0.00168468	4.28307e-05	0.0	0.0	0.00329797	0.0	0.000513969	0.0	0.0	0.000328369	1.42769e-05	0.0	4.28307e-05	1.42769e-05	0.0	0.00012849200000000002	0.0	1.42769e-05	0.0	0.0	0.0	1.42769e-05	0.0	0.0	0.0	0.0	0.0	0.0	0.0	0.0	0.0	0.0	0.0	0.0	0.0	1.42769e-05	0.0276544	0.0	0.0	0.0	0.0	0.0	1.42769e-05	0.0	0.0	0.0	2.85538e-05	1.42769e-05	0.0	0.0	2.85538e-05	0.0	0.0	0.0	0.0	0.0	2.85538e-05	0.0	0.0	0.0	0.000214154	0.0	0.0	0.0	0.0	0.0	0.00248418	0.0	0.0	0.0	0.0	0.0	0.0	0.0	0.0362491	0.0	0.0	0.0	0.0	0.0	0.0	0.0	4.28307e-05	0.0	0.0	0.00025698400000000003	1.42769e-05	1.42769e-05	0.0136344	0.0	0.0	0.0	0.0	1.42769e-05	0.0	0.0	0.0	0.0	0.0	0.0	0.0	0.0	0.0	1.42769e-05	0.0	0.0	2.85538e-05	0.0	0.000199877	0.0	0.000927999	4.28307e-05	1.42769e-05	1.42769e-05	2.85538e-05	5.71076e-05	2.85538e-05	1.42769e-05	0.0	0.0	0.0	0.0	0.0	0.0103508	0.0	0.0	0.0	2.85538e-05	0.0	0.0	0.0	0.0	1.42769e-05	0.0	0.0	0.0	0.000171323
Hte-ATic_038-Ex1-cssl	0.00866073	0.00530097	0.0052711	8.95938e-05	0.0	0.0	0.0	0.0	0.0	0.0	0.0	0.0	0.0	0.001986	1.49323e-05	1.49323e-05	1.49323e-05	0.00324031	0.0	0.000492766	0.0	0.0	0.00038824000000000004	2.98646e-05	0.0	5.97292e-05	1.49323e-05	1.49323e-05	7.466149999999999e-05	0.0	0.0	0.0	0.0	0.0	0.0	2.98646e-05	0.0	0.0	0.0	0.0	0.0	0.0	0.0	0.0	0.0	0.0	0.0	0.0	1.49323e-05	0.027550099999999998	0.0	0.0	0.0	0.0	0.0	7.466149999999999e-05	0.0	0.0	1.49323e-05	7.466149999999999e-05	0.0	0.0	1.49323e-05	1.49323e-05	0.0	0.0	0.0	0.0	0.0	7.466149999999999e-05	0.0	0.0	0.0	0.000209052	0.0	0.0	0.0	0.0	1.49323e-05	0.00232944	0.0	0.0	0.0	0.0	0.0	0.0	0.0	0.0367932	0.0	0.0	0.0	0.0	0.0	0.0	0.0	0.00014932299999999998	0.0	1.49323e-05	0.000343443	4.47969e-05	0.0	0.0131703	0.0	2.98646e-05	0.0	0.0	0.0	0.0	0.0	0.0	0.0	0.0	0.0	0.0	0.0	0.0	1.49323e-05	0.0	5.97292e-05	0.000104526	0.0	0.000238917	1.49323e-05	0.0008212759999999999	7.466149999999999e-05	0.0	4.47969e-05	0.0	7.466149999999999e-05	2.98646e-05	0.0	0.0	0.0	1.49323e-05	0.0	1.49323e-05	0.0100345	0.0	0.0	0.0	4.47969e-05	0.0	0.0	0.0	0.0	0.00011945800000000001	0.0	0.0	0.0	8.95938e-05
Hte-ATic_039-Ex1-cssl	0.00855379	0.00489876	0.00526045	0.000158639	0.0	0.0	0.0	6.34554e-06	1.26911e-05	0.0	6.34554e-06	0.0	3.80733e-05	0.0017640599999999998	1.26911e-05	0.0	6.34554e-06	0.00328699	0.0	0.00042515099999999997	0.0	0.0	0.000234785	6.34554e-06	0.0	3.80733e-05	0.0	6.34554e-06	8.88376e-05	0.0	6.34554e-06	0.0	0.0	0.0	2.53822e-05	0.0	0.0	0.0	0.0	0.0	0.0	0.0	0.0	0.0	0.0	0.0	0.0	0.0	3.80733e-05	0.027374700000000002	0.0	0.0	0.0	0.0	0.0	3.80733e-05	6.34554e-06	5.0764300000000005e-05	6.34554e-06	9.518310000000001e-05	6.34554e-06	0.0	0.0	3.80733e-05	0.0	0.0	0.0	0.0	0.0	8.2492e-05	0.0	0.0	0.0	0.00022844	0.0	0.0	0.0	0.0	6.34554e-06	0.00250649	0.0	0.0	0.0	0.0	0.0	0.0	0.0	0.0360681	0.0	0.0	0.0	0.0	0.0	0.0	0.0	0.000145947	0.0	0.0	0.00022844	2.53822e-05	6.34554e-06	0.013243099999999999	0.0	6.34554e-06	0.0	0.0	0.0	0.0	0.0	0.0	0.0	0.0	0.0	0.0	0.0	0.0	3.80733e-05	0.0	1.90366e-05	6.9801e-05	0.0	0.00029824	0.0	0.000894721	3.80733e-05	6.34554e-06	1.90366e-05	6.34554e-06	3.80733e-05	3.80733e-05	0.0	0.0	0.0	6.34554e-06	0.0	0.0	0.010121100000000001	0.0	0.0	0.0	6.34554e-06	0.0	0.0	0.0	0.0	6.345540000000001e-05	0.0	0.0	0.0	0.00015229300000000001
Hte-ATic_041-Ex1-cssl	0.00829813	0.00516276	0.00536052	0.00019252300000000003	0.0	0.0	0.0	1.30968e-06	1.30968e-06	1.30968e-06	0.0	0.0	1.57162e-05	0.0017458	3.14323e-05	1.30968e-06	2.0954899999999998e-05	0.00335802	0.0	0.00048851	0.0	0.0	0.000292059	1.70258e-05	0.0	3.6670999999999995e-05	5.23872e-06	3.92904e-06	9.16776e-05	0.0	1.70258e-05	0.0	0.0	0.0	6.548400000000001e-06	0.0	0.0	0.0	0.0	1.30968e-06	0.0	0.0	0.0	0.0	0.0	0.0	0.0	0.0	2.0954899999999998e-05	0.0278359	0.0	0.0	0.0	0.0	0.0	3.01226e-05	3.92904e-06	2.0954899999999998e-05	1.0477399999999999e-05	6.417429999999999e-05	2.61936e-06	0.0	0.0	3.2742e-05	0.0	0.0	0.0	3.92904e-06	0.0	8.38195e-05	0.0	0.0	0.0	0.00022264599999999998	0.0	0.0	0.0	0.0	1.4406500000000002e-05	0.00258138	0.0	0.0	0.0	0.0	1.30968e-06	1.30968e-06	0.0	0.0368138	0.0	0.0	0.0	0.0	0.0	0.0	0.0	0.000171568	0.0	1.30968e-06	0.00021478699999999997	3.5361299999999996e-05	0.0	0.0134622	0.0	1.0477399999999999e-05	0.0	0.0	5.23872e-06	0.0	0.0	0.0	0.0	0.0	0.0	0.0	7.85808e-06	0.0	2.48839e-05	0.0	1.57162e-05	7.59614e-05	1.30968e-06	0.00025014899999999997	1.30968e-06	0.000944279	4.97678e-05	2.61936e-06	1.57162e-05	6.548400000000001e-06	3.5361299999999996e-05	3.6670999999999995e-05	1.30968e-06	0.0	0.0	5.23872e-06	2.61936e-06	6.548400000000001e-06	0.0103085	0.0	0.0	0.0	1.17871e-05	0.0	0.0	0.0	0.0	7.46517e-05	0.0	0.0	0.0	0.000136207
Hte-ATic_044-Ex1-cssl	0.00806436	0.00523675	0.00523675	0.000135726	0.0	0.0	0.0	0.0	1.1310500000000001e-05	0.0	0.0	0.0	3.39314e-05	0.0016739500000000002	4.52419e-05	0.0	4.52419e-05	0.0035175600000000003	0.0	0.000531592	0.0	0.0	0.000271451	1.1310500000000001e-05	0.0	4.52419e-05	0.0	0.0	9.04837e-05	0.0	0.0	0.0	0.0	0.0	0.0	0.0	0.0	0.0	0.0	0.0	0.0	0.0	0.0	0.0	0.0	0.0	0.0	0.0	1.1310500000000001e-05	0.028287499999999997	0.0	0.0	0.0	0.0	0.0	4.52419e-05	0.0	3.39314e-05	0.0	5.6552300000000004e-05	0.0	0.0	0.0	2.2620900000000002e-05	0.0	0.0	0.0	0.0	0.0	6.78628e-05	0.0	0.0	0.0	0.00021489899999999998	0.0	0.0	0.0	0.0	0.0	0.00266927	0.0	0.0	0.0	0.0	0.0	0.0	0.0	0.0378674	0.0	0.0	0.0	0.0	0.0	0.0	0.0	0.000124415	0.0	0.0	0.000226209	0.0	0.0	0.0134142	0.0	0.0	0.0	0.0	0.0	0.0	0.0	0.0	0.0	0.0	0.0	0.0	0.0	0.0	6.78628e-05	0.0	0.0	3.39314e-05	0.0	0.000192278	0.0	0.0008369750000000001	1.1310500000000001e-05	0.0	1.1310500000000001e-05	0.0	3.39314e-05	3.39314e-05	0.0	0.0	0.0	0.0	0.0	0.0	0.009919279999999999	0.0	0.0	0.0	0.0	0.0	0.0	0.0	0.0	5.6552300000000004e-05	0.0	0.0	0.0	0.00010179400000000001
Hte-ATic_045-Ex1-cssl	0.00816386	0.004979379999999999	0.00491183	0.000202649	0.0	0.0	0.0	0.0	9.649949999999999e-06	0.0	0.0	0.0	9.649949999999999e-06	0.00161154	3.8599799999999996e-05	0.0	2.8949900000000002e-05	0.0035704799999999996	0.0	0.0005114480000000001	0.0	0.0	0.00038599799999999997	9.649949999999999e-06	0.0	3.8599799999999996e-05	0.0	9.649949999999999e-06	0.00010614999999999999	0.0	9.649949999999999e-06	0.0	0.0	0.0	0.0	9.649949999999999e-06	0.0	0.0	0.0	0.0	0.0	0.0	0.0	0.0	0.0	0.0	0.0	0.0	9.649949999999999e-06	0.0276761	0.0	0.0	0.0	0.0	0.0	4.82498e-05	0.0	3.8599799999999996e-05	0.0	4.82498e-05	0.0	0.0	9.649949999999999e-06	9.649949999999999e-06	0.0	0.0	0.0	0.0	0.0	4.82498e-05	0.0	0.0	0.0	0.00027984900000000004	0.0	0.0	0.0	0.0	0.0	0.00276954	0.0	0.0	0.0	0.0	0.0	0.0	0.0	0.0367374	0.0	0.0	0.0	0.0	0.0	0.0	0.0	0.000115799	0.0	0.0	0.00029914899999999996	1.9299899999999998e-05	0.0	0.0138091	0.0	0.0	0.0	0.0	9.649949999999999e-06	0.0	0.0	0.0	0.0	0.0	0.0	0.0	9.649949999999999e-06	0.0	0.0	0.0	0.0	5.7899700000000004e-05	0.0	0.000212299	9.649949999999999e-06	0.000868496	4.82498e-05	0.0	2.8949900000000002e-05	1.9299899999999998e-05	7.719959999999999e-05	3.8599799999999996e-05	0.0	0.0	0.0	0.0	0.0	0.0	0.0107307	0.0	0.0	0.0	2.8949900000000002e-05	0.0	0.0	0.0	0.0	6.75497e-05	0.0	0.0	0.0	0.000183349
Hte-ATic_046-Ex1-cssl	0.008088419999999999	0.00485305	0.0052953	0.00022112199999999997	0.0	0.0	0.0	0.0	0.0	0.0	0.0	0.0	4.65521e-05	0.0019901000000000003	3.4914e-05	0.0	3.4914e-05	0.0033052000000000003	0.0	0.00040732999999999996	0.0	0.0	0.00026767399999999997	0.0	0.0	1.1638e-05	0.0	0.0	4.65521e-05	0.0	1.1638e-05	0.0	0.0	0.0	0.0	0.0	0.0	0.0	0.0	0.0	0.0	0.0	0.0	0.0	0.0	0.0	0.0	0.0	3.4914e-05	0.026686	0.0	0.0	0.0	0.0	0.0	1.1638e-05	0.0	0.0	1.1638e-05	5.8190100000000004e-05	0.0	0.0	0.0	2.3276e-05	0.0	0.0	0.0	0.0	0.0	3.4914e-05	0.0	0.0	0.0	0.000162932	0.0	0.0	0.0	0.0	2.3276e-05	0.00249053	0.0	0.0	0.0	0.0	0.0	0.0	0.0	0.0358451	0.0	0.0	0.0	0.0	0.0	0.0	0.0	5.8190100000000004e-05	0.0	0.0	0.000279312	1.1638e-05	1.1638e-05	0.013244099999999998	0.0	0.0	0.0	0.0	0.0	0.0	0.0	0.0	0.0	0.0	0.0	0.0	1.1638e-05	0.0	4.65521e-05	0.0	0.0	6.982809999999999e-05	0.0	0.00026767399999999997	0.0	0.000977593	4.65521e-05	0.0	0.0	0.0	6.982809999999999e-05	0.0	0.0	0.0	0.0	0.0	0.0	0.0	0.0104277	0.0	0.0	0.0	0.0	0.0	0.0	0.0	0.0	4.65521e-05	0.0	0.0	0.0	9.31041e-05
Hte-ATic_047-Ex1-cssl	0.00819227	0.005549	0.00515532	0.000243706	0.0	0.0	0.0	0.0	0.0	0.0	1.8746599999999998e-05	0.0	0.0	0.00178093	1.8746599999999998e-05	0.0	1.8746599999999998e-05	0.0028682300000000003	0.0	0.000393679	0.0	0.0	0.000243706	0.0	0.0	5.6239799999999996e-05	0.0	0.0	0.00013122600000000002	0.0	7.49865e-05	0.0	0.0	0.0	5.6239799999999996e-05	0.0	0.0	0.0	0.0	0.0	0.0	0.0	0.0	0.0	0.0	0.0	0.0	0.0	3.7493199999999995e-05	0.0274263	0.0	0.0	0.0	0.0	0.0	1.8746599999999998e-05	0.0	1.8746599999999998e-05	0.0	1.8746599999999998e-05	0.0	0.0	0.0	1.8746599999999998e-05	0.0	0.0	0.0	0.0	0.0	3.7493199999999995e-05	0.0	0.0	0.0	7.49865e-05	0.0	0.0	0.0	0.0	0.0	0.00243706	0.0	0.0	0.0	0.0	0.0	0.0	0.0	0.0365746	0.0	0.0	0.0	0.0	0.0	0.0	0.0	7.49865e-05	0.0	0.0	0.000206213	3.7493199999999995e-05	0.0	0.0131039	0.0	0.0	0.0	0.0	0.0	0.0	0.0	0.0	0.0	0.0	0.0	0.0	0.0	0.0	3.7493199999999995e-05	0.0	0.0	0.0	0.0	0.00016872	0.0	0.000881091	0.0	0.0	0.0	0.0	1.8746599999999998e-05	1.8746599999999998e-05	0.0	0.0	0.0	0.0	0.0	0.0	0.010010699999999999	0.0	0.0	0.0	0.0	0.0	0.0	0.0	0.0	1.8746599999999998e-05	0.0	0.0	0.0	1.8746599999999998e-05
Hte-ATic_048-Ex1-cssl	0.00845658	0.00501787	0.00466366	0.00019186000000000002	0.0	0.0	0.0	0.0	0.0	0.0	0.0	0.0	0.0	0.00159391	1.4758400000000001e-05	0.0	2.95169e-05	0.0031582999999999997	0.0	0.000605096	0.0	0.0	0.00019186000000000002	1.4758400000000001e-05	0.0	1.4758400000000001e-05	0.0	0.0	5.90337e-05	0.0	0.0	0.0	0.0	0.0	0.0	0.0	0.0	0.0	0.0	0.0	0.0	0.0	0.0	0.0	0.0	0.0	0.0	0.0	2.95169e-05	0.0272145	0.0	0.0	0.0	0.0	0.0	2.95169e-05	0.0	1.4758400000000001e-05	1.4758400000000001e-05	4.42753e-05	0.0	0.0	0.0	2.95169e-05	0.0	0.0	0.0	0.0	0.0	2.95169e-05	0.0	0.0	0.0	8.85506e-05	0.0	0.0	0.0	0.0	2.95169e-05	0.0024499	0.0	0.0	0.0	0.0	0.0	0.0	0.0	0.036025299999999996	0.0	0.0	0.0	0.0	0.0	0.0	0.0	0.00010330900000000001	0.0	0.0	0.000132826	2.95169e-05	0.0	0.0133416	0.0	1.4758400000000001e-05	0.0	1.4758400000000001e-05	0.0	0.0	0.0	0.0	0.0	0.0	0.0	0.0	1.4758400000000001e-05	0.0	1.4758400000000001e-05	0.0	0.0	2.95169e-05	0.0	0.000132826	0.0	0.000605096	2.95169e-05	1.4758400000000001e-05	1.4758400000000001e-05	0.0	4.42753e-05	2.95169e-05	0.0	0.0	0.0	0.0	0.0	1.4758400000000001e-05	0.009740559999999999	0.0	0.0	0.0	1.4758400000000001e-05	0.0	0.0	0.0	0.0	4.42753e-05	0.0	0.0	0.0	5.90337e-05
Hte-ATic_049-Ex1-cssl	0.0082795	0.00503438	0.00495659	0.00023338200000000002	0.0	0.0	0.0	0.0	0.0	1.11134e-05	0.0	0.0	1.11134e-05	0.00157811	3.3340299999999997e-05	1.11134e-05	3.3340299999999997e-05	0.0033229099999999997	0.0	0.000566784	0.0	0.0	0.00023338200000000002	0.0	0.0	3.3340299999999997e-05	0.0	0.0	0.00011113400000000001	0.0	0.0	0.0	0.0	0.0	0.0	0.0	0.0	0.0	0.0	0.0	0.0	0.0	0.0	0.0	0.0	0.0	0.0	0.0	1.11134e-05	0.027327900000000002	0.0	0.0	0.0	0.0	0.0	1.11134e-05	1.11134e-05	3.3340299999999997e-05	1.11134e-05	5.55671e-05	1.11134e-05	0.0	0.0	2.22268e-05	0.0	0.0	0.0	1.11134e-05	0.0	8.89074e-05	0.0	0.0	0.0	0.00015558800000000002	0.0	0.0	0.0	0.0	4.44537e-05	0.00242273	0.0	0.0	0.0	0.0	0.0	0.0	0.0	0.0366521	0.0	0.0	0.0	0.0	0.0	0.0	0.0	0.000177815	0.0	0.0	0.000177815	5.55671e-05	0.0	0.012880500000000001	0.0	1.11134e-05	0.0	0.0	0.0	0.0	0.0	0.0	0.0	0.0	0.0	0.0	0.0	0.0	5.55671e-05	0.0	2.22268e-05	5.55671e-05	0.0	0.000188928	0.0	0.000922414	5.55671e-05	0.0	3.3340299999999997e-05	1.11134e-05	3.3340299999999997e-05	3.3340299999999997e-05	0.0	0.0	0.0	0.0	2.22268e-05	1.11134e-05	0.0100243	0.0	0.0	0.0	1.11134e-05	0.0	0.0	0.0	0.0	0.000100021	0.0	0.0	0.0	0.000133361
Hte-ATic_050-Ex1-cssl	0.00838065	0.0055871	0.0052875	0.00021052799999999997	0.0	0.0	0.0	1.6194500000000002e-05	0.0	0.0	0.0	0.0	3.2389000000000004e-05	0.00181378	4.04862e-05	0.0	3.2389000000000004e-05	0.00350611	0.0	0.000623488	0.0	0.0	0.000340084	0.0	0.0	3.2389000000000004e-05	1.6194500000000002e-05	0.0	9.716689999999999e-05	0.0	1.6194500000000002e-05	0.0	0.0	0.0	0.0	8.09724e-06	0.0	0.0	0.0	0.0	0.0	0.0	0.0	0.0	0.0	0.0	0.0	0.0	1.6194500000000002e-05	0.0276197	0.0	0.0	0.0	0.0	0.0	3.2389000000000004e-05	0.0	1.6194500000000002e-05	8.09724e-06	6.47779e-05	0.0	0.0	0.0	8.09724e-06	0.0	0.0	0.0	0.0	0.0	7.28752e-05	0.0	0.0	0.0	0.00014575	0.0	0.0	0.0	0.0	8.09724e-06	0.00251824	0.0	0.0	0.0	0.0	8.09724e-06	0.0	0.0	0.036802	0.0	0.0	0.0	0.0	0.0	0.0	0.0	0.000153848	0.0	0.0	0.000291501	2.4291699999999996e-05	0.0	0.0134738	0.0	8.09724e-06	0.0	0.0	0.0	0.0	0.0	0.0	0.0	0.0	0.0	0.0	8.09724e-06	0.0	2.4291699999999996e-05	0.0	1.6194500000000002e-05	8.09724e-05	0.0	0.00021052799999999997	8.09724e-06	0.000914988	4.85835e-05	0.0	8.09724e-06	0.0	4.85835e-05	8.09724e-06	0.0	0.0	0.0	1.6194500000000002e-05	0.0	8.09724e-06	0.0105264	0.0	0.0	0.0	1.6194500000000002e-05	0.0	0.0	0.0	0.0	8.90697e-05	0.0	0.0	0.0	8.09724e-05
Hte-ATic_051-Ex1-cssl	0.00838097	0.00567176	0.00538969	0.00019085999999999997	0.0	0.0	0.0	6.75612e-06	1.68903e-06	0.0	1.68903e-06	0.0	2.02684e-05	0.00171268	2.02684e-05	1.68903e-06	1.1823199999999999e-05	0.0033256999999999996	0.0	0.000525288	0.0	0.0	0.000248287	2.02684e-05	0.0	3.0402500000000002e-05	3.37806e-06	3.37806e-06	9.627469999999999e-05	0.0	2.02684e-05	0.0	0.0	0.0	1.01342e-05	1.68903e-06	5.06709e-06	0.0	0.0	0.0	0.0	0.0	0.0	0.0	0.0	0.0	0.0	0.0	2.87135e-05	0.027470400000000002	0.0	0.0	0.0	0.0	0.0	2.02684e-05	0.0	1.01342e-05	5.06709e-06	6.08051e-05	1.68903e-06	0.0	0.0	2.5335399999999998e-05	0.0	0.0	0.0	1.68903e-06	0.0	7.93844e-05	0.0	0.0	0.0	0.00017228099999999999	0.0	0.0	0.0	0.0	6.75612e-06	0.0024845600000000002	0.0	0.0	0.0	0.0	0.0	0.0	0.0	0.036425599999999995	0.0	0.0	0.0	0.0	0.0	0.0	0.0	0.000160458	0.0	1.68903e-06	0.000207751	2.3646399999999998e-05	0.0	0.013194699999999998	0.0	3.37806e-06	0.0	0.0	8.44515e-06	0.0	0.0	0.0	0.0	0.0	0.0	0.0	5.06709e-06	0.0	4.22257e-05	0.0	6.75612e-06	5.9116e-05	1.68903e-06	0.00022633	0.0	0.000896875	4.05367e-05	8.44515e-06	1.35122e-05	6.75612e-06	3.2091599999999996e-05	2.87135e-05	0.0	0.0	0.0	5.06709e-06	1.68903e-06	5.06709e-06	0.0101865	0.0	0.0	0.0	1.01342e-05	0.0	0.0	0.0	0.0	6.58722e-05	0.0	0.0	0.0	0.000101342
Hte-ATic_054-Ex1-cssl	0.008146519999999999	0.0044671	0.00497423	0.000151061	0.0	0.0	0.0	1.07901e-05	0.0	0.0	0.0	0.0	0.0	0.00157535	4.31604e-05	0.0	1.07901e-05	0.00320466	0.0	0.000496344	0.0	0.0	0.000129481	2.15802e-05	0.0	3.23703e-05	0.0	0.0	9.711079999999999e-05	0.0	2.15802e-05	0.0	0.0	0.0	1.07901e-05	0.0	0.0	0.0	0.0	0.0	0.0	0.0	0.0	0.0	0.0	0.0	0.0	0.0	0.0	0.0272881	0.0	0.0	0.0	0.0	0.0	2.15802e-05	0.0	1.07901e-05	0.0	6.47406e-05	0.0	0.0	0.0	1.07901e-05	0.0	0.0	0.0	0.0	0.0	6.47406e-05	0.0	0.0	0.0	0.000161851	0.0	0.0	0.0	0.0	0.0	0.0023846099999999997	0.0	0.0	0.0	0.0	0.0	0.0	0.0	0.036233100000000004	0.0	0.0	0.0	0.0	0.0	0.0	0.0	0.000183432	0.0	0.0	0.000118691	6.47406e-05	0.0	0.0131639	0.0	0.0	0.0	0.0	0.0	0.0	0.0	0.0	0.0	0.0	0.0	0.0	0.0	0.0	1.07901e-05	0.0	1.07901e-05	3.23703e-05	0.0	0.000151061	0.0	0.000820047	1.07901e-05	0.0	0.0	1.07901e-05	2.15802e-05	3.23703e-05	0.0	0.0	0.0	0.0	0.0	0.0	0.0102182	0.0	0.0	0.0	0.0	0.0	0.0	0.0	0.0	6.47406e-05	0.0	0.0	0.0	9.711079999999999e-05
Hte-ATic_055-Ex1-cssl	0.008186230000000001	0.00442622	0.00505593	0.000136893	0.0	0.0	0.0	0.0	0.0	0.0	0.0	0.0	9.12623e-06	0.00171573	1.8252500000000002e-05	0.0	9.12623e-06	0.0033310699999999998	0.0	0.000447185	0.0	0.0	0.000319418	0.0	0.0	2.73787e-05	0.0	0.0	5.47574e-05	0.0	0.0	0.0	0.0	0.0	0.0	0.0	0.0	0.0	0.0	0.0	0.0	0.0	0.0	0.0	0.0	0.0	0.0	0.0	1.8252500000000002e-05	0.026968	0.0	0.0	0.0	0.0	0.0	1.8252500000000002e-05	0.0	9.12623e-06	2.73787e-05	3.65049e-05	0.0	0.0	0.0	9.12623e-06	0.0	0.0	0.0	0.0	0.0	6.38836e-05	0.0	0.0	0.0	0.00014602000000000001	0.0	0.0	0.0	0.0	9.12623e-06	0.00250971	0.0	0.0	0.0	0.0	9.12623e-06	0.0	0.0	0.0361673	0.0	0.0	0.0	0.0	0.0	0.0	0.0	0.000109515	0.0	0.0	0.00028291300000000003	1.8252500000000002e-05	0.0	0.0135707	0.0	9.12623e-06	0.0	0.0	0.0	0.0	0.0	0.0	0.0	0.0	0.0	0.0	0.0	0.0	4.56312e-05	0.0	0.0	3.65049e-05	0.0	0.000191651	0.0	0.0008669919999999999	1.8252500000000002e-05	9.12623e-06	9.12623e-06	0.0	4.56312e-05	0.0	0.0	0.0	9.12623e-06	1.8252500000000002e-05	0.0	0.0	0.010440399999999999	0.0	0.0	0.0	9.12623e-06	0.0	0.0	0.0	0.0	6.38836e-05	0.0	0.0	0.0	0.00010038899999999999
Hte-ATic_056-Ex1-cssl	0.00782798	0.0048597200000000005	0.00500953	0.00025281800000000003	0.0	0.0	0.0	0.0	0.0	0.0	0.0	0.0	1.8727200000000003e-05	0.0016386299999999999	3.74545e-05	0.0	0.0	0.00342708	0.0	0.000514999	0.0	0.0	0.000318363	1.8727200000000003e-05	0.0	4.68181e-05	0.0	0.0	9.36361e-05	0.0	2.80908e-05	0.0	0.0	0.0	2.80908e-05	0.0	0.0	0.0	0.0	0.0	0.0	0.0	0.0	0.0	0.0	0.0	0.0	0.0	3.74545e-05	0.02722	0.0	0.0	0.0	0.0	0.0	5.61817e-05	0.0	1.8727200000000003e-05	0.0	9.36361e-05	0.0	0.0	0.0	0.0	0.0	0.0	0.0	0.0	0.0	8.42725e-05	0.0	0.0	0.0	0.000262181	0.0	0.0	0.0	0.0	0.0	0.00271545	0.0	0.0	0.0	0.0	0.0	0.0	0.0	0.036396399999999995	0.0	0.0	0.0	0.0	0.0	0.0	0.0	0.000159181	0.0	0.0	0.00020600000000000002	1.8727200000000003e-05	0.0	0.0132214	0.0	0.0	0.0	0.0	9.36361e-06	0.0	0.0	0.0	0.0	0.0	0.0	0.0	0.0	0.0	9.36361e-06	0.0	1.8727200000000003e-05	5.61817e-05	0.0	0.000299636	0.0	0.00101127	7.490889999999999e-05	0.0	3.74545e-05	1.8727200000000003e-05	3.74545e-05	1.8727200000000003e-05	9.36361e-06	0.0	0.0	9.36361e-06	0.0	0.0	0.010243799999999999	0.0	0.0	0.0	1.8727200000000003e-05	0.0	0.0	0.0	0.0	7.490889999999999e-05	0.0	0.0	0.0	0.00014045399999999998
Hte-ATic_057-Ex1-cssl	0.00800801	0.0047089	0.00518842	0.00024935100000000003	0.0	0.0	0.0	9.59043e-06	0.0	0.0	0.0	0.0	1.9180899999999998e-05	0.0018125899999999998	4.79521e-05	0.0	1.9180899999999998e-05	0.0035772300000000003	0.0	0.000575426	0.0	0.0	0.00033566499999999997	0.0	0.0	2.87713e-05	0.0	0.0	3.83617e-05	0.0	1.9180899999999998e-05	9.59043e-06	0.0	0.0	9.59043e-06	0.0	0.0	0.0	0.0	0.0	0.0	0.0	0.0	0.0	0.0	0.0	0.0	0.0	1.9180899999999998e-05	0.0281	0.0	0.0	0.0	0.0	0.0	9.59043e-06	0.0	9.59043e-06	9.59043e-06	3.83617e-05	0.0	0.0	0.0	1.9180899999999998e-05	0.0	0.0	0.0	0.0	0.0	8.63139e-05	0.0	0.0	0.0	0.00022058	0.0	0.0	0.0	0.0	9.59043e-06	0.00278122	0.0	0.0	0.0	0.0	0.0	0.0	0.0	0.036654599999999996	0.0	0.0	0.0	0.0	0.0	0.0	0.0	0.000153447	0.0	0.0	0.000182218	9.59043e-06	0.0	0.013186799999999999	0.0	9.59043e-06	0.0	0.0	0.0	9.59043e-06	0.0	0.0	0.0	0.0	0.0	0.0	0.0	0.0	4.79521e-05	0.0	9.59043e-06	9.59043e-05	0.0	0.000182218	0.0	0.000863139	2.87713e-05	0.0	1.9180899999999998e-05	9.59043e-06	3.83617e-05	2.87713e-05	0.0	0.0	9.59043e-06	9.59043e-06	0.0	9.59043e-06	0.0103193	0.0	0.0	0.0	0.0	0.0	0.0	0.0	0.0	4.79521e-05	0.0	0.0	0.0	0.000124676
Hte-ATic_058-Ex1-cssl	0.007645840000000001	0.00464819	0.00536423	0.000157771	0.0	0.0	0.0	2.4272500000000002e-05	0.0	1.21363e-05	0.0	0.0	0.0	0.0016748	3.64088e-05	0.0	1.21363e-05	0.00326465	0.0	0.00046117799999999997	0.0	0.0	0.00023058899999999998	4.8545000000000004e-05	0.0	2.4272500000000002e-05	1.21363e-05	0.0	3.64088e-05	0.0	1.21363e-05	0.0	0.0	0.0	0.0	0.0	0.0	0.0	0.0	0.0	0.0	0.0	0.0	0.0	0.0	0.0	0.0	0.0	0.0	0.0274765	0.0	0.0	0.0	0.0	0.0	3.64088e-05	0.0	0.0	0.0	8.49538e-05	1.21363e-05	0.0	1.21363e-05	7.28175e-05	0.0	0.0	0.0	0.0	0.0	0.000133499	0.0	0.0	0.0	0.000242725	0.0	0.0	0.0	0.0	1.21363e-05	0.00239084	0.0	0.0	0.0	0.0	0.0	0.0	0.0	0.0364088	0.0	0.0	0.0	0.0	0.0	0.0	0.0	0.000206316	0.0	0.0	0.000169908	0.0	0.0	0.0131678	0.0	1.21363e-05	0.0	0.0	1.21363e-05	0.0	0.0	0.0	0.0	0.0	0.0	0.0	1.21363e-05	0.0	0.0	0.0	0.0	3.64088e-05	0.0	0.000254861	0.0	0.0008980829999999999	3.64088e-05	0.0	2.4272500000000002e-05	2.4272500000000002e-05	2.4272500000000002e-05	4.8545000000000004e-05	0.0	0.0	0.0	0.0	1.21363e-05	1.21363e-05	0.00996387	0.0	0.0	0.0	1.21363e-05	0.0	0.0	0.0	0.0	9.709009999999999e-05	0.0	0.0	0.0	0.000133499
Hte-ATic_059-Ex1-cssl	0.00811189	0.00545189	0.00479239	0.000219834	0.0	0.0	0.0	0.0	0.0	0.0	0.0	0.0	1.09917e-05	0.00153884	3.29752e-05	0.0	0.0	0.00353933	0.0	0.000362727	0.0	0.0	0.000329752	3.29752e-05	0.0	2.19834e-05	1.09917e-05	1.09917e-05	0.000153884	0.0	2.19834e-05	0.0	0.0	0.0	1.09917e-05	0.0	0.0	0.0	0.0	0.0	0.0	0.0	0.0	0.0	0.0	0.0	0.0	0.0	4.39669e-05	0.027490300000000002	0.0	0.0	0.0	0.0	0.0	6.59503e-05	0.0	2.19834e-05	2.19834e-05	7.69421e-05	2.19834e-05	0.0	0.0	2.19834e-05	0.0	0.0	0.0	0.0	0.0	4.39669e-05	0.0	0.0	0.0	0.000197851	0.0	0.0	0.0	0.0	0.0	0.00253909	0.0	0.0	0.0	0.0	0.0	0.0	0.0	0.0370751	0.0	0.0	0.0	0.0	0.0	0.0	0.0	0.000142892	0.0	0.0	0.000274793	6.59503e-05	1.09917e-05	0.0130142	0.0	1.09917e-05	0.0	0.0	2.19834e-05	0.0	0.0	0.0	0.0	0.0	0.0	0.0	0.0	0.0	5.4958600000000006e-05	0.0	0.0	7.69421e-05	0.0	0.000208843	1.09917e-05	0.000967271	4.39669e-05	1.09917e-05	2.19834e-05	3.29752e-05	5.4958600000000006e-05	5.4958600000000006e-05	0.0	0.0	0.0	1.09917e-05	0.0	0.0	0.0100135	0.0	0.0	0.0	1.09917e-05	0.0	0.0	0.0	0.0	6.59503e-05	0.0	0.0	0.0	0.000164876
Hte-ATic_060-Ex1-cssl	0.00872207	0.004867509999999999	0.00506472	0.00024203100000000003	0.0	0.0	0.0	0.0	8.96411e-06	0.0	0.0	0.0	2.6892299999999997e-05	0.0018107499999999999	2.6892299999999997e-05	8.96411e-06	1.79282e-05	0.0033973999999999996	0.0	0.00044820499999999997	0.0	0.0	0.00017928199999999998	1.79282e-05	0.0	3.58564e-05	0.0	0.0	8.067690000000001e-05	0.0	8.96411e-06	0.0	0.0	0.0	8.96411e-06	0.0	0.0	0.0	0.0	0.0	0.0	0.0	0.0	0.0	0.0	0.0	0.0	0.0	0.0	0.027259799999999997	0.0	0.0	0.0	0.0	0.0	1.79282e-05	0.0	3.58564e-05	0.0	3.58564e-05	0.0	0.0	0.0	8.96411e-06	0.0	0.0	0.0	0.0	0.0	6.27487e-05	0.0	0.0	0.0	0.000206174	0.0	0.0	0.0	0.0	1.79282e-05	0.0025637299999999997	0.0	0.0	0.0	0.0	0.0	0.0	0.0	0.036340500000000005	0.0	0.0	0.0	0.0	0.0	0.0	0.0	0.00015239	0.0	0.0	0.000170318	1.79282e-05	0.0	0.0131772	0.0	0.0	0.0	0.0	0.0	0.0	0.0	0.0	0.0	0.0	0.0	0.0	1.79282e-05	0.0	2.6892299999999997e-05	0.0	8.96411e-06	7.17128e-05	8.96411e-06	0.000215139	8.96411e-06	0.000923303	1.79282e-05	0.0	0.0	0.0	2.6892299999999997e-05	1.79282e-05	0.0	0.0	0.0	0.0	0.0	0.0	0.0100757	0.0	0.0	0.0	0.0	0.0	0.0	0.0	0.0	8.067690000000001e-05	0.0	0.0	0.0	7.17128e-05
Hte-ATic_061-Ex1-cssl	0.008294029999999999	0.00457001	0.00519206	0.00021564499999999999	0.0	0.0	0.0	0.0	0.0	0.0	0.0	0.0	2.48821e-05	0.0017583300000000002	3.3176099999999996e-05	0.0	3.3176099999999996e-05	0.00336738	0.0	0.000414701	0.0	0.0	0.000298585	8.294030000000001e-06	0.0	9.12343e-05	0.0	0.0	8.294030000000001e-05	0.0	8.294030000000001e-06	0.0	0.0	0.0	8.294030000000001e-06	0.0	0.0	0.0	0.0	0.0	0.0	0.0	0.0	0.0	0.0	0.0	0.0	0.0	0.0	0.0279094	0.0	0.0	0.0	0.0	0.0	3.3176099999999996e-05	0.0	2.48821e-05	0.0	4.97642e-05	0.0	0.0	0.0	1.65881e-05	0.0	0.0	0.0	0.0	0.0	5.8058200000000006e-05	0.0	0.0	0.0	0.00022393899999999998	0.0	0.0	0.0	0.0	2.48821e-05	0.0025296800000000003	0.0	0.0	0.0	0.0	0.0	0.0	0.0	0.0372236	0.0	0.0	0.0	0.0	0.0	0.0	0.0	9.95283e-05	0.0	0.0	0.00019905700000000002	5.8058200000000006e-05	0.0	0.013245600000000001	0.0	8.294030000000001e-06	0.0	0.0	0.0	0.0	0.0	0.0	0.0	0.0	0.0	0.0	0.0	0.0	3.3176099999999996e-05	0.0	1.65881e-05	9.12343e-05	8.294030000000001e-06	0.00021564499999999999	0.0	0.000879167	1.65881e-05	0.0	8.294030000000001e-06	4.14701e-05	2.48821e-05	3.3176099999999996e-05	0.0	0.0	0.0	0.0	0.0	1.65881e-05	0.0101104	0.0	0.0	0.0	8.294030000000001e-06	0.0	0.0	0.0	0.0	4.97642e-05	0.0	0.0	0.0	0.000132704
Hte-ATic_062-Ex1-cssl	0.00828715	0.00545348	0.00573417	0.00014702999999999998	0.0	0.0	0.0	0.0	0.0	0.0	0.0	0.0	2.6732700000000002e-05	0.00165743	6.68319e-05	0.0	1.33664e-05	0.0033282299999999997	0.0	0.000481189	0.0	0.0	0.000160396	1.33664e-05	0.0	4.0099100000000004e-05	0.0	0.0	9.35646e-05	0.0	2.6732700000000002e-05	0.0	0.0	0.0	4.0099100000000004e-05	0.0	2.6732700000000002e-05	0.0	0.0	0.0	0.0	0.0	0.0	0.0	0.0	0.0	0.0	0.0	2.6732700000000002e-05	0.026224799999999996	0.0	0.0	0.0	0.0	0.0	4.0099100000000004e-05	0.0	1.33664e-05	0.0	8.019820000000001e-05	0.0	0.0	0.0	4.0099100000000004e-05	0.0	0.0	0.0	0.0	0.0	4.0099100000000004e-05	0.0	0.0	0.0	0.000160396	0.0	0.0	0.0	0.0	1.33664e-05	0.0025797100000000002	0.0	0.0	0.0	0.0	0.0	0.0	0.0	0.0351135	0.0	0.0	0.0	0.0	0.0	0.0	0.0	0.000106931	0.0	0.0	0.00014702999999999998	1.33664e-05	0.0	0.012805	0.0	0.0	0.0	0.0	0.0	0.0	0.0	0.0	0.0	0.0	0.0	0.0	0.0	0.0	4.0099100000000004e-05	0.0	1.33664e-05	5.34655e-05	0.0	0.000173763	1.33664e-05	0.000681685	6.68319e-05	0.0	1.33664e-05	1.33664e-05	4.0099100000000004e-05	5.34655e-05	0.0	0.0	0.0	0.0	0.0	0.0	0.00993122	0.0	0.0	0.0	0.0	0.0	0.0	0.0	0.0	5.34655e-05	0.0	0.0	0.0	0.000133664
Hte-ATic_063-Ex1-cssl	0.008007189999999999	0.00519078	0.00538023	0.000138926	0.0	0.0	0.0	0.0	1.26296e-05	0.0	0.0	0.0	0.0	0.0017050000000000001	6.31482e-05	0.0	2.52593e-05	0.0036499699999999998	0.0	0.000568334	0.0	0.0	0.00025259299999999996	0.0	0.0	2.52593e-05	1.26296e-05	1.26296e-05	6.31482e-05	0.0	1.26296e-05	0.0	0.0	0.0	0.0	0.0	0.0	0.0	0.0	0.0	0.0	0.0	0.0	0.0	0.0	0.0	0.0	0.0	0.0	0.0277473	0.0	0.0	0.0	0.0	0.0	2.52593e-05	0.0	3.78889e-05	0.0	0.0	2.52593e-05	0.0	0.0	0.0	0.0	0.0	0.0	0.0	0.0	8.84075e-05	0.0	0.0	0.0	0.000239963	0.0	0.0	0.0	0.0	1.26296e-05	0.00269011	0.0	0.0	0.0	0.0	0.0	0.0	0.0	0.036550200000000005	0.0	0.0	0.0	0.0	0.0	0.0	0.0	0.000151556	0.0	0.0	0.000176815	0.0	0.0	0.013336899999999999	0.0	0.0	0.0	0.0	1.26296e-05	0.0	0.0	0.0	0.0	0.0	0.0	0.0	1.26296e-05	0.0	0.0	0.0	0.0	0.000126296	0.0	0.00022733400000000002	0.0	0.0008335559999999999	3.78889e-05	0.0	1.26296e-05	0.0	2.52593e-05	1.26296e-05	0.0	0.0	0.0	0.0	1.26296e-05	0.0	0.010432100000000001	0.0	0.0	0.0	0.0	0.0	0.0	0.0	0.0	7.57778e-05	0.0	0.0	0.0	0.000138926
