Sample	1	2	3	4	5	6	7	8	9	10	11	12	13	14	15	16	17	18	19	20	21	22	23	24	25	26	27	28	29	30	31	32	33	34	35	36	37	38	39	40	41	42	43	44	45	46	47	48	49	50	51	52	53	54	55	56	57	58	59	60	61	62	63	64	65	66	67	68	69	70	71	72	73	74	75	76	77	78	79	80	81	82	83	84	85	86	87	88	89	90	91	92	93	94	95	96	97	98	99	100	101	102	103	104	105	106	107	108	109	110	111	112	113	114	115	116	117	118	119	120	121	122	123	124	125	126	127	128	129	130	131	132	133	134	135	136	137	138	139	140	141	142	143	144	145	146	147	148	149	150
Ssp-AAtu_005-Ex1-cssl.clmp.r1r2_fastp	0.0	0.000645224	0.015808	0.0	0.0	0.0	0.0	0.0	0.0	0.0	0.0	0.0	0.0	0.0	0.0	0.0	0.0	0.0	0.0	0.0	0.0	0.0	0.0	0.0	0.0	0.0	0.0	0.0	0.0	0.0	0.0	0.0	0.0	0.0	0.0	0.0	0.0	0.0	0.0	0.0	0.0	0.0	0.0	0.0	0.0	0.0	0.0	0.0	0.0	0.0	0.0	0.0	0.0	0.0	0.0	0.0	0.0	0.0	0.0	0.0	0.0	0.0	0.0	0.0	0.0	0.0	0.0	0.0	0.0	0.0	0.0	0.0	0.0	0.0	0.0	0.0	0.0	0.0	0.0	0.0	0.0	0.0	0.0	0.0	0.0	0.0	0.0	0.0	0.0	0.0	0.0	0.0	0.0	0.0	0.0	0.0	0.0	0.0	0.0	0.0	0.0	0.0	0.0	0.0	0.0	0.0	0.0	0.0	0.0	0.0	0.0	0.0	0.0	0.0	0.0	0.0	0.0	0.0	0.0	0.0	0.0	0.0	0.0	0.0	0.0	0.0	0.0	0.0	0.0	0.0	0.0	0.0	0.0	0.0	0.0	0.0	0.0	0.0	0.0	0.0	0.0	0.0	0.0	0.0	0.0	0.0	0.0	0.0	0.0	0.0
Ssp-AAtu_006-Ex1-cssl.clmp.r1r2_fastp	0.0	0.00162565	0.018424000000000003	0.0	0.0	0.0	0.0	0.0	0.0	0.0	0.0	0.0	0.0	0.0	0.0	0.0	0.0	0.0	0.0	0.0	0.0	0.0	0.0	0.0	0.0	0.0	0.0	0.0	0.0	0.0	0.0	0.0	0.0	0.0	0.0	0.0	0.0	0.0	0.0	0.0	0.0	0.0	0.0	0.0	0.0	0.0	0.0	0.0	0.0	0.0	0.0	0.0	0.0	0.0	0.0	0.0	0.0	0.0	0.0	0.0	0.0	0.0	0.0	0.0	0.0	0.0	0.0	0.0	0.0	0.0	0.0	0.0	0.0	0.0	0.0	0.0	0.0	0.0	0.0	0.0	0.0	0.0	0.0	0.0	0.0	0.0	0.0	0.0	0.0	0.0	0.0	0.0	0.0	0.0	0.0	0.0	0.0	0.0	0.0	0.0	0.0	0.0	0.0	0.0	0.0	0.0	0.0	0.0	0.0	0.0	0.0	0.0	0.0	0.0	0.0	0.0	0.0	0.0	0.0	0.0	0.0	0.0	0.0	0.0	0.0	0.0	0.0	0.0	0.0	0.0	0.0	0.0	0.0	0.0	0.0	0.0	0.0	0.0	0.0	0.0	0.0	0.0	0.0	0.0	0.0	0.0	0.0	0.0	0.0	0.0
Ssp-AAtu_007-Ex1-cssl.clmp.r1r2_fastp	0.0	0.00186189	0.0242045	0.0	0.0	0.0	0.0	0.0	0.0	0.0	0.0	0.0	0.0	0.0	0.0	0.0	0.0	0.0	0.000465471	0.0	0.0	0.0	0.0	0.0	0.0	0.0	0.0	0.0	0.0	0.0	0.0	0.0	0.0	0.0	0.0	0.0	0.0	0.0	0.0	0.0	0.0	0.0	0.0	0.0	0.0	0.0	0.0	0.0	0.0	0.0	0.0	0.0	0.0	0.0	0.0	0.0	0.0	0.0	0.0	0.0	0.0	0.0	0.0	0.000479494	0.0	0.0	0.0	0.0	0.0	0.0	0.0	0.0	0.0	0.0	0.0	0.0	0.0	0.0	0.0	0.0	0.0	0.0	0.0	0.0	0.0	0.0	0.0	0.0	0.0	0.0	0.0	0.0	0.0	0.0	0.0	0.0	0.0	0.0	0.0	0.0	0.0	0.0	0.0	0.0	0.0	0.0	0.0	0.0	0.0	0.0	0.0	0.0	0.0	0.0	0.0	0.0	0.0	0.0	0.0	0.0	0.000760156	0.0	0.0	0.0	0.0	0.0	0.0	0.0	0.0	0.0	0.0	0.0	0.0	0.0	0.0	0.0	0.0	0.0	0.0	0.0	0.0	0.0	0.0	0.0	0.0010222200000000001	0.0	0.0	0.0	0.0	0.0
Ssp-AAtu_008-Ex1-cssl.clmp.r1r2_fastp	0.0	0.00120609	0.011156300000000001	0.0	0.0	0.0	0.0	0.0	0.0	0.0	0.0	0.0	0.0	0.0	0.0	0.0	0.0	0.0	0.000301523	0.0	0.0	0.0	0.0	0.0	0.0	0.0	0.0	0.0	0.0	0.0	0.0	0.0	0.0	0.0	0.0	0.0	0.0	0.0	0.0	0.0	0.0	0.0	0.0	0.0	0.0	0.0	0.0	0.0	0.0	0.0	0.0	0.0	0.0	0.0	0.0	0.0	0.0	0.0	0.0	0.0	0.0	0.0	0.0	0.0	0.0	0.0	0.0	0.0	0.0	0.0	0.0	0.0	0.0	0.0	0.0	0.0	0.0	0.0	0.0	0.0	0.00037374099999999997	0.0	0.0	0.0	0.0	0.0	0.0	0.0	0.0	0.0	0.0	0.0	0.0	0.0	0.0	0.0	0.0	0.0	0.0	0.0	0.0	0.0	0.0	0.0	0.0	0.0	0.0	0.0	0.0	0.0	0.0	0.0	0.0	0.0	0.0	0.0	0.0	0.0	0.0	0.0	0.0	0.0	0.0	0.0	0.0	0.0	0.0	0.0	0.0	0.0	0.0	0.0	0.0	0.0	0.0	0.0	0.0	0.0	0.0	0.0	0.0	0.0	0.0	0.0	0.0017333399999999999	0.0	0.0	0.0	0.0	0.0
Ssp-AAtu_009-Ex1-cssl.clmp.r1r2_fastp	0.0	0.00065498	0.0172478	0.0	0.0	0.0	0.0	0.0	0.0	0.0	0.0	0.0	0.0	0.0	0.0	0.0	0.0	0.0	0.0	0.0	0.0	0.0	0.0	0.0	0.0	0.0	0.0	0.0	0.0	0.0	0.0	0.0	0.0	0.0	0.0	0.0	0.0	0.0	0.0	0.0	0.0	0.0	0.0	0.0	0.0	0.0	0.0	0.0	0.0	0.0	0.0	0.0	0.0	0.0	0.0	0.0	0.0	0.0	0.0	0.0	0.0	0.0	0.0	0.0	0.0	0.0	0.0	0.0	0.0	0.0	0.0	0.0	0.0	0.0	0.0	0.0	0.0	0.0	0.0	0.0	0.0	0.0	0.0	0.000278055	0.00028260000000000004	0.0	0.0	0.0	0.0	0.0	0.0	0.0	0.0	0.0	0.0	0.00034393199999999997	0.0010522399999999999	0.0	0.0	0.0	0.0	0.0	0.0	0.0	0.0	0.0	0.0	0.0	0.0	0.0	0.0	0.0	0.0	0.0	0.0	0.0	0.0	0.0	0.0	0.0	0.000593102	0.0	0.0	0.0	0.0	0.0	0.0	0.0	0.0	0.0	0.0	0.0	0.0	0.0	0.0	0.0	0.0	0.0	0.0	0.0	0.0	0.0	0.0	0.0	0.0	0.0	0.0	0.0	0.0	0.0
Ssp-AAtu_011-Ex1-cssl.clmp.r1r2_fastp	0.0	0.0016310699999999999	0.0217476	0.0	0.0	0.0	0.0	0.0	0.0	0.0	0.0	0.0	0.0	0.0	0.0	0.0	0.0	0.0	0.000543691	0.0	0.0	0.0	0.0	0.0	0.0	0.0	0.0	0.0	0.0	0.000543691	0.0	0.0	0.0	0.0	0.0	0.0	0.0	0.0	0.0	0.0	0.0	0.0	0.0	0.0	0.0	0.0	0.0	0.0	0.0	0.0	0.0	0.0	0.0	0.0	0.0	0.0	0.0	0.0	0.0	0.0	0.0	0.0	0.0	0.0	0.0	0.0	0.0	0.0	0.0	0.0	0.0	0.0	0.0	0.0	0.0	0.0	0.0	0.0	0.0	0.0	0.000611124	0.0	0.0	0.0	0.000631054	0.0	0.0	0.0	0.0	0.0	0.0	0.0	0.0	0.0	0.0	0.0	0.000710737	0.0	0.0	0.0	0.0	0.0	0.0	0.0	0.0	0.0	0.0	0.0	0.0	0.0	0.0	0.0	0.0	0.0	0.0	0.0	0.0	0.0	0.0	0.0	0.0	0.0	0.0	0.0	0.0	0.0	0.0	0.0	0.0	0.0	0.0	0.0	0.0	0.0	0.0	0.0	0.0	0.0	0.0	0.0	0.0	0.0	0.0	0.0	0.0	0.0	0.0	0.0	0.0	0.0
Ssp-AAtu_012-Ex1-cssl.clmp.r1r2_fastp	0.0	0.0009704029999999999	0.0262009	0.0	0.0	0.0	0.0	0.0	0.0	0.0	0.0	0.0	0.0	0.0	0.0	0.0	0.0	0.0	0.0	0.0	0.0	0.0	0.0	0.0	0.0	0.0	0.0	0.0	0.0	0.0	0.0	0.0	0.0	0.0	0.0	0.0	0.0	0.0	0.0	0.0	0.0	0.0	0.0	0.0	0.0	0.0	0.0	0.0	0.0	0.0	0.0	0.0	0.0	0.0	0.000493686	0.0	0.0	0.0	0.0	0.0	0.0	0.0	0.0	0.0	0.0	0.0	0.0	0.0	0.0	0.0	0.0	0.0	0.0	0.0	0.0	0.0	0.0	0.0	0.0	0.0	0.0	0.0	0.0	0.0	0.000563301	0.0	0.0	0.0	0.0	0.0	0.0	0.0	0.0	0.0	0.0	0.0	0.0	0.0	0.0	0.0	0.0	0.0	0.0	0.0	0.0	0.0	0.0	0.0	0.0	0.0	0.0	0.0	0.0	0.0	0.0	0.0	0.0	0.0	0.0	0.0	0.000860222	0.0	0.0	0.0	0.0	0.0	0.0	0.0	0.0	0.0	0.0	0.0	0.0	0.0	0.0	0.0	0.0	0.0	0.0	0.0	0.0	0.0	0.0	0.0	0.0	0.0	0.0	0.0	0.0	0.0
Ssp-AAtu_013-Ex1-cssl.clmp.r1r2_fastp	0.0	0.0020868799999999997	0.0173907	0.0	0.0	0.0	0.0	0.0	0.0	0.0	0.0	0.0	0.0	0.0	0.0	0.0	0.0	0.0	0.0	0.0	0.0	0.0	0.0	0.0	0.0	0.0	0.0	0.0	0.0	0.0	0.0	0.0	0.0	0.0	0.0	0.0	0.0	0.0	0.0	0.0	0.0	0.0	0.0	0.0	0.0	0.0	0.00023547300000000001	0.0	0.0	0.0	0.0	0.0	0.0	0.0	0.0	0.0	0.0	0.0	0.0	0.0	0.0	0.0	0.0	0.0	0.0	0.0	0.0	0.0	0.0	0.0	0.0	0.0	0.0	0.0	0.0	0.0	0.0	0.0	0.0	0.0	0.0	0.0	0.0	0.0	0.0	0.0	0.0	0.0	0.0	0.0	0.0	0.0	0.0	0.0	0.0	0.0	0.0	0.0	0.0	0.0	0.0	0.0	0.0	0.0	0.0	0.0	0.0	0.0	0.0	0.0	0.0	0.0	0.0	0.0	0.0	0.0	0.0	0.0	0.0	0.0	0.0	0.0	0.0	0.0	0.0	0.0	0.0	0.0	0.0	0.0	0.0	0.0	0.0	0.00076393	0.00078303	0.0	0.0	0.0	0.0	0.0	0.0	0.0	0.0	0.0	0.0	0.0	0.0	0.0	0.0	0.0
Ssp-AAtu_014-Ex1-cssl.clmp.r1r2_fastp	0.0	0.0009041059999999999	0.025315	0.0	0.0	0.0	0.0	0.0	0.0	0.0	0.0	0.0	0.0	0.0	0.0	0.0	0.0	0.0	0.0	0.0	0.0	0.0	0.0	0.0	0.0	0.0	0.0	0.0	0.0	0.0	0.0	0.0	0.0	0.0	0.0	0.0	0.0	0.0	0.0	0.0	0.0	0.0	0.0	0.0	0.0	0.0	0.0	0.0	0.0	0.0	0.0	0.0	0.0	0.0	0.0	0.0	0.0	0.0	0.0	0.0	0.0	0.0	0.0	0.0	0.0	0.0	0.0	0.0	0.0	0.0	0.0	0.0	0.0	0.0	0.0	0.0	0.0	0.0	0.0	0.0	0.0	0.0	0.0	0.0	0.0	0.0	0.0	0.0	0.0	0.0	0.0	0.0	0.0	0.0	0.0	0.0	0.000598691	0.0	0.0	0.0	0.0	0.0	0.0	0.0	0.0	0.0	0.0	0.0	0.0	0.0	0.0	0.0	0.0	0.0	0.0	0.0	0.0	0.0	0.0	0.0	0.0008147370000000001	0.0	0.0	0.0	0.0	0.0	0.0	0.0	0.0	0.0	0.0	0.0	0.0	0.0	0.0	0.0	0.0	0.0	0.0	0.0	0.0	0.0	0.0	0.0	0.00115958	0.0	0.0	0.0	0.0	0.0
Ssp-AAtu_015-Ex1-cssl.clmp.r1r2_fastp	0.0	0.000653826	0.015038000000000001	0.0	0.0	0.0	0.0	0.0	0.0	0.0	0.0	0.0	0.0	0.0	0.0	0.0	0.0	0.0	0.0	0.0	0.0	0.0	0.0	0.0	0.0	0.0	0.0	0.0	0.0	0.0	0.0	0.0	0.0	0.0	0.0	0.0	0.0	0.0	0.0	0.0	0.0	0.0	0.0	0.0	0.0	0.0	0.000661096	0.0	0.0	0.0	0.0	0.0	0.0	0.0	0.0	0.0	0.0	0.0	0.0	0.0	0.0	0.0	0.0	0.000678421	0.0	0.0	0.0	0.0	0.0	0.0	0.0	0.0	0.0	0.0	0.0	0.0	0.0	0.0	0.0	0.0	0.0	0.0	0.0	0.0	0.0	0.0	0.0	0.000803936	0.0	0.0	0.0	0.0	0.0	0.0	0.0	0.0	0.0	0.0	0.0	0.0	0.0	0.0	0.0	0.0	0.0	0.0	0.0	0.0	0.0	0.0	0.0	0.0	0.0	0.0	0.0	0.0	0.0	0.0	0.0	0.0	0.0	0.0	0.0	0.0	0.0	0.0	0.0	0.0	0.0	0.0	0.0	0.0	0.0	0.0	0.0	0.0	0.0	0.0	0.0	0.0	0.0	0.0	0.0	0.0	0.0	0.0	0.0	0.0	0.0	0.0
Ssp-AAtu_016-Ex1-cssl.clmp.r1r2_fastp	0.0	0.00258516	0.0189578	0.0	0.0	0.0	0.0	0.0	0.0	0.0	0.0	0.0	0.0	0.0	0.0	0.0	0.0	0.0	0.0	0.0	0.0	0.0	0.0	0.0	0.0	0.0	0.0	0.0	0.0	0.0	0.0	0.0	0.0	0.0	0.0	0.0	0.0	0.0	0.0	0.0	0.0	0.0	0.0	0.0	0.0	0.0	0.0	0.0	0.0	0.0	0.0	0.0	0.0	0.0	0.0	0.0	0.0	0.0	0.0	0.0	0.0	0.0	0.0	0.0	0.0	0.0	0.0	0.0	0.0	0.0	0.0	0.0	0.0	0.0	0.0	0.0	0.0	0.0	0.0	0.0	0.0	0.0	0.0	0.0	0.0	0.0	0.0	0.0	0.0	0.0	0.0	0.0	0.0	0.0	0.0	0.0	0.0	0.0	0.0	0.0	0.0	0.0	0.0	0.0	0.0	0.0	0.0	0.0	0.0	0.0	0.0	0.0	0.0	0.0	0.0	0.0	0.0	0.0	0.0	0.0	0.0	0.0	0.0	0.0	0.0	0.0	0.0	0.0	0.0	0.0	0.0	0.0	0.0	0.0	0.0	0.0	0.0	0.0	0.0	0.0	0.0	0.0	0.0	0.0	0.0	0.0	0.0	0.0	0.0	0.0
Ssp-AAtu_017-Ex1-cssl.clmp.r1r2_fastp	0.0	0.00211766	0.0254119	0.0	0.0	0.0	0.0	0.0	0.0	0.0	0.0	0.0	0.0	0.0	0.0	0.0	0.0	0.0	0.000529414	0.0	0.0	0.0	0.0	0.0	0.0	0.0	0.0	0.0	0.0	0.0	0.0	0.0	0.0	0.0	0.0	0.0	0.0	0.0	0.0	0.0	0.0	0.0	0.0	0.0	0.0	0.0	0.0	0.0	0.0	0.0	0.0	0.0	0.0	0.0	0.0	0.0	0.0	0.0	0.0	0.0	0.0	0.0	0.0	0.0	0.0	0.0	0.0	0.0	0.0	0.0	0.0	0.0	0.0	0.0	0.0	0.0	0.0	0.0	0.0	0.0	0.0	0.0	0.0	0.0	0.0	0.0	0.0	0.0	0.0	0.0	0.0	0.0	0.0	0.0	0.0	0.0	0.0	0.0	0.0	0.0	0.0	0.0	0.0	0.0	0.0	0.0	0.0	0.0	0.0	0.0	0.0	0.0	0.0	0.0	0.0	0.0	0.0	0.0	0.0	0.0	0.0	0.0	0.0	0.0	0.0	0.0	0.0	0.0	0.0	0.0	0.0	0.0	0.0	0.0	0.0	0.0	0.0	0.0	0.0	0.0	0.0	0.0	0.0	0.0	0.0	0.0	0.0	0.0	0.0	0.0
Ssp-AAtu_018-Ex1-cssl.clmp.r1r2_fastp	0.0	0.00168315	0.022442	0.0	0.0	0.0	0.0	0.0	0.0	0.0	0.0	0.0	0.0	0.0	0.0	0.0	0.0	0.0	0.0	0.0	0.0	0.0	0.0	0.0	0.0	0.0	0.0	0.0	0.0	0.0	0.0	0.0	0.0	0.0	0.0	0.0	0.0	0.0	0.0	0.0	0.0	0.0	0.0	0.0	0.0	0.0	0.0	0.0	0.0	0.0	0.0	0.0	0.0	0.0	0.0	0.0	0.0	0.0	0.0	0.0	0.0	0.0	0.0	0.0	0.0	0.0	0.0	0.0	0.0	0.0	0.0	0.0	0.0	0.0	0.0	0.0	0.0	0.0	0.0	0.0	0.0	0.0	0.0	0.0	0.0	0.0	0.0	0.000657562	0.0	0.0	0.0	0.0	0.0	0.0	0.0	0.0	0.0	0.0	0.0	0.0	0.0	0.0	0.0	0.0	0.0	0.0	0.0	0.0	0.0	0.0	0.0	0.0	0.0	0.0	0.0	0.0	0.0	0.0	0.0	0.0	0.000950995	0.0	0.0	0.0	0.0	0.0	0.0	0.0	0.0	0.0	0.0	0.0	0.0	0.0	0.0	0.0	0.0	0.0	0.0	0.0	0.0	0.0	0.0	0.0	0.0	0.0	0.0	0.0	0.0	0.0
Ssp-AAtu_019-Ex1-cssl.clmp.r1r2_fastp	0.0	0.00119769	0.0173665	0.0	0.0	0.0	0.0	0.0	0.0	0.0	0.0	0.0	0.0	0.0	0.0	0.0	0.0	0.0	0.0	0.0	0.0	0.0	0.0	0.0	0.0	0.0	0.0	0.0	0.0	0.0	0.0	0.0	0.0	0.0	0.0	0.0	0.0	0.0	0.0	0.0	0.0	0.0	0.0	0.0	0.0	0.0	0.0	0.0	0.0	0.0	0.0	0.0	0.0	0.0	0.0	0.0	0.0	0.0	0.0	0.0	0.0	0.0	0.0	0.0	0.0	0.0	0.0	0.0	0.0	0.0	0.0	0.0	0.0	0.0	0.0	0.0	0.0	0.0	0.0	0.0	0.0	0.0	0.0	0.0	0.0	0.0	0.00040198699999999997	0.00040871399999999996	0.0	0.0	0.0	0.0	0.0	0.0	0.0	0.0	0.0	0.0	0.0	0.0	0.0	0.0	0.0	0.0	0.0	0.0	0.0	0.0	0.0	0.0	0.0	0.0	0.0	0.0	0.0	0.0	0.0	0.0	0.0	0.0	0.0	0.0	0.0	0.0	0.0	0.0	0.0	0.0	0.0	0.0	0.0	0.0	0.0	0.0	0.0	0.0	0.0	0.0	0.0	0.0	0.0	0.0	0.0	0.0	0.0	0.0	0.0	0.0	0.0	0.0
Ssp-AAtu_020-Ex1-cssl.clmp.r1r2_fastp	0.0	0.000470073	0.016452500000000002	0.0	0.0	0.0	0.0	0.0	0.0	0.0	0.0	0.0	0.0	0.0	0.0	0.0	0.0	0.0	0.0	0.0	0.0	0.0	0.0	0.0	0.0	0.0	0.0	0.0	0.0	0.0	0.0	0.0	0.0	0.0	0.0	0.0	0.0	0.0	0.0	0.0	0.0	0.0	0.0	0.0	0.0	0.0	0.0	0.0	0.0	0.0	0.0	0.0	0.0	0.0	0.0	0.0	0.0	0.0	0.0	0.0	0.0	0.0	0.0	0.0	0.0	0.0	0.0	0.0	0.0	0.0	0.0	0.0	0.0	0.0	0.0	0.0	0.0	0.0	0.0	0.0	0.0	0.0	0.0	0.0	0.0	0.0	0.0	0.0	0.0	0.0	0.0	0.0	0.0	0.0	0.0	0.0	0.0	0.0	0.0	0.0	0.0	0.0	0.0	0.0	0.0	0.0	0.0	0.0	0.0	0.0	0.0	0.0	0.0	0.0	0.0	0.0	0.0	0.0	0.0	0.0	0.0	0.0	0.0	0.0	0.0	0.0	0.0	0.0	0.0	0.0	0.0	0.0	0.0	0.0	0.0	0.0	0.0	0.0	0.0	0.0	0.0	0.0	0.0	0.0	0.0	0.0	0.0	0.0	0.0	0.0
Ssp-AAtu_021-Ex1-cssl.clmp.r1r2_fastp	0.0	0.00138186	0.020728	0.0	0.0	0.0	0.0	0.0	0.0	0.0	0.0	0.0	0.0	0.0	0.0	0.0	0.0	0.0	0.0	0.0	0.0	0.0	0.0	0.0	0.0	0.0	0.0	0.0	0.0	0.0	0.0	0.0	0.0	0.0	0.0	0.0	0.0	0.0	0.0	0.0	0.0	0.0	0.0	0.0	0.0	0.0	0.0	0.0	0.0	0.0	0.0	0.0	0.0	0.0	0.0	0.0	0.0	0.0	0.0	0.0	0.0	0.0	0.0	0.0	0.0	0.0	0.0	0.0	0.0	0.0	0.0	0.0	0.0	0.0	0.0	0.0	0.0	0.0	0.0	0.0	0.0	0.0	0.0	0.0	0.0	0.0	0.0	0.0	0.0	0.0	0.0	0.0	0.0	0.0	0.0	0.0	0.0	0.0	0.0	0.0	0.0	0.0	0.0	0.0	0.0	0.0	0.0	0.0	0.0	0.0	0.0	0.0	0.0	0.0	0.0	0.0	0.0	0.0	0.0	0.0	0.0	0.0	0.0	0.0	0.0	0.0	0.0	0.0	0.0	0.0	0.0	0.0	0.0	0.0	0.0	0.0	0.0	0.0	0.0	0.0	0.0	0.0	0.0	0.0	0.0	0.0	0.0	0.0	0.0	0.0
Ssp-AAtu_022-Ex1-cssl.clmp.r1r2_fastp	0.0	0.00135144	0.025677399999999996	0.0	0.0	0.0	0.0	0.0	0.0	0.0	0.0	0.0	0.0	0.0	0.0	0.0	0.0	0.0	0.0	0.0	0.0	0.0	0.0	0.0	0.0	0.0	0.0	0.0	0.0	0.0	0.0	0.0	0.0	0.0	0.0	0.0	0.0	0.0	0.0	0.0	0.0	0.0	0.0	0.0	0.0	0.0	0.0	0.0	0.0	0.0	0.0	0.0	0.0	0.00045660799999999995	0.0	0.0	0.0	0.0	0.0	0.0	0.0	0.0	0.0	0.0	0.0	0.0	0.0	0.0	0.0	0.0	0.0	0.0	0.0	0.0	0.0	0.0	0.0	0.0	0.0	0.0	0.0	0.0	0.0	0.0	0.0	0.0	0.0	0.0	0.0	0.0	0.0	0.0	0.0	0.0	0.0	0.0	0.00054143	0.0	0.0	0.0	0.0	0.0	0.0	0.0	0.0	0.0	0.0	0.0	0.0	0.0	0.0	0.0	0.0	0.0	0.0	0.0	0.0	0.0	0.0	0.0	0.0	0.0	0.0	0.0	0.0	0.0	0.0	0.0	0.0	0.0	0.0	0.0	0.0	0.0	0.0	0.0	0.0	0.0	0.0	0.0	0.0	0.0	0.0	0.0	0.0	0.0	0.0	0.0	0.0	0.0
Ssp-AAtu_023-Ex1-cssl.clmp.r1r2_fastp	0.0	0.000951362	0.0190272	0.0	0.0	0.0	0.0	0.0	0.0	0.0	0.0	0.0	0.0	0.0	0.0	0.0	0.0	0.0	0.0	0.0	0.0	0.0	0.0	0.0	0.0	0.0	0.0	0.0	0.0	0.0	0.0	0.0	0.0	0.0	0.0	0.0	0.0	0.0	0.0	0.0	0.0	0.0	0.0	0.0	0.0	0.0	0.0	0.0	0.0	0.0	0.0	0.0	0.0	0.0	0.0	0.0	0.0	0.0	0.0	0.0	0.0	0.0	0.0	0.0	0.0	0.0	0.0	0.0	0.0	0.0	0.0	0.0	0.0	0.0	0.0	0.0	0.0	0.0	0.0	0.0	0.0	0.0	0.0	0.0	0.0	0.0	0.0	0.0	0.0	0.0	0.0	0.0	0.0	0.0	0.0	0.0	0.0	0.0	0.0	0.0	0.0	0.0	0.0	0.0	0.0	0.0	0.0	0.0	0.0	0.0	0.0	0.0	0.0	0.0	0.0	0.0	0.0	0.0	0.0	0.0	0.0	0.0	0.0	0.0	0.0	0.0	0.0	0.0	0.0	0.0	0.0	0.0	0.0	0.0	0.0	0.0	0.0	0.0	0.0	0.0	0.0	0.0	0.0	0.0	0.0	0.0	0.0	0.0	0.0	0.0
Ssp-AAtu_024-Ex1-cssl.clmp.r1r2_fastp	0.0	0.0009877970000000001	0.012512100000000002	0.0	0.0	0.0	0.0	0.0	0.0	0.0	0.0	0.0	0.0	0.0	0.0	0.0	0.0	0.0	0.0	0.0	0.0	0.0	0.0	0.0	0.0	0.0	0.0	0.0	0.0	0.0	0.0	0.0	0.0	0.0	0.0	0.0	0.0	0.0	0.0	0.0	0.0	0.0	0.0	0.0	0.0	0.0	0.0	0.0	0.0	0.0	0.0	0.0	0.0	0.0	0.0	0.0	0.0	0.0	0.0	0.0	0.0	0.0	0.0	0.0	0.0	0.0	0.0	0.0	0.0	0.0	0.0	0.0	0.0	0.0	0.0	0.0	0.0	0.0	0.0	0.0	0.000404437	0.0	0.0	0.0	0.000428256	0.0	0.0	0.0	0.0	0.0	0.0	0.0	0.0	0.0	0.0	0.0	0.0	0.0	0.0	0.0	0.0	0.0	0.0	0.0	0.0	0.0	0.0	0.0	0.0	0.0	0.0	0.0	0.0	0.0	0.0	0.0	0.0	0.0	0.0	0.0	0.00169658	0.0	0.0	0.0	0.0	0.0	0.0	0.0	0.0	0.0	0.0	0.0	0.0	0.0	0.0	0.0	0.0	0.0	0.0	0.0	0.0	0.0	0.0	0.0	0.00149535	0.0	0.0	0.0	0.0	0.0
Ssp-AAtu_025-Ex1-cssl.clmp.r1r2_fastp	0.0	0.0012309	0.0283107	0.0	0.0	0.0	0.0	0.0	0.0	0.0	0.0	0.0	0.0	0.0	0.0	0.0	0.0	0.0	0.0	0.0	0.0	0.0	0.0	0.0	0.0	0.0	0.0	0.0	0.0	0.0	0.0	0.0	0.0	0.0	0.0	0.0	0.0	0.0	0.0	0.0	0.0	0.0	0.0	0.0	0.0	0.0	0.0	0.0	0.0	0.0	0.0	0.0	0.0	0.0	0.0	0.0	0.0	0.0	0.0	0.0	0.0	0.0	0.0	0.0	0.0	0.0	0.0	0.0	0.0	0.0	0.0	0.0	0.0	0.0	0.0	0.0	0.0	0.0	0.0	0.0	0.0	0.0	0.0	0.0	0.0	0.0	0.0	0.000737403	0.0	0.0	0.0	0.0	0.0	0.0	0.0	0.0	0.0	0.0	0.0	0.0	0.0	0.0	0.0	0.0	0.0	0.0	0.0	0.0	0.0	0.0	0.0	0.0	0.0	0.0	0.0	0.0	0.0	0.0	0.0	0.0	0.00110525	0.0	0.0	0.0	0.0	0.0	0.0	0.0	0.0	0.0	0.0	0.0	0.0	0.0	0.0	0.0	0.0	0.0	0.0	0.0	0.0	0.0	0.0	0.0	0.0	0.0	0.0	0.0	0.0	0.0
Ssp-AAtu_026-Ex1-cssl.clmp.r1r2_fastp	0.0	0.000342649	0.0150765	0.0	0.0	0.0	0.0	0.0	0.0	0.0	0.0	0.0	0.0	0.0	0.0	0.0	0.0	0.0	0.0	0.0	0.0	0.0	0.0	0.0	0.0	0.0	0.0	0.0	0.0	0.0	0.0	0.0	0.0	0.0	0.0	0.0	0.0	0.0	0.0	0.0	0.0	0.0	0.0	0.0	0.0	0.0	0.0	0.0	0.0	0.0	0.0	0.0	0.0	0.0	0.0	0.0	0.0	0.0	0.0	0.0	0.0	0.0	0.0	0.0	0.0	0.0	0.0	0.0	0.0	0.0	0.0	0.0	0.0	0.0	0.0	0.0	0.0	0.0	0.0	0.0	0.00040609999999999995	0.0	0.0	0.0	0.000852184	0.0	0.0	0.0	0.0	0.0	0.0	0.0	0.0	0.0	0.0	0.0	0.001013	0.0	0.0	0.0	0.0	0.0	0.0	0.0	0.0	0.0	0.0	0.0	0.0	0.0	0.0	0.0	0.0	0.0	0.0	0.0	0.0	0.0	0.0	0.0	0.000776006	0.0	0.0	0.0	0.0	0.0	0.0	0.0	0.0	0.0	0.0	0.0	0.0	0.0	0.0	0.0	0.0	0.0	0.0	0.0	0.0	0.0	0.0	0.0	0.0012588	0.0	0.0	0.0	0.0	0.0
Ssp-AAtu_027-Ex1-cssl.clmp.r1r2_fastp	0.0	0.00163179	0.017133799999999998	0.0	0.0	0.0	0.0	0.0	0.0	0.0	0.0	0.0	0.0	0.0	0.0	0.0	0.0	0.0	0.0	0.0	0.0	0.0	0.0	0.0	0.0	0.0	0.0	0.0	0.0	0.0	0.0	0.0	0.0	0.0	0.0	0.0	0.0	0.0	0.0	0.0	0.0	0.0	0.0	0.0	0.0	0.0	0.0	0.0	0.0	0.0	0.0	0.0	0.0	0.0	0.0	0.0	0.0	0.0	0.0	0.0	0.0	0.0	0.0	0.0	0.0	0.0	0.0	0.0	0.0	0.0	0.0	0.0	0.0	0.0	0.0	0.0	0.0	0.0	0.0	0.0	0.0	0.0	0.0	0.0	0.0	0.0	0.000510472	0.0	0.0	0.0	0.0	0.0	0.0	0.0	0.0	0.0	0.0005854489999999999	0.0	0.0	0.0	0.0	0.0	0.0	0.0	0.0	0.0	0.000689688	0.0	0.0	0.0	0.0	0.0	0.0	0.0	0.0	0.0	0.0	0.0	0.0	0.0	0.0008988840000000001	0.0	0.0	0.0	0.0	0.0	0.0	0.0	0.0	0.0	0.0	0.0	0.0	0.0	0.0	0.0	0.0	0.0	0.0	0.0	0.0	0.0	0.0	0.0	0.00152117	0.0	0.0	0.0	0.0	0.0
Ssp-AAtu_029-Ex1-cssl.clmp.r1r2_fastp	0.0	0.00105713	0.0253712	0.0	0.0	0.0	0.0	0.0	0.0	0.0	0.0	0.0	0.0	0.0	0.0	0.0	0.0	0.0	0.0	0.0	0.0	0.0	0.0	0.0	0.0	0.0	0.0	0.0	0.0	0.0	0.0	0.0	0.0	0.0	0.0	0.0	0.0	0.0	0.0	0.0	0.0	0.0	0.0	0.0	0.0	0.0	0.0	0.0	0.0	0.0	0.0	0.0	0.0	0.0	0.0	0.0	0.0	0.0	0.0	0.0	0.0	0.0	0.0	0.0	0.0	0.0	0.0	0.0	0.0	0.0	0.0	0.000554459	0.0	0.0	0.0	0.0	0.0	0.0	0.0	0.0	0.0	0.000578366	0.0	0.0	0.0	0.0	0.0	0.0005980499999999999	0.0	0.0	0.0	0.0	0.0	0.0	0.0	0.0	0.000636266	0.0	0.0	0.0	0.0	0.0	0.0	0.0	0.0	0.0	0.000689707	0.0	0.0	0.0	0.0	0.0	0.0	0.0	0.0	0.0	0.0	0.0	0.0	0.0	0.0015803000000000002	0.0	0.0	0.0	0.0	0.0	0.0	0.0	0.0	0.0	0.0	0.0	0.0	0.0	0.0	0.0	0.0	0.0	0.0	0.0	0.0	0.0	0.0	0.0	0.00103603	0.0	0.0	0.0	0.0	0.0
Ssp-AAtu_030-Ex1-cssl.clmp.r1r2_fastp	0.0	0.000422706	0.022826100000000002	0.0	0.0	0.0	0.0	0.0	0.0	0.0	0.0	0.0	0.0	0.0	0.0	0.0	0.0	0.0	0.000422706	0.0	0.0	0.0	0.0	0.0	0.0	0.0	0.0	0.0	0.0	0.0	0.0	0.0	0.0	0.0	0.0	0.0	0.0	0.0	0.0	0.0	0.0	0.0	0.0	0.0	0.0	0.0	0.0	0.0	0.0	0.0	0.0	0.0	0.0	0.0	0.0	0.0	0.0	0.0	0.0	0.0	0.0	0.00043376	0.0	0.0	0.0	0.0	0.0	0.0	0.0	0.0	0.0	0.0	0.0	0.0	0.0	0.0	0.0	0.0	0.0	0.0	0.000477457	0.0	0.0	0.0	0.0	0.0	0.0	0.0	0.0	0.0	0.0	0.0	0.0	0.0	0.0	0.0	0.0	0.0	0.0	0.0	0.0	0.0	0.0	0.0	0.0	0.0	0.0	0.0	0.0	0.0	0.0	0.0	0.0	0.0	0.0	0.0	0.0	0.0	0.0	0.0	0.0	0.0	0.0	0.0	0.0	0.0	0.0	0.0	0.0	0.0	0.0	0.0	0.0	0.0	0.0	0.0	0.0	0.0	0.0	0.0	0.0	0.0	0.0	0.0	0.0	0.0	0.0	0.0	0.0	0.0
Ssp-AAtu_031-Ex1-cssl.clmp.r1r2_fastp	0.0	0.0015243799999999999	0.0223576	0.0	0.0	0.0	0.0	0.0	0.0	0.0	0.0	0.0	0.0	0.0	0.0	0.0	0.0	0.0	0.0	0.0	0.0	0.0	0.0	0.000508127	0.0	0.0	0.0	0.0	0.0	0.0	0.0	0.0	0.0	0.0	0.0	0.0	0.0	0.0	0.0	0.0	0.0	0.0	0.0	0.0	0.0	0.0	0.0	0.0	0.0	0.0	0.0	0.0	0.0	0.0	0.0	0.0	0.0	0.0	0.0	0.0	0.0	0.0	0.0	0.0	0.0	0.0	0.0	0.0	0.0	0.0	0.0	0.0	0.0	0.0	0.0	0.0	0.0	0.0	0.0	0.0	0.0	0.0	0.0	0.0	0.0	0.0	0.0	0.0	0.0	0.0	0.0	0.0	0.0	0.0	0.0	0.0	0.000757094	0.0	0.0	0.0	0.0	0.0	0.0	0.0	0.000864304	0.0	0.0	0.0	0.0	0.0	0.0	0.0	0.0	0.0	0.0	0.0	0.0	0.0	0.0	0.0	0.0	0.0	0.0	0.0	0.0	0.0	0.0	0.0	0.0	0.0	0.0	0.0	0.0	0.0	0.0	0.0	0.0	0.0	0.0	0.0	0.0	0.0	0.0	0.0	0.0	0.0	0.0	0.0	0.0	0.0
Ssp-AAtu_033-Ex1-cssl.clmp.r1r2_fastp	0.0	0.0	0.0163092	0.0	0.0	0.0	0.0	0.0	0.0	0.0	0.0	0.0	0.0	0.0	0.0	0.0	0.0	0.0	0.0	0.0	0.0	0.0	0.0	0.0	0.0	0.0	0.0	0.0	0.0	0.0	0.0	0.0	0.0	0.0	0.0	0.0	0.0	0.0	0.0	0.0	0.0	0.0	0.0	0.0	0.0	0.0	0.000401708	0.0	0.0	0.0	0.0	0.0	0.0	0.0	0.0	0.0	0.0	0.0	0.0	0.0	0.0	0.0	0.0	0.0	0.0	0.0	0.0	0.0	0.0	0.0	0.0	0.0	0.0	0.0	0.0	0.0	0.0	0.0	0.0	0.0	0.000477086	0.0	0.0	0.000498808	0.0005066630000000001	0.0	0.0	0.0	0.0	0.0	0.0	0.0	0.0	0.0	0.0	0.0	0.000629366	0.0	0.0	0.0	0.0	0.0	0.0	0.0	0.0	0.0	0.0	0.0	0.0	0.0	0.0	0.0	0.0	0.0	0.0	0.0	0.0	0.0	0.0	0.0	0.0	0.0	0.0	0.0	0.0	0.0	0.0	0.0	0.0	0.0	0.0	0.0	0.0	0.0	0.0	0.0	0.0	0.0	0.0	0.0	0.0	0.0	0.0	0.0	0.0	0.0	0.0	0.0	0.0	0.0
Ssp-AAtu_034-Ex1-cssl.clmp.r1r2_fastp	0.0	0.000990683	0.0123835	0.0	0.0	0.0	0.0	0.0	0.0	0.0	0.0	0.0	0.0	0.0	0.0	0.0	0.0	0.0	0.0	0.0	0.0	0.0	0.0	0.0	0.0	0.0	0.0	0.0	0.0	0.0	0.0	0.0	0.0	0.0	0.0	0.0	0.0	0.0	0.0	0.0	0.0	0.0	0.0	0.0	0.0	0.0	0.0	0.0	0.0	0.0	0.0	0.0	0.0	0.0	0.0	0.0	0.0	0.0	0.0	0.0	0.0	0.0	0.0	0.0	0.0	0.0	0.0	0.0	0.0	0.0	0.0	0.0	0.0	0.0	0.0	0.0	0.0	0.0	0.0	0.0	0.0	0.0	0.0	0.0	0.000607497	0.0	0.0	0.0	0.0	0.0	0.0	0.0	0.0	0.0	0.0	0.0	0.0	0.0	0.0	0.0	0.0	0.0	0.0	0.0	0.0	0.0	0.000844566	0.0	0.0	0.0	0.0	0.0	0.0	0.0	0.0	0.0	0.0	0.0	0.0	0.0	0.00108927	0.0	0.0	0.0	0.0	0.0	0.0	0.0	0.0	0.0	0.0	0.0	0.0	0.00141401	0.0	0.0	0.0	0.0	0.0	0.0	0.0	0.0	0.0	0.0	0.0	0.0	0.0	0.0	0.0	0.0
Ssp-AAtu_035-Ex1-cssl.clmp.r1r2_fastp	0.0	0.00117729	0.015893499999999998	0.0	0.0	0.0	0.0	0.0	0.0	0.0	0.0	0.0	0.0	0.0	0.0	0.000294324	0.0	0.0	0.0	0.0	0.0	0.0	0.0	0.0	0.0	0.0	0.0	0.0	0.0	0.0	0.0	0.0	0.0	0.0	0.0	0.0	0.0	0.0	0.0	0.0	0.0	0.0	0.0	0.0	0.0	0.0	0.0	0.0	0.0	0.0	0.0	0.0	0.0	0.0	0.000300225	0.0	0.0	0.0	0.0	0.0	0.0	0.0	0.0	0.0	0.0	0.0	0.0	0.0	0.0	0.0	0.0	0.0	0.0	0.0	0.0	0.0	0.0	0.0	0.0	0.0	0.0	0.0	0.0	0.0	0.0	0.0	0.0	0.000392819	0.0	0.0	0.0	0.0	0.0	0.0	0.0	0.0	0.0	0.0	0.0	0.0	0.0	0.0	0.0	0.0	0.0	0.0	0.0	0.0	0.0	0.0	0.0	0.0	0.0	0.0	0.0	0.0	0.0	0.0	0.0	0.0	0.0	0.0	0.0	0.0	0.0	0.0	0.0	0.0	0.0	0.0	0.0	0.0	0.0	0.0	0.0	0.0	0.0	0.0	0.0	0.0	0.0	0.0	0.0	0.0	0.0	0.0	0.0	0.0	0.0	0.0
Ssp-AAtu_036-Ex1-cssl.clmp.r1r2_fastp	0.0	0.0	0.014123599999999998	0.0	0.0	0.0	0.0	0.0	0.0	0.0	0.0	0.0	0.0	0.0	0.0	0.0	0.0	0.0	0.000307034	0.0	0.0	0.0	0.0	0.0	0.0	0.0	0.0	0.0	0.0	0.0	0.0	0.0	0.0	0.0	0.0	0.0	0.0	0.0	0.0	0.0	0.0	0.0	0.0	0.0	0.0	0.0	0.0	0.0	0.0	0.0	0.0	0.0	0.0	0.0	0.000313423	0.0	0.0	0.0	0.0	0.0	0.0	0.0	0.0	0.0	0.0	0.0	0.0	0.0	0.0	0.0	0.0	0.0	0.0	0.0	0.0	0.0	0.0	0.0	0.0	0.0	0.000369167	0.0	0.0	0.0	0.0	0.0	0.0	0.0	0.0	0.0	0.0	0.0	0.0	0.0	0.0	0.0	0.00048458299999999996	0.0	0.0	0.0	0.0	0.0	0.0	0.0	0.0	0.0	0.0	0.0	0.0	0.0	0.0	0.0	0.0	0.0	0.0	0.0	0.0	0.0	0.0	0.0	0.00167654	0.0	0.0	0.0	0.0	0.0	0.0	0.0	0.0	0.0	0.0	0.0	0.0	0.0	0.0	0.0	0.0	0.0	0.0	0.0	0.0	0.0	0.0	0.0	0.0	0.0	0.0	0.0	0.0	0.0
Ssp-AAtu_037-Ex1-cssl.clmp.r1r2_fastp	0.0	0.0011611899999999999	0.0130634	0.0	0.0	0.0	0.0	0.0	0.0	0.0	0.0	0.0	0.0	0.0	0.0	0.0	0.0	0.0	0.0	0.0	0.0	0.0	0.0	0.0	0.0	0.0	0.0	0.0	0.0	0.0	0.0	0.0	0.0	0.0	0.0	0.0	0.0	0.0	0.0	0.0	0.0	0.0	0.0	0.0	0.0	0.0	0.0	0.0	0.0	0.0	0.0	0.0	0.0	0.0	0.0	0.0	0.0	0.0	0.0	0.0	0.0	0.0	0.0	0.0	0.0	0.0	0.0	0.0	0.0	0.0	0.0	0.0	0.0	0.0	0.0	0.0	0.0	0.0	0.0	0.0	0.000349758	0.0	0.0	0.0	0.0	0.0	0.0	0.000385617	0.0	0.0	0.0	0.0	0.0	0.0	0.0	0.0	0.000447219	0.0	0.0	0.0	0.0	0.0	0.0	0.0	0.0	0.0	0.0	0.0	0.0	0.0	0.0	0.0	0.0	0.0	0.0	0.0	0.0	0.0	0.0	0.0	0.0014691700000000001	0.0	0.0	0.0	0.0	0.0	0.0	0.0	0.0	0.0	0.0	0.0	0.0	0.0	0.0	0.0	0.0	0.0	0.0	0.0	0.0	0.0	0.0	0.0	0.0013368400000000002	0.0	0.0	0.0	0.0	0.0
Ssp-AAtu_038-Ex1-cssl.clmp.r1r2_fastp	0.0	0.0013628800000000001	0.018626	0.0	0.0	0.0	0.0	0.0	0.0	0.0	0.0	0.0	0.0	0.0	0.0	0.0	0.0	0.0	0.0	0.0	0.0	0.0	0.0	0.0	0.0	0.0	0.0	0.0	0.0	0.0	0.0	0.0	0.0	0.0	0.0	0.0	0.0	0.0	0.0	0.0	0.0	0.0	0.0	0.0	0.0	0.0	0.0	0.0	0.0	0.0	0.0	0.0	0.0	0.0	0.000462188	0.0	0.0	0.0	0.0	0.0	0.0	0.0	0.0	0.0	0.0	0.0	0.0	0.0	0.0	0.0	0.0	0.0	0.0	0.0	0.0	0.0	0.0	0.0	0.0	0.0	0.0	0.0	0.0	0.0	0.0	0.0	0.0	0.000551058	0.0	0.0	0.0	0.0	0.0	0.0	0.0	0.0	0.0	0.0	0.0	0.0	0.0	0.0	0.0	0.0	0.0	0.0	0.0	0.0	0.0	0.0	0.0	0.0	0.0	0.0	0.0	0.0	0.0	0.0	0.0	0.0	0.0	0.0	0.0	0.0	0.0	0.0	0.0	0.0	0.0	0.0	0.0	0.0	0.0	0.0	0.0	0.0	0.0	0.0	0.0	0.0	0.0	0.0	0.0	0.0	0.0	0.0	0.0	0.0	0.0	0.0
Ssp-AAtu_039-Ex1-cssl.clmp.r1r2_fastp	0.0	0.0017518599999999998	0.0218982	0.0	0.0	0.0	0.0	0.0	0.0	0.0	0.0	0.0	0.0	0.0	0.0	0.0	0.0	0.0	0.0	0.0	0.0	0.0	0.0	0.0	0.0	0.0	0.0	0.0	0.0	0.0	0.0	0.0	0.0	0.0	0.0	0.0	0.0	0.0	0.0	0.0	0.0	0.0	0.0	0.0	0.0	0.0	0.0	0.0	0.0	0.0	0.0	0.0	0.0	0.0	0.0	0.0	0.0	0.0	0.0	0.0	0.0	0.0	0.0	0.0	0.0	0.0	0.0	0.0	0.0	0.0	0.0	0.00047037999999999995	0.0	0.0	0.0	0.0	0.0	0.0	0.0	0.0	0.0	0.0	0.0	0.0	0.0	0.0	0.0	0.0	0.0	0.0	0.0	0.0	0.0	0.0	0.0	0.0	0.0	0.0	0.0	0.0	0.0	0.0	0.0	0.0	0.0	0.0	0.0	0.0	0.0	0.0	0.0	0.0	0.0	0.0	0.0	0.0	0.0	0.0	0.0	0.0	0.000896539	0.0	0.0	0.0	0.0	0.0	0.0	0.0	0.0	0.0	0.0	0.0	0.0	0.0	0.0	0.0	0.0	0.0	0.0	0.0	0.0	0.0	0.0	0.0	0.0013935500000000001	0.0	0.0	0.0	0.0	0.0
Ssp-AAtu_040-Ex1-cssl.clmp.r1r2_fastp	0.0	0.000251715	0.00906176	0.0	0.0	0.0	0.0	0.0	0.0	0.0	0.0	0.0	0.0	0.0	0.0	0.0	0.0	0.0	0.0	0.0	0.0	0.0	0.0	0.0	0.0	0.0	0.0	0.0	0.0	0.0	0.0	0.0	0.0	0.0	0.0	0.0	0.0	0.0	0.0	0.0	0.0	0.0	0.0	0.0	0.0	0.0	0.0	0.0	0.0	0.0	0.0	0.0	0.0	0.0	0.0	0.0	0.0	0.0	0.0	0.0	0.0	0.0	0.0	0.0	0.0	0.0	0.0	0.0	0.0	0.0	0.0	0.0	0.0	0.0	0.0	0.0	0.0	0.0	0.0	0.0	0.0	0.000365645	0.0	0.0	0.0	0.0	0.0	0.0	0.0	0.0	0.0	0.0	0.0	0.0	0.0	0.0	0.0	0.0	0.0	0.0	0.0	0.0	0.0	0.0	0.0	0.0	0.0	0.0	0.0	0.0	0.0	0.0	0.0	0.0	0.0	0.0	0.000965773	0.0	0.0	0.0	0.0	0.0	0.0	0.0	0.0	0.0	0.0	0.0	0.0	0.0	0.0	0.0	0.0	0.0	0.0	0.0	0.0	0.0	0.0	0.0	0.0	0.0	0.0	0.0	0.0	0.0	0.0	0.0	0.0	0.0
Ssp-AAtu_041-Ex1-cssl.clmp.r1r2_fastp	0.0	0.00112538	0.0232579	0.0	0.0	0.0	0.0	0.0	0.0	0.0	0.0	0.0	0.0	0.0	0.0	0.0	0.0	0.0	0.0	0.0	0.0	0.0	0.0	0.0	0.0	0.0	0.0	0.0	0.0	0.0	0.0	0.0	0.0	0.0	0.0	0.0	0.0	0.0	0.0	0.0	0.0	0.0	0.0	0.0	0.0	0.0	0.0	0.0	0.0	0.0	0.0	0.0	0.0	0.0	0.0	0.0	0.0	0.0	0.0	0.0	0.0	0.0	0.0	0.0	0.0	0.0	0.0	0.0	0.0	0.0	0.0	0.0	0.0	0.0	0.0	0.0	0.0	0.0	0.0	0.0	0.0	0.0	0.0	0.0	0.0	0.0	0.0	0.0	0.0	0.0	0.0	0.0	0.0	0.0	0.0	0.0	0.000556691	0.0	0.0	0.0	0.0	0.0	0.0	0.0	0.0	0.0	0.0	0.0	0.0	0.0	0.0	0.0	0.0	0.0	0.0	0.0	0.0	0.0	0.0	0.0	0.0008120639999999999	0.0	0.0	0.0	0.0	0.0	0.0	0.0	0.0	0.0	0.0	0.0	0.0	0.0	0.0	0.0	0.0	0.0	0.0	0.0	0.0	0.0	0.0	0.0	0.0011894100000000001	0.0	0.0	0.0	0.0	0.0
Ssp-AAtu_043-Ex1-cssl.clmp.r1r2_fastp	0.0	0.0	0.033776900000000006	0.0	0.0	0.0	0.0	0.0	0.0	0.0	0.0	0.0	0.0	0.0	0.0	0.0	0.0	0.0	0.0	0.0	0.0	0.0	0.0	0.0	0.0	0.0	0.0	0.0	0.0	0.0	0.0	0.0	0.0	0.0	0.0	0.0	0.0	0.0	0.0	0.0	0.0	0.0	0.0	0.0	0.0	0.0	0.00113598	0.0	0.0	0.0	0.0	0.0	0.0	0.0	0.0	0.0	0.0	0.0	0.0	0.0	0.0	0.0	0.0	0.0011607	0.0	0.0	0.0	0.0	0.0	0.0	0.0	0.0	0.0	0.0	0.0	0.0	0.0	0.0	0.0	0.0	0.0	0.0	0.0	0.0	0.0	0.0	0.0	0.0	0.0	0.0	0.0	0.0	0.0	0.0	0.0	0.0	0.0	0.0	0.0	0.0	0.0	0.0	0.0	0.0	0.0	0.0	0.0	0.0	0.0	0.0	0.0	0.0	0.0	0.0	0.0	0.0	0.0	0.0	0.0	0.0	0.00185206	0.0	0.0	0.0	0.0	0.0	0.0	0.0	0.0	0.0	0.0	0.0	0.0	0.00215554	0.0	0.0	0.0	0.0	0.0	0.0	0.0	0.0	0.0	0.0	0.0	0.0	0.0	0.0	0.0	0.0
Ssp-AAtu_045-Ex1-cssl.clmp.r1r2_fastp	0.0	0.0	0.0137191	0.0	0.0	0.0	0.0	0.0	0.0	0.0	0.0	0.0	0.0	0.0	0.0	0.0	0.0	0.0	0.0	0.0	0.0	0.0	0.0	0.0	0.0	0.0	0.0	0.0	0.0	0.0	0.0	0.0	0.0	0.0	0.0	0.0	0.0	0.0	0.0	0.0	0.0	0.0	0.0	0.0	0.0	0.0	0.0	0.0	0.0	0.0	0.0	0.0	0.0	0.0	0.0	0.0	0.0	0.0	0.0	0.0	0.0	0.0	0.0	0.0	0.0	0.0	0.0	0.0	0.0	0.0	0.0	0.0	0.0	0.0	0.0	0.0	0.0	0.0	0.0	0.0	0.0	0.0	0.00039513	0.0	0.00040604400000000004	0.0	0.0	0.000423684	0.0	0.0	0.0	0.0	0.0	0.0	0.0	0.0	0.0	0.0	0.0	0.0	0.0	0.0	0.0	0.0	0.000565742	0.0	0.0	0.0	0.0	0.0	0.0	0.0	0.0	0.0	0.0	0.0	0.0	0.0	0.0	0.0	0.0	0.0	0.0	0.0	0.0	0.0	0.0	0.0	0.0	0.0	0.00099455	0.0	0.0	0.0	0.0	0.0	0.0	0.0	0.0	0.0	0.0	0.0	0.0	0.0	0.0	0.0	0.0	0.0	0.0	0.0
Ssp-AAtu_046-Ex1-cssl.clmp.r1r2_fastp	0.0	0.0	0.052801400000000005	0.0	0.0	0.0	0.0	0.0	0.0	0.0	0.0	0.0	0.0	0.0	0.0	0.0	0.0	0.0	0.0	0.0	0.0	0.0	0.0	0.0	0.0	0.0	0.0	0.0	0.0	0.0	0.0	0.0	0.0	0.0	0.0	0.0	0.0	0.0	0.0	0.0	0.0	0.0	0.0	0.0	0.0	0.0	0.00295334	0.0	0.0	0.0	0.0	0.0	0.0	0.0	0.0	0.0	0.0	0.0	0.0	0.0	0.0	0.0	0.0	0.0	0.0	0.0	0.0	0.0	0.0	0.0	0.0	0.0	0.0	0.0	0.0	0.0	0.0	0.0	0.0	0.0	0.0	0.0	0.0	0.0	0.0	0.0	0.0	0.0	0.0	0.0	0.0	0.0	0.0	0.0	0.0	0.0	0.0	0.0	0.0	0.0	0.0	0.0	0.0	0.0	0.0	0.0	0.0	0.0	0.0	0.0	0.0	0.0	0.0	0.0	0.0	0.0	0.0	0.0	0.0	0.0	0.0046292	0.0	0.0	0.0	0.0	0.0	0.0	0.0	0.0	0.0	0.0	0.0	0.0	0.0	0.0	0.0	0.0	0.0	0.0	0.0	0.0	0.0	0.0	0.0	0.00600745	0.0	0.0	0.0	0.0	0.0
Ssp-AAtu_047-Ex1-cssl.clmp.r1r2_fastp	0.0	0.00086907	0.0178159	0.0	0.0	0.0	0.0	0.0	0.0	0.0	0.0	0.0	0.0	0.0	0.0	0.0	0.0	0.0	0.0	0.0	0.0	0.0	0.0	0.0	0.0	0.0	0.0	0.0	0.0	0.0	0.0	0.0	0.0	0.0	0.0	0.0	0.0	0.0	0.0	0.0	0.0	0.0	0.0	0.0	0.0	0.0	0.0	0.0	0.0	0.0	0.0	0.0	0.0	0.0	0.0	0.0	0.0	0.0	0.0	0.0	0.0	0.0	0.0	0.0	0.0	0.0	0.0	0.0	0.0	0.0	0.0	0.0	0.0	0.0	0.0	0.0	0.0	0.0	0.0	0.0	0.0	0.0005248049999999999	0.0	0.0	0.0	0.0	0.0	0.0	0.0	0.0	0.0	0.0	0.0	0.0	0.0	0.0	0.0	0.0	0.0	0.0	0.0	0.0	0.0	0.0	0.0	0.0	0.0	0.0	0.0	0.0	0.0	0.0	0.0	0.0	0.0	0.0	0.0	0.0	0.0	0.0	0.0019986	0.0	0.0	0.0	0.0	0.0	0.0	0.0	0.0	0.0	0.0	0.0	0.0	0.0	0.0	0.0	0.0	0.0	0.0	0.0	0.0	0.0	0.0	0.0	0.0	0.0	0.0	0.0	0.0	0.0
Ssp-AAtu_048-Ex1-cssl.clmp.r1r2_fastp	0.0	0.00069837	0.007682069999999999	0.0	0.0	0.0	0.0	0.0	0.0	0.0	0.0	0.0	0.0	0.0	0.0	0.0	0.0	0.0	0.0	0.0	0.0	0.0	0.0	0.0	0.0	0.0	0.0	0.0	0.0	0.0	0.0	0.0	0.0	0.0	0.0	0.0	0.0	0.0	0.0	0.0	0.0	0.0	0.0	0.0	0.0	0.0	0.0	0.0	0.0	0.0	0.0	0.0	0.0	0.0	0.0	0.0	0.0	0.0	0.0	0.0	0.0	0.0	0.0	0.0	0.0	0.0	0.0	0.0	0.0	0.0	0.0	0.0	0.0	0.0	0.0	0.0	0.0	0.0	0.0	0.0	0.0	0.0	0.0	0.0	0.0	0.0	0.0	0.0	0.0	0.0	0.0	0.0	0.0	0.0	0.0	0.0	0.0	0.0	0.0	0.0	0.0	0.0	0.0	0.0	0.0	0.0	0.0	0.0	0.0	0.0	0.0	0.0	0.0	0.0	0.0	0.0	0.0	0.0	0.0	0.0	0.0	0.0	0.0	0.0	0.0	0.0	0.0	0.0	0.0	0.0	0.0	0.0	0.0	0.0	0.0	0.0	0.0	0.0	0.0	0.0	0.0	0.0	0.0	0.0	0.0	0.0	0.0	0.0	0.0	0.0
Ssp-AAtu_049-Ex1-cssl.clmp.r1r2_fastp	0.0	0.0016914100000000002	0.0253711	0.0	0.0	0.0	0.0	0.0	0.0	0.0	0.0	0.0	0.0	0.0	0.0	0.0	0.0	0.0	0.0	0.0	0.0	0.0	0.0	0.0	0.0	0.0	0.0	0.0	0.0	0.0	0.0	0.0	0.0	0.0	0.0	0.0	0.0	0.0	0.0	0.0	0.0	0.0	0.0	0.0	0.0	0.0	0.0	0.0	0.0	0.0	0.0	0.0	0.0	0.0	0.0	0.0	0.0	0.0	0.0	0.0	0.0	0.0	0.0	0.0	0.0	0.0	0.0	0.0	0.0	0.0	0.0	0.0	0.0	0.0	0.0	0.0	0.0	0.0	0.0	0.0	0.0	0.0	0.0	0.0	0.0	0.0	0.0	0.0	0.0	0.0	0.0	0.0	0.0	0.0	0.0	0.0	0.0	0.0	0.0	0.0	0.0	0.0	0.0	0.0	0.0	0.0	0.0	0.0	0.0	0.0	0.0	0.0	0.0	0.0	0.0	0.0	0.0	0.0	0.0	0.0	0.00211631	0.0	0.0	0.0	0.0	0.0	0.0	0.0	0.0	0.0	0.0	0.0	0.0	0.0	0.0	0.0	0.0	0.0	0.0	0.0	0.0	0.0	0.0	0.0	0.0	0.0	0.0	0.0	0.0	0.0
Ssp-AAtu_050-Ex1-cssl.clmp.r1r2_fastp	0.0	0.0012717	0.013479999999999999	0.0	0.0	0.0	0.0	0.0	0.0	0.0	0.0	0.0	0.0	0.0	0.0	0.0	0.0	0.0	0.0	0.0	0.0	0.0	0.0	0.0	0.0	0.0	0.0	0.0	0.0	0.0	0.0	0.0	0.0	0.0	0.0	0.0	0.0	0.0	0.0	0.0	0.0	0.0	0.0	0.0	0.0	0.0	0.0	0.0	0.0	0.0	0.0	0.0	0.0	0.0	0.0	0.0	0.0	0.0	0.0	0.0	0.0	0.0	0.0	0.0	0.0	0.0	0.0	0.0	0.0	0.0	0.0	0.0	0.0	0.0	0.0	0.0	0.0	0.0	0.0	0.0	0.0	0.0	0.0	0.0	0.000325742	0.0	0.0	0.00034022100000000003	0.0	0.0	0.0	0.0	0.0	0.0	0.0	0.0	0.0	0.0	0.0	0.0	0.0	0.0	0.0	0.0	0.0	0.0	0.0	0.0	0.0	0.0	0.0	0.0	0.0	0.0	0.0	0.0	0.0	0.0	0.0	0.0	0.0	0.0	0.0	0.0	0.0	0.0	0.0	0.0	0.0	0.0	0.0	0.0	0.0	0.0	0.0	0.0	0.0	0.0	0.0	0.0	0.0	0.0	0.0	0.0	0.0	0.0	0.0	0.0	0.0	0.0
Ssp-AAtu_051-Ex1-cssl.clmp.r1r2_fastp	0.0	0.0	0.013248900000000001	0.0	0.0	0.0	0.0	0.0	0.0	0.0	0.0	0.0	0.0	0.0	0.0	0.0	0.0	0.0	0.0	0.0	0.0	0.0	0.0	0.0	0.0	0.0	0.0	0.0	0.0	0.0	0.0	0.0	0.0	0.0	0.0	0.0	0.0	0.0	0.0	0.0	0.0	0.0	0.0	0.0	0.0	0.0	0.0	0.0	0.0	0.0	0.0	0.0	0.0	0.0	0.0	0.0	0.0	0.0	0.0	0.0	0.0	0.0	0.0	0.0	0.0	0.0	0.0	0.0	0.0	0.0	0.0	0.0	0.0	0.0	0.0	0.0	0.0	0.0	0.0	0.0	0.0	0.0	0.0	0.0	0.0	0.0	0.0	0.000673836	0.0	0.0	0.0	0.0	0.0	0.0	0.0	0.0	0.0	0.0	0.0	0.0	0.0	0.0	0.0	0.0	0.0	0.0	0.0	0.0	0.0	0.0	0.0	0.0	0.0	0.0	0.0	0.0	0.0	0.0	0.0	0.0	0.0	0.0	0.0	0.0	0.0	0.0	0.0	0.0	0.0	0.0	0.0	0.0	0.0	0.0	0.0	0.0	0.0	0.0	0.0	0.0	0.0	0.0	0.0	0.0	0.0020689799999999998	0.0	0.0	0.0	0.0	0.0
Ssp-AAtu_052-Ex1-cssl.clmp.r1r2_fastp	0.0	0.000634933	0.0209528	0.0	0.0	0.0	0.0	0.0	0.0	0.0	0.0	0.0	0.0	0.0	0.0	0.0	0.0	0.0	0.0	0.0	0.0	0.0	0.0	0.0	0.0	0.0	0.0	0.0	0.0	0.0	0.0	0.0	0.0	0.0	0.0	0.0	0.0	0.0	0.0	0.0	0.0	0.0	0.0	0.0	0.0	0.0	0.0	0.0	0.0	0.0	0.0	0.0	0.0	0.0	0.0	0.0	0.0	0.0	0.0	0.0	0.0	0.0	0.0	0.0	0.0	0.0	0.0	0.0	0.0	0.0	0.0	0.0	0.0	0.0	0.0	0.0	0.0	0.0	0.0	0.0	0.000722549	0.0	0.0	0.0	0.000751191	0.0	0.0	0.0	0.0	0.0	0.0	0.0	0.0	0.0	0.0	0.0	0.0017157399999999999	0.0	0.0	0.0	0.0	0.0	0.0	0.0	0.0	0.0	0.0	0.0	0.0	0.0	0.0	0.0	0.0	0.0	0.0	0.0	0.0	0.0	0.0	0.0	0.0	0.0	0.0	0.0	0.0	0.0	0.0	0.0	0.0	0.0	0.0	0.0	0.0	0.0	0.0	0.0	0.0	0.0	0.0	0.0	0.0	0.0	0.0	0.0	0.0	0.0	0.0	0.0	0.0	0.0
Ssp-CGub_004-Ex1-cssl.clmp.r1r2_fastp	0.0	0.0009558129999999999	0.0238953	0.0	0.0	0.0	0.0	0.0	0.0	0.0	0.0	0.0	0.0	0.0	0.0	0.0	0.0	0.0	0.0	0.0	0.0	0.0	0.0	0.0	0.0	0.0	0.0	0.0	0.0	0.0	0.0	0.0	0.0	0.0	0.0	0.0	0.0	0.0	0.0	0.0	0.0	0.0	0.0	0.0	0.0	0.0	0.0	0.0	0.0	0.0	0.0	0.0	0.0	0.0	0.0009628159999999999	0.0	0.0	0.0	0.0	0.0	0.0	0.0	0.0	0.0	0.0	0.0	0.0	0.0	0.0	0.0	0.0	0.0	0.0	0.0	0.0	0.0	0.0	0.0	0.0	0.0	0.0	0.0	0.0	0.0	0.0	0.0	0.0	0.0	0.0	0.0	0.0	0.0	0.0	0.0	0.0	0.0	0.0	0.0	0.0	0.0	0.0	0.0	0.0	0.0	0.0	0.0	0.0	0.0	0.0	0.0	0.0	0.0	0.0	0.0	0.0	0.0	0.0	0.0	0.0	0.0	0.0	0.0	0.0	0.0	0.0	0.0	0.0	0.0	0.0	0.0	0.0	0.0	0.0	0.0	0.0	0.0	0.0	0.0	0.0	0.0	0.0	0.0	0.0	0.0	0.0	0.0	0.0	0.0	0.0	0.0
Ssp-CGub_006-Ex1-cssl.clmp.r1r2_fastp	0.0	0.0013988899999999999	0.0323144	0.0	0.0	0.0	0.0	0.0	0.0	0.0	0.0	0.0	0.0	0.0	0.0	0.0	0.0	0.0	0.00012240300000000001	0.0	0.0	0.0	0.0	1.74862e-05	0.0	0.0	0.0	0.0	0.0	8.74309e-05	0.0	0.0	0.0	0.0	0.0	0.0	0.0	0.0	0.0	0.0	0.0	0.0	0.0	0.0	0.0	0.0	8.78228e-05	0.0	0.0	0.0	0.0	0.0	0.0	0.0	0.000176226	0.0	0.0	0.0	0.0	0.0	0.0	0.0	1.76944e-05	0.000177048	0.0	0.0	0.0	0.0	0.0	0.0	1.77912e-05	3.56124e-05	0.0	0.0	0.0	0.0	0.0	0.0	0.0	1.7963600000000002e-05	0.000107927	1.80136e-05	0.0	3.61355e-05	0.00021715	0.0	7.261899999999999e-05	0.000145484	5.46537e-05	0.0	0.0	0.0	0.0	0.0	0.0	0.0	0.000407288	0.0	0.0	0.0	0.0	0.0	0.0	7.53256e-05	5.6645100000000004e-05	0.0	3.79722e-05	0.0	0.0	0.0	0.0	0.0	0.0	0.0	0.0	0.0	0.0	0.0	0.0	3.96288e-05	0.0005370619999999999	0.0	0.0	0.0	0.0	0.0	0.0	0.0	0.0	0.0	0.0	0.0	0.0	6.32942e-05	2.1213100000000002e-05	0.0	0.0	0.0	0.0	0.0	0.0	0.0	0.0	4.50597e-05	0.0003628	0.0	0.0	0.0	0.0	0.0
Ssp-CGub_008-Ex1-cssl.clmp.r1r2_fastp	0.0	0.0	0.027758500000000002	0.0	0.0	0.0	0.0	0.0	0.0	0.0	0.0	0.0	0.0	0.0	0.0	0.0	0.0	0.0	0.0	0.0	0.0	0.0	0.0	0.0	0.0	0.0	0.0	0.0	0.0	0.0	0.0	0.0	0.0	0.0	0.0	0.0	0.0	0.0	0.0	0.0	0.0	0.0	0.0	0.0	0.0	0.0	0.0	0.0	0.0	0.0	0.0	0.0	0.0	0.0	0.0	0.0	0.0	0.0	0.0	0.0	0.0	0.0	0.0	0.0	0.0	0.0	0.0	0.0	0.0	0.0	0.0	0.0	0.0	0.0	0.0	0.0	0.0	0.0	0.0	0.0	0.0	0.0	0.0	0.0	0.0	0.0	0.0	0.0	0.0	0.0	0.0	0.0	0.0	0.0	0.0	0.0	0.0	0.0	0.0	0.0	0.0	0.0	0.0	0.0	0.0	0.0	0.0	0.0	0.0	0.0	0.0	0.0	0.0	0.0	0.0	0.0	0.0	0.0	0.0	0.0	0.0	0.0	0.0	0.0	0.0	0.0	0.0	0.0	0.0	0.0	0.0	0.0	0.0	0.0	0.0	0.0	0.0	0.0	0.0	0.0	0.0	0.0	0.0	0.0	0.0	0.0	0.0	0.0	0.0	0.0
Ssp-CGub_009-Ex1-cssl.clmp.r1r2_fastp	0.0	0.00132381	0.0344575	0.0	6.39524e-06	0.0	0.0	0.0	0.0	0.0	0.0	0.0	0.0	0.0	0.0	0.0	0.0	0.0	0.00012790500000000002	0.0	0.0	0.0	0.0	6.39524e-06	0.0	0.0	0.0	0.0	0.0	0.0001343	0.0	0.0	0.0	0.0	0.0	0.0	0.0	0.0	2.56298e-05	0.0	0.0	0.0	0.0	0.0	0.0	0.0	0.000128531	0.0	0.0	0.0	0.0	0.0	0.0	0.0	0.000161237	0.0	0.0	0.0	0.0	0.0	0.0	0.0	0.0	0.000272226	0.0	0.0	0.0	0.0	0.0	0.0	2.6056e-05	9.12723e-05	0.0	0.0	0.0	0.0	0.0	0.0	0.0	6.57362e-06	0.00010530600000000001	5.93096e-05	0.0	3.3037800000000004e-05	0.000244821	0.0	5.30886e-05	0.000365543	9.31928e-05	0.0	0.0	0.0	0.0	0.0	0.0	0.0	0.0004927569999999999	0.0	0.0	0.0	0.0	0.0	0.0	2.0543699999999998e-05	1.37268e-05	0.0	4.1371999999999996e-05	0.0	0.0	0.0	0.0	0.0	0.0	0.0	0.0	0.0	1.41553e-05	0.0	0.0	2.14218e-05	0.000608804	0.0	0.0	0.0	0.0	0.0	0.0	0.0	0.0	0.0	7.4107e-06	0.0	7.46905e-06	8.24896e-05	0.00016565200000000002	0.0	0.0	0.0	0.0	0.0	0.0	0.0	0.0	3.94621e-05	0.000491737	0.0	0.0	0.0	0.0	0.0
Ssp-CGub_011-Ex1-cssl.clmp.r1r2_fastp	0.0	0.0	0.0250166	0.0	0.0	0.0	0.0	0.0	0.0	0.0	0.0	0.0	0.0	0.0	0.0	0.0	0.0	0.0	0.0	0.0	0.0	0.0	0.0	0.0	0.0	0.0	0.0	0.0	0.0	0.0	0.0	0.0	0.0	0.0	0.0	0.0	0.0	0.0	0.0	0.0	0.0	0.0	0.0	0.0	0.0	0.0	0.0	0.0	0.0	0.0	0.0	0.0	0.0	0.0	0.0	0.0	0.0	0.0	0.0	0.0	0.0	0.0	0.0	0.0	0.0	0.0	0.0	0.0	0.0	0.0	0.0	0.0	0.0	0.0	0.0	0.0	0.0	0.0	0.0	0.0	0.0	0.0	0.0	0.0	0.0	0.0	0.0	0.0	0.0	0.0	0.0	0.0	0.0	0.0	0.0	0.0	0.0016021299999999998	0.0	0.0	0.0	0.0	0.0	0.0	0.0	0.0	0.0	0.0	0.0	0.0	0.0	0.0	0.0	0.0	0.0	0.0	0.0	0.0	0.0	0.0	0.0	0.0	0.0	0.0	0.0	0.0	0.0	0.0	0.0	0.0	0.0	0.0	0.0	0.0	0.0	0.0	0.0	0.0	0.0	0.0	0.0	0.0	0.0	0.0	0.0	0.0	0.0	0.0	0.0	0.0	0.0
Ssp-CGub_013-Ex1-cssl.clmp.r1r2_fastp	0.0	0.0012946400000000001	0.0345303	0.0	2.52858e-06	0.0	0.0	0.0	0.0	0.0	0.0	0.0	0.0	0.0	0.0	1.26429e-05	0.0	2.52858e-06	0.000128958	0.0	0.0	0.0	0.0	1.51715e-05	0.0	0.0	0.0	0.0	2.52858e-06	0.00010872900000000001	0.0	0.0	0.0	0.0	0.0	0.0	0.0	0.0	1.26688e-05	0.0	0.0	0.0	0.0	0.0	0.0	0.0	9.914449999999999e-05	0.0	0.0	0.0	0.0	0.0	0.0	5.1018299999999996e-06	0.000191421	0.0	0.0	0.0	0.0	0.0	0.0	0.0	2.56479e-06	0.00016683	0.0	0.0	0.0	0.0	0.0	0.0	5.1633499999999994e-06	7.23611e-05	0.0	0.0	0.0	0.0	0.0	0.0	0.0	1.5672e-05	0.00011773500000000001	5.2417400000000004e-05	7.8767e-06	4.20874e-05	0.000258283	5.28162e-06	7.40951e-05	0.000297015	6.37863e-05	0.0	0.0	0.0	0.0	0.0	0.0	5.40705e-06	0.000496069	0.0	0.0	0.0	0.0	0.0	2.75867e-06	4.42788e-05	2.49878e-05	0.0	8.66482e-05	2.80473e-06	0.0	0.0	2.83524e-06	0.0	0.0	0.0	0.0	0.0	2.61274e-05	0.0	0.0	8.82179e-06	0.000463728	0.0	0.0	0.0	0.0	0.0	0.0	0.0	0.0	0.0	9.3033e-06	0.0	9.40492e-06	0.00011348699999999999	0.000110958	3.1886900000000002e-06	0.0	0.0	0.0	0.0	0.0	0.0	0.0	6.73971e-06	0.000474916	0.0	0.0	0.0	0.0	0.0
Ssp-CGub_014-Ex1-cssl.clmp.r1r2_fastp	0.0	0.00110269	0.0350478	0.0	0.0	0.0	0.0	0.0	0.0	0.0	0.0	0.0	0.0	0.0	0.0	2.9802499999999998e-05	0.0	2.9802499999999998e-05	0.00011920999999999999	0.0	0.0	0.0	0.0	0.0	0.0	0.0	0.0	0.0	0.0	8.940760000000001e-05	0.0	0.0	0.0	0.0	0.0	0.0	0.0	0.0	5.97248e-05	0.0	0.0	0.0	0.0	0.0	0.0	0.0	5.99153e-05	0.0	0.0	0.0	0.0	0.0	0.0	0.0	0.000300745	0.0	0.0	0.0	0.0	0.0	0.0	0.0	0.0	0.000211624	0.0	0.0	0.0	0.0	0.0	0.0	0.0	9.124509999999999e-05	0.0	0.0	0.0	0.0	0.0	0.0	0.0	0.0	0.000214962	9.22476e-05	0.0	0.0	0.000308779	0.0	6.19407e-05	0.000341212	9.32055e-05	0.0	0.0	0.0	0.0	0.0	0.0	0.0	0.000535739	0.0	0.0	0.0	0.0	0.0	0.0	9.597230000000002e-05	6.41336e-05	0.0	3.2224e-05	0.0	0.0	0.0	3.2562e-05	0.0	0.0	0.0	0.0	0.0	3.31384e-05	0.0	0.0	3.34616e-05	0.00043644299999999995	0.0	0.0	0.0	0.0	0.0	0.0	0.0	0.0	0.0	0.0	0.0	0.0	0.00024772300000000004	7.11153e-05	0.0	0.0	0.0	0.0	0.0	0.0	0.0	0.0	0.0	0.000377013	0.0	0.0	0.0	0.0	0.0
Ssp-CGub_015-Ex1-cssl.clmp.r1r2_fastp	0.0	0.00100257	0.030634	0.0	0.0	0.0	0.0	0.0	0.0	0.0	0.0	0.0	0.0	0.0	0.0	0.000111396	0.0	0.0	0.000334189	0.0	0.0	0.0	0.0	0.0	0.0	0.0	0.0	0.0	0.0	0.000111396	0.0	0.0	0.0	0.0	0.0	0.0	0.0	0.0	0.0	0.0	0.0	0.0	0.0	0.0	0.0	0.0	0.0	0.0	0.0	0.0	0.0	0.0	0.0	0.0	0.000336539	0.0	0.0	0.0	0.0	0.0	0.0	0.0	0.0	0.0	0.0	0.0	0.0	0.0	0.0	0.0	0.0	0.0	0.0	0.0	0.0	0.0	0.0	0.0	0.0	0.000227465	0.00011381200000000001	0.0	0.0	0.0	0.000114196	0.0	0.0	0.00022902499999999997	0.0	0.0	0.0	0.0	0.0	0.0	0.0	0.0	0.000115643	0.0	0.0	0.0	0.0	0.0	0.0	0.00035034000000000004	0.00035091	0.0	0.0	0.0	0.0	0.0	0.0	0.0	0.0	0.0	0.0	0.0	0.0	0.0	0.0	0.0	0.0	0.0	0.0	0.0	0.0	0.0	0.0	0.0	0.0	0.0	0.0	0.0	0.0	0.0	0.00012606	0.0	0.0	0.0	0.0	0.0	0.0	0.0	0.0	0.0	0.0	0.0	0.0	0.0	0.0	0.0
Ssp-CGub_016-Ex1-cssl.clmp.r1r2_fastp	0.0	0.00118911	0.028283799999999998	0.0	1.69873e-05	0.0	0.0	0.0	0.0	0.0	0.0	0.0	0.0	0.0	0.0	0.0	0.0	0.0	8.49364e-05	0.0	0.0	0.0	0.0	1.69873e-05	0.0	0.0	0.0	0.0	0.0	0.000135898	0.0	0.0	0.0	0.0	0.0	0.0	0.0	0.0	1.70182e-05	0.0	0.0	0.0	0.0	0.0	0.0	0.0	8.53594e-05	0.0	0.0	0.0	0.0	0.0	0.0	0.0	0.000119991	0.0	0.0	0.0	0.0	0.0	0.0	0.0	0.0	0.000103482	0.0	0.0	0.0	0.0	0.0	0.0	0.0	3.4804e-05	0.0	0.0	0.0	0.0	0.0	0.0	0.0	0.0	8.863790000000001e-05	3.55497e-05	0.0	3.5747399999999996e-05	0.000125487	0.0	5.41128e-05	0.00021715700000000002	1.81568e-05	0.0	0.0	0.0	0.0	0.0	0.0	1.86259e-05	0.000392693	0.0	0.0	0.0	0.0	0.0	0.0	0.0	0.0	0.0	3.9088600000000004e-05	1.96403e-05	0.0	0.0	1.99407e-05	0.0	0.0	0.0	0.0	0.0	4.12062e-05	0.0	0.0	2.09667e-05	0.00048513100000000003	0.0	0.0	0.0	0.0	0.0	0.0	0.0	0.0	0.0	0.0	0.0	2.2854200000000002e-05	0.000138153	2.31994e-05	0.0	0.0	0.0	0.0	0.0	0.0	0.0	0.0	5.0172199999999994e-05	0.000379399	0.0	0.0	0.0	0.0	0.0
Ssp-CGub_021-Ex1-cssl.clmp.r1r2_fastp	0.0	0.0008875199999999999	0.017750400000000003	0.0	0.0	0.0	0.0	0.0	0.0	0.0	0.0	0.0	0.0	0.0	0.0	0.0	0.0	0.0	0.0	0.0	0.0	0.0	0.0	0.0	0.0	0.0	0.0	0.0	0.0	0.0	0.0	0.0	0.0	0.0	0.0	0.0	0.0	0.0	0.0	0.0	0.0	0.0	0.0	0.0	0.0	0.0	0.0	0.0	0.0	0.0	0.0	0.0	0.0	0.0	0.00011192899999999999	0.0	0.0	0.0	0.0	0.0	0.0	0.0	0.0	0.0	0.0	0.0	0.0	0.0	0.0	0.0	0.0	0.0	0.0	0.0	0.0	0.0	0.0	0.0	0.0	0.0	0.0	0.0	0.0	0.0	0.000121209	0.0	0.0	0.00012374899999999998	0.0	0.0	0.0	0.0	0.0	0.0	0.0	0.0	0.00013328599999999998	0.0	0.0	0.0	0.0	0.0	0.0	0.0	0.0	0.0	0.0	0.0	0.0	0.0	0.0	0.0	0.0	0.0	0.0	0.0	0.0	0.0	0.0	0.0	0.000176019	0.0	0.0	0.0	0.0	0.0	0.0	0.0	0.0	0.0	0.0	0.0	0.0	0.0	0.00021639199999999998	0.0	0.0	0.0	0.0	0.0	0.0	0.0	0.0	0.0	0.000255423	0.0	0.0	0.0	0.0	0.0
Ssp-CGub_022-Ex1-cssl.clmp.r1r2_fastp	0.0	0.00124846	0.0434187	0.0	0.0	0.0	0.0	0.0	0.0	0.0	0.0	0.0	0.0	0.0	0.0	2.7743600000000003e-05	0.0	0.0	0.000194205	0.0	0.0	0.0	0.0	0.0	0.0	0.0	0.0	0.0	0.0	0.000166461	0.0	0.0	0.0	0.0	0.0	0.0	0.0	0.0	2.7799200000000003e-05	0.0	0.0	0.0	0.0	0.0	0.0	0.0	0.000139446	0.0	0.0	0.0	0.0	0.0	0.0	0.0	0.000363936	0.0	0.0	0.0	0.0	0.0	0.0	0.0	0.0	0.000309535	0.0	0.0	0.0	0.0	0.0	0.0	0.0	0.000113176	0.0	0.0	0.0	0.0	0.0	0.0	0.0	8.54687e-05	0.000256652	2.85462e-05	8.57226e-05	5.72057e-05	0.00034359500000000003	0.0	0.000172161	0.000631943	0.00014379	0.0	0.0	0.0	0.0	0.0	0.0	2.90022e-05	0.0008131319999999999	0.0	0.0	0.0	0.0	0.0	0.0	0.000117315	8.81222e-05	2.9421300000000002e-05	0.00011787700000000001	0.0	0.0	0.0	2.9668500000000002e-05	0.0	0.0	0.0	0.0	0.0	0.0	0.0	0.0	3.0183299999999996e-05	0.0009376300000000001	0.0	0.0	0.0	0.0	0.0	0.0	0.0	0.0	0.0	6.197180000000001e-05	0.0	0.0	0.000187539	0.000156739	0.0	0.0	0.0	0.0	0.0	0.0	0.0	0.0	0.0	0.000943365	0.0	0.0	0.0	0.0	0.0
Ssp-CGub_024-Ex1-cssl.clmp.r1r2_fastp	0.0	0.0008979050000000001	0.0225308	0.0	0.0	0.0	0.0	0.0	0.0	0.0	0.0	0.0	0.0	0.0	0.0	0.0	0.0	0.0	6.65115e-05	0.0	0.0	0.0	0.0	1.66279e-05	0.0	0.0	0.0	0.0	0.0	6.65115e-05	0.0	0.0	0.0	0.0	0.0	0.0	0.0	0.0	0.0	0.0	0.0	0.0	0.0	0.0	0.0	0.0	6.67958e-05	0.0	0.0	0.0	0.0	0.0	0.0	0.0	0.00010055200000000001	0.0	0.0	0.0	0.0	0.0	0.0	0.0	0.0	0.00018539200000000002	0.0	0.0	0.0	0.0	0.0	0.0	1.69816e-05	3.40142e-05	0.0	0.0	0.0	0.0	0.0	0.0	0.0	0.0	8.67782e-05	3.48151e-05	0.0	1.75176e-05	0.000123042	0.0	3.5404800000000004e-05	0.000213218	1.78359e-05	0.0	0.0	0.0	0.0	0.0	0.0	1.83733e-05	0.000313787	0.0	0.0	0.0	0.0	0.0	0.0	3.82437e-05	1.92264e-05	0.0	3.88834e-05	0.0	0.0	0.0	1.9904199999999998e-05	0.0	0.0	0.0	0.0	0.0	2.0678500000000002e-05	0.0	0.0	0.0	0.000318767	0.0	0.0	0.0	0.0	0.0	0.0	0.0	0.0	0.0	0.0	0.0	0.0	4.69709e-05	2.36892e-05	0.0	0.0	0.0	0.0	0.0	0.0	0.0	0.0	0.0	0.00020953900000000001	0.0	0.0	0.0	0.0	0.0
Ssp-CGub_027-Ex1-cssl.clmp.r1r2_fastp	0.0	0.00115191	0.024478	0.0	0.0	0.0	0.0	0.0	0.0	0.0	0.0	0.0	0.0	0.0	0.0	0.0	0.0	0.0	3.19974e-05	0.0	0.0	0.0	0.0	3.19974e-05	0.0	0.0	0.0	0.0	0.0	0.00012799	0.0	0.0	0.0	0.0	0.0	0.0	0.0	0.0	0.0	0.0	0.0	0.0	0.0	0.0	0.0	0.0	6.42882e-05	0.0	0.0	0.0	0.0	0.0	0.0	0.0	9.67897e-05	0.0	0.0	0.0	0.0	0.0	0.0	0.0	0.0	0.000162214	0.0	0.0	0.0	0.0	0.0	0.0	0.0	3.27152e-05	0.0	0.0	0.0	0.0	0.0	0.0	0.0	0.0	3.3300500000000004e-05	0.0	0.0	0.0	0.000235683	0.0	3.3875700000000005e-05	0.000271872	6.819459999999999e-05	0.0	0.0	0.0	0.0	0.0	0.0	3.49822e-05	0.00038635499999999996	0.0	0.0	0.0	0.0	0.0	0.0	0.0	0.0	0.0	0.00011025700000000001	0.0	0.0	0.0	0.0	0.0	0.0	0.0	0.0	0.0	0.0	0.0	0.0	0.0	0.000318666	0.0	0.0	0.0	0.0	0.0	0.0	0.0	0.0	0.0	0.0	0.0	0.0	0.0	8.8497e-05	0.0	0.0	0.0	0.0	0.0	0.0	0.0	0.0	0.0	0.000341288	0.0	0.0	0.0	0.0	0.0
Ssp-CGub_030-Ex1-cssl.clmp.r1r2_fastp	0.0	0.000587583	0.0199778	0.0	0.0	0.0	0.0	0.0	0.0	0.0	0.0	0.0	0.0	0.0	0.0	0.0	0.0	0.0	0.000167881	0.0	0.0	0.0	0.0	0.0	0.0	0.0	0.0	0.0	0.0	8.39404e-05	0.0	0.0	0.0	0.0	0.0	0.0	0.0	0.0	0.0	0.0	0.0	0.0	0.0	0.0	0.0	0.0	0.0	0.0	0.0	0.0	0.0	0.0	0.0	0.0	8.455850000000001e-05	0.0	0.0	0.0	0.0	0.0	0.0	0.0	0.0	0.0	0.0	0.0	0.0	0.0	0.0	0.0	0.0	0.0	0.0	0.0	0.0	0.0	0.0	0.0	0.0	0.0	0.000173837	0.0	0.0	8.75481e-05	0.00026332899999999997	0.0	8.82713e-05	0.000442666	0.0	0.0	0.0	0.0	0.0	0.0	0.0	0.0	0.000182677	0.0	0.0	0.0	0.0	0.0	0.0	9.4135e-05	0.0	0.0	0.0	0.0	0.0	0.0	0.0	0.0	0.0	0.0	0.0	0.0	0.0	0.0	0.0	0.0	0.000414955	0.0	0.0	0.0	0.0	0.0	0.0	0.0	0.0	0.0	0.0	0.0	0.0	0.0	0.0	0.0	0.0	0.0	0.0	0.0	0.0	0.0	0.0	0.00012648	0.00025542699999999997	0.0	0.0	0.0	0.0	0.0
Ssp-CGub_031-Ex1-cssl.clmp.r1r2_fastp	0.0	0.00180345	0.0355072	0.0	0.0	0.0	0.0	0.0	0.0	0.0	0.0	0.0	0.0	0.0	0.0	2.95647e-05	0.0	0.0	0.00011825900000000001	0.0	0.0	0.0	0.0	2.95647e-05	0.0	0.0	0.0	0.0	0.0	8.86941e-05	0.0	0.0	0.0	0.0	0.0	0.0	0.0	0.0	0.0	0.0	0.0	0.0	0.0	0.0	0.0	0.0	0.000237836	0.0	0.0	0.0	0.0	0.0	0.0	0.0	0.00011940600000000002	0.0	0.0	0.0	0.0	0.0	0.0	0.0	0.0	0.000150096	0.0	0.0	0.0	0.0	0.0	0.0	0.0	6.04086e-05	0.0	0.0	0.0	0.0	0.0	0.0	0.0	3.04418e-05	0.00012190399999999999	6.1022100000000007e-05	0.0	3.0585e-05	0.000244982	0.0	0.00018421	0.000553352	0.0	0.0	0.0	0.0	0.0	0.0	0.0	0.0	0.000498619	0.0	0.0	0.0	0.0	0.0	0.0	3.15624e-05	3.1625300000000004e-05	0.0	0.000158786	0.0	0.0	0.0	0.0	0.0	0.0	0.0	0.0	0.0	3.25036e-05	0.0	0.0	6.55334e-05	0.000722961	0.0	0.0	0.0	0.0	0.0	0.0	0.0	0.0	0.0	0.0	0.0	3.4207899999999995e-05	0.000103028	0.000137921	0.0	0.0	0.0	0.0	0.0	0.0	0.0	0.0	0.0	0.000614929	0.0	0.0	0.0	0.0	0.0
Ssp-CGub_032-Ex1-cssl.clmp.r1r2_fastp	0.0	0.000956525	0.032574	0.0	0.0	0.0	0.0	0.0	0.0	0.0	0.0	0.0	0.0	0.0	0.0	0.0	0.0	0.0	5.21741e-05	0.0	0.0	0.0	0.0	0.0	0.0	0.0	0.0	0.0	0.0	6.95655e-05	0.0	0.0	0.0	0.0	0.0	0.0	0.0	0.0	0.0	0.0	0.0	0.0	0.0	0.0	0.0	0.0	0.00010479599999999999	0.0	0.0	0.0	0.0	0.0	0.0	0.0	0.000122632	0.0	0.0	0.0	0.0	0.0	0.0	0.0	1.7583e-05	0.000140734	0.0	0.0	0.0	0.0	0.0	0.0	1.76609e-05	5.30161e-05	0.0	0.0	0.0	0.0	0.0	0.0	0.0	1.77832e-05	0.00012459599999999998	5.34483e-05	0.0	0.0	0.000232317	0.0	7.16418e-05	0.000215171	3.59041e-05	0.0	0.0	0.0	0.0	0.0	0.0	1.81173e-05	0.000453596	0.0	0.0	0.0	0.0	0.0	0.0	5.5049299999999995e-05	5.51479e-05	0.0	7.38024e-05	0.0	0.0	0.0	0.0	0.0	0.0	0.0	0.0	0.0	3.7704e-05	0.0	0.0	3.79895e-05	0.000533265	0.0	0.0	0.0	0.0	0.0	0.0	0.0	0.0	0.0	0.0	0.0	3.9576700000000003e-05	0.000119193	5.9834100000000004e-05	0.0	0.0	0.0	0.0	0.0	0.0	0.0	0.0	2.09045e-05	0.00050421	0.0	0.0	0.0	0.0	0.0
Ssp-CGub_033-Ex1-cssl.clmp.r1r2_fastp	0.0	0.00106438	0.0315987	0.0	0.0	0.0	0.0	0.0	0.0	0.0	0.0	0.0	0.0	0.0	0.0	0.0	0.0	0.0	0.0	0.0	0.0	0.0	0.0	0.0	0.0	0.0	0.0	0.0	0.0	6.65236e-05	0.0	0.0	0.0	0.0	0.0	0.0	0.0	0.0	0.0	0.0	0.0	0.0	0.0	0.0	0.0	0.0	6.68456e-05	0.0	0.0	0.0	0.0	0.0	0.0	0.0	0.000469643	0.0	0.0	0.0	0.0	0.0	0.0	0.0	0.0	0.0	0.0	0.0	0.0	0.0	0.0	0.0	0.0	6.79135e-05	0.0	0.0	0.0	0.0	0.0	0.0	0.0	0.0	0.00020635600000000001	0.0	0.0	0.0	0.00041588599999999997	0.0	0.000139209	0.000209272	0.0	0.0	0.0	0.0	0.0	0.0	0.0	7.11325e-05	0.000356617	0.0	0.0	0.0	0.0	0.0	0.0	0.000145636	7.30502e-05	0.0	0.0	0.0	0.0	0.0	0.0	0.0	0.0	0.0	0.0	0.0	0.0	0.0	0.0	7.734679999999999e-05	0.000388388	0.0	0.0	0.0	0.0	0.0	0.0	0.0	0.0	0.0	0.0	0.0	0.0	0.0	0.0	0.0	0.0	0.0	0.0	0.0	0.0	0.0	0.0	8.81802e-05	0.000709597	0.0	0.0	0.0	0.0	0.0
Ssp-CGub_035-Ex1-cssl.clmp.r1r2_fastp	0.0	0.000888495	0.0266089	0.0	1.53189e-05	0.0	0.0	0.0	0.0	0.0	0.0	0.0	0.0	0.0	0.0	3.06378e-05	0.0	0.0	9.191329999999999e-05	0.0	0.0	0.0	0.0	0.0	0.0	0.0	0.0	0.0	0.0	9.191329999999999e-05	0.0	0.0	0.0	0.0	0.0	0.0	0.0	0.0	0.0	0.0	0.0	0.0	0.0	0.0	0.0	0.0	9.2326e-05	0.0	0.0	0.0	0.0	0.0	0.0	0.0	0.00013897400000000001	0.0	0.0	0.0	0.0	0.0	0.0	0.0	0.0	0.000170743	0.0	0.0	0.0	0.0	0.0	0.0	0.0	3.12711e-05	0.0	0.0	0.0	0.0	0.0	0.0	0.0	0.0	7.93029e-05	0.0	0.0	1.59594e-05	0.000111966	0.0	6.428280000000001e-05	0.00016109999999999999	3.23013e-05	0.0	0.0	0.0	0.0	0.0	0.0	0.0	0.000297283	0.0	0.0	0.0	0.0	0.0	0.0	1.68952e-05	1.6954500000000002e-05	0.0	5.1230099999999996e-05	0.0	0.0	0.0	0.0	0.0	0.0	0.0	0.0	0.0	1.7776e-05	0.0	0.0	0.0	0.000452457	0.0	0.0	0.0	0.0	0.0	0.0	0.0	0.0	0.0	1.90371e-05	0.0	0.0	5.810469999999999e-05	1.94845e-05	0.0	0.0	0.0	0.0	0.0	0.0	0.0	0.0	2.08052e-05	0.00020955800000000002	0.0	0.0	0.0	0.0	0.0
Ssp-CGub_036-Ex1-cssl.clmp.r1r2_fastp	0.0	0.000754461	0.0270768	0.0	0.0	0.0	0.0	0.0	0.0	0.0	0.0	0.0	0.0	0.0	0.0	0.0	0.0	0.0	8.3829e-05	0.0	0.0	0.0	0.0	0.0	0.0	0.0	0.0	0.0	0.0	2.7943e-05	0.0	0.0	0.0	0.0	0.0	0.0	0.0	0.0	0.0	0.0	0.0	0.0	0.0	0.0	0.0	0.0	2.80728e-05	0.0	0.0	0.0	0.0	0.0	0.0	0.0	0.00011267900000000001	0.0	0.0	0.0	0.0	0.0	0.0	0.0	0.0	0.00011325599999999999	0.0	0.0	0.0	0.0	0.0	0.0	0.0	2.85197e-05	0.0	0.0	0.0	0.0	0.0	0.0	0.0	2.88942e-05	0.000144776	2.9018999999999998e-05	0.0	8.74655e-05	0.000175365	0.0	8.81429e-05	0.000176767	5.90902e-05	0.0	0.0	0.0	0.0	0.0	0.0	0.0	0.000242397	0.0	0.0	0.0	0.0	0.0	0.0	0.0	0.0	0.0	3.14904e-05	0.0	0.0	0.0	0.0	0.0	0.0	0.0	0.0	0.0	0.0	0.0	0.0	0.0	0.000168485	0.0	0.0	0.0	0.0	0.0	0.0	0.0	0.0	0.0	0.0	0.0	0.0	0.00010934100000000001	0.00011009600000000001	0.0	0.0	0.0	0.0	0.0	0.0	0.0	0.0	0.0	0.00019825000000000002	0.0	0.0	0.0	0.0	0.0
Ssp-CGub_038-Ex1-cssl.clmp.r1r2_fastp	0.0	0.00162758	0.0405422	0.0	0.0	0.0	0.0	0.0	0.0	0.0	0.0	0.0	0.0	0.0	0.0	0.0	0.0	0.0	0.000120562	0.0	0.0	0.0	0.0	6.69786e-06	0.0	0.0	0.0	0.0	6.69786e-06	0.000127259	0.0	6.69786e-06	0.0	0.0	0.0	0.0	0.0	0.0	2.01317e-05	0.0	0.0	0.0	0.0	0.0	0.0	0.0	0.000161538	0.0	0.0	0.0	0.0	0.0	0.0	6.751819999999999e-06	0.000216164	0.0	0.0	0.0	0.0	0.0	0.0	0.0	6.78407e-06	0.000325829	0.0	0.0	0.0	0.0	0.0	0.0	1.3638300000000001e-05	8.87138e-05	0.0	0.0	0.0	0.0	0.0	0.0	0.0	6.87016e-06	0.00017879700000000002	0.000103255	2.06716e-05	1.37954e-05	0.00039359	0.0	0.000117649	0.00041571	0.000138734	0.0	0.0	0.0	0.0	0.0	0.0	2.7995999999999998e-05	0.000623782	0.0	0.0	0.0	0.0	0.0	7.071960000000001e-06	6.375059999999999e-05	4.25704e-05	0.0	7.11927e-05	0.0	0.0	0.0	7.17081e-06	0.0	0.0	0.0	0.0	0.0	2.1773e-05	0.0	0.0	2.19181e-05	0.000776241	0.0	0.0	0.0	0.0	0.0	0.0	0.0	0.0	0.0	2.25473e-05	0.0	1.51232e-05	0.000182047	0.00015218800000000001	0.0	0.0	0.0	0.0	0.0	0.0	0.0	0.0	1.57952e-05	0.00061026	0.0	0.0	0.0	0.0	0.0
Ssp-CGub_039-Ex1-cssl.clmp.r1r2_fastp	0.0	0.0018294399999999999	0.0446957	0.0	0.0	0.0	0.0	0.0	0.0	0.0	0.0	0.0	0.0	0.0	0.0	2.3914200000000002e-05	0.0	0.0	0.000155442	0.0	0.0	0.0	0.0	4.7828500000000005e-05	0.0	0.0	0.0	0.0	0.0	0.000155442	0.0	0.0	0.0	0.0	0.0	0.0	0.0	0.0	4.79463e-05	0.0	0.0	0.0	0.0	0.0	0.0	0.0	0.00010831099999999999	0.0	0.0	0.0	0.0	0.0	0.0	0.0	0.00021765100000000002	0.0	0.0	0.0	0.0	0.0	0.0	0.0	0.0	0.00027988300000000003	0.0	0.0	0.0	0.0	0.0	0.0	0.0	0.000110267	0.0	0.0	0.0	0.0	0.0	0.0	0.0	2.47231e-05	0.00017329	0.000136345	0.0	4.9725600000000004e-05	0.000361068	1.24706e-05	0.000124912	0.00048799700000000005	0.00010028299999999999	0.0	0.0	0.0	0.0	0.0	0.0	0.0	0.000649755	0.0	0.0	0.0	0.0	0.0	0.0	7.77727e-05	3.89911e-05	0.0	5.228e-05	0.0	0.0	0.0	1.32261e-05	0.0	0.0	0.0	0.0	0.0	1.34927e-05	0.0	0.0	2.7282199999999998e-05	0.0007257450000000001	0.0	0.0	0.0	0.0	0.0	0.0	0.0	0.0	0.0	2.85907e-05	0.0	1.4437699999999999e-05	0.000159633	0.00024801	0.0	0.0	0.0	0.0	0.0	0.0	0.0	0.0	0.0	0.000558926	0.0	0.0	0.0	0.0	0.0
Ssp-CGub_040-Ex1-cssl.clmp.r1r2_fastp	0.0	0.0	0.0333983	0.0	0.0	0.0	0.0	0.0	0.0	0.0	0.0	0.0	0.0	0.0	0.0	0.0	0.0	0.0	0.00185546	0.0	0.0	0.0	0.0	0.0	0.0	0.0	0.0	0.0	0.0	0.0	0.0	0.0	0.0	0.0	0.0	0.0	0.0	0.0	0.0	0.0	0.0	0.0	0.0	0.0	0.0	0.0	0.0	0.0	0.0	0.0	0.0	0.0	0.0	0.0	0.0	0.0	0.0	0.0	0.0	0.0	0.0	0.0	0.0	0.0	0.0	0.0	0.0	0.0	0.0	0.0	0.0	0.0	0.0	0.0	0.0	0.0	0.0	0.0	0.0	0.0	0.0	0.0	0.0	0.0	0.0	0.0	0.0	0.0	0.0	0.0	0.0	0.0	0.0	0.0	0.0	0.0	0.0	0.0	0.0	0.0	0.0	0.0	0.0	0.0	0.0	0.0	0.0	0.0	0.0	0.0	0.0	0.0	0.0	0.0	0.0	0.0	0.0	0.0	0.0	0.0	0.00240258	0.0	0.0	0.0	0.0	0.0	0.0	0.0	0.0	0.0	0.0	0.0	0.0	0.00266852	0.0	0.0	0.0	0.0	0.0	0.0	0.0	0.0	0.0	0.0	0.0	0.0	0.0	0.0	0.0	0.0
Ssp-CGub_041-Ex1-cssl.clmp.r1r2_fastp	0.0	0.00134539	0.0381747	0.0	1.9128800000000002e-05	0.0	0.0	0.0	0.0	0.0	0.0	0.0	0.0	0.0	0.0	1.9128800000000002e-05	0.0	0.0	0.000127525	0.0	0.0	0.0	0.0	6.37627e-06	0.0	0.0	0.0	0.0	0.0	8.28915e-05	0.0	0.0	0.0	0.0	0.0	0.0	0.0	0.0	1.9161400000000003e-05	0.0	0.0	0.0	0.0	0.0	0.0	0.0	0.000121681	0.0	0.0	0.0	0.0	0.0	0.0	0.0	0.000192739	0.0	0.0	0.0	0.0	0.0	0.0	0.0	0.0	0.00038067	0.0	0.0	0.0	0.0	0.0	0.0	6.477590000000001e-06	9.07434e-05	0.0	0.0	0.0	0.0	0.0	0.0	0.0	1.956e-05	3.26285e-05	9.79719e-05	1.30748e-05	2.61747e-05	9.17004e-05	0.0	5.90717e-05	0.000315386	0.000171021	0.0	0.0	0.0	0.0	0.0	0.0	6.63442e-06	0.00043181899999999995	0.0	0.0	0.0	0.0	0.0	0.0	6.0416400000000007e-05	4.0343800000000005e-05	6.73521e-06	4.0481e-05	0.0	0.0	0.0	0.0	0.0	0.0	0.0	0.0	0.0	2.06317e-05	0.0	0.0	6.922410000000001e-06	0.000568915	0.0	0.0	0.0	0.0	0.0	0.0	0.0	0.0	0.0	1.4233100000000001e-05	0.0	2.14771e-05	0.000100533	7.20338e-05	0.0	0.0	0.0	0.0	0.0	0.0	0.0	0.0	7.4758600000000005e-06	0.000405152	0.0	0.0	0.0	0.0	0.0
Ssp-CGub_042-Ex1-cssl.clmp.r1r2_fastp	0.0	0.0009071569999999999	0.027759	0.0	0.0	0.0	0.0	0.0	0.0	0.0	0.0	0.0	0.0	0.0	0.0	0.0	0.0	0.0	0.000181431	0.0	0.0	0.0	0.0	0.0	0.0	0.0	0.0	0.0	0.0	0.00012095400000000001	0.0	0.0	0.0	0.0	0.0	0.0	0.0	0.0	0.0	0.0	0.0	0.0	0.0	0.0	0.0	0.0	0.0	0.0	0.0	0.0	0.0	0.0	0.0	0.0	0.00012186300000000001	0.0	0.0	0.0	0.0	0.0	0.0	0.0	0.0	0.000306095	0.0	0.0	0.0	0.0	0.0	0.0	0.0	6.16156e-05	0.0	0.0	0.0	0.0	0.0	0.0	0.0	0.0	6.24346e-05	0.0	0.0	0.0	0.0	0.0	6.32196e-05	0.0001901	0.000190562	0.0	0.0	0.0	0.0	0.0	0.0	0.0	0.00025973	0.0	0.0	0.0	0.0	0.0	0.0	6.64674e-05	6.67074e-05	0.0	6.72071e-05	0.0	0.0	0.0	0.0	0.0	0.0	0.0	0.0	0.0	0.0	0.0	0.0	0.0	0.000286394	0.0	0.0	0.0	0.0	0.0	0.0	0.0	0.0	0.0	0.0	0.0	0.0	0.0	0.0	0.0	0.0	0.0	0.0	0.0	0.0	0.0	0.0	8.37177e-05	0.000337527	0.0	0.0	0.0	0.0	0.0
Ssp-CGub_043-Ex1-cssl.clmp.r1r2_fastp	0.0	0.00143019	0.0359988	0.0	0.0	0.0	0.0	0.0	0.0	0.0	0.0	0.0	0.0	0.0	0.0	2.5238700000000003e-05	0.0	0.0	0.000151432	0.0	0.0	0.0	0.0	8.412910000000001e-06	0.0	0.0	0.0	0.0	0.0	0.000143019	0.0	0.0	0.0	0.0	0.0	0.0	0.0	0.0	8.4278e-06	0.0	0.0	0.0	0.0	0.0	0.0	0.0	0.000135218	0.0	0.0	0.0	0.0	0.0	8.47154e-06	0.0	0.000203493	0.0	0.0	0.0	0.0	0.0	0.0	0.0	0.0	0.000247009	0.0	0.0	0.0	0.0	0.0	0.0	0.0	0.000102726	0.0	0.0	0.0	0.0	0.0	0.0	0.0	3.44693e-05	0.000120758	6.0439599999999996e-05	0.0	2.59559e-05	0.000251175	8.67077e-06	0.000104165	0.000330243	4.3505400000000005e-05	0.0	0.0	0.0	0.0	0.0	0.0	8.78161e-06	0.000413321	0.0	0.0	0.0	0.0	8.861459999999999e-06	8.87599e-06	9.77986e-05	5.3435899999999994e-05	0.0	5.36286e-05	8.954460000000001e-06	0.0	0.0	0.0	0.0	0.0	0.0	0.0	0.0	2.73649e-05	0.0	0.0	2.7555899999999998e-05	0.000552466	0.0	0.0	0.0	0.0	0.0	0.0	0.0	0.0	0.0	9.46615e-06	0.0	1.9057e-05	9.56106e-05	0.000124722	0.0	0.0	0.0	0.0	0.0	0.0	0.0	0.0	1.9996e-05	0.000471899	0.0	0.0	0.0	0.0	0.0
Ssp-CGub_049-Ex1-cssl.clmp.r1r2_fastp	0.0	0.0027588	0.0220704	0.0	0.0	0.0	0.0	0.0	0.0	0.0	0.0	0.0	0.0	0.0	0.0	0.0	0.0	0.0	0.0	0.0	0.0	0.0	0.0	0.0	0.0	0.0	0.0	0.0	0.0	0.0	0.0	0.0	0.0	0.0	0.0	0.0	0.0	0.0	0.0	0.0	0.0	0.0	0.0	0.0	0.0	0.0	0.0	0.0	0.0	0.0	0.0	0.0	0.0	0.0	0.000928928	0.0	0.0	0.0	0.0	0.0	0.0	0.0	0.0	0.000935655	0.0	0.0	0.0	0.0	0.0	0.0	0.0	0.0	0.0	0.0	0.0	0.0	0.0	0.0	0.0	0.0	0.0	0.0	0.0	0.0	0.0	0.0	0.0	0.0	0.0	0.0	0.0	0.0	0.0	0.0	0.0	0.0	0.0	0.0	0.0	0.0	0.0	0.0	0.0	0.0	0.0	0.0	0.0	0.0	0.0	0.0	0.0	0.0	0.0	0.0	0.0	0.0	0.0	0.0	0.0	0.0	0.0	0.0	0.0	0.0	0.0	0.0	0.0	0.0	0.0	0.0	0.0	0.0	0.0	0.00140677	0.0	0.0	0.0	0.0	0.0	0.0	0.0	0.0	0.0	0.0	0.0	0.0	0.0	0.0	0.0	0.0
Ssp-CGub_050-Ex1-cssl.clmp.r1r2_fastp	0.0	0.000994678	0.0226968	0.0	0.0	0.0	0.0	0.0	0.0	0.0	0.0	0.0	0.0	0.0	0.0	0.0	0.0	0.0	4.5212699999999995e-05	0.0	0.0	0.0	0.0	0.0	0.0	0.0	0.0	0.0	0.0	4.5212699999999995e-05	0.0	0.0	0.0	0.0	0.0	0.0	0.0	0.0	0.0	0.0	0.0	0.0	0.0	0.0	0.0	0.0	4.5405600000000005e-05	0.0	0.0	0.0	0.0	0.0	0.0	0.0	4.55619e-05	0.0	0.0	0.0	0.0	0.0	0.0	0.0	0.0	0.0	0.0	0.0	0.0	0.0	0.0	0.0	0.0	0.0	0.0	0.0	0.0	0.0	0.0	0.0	0.0	0.0	0.000141052	0.0	0.0	0.0	0.00019012600000000002	0.0	9.565189999999999e-05	0.00014393200000000002	0.0	0.0	0.0	0.0	0.0	0.0	0.0	0.0	0.00019832200000000002	0.0	0.0	0.0	0.0	0.0	0.0	0.0	0.0	0.0	0.0	0.0	0.0	0.0	5.29545e-05	0.0	0.0	0.0	0.0	0.0	0.0	0.0	0.0	0.0	0.00033696400000000004	0.0	0.0	0.0	0.0	0.0	0.0	0.0	0.0	0.0	0.0	0.0	0.0	0.0	0.000124215	0.0	0.0	0.0	0.0	0.0	0.0	0.0	0.0	0.0	0.00013599600000000002	0.0	0.0	0.0	0.0	0.0
Ssp-CGub_051-Ex1-cssl.clmp.r1r2_fastp	0.0	0.00107328	0.027627000000000002	0.0	0.0	0.0	0.0	0.0	0.0	0.0	0.0	0.0	0.0	0.0	0.0	0.0	0.0	0.0	0.000159004	0.0	0.0	0.0	0.0	0.0	0.0	0.0	0.0	0.0	0.0	0.000119253	0.0	0.0	0.0	0.0	0.0	0.0	0.0	0.0	0.0	0.0	0.0	0.0	0.0	0.0	0.0	0.0	0.000119688	0.0	0.0	0.0	0.0	0.0	0.0	0.0	0.00012000699999999999	0.0	0.0	0.0	0.0	0.0	0.0	0.0	0.0	0.00012043799999999999	0.0	0.0	0.0	0.0	0.0	0.0	0.0	0.0	0.0	0.0	0.0	0.0	0.0	0.0	0.0	0.0	4.05829e-05	0.0	0.0	0.0	0.000244512	0.0	8.17021e-05	0.000163607	4.0954899999999996e-05	0.0	0.0	0.0	0.0	0.0	0.0	0.0	0.00020729600000000002	0.0	0.0	0.0	0.0	0.0	0.0	0.0	0.0	0.0	8.466189999999999e-05	0.0	0.0	0.0	0.0	0.0	0.0	0.0	0.0	0.0	0.0	0.0	0.0	4.39831e-05	0.000308992	0.0	0.0	0.0	0.0	0.0	0.0	0.0	0.0	0.0	0.0	0.0	0.0	4.6787000000000005e-05	0.0	0.0	0.0	0.0	0.0	0.0	0.0	0.0	0.0	0.0	0.000352975	0.0	0.0	0.0	0.0	0.0
Ssp-CGub_052-Ex1-cssl.clmp.r1r2_fastp	0.0	0.00148774	0.0373329	0.0	0.0	0.0	0.0	0.0	0.0	0.0	0.0	0.0	0.0	0.0	0.0	0.0	0.0	0.0	0.0	0.0	0.0	0.0	0.0	0.0	0.0	0.0	0.0	0.0	0.0	4.64918e-05	0.0	0.0	0.0	0.0	0.0	0.0	0.0	0.0	0.0	0.0	0.0	0.0	0.0	0.0	0.0	0.0	0.000327	0.0	0.0	0.0	0.0	0.0	0.0	4.68558e-05	0.000187515	0.0	0.0	0.0	0.0	0.0	0.0	0.0	0.0	0.000235536	0.0	0.0	0.0	0.0	0.0	0.0	0.0	9.47169e-05	0.0	0.0	0.0	0.0	0.0	0.0	0.0	0.0	0.000143239	0.00019120200000000002	0.0	4.7907599999999995e-05	0.000239807	0.0	9.615889999999999e-05	0.000240699	0.0	0.0	0.0	0.0	0.0	0.0	0.0	0.0	0.00068271	0.0	0.0	0.0	0.0	0.0	0.0	4.9352800000000006e-05	0.0	0.0	4.9632599999999996e-05	0.0	0.0	0.0	0.0	0.0	0.0	0.0	0.0	0.0	5.0740500000000007e-05	0.0	0.0	0.000153392	0.0007177150000000001	0.0	0.0	0.0	0.0	0.0	0.0	0.0	0.0	0.0	0.0	0.0	0.0	0.00010667399999999999	0.00010704900000000001	0.0	0.0	0.0	0.0	0.0	0.0	0.0	0.0	0.0	0.000502318	0.0	0.0	0.0	0.0	0.0
Ssp-CGub_053-Ex1-cssl.clmp.r1r2_fastp	0.0	0.0011777600000000001	0.0355619	0.0	1.63578e-05	0.0	0.0	0.0	0.0	0.0	0.0	0.0	0.0	0.0	0.0	0.0	0.0	0.0	0.000163578	0.0	0.0	0.0	0.0	4.9073500000000004e-05	0.0	0.0	0.0	0.0	0.0	0.000179936	0.0	0.0	0.0	0.0	0.0	0.0	0.0	0.0	1.63896e-05	0.0	0.0	0.0	0.0	0.0	0.0	0.0	9.86357e-05	0.0	0.0	0.0	0.0	0.0	0.0	0.0	0.000247462	0.0	0.0	0.0	0.0	0.0	0.0	0.0	0.0	0.00026528799999999997	0.0	0.0	0.0	0.0	0.0	0.0	0.0	8.33799e-05	0.0	0.0	0.0	0.0	0.0	0.0	0.0	0.0	0.000117843	6.74227e-05	0.0	1.69011e-05	0.000236949	0.0	1.6975e-05	0.00034002200000000005	6.81126e-05	0.0	0.0	0.0	0.0	0.0	0.0	1.72351e-05	0.00043169899999999996	0.0	0.0	0.0	0.0	0.0	0.0	3.50418e-05	1.7561e-05	0.0	7.057e-05	0.0	0.0	0.0	0.0	0.0	0.0	0.0	0.0	0.0	0.0	0.0	0.0	1.82734e-05	0.0006415899999999999	0.0	0.0	0.0	0.0	0.0	0.0	0.0	0.0	0.0	0.0	0.0	0.0	0.000115352	7.72288e-05	0.0	0.0	0.0	0.0	0.0	0.0	0.0	0.0	2.0248e-05	0.00044760400000000005	0.0	0.0	0.0	0.0	0.0
Ssp-CGub_054-Ex1-cssl.clmp.r1r2_fastp	0.0	0.0015077699999999999	0.019965	0.0	0.0	0.0	0.0	0.0	0.0	0.0	0.0	0.0	0.0	0.0	0.0	0.0	0.0	0.0	5.199219999999999e-05	0.0	0.0	0.0	0.0	0.0	0.0	0.0	0.0	0.0	0.0	5.199219999999999e-05	0.0	0.0	0.0	0.0	0.0	0.0	0.0	0.0	0.0	0.0	0.0	0.0	0.0	0.0	0.0	0.0	5.226100000000001e-05	0.0	0.0	0.0	0.0	0.0	0.0	0.0	0.0	0.0	0.0	0.0	0.0	0.0	0.0	0.0	0.0	5.28085e-05	0.0	0.0	0.0	0.0	0.0	0.0	0.0	5.3342300000000006e-05	0.0	0.0	0.0	0.0	0.0	0.0	0.0	0.0	0.0	5.48407e-05	0.0	0.0	0.0	0.0	5.59957e-05	5.62621e-05	0.0	0.0	0.0	0.0	0.0	0.0	0.0	0.0	5.9132900000000004e-05	0.0	0.0	0.0	0.0	0.0	0.0	0.0	0.0	0.0	0.0	0.0	0.0	0.0	0.0	0.0	0.0	0.0	0.0	0.0	0.0	0.0	0.0	0.0	0.00028752599999999997	0.0	0.0	0.0	0.0	0.0	0.0	0.0	0.0	0.0	0.0	0.0	0.0	0.0	8.36814e-05	0.0	0.0	0.0	0.0	0.0	0.0	0.0	0.0	9.34171e-05	0.000189224	0.0	0.0	0.0	0.0	0.0
Ssp-CGub_055-Ex1-cssl.clmp.r1r2_fastp	0.0	0.00040337299999999995	0.0187569	0.0	0.0	0.0	0.0	0.0	0.0	0.0	0.0	0.0	0.0	0.0	0.0	0.0	0.0	0.0	0.000100843	0.0	0.0	0.0	0.0	0.0	0.0	0.0	0.0	0.0	0.0	0.0	0.0	0.0	0.0	0.0	0.0	0.0	0.0	0.0	0.0	0.0	0.0	0.0	0.0	0.0	0.0	0.0	0.00010135999999999999	0.0	0.0	0.0	0.0	0.0	0.0	0.0	0.0	0.0	0.0	0.0	0.0	0.0	0.0	0.0	0.0	0.0	0.0	0.0	0.0	0.0	0.0	0.0	0.0	0.00010375799999999999	0.0	0.0	0.0	0.0	0.0	0.0	0.0	0.0	0.0	0.0	0.0	0.0	0.000108541	0.0	0.000109581	0.00011013900000000001	0.0	0.0	0.0	0.0	0.0	0.0	0.0	0.0	0.000231841	0.0	0.0	0.0	0.0	0.0	0.0	0.0	0.0	0.0	0.000124232	0.0	0.0	0.0	0.0	0.0	0.0	0.0	0.0	0.0	0.0	0.0	0.0	0.0	0.000139738	0.0	0.0	0.0	0.0	0.0	0.0	0.0	0.0	0.0	0.0	0.0	0.0	0.0	0.0	0.0	0.0	0.0	0.0	0.0	0.0	0.0	0.0	0.0	0.0	0.0	0.0	0.0	0.0	0.0
Ssp-CGub_056-Ex1-cssl.clmp.r1r2_fastp	0.0	0.0	0.024001	0.0	0.0	0.0	0.0	0.0	0.0	0.0	0.0	0.0	0.0	0.0	0.0	0.0	0.0	0.0	0.0	0.0	0.0	0.0	0.0	0.0	0.0	0.0	0.0	0.0	0.0	0.0	0.0	0.0	0.0	0.0	0.0	0.0	0.0	0.0	0.0	0.0	0.0	0.0	0.0	0.0	0.0	0.0	0.0	0.0	0.0	0.0	0.0	0.0	0.0	0.0	0.0	0.0	0.0	0.0	0.0	0.0	0.0	0.0	0.0	0.0	0.0	0.0	0.0	0.0	0.0	0.0	0.0	0.0	0.0	0.0	0.0	0.0	0.0	0.0	0.0	0.0	0.0	0.0	0.0	0.0	0.0	0.0	0.0	0.0	0.0	0.0	0.0	0.0	0.0	0.0	0.0	0.0	0.0	0.0	0.0	0.0	0.0	0.0	0.0	0.0	0.0	0.0	0.0	0.0	0.0	0.0	0.0	0.0	0.0	0.0	0.0	0.0	0.0	0.0	0.0	0.0	0.00221862	0.0	0.0	0.0	0.0	0.0	0.0	0.0	0.0	0.0	0.0	0.0	0.0	0.0	0.0	0.0	0.0	0.0	0.0	0.0	0.0	0.0	0.0	0.0	0.0	0.0	0.0	0.0	0.0	0.0
Ssp-CGub_057-Ex1-cssl.clmp.r1r2_fastp	0.0	0.00480619	0.0312402	0.0	0.0	0.0	0.0	0.0	0.0	0.0	0.0	0.0	0.0	0.0	0.0	0.0	0.0	0.0	0.0	0.0	0.0	0.0	0.0	0.0	0.0	0.0	0.0	0.0	0.0	0.0	0.0	0.0	0.0	0.0	0.0	0.0	0.0	0.0	0.0	0.0	0.0	0.0	0.0	0.0	0.0	0.0	0.0	0.0	0.0	0.0	0.0	0.0	0.0	0.0	0.0	0.0	0.0	0.0	0.0	0.0	0.0	0.0	0.0	0.0	0.0	0.0	0.0	0.0	0.0	0.0	0.0	0.0	0.0	0.0	0.0	0.0	0.0	0.0	0.0	0.0	0.0	0.0	0.0	0.0	0.0	0.0	0.0	0.0	0.0	0.0	0.0	0.0	0.0	0.0	0.0	0.0	0.0	0.0	0.0	0.0	0.0	0.0	0.0	0.0	0.0	0.0	0.0	0.0	0.0	0.0	0.0	0.0	0.0	0.0	0.0	0.0	0.0	0.0	0.0	0.0	0.0	0.0	0.0	0.0	0.0	0.0	0.0	0.0	0.0	0.0	0.0	0.0	0.0	0.0	0.0	0.0	0.0	0.0	0.0	0.0	0.0	0.0	0.0	0.0	0.0	0.0	0.0	0.0	0.0	0.0
Ssp-CGub_058-Ex1-cssl.clmp.r1r2_fastp	0.0	0.0009104180000000001	0.031197000000000003	0.0	6.0694500000000006e-05	0.0	0.0	0.0	0.0	0.0	0.0	0.0	0.0	0.0	0.0	0.0	0.0	0.0	0.0	0.0	0.0	0.0	0.0	0.0	0.0	0.0	0.0	0.0	0.0	0.00012138900000000001	0.0	0.0	0.0	0.0	0.0	0.0	0.0	0.0	0.0	0.0	0.0	0.0	0.0	0.0	0.0	0.0	6.09587e-05	0.0	0.0	0.0	0.0	0.0	0.0	0.0	0.000367	0.0	0.0	0.0	0.0	0.0	0.0	0.0	0.0	0.000245855	0.0	0.0	0.0	0.0	0.0	0.0	0.0	0.000123736	0.0	0.0	0.0	0.0	0.0	0.0	0.0	0.0	0.000250766	6.2804e-05	0.0	6.30527e-05	0.00050551	0.0	0.0	0.000445384	0.000127551	0.0	0.0	0.0	0.0	0.0	0.0	0.0	0.000390579	0.0	0.0	0.0	0.0	0.0	0.0	0.000132953	0.00013339300000000002	0.0	0.0	0.0	0.0	0.0	0.0	0.0	0.0	0.0	0.0	0.0	0.0	0.0	0.0	7.05784e-05	0.000283539	0.0	0.0	0.0	0.0	0.0	0.0	0.0	0.0	0.0	0.0	0.0	0.0	0.00015091699999999998	0.000151726	0.0	0.0	0.0	0.0	0.0	0.0	0.0	0.0	8.01916e-05	0.000483744	0.0	0.0	0.0	0.0	0.0
Ssp-CGub_059-Ex1-cssl.clmp.r1r2_fastp	0.0	0.00173169	0.0155852	0.0	0.0	0.0	0.0	0.0	0.0	0.0	0.0	0.0	0.0	0.0	0.0	0.0	0.0	0.0	0.0	0.0	0.0	0.0	0.0	0.0	0.0	0.0	0.0	0.0	0.0	0.0	0.0	0.0	0.0	0.0	0.0	0.0	0.0	0.0	0.0	0.0	0.0	0.0	0.0	0.0	0.0	0.0	0.0	0.0	0.0	0.0	0.0	0.0	0.0	0.0	0.0	0.0	0.0	0.0	0.0	0.0	0.0	0.0	0.0	0.0	0.0	0.0	0.0	0.0	0.0	0.0	0.0	0.0	0.0	0.0	0.0	0.0	0.0	0.0	0.0	0.0	0.0	0.0	0.0	0.0	0.0	0.0	0.0	0.0	0.0	0.0	0.0	0.0	0.0	0.0	0.0	0.0	0.0	0.0	0.0	0.0	0.0	0.0	0.0	0.0	0.0	0.0	0.0	0.0	0.0	0.0	0.0	0.0	0.0	0.0	0.0	0.0	0.0	0.0	0.0	0.0	0.0	0.0	0.0	0.0	0.0	0.0	0.0	0.0	0.0	0.0	0.0	0.0	0.0	0.0	0.0	0.0	0.0	0.0	0.0	0.0	0.0	0.0	0.0	0.0	0.0	0.0	0.0	0.0	0.0	0.0
Ssp-CGub_061-Ex1-cssl.clmp.r1r2_fastp	0.0	0.0008174590000000001	0.0210818	0.0	0.0	0.0	0.0	0.0	0.0	0.0	0.0	0.0	0.0	0.0	0.0	0.0	0.0	0.0	0.0	0.0	0.0	0.0	0.0	0.0	0.0	0.0	0.0	0.0	0.0	4.30242e-05	0.0	0.0	0.0	0.0	0.0	0.0	0.0	0.0	0.0	0.0	0.0	0.0	0.0	0.0	0.0	0.0	8.64344e-05	0.0	0.0	0.0	0.0	0.0	0.0	0.0	0.0	0.0	0.0	0.0	0.0	0.0	0.0	0.0	0.0	8.7321e-05	0.0	0.0	0.0	0.0	0.0	0.0	0.0	0.0	0.0	0.0	0.0	0.0	0.0	0.0	0.0	0.0	4.5367e-05	4.55543e-05	0.0	4.59533e-05	0.000184678	0.0	9.324250000000001e-05	9.37292e-05	0.0	0.0	0.0	0.0	0.0	0.0	0.0	0.0	9.879680000000001e-05	0.0	0.0	0.0	0.0	0.0	0.0	0.0	0.0	0.0	0.0	0.0	0.0	0.0	0.0	0.0	0.0	0.0	0.0	0.0	0.0	0.0	0.0	0.0	0.000178829	0.0	0.0	0.0	0.0	0.0	0.0	0.0	0.0	0.0	0.0	0.0	0.0	0.0	6.87207e-05	0.0	0.0	0.0	0.0	0.0	0.0	0.0	0.0	0.0	7.80076e-05	0.0	0.0	0.0	0.0	0.0
Ssp-CGub_065-Ex1-cssl.clmp.r1r2_fastp	0.0	0.000810409	0.028489	0.0	0.0	0.0	0.0	0.0	0.0	0.0	0.0	0.0	0.0	0.0	0.0	0.0	0.0	0.0	9.35088e-05	0.0	0.0	0.0	0.0	3.11696e-05	0.0	0.0	0.0	0.0	0.0	3.11696e-05	0.0	0.0	0.0	0.0	0.0	0.0	0.0	0.0	3.12242e-05	0.0	0.0	0.0	0.0	0.0	0.0	0.0	0.000125255	0.0	0.0	0.0	0.0	0.0	0.0	0.0	6.28532e-05	0.0	0.0	0.0	0.0	0.0	0.0	0.0	0.0	0.000189584	0.0	0.0	0.0	0.0	0.0	0.0	0.0	3.18443e-05	0.0	0.0	0.0	0.0	0.0	0.0	0.0	0.0	3.23508e-05	3.2422500000000003e-05	0.0	0.0	6.53134e-05	0.0	3.28326e-05	0.000263399	9.904980000000001e-05	0.0	0.0	0.0	0.0	0.0	0.0	0.0	0.00047404600000000005	0.0	0.0	0.0	0.0	0.0	0.0	0.0	0.0	0.0	3.51704e-05	0.0	0.0	0.0	0.0	0.0	0.0	0.0	0.0	0.0	3.6816399999999995e-05	0.0	0.0	3.73832e-05	0.000563722	0.0	0.0	0.0	0.0	0.0	0.0	0.0	0.0	0.0	0.0	0.0	0.0	4.06202e-05	0.00012268400000000002	0.0	0.0	0.0	0.0	0.0	0.0	0.0	0.0	4.3886e-05	0.000309541	0.0	0.0	0.0	0.0	0.0
Ssp-CGub_066-Ex1-cssl.clmp.r1r2_fastp	0.0	0.000973303	0.0315949	0.0	0.0	0.0	0.0	0.0	0.0	0.0	0.0	0.0	0.0	0.0	0.0	7.48695e-05	0.0	0.0	7.48695e-05	0.0	0.0	0.0	0.0	3.7434699999999996e-05	0.0	0.0	0.0	0.0	0.0	0.000187174	0.0	0.0	0.0	0.0	0.0	0.0	0.0	0.0	3.74991e-05	0.0	0.0	0.0	0.0	0.0	0.0	0.0	3.75991e-05	0.0	0.0	0.0	0.0	0.0	0.0	0.0	0.000113153	0.0	0.0	0.0	0.0	0.0	0.0	0.0	0.0	0.00015153699999999998	0.0	0.0	0.0	0.0	0.0	0.0	0.0	0.0	0.0	0.0	0.0	0.0	0.0	0.0	0.0	3.83284e-05	7.67383e-05	0.000153645	0.0	3.84979e-05	0.00019272099999999997	0.0	3.86382e-05	0.000270815	3.87385e-05	0.0	0.0	0.0	0.0	0.0	0.0	3.91515e-05	0.000549014	0.0	0.0	0.0	0.0	0.0	0.0	7.945100000000001e-05	3.98047e-05	0.0	7.994190000000001e-05	0.0	0.0	0.0	0.0	0.0	0.0	0.0	0.0	0.0	0.0	0.0	0.0	0.0	0.000538457	0.0	0.0	0.0	0.0	0.0	0.0	0.0	0.0	0.0	0.0	0.0	0.0	0.000130174	8.71513e-05	0.0	0.0	0.0	0.0	0.0	0.0	0.0	0.0	4.57012e-05	0.000642939	0.0	0.0	0.0	0.0	0.0
Ssp-CGub_067-Ex1-cssl.clmp.r1r2_fastp	0.0	0.000974742	0.028030999999999997	0.0	0.0	0.0	0.0	0.0	0.0	0.0	0.0	0.0	0.0	0.0	0.0	2.15017e-05	0.0	0.0	7.16722e-05	0.0	0.0	0.0	0.0	0.0	0.0	0.0	0.0	0.0	0.0	7.16722e-05	0.0	0.0	0.0	0.0	0.0	0.0	0.0	0.0	1.43583e-05	0.0	0.0	0.0	0.0	0.0	0.0	0.0	2.8794599999999997e-05	0.0	0.0	0.0	0.0	0.0	0.0	0.0	0.00010110900000000001	0.0	0.0	0.0	0.0	0.0	0.0	0.0	0.0	5.80467e-05	0.0	0.0	0.0	0.0	0.0	0.0	0.0	2.18985e-05	0.0	0.0	0.0	0.0	0.0	0.0	0.0	0.0	3.6909599999999996e-05	5.9149599999999994e-05	1.48121e-05	2.22563e-05	0.00015607999999999998	0.0	4.47659e-05	0.000216808	7.49188e-06	0.0	0.0	0.0	0.0	0.0	0.0	1.5239800000000001e-05	0.00026743	0.0	0.0	0.0	0.0	0.0	0.0	0.0	0.0	0.0	5.5233600000000006e-05	0.0	0.0	0.0	8.01325e-06	0.0	0.0	0.0	0.0	0.0	2.46664e-05	0.0	0.0	0.0	0.00035189899999999997	0.0	0.0	0.0	0.0	0.0	0.0	0.0	0.0	0.0	1.76614e-05	0.0	0.0	6.29139e-05	6.329669999999999e-05	0.0	0.0	0.0	0.0	0.0	0.0	0.0	0.0	0.0	0.000331385	0.0	0.0	0.0	0.0	0.0
Ssp-CGub_070-Ex1-cssl.clmp.r1r2_fastp	0.0	0.00118492	0.031119699999999997	0.0	0.0	0.0	0.0	0.0	0.0	0.0	0.0	0.0	0.0	0.0	0.0	0.000124728	0.0	0.0	6.2364e-05	0.0	0.0	0.0	0.0	6.2364e-05	0.0	0.0	0.0	0.0	0.0	0.000187092	0.0	0.0	0.0	0.0	0.0	0.0	0.0	0.0	0.0	0.0	0.0	0.0	0.0	0.0	0.0	0.0	0.000125279	0.0	0.0	0.0	0.0	0.0	0.0	0.0	0.000125681	0.0	0.0	0.0	0.0	0.0	0.0	0.0	0.0	0.0	0.0	0.0	0.0	0.0	0.0	0.0	0.0	0.00012684599999999998	0.0	0.0	0.0	0.0	0.0	0.0	0.0	0.0	0.0	6.39848e-05	0.0	0.0	6.42151e-05	0.0	0.000128768	0.000386836	6.456639999999999e-05	0.0	0.0	0.0	0.0	0.0	6.51988e-05	0.0	0.000588915	0.0	0.0	0.0	0.0	0.0	0.0	0.0	0.0	0.0	6.68321e-05	0.0	0.0	0.0	6.75136e-05	0.0	0.0	0.0	0.0	0.0	0.000137362	0.0	0.0	0.0	0.000487044	0.0	0.0	0.0	0.0	0.0	0.0	0.0	0.0	0.0	0.0	7.25942e-05	0.0	0.000219722	7.3582e-05	0.0	0.0	0.0	0.0	0.0	0.0	0.0	0.0	0.0	0.000543509	0.0	0.0	0.0	0.0	0.0
Ssp-CGub_073-Ex1-cssl.clmp.r1r2_fastp	0.0	0.000773081	0.0219684	0.0	0.0	0.0	0.0	0.0	0.0	0.0	0.0	0.0	0.0	0.0	0.0	0.0	0.0	0.0	6.44234e-05	0.0	0.0	0.0	0.0	0.0	0.0	0.0	0.0	0.0	0.0	0.0	0.0	0.0	0.0	0.0	0.0	0.0	0.0	0.0	0.0	0.0	0.0	0.0	0.0	0.0	0.0	0.0	6.47597e-05	0.0	0.0	0.0	0.0	0.0	0.0	0.0	0.000130078	0.0	0.0	0.0	0.0	0.0	0.0	0.0	0.0	6.548800000000001e-05	0.0	0.0	0.0	0.0	0.0	0.0	0.0	0.0	0.0	0.0	0.0	0.0	0.0	0.0	0.0	0.0	0.0	0.0	0.0	0.0	0.0	0.0	0.0	0.000209616	0.0	0.0	0.0	0.0	0.0	0.0	0.0	0.0	7.319230000000001e-05	0.0	0.0	0.0	0.0	0.0	0.0	7.63743e-05	7.68845e-05	0.0	0.0	0.0	0.0	0.0	0.0	0.0	0.0	0.0	0.0	0.0	0.0	0.0	0.0	0.0	8.696669999999999e-05	0.0	0.0	0.0	0.0	0.0	0.0	0.0	0.0	0.0	0.0	0.0	0.0	0.0	0.0	0.0	0.0	0.0	0.0	0.0	0.0	0.0	0.0	0.0	0.00011171000000000001	0.0	0.0	0.0	0.0	0.0
Ssp-CGub_076-Ex1-cssl.clmp.r1r2_fastp	0.0	0.0	0.027577199999999996	0.0	0.0	0.0	0.0	0.0	0.0	0.0	0.0	0.0	0.0	0.0	0.0	0.0	0.0	0.0	0.0	0.0	0.0	0.0	0.0	0.0	0.0	0.0	0.0	0.0	0.0	0.0	0.0	0.0	0.0	0.0	0.0	0.0	0.0	0.0	0.0	0.0	0.0	0.0	0.0	0.0	0.0	0.0	0.0	0.0	0.0	0.0	0.0	0.0	0.0	0.0	0.0	0.0	0.0	0.0	0.0	0.0	0.0	0.0	0.0	0.0	0.0	0.0	0.0	0.0	0.0	0.0	0.0	0.0	0.0	0.0	0.0	0.0	0.0	0.0	0.0	0.0	0.0	0.0	0.0	0.0	0.0	0.0	0.0	0.0	0.0	0.0	0.0	0.0	0.0	0.0	0.0	0.0	0.0	0.0	0.0	0.0	0.0	0.0	0.0	0.0	0.0	0.0	0.0	0.0	0.0	0.0	0.0	0.0	0.0	0.0	0.0	0.0	0.0	0.0	0.0	0.0	0.0	0.0	0.0	0.0	0.0	0.0	0.0	0.0	0.0	0.0	0.0	0.0	0.0	0.0	0.0	0.0	0.0	0.0	0.0	0.0	0.0	0.0	0.0	0.0	0.0	0.0	0.0	0.0	0.0	0.0
Ssp-CGub_077-Ex1-cssl.clmp.r1r2_fastp	0.0	0.00103008	0.0279639	0.0	0.0	0.0	0.0	0.0	0.0	0.0	0.0	0.0	0.0	0.0	0.0	1.0842899999999999e-05	0.0	0.0	0.000108429	0.0	0.0	0.0	0.0	1.0842899999999999e-05	0.0	0.0	0.0	0.0	0.0	0.000130115	0.0	1.0842899999999999e-05	0.0	0.0	0.0	0.0	0.0	0.0	1.0861299999999999e-05	0.0	0.0	0.0	0.0	0.0	0.0	1.08875e-05	3.26755e-05	0.0	0.0	0.0	0.0	0.0	0.0	0.0	9.837260000000001e-05	0.0	0.0	0.0	0.0	0.0	0.0	0.0	0.0	0.00019775499999999998	0.0	0.0	0.0	0.0	0.0	0.0	1.10518e-05	4.42555e-05	0.0	0.0	0.0	0.0	0.0	0.0	0.0	1.1199699999999999e-05	0.00010099399999999999	5.6220699999999995e-05	1.1267799999999999e-05	2.25856e-05	0.00020373399999999998	0.0	2.2746e-05	0.00023942299999999997	5.71514e-05	0.0	0.0	0.0	0.0	0.0	0.0	1.16608e-05	0.00024564899999999997	0.0	0.0	0.0	0.0	0.0	0.0	2.39579e-05	2.40465e-05	0.0	2.42302e-05	0.0	0.0	0.0	0.0	0.0	0.0	0.0	0.0	0.0	3.79032e-05	0.0	0.0	1.28114e-05	0.000283207	0.0	0.0	0.0	0.0	0.0	0.0	0.0	0.0	0.0	0.0	0.0	0.0	9.65649e-05	2.7756e-05	0.0	0.0	0.0	0.0	0.0	0.0	0.0	0.0	1.4824100000000001e-05	0.000194158	0.0	0.0	0.0	0.0	0.0
Ssp-CGub_078-Ex1-cssl.clmp.r1r2_fastp	0.0	0.000655733	0.0139343	0.0	0.0	0.0	0.0	0.0	0.0	0.0	0.0	0.0	0.0	0.0	0.0	0.0	0.0	0.0	0.0	0.0	0.0	0.0	0.0	0.0	0.0	0.0	0.0	0.0	0.0	0.000327867	0.0	0.0	0.0	0.0	0.0	0.0	0.0	0.0	0.0	0.0	0.0	0.0	0.0	0.0	0.0	0.0	0.0	0.0	0.0	0.0	0.0	0.0	0.0	0.0	0.0	0.0	0.0	0.0	0.0	0.0	0.0	0.0	0.0	0.0	0.0	0.0	0.0	0.0	0.0	0.0	0.0	0.0	0.0	0.0	0.0	0.0	0.0	0.0	0.0	0.0	0.0	0.00017920299999999998	0.0	0.0	0.0	0.0	0.0	0.000188328	0.0	0.0	0.0	0.0	0.0	0.0	0.0	0.0	0.0	0.0	0.0	0.0	0.0	0.0	0.0	0.0	0.0	0.0	0.0	0.0	0.0	0.0	0.0	0.0	0.0	0.0	0.0	0.0	0.0	0.0	0.0	0.0	0.0	0.0	0.0	0.0	0.0	0.0	0.0	0.0	0.0	0.0	0.0	0.0	0.0	0.0	0.0	0.0	0.0	0.0	0.0	0.0	0.0	0.0	0.0	0.0	0.0	0.0	0.0	0.0	0.0	0.0
Ssp-CGub_080-Ex1-cssl.clmp.r1r2_fastp	0.0	0.00149441	0.0378299	0.0	1.42325e-05	0.0	0.0	0.0	0.0	0.0	0.0	0.0	0.0	0.0	0.0	0.0	0.0	0.0	0.000142325	0.0	0.0	0.0	0.0	1.42325e-05	0.0	0.0	0.0	0.0	0.0	7.116240000000001e-05	0.0	0.0	0.0	0.0	0.0	0.0	0.0	0.0	2.85166e-05	0.0	0.0	0.0	0.0	0.0	0.0	0.0	0.000128696	0.0	0.0	0.0	0.0	0.0	0.0	1.43415e-05	0.000229572	0.0	0.0	0.0	0.0	0.0	0.0	0.0	0.0	0.000317124	0.0	0.0	0.0	0.0	0.0	0.0	1.44772e-05	5.79485e-05	0.0	0.0	0.0	0.0	0.0	0.0	1.4565599999999998e-05	1.45783e-05	0.00020428000000000002	0.000131442	1.46182e-05	4.38959e-05	0.000556564	1.46614e-05	7.33813e-05	0.00047014600000000006	0.000147082	0.0	0.0	0.0	0.0	0.0	0.0	2.9658000000000003e-05	0.000593924	0.0	0.0	0.0	0.0	0.0	1.49699e-05	5.9966699999999996e-05	3.00279e-05	0.0	9.03611e-05	0.0	0.0	0.0	0.0	0.0	0.0	0.0	0.0	0.0	1.53271e-05	0.0	1.53888e-05	3.08412e-05	0.000664504	0.0	0.0	0.0	0.0	0.0	0.0	0.0	0.0	0.0	3.16565e-05	0.0	1.59186e-05	0.000143693	9.60805e-05	0.0	0.0	0.0	0.0	0.0	0.0	0.0	1.6534e-05	0.0	0.00043252700000000004	0.0	0.0	0.0	0.0	0.0
Ssp-CGub_082-Ex1-cssl.clmp.r1r2_fastp	0.0	0.000638336	0.0219428	0.0	0.0	0.0	0.0	0.0	0.0	0.0	0.0	0.0	0.0	0.0	0.0	0.0	0.0	0.0	0.0	0.0	0.0	0.0	0.0	0.0	0.0	0.0	0.0	0.0	0.0	7.9792e-05	0.0	0.0	0.0	0.0	0.0	0.0	0.0	0.0	0.0	0.0	0.0	0.0	0.0	0.0	0.0	0.0	0.0	0.0	0.0	0.0	0.0	0.0	0.0	0.0	0.0	0.0	0.0	0.0	0.0	0.0	0.0	0.0	0.0	8.0776e-05	0.0	0.0	0.0	0.0	0.0	0.0	0.0	0.0	0.0	0.0	0.0	0.0	0.0	0.0	0.0	0.0	0.000166496	0.0	0.0	0.0	0.0	0.0	0.0	0.0	0.0	0.0	0.0	0.0	0.0	0.0	0.0	0.0	0.000178193	0.0	0.0	0.0	0.0	0.0	0.0	0.0	0.0	0.0	9.45149e-05	0.0	0.0	0.0	0.0	0.0	0.0	0.0	0.0	0.0	0.0	0.0	0.0	0.0	0.00031484199999999996	0.0	0.0	0.0	0.0	0.0	0.0	0.0	0.0	0.0	0.0	0.0	0.0	0.000118768	0.0	0.0	0.0	0.0	0.0	0.0	0.0	0.0	0.0	0.0	0.0005414910000000001	0.0	0.0	0.0	0.0	0.0
Ssp-CGub_085-Ex1-cssl.clmp.r1r2_fastp	0.0	0.0009575709999999999	0.0168835	0.0	0.0	0.0	0.0	0.0	0.0	0.0	0.0	0.0	0.0	0.0	0.0	0.0	0.0	0.0	5.0398499999999995e-05	0.0	0.0	0.0	0.0	2.51992e-05	0.0	0.0	0.0	0.0	0.0	0.00010079699999999999	0.0	0.0	0.0	0.0	0.0	0.0	0.0	0.0	0.0	0.0	0.0	0.0	0.0	0.0	0.0	0.0	5.06296e-05	0.0	0.0	0.0	0.0	0.0	0.0	0.0	2.54157e-05	0.0	0.0	0.0	0.0	0.0	0.0	0.0	0.0	5.11937e-05	0.0	0.0	0.0	0.0	0.0	0.0	0.0	0.0	0.0	0.0	0.0	0.0	0.0	0.0	0.0	0.0	2.6912999999999998e-05	0.0	0.0	0.0	8.26791e-05	0.0	0.0	0.00011249499999999999	5.66557e-05	0.0	0.0	0.0	0.0	0.0	0.0	0.0	0.000211576	0.0	0.0	0.0	0.0	0.0	0.0	0.0	0.0	0.0	3.32583e-05	0.0	0.0	0.0	0.0	0.0	0.0	0.0	0.0	0.0	3.71204e-05	0.0	0.0	0.0	0.000389124	0.0	0.0	0.0	0.0	0.0	0.0	0.0	0.0	0.0	0.0	0.0	0.0	4.60486e-05	0.0	0.0	0.0	0.0	0.0	0.0	0.0	0.0	0.0	0.0	0.000164878	0.0	0.0	0.0	0.0	0.0
Ssp-CGub_089-Ex1-cssl.clmp.r1r2_fastp	0.0	0.00110071	0.024949500000000003	0.0	0.0	0.0	0.0	0.0	0.0	0.0	0.0	0.0	0.0	0.0	0.0	0.0	0.0	0.0	0.0	0.0	0.0	0.0	0.0	0.0	0.0	0.0	0.0	0.0	0.0	0.00010483	0.0	0.0	0.0	0.0	0.0	0.0	0.0	0.0	0.0	0.0	0.0	0.0	0.0	0.0	0.0	0.0	0.0	0.0	0.0	0.0	0.0	0.0	0.0	0.0	0.000105617	0.0	0.0	0.0	0.0	0.0	0.0	0.0	0.0	0.00010615299999999998	0.0	0.0	0.0	0.0	0.0	0.0	0.0	0.0	0.0	0.0	0.0	0.0	0.0	0.0	0.0	0.0	5.43086e-05	0.0	0.0	5.47026e-05	0.000383923	0.0	5.51511e-05	0.00011061799999999999	5.54747e-05	0.0	0.0	0.0	0.0	0.0	0.0	5.68169e-05	0.000342192	0.0	0.0	0.0	0.0	0.0	0.0	5.87209e-05	0.0	0.0	0.00023822100000000002	0.0	0.0	0.0	0.0	0.0	0.0	0.0	0.0	0.0	6.28482e-05	0.0	0.0	6.40191e-05	0.000450995	0.0	0.0	0.0	0.0	0.0	0.0	0.0	0.0	0.0	0.0	0.0	0.0	0.0	7.13262e-05	0.0	0.0	0.0	0.0	0.0	0.0	0.0	0.0	0.0	0.00031263899999999997	0.0	0.0	0.0	0.0	0.0
Ssp-CGub_090-Ex1-cssl.clmp.r1r2_fastp	0.0	0.00170935	0.0399522	0.0	1.55396e-05	0.0	0.0	0.0	0.0	0.0	0.0	0.0	0.0	0.0	0.0	0.0	0.0	0.0	7.76978e-05	0.0	0.0	0.0	0.0	1.55396e-05	0.0	0.0	0.0	0.0	0.0	0.000202014	0.0	3.10791e-05	0.0	0.0	0.0	0.0	0.0	0.0	3.11477e-05	0.0	0.0	0.0	0.0	0.0	0.0	0.0	9.37719e-05	0.0	0.0	0.0	0.0	0.0	0.0	1.56863e-05	0.000266818	0.0	0.0	0.0	0.0	0.0	0.0	0.0	0.0	0.000220977	0.0	0.0	0.0	0.0	0.0	0.0	0.0	9.52913e-05	0.0	0.0	0.0	0.0	0.0	0.0	0.0	3.2007999999999996e-05	0.00020828000000000003	6.415859999999999e-05	0.0	4.82329e-05	0.000434634	0.0	9.68316e-05	0.00048478700000000003	8.09078e-05	0.0	0.0	0.0	0.0	0.0	0.0	0.0	0.000556689	0.0	0.0	0.0	0.0	0.0	0.0	4.97112e-05	6.64064e-05	0.0	3.33327e-05	0.0	0.0	0.0	1.68035e-05	0.0	0.0	0.0	0.0	0.0	0.0	0.0	0.0	1.71662e-05	0.000740075	0.0	0.0	0.0	0.0	0.0	0.0	0.0	0.0	0.0	1.7730400000000002e-05	0.0	0.0	0.00012541899999999999	0.000161836	0.0	0.0	0.0	0.0	0.0	0.0	0.0	0.0	3.7460100000000004e-05	0.0006955829999999999	0.0	0.0	0.0	0.0	0.0
Ssp-CGub_091-Ex1-cssl.clmp.r1r2_fastp	0.0	0.0	0.019894	0.0	0.0	0.0	0.0	0.0	0.0	0.0	0.0	0.0	0.0	0.0	0.0	0.0	0.0	0.0	0.0	0.0	0.0	0.0	0.0	0.0	0.0	0.0	0.0	0.0	0.0	0.0	0.0	0.0	0.0	0.0	0.0	0.0	0.0	0.0	0.0	0.0	0.0	0.0	0.0	0.0	0.0	0.0	0.0	0.0	0.0	0.0	0.0	0.0	0.0	0.0	0.0	0.0	0.0	0.0	0.0	0.0	0.0	0.0	0.0	0.0	0.0	0.0	0.0	0.0	0.0	0.0	0.0	0.0	0.0	0.0	0.0	0.0	0.0	0.0	0.0	0.0	0.0	0.0	0.0	0.0	0.0	0.0	0.0	0.0	0.0	0.0	0.0	0.0	0.0	0.0	0.0	0.0	0.0	0.0	0.0	0.0	0.0	0.0	0.0	0.0	0.0	0.0	0.0	0.0	0.0	0.0	0.0	0.0	0.0	0.0	0.0	0.0	0.0	0.0	0.0	0.0	0.0	0.0	0.0	0.0	0.0	0.0	0.0	0.0	0.0	0.0	0.0	0.0	0.0	0.0	0.0	0.0	0.0	0.0	0.0	0.0	0.0	0.0	0.0	0.0	0.0	0.0	0.0	0.0	0.0	0.0
Ssp-CGub_092-Ex1-cssl.clmp.r1r2_fastp	0.0	0.0013341	0.0355163	0.0	0.0	0.0	0.0	0.0	0.0	0.0	0.0	0.0	0.0	0.0	0.0	0.0	0.0	0.0	0.000113886	0.0	0.0	0.0	0.0	4.88084e-05	0.0	0.0	0.0	0.0	0.0	0.000162695	0.0	0.0	0.0	0.0	0.0	0.0	0.0	0.0	1.6302199999999998e-05	0.0	0.0	0.0	0.0	0.0	0.0	0.0	0.000114466	0.0	0.0	0.0	0.0	0.0	0.0	0.0	0.000229752	0.0	0.0	0.0	0.0	0.0	0.0	0.0	0.0	0.00023086300000000002	0.0	0.0	0.0	0.0	0.0	0.0	0.0	4.9743699999999996e-05	0.0	0.0	0.0	0.0	0.0	0.0	0.0	1.67031e-05	0.000100327	0.000100436	1.67576e-05	3.35548e-05	0.00020156799999999998	0.0	0.000151557	0.000354095	0.00010130699999999998	0.0	0.0	0.0	0.0	0.0	0.0	3.41177e-05	0.000615103	0.0	0.0	0.0	0.0	0.0	0.0	3.4598700000000005e-05	1.7333300000000002e-05	0.0	1.74032e-05	0.0	0.0	0.0	0.0	0.0	0.0	0.0	0.0	0.0	5.34191e-05	0.0	0.0	3.5896700000000005e-05	0.000575949	0.0	0.0	0.0	0.0	0.0	0.0	0.0	0.0	0.0	1.85739e-05	0.0	0.0	9.391199999999999e-05	5.6562700000000006e-05	0.0	0.0	0.0	0.0	0.0	0.0	0.0	0.0	3.93925e-05	0.00039561	0.0	0.0	0.0	0.0	0.0
Ssp-CGub_094-Ex1-cssl.clmp.r1r2_fastp	0.0	0.00103914	0.025303100000000002	0.0	0.0	0.0	0.0	0.0	0.0	0.0	0.0	0.0	0.0	0.0	0.0	0.0	0.0	0.0	0.000155871	0.0	0.0	0.0	0.0	0.0	0.0	0.0	0.0	0.0	0.0	5.1957100000000004e-05	0.0	0.0	0.0	0.0	0.0	0.0	0.0	0.0	0.0	0.0	0.0	0.0	0.0	0.0	0.0	0.0	0.00010435	0.0	0.0	0.0	0.0	0.0	0.0	0.0	0.000157078	0.0	0.0	0.0	0.0	0.0	0.0	0.0	0.0	0.00015788	0.0	0.0	0.0	0.0	0.0	0.0	0.0	0.0	0.0	0.0	0.0	0.0	0.0	0.0	0.0	5.36771e-05	0.0	0.0	0.0	5.41162e-05	0.00010847500000000001	0.0	5.44875e-05	0.00038236199999999997	5.47606e-05	0.0	0.0	0.0	0.0	0.0	0.0	0.0	0.00022394300000000002	0.0	0.0	0.0	0.0	0.0	0.0	5.728579999999999e-05	5.7493299999999994e-05	0.0	5.7923699999999996e-05	0.0	0.0	0.0	0.0	0.0	0.0	0.0	0.0	0.0	0.0	0.0	0.0	0.0	0.000308059	0.0	0.0	0.0	0.0	0.0	0.0	0.0	0.0	0.0	0.0	0.0	6.60815e-05	6.653280000000001e-05	0.0	0.0	0.0	0.0	0.0	0.0	0.0	0.0	0.0	0.0	0.00036351	0.0	0.0	0.0	0.0	0.0
Ssp-CGub_095-Ex1-cssl.clmp.r1r2_fastp	0.0	0.0010574	0.024492399999999998	0.0	0.0	0.0	0.0	0.0	0.0	0.0	0.0	0.0	0.0	0.0	0.0	2.4590699999999998e-05	0.0	0.0	9.83629e-05	0.0	0.0	0.0	0.0	2.4590699999999998e-05	0.0	0.0	0.0	0.0	0.0	0.0	0.0	0.0	0.0	0.0	0.0	0.0	0.0	0.0	2.46278e-05	0.0	0.0	0.0	0.0	0.0	0.0	0.0	4.937810000000001e-05	0.0	0.0	0.0	0.0	0.0	0.0	0.0	0.000123839	0.0	0.0	0.0	0.0	0.0	0.0	0.0	0.0	0.000149361	0.0	0.0	0.0	0.0	0.0	0.0	0.0	5.01773e-05	0.0	0.0	0.0	0.0	0.0	0.0	0.0	0.0	7.65303e-05	5.1143699999999996e-05	0.0	0.0	0.00023194400000000001	0.0	0.00012959200000000002	0.000155976	2.60768e-05	0.0	0.0	0.0	0.0	0.0	0.0	0.0	0.000160811	0.0	0.0	0.0	0.0	0.0	0.0	2.75655e-05	0.0	0.0	2.7934800000000002e-05	0.0	0.0	0.0	0.0	0.0	0.0	0.0	0.0	0.0	2.93632e-05	0.0	0.0	0.0	0.000270251	0.0	0.0	0.0	0.0	0.0	0.0	0.0	0.0	0.0	0.0	0.0	3.24148e-05	9.79448e-05	3.28897e-05	0.0	0.0	0.0	0.0	0.0	0.0	0.0	0.0	0.0	0.00021553100000000003	0.0	0.0	0.0	0.0	0.0
Ssp-CGub_096-Ex1-cssl.clmp.r1r2_fastp	0.0	0.00137744	0.0323024	0.0	0.0	0.0	0.0	0.0	0.0	0.0	0.0	0.0	0.0	0.0	0.0	0.0	0.0	0.0	0.00016205199999999999	0.0	0.0	0.0	0.0	0.0	0.0	0.0	0.0	0.0	0.0	0.000135043	0.0	0.0	0.0	0.0	0.0	0.0	0.0	0.0	2.70548e-05	0.0	0.0	0.0	0.0	0.0	0.0	0.0	8.13849e-05	0.0	0.0	0.0	0.0	0.0	0.0	2.7204e-05	8.16472e-05	0.0	0.0	0.0	0.0	0.0	0.0	0.0	2.73239e-05	0.000273392	0.0	0.0	0.0	0.0	0.0	0.0	0.0	5.49619e-05	0.0	0.0	0.0	0.0	0.0	0.0	0.0	0.0	0.000249373	2.7738400000000002e-05	2.7769300000000002e-05	2.78015e-05	0.000361862	0.0	5.5813399999999997e-05	0.0005309290000000001	0.00011192899999999999	0.0	0.0	0.0	0.0	0.0	0.0	0.0	0.000339936	0.0	0.0	0.0	0.0	0.0	0.0	0.0	0.0	0.0	8.66208e-05	0.0	0.0	0.0	0.0	0.0	0.0	0.0	0.0	0.0	0.0	0.0	0.0	2.98213e-05	0.000508452	0.0	0.0	0.0	0.0	0.0	0.0	0.0	0.0	0.0	3.0936400000000004e-05	0.0	0.0	0.0	9.43533e-05	0.0	0.0	0.0	0.0	0.0	0.0	0.0	0.0	0.0	0.00033201000000000004	0.0	0.0	0.0	0.0	0.0
