Sample	1	2	3	4	5	6	7	8	9	10	11	12	13	14	15	16	17	18	19	20	21	22	23	24	25	26	27	28	29	30	31	32	33	34	35	36	37	38	39	40	41	42	43	44	45	46	47	48	49	50	51	52	53	54	55	56	57	58	59	60	61	62	63	64	65	66	67	68	69	70	71	72	73	74	75	76	77	78	79	80	81	82	83	84	85	86	87	88	89	90	91	92	93	94	95	96	97	98	99	100	101	102	103	104	105	106	107	108	109	110	111	112	113	114	115	116	117	118	119	120	121	122	123	124	125	126	127	128	129	130	131	132	133	134	135	136	137	138	139	140	141	142	143	144	145	146	147	148	149	150
Ssp-AAtu_005-Ex1-cssl.clmp.r1r2_fastp	0.0312669	0.0	0.000319051	0.0	0.0	0.0	0.0	0.0	0.0	0.0	0.0	0.0	0.0	0.0	0.0	0.0	0.0	0.0	0.0	0.0	0.0	0.0	0.0	0.00446671	0.0	0.0	0.0	0.0	0.0	0.0	0.0	0.0	0.0	0.0	0.0	0.0	0.0	0.0	0.0	0.0	0.0	0.0	0.0	0.0	0.0	0.0	0.0	0.0	0.0016041699999999998	0.0	0.0	0.0	0.0	0.0	0.0	0.0	0.0	0.0	0.0	0.0	0.0	0.0	0.0	0.0	0.0	0.0	0.0	0.0	0.0	0.0	0.0	0.0	0.0	0.0030564600000000004	0.0	0.0	0.0	0.0	0.0	0.0	0.0	0.0	0.0	0.0	0.0	0.0	0.0	0.0	0.0	0.0	0.0	0.0	0.0	0.0	0.0	0.0	0.0	0.0	0.0	0.00361965	0.0	0.0	0.0	0.0	0.0	0.0	0.0	0.0	0.0	0.0	0.0	0.0	0.0	0.0	0.0	0.0	0.0	0.0	0.0	0.0	0.0	0.0	0.0	0.0	0.00401692	0.0	0.0	0.0	0.0	0.0	0.0	0.0	0.0	0.0	0.0	0.0	0.0	0.0	0.0	0.0	0.0	0.0	0.0	0.0	0.0	0.0	0.0	0.0	0.0	0.0
Ssp-AAtu_006-Ex1-cssl.clmp.r1r2_fastp	0.0305663	0.0	0.0	0.0	0.0	0.0	0.0021449999999999998	0.0	0.0	0.0021449999999999998	0.0	0.0	0.0	0.0	0.0	0.0	0.0	0.0	0.0	0.0	0.0	0.0	0.0	0.00482625	0.0	0.0	0.0	0.0	0.0	0.0	0.0	0.0021449999999999998	0.000536251	0.0	0.0	0.0	0.0	0.0	0.0	0.0	0.0	0.0	0.0	0.0	0.0	0.0	0.0	0.0	0.0	0.0	0.0	0.0	0.0	0.0	0.0	0.0	0.0	0.0	0.0	0.0	0.0	0.0	0.0	0.0	0.0	0.0	0.000549475	0.0	0.0	0.0	0.0	0.0	0.0	0.0028481400000000003	0.0	0.0	0.0	0.0	0.0	0.0	0.0	0.0	0.0	0.0	0.0	0.0	0.0	0.0	0.0	0.0	0.0	0.000695285	0.0	0.0	0.0	0.0	0.0	0.0	0.0	0.0031396400000000004	0.0	0.0	0.0	0.0	0.0	0.0	0.0	0.0	0.0	0.0	0.0	0.0	0.0	0.0	0.0	0.0	0.0	0.0	0.0	0.0	0.0	0.0	0.0	0.0	0.0049645	0.0	0.0	0.0	0.0	0.0	0.0	0.0	0.00145577	0.0	0.0	0.0	0.0	0.0	0.0	0.0	0.0	0.0	0.0	0.0018397600000000002	0.0	0.0	0.0	0.0	0.0	0.0
Ssp-AAtu_007-Ex1-cssl.clmp.r1r2_fastp	0.031740000000000004	0.0	0.0	0.0	0.0	0.0	0.000460001	0.0	0.0	0.000460001	0.0	0.0	0.0	0.0	0.0	0.0	0.0	0.0	0.0	0.0	0.0	0.0	0.0	0.005060009999999999	0.0	0.0	0.0	0.0	0.0	0.0	0.0	0.000460001	0.0	0.0	0.0	0.0	0.0	0.0	0.0	0.0	0.0	0.0	0.0	0.0	0.0	0.0	0.0	0.0	0.00046137600000000005	0.0	0.0	0.0	0.0	0.0	0.0	0.0	0.0	0.0	0.0	0.0	0.0	0.0	0.0	0.0	0.0	0.0	0.00046722	0.0	0.0	0.0	0.0	0.0	0.0	0.00238117	0.0	0.0	0.0	0.0	0.0	0.0	0.0	0.0	0.0	0.0	0.0	0.0	0.0	0.0	0.0	0.0	0.0	0.000529807	0.0	0.0	0.0	0.0	0.0	0.0	0.0	0.0034011099999999997	0.0	0.0	0.0	0.0	0.0	0.0	0.0	0.0	0.0	0.0	0.0	0.0	0.0	0.0	0.0	0.0	0.0	0.0	0.0	0.0	0.0	0.0	0.0	0.0	0.00072795	0.0	0.0	0.0	0.0	0.0	0.0	0.0	0.000796559	0.0	0.0	0.0	0.0	0.0	0.0	0.0	0.0	0.0	0.0	0.0009118599999999999	0.0	0.0	0.0	0.0	0.0	0.0
Ssp-AAtu_008-Ex1-cssl.clmp.r1r2_fastp	0.0329114	0.0	0.0	0.0	0.0	0.0	0.0	0.0	0.0	0.0	0.0	0.0	0.0	0.0	0.0	0.0	0.0	0.0	0.0	0.0	0.0	0.0	0.0	0.005086299999999999	0.0	0.0	0.0	0.0	0.0	0.0	0.0	0.0	0.0	0.0	0.0	0.0	0.0	0.0	0.0	0.0	0.0	0.0	0.0	0.0	0.0	0.0	0.0	0.0	0.0015046	0.0	0.0	0.0	0.0	0.0	0.0	0.0	0.0	0.0	0.0	0.0	0.0	0.0	0.0	0.0	0.0	0.0	0.0	0.0	0.0	0.0	0.0	0.0	0.0	0.0036188500000000003	0.0	0.0	0.0	0.0	0.0	0.0	0.0	0.0	0.0	0.0	0.0	0.0	0.0	0.0	0.0	0.0	0.0	0.0	0.0	0.0	0.0	0.0	0.0	0.0	0.0	0.00755645	0.0	0.0	0.0	0.0	0.0	0.0	0.0	0.0	0.0	0.0	0.0	0.0	0.0	0.0	0.0	0.0	0.0	0.0	0.0	0.0	0.0	0.0	0.0	0.0	0.0017940599999999999	0.0	0.0	0.0	0.0	0.0	0.0	0.0	0.0	0.0	0.0	0.0	0.0	0.0	0.0	0.0	0.0	0.0	0.0	0.0014877900000000001	0.0	0.0	0.0	0.0	0.0	0.0
Ssp-AAtu_009-Ex1-cssl.clmp.r1r2_fastp	0.0337019	0.0	0.000216038	0.0	0.0	0.0	0.000216038	0.0	0.0	0.000216038	0.0	0.0	0.0	0.0	0.0	0.0	0.0	0.0	0.0	0.0	0.0	0.0	0.0	0.00410472	0.0	0.0	0.0	0.0	0.0	0.0	0.0	0.000216038	0.0	0.0	0.0	0.0	0.0	0.0	0.0	0.0	0.0	0.0	0.0	0.0	0.0	0.0	0.0	0.0	0.00130327	0.0	0.0	0.0	0.0	0.0	0.0	0.0	0.0	0.0	0.0	0.0	0.0	0.0	0.0	0.0	0.0	0.0	0.000222906	0.0	0.00022501	0.0	0.0	0.0	0.0	0.00326623	0.0	0.0	0.0	0.0	0.0	0.0	0.0	0.0	0.0	0.0	0.0	0.0	0.0	0.0	0.0	0.0	0.000294492	0.000299669	0.0	0.0	0.0	0.0	0.0	0.0	0.0	0.00484615	0.0	0.0	0.0	0.0	0.0	0.0	0.0	0.0	0.0	0.0	0.0	0.0	0.0	0.0	0.0	0.0	0.0	0.0	0.0	0.0	0.0	0.0	0.0	0.0	0.0017487	0.000595901	0.0	0.0	0.0	0.0	0.0	0.0	0.000697871	0.0	0.0	0.0	0.0	0.0	0.0	0.0	0.0	0.0	0.0	0.000907087	0.0	0.0	0.0	0.0	0.0	0.0
Ssp-AAtu_011-Ex1-cssl.clmp.r1r2_fastp	0.0268898	0.0	0.0	0.0	0.0	0.0	0.0	0.0	0.0	0.0	0.0	0.0	0.0	0.0	0.0	0.0	0.0	0.0	0.0	0.0	0.0	0.0	0.0	0.00430237	0.0	0.0	0.0	0.0	0.0	0.0	0.0	0.0	0.0	0.0	0.0	0.0	0.0	0.0	0.0	0.0	0.0	0.0	0.0	0.0	0.0	0.0	0.0	0.0	0.00108	0.0	0.0	0.0	0.0	0.0	0.0	0.0	0.0	0.0	0.0	0.0	0.0	0.0	0.0	0.0	0.0	0.0	0.0	0.0	0.0	0.0	0.0	0.0	0.0	0.00280489	0.0	0.0	0.0	0.0	0.0	0.0	0.0	0.0	0.0	0.0	0.0	0.0	0.0	0.0	0.0	0.0	0.0	0.0	0.0	0.0	0.0	0.0	0.0	0.0	0.0	0.00274305	0.0	0.0	0.0	0.0	0.0	0.0	0.0	0.0	0.0	0.0	0.0	0.0	0.0	0.0	0.0	0.0	0.0	0.0	0.0	0.0	0.0	0.0	0.0	0.0	0.000919135	0.0	0.0	0.0	0.0	0.0	0.0	0.0	0.0	0.0	0.0	0.0	0.0	0.0	0.0	0.0	0.0	0.0	0.0	0.0	0.0	0.0	0.0	0.0	0.0	0.0
Ssp-AAtu_012-Ex1-cssl.clmp.r1r2_fastp	0.024953799999999998	0.0	0.0	0.0	0.0	0.0	0.0	0.0	0.0	0.0	0.0	0.0	0.0	0.0	0.0	0.0	0.0	0.0	0.0	0.0	0.0	0.0	0.0	0.00335917	0.0	0.0	0.0	0.0	0.0	0.0	0.0	0.0	0.0	0.0	0.0	0.0	0.0	0.0	0.0	0.0	0.0	0.0	0.0	0.0	0.0	0.0	0.0	0.0	0.00048140799999999996	0.0	0.0	0.0	0.0	0.0	0.0	0.0	0.0	0.0	0.0	0.0	0.0	0.0	0.0	0.0	0.0	0.0	0.000488369	0.0	0.0	0.0	0.0	0.0	0.0	0.00199893	0.0	0.0	0.0	0.0	0.0	0.0	0.0	0.0	0.0	0.0	0.0	0.0	0.0	0.0	0.0	0.0	0.0	0.0005693240000000001	0.0	0.0	0.0	0.0	0.0	0.0	0.0	0.0036894000000000002	0.0	0.0	0.0	0.0	0.0	0.0	0.0	0.0	0.0	0.0	0.0	0.0	0.0	0.0	0.0	0.0	0.0	0.0	0.0	0.0	0.0	0.0	0.0	0.0	0.000831387	0.0	0.0	0.0	0.0	0.0	0.0	0.0	0.0	0.0	0.0	0.0	0.0	0.0	0.0	0.0	0.0	0.0	0.0	0.00109809	0.0	0.0	0.0	0.0	0.0	0.0
Ssp-AAtu_013-Ex1-cssl.clmp.r1r2_fastp	0.0332985	0.0	0.00114822	0.0	0.0	0.0	0.000688935	0.0	0.0	0.00045928999999999995	0.0	0.0	0.0	0.0	0.0	0.0	0.0	0.0	0.0	0.0	0.0	0.0	0.0	0.0066597	0.0	0.0	0.0	0.0	0.0	0.0	0.0	0.00045928999999999995	0.00022964499999999997	0.0	0.0	0.0	0.0	0.0	0.0	0.0	0.0	0.0	0.0	0.0	0.0	0.0	0.0	0.0	0.00347468	0.0	0.0	0.0	0.0	0.0	0.0	0.0	0.0	0.0	0.0	0.0	0.0	0.0	0.0	0.0	0.0	0.0	0.0	0.0	0.0	0.0	0.0	0.0	0.0	0.00419494	0.0	0.0	0.0	0.0	0.0	0.0	0.0	0.0	0.0	0.0	0.0	0.0	0.0	0.0	0.0	0.0	0.0	0.0	0.0	0.0	0.0	0.0	0.0	0.0	0.0	0.00407976	0.0	0.0	0.0	0.0	0.0	0.0	0.0	0.0	0.0	0.0	0.0	0.0	0.0	0.0	0.0	0.0	0.0	0.0	0.0	0.0	0.0	0.0	0.0	0.0	0.001081	0.0	0.0	0.0	0.0	0.0	0.0	0.0	0.0	0.0	0.0	0.0	0.0	0.0	0.0	0.0	0.0	0.0	0.0	0.0	0.0	0.0	0.0	0.0	0.0	0.0
Ssp-AAtu_014-Ex1-cssl.clmp.r1r2_fastp	0.030815299999999997	0.0	0.00044659800000000004	0.0	0.00044659800000000004	0.0	0.00044659800000000004	0.0	0.0	0.0	0.0	0.0	0.0	0.0	0.0	0.0	0.00044659800000000004	0.0	0.0	0.0	0.0	0.0	0.0	0.0017863900000000001	0.0	0.0	0.0	0.0	0.0	0.0	0.0	0.00044659800000000004	0.0	0.0	0.0	0.0	0.0	0.0	0.0	0.0	0.0	0.0	0.0	0.0	0.0	0.0	0.0	0.0	0.000895744	0.0	0.0	0.0	0.0	0.0	0.0	0.0	0.0	0.0	0.0	0.0	0.0	0.0	0.0	0.0	0.0	0.0	0.000910009	0.0	0.0	0.0	0.0	0.0	0.0	0.00139911	0.0	0.0	0.0	0.0	0.0	0.0	0.0	0.0	0.0	0.0	0.0	0.0	0.0	0.0	0.0	0.0	0.000528835	0.00106742	0.0	0.0	0.0	0.0	0.0	0.0	0.0	0.00231636	0.0	0.0	0.0	0.0	0.0	0.0	0.0	0.0	0.0	0.0	0.0	0.0	0.0	0.0	0.0	0.0	0.0	0.0	0.0	0.0	0.0	0.0	0.0	0.0	0.00235566	0.0	0.0	0.0	0.0	0.0	0.0	0.0	0.0008725469999999999	0.0	0.0	0.0	0.0	0.0	0.0	0.0	0.0	0.0	0.0	0.0	0.0	0.0	0.0	0.0	0.0	0.0
Ssp-AAtu_015-Ex1-cssl.clmp.r1r2_fastp	0.031076	0.0	0.0	0.0	0.0	0.0	0.0006474170000000001	0.0	0.0	0.0	0.0	0.0	0.0	0.0	0.0	0.0	0.0	0.0	0.0	0.0	0.0	0.0	0.0	0.00258967	0.0	0.0	0.0	0.0	0.0	0.0	0.0	0.0006474170000000001	0.0	0.0	0.0	0.0	0.0	0.0	0.0	0.0	0.0	0.0	0.0	0.0	0.0	0.0	0.0	0.0	0.0019525699999999998	0.0	0.0	0.0	0.0	0.0	0.0	0.0	0.0	0.0	0.0	0.0	0.0	0.0	0.0	0.0	0.0	0.0	0.0	0.0	0.0	0.0	0.0	0.0	0.0	0.0034124100000000003	0.0	0.0	0.0	0.0	0.0	0.0	0.0	0.0	0.0	0.0	0.0	0.0	0.0	0.0	0.0	0.0	0.0	0.0	0.0	0.0	0.0	0.0	0.0	0.0	0.0	0.00349211	0.0	0.0	0.0	0.0	0.0	0.0	0.0	0.0	0.0	0.0	0.0	0.0	0.0	0.0	0.0	0.0	0.0	0.0	0.0	0.0	0.0	0.0	0.0	0.0	0.0	0.0	0.0	0.0	0.0	0.0	0.0	0.0	0.0	0.0	0.0	0.0	0.0	0.0	0.0	0.0	0.0	0.0	0.0	0.0	0.0	0.0	0.0	0.0	0.0	0.0
Ssp-AAtu_016-Ex1-cssl.clmp.r1r2_fastp	0.0366538	0.0	0.0	0.0	0.0	0.0	0.0	0.0	0.0	0.0	0.0	0.0	0.0	0.0	0.0	0.0	0.0	0.0	0.0	0.0	0.0	0.0	0.0	0.00340965	0.0	0.0	0.0	0.0	0.0	0.0	0.0	0.0	0.0	0.0	0.0	0.0	0.0	0.0	0.0	0.0	0.0	0.0	0.0	0.0	0.0	0.0	0.0	0.0	0.00171069	0.0	0.0	0.0	0.0	0.0	0.0	0.0	0.0	0.0	0.0	0.0	0.0	0.0	0.0	0.0	0.0	0.0	0.0	0.0	0.0	0.0	0.0	0.0	0.0	0.00177634	0.0	0.0	0.0	0.0	0.0	0.0	0.0	0.0	0.0	0.0	0.0	0.0	0.0	0.0	0.0	0.0	0.0	0.0	0.0	0.0	0.0	0.0	0.0	0.0	0.0	0.00661879	0.0	0.0	0.0	0.0	0.0	0.0	0.0	0.0	0.0	0.0	0.0	0.0	0.0	0.0	0.0	0.0	0.0	0.0	0.0	0.0	0.0	0.0	0.0	0.0	0.0	0.0	0.0	0.0	0.0	0.0	0.0	0.0	0.0	0.0	0.0	0.0	0.0	0.0	0.0	0.0	0.0	0.0	0.0	0.0	0.0	0.0	0.0	0.0	0.0	0.0
Ssp-AAtu_017-Ex1-cssl.clmp.r1r2_fastp	0.026181000000000003	0.0	0.0	0.0	0.0	0.0	0.0	0.0	0.0	0.0	0.0	0.0	0.0	0.0	0.0	0.0	0.0	0.0	0.0	0.0	0.0	0.0	0.0	0.00418896	0.0	0.0	0.0	0.0	0.0	0.0	0.0	0.0	0.0	0.0	0.0	0.0	0.0	0.0	0.0	0.0	0.0	0.0	0.0	0.0	0.0	0.0	0.0	0.0	0.0	0.0	0.0	0.0	0.0	0.0	0.0	0.0	0.0	0.0	0.0	0.0	0.0	0.0	0.0	0.0	0.0	0.0	0.0	0.0	0.0	0.0	0.0	0.0	0.0	0.00217405	0.0	0.0	0.0	0.0	0.0	0.0	0.0	0.0	0.0	0.0	0.0	0.0	0.0	0.0	0.0	0.0	0.0	0.0	0.0	0.0	0.0	0.0	0.0	0.0	0.0	0.0038032499999999998	0.0	0.0	0.0	0.0	0.0	0.0	0.0	0.0	0.0	0.0	0.0	0.0	0.0	0.0	0.0	0.0	0.0	0.0	0.0	0.0	0.0	0.0	0.0	0.000779405	0.00236062	0.0	0.0	0.0	0.0	0.0	0.0	0.0	0.0	0.0	0.0	0.0	0.0	0.0	0.0	0.0	0.0	0.0	0.0	0.0	0.0	0.0	0.0	0.0	0.0	0.0
Ssp-AAtu_018-Ex1-cssl.clmp.r1r2_fastp	0.029945599999999996	0.0	0.0	0.0	0.0	0.000554548	0.000554548	0.0	0.0	0.000554548	0.0	0.0	0.0	0.0	0.0	0.0	0.0	0.0	0.0	0.0	0.0	0.0	0.0	0.00499093	0.0	0.0	0.0	0.0	0.0	0.0	0.0	0.000554548	0.0	0.0	0.0	0.0	0.0	0.0	0.0	0.0	0.0	0.0	0.0	0.0	0.0	0.0	0.0	0.0	0.0016690000000000001	0.0	0.0	0.0	0.0	0.0	0.0	0.0	0.0	0.0	0.0	0.0	0.0	0.0	0.0	0.0	0.0	0.0	0.0	0.0	0.0	0.0	0.0	0.0	0.0	0.00287233	0.0	0.0	0.0	0.0	0.0	0.0	0.0	0.0	0.0	0.0	0.0	0.0	0.0	0.0	0.0	0.0	0.0	0.0	0.0	0.0	0.0	0.0	0.0	0.0	0.0	0.00346407	0.0	0.0	0.0	0.0	0.0	0.0	0.0	0.0	0.0	0.0	0.0	0.0	0.0	0.0	0.0	0.0	0.0	0.0	0.0	0.0	0.0	0.0	0.0	0.0	0.00367255	0.0	0.0	0.0	0.0	0.0	0.0	0.0	0.00101709	0.0	0.0	0.0	0.0	0.0	0.0	0.0	0.0	0.0	0.0	0.0	0.0	0.0	0.0	0.0	0.0	0.0
Ssp-AAtu_019-Ex1-cssl.clmp.r1r2_fastp	0.0302597	0.0	0.0	0.0	0.0	0.0	0.0	0.0	0.0	0.0	0.0	0.0	0.0	0.0	0.0	0.0	0.000296664	0.0	0.0	0.0	0.0	0.0	0.0	0.0038566299999999998	0.0	0.0	0.0	0.0	0.0	0.0	0.0	0.0	0.0	0.0	0.0	0.0	0.0	0.0	0.0	0.000297303	0.0	0.0	0.0	0.0	0.0	0.0	0.0	0.0	0.0011944500000000001	0.0	0.0	0.0	0.0	0.0	0.0	0.0	0.0	0.0	0.0	0.0	0.0	0.0	0.0	0.0	0.0	0.0	0.000617004	0.0	0.0	0.0	0.0	0.0	0.0	0.00194123	0.0	0.0	0.0	0.0	0.0	0.0	0.0	0.0	0.0	0.0	0.0	0.0	0.0	0.0	0.0	0.0	0.00040728399999999994	0.0008279959999999999	0.0	0.0	0.0	0.0	0.0	0.0	0.0	0.0023908700000000002	0.0	0.0	0.0	0.0	0.0	0.0	0.0	0.0	0.0	0.0	0.0	0.0	0.0	0.0	0.0	0.0	0.0	0.0	0.0	0.0	0.0	0.0	0.0	0.0	0.0016199399999999998	0.0	0.000848299	0.0	0.0	0.0	0.0	0.0	0.0	0.0	0.0	0.0	0.0	0.0	0.0	0.0	0.0	0.0	0.0	0.00130051	0.0	0.0	0.0	0.0	0.0	0.0
Ssp-AAtu_020-Ex1-cssl.clmp.r1r2_fastp	0.0288226	0.0	0.0	0.0	0.0	0.000464881	0.000929761	0.0	0.0	0.000929761	0.0	0.0	0.0	0.0	0.0	0.0	0.0	0.0	0.0	0.0	0.0	0.0	0.0	0.00464881	0.0	0.0	0.0	0.0	0.0	0.0	0.0	0.000929761	0.0	0.0	0.0	0.0	0.0	0.0	0.0	0.0	0.0	0.0	0.0	0.0	0.0	0.0	0.0	0.0	0.00233451	0.0	0.0	0.0	0.0	0.0	0.0	0.0	0.0	0.0	0.0	0.0	0.0	0.0	0.0	0.0	0.0	0.0	0.0	0.0	0.0	0.0	0.0	0.0	0.0	0.00449156	0.0	0.0	0.0	0.0	0.0	0.0	0.0	0.0	0.0	0.0	0.0	0.0	0.0	0.0	0.0	0.0	0.0	0.0	0.0	0.0	0.0	0.0	0.0	0.0	0.0	0.0021327399999999997	0.0	0.0	0.0	0.0	0.0	0.0	0.0	0.0	0.0	0.0	0.0	0.0	0.0	0.0	0.0	0.0	0.0	0.0	0.0	0.0	0.0	0.0	0.0	0.0	0.00114507	0.0	0.0	0.0	0.0	0.0	0.0	0.0	0.0	0.0	0.0	0.0	0.0	0.0	0.0	0.0	0.0	0.0	0.0	0.0	0.0	0.0	0.0	0.0	0.0	0.0
Ssp-AAtu_021-Ex1-cssl.clmp.r1r2_fastp	0.031452100000000004	0.0	0.00273497	0.0	0.0	0.0	0.0	0.0	0.0	0.0	0.0	0.0	0.0	0.0	0.0	0.0	0.0	0.0	0.0	0.0	0.0	0.0	0.0	0.0109399	0.0	0.0	0.0	0.0	0.0	0.0	0.0	0.0	0.0	0.0	0.0	0.0	0.0	0.0	0.0	0.0	0.0	0.0	0.0	0.0	0.0	0.0	0.0	0.0	0.00274104	0.0	0.0	0.0	0.0	0.0	0.0	0.0	0.0	0.0	0.0	0.0	0.0	0.0	0.0	0.0	0.0	0.0	0.0	0.0	0.0	0.0	0.0	0.0	0.0	0.00282985	0.0	0.0	0.0	0.0	0.0	0.0	0.0	0.0	0.0	0.0	0.0	0.0	0.0	0.0	0.0	0.0	0.0	0.0	0.0	0.0	0.0	0.0	0.0	0.0	0.0	0.0033741	0.0	0.0	0.0	0.0	0.0	0.0	0.0	0.0	0.0	0.0	0.0	0.0	0.0	0.0	0.0	0.0	0.0	0.0	0.0	0.0	0.0	0.0	0.0	0.0	0.004287340000000001	0.0	0.0	0.0	0.0	0.0	0.0	0.0	0.0	0.0	0.0	0.0	0.0	0.0	0.0	0.0	0.0	0.0	0.0	0.0	0.0	0.0	0.0	0.0	0.0	0.0
Ssp-AAtu_022-Ex1-cssl.clmp.r1r2_fastp	0.0302921	0.0	0.000445472	0.0	0.0	0.0	0.0	0.0	0.0	0.0	0.0	0.0	0.0	0.0	0.0	0.0	0.0	0.0	0.0	0.0	0.0	0.0	0.0	0.007127550000000001	0.0	0.0	0.0	0.0	0.0	0.0	0.0	0.0	0.0	0.0	0.0	0.0	0.0	0.0	0.0	0.0	0.0	0.0	0.0	0.0	0.0	0.0	0.0	0.0	0.00267726	0.0	0.0	0.0	0.0	0.0	0.0	0.0	0.0	0.0	0.0	0.0	0.0	0.0	0.0	0.0	0.0	0.0	0.0	0.0	0.0	0.0	0.0	0.0	0.0	0.00546607	0.0	0.0	0.0	0.0	0.0	0.0	0.0	0.0	0.0	0.0	0.0	0.0	0.0	0.0	0.0	0.0	0.0	0.0	0.0	0.0	0.0	0.0	0.0	0.0	0.0	0.00518497	0.0	0.0	0.0	0.0	0.0	0.0	0.0	0.0	0.0	0.0	0.0	0.0	0.0	0.0	0.0	0.0	0.0	0.0	0.0	0.0	0.0	0.0	0.0	0.0	0.00380298	0.0	0.0	0.0	0.0	0.0	0.0	0.0	0.0	0.0	0.0	0.0	0.0	0.0	0.0	0.0	0.0	0.0	0.0	0.0	0.0	0.0	0.0	0.0	0.0	0.0
Ssp-AAtu_023-Ex1-cssl.clmp.r1r2_fastp	0.0325286	0.0	0.000471429	0.0	0.0	0.0	0.0	0.0	0.0	0.0	0.0	0.0	0.0	0.0	0.0	0.0	0.0	0.0	0.0	0.0	0.0	0.0	0.0	0.00565715	0.0	0.0	0.0	0.0	0.0	0.0	0.0	0.0	0.0	0.0	0.0	0.0	0.0	0.0	0.0	0.0	0.0	0.0	0.0	0.0	0.0	0.0	0.0	0.0	0.0019007800000000001	0.0	0.0	0.0	0.0	0.0	0.0	0.0	0.0	0.0	0.0	0.0	0.0	0.0	0.0	0.0	0.0	0.0	0.000491	0.0	0.0	0.0	0.0	0.0	0.0	0.0025751000000000003	0.0	0.0	0.0	0.0	0.0	0.0	0.0	0.0	0.0	0.0	0.0	0.0	0.0	0.0	0.0	0.0	0.0	0.0	0.0	0.0	0.0	0.0	0.0	0.0	0.0	0.00446077	0.0	0.0	0.0	0.0	0.0	0.0	0.0	0.0	0.0	0.0	0.0	0.0	0.0	0.0	0.0	0.0	0.0	0.0	0.0	0.0	0.0	0.0	0.0	0.0	0.0036422399999999997	0.0	0.0	0.0	0.0	0.0	0.0	0.0	0.0	0.0	0.0	0.0	0.0	0.0	0.0	0.0	0.0	0.0	0.0	0.0	0.0	0.0	0.0	0.0	0.0	0.0
Ssp-AAtu_024-Ex1-cssl.clmp.r1r2_fastp	0.0326096	0.0	0.0	0.0	0.0	0.0	0.0	0.0	0.0	0.0	0.0	0.0	0.0	0.0	0.0	0.0	0.0	0.0	0.0	0.0	0.0	0.0	0.0	0.00554363	0.0	0.0	0.0	0.0	0.0	0.0	0.0	0.0	0.0	0.0	0.0	0.0	0.0	0.0	0.0	0.0	0.0	0.0	0.0	0.0	0.0	0.0	0.0	0.0	0.0016441200000000002	0.0	0.0	0.0	0.0	0.0	0.0	0.0	0.0	0.0	0.0	0.0	0.0	0.0	0.0	0.0	0.0	0.0	0.000339824	0.0	0.0	0.0	0.0	0.0	0.0	0.00462168	0.0	0.0	0.0	0.0	0.0	0.0	0.0	0.0	0.0	0.0	0.0	0.0	0.0	0.0	0.0	0.0	0.0	0.000446427	0.0	0.0	0.0	0.0	0.0	0.0	0.0	0.005606379999999999	0.0	0.0	0.0	0.0	0.0	0.0	0.0	0.0	0.0	0.0	0.0	0.0	0.0	0.0	0.0	0.0	0.0	0.0	0.0	0.0	0.0	0.0	0.0	0.0	0.00411333	0.0	0.0	0.0	0.0	0.0	0.0	0.0	0.0	0.0	0.0	0.0	0.0	0.0	0.0	0.0	0.0	0.0	0.0	0.0	0.0	0.0	0.0	0.0	0.0	0.0
Ssp-AAtu_025-Ex1-cssl.clmp.r1r2_fastp	0.040749299999999995	0.0	0.0	0.0	0.0	0.0	0.000608199	0.0	0.0	0.0	0.0	0.0	0.0	0.0	0.0	0.0	0.000608199	0.0	0.0	0.0	0.0	0.0	0.0	0.00547379	0.0	0.0	0.0	0.0	0.0	0.0	0.0	0.000608199	0.0	0.0	0.0	0.0	0.0	0.0	0.0	0.0	0.0	0.0	0.0	0.0	0.0	0.0	0.0	0.0	0.00122294	0.0	0.0	0.0	0.0	0.0	0.0	0.0	0.0	0.0	0.0	0.0	0.0	0.0	0.0	0.0	0.0	0.0	0.000620964	0.0	0.000624138	0.0	0.0	0.0	0.0	0.00254133	0.0	0.0	0.0	0.0	0.0	0.0	0.0	0.0	0.0	0.0	0.0	0.0	0.0	0.0	0.0	0.0	0.0	0.000722022	0.0	0.0	0.0	0.0	0.0	0.0	0.0	0.006253419999999999	0.0	0.0	0.0	0.0	0.0	0.0	0.0	0.0	0.0	0.0	0.0	0.0	0.0	0.0	0.0	0.0	0.0	0.0	0.0	0.0	0.0	0.0	0.0	0.0	0.0	0.0	0.0	0.0	0.0	0.0	0.0	0.0	0.0	0.0	0.0	0.0	0.0	0.0	0.0	0.0	0.0	0.0	0.0	0.00142235	0.0	0.0	0.0	0.0	0.0	0.0
Ssp-AAtu_026-Ex1-cssl.clmp.r1r2_fastp	0.0355614	0.0	0.0	0.0	0.0	0.0	0.00033868	0.0	0.0	0.0	0.0	0.0	0.0	0.0	0.0	0.0	0.0	0.0	0.0	0.0	0.0	0.0	0.0	0.00643492	0.0	0.0	0.0	0.0	0.0	0.0	0.0	0.00033868	0.0	0.0	0.0	0.0	0.0	0.0	0.0	0.00033943199999999997	0.0	0.0	0.0	0.0	0.0	0.0	0.0	0.0	0.00102181	0.0	0.0	0.0	0.0	0.0	0.0	0.0	0.0	0.0	0.0	0.0	0.0	0.0	0.0	0.0	0.0	0.0	0.000349197	0.0	0.000351846	0.0	0.0	0.0	0.0	0.00434339	0.0	0.0	0.0	0.0	0.0	0.0	0.0	0.0	0.0	0.0	0.0	0.0	0.0	0.0	0.0	0.0	0.0	0.0	0.0	0.0	0.0	0.0	0.0	0.0	0.0	0.00736399	0.0	0.0	0.0	0.0	0.0	0.0	0.0	0.0	0.0	0.0	0.0	0.0	0.0	0.0	0.0	0.0	0.0	0.0	0.0	0.0	0.0	0.0	0.0	0.0	0.0067147100000000005	0.0	0.0	0.0	0.0	0.0	0.0	0.0	0.0	0.0	0.0	0.0	0.0	0.0	0.0	0.0	0.0	0.0	0.0	0.0	0.0	0.0	0.0	0.0	0.0	0.0
Ssp-AAtu_027-Ex1-cssl.clmp.r1r2_fastp	0.0367297	0.0	0.0	0.0	0.0	0.0	0.000403623	0.0	0.0	0.000403623	0.0	0.0	0.0	0.0	0.0	0.0	0.0	0.0	0.0	0.0	0.0	0.0	0.0	0.0044398499999999995	0.0	0.0	0.0	0.0	0.0	0.0	0.0	0.000403623	0.0	0.0	0.0	0.0	0.0	0.0	0.0	0.0	0.0	0.0	0.0	0.0	0.0	0.0	0.0	0.0	0.00121996	0.0	0.0	0.0	0.0	0.0	0.0	0.0	0.0	0.0	0.0	0.0	0.0	0.0	0.0	0.0	0.0	0.0	0.0	0.0	0.0	0.0	0.0	0.0	0.0	0.00171467	0.0	0.0	0.0	0.0	0.0	0.0	0.0	0.0	0.0	0.0	0.0	0.0	0.0	0.0	0.0	0.0	0.0	0.0	0.0	0.0	0.0	0.0	0.0	0.0	0.0	0.00284311	0.0	0.0	0.0	0.0	0.0	0.0	0.0	0.0	0.0	0.0	0.0	0.0	0.0	0.0	0.0	0.0	0.0	0.0	0.0	0.0	0.0	0.0	0.0	0.0	0.00174184	0.0	0.0	0.0	0.0	0.0	0.0	0.0	0.00102092	0.0	0.0	0.0	0.0	0.0	0.0	0.0	0.0	0.0	0.0	0.0	0.0	0.0	0.0	0.0	0.0	0.0
Ssp-AAtu_029-Ex1-cssl.clmp.r1r2_fastp	0.0292679	0.0	0.0	0.0	0.0	0.0	0.00104528	0.0	0.0	0.000522641	0.0	0.0	0.0	0.0	0.0	0.0	0.0	0.0	0.0	0.0	0.0	0.0	0.0	0.0036584900000000004	0.0	0.0	0.0	0.0	0.0	0.0	0.0	0.00104528	0.000522641	0.0	0.0	0.0	0.0	0.0	0.0	0.0	0.0	0.0	0.0	0.0	0.0	0.0	0.0	0.0	0.0	0.0	0.0	0.0	0.0	0.0	0.0	0.0	0.0	0.0	0.0	0.0	0.0	0.0	0.0	0.0	0.0	0.0	0.0	0.0	0.0	0.0	0.0	0.0	0.0	0.0042834299999999995	0.0	0.0	0.0	0.0	0.0	0.0	0.0	0.0	0.0	0.0	0.0	0.0	0.0	0.0	0.0	0.0	0.0	0.0005773940000000001	0.0	0.0	0.0	0.0	0.0	0.0	0.0	0.00546276	0.0	0.0	0.0	0.0	0.0	0.0	0.0	0.0	0.0	0.0	0.0	0.0	0.0	0.0	0.0	0.0	0.0	0.0	0.0	0.0	0.0	0.0	0.0	0.0	0.00597256	0.0	0.0	0.0	0.0	0.0	0.0	0.0	0.0008089039999999999	0.0	0.0	0.0	0.0	0.0	0.0	0.0	0.0	0.0	0.0	0.000916859	0.0	0.0	0.0	0.0	0.0	0.0
Ssp-AAtu_030-Ex1-cssl.clmp.r1r2_fastp	0.028860000000000004	0.0	0.0	0.0	0.0	0.0	0.000418261	0.0	0.0	0.000418261	0.0	0.0	0.0	0.0	0.0	0.0	0.0	0.0	0.0	0.0	0.0	0.0	0.0	0.00460087	0.0	0.0	0.0	0.0	0.0	0.0	0.0	0.000418261	0.000418261	0.0	0.0	0.0	0.0	0.0	0.0	0.0	0.0	0.0	0.0	0.0	0.0	0.0	0.0	0.0	0.0008386269999999999	0.0	0.0	0.0	0.0	0.0	0.0	0.0	0.0	0.0	0.0	0.0	0.0	0.0	0.0	0.0	0.0	0.0	0.0	0.0	0.0	0.0	0.000430782	0.0	0.0	0.00349301	0.0	0.0	0.0	0.0	0.0	0.0	0.0	0.0	0.0	0.0	0.0	0.0	0.0	0.0	0.0	0.0	0.0	0.0	0.0	0.0	0.0	0.0	0.0	0.0	0.0	0.00495385	0.0	0.0	0.0	0.0	0.0	0.0	0.0	0.0	0.0	0.0	0.0	0.0	0.0	0.0	0.0	0.0	0.0	0.0	0.0	0.0	0.0	0.0	0.0	0.0	0.0037632200000000003	0.000762637	0.0	0.0	0.0	0.0	0.0	0.0	0.0	0.0	0.0	0.0	0.0	0.0	0.0	0.0	0.0	0.0	0.0	0.0	0.0	0.0	0.0	0.0	0.0	0.0
Ssp-AAtu_031-Ex1-cssl.clmp.r1r2_fastp	0.0352146	0.0	0.0005030659999999999	0.0	0.0	0.0	0.00100613	0.0	0.0	0.00100613	0.0	0.0	0.0	0.0	0.0	0.0	0.0	0.0	0.0	0.0	0.0	0.0	0.0	0.00653986	0.0	0.0	0.0	0.0	0.0	0.0	0.0	0.00100613	0.0	0.0	0.0	0.0	0.0	0.0	0.0	0.0	0.0	0.0	0.0	0.0	0.0	0.0	0.0	0.0	0.00253052	0.0	0.0	0.0	0.0	0.0	0.0	0.0	0.0	0.0	0.0	0.0	0.0	0.0	0.0	0.0	0.0	0.0	0.0	0.0	0.0	0.0	0.0	0.0	0.0	0.0037865299999999998	0.0	0.0	0.0	0.0	0.0	0.0	0.0	0.0	0.0	0.0	0.0	0.0	0.0	0.0	0.0	0.0	0.0	0.0	0.0	0.0	0.0	0.0	0.0	0.0	0.0	0.00590175	0.0	0.0	0.0	0.0	0.0	0.0	0.0	0.0	0.0	0.0	0.0	0.0	0.0	0.0	0.0	0.0	0.0	0.0	0.0	0.0	0.0	0.0	0.0	0.0	0.00222368	0.0	0.0	0.0	0.0	0.0	0.0	0.0	0.00128778	0.0	0.0	0.0	0.0	0.0	0.0	0.0	0.0	0.0	0.0	0.0	0.0	0.0	0.0	0.0	0.0	0.0
Ssp-AAtu_033-Ex1-cssl.clmp.r1r2_fastp	0.030692499999999998	0.0	0.0	0.0	0.0	0.0	0.0	0.0	0.0	0.0	0.0	0.0	0.0	0.0	0.0	0.0	0.00039349299999999997	0.0	0.0	0.00039349299999999997	0.0	0.0	0.0	0.00432843	0.0	0.0	0.0	0.0	0.0	0.0	0.0	0.0	0.0	0.0	0.0	0.0	0.0	0.0	0.0	0.000394039	0.0	0.0	0.0	0.0	0.0	0.0	0.0	0.0	0.00078983	0.0	0.0	0.0	0.0	0.0	0.0	0.0	0.0	0.0	0.0	0.0	0.0	0.0	0.0	0.0	0.0	0.0	0.00040381200000000003	0.0	0.0	0.0	0.0	0.0	0.0	0.00252797	0.0	0.0	0.0	0.0	0.0	0.0	0.0	0.0	0.0	0.0	0.0	0.0	0.0	0.0	0.0	0.0	0.0	0.000538622	0.0	0.0	0.0	0.0	0.0	0.0	0.0	0.00249262	0.0	0.0	0.0	0.0	0.0	0.0	0.0	0.0	0.0	0.0	0.0	0.0	0.0	0.0	0.0	0.0	0.0	0.0	0.0	0.0	0.0	0.0	0.0	0.0	0.0010467	0.0	0.0	0.0	0.0	0.0	0.0	0.0	0.0	0.0	0.0	0.0	0.0	0.0	0.0	0.0	0.0	0.0	0.0	0.0	0.0	0.0	0.0	0.0	0.0	0.0
Ssp-AAtu_034-Ex1-cssl.clmp.r1r2_fastp	0.0323053	0.0	0.000978948	0.0	0.0	0.0	0.0	0.0	0.0	0.0	0.0	0.0	0.0	0.0	0.0	0.0	0.0	0.0	0.0	0.0	0.0	0.0	0.0	0.00342632	0.0	0.0	0.0	0.0	0.0	0.0	0.0	0.0	0.0	0.0	0.0	0.0	0.0	0.0	0.0	0.0	0.0	0.0	0.0	0.0	0.0	0.0	0.0	0.0	0.00196766	0.0	0.0	0.0	0.0	0.0	0.0	0.0	0.0	0.0	0.0	0.0	0.0	0.0	0.0	0.0	0.0	0.0	0.0	0.0	0.0	0.0	0.0	0.0	0.0	0.00259503	0.0	0.0	0.0	0.0	0.0	0.0	0.0	0.0	0.0	0.0	0.0	0.0	0.0	0.0	0.0	0.0	0.0	0.0	0.0	0.0	0.0	0.0	0.0	0.0	0.00068518	0.00208723	0.0	0.0	0.0	0.0	0.0	0.0	0.0	0.0	0.0	0.0	0.0	0.0	0.0	0.0	0.0	0.0	0.0	0.0	0.0	0.0	0.0	0.0	0.0	0.0	0.0031715199999999997	0.0	0.0	0.0	0.0	0.0	0.0	0.0	0.0	0.0	0.0	0.0	0.0	0.0	0.0	0.0	0.0	0.0	0.0	0.0	0.0	0.0	0.0	0.0	0.0	0.0
Ssp-AAtu_035-Ex1-cssl.clmp.r1r2_fastp	0.0312032	0.0	0.000874857	0.0	0.0	0.00029161899999999996	0.00029161899999999996	0.0	0.0	0.0	0.0	0.0	0.0	0.0	0.0	0.0	0.0	0.0	0.0	0.0	0.0	0.0	0.0	0.00320781	0.0	0.0	0.0	0.0	0.0	0.0	0.0	0.00029161899999999996	0.0	0.0	0.0	0.0	0.0	0.0	0.0	0.0	0.0	0.0	0.0	0.0	0.0	0.0	0.0	0.0	0.00117106	0.0	0.0	0.0	0.0	0.0	0.0	0.0	0.0	0.0	0.0	0.0	0.0	0.0	0.0	0.0	0.0	0.0	0.0	0.0	0.0	0.0	0.0	0.0	0.0	0.0021928200000000003	0.0	0.0	0.0	0.0	0.0	0.0	0.0	0.0	0.0	0.0	0.0	0.0	0.0	0.0	0.0	0.0	0.0	0.0	0.0	0.0	0.0	0.0	0.0	0.0	0.0	0.00322511	0.0	0.0	0.0	0.0	0.0	0.0	0.0	0.0	0.0	0.0	0.0	0.0	0.0	0.0	0.0	0.0	0.0	0.0	0.0	0.0	0.0	0.0	0.0	0.0	0.0015961299999999999	0.0	0.0	0.0	0.0	0.0	0.0	0.000947086	0.0	0.0	0.0	0.0	0.0	0.0	0.0	0.0	0.0	0.0	0.0	0.0	0.0	0.0	0.0	0.00147944	0.0	0.0
Ssp-AAtu_036-Ex1-cssl.clmp.r1r2_fastp	0.0267727	0.0	0.0	0.0	0.0	0.0	0.00030423500000000003	0.0	0.0	0.00030423500000000003	0.0	0.0	0.0	0.0	0.0	0.0	0.0	0.0	0.0	0.0	0.0	0.0	0.0	0.00334659	0.0	0.0	0.0	0.0	0.0	0.0	0.0	0.00030423500000000003	0.0	0.0	0.0	0.0	0.0	0.0	0.0	0.0	0.0	0.0	0.0	0.0	0.0	0.0	0.0	0.0	0.000611385	0.0	0.0	0.0	0.0	0.0	0.0	0.0	0.0	0.0	0.0	0.0	0.0	0.0	0.0	0.0	0.0	0.0	0.0	0.0	0.0	0.0	0.0	0.0	0.0	0.00294839	0.0	0.0	0.0	0.0	0.0	0.0	0.0	0.0	0.0	0.0	0.0	0.0	0.0	0.0	0.0	0.0	0.0	0.00041528100000000004	0.0	0.0	0.0	0.0	0.0	0.0	0.0	0.00576687	0.0	0.0	0.0	0.0	0.0	0.0	0.0	0.0	0.0	0.0	0.0	0.0	0.0	0.0	0.0	0.0	0.0	0.0	0.0	0.0	0.0	0.0	0.0	0.0	0.00250639	0.0	0.0	0.0	0.0	0.000943628	0.0	0.0	0.0	0.0	0.0	0.0	0.0	0.0	0.0	0.0	0.0	0.0	0.0	0.0	0.0	0.0	0.0	0.0	0.0	0.0
Ssp-AAtu_037-Ex1-cssl.clmp.r1r2_fastp	0.0336091	0.0	0.000574515	0.0	0.00028725699999999996	0.0	0.0	0.0	0.0	0.0	0.0	0.0	0.0	0.0	0.0	0.0	0.0	0.0	0.0	0.0	0.0	0.0	0.0	0.00545789	0.0	0.0	0.0	0.0	0.0	0.0	0.0	0.0	0.0	0.0	0.0	0.0	0.0	0.0	0.0	0.0	0.0	0.0	0.0	0.0	0.0	0.0	0.0	0.0	0.0017393	0.0	0.0	0.0	0.0	0.0	0.0	0.0	0.0	0.0	0.0	0.0	0.0	0.0	0.0	0.0	0.0	0.0	0.0	0.0	0.0	0.0	0.0	0.0	0.0	0.0037114599999999998	0.0	0.0	0.0	0.0	0.0	0.0	0.0	0.0	0.0	0.0	0.0	0.0	0.0	0.0	0.0	0.0	0.0	0.0	0.0	0.0	0.0	0.0	0.0	0.0	0.0	0.0034628600000000003	0.0	0.0	0.0	0.0	0.0	0.0	0.0	0.0	0.0	0.0	0.0	0.0	0.0	0.0	0.0	0.0	0.0	0.0	0.0	0.0	0.0	0.0	0.0	0.0	0.00141032	0.0	0.0	0.0	0.0	0.0	0.0	0.0	0.0	0.0	0.0	0.0	0.0	0.0	0.0	0.0	0.0	0.0	0.0	0.0	0.0	0.0	0.0	0.0	0.0	0.0
Ssp-AAtu_038-Ex1-cssl.clmp.r1r2_fastp	0.0229489	0.0	0.0	0.0	0.0	0.0	0.0	0.0	0.0	0.0	0.0	0.0	0.0	0.0	0.0	0.0	0.0	0.0	0.0	0.0	0.0	0.0	0.0	0.0040498	0.0	0.0	0.0	0.0	0.0	0.0	0.0	0.0	0.0	0.0	0.0	0.0	0.0	0.0	0.0	0.0	0.0	0.0	0.0	0.0	0.0	0.0	0.0	0.0	0.0	0.0	0.0	0.0	0.0	0.0	0.0	0.0	0.0	0.0	0.0	0.0	0.0	0.0	0.0	0.0	0.0	0.0	0.0	0.0	0.0	0.0	0.0	0.0	0.0	0.00282135	0.0	0.0	0.0	0.0	0.0	0.0	0.0	0.0	0.0	0.0	0.0	0.0	0.0	0.0	0.0	0.0	0.0	0.0	0.0	0.0	0.0	0.0	0.0	0.0	0.0	0.00484361	0.0	0.0	0.0	0.0	0.0	0.0	0.0	0.0	0.0	0.0	0.0	0.0	0.0	0.0	0.0	0.0	0.0	0.0	0.0	0.0	0.0	0.0	0.0	0.0	0.00274238	0.0	0.0	0.0	0.0	0.0	0.0	0.0	0.0	0.0	0.0	0.0	0.0	0.0	0.0	0.0	0.0	0.0	0.0	0.0	0.0	0.0	0.0	0.0	0.0	0.0
Ssp-AAtu_039-Ex1-cssl.clmp.r1r2_fastp	0.0294555	0.0	0.0	0.0	0.0	0.0	0.0	0.0	0.0	0.0	0.0	0.0	0.0	0.0	0.0	0.0	0.0	0.0	0.0	0.0	0.0	0.0	0.0	0.00433169	0.0	0.0	0.0	0.0	0.0	0.0	0.0	0.0	0.0	0.0	0.0	0.0	0.0	0.0	0.0	0.0	0.0	0.0	0.0	0.0	0.0	0.0	0.0	0.0	0.000435114	0.0	0.0	0.0	0.0	0.0	0.0	0.0	0.0	0.0	0.0	0.0	0.0	0.0	0.0	0.0	0.0	0.0	0.0	0.0	0.0	0.0	0.0	0.0	0.0	0.00411573	0.0	0.0	0.0	0.0	0.0	0.0	0.0	0.0	0.0	0.0	0.0	0.0	0.0	0.0	0.0	0.0	0.0	0.0	0.0	0.0	0.0	0.0	0.0	0.0	0.0	0.0047896399999999995	0.0	0.0	0.0	0.0	0.0	0.0	0.0	0.0	0.0	0.0	0.0	0.0	0.0	0.0	0.0	0.0	0.0	0.0	0.0	0.0	0.0	0.0	0.0	0.0	0.0035018300000000005	0.0	0.0	0.0	0.0	0.0	0.0	0.0	0.0	0.0	0.0	0.0	0.0	0.0	0.0	0.0	0.0	0.0	0.0	0.0	0.0	0.0	0.0	0.0	0.0	0.0
Ssp-AAtu_040-Ex1-cssl.clmp.r1r2_fastp	0.0314542	0.0	0.000499272	0.0	0.0	0.0	0.0	0.0	0.0	0.0	0.0	0.0	0.0	0.0	0.0	0.0	0.0	0.0	0.0	0.0	0.0	0.0	0.0	0.00474309	0.0	0.0	0.0	0.0	0.0	0.0	0.0	0.0	0.0	0.0	0.0	0.0	0.0	0.0	0.0	0.0	0.0	0.0	0.0	0.0	0.0	0.0	0.0	0.0	0.0017634699999999998	0.0	0.0	0.0	0.0	0.0	0.0	0.0	0.0	0.0	0.0	0.0	0.0	0.0	0.0	0.0	0.0	0.0	0.0	0.0	0.0	0.0	0.0	0.0	0.0	0.00297139	0.0	0.0	0.0	0.0	0.0	0.0	0.0	0.0	0.0	0.0	0.0	0.0	0.0	0.0	0.0	0.0	0.0	0.0	0.0	0.0	0.0	0.0	0.0	0.0	0.0	0.00395099	0.0	0.0	0.0	0.0	0.0	0.0	0.0	0.0	0.0	0.0	0.0	0.0	0.0	0.0	0.0	0.0	0.0	0.0	0.0	0.0	0.0	0.0	0.0	0.0	0.00109436	0.0	0.0	0.0	0.0	0.0	0.0	0.0	0.0	0.0	0.0	0.0	0.0	0.0	0.0	0.0	0.0	0.0	0.0	0.0	0.0	0.0	0.0	0.0	0.0	0.0
Ssp-AAtu_041-Ex1-cssl.clmp.r1r2_fastp	0.03642	0.0	0.000371633	0.0	0.0	0.0	0.0	0.0	0.0	0.0	0.0	0.0	0.0	0.0	0.0	0.0	0.0	0.0	0.0	0.0	0.0	0.0	0.0	0.00854755	0.0	0.0	0.0	0.0	0.0	0.0	0.0	0.0	0.0	0.0	0.0	0.0	0.0	0.0	0.0	0.0	0.0	0.0	0.0	0.0	0.0	0.0	0.0	0.0	0.00223623	0.0	0.0	0.0	0.0	0.0	0.0	0.0	0.0	0.0	0.0	0.0	0.0	0.0	0.0	0.0	0.0	0.0	0.0	0.0	0.0	0.0	0.0	0.0	0.0	0.00398059	0.0	0.0	0.0	0.0	0.0	0.0	0.0	0.0	0.0	0.0	0.0	0.0	0.0	0.0	0.0	0.0	0.0	0.0	0.0	0.0	0.0	0.0	0.0	0.0	0.0	0.006527239999999999	0.0	0.0	0.0	0.0	0.0	0.0	0.0	0.0	0.0	0.0	0.0	0.0	0.0	0.0	0.0	0.0	0.0	0.0	0.0	0.0	0.0	0.0	0.0	0.0	0.00393079	0.0	0.0	0.0	0.0	0.0	0.0	0.0	0.0	0.0	0.0	0.0	0.0	0.0	0.0	0.0	0.0	0.0	0.0	0.0	0.0	0.0	0.0	0.0	0.0	0.0
Ssp-AAtu_043-Ex1-cssl.clmp.r1r2_fastp	0.031206099999999997	0.0	0.00222901	0.0	0.0	0.0	0.0	0.0	0.0	0.0	0.0	0.0	0.0	0.0	0.0	0.0	0.0	0.0	0.0	0.0	0.0	0.0	0.0	0.00668702	0.0	0.0	0.0	0.0	0.0	0.0	0.0	0.0	0.0	0.0	0.0	0.0	0.0	0.0	0.0	0.0	0.0	0.0	0.0	0.0	0.0	0.0	0.0	0.0	0.00335646	0.0	0.0	0.0	0.0	0.0	0.0	0.0	0.0	0.0	0.0	0.0	0.0	0.0	0.0	0.0	0.0	0.0	0.0	0.0	0.0	0.0	0.0	0.0	0.0	0.008135749999999999	0.0	0.0	0.0	0.0	0.0	0.0	0.0	0.0	0.0	0.0	0.0	0.0	0.0	0.0	0.0	0.0	0.0	0.0	0.0	0.0	0.0	0.0	0.0	0.0	0.0	0.00558768	0.0	0.0	0.0	0.0	0.0	0.0	0.0	0.0	0.0	0.0	0.0	0.0	0.0	0.0	0.0	0.0	0.0	0.0	0.0	0.0	0.0	0.0	0.0	0.0	0.00534502	0.0	0.0	0.0	0.0	0.0	0.0	0.0	0.0	0.0	0.0	0.0	0.0	0.0	0.0	0.0	0.0	0.0	0.0	0.0	0.0	0.0	0.0	0.0	0.0	0.0
Ssp-AAtu_045-Ex1-cssl.clmp.r1r2_fastp	0.0315977	0.0	0.0	0.0	0.0	0.0	0.000315977	0.0	0.0	0.000315977	0.0	0.0	0.0	0.0	0.0	0.0	0.0	0.0	0.0	0.0	0.0	0.0	0.0	0.00442367	0.0	0.0	0.0	0.0	0.0	0.0	0.0	0.000315977	0.0	0.0	0.0	0.0	0.0	0.0	0.0	0.0	0.0	0.0	0.0	0.0	0.0	0.0	0.0	0.0	0.000318531	0.0	0.0	0.0	0.0	0.0	0.0	0.0	0.0	0.0	0.0	0.0	0.0	0.0	0.0	0.0	0.0	0.0	0.0	0.0	0.0	0.0	0.0	0.0	0.0	0.00204567	0.0	0.0	0.0	0.0	0.0	0.0	0.0	0.0	0.0	0.0	0.0	0.0	0.0	0.0	0.0	0.0	0.0	0.0	0.0	0.0	0.0	0.0	0.0	0.0	0.0	0.00475466	0.0	0.0	0.0	0.0	0.0	0.0	0.0	0.0	0.0	0.0	0.0	0.0	0.0	0.0	0.0	0.0	0.0	0.0	0.0	0.0	0.0	0.0	0.0	0.0	0.00229254	0.0	0.0	0.0	0.0	0.0	0.0	0.0	0.000907556	0.0	0.0	0.0	0.0	0.0	0.0	0.0	0.0	0.0	0.0	0.0	0.0	0.0	0.0	0.0	0.0	0.0
Ssp-AAtu_046-Ex1-cssl.clmp.r1r2_fastp	0.0874942	0.0	0.052496499999999995	0.0	0.0	0.0	0.0	0.0	0.0	0.0	0.0	0.0	0.0	0.0	0.0	0.0	0.0	0.0	0.0	0.0	0.0	0.0	0.0	0.0	0.0	0.0	0.0	0.0	0.0	0.0	0.0	0.0	0.0	0.0	0.0	0.0	0.0	0.0	0.0	0.0	0.0	0.0	0.0	0.0	0.0	0.0	0.00291783	0.0	0.0	0.0	0.0	0.0	0.0	0.0	0.0	0.0	0.0	0.0	0.0	0.0	0.0	0.0	0.0	0.0	0.0	0.0	0.0	0.0	0.0	0.0	0.0	0.0	0.0	0.0	0.0	0.0	0.0	0.0	0.0	0.0	0.0	0.0	0.0	0.0	0.0	0.0	0.0	0.0	0.0	0.0	0.0	0.0	0.0	0.0	0.0	0.0	0.0	0.0	0.0	0.0	0.0	0.0	0.0	0.0	0.0	0.0	0.0	0.0	0.0	0.0	0.0	0.0	0.0	0.0	0.0	0.0	0.0	0.0	0.0	0.0	0.00293419	0.0	0.0	0.0	0.0	0.0	0.0	0.0	0.0	0.0	0.0	0.0	0.0	0.0	0.0	0.0	0.0	0.0	0.0	0.0	0.0	0.0	0.0	0.0	0.00319193	0.0	0.0	0.0	0.0	0.0
Ssp-AAtu_047-Ex1-cssl.clmp.r1r2_fastp	0.0271027	0.0	0.000430202	0.0	0.0	0.0	0.0	0.0	0.0	0.0	0.0	0.0	0.0	0.0	0.0	0.0	0.0	0.0	0.0	0.0	0.0	0.0	0.0	0.0038718199999999998	0.0	0.0	0.0	0.0	0.0	0.0	0.0	0.0	0.0	0.0	0.0	0.0	0.0	0.0	0.0	0.0	0.0	0.0	0.0	0.0	0.0	0.0	0.0	0.0	0.0008652019999999999	0.0	0.0	0.0	0.0	0.0	0.0	0.0	0.0	0.0	0.0	0.0	0.0	0.0	0.0	0.0	0.0	0.0	0.0	0.0	0.0	0.0	0.0	0.0	0.0	0.00185052	0.0	0.0	0.0	0.0	0.0	0.0	0.0	0.0	0.0	0.0	0.0	0.0	0.0	0.0	0.0	0.0	0.0	0.0	0.0	0.0	0.0	0.0	0.0	0.0	0.0	0.00511758	0.0	0.0	0.0	0.0	0.0	0.0	0.0	0.0	0.0	0.0	0.0	0.0	0.0	0.0	0.0	0.0	0.0	0.0	0.0	0.0	0.0	0.0	0.0	0.0	0.00292045	0.0	0.0	0.0	0.0	0.0	0.0	0.0	0.0	0.0	0.0	0.0	0.0	0.0	0.0	0.0	0.0	0.0	0.0	0.0	0.0	0.0	0.0	0.0	0.0	0.0
Ssp-AAtu_048-Ex1-cssl.clmp.r1r2_fastp	0.0290712	0.0	0.0	0.0	0.0	0.0	0.00103826	0.0	0.0	0.00103826	0.0	0.0	0.0	0.0	0.0	0.0	0.0	0.0	0.0	0.0	0.0	0.0	0.0	0.004153029999999999	0.0	0.0	0.0	0.0	0.0	0.0	0.0	0.00103826	0.000346085	0.0	0.0	0.0	0.0	0.0	0.0	0.0	0.0	0.0	0.0	0.0	0.0	0.0	0.0	0.0	0.000696161	0.0	0.0	0.0	0.0	0.0	0.0	0.0	0.0	0.0	0.0	0.0	0.0	0.0	0.0	0.0	0.0	0.0	0.0	0.0	0.0	0.0	0.000369803	0.0	0.0	0.00265906	0.0	0.0	0.0	0.0	0.0	0.0	0.0	0.0	0.0	0.0	0.0	0.0	0.0	0.0	0.0	0.0	0.0	0.0	0.0	0.0	0.0	0.0	0.0	0.0	0.0	0.004604479999999999	0.0	0.0	0.0	0.0	0.0	0.0	0.0	0.0	0.0	0.0	0.0	0.0	0.0	0.0	0.0	0.0	0.0	0.0	0.0	0.0	0.0	0.0	0.0	0.0	0.0039716	0.0	0.0	0.0	0.0	0.0	0.0	0.0	0.0	0.0	0.0	0.0	0.0	0.0	0.0	0.0	0.0	0.0	0.0	0.0	0.0	0.0	0.0	0.0	0.0	0.0
Ssp-AAtu_049-Ex1-cssl.clmp.r1r2_fastp	0.0339642	0.0	0.0	0.0	0.0005567899999999999	0.0	0.0	0.0	0.0	0.0	0.0	0.0	0.0	0.0	0.0	0.0	0.0	0.0	0.0	0.0	0.0	0.0	0.0	0.00668148	0.0	0.0	0.0	0.0	0.0	0.0	0.0	0.0	0.0	0.0	0.0	0.0	0.0	0.0	0.0	0.0	0.0	0.0	0.0	0.0	0.0	0.0	0.0	0.0	0.00167967	0.0	0.0	0.0	0.0	0.0	0.0	0.0	0.0	0.0	0.0	0.0	0.0	0.0	0.0	0.0	0.0	0.0	0.0	0.0	0.0	0.0	0.0	0.0	0.0	0.004701510000000001	0.0	0.0	0.0	0.0	0.0	0.0	0.0	0.0	0.0	0.0	0.0	0.0	0.0	0.0	0.0	0.0	0.0	0.0	0.0	0.0	0.0	0.0	0.0	0.0	0.0	0.0037097500000000004	0.0	0.0	0.0	0.0	0.0	0.0	0.0	0.0	0.0	0.0	0.0	0.0	0.0	0.0	0.0	0.0	0.0	0.0	0.0	0.0	0.0	0.0	0.0	0.0	0.0010037899999999998	0.0	0.0	0.0	0.0	0.0	0.0	0.0	0.0	0.0	0.0	0.0	0.0	0.0	0.0	0.0	0.0	0.0	0.0	0.0	0.0	0.0	0.0	0.0	0.0	0.0
Ssp-AAtu_050-Ex1-cssl.clmp.r1r2_fastp	0.026706100000000003	0.0	0.000251944	0.0	0.0	0.0	0.000251944	0.0	0.0	0.0	0.0	0.0	0.0	0.0	0.0	0.0	0.000251944	0.0	0.0	0.0	0.0	0.0	0.0	0.00403111	0.0	0.0	0.0	0.0	0.0	0.0	0.0	0.000251944	0.0	0.0	0.0	0.0	0.0	0.0	0.0	0.000252765	0.0	0.0	0.0	0.0	0.0	0.0	0.0	0.0	0.00101669	0.0	0.0	0.0	0.0	0.0	0.0	0.0	0.0	0.0	0.0	0.0	0.0	0.0	0.0	0.0	0.0	0.0	0.000525181	0.0	0.000265146	0.0	0.0	0.0	0.0	0.00274362	0.0	0.0	0.0	0.0	0.0	0.0	0.0	0.0	0.0	0.0	0.0	0.0	0.0	0.0	0.0	0.0	0.000671067	0.0006808809999999999	0.0	0.0	0.0	0.0	0.0	0.0	0.0	0.00269498	0.0	0.0	0.0	0.0	0.0	0.0	0.0	0.0	0.0	0.0	0.0	0.0	0.0	0.0	0.0	0.0	0.0	0.0	0.0	0.0	0.0	0.0	0.0	0.0	0.00122727	0.0	0.0	0.0	0.0	0.0	0.0	0.0	0.0	0.0	0.0	0.0	0.0	0.0	0.0	0.0	0.0	0.0	0.0	0.0	0.0	0.0	0.0	0.00106798	0.0	0.0
Ssp-AAtu_051-Ex1-cssl.clmp.r1r2_fastp	0.038848	0.0	0.0	0.0	0.0	0.0	0.0	0.0	0.0	0.0	0.0	0.0	0.0	0.0	0.0	0.0	0.0	0.0	0.0	0.0	0.0	0.0	0.0	0.00971199	0.0	0.0	0.0	0.0	0.0	0.0	0.0	0.0	0.0	0.0	0.0	0.0	0.0	0.0	0.0	0.0	0.0	0.0	0.0	0.0	0.0	0.0	0.0	0.0	0.0029269599999999997	0.0	0.0	0.0	0.0	0.0	0.0	0.0	0.0	0.0	0.0	0.0	0.0	0.0	0.0	0.0	0.0	0.0	0.0	0.0	0.0	0.0	0.0	0.0	0.0	0.0058527399999999995	0.0	0.0	0.0	0.0	0.0	0.0	0.0	0.0	0.0	0.0	0.0	0.0	0.0	0.0	0.0	0.0	0.0	0.0	0.0	0.0	0.0	0.0	0.0	0.0	0.0	0.00854064	0.0	0.0	0.0	0.0	0.0	0.0	0.0	0.0	0.0	0.0	0.0	0.0	0.0	0.0	0.0	0.0	0.0	0.0	0.0	0.0	0.0	0.0	0.0	0.0	0.008611249999999999	0.0	0.0	0.0	0.0	0.0	0.0	0.0	0.0	0.0	0.0	0.0	0.0	0.0	0.0	0.0	0.0	0.0	0.0	0.0	0.0	0.0	0.0	0.0	0.0	0.0
Ssp-AAtu_052-Ex1-cssl.clmp.r1r2_fastp	0.030087100000000002	0.0	0.0	0.0	0.0	0.0	0.000626814	0.0	0.0	0.000626814	0.0	0.0	0.0	0.0	0.0	0.0	0.0	0.0	0.0	0.0	0.0	0.0	0.0	0.00626814	0.0	0.0	0.0	0.0	0.0	0.0	0.0	0.000626814	0.0	0.0	0.0	0.0	0.0	0.0	0.0	0.0	0.0	0.0	0.0	0.0	0.0	0.0	0.0	0.0	0.0018873899999999999	0.0	0.0	0.0	0.0	0.0	0.0	0.0	0.0	0.0	0.0	0.0	0.0	0.0	0.0	0.0	0.0	0.0	0.0	0.0	0.0	0.0	0.0	0.0	0.0	0.00524872	0.0	0.0	0.0	0.0	0.0	0.0	0.0	0.0	0.0	0.0	0.0	0.0	0.0	0.0	0.0	0.0	0.0	0.0	0.0	0.0	0.0	0.0	0.0	0.0	0.0	0.0066206500000000005	0.0	0.0	0.0	0.0	0.0	0.0	0.0	0.0	0.0	0.0	0.0	0.0	0.0	0.0	0.0	0.0	0.0	0.0	0.0	0.0	0.0	0.0	0.0	0.0	0.00114269	0.0	0.0	0.0	0.0	0.0	0.0	0.0	0.00127724	0.0	0.0	0.0	0.0	0.0	0.0	0.0	0.0	0.0	0.0	0.0	0.0	0.0	0.0	0.0	0.0	0.0
Ssp-CGub_004-Ex1-cssl.clmp.r1r2_fastp	0.0294565	0.0	0.0	0.0	0.0	0.0	0.0	0.0	0.0	0.0	0.0	0.0	0.0	0.0	0.0	0.0	0.0	0.0	0.0	0.0	0.0	0.0	0.0	0.00475105	0.0	0.0	0.0	0.0	0.0	0.0	0.0	0.0	0.0	0.0	0.0	0.0	0.0	0.0	0.0	0.0	0.0	0.0	0.0	0.0	0.0	0.0	0.0	0.0	0.000952064	0.0	0.0	0.0	0.0	0.0	0.0	0.0	0.0	0.0	0.0	0.0	0.0	0.0	0.0	0.0	0.0	0.0	0.0	0.0	0.0	0.0	0.0	0.0	0.0	0.0019256700000000002	0.0	0.0	0.0	0.0	0.0	0.0	0.0	0.0	0.0	0.0	0.0	0.0	0.0	0.0	0.0	0.0	0.0	0.0	0.0	0.0	0.0	0.0	0.0	0.0	0.0	0.0041266	0.0	0.0	0.0	0.0	0.0	0.0	0.0	0.0	0.0	0.0	0.0	0.0	0.0	0.0	0.0	0.0	0.0	0.0	0.0	0.0	0.0	0.0	0.0	0.0	0.00118233	0.0	0.0	0.0	0.0	0.0	0.0	0.0	0.0	0.0	0.0	0.0	0.0	0.0	0.0	0.0	0.0	0.0	0.0	0.0	0.0	0.0	0.0	0.0	0.0	0.0
Ssp-CGub_006-Ex1-cssl.clmp.r1r2_fastp	0.0292984	0.0	1.73261e-05	0.0	0.0	0.0	0.000277217	0.0	0.0	0.000155935	0.0	0.0	0.0	0.0	0.0	0.0	0.0	0.0	0.0	0.0	0.0	0.0	0.0	0.0036731299999999997	0.0	0.0	0.0	0.0	0.0	0.0	0.0	0.000259891	8.66304e-05	1.7327e-05	0.0	0.0	0.0	0.0	0.0	0.0	0.0	0.0	0.0	0.0	0.0	0.0	0.0	0.0	0.00038148500000000004	0.0	0.0	0.0	0.0	0.0	0.0	0.0	0.0	0.0	0.0	0.0	0.0	0.0	0.0	0.0	0.0	0.0	0.00022583200000000003	1.73756e-05	3.47598e-05	0.0	0.0	0.0	0.0	0.00205453	0.0	0.0	0.0	0.0	0.0	0.0	0.0	0.0	0.0	0.0	0.0	0.0	0.0	0.0	0.0	0.0	3.53765e-05	0.000265694	0.0	0.0	0.0	0.0	1.7852e-05	0.0	0.0	0.00332032	0.0	0.0	0.0	0.0	0.0	0.0	0.0	0.0	0.0	0.0	0.0	0.0	0.0	0.0	0.0	0.0	0.0	3.75234e-05	0.0	0.0	0.0	1.90113e-05	0.0	0.0	0.0019216600000000002	1.92911e-05	0.0	3.8885300000000005e-05	0.0	0.0	0.0	3.9570900000000004e-05	0.000139153	0.0	0.0	0.0	0.0	0.0	0.0	0.0	0.0	0.0	0.0	0.000298245	0.0	0.0	0.0	6.6034e-05	0.0	0.0
Ssp-CGub_008-Ex1-cssl.clmp.r1r2_fastp	0.0367833	0.0	0.0	0.0	0.0	0.00459791	0.0	0.0	0.0	0.0	0.0	0.0	0.0	0.0	0.0	0.0	0.0	0.0	0.0	0.0	0.0	0.0	0.0	0.00919583	0.0	0.0	0.0	0.0	0.0	0.0	0.0	0.0	0.0	0.0	0.0	0.0	0.0	0.0	0.0	0.0	0.0	0.0	0.0	0.0	0.0	0.0	0.0	0.0	0.00460511	0.0	0.0	0.0	0.0	0.0	0.0	0.0	0.0	0.0	0.0	0.0	0.0	0.0	0.0	0.0	0.0	0.0	0.0	0.0	0.0	0.0	0.0	0.0	0.0	0.00928893	0.0	0.0	0.0	0.0	0.0	0.0	0.0	0.0	0.0	0.0	0.0	0.0	0.0	0.0	0.0	0.0	0.0	0.0	0.0	0.0	0.0	0.0	0.0	0.0	0.0	0.00494096	0.0	0.0	0.0	0.0	0.0	0.0	0.0	0.0	0.0	0.0	0.0	0.0	0.0	0.0	0.0	0.0	0.0	0.0	0.0	0.0	0.0	0.0	0.0	0.0	0.00562905	0.0	0.0	0.0	0.0	0.0	0.0	0.0	0.0	0.0	0.0	0.0	0.0	0.0	0.0	0.0	0.0	0.0	0.0	0.0	0.0	0.0	0.0	0.0	0.0	0.0
Ssp-CGub_009-Ex1-cssl.clmp.r1r2_fastp	0.0307303	0.0	1.90045e-05	0.0	0.0	0.0	0.000266063	0.0	0.0	0.000126697	0.0	0.0	0.0	0.0	0.0	0.0	1.2669700000000002e-05	0.0	0.0	0.0	0.0	0.0	0.0	0.0032561	0.0	0.0	0.0	0.0	0.0	0.0	0.0	0.000278733	4.43438e-05	0.0	0.0	0.0	0.0	0.0	0.0	0.0	0.0	0.0	0.0	0.0	0.0	0.0	0.0	0.0	0.000348785	0.0	0.0	0.0	0.0	0.0	0.0	0.0	0.0	0.0	0.0	0.0	0.0	0.0	0.0	0.0	0.0	0.0	0.000133408	0.0	1.27105e-05	0.0	0.0	0.0	0.0	0.00187123	0.0	0.0	0.0	0.0	0.0	0.0	0.0	0.0	0.0	0.0	0.0	0.0	0.0	0.0	0.0	0.0	1.9331100000000002e-05	0.000135465	0.0	0.0	0.0	0.0	0.0	0.0	0.0	0.0032973399999999997	0.0	0.0	0.0	0.0	0.0	0.0	0.0	0.0	0.0	0.0	0.0	0.0	0.0	0.0	0.0	0.0	0.0	6.741440000000001e-06	0.0	0.0	6.7912499999999996e-06	0.0	1.36541e-05	2.05367e-05	0.00227219	0.0	0.0	2.7697799999999998e-05	0.0	6.96797e-06	0.0	2.1044600000000002e-05	0.000105588	0.0	0.0	0.0	0.0	0.0	0.0	0.0	0.0	0.0	0.0	0.000185646	2.23955e-05	1.5025299999999998e-05	2.26899e-05	9.1574e-05	0.0	0.0
Ssp-CGub_011-Ex1-cssl.clmp.r1r2_fastp	0.0219103	0.0	0.0	0.0	0.0	0.0	0.0	0.0	0.0	0.0	0.0	0.0	0.0	0.0	0.0	0.0	0.0	0.0	0.0	0.0	0.0	0.0	0.0	0.0	0.0	0.0	0.0	0.0	0.0	0.0	0.0	0.0	0.0	0.0	0.0	0.0	0.0	0.0	0.0	0.0	0.0	0.0	0.0	0.0	0.0	0.0	0.0	0.0	0.0	0.0	0.0	0.0	0.0	0.0	0.0	0.0	0.0	0.0	0.0	0.0	0.0	0.0	0.0	0.0	0.0	0.0	0.0	0.0	0.0	0.0	0.0	0.0	0.0	0.0	0.0	0.0	0.0	0.0	0.0	0.0	0.0	0.0	0.0	0.0	0.0	0.0	0.0	0.0	0.0	0.0	0.0	0.0	0.0	0.0	0.0	0.0	0.0	0.0	0.0	0.0	0.0	0.0	0.0	0.0	0.0	0.0	0.0	0.0	0.0	0.0	0.0	0.0	0.0	0.0	0.0	0.0	0.0	0.0	0.0	0.0	0.0	0.0	0.0	0.0	0.0	0.0	0.0	0.0	0.0	0.0	0.0	0.0	0.0	0.0	0.0	0.0	0.0	0.0	0.0	0.0	0.0	0.0	0.0	0.0	0.0	0.0	0.0	0.0	0.0	0.0
Ssp-CGub_013-Ex1-cssl.clmp.r1r2_fastp	0.0342393	0.0	3.2554e-05	0.0	2.50416e-06	2.50416e-06	0.000250416	0.0	0.0	0.000125208	0.0	0.0	0.0	0.0	0.0	0.0	7.51247e-06	0.0	0.0	0.0	0.0	0.0	0.0	0.0037036499999999997	0.0	0.0	0.0	0.0	0.0	0.0	0.0	0.000242903	3.2554e-05	0.0	0.0	0.0	0.0	0.0	0.0	5.01033e-06	0.0	0.0	0.0	0.0	0.0	0.0	0.0	0.0	0.000541411	0.0	0.0	0.0	0.0	0.0	0.0	0.0	0.0	0.0	0.0	0.0	0.0	0.0	0.0	0.0	0.0	0.0	0.000108009	0.0	1.25662e-05	0.0	2.51509e-06	0.0	0.0	0.0023929	0.0	0.0	0.0	0.0	0.0	0.0	2.5334500000000003e-06	0.0	0.0	0.0	0.0	0.0	0.0	0.0	0.0	0.0	2.05514e-05	0.000110657	0.0	0.0	0.0	0.0	0.0	0.0	0.0	0.0038238100000000004	0.0	0.0	0.0	0.0	0.0	0.0	0.0	0.0	0.0	0.0	0.0	0.0	0.0	0.0	0.0	0.0	0.0	1.10325e-05	0.0	0.0	2.7895e-06	2.8005e-06	5.62366e-06	1.1294e-05	0.00238455	1.42373e-05	2.85984e-06	3.15978e-05	0.0	8.69717e-06	0.0	1.75635e-05	0.000100021	0.0	0.0	0.0	0.0	0.0	0.0	0.0	0.0	0.0	3.13573e-06	0.000138871	0.0	1.28167e-05	1.2927199999999999e-05	0.000107818	0.0	0.0
Ssp-CGub_014-Ex1-cssl.clmp.r1r2_fastp	0.0302718	0.0	5.89518e-05	0.0	0.0	0.0	0.000206331	0.0	0.0	0.00011790399999999999	0.0	0.0	0.0	0.0	0.0	0.0	5.89518e-05	0.0	0.0	0.0	0.0	0.0	0.0	0.00427401	0.0	0.0	0.0	0.0	0.0	0.0	0.0	0.000235807	2.94759e-05	0.0	0.0	0.0	0.0	0.0	0.0	2.9489000000000002e-05	0.0	0.0	0.0	0.0	0.0	0.0	0.0	0.0	0.000383575	0.0	0.0	0.0	0.0	0.0	0.0	0.0	0.0	0.0	0.0	0.0	0.0	0.0	0.0	0.0	0.0	0.0	0.000177346	0.0	2.95694e-05	0.0	0.0	0.0	0.0	0.00213204	0.0	0.0	0.0	0.0	0.0	0.0	0.0	0.0	0.0	0.0	0.0	0.0	0.0	0.0	0.0	0.0	0.0	0.000180063	0.0	0.0	0.0	0.0	0.0	0.0	0.0	0.00360819	0.0	0.0	0.0	0.0	0.0	0.0	0.0	0.0	0.0	0.0	0.0	0.0	0.0	0.0	0.0	0.0	0.0	0.0	0.0	0.0	0.0	0.0	0.0	6.39462e-05	0.00243767	3.218e-05	0.0	6.479459999999999e-05	0.0	0.0	0.0	3.28885e-05	9.906820000000001e-05	0.0	0.0	0.0	0.0	0.0	0.0	0.0	0.0	0.0	0.0	0.00024566	0.0	0.0	0.0	7.223039999999999e-05	0.0	0.0
Ssp-CGub_015-Ex1-cssl.clmp.r1r2_fastp	0.0227469	0.0	0.0	0.0	0.0	0.0	0.000331266	0.0	0.0	0.00011042200000000001	0.0	0.0	0.0	0.0	0.0	0.0	0.0	0.0	0.0	0.0	0.0	0.0	0.0	0.00231886	0.0	0.0	0.0	0.0	0.0	0.0	0.0	0.00022084400000000002	0.0	0.0	0.0	0.0	0.0	0.0	0.0	0.0	0.0	0.0	0.0	0.0	0.0	0.0	0.0	0.0	0.000110542	0.0	0.0	0.0	0.0	0.0	0.0	0.0	0.0	0.0	0.0	0.0	0.0	0.0	0.0	0.0	0.0	0.0	0.0	0.0	0.0	0.0	0.0	0.0	0.0	0.0011082	0.0	0.0	0.0	0.0	0.0	0.0	0.0	0.0	0.0	0.0	0.0	0.0	0.0	0.0	0.0	0.0	0.0	0.0	0.0	0.0	0.0	0.0	0.0	0.0	0.0	0.0013467800000000001	0.0	0.0	0.0	0.0	0.0	0.0	0.0	0.0	0.0	0.0	0.0	0.0	0.0	0.0	0.0	0.0	0.0	0.0	0.0	0.0	0.000115632	0.0	0.0	0.000116414	0.00163354	0.0	0.0	0.0	0.0	0.0	0.0	0.0	0.000119174	0.0	0.0	0.0	0.0	0.0	0.0	0.0	0.0	0.0	0.0	0.000124794	0.0	0.000125955	0.0	0.00012751399999999999	0.0	0.0
Ssp-CGub_016-Ex1-cssl.clmp.r1r2_fastp	0.029925600000000004	0.0	1.68595e-05	0.0	0.0	1.68595e-05	0.00011801599999999999	0.0	0.0	5.05785e-05	0.0	0.0	0.0	0.0	0.0	0.0	1.68595e-05	0.0	0.0	0.0	0.0	0.0	0.0	0.00347306	0.0	0.0	0.0	0.0	0.0	0.0	0.0	0.00011801599999999999	0.0	0.0	0.0	0.0	0.0	0.0	0.0	0.0	0.0	0.0	0.0	0.0	0.0	0.0	0.0	0.0	0.000557281	0.0	0.0	0.0	0.0	0.0	0.0	0.0	0.0	0.0	0.0	0.0	0.0	0.0	0.0	0.0	0.0	0.0	5.09069e-05	1.6979099999999998e-05	1.6990400000000003e-05	0.0	0.0	0.0	0.0	0.00211696	0.0	0.0	0.0	0.0	0.0	0.0	0.0	0.0	0.0	0.0	0.0	0.0	0.0	0.0	0.0	0.0	0.0	3.55455e-05	0.0	0.0	0.0	0.0	0.0	0.0	0.0	0.00345119	0.0	0.0	0.0	0.0	0.0	0.0	0.0	0.0	0.0	0.0	0.0	0.0	0.0	0.0	0.0	0.0	0.0	0.0	0.0	0.0	0.0	0.0	0.0	4.0918800000000005e-05	0.00224318	6.21101e-05	0.0	0.0	0.0	0.0	0.0	0.0	4.33167e-05	0.0	0.0	0.0	0.0	0.0	0.0	0.0	0.0	0.0	0.0	4.74413e-05	0.0	0.0	0.0	9.870349999999999e-05	0.0	0.0
Ssp-CGub_021-Ex1-cssl.clmp.r1r2_fastp	0.024152	0.0	0.0	0.0	0.0	0.0	0.000110283	0.0	0.0	0.0	0.0	0.0	0.0	0.0	0.0	0.0	0.0	0.0	0.0	0.0	0.0	0.0	0.0	0.00275707	0.0	0.0	0.0	0.0	0.0	0.0	0.0	0.000110283	0.0	0.0	0.0	0.0	0.0	0.0	0.0	0.0	0.0	0.0	0.0	0.0	0.0	0.0	0.0	0.0	0.00033140400000000004	0.0	0.0	0.0	0.0	0.0	0.0	0.0	0.0	0.0	0.0	0.0	0.0	0.0	0.0	0.0	0.0	0.0	0.00011131599999999999	0.0	0.0	0.0	0.0	0.0	0.0	0.0023664800000000002	0.0	0.0	0.0	0.0	0.0	0.0	0.0	0.0	0.0	0.0	0.0	0.0	0.0	0.0	0.0	0.0	0.0	0.00012410900000000001	0.0	0.0	0.0	0.0	0.0	0.0	0.0	0.00305632	0.0	0.0	0.0	0.0	0.0	0.0	0.0	0.0	0.0	0.0	0.0	0.0	0.0	0.0	0.0	0.0	0.0	0.0	0.0	0.0	0.0	0.0	0.0	0.0	0.00160236	0.0	0.0	0.0	0.0	0.0	0.0	0.0	0.0	0.0	0.0	0.0	0.0	0.0	0.0	0.0	0.0	0.0	0.0	0.00023838	0.0	0.0	0.0	0.0	0.0	0.0
Ssp-CGub_022-Ex1-cssl.clmp.r1r2_fastp	0.0333187	0.0	0.0	0.0	0.0	0.0	0.000246197	0.0	0.0	0.000136776	0.0	0.0	0.0	0.0	0.0	0.0	0.0	0.0	0.0	0.0	0.0	0.0	0.0	0.00341941	0.0	0.0	0.0	0.0	0.0	0.0	0.0	0.000273552	2.7355200000000002e-05	0.0	0.0	0.0	0.0	0.0	0.0	0.0	0.0	0.0	0.0	0.0	0.0	0.0	0.0	0.0	0.000273808	0.0	0.0	0.0	0.0	0.0	0.0	0.0	0.0	0.0	0.0	0.0	0.0	0.0	0.0	0.0	0.0	0.0	5.48383e-05	0.0	0.0	0.0	0.0	0.0	0.0	0.00186645	0.0	0.0	0.0	0.0	0.0	0.0	0.0	0.0	0.0	0.0	0.0	0.0	0.0	0.0	0.0	0.0	0.0	2.7629899999999998e-05	0.0	0.0	0.0	0.0	0.0	0.0	0.0	0.00377706	0.0	0.0	0.0	0.0	0.0	0.0	0.0	0.0	0.0	0.0	0.0	0.0	0.0	0.0	0.0	0.0	0.0	0.0	0.0	0.0	0.0	0.0	0.0	0.0	0.0023737	2.86508e-05	0.0	2.87567e-05	0.0	2.8874999999999997e-05	0.0	2.90036e-05	0.00014535200000000001	0.0	0.0	0.0	0.0	0.0	0.0	0.0	0.0	0.0	0.0	9.06127e-05	3.03053e-05	0.0	3.05831e-05	3.08047e-05	0.0	0.0
Ssp-CGub_024-Ex1-cssl.clmp.r1r2_fastp	0.02761	0.0	4.9569100000000006e-05	0.0	0.0	0.0	0.000198276	0.0	0.0	0.00011566099999999999	0.0	0.0	0.0	0.0	0.0	0.0	0.0	0.0	0.0	0.0	0.0	0.0	0.0	0.00284196	0.0	0.0	0.0	0.0	0.0	0.0	0.0	0.000198276	3.3046e-05	0.0	0.0	0.0	0.0	0.0	0.0	1.65313e-05	0.0	0.0	0.0	0.0	0.0	0.0	0.0	0.0	0.0005294820000000001	0.0	0.0	0.0	0.0	0.0	0.0	0.0	0.0	0.0	0.0	0.0	0.0	0.0	0.0	0.0	0.0	0.0	8.313219999999999e-05	0.0	3.32999e-05	0.0	1.66804e-05	0.0	0.0	0.0019755800000000002	0.0	0.0	0.0	0.0	0.0	0.0	3.39502e-05	0.0	0.0	0.0	0.0	0.0	0.0	0.0	0.0	0.0	3.50142e-05	0.000123001	0.0	0.0	0.0	0.0	0.0	0.0	0.0	0.00274238	0.0	0.0	0.0	0.0	0.0	0.0	0.0	0.0	0.0	0.0	0.0	0.0	0.0	0.0	0.0	0.0	0.0	0.0	0.0	0.0	2.04172e-05	0.0	2.0693799999999998e-05	4.16711e-05	0.00157358	4.22584e-05	0.0	0.0	0.0	2.17546e-05	0.0	0.0	2.22677e-05	0.0	0.0	0.0	0.0	0.0	0.0	0.0	0.0	0.0	0.0	0.00014849200000000001	0.0	0.0	2.55874e-05	7.77774e-05	0.0	0.0
Ssp-CGub_027-Ex1-cssl.clmp.r1r2_fastp	0.0296077	0.0	9.53037e-05	0.0	0.0	0.0	0.000317679	0.0	0.0	0.00025414299999999997	0.0	0.0	0.0	0.0	0.0	0.0	3.17679e-05	0.0	0.0	0.0	0.0	0.0	0.0	0.00339916	0.0	0.0	0.0	0.0	0.0	0.0	0.0	0.000349447	0.000158839	0.0	0.0	0.0	0.0	0.0	0.0	0.0	0.0	0.0	0.0	0.0	0.0	0.0	0.0	0.0	0.000509012	0.0	0.0	0.0	0.0	0.0	0.0	0.0	0.0	0.0	0.0	0.0	0.0	0.0	0.0	0.0	0.0	0.0	9.586209999999999e-05	0.0	0.0	0.0	0.0	0.0	0.0	0.0021857499999999998	0.0	0.0	0.0	0.0	0.0	0.0	3.2513e-05	0.0	0.0	0.0	0.0	0.0	0.0	0.0	0.0	0.0	0.0	6.69423e-05	0.0	0.0	0.0	0.0	6.80673e-05	0.0	0.0	0.00347659	0.0	0.0	0.0	0.0	0.0	0.0	0.0	0.0	0.0	0.0	0.0	0.0	0.0	0.0	0.0	0.0	0.0	0.0	0.0	0.0	0.0	0.0	3.8634e-05	0.0	0.0021529	3.94047e-05	0.0	0.0	0.0	0.0	0.0	0.0	0.00024875	0.0	0.0	0.0	0.0	0.0	0.0	0.0	0.0	0.0	0.0	0.00018362	0.0	0.0	0.0	9.5945e-05	0.0	0.0
Ssp-CGub_030-Ex1-cssl.clmp.r1r2_fastp	0.0287702	0.0	0.0	0.0	8.33918e-05	0.0	0.000166784	0.0	0.0	0.0	0.0	0.0	0.0	0.0	0.0	0.0	0.0	0.0	0.0	0.0	0.0	0.0	0.0	0.00258515	0.0	0.0	0.0	0.0	0.0	0.0	0.0	0.000166784	0.0	0.0	0.0	0.0	0.0	0.0	0.0	8.343740000000001e-05	0.0	0.0	0.0	0.0	0.0	0.0	0.0	0.0	0.000334051	0.0	0.0	0.0	0.0	0.0	0.0	0.0	0.0	0.0	0.0	0.0	0.0	0.0	0.0	0.0	0.0	0.0	8.381339999999999e-05	0.0	8.38984e-05	0.0	0.0	0.0	0.0	0.00185321	0.0	0.0	0.0	0.0	0.0	0.0	0.0	0.0	0.0	0.0	0.0	0.0	0.0	0.0	0.0	0.0	0.0	8.74318e-05	0.0	0.0	0.0	0.0	0.0	0.0	0.0	0.00305484	0.0	0.0	0.0	0.0	0.0	0.0	0.0	0.0	0.0	0.0	0.0	0.0	0.0	0.0	0.0	0.0	0.0	0.0	0.0	0.0	0.0	0.0	0.0	0.0	0.0022584	0.00020675	0.0	0.0	0.0	0.0	0.0	0.0	0.0	0.0	0.0	0.0	0.0	0.0	0.0	0.0	0.0	0.0	0.0	0.000121112	0.0	0.0	0.0	0.00012657800000000002	0.0	0.0
Ssp-CGub_031-Ex1-cssl.clmp.r1r2_fastp	0.0317836	0.0	0.0	0.0	0.0	0.0	0.000175277	0.0	0.0	0.000116852	0.0	0.0	0.0	0.0	0.0	0.0	2.92129e-05	0.0	0.0	0.0	0.0	0.0	0.0	0.00391453	0.0	0.0	0.0	0.0	0.0	0.0	0.0	0.00020449000000000002	0.0	0.0	0.0	0.0	0.0	0.0	0.0	0.0	0.0	0.0	0.0	0.0	0.0	0.0	0.0	0.0	0.000526491	0.0	0.0	0.0	0.0	0.0	0.0	0.0	0.0	0.0	0.0	0.0	0.0	0.0	0.0	0.0	0.0	0.0	0.000205112	0.0	0.0	0.0	0.0	0.0	0.0	0.00217147	0.0	0.0	0.0	0.0	0.0	0.0	0.0	0.0	0.0	0.0	0.0	0.0	0.0	0.0	0.0	0.0	0.0	0.00011851000000000002	0.0	0.0	0.0	0.0	0.0	0.0	0.0	0.0036122899999999998	0.0	0.0	0.0	0.0	0.0	0.0	0.0	0.0	0.0	0.0	0.0	0.0	0.0	0.0	0.0	0.0	0.0	0.0	0.0	0.0	0.0	0.0	0.0	3.10917e-05	0.00221316	0.0	0.0	0.0	0.0	0.0	0.0	0.0	9.57313e-05	0.0	0.0	0.0	0.0	0.0	0.0	0.0	0.0	0.0	0.0	0.000234735	0.0	0.0	3.4086e-05	0.00010313500000000001	0.0	0.0
Ssp-CGub_032-Ex1-cssl.clmp.r1r2_fastp	0.0275326	0.0	0.0	0.0	0.0	0.0	8.6201e-05	0.0	0.0	1.72402e-05	0.0	0.0	0.0	0.0	0.0	0.0	0.0	0.0	0.0	0.0	0.0	0.0	0.0	0.00284463	0.0	0.0	0.0	0.0	0.0	0.0	0.0	8.6201e-05	1.72402e-05	0.0	0.0	0.0	0.0	0.0	0.0	3.44973e-05	0.0	0.0	0.0	0.0	0.0	0.0	0.0	0.0	0.000431461	0.0	0.0	0.0	0.0	0.0	0.0	1.72659e-05	0.0	0.0	0.0	0.0	0.0	0.0	0.0	0.0	0.0	0.0	8.64126e-05	1.7284799999999998e-05	1.7287100000000003e-05	0.0	0.0	0.0	0.0	0.00164387	0.0	0.0	0.0	0.0	0.0	0.0	0.0	0.0	0.0	0.0	0.0	0.0	0.0	0.0	0.0	0.0	0.0	6.98568e-05	0.0	0.0	0.0	0.0	0.0	0.0	0.0	0.0027099199999999998	0.0	0.0	0.0	0.0	0.0	0.0	0.0	0.0	0.0	0.0	0.0	0.0	0.0	0.0	0.0	0.0	0.0	3.61682e-05	0.0	0.0	0.0	0.0	1.8283700000000003e-05	1.8328200000000002e-05	0.0016169500000000002	0.0	0.0	5.55636e-05	0.0	0.0	0.0	0.0	1.88131e-05	0.0	0.0	0.0	0.0	0.0	0.0	0.0	0.0	0.0	0.0	0.00013892899999999998	1.9953e-05	0.0	2.0215e-05	4.0784199999999995e-05	0.0	0.0
Ssp-CGub_033-Ex1-cssl.clmp.r1r2_fastp	0.0285245	0.0	0.000131753	0.0	6.58765e-05	0.0	0.000395259	0.0	0.0	0.000131753	0.0	0.0	0.0	0.0	0.0	0.0	0.0	0.0	0.0	0.0	0.0	0.0	0.0	0.0026350600000000003	0.0	0.0	0.0	0.0	0.0	0.0	0.0	0.000329383	6.58765e-05	0.0	0.0	0.0	0.0	0.0	0.0	0.0	0.0	0.0	0.0	0.0	0.0	0.0	0.0	0.0	0.000395681	0.0	0.0	0.0	0.0	0.0	0.0	0.0	0.0	0.0	0.0	0.0	0.0	0.0	0.0	0.0	0.0	0.0	0.0	0.0	0.0	0.0	0.0	0.0	0.0	0.0021895400000000002	0.0	0.0	0.0	0.0	0.0	0.0	0.0	0.0	0.0	0.0	0.0	0.0	0.0	0.0	0.0	0.0	0.0	0.0	0.0	0.0	0.0	0.0	0.0	0.0	0.0	0.00331721	0.0	0.0	0.0	0.0	0.0	0.0	0.0	0.0	0.0	0.0	0.0	0.0	0.0	0.0	0.0	0.0	0.0	7.28931e-05	0.0	0.0	0.0	0.0	0.0	0.0	0.00187318	0.0	0.0	7.58956e-05	0.0	0.0	0.0	0.0	0.000233105	0.0	0.0	0.0	0.0	0.0	0.0	0.0	0.0	0.0	0.0	0.0	0.0	0.0	8.47247e-05	0.000342075	0.0	0.0
Ssp-CGub_035-Ex1-cssl.clmp.r1r2_fastp	0.0270667	0.0	1.5197500000000001e-05	0.0	0.0	0.0	9.11849e-05	0.0	0.0	6.0790000000000006e-05	0.0	0.0	0.0	0.0	0.0	0.0	0.0	0.0	0.0	0.0	0.0	0.0	0.0	0.00279634	0.0	0.0	0.0	0.0	0.0	0.0	0.0	9.11849e-05	3.0395000000000003e-05	0.0	0.0	0.0	0.0	0.0	0.0	1.5205499999999999e-05	0.0	0.0	0.0	0.0	0.0	0.0	0.0	0.0	0.000441323	0.0	0.0	0.0	0.0	0.0	0.0	0.0	0.0	0.0	0.0	0.0	0.0	0.0	0.0	0.0	0.0	0.0	0.000152726	0.0	0.0	0.0	0.0	0.0	0.0	0.0018409	0.0	0.0	0.0	0.0	0.0	0.0	0.0	0.0	0.0	0.0	0.0	0.0	0.0	0.0	0.0	0.0	1.57592e-05	0.000142145	0.0	0.0	0.0	0.0	0.0	0.0	0.0	0.00302876	0.0	0.0	0.0	0.0	0.0	0.0	0.0	0.0	0.0	0.0	0.0	0.0	0.0	0.0	0.0	0.0	0.0	0.0	0.0	0.0	0.0	0.0	0.0	1.75404e-05	0.00200861	0.0	0.0	0.0	0.0	1.80426e-05	0.0	0.0	1.8328e-05	0.0	0.0	0.0	0.0	0.0	0.0	0.0	0.0	0.0	0.0	0.000177917	0.0	0.0	0.0	6.14614e-05	0.0	0.0
Ssp-CGub_036-Ex1-cssl.clmp.r1r2_fastp	0.0276904	0.0	0.0	0.0	0.0	0.0	0.00022174499999999997	0.0	0.0	0.000110872	0.0	0.0	0.0	0.0	0.0	0.0	0.0	0.0	0.0	0.0	0.0	0.0	0.0	0.00304899	0.0	0.0	0.0	0.0	0.0	0.0	0.0	0.000194027	8.315440000000001e-05	2.77199e-05	0.0	0.0	0.0	0.0	0.0	0.0	0.0	0.0	0.0	0.0	0.0	0.0	0.0	0.0	0.000499591	0.0	0.0	0.0	0.0	0.0	0.0	0.0	0.0	0.0	0.0	0.0	0.0	0.0	0.0	0.0	0.0	0.0	8.3561e-05	0.0	2.78797e-05	0.0	0.0	0.0	0.0	0.00218269	0.0	0.0	0.0	0.0	0.0	0.0	0.0	0.0	0.0	0.0	0.0	0.0	0.0	0.0	0.0	0.0	2.88524e-05	8.6778e-05	0.0	0.0	0.0	0.0	0.0	0.0	0.0	0.00361238	0.0	0.0	0.0	0.0	0.0	0.0	0.0	0.0	0.0	0.0	0.0	0.0	0.0	0.0	0.0	0.0	0.0	0.0	0.0	0.0	0.0	0.0	0.0	6.55017e-05	0.00250211	3.30997e-05	0.0	0.0	0.0	0.0	0.0	3.42524e-05	6.89252e-05	0.0	0.0	0.0	0.0	0.0	0.0	0.0	0.0	0.0	0.0	0.000112173	0.0	0.0	0.0	0.00011616400000000001	0.0	0.0
Ssp-CGub_038-Ex1-cssl.clmp.r1r2_fastp	0.0336863	0.0	6.61944e-06	0.0	0.0	0.0	0.000304494	0.0	0.0	0.000178725	0.0	0.0	0.0	0.0	0.0	0.0	0.0	0.0	0.0	0.0	0.0	0.0	0.0	0.00342225	0.0	0.0	0.0	0.0	0.0	0.0	0.0	0.00029125500000000003	4.63361e-05	0.0	0.0	0.0	0.0	0.0	0.0	6.62215e-06	0.0	0.0	0.0	0.0	0.0	0.0	0.0	0.0	0.000364394	0.0	0.0	0.0	0.0	0.0	0.0	0.0	0.0	0.0	0.0	0.0	0.0	0.0	0.0	0.0	0.0	0.0	0.000119408	0.0	2.6541699999999997e-05	0.0	0.0	0.0	0.0	0.00205872	0.0	0.0	0.0	0.0	0.0	0.0	0.0	0.0	0.0	0.0	0.0	0.0	0.0	0.0	0.0	0.0	1.33762e-05	0.000107077	0.0	0.0	0.0	0.0	0.0	6.722080000000001e-06	0.0	0.00347446	0.0	0.0	0.0	0.0	0.0	0.0	0.0	0.0	0.0	0.0	0.0	0.0	0.0	0.0	0.0	0.0	0.0	6.8833700000000005e-06	0.0	0.0	0.0	1.3861e-05	2.0830100000000002e-05	4.1739499999999996e-05	0.00220258	1.39684e-05	0.0	2.8054100000000003e-05	0.0	1.4091000000000001e-05	0.0	1.4160600000000001e-05	0.000156169	0.0	0.0	0.0	0.0	0.0	0.0	0.0	0.0	0.0	7.37378e-06	0.000140604	7.429380000000001e-06	1.49333e-05	7.50613e-06	7.56412e-05	0.0	0.0
Ssp-CGub_039-Ex1-cssl.clmp.r1r2_fastp	0.039630900000000004	0.0	1.17984e-05	0.0	0.0	0.0	0.000330356	0.0	0.0	0.000188775	0.0	0.0	0.0	0.0	0.0	0.0	3.53952e-05	0.0	0.0	0.0	0.0	0.0	0.0	0.00453059	0.0	0.0	0.0	0.0	0.0	0.0	0.0	0.000318557	8.25889e-05	0.0	0.0	0.0	0.0	0.0	0.0	2.36073e-05	0.0	0.0	0.0	0.0	0.0	0.0	0.0	0.0	0.000519658	0.0	0.0	0.0	0.0	0.0	0.0	0.0	0.0	0.0	0.0	0.0	0.0	0.0	0.0	0.0	0.0	0.0	0.00015376	0.0	4.73239e-05	0.0	0.0	0.0	0.0	0.00271208	0.0	1.18506e-05	0.0	0.0	0.0	0.0	0.0	0.0	0.0	0.0	0.0	0.0	0.0	0.0	0.0	0.0	1.19781e-05	0.00014389699999999998	0.0	0.0	0.0	0.0	0.0	0.0	0.0	0.00469216	0.0	0.0	0.0	0.0	0.0	0.0	0.0	0.0	0.0	0.0	0.0	0.0	0.0	0.0	0.0	0.0	0.0	1.26093e-05	0.0	0.0	1.2720600000000002e-05	2.5521200000000002e-05	1.28017e-05	0.0	0.00306714	0.0	0.0	0.0	0.0	1.31263e-05	0.0	0.0	0.000172795	0.0	0.0	0.0	0.0	0.0	0.0	0.0	0.0	0.0	0.0	9.916660000000001e-05	0.0	0.0	0.0	8.77156e-05	0.0	0.0
Ssp-CGub_040-Ex1-cssl.clmp.r1r2_fastp	0.0294855	0.0	0.0	0.0	0.0	0.0	0.0	0.0	0.0	0.0	0.0	0.0	0.0	0.0	0.0	0.0	0.0	0.0	0.0	0.0	0.0	0.0	0.0	0.00184284	0.0	0.0	0.0	0.0	0.0	0.0	0.0	0.0	0.0	0.0	0.0	0.0	0.0	0.0	0.0	0.0	0.0	0.0	0.0	0.0	0.0	0.0	0.0	0.0	0.00185065	0.0	0.0	0.0	0.0	0.0	0.0	0.0	0.0	0.0	0.0	0.0	0.0	0.0	0.0	0.0	0.0	0.0	0.0	0.0	0.0	0.0	0.0	0.0	0.0	0.0018831700000000002	0.0	0.0	0.0	0.0	0.0	0.0	0.0	0.0	0.0	0.0	0.0	0.0	0.0	0.0	0.0	0.0	0.0	0.0	0.0	0.0	0.0	0.0	0.0	0.0	0.0	0.00204687	0.0	0.0	0.0	0.0	0.0	0.0	0.0	0.0	0.0	0.0	0.0	0.0	0.0	0.0	0.0	0.0	0.0	0.0	0.0	0.0	0.0	0.0	0.0	0.0	0.0	0.0	0.0	0.0	0.0	0.0	0.0	0.0	0.0	0.0	0.0	0.0	0.0	0.0	0.0	0.0	0.0	0.0	0.0	0.0	0.0	0.0	0.0	0.0	0.0	0.0
Ssp-CGub_041-Ex1-cssl.clmp.r1r2_fastp	0.028024	0.0	1.89266e-05	0.0	0.0	6.30886e-06	0.00022081	0.0	0.0	0.00011356	0.0	0.0	0.0	0.0	0.0	0.0	1.2617700000000001e-05	0.0	0.0	0.0	0.0	0.0	0.0	0.00292731	0.0	0.0	0.0	0.0	0.0	0.0	0.0	0.00022711900000000002	2.5235400000000002e-05	0.0	0.0	0.0	0.0	0.0	0.0	6.31123e-06	0.0	0.0	0.0	0.0	0.0	0.0	0.0	0.0	0.000296762	0.0	0.0	0.0	0.0	0.0	0.0	0.0	0.0	0.0	0.0	0.0	0.0	0.0	0.0	0.0	0.0	0.0	0.00012642	0.0	6.322269999999999e-06	0.0	0.0	0.0	0.0	0.00173356	0.0	0.0	0.0	0.0	0.0	0.0	0.0	0.0	0.0	0.0	0.0	0.0	0.0	0.0	0.0	0.0	1.2739999999999998e-05	0.000140232	0.0	0.0	0.0	0.0	0.0	0.0	0.0	0.0030152399999999998	0.0	0.0	0.0	0.0	0.0	0.0	0.0	0.0	0.0	0.0	0.0	0.0	0.0	0.0	0.0	0.0	0.0	0.0	6.57629e-06	0.0	6.59915e-06	6.61136e-06	6.623789999999999e-06	2.65466e-05	0.00196834	1.9990299999999997e-05	0.0	2.00744e-05	0.0	1.3444e-05	0.0	2.02656e-05	8.80481e-05	0.0	0.0	0.0	0.0	0.0	0.0	0.0	0.0	0.0	0.0	0.000176585	0.0	2.1382e-05	3.58275e-05	5.7759899999999996e-05	0.0	0.0
Ssp-CGub_042-Ex1-cssl.clmp.r1r2_fastp	0.0247928	0.0	0.0	0.0	0.0	0.0	6.00309e-05	0.0	0.0	6.00309e-05	0.0	0.0	0.0	0.0	0.0	0.0	0.0	0.0	0.0	0.0	0.0	0.0	0.0	0.0024012400000000002	0.0	0.0	0.0	0.0	0.0	0.0	0.0	6.00309e-05	0.0	0.0	0.0	0.0	0.0	0.0	0.0	0.0	0.0	0.0	0.0	0.0	0.0	0.0	0.0	0.0	0.0006009710000000001	0.0	0.0	0.0	0.0	0.0	0.0	0.0	0.0	0.0	0.0	0.0	0.0	0.0	0.0	0.0	0.0	0.0	0.0	0.0	0.0	0.0	0.0	0.0	0.0	0.00139158	0.0	0.0	0.0	0.0	0.0	0.0	0.0	0.0	0.0	0.0	0.0	0.0	0.0	0.0	0.0	0.0	0.0	0.0	0.0	0.0	0.0	0.0	0.0	0.0	0.0	0.0026021300000000002	0.0	0.0	0.0	0.0	0.0	0.0	0.0	0.0	0.0	0.0	0.0	0.0	0.0	0.0	0.0	0.0	0.0	0.0	0.0	0.0	0.0	0.0	0.0	0.0	0.00133028	0.0	0.0	7.11549e-05	0.0	0.0	0.0	7.2832e-05	0.0	0.0	0.0	0.0	0.0	0.0	0.0	0.0	0.0	0.0	0.0	0.00015936000000000002	0.0	0.0	0.0	8.266959999999999e-05	0.0	0.0
Ssp-CGub_043-Ex1-cssl.clmp.r1r2_fastp	0.0301097	0.0	8.319889999999999e-06	0.0	0.0	0.0	0.000216317	0.0	0.0	0.000108159	0.0	0.0	0.0	0.0	0.0	0.0	0.0	0.0	0.0	0.0	0.0	0.0	0.0	0.0031698800000000004	0.0	0.0	0.0	0.0	0.0	0.0	0.0	0.00019967700000000002	2.4959699999999998e-05	0.0	0.0	0.0	0.0	0.0	0.0	2.49697e-05	0.0	0.0	0.0	0.0	0.0	0.0	0.0	0.0	0.000333099	0.0	0.0	0.0	0.0	0.0	0.0	0.0	0.0	0.0	0.0	0.0	0.0	0.0	0.0	0.0	0.0	0.0	0.000116752	0.0	1.66838e-05	0.0	0.0	0.0	0.0	0.0018538200000000002	0.0	0.0	0.0	0.0	0.0	0.0	0.0	0.0	0.0	0.0	0.0	0.0	0.0	0.0	0.0	0.0	4.20991e-05	0.000126389	0.0	0.0	0.0	0.0	0.0	0.0	0.0	0.0031988800000000003	0.0	0.0	0.0	0.0	0.0	0.0	0.0	0.0	0.0	0.0	0.0	0.0	0.0	0.0	0.0	0.0	0.0	0.0	0.0	0.0	0.0	0.0	0.0	8.80226e-06	0.00209954	1.76832e-05	0.0	3.55319e-05	0.0	8.92829e-06	0.0	1.79556e-05	8.1035e-05	0.0	0.0	0.0	0.0	0.0	0.0	0.0	0.0	0.0	0.0	0.000113232	0.0	1.90668e-05	9.59095e-06	3.86825e-05	0.0	0.0
Ssp-CGub_049-Ex1-cssl.clmp.r1r2_fastp	0.0274291	0.0	0.0	0.0	0.0	0.0	0.000914302	0.0	0.0	0.000914302	0.0	0.0	0.0	0.0	0.0	0.0	0.0	0.0	0.0	0.0	0.0	0.0	0.0	0.0027429100000000003	0.0	0.0	0.0	0.0	0.0	0.0	0.0	0.000914302	0.0	0.0	0.0	0.0	0.0	0.0	0.0	0.0	0.0	0.0	0.0	0.0	0.0	0.0	0.0	0.0	0.0	0.0	0.0	0.0	0.0	0.0	0.0	0.0	0.0	0.0	0.0	0.0	0.0	0.0	0.0	0.0	0.0	0.0	0.0	0.0	0.0	0.0	0.0	0.0	0.0	0.0018667	0.0	0.0	0.0	0.0	0.0	0.0	0.0	0.0	0.0	0.0	0.0	0.0	0.0	0.0	0.0	0.0	0.0	0.0	0.0	0.0	0.0	0.0	0.0	0.0	0.0	0.00206479	0.0	0.0	0.0	0.0	0.0	0.0	0.0	0.0	0.0	0.0	0.0	0.0	0.0	0.0	0.0	0.0	0.0	0.0	0.0	0.0	0.0	0.0	0.0	0.0	0.00124025	0.0	0.0	0.0	0.0	0.0	0.0	0.0	0.0	0.0	0.0	0.0	0.0	0.0	0.0	0.0	0.0	0.0	0.0	0.0	0.0	0.0	0.0	0.0	0.0	0.0
Ssp-CGub_050-Ex1-cssl.clmp.r1r2_fastp	0.0259023	0.0	0.0	0.0	0.0	0.0	0.000314785	0.0	0.0	0.000134908	0.0	0.0	0.0	0.0	0.0	0.0	0.0	0.0	0.0	0.0	0.0	0.0	0.0	0.00269816	0.0	0.0	0.0	0.0	0.0	0.0	0.0	0.00022484700000000002	0.0	0.0	0.0	0.0	0.0	0.0	0.0	0.0	0.0	0.0	0.0	0.0	0.0	0.0	0.0	0.0	0.000270262	0.0	0.0	0.0	0.0	0.0	0.0	0.0	0.0	0.0	0.0	0.0	0.0	0.0	0.0	0.0	0.0	0.0	0.0	0.0	0.0	0.0	0.0	0.0	0.0	0.0014573799999999999	0.0	0.0	0.0	0.0	0.0	0.0	0.0	0.0	0.0	0.0	0.0	0.0	0.0	0.0	0.0	0.0	0.0	0.0	0.0	0.0	0.0	0.0	0.0	0.0	0.0	0.0027840499999999997	0.0	0.0	0.0	0.0	0.0	0.0	0.0	0.0	0.0	0.0	0.0	0.0	0.0	0.0	0.0	0.0	0.0	0.0	0.0	0.0	0.0	0.0	0.0	0.0	0.00138805	0.0	0.0	0.0	0.0	0.0	0.0	0.0	0.000175988	0.0	0.0	0.0	0.0	0.0	0.0	0.0	0.0	0.0	0.0	6.45653e-05	0.0	0.0	6.6472e-05	0.0	0.0	0.0
Ssp-CGub_051-Ex1-cssl.clmp.r1r2_fastp	0.0268245	0.0	0.0	0.0	0.0	0.0	0.000276541	0.0	0.0	0.00011851799999999999	0.0	0.0	0.0	0.0	0.0	0.0	3.9505900000000004e-05	0.0	0.0	0.0	0.0	0.0	0.0	0.00264689	0.0	0.0	0.0	0.0	0.0	0.0	0.0	0.000316047	0.0	0.0	0.0	0.0	0.0	0.0	0.0	0.0	0.0	0.0	0.0	0.0	0.0	0.0	0.0	0.0	0.000434886	0.0	0.0	0.0	0.0	0.0	0.0	0.0	0.0	0.0	0.0	0.0	0.0	0.0	0.0	0.0	0.0	0.0	0.00011873799999999999	0.0	3.95897e-05	0.0	0.0	0.0	0.0	0.00186251	0.0	0.0	0.0	0.0	0.0	0.0	0.0	0.0	0.0	0.0	0.0	0.0	0.0	0.0	0.0	0.0	4.00472e-05	0.000120265	0.0	0.0	0.0	0.0	0.0	0.0	0.0	0.002673	0.0	0.0	0.0	0.0	0.0	0.0	0.0	0.0	0.0	0.0	0.0	0.0	0.0	0.0	0.0	0.0	0.0	0.0	0.0	0.0	0.0	4.26593e-05	0.0	4.29587e-05	0.00168156	0.0	0.0	8.72395e-05	0.0	8.79853e-05	0.0	4.44046e-05	8.9244e-05	0.0	0.0	0.0	0.0	0.0	0.0	0.0	0.0	0.0	0.0	9.58804e-05	0.0	0.0	4.90977e-05	0.000148722	0.0	0.0
Ssp-CGub_052-Ex1-cssl.clmp.r1r2_fastp	0.0314745	0.0	0.0	0.0	0.0	0.0	0.000229741	0.0	0.0	4.59481e-05	0.0	0.0	0.0	0.0	0.0	0.0	0.0	0.0	0.0	0.0	0.0	0.0	0.0	0.00381369	0.0	0.0	0.0	0.0	0.0	0.0	0.0	0.000183792	0.0	0.0	0.0	0.0	0.0	0.0	0.0	0.0	0.0	0.0	0.0	0.0	0.0	0.0	0.0	0.0	0.000275942	0.0	0.0	0.0	0.0	0.0	0.0	0.0	0.0	0.0	0.0	0.0	0.0	0.0	0.0	0.0	0.0	0.0	0.000138191	0.0	0.0	0.0	0.0	0.0	0.0	0.00198356	0.0	0.0	0.0	0.0	0.0	0.0	0.0	0.0	0.0	0.0	0.0	0.0	0.0	0.0	0.0	0.0	4.6547499999999994e-05	0.000139754	0.0	0.0	0.0	0.0	0.0	0.0	0.0	0.00403727	0.0	0.0	0.0	0.0	0.0	0.0	0.0	0.0	0.0	0.0	0.0	0.0	0.0	0.0	0.0	0.0	0.0	0.0	0.0	0.0	0.0	0.0	4.87148e-05	0.0	0.00249594	9.81177e-05	0.0	0.0	0.0	0.0	0.0	0.0	9.99513e-05	0.0	0.0	0.0	0.0	0.0	0.0	0.0	0.0	0.0	0.0	0.000104419	0.0	0.0	0.0	0.000213416	0.0	0.0
Ssp-CGub_053-Ex1-cssl.clmp.r1r2_fastp	0.0302769	0.0	3.2416299999999997e-05	0.0	1.6208200000000002e-05	0.0	0.00021070599999999998	0.0	0.0	0.000113457	0.0	0.0	0.0	0.0	0.0	0.0	1.6208200000000002e-05	0.0	0.0	0.0	0.0	0.0	0.0	0.00340372	0.0	0.0	0.0	0.0	0.0	0.0	0.0	0.00021070599999999998	1.6208200000000002e-05	0.0	0.0	0.0	0.0	0.0	0.0	1.62148e-05	0.0	0.0	0.0	0.0	0.0	0.0	0.0	0.0	0.00040557500000000003	0.0	0.0	0.0	0.0	0.0	0.0	0.0	0.0	0.0	0.0	0.0	0.0	0.0	0.0	0.0	0.0	0.0	9.750049999999999e-05	0.0	1.62562e-05	0.0	0.0	0.0	0.0	0.00201868	0.0	0.0	0.0	0.0	0.0	0.0	0.0	0.0	0.0	0.0	0.0	0.0	0.0	0.0	0.0	0.0	1.64848e-05	9.901799999999999e-05	0.0	0.0	0.0	0.0	0.0	0.0	0.0	0.00335148	0.0	0.0	0.0	0.0	0.0	0.0	0.0	0.0	0.0	0.0	0.0	0.0	0.0	0.0	0.0	0.0	0.0	1.72549e-05	0.0	0.0	0.0	0.0	0.0	0.0	0.00237288	1.7629e-05	0.0	5.32138e-05	0.0	1.7854100000000002e-05	0.0	1.79794e-05	9.02279e-05	0.0	0.0	0.0	0.0	0.0	0.0	0.0	0.0	0.0	0.0	0.000152389	0.0	0.0	0.0	7.81813e-05	0.0	0.0
Ssp-CGub_054-Ex1-cssl.clmp.r1r2_fastp	0.0261923	0.0	0.0	0.0	0.0	0.0	0.00020664600000000003	0.0	0.0	5.16614e-05	0.0	0.0	0.0	0.0	0.0	0.0	0.0	0.0	0.0	0.0	0.0	0.0	0.0	0.00304802	0.0	0.0	0.0	0.0	0.0	0.0	0.0	0.00020664600000000003	0.0	0.0	0.0	0.0	0.0	0.0	0.0	0.0	0.0	0.0	0.0	0.0	0.0	0.0	0.0	0.0	0.000362015	0.0	0.0	0.0	0.0	0.0	0.0	0.0	0.0	0.0	0.0	0.0	0.0	0.0	0.0	0.0	0.0	0.0	5.1956700000000003e-05	0.0	0.0	0.0	0.0	0.0	0.0	0.00193702	0.0	0.0	0.0	0.0	0.0	0.0	0.0	0.0	0.0	0.0	0.0	0.0	0.0	0.0	0.0	0.0	0.0	5.55996e-05	0.0	0.0	0.0	0.0	5.70951e-05	0.0	0.0	0.00261577	0.0	0.0	0.0	0.0	0.0	0.0	0.0	0.0	0.0	0.0	0.0	0.0	0.0	0.0	0.0	0.0	0.0	0.0	0.0	0.0	0.0	0.0	0.0	0.0	0.00284853	7.193150000000001e-05	0.0	0.0	0.0	0.0	0.0	0.0	0.00015491	0.0	0.0	0.0	0.0	0.0	0.0	0.0	0.0	0.0	0.0	0.0	0.0	0.0	0.0	0.000279285	0.0	0.0
Ssp-CGub_055-Ex1-cssl.clmp.r1r2_fastp	0.024443000000000003	0.0	0.000100176	0.0	0.0	0.0	0.000300529	0.0	0.0	0.00020035299999999998	0.0	0.0	0.0	0.0	0.0	0.0	0.0	0.0	0.0	0.0	0.0	0.0	0.0	0.00280494	0.0	0.0	0.0	0.0	0.0	0.0	0.0	0.000300529	0.0	0.0	0.0	0.0	0.0	0.0	0.0	0.0	0.0	0.0	0.0	0.0	0.0	0.0	0.0	0.0	0.000602608	0.0	0.0	0.0	0.0	0.0	0.0	0.0	0.0	0.0	0.0	0.0	0.0	0.0	0.0	0.0	0.0	0.0	0.000202517	0.0	0.0	0.0	0.0	0.0	0.0	0.0015348900000000001	0.0	0.0	0.0	0.0	0.0	0.0	0.0	0.0	0.0	0.0	0.0	0.0	0.0	0.0	0.0	0.0	0.0	0.00021934399999999998	0.0	0.0	0.0	0.0	0.0	0.0	0.0	0.00298548	0.0	0.0	0.0	0.0	0.0	0.0	0.0	0.0	0.0	0.0	0.0	0.0	0.0	0.0	0.0	0.0	0.0	0.0	0.0	0.0	0.0	0.0	0.0	0.0	0.00209251	0.0	0.0	0.0	0.0	0.0	0.0	0.0	0.000302163	0.0	0.0	0.0	0.0	0.0	0.0	0.0	0.0	0.0	0.0	0.00017208	0.0	0.0	0.0	0.000181535	0.0	0.0
Ssp-CGub_056-Ex1-cssl.clmp.r1r2_fastp	0.0186722	0.0	0.0	0.0	0.0	0.0	0.0	0.0	0.0	0.0	0.0	0.0	0.0	0.0	0.0	0.0	0.0	0.0	0.0	0.0	0.0	0.0	0.0	0.0	0.0	0.0	0.0	0.0	0.0	0.0	0.0	0.0	0.0	0.0	0.0	0.0	0.0	0.0	0.0	0.0	0.0	0.0	0.0	0.0	0.0	0.0	0.0	0.0	0.0	0.0	0.0	0.0	0.0	0.0	0.0	0.0	0.0	0.0	0.0	0.0	0.0	0.0	0.0	0.0	0.0	0.0	0.0	0.0	0.0	0.0	0.0	0.0	0.0	0.0	0.0	0.0	0.0	0.0	0.0	0.0	0.0	0.0	0.0	0.0	0.0	0.0	0.0	0.0	0.0	0.0	0.0	0.0	0.0	0.0	0.0	0.0	0.0	0.0	0.0	0.0	0.0	0.0	0.0	0.0	0.0	0.0	0.0	0.0	0.0	0.0	0.0	0.0	0.0	0.0	0.0	0.0	0.0	0.0	0.0	0.0	0.0	0.0	0.0	0.0	0.0	0.0	0.0	0.0	0.0	0.0	0.0	0.0	0.0	0.0	0.0	0.0	0.0	0.0	0.0	0.0	0.0	0.0	0.0	0.0	0.0	0.0	0.0	0.0	0.0	0.0
Ssp-CGub_057-Ex1-cssl.clmp.r1r2_fastp	0.0310611	0.0	0.0	0.0	0.0	0.0	0.0	0.0	0.0	0.0	0.0	0.0	0.0	0.0	0.0	0.0	0.0	0.0	0.0	0.0	0.0	0.0	0.0	0.0	0.0	0.0	0.0	0.0	0.0	0.0	0.0	0.0	0.0	0.0	0.0	0.0	0.0	0.0	0.0	0.0	0.0	0.0	0.0	0.0	0.0	0.0	0.0	0.0	0.0	0.0	0.0	0.0	0.0	0.0	0.0	0.0	0.0	0.0	0.0	0.0	0.0	0.0	0.0	0.0	0.0	0.0	0.0	0.0	0.0	0.0	0.0	0.0	0.0	0.0	0.0	0.0	0.0	0.0	0.0	0.0	0.0	0.0	0.0	0.0	0.0	0.0	0.0	0.0	0.0	0.0	0.0	0.0	0.0	0.0	0.0	0.0	0.0	0.0	0.0	0.0	0.0	0.0	0.0	0.0	0.0	0.0	0.0	0.0	0.0	0.0	0.0	0.0	0.0	0.0	0.0	0.0	0.0	0.0	0.0	0.0	0.0	0.0	0.0	0.0	0.0	0.0	0.0	0.0	0.0	0.0	0.0	0.0	0.0	0.0	0.0	0.0	0.0	0.0	0.0	0.0	0.0	0.0	0.0	0.0	0.0	0.0	0.0	0.0	0.0	0.0
Ssp-CGub_058-Ex1-cssl.clmp.r1r2_fastp	0.0263396	0.0	0.0	0.0	0.0	0.0	0.000240544	0.0	0.0	0.000240544	0.0	0.0	0.0	0.0	0.0	0.0	0.0	0.0	0.0	0.0	0.0	0.0	0.0	0.00276626	0.0	0.0	0.0	0.0	0.0	0.0	0.0	0.000240544	0.000120272	0.0	0.0	0.0	0.0	0.0	0.0	0.0	0.0	0.0	0.0	0.0	0.0	0.0	0.0	0.0	0.000481579	0.0	0.0	0.0	0.0	0.0	0.0	0.0	0.0	0.0	0.0	0.0	0.0	0.0	0.0	0.0	0.0	0.0	6.037040000000001e-05	0.0	0.0	0.0	0.0	0.0	0.0	0.00193888	0.0	0.0	0.0	0.0	0.0	0.0	0.0	0.0	0.0	0.0	0.0	0.0	0.0	0.0	0.0	0.0	0.0	6.21956e-05	0.0	0.0	0.0	0.0	0.0	0.0	0.0	0.0034832900000000004	0.0	0.0	0.0	0.0	0.0	0.0	0.0	0.0	0.0	0.0	0.0	0.0	0.0	0.0	0.0	0.0	0.0	0.0	0.0	0.0	0.0	0.0	0.0	0.0	0.00192376	0.0	0.0	6.95883e-05	0.0	0.0	0.0	0.0	0.000213611	0.0	0.0	0.0	0.0	0.0	0.0	0.0	0.0	0.0	0.0	7.59136e-05	0.0	0.0	7.73751e-05	0.000156077	0.0	0.0
Ssp-CGub_059-Ex1-cssl.clmp.r1r2_fastp	0.0292856	0.0	0.0	0.0	0.0	0.0	0.0	0.0	0.0	0.0	0.0	0.0	0.0	0.0	0.0	0.0	0.0	0.0	0.0	0.0	0.0	0.0	0.0	0.00516805	0.0	0.0	0.0	0.0	0.0	0.0	0.0	0.0	0.0	0.0	0.0	0.0	0.0	0.0	0.0	0.0	0.0	0.0	0.0	0.0	0.0	0.0	0.0	0.0	0.00172533	0.0	0.0	0.0	0.0	0.0	0.0	0.0	0.0	0.0	0.0	0.0	0.0	0.0	0.0	0.0	0.0	0.0	0.0	0.0	0.0	0.0	0.0	0.0	0.0	0.00529325	0.0	0.0	0.0	0.0	0.0	0.0	0.0	0.0	0.0	0.0	0.0	0.0	0.0	0.0	0.0	0.0	0.0	0.0	0.0	0.0	0.0	0.0	0.0	0.0	0.0	0.00838258	0.0	0.0	0.0	0.0	0.0	0.0	0.0	0.0	0.0	0.0	0.0	0.0	0.0	0.0	0.0	0.0	0.0	0.0	0.0	0.0	0.0	0.0	0.0	0.0	0.0027934500000000003	0.0	0.0	0.0	0.0	0.0	0.0	0.0	0.0	0.0	0.0	0.0	0.0	0.0	0.0	0.0	0.0	0.0	0.0	0.0	0.0	0.0	0.0	0.0	0.0	0.0
Ssp-CGub_061-Ex1-cssl.clmp.r1r2_fastp	0.0247167	0.0	4.27625e-05	0.0	0.0	4.27625e-05	0.0003421	0.0	0.0	0.00017105	0.0	0.0	0.0	0.0	0.0	0.0	0.0	0.0	0.0	0.0	0.0	0.0	0.0	0.00269404	0.0	0.0	0.0	0.0	0.0	0.0	0.0	0.000299338	4.27625e-05	0.0	0.0	0.0	0.0	0.0	0.0	4.2784e-05	0.0	0.0	0.0	0.0	0.0	0.0	0.0	0.0	0.000642474	0.0	0.0	0.0	0.0	0.0	0.0	0.0	0.0	0.0	0.0	0.0	0.0	0.0	0.0	0.0	0.0	0.0	0.00017245	0.0	8.63942e-05	0.0	0.0	0.0	0.0	0.00187208	0.0	0.0	0.0	0.0	0.0	0.0	0.0	0.0	0.0	0.0	0.0	0.0	0.0	0.0	0.0	0.0	4.6421299999999995e-05	0.000186656	0.0	0.0	0.0	0.0	0.0	0.0	0.0	0.00224982	0.0	0.0	0.0	0.0	0.0	0.0	0.0	0.0	0.0	0.0	0.0	0.0	0.0	0.0	0.0	0.0	0.0	0.0	0.0	0.0	0.0	0.0	0.0	0.0	0.0018421	0.0	0.0	0.0	0.0	0.0	0.0	6.362929999999999e-05	0.0001286	0.0	0.0	0.0	0.0	0.0	0.0	0.0	0.0	0.0	0.0	0.000146984	0.0	0.0	0.0	0.0	0.0	0.0
Ssp-CGub_065-Ex1-cssl.clmp.r1r2_fastp	0.028663	0.0	0.0	0.0	0.0	0.0	0.000185721	0.0	0.0	9.28607e-05	0.0	0.0	0.0	0.0	0.0	0.0	3.09536e-05	0.0	0.0	0.0	0.0	0.0	0.0	0.0030644	0.0	0.0	0.0	0.0	0.0	0.0	0.0	0.000185721	6.19072e-05	0.0	0.0	0.0	0.0	0.0	0.0	0.0	0.0	0.0	0.0	0.0	0.0	0.0	0.0	0.0	0.000341021	0.0	0.0	0.0	0.0	0.0	0.0	0.0	0.0	0.0	0.0	0.0	0.0	0.0	0.0	0.0	0.0	0.0	0.00018677399999999998	0.0	0.0	0.0	0.0	0.0	0.0	0.00187731	0.0	0.0	0.0	0.0	0.0	0.0	0.0	0.0	0.0	0.0	0.0	0.0	0.0	0.0	0.0	0.0	0.0	0.000194168	0.0	0.0	0.0	0.0	0.0	0.0	0.0	0.0032449600000000003	0.0	0.0	0.0	0.0	0.0	0.0	0.0	0.0	0.0	0.0	0.0	0.0	0.0	0.0	0.0	0.0	0.0	0.0	0.0	0.0	0.0	0.0	0.0	3.65308e-05	0.00235007	7.3822e-05	0.0	3.7311500000000004e-05	0.0	0.0	0.0	7.63924e-05	0.000115284	0.0	0.0	0.0	0.0	0.0	0.0	0.0	0.0	0.0	0.0	0.00012514	0.0	0.0	0.0	0.00017298900000000002	0.0	0.0
Ssp-CGub_066-Ex1-cssl.clmp.r1r2_fastp	0.027529300000000003	0.0	0.0	0.0	0.0	0.0	0.000259361	0.0	0.0	0.000111155	0.0	0.0	0.0	0.0	0.0	0.0	0.0	0.0	0.0	0.0	0.0	0.0	0.0	0.00300118	0.0	0.0	0.0	0.0	0.0	0.0	0.0	0.00022230900000000002	7.41032e-05	0.0	0.0	0.0	0.0	0.0	0.0	0.0	0.0	0.0	0.0	0.0	0.0	0.0	0.0	0.0	0.00033383299999999996	0.0	0.0	0.0	0.0	0.0	0.0	0.0	0.0	0.0	0.0	0.0	0.0	0.0	0.0	0.0	0.0	0.0	7.42988e-05	0.0	3.7160600000000005e-05	0.0	0.0	0.0	0.0	0.00197162	0.0	0.0	0.0	0.0	0.0	0.0	0.0	0.0	0.0	0.0	0.0	0.0	0.0	0.0	0.0	0.0	3.75819e-05	7.52367e-05	0.0	0.0	0.0	0.0	0.0	0.0	0.0	0.00239154	0.0	0.0	0.0	0.0	0.0	0.0	0.0	0.0	0.0	0.0	0.0	0.0	0.0	0.0	0.0	0.0	0.0	0.0	0.0	0.0	0.0	0.0	0.0	0.0	0.0017155	0.0	0.0	4.0252e-05	0.0	0.0	0.0	0.0	0.000122857	0.0	0.0	0.0	0.0	0.0	0.0	0.0	0.0	0.0	0.0	0.000129786	0.0	0.0	0.0	0.0	0.0	0.0
Ssp-CGub_067-Ex1-cssl.clmp.r1r2_fastp	0.0288861	0.0	0.0	0.0	0.0	0.0	0.000234673	0.0	0.0	0.00014222600000000002	0.0	0.0	0.0	0.0	0.0	0.0	2.13339e-05	0.0	0.0	7.1113e-06	0.0	0.0	0.0	0.00288719	0.0	0.0	0.0	0.0	0.0	0.0	0.0	0.000206228	4.97791e-05	0.0	0.0	0.0	0.0	0.0	0.0	2.13423e-05	0.0	0.0	0.0	0.0	0.0	0.0	0.0	0.0	0.000455559	0.0	0.0	0.0	0.0	0.0	0.0	0.0	0.0	0.0	0.0	0.0	0.0	0.0	0.0	0.0	0.0	0.0	0.00017122	0.0	7.138340000000001e-06	0.0	0.0	0.0	0.0	0.0018459400000000001	0.0	0.0	0.0	0.0	0.0	0.0	0.0	0.0	0.0	0.0	0.0	0.0	0.0	0.0	0.0	0.0	7.30074e-06	0.000160915	0.0	0.0	0.0	0.0	7.39087e-06	7.40807e-06	0.0	0.00301508	0.0	0.0	0.0	0.0	0.0	0.0	0.0	0.0	0.0	0.0	0.0	0.0	0.0	0.0	0.0	0.0	0.0	7.91024e-06	0.0	0.0	8.01291e-06	8.04904e-06	0.0	2.4371400000000002e-05	0.00202426	3.28064e-05	0.0	3.3129699999999996e-05	0.0	8.36752e-06	0.0	8.45716e-06	0.000153071	0.0	0.0	0.0	0.0	0.0	0.0	0.0	0.0	0.0	0.0	0.000239046	0.0	0.0	1.89064e-05	0.000114795	0.0	0.0
Ssp-CGub_070-Ex1-cssl.clmp.r1r2_fastp	0.0302583	0.0	0.0	0.0	0.0	0.0	0.00037051	0.0	0.0	0.000185255	0.0	0.0	0.0	0.0	0.0	0.0	0.0	0.0	0.0	0.0	0.0	0.0	0.0	0.00302583	0.0	0.0	0.0	0.0	0.0	0.0	0.0	0.000308758	0.000123503	0.0	0.0	0.0	0.0	0.0	0.0	6.17714e-05	0.0	0.0	0.0	0.0	0.0	0.0	0.0	0.0	0.00037078299999999996	0.0	0.0	0.0	0.0	0.0	0.0	0.0	0.0	0.0	0.0	0.0	0.0	0.0	0.0	0.0	0.0	0.0	0.000185592	0.0	0.0	0.0	0.0	0.0	0.0	0.00235366	0.0	0.0	0.0	0.0	0.0	0.0	0.0	0.0	0.0	0.0	0.0	0.0	0.0	0.0	0.0	0.0	0.000125158	0.000187918	0.0	0.0	0.0	0.0	0.0	0.0	0.0	0.0036063299999999996	0.0	0.0	0.0	0.0	0.0	0.0	0.0	0.0	0.0	0.0	0.0	0.0	0.0	0.0	0.0	0.0	0.0	0.0	0.0	0.0	0.0	0.0	0.0	6.67332e-05	0.0019411499999999998	0.0	0.0	0.0	0.0	0.0	0.0	0.0	0.000206625	0.0	0.0	0.0	0.0	0.0	0.0	0.0	0.0	0.0	0.0	0.000291246	0.0	0.0	0.0	7.47341e-05	0.0	0.0
Ssp-CGub_073-Ex1-cssl.clmp.r1r2_fastp	0.026390499999999997	0.0	0.000128109	0.0	0.0	0.0	6.40547e-05	0.0	0.0	6.40547e-05	0.0	0.0	0.0	0.0	0.0	0.0	0.0	0.0	0.0	0.0	0.0	0.0	0.0	0.00371517	0.0	0.0	0.0	0.0	0.0	0.0	0.0	0.000128109	0.0	0.0	0.0	0.0	0.0	0.0	0.0	0.0	0.0	0.0	0.0	0.0	0.0	0.0	0.0	0.0	0.000641966	0.0	0.0	0.0	0.0	0.0	0.0	0.0	0.0	0.0	0.0	0.0	0.0	0.0	0.0	0.0	0.0	0.0	6.46289e-05	0.0	0.0	0.0	0.0	0.0	0.0	0.0014999	0.0	0.0	0.0	0.0	0.0	0.0	0.0	0.0	0.0	0.0	0.0	0.0	0.0	0.0	0.0	0.0	0.0	6.9253e-05	0.0	0.0	0.0	0.0	0.0	0.0	0.0	0.00274079	0.0	0.0	0.0	0.0	0.0	0.0	0.0	0.0	0.0	0.0	0.0	0.0	0.0	0.0	0.0	0.0	0.0	0.0	0.0	0.0	0.0	0.0	0.0	0.0	0.0012066	0.0	0.0	0.0	0.0	0.0	0.0	0.0	0.0	0.0	0.0	0.0	0.0	0.0	0.0	0.0	0.0	0.0	0.0	0.0	0.0	0.0	0.0	0.0	0.0	0.0
Ssp-CGub_076-Ex1-cssl.clmp.r1r2_fastp	0.022402000000000002	0.0	0.0	0.0	0.0	0.0	0.0	0.0	0.0	0.0	0.0	0.0	0.0	0.0	0.0	0.0	0.0	0.0	0.0	0.0	0.0	0.0	0.0	0.00248911	0.0	0.0	0.0	0.0	0.0	0.0	0.0	0.0	0.0	0.0	0.0	0.0	0.0	0.0	0.0	0.0	0.0	0.0	0.0	0.0	0.0	0.0	0.0	0.0	0.0	0.0	0.0	0.0	0.0	0.0	0.0	0.0	0.0	0.0	0.0	0.0	0.0	0.0	0.0	0.0	0.0	0.0	0.0	0.0	0.0	0.0	0.0	0.0	0.0	0.00253981	0.0	0.0	0.0	0.0	0.0	0.0	0.0	0.0	0.0	0.0	0.0	0.0	0.0	0.0	0.0	0.0	0.0	0.0	0.0	0.0	0.0	0.0	0.0	0.0	0.0	0.00270687	0.0	0.0	0.0	0.0	0.0	0.0	0.0	0.0	0.0	0.0	0.0	0.0	0.0	0.0	0.0	0.0	0.0	0.0	0.0	0.0	0.0	0.0	0.0	0.0	0.00303951	0.0	0.0	0.0	0.0	0.0	0.0	0.0	0.0	0.0	0.0	0.0	0.0	0.0	0.0	0.0	0.0	0.0	0.0	0.0	0.0	0.0	0.0	0.0	0.0	0.0
Ssp-CGub_077-Ex1-cssl.clmp.r1r2_fastp	0.027505599999999998	0.0	1.07696e-05	0.0	0.0	0.0	0.00022616200000000002	0.0	0.0	0.000140005	0.0	0.0	0.0	0.0	0.0	0.0	0.0	0.0	0.0	0.0	0.0	0.0	0.0	0.00270318	0.0	0.0	0.0	0.0	0.0	0.0	0.0	0.00021539299999999998	6.46178e-05	0.0	0.0	0.0	0.0	0.0	0.0	1.07744e-05	0.0	0.0	0.0	0.0	0.0	0.0	0.0	0.0	0.000366612	0.0	0.0	0.0	0.0	0.0	0.0	0.0	0.0	0.0	0.0	0.0	0.0	0.0	0.0	0.0	0.0	0.0	6.49101e-05	0.0	3.24832e-05	0.0	0.0	0.0	0.0	0.0018468799999999997	0.0	0.0	0.0	0.0	0.0	0.0	0.0	0.0	0.0	0.0	0.0	0.0	0.0	0.0	0.0	0.0	4.4659599999999995e-05	8.952589999999999e-05	0.0	0.0	0.0	0.0	0.0	1.13619e-05	0.0	0.00297074	0.0	0.0	0.0	0.0	0.0	0.0	0.0	0.0	0.0	0.0	0.0	0.0	0.0	0.0	0.0	0.0	0.0	1.21748e-05	0.0	0.0	0.0	0.0	0.0	0.0	0.0018584	1.26161e-05	1.2676899999999999e-05	1.27384e-05	0.0	1.28664e-05	0.0	1.3002199999999999e-05	0.000130721	0.0	0.0	0.0	0.0	0.0	0.0	0.0	0.0	0.0	0.0	8.46644e-05	0.0	0.0	0.0	7.311790000000001e-05	0.0	0.0
Ssp-CGub_078-Ex1-cssl.clmp.r1r2_fastp	0.0244501	0.0	0.000163001	0.0	0.0	0.0	0.000326002	0.0	0.0	0.000163001	0.0	0.0	0.0	0.0	0.0	0.0	0.0	0.0	0.0	0.0	0.0	0.0	0.0	0.00342302	0.0	0.0	0.0	0.0	0.0	0.0	0.0	0.000326002	0.0	0.0	0.0	0.0	0.0	0.0	0.0	0.0	0.0	0.0	0.0	0.0	0.0	0.0	0.0	0.0	0.000979693	0.0	0.0	0.0	0.0	0.0	0.0	0.0	0.0	0.0	0.0	0.0	0.0	0.0	0.0	0.0	0.0	0.0	0.000164817	0.0	0.0	0.0	0.0	0.0	0.0	0.00167491	0.0	0.0	0.0	0.0	0.0	0.0	0.0	0.0	0.0	0.0	0.0	0.0	0.0	0.0	0.0	0.0	0.0	0.00018972799999999998	0.0	0.0	0.0	0.0	0.0	0.0	0.0	0.0026952	0.0	0.0	0.0	0.0	0.0	0.0	0.0	0.0	0.0	0.0	0.0	0.0	0.0	0.0	0.0	0.0	0.0	0.0	0.0	0.0	0.0	0.0	0.0	0.000296284	0.0012055100000000001	0.0	0.0	0.0	0.0	0.0	0.0	0.0	0.0	0.0	0.0	0.0	0.0	0.0	0.0	0.0	0.0	0.0	0.0	0.0	0.0	0.0	0.0	0.0	0.0	0.0
Ssp-CGub_080-Ex1-cssl.clmp.r1r2_fastp	0.0311189	0.0	0.0	0.0	0.0	0.0	0.000197223	0.0	0.0	8.4524e-05	0.0	0.0	0.0	0.0	0.0	0.0	2.81747e-05	0.0	0.0	0.0	0.0	0.0	0.0	0.00326826	0.0	0.0	0.0	0.0	0.0	0.0	0.0	0.000197223	2.81747e-05	0.0	0.0	0.0	0.0	0.0	0.0	0.0	0.0	0.0	0.0	0.0	0.0	0.0	0.0	0.0	0.000310203	0.0	0.0	0.0	0.0	0.0	0.0	0.0	0.0	0.0	0.0	0.0	0.0	0.0	0.0	0.0	0.0	0.0	0.000155296	0.0	0.0	0.0	0.0	0.0	0.0	0.00180893	0.0	0.0	0.0	0.0	0.0	0.0	0.0	0.0	0.0	0.0	0.0	0.0	0.0	0.0	0.0	0.0	1.42226e-05	0.000128076	0.0	0.0	0.0	0.0	0.0	0.0	0.0	0.0031193199999999996	0.0	0.0	0.0	0.0	0.0	0.0	0.0	0.0	0.0	0.0	0.0	0.0	0.0	0.0	0.0	0.0	0.0	0.0	0.0	0.0	0.0	0.0	2.94146e-05	1.4732900000000001e-05	0.0020810900000000003	0.0	0.0	4.45308e-05	0.0	2.98105e-05	0.0	2.99488e-05	9.00643e-05	0.0	0.0	0.0	0.0	0.0	0.0	0.0	0.0	0.0	0.0	0.00017174	0.0	0.0	1.58134e-05	0.000111448	0.0	0.0
Ssp-CGub_082-Ex1-cssl.clmp.r1r2_fastp	0.027688300000000002	0.0	0.0	0.0	0.0	0.0	7.93361e-05	0.0	0.0	0.0	0.0	0.0	0.0	0.0	0.0	0.0	7.93361e-05	0.0	0.0	0.0	0.0	0.0	0.0	0.00293543	0.0	0.0	0.0	0.0	0.0	0.0	0.0	7.93361e-05	0.0	0.0	0.0	0.0	0.0	0.0	0.0	0.0	0.0	0.0	0.0	0.0	0.0	0.0	0.0	0.0	0.0007941729999999999	0.0	0.0	0.0	0.0	0.0	0.0	0.0	0.0	0.0	0.0	0.0	0.0	0.0	0.0	0.0	0.0	0.0	0.00023926600000000002	0.0	0.0	0.0	0.0	0.0	0.0	0.00184756	0.0	0.0	0.0	0.0	0.0	0.0	0.0	0.0	0.0	0.0	0.0	0.0	0.0	0.0	0.0	0.0	8.43712e-05	0.000254146	0.0	0.0	0.0	0.0	0.0	0.0	0.0	0.00272641	0.0	0.0	0.0	0.0	0.0	0.0	0.0	0.0	0.0	0.0	0.0	0.0	0.0	0.0	0.0	0.0	0.0	0.0	0.0	0.0	0.0	0.0	0.0	0.0	0.00188023	0.0	0.0	0.0	0.0	0.0	0.0	0.0	0.0	0.0	0.0	0.0	0.0	0.0	0.0	0.0	0.0	0.0	0.0	0.000127709	0.0	0.0	0.0	0.0	0.0	0.0
Ssp-CGub_085-Ex1-cssl.clmp.r1r2_fastp	0.0272472	0.0	2.50434e-05	0.0	0.0	0.0	0.000175303	0.0	0.0	0.00015026000000000001	0.0	0.0	0.0	0.0	0.0	0.0	0.0	0.0	0.0	0.0	0.0	0.0	0.0	0.00353111	0.0	0.0	0.0	0.0	0.0	0.0	0.0	0.00015026000000000001	2.50434e-05	0.0	0.0	0.0	0.0	0.0	0.0	0.0	0.0	0.0	0.0	0.0	0.0	0.0	0.0	0.0	0.000752147	0.0	0.0	0.0	0.0	0.0	0.0	0.0	0.0	0.0	0.0	0.0	0.0	0.0	0.0	0.0	0.0	0.0	7.57421e-05	2.52766e-05	0.0	0.0	0.0	0.0	0.0	0.00240392	0.0	0.0	0.0	0.0	0.0	0.0	0.0	0.0	0.0	0.0	0.0	0.0	0.0	0.0	0.0	0.0	0.0	5.62858e-05	0.0	0.0	0.0	0.0	0.0	0.0	0.0	0.00369452	0.0	0.0	0.0	0.0	0.0	0.0	3.20573e-05	0.0	0.0	0.0	0.0	0.0	0.0	0.0	0.0	0.0	0.0	0.0	0.0	0.0	0.0	0.0	0.0	0.0	0.0022651999999999998	0.0	0.0	8.103719999999999e-05	0.0	0.0	0.0	0.0	4.32317e-05	0.0	0.0	0.0	0.0	0.0	0.0	0.0	0.0	0.0	0.0	0.000102616	0.0	0.0	5.41368e-05	5.523400000000001e-05	0.0	0.0
Ssp-CGub_089-Ex1-cssl.clmp.r1r2_fastp	0.0288432	0.0	0.0	0.0	0.0	0.0	0.00020825399999999997	0.0	0.0	0.00015619100000000002	0.0	0.0	0.0	0.0	0.0	0.0	0.0	0.0	0.0	0.0	0.0	0.0	0.0	0.00374858	0.0	0.0	0.0	0.0	0.0	0.0	0.0	0.000260318	0.00010412699999999999	0.0	0.0	0.0	0.0	0.0	0.0	5.20853e-05	0.0	0.0	0.0	0.0	0.0	0.0	0.0	0.0	0.000677553	0.0	0.0	0.0	0.0	0.0	0.0	0.0	0.0	0.0	0.0	0.0	0.0	0.0	0.0	0.0	0.0	0.0	0.00020917400000000001	0.0	0.0	0.0	0.0	0.0	0.0	0.00262711	0.0	0.0	0.0	0.0	0.0	0.0	0.0	0.0	0.0	0.0	0.0	0.0	0.0	0.0	0.0	0.0	0.0	0.000163334	0.0	0.0	0.0	0.0	0.0	0.0	0.0	0.0037446	0.0	0.0	0.0	0.0	0.0	0.0	0.0	0.0	0.0	0.0	0.0	0.0	0.0	0.0	0.0	0.0	0.0	0.0	0.0	0.0	0.0	0.0	0.0	0.0	0.00234214	0.0	0.0	0.0	0.0	0.0	0.0	0.0	0.000133828	0.0	0.0	0.0	0.0	0.0	0.0	0.0	0.0	0.0	0.0	0.00014733999999999998	0.0	0.0	0.0	0.00023029099999999998	0.0	0.0
Ssp-CGub_090-Ex1-cssl.clmp.r1r2_fastp	0.0338624	0.0	1.53501e-05	0.0	0.0	0.0	0.000168851	0.0	0.0	0.00010745099999999998	0.0	0.0	0.0	0.0	0.0	0.0	4.6050399999999995e-05	0.0	0.0	0.0	0.0	0.0	0.0	0.00380683	0.0	0.0	0.0	0.0	0.0	0.0	0.0	0.000153501	1.53501e-05	0.0	0.0	0.0	0.0	0.0	0.0	0.0	0.0	0.0	0.0	0.0	0.0	0.0	0.0	0.0	0.00047636200000000003	0.0	0.0	0.0	0.0	0.0	0.0	0.0	0.0	0.0	0.0	0.0	0.0	0.0	0.0	0.0	0.0	0.0	0.00021546500000000002	0.0	1.53947e-05	0.0	0.0	0.0	0.0	0.00194168	0.0	0.0	0.0	0.0	0.0	0.0	1.54463e-05	0.0	0.0	0.0	0.0	0.0	0.0	0.0	0.0	0.0	0.0	0.00018652800000000001	0.0	0.0	0.0	0.0	0.0	0.0	0.0	0.00394396	0.0	0.0	0.0	0.0	0.0	0.0	0.0	0.0	0.0	0.0	0.0	0.0	0.0	0.0	0.0	0.0	0.0	0.0	0.0	0.0	0.0	0.0	1.62023e-05	6.49514e-05	0.00235979	0.0	0.0	1.63893e-05	0.0	1.64757e-05	0.0	0.0	8.30847e-05	0.0	0.0	0.0	0.0	0.0	0.0	0.0	0.0	0.0	0.0	0.000313273	1.7476699999999998e-05	0.0	1.7665e-05	7.1219e-05	0.0	0.0
Ssp-CGub_091-Ex1-cssl.clmp.r1r2_fastp	0.0211864	0.0	0.0	0.0	0.0	0.0	0.0	0.0	0.0	0.0	0.0	0.0	0.0	0.0	0.0	0.0	0.0	0.0	0.0	0.0	0.0	0.0	0.0	0.00282486	0.0	0.0	0.0	0.0	0.0	0.0	0.0	0.0	0.0	0.0	0.0	0.0	0.0	0.0	0.0	0.0	0.0	0.0	0.0	0.0	0.0	0.0	0.0	0.0	0.0	0.0	0.0	0.0	0.0	0.0	0.0	0.0	0.0	0.0	0.0	0.0	0.0	0.0	0.0	0.0	0.0	0.0	0.0	0.0	0.0	0.0	0.0	0.0	0.0	0.0014365299999999999	0.0	0.0	0.0	0.0	0.0	0.0	0.0	0.0	0.0	0.0	0.0	0.0	0.0	0.0	0.0	0.0	0.0	0.0	0.0	0.0	0.0	0.0	0.0	0.0	0.0	0.00150022	0.0	0.0	0.0	0.0	0.0	0.0	0.0	0.0	0.0	0.0	0.0	0.0	0.0	0.0	0.0	0.0	0.0	0.0	0.0	0.0	0.0	0.0	0.0	0.0	0.0	0.0	0.0	0.0	0.0	0.0	0.0	0.0	0.0	0.0	0.0	0.0	0.0	0.0	0.0	0.0	0.0	0.0	0.0	0.0	0.0	0.0	0.0	0.0	0.0	0.0
Ssp-CGub_092-Ex1-cssl.clmp.r1r2_fastp	0.0285931	0.0	0.0	0.0	0.0	0.0	0.00025774099999999997	0.0	0.0	9.66528e-05	0.0	0.0	0.0	0.0	0.0	0.0	1.61088e-05	0.0	0.0	0.0	0.0	0.0	0.0	0.00270628	0.0	0.0	0.0	0.0	0.0	0.0	0.0	0.000225523	0.0	0.0	0.0	0.0	0.0	0.0	0.0	0.0	0.0	0.0	0.0	0.0	0.0	0.0	0.0	0.0	0.000403294	0.0	0.0	0.0	0.0	0.0	0.0	0.0	0.0	0.0	0.0	0.0	0.0	0.0	0.0	0.0	0.0	0.0	6.46562e-05	0.0	1.61702e-05	0.0	0.0	0.0	0.0	0.00182963	0.0	0.0	0.0	0.0	0.0	0.0	0.0	0.0	0.0	0.0	0.0	0.0	0.0	0.0	0.0	0.0	1.63535e-05	8.18386e-05	0.0	0.0	0.0	0.0	1.64483e-05	0.0	0.0	0.00310287	0.0	0.0	0.0	0.0	0.0	0.0	0.0	0.0	0.0	0.0	0.0	0.0	0.0	0.0	0.0	0.0	0.0	0.0	0.0	0.0	0.0	0.0	1.71806e-05	0.0	0.00210645	3.4621e-05	0.0	0.0	0.0	1.75047e-05	0.0	1.76138e-05	7.06859e-05	0.0	0.0	0.0	0.0	0.0	0.0	0.0	0.0	0.0	0.0	0.00011143000000000001	0.0	0.0	0.0	0.000152223	0.0	0.0
Ssp-CGub_094-Ex1-cssl.clmp.r1r2_fastp	0.024863	0.0	5.1583e-05	0.0	0.0	0.0	0.000361081	0.0	0.0	0.000206332	0.0	0.0	0.0	0.0	0.0	0.0	0.0	0.0	0.0	0.0	0.0	0.0	0.0	0.0028370599999999998	0.0	0.0	0.0	0.0	0.0	0.0	0.0	0.000309498	5.1583e-05	0.0	0.0	0.0	0.0	0.0	0.0	5.1608500000000006e-05	0.0	0.0	0.0	0.0	0.0	0.0	0.0	0.0	0.000464923	0.0	0.0	0.0	0.0	0.0	0.0	0.0	0.0	0.0	0.0	0.0	0.0	0.0	0.0	0.0	0.0	0.0	0.000207515	0.0	5.19319e-05	0.0	0.0	0.0	0.0	0.0016160699999999998	0.0	0.0	0.0	0.0	0.0	0.0	0.0	0.0	0.0	0.0	0.0	0.0	0.0	0.0	0.0	0.0	5.3599299999999993e-05	0.00021487299999999997	0.0	0.0	0.0	0.0	0.0	0.0	0.0	0.0032346199999999997	0.0	0.0	0.0	0.0	0.0	0.0	0.0	0.0	0.0	0.0	0.0	0.0	0.0	0.0	0.0	0.0	0.0	0.0	0.0	0.0	0.0	0.0	0.0	0.0	0.00247741	0.0	0.0	0.0	0.0	0.0	0.0	0.0	0.000126449	0.0	0.0	0.0	0.0	0.0	0.0	0.0	0.0	0.0	0.0	0.000275546	0.0	0.0	0.0	7.1527e-05	0.0	0.0
Ssp-CGub_095-Ex1-cssl.clmp.r1r2_fastp	0.0259933	0.0	0.0	0.0	0.0	0.0	0.000244298	0.0	0.0	0.000146579	0.0	0.0	0.0	0.0	0.0	0.0	2.4429799999999998e-05	0.0	0.0	0.0	0.0	0.0	0.0	0.00276056	0.0	0.0	0.0	0.0	0.0	0.0	0.0	0.000268727	2.4429799999999998e-05	0.0	0.0	0.0	0.0	0.0	0.0	2.44387e-05	0.0	0.0	0.0	0.0	0.0	0.0	0.0	0.0	0.00039128799999999994	0.0	0.0	0.0	0.0	0.0	0.0	0.0	0.0	0.0	0.0	0.0	0.0	0.0	0.0	0.0	0.0	0.0	0.000122757	0.0	2.4579199999999997e-05	0.0	0.0	0.0	0.0	0.0017035099999999999	0.0	0.0	0.0	0.0	0.0	0.0	0.0	0.0	0.0	0.0	0.0	0.0	0.0	0.0	0.0	0.0	2.5567400000000002e-05	0.000256414	0.0	0.0	0.0	0.0	0.0	0.0	0.0	0.00276277	0.0	0.0	0.0	0.0	0.0	0.0	0.0	0.0	0.0	0.0	0.0	0.0	0.0	0.0	0.0	0.0	0.0	2.8438e-05	0.0	0.0	0.0	0.0	0.0	2.93668e-05	0.00212662	2.9706799999999998e-05	0.0	0.0	0.0	3.0436800000000003e-05	0.0	0.0	0.00015523	0.0	0.0	0.0	0.0	0.0	0.0	0.0	0.0	0.0	0.0	0.00023828899999999998	0.0	3.47024e-05	0.0	0.00010639099999999999	0.0	0.0
Ssp-CGub_096-Ex1-cssl.clmp.r1r2_fastp	0.0275379	0.0	0.0	0.0	0.0	0.0	0.000214094	0.0	0.0	0.000133809	0.0	0.0	0.0	0.0	0.0	0.0	0.0	0.0	0.0	0.0	0.0	0.0	0.0	0.0027297	0.0	0.0	0.0	0.0	0.0	0.0	0.0	0.000214094	8.02853e-05	0.0	0.0	0.0	0.0	0.0	0.0	0.0	0.0	0.0	0.0	0.0	0.0	0.0	0.0	0.0	0.00037500099999999997	0.0	0.0	0.0	0.0	0.0	0.0	0.0	0.0	0.0	0.0	0.0	0.0	0.0	0.0	0.0	0.0	0.0	5.3656400000000004e-05	0.0	0.0	0.0	0.0	0.0	0.0	0.0018541	0.0	0.0	0.0	0.0	0.0	0.0	0.0	0.0	0.0	0.0	0.0	0.0	0.0	0.0	0.0	0.0	0.0	2.71834e-05	0.0	0.0	0.0	0.0	0.0	0.0	0.0	0.0029075900000000003	0.0	0.0	0.0	0.0	0.0	0.0	0.0	0.0	0.0	0.0	0.0	0.0	0.0	0.0	0.0	0.0	0.0	0.0	0.0	0.0	2.8506700000000003e-05	0.0	2.8652099999999996e-05	2.8729399999999996e-05	0.0020165499999999998	0.0	0.0	2.90615e-05	0.0	0.0	0.0	0.0	0.000147799	0.0	0.0	0.0	0.0	0.0	0.0	0.0	0.0	0.0	0.0	3.12579e-05	0.0	3.16308e-05	0.0	3.21067e-05	0.0	0.0
