all	0	1376314	1600000	0.8601962
all	1	30625	1600000	0.0191406
all	2	34989	1600000	0.0218681
all	3	17534	1600000	0.0109587
all	4	15059	1600000	0.0094119
all	5	10506	1600000	0.0065663
all	6	13457	1600000	0.0084106
all	7	8896	1600000	0.0055600
all	8	9077	1600000	0.0056731
all	9	7414	1600000	0.0046337
all	10	6096	1600000	0.0038100
all	11	6664	1600000	0.0041650
all	12	6268	1600000	0.0039175
all	13	5169	1600000	0.0032306
all	14	5914	1600000	0.0036963
all	15	3947	1600000	0.0024669
all	16	3191	1600000	0.0019944
all	17	2350	1600000	0.0014687
all	18	3280	1600000	0.0020500
all	19	2622	1600000	0.0016387
all	20	2825	1600000	0.0017656
all	21	2076	1600000	0.0012975
all	22	2712	1600000	0.0016950
all	23	1405	1600000	0.0008781
all	24	1491	1600000	0.0009319
all	25	1269	1600000	0.0007931
all	26	1089	1600000	0.0006806
all	27	834	1600000	0.0005213
all	28	674	1600000	0.0004213
all	29	756	1600000	0.0004725
all	30	1252	1600000	0.0007825
all	31	759	1600000	0.0004744
all	32	642	1600000	0.0004012
all	33	709	1600000	0.0004431
all	34	546	1600000	0.0003413
all	35	586	1600000	0.0003662
all	36	423	1600000	0.0002644
all	37	473	1600000	0.0002956
all	38	577	1600000	0.0003606
all	39	434	1600000	0.0002712
all	40	336	1600000	0.0002100
all	41	412	1600000	0.0002575
all	42	440	1600000	0.0002750
all	43	230	1600000	0.0001438
all	44	365	1600000	0.0002281
all	45	209	1600000	0.0001306
all	46	531	1600000	0.0003319
all	47	229	1600000	0.0001431
all	48	247	1600000	0.0001544
all	49	227	1600000	0.0001419
all	50	240	1600000	0.0001500
all	51	303	1600000	0.0001894
all	52	227	1600000	0.0001419
all	53	197	1600000	0.0001231
all	54	170	1600000	0.0001063
all	55	120	1600000	0.0000750
all	56	200	1600000	0.0001250
all	57	86	1600000	0.0000537
all	58	56	1600000	0.0000350
all	59	102	1600000	0.0000637
all	60	130	1600000	0.0000813
all	61	61	1600000	0.0000381
all	62	266	1600000	0.0001662
all	63	150	1600000	0.0000938
all	64	42	1600000	0.0000262
all	65	72	1600000	0.0000450
all	66	155	1600000	0.0000969
all	67	39	1600000	0.0000244
all	68	102	1600000	0.0000637
all	69	142	1600000	0.0000887
all	70	68	1600000	0.0000425
all	71	101	1600000	0.0000631
all	72	52	1600000	0.0000325
all	73	208	1600000	0.0001300
all	74	31	1600000	0.0000194
all	75	46	1600000	0.0000288
all	76	130	1600000	0.0000813
all	77	217	1600000	0.0001356
all	78	70	1600000	0.0000437
all	79	9	1600000	0.0000056
all	80	15	1600000	0.0000094
all	81	81	1600000	0.0000506
all	82	13	1600000	0.0000081
all	83	14	1600000	0.0000088
all	84	29	1600000	0.0000181
all	85	26	1600000	0.0000163
all	86	46	1600000	0.0000288
all	87	2	1600000	0.0000012
all	88	83	1600000	0.0000519
all	89	51	1600000	0.0000319
all	90	7	1600000	0.0000044
all	91	16	1600000	0.0000100
all	92	60	1600000	0.0000375
all	93	106	1600000	0.0000663
all	94	13	1600000	0.0000081
all	95	5	1600000	0.0000031
all	96	15	1600000	0.0000094
all	97	40	1600000	0.0000250
all	98	32	1600000	0.0000200
all	99	12	1600000	0.0000075
all	100	16	1600000	0.0000100
all	101	15	1600000	0.0000094
all	102	9	1600000	0.0000056
all	103	43	1600000	0.0000269
all	104	39	1600000	0.0000244
all	105	7	1600000	0.0000044
all	106	9	1600000	0.0000056
all	107	16	1600000	0.0000100
all	108	70	1600000	0.0000437
all	109	59	1600000	0.0000369
all	110	26	1600000	0.0000163
all	111	54	1600000	0.0000337
all	112	24	1600000	0.0000150
all	113	25	1600000	0.0000156
all	114	54	1600000	0.0000337
all	115	12	1600000	0.0000075
all	116	3	1600000	0.0000019
all	117	3	1600000	0.0000019
all	118	57	1600000	0.0000356
all	119	59	1600000	0.0000369
all	120	19	1600000	0.0000119
all	121	11	1600000	0.0000069
all	122	36	1600000	0.0000225
all	123	13	1600000	0.0000081
all	124	3	1600000	0.0000019
all	125	6	1600000	0.0000037
all	126	5	1600000	0.0000031
all	127	4	1600000	0.0000025
all	128	20	1600000	0.0000125
all	129	5	1600000	0.0000031
all	131	2	1600000	0.0000012
all	133	3	1600000	0.0000019
all	134	41	1600000	0.0000256
all	135	6	1600000	0.0000037
all	136	12	1600000	0.0000075
all	139	5	1600000	0.0000031
all	140	4	1600000	0.0000025
all	143	4	1600000	0.0000025
all	145	3	1600000	0.0000019
all	146	6	1600000	0.0000037
all	147	4	1600000	0.0000025
all	148	11	1600000	0.0000069
all	151	1	1600000	0.0000006
all	152	2	1600000	0.0000012
all	153	2	1600000	0.0000012
all	154	6	1600000	0.0000037
all	155	2	1600000	0.0000012
all	156	10	1600000	0.0000062
all	157	78	1600000	0.0000488
all	158	5	1600000	0.0000031
all	159	4	1600000	0.0000025
all	160	2	1600000	0.0000012
all	161	4	1600000	0.0000025
all	164	2	1600000	0.0000012
all	165	1	1600000	0.0000006
all	167	2	1600000	0.0000012
all	168	2	1600000	0.0000012
all	169	54	1600000	0.0000337
all	170	1	1600000	0.0000006
all	171	10	1600000	0.0000062
all	172	2	1600000	0.0000012
all	173	1	1600000	0.0000006
all	174	4	1600000	0.0000025
all	175	4	1600000	0.0000025
all	176	2	1600000	0.0000012
all	178	5	1600000	0.0000031
all	179	4	1600000	0.0000025
all	180	5	1600000	0.0000031
all	181	7	1600000	0.0000044
all	182	1	1600000	0.0000006
all	183	4	1600000	0.0000025
all	184	4	1600000	0.0000025
all	185	26	1600000	0.0000163
all	186	6	1600000	0.0000037
all	187	3	1600000	0.0000019
all	188	10	1600000	0.0000062
all	189	6	1600000	0.0000037
all	190	11	1600000	0.0000069
all	191	4	1600000	0.0000025
all	192	5	1600000	0.0000031
all	193	9	1600000	0.0000056
all	194	2	1600000	0.0000012
all	195	11	1600000	0.0000069
all	196	7	1600000	0.0000044
all	197	9	1600000	0.0000056
all	198	22	1600000	0.0000138
all	199	22	1600000	0.0000138
all	200	10	1600000	0.0000062
all	201	10	1600000	0.0000062
all	202	5	1600000	0.0000031
all	203	18	1600000	0.0000113
all	204	11	1600000	0.0000069
all	205	11	1600000	0.0000069
all	211	2	1600000	0.0000012
all	214	5	1600000	0.0000031
all	218	2	1600000	0.0000012
all	221	6	1600000	0.0000037
all	224	14	1600000	0.0000088
all	225	3	1600000	0.0000019
all	226	2	1600000	0.0000012
all	228	2	1600000	0.0000012
all	229	4	1600000	0.0000025
all	230	6	1600000	0.0000037
all	231	4	1600000	0.0000025
all	233	6	1600000	0.0000037
all	234	2	1600000	0.0000012
all	312	2	1600000	0.0000012
all	314	6	1600000	0.0000037
all	381	4	1600000	0.0000025
all	382	12	1600000	0.0000075
all	423	1	1600000	0.0000006
all	424	1	1600000	0.0000006
all	426	2	1600000	0.0000012
all	432	3	1600000	0.0000019
all	433	4	1600000	0.0000025
all	447	1	1600000	0.0000006
all	449	1	1600000	0.0000006
all	450	8	1600000	0.0000050
all	453	5	1600000	0.0000031
all	454	9	1600000	0.0000056
all	458	5	1600000	0.0000031
all	459	2	1600000	0.0000012
all	461	16	1600000	0.0000100
