all	0	1325148	1600000	0.8282175
all	1	37186	1600000	0.0232412
all	2	42094	1600000	0.0263088
all	3	18263	1600000	0.0114144
all	4	18673	1600000	0.0116706
all	5	16062	1600000	0.0100388
all	6	15275	1600000	0.0095469
all	7	12031	1600000	0.0075194
all	8	13279	1600000	0.0082994
all	9	10150	1600000	0.0063437
all	10	9263	1600000	0.0057894
all	11	7412	1600000	0.0046325
all	12	7351	1600000	0.0045944
all	13	5945	1600000	0.0037156
all	14	6558	1600000	0.0040988
all	15	4846	1600000	0.0030287
all	16	4159	1600000	0.0025994
all	17	3404	1600000	0.0021275
all	18	2742	1600000	0.0017137
all	19	3578	1600000	0.0022363
all	20	2626	1600000	0.0016412
all	21	2610	1600000	0.0016313
all	22	2906	1600000	0.0018163
all	23	1966	1600000	0.0012287
all	24	2161	1600000	0.0013506
all	25	1679	1600000	0.0010494
all	26	1197	1600000	0.0007481
all	27	1009	1600000	0.0006306
all	28	1946	1600000	0.0012163
all	29	1219	1600000	0.0007619
all	30	954	1600000	0.0005962
all	31	1068	1600000	0.0006675
all	32	849	1600000	0.0005306
all	33	899	1600000	0.0005619
all	34	885	1600000	0.0005531
all	35	792	1600000	0.0004950
all	36	616	1600000	0.0003850
all	37	535	1600000	0.0003344
all	38	706	1600000	0.0004413
all	39	287	1600000	0.0001794
all	40	437	1600000	0.0002731
all	41	239	1600000	0.0001494
all	42	149	1600000	0.0000931
all	43	202	1600000	0.0001263
all	44	251	1600000	0.0001569
all	45	362	1600000	0.0002263
all	46	327	1600000	0.0002044
all	47	283	1600000	0.0001769
all	48	430	1600000	0.0002688
all	49	411	1600000	0.0002569
all	50	205	1600000	0.0001281
all	51	286	1600000	0.0001787
all	52	320	1600000	0.0002000
all	53	193	1600000	0.0001206
all	54	164	1600000	0.0001025
all	55	229	1600000	0.0001431
all	56	82	1600000	0.0000513
all	57	153	1600000	0.0000956
all	58	143	1600000	0.0000894
all	59	209	1600000	0.0001306
all	60	208	1600000	0.0001300
all	61	145	1600000	0.0000906
all	62	111	1600000	0.0000694
all	63	63	1600000	0.0000394
all	64	36	1600000	0.0000225
all	65	144	1600000	0.0000900
all	66	139	1600000	0.0000869
all	67	44	1600000	0.0000275
all	68	76	1600000	0.0000475
all	69	151	1600000	0.0000944
all	70	158	1600000	0.0000988
all	71	69	1600000	0.0000431
all	72	198	1600000	0.0001237
all	73	181	1600000	0.0001131
all	74	52	1600000	0.0000325
all	75	39	1600000	0.0000244
all	76	53	1600000	0.0000331
all	77	63	1600000	0.0000394
all	78	48	1600000	0.0000300
all	79	71	1600000	0.0000444
all	80	49	1600000	0.0000306
all	81	59	1600000	0.0000369
all	82	19	1600000	0.0000119
all	83	45	1600000	0.0000281
all	84	47	1600000	0.0000294
all	85	52	1600000	0.0000325
all	86	54	1600000	0.0000337
all	87	39	1600000	0.0000244
all	88	43	1600000	0.0000269
all	89	10	1600000	0.0000062
all	90	18	1600000	0.0000113
all	91	22	1600000	0.0000138
all	92	47	1600000	0.0000294
all	93	47	1600000	0.0000294
all	94	53	1600000	0.0000331
all	95	32	1600000	0.0000200
all	96	25	1600000	0.0000156
all	97	99	1600000	0.0000619
all	98	65	1600000	0.0000406
all	99	32	1600000	0.0000200
all	100	46	1600000	0.0000288
all	101	65	1600000	0.0000406
all	102	16	1600000	0.0000100
all	103	9	1600000	0.0000056
all	104	46	1600000	0.0000288
all	105	120	1600000	0.0000750
all	106	8	1600000	0.0000050
all	107	29	1600000	0.0000181
all	108	14	1600000	0.0000088
all	109	6	1600000	0.0000037
all	110	2	1600000	0.0000012
all	111	18	1600000	0.0000113
all	112	20	1600000	0.0000125
all	113	5	1600000	0.0000031
all	114	27	1600000	0.0000169
all	115	14	1600000	0.0000088
all	116	35	1600000	0.0000219
all	117	57	1600000	0.0000356
all	118	24	1600000	0.0000150
all	119	6	1600000	0.0000037
all	120	42	1600000	0.0000262
all	121	12	1600000	0.0000075
all	122	3	1600000	0.0000019
all	126	7	1600000	0.0000044
all	127	1	1600000	0.0000006
all	128	35	1600000	0.0000219
all	129	2	1600000	0.0000012
all	130	2	1600000	0.0000012
all	131	2	1600000	0.0000012
all	132	10	1600000	0.0000062
all	133	14	1600000	0.0000088
all	134	10	1600000	0.0000062
all	135	11	1600000	0.0000069
all	136	6	1600000	0.0000037
all	137	6	1600000	0.0000037
all	138	3	1600000	0.0000019
all	139	4	1600000	0.0000025
all	141	5	1600000	0.0000031
all	142	83	1600000	0.0000519
all	143	12	1600000	0.0000075
all	144	20	1600000	0.0000125
all	145	14	1600000	0.0000088
all	146	8	1600000	0.0000050
all	147	1	1600000	0.0000006
all	148	12	1600000	0.0000075
all	149	29	1600000	0.0000181
all	150	33	1600000	0.0000206
all	151	4	1600000	0.0000025
all	152	6	1600000	0.0000037
all	153	7	1600000	0.0000044
all	154	10	1600000	0.0000062
all	155	10	1600000	0.0000062
all	156	22	1600000	0.0000138
all	157	10	1600000	0.0000062
all	158	24	1600000	0.0000150
all	159	40	1600000	0.0000250
all	160	18	1600000	0.0000113
all	161	38	1600000	0.0000238
all	162	38	1600000	0.0000238
all	163	43	1600000	0.0000269
all	164	14	1600000	0.0000088
all	165	8	1600000	0.0000050
all	166	3	1600000	0.0000019
all	167	8	1600000	0.0000050
all	168	13	1600000	0.0000081
all	169	9	1600000	0.0000056
all	174	9	1600000	0.0000056
all	175	4	1600000	0.0000025
all	176	32	1600000	0.0000200
all	177	14	1600000	0.0000088
all	178	6	1600000	0.0000037
all	179	12	1600000	0.0000075
all	181	1	1600000	0.0000006
all	182	1	1600000	0.0000006
all	185	2	1600000	0.0000012
all	186	1	1600000	0.0000006
all	189	16	1600000	0.0000100
all	190	3	1600000	0.0000019
all	191	21	1600000	0.0000131
all	192	12	1600000	0.0000075
all	193	2	1600000	0.0000012
all	197	21	1600000	0.0000131
all	198	12	1600000	0.0000075
all	199	2	1600000	0.0000012
all	200	6	1600000	0.0000037
all	201	6	1600000	0.0000037
all	202	12	1600000	0.0000075
all	203	5	1600000	0.0000031
all	205	12	1600000	0.0000075
all	210	54	1600000	0.0000337
all	229	1	1600000	0.0000006
all	253	1	1600000	0.0000006
all	258	3	1600000	0.0000019
all	265	1	1600000	0.0000006
all	267	6	1600000	0.0000037
all	269	1	1600000	0.0000006
all	271	1	1600000	0.0000006
all	294	1	1600000	0.0000006
all	300	1	1600000	0.0000006
all	302	2	1600000	0.0000012
all	305	1	1600000	0.0000006
all	306	1	1600000	0.0000006
all	309	1	1600000	0.0000006
all	310	1	1600000	0.0000006
all	317	1	1600000	0.0000006
all	320	2	1600000	0.0000012
all	321	1	1600000	0.0000006
all	327	1	1600000	0.0000006
all	329	1	1600000	0.0000006
all	332	1	1600000	0.0000006
all	333	4	1600000	0.0000025
all	335	5	1600000	0.0000031
all	337	5	1600000	0.0000031
all	339	2	1600000	0.0000012
all	341	3	1600000	0.0000019
all	342	8	1600000	0.0000050
all	344	5	1600000	0.0000031
all	345	3	1600000	0.0000019
all	348	12	1600000	0.0000075
all	349	5	1600000	0.0000031
all	350	11	1600000	0.0000069
all	351	9	1600000	0.0000056
all	352	8	1600000	0.0000050
all	353	8	1600000	0.0000050
all	354	3	1600000	0.0000019
all	355	9	1600000	0.0000056
all	356	3	1600000	0.0000019
all	357	1	1600000	0.0000006
all	363	3	1600000	0.0000019
all	364	1	1600000	0.0000006
all	365	1	1600000	0.0000006
all	366	1	1600000	0.0000006
all	367	1	1600000	0.0000006
all	375	1	1600000	0.0000006
all	376	1	1600000	0.0000006
all	377	3	1600000	0.0000019
