NODE_100029_length_2239_cov_2.924766	827	960	0	133	133	1.0000000
NODE_100054_length_2238_cov_4.719963	1205	1338	1	53	133	0.3984962
NODE_100054_length_2238_cov_4.719963	1205	1338	2	80	133	0.6015037
NODE_100115_length_2237_cov_4.516370	819	952	0	69	133	0.5187970
NODE_100115_length_2237_cov_4.516370	819	952	1	33	133	0.2481203
NODE_100115_length_2237_cov_4.516370	819	952	2	31	133	0.2330827
NODE_10016_length_7401_cov_5.952068	5213	5346	0	133	133	1.0000000
NODE_10019_length_7400_cov_9.406520	639	772	0	133	133	1.0000000
NODE_100205_length_2236_cov_3.732803	1494	1627	0	111	133	0.8345864
NODE_100205_length_2236_cov_3.732803	1494	1627	1	22	133	0.1654135
NODE_10022_length_7400_cov_4.480345	5776	5909	0	56	133	0.4210526
NODE_10022_length_7400_cov_4.480345	5776	5909	3	77	133	0.5789474
NODE_10026_length_7399_cov_4.219178	3938	4071	0	133	133	1.0000000
NODE_100306_length_2235_cov_2.911049	2070	2203	0	133	133	1.0000000
NODE_100397_length_2233_cov_4.554827	202	335	0	133	133	1.0000000
NODE_10039_length_7396_cov_4.188434	470	603	0	133	133	1.0000000
NODE_100400_length_2233_cov_4.448922	851	984	0	133	133	1.0000000
NODE_100411_length_2233_cov_4.028116	846	979	0	133	133	1.0000000
NODE_100430_length_2233_cov_3.507498	1577	1710	0	77	133	0.5789474
NODE_100430_length_2233_cov_3.507498	1577	1710	2	56	133	0.4210526
NODE_100459_length_2232_cov_4.889358	1462	1595	0	35	133	0.2631579
NODE_100459_length_2232_cov_4.889358	1462	1595	1	21	133	0.1578947
NODE_100459_length_2232_cov_4.889358	1462	1595	2	51	133	0.3834586
NODE_100459_length_2232_cov_4.889358	1462	1595	3	1	133	0.0075188
NODE_100459_length_2232_cov_4.889358	1462	1595	4	25	133	0.1879699
NODE_10048_length_7394_cov_5.143934	3186	3319	0	133	133	1.0000000
NODE_10049_length_7394_cov_3.873064	3013	3146	0	133	133	1.0000000
NODE_1004_length_14871_cov_4.891145	9102	9235	0	133	133	1.0000000
NODE_100636_length_2230_cov_2.541061	444	577	0	133	133	1.0000000
NODE_100665_length_2229_cov_4.193427	113	246	0	37	133	0.2781955
NODE_100665_length_2229_cov_4.193427	113	246	1	96	133	0.7218045
NODE_100717_length_2228_cov_4.196806	531	664	0	133	133	1.0000000
NODE_100752_length_2227_cov_5.196898	1603	1736	0	4	133	0.0300752
NODE_100752_length_2227_cov_5.196898	1603	1736	2	82	133	0.6165413
NODE_100752_length_2227_cov_5.196898	1603	1736	6	47	133	0.3533835
NODE_100758_length_2227_cov_4.762688	1015	1148	0	110	133	0.8270677
NODE_100758_length_2227_cov_4.762688	1015	1148	2	23	133	0.1729323
NODE_10078_length_7385_cov_5.123662	4906	5039	0	133	133	1.0000000
NODE_10079_length_7385_cov_4.177601	5515	5648	0	133	133	1.0000000
NODE_100820_length_2226_cov_5.340856	786	919	0	133	133	1.0000000
NODE_100831_length_2226_cov_4.594734	1008	1141	1	76	133	0.5714286
NODE_100831_length_2226_cov_4.594734	1008	1141	2	57	133	0.4285714
NODE_10091_length_7382_cov_5.302897	5978	6111	0	56	133	0.4210526
NODE_10091_length_7382_cov_5.302897	5978	6111	2	59	133	0.4436090
NODE_10091_length_7382_cov_5.302897	5978	6111	3	1	133	0.0075188
NODE_10091_length_7382_cov_5.302897	5978	6111	4	17	133	0.1278196
NODE_100954_length_2224_cov_6.321412	126	259	2	65	133	0.4887218
NODE_100954_length_2224_cov_6.321412	126	259	4	68	133	0.5112782
NODE_100970_length_2224_cov_4.256000	418	551	0	133	133	1.0000000
NODE_100_length_24567_cov_4.982549	4612	4745	0	133	133	1.0000000
NODE_101071_length_2222_cov_5.234574	1743	1876	0	133	133	1.0000000
NODE_1010_length_14843_cov_4.699200	5147	5280	0	133	133	1.0000000
NODE_101101_length_2222_cov_4.057937	222	355	0	133	133	1.0000000
NODE_101164_length_2221_cov_3.842601	137	270	0	88	133	0.6616541
NODE_101164_length_2221_cov_3.842601	137	270	2	45	133	0.3383459
NODE_1011_length_14842_cov_11.107848	11271	11404	0	133	133	1.0000000
NODE_10125_length_7374_cov_4.139107	3950	4083	3	133	133	1.0000000
NODE_101376_length_2217_cov_4.912181	242	375	3	43	133	0.3233083
NODE_101376_length_2217_cov_4.912181	242	375	5	4	133	0.0300752
NODE_101376_length_2217_cov_4.912181	242	375	6	29	133	0.2180451
NODE_101376_length_2217_cov_4.912181	242	375	7	38	133	0.2857143
NODE_101376_length_2217_cov_4.912181	242	375	8	19	133	0.1428571
NODE_101383_length_2217_cov_4.526440	1310	1443	0	12	133	0.0902256
NODE_101383_length_2217_cov_4.526440	1310	1443	2	121	133	0.9097744
NODE_101398_length_2217_cov_3.795090	2012	2145	0	133	133	1.0000000
NODE_101399_length_2217_cov_3.712937	749	882	0	133	133	1.0000000
NODE_101404_length_2217_cov_3.513692	397	530	0	133	133	1.0000000
NODE_10145_length_7368_cov_7.674233	4906	5039	0	5	133	0.0375940
NODE_10145_length_7368_cov_7.674233	4906	5039	3	43	133	0.3233083
NODE_10145_length_7368_cov_7.674233	4906	5039	6	85	133	0.6390978
NODE_101488_length_2215_cov_5.172023	930	1063	4	86	133	0.6466165
NODE_101488_length_2215_cov_5.172023	930	1063	8	47	133	0.3533835
NODE_101493_length_2215_cov_4.678639	1321	1454	0	133	133	1.0000000
NODE_10161_length_7365_cov_18.390449	3947	4080	0	133	133	1.0000000
NODE_101639_length_2213_cov_3.881741	595	728	0	133	133	1.0000000
NODE_101699_length_2212_cov_4.366304	1293	1426	0	133	133	1.0000000
NODE_10171_length_7362_cov_7.823214	3455	3588	0	133	133	1.0000000
NODE_10188_length_7356_cov_4.116577	6616	6749	0	133	133	1.0000000
NODE_101974_length_2208_cov_3.437648	1544	1677	0	133	133	1.0000000
NODE_101986_length_2208_cov_2.937411	743	876	0	31	133	0.2330827
NODE_101986_length_2208_cov_2.937411	743	876	2	102	133	0.7669173
NODE_101997_length_2207_cov_6.959677	178	311	0	133	133	1.0000000
NODE_102003_length_2207_cov_5.251423	1112	1245	0	133	133	1.0000000
NODE_102058_length_2207_cov_2.581120	802	935	0	18	133	0.1353384
NODE_102058_length_2207_cov_2.581120	802	935	1	47	133	0.3533835
NODE_102058_length_2207_cov_2.581120	802	935	2	68	133	0.5112782
NODE_102117_length_2206_cov_2.912197	906	1039	0	133	133	1.0000000
NODE_10214_length_7351_cov_3.608522	2422	2555	2	133	133	1.0000000
NODE_10219_length_7349_cov_4.337931	3700	3833	0	133	133	1.0000000
NODE_102221_length_2204_cov_3.436580	474	607	0	133	133	1.0000000
NODE_102247_length_2203_cov_5.132605	1337	1470	0	51	133	0.3834586
NODE_102247_length_2203_cov_5.132605	1337	1470	1	48	133	0.3609022
NODE_102247_length_2203_cov_5.132605	1337	1470	2	34	133	0.2556391
NODE_1023_length_14812_cov_4.246789	5929	6062	0	133	133	1.0000000
NODE_102404_length_2201_cov_4.505709	483	616	0	130	133	0.9774436
NODE_102404_length_2201_cov_4.505709	483	616	4	3	133	0.0225564
NODE_102536_length_2199_cov_5.140952	823	956	0	133	133	1.0000000
NODE_10268_length_7334_cov_3.410366	4715	4848	0	133	133	1.0000000
NODE_102704_length_2197_cov_3.499523	1354	1487	0	133	133	1.0000000
NODE_10273_length_7332_cov_4.834370	107	240	2	79	133	0.5939850
NODE_10273_length_7332_cov_4.834370	107	240	4	54	133	0.4060150
NODE_102741_length_2196_cov_5.087744	1272	1405	0	133	133	1.0000000
NODE_102838_length_2195_cov_3.610687	1052	1185	0	133	133	1.0000000
NODE_10289_length_7328_cov_5.095034	1052	1185	0	133	133	1.0000000
NODE_1028_length_14780_cov_4.683673	2465	2598	0	133	133	1.0000000
NODE_102902_length_2194_cov_3.908353	1421	1554	0	133	133	1.0000000
NODE_102928_length_2193_cov_5.667144	351	484	2	48	133	0.3609022
NODE_102928_length_2193_cov_5.667144	351	484	4	85	133	0.6390978
NODE_103116_length_2190_cov_4.079866	737	870	0	133	133	1.0000000
NODE_103131_length_2190_cov_3.617408	824	957	0	133	133	1.0000000
NODE_10317_length_7321_cov_4.030186	2668	2801	0	133	133	1.0000000
NODE_103191_length_2189_cov_3.890909	1245	1378	1	92	133	0.6917293
NODE_103191_length_2189_cov_3.890909	1245	1378	2	41	133	0.3082707
NODE_10321_length_7321_cov_3.836056	6490	6623	0	57	133	0.4285714
NODE_10321_length_7321_cov_3.836056	6490	6623	2	76	133	0.5714286
NODE_103242_length_2188_cov_5.194351	1302	1435	0	133	133	1.0000000
NODE_10324_length_7320_cov_4.928265	4946	5079	0	64	133	0.4812030
NODE_10324_length_7320_cov_4.928265	4946	5079	1	34	133	0.2556391
NODE_10324_length_7320_cov_4.928265	4946	5079	2	35	133	0.2631579
NODE_103251_length_2188_cov_4.868837	1666	1799	0	48	133	0.3609022
NODE_103251_length_2188_cov_4.868837	1666	1799	2	85	133	0.6390978
NODE_103274_length_2188_cov_3.691240	1299	1432	2	30	133	0.2255639
NODE_103274_length_2188_cov_3.691240	1299	1432	4	103	133	0.7744361
NODE_103295_length_2188_cov_2.876496	893	1026	0	133	133	1.0000000
NODE_103364_length_2186_cov_5.436991	315	448	0	34	133	0.2556391
NODE_103364_length_2186_cov_5.436991	315	448	1	36	133	0.2706767
NODE_103364_length_2186_cov_5.436991	315	448	2	63	133	0.4736842
NODE_1033_length_14772_cov_4.247529	7530	7663	0	133	133	1.0000000
NODE_103412_length_2186_cov_3.167226	1190	1323	0	133	133	1.0000000
NODE_1034_length_14766_cov_4.577351	6931	7064	0	133	133	1.0000000
NODE_10354_length_7312_cov_4.215028	1235	1368	0	133	133	1.0000000
NODE_103669_length_2181_cov_11.507205	782	915	0	133	133	1.0000000
NODE_103692_length_2181_cov_3.988953	1046	1179	0	66	133	0.4962406
NODE_103692_length_2181_cov_3.988953	1046	1179	1	67	133	0.5037594
NODE_103722_length_2180_cov_5.521384	1959	2092	0	133	133	1.0000000
NODE_103758_length_2180_cov_3.890918	780	913	1	1	133	0.0075188
NODE_103758_length_2180_cov_3.890918	780	913	2	5	133	0.0375940
NODE_103758_length_2180_cov_3.890918	780	913	3	36	133	0.2706767
NODE_103758_length_2180_cov_3.890918	780	913	4	18	133	0.1353384
NODE_103758_length_2180_cov_3.890918	780	913	5	2	133	0.0150376
NODE_103758_length_2180_cov_3.890918	780	913	6	71	133	0.5338346
NODE_103943_length_2177_cov_3.901347	209	342	0	18	133	0.1353384
NODE_103943_length_2177_cov_3.901347	209	342	2	115	133	0.8646616
NODE_103_length_24284_cov_5.988464	9151	9284	1	50	133	0.3759398
NODE_103_length_24284_cov_5.988464	9151	9284	2	83	133	0.6240602
NODE_10405_length_7295_cov_7.575181	5244	5377	0	133	133	1.0000000
NODE_104240_length_2172_cov_17.227689	356	489	0	89	133	0.6691729
NODE_104240_length_2172_cov_17.227689	356	489	1	1	133	0.0075188
NODE_104240_length_2172_cov_17.227689	356	489	2	43	133	0.3233083
NODE_104375_length_2170_cov_5.245292	114	247	0	38	133	0.2857143
NODE_104375_length_2170_cov_5.245292	114	247	1	58	133	0.4360902
NODE_104375_length_2170_cov_5.245292	114	247	2	37	133	0.2781955
NODE_10437_length_7287_cov_4.247078	3736	3869	0	9	133	0.0676692
NODE_10437_length_7287_cov_4.247078	3736	3869	2	124	133	0.9323308
NODE_104387_length_2170_cov_4.401738	1440	1573	0	133	133	1.0000000
NODE_10438_length_7286_cov_31.915125	2979	3112	5	25	133	0.1879699
NODE_10438_length_7286_cov_31.915125	2979	3112	6	18	133	0.1353384
NODE_10438_length_7286_cov_31.915125	2979	3112	7	24	133	0.1804511
NODE_10438_length_7286_cov_31.915125	2979	3112	8	66	133	0.4962406
NODE_10452_length_7283_cov_10.527700	1441	1574	0	133	133	1.0000000
NODE_104722_length_2166_cov_2.531205	264	397	0	133	133	1.0000000
NODE_104756_length_2165_cov_4.137948	1718	1851	0	133	133	1.0000000
NODE_104760_length_2165_cov_3.997096	508	641	0	69	133	0.5187970
NODE_104760_length_2165_cov_3.997096	508	641	2	64	133	0.4812030
NODE_10481_length_7276_cov_4.494218	2151	2284	0	133	133	1.0000000
NODE_104837_length_2164_cov_4.138499	1052	1185	0	13	133	0.0977444
NODE_104837_length_2164_cov_4.138499	1052	1185	1	12	133	0.0902256
NODE_104837_length_2164_cov_4.138499	1052	1185	2	108	133	0.8120301
NODE_10491_length_7273_cov_3.161834	4143	4276	0	133	133	1.0000000
NODE_104921_length_2163_cov_3.101260	434	567	0	133	133	1.0000000
NODE_10495_length_7272_cov_3.741252	4402	4535	0	133	133	1.0000000
NODE_104981_length_2162_cov_2.961222	256	389	0	133	133	1.0000000
NODE_1049_length_14667_cov_3.771623	4342	4475	0	133	133	1.0000000
NODE_104_length_24192_cov_5.208567	23115	23248	0	103	133	0.7744361
NODE_104_length_24192_cov_5.208567	23115	23248	1	30	133	0.2255639
NODE_10506_length_7269_cov_4.052999	3204	3337	0	133	133	1.0000000
NODE_105071_length_2160_cov_6.563319	1400	1533	0	43	133	0.3233083
NODE_105071_length_2160_cov_6.563319	1400	1533	2	90	133	0.6766917
NODE_10512_length_7268_cov_4.343842	3595	3728	0	133	133	1.0000000
NODE_105152_length_2159_cov_4.640777	252	385	0	133	133	1.0000000
NODE_10515_length_7267_cov_5.499442	6483	6616	0	133	133	1.0000000
NODE_105225_length_2158_cov_4.562409	484	617	0	133	133	1.0000000
NODE_105248_length_2158_cov_3.624089	1122	1255	0	133	133	1.0000000
NODE_105397_length_2156_cov_3.442392	1408	1541	2	5	133	0.0375940
NODE_105397_length_2156_cov_3.442392	1408	1541	3	74	133	0.5563910
NODE_105397_length_2156_cov_3.442392	1408	1541	4	54	133	0.4060150
NODE_105443_length_2155_cov_4.106518	917	1050	0	133	133	1.0000000
NODE_10557_length_7257_cov_5.099749	1663	1796	0	133	133	1.0000000
NODE_105634_length_2152_cov_4.333658	876	1009	0	133	133	1.0000000
NODE_1056_length_14639_cov_3.918363	13400	13533	0	133	133	1.0000000
NODE_105736_length_2151_cov_3.154971	1912	2045	0	133	133	1.0000000
NODE_105747_length_2151_cov_2.730019	1021	1154	0	133	133	1.0000000
NODE_105787_length_2150_cov_3.730375	822	955	0	133	133	1.0000000
NODE_105871_length_2149_cov_2.471707	661	794	1	87	133	0.6541353
NODE_105871_length_2149_cov_2.471707	661	794	2	46	133	0.3458647
NODE_10593_length_7249_cov_4.753287	4217	4350	0	133	133	1.0000000
NODE_106052_length_2146_cov_3.380068	1096	1229	0	32	133	0.2406015
NODE_106052_length_2146_cov_3.380068	1096	1229	2	101	133	0.7593985
NODE_106096_length_2145_cov_4.781036	780	913	0	133	133	1.0000000
NODE_10609_length_7245_cov_3.579625	2625	2758	1	65	133	0.4887218
NODE_10609_length_7245_cov_3.579625	2625	2758	2	68	133	0.5112782
NODE_106101_length_2145_cov_4.697458	1431	1564	0	133	133	1.0000000
NODE_106106_length_2145_cov_4.581623	155	288	0	40	133	0.3007519
NODE_106106_length_2145_cov_4.581623	155	288	2	93	133	0.6992481
NODE_10611_length_7244_cov_5.231770	203	336	0	133	133	1.0000000
NODE_106138_length_2145_cov_3.009775	1602	1735	0	133	133	1.0000000
NODE_10619_length_7241_cov_5.668580	3172	3305	0	133	133	1.0000000
NODE_1061_length_14623_cov_5.012806	118	251	0	26	133	0.1954887
NODE_1061_length_14623_cov_5.012806	118	251	3	107	133	0.8045112
NODE_106246_length_2143_cov_4.096380	1197	1330	1	15	133	0.1127820
NODE_106246_length_2143_cov_4.096380	1197	1330	2	106	133	0.7969925
NODE_106246_length_2143_cov_4.096380	1197	1330	3	12	133	0.0902256
NODE_106283_length_2142_cov_5.107195	847	980	0	133	133	1.0000000
NODE_106352_length_2142_cov_2.732746	649	782	0	133	133	1.0000000
NODE_106431_length_2141_cov_2.767385	1720	1853	0	133	133	1.0000000
NODE_106504_length_2139_cov_4.944118	1532	1665	2	3	133	0.0225564
NODE_106504_length_2139_cov_4.944118	1532	1665	3	114	133	0.8571429
NODE_106504_length_2139_cov_4.944118	1532	1665	4	1	133	0.0075188
NODE_106504_length_2139_cov_4.944118	1532	1665	5	15	133	0.1127820
NODE_10667_length_7232_cov_5.544511	5009	5142	0	133	133	1.0000000
NODE_1066_length_14590_cov_5.031192	6719	6852	0	133	133	1.0000000
NODE_106732_length_2136_cov_3.951399	1667	1800	0	133	133	1.0000000
NODE_106750_length_2136_cov_3.265587	1401	1534	0	133	133	1.0000000
NODE_10676_length_7231_cov_3.919237	3478	3611	0	11	133	0.0827068
NODE_10676_length_7231_cov_3.919237	3478	3611	2	122	133	0.9172933
NODE_106858_length_2134_cov_4.228501	403	536	0	133	133	1.0000000
NODE_106861_length_2134_cov_4.058477	834	967	0	19	133	0.1428571
NODE_106861_length_2134_cov_4.058477	834	967	1	114	133	0.8571429
NODE_10687_length_7229_cov_3.899018	1321	1454	0	133	133	1.0000000
NODE_106894_length_2134_cov_2.960688	482	615	0	133	133	1.0000000
NODE_106925_length_2133_cov_4.353982	618	751	0	133	133	1.0000000
NODE_106967_length_2133_cov_2.729105	1732	1865	0	133	133	1.0000000
NODE_106978_length_2132_cov_4.866208	151	284	0	39	133	0.2932331
NODE_106978_length_2132_cov_4.866208	151	284	1	79	133	0.5939850
NODE_106978_length_2132_cov_4.866208	151	284	2	15	133	0.1127820
NODE_1069_length_14579_cov_4.380939	9368	9501	0	23	133	0.1729323
NODE_1069_length_14579_cov_4.380939	9368	9501	2	37	133	0.2781955
NODE_1069_length_14579_cov_4.380939	9368	9501	4	73	133	0.5488722
NODE_106_length_24174_cov_10.823884	2372	2505	0	133	133	1.0000000
NODE_10702_length_7226_cov_4.051214	4815	4948	0	133	133	1.0000000
NODE_107041_length_2131_cov_5.894193	149	282	0	133	133	1.0000000
NODE_107129_length_2130_cov_4.259478	1554	1687	0	133	133	1.0000000
NODE_10713_length_7224_cov_4.812632	5813	5946	0	133	133	1.0000000
NODE_107177_length_2129_cov_4.924138	636	769	1	122	133	0.9172933
NODE_107177_length_2129_cov_4.924138	636	769	2	11	133	0.0827068
NODE_10717_length_7223_cov_4.144301	5576	5709	0	133	133	1.0000000
NODE_107190_length_2129_cov_4.282266	883	1016	0	133	133	1.0000000
NODE_107223_length_2129_cov_3.187192	1148	1281	1	125	133	0.9398496
NODE_107223_length_2129_cov_3.187192	1148	1281	2	8	133	0.0601504
NODE_10729_length_7221_cov_4.017972	1056	1189	1	16	133	0.1203008
NODE_10729_length_7221_cov_4.017972	1056	1189	2	18	133	0.1353384
NODE_10729_length_7221_cov_4.017972	1056	1189	3	53	133	0.3984962
NODE_10729_length_7221_cov_4.017972	1056	1189	4	46	133	0.3458647
NODE_1073_length_14558_cov_4.244969	8142	8275	0	133	133	1.0000000
NODE_107401_length_2126_cov_4.824371	840	973	0	27	133	0.2030075
NODE_107401_length_2126_cov_4.824371	840	973	2	106	133	0.7969925
NODE_107403_length_2126_cov_4.579181	1939	2072	0	133	133	1.0000000
NODE_10744_length_7219_cov_3.925983	5516	5649	1	39	133	0.2932331
NODE_10744_length_7219_cov_3.925983	5516	5649	2	94	133	0.7067669
NODE_10758_length_7215_cov_5.530073	5184	5317	0	133	133	1.0000000
NODE_10760_length_7214_cov_4.739986	1841	1974	0	133	133	1.0000000
NODE_107683_length_2122_cov_3.820069	1971	2104	1	2	133	0.0150376
NODE_107683_length_2122_cov_3.820069	1971	2104	16	89	133	0.6691729
NODE_107683_length_2122_cov_3.820069	1971	2104	17	42	133	0.3157895
NODE_107734_length_2121_cov_4.478734	1710	1843	0	133	133	1.0000000
NODE_107741_length_2121_cov_3.986647	4	137	0	133	133	1.0000000
NODE_107796_length_2120_cov_4.626917	371	504	0	133	133	1.0000000
NODE_107807_length_2120_cov_3.966353	1413	1546	0	57	133	0.4285714
NODE_107807_length_2120_cov_3.966353	1413	1546	1	26	133	0.1954887
NODE_107807_length_2120_cov_3.966353	1413	1546	2	18	133	0.1353384
NODE_107807_length_2120_cov_3.966353	1413	1546	3	19	133	0.1428571
NODE_107807_length_2120_cov_3.966353	1413	1546	4	13	133	0.0977444
NODE_10785_length_7208_cov_4.039387	5170	5303	0	133	133	1.0000000
NODE_107871_length_2119_cov_4.237624	1334	1467	0	133	133	1.0000000
NODE_10791_length_7206_cov_4.900380	3361	3494	0	133	133	1.0000000
NODE_107945_length_2118_cov_3.726102	1009	1142	0	133	133	1.0000000
NODE_107950_length_2118_cov_3.586924	300	433	0	133	133	1.0000000
NODE_10800_length_7204_cov_4.622519	607	740	0	133	133	1.0000000
NODE_108025_length_2117_cov_3.744301	1024	1157	0	133	133	1.0000000
NODE_108028_length_2117_cov_3.640733	1681	1814	0	133	133	1.0000000
NODE_108135_length_2115_cov_4.372024	750	883	0	133	133	1.0000000
NODE_108153_length_2115_cov_3.831349	1454	1587	0	133	133	1.0000000
NODE_108187_length_2114_cov_10.755831	600	733	0	133	133	1.0000000
NODE_108281_length_2113_cov_4.057100	104	237	0	133	133	1.0000000
NODE_108297_length_2113_cov_3.734359	1216	1349	0	133	133	1.0000000
NODE_108347_length_2112_cov_4.394436	1352	1485	0	133	133	1.0000000
NODE_10853_length_7189_cov_3.610155	3040	3173	0	29	133	0.2180451
NODE_10853_length_7189_cov_3.610155	3040	3173	2	104	133	0.7819549
NODE_10860_length_7187_cov_4.796699	4722	4855	0	133	133	1.0000000
NODE_10863_length_7186_cov_5.258219	6477	6610	0	133	133	1.0000000
NODE_108723_length_2107_cov_3.751992	1256	1389	0	133	133	1.0000000
NODE_108763_length_2106_cov_5.688092	739	872	2	60	133	0.4511278
NODE_108763_length_2106_cov_5.688092	739	872	3	42	133	0.3157895
NODE_108763_length_2106_cov_5.688092	739	872	4	31	133	0.2330827
NODE_108777_length_2106_cov_4.691081	269	402	0	133	133	1.0000000
NODE_108802_length_2106_cov_3.543597	408	541	0	133	133	1.0000000
NODE_108832_length_2105_cov_4.228315	938	1071	2	8	133	0.0601504
NODE_108832_length_2105_cov_4.228315	938	1071	3	1	133	0.0075188
NODE_108832_length_2105_cov_4.228315	938	1071	4	105	133	0.7894737
NODE_108832_length_2105_cov_4.228315	938	1071	5	17	133	0.1278196
NODE_108832_length_2105_cov_4.228315	938	1071	6	2	133	0.0150376
NODE_108891_length_2104_cov_5.050873	1454	1587	0	133	133	1.0000000
NODE_108959_length_2103_cov_5.187126	234	367	0	133	133	1.0000000
NODE_109044_length_2102_cov_4.824763	249	382	0	133	133	1.0000000
NODE_109051_length_2102_cov_4.485771	655	788	0	133	133	1.0000000
NODE_10910_length_7170_cov_4.881063	4933	5066	0	133	133	1.0000000
NODE_109160_length_2100_cov_5.215392	1462	1595	0	133	133	1.0000000
NODE_109316_length_2098_cov_3.934467	1731	1864	1	28	133	0.2105263
NODE_109316_length_2098_cov_3.934467	1731	1864	2	11	133	0.0827068
NODE_109316_length_2098_cov_3.934467	1731	1864	3	87	133	0.6541353
NODE_109316_length_2098_cov_3.934467	1731	1864	4	7	133	0.0526316
NODE_109325_length_2098_cov_3.602301	40	173	0	133	133	1.0000000
NODE_109378_length_2097_cov_4.114615	1104	1237	0	44	133	0.3308271
NODE_109378_length_2097_cov_4.114615	1104	1237	3	10	133	0.0751880
NODE_109378_length_2097_cov_4.114615	1104	1237	5	48	133	0.3609022
NODE_109378_length_2097_cov_4.114615	1104	1237	8	31	133	0.2330827
NODE_109424_length_2097_cov_2.485485	894	1027	0	133	133	1.0000000
NODE_109473_length_2096_cov_3.602904	448	581	0	133	133	1.0000000
NODE_1094_length_14476_cov_4.403074	7985	8118	0	27	133	0.2030075
NODE_1094_length_14476_cov_4.403074	7985	8118	3	14	133	0.1052632
NODE_1094_length_14476_cov_4.403074	7985	8118	4	23	133	0.1729323
NODE_1094_length_14476_cov_4.403074	7985	8118	5	69	133	0.5187970
NODE_10961_length_7160_cov_3.595525	7018	7151	0	5	133	0.0375940
NODE_10961_length_7160_cov_3.595525	7018	7151	2	128	133	0.9624060
NODE_10962_length_7159_cov_7.817989	5411	5544	1	64	133	0.4812030
NODE_10962_length_7159_cov_7.817989	5411	5544	2	69	133	0.5187970
NODE_10969_length_7158_cov_4.527978	1148	1281	0	133	133	1.0000000
NODE_109784_length_2091_cov_4.986446	124	257	0	133	133	1.0000000
NODE_10984_length_7155_cov_4.141582	5596	5729	0	133	133	1.0000000
NODE_109971_length_2089_cov_3.672864	1431	1564	0	25	133	0.1879699
NODE_109971_length_2089_cov_3.672864	1431	1564	2	108	133	0.8120301
NODE_109_length_24152_cov_4.605496	16095	16228	0	133	133	1.0000000
NODE_110004_length_2088_cov_6.771745	1685	1818	0	8	133	0.0601504
NODE_110004_length_2088_cov_6.771745	1685	1818	1	32	133	0.2406015
NODE_110004_length_2088_cov_6.771745	1685	1818	2	93	133	0.6992481
NODE_110145_length_2086_cov_5.412682	1655	1788	0	133	133	1.0000000
NODE_11016_length_7148_cov_4.696695	5388	5521	0	133	133	1.0000000
NODE_110173_length_2086_cov_3.965274	359	492	0	15	133	0.1127820
NODE_110173_length_2086_cov_3.965274	359	492	2	118	133	0.8872181
NODE_110209_length_2086_cov_2.794665	297	430	0	25	133	0.1879699
NODE_110209_length_2086_cov_2.794665	297	430	1	6	133	0.0451128
NODE_110209_length_2086_cov_2.794665	297	430	2	102	133	0.7669173
NODE_110232_length_2085_cov_4.549849	1027	1160	0	133	133	1.0000000
NODE_1102_length_14464_cov_4.054229	7277	7410	0	133	133	1.0000000
NODE_11035_length_7144_cov_3.750603	6721	6854	0	133	133	1.0000000
NODE_110476_length_2082_cov_4.600101	1070	1203	0	133	133	1.0000000
NODE_110585_length_2081_cov_3.465187	935	1068	0	133	133	1.0000000
NODE_110637_length_2080_cov_4.548713	1042	1175	0	133	133	1.0000000
NODE_110790_length_2078_cov_3.555836	461	594	0	133	133	1.0000000
NODE_110804_length_2078_cov_2.912582	61	194	0	133	133	1.0000000
NODE_110852_length_2077_cov_3.821031	154	287	0	133	133	1.0000000
NODE_11085_length_7129_cov_5.105690	5967	6100	1	62	133	0.4661654
NODE_11085_length_7129_cov_5.105690	5967	6100	2	71	133	0.5338346
NODE_11092_length_7128_cov_4.495234	1890	2023	0	104	133	0.7819549
NODE_11092_length_7128_cov_4.495234	1890	2023	1	29	133	0.2180451
NODE_11093_length_7128_cov_4.238868	3218	3351	2	91	133	0.6842105
NODE_11093_length_7128_cov_4.238868	3218	3351	4	42	133	0.3157895
NODE_110946_length_2076_cov_3.010622	899	1032	0	133	133	1.0000000
NODE_11097_length_7126_cov_4.203074	4125	4258	1	71	133	0.5338346
NODE_11097_length_7126_cov_4.203074	4125	4258	2	62	133	0.4661654
NODE_111105_length_2073_cov_5.317123	833	966	0	133	133	1.0000000
NODE_111246_length_2071_cov_4.882860	910	1043	0	133	133	1.0000000
NODE_111353_length_2070_cov_3.652968	461	594	0	47	133	0.3533835
NODE_111353_length_2070_cov_3.652968	461	594	2	86	133	0.6466165
NODE_111406_length_2069_cov_4.020305	0	133	0	133	133	1.0000000
NODE_111418_length_2069_cov_3.675127	451	584	0	38	133	0.2857143
NODE_111418_length_2069_cov_3.675127	451	584	1	62	133	0.4661654
NODE_111418_length_2069_cov_3.675127	451	584	2	33	133	0.2481203
NODE_11141_length_7116_cov_4.872310	5841	5974	1	51	133	0.3834586
NODE_11141_length_7116_cov_4.872310	5841	5974	2	82	133	0.6165413
NODE_111476_length_2068_cov_4.681056	661	794	0	133	133	1.0000000
NODE_111532_length_2067_cov_4.950203	1357	1490	1	133	133	1.0000000
NODE_11153_length_7114_cov_3.632217	2346	2479	0	133	133	1.0000000
NODE_111573_length_2067_cov_3.205793	1277	1410	0	133	133	1.0000000
NODE_11161_length_7111_cov_6.763833	6563	6696	0	133	133	1.0000000
NODE_111691_length_2065_cov_4.137335	453	586	0	133	133	1.0000000
NODE_11178_length_7107_cov_33.860303	1477	1610	2	25	133	0.1879699
NODE_11178_length_7107_cov_33.860303	1477	1610	4	25	133	0.1879699
NODE_11178_length_7107_cov_33.860303	1477	1610	6	83	133	0.6240602
NODE_11185_length_7106_cov_5.247467	2860	2993	1	11	133	0.0827068
NODE_11185_length_7106_cov_5.247467	2860	2993	2	122	133	0.9172933
NODE_111861_length_2063_cov_2.672607	749	882	1	5	133	0.0375940
NODE_111861_length_2063_cov_2.672607	749	882	2	128	133	0.9624060
NODE_111893_length_2062_cov_4.314824	1451	1584	2	27	133	0.2030075
NODE_111893_length_2062_cov_4.314824	1451	1584	3	1	133	0.0075188
NODE_111893_length_2062_cov_4.314824	1451	1584	7	35	133	0.2631579
NODE_111893_length_2062_cov_4.314824	1451	1584	9	37	133	0.2781955
NODE_111893_length_2062_cov_4.314824	1451	1584	10	33	133	0.2481203
NODE_111924_length_2062_cov_3.379521	894	1027	0	116	133	0.8721805
NODE_111924_length_2062_cov_3.379521	894	1027	2	17	133	0.1278196
NODE_111955_length_2061_cov_5.919980	769	902	0	133	133	1.0000000
NODE_112028_length_2060_cov_4.985212	710	843	4	93	133	0.6992481
NODE_112028_length_2060_cov_4.985212	710	843	5	22	133	0.1654135
NODE_112028_length_2060_cov_4.985212	710	843	6	18	133	0.1353384
NODE_11202_length_7102_cov_3.862345	4368	4501	0	133	133	1.0000000
NODE_11205_length_7101_cov_4.392745	1720	1853	0	133	133	1.0000000
NODE_112103_length_2059_cov_4.865816	808	941	1	104	133	0.7819549
NODE_112103_length_2059_cov_4.865816	808	941	2	29	133	0.2180451
NODE_11210_length_7101_cov_3.601114	3347	3480	0	133	133	1.0000000
NODE_112112_length_2059_cov_4.358673	228	361	0	133	133	1.0000000
NODE_112135_length_2059_cov_3.741327	1872	2005	6	24	133	0.1804511
NODE_112135_length_2059_cov_3.741327	1872	2005	7	7	133	0.0526316
NODE_112135_length_2059_cov_3.741327	1872	2005	9	21	133	0.1578947
NODE_112135_length_2059_cov_3.741327	1872	2005	11	1	133	0.0075188
NODE_112135_length_2059_cov_3.741327	1872	2005	13	1	133	0.0075188
NODE_112135_length_2059_cov_3.741327	1872	2005	14	72	133	0.5413534
NODE_112135_length_2059_cov_3.741327	1872	2005	15	7	133	0.0526316
NODE_112202_length_2058_cov_4.018377	1767	1900	0	133	133	1.0000000
NODE_112243_length_2057_cov_5.306435	484	617	0	133	133	1.0000000
NODE_112283_length_2057_cov_3.424413	749	882	1	6	133	0.0451128
NODE_112283_length_2057_cov_3.424413	749	882	2	127	133	0.9548872
NODE_112308_length_2056_cov_5.672969	155	288	0	133	133	1.0000000
NODE_112426_length_2055_cov_2.621166	36	169	0	133	133	1.0000000
NODE_112452_length_2054_cov_4.334527	646	779	0	82	133	0.6165413
NODE_112452_length_2054_cov_4.334527	646	779	1	51	133	0.3834586
NODE_112566_length_2053_cov_2.985159	1511	1644	0	34	133	0.2556391
NODE_112566_length_2053_cov_2.985159	1511	1644	2	57	133	0.4285714
NODE_112566_length_2053_cov_2.985159	1511	1644	3	29	133	0.2180451
NODE_112566_length_2053_cov_2.985159	1511	1644	4	13	133	0.0977444
NODE_112582_length_2052_cov_5.196621	1312	1445	0	133	133	1.0000000
NODE_112653_length_2051_cov_5.189037	1450	1583	2	82	133	0.6165413
NODE_112653_length_2051_cov_5.189037	1450	1583	3	1	133	0.0075188
NODE_112653_length_2051_cov_5.189037	1450	1583	4	50	133	0.3759398
NODE_112661_length_2051_cov_4.691598	1483	1616	4	26	133	0.1954887
NODE_112661_length_2051_cov_4.691598	1483	1616	6	7	133	0.0526316
NODE_112661_length_2051_cov_4.691598	1483	1616	7	7	133	0.0526316
NODE_112661_length_2051_cov_4.691598	1483	1616	8	67	133	0.5037594
NODE_112661_length_2051_cov_4.691598	1483	1616	9	26	133	0.1954887
NODE_112701_length_2051_cov_3.129611	134	267	2	2	133	0.0150376
NODE_112701_length_2051_cov_3.129611	134	267	3	2	133	0.0150376
NODE_112701_length_2051_cov_3.129611	134	267	5	62	133	0.4661654
NODE_112701_length_2051_cov_3.129611	134	267	6	24	133	0.1804511
NODE_112701_length_2051_cov_3.129611	134	267	7	43	133	0.3233083
NODE_112714_length_2051_cov_2.468238	1278	1411	0	133	133	1.0000000
NODE_11273_length_7082_cov_7.462409	3118	3251	0	133	133	1.0000000
NODE_112829_length_2049_cov_3.765128	568	701	0	3	133	0.0225564
NODE_112829_length_2049_cov_3.765128	568	701	2	95	133	0.7142857
NODE_112829_length_2049_cov_3.765128	568	701	3	1	133	0.0075188
NODE_112829_length_2049_cov_3.765128	568	701	4	34	133	0.2556391
NODE_112884_length_2048_cov_4.371473	1019	1152	0	133	133	1.0000000
NODE_11292_length_7076_cov_5.526157	3923	4056	0	133	133	1.0000000
NODE_113015_length_2046_cov_6.318439	725	858	0	133	133	1.0000000
NODE_113020_length_2046_cov_5.477144	414	547	0	133	133	1.0000000
NODE_113023_length_2046_cov_5.051361	1218	1351	0	133	133	1.0000000
NODE_11302_length_7074_cov_4.614050	5375	5508	0	83	133	0.6240602
NODE_11302_length_7074_cov_4.614050	5375	5508	2	50	133	0.3759398
NODE_11309_length_7073_cov_4.716805	5459	5592	0	12	133	0.0902256
NODE_11309_length_7073_cov_4.716805	5459	5592	2	121	133	0.9097744
NODE_11323_length_7071_cov_5.179862	3786	3919	0	133	133	1.0000000
NODE_1132_length_14374_cov_3.934781	2206	2339	0	133	133	1.0000000
NODE_113338_length_2042_cov_2.374678	272	405	0	133	133	1.0000000
NODE_113377_length_2041_cov_3.722966	905	1038	0	133	133	1.0000000
NODE_11338_length_7067_cov_4.545063	903	1036	0	133	133	1.0000000
NODE_113443_length_2040_cov_3.962391	1407	1540	0	133	133	1.0000000
NODE_11347_length_7065_cov_4.928510	948	1081	0	133	133	1.0000000
NODE_11350_length_7064_cov_4.799569	5932	6065	0	133	133	1.0000000
NODE_1135_length_14366_cov_5.048013	2005	2138	0	133	133	1.0000000
NODE_11361_length_7060_cov_4.815544	2553	2686	2	74	133	0.5563910
NODE_11361_length_7060_cov_4.815544	2553	2686	3	11	133	0.0827068
NODE_11361_length_7060_cov_4.815544	2553	2686	4	48	133	0.3609022
NODE_113682_length_2037_cov_2.520640	872	1005	0	133	133	1.0000000
NODE_1136_length_14360_cov_4.693289	4295	4428	0	28	133	0.2105263
NODE_1136_length_14360_cov_4.693289	4295	4428	2	12	133	0.0902256
NODE_1136_length_14360_cov_4.693289	4295	4428	4	93	133	0.6992481
NODE_113703_length_2036_cov_4.738771	499	632	0	133	133	1.0000000
NODE_113724_length_2036_cov_4.111513	1556	1689	0	133	133	1.0000000
NODE_1138_length_14350_cov_5.003438	14164	14297	0	53	133	0.3984962
NODE_1138_length_14350_cov_5.003438	14164	14297	1	80	133	0.6015037
NODE_11404_length_7048_cov_6.486833	2887	3020	0	133	133	1.0000000
NODE_114055_length_2032_cov_3.286601	817	950	0	133	133	1.0000000
NODE_114144_length_2031_cov_3.563147	1014	1147	0	133	133	1.0000000
NODE_11423_length_7045_cov_3.539735	419	552	0	133	133	1.0000000
NODE_11433_length_7042_cov_4.771857	3978	4111	0	133	133	1.0000000
NODE_114359_length_2028_cov_3.857439	304	437	0	133	133	1.0000000
NODE_114376_length_2028_cov_3.396060	1371	1504	0	133	133	1.0000000
NODE_114400_length_2027_cov_5.290975	1786	1919	0	133	133	1.0000000
NODE_114445_length_2027_cov_2.931017	835	968	0	126	133	0.9473684
NODE_114445_length_2027_cov_2.931017	835	968	1	7	133	0.0526316
NODE_114456_length_2027_cov_2.414938	577	710	0	133	133	1.0000000
NODE_114483_length_2026_cov_4.242346	1070	1203	0	133	133	1.0000000
NODE_11457_length_7036_cov_4.255154	441	574	2	122	133	0.9172933
NODE_11457_length_7036_cov_4.255154	441	574	4	11	133	0.0827068
NODE_114641_length_2024_cov_3.558961	814	947	0	133	133	1.0000000
NODE_114672_length_2023_cov_5.940748	52	185	0	21	133	0.1578947
NODE_114672_length_2023_cov_5.940748	52	185	1	112	133	0.8421053
NODE_114679_length_2023_cov_5.116944	1034	1167	0	133	133	1.0000000
NODE_114705_length_2023_cov_4.018711	1277	1410	0	133	133	1.0000000
NODE_11472_length_7033_cov_4.107874	6117	6250	0	133	133	1.0000000
NODE_114791_length_2022_cov_3.393656	1010	1143	0	133	133	1.0000000
NODE_114837_length_2021_cov_4.580125	1797	1930	0	133	133	1.0000000
NODE_114844_length_2021_cov_4.233091	272	405	3	127	133	0.9548872
NODE_114844_length_2021_cov_4.233091	272	405	6	6	133	0.0451128
NODE_11485_length_7029_cov_4.785426	612	745	0	133	133	1.0000000
NODE_11487_length_7029_cov_4.399278	4878	5011	0	133	133	1.0000000
NODE_114972_length_2019_cov_4.342708	1121	1254	0	133	133	1.0000000
NODE_114984_length_2019_cov_3.874479	1005	1138	0	133	133	1.0000000
NODE_114_length_23863_cov_4.603939	6443	6576	0	133	133	1.0000000
NODE_115033_length_2018_cov_5.112038	1795	1928	0	133	133	1.0000000
NODE_115114_length_2017_cov_4.397810	1763	1896	0	133	133	1.0000000
NODE_115168_length_2017_cov_2.702294	1386	1519	0	133	133	1.0000000
NODE_115197_length_2016_cov_4.362024	901	1034	0	133	133	1.0000000
NODE_115219_length_2016_cov_3.572770	1411	1544	0	133	133	1.0000000
NODE_115268_length_2015_cov_4.457203	311	444	0	73	133	0.5488722
NODE_115268_length_2015_cov_4.457203	311	444	4	60	133	0.4511278
NODE_115280_length_2015_cov_3.998956	45	178	0	133	133	1.0000000
NODE_11528_length_7020_cov_3.334345	3111	3244	0	44	133	0.3308271
NODE_11528_length_7020_cov_3.334345	3111	3244	1	19	133	0.1428571
NODE_11528_length_7020_cov_3.334345	3111	3244	2	70	133	0.5263158
NODE_115304_length_2015_cov_3.283925	233	366	0	133	133	1.0000000
NODE_11530_length_7018_cov_6.880040	686	819	0	2	133	0.0150376
NODE_11530_length_7018_cov_6.880040	686	819	1	6	133	0.0451128
NODE_11530_length_7018_cov_6.880040	686	819	2	15	133	0.1127820
NODE_11530_length_7018_cov_6.880040	686	819	3	17	133	0.1278196
NODE_11530_length_7018_cov_6.880040	686	819	4	93	133	0.6992481
NODE_115324_length_2014_cov_5.766580	673	806	0	61	133	0.4586466
NODE_115324_length_2014_cov_5.766580	673	806	4	72	133	0.5413534
NODE_11536_length_7017_cov_4.075022	3114	3247	0	28	133	0.2105263
NODE_11536_length_7017_cov_4.075022	3114	3247	1	105	133	0.7894737
NODE_11538_length_7017_cov_3.308326	5993	6126	0	133	133	1.0000000
NODE_1153_length_14299_cov_4.423521	4459	4592	0	133	133	1.0000000
NODE_1154_length_14299_cov_3.801901	6402	6535	0	26	133	0.1954887
NODE_1154_length_14299_cov_3.801901	6402	6535	1	11	133	0.0827068
NODE_1154_length_14299_cov_3.801901	6402	6535	2	96	133	0.7218045
NODE_115502_length_2012_cov_3.430214	238	371	0	24	133	0.1804511
NODE_115502_length_2012_cov_3.430214	238	371	1	109	133	0.8195488
NODE_115553_length_2011_cov_4.172594	1709	1842	3	93	133	0.6992481
NODE_115553_length_2011_cov_4.172594	1709	1842	6	40	133	0.3007519
NODE_115556_length_2011_cov_4.093619	141	274	0	133	133	1.0000000
NODE_115566_length_2011_cov_3.810669	543	676	0	133	133	1.0000000
NODE_11560_length_7012_cov_3.680023	1161	1294	0	133	133	1.0000000
NODE_11567_length_7010_cov_5.164376	4113	4246	0	10	133	0.0751880
NODE_11567_length_7010_cov_5.164376	4113	4246	2	123	133	0.9248120
NODE_11568_length_7010_cov_4.975980	4823	4956	0	133	133	1.0000000
NODE_1157_length_14286_cov_9.731021	12929	13062	1	12	133	0.0902256
NODE_1157_length_14286_cov_9.731021	12929	13062	2	121	133	0.9097744
NODE_11580_length_7006_cov_5.382366	4139	4272	0	133	133	1.0000000
NODE_115818_length_2008_cov_3.541121	1503	1636	0	133	133	1.0000000
NODE_115868_length_2007_cov_4.534591	1715	1848	0	38	133	0.2857143
NODE_115868_length_2007_cov_4.534591	1715	1848	1	21	133	0.1578947
NODE_115868_length_2007_cov_4.534591	1715	1848	3	2	133	0.0150376
NODE_115868_length_2007_cov_4.534591	1715	1848	5	3	133	0.0225564
NODE_115868_length_2007_cov_4.534591	1715	1848	6	69	133	0.5187970
NODE_115907_length_2007_cov_3.011530	1831	1964	0	54	133	0.4060150
NODE_115907_length_2007_cov_3.011530	1831	1964	2	79	133	0.5939850
NODE_11594_length_7003_cov_3.796060	5742	5875	0	133	133	1.0000000
NODE_115977_length_2006_cov_3.716308	260	393	0	133	133	1.0000000
NODE_115986_length_2006_cov_3.479811	1011	1144	0	133	133	1.0000000
NODE_115_length_23833_cov_4.252086	9927	10060	1	67	133	0.5037594
NODE_115_length_23833_cov_4.252086	9927	10060	2	66	133	0.4962406
NODE_116000_length_2006_cov_3.110121	350	483	0	25	133	0.1879699
NODE_116000_length_2006_cov_3.110121	350	483	1	108	133	0.8120301
NODE_11620_length_6997_cov_5.368078	6763	6896	0	133	133	1.0000000
NODE_116235_length_2002_cov_5.137677	1355	1488	0	133	133	1.0000000
NODE_116243_length_2002_cov_4.358907	1637	1770	1	33	133	0.2481203
NODE_116243_length_2002_cov_4.358907	1637	1770	2	100	133	0.7518797
NODE_11630_length_6996_cov_3.845875	4202	4335	0	59	133	0.4436090
NODE_11630_length_6996_cov_3.845875	4202	4335	1	41	133	0.3082707
NODE_11630_length_6996_cov_3.845875	4202	4335	2	33	133	0.2481203
NODE_11639_length_6994_cov_4.846265	1287	1420	1	54	133	0.4060150
NODE_11639_length_6994_cov_4.846265	1287	1420	2	79	133	0.5939850
NODE_11645_length_6993_cov_4.682042	5405	5538	1	28	133	0.2105263
NODE_11645_length_6993_cov_4.682042	5405	5538	2	56	133	0.4210526
NODE_11645_length_6993_cov_4.682042	5405	5538	3	49	133	0.3684210
NODE_116477_length_1999_cov_3.720000	740	873	0	9	133	0.0676692
NODE_116477_length_1999_cov_3.720000	740	873	1	35	133	0.2631579
NODE_116477_length_1999_cov_3.720000	740	873	2	6	133	0.0451128
NODE_116477_length_1999_cov_3.720000	740	873	3	48	133	0.3609022
NODE_116477_length_1999_cov_3.720000	740	873	4	35	133	0.2631579
NODE_116480_length_1999_cov_3.623684	579	712	0	133	133	1.0000000
NODE_116574_length_1998_cov_3.193260	278	411	0	133	133	1.0000000
NODE_11660_length_6989_cov_6.193759	3466	3599	0	41	133	0.3082707
NODE_11660_length_6989_cov_6.193759	3466	3599	1	48	133	0.3609022
NODE_11660_length_6989_cov_6.193759	3466	3599	2	44	133	0.3308271
NODE_116660_length_1996_cov_4.810227	1804	1937	0	133	133	1.0000000
NODE_116708_length_1996_cov_3.520295	1373	1506	0	133	133	1.0000000
NODE_116729_length_1996_cov_2.814444	1646	1779	0	133	133	1.0000000
NODE_116756_length_1995_cov_4.738924	425	558	3	85	133	0.6390978
NODE_116756_length_1995_cov_4.738924	425	558	4	48	133	0.3609022
NODE_11680_length_6986_cov_4.124147	1980	2113	0	133	133	1.0000000
NODE_116824_length_1994_cov_5.517678	1054	1187	0	133	133	1.0000000
NODE_116841_length_1994_cov_4.680739	823	956	0	133	133	1.0000000
NODE_116940_length_1993_cov_3.911827	1711	1844	0	133	133	1.0000000
NODE_117053_length_1992_cov_2.398310	561	694	0	133	133	1.0000000
NODE_11714_length_6977_cov_5.266938	6261	6394	0	133	133	1.0000000
NODE_117159_length_1990_cov_4.216816	933	1066	0	133	133	1.0000000
NODE_117214_length_1989_cov_5.019048	259	392	0	133	133	1.0000000
NODE_11721_length_6976_cov_4.428821	6467	6600	0	133	133	1.0000000
NODE_117264_length_1988_cov_6.194283	1095	1228	0	25	133	0.1879699
NODE_117264_length_1988_cov_6.194283	1095	1228	1	108	133	0.8120301
NODE_11728_length_6975_cov_4.833770	2030	2163	0	65	133	0.4887218
NODE_11728_length_6975_cov_4.833770	2030	2163	2	68	133	0.5112782
NODE_11736_length_6973_cov_10.189409	6707	6840	0	133	133	1.0000000
NODE_1173_length_14256_cov_4.750724	5990	6123	0	133	133	1.0000000
NODE_11745_length_6971_cov_4.315483	6425	6558	0	133	133	1.0000000
NODE_117506_length_1985_cov_3.569459	1129	1262	0	133	133	1.0000000
NODE_11750_length_6970_cov_3.609809	2352	2485	0	133	133	1.0000000
NODE_117544_length_1984_cov_4.328382	1534	1667	0	133	133	1.0000000
NODE_117603_length_1983_cov_8.363057	734	867	0	133	133	1.0000000
NODE_11765_length_6966_cov_4.182612	4601	4734	0	133	133	1.0000000
NODE_117704_length_1982_cov_4.582050	800	933	0	17	133	0.1278196
NODE_117704_length_1982_cov_4.582050	800	933	1	16	133	0.1203008
NODE_117704_length_1982_cov_4.582050	800	933	2	100	133	0.7518797
NODE_117745_length_1982_cov_3.351036	410	543	0	133	133	1.0000000
NODE_11778_length_6964_cov_3.356737	558	691	0	133	133	1.0000000
NODE_117828_length_1981_cov_3.362912	1775	1908	0	133	133	1.0000000
NODE_11784_length_6961_cov_3.852958	4602	4735	0	133	133	1.0000000
NODE_11786_length_6960_cov_5.246757	1020	1153	0	31	133	0.2330827
NODE_11786_length_6960_cov_5.246757	1020	1153	1	23	133	0.1729323
NODE_11786_length_6960_cov_5.246757	1020	1153	2	79	133	0.5939850
NODE_117914_length_1980_cov_3.523126	1354	1487	0	133	133	1.0000000
NODE_117929_length_1980_cov_3.062201	1730	1863	1	10	133	0.0751880
NODE_117929_length_1980_cov_3.062201	1730	1863	2	1	133	0.0075188
NODE_117929_length_1980_cov_3.062201	1730	1863	4	60	133	0.4511278
NODE_117929_length_1980_cov_3.062201	1730	1863	5	62	133	0.4661654
NODE_117931_length_1980_cov_2.916002	104	237	0	133	133	1.0000000
NODE_117943_length_1979_cov_5.542553	337	470	0	60	133	0.4511278
NODE_117943_length_1979_cov_5.542553	337	470	1	40	133	0.3007519
NODE_117943_length_1979_cov_5.542553	337	470	2	33	133	0.2481203
NODE_118052_length_1978_cov_3.796700	1690	1823	0	133	133	1.0000000
NODE_118180_length_1976_cov_4.906766	1749	1882	0	133	133	1.0000000
NODE_118182_length_1976_cov_4.807672	319	452	0	79	133	0.5939850
NODE_118182_length_1976_cov_4.807672	319	452	2	54	133	0.4060150
NODE_118199_length_1976_cov_4.140650	1316	1449	0	133	133	1.0000000
NODE_1181_length_14235_cov_3.222977	5101	5234	4	48	133	0.3609022
NODE_1181_length_14235_cov_3.222977	5101	5234	6	84	133	0.6315789
NODE_1181_length_14235_cov_3.222977	5101	5234	8	1	133	0.0075188
NODE_118292_length_1975_cov_3.115139	1611	1744	0	133	133	1.0000000
NODE_1182_length_14230_cov_15.171679	8537	8670	0	133	133	1.0000000
NODE_118314_length_1974_cov_5.220800	1599	1732	1	109	133	0.8195488
NODE_118314_length_1974_cov_5.220800	1599	1732	2	24	133	0.1804511
NODE_118319_length_1974_cov_4.941333	1508	1641	0	133	133	1.0000000
NODE_118353_length_1974_cov_3.697067	309	442	0	19	133	0.1428571
NODE_118353_length_1974_cov_3.697067	309	442	2	18	133	0.1353384
NODE_118353_length_1974_cov_3.697067	309	442	6	96	133	0.7218045
NODE_118395_length_1973_cov_6.678228	302	435	1	27	133	0.2030075
NODE_118395_length_1973_cov_6.678228	302	435	2	47	133	0.3533835
NODE_118395_length_1973_cov_6.678228	302	435	3	49	133	0.3684210
NODE_118395_length_1973_cov_6.678228	302	435	4	10	133	0.0751880
NODE_11840_length_6946_cov_4.947860	895	1028	0	133	133	1.0000000
NODE_118419_length_1973_cov_3.939168	1380	1513	2	49	133	0.3684210
NODE_118419_length_1973_cov_3.939168	1380	1513	3	47	133	0.3533835
NODE_118419_length_1973_cov_3.939168	1380	1513	4	37	133	0.2781955
NODE_118489_length_1972_cov_4.140950	441	574	0	117	133	0.8796992
NODE_118489_length_1972_cov_4.140950	441	574	1	16	133	0.1203008
NODE_1184_length_14222_cov_4.384621	8199	8332	0	133	133	1.0000000
NODE_1185_length_14221_cov_4.604376	4350	4483	0	133	133	1.0000000
NODE_11863_length_6942_cov_4.943592	3377	3510	0	133	133	1.0000000
NODE_118708_length_1969_cov_4.512834	232	365	0	52	133	0.3909774
NODE_118708_length_1969_cov_4.512834	232	365	1	17	133	0.1278196
NODE_118708_length_1969_cov_4.512834	232	365	2	64	133	0.4812030
NODE_11873_length_6940_cov_4.233592	1800	1933	0	133	133	1.0000000
NODE_11876_length_6940_cov_3.588218	1381	1514	0	133	133	1.0000000
NODE_11880_length_6939_cov_3.947222	607	740	0	73	133	0.5488722
NODE_11880_length_6939_cov_3.947222	607	740	1	9	133	0.0676692
NODE_11880_length_6939_cov_3.947222	607	740	2	51	133	0.3834586
NODE_118815_length_1968_cov_3.623328	500	633	0	133	133	1.0000000
NODE_118894_length_1967_cov_3.611884	629	762	0	133	133	1.0000000
NODE_118900_length_1967_cov_3.376338	1577	1710	0	133	133	1.0000000
NODE_11890_length_6937_cov_4.158965	1046	1179	1	34	133	0.2556391
NODE_11890_length_6937_cov_4.158965	1046	1179	2	99	133	0.7443609
NODE_119022_length_1965_cov_4.090032	1308	1441	0	133	133	1.0000000
NODE_11902_length_6934_cov_11.582443	2485	2618	0	133	133	1.0000000
NODE_119039_length_1965_cov_3.600750	185	318	0	133	133	1.0000000
NODE_11903_length_6934_cov_9.616971	2962	3095	2	13	133	0.0977444
NODE_11903_length_6934_cov_9.616971	2962	3095	4	53	133	0.3984962
NODE_11903_length_6934_cov_9.616971	2962	3095	6	67	133	0.5037594
NODE_119044_length_1965_cov_3.487674	1510	1643	0	133	133	1.0000000
NODE_119096_length_1964_cov_4.184987	365	498	0	7	133	0.0526316
NODE_119096_length_1964_cov_4.184987	365	498	1	17	133	0.1278196
NODE_119096_length_1964_cov_4.184987	365	498	2	109	133	0.8195488
NODE_119165_length_1963_cov_4.234442	1421	1554	0	133	133	1.0000000
NODE_11924_length_6929_cov_4.808638	5476	5609	0	133	133	1.0000000
NODE_11927_length_6929_cov_3.925476	3457	3590	0	133	133	1.0000000
NODE_119312_length_1961_cov_4.476907	147	280	0	133	133	1.0000000
NODE_119348_length_1961_cov_3.561224	358	491	0	133	133	1.0000000
NODE_119396_length_1960_cov_4.141859	1401	1534	0	133	133	1.0000000
NODE_119456_length_1959_cov_4.713978	1035	1168	1	119	133	0.8947368
NODE_119456_length_1959_cov_4.713978	1035	1168	2	14	133	0.1052632
NODE_119533_length_1958_cov_4.775148	594	727	0	133	133	1.0000000
NODE_119554_length_1958_cov_4.237224	693	826	4	7	133	0.0526316
NODE_119554_length_1958_cov_4.237224	693	826	6	17	133	0.1278196
NODE_119554_length_1958_cov_4.237224	693	826	7	41	133	0.3082707
NODE_119554_length_1958_cov_4.237224	693	826	8	33	133	0.2481203
NODE_119554_length_1958_cov_4.237224	693	826	10	35	133	0.2631579
NODE_11956_length_6924_cov_3.292747	1866	1999	0	133	133	1.0000000
NODE_11957_length_6924_cov_3.134359	5426	5559	0	133	133	1.0000000
NODE_11959_length_6923_cov_4.418962	1489	1622	2	81	133	0.6090226
NODE_11959_length_6923_cov_4.418962	1489	1622	4	52	133	0.3909774
NODE_1196_length_14201_cov_4.483619	12099	12232	0	133	133	1.0000000
NODE_119758_length_1956_cov_4.235864	893	1026	0	59	133	0.4436090
NODE_119758_length_1956_cov_4.235864	893	1026	2	1	133	0.0075188
NODE_119758_length_1956_cov_4.235864	893	1026	3	18	133	0.1353384
NODE_119758_length_1956_cov_4.235864	893	1026	4	55	133	0.4135338
NODE_119830_length_1955_cov_4.212823	43	176	0	133	133	1.0000000
NODE_119849_length_1955_cov_3.515086	1560	1693	0	133	133	1.0000000
NODE_11994_length_6916_cov_8.452105	4063	4196	0	82	133	0.6165413
NODE_11994_length_6916_cov_8.452105	4063	4196	2	51	133	0.3834586
NODE_11998_length_6915_cov_5.147594	1780	1913	0	133	133	1.0000000
NODE_120048_length_1952_cov_5.465192	1426	1559	2	40	133	0.3007519
NODE_120048_length_1952_cov_5.465192	1426	1559	3	22	133	0.1654135
NODE_120048_length_1952_cov_5.465192	1426	1559	4	71	133	0.5338346
NODE_12004_length_6914_cov_4.062949	6620	6753	0	57	133	0.4285714
NODE_12004_length_6914_cov_4.062949	6620	6753	1	76	133	0.5714286
NODE_120070_length_1952_cov_4.276848	223	356	0	44	133	0.3308271
NODE_120070_length_1952_cov_4.276848	223	356	2	89	133	0.6691729
NODE_120078_length_1952_cov_3.902860	1567	1700	0	133	133	1.0000000
NODE_120126_length_1951_cov_5.035637	770	903	0	133	133	1.0000000
NODE_120193_length_1951_cov_3.150648	594	727	0	32	133	0.2406015
NODE_120193_length_1951_cov_3.150648	594	727	1	101	133	0.7593985
NODE_12019_length_6911_cov_4.230329	1234	1367	0	12	133	0.0902256
NODE_12019_length_6911_cov_4.230329	1234	1367	1	108	133	0.8120301
NODE_12019_length_6911_cov_4.230329	1234	1367	2	13	133	0.0977444
NODE_120295_length_1949_cov_5.103243	1161	1294	0	133	133	1.0000000
NODE_120304_length_1949_cov_4.795676	803	936	0	126	133	0.9473684
NODE_120304_length_1949_cov_4.795676	803	936	4	7	133	0.0526316
NODE_120354_length_1949_cov_2.878378	117	250	0	35	133	0.2631579
NODE_120354_length_1949_cov_2.878378	117	250	1	98	133	0.7368421
NODE_12035_length_6906_cov_28.169238	682	815	0	31	133	0.2330827
NODE_12035_length_6906_cov_28.169238	682	815	1	13	133	0.0977444
NODE_12035_length_6906_cov_28.169238	682	815	2	89	133	0.6691729
NODE_12036_length_6906_cov_4.549287	4609	4742	0	11	133	0.0827068
NODE_12036_length_6906_cov_4.549287	4609	4742	1	122	133	0.9172933
NODE_120433_length_1948_cov_2.023797	211	344	0	43	133	0.3233083
NODE_120433_length_1948_cov_2.023797	211	344	2	90	133	0.6766917
NODE_120457_length_1947_cov_4.303030	547	680	0	66	133	0.4962406
NODE_120457_length_1947_cov_4.303030	547	680	2	67	133	0.5037594
NODE_120491_length_1947_cov_3.257035	613	746	0	40	133	0.3007519
NODE_120491_length_1947_cov_3.257035	613	746	2	93	133	0.6992481
NODE_120551_length_1946_cov_3.723335	1009	1142	0	133	133	1.0000000
NODE_120660_length_1944_cov_5.143631	1018	1151	0	64	133	0.4812030
NODE_120660_length_1944_cov_5.143631	1018	1151	2	69	133	0.5187970
NODE_12076_length_6895_cov_5.070630	3395	3528	0	133	133	1.0000000
NODE_120824_length_1942_cov_5.009224	0	133	0	133	133	1.0000000
NODE_12082_length_6894_cov_5.201177	128	261	0	133	133	1.0000000
NODE_120903_length_1941_cov_4.248643	607	740	0	41	133	0.3082707
NODE_120903_length_1941_cov_4.248643	607	740	1	92	133	0.6917293
NODE_121095_length_1939_cov_3.594565	462	595	1	14	133	0.1052632
NODE_121095_length_1939_cov_3.594565	462	595	2	6	133	0.0451128
NODE_121095_length_1939_cov_3.594565	462	595	3	60	133	0.4511278
NODE_121095_length_1939_cov_3.594565	462	595	4	53	133	0.3984962
NODE_121144_length_1938_cov_4.853181	1296	1429	0	10	133	0.0751880
NODE_121144_length_1938_cov_4.853181	1296	1429	1	35	133	0.2631579
NODE_121144_length_1938_cov_4.853181	1296	1429	2	88	133	0.6616541
NODE_121195_length_1938_cov_3.013594	1160	1293	2	8	133	0.0601504
NODE_121195_length_1938_cov_3.013594	1160	1293	3	3	133	0.0225564
NODE_121195_length_1938_cov_3.013594	1160	1293	4	122	133	0.9172933
NODE_121204_length_1938_cov_2.804241	1045	1178	0	48	133	0.3609022
NODE_121204_length_1938_cov_2.804241	1045	1178	4	85	133	0.6390978
NODE_12124_length_6885_cov_4.351606	4390	4523	0	133	133	1.0000000
NODE_121369_length_1935_cov_5.265795	1299	1432	0	71	133	0.5338346
NODE_121369_length_1935_cov_5.265795	1299	1432	1	23	133	0.1729323
NODE_121369_length_1935_cov_5.265795	1299	1432	2	36	133	0.2706767
NODE_121369_length_1935_cov_5.265795	1299	1432	6	3	133	0.0225564
NODE_121378_length_1935_cov_4.599129	1023	1156	0	133	133	1.0000000
NODE_121383_length_1935_cov_4.489651	1042	1175	0	133	133	1.0000000
NODE_121408_length_1935_cov_3.779412	1744	1877	0	6	133	0.0451128
NODE_121408_length_1935_cov_3.779412	1744	1877	2	1	133	0.0075188
NODE_121408_length_1935_cov_3.779412	1744	1877	3	126	133	0.9473684
NODE_121482_length_1934_cov_3.809264	644	777	0	13	133	0.0977444
NODE_121482_length_1934_cov_3.809264	644	777	2	120	133	0.9022557
NODE_12149_length_6879_cov_4.434366	3886	4019	0	133	133	1.0000000
NODE_121648_length_1932_cov_3.984724	1124	1257	0	133	133	1.0000000
NODE_12172_length_6873_cov_6.772365	4320	4453	0	133	133	1.0000000
NODE_121746_length_1931_cov_2.649563	172	305	3	12	133	0.0902256
NODE_121746_length_1931_cov_2.649563	172	305	5	7	133	0.0526316
NODE_121746_length_1931_cov_2.649563	172	305	9	95	133	0.7142857
NODE_121746_length_1931_cov_2.649563	172	305	10	15	133	0.1127820
NODE_121746_length_1931_cov_2.649563	172	305	13	4	133	0.0300752
NODE_12175_length_6871_cov_20.441524	1731	1864	0	32	133	0.2406015
NODE_12175_length_6871_cov_20.441524	1731	1864	1	1	133	0.0075188
NODE_12175_length_6871_cov_20.441524	1731	1864	2	100	133	0.7518797
NODE_121801_length_1930_cov_3.677226	1728	1861	0	133	133	1.0000000
NODE_12182_length_6870_cov_4.309260	2729	2862	0	133	133	1.0000000
NODE_121837_length_1929_cov_5.544262	863	996	0	133	133	1.0000000
NODE_12199_length_6866_cov_4.487956	5285	5418	0	17	133	0.1278196
NODE_12199_length_6866_cov_4.487956	5285	5418	4	116	133	0.8721805
NODE_12214_length_6862_cov_4.316428	777	910	0	133	133	1.0000000
NODE_122200_length_1925_cov_3.424973	1047	1180	0	133	133	1.0000000
NODE_122251_length_1924_cov_4.455342	1289	1422	2	14	133	0.1052632
NODE_122251_length_1924_cov_4.455342	1289	1422	5	59	133	0.4436090
NODE_122251_length_1924_cov_4.455342	1289	1422	6	60	133	0.4511278
NODE_122360_length_1923_cov_3.252193	340	473	0	2	133	0.0150376
NODE_122360_length_1923_cov_3.252193	340	473	2	131	133	0.9849624
NODE_122450_length_1922_cov_2.463522	44	177	0	133	133	1.0000000
NODE_122550_length_1920_cov_4.607908	1057	1190	0	2	133	0.0150376
NODE_122550_length_1920_cov_4.607908	1057	1190	1	131	133	0.9849624
NODE_122588_length_1920_cov_3.478309	945	1078	0	133	133	1.0000000
NODE_122765_length_1918_cov_3.776251	1396	1529	0	133	133	1.0000000
NODE_12278_length_6847_cov_3.614404	4599	4732	0	133	133	1.0000000
NODE_122911_length_1916_cov_4.346725	1284	1417	0	133	133	1.0000000
NODE_122994_length_1915_cov_3.723018	752	885	0	133	133	1.0000000
NODE_123011_length_1915_cov_3.187225	186	319	0	133	133	1.0000000
NODE_123047_length_1914_cov_4.564187	1130	1263	0	133	133	1.0000000
NODE_12306_length_6840_cov_4.349058	5885	6018	0	133	133	1.0000000
NODE_12320_length_6837_cov_3.884535	3135	3268	0	11	133	0.0827068
NODE_12320_length_6837_cov_3.884535	3135	3268	4	122	133	0.9172933
NODE_123290_length_1911_cov_4.874172	1412	1545	1	5	133	0.0375940
NODE_123290_length_1911_cov_4.874172	1412	1545	2	41	133	0.3082707
NODE_123290_length_1911_cov_4.874172	1412	1545	3	16	133	0.1203008
NODE_123290_length_1911_cov_4.874172	1412	1545	4	9	133	0.0676692
NODE_123290_length_1911_cov_4.874172	1412	1545	6	1	133	0.0075188
NODE_123290_length_1911_cov_4.874172	1412	1545	7	61	133	0.4586466
NODE_123327_length_1911_cov_3.645143	267	400	1	8	133	0.0601504
NODE_123327_length_1911_cov_3.645143	267	400	2	39	133	0.2932331
NODE_123327_length_1911_cov_3.645143	267	400	3	31	133	0.2330827
NODE_123327_length_1911_cov_3.645143	267	400	4	55	133	0.4135338
NODE_1233_length_14096_cov_3.872401	7644	7777	0	133	133	1.0000000
NODE_123418_length_1910_cov_3.215351	150	283	0	133	133	1.0000000
NODE_123459_length_1909_cov_4.318232	360	493	0	133	133	1.0000000
NODE_12346_length_6831_cov_4.302288	904	1037	0	133	133	1.0000000
NODE_123482_length_1909_cov_3.664641	1191	1324	0	117	133	0.8796992
NODE_123482_length_1909_cov_3.664641	1191	1324	2	16	133	0.1203008
NODE_123505_length_1909_cov_2.837569	775	908	1	43	133	0.3233083
NODE_123505_length_1909_cov_2.837569	775	908	2	90	133	0.6766917
NODE_123543_length_1908_cov_4.176893	1049	1182	0	133	133	1.0000000
NODE_12356_length_6829_cov_3.286478	3074	3207	0	133	133	1.0000000
NODE_123582_length_1908_cov_2.951907	40	173	1	121	133	0.9097744
NODE_123582_length_1908_cov_2.951907	40	173	2	12	133	0.0902256
NODE_12362_length_6827_cov_4.308859	6161	6294	0	133	133	1.0000000
NODE_123632_length_1907_cov_3.962942	0	133	0	133	133	1.0000000
NODE_123673_length_1906_cov_5.937465	1038	1171	0	133	133	1.0000000
NODE_123674_length_1906_cov_5.612064	1067	1200	0	89	133	0.6691729
NODE_123674_length_1906_cov_5.612064	1067	1200	2	44	133	0.3308271
NODE_123677_length_1906_cov_5.308246	469	602	3	72	133	0.5413534
NODE_123677_length_1906_cov_5.308246	469	602	5	1	133	0.0075188
NODE_123677_length_1906_cov_5.308246	469	602	6	60	133	0.4511278
NODE_123711_length_1906_cov_4.154953	1379	1512	0	64	133	0.4812030
NODE_123711_length_1906_cov_4.154953	1379	1512	3	69	133	0.5187970
NODE_123729_length_1906_cov_3.737133	760	893	0	133	133	1.0000000
NODE_12378_length_6824_cov_3.811450	1783	1916	0	133	133	1.0000000
NODE_123806_length_1905_cov_4.012735	1194	1327	3	47	133	0.3533835
NODE_123806_length_1905_cov_4.012735	1194	1327	5	25	133	0.1879699
NODE_123806_length_1905_cov_4.012735	1194	1327	6	61	133	0.4586466
NODE_123861_length_1905_cov_2.393134	141	274	0	133	133	1.0000000
NODE_123981_length_1903_cov_4.307650	1597	1730	0	133	133	1.0000000
NODE_12402_length_6816_cov_4.537591	1782	1915	0	1	133	0.0075188
NODE_12402_length_6816_cov_4.537591	1782	1915	2	132	133	0.9924812
NODE_12409_length_6814_cov_8.715860	4760	4893	3	38	133	0.2857143
NODE_12409_length_6814_cov_8.715860	4760	4893	5	2	133	0.0150376
NODE_12409_length_6814_cov_8.715860	4760	4893	6	93	133	0.6992481
NODE_124200_length_1900_cov_6.038312	1385	1518	0	133	133	1.0000000
NODE_124212_length_1900_cov_4.826763	1033	1166	0	133	133	1.0000000
NODE_124214_length_1900_cov_4.783454	642	775	1	34	133	0.2556391
NODE_124214_length_1900_cov_4.783454	642	775	2	17	133	0.1278196
NODE_124214_length_1900_cov_4.783454	642	775	4	15	133	0.1127820
NODE_124214_length_1900_cov_4.783454	642	775	5	67	133	0.5037594
NODE_124218_length_1900_cov_4.747363	658	791	0	133	133	1.0000000
NODE_124244_length_1900_cov_3.571349	520	653	0	133	133	1.0000000
NODE_124246_length_1900_cov_3.483065	792	925	0	133	133	1.0000000
NODE_12430_length_6810_cov_4.431232	5250	5383	0	133	133	1.0000000
NODE_124349_length_1899_cov_2.958333	1499	1632	3	19	133	0.1428571
NODE_124349_length_1899_cov_2.958333	1499	1632	4	3	133	0.0225564
NODE_124349_length_1899_cov_2.958333	1499	1632	5	13	133	0.0977444
NODE_124349_length_1899_cov_2.958333	1499	1632	6	98	133	0.7368421
NODE_1244_length_14061_cov_25.110156	8256	8389	0	133	133	1.0000000
NODE_124658_length_1895_cov_4.204900	939	1072	0	29	133	0.2180451
NODE_124658_length_1895_cov_4.204900	939	1072	2	76	133	0.5714286
NODE_124658_length_1895_cov_4.204900	939	1072	3	1	133	0.0075188
NODE_124658_length_1895_cov_4.204900	939	1072	4	27	133	0.2030075
NODE_124728_length_1894_cov_4.427855	571	704	0	133	133	1.0000000
NODE_124804_length_1893_cov_4.275362	1695	1828	0	133	133	1.0000000
NODE_12486_length_6796_cov_4.420039	2334	2467	0	133	133	1.0000000
NODE_124875_length_1892_cov_4.740658	1720	1853	0	133	133	1.0000000
NODE_124896_length_1892_cov_3.741216	260	393	0	13	133	0.0977444
NODE_124896_length_1892_cov_3.741216	260	393	3	82	133	0.6165413
NODE_124896_length_1892_cov_3.741216	260	393	6	38	133	0.2857143
NODE_124912_length_1892_cov_3.295594	438	571	0	133	133	1.0000000
NODE_12502_length_6793_cov_3.993278	3293	3426	0	133	133	1.0000000
NODE_125041_length_1890_cov_5.080960	326	459	0	27	133	0.2030075
NODE_125041_length_1890_cov_5.080960	326	459	1	21	133	0.1578947
NODE_125041_length_1890_cov_5.080960	326	459	2	85	133	0.6390978
NODE_125075_length_1890_cov_3.488554	1003	1136	0	133	133	1.0000000
NODE_1250_length_14040_cov_4.806685	7756	7889	0	38	133	0.2857143
NODE_1250_length_14040_cov_4.806685	7756	7889	1	3	133	0.0225564
NODE_1250_length_14040_cov_4.806685	7756	7889	2	13	133	0.0977444
NODE_1250_length_14040_cov_4.806685	7756	7889	3	28	133	0.2105263
NODE_1250_length_14040_cov_4.806685	7756	7889	4	51	133	0.3834586
NODE_125231_length_1888_cov_4.014533	1185	1318	0	133	133	1.0000000
NODE_12526_length_6788_cov_13.633129	3467	3600	0	53	133	0.3984962
NODE_12526_length_6788_cov_13.633129	3467	3600	2	80	133	0.6015037
NODE_125310_length_1887_cov_4.200224	862	995	0	133	133	1.0000000
NODE_12533_length_6787_cov_4.197817	4013	4146	0	58	133	0.4360902
NODE_12533_length_6787_cov_4.197817	4013	4146	1	75	133	0.5639098
NODE_125415_length_1886_cov_3.238948	1020	1153	0	133	133	1.0000000
NODE_125452_length_1885_cov_4.767077	301	434	0	133	133	1.0000000
NODE_12555_length_6781_cov_4.933254	5586	5719	0	133	133	1.0000000
NODE_125656_length_1883_cov_3.703475	782	915	0	133	133	1.0000000
NODE_125715_length_1882_cov_4.564778	1511	1644	1	8	133	0.0601504
NODE_125715_length_1882_cov_4.564778	1511	1644	2	124	133	0.9323308
NODE_125715_length_1882_cov_4.564778	1511	1644	3	1	133	0.0075188
NODE_125803_length_1881_cov_4.631313	440	573	0	31	133	0.2330827
NODE_125803_length_1881_cov_4.631313	440	573	2	102	133	0.7669173
NODE_125812_length_1881_cov_4.360269	1406	1539	0	76	133	0.5714286
NODE_125812_length_1881_cov_4.360269	1406	1539	2	57	133	0.4285714
NODE_125826_length_1881_cov_4.128507	436	569	0	6	133	0.0451128
NODE_125826_length_1881_cov_4.128507	436	569	2	48	133	0.3609022
NODE_125826_length_1881_cov_4.128507	436	569	4	79	133	0.5939850
NODE_125_length_23545_cov_4.432910	22148	22281	0	133	133	1.0000000
NODE_126070_length_1878_cov_4.445194	1407	1540	0	133	133	1.0000000
NODE_126127_length_1877_cov_5.971316	373	506	0	133	133	1.0000000
NODE_126172_length_1877_cov_3.879640	1036	1169	0	133	133	1.0000000
NODE_126245_length_1876_cov_4.329769	1383	1516	2	2	133	0.0150376
NODE_126245_length_1876_cov_4.329769	1383	1516	3	4	133	0.0300752
NODE_126245_length_1876_cov_4.329769	1383	1516	4	72	133	0.5413534
NODE_126245_length_1876_cov_4.329769	1383	1516	5	55	133	0.4135338
NODE_126311_length_1875_cov_4.775901	1191	1324	2	40	133	0.3007519
NODE_126311_length_1875_cov_4.775901	1191	1324	3	93	133	0.6992481
NODE_12635_length_6763_cov_4.843187	4100	4233	0	133	133	1.0000000
NODE_126362_length_1875_cov_3.110923	1145	1278	0	8	133	0.0601504
NODE_126362_length_1875_cov_3.110923	1145	1278	1	32	133	0.2406015
NODE_126362_length_1875_cov_3.110923	1145	1278	2	9	133	0.0676692
NODE_126362_length_1875_cov_3.110923	1145	1278	4	84	133	0.6315789
NODE_126370_length_1875_cov_2.826577	1502	1635	0	133	133	1.0000000
NODE_12646_length_6761_cov_3.811318	4980	5113	1	9	133	0.0676692
NODE_12646_length_6761_cov_3.811318	4980	5113	2	16	133	0.1203008
NODE_12646_length_6761_cov_3.811318	4980	5113	3	61	133	0.4586466
NODE_12646_length_6761_cov_3.811318	4980	5113	4	47	133	0.3533835
NODE_126470_length_1873_cov_5.281285	882	1015	1	14	133	0.1052632
NODE_126470_length_1873_cov_5.281285	882	1015	2	119	133	0.8947368
NODE_12648_length_6760_cov_4.653956	3791	3924	2	8	133	0.0601504
NODE_12648_length_6760_cov_4.653956	3791	3924	3	73	133	0.5488722
NODE_12648_length_6760_cov_4.653956	3791	3924	4	52	133	0.3909774
NODE_12652_length_6760_cov_3.405495	6516	6649	0	133	133	1.0000000
NODE_126572_length_1872_cov_3.761421	1115	1248	0	133	133	1.0000000
NODE_126574_length_1872_cov_3.695995	701	834	0	133	133	1.0000000
NODE_12658_length_6759_cov_4.080180	5578	5711	0	133	133	1.0000000
NODE_126644_length_1871_cov_4.430023	1034	1167	0	130	133	0.9774436
NODE_126644_length_1871_cov_4.430023	1034	1167	2	3	133	0.0225564
NODE_126691_length_1871_cov_3.073928	570	703	0	133	133	1.0000000
NODE_126740_length_1870_cov_4.727273	366	499	0	133	133	1.0000000
NODE_126752_length_1870_cov_4.393563	1499	1632	0	133	133	1.0000000
NODE_126754_length_1870_cov_4.299831	1535	1668	0	133	133	1.0000000
NODE_126794_length_1870_cov_3.077922	268	401	2	1	133	0.0075188
NODE_126794_length_1870_cov_3.077922	268	401	3	57	133	0.4285714
NODE_126794_length_1870_cov_3.077922	268	401	4	62	133	0.4661654
NODE_126794_length_1870_cov_3.077922	268	401	5	13	133	0.0977444
NODE_126837_length_1869_cov_3.995480	1160	1293	0	64	133	0.4812030
NODE_126837_length_1869_cov_3.995480	1160	1293	1	43	133	0.3233083
NODE_126837_length_1869_cov_3.995480	1160	1293	2	26	133	0.1954887
NODE_12689_length_6753_cov_4.161707	4280	4413	1	25	133	0.1879699
NODE_12689_length_6753_cov_4.161707	4280	4413	2	108	133	0.8120301
NODE_126925_length_1868_cov_4.012436	871	1004	0	24	133	0.1804511
NODE_126925_length_1868_cov_4.012436	871	1004	9	3	133	0.0225564
NODE_126925_length_1868_cov_4.012436	871	1004	10	106	133	0.7969925
NODE_126934_length_1868_cov_3.854720	1104	1237	0	133	133	1.0000000
NODE_12694_length_6752_cov_3.582143	2900	3033	0	133	133	1.0000000
NODE_126984_length_1867_cov_4.375566	223	356	0	133	133	1.0000000
NODE_127043_length_1866_cov_6.353707	1078	1211	2	43	133	0.3233083
NODE_127043_length_1866_cov_6.353707	1078	1211	4	50	133	0.3759398
NODE_127043_length_1866_cov_6.353707	1078	1211	5	1	133	0.0075188
NODE_127043_length_1866_cov_6.353707	1078	1211	6	39	133	0.2932331
NODE_127112_length_1866_cov_3.039615	1053	1186	0	133	133	1.0000000
NODE_12722_length_6747_cov_4.150722	5330	5463	0	133	133	1.0000000
NODE_127235_length_1864_cov_5.283853	148	281	0	133	133	1.0000000
NODE_127339_length_1863_cov_3.768141	1099	1232	0	133	133	1.0000000
NODE_127411_length_1862_cov_4.450936	918	1051	0	2	133	0.0150376
NODE_127411_length_1862_cov_4.450936	918	1051	2	131	133	0.9849624
NODE_127484_length_1861_cov_4.506243	1200	1333	0	133	133	1.0000000
NODE_12754_length_6740_cov_13.973498	1186	1319	0	133	133	1.0000000
NODE_127558_length_1860_cov_4.867121	0	133	0	133	133	1.0000000
NODE_127716_length_1859_cov_2.601136	1579	1712	0	133	133	1.0000000
NODE_12771_length_6735_cov_9.864527	5196	5329	0	33	133	0.2481203
NODE_12771_length_6735_cov_9.864527	5196	5329	2	100	133	0.7518797
NODE_127830_length_1857_cov_4.240046	806	939	3	1	133	0.0075188
NODE_127830_length_1857_cov_4.240046	806	939	5	41	133	0.3082707
NODE_127830_length_1857_cov_4.240046	806	939	6	13	133	0.0977444
NODE_127830_length_1857_cov_4.240046	806	939	7	43	133	0.3233083
NODE_127830_length_1857_cov_4.240046	806	939	8	35	133	0.2631579
NODE_12784_length_6731_cov_5.092280	1	134	0	63	133	0.4736842
NODE_12784_length_6731_cov_5.092280	1	134	2	70	133	0.5263158
NODE_127964_length_1855_cov_5.691913	415	548	0	133	133	1.0000000
NODE_127966_length_1855_cov_5.570615	763	896	0	3	133	0.0225564
NODE_127966_length_1855_cov_5.570615	763	896	1	70	133	0.5263158
NODE_127966_length_1855_cov_5.570615	763	896	2	60	133	0.4511278
NODE_128060_length_1854_cov_5.332764	149	282	0	133	133	1.0000000
NODE_128197_length_1853_cov_3.942987	568	701	0	133	133	1.0000000
NODE_12829_length_6723_cov_4.407458	3283	3416	0	24	133	0.1804511
NODE_12829_length_6723_cov_4.407458	3283	3416	1	1	133	0.0075188
NODE_12829_length_6723_cov_4.407458	3283	3416	2	108	133	0.8120301
NODE_128306_length_1852_cov_2.869937	402	535	0	133	133	1.0000000
NODE_128350_length_1851_cov_3.987443	1075	1208	0	106	133	0.7969925
NODE_128350_length_1851_cov_3.987443	1075	1208	1	27	133	0.2030075
NODE_128420_length_1850_cov_4.541976	1362	1495	0	16	133	0.1203008
NODE_128420_length_1850_cov_4.541976	1362	1495	1	117	133	0.8796992
NODE_128494_length_1850_cov_2.196459	1581	1714	0	133	133	1.0000000
NODE_12852_length_6719_cov_4.051360	1169	1302	0	22	133	0.1654135
NODE_12852_length_6719_cov_4.051360	1169	1302	1	111	133	0.8345864
NODE_128655_length_1848_cov_3.061750	1628	1761	0	133	133	1.0000000
NODE_128717_length_1847_cov_3.516018	830	963	0	133	133	1.0000000
NODE_128914_length_1844_cov_4.913467	1052	1185	0	133	133	1.0000000
NODE_12895_length_6707_cov_12.672367	3007	3140	0	133	133	1.0000000
NODE_129049_length_1843_cov_3.325115	1630	1763	1	31	133	0.2330827
NODE_129049_length_1843_cov_3.325115	1630	1763	2	57	133	0.4285714
NODE_129049_length_1843_cov_3.325115	1630	1763	4	45	133	0.3383459
NODE_12908_length_6705_cov_4.441417	2484	2617	0	133	133	1.0000000
NODE_129137_length_1842_cov_3.545611	501	634	0	133	133	1.0000000
NODE_129179_length_1841_cov_5.067738	285	418	0	12	133	0.0902256
NODE_129179_length_1841_cov_5.067738	285	418	1	40	133	0.3007519
NODE_129179_length_1841_cov_5.067738	285	418	2	21	133	0.1578947
NODE_129179_length_1841_cov_5.067738	285	418	3	60	133	0.4511278
NODE_129232_length_1841_cov_3.193456	192	325	0	133	133	1.0000000
NODE_12924_length_6701_cov_4.490003	899	1032	0	48	133	0.3609022
NODE_12924_length_6701_cov_4.490003	899	1032	1	28	133	0.2105263
NODE_12924_length_6701_cov_4.490003	899	1032	2	57	133	0.4285714
NODE_129408_length_1839_cov_3.431609	1014	1147	0	27	133	0.2030075
NODE_129408_length_1839_cov_3.431609	1014	1147	1	27	133	0.2030075
NODE_129408_length_1839_cov_3.431609	1014	1147	2	79	133	0.5939850
NODE_1294_length_13898_cov_4.480832	786	919	0	133	133	1.0000000
NODE_12956_length_6694_cov_3.693707	1115	1248	0	133	133	1.0000000
NODE_129572_length_1837_cov_3.887802	1116	1249	0	133	133	1.0000000
NODE_129589_length_1837_cov_3.186421	1176	1309	0	133	133	1.0000000
NODE_129605_length_1837_cov_2.151323	1474	1607	7	55	133	0.4135338
NODE_129605_length_1837_cov_2.151323	1474	1607	10	17	133	0.1278196
NODE_129605_length_1837_cov_2.151323	1474	1607	11	50	133	0.3759398
NODE_129605_length_1837_cov_2.151323	1474	1607	12	11	133	0.0827068
NODE_12964_length_6692_cov_4.821022	4971	5104	0	133	133	1.0000000
NODE_1296_length_13895_cov_4.256234	10934	11067	0	133	133	1.0000000
NODE_129722_length_1835_cov_4.215438	503	636	0	133	133	1.0000000
NODE_129811_length_1834_cov_4.293948	1678	1811	0	133	133	1.0000000
NODE_129834_length_1834_cov_3.616138	1153	1286	0	36	133	0.2706767
NODE_129834_length_1834_cov_3.616138	1153	1286	2	44	133	0.3308271
NODE_129834_length_1834_cov_3.616138	1153	1286	4	53	133	0.3984962
NODE_129835_length_1834_cov_3.568876	102	235	0	39	133	0.2932331
NODE_129835_length_1834_cov_3.568876	102	235	1	10	133	0.0751880
NODE_129835_length_1834_cov_3.568876	102	235	3	5	133	0.0375940
NODE_129835_length_1834_cov_3.568876	102	235	4	79	133	0.5939850
NODE_129862_length_1834_cov_2.598847	1249	1382	0	24	133	0.1804511
NODE_129862_length_1834_cov_2.598847	1249	1382	1	51	133	0.3834586
NODE_129862_length_1834_cov_2.598847	1249	1382	2	58	133	0.4360902
NODE_12986_length_6687_cov_3.490134	2127	2260	0	32	133	0.2406015
NODE_12986_length_6687_cov_3.490134	2127	2260	2	19	133	0.1428571
NODE_12986_length_6687_cov_3.490134	2127	2260	3	37	133	0.2781955
NODE_12986_length_6687_cov_3.490134	2127	2260	4	45	133	0.3383459
NODE_129874_length_1833_cov_5.647059	1488	1621	0	133	133	1.0000000
NODE_129963_length_1832_cov_5.712637	1313	1446	0	133	133	1.0000000
NODE_1299_length_13892_cov_4.008555	6269	6402	0	133	133	1.0000000
NODE_13013_length_6682_cov_4.150843	1049	1182	0	133	133	1.0000000
NODE_13021_length_6680_cov_4.390974	6489	6622	0	133	133	1.0000000
NODE_130259_length_1829_cov_3.606358	1374	1507	0	133	133	1.0000000
NODE_130463_length_1827_cov_2.571759	108	241	0	133	133	1.0000000
NODE_1305_length_13873_cov_4.670466	5900	6033	0	11	133	0.0827068
NODE_1305_length_13873_cov_4.670466	5900	6033	1	65	133	0.4887218
NODE_1305_length_13873_cov_4.670466	5900	6033	2	9	133	0.0676692
NODE_1305_length_13873_cov_4.670466	5900	6033	3	48	133	0.3609022
NODE_130612_length_1825_cov_3.582271	902	1035	6	56	133	0.4210526
NODE_130612_length_1825_cov_3.582271	902	1035	7	13	133	0.0977444
NODE_130612_length_1825_cov_3.582271	902	1035	8	42	133	0.3157895
NODE_130612_length_1825_cov_3.582271	902	1035	9	15	133	0.1127820
NODE_130612_length_1825_cov_3.582271	902	1035	10	7	133	0.0526316
NODE_130654_length_1825_cov_2.553882	1357	1490	0	133	133	1.0000000
NODE_130698_length_1824_cov_4.088696	360	493	0	133	133	1.0000000
NODE_13072_length_6669_cov_18.702740	4417	4550	0	133	133	1.0000000
NODE_13085_length_6667_cov_4.310140	4721	4854	3	30	133	0.2255639
NODE_13085_length_6667_cov_4.310140	4721	4854	5	82	133	0.6165413
NODE_13085_length_6667_cov_4.310140	4721	4854	6	9	133	0.0676692
NODE_13085_length_6667_cov_4.310140	4721	4854	7	12	133	0.0902256
NODE_130861_length_1822_cov_4.947766	1315	1448	0	133	133	1.0000000
NODE_130883_length_1822_cov_4.089379	779	912	0	133	133	1.0000000
NODE_13090_length_6666_cov_4.969088	4998	5131	0	54	133	0.4060150
NODE_13090_length_6666_cov_4.969088	4998	5131	2	79	133	0.5939850
NODE_130915_length_1822_cov_3.106210	301	434	0	133	133	1.0000000
NODE_13095_length_6666_cov_3.603015	1640	1773	1	35	133	0.2631579
NODE_13095_length_6666_cov_3.603015	1640	1773	2	98	133	0.7368421
NODE_131082_length_1820_cov_4.610110	1536	1669	0	133	133	1.0000000
NODE_131085_length_1820_cov_4.478210	139	272	0	59	133	0.4436090
NODE_131085_length_1820_cov_4.478210	139	272	2	74	133	0.5563910
NODE_13119_length_6661_cov_4.703139	5439	5572	4	60	133	0.4511278
NODE_13119_length_6661_cov_4.703139	5439	5572	6	19	133	0.1428571
NODE_13119_length_6661_cov_4.703139	5439	5572	8	54	133	0.4060150
NODE_1311_length_13859_cov_5.931177	2312	2445	0	42	133	0.3157895
NODE_1311_length_13859_cov_5.931177	2312	2445	1	19	133	0.1428571
NODE_1311_length_13859_cov_5.931177	2312	2445	2	17	133	0.1278196
NODE_1311_length_13859_cov_5.931177	2312	2445	3	55	133	0.4135338
NODE_131213_length_1819_cov_3.187791	1517	1650	2	1	133	0.0075188
NODE_131213_length_1819_cov_3.187791	1517	1650	4	107	133	0.8045112
NODE_131213_length_1819_cov_3.187791	1517	1650	6	25	133	0.1879699
NODE_131220_length_1819_cov_2.860465	1307	1440	0	60	133	0.4511278
NODE_131220_length_1819_cov_2.860465	1307	1440	6	73	133	0.5488722
NODE_13124_length_6660_cov_10.975156	3096	3229	0	133	133	1.0000000
NODE_131331_length_1817_cov_4.991269	329	462	0	133	133	1.0000000
NODE_13133_length_6660_cov_3.940558	6345	6478	1	57	133	0.4285714
NODE_13133_length_6660_cov_3.940558	6345	6478	2	76	133	0.5714286
NODE_13145_length_6657_cov_6.414151	3617	3750	0	133	133	1.0000000
NODE_13156_length_6654_cov_5.487567	3370	3503	0	133	133	1.0000000
NODE_131757_length_1812_cov_6.048453	125	258	1	41	133	0.3082707
NODE_131757_length_1812_cov_6.048453	125	258	2	5	133	0.0375940
NODE_131757_length_1812_cov_6.048453	125	258	3	53	133	0.3984962
NODE_131757_length_1812_cov_6.048453	125	258	4	34	133	0.2556391
NODE_131784_length_1812_cov_3.979568	145	278	0	33	133	0.2481203
NODE_131784_length_1812_cov_3.979568	145	278	1	12	133	0.0902256
NODE_131784_length_1812_cov_3.979568	145	278	2	88	133	0.6616541
NODE_131837_length_1811_cov_8.042640	1240	1373	0	133	133	1.0000000
NODE_131894_length_1811_cov_3.614486	1456	1589	0	27	133	0.2030075
NODE_131894_length_1811_cov_3.614486	1456	1589	1	45	133	0.3383459
NODE_131894_length_1811_cov_3.614486	1456	1589	2	4	133	0.0300752
NODE_131894_length_1811_cov_3.614486	1456	1589	3	21	133	0.1578947
NODE_131894_length_1811_cov_3.614486	1456	1589	4	28	133	0.2105263
NODE_131894_length_1811_cov_3.614486	1456	1589	5	8	133	0.0601504
NODE_131918_length_1811_cov_3.122079	214	347	0	133	133	1.0000000
NODE_13192_length_6648_cov_3.370744	1438	1571	0	34	133	0.2556391
NODE_13192_length_6648_cov_3.370744	1438	1571	1	52	133	0.3909774
NODE_13192_length_6648_cov_3.370744	1438	1571	2	47	133	0.3533835
NODE_13204_length_6645_cov_3.606630	5223	5356	0	133	133	1.0000000
NODE_132067_length_1809_cov_4.207602	1318	1451	0	133	133	1.0000000
NODE_13212_length_6643_cov_4.389059	3858	3991	0	133	133	1.0000000
NODE_132218_length_1807_cov_5.231850	1037	1170	0	133	133	1.0000000
NODE_132229_length_1807_cov_4.621194	356	489	0	133	133	1.0000000
NODE_132238_length_1807_cov_4.296838	198	331	0	133	133	1.0000000
NODE_132338_length_1806_cov_4.333919	502	635	0	133	133	1.0000000
NODE_13237_length_6637_cov_5.510095	3958	4091	0	133	133	1.0000000
NODE_132414_length_1805_cov_5.757913	1500	1633	0	133	133	1.0000000
NODE_132416_length_1805_cov_5.515240	1102	1235	0	133	133	1.0000000
NODE_13243_length_6637_cov_3.656011	367	500	0	9	133	0.0676692
NODE_13243_length_6637_cov_3.656011	367	500	1	23	133	0.1729323
NODE_13243_length_6637_cov_3.656011	367	500	2	101	133	0.7593985
NODE_132448_length_1805_cov_4.334701	461	594	1	26	133	0.1954887
NODE_132448_length_1805_cov_4.334701	461	594	2	106	133	0.7969925
NODE_132448_length_1805_cov_4.334701	461	594	3	1	133	0.0075188
NODE_13247_length_6636_cov_3.296619	527	660	0	133	133	1.0000000
NODE_132555_length_1804_cov_4.083284	661	794	0	133	133	1.0000000
NODE_132564_length_1804_cov_3.867449	1020	1153	0	61	133	0.4586466
NODE_132564_length_1804_cov_3.867449	1020	1153	1	72	133	0.5413534
NODE_13259_length_6633_cov_3.986226	1142	1275	0	133	133	1.0000000
NODE_132624_length_1803_cov_4.938380	1133	1266	0	133	133	1.0000000
NODE_132658_length_1803_cov_3.845657	724	857	1	10	133	0.0751880
NODE_132658_length_1803_cov_3.845657	724	857	2	123	133	0.9248120
NODE_132676_length_1803_cov_3.255282	1368	1501	0	133	133	1.0000000
NODE_132681_length_1803_cov_3.075117	1388	1521	0	133	133	1.0000000
NODE_13271_length_6630_cov_5.172102	657	790	0	133	133	1.0000000
NODE_13272_length_6630_cov_4.267340	5937	6070	0	133	133	1.0000000
NODE_132731_length_1802_cov_4.189078	1435	1568	0	18	133	0.1353384
NODE_132731_length_1802_cov_4.189078	1435	1568	1	1	133	0.0075188
NODE_132731_length_1802_cov_4.189078	1435	1568	2	114	133	0.8571429
NODE_132743_length_1802_cov_3.940106	621	754	0	133	133	1.0000000
NODE_132790_length_1802_cov_2.647681	460	593	0	133	133	1.0000000
NODE_1327_length_13830_cov_5.519627	7928	8061	0	32	133	0.2406015
NODE_1327_length_13830_cov_5.519627	7928	8061	1	61	133	0.4586466
NODE_1327_length_13830_cov_5.519627	7928	8061	2	1	133	0.0075188
NODE_1327_length_13830_cov_5.519627	7928	8061	3	14	133	0.1052632
NODE_1327_length_13830_cov_5.519627	7928	8061	5	1	133	0.0075188
NODE_1327_length_13830_cov_5.519627	7928	8061	6	1	133	0.0075188
NODE_1327_length_13830_cov_5.519627	7928	8061	7	23	133	0.1729323
NODE_13280_length_6628_cov_4.383826	3999	4132	0	123	133	0.9248120
NODE_13280_length_6628_cov_4.383826	3999	4132	1	2	133	0.0150376
NODE_13280_length_6628_cov_4.383826	3999	4132	2	8	133	0.0601504
NODE_13302_length_6622_cov_3.705810	1323	1456	0	67	133	0.5037594
NODE_13302_length_6622_cov_3.705810	1323	1456	2	66	133	0.4962406
NODE_133040_length_1799_cov_2.666471	140	273	0	5	133	0.0375940
NODE_133040_length_1799_cov_2.666471	140	273	3	51	133	0.3834586
NODE_133040_length_1799_cov_2.666471	140	273	6	77	133	0.5789474
NODE_13306_length_6620_cov_4.751879	2502	2635	4	46	133	0.3458647
NODE_13306_length_6620_cov_4.751879	2502	2635	6	42	133	0.3157895
NODE_13306_length_6620_cov_4.751879	2502	2635	10	45	133	0.3383459
NODE_13315_length_6618_cov_4.850284	874	1007	3	48	133	0.3609022
NODE_13315_length_6618_cov_4.850284	874	1007	6	85	133	0.6390978
NODE_133270_length_1796_cov_3.071892	361	494	0	133	133	1.0000000
NODE_13339_length_6614_cov_4.284881	4203	4336	1	105	133	0.7894737
NODE_13339_length_6614_cov_4.284881	4203	4336	2	28	133	0.2105263
NODE_133464_length_1794_cov_2.693805	493	626	0	133	133	1.0000000
NODE_133506_length_1793_cov_4.180047	1521	1654	0	133	133	1.0000000
NODE_133539_length_1793_cov_3.220189	213	346	0	133	133	1.0000000
NODE_133586_length_1792_cov_4.320142	1150	1283	0	133	133	1.0000000
NODE_13362_length_6610_cov_4.322070	3842	3975	0	133	133	1.0000000
NODE_133868_length_1789_cov_4.750296	148	281	0	133	133	1.0000000
NODE_133880_length_1789_cov_4.328402	118	251	0	133	133	1.0000000
NODE_133946_length_1788_cov_5.154529	454	587	0	133	133	1.0000000
NODE_13398_length_6603_cov_3.445264	6054	6187	0	133	133	1.0000000
NODE_1339_length_13800_cov_7.719583	6389	6522	0	133	133	1.0000000
NODE_134032_length_1787_cov_5.042062	893	1026	0	15	133	0.1127820
NODE_134032_length_1787_cov_5.042062	893	1026	1	118	133	0.8872181
NODE_1340_length_13800_cov_7.361215	3730	3863	0	133	133	1.0000000
NODE_134108_length_1786_cov_5.524600	945	1078	3	42	133	0.3157895
NODE_134108_length_1786_cov_5.524600	945	1078	4	23	133	0.1729323
NODE_134108_length_1786_cov_5.524600	945	1078	5	7	133	0.0526316
NODE_134108_length_1786_cov_5.524600	945	1078	6	17	133	0.1278196
NODE_134108_length_1786_cov_5.524600	945	1078	7	44	133	0.3308271
NODE_134119_length_1786_cov_4.614701	621	754	0	133	133	1.0000000
NODE_134126_length_1786_cov_4.341434	1379	1512	1	11	133	0.0827068
NODE_134126_length_1786_cov_4.341434	1379	1512	2	65	133	0.4887218
NODE_134126_length_1786_cov_4.341434	1379	1512	3	14	133	0.1052632
NODE_134126_length_1786_cov_4.341434	1379	1512	4	43	133	0.3233083
NODE_134129_length_1786_cov_4.195614	389	522	0	133	133	1.0000000
NODE_134209_length_1785_cov_4.933571	117	250	0	133	133	1.0000000
NODE_134222_length_1785_cov_4.255635	1436	1569	0	29	133	0.2180451
NODE_134222_length_1785_cov_4.255635	1436	1569	1	58	133	0.4360902
NODE_134222_length_1785_cov_4.255635	1436	1569	2	46	133	0.3458647
NODE_134279_length_1785_cov_2.706406	300	433	0	133	133	1.0000000
NODE_134331_length_1784_cov_3.947774	726	859	2	56	133	0.4210526
NODE_134331_length_1784_cov_3.947774	726	859	4	4	133	0.0300752
NODE_134331_length_1784_cov_3.947774	726	859	6	73	133	0.5488722
NODE_13443_length_6594_cov_3.496998	644	777	0	133	133	1.0000000
NODE_13444_length_6593_cov_4.978750	5739	5872	0	133	133	1.0000000
NODE_134462_length_1783_cov_3.179929	1144	1277	2	16	133	0.1203008
NODE_134462_length_1783_cov_3.179929	1144	1277	3	13	133	0.0977444
NODE_134462_length_1783_cov_3.179929	1144	1277	4	104	133	0.7819549
NODE_134530_length_1782_cov_3.582888	12	145	0	133	133	1.0000000
NODE_134686_length_1780_cov_4.771565	1337	1470	0	133	133	1.0000000
NODE_134693_length_1780_cov_4.488995	1021	1154	0	37	133	0.2781955
NODE_134693_length_1780_cov_4.488995	1021	1154	2	53	133	0.3984962
NODE_134693_length_1780_cov_4.488995	1021	1154	4	43	133	0.3233083
NODE_134893_length_1778_cov_3.241811	1152	1285	0	133	133	1.0000000
NODE_1348_length_13788_cov_4.658193	386	519	0	133	133	1.0000000
NODE_13502_length_6582_cov_5.179084	2406	2539	0	133	133	1.0000000
NODE_135034_length_1776_cov_4.673822	176	309	0	133	133	1.0000000
NODE_135043_length_1776_cov_4.372093	1024	1157	0	112	133	0.8421053
NODE_135043_length_1776_cov_4.372093	1024	1157	2	21	133	0.1578947
NODE_135090_length_1776_cov_2.931425	418	551	0	47	133	0.3533835
NODE_135090_length_1776_cov_2.931425	418	551	1	53	133	0.3984962
NODE_135090_length_1776_cov_2.931425	418	551	2	33	133	0.2481203
NODE_135124_length_1775_cov_4.579952	823	956	0	83	133	0.6240602
NODE_135124_length_1775_cov_4.579952	823	956	1	27	133	0.2030075
NODE_135124_length_1775_cov_4.579952	823	956	2	23	133	0.1729323
NODE_135272_length_1774_cov_3.045373	341	474	2	2	133	0.0150376
NODE_135272_length_1774_cov_3.045373	341	474	3	12	133	0.0902256
NODE_135272_length_1774_cov_3.045373	341	474	5	12	133	0.0902256
NODE_135272_length_1774_cov_3.045373	341	474	6	49	133	0.3684210
NODE_135272_length_1774_cov_3.045373	341	474	8	58	133	0.4360902
NODE_135325_length_1773_cov_4.025687	1053	1186	0	133	133	1.0000000
NODE_135775_length_1768_cov_5.631516	1035	1168	1	14	133	0.1052632
NODE_135775_length_1768_cov_5.631516	1035	1168	2	107	133	0.8045112
NODE_135775_length_1768_cov_5.631516	1035	1168	3	12	133	0.0902256
NODE_135802_length_1768_cov_4.171360	910	1043	0	133	133	1.0000000
NODE_135815_length_1768_cov_3.738766	457	590	0	133	133	1.0000000
NODE_13584_length_6564_cov_5.211910	3086	3219	0	133	133	1.0000000
NODE_135975_length_1766_cov_4.866827	1013	1146	0	133	133	1.0000000
NODE_135979_length_1766_cov_4.682064	199	332	0	133	133	1.0000000
NODE_135_length_23277_cov_4.825050	7231	7364	0	133	133	1.0000000
NODE_136032_length_1766_cov_3.286743	1067	1200	0	133	133	1.0000000
NODE_136097_length_1765_cov_4.253902	319	452	0	133	133	1.0000000
NODE_136132_length_1765_cov_3.422569	1346	1479	1	20	133	0.1503759
NODE_136132_length_1765_cov_3.422569	1346	1479	2	86	133	0.6466165
NODE_136132_length_1765_cov_3.422569	1346	1479	3	27	133	0.2030075
NODE_136227_length_1764_cov_3.348949	1497	1630	0	133	133	1.0000000
NODE_13636_length_6554_cov_3.624322	2536	2669	0	133	133	1.0000000
NODE_136404_length_1762_cov_3.766687	1012	1145	0	133	133	1.0000000
NODE_13641_length_6553_cov_4.909359	3430	3563	0	61	133	0.4586466
NODE_13641_length_6553_cov_4.909359	3430	3563	2	72	133	0.5413534
NODE_136497_length_1761_cov_4.038508	1141	1274	0	133	133	1.0000000
NODE_136511_length_1761_cov_3.594465	1253	1386	0	133	133	1.0000000
NODE_136517_length_1761_cov_3.506017	1428	1561	0	133	133	1.0000000
NODE_1365_length_13749_cov_9.639927	6323	6456	0	133	133	1.0000000
NODE_136667_length_1759_cov_6.099398	842	975	0	133	133	1.0000000
NODE_13677_length_6547_cov_4.370968	3394	3527	1	101	133	0.7593985
NODE_13677_length_6547_cov_4.370968	3394	3527	2	32	133	0.2406015
NODE_136788_length_1758_cov_4.246534	336	469	0	133	133	1.0000000
NODE_13682_length_6546_cov_4.141151	3835	3968	0	133	133	1.0000000
NODE_136872_length_1757_cov_4.980700	1503	1636	0	133	133	1.0000000
NODE_136963_length_1756_cov_4.491853	937	1070	0	133	133	1.0000000
NODE_136966_length_1756_cov_4.373567	887	1020	0	133	133	1.0000000
NODE_13699_length_6543_cov_5.611577	1662	1795	0	57	133	0.4285714
NODE_13699_length_6543_cov_5.611577	1662	1795	2	76	133	0.5714286
NODE_1369_length_13731_cov_3.951071	8256	8389	0	133	133	1.0000000
NODE_137066_length_1755_cov_3.522343	43	176	0	133	133	1.0000000
NODE_137069_length_1755_cov_3.489130	1468	1601	0	133	133	1.0000000
NODE_137179_length_1754_cov_2.683384	1252	1385	0	4	133	0.0300752
NODE_137179_length_1754_cov_2.683384	1252	1385	2	129	133	0.9699248
NODE_13721_length_6540_cov_20.381152	4853	4986	7	5	133	0.0375940
NODE_13721_length_6540_cov_20.381152	4853	4986	8	12	133	0.0902256
NODE_13721_length_6540_cov_20.381152	4853	4986	9	1	133	0.0075188
NODE_13721_length_6540_cov_20.381152	4853	4986	13	28	133	0.2105263
NODE_13721_length_6540_cov_20.381152	4853	4986	15	7	133	0.0526316
NODE_13721_length_6540_cov_20.381152	4853	4986	18	10	133	0.0751880
NODE_13721_length_6540_cov_20.381152	4853	4986	20	8	133	0.0601504
NODE_13721_length_6540_cov_20.381152	4853	4986	21	1	133	0.0075188
NODE_13721_length_6540_cov_20.381152	4853	4986	22	34	133	0.2556391
NODE_13721_length_6540_cov_20.381152	4853	4986	23	11	133	0.0827068
NODE_13721_length_6540_cov_20.381152	4853	4986	24	1	133	0.0075188
NODE_13721_length_6540_cov_20.381152	4853	4986	25	1	133	0.0075188
NODE_13721_length_6540_cov_20.381152	4853	4986	26	14	133	0.1052632
NODE_137299_length_1752_cov_4.330913	797	930	0	133	133	1.0000000
NODE_1372_length_13723_cov_4.446418	648	781	0	50	133	0.3759398
NODE_1372_length_13723_cov_4.446418	648	781	1	83	133	0.6240602
NODE_137399_length_1751_cov_3.784504	1049	1182	0	69	133	0.5187970
NODE_137399_length_1751_cov_3.784504	1049	1182	2	64	133	0.4812030
NODE_137419_length_1751_cov_3.238499	896	1029	0	133	133	1.0000000
NODE_137559_length_1749_cov_5.123030	1245	1378	0	42	133	0.3157895
NODE_137559_length_1749_cov_5.123030	1245	1378	1	39	133	0.2932331
NODE_137559_length_1749_cov_5.123030	1245	1378	2	52	133	0.3909774
NODE_137596_length_1749_cov_3.425455	20	153	0	133	133	1.0000000
NODE_137649_length_1748_cov_5.016374	771	904	0	133	133	1.0000000
NODE_137691_length_1748_cov_3.693754	0	133	0	133	133	1.0000000
NODE_137745_length_1747_cov_5.101335	1015	1148	0	133	133	1.0000000
NODE_13775_length_6529_cov_16.274650	2909	3042	0	133	133	1.0000000
NODE_137901_length_1746_cov_2.712204	1349	1482	0	133	133	1.0000000
NODE_137984_length_1745_cov_3.465978	524	657	0	133	133	1.0000000
NODE_1379_length_13706_cov_3.663629	10051	10184	0	133	133	1.0000000
NODE_138047_length_1744_cov_4.189666	1373	1506	0	133	133	1.0000000
NODE_138265_length_1742_cov_3.599513	1557	1690	0	133	133	1.0000000
NODE_13831_length_6519_cov_3.960280	1299	1432	0	133	133	1.0000000
NODE_13835_length_6518_cov_4.036766	4594	4727	0	66	133	0.4962406
NODE_13835_length_6518_cov_4.036766	4594	4727	1	38	133	0.2857143
NODE_13835_length_6518_cov_4.036766	4594	4727	2	29	133	0.2180451
NODE_138468_length_1740_cov_4.078611	1132	1265	0	133	133	1.0000000
NODE_13848_length_6516_cov_4.871435	1855	1988	0	81	133	0.6090226
NODE_13848_length_6516_cov_4.871435	1855	1988	2	52	133	0.3909774
NODE_13849_length_6516_cov_4.569892	499	632	0	133	133	1.0000000
NODE_138505_length_1740_cov_3.279707	1572	1705	0	133	133	1.0000000
NODE_13855_length_6515_cov_3.251870	703	836	0	133	133	1.0000000
NODE_138632_length_1738_cov_4.964002	261	394	0	133	133	1.0000000
NODE_138672_length_1738_cov_3.548505	360	493	0	133	133	1.0000000
NODE_138697_length_1738_cov_3.121415	1027	1160	0	133	133	1.0000000
NODE_13869_length_6511_cov_5.319401	2457	2590	0	133	133	1.0000000
NODE_138764_length_1737_cov_4.081197	1404	1537	4	26	133	0.1954887
NODE_138764_length_1737_cov_4.081197	1404	1537	5	6	133	0.0451128
NODE_138764_length_1737_cov_4.081197	1404	1537	6	43	133	0.3233083
NODE_138764_length_1737_cov_4.081197	1404	1537	7	25	133	0.1879699
NODE_138764_length_1737_cov_4.081197	1404	1537	8	17	133	0.1278196
NODE_138764_length_1737_cov_4.081197	1404	1537	9	16	133	0.1203008
NODE_138951_length_1735_cov_4.546455	474	607	0	133	133	1.0000000
NODE_138966_length_1735_cov_4.000611	208	341	0	26	133	0.1954887
NODE_138966_length_1735_cov_4.000611	208	341	4	107	133	0.8045112
NODE_13896_length_6506_cov_3.179647	2384	2517	0	133	133	1.0000000
NODE_139104_length_1734_cov_2.930275	433	566	0	133	133	1.0000000
NODE_139250_length_1732_cov_3.938763	867	1000	0	27	133	0.2030075
NODE_139250_length_1732_cov_3.938763	867	1000	2	106	133	0.7969925
NODE_13940_length_6497_cov_3.959987	46	179	0	75	133	0.5639098
NODE_13940_length_6497_cov_3.959987	46	179	4	58	133	0.4360902
NODE_139414_length_1730_cov_4.933170	674	807	0	133	133	1.0000000
NODE_13965_length_6493_cov_4.140913	6003	6136	0	133	133	1.0000000
NODE_13970_length_6492_cov_8.010167	5711	5844	0	133	133	1.0000000
NODE_13975_length_6492_cov_4.356484	4209	4342	0	133	133	1.0000000
NODE_13979_length_6491_cov_5.298967	3538	3671	0	133	133	1.0000000
NODE_13981_length_6491_cov_4.419743	1080	1213	0	133	133	1.0000000
NODE_139877_length_1725_cov_5.252768	1047	1180	0	133	133	1.0000000
NODE_139975_length_1724_cov_6.738462	357	490	0	133	133	1.0000000
NODE_13997_length_6489_cov_3.395775	3949	4082	0	133	133	1.0000000
NODE_13_length_36121_cov_6.982844	14594	14727	0	133	133	1.0000000
NODE_140027_length_1724_cov_3.865846	1049	1182	0	133	133	1.0000000
NODE_14012_length_6486_cov_3.704400	6245	6378	0	133	133	1.0000000
NODE_14014_length_6485_cov_4.668337	2491	2624	0	133	133	1.0000000
NODE_140170_length_1723_cov_2.983374	151	284	0	133	133	1.0000000
NODE_140408_length_1720_cov_4.732264	1597	1730	0	133	133	1.0000000
NODE_140479_length_1719_cov_5.112346	1070	1203	2	43	133	0.3233083
NODE_140479_length_1719_cov_5.112346	1070	1203	3	68	133	0.5112782
NODE_140479_length_1719_cov_5.112346	1070	1203	4	22	133	0.1654135
NODE_140565_length_1718_cov_6.537369	903	1036	0	133	133	1.0000000
NODE_140573_length_1718_cov_5.134651	704	837	0	133	133	1.0000000
NODE_140616_length_1718_cov_3.877702	250	383	0	133	133	1.0000000
NODE_14072_length_6474_cov_4.805647	5348	5481	0	133	133	1.0000000
NODE_140793_length_1716_cov_4.568955	326	459	0	133	133	1.0000000
NODE_140831_length_1716_cov_3.581942	593	726	0	133	133	1.0000000
NODE_140912_length_1715_cov_4.025371	1334	1467	0	18	133	0.1353384
NODE_140912_length_1715_cov_4.025371	1334	1467	2	115	133	0.8646616
NODE_14098_length_6470_cov_3.080835	4236	4369	0	34	133	0.2556391
NODE_14098_length_6470_cov_3.080835	4236	4369	1	99	133	0.7443609
NODE_14104_length_6468_cov_5.977390	4200	4333	0	133	133	1.0000000
NODE_141089_length_1713_cov_4.611524	441	574	0	133	133	1.0000000
NODE_141103_length_1713_cov_4.136307	1027	1160	2	20	133	0.1503759
NODE_141103_length_1713_cov_4.136307	1027	1160	4	113	133	0.8496240
NODE_141226_length_1712_cov_3.030998	647	780	0	69	133	0.5187970
NODE_141226_length_1712_cov_3.030998	647	780	2	64	133	0.4812030
NODE_141279_length_1711_cov_4.586849	385	518	0	133	133	1.0000000
NODE_14129_length_6464_cov_3.984918	1248	1381	0	133	133	1.0000000
NODE_1412_length_13621_cov_4.556131	10914	11047	0	133	133	1.0000000
NODE_141424_length_1710_cov_2.728740	641	774	1	37	133	0.2781955
NODE_141424_length_1710_cov_2.728740	641	774	2	40	133	0.3007519
NODE_141424_length_1710_cov_2.728740	641	774	3	56	133	0.4210526
NODE_141428_length_1710_cov_2.550590	1217	1350	3	4	133	0.0300752
NODE_141428_length_1710_cov_2.550590	1217	1350	5	13	133	0.0977444
NODE_141428_length_1710_cov_2.550590	1217	1350	7	28	133	0.2105263
NODE_141428_length_1710_cov_2.550590	1217	1350	9	80	133	0.6015037
NODE_141428_length_1710_cov_2.550590	1217	1350	11	1	133	0.0075188
NODE_141428_length_1710_cov_2.550590	1217	1350	12	7	133	0.0526316
NODE_141433_length_1710_cov_2.286158	397	530	0	29	133	0.2180451
NODE_141433_length_1710_cov_2.286158	397	530	1	45	133	0.3383459
NODE_141433_length_1710_cov_2.286158	397	530	2	59	133	0.4436090
NODE_141648_length_1707_cov_5.272388	257	390	0	133	133	1.0000000
NODE_141667_length_1707_cov_4.405473	139	272	0	133	133	1.0000000
NODE_141730_length_1706_cov_5.708152	281	414	0	57	133	0.4285714
NODE_141730_length_1706_cov_5.708152	281	414	1	76	133	0.5714286
NODE_14188_length_6453_cov_4.149355	2697	2830	0	133	133	1.0000000
NODE_141937_length_1704_cov_4.769470	134	267	0	101	133	0.7593985
NODE_141937_length_1704_cov_4.769470	134	267	1	19	133	0.1428571
NODE_141937_length_1704_cov_4.769470	134	267	2	13	133	0.0977444
NODE_1419_length_13610_cov_5.728888	7742	7875	0	133	133	1.0000000
NODE_141_length_23108_cov_4.209396	7317	7450	0	133	133	1.0000000
NODE_142051_length_1703_cov_4.663965	371	504	0	133	133	1.0000000
NODE_142075_length_1703_cov_3.817955	1095	1228	0	97	133	0.7293233
NODE_142075_length_1703_cov_3.817955	1095	1228	1	30	133	0.2255639
NODE_142075_length_1703_cov_3.817955	1095	1228	2	6	133	0.0451128
NODE_142161_length_1702_cov_4.353088	816	949	0	133	133	1.0000000
NODE_142169_length_1702_cov_4.025577	1216	1349	0	133	133	1.0000000
NODE_142230_length_1701_cov_5.685393	651	784	0	133	133	1.0000000
NODE_14223_length_6444_cov_5.375571	151	284	0	133	133	1.0000000
NODE_1423_length_13609_cov_9.692376	4161	4294	3	82	133	0.6165413
NODE_1423_length_13609_cov_9.692376	4161	4294	4	22	133	0.1654135
NODE_1423_length_13609_cov_9.692376	4161	4294	6	29	133	0.2180451
NODE_142446_length_1699_cov_4.206250	1066	1199	0	133	133	1.0000000
NODE_142574_length_1698_cov_3.522201	319	452	0	133	133	1.0000000
NODE_1425_length_13607_cov_4.372002	7634	7767	0	133	133	1.0000000
NODE_142659_length_1697_cov_4.077597	1011	1144	0	133	133	1.0000000
NODE_142662_length_1697_cov_4.017522	1504	1637	0	24	133	0.1804511
NODE_142662_length_1697_cov_4.017522	1504	1637	1	25	133	0.1879699
NODE_142662_length_1697_cov_4.017522	1504	1637	2	84	133	0.6315789
NODE_142719_length_1697_cov_2.274093	1032	1165	0	133	133	1.0000000
NODE_14272_length_6437_cov_10.926633	4043	4176	0	133	133	1.0000000
NODE_14275_length_6437_cov_4.143578	5930	6063	0	133	133	1.0000000
NODE_14277_length_6436_cov_5.171532	5996	6129	0	133	133	1.0000000
NODE_142822_length_1695_cov_4.810150	313	446	0	133	133	1.0000000
NODE_142839_length_1695_cov_4.323935	176	309	2	57	133	0.4285714
NODE_142839_length_1695_cov_4.323935	176	309	3	37	133	0.2781955
NODE_142839_length_1695_cov_4.323935	176	309	4	39	133	0.2932331
NODE_14288_length_6434_cov_4.575059	2307	2440	2	45	133	0.3383459
NODE_14288_length_6434_cov_4.575059	2307	2440	4	88	133	0.6616541
NODE_1428_length_13603_cov_4.920838	1998	2131	0	133	133	1.0000000
NODE_14292_length_6434_cov_4.019100	2687	2820	0	133	133	1.0000000
NODE_142971_length_1694_cov_4.071473	1015	1148	0	133	133	1.0000000
NODE_14300_length_6432_cov_4.981841	2284	2417	0	133	133	1.0000000
NODE_143040_length_1694_cov_2.160502	1178	1311	0	133	133	1.0000000
NODE_1430_length_13602_cov_4.430941	7162	7295	0	133	133	1.0000000
NODE_14312_length_6430_cov_4.453483	2171	2304	2	52	133	0.3909774
NODE_14312_length_6430_cov_4.453483	2171	2304	4	81	133	0.6090226
NODE_143181_length_1692_cov_4.269303	454	587	0	30	133	0.2255639
NODE_143181_length_1692_cov_4.269303	454	587	2	103	133	0.7744361
NODE_1431_length_13600_cov_8.155470	1039	1172	0	22	133	0.1654135
NODE_1431_length_13600_cov_8.155470	1039	1172	2	68	133	0.5112782
NODE_1431_length_13600_cov_8.155470	1039	1172	4	43	133	0.3233083
NODE_143203_length_1692_cov_3.635907	119	252	0	133	133	1.0000000
NODE_14323_length_6428_cov_4.960973	4137	4270	0	133	133	1.0000000
NODE_143251_length_1691_cov_5.300251	875	1008	0	21	133	0.1578947
NODE_143251_length_1691_cov_5.300251	875	1008	1	23	133	0.1729323
NODE_143251_length_1691_cov_5.300251	875	1008	2	89	133	0.6691729
NODE_14329_length_6428_cov_3.736609	274	407	2	61	133	0.4586466
NODE_14329_length_6428_cov_3.736609	274	407	3	40	133	0.3007519
NODE_14329_length_6428_cov_3.736609	274	407	4	32	133	0.2406015
NODE_143461_length_1689_cov_4.066667	431	564	0	133	133	1.0000000
NODE_143469_length_1689_cov_3.941509	1492	1625	0	29	133	0.2180451
NODE_143469_length_1689_cov_3.941509	1492	1625	1	83	133	0.6240602
NODE_143469_length_1689_cov_3.941509	1492	1625	2	21	133	0.1578947
NODE_143515_length_1689_cov_2.910063	1108	1241	0	133	133	1.0000000
NODE_143575_length_1688_cov_3.570170	800	933	0	25	133	0.1879699
NODE_143575_length_1688_cov_3.570170	800	933	2	108	133	0.8120301
NODE_143581_length_1688_cov_3.374449	727	860	0	133	133	1.0000000
NODE_14361_length_6422_cov_3.969318	3869	4002	0	25	133	0.1879699
NODE_14361_length_6422_cov_3.969318	3869	4002	5	4	133	0.0300752
NODE_14361_length_6422_cov_3.969318	3869	4002	6	42	133	0.3157895
NODE_14361_length_6422_cov_3.969318	3869	4002	7	36	133	0.2706767
NODE_14361_length_6422_cov_3.969318	3869	4002	12	26	133	0.1954887
NODE_143707_length_1687_cov_3.168766	1476	1609	0	16	133	0.1203008
NODE_143707_length_1687_cov_3.168766	1476	1609	2	13	133	0.0977444
NODE_143707_length_1687_cov_3.168766	1476	1609	4	104	133	0.7819549
NODE_143773_length_1686_cov_3.773157	1251	1384	0	133	133	1.0000000
NODE_1437_length_13581_cov_4.609776	12345	12478	0	133	133	1.0000000
NODE_143857_length_1685_cov_3.970366	182	315	0	133	133	1.0000000
NODE_143880_length_1685_cov_3.489912	670	803	0	133	133	1.0000000
NODE_1438_length_13580_cov_3.849121	10563	10696	0	46	133	0.3458647
NODE_1438_length_13580_cov_3.849121	10563	10696	2	68	133	0.5112782
NODE_1438_length_13580_cov_3.849121	10563	10696	4	19	133	0.1428571
NODE_143900_length_1685_cov_3.034048	419	552	0	133	133	1.0000000
NODE_143951_length_1684_cov_4.263091	1089	1222	0	133	133	1.0000000
NODE_143986_length_1684_cov_3.234069	805	938	0	133	133	1.0000000
NODE_1440_length_13576_cov_4.178526	5557	5690	0	133	133	1.0000000
NODE_144161_length_1682_cov_4.106128	158	291	0	4	133	0.0300752
NODE_144161_length_1682_cov_4.106128	158	291	1	31	133	0.2330827
NODE_144161_length_1682_cov_4.106128	158	291	2	98	133	0.7368421
NODE_14421_length_6411_cov_19.006496	2103	2236	3	34	133	0.2556391
NODE_14421_length_6411_cov_19.006496	2103	2236	4	2	133	0.0150376
NODE_14421_length_6411_cov_19.006496	2103	2236	6	59	133	0.4436090
NODE_14421_length_6411_cov_19.006496	2103	2236	7	1	133	0.0075188
NODE_14421_length_6411_cov_19.006496	2103	2236	8	37	133	0.2781955
NODE_144300_length_1681_cov_2.910872	202	335	1	32	133	0.2406015
NODE_144300_length_1681_cov_2.910872	202	335	2	101	133	0.7593985
NODE_144375_length_1680_cov_3.757748	720	853	0	77	133	0.5789474
NODE_144375_length_1680_cov_3.757748	720	853	3	56	133	0.4210526
NODE_144406_length_1680_cov_2.994940	1161	1294	0	133	133	1.0000000
NODE_144555_length_1678_cov_3.874604	120	253	0	51	133	0.3834586
NODE_144555_length_1678_cov_3.874604	120	253	2	82	133	0.6165413
NODE_14456_length_6404_cov_3.289770	1722	1855	0	133	133	1.0000000
NODE_144599_length_1678_cov_3.196960	1208	1341	0	133	133	1.0000000
NODE_14460_length_6403_cov_3.993496	3830	3963	0	133	133	1.0000000
NODE_144632_length_1677_cov_6.411280	897	1030	2	133	133	1.0000000
NODE_14465_length_6402_cov_4.163732	3206	3339	0	17	133	0.1278196
NODE_14465_length_6402_cov_4.163732	3206	3339	2	116	133	0.8721805
NODE_1446_length_13566_cov_5.113166	1230	1363	0	133	133	1.0000000
NODE_144750_length_1676_cov_4.448320	1032	1165	0	133	133	1.0000000
NODE_144873_length_1675_cov_4.103426	1098	1231	0	133	133	1.0000000
NODE_144894_length_1675_cov_3.612310	179	312	0	133	133	1.0000000
NODE_144939_length_1675_cov_2.454949	1503	1636	1	46	133	0.3458647
NODE_144939_length_1675_cov_2.454949	1503	1636	2	12	133	0.0902256
NODE_144939_length_1675_cov_2.454949	1503	1636	3	60	133	0.4511278
NODE_144939_length_1675_cov_2.454949	1503	1636	4	15	133	0.1127820
NODE_144955_length_1674_cov_5.010794	257	390	0	133	133	1.0000000
NODE_144990_length_1674_cov_3.748571	1488	1621	2	40	133	0.3007519
NODE_144990_length_1674_cov_3.748571	1488	1621	4	93	133	0.6992481
NODE_14504_length_6392_cov_4.734467	4613	4746	3	39	133	0.2932331
NODE_14504_length_6392_cov_4.734467	4613	4746	4	50	133	0.3759398
NODE_14504_length_6392_cov_4.734467	4613	4746	5	44	133	0.3308271
NODE_145060_length_1673_cov_4.533672	725	858	0	74	133	0.5563910
NODE_145060_length_1673_cov_4.533672	725	858	4	59	133	0.4436090
NODE_145093_length_1673_cov_3.642313	568	701	0	133	133	1.0000000
NODE_145108_length_1673_cov_3.337357	367	500	0	133	133	1.0000000
NODE_145117_length_1673_cov_3.164549	293	426	0	133	133	1.0000000
NODE_145276_length_1671_cov_4.274809	866	999	0	133	133	1.0000000
NODE_14529_length_6388_cov_4.105899	6222	6355	0	133	133	1.0000000
NODE_1452_length_13558_cov_4.585036	2282	2415	0	63	133	0.4736842
NODE_1452_length_13558_cov_4.585036	2282	2415	8	70	133	0.5263158
NODE_145401_length_1670_cov_3.898154	1489	1622	0	133	133	1.0000000
NODE_145449_length_1670_cov_2.644176	302	435	3	69	133	0.5187970
NODE_145449_length_1670_cov_2.644176	302	435	4	64	133	0.4812030
NODE_145464_length_1669_cov_5.791720	1283	1416	0	16	133	0.1203008
NODE_145464_length_1669_cov_5.791720	1283	1416	1	25	133	0.1879699
NODE_145464_length_1669_cov_5.791720	1283	1416	2	92	133	0.6917293
NODE_14551_length_6383_cov_27.746340	5717	5850	0	133	133	1.0000000
NODE_145569_length_1668_cov_4.550032	1225	1358	0	65	133	0.4887218
NODE_145569_length_1668_cov_4.550032	1225	1358	2	68	133	0.5112782
NODE_1455_length_13546_cov_4.691976	12683	12816	0	10	133	0.0751880
NODE_1455_length_13546_cov_4.691976	12683	12816	2	57	133	0.4285714
NODE_1455_length_13546_cov_4.691976	12683	12816	4	66	133	0.4962406
NODE_145620_length_1668_cov_3.113448	1039	1172	0	133	133	1.0000000
NODE_145678_length_1667_cov_4.549107	106	239	0	26	133	0.1954887
NODE_145678_length_1667_cov_4.549107	106	239	1	91	133	0.6842105
NODE_145678_length_1667_cov_4.549107	106	239	2	16	133	0.1203008
NODE_14567_length_6381_cov_5.823782	3001	3134	1	40	133	0.3007519
NODE_14567_length_6381_cov_5.823782	3001	3134	2	93	133	0.6992481
NODE_145798_length_1666_cov_3.698149	1018	1151	0	133	133	1.0000000
NODE_14580_length_6380_cov_3.571565	690	823	1	113	133	0.8496240
NODE_14580_length_6380_cov_3.571565	690	823	2	20	133	0.1503759
NODE_145816_length_1666_cov_3.222719	1367	1500	0	133	133	1.0000000
NODE_145874_length_1665_cov_4.293742	1228	1361	0	133	133	1.0000000
NODE_145878_length_1665_cov_4.219668	331	464	0	41	133	0.3082707
NODE_145878_length_1665_cov_4.219668	331	464	1	25	133	0.1879699
NODE_145878_length_1665_cov_4.219668	331	464	2	67	133	0.5037594
NODE_14594_length_6377_cov_4.943931	3385	3518	0	133	133	1.0000000
NODE_146060_length_1663_cov_4.944373	1053	1186	0	50	133	0.3759398
NODE_146060_length_1663_cov_4.944373	1053	1186	2	68	133	0.5112782
NODE_146060_length_1663_cov_4.944373	1053	1186	4	15	133	0.1127820
NODE_14608_length_6375_cov_5.020395	2066	2199	0	5	133	0.0375940
NODE_14608_length_6375_cov_5.020395	2066	2199	1	128	133	0.9624060
NODE_14609_length_6375_cov_4.923040	4902	5035	1	133	133	1.0000000
NODE_14624_length_6372_cov_4.726925	6183	6316	0	27	133	0.2030075
NODE_14624_length_6372_cov_4.726925	6183	6316	1	7	133	0.0526316
NODE_14624_length_6372_cov_4.726925	6183	6316	2	99	133	0.7443609
NODE_146269_length_1661_cov_4.698464	1278	1411	0	133	133	1.0000000
NODE_146288_length_1661_cov_4.109475	738	871	0	133	133	1.0000000
NODE_14629_length_6371_cov_2.955357	2862	2995	0	133	133	1.0000000
NODE_146380_length_1660_cov_4.089045	222	355	0	64	133	0.4812030
NODE_146380_length_1660_cov_4.089045	222	355	1	44	133	0.3308271
NODE_146380_length_1660_cov_4.089045	222	355	2	25	133	0.1879699
NODE_14640_length_6369_cov_4.433812	5	138	0	67	133	0.5037594
NODE_14640_length_6369_cov_4.433812	5	138	2	66	133	0.4962406
NODE_14645_length_6368_cov_4.164301	4177	4310	0	133	133	1.0000000
NODE_146508_length_1659_cov_3.291026	1407	1540	0	133	133	1.0000000
NODE_14650_length_6367_cov_4.165603	1567	1700	0	9	133	0.0676692
NODE_14650_length_6367_cov_4.165603	1567	1700	2	18	133	0.1353384
NODE_14650_length_6367_cov_4.165603	1567	1700	4	106	133	0.7969925
NODE_146511_length_1659_cov_3.166667	1337	1470	0	133	133	1.0000000
NODE_14661_length_6363_cov_19.712484	202	335	2	10	133	0.0751880
NODE_14661_length_6363_cov_19.712484	202	335	4	32	133	0.2406015
NODE_14661_length_6363_cov_19.712484	202	335	7	26	133	0.1954887
NODE_14661_length_6363_cov_19.712484	202	335	8	17	133	0.1278196
NODE_14661_length_6363_cov_19.712484	202	335	10	48	133	0.3609022
NODE_146642_length_1658_cov_2.810776	1014	1147	1	1	133	0.0075188
NODE_146642_length_1658_cov_2.810776	1014	1147	2	1	133	0.0075188
NODE_146642_length_1658_cov_2.810776	1014	1147	3	37	133	0.2781955
NODE_146642_length_1658_cov_2.810776	1014	1147	4	94	133	0.7067669
NODE_146649_length_1658_cov_2.525978	613	746	0	133	133	1.0000000
NODE_146760_length_1656_cov_8.138728	1015	1148	4	133	133	1.0000000
NODE_14676_length_6361_cov_4.714788	1341	1474	0	133	133	1.0000000
NODE_146820_length_1656_cov_3.448298	424	557	2	71	133	0.5338346
NODE_146820_length_1656_cov_3.448298	424	557	3	62	133	0.4661654
NODE_146872_length_1655_cov_5.323907	717	850	0	30	133	0.2255639
NODE_146872_length_1655_cov_5.323907	717	850	2	103	133	0.7744361
NODE_14691_length_6357_cov_3.931608	1105	1238	0	133	133	1.0000000
NODE_14692_length_6357_cov_3.849952	2566	2699	2	24	133	0.1804511
NODE_14692_length_6357_cov_3.849952	2566	2699	3	82	133	0.6165413
NODE_14692_length_6357_cov_3.849952	2566	2699	4	10	133	0.0751880
NODE_14692_length_6357_cov_3.849952	2566	2699	5	17	133	0.1278196
NODE_146950_length_1655_cov_2.748715	106	239	0	133	133	1.0000000
NODE_147050_length_1654_cov_3.245659	658	791	0	133	133	1.0000000
NODE_14712_length_6354_cov_4.604157	2129	2262	0	133	133	1.0000000
NODE_147184_length_1653_cov_2.676963	778	911	0	10	133	0.0751880
NODE_147184_length_1653_cov_2.676963	778	911	5	123	133	0.9248120
NODE_1471_length_13495_cov_5.137429	7458	7591	0	133	133	1.0000000
NODE_147202_length_1652_cov_6.097231	158	291	0	133	133	1.0000000
NODE_14725_length_6351_cov_5.503199	4853	4986	0	133	133	1.0000000
NODE_14726_length_6351_cov_5.364363	146	279	0	133	133	1.0000000
NODE_14731_length_6350_cov_5.040474	3194	3327	0	133	133	1.0000000
NODE_147432_length_1650_cov_4.302386	117	250	0	11	133	0.0827068
NODE_147432_length_1650_cov_4.302386	117	250	1	122	133	0.9172933
NODE_14746_length_6348_cov_8.040326	936	1069	0	6	133	0.0451128
NODE_14746_length_6348_cov_8.040326	936	1069	1	1	133	0.0075188
NODE_14746_length_6348_cov_8.040326	936	1069	2	126	133	0.9473684
NODE_14751_length_6347_cov_7.857234	3444	3577	0	62	133	0.4661654
NODE_14751_length_6347_cov_7.857234	3444	3577	2	71	133	0.5338346
NODE_14752_length_6347_cov_5.654930	2808	2941	0	133	133	1.0000000
NODE_14760_length_6347_cov_3.424456	858	991	0	133	133	1.0000000
NODE_147619_length_1648_cov_5.484829	1377	1510	0	133	133	1.0000000
NODE_14765_length_6346_cov_4.027853	2676	2809	0	133	133	1.0000000
NODE_147751_length_1647_cov_3.967054	330	463	0	103	133	0.7744361
NODE_147751_length_1647_cov_3.967054	330	463	5	30	133	0.2255639
NODE_14790_length_6340_cov_6.400096	5029	5162	0	133	133	1.0000000
NODE_147920_length_1645_cov_4.683053	1219	1352	0	133	133	1.0000000
NODE_147924_length_1645_cov_4.576973	624	757	0	133	133	1.0000000
NODE_147981_length_1645_cov_3.193402	1159	1292	0	133	133	1.0000000
NODE_1479_length_13468_cov_23.798788	2432	2565	0	133	133	1.0000000
NODE_147_length_23007_cov_5.050856	17955	18088	1	23	133	0.1729323
NODE_147_length_23007_cov_5.050856	17955	18088	2	110	133	0.8270677
NODE_148217_length_1643_cov_2.626295	824	957	0	133	133	1.0000000
NODE_1482_length_13458_cov_4.514784	4760	4893	1	24	133	0.1804511
NODE_1482_length_13458_cov_4.514784	4760	4893	2	109	133	0.8195488
NODE_148351_length_1641_cov_4.269131	710	843	0	133	133	1.0000000
NODE_148375_length_1641_cov_3.761997	357	490	0	9	133	0.0676692
NODE_148375_length_1641_cov_3.761997	357	490	1	9	133	0.0676692
NODE_148375_length_1641_cov_3.761997	357	490	2	115	133	0.8646616
NODE_148440_length_1640_cov_4.976639	485	618	0	88	133	0.6616541
NODE_148440_length_1640_cov_4.976639	485	618	2	45	133	0.3383459
NODE_14852_length_6328_cov_4.677637	1342	1475	0	133	133	1.0000000
NODE_14856_length_6327_cov_5.262524	3558	3691	0	133	133	1.0000000
NODE_14860_length_6327_cov_4.313584	126	259	0	133	133	1.0000000
NODE_148654_length_1638_cov_4.538012	105	238	0	133	133	1.0000000
NODE_148666_length_1638_cov_4.252112	1108	1241	0	133	133	1.0000000
NODE_148671_length_1638_cov_4.205328	1280	1413	0	133	133	1.0000000
NODE_14867_length_6327_cov_3.338953	2276	2409	0	133	133	1.0000000
NODE_14869_length_6326_cov_5.291473	5297	5430	0	133	133	1.0000000
NODE_14873_length_6326_cov_4.299823	3521	3654	0	26	133	0.1954887
NODE_14873_length_6326_cov_4.299823	3521	3654	1	42	133	0.3157895
NODE_14873_length_6326_cov_4.299823	3521	3654	2	65	133	0.4887218
NODE_14879_length_6324_cov_4.551004	3355	3488	0	133	133	1.0000000
NODE_1487_length_13446_cov_4.274818	5922	6055	0	133	133	1.0000000
NODE_148850_length_1636_cov_4.472999	178	311	0	133	133	1.0000000
NODE_1488_length_13445_cov_4.849018	6265	6398	0	133	133	1.0000000
NODE_148945_length_1635_cov_5.358073	622	755	0	133	133	1.0000000
NODE_14907_length_6320_cov_3.992123	3959	4092	0	133	133	1.0000000
NODE_14912_length_6319_cov_4.938746	1004	1137	0	133	133	1.0000000
NODE_14913_length_6319_cov_4.692283	3331	3464	0	133	133	1.0000000
NODE_14914_length_6319_cov_3.593248	5301	5434	0	133	133	1.0000000
NODE_149153_length_1633_cov_5.116688	1380	1513	0	133	133	1.0000000
NODE_14921_length_6317_cov_5.105179	2520	2653	0	133	133	1.0000000
NODE_149222_length_1633_cov_2.749674	1039	1172	0	133	133	1.0000000
NODE_149379_length_1631_cov_4.377937	1471	1604	0	133	133	1.0000000
NODE_14941_length_6313_cov_23.566946	466	599	0	66	133	0.4962406
NODE_14941_length_6313_cov_23.566946	466	599	2	67	133	0.5037594
NODE_149432_length_1631_cov_2.954308	1482	1615	1	31	133	0.2330827
NODE_149432_length_1631_cov_2.954308	1482	1615	2	39	133	0.2932331
NODE_149432_length_1631_cov_2.954308	1482	1615	4	63	133	0.4736842
NODE_14945_length_6313_cov_4.903766	5970	6103	0	133	133	1.0000000
NODE_149473_length_1630_cov_4.158067	108	241	0	133	133	1.0000000
NODE_149488_length_1630_cov_3.772044	499	632	0	5	133	0.0375940
NODE_149488_length_1630_cov_3.772044	499	632	3	1	133	0.0075188
NODE_149488_length_1630_cov_3.772044	499	632	4	127	133	0.9548872
NODE_1494_length_13437_cov_4.770880	2425	2558	0	133	133	1.0000000
NODE_149558_length_1629_cov_4.694118	1366	1499	0	133	133	1.0000000
NODE_149663_length_1628_cov_5.309353	516	649	0	5	133	0.0375940
NODE_149663_length_1628_cov_5.309353	516	649	2	128	133	0.9624060
NODE_149707_length_1628_cov_3.820798	141	274	0	76	133	0.5714286
NODE_149707_length_1628_cov_3.820798	141	274	2	57	133	0.4285714
NODE_1497_length_13431_cov_4.335134	7317	7450	3	9	133	0.0676692
NODE_1497_length_13431_cov_4.335134	7317	7450	4	24	133	0.1804511
NODE_1497_length_13431_cov_4.335134	7317	7450	5	2	133	0.0150376
NODE_1497_length_13431_cov_4.335134	7317	7450	6	91	133	0.6842105
NODE_1497_length_13431_cov_4.335134	7317	7450	7	7	133	0.0526316
NODE_149802_length_1627_cov_4.791885	1048	1181	0	27	133	0.2030075
NODE_149802_length_1627_cov_4.791885	1048	1181	2	106	133	0.7969925
NODE_149916_length_1626_cov_4.605763	1313	1446	0	133	133	1.0000000
NODE_150049_length_1625_cov_4.320446	1040	1173	0	133	133	1.0000000
NODE_150056_length_1625_cov_4.142202	1094	1227	0	35	133	0.2631579
NODE_150056_length_1625_cov_4.142202	1094	1227	2	91	133	0.6842105
NODE_150056_length_1625_cov_4.142202	1094	1227	4	7	133	0.0526316
NODE_150114_length_1625_cov_2.802752	310	443	0	133	133	1.0000000
NODE_150115_length_1625_cov_2.798820	1321	1454	0	133	133	1.0000000
NODE_15011_length_6302_cov_4.811865	3771	3904	0	133	133	1.0000000
NODE_150196_length_1624_cov_2.998689	570	703	1	11	133	0.0827068
NODE_150196_length_1624_cov_2.998689	570	703	2	13	133	0.0977444
NODE_150196_length_1624_cov_2.998689	570	703	4	39	133	0.2932331
NODE_150196_length_1624_cov_2.998689	570	703	5	68	133	0.5112782
NODE_150196_length_1624_cov_2.998689	570	703	6	2	133	0.0150376
NODE_1501_length_13420_cov_3.509947	7696	7829	0	133	133	1.0000000
NODE_150203_length_1624_cov_2.820984	191	324	2	133	133	1.0000000
NODE_15022_length_6300_cov_5.311401	3728	3861	0	47	133	0.3533835
NODE_15022_length_6300_cov_5.311401	3728	3861	3	86	133	0.6466165
NODE_15025_length_6299_cov_4.999194	6152	6285	1	7	133	0.0526316
NODE_15025_length_6299_cov_4.999194	6152	6285	2	65	133	0.4887218
NODE_15025_length_6299_cov_4.999194	6152	6285	3	61	133	0.4586466
NODE_150267_length_1623_cov_3.914698	113	246	0	4	133	0.0300752
NODE_150267_length_1623_cov_3.914698	113	246	3	1	133	0.0075188
NODE_150267_length_1623_cov_3.914698	113	246	4	17	133	0.1278196
NODE_150267_length_1623_cov_3.914698	113	246	5	111	133	0.8345864
NODE_15031_length_6299_cov_4.087581	5491	5624	0	28	133	0.2105263
NODE_15031_length_6299_cov_4.087581	5491	5624	1	59	133	0.4436090
NODE_15031_length_6299_cov_4.087581	5491	5624	2	46	133	0.3458647
NODE_150360_length_1622_cov_4.036113	1189	1322	0	133	133	1.0000000
NODE_150404_length_1622_cov_3.154301	1196	1329	0	133	133	1.0000000
NODE_150459_length_1621_cov_4.185283	1157	1290	2	49	133	0.3684210
NODE_150459_length_1621_cov_4.185283	1157	1290	4	84	133	0.6315789
NODE_150534_length_1620_cov_35.406312	35	168	3	45	133	0.3383459
NODE_150534_length_1620_cov_35.406312	35	168	4	47	133	0.3533835
NODE_150534_length_1620_cov_35.406312	35	168	7	41	133	0.3082707
NODE_150551_length_1620_cov_5.194609	1436	1569	0	133	133	1.0000000
NODE_150672_length_1619_cov_3.827632	661	794	0	89	133	0.6691729
NODE_150672_length_1619_cov_3.827632	661	794	1	31	133	0.2330827
NODE_150672_length_1619_cov_3.827632	661	794	2	13	133	0.0977444
NODE_150778_length_1618_cov_3.484529	1439	1572	0	9	133	0.0676692
NODE_150778_length_1618_cov_3.484529	1439	1572	1	2	133	0.0150376
NODE_150778_length_1618_cov_3.484529	1439	1572	3	62	133	0.4661654
NODE_150778_length_1618_cov_3.484529	1439	1572	4	2	133	0.0150376
NODE_150778_length_1618_cov_3.484529	1439	1572	5	37	133	0.2781955
NODE_150778_length_1618_cov_3.484529	1439	1572	6	21	133	0.1578947
NODE_15079_length_6290_cov_5.263124	1879	2012	2	10	133	0.0751880
NODE_15079_length_6290_cov_5.263124	1879	2012	4	123	133	0.9248120
NODE_150845_length_1617_cov_4.764822	1032	1165	0	133	133	1.0000000
NODE_150923_length_1616_cov_564.305867	549	682	4	4	133	0.0300752
NODE_150923_length_1616_cov_564.305867	549	682	6	12	133	0.0902256
NODE_150923_length_1616_cov_564.305867	549	682	7	12	133	0.0902256
NODE_150923_length_1616_cov_564.305867	549	682	8	4	133	0.0300752
NODE_150923_length_1616_cov_564.305867	549	682	10	3	133	0.0225564
NODE_150923_length_1616_cov_564.305867	549	682	12	10	133	0.0751880
NODE_150923_length_1616_cov_564.305867	549	682	13	8	133	0.0601504
NODE_150923_length_1616_cov_564.305867	549	682	14	7	133	0.0526316
NODE_150923_length_1616_cov_564.305867	549	682	16	1	133	0.0075188
NODE_150923_length_1616_cov_564.305867	549	682	17	9	133	0.0676692
NODE_150923_length_1616_cov_564.305867	549	682	18	10	133	0.0751880
NODE_150923_length_1616_cov_564.305867	549	682	19	15	133	0.1127820
NODE_150923_length_1616_cov_564.305867	549	682	20	16	133	0.1203008
NODE_150923_length_1616_cov_564.305867	549	682	21	15	133	0.1127820
NODE_150923_length_1616_cov_564.305867	549	682	22	5	133	0.0375940
NODE_150923_length_1616_cov_564.305867	549	682	23	2	133	0.0150376
NODE_150_length_22975_cov_4.278195	18651	18784	0	133	133	1.0000000
NODE_151109_length_1615_cov_3.544195	927	1060	0	133	133	1.0000000
NODE_15114_length_6284_cov_3.857720	769	902	0	133	133	1.0000000
NODE_151194_length_1614_cov_4.154455	825	958	0	133	133	1.0000000
NODE_151390_length_1612_cov_4.608063	1286	1419	0	133	133	1.0000000
NODE_151426_length_1612_cov_3.604759	312	445	0	19	133	0.1428571
NODE_151426_length_1612_cov_3.604759	312	445	1	14	133	0.1052632
NODE_151426_length_1612_cov_3.604759	312	445	2	100	133	0.7518797
NODE_151506_length_1611_cov_4.710979	835	968	2	48	133	0.3609022
NODE_151506_length_1611_cov_4.710979	835	968	4	85	133	0.6390978
NODE_15157_length_6276_cov_24.110733	1696	1829	0	133	133	1.0000000
NODE_151827_length_1608_cov_4.592445	818	951	0	133	133	1.0000000
NODE_15187_length_6270_cov_4.799222	32	165	0	133	133	1.0000000
NODE_151967_length_1607_cov_3.611406	581	714	0	133	133	1.0000000
NODE_152025_length_1606_cov_5.270737	1270	1403	0	133	133	1.0000000
NODE_15203_length_6267_cov_4.052691	3687	3820	0	133	133	1.0000000
NODE_15223_length_6265_cov_3.961401	5609	5742	0	133	133	1.0000000
NODE_152298_length_1604_cov_3.998671	878	1011	0	133	133	1.0000000
NODE_15233_length_6263_cov_4.133030	2864	2997	0	133	133	1.0000000
NODE_152389_length_1603_cov_3.946809	1204	1337	2	133	133	1.0000000
NODE_1523_length_13369_cov_4.111756	2727	2860	0	133	133	1.0000000
NODE_152461_length_1602_cov_4.876913	383	516	0	133	133	1.0000000
NODE_15253_length_6259_cov_4.554221	3518	3651	4	109	133	0.8195488
NODE_15253_length_6259_cov_4.554221	3518	3651	7	1	133	0.0075188
NODE_15253_length_6259_cov_4.554221	3518	3651	8	23	133	0.1729323
NODE_152599_length_1601_cov_3.978029	1045	1178	0	8	133	0.0601504
NODE_152599_length_1601_cov_3.978029	1045	1178	1	60	133	0.4511278
NODE_152599_length_1601_cov_3.978029	1045	1178	3	65	133	0.4887218
NODE_152700_length_1600_cov_4.471686	102	235	0	133	133	1.0000000
NODE_15272_length_6256_cov_4.734124	5097	5230	2	47	133	0.3533835
NODE_15272_length_6256_cov_4.734124	5097	5230	3	4	133	0.0300752
NODE_15272_length_6256_cov_4.734124	5097	5230	4	82	133	0.6165413
NODE_15275_length_6256_cov_4.430567	702	835	0	133	133	1.0000000
NODE_153136_length_1596_cov_4.237141	1289	1422	3	15	133	0.1127820
NODE_153136_length_1596_cov_4.237141	1289	1422	4	6	133	0.0451128
NODE_153136_length_1596_cov_4.237141	1289	1422	5	40	133	0.3007519
NODE_153136_length_1596_cov_4.237141	1289	1422	6	29	133	0.2180451
NODE_153136_length_1596_cov_4.237141	1289	1422	7	5	133	0.0375940
NODE_153136_length_1596_cov_4.237141	1289	1422	8	38	133	0.2857143
NODE_153178_length_1596_cov_3.340013	718	851	1	86	133	0.6466165
NODE_153178_length_1596_cov_3.340013	718	851	2	47	133	0.3533835
NODE_153184_length_1596_cov_3.183033	294	427	0	133	133	1.0000000
NODE_153211_length_1596_cov_1.732799	378	511	0	133	133	1.0000000
NODE_153219_length_1595_cov_6.521390	111	244	2	36	133	0.2706767
NODE_153219_length_1595_cov_6.521390	111	244	3	19	133	0.1428571
NODE_153219_length_1595_cov_6.521390	111	244	4	65	133	0.4887218
NODE_153219_length_1595_cov_6.521390	111	244	5	13	133	0.0977444
NODE_153432_length_1593_cov_5.350736	1258	1391	0	133	133	1.0000000
NODE_153442_length_1593_cov_4.658635	207	340	1	4	133	0.0300752
NODE_153442_length_1593_cov_4.658635	207	340	3	1	133	0.0075188
NODE_153442_length_1593_cov_4.658635	207	340	4	25	133	0.1879699
NODE_153442_length_1593_cov_4.658635	207	340	5	4	133	0.0300752
NODE_153442_length_1593_cov_4.658635	207	340	6	4	133	0.0300752
NODE_153442_length_1593_cov_4.658635	207	340	7	48	133	0.3609022
NODE_153442_length_1593_cov_4.658635	207	340	9	47	133	0.3533835
NODE_153477_length_1593_cov_3.714190	117	250	0	133	133	1.0000000
NODE_153527_length_1592_cov_5.612190	1147	1280	2	32	133	0.2406015
NODE_153527_length_1592_cov_5.612190	1147	1280	4	101	133	0.7593985
NODE_15357_length_6241_cov_4.758222	3462	3595	0	133	133	1.0000000
NODE_153619_length_1592_cov_2.624916	1043	1176	0	116	133	0.8721805
NODE_153619_length_1592_cov_2.624916	1043	1176	2	17	133	0.1278196
NODE_153655_length_1591_cov_4.892091	1418	1551	0	133	133	1.0000000
NODE_153670_length_1591_cov_4.305630	1264	1397	0	133	133	1.0000000
NODE_15379_length_6238_cov_5.582668	5357	5490	1	49	133	0.3684210
NODE_15379_length_6238_cov_5.582668	5357	5490	2	84	133	0.6315789
NODE_15387_length_6237_cov_5.557348	2459	2592	2	55	133	0.4135338
NODE_15387_length_6237_cov_5.557348	2459	2592	5	78	133	0.5864662
NODE_154125_length_1587_cov_4.679435	851	984	0	133	133	1.0000000
NODE_15416_length_6234_cov_4.307579	4878	5011	0	133	133	1.0000000
NODE_1541_length_13336_cov_5.498451	11183	11316	0	133	133	1.0000000
NODE_15423_length_6233_cov_4.562439	5517	5650	0	133	133	1.0000000
NODE_154241_length_1586_cov_4.804304	1004	1137	0	85	133	0.6390978
NODE_154241_length_1586_cov_4.804304	1004	1137	4	48	133	0.3609022
NODE_15424_length_6233_cov_3.808771	2486	2619	1	19	133	0.1428571
NODE_15424_length_6233_cov_3.808771	2486	2619	3	74	133	0.5563910
NODE_15424_length_6233_cov_3.808771	2486	2619	4	40	133	0.3007519
NODE_154360_length_1585_cov_4.361373	1051	1184	0	133	133	1.0000000
NODE_15444_length_6229_cov_5.368842	1798	1931	0	133	133	1.0000000
NODE_15446_length_6229_cov_4.043393	1527	1660	0	133	133	1.0000000
NODE_15450_length_6228_cov_4.655735	1899	2032	0	133	133	1.0000000
NODE_15455_length_6227_cov_4.200065	2075	2208	0	133	133	1.0000000
NODE_154560_length_1583_cov_4.307951	225	358	1	27	133	0.2030075
NODE_154560_length_1583_cov_4.307951	225	358	2	16	133	0.1203008
NODE_154560_length_1583_cov_4.307951	225	358	3	90	133	0.6766917
NODE_154563_length_1583_cov_4.203504	756	889	0	133	133	1.0000000
NODE_154647_length_1583_cov_1.622642	1365	1498	0	133	133	1.0000000
NODE_15464_length_6225_cov_4.154587	2379	2512	0	133	133	1.0000000
NODE_154655_length_1582_cov_5.534727	1179	1312	0	133	133	1.0000000
NODE_154683_length_1582_cov_4.348618	467	600	0	16	133	0.1203008
NODE_154683_length_1582_cov_4.348618	467	600	2	92	133	0.6917293
NODE_154683_length_1582_cov_4.348618	467	600	4	25	133	0.1879699
NODE_154693_length_1582_cov_4.175320	1048	1181	0	52	133	0.3909774
NODE_154693_length_1582_cov_4.175320	1048	1181	1	81	133	0.6090226
NODE_154720_length_1582_cov_3.478085	713	846	0	133	133	1.0000000
NODE_15472_length_6223_cov_3.811398	4388	4521	0	133	133	1.0000000
NODE_15473_length_6223_cov_3.445787	4552	4685	0	34	133	0.2556391
NODE_15473_length_6223_cov_3.445787	4552	4685	2	23	133	0.1729323
NODE_15473_length_6223_cov_3.445787	4552	4685	3	31	133	0.2330827
NODE_15473_length_6223_cov_3.445787	4552	4685	4	45	133	0.3383459
NODE_15475_length_6222_cov_4.596766	1654	1787	0	133	133	1.0000000
NODE_154760_length_1582_cov_2.474713	1029	1162	0	133	133	1.0000000
NODE_154831_length_1581_cov_3.226721	116	249	0	28	133	0.2105263
NODE_154831_length_1581_cov_3.226721	116	249	1	105	133	0.7894737
NODE_154866_length_1580_cov_5.215395	1307	1440	0	29	133	0.2180451
NODE_154866_length_1580_cov_5.215395	1307	1440	3	95	133	0.7142857
NODE_154866_length_1580_cov_5.215395	1307	1440	6	9	133	0.0676692
NODE_15488_length_6219_cov_5.077941	4896	5029	1	56	133	0.4210526
NODE_15488_length_6219_cov_5.077941	4896	5029	2	77	133	0.5789474
NODE_155003_length_1579_cov_4.622297	1421	1554	0	133	133	1.0000000
NODE_155168_length_1578_cov_3.243408	380	513	0	133	133	1.0000000
NODE_15517_length_6215_cov_4.264225	2034	2167	0	133	133	1.0000000
NODE_1551_length_13316_cov_4.157978	12016	12149	0	133	133	1.0000000
NODE_1552_length_13315_cov_4.305236	10025	10158	0	133	133	1.0000000
NODE_155339_length_1576_cov_4.712255	908	1041	0	133	133	1.0000000
NODE_155376_length_1576_cov_3.696682	1002	1135	0	133	133	1.0000000
NODE_1553_length_13311_cov_4.590372	5076	5209	0	133	133	1.0000000
NODE_155467_length_1575_cov_4.368564	554	687	0	133	133	1.0000000
NODE_1554_length_13308_cov_4.674767	1086	1219	0	38	133	0.2857143
NODE_1554_length_13308_cov_4.674767	1086	1219	1	45	133	0.3383459
NODE_1554_length_13308_cov_4.674767	1086	1219	2	50	133	0.3759398
NODE_155525_length_1575_cov_3.184959	683	816	0	133	133	1.0000000
NODE_15566_length_6205_cov_3.869145	3259	3392	0	48	133	0.3609022
NODE_15566_length_6205_cov_3.869145	3259	3392	1	19	133	0.1428571
NODE_15566_length_6205_cov_3.869145	3259	3392	2	66	133	0.4962406
NODE_155836_length_1572_cov_4.200950	221	354	0	133	133	1.0000000
NODE_15586_length_6202_cov_3.040636	3014	3147	0	22	133	0.1654135
NODE_15586_length_6202_cov_3.040636	3014	3147	1	45	133	0.3383459
NODE_15586_length_6202_cov_3.040636	3014	3147	2	66	133	0.4962406
NODE_155969_length_1571_cov_3.789402	410	543	0	133	133	1.0000000
NODE_155997_length_1571_cov_3.255435	576	709	0	133	133	1.0000000
NODE_15603_length_6199_cov_4.486393	1017	1150	0	133	133	1.0000000
NODE_15608_length_6198_cov_5.221184	4591	4724	1	31	133	0.2330827
NODE_15608_length_6198_cov_5.221184	4591	4724	2	36	133	0.2706767
NODE_15608_length_6198_cov_5.221184	4591	4724	3	9	133	0.0676692
NODE_15608_length_6198_cov_5.221184	4591	4724	5	22	133	0.1654135
NODE_15608_length_6198_cov_5.221184	4591	4724	6	35	133	0.2631579
NODE_15613_length_6198_cov_3.553369	4301	4434	0	64	133	0.4812030
NODE_15613_length_6198_cov_3.553369	4301	4434	2	69	133	0.5187970
NODE_156150_length_1569_cov_5.507483	124	257	0	133	133	1.0000000
NODE_1561_length_13287_cov_4.752275	3013	3146	1	45	133	0.3383459
NODE_1561_length_13287_cov_4.752275	3013	3146	2	82	133	0.6165413
NODE_1561_length_13287_cov_4.752275	3013	3146	3	6	133	0.0451128
NODE_156272_length_1568_cov_4.529612	1438	1571	0	133	133	1.0000000
NODE_156369_length_1567_cov_5.978202	359	492	0	133	133	1.0000000
NODE_1564_length_13279_cov_4.078907	10096	10229	0	133	133	1.0000000
NODE_156516_length_1566_cov_4.166326	1344	1477	3	133	133	1.0000000
NODE_156835_length_1563_cov_4.653689	1194	1327	0	133	133	1.0000000
NODE_156858_length_1563_cov_3.982240	1137	1270	0	133	133	1.0000000
NODE_156961_length_1562_cov_4.414901	367	500	0	133	133	1.0000000
NODE_156970_length_1562_cov_4.226931	877	1010	2	20	133	0.1503759
NODE_156970_length_1562_cov_4.226931	877	1010	4	6	133	0.0451128
NODE_156970_length_1562_cov_4.226931	877	1010	5	15	133	0.1127820
NODE_156970_length_1562_cov_4.226931	877	1010	6	92	133	0.6917293
NODE_156990_length_1562_cov_3.692413	1257	1390	0	133	133	1.0000000
NODE_15703_length_6183_cov_4.558843	5035	5168	0	66	133	0.4962406
NODE_15703_length_6183_cov_4.558843	5035	5168	2	67	133	0.5037594
NODE_15705_length_6182_cov_4.669078	1998	2131	0	73	133	0.5488722
NODE_15705_length_6182_cov_4.669078	1998	2131	2	60	133	0.4511278
NODE_1570_length_13258_cov_4.646250	10105	10238	0	133	133	1.0000000
NODE_15717_length_6181_cov_3.817330	1051	1184	0	133	133	1.0000000
NODE_157458_length_1558_cov_3.542152	1155	1288	2	46	133	0.3458647
NODE_157458_length_1558_cov_3.542152	1155	1288	3	11	133	0.0827068
NODE_157458_length_1558_cov_3.542152	1155	1288	4	56	133	0.4210526
NODE_157458_length_1558_cov_3.542152	1155	1288	5	20	133	0.1503759
NODE_157526_length_1557_cov_4.469822	71	204	0	69	133	0.5187970
NODE_157526_length_1557_cov_4.469822	71	204	2	64	133	0.4812030
NODE_157550_length_1557_cov_3.951989	1026	1159	0	133	133	1.0000000
NODE_157748_length_1555_cov_4.682005	266	399	0	133	133	1.0000000
NODE_157876_length_1554_cov_4.518213	212	345	0	133	133	1.0000000
NODE_157913_length_1554_cov_3.463918	973	1106	0	133	133	1.0000000
NODE_158139_length_1552_cov_3.804542	179	312	0	133	133	1.0000000
NODE_15821_length_6163_cov_4.544525	119	252	0	133	133	1.0000000
NODE_158230_length_1551_cov_4.869146	864	997	0	9	133	0.0676692
NODE_158230_length_1551_cov_4.869146	864	997	4	58	133	0.4360902
NODE_158230_length_1551_cov_4.869146	864	997	5	1	133	0.0075188
NODE_158230_length_1551_cov_4.869146	864	997	8	65	133	0.4887218
NODE_15827_length_6163_cov_3.384894	2086	2219	0	133	133	1.0000000
NODE_158293_length_1551_cov_3.219697	175	308	0	9	133	0.0676692
NODE_158293_length_1551_cov_3.219697	175	308	2	75	133	0.5639098
NODE_158293_length_1551_cov_3.219697	175	308	4	49	133	0.3684210
NODE_158368_length_1550_cov_4.301861	1040	1173	0	133	133	1.0000000
NODE_158370_length_1550_cov_4.234321	473	606	0	133	133	1.0000000
NODE_1584_length_13219_cov_4.703125	4469	4602	0	133	133	1.0000000
NODE_158566_length_1548_cov_58.413389	515	648	15	12	133	0.0902256
NODE_158566_length_1548_cov_58.413389	515	648	18	36	133	0.2706767
NODE_158566_length_1548_cov_58.413389	515	648	19	16	133	0.1203008
NODE_158566_length_1548_cov_58.413389	515	648	20	12	133	0.0902256
NODE_158566_length_1548_cov_58.413389	515	648	22	17	133	0.1278196
NODE_158566_length_1548_cov_58.413389	515	648	23	40	133	0.3007519
NODE_158597_length_1548_cov_4.345066	855	988	2	40	133	0.3007519
NODE_158597_length_1548_cov_4.345066	855	988	3	1	133	0.0075188
NODE_158597_length_1548_cov_4.345066	855	988	6	18	133	0.1353384
NODE_158597_length_1548_cov_4.345066	855	988	7	74	133	0.5563910
NODE_15859_length_6159_cov_4.253795	667	800	0	49	133	0.3684210
NODE_15859_length_6159_cov_4.253795	667	800	1	84	133	0.6315789
NODE_15876_length_6156_cov_5.625722	3231	3364	0	133	133	1.0000000
NODE_1588_length_13213_cov_7.179808	9246	9379	0	133	133	1.0000000
NODE_158915_length_1545_cov_4.477870	129	262	0	133	133	1.0000000
NODE_15892_length_6154_cov_3.938728	3229	3362	0	133	133	1.0000000
NODE_158942_length_1545_cov_3.488243	531	664	0	133	133	1.0000000
NODE_158_length_22798_cov_4.555135	18592	18725	0	133	133	1.0000000
NODE_15902_length_6152_cov_4.265488	219	352	0	133	133	1.0000000
NODE_15906_length_6151_cov_5.284699	3868	4001	0	133	133	1.0000000
NODE_1590_length_13210_cov_3.988788	13033	13166	0	133	133	1.0000000
NODE_159116_length_1543_cov_5.542936	662	795	2	18	133	0.1353384
NODE_159116_length_1543_cov_5.542936	662	795	3	113	133	0.8496240
NODE_159116_length_1543_cov_5.542936	662	795	5	2	133	0.0150376
NODE_1593_length_13196_cov_8.232343	12151	12284	0	133	133	1.0000000
NODE_15940_length_6145_cov_4.828978	1023	1156	0	133	133	1.0000000
NODE_15947_length_6144_cov_4.513648	3119	3252	3	50	133	0.3759398
NODE_15947_length_6144_cov_4.513648	3119	3252	6	3	133	0.0225564
NODE_15947_length_6144_cov_4.513648	3119	3252	7	43	133	0.3233083
NODE_15947_length_6144_cov_4.513648	3119	3252	9	37	133	0.2781955
NODE_159483_length_1540_cov_4.791811	771	904	0	133	133	1.0000000
NODE_1594_length_13190_cov_4.041937	6973	7106	0	133	133	1.0000000
NODE_159504_length_1540_cov_4.104788	265	398	1	4	133	0.0300752
NODE_159504_length_1540_cov_4.104788	265	398	2	18	133	0.1353384
NODE_159504_length_1540_cov_4.104788	265	398	7	36	133	0.2706767
NODE_159504_length_1540_cov_4.104788	265	398	8	35	133	0.2631579
NODE_159504_length_1540_cov_4.104788	265	398	9	40	133	0.3007519
NODE_15952_length_6144_cov_3.672953	2352	2485	0	133	133	1.0000000
NODE_15955_length_6142_cov_5.166970	5843	5976	0	133	133	1.0000000
NODE_159608_length_1539_cov_4.884722	774	907	0	133	133	1.0000000
NODE_15966_length_6140_cov_5.057441	5474	5607	1	13	133	0.0977444
NODE_15966_length_6140_cov_5.057441	5474	5607	2	83	133	0.6240602
NODE_15966_length_6140_cov_5.057441	5474	5607	3	37	133	0.2781955
NODE_159798_length_1538_cov_2.822794	276	409	0	9	133	0.0676692
NODE_159798_length_1538_cov_2.822794	276	409	1	17	133	0.1278196
NODE_159798_length_1538_cov_2.822794	276	409	2	14	133	0.1052632
NODE_159798_length_1538_cov_2.822794	276	409	5	4	133	0.0300752
NODE_159798_length_1538_cov_2.822794	276	409	6	86	133	0.6466165
NODE_159798_length_1538_cov_2.822794	276	409	9	3	133	0.0225564
NODE_159833_length_1537_cov_5.105702	100	233	0	133	133	1.0000000
NODE_1598_length_13181_cov_4.047776	9257	9390	0	133	133	1.0000000
NODE_159944_length_1536_cov_4.859429	1095	1228	0	133	133	1.0000000
NODE_159987_length_1536_cov_3.686848	109	242	0	133	133	1.0000000
NODE_1599_length_13179_cov_9.050535	7581	7714	0	84	133	0.6315789
NODE_1599_length_13179_cov_9.050535	7581	7714	1	14	133	0.1052632
NODE_1599_length_13179_cov_9.050535	7581	7714	2	35	133	0.2631579
NODE_15_length_35196_cov_4.624583	22097	22230	0	133	133	1.0000000
NODE_16004_length_6134_cov_5.062966	2385	2518	0	6	133	0.0451128
NODE_16004_length_6134_cov_5.062966	2385	2518	2	127	133	0.9548872
NODE_160331_length_1533_cov_4.013947	151	284	1	100	133	0.7518797
NODE_160331_length_1533_cov_4.013947	151	284	2	33	133	0.2481203
NODE_1603_length_13173_cov_4.037479	11262	11395	0	133	133	1.0000000
NODE_16042_length_6128_cov_4.657489	3883	4016	0	69	133	0.5187970
NODE_16042_length_6128_cov_4.657489	3883	4016	2	64	133	0.4812030
NODE_160439_length_1532_cov_3.993022	1025	1158	0	19	133	0.1428571
NODE_160439_length_1532_cov_3.993022	1025	1158	1	54	133	0.4060150
NODE_160439_length_1532_cov_3.993022	1025	1158	2	60	133	0.4511278
NODE_16045_length_6128_cov_4.284956	248	381	0	7	133	0.0526316
NODE_16045_length_6128_cov_4.284956	248	381	2	126	133	0.9473684
NODE_16046_length_6128_cov_4.115276	1991	2124	0	133	133	1.0000000
NODE_16072_length_6123_cov_4.184097	4923	5056	0	133	133	1.0000000
NODE_16075_length_6123_cov_3.727922	2772	2905	0	2	133	0.0150376
NODE_16075_length_6123_cov_3.727922	2772	2905	6	131	133	0.9849624
NODE_160832_length_1529_cov_2.837063	646	779	0	133	133	1.0000000
NODE_160899_length_1528_cov_4.071379	1131	1264	0	133	133	1.0000000
NODE_160909_length_1528_cov_3.852344	1041	1174	4	26	133	0.1954887
NODE_160909_length_1528_cov_3.852344	1041	1174	6	71	133	0.5338346
NODE_160909_length_1528_cov_3.852344	1041	1174	8	4	133	0.0300752
NODE_160909_length_1528_cov_3.852344	1041	1174	10	32	133	0.2406015
NODE_161123_length_1526_cov_5.454100	181	314	0	133	133	1.0000000
NODE_161189_length_1526_cov_3.428171	906	1039	0	133	133	1.0000000
NODE_161250_length_1525_cov_4.765778	1098	1231	0	133	133	1.0000000
NODE_161266_length_1525_cov_4.349930	209	342	0	133	133	1.0000000
NODE_1613_length_13151_cov_17.555547	8862	8995	0	133	133	1.0000000
NODE_16147_length_6112_cov_3.988525	1900	2033	0	133	133	1.0000000
NODE_16150_length_6111_cov_4.417831	365	498	0	133	133	1.0000000
NODE_16152_length_6111_cov_4.189621	342	475	0	37	133	0.2781955
NODE_16152_length_6111_cov_4.189621	342	475	3	12	133	0.0902256
NODE_16152_length_6111_cov_4.189621	342	475	4	44	133	0.3308271
NODE_16152_length_6111_cov_4.189621	342	475	5	40	133	0.3007519
NODE_16158_length_6109_cov_4.597171	4972	5105	0	133	133	1.0000000
NODE_16165_length_6108_cov_3.313030	660	793	0	133	133	1.0000000
NODE_161677_length_1522_cov_3.572031	0	133	0	133	133	1.0000000
NODE_16169_length_6107_cov_4.850033	5352	5485	0	133	133	1.0000000
NODE_16174_length_6106_cov_3.908440	522	655	0	8	133	0.0601504
NODE_16174_length_6106_cov_3.908440	522	655	1	55	133	0.4135338
NODE_16174_length_6106_cov_3.908440	522	655	2	70	133	0.5263158
NODE_16178_length_6105_cov_22.597736	2249	2382	1	20	133	0.1503759
NODE_16178_length_6105_cov_22.597736	2249	2382	2	113	133	0.8496240
NODE_16189_length_6103_cov_4.749500	1647	1780	0	48	133	0.3609022
NODE_16189_length_6103_cov_4.749500	1647	1780	2	85	133	0.6390978
NODE_16191_length_6103_cov_3.901399	4188	4321	1	92	133	0.6917293
NODE_16191_length_6103_cov_3.901399	4188	4321	2	41	133	0.3082707
NODE_16196_length_6102_cov_4.942695	2317	2450	0	133	133	1.0000000
NODE_161985_length_1519_cov_5.174648	801	934	0	28	133	0.2105263
NODE_161985_length_1519_cov_5.174648	801	934	1	3	133	0.0225564
NODE_161985_length_1519_cov_5.174648	801	934	2	102	133	0.7669173
NODE_162000_length_1519_cov_4.649296	363	496	0	31	133	0.2330827
NODE_162000_length_1519_cov_4.649296	363	496	2	102	133	0.7669173
NODE_162002_length_1519_cov_4.546479	634	767	0	133	133	1.0000000
NODE_162178_length_1518_cov_3.059197	255	388	0	133	133	1.0000000
NODE_162279_length_1517_cov_3.717207	769	902	0	18	133	0.1353384
NODE_162279_length_1517_cov_3.717207	769	902	1	70	133	0.5263158
NODE_162279_length_1517_cov_3.717207	769	902	2	45	133	0.3383459
NODE_162280_length_1517_cov_3.639633	331	464	0	133	133	1.0000000
NODE_162281_length_1517_cov_3.617066	93	226	0	133	133	1.0000000
NODE_162352_length_1516_cov_4.800282	414	547	0	133	133	1.0000000
NODE_162449_length_1516_cov_2.389555	1339	1472	0	133	133	1.0000000
NODE_16245_length_6094_cov_6.715430	5173	5306	0	133	133	1.0000000
NODE_162518_length_1515_cov_3.282486	398	531	0	133	133	1.0000000
NODE_162581_length_1514_cov_4.691166	828	961	0	133	133	1.0000000
NODE_162806_length_1512_cov_4.814579	1161	1294	0	133	133	1.0000000
NODE_162866_length_1512_cov_3.573248	169	302	0	133	133	1.0000000
NODE_162991_length_1511_cov_3.347025	814	947	0	133	133	1.0000000
NODE_162_length_22734_cov_4.155202	12941	13074	0	39	133	0.2932331
NODE_162_length_22734_cov_4.155202	12941	13074	1	21	133	0.1578947
NODE_162_length_22734_cov_4.155202	12941	13074	2	73	133	0.5488722
NODE_163059_length_1510_cov_4.304748	1294	1427	0	133	133	1.0000000
NODE_163147_length_1509_cov_5.619858	728	861	0	133	133	1.0000000
NODE_163157_length_1509_cov_4.980142	253	386	0	133	133	1.0000000
NODE_163170_length_1509_cov_4.385816	443	576	0	133	133	1.0000000
NODE_16320_length_6083_cov_3.653910	142	275	0	52	133	0.3909774
NODE_16320_length_6083_cov_3.653910	142	275	2	81	133	0.6090226
NODE_16328_length_6081_cov_3.817620	1205	1338	0	133	133	1.0000000
NODE_1634_length_13113_cov_8.797526	5847	5980	0	17	133	0.1278196
NODE_1634_length_13113_cov_8.797526	5847	5980	1	20	133	0.1503759
NODE_1634_length_13113_cov_8.797526	5847	5980	2	96	133	0.7218045
NODE_163531_length_1506_cov_3.809524	234	367	0	133	133	1.0000000
NODE_163586_length_1506_cov_2.432836	665	798	0	133	133	1.0000000
NODE_1635_length_13113_cov_5.070693	11082	11215	0	133	133	1.0000000
NODE_163626_length_1505_cov_4.701991	553	686	0	48	133	0.3609022
NODE_163626_length_1505_cov_4.701991	553	686	2	53	133	0.3984962
NODE_163626_length_1505_cov_4.701991	553	686	4	32	133	0.2406015
NODE_163733_length_1504_cov_4.390036	1186	1319	0	133	133	1.0000000
NODE_163740_length_1504_cov_4.187900	716	849	0	2	133	0.0150376
NODE_163740_length_1504_cov_4.187900	716	849	2	67	133	0.5037594
NODE_163740_length_1504_cov_4.187900	716	849	4	64	133	0.4812030
NODE_163863_length_1503_cov_4.127493	760	893	0	133	133	1.0000000
NODE_1638_length_13108_cov_4.728726	5762	5895	0	26	133	0.1954887
NODE_1638_length_13108_cov_4.728726	5762	5895	2	107	133	0.8045112
NODE_164032_length_1502_cov_2.601568	723	856	0	133	133	1.0000000
NODE_164048_length_1501_cov_5.455777	1223	1356	0	133	133	1.0000000
NODE_164057_length_1501_cov_4.952924	685	818	0	15	133	0.1127820
NODE_164057_length_1501_cov_4.952924	685	818	2	118	133	0.8872181
NODE_1640_length_13104_cov_4.989850	5103	5236	0	133	133	1.0000000
NODE_16411_length_6067_cov_5.241957	2206	2339	0	133	133	1.0000000
NODE_164252_length_1500_cov_2.708066	286	419	0	133	133	1.0000000
NODE_16430_length_6064_cov_4.637049	2338	2471	0	133	133	1.0000000
NODE_16444_length_6062_cov_3.815697	3251	3384	0	133	133	1.0000000
NODE_16445_length_6061_cov_4.674270	2488	2621	3	46	133	0.3458647
NODE_16445_length_6061_cov_4.674270	2488	2621	4	30	133	0.2255639
NODE_16445_length_6061_cov_4.674270	2488	2621	5	33	133	0.2481203
NODE_16445_length_6061_cov_4.674270	2488	2621	7	24	133	0.1804511
NODE_16451_length_6061_cov_2.786984	2244	2377	0	133	133	1.0000000
NODE_16454_length_6060_cov_4.732092	3499	3632	0	133	133	1.0000000
NODE_16458_length_6060_cov_3.609629	4863	4996	0	133	133	1.0000000
NODE_16480_length_6056_cov_3.994628	2438	2571	1	22	133	0.1654135
NODE_16480_length_6056_cov_3.994628	2438	2571	3	104	133	0.7819549
NODE_16480_length_6056_cov_3.994628	2438	2571	4	7	133	0.0526316
NODE_164825_length_1495_cov_3.595272	629	762	0	133	133	1.0000000
NODE_164830_length_1495_cov_3.455587	788	921	0	133	133	1.0000000
NODE_164876_length_1494_cov_7.347670	0	133	0	133	133	1.0000000
NODE_16489_length_6053_cov_4.978670	5599	5732	0	133	133	1.0000000
NODE_165039_length_1493_cov_5.205882	448	581	0	43	133	0.3233083
NODE_165039_length_1493_cov_5.205882	448	581	2	90	133	0.6766917
NODE_165097_length_1493_cov_3.696557	431	564	0	133	133	1.0000000
NODE_165136_length_1493_cov_2.826399	1104	1237	1	21	133	0.1578947
NODE_165136_length_1493_cov_2.826399	1104	1237	2	112	133	0.8421053
NODE_165158_length_1492_cov_5.240488	488	621	0	133	133	1.0000000
NODE_16518_length_6051_cov_3.393481	483	616	0	133	133	1.0000000
NODE_165318_length_1491_cov_4.064655	1155	1288	0	37	133	0.2781955
NODE_165318_length_1491_cov_4.064655	1155	1288	1	34	133	0.2556391
NODE_165318_length_1491_cov_4.064655	1155	1288	2	62	133	0.4661654
NODE_165321_length_1491_cov_4.013649	1022	1155	0	133	133	1.0000000
NODE_16533_length_6048_cov_4.578417	4272	4405	0	133	133	1.0000000
NODE_165424_length_1490_cov_3.969087	560	693	0	133	133	1.0000000
NODE_165437_length_1490_cov_3.772106	854	987	0	53	133	0.3984962
NODE_165437_length_1490_cov_3.772106	854	987	1	20	133	0.1503759
NODE_165437_length_1490_cov_3.772106	854	987	2	60	133	0.4511278
NODE_165476_length_1490_cov_3.151689	288	421	0	133	133	1.0000000
NODE_165492_length_1490_cov_2.770669	735	868	0	133	133	1.0000000
NODE_165566_length_1489_cov_3.944604	136	269	0	133	133	1.0000000
NODE_16556_length_6045_cov_4.949210	3550	3683	0	133	133	1.0000000
NODE_165587_length_1489_cov_3.675540	925	1058	0	133	133	1.0000000
NODE_1656_length_13069_cov_4.764765	2162	2295	0	133	133	1.0000000
NODE_165787_length_1487_cov_5.962536	1224	1357	0	133	133	1.0000000
NODE_1657_length_13066_cov_12.679880	8686	8819	1	57	133	0.4285714
NODE_1657_length_13066_cov_12.679880	8686	8819	2	76	133	0.5714286
NODE_165878_length_1487_cov_2.217579	294	427	0	133	133	1.0000000
NODE_16598_length_6039_cov_5.137205	1209	1342	0	38	133	0.2857143
NODE_16598_length_6039_cov_5.137205	1209	1342	2	47	133	0.3533835
NODE_16598_length_6039_cov_5.137205	1209	1342	4	48	133	0.3609022
NODE_16605_length_6037_cov_102.081341	4851	4984	0	60	133	0.4511278
NODE_16605_length_6037_cov_102.081341	4851	4984	2	25	133	0.1879699
NODE_16605_length_6037_cov_102.081341	4851	4984	4	48	133	0.3609022
NODE_16606_length_6037_cov_93.815426	4274	4407	0	133	133	1.0000000
NODE_166084_length_1485_cov_3.136364	556	689	0	133	133	1.0000000
NODE_16634_length_6034_cov_3.247515	5227	5360	0	133	133	1.0000000
NODE_1663_length_13055_cov_5.446588	5786	5919	0	133	133	1.0000000
NODE_16656_length_6030_cov_4.734446	1242	1375	0	133	133	1.0000000
NODE_166632_length_1480_cov_4.892107	340	473	2	3	133	0.0225564
NODE_166632_length_1480_cov_4.892107	340	473	3	13	133	0.0977444
NODE_166632_length_1480_cov_4.892107	340	473	4	12	133	0.0902256
NODE_166632_length_1480_cov_4.892107	340	473	5	1	133	0.0075188
NODE_166632_length_1480_cov_4.892107	340	473	6	104	133	0.7819549
NODE_16671_length_6028_cov_4.402935	1968	2101	0	26	133	0.1954887
NODE_16671_length_6028_cov_4.402935	1968	2101	1	56	133	0.4210526
NODE_16671_length_6028_cov_4.402935	1968	2101	2	51	133	0.3834586
NODE_166804_length_1479_cov_3.749275	1160	1293	0	133	133	1.0000000
NODE_16683_length_6026_cov_9.058883	394	527	0	133	133	1.0000000
NODE_166920_length_1478_cov_4.176215	892	1025	0	133	133	1.0000000
NODE_166938_length_1478_cov_3.774474	595	728	0	133	133	1.0000000
NODE_16694_length_6025_cov_5.151873	4340	4473	0	133	133	1.0000000
NODE_167056_length_1477_cov_4.210450	331	464	0	133	133	1.0000000
NODE_16716_length_6023_cov_3.979575	4790	4923	0	133	133	1.0000000
NODE_16721_length_6022_cov_4.067196	3971	4104	0	133	133	1.0000000
NODE_167281_length_1475_cov_5.244186	941	1074	0	133	133	1.0000000
NODE_167366_length_1475_cov_2.839390	285	418	0	133	133	1.0000000
NODE_16736_length_6019_cov_5.930236	2063	2196	0	133	133	1.0000000
NODE_1673_length_13025_cov_4.154804	7529	7662	0	133	133	1.0000000
NODE_167425_length_1474_cov_4.301091	1361	1494	0	133	133	1.0000000
NODE_167438_length_1474_cov_3.960000	740	873	4	39	133	0.2932331
NODE_167438_length_1474_cov_3.960000	740	873	5	82	133	0.6165413
NODE_167438_length_1474_cov_3.960000	740	873	7	12	133	0.0902256
NODE_16790_length_6012_cov_2.818874	2003	2136	0	15	133	0.1127820
NODE_16790_length_6012_cov_2.818874	2003	2136	2	118	133	0.8872181
NODE_167911_length_1470_cov_3.874544	765	898	0	133	133	1.0000000
NODE_167943_length_1470_cov_3.323122	564	697	4	25	133	0.1879699
NODE_167943_length_1470_cov_3.323122	564	697	8	35	133	0.2631579
NODE_167943_length_1470_cov_3.323122	564	697	12	73	133	0.5488722
NODE_16808_length_6007_cov_5.461747	2958	3091	0	133	133	1.0000000
NODE_168216_length_1468_cov_3.160701	578	711	0	133	133	1.0000000
NODE_16830_length_6004_cov_4.204064	1975	2108	0	133	133	1.0000000
NODE_168332_length_1467_cov_2.953947	1029	1162	2	28	133	0.2105263
NODE_168332_length_1467_cov_2.953947	1029	1162	4	105	133	0.7894737
NODE_168337_length_1467_cov_2.769737	187	320	0	133	133	1.0000000
NODE_168338_length_1467_cov_2.744152	1230	1363	1	15	133	0.1127820
NODE_168338_length_1467_cov_2.744152	1230	1363	3	3	133	0.0225564
NODE_168338_length_1467_cov_2.744152	1230	1363	7	28	133	0.2105263
NODE_168338_length_1467_cov_2.744152	1230	1363	8	42	133	0.3157895
NODE_168338_length_1467_cov_2.744152	1230	1363	9	10	133	0.0751880
NODE_168338_length_1467_cov_2.744152	1230	1363	10	6	133	0.0451128
NODE_168338_length_1467_cov_2.744152	1230	1363	12	29	133	0.2180451
NODE_16843_length_6003_cov_4.066396	509	642	1	132	133	0.9924812
NODE_16843_length_6003_cov_4.066396	509	642	2	1	133	0.0075188
NODE_168553_length_1465_cov_3.265007	1007	1140	0	133	133	1.0000000
NODE_16864_length_6000_cov_4.504152	2032	2165	0	133	133	1.0000000
NODE_168664_length_1464_cov_3.742125	640	773	0	133	133	1.0000000
NODE_168677_length_1464_cov_3.581685	746	879	0	133	133	1.0000000
NODE_16867_length_5999_cov_5.090508	1027	1160	0	133	133	1.0000000
NODE_168823_length_1463_cov_3.248534	917	1050	0	133	133	1.0000000
NODE_168910_length_1462_cov_4.068232	698	831	0	133	133	1.0000000
NODE_16892_length_5996_cov_4.781075	2823	2956	0	133	133	1.0000000
NODE_168960_length_1462_cov_3.195891	432	565	0	133	133	1.0000000
NODE_169029_length_1461_cov_4.386197	226	359	0	133	133	1.0000000
NODE_169088_length_1461_cov_2.928781	762	895	0	133	133	1.0000000
NODE_1692_length_12976_cov_4.363905	7327	7460	0	33	133	0.2481203
NODE_1692_length_12976_cov_4.363905	7327	7460	2	100	133	0.7518797
NODE_169391_length_1458_cov_5.161884	1291	1424	0	38	133	0.2857143
NODE_169391_length_1458_cov_5.161884	1291	1424	2	95	133	0.7142857
NODE_169447_length_1458_cov_3.600442	341	474	0	133	133	1.0000000
NODE_169567_length_1457_cov_3.527982	738	871	1	64	133	0.4812030
NODE_169567_length_1457_cov_3.527982	738	871	2	69	133	0.5187970
NODE_169587_length_1457_cov_3.043446	687	820	0	133	133	1.0000000
NODE_16958_length_5988_cov_4.231279	4262	4395	0	133	133	1.0000000
NODE_1695_length_12973_cov_4.716172	888	1021	0	133	133	1.0000000
NODE_169633_length_1456_cov_5.066323	276	409	0	133	133	1.0000000
NODE_169639_length_1456_cov_4.732498	249	382	2	37	133	0.2781955
NODE_169639_length_1456_cov_4.732498	249	382	4	96	133	0.7218045
NODE_16963_length_5987_cov_4.445652	661	794	3	133	133	1.0000000
NODE_169649_length_1456_cov_4.433309	511	644	0	39	133	0.2932331
NODE_169649_length_1456_cov_4.433309	511	644	1	3	133	0.0225564
NODE_169649_length_1456_cov_4.433309	511	644	2	10	133	0.0751880
NODE_169649_length_1456_cov_4.433309	511	644	3	47	133	0.3533835
NODE_169649_length_1456_cov_4.433309	511	644	4	34	133	0.2556391
NODE_169666_length_1456_cov_3.967576	585	718	0	133	133	1.0000000
NODE_169690_length_1456_cov_3.439941	564	697	0	55	133	0.4135338
NODE_169690_length_1456_cov_3.439941	564	697	2	78	133	0.5864662
NODE_16971_length_5984_cov_5.711130	3131	3264	0	1	133	0.0075188
NODE_16971_length_5984_cov_5.711130	3131	3264	1	37	133	0.2781955
NODE_16971_length_5984_cov_5.711130	3131	3264	2	95	133	0.7142857
NODE_1697_length_12970_cov_4.228964	11252	11385	0	133	133	1.0000000
NODE_169887_length_1454_cov_4.746863	45	178	0	133	133	1.0000000
NODE_169998_length_1454_cov_2.364576	602	735	0	47	133	0.3533835
NODE_169998_length_1454_cov_2.364576	602	735	2	86	133	0.6466165
NODE_169_length_22566_cov_4.954956	22277	22410	0	133	133	1.0000000
NODE_16_length_34071_cov_5.078182	31563	31696	0	3	133	0.0225564
NODE_16_length_34071_cov_5.078182	31563	31696	1	130	133	0.9774436
NODE_170010_length_1453_cov_5.720827	1328	1461	0	69	133	0.5187970
NODE_170010_length_1453_cov_5.720827	1328	1461	2	64	133	0.4812030
NODE_170030_length_1453_cov_4.576809	442	575	0	57	133	0.4285714
NODE_170030_length_1453_cov_4.576809	442	575	2	76	133	0.5714286
NODE_17003_length_5979_cov_4.461224	4096	4229	0	133	133	1.0000000
NODE_17029_length_5975_cov_5.439415	1005	1138	0	125	133	0.9398496
NODE_17029_length_5975_cov_5.439415	1005	1138	2	8	133	0.0601504
NODE_17035_length_5974_cov_4.781106	4580	4713	0	133	133	1.0000000
NODE_170361_length_1451_cov_2.735207	1147	1280	0	133	133	1.0000000
NODE_170640_length_1449_cov_2.603704	128	261	0	10	133	0.0751880
NODE_170640_length_1449_cov_2.603704	128	261	1	101	133	0.7593985
NODE_170640_length_1449_cov_2.603704	128	261	2	22	133	0.1654135
NODE_170682_length_1448_cov_5.102298	744	877	0	133	133	1.0000000
NODE_170711_length_1448_cov_3.845070	365	498	0	133	133	1.0000000
NODE_170789_length_1447_cov_6.653561	757	890	0	89	133	0.6691729
NODE_170789_length_1447_cov_6.653561	757	890	2	44	133	0.3308271
NODE_17095_length_5966_cov_3.978354	4119	4252	0	133	133	1.0000000
NODE_171001_length_1446_cov_3.146251	647	780	0	133	133	1.0000000
NODE_171039_length_1445_cov_6.254829	109	242	0	133	133	1.0000000
NODE_171048_length_1445_cov_4.851412	619	752	0	133	133	1.0000000
NODE_171161_length_1445_cov_2.372214	1197	1330	0	133	133	1.0000000
NODE_171179_length_1444_cov_5.249071	450	583	0	133	133	1.0000000
NODE_1711_length_12940_cov_3.940970	11929	12062	2	5	133	0.0375940
NODE_1711_length_12940_cov_3.940970	11929	12062	4	34	133	0.2556391
NODE_1711_length_12940_cov_3.940970	11929	12062	5	51	133	0.3834586
NODE_1711_length_12940_cov_3.940970	11929	12062	6	43	133	0.3233083
NODE_17125_length_5961_cov_5.767315	5250	5383	0	133	133	1.0000000
NODE_171325_length_1443_cov_3.966518	512	645	0	63	133	0.4736842
NODE_171325_length_1443_cov_3.966518	512	645	3	70	133	0.5263158
NODE_171338_length_1443_cov_3.703125	1157	1290	0	40	133	0.3007519
NODE_171338_length_1443_cov_3.703125	1157	1290	1	93	133	0.6992481
NODE_171386_length_1443_cov_3.009673	1007	1140	0	133	133	1.0000000
NODE_1713_length_12931_cov_8.510053	12287	12420	0	133	133	1.0000000
NODE_171456_length_1442_cov_4.374535	439	572	0	133	133	1.0000000
NODE_171687_length_1441_cov_2.491803	1266	1399	0	133	133	1.0000000
NODE_17182_length_5952_cov_2.916795	3779	3912	0	133	133	1.0000000
NODE_171905_length_1439_cov_2.679104	548	681	0	133	133	1.0000000
NODE_171967_length_1438_cov_4.232263	204	337	0	1	133	0.0075188
NODE_171967_length_1438_cov_4.232263	204	337	2	58	133	0.4360902
NODE_171967_length_1438_cov_4.232263	204	337	3	4	133	0.0300752
NODE_171967_length_1438_cov_4.232263	204	337	4	70	133	0.5263158
NODE_1719_length_12920_cov_5.349193	4999	5132	0	133	133	1.0000000
NODE_171_length_22521_cov_10.256935	10551	10684	0	133	133	1.0000000
NODE_172114_length_1437_cov_4.026158	619	752	0	133	133	1.0000000
NODE_17216_length_5947_cov_3.925445	511	644	3	25	133	0.1879699
NODE_17216_length_5947_cov_3.925445	511	644	4	14	133	0.1052632
NODE_17216_length_5947_cov_3.925445	511	644	5	92	133	0.6917293
NODE_17216_length_5947_cov_3.925445	511	644	6	2	133	0.0150376
NODE_172257_length_1436_cov_3.434555	931	1064	0	56	133	0.4210526
NODE_172257_length_1436_cov_3.434555	931	1064	2	77	133	0.5789474
NODE_172341_length_1435_cov_4.685629	281	414	3	34	133	0.2556391
NODE_172341_length_1435_cov_4.685629	281	414	4	51	133	0.3834586
NODE_172341_length_1435_cov_4.685629	281	414	5	37	133	0.2781955
NODE_172341_length_1435_cov_4.685629	281	414	6	11	133	0.0827068
NODE_172361_length_1435_cov_3.902695	585	718	0	133	133	1.0000000
NODE_17238_length_5944_cov_4.576048	4393	4526	0	6	133	0.0451128
NODE_17238_length_5944_cov_4.576048	4393	4526	2	66	133	0.4962406
NODE_17238_length_5944_cov_4.576048	4393	4526	4	61	133	0.4586466
NODE_172463_length_1434_cov_4.641199	1239	1372	0	133	133	1.0000000
NODE_17256_length_5941_cov_5.546388	5327	5460	0	133	133	1.0000000
NODE_17260_length_5941_cov_4.442999	3554	3687	1	42	133	0.3157895
NODE_17260_length_5941_cov_4.442999	3554	3687	2	91	133	0.6842105
NODE_172625_length_1433_cov_3.625937	316	449	0	133	133	1.0000000
NODE_1726_length_12893_cov_4.034626	6549	6682	0	133	133	1.0000000
NODE_172700_length_1432_cov_5.220555	1053	1186	0	133	133	1.0000000
NODE_172901_length_1431_cov_3.496997	767	900	0	133	133	1.0000000
NODE_17290_length_5937_cov_4.100548	3359	3492	0	133	133	1.0000000
NODE_172910_length_1431_cov_3.245495	508	641	0	42	133	0.3157895
NODE_172910_length_1431_cov_3.245495	508	641	1	39	133	0.2932331
NODE_172910_length_1431_cov_3.245495	508	641	2	52	133	0.3909774
NODE_172955_length_1431_cov_2.104354	246	379	0	133	133	1.0000000
NODE_17296_length_5936_cov_4.405345	697	830	0	133	133	1.0000000
NODE_172979_length_1430_cov_4.741548	601	734	0	133	133	1.0000000
NODE_1729_length_12887_cov_4.798327	9046	9179	0	133	133	1.0000000
NODE_172_length_22510_cov_4.240730	13429	13562	0	133	133	1.0000000
NODE_17300_length_5934_cov_4.705056	5442	5575	0	133	133	1.0000000
NODE_173084_length_1430_cov_2.222389	1081	1214	0	1	133	0.0075188
NODE_173084_length_1430_cov_2.222389	1081	1214	1	51	133	0.3834586
NODE_173084_length_1430_cov_2.222389	1081	1214	2	81	133	0.6090226
NODE_17320_length_5932_cov_2.990571	5096	5229	0	133	133	1.0000000
NODE_173226_length_1428_cov_5.854778	490	623	0	63	133	0.4736842
NODE_173226_length_1428_cov_5.854778	490	623	4	70	133	0.5263158
NODE_173250_length_1428_cov_4.495109	5	138	0	133	133	1.0000000
NODE_173524_length_1426_cov_4.276564	598	731	0	133	133	1.0000000
NODE_173573_length_1426_cov_3.272796	1253	1386	4	40	133	0.3007519
NODE_173573_length_1426_cov_3.272796	1253	1386	5	1	133	0.0075188
NODE_173573_length_1426_cov_3.272796	1253	1386	6	66	133	0.4962406
NODE_173573_length_1426_cov_3.272796	1253	1386	10	26	133	0.1954887
NODE_173654_length_1425_cov_4.584465	1195	1328	2	65	133	0.4887218
NODE_173654_length_1425_cov_4.584465	1195	1328	4	68	133	0.5112782
NODE_17365_length_5923_cov_4.371566	1549	1682	0	133	133	1.0000000
NODE_173678_length_1425_cov_4.016591	133	266	0	133	133	1.0000000
NODE_173684_length_1425_cov_3.861237	157	290	0	18	133	0.1353384
NODE_173684_length_1425_cov_3.861237	157	290	1	115	133	0.8646616
NODE_17377_length_5922_cov_4.422119	1977	2110	0	133	133	1.0000000
NODE_17384_length_5921_cov_5.251804	1609	1742	0	10	133	0.0751880
NODE_17384_length_5921_cov_5.251804	1609	1742	3	9	133	0.0676692
NODE_17384_length_5921_cov_5.251804	1609	1742	5	26	133	0.1954887
NODE_17384_length_5921_cov_5.251804	1609	1742	7	88	133	0.6616541
NODE_17390_length_5921_cov_4.114222	314	447	1	56	133	0.4210526
NODE_17390_length_5921_cov_4.114222	314	447	2	77	133	0.5789474
NODE_173953_length_1423_cov_3.907855	1130	1263	0	133	133	1.0000000
NODE_174120_length_1422_cov_3.352986	1253	1386	0	133	133	1.0000000
NODE_174169_length_1421_cov_5.756430	839	972	0	21	133	0.1578947
NODE_174169_length_1421_cov_5.756430	839	972	2	112	133	0.8421053
NODE_174278_length_1421_cov_2.830560	1129	1262	0	133	133	1.0000000
NODE_17429_length_5916_cov_4.219013	2112	2245	0	133	133	1.0000000
NODE_174325_length_1420_cov_4.682816	321	454	0	83	133	0.6240602
NODE_174325_length_1420_cov_4.682816	321	454	2	50	133	0.3759398
NODE_174359_length_1420_cov_3.896291	724	857	0	133	133	1.0000000
NODE_174373_length_1420_cov_3.513248	1024	1157	0	10	133	0.0751880
NODE_174373_length_1420_cov_3.513248	1024	1157	1	84	133	0.6315789
NODE_174373_length_1420_cov_3.513248	1024	1157	2	39	133	0.2932331
NODE_174490_length_1419_cov_3.858333	1136	1269	0	133	133	1.0000000
NODE_174530_length_1419_cov_2.962121	318	451	6	5	133	0.0375940
NODE_174530_length_1419_cov_2.962121	318	451	7	24	133	0.1804511
NODE_174530_length_1419_cov_2.962121	318	451	8	51	133	0.3834586
NODE_174530_length_1419_cov_2.962121	318	451	9	11	133	0.0827068
NODE_174530_length_1419_cov_2.962121	318	451	10	31	133	0.2330827
NODE_174530_length_1419_cov_2.962121	318	451	11	11	133	0.0827068
NODE_174575_length_1418_cov_5.094011	737	870	0	133	133	1.0000000
NODE_17460_length_5911_cov_3.668445	2079	2212	0	133	133	1.0000000
NODE_174730_length_1417_cov_4.572838	345	478	0	133	133	1.0000000
NODE_17477_length_5908_cov_4.296092	4979	5112	0	133	133	1.0000000
NODE_174853_length_1416_cov_5.648443	564	697	0	133	133	1.0000000
NODE_17485_length_5907_cov_4.174759	937	1070	0	133	133	1.0000000
NODE_174947_length_1416_cov_2.934700	334	467	0	133	133	1.0000000
NODE_174990_length_1415_cov_4.984802	260	393	0	48	133	0.3609022
NODE_174990_length_1415_cov_4.984802	260	393	2	85	133	0.6390978
NODE_174_length_22426_cov_4.955749	6469	6602	0	133	133	1.0000000
NODE_175014_length_1415_cov_4.373100	745	878	0	133	133	1.0000000
NODE_175142_length_1414_cov_4.004563	1044	1177	0	51	133	0.3834586
NODE_175142_length_1414_cov_4.004563	1044	1177	3	82	133	0.6165413
NODE_175153_length_1414_cov_3.860076	193	326	0	68	133	0.5112782
NODE_175153_length_1414_cov_3.860076	193	326	1	28	133	0.2105263
NODE_175153_length_1414_cov_3.860076	193	326	2	37	133	0.2781955
NODE_175278_length_1413_cov_4.133181	781	914	0	133	133	1.0000000
NODE_17531_length_5900_cov_4.771763	4233	4366	0	73	133	0.5488722
NODE_17531_length_5900_cov_4.771763	4233	4366	2	60	133	0.4511278
NODE_1753_length_12847_cov_4.270003	2290	2423	0	133	133	1.0000000
NODE_17549_length_5899_cov_3.702414	2387	2520	1	11	133	0.0827068
NODE_17549_length_5899_cov_3.702414	2387	2520	2	122	133	0.9172933
NODE_175518_length_1411_cov_4.483232	514	647	0	133	133	1.0000000
NODE_17576_length_5893_cov_4.387815	2874	3007	2	35	133	0.2631579
NODE_17576_length_5893_cov_4.387815	2874	3007	3	14	133	0.1052632
NODE_17576_length_5893_cov_4.387815	2874	3007	4	11	133	0.0827068
NODE_17576_length_5893_cov_4.387815	2874	3007	5	27	133	0.2030075
NODE_17576_length_5893_cov_4.387815	2874	3007	7	46	133	0.3458647
NODE_1759_length_12829_cov_4.007698	12411	12544	0	133	133	1.0000000
NODE_176040_length_1407_cov_4.714832	304	437	0	133	133	1.0000000
NODE_176059_length_1407_cov_3.927370	1156	1289	0	133	133	1.0000000
NODE_1760_length_12823_cov_4.080949	4569	4702	1	40	133	0.3007519
NODE_1760_length_12823_cov_4.080949	4569	4702	2	33	133	0.2481203
NODE_1760_length_12823_cov_4.080949	4569	4702	3	35	133	0.2631579
NODE_1760_length_12823_cov_4.080949	4569	4702	4	18	133	0.1353384
NODE_1760_length_12823_cov_4.080949	4569	4702	5	7	133	0.0526316
NODE_17612_length_5888_cov_3.972880	1514	1647	0	133	133	1.0000000
NODE_17626_length_5886_cov_5.794712	5038	5171	3	67	133	0.5037594
NODE_17626_length_5886_cov_5.794712	5038	5171	6	66	133	0.4962406
NODE_1762_length_12820_cov_4.464429	11950	12083	0	133	133	1.0000000
NODE_176404_length_1405_cov_2.565850	415	548	0	4	133	0.0300752
NODE_176404_length_1405_cov_2.565850	415	548	2	69	133	0.5187970
NODE_176404_length_1405_cov_2.565850	415	548	8	20	133	0.1503759
NODE_176404_length_1405_cov_2.565850	415	548	9	20	133	0.1503759
NODE_176404_length_1405_cov_2.565850	415	548	13	6	133	0.0451128
NODE_176404_length_1405_cov_2.565850	415	548	14	10	133	0.0751880
NODE_176404_length_1405_cov_2.565850	415	548	15	4	133	0.0300752
NODE_176428_length_1404_cov_5.681992	420	553	1	116	133	0.8721805
NODE_176428_length_1404_cov_5.681992	420	553	2	17	133	0.1278196
NODE_17643_length_5884_cov_4.363699	1895	2028	0	29	133	0.2180451
NODE_17643_length_5884_cov_4.363699	1895	2028	2	104	133	0.7819549
NODE_176511_length_1404_cov_3.098851	358	491	0	133	133	1.0000000
NODE_17661_length_5881_cov_5.598063	1722	1855	0	42	133	0.3157895
NODE_17661_length_5881_cov_5.598063	1722	1855	2	91	133	0.6842105
NODE_17670_length_5880_cov_5.508563	4852	4985	0	133	133	1.0000000
NODE_17676_length_5880_cov_3.861616	4067	4200	0	35	133	0.2631579
NODE_17676_length_5880_cov_3.861616	4067	4200	2	98	133	0.7368421
NODE_176773_length_1402_cov_2.999233	288	421	0	133	133	1.0000000
NODE_1769_length_12806_cov_4.088298	11026	11159	0	133	133	1.0000000
NODE_17700_length_5876_cov_6.643587	2268	2401	0	133	133	1.0000000
NODE_177031_length_1400_cov_3.751729	142	275	0	133	133	1.0000000
NODE_17703_length_5876_cov_4.238013	2140	2273	1	32	133	0.2406015
NODE_17703_length_5876_cov_4.238013	2140	2273	2	101	133	0.7593985
NODE_177049_length_1400_cov_3.480400	128	261	0	133	133	1.0000000
NODE_1770_length_12805_cov_4.751456	8237	8370	2	89	133	0.6691729
NODE_1770_length_12805_cov_4.751456	8237	8370	3	1	133	0.0075188
NODE_1770_length_12805_cov_4.751456	8237	8370	4	43	133	0.3233083
NODE_177151_length_1399_cov_4.262308	945	1078	0	133	133	1.0000000
NODE_17732_length_5873_cov_3.210426	5629	5762	0	133	133	1.0000000
NODE_177368_length_1398_cov_2.765204	160	293	2	55	133	0.4135338
NODE_177368_length_1398_cov_2.765204	160	293	5	31	133	0.2330827
NODE_177368_length_1398_cov_2.765204	160	293	7	47	133	0.3533835
NODE_177423_length_1397_cov_4.483821	115	248	0	46	133	0.3458647
NODE_177423_length_1397_cov_4.483821	115	248	1	26	133	0.1954887
NODE_177423_length_1397_cov_4.483821	115	248	2	61	133	0.4586466
NODE_177687_length_1396_cov_2.389360	275	408	0	133	133	1.0000000
NODE_177725_length_1395_cov_4.898148	34	167	0	133	133	1.0000000
NODE_177936_length_1394_cov_3.169884	995	1128	0	133	133	1.0000000
NODE_178037_length_1393_cov_3.731066	667	800	0	59	133	0.4436090
NODE_178037_length_1393_cov_3.731066	667	800	1	7	133	0.0526316
NODE_178037_length_1393_cov_3.731066	667	800	2	67	133	0.5037594
NODE_178110_length_1392_cov_5.609435	470	603	11	35	133	0.2631579
NODE_178110_length_1392_cov_5.609435	470	603	12	4	133	0.0300752
NODE_178110_length_1392_cov_5.609435	470	603	13	3	133	0.0225564
NODE_178110_length_1392_cov_5.609435	470	603	15	13	133	0.0977444
NODE_178110_length_1392_cov_5.609435	470	603	16	7	133	0.0526316
NODE_178110_length_1392_cov_5.609435	470	603	17	22	133	0.1654135
NODE_178110_length_1392_cov_5.609435	470	603	18	17	133	0.1278196
NODE_178110_length_1392_cov_5.609435	470	603	19	1	133	0.0075188
NODE_178110_length_1392_cov_5.609435	470	603	20	31	133	0.2330827
NODE_178158_length_1392_cov_4.023202	451	584	0	133	133	1.0000000
NODE_178205_length_1392_cov_2.836814	1220	1353	0	133	133	1.0000000
NODE_178333_length_1391_cov_2.842879	42	175	0	133	133	1.0000000
NODE_178436_length_1390_cov_3.554609	188	321	0	79	133	0.5939850
NODE_178436_length_1390_cov_3.554609	188	321	2	5	133	0.0375940
NODE_178436_length_1390_cov_3.554609	188	321	3	6	133	0.0451128
NODE_178436_length_1390_cov_3.554609	188	321	4	43	133	0.3233083
NODE_1784_length_12779_cov_5.393375	3150	3283	0	133	133	1.0000000
NODE_17854_length_5854_cov_3.750652	1130	1263	0	133	133	1.0000000
NODE_178602_length_1389_cov_3.348837	1035	1168	0	38	133	0.2857143
NODE_178602_length_1389_cov_3.348837	1035	1168	1	47	133	0.3533835
NODE_178602_length_1389_cov_3.348837	1035	1168	2	48	133	0.3609022
NODE_17876_length_5851_cov_4.208971	2991	3124	5	67	133	0.5037594
NODE_17876_length_5851_cov_4.208971	2991	3124	6	23	133	0.1729323
NODE_17876_length_5851_cov_4.208971	2991	3124	7	16	133	0.1203008
NODE_17876_length_5851_cov_4.208971	2991	3124	8	27	133	0.2030075
NODE_178866_length_1387_cov_3.426242	679	812	0	133	133	1.0000000
NODE_178874_length_1387_cov_3.333075	922	1055	0	133	133	1.0000000
NODE_1788_length_12762_cov_4.125405	11853	11986	0	133	133	1.0000000
NODE_178967_length_1386_cov_4.268842	1004	1137	0	61	133	0.4586466
NODE_178967_length_1386_cov_4.268842	1004	1137	1	37	133	0.2781955
NODE_178967_length_1386_cov_4.268842	1004	1137	2	35	133	0.2631579
NODE_17897_length_5849_cov_4.510783	3897	4030	0	133	133	1.0000000
NODE_178_length_22390_cov_7.922345	16892	17025	1	6	133	0.0451128
NODE_178_length_22390_cov_7.922345	16892	17025	2	127	133	0.9548872
NODE_179096_length_1385_cov_5.434681	363	496	0	133	133	1.0000000
NODE_179154_length_1385_cov_3.390358	727	860	0	133	133	1.0000000
NODE_179181_length_1385_cov_2.862364	925	1058	0	133	133	1.0000000
NODE_17923_length_5845_cov_3.656109	5555	5688	0	23	133	0.1729323
NODE_17923_length_5845_cov_3.656109	5555	5688	2	110	133	0.8270677
NODE_179243_length_1384_cov_3.901946	143	276	0	133	133	1.0000000
NODE_17938_length_5843_cov_4.922006	795	928	0	28	133	0.2105263
NODE_17938_length_5843_cov_4.922006	795	928	1	56	133	0.4210526
NODE_17938_length_5843_cov_4.922006	795	928	3	49	133	0.3684210
NODE_179522_length_1382_cov_3.856586	234	367	0	133	133	1.0000000
NODE_179528_length_1382_cov_3.745908	1087	1220	0	133	133	1.0000000
NODE_17969_length_5839_cov_5.228746	446	579	0	133	133	1.0000000
NODE_179708_length_1381_cov_3.290172	1022	1155	0	133	133	1.0000000
NODE_179804_length_1380_cov_4.373927	405	538	0	133	133	1.0000000
NODE_17991_length_5836_cov_4.088548	5331	5464	0	133	133	1.0000000
NODE_179951_length_1379_cov_4.233594	846	979	1	1	133	0.0075188
NODE_179951_length_1379_cov_4.233594	846	979	2	20	133	0.1503759
NODE_179951_length_1379_cov_4.233594	846	979	3	86	133	0.6466165
NODE_179951_length_1379_cov_4.233594	846	979	4	26	133	0.1954887
NODE_179962_length_1379_cov_3.973438	306	439	0	5	133	0.0375940
NODE_179962_length_1379_cov_3.973438	306	439	1	23	133	0.1729323
NODE_179962_length_1379_cov_3.973438	306	439	2	105	133	0.7894737
NODE_180030_length_1379_cov_2.707813	293	426	0	56	133	0.4210526
NODE_180030_length_1379_cov_2.707813	293	426	1	8	133	0.0601504
NODE_180030_length_1379_cov_2.707813	293	426	2	69	133	0.5187970
NODE_18015_length_5833_cov_3.798221	3510	3643	0	105	133	0.7894737
NODE_18015_length_5833_cov_3.798221	3510	3643	2	28	133	0.2105263
NODE_1801_length_12736_cov_4.131835	3090	3223	0	133	133	1.0000000
NODE_18024_length_5832_cov_3.458399	3757	3890	0	76	133	0.5714286
NODE_18024_length_5832_cov_3.458399	3757	3890	4	57	133	0.4285714
NODE_180320_length_1377_cov_2.910798	336	469	0	133	133	1.0000000
NODE_180447_length_1376_cov_3.457322	540	673	0	45	133	0.3383459
NODE_180447_length_1376_cov_3.457322	540	673	2	88	133	0.6616541
NODE_18048_length_5828_cov_8.324140	1662	1795	1	29	133	0.2180451
NODE_18048_length_5828_cov_8.324140	1662	1795	2	104	133	0.7819549
NODE_180510_length_1375_cov_5.071317	203	336	0	133	133	1.0000000
NODE_18051_length_5828_cov_5.118520	578	711	0	133	133	1.0000000
NODE_180689_length_1374_cov_3.581961	1013	1146	0	133	133	1.0000000
NODE_180712_length_1374_cov_3.117647	344	477	0	19	133	0.1428571
NODE_180712_length_1374_cov_3.117647	344	477	2	23	133	0.1729323
NODE_180712_length_1374_cov_3.117647	344	477	5	14	133	0.1052632
NODE_180712_length_1374_cov_3.117647	344	477	7	77	133	0.5789474
NODE_180825_length_1373_cov_3.842229	942	1075	4	9	133	0.0676692
NODE_180825_length_1373_cov_3.842229	942	1075	6	124	133	0.9323308
NODE_18087_length_5823_cov_4.158630	1934	2067	0	133	133	1.0000000
NODE_1808_length_12718_cov_4.363975	1621	1754	0	133	133	1.0000000
NODE_180941_length_1372_cov_4.543598	1221	1354	0	133	133	1.0000000
NODE_180954_length_1372_cov_4.109191	1180	1313	0	133	133	1.0000000
NODE_18113_length_5819_cov_4.265734	3469	3602	0	133	133	1.0000000
NODE_181203_length_1370_cov_5.567270	676	809	1	19	133	0.1428571
NODE_181203_length_1370_cov_5.567270	676	809	2	114	133	0.8571429
NODE_1812_length_12714_cov_4.683948	6068	6201	0	23	133	0.1729323
NODE_1812_length_12714_cov_4.683948	6068	6201	1	59	133	0.4436090
NODE_1812_length_12714_cov_4.683948	6068	6201	2	51	133	0.3834586
NODE_18132_length_5817_cov_3.410633	5724	5857	0	133	133	1.0000000
NODE_18134_length_5816_cov_4.337415	1418	1551	0	33	133	0.2481203
NODE_18134_length_5816_cov_4.337415	1418	1551	2	3	133	0.0225564
NODE_18134_length_5816_cov_4.337415	1418	1551	3	18	133	0.1353384
NODE_18134_length_5816_cov_4.337415	1418	1551	4	37	133	0.2781955
NODE_18134_length_5816_cov_4.337415	1418	1551	6	24	133	0.1804511
NODE_18134_length_5816_cov_4.337415	1418	1551	7	18	133	0.1353384
NODE_181495_length_1368_cov_4.721828	888	1021	0	9	133	0.0676692
NODE_181495_length_1368_cov_4.721828	888	1021	3	124	133	0.9323308
NODE_18164_length_5812_cov_4.673201	1787	1920	0	133	133	1.0000000
NODE_18165_length_5812_cov_4.570453	4514	4647	0	110	133	0.8270677
NODE_18165_length_5812_cov_4.570453	4514	4647	1	23	133	0.1729323
NODE_1817_length_12709_cov_4.481761	6748	6881	0	133	133	1.0000000
NODE_181867_length_1365_cov_6.526856	610	743	0	133	133	1.0000000
NODE_181888_length_1365_cov_4.830174	785	918	0	133	133	1.0000000
NODE_18192_length_5809_cov_4.473555	2993	3126	1	34	133	0.2556391
NODE_18192_length_5809_cov_4.473555	2993	3126	2	1	133	0.0075188
NODE_18192_length_5809_cov_4.473555	2993	3126	3	58	133	0.4360902
NODE_18192_length_5809_cov_4.473555	2993	3126	4	40	133	0.3007519
NODE_1819_length_12707_cov_17.780695	8709	8842	0	133	133	1.0000000
NODE_18219_length_5805_cov_4.255871	3283	3416	0	133	133	1.0000000
NODE_182215_length_1363_cov_3.630538	651	784	0	45	133	0.3383459
NODE_182215_length_1363_cov_3.630538	651	784	5	88	133	0.6616541
NODE_182343_length_1362_cov_3.781473	1160	1293	0	133	133	1.0000000
NODE_182531_length_1361_cov_3.160063	668	801	0	133	133	1.0000000
NODE_182612_length_1360_cov_4.134021	1004	1137	0	92	133	0.6917293
NODE_182612_length_1360_cov_4.134021	1004	1137	1	41	133	0.3082707
NODE_182662_length_1360_cov_3.135607	438	571	0	4	133	0.0300752
NODE_182662_length_1360_cov_3.135607	438	571	3	1	133	0.0075188
NODE_182662_length_1360_cov_3.135607	438	571	4	128	133	0.9624060
NODE_18272_length_5799_cov_4.118947	406	539	0	133	133	1.0000000
NODE_18281_length_5798_cov_5.251097	363	496	0	13	133	0.0977444
NODE_18281_length_5798_cov_5.251097	363	496	1	13	133	0.0977444
NODE_18281_length_5798_cov_5.251097	363	496	2	107	133	0.8045112
NODE_182849_length_1359_cov_2.523016	109	242	0	133	133	1.0000000
NODE_182851_length_1359_cov_2.423810	179	312	0	133	133	1.0000000
NODE_182891_length_1358_cov_4.725973	716	849	0	133	133	1.0000000
NODE_182_length_22307_cov_4.856223	6114	6247	0	133	133	1.0000000
NODE_183044_length_1357_cov_4.275835	626	759	0	133	133	1.0000000
NODE_18308_length_5794_cov_3.976295	3078	3211	0	133	133	1.0000000
NODE_1830_length_12693_cov_5.231698	8395	8528	1	40	133	0.3007519
NODE_1830_length_12693_cov_5.231698	8395	8528	2	93	133	0.6992481
NODE_18328_length_5791_cov_4.483837	2028	2161	0	133	133	1.0000000
NODE_18344_length_5789_cov_3.590861	4254	4387	0	133	133	1.0000000
NODE_183540_length_1354_cov_3.349801	1098	1231	0	23	133	0.1729323
NODE_183540_length_1354_cov_3.349801	1098	1231	1	1	133	0.0075188
NODE_183540_length_1354_cov_3.349801	1098	1231	2	18	133	0.1353384
NODE_183540_length_1354_cov_3.349801	1098	1231	4	33	133	0.2481203
NODE_183540_length_1354_cov_3.349801	1098	1231	6	58	133	0.4360902
NODE_18358_length_5787_cov_4.335619	876	1009	0	133	133	1.0000000
NODE_183599_length_1353_cov_5.474482	195	328	0	133	133	1.0000000
NODE_18365_length_5786_cov_10.101459	2073	2206	0	23	133	0.1729323
NODE_18365_length_5786_cov_10.101459	2073	2206	4	110	133	0.8270677
NODE_183892_length_1351_cov_4.555911	395	528	0	133	133	1.0000000
NODE_183961_length_1351_cov_3.063099	686	819	0	133	133	1.0000000
NODE_183967_length_1351_cov_2.964058	415	548	0	133	133	1.0000000
NODE_1839_length_12675_cov_4.578403	12251	12384	0	45	133	0.3383459
NODE_1839_length_12675_cov_4.578403	12251	12384	2	12	133	0.0902256
NODE_1839_length_12675_cov_4.578403	12251	12384	3	4	133	0.0300752
NODE_1839_length_12675_cov_4.578403	12251	12384	4	72	133	0.5413534
NODE_1840_length_12675_cov_4.067191	9563	9696	0	133	133	1.0000000
NODE_18424_length_5780_cov_2.621369	2769	2902	3	115	133	0.8646616
NODE_18424_length_5780_cov_2.621369	2769	2902	6	18	133	0.1353384
NODE_184348_length_1348_cov_4.376301	265	398	0	133	133	1.0000000
NODE_184504_length_1347_cov_4.112981	684	817	0	133	133	1.0000000
NODE_18454_length_5777_cov_3.937126	1119	1252	0	133	133	1.0000000
NODE_184574_length_1347_cov_2.758013	1020	1153	0	133	133	1.0000000
NODE_1846_length_12664_cov_4.341504	7781	7914	0	133	133	1.0000000
NODE_184900_length_1344_cov_5.798394	139	272	0	40	133	0.3007519
NODE_184900_length_1344_cov_5.798394	139	272	1	10	133	0.0751880
NODE_184900_length_1344_cov_5.798394	139	272	2	83	133	0.6240602
NODE_185089_length_1343_cov_4.377814	129	262	0	133	133	1.0000000
NODE_18508_length_5769_cov_5.011993	2466	2599	0	26	133	0.1954887
NODE_18508_length_5769_cov_5.011993	2466	2599	1	47	133	0.3533835
NODE_18508_length_5769_cov_5.011993	2466	2599	2	60	133	0.4511278
NODE_18510_length_5768_cov_5.232316	1729	1862	0	133	133	1.0000000
NODE_185132_length_1343_cov_3.580386	389	522	2	59	133	0.4436090
NODE_185132_length_1343_cov_3.580386	389	522	3	6	133	0.0451128
NODE_185132_length_1343_cov_3.580386	389	522	4	68	133	0.5112782
NODE_18523_length_5766_cov_5.296100	5470	5603	0	133	133	1.0000000
NODE_185343_length_1341_cov_5.041868	463	596	2	92	133	0.6917293
NODE_185343_length_1341_cov_5.041868	463	596	3	41	133	0.3082707
NODE_185353_length_1341_cov_4.673913	890	1023	0	12	133	0.0902256
NODE_185353_length_1341_cov_4.673913	890	1023	4	70	133	0.5263158
NODE_185353_length_1341_cov_4.673913	890	1023	5	2	133	0.0150376
NODE_185353_length_1341_cov_4.673913	890	1023	8	49	133	0.3684210
NODE_18538_length_5765_cov_3.906460	2401	2534	2	4	133	0.0300752
NODE_18538_length_5765_cov_3.906460	2401	2534	3	30	133	0.2255639
NODE_18538_length_5765_cov_3.906460	2401	2534	4	99	133	0.7443609
NODE_1853_length_12651_cov_4.617272	8042	8175	0	5	133	0.0375940
NODE_1853_length_12651_cov_4.617272	8042	8175	1	9	133	0.0676692
NODE_1853_length_12651_cov_4.617272	8042	8175	2	119	133	0.8947368
NODE_18553_length_5761_cov_4.727658	5129	5262	0	32	133	0.2406015
NODE_18553_length_5761_cov_4.727658	5129	5262	6	101	133	0.7593985
NODE_185622_length_1339_cov_5.203226	371	504	2	115	133	0.8646616
NODE_185622_length_1339_cov_5.203226	371	504	4	18	133	0.1353384
NODE_18565_length_5759_cov_4.799470	1075	1208	0	133	133	1.0000000
NODE_185703_length_1339_cov_3.246774	906	1039	0	133	133	1.0000000
NODE_18570_length_5759_cov_3.930565	4799	4932	0	133	133	1.0000000
NODE_18579_length_5758_cov_2.755964	1134	1267	0	133	133	1.0000000
NODE_185827_length_1338_cov_3.805488	272	405	0	133	133	1.0000000
NODE_185_length_22229_cov_22.772255	15728	15861	0	63	133	0.4736842
NODE_185_length_22229_cov_22.772255	15728	15861	1	18	133	0.1353384
NODE_185_length_22229_cov_22.772255	15728	15861	15	4	133	0.0300752
NODE_185_length_22229_cov_22.772255	15728	15861	16	48	133	0.3609022
NODE_186071_length_1336_cov_4.615198	448	581	0	133	133	1.0000000
NODE_18611_length_5754_cov_3.447392	5503	5636	0	133	133	1.0000000
NODE_18620_length_5753_cov_4.303679	1511	1644	0	133	133	1.0000000
NODE_18629_length_5752_cov_4.027596	395	528	0	39	133	0.2932331
NODE_18629_length_5752_cov_4.027596	395	528	7	94	133	0.7067669
NODE_18643_length_5749_cov_4.240000	28	161	0	4	133	0.0300752
NODE_18643_length_5749_cov_4.240000	28	161	2	37	133	0.2781955
NODE_18643_length_5749_cov_4.240000	28	161	3	32	133	0.2406015
NODE_18643_length_5749_cov_4.240000	28	161	4	60	133	0.4511278
NODE_186557_length_1333_cov_3.898703	33	166	0	133	133	1.0000000
NODE_18662_length_5746_cov_4.044448	1548	1681	0	133	133	1.0000000
NODE_18673_length_5744_cov_4.918689	436	569	0	133	133	1.0000000
NODE_186820_length_1331_cov_4.451299	1138	1271	0	133	133	1.0000000
NODE_18701_length_5739_cov_4.284397	2558	2691	0	133	133	1.0000000
NODE_18702_length_5739_cov_4.232979	1928	2061	0	133	133	1.0000000
NODE_187088_length_1329_cov_6.017886	502	635	0	133	133	1.0000000
NODE_18711_length_5738_cov_3.889342	5545	5678	0	1	133	0.0075188
NODE_18711_length_5738_cov_3.889342	5545	5678	1	16	133	0.1203008
NODE_18711_length_5738_cov_3.889342	5545	5678	2	116	133	0.8721805
NODE_187121_length_1329_cov_4.378862	216	349	0	133	133	1.0000000
NODE_187220_length_1328_cov_4.752644	179	312	2	25	133	0.1879699
NODE_187220_length_1328_cov_4.752644	179	312	4	108	133	0.8120301
NODE_187270_length_1328_cov_3.580146	698	831	0	133	133	1.0000000
NODE_187419_length_1327_cov_3.597720	37	170	0	133	133	1.0000000
NODE_18742_length_5733_cov_4.022364	336	469	0	133	133	1.0000000
NODE_187444_length_1327_cov_3.190554	771	904	0	133	133	1.0000000
NODE_187567_length_1326_cov_3.772616	599	732	0	133	133	1.0000000
NODE_18758_length_5731_cov_3.947266	3657	3790	0	133	133	1.0000000
NODE_18762_length_5730_cov_5.009945	642	775	0	13	133	0.0977444
NODE_18762_length_5730_cov_5.009945	642	775	1	20	133	0.1503759
NODE_18762_length_5730_cov_5.009945	642	775	2	100	133	0.7518797
NODE_187705_length_1325_cov_3.965742	810	943	2	27	133	0.2030075
NODE_187705_length_1325_cov_3.965742	810	943	3	106	133	0.7969925
NODE_187776_length_1325_cov_2.716966	1049	1182	0	22	133	0.1654135
NODE_187776_length_1325_cov_2.716966	1049	1182	2	32	133	0.2406015
NODE_187776_length_1325_cov_2.716966	1049	1182	4	17	133	0.1278196
NODE_187776_length_1325_cov_2.716966	1049	1182	5	24	133	0.1804511
NODE_187776_length_1325_cov_2.716966	1049	1182	7	38	133	0.2857143
NODE_18782_length_5727_cov_4.754087	3611	3744	0	133	133	1.0000000
NODE_1878_length_12608_cov_4.902390	5851	5984	0	133	133	1.0000000
NODE_187999_length_1323_cov_4.249183	698	831	0	133	133	1.0000000
NODE_188115_length_1322_cov_4.697465	223	356	0	22	133	0.1654135
NODE_188115_length_1322_cov_4.697465	223	356	1	16	133	0.1203008
NODE_188115_length_1322_cov_4.697465	223	356	2	95	133	0.7142857
NODE_188120_length_1322_cov_4.503679	1049	1182	0	33	133	0.2481203
NODE_188120_length_1322_cov_4.503679	1049	1182	2	100	133	0.7518797
NODE_188132_length_1322_cov_4.308258	931	1064	1	133	133	1.0000000
NODE_188172_length_1322_cov_3.496321	461	594	0	133	133	1.0000000
NODE_1881_length_12604_cov_4.572571	1336	1469	0	133	133	1.0000000
NODE_18833_length_5721_cov_4.868730	4337	4470	0	52	133	0.3909774
NODE_18833_length_5721_cov_4.868730	4337	4470	1	20	133	0.1503759
NODE_18833_length_5721_cov_4.868730	4337	4470	2	27	133	0.2030075
NODE_18833_length_5721_cov_4.868730	4337	4470	3	31	133	0.2330827
NODE_18833_length_5721_cov_4.868730	4337	4470	4	3	133	0.0225564
NODE_188378_length_1321_cov_2.216039	891	1024	0	3	133	0.0225564
NODE_188378_length_1321_cov_2.216039	891	1024	1	93	133	0.6992481
NODE_188378_length_1321_cov_2.216039	891	1024	2	37	133	0.2781955
NODE_188405_length_1320_cov_4.765766	840	973	0	133	133	1.0000000
NODE_188466_length_1320_cov_3.475839	379	512	0	63	133	0.4736842
NODE_188466_length_1320_cov_3.475839	379	512	2	70	133	0.5263158
NODE_18853_length_5719_cov_4.576512	1788	1921	0	133	133	1.0000000
NODE_188563_length_1319_cov_4.799180	564	697	3	124	133	0.9323308
NODE_188563_length_1319_cov_4.799180	564	697	6	9	133	0.0676692
NODE_18860_length_5718_cov_4.567361	1115	1248	0	116	133	0.8721805
NODE_18860_length_5718_cov_4.567361	1115	1248	2	17	133	0.1278196
NODE_18871_length_5716_cov_4.359801	1951	2084	0	133	133	1.0000000
NODE_188804_length_1318_cov_2.305989	841	974	0	133	133	1.0000000
NODE_18885_length_5715_cov_4.601674	4638	4771	0	133	133	1.0000000
NODE_18891_length_5714_cov_4.612645	1899	2032	0	5	133	0.0375940
NODE_18891_length_5714_cov_4.612645	1899	2032	1	128	133	0.9624060
NODE_188_length_22136_cov_4.441621	6620	6753	3	88	133	0.6616541
NODE_188_length_22136_cov_4.441621	6620	6753	5	1	133	0.0075188
NODE_188_length_22136_cov_4.441621	6620	6753	6	44	133	0.3308271
NODE_189005_length_1316_cov_4.263763	91	224	0	133	133	1.0000000
NODE_189027_length_1316_cov_3.768283	376	509	1	59	133	0.4436090
NODE_189027_length_1316_cov_3.768283	376	509	2	44	133	0.3308271
NODE_189027_length_1316_cov_3.768283	376	509	3	30	133	0.2255639
NODE_189062_length_1316_cov_3.056697	804	937	4	44	133	0.3308271
NODE_189062_length_1316_cov_3.056697	804	937	5	80	133	0.6015037
NODE_189062_length_1316_cov_3.056697	804	937	7	9	133	0.0676692
NODE_18908_length_5712_cov_5.598789	2649	2782	0	133	133	1.0000000
NODE_189186_length_1315_cov_3.729441	1033	1166	0	133	133	1.0000000
NODE_189208_length_1315_cov_3.248355	528	661	2	11	133	0.0827068
NODE_189208_length_1315_cov_3.248355	528	661	3	32	133	0.2406015
NODE_189208_length_1315_cov_3.248355	528	661	4	90	133	0.6766917
NODE_18927_length_5711_cov_3.321810	4090	4223	0	133	133	1.0000000
NODE_189304_length_1314_cov_4.530041	332	465	0	133	133	1.0000000
NODE_18934_length_5710_cov_3.498485	1155	1288	0	133	133	1.0000000
NODE_18943_length_5709_cov_3.645633	4353	4486	0	133	133	1.0000000
NODE_189674_length_1312_cov_3.319044	564	697	0	133	133	1.0000000
NODE_189705_length_1312_cov_2.503710	617	750	0	133	133	1.0000000
NODE_189756_length_1311_cov_4.457921	576	709	0	133	133	1.0000000
NODE_1897_length_12569_cov_3.581877	7268	7401	0	133	133	1.0000000
NODE_190086_length_1309_cov_4.047107	104	237	0	133	133	1.0000000
NODE_19008_length_5700_cov_5.694519	753	886	0	133	133	1.0000000
NODE_190180_length_1308_cov_5.008271	553	686	0	133	133	1.0000000
NODE_190187_length_1308_cov_4.765095	144	277	0	133	133	1.0000000
NODE_190209_length_1308_cov_4.299421	1003	1136	0	133	133	1.0000000
NODE_1903_length_12562_cov_9.592634	8919	9052	2	10	133	0.0751880
NODE_1903_length_12562_cov_9.592634	8919	9052	3	43	133	0.3233083
NODE_1903_length_12562_cov_9.592634	8919	9052	4	43	133	0.3233083
NODE_1903_length_12562_cov_9.592634	8919	9052	5	1	133	0.0075188
NODE_1903_length_12562_cov_9.592634	8919	9052	6	36	133	0.2706767
NODE_190496_length_1306_cov_5.187241	433	566	0	133	133	1.0000000
NODE_190520_length_1306_cov_4.265120	524	657	0	133	133	1.0000000
NODE_19059_length_5693_cov_4.478548	4730	4863	0	26	133	0.1954887
NODE_19059_length_5693_cov_4.478548	4730	4863	2	58	133	0.4360902
NODE_19059_length_5693_cov_4.478548	4730	4863	4	25	133	0.1879699
NODE_19059_length_5693_cov_4.478548	4730	4863	5	2	133	0.0150376
NODE_19059_length_5693_cov_4.478548	4730	4863	6	22	133	0.1654135
NODE_190602_length_1306_cov_2.510356	791	924	0	133	133	1.0000000
NODE_19067_length_5692_cov_6.748793	2769	2902	0	133	133	1.0000000
NODE_190809_length_1304_cov_4.880498	646	779	0	133	133	1.0000000
NODE_190818_length_1304_cov_4.566805	478	611	5	39	133	0.2932331
NODE_190818_length_1304_cov_4.566805	478	611	7	10	133	0.0751880
NODE_190818_length_1304_cov_4.566805	478	611	8	25	133	0.1879699
NODE_190818_length_1304_cov_4.566805	478	611	9	21	133	0.1578947
NODE_190818_length_1304_cov_4.566805	478	611	10	10	133	0.0751880
NODE_190818_length_1304_cov_4.566805	478	611	11	24	133	0.1804511
NODE_190818_length_1304_cov_4.566805	478	611	16	4	133	0.0300752
NODE_190829_length_1304_cov_4.225726	849	982	0	133	133	1.0000000
NODE_190832_length_1304_cov_4.151037	261	394	0	133	133	1.0000000
NODE_19088_length_5690_cov_4.410123	1001	1134	0	133	133	1.0000000
NODE_190_length_22092_cov_4.397490	13693	13826	0	133	133	1.0000000
NODE_19120_length_5686_cov_3.158224	2727	2860	0	73	133	0.5488722
NODE_19120_length_5686_cov_3.158224	2727	2860	1	60	133	0.4511278
NODE_191234_length_1302_cov_2.724023	725	858	0	133	133	1.0000000
NODE_19148_length_5682_cov_3.924055	2952	3085	0	20	133	0.1503759
NODE_19148_length_5682_cov_3.924055	2952	3085	2	113	133	0.8496240
NODE_191635_length_1299_cov_3.760000	1134	1267	0	9	133	0.0676692
NODE_191635_length_1299_cov_3.760000	1134	1267	1	124	133	0.9323308
NODE_19163_length_5680_cov_2.949830	4209	4342	0	133	133	1.0000000
NODE_191651_length_1299_cov_3.352500	199	332	0	133	133	1.0000000
NODE_191731_length_1298_cov_4.956631	561	694	0	62	133	0.4661654
NODE_191731_length_1298_cov_4.956631	561	694	2	71	133	0.5338346
NODE_19177_length_5677_cov_4.369846	391	524	0	133	133	1.0000000
NODE_191876_length_1297_cov_5.444908	264	397	0	1	133	0.0075188
NODE_191876_length_1297_cov_5.444908	264	397	1	85	133	0.6390978
NODE_191876_length_1297_cov_5.444908	264	397	2	47	133	0.3533835
NODE_19197_length_5675_cov_3.502331	1430	1563	1	104	133	0.7819549
NODE_19197_length_5675_cov_3.502331	1430	1563	2	29	133	0.2180451
NODE_19204_length_5674_cov_4.290942	253	386	0	133	133	1.0000000
NODE_192107_length_1296_cov_3.177109	686	819	0	133	133	1.0000000
NODE_192108_length_1296_cov_3.177109	1029	1162	0	33	133	0.2481203
NODE_192108_length_1296_cov_3.177109	1029	1162	1	7	133	0.0526316
NODE_192108_length_1296_cov_3.177109	1029	1162	2	93	133	0.6992481
NODE_192118_length_1296_cov_3.063492	691	824	0	18	133	0.1353384
NODE_192118_length_1296_cov_3.063492	691	824	1	15	133	0.1127820
NODE_192118_length_1296_cov_3.063492	691	824	2	100	133	0.7518797
NODE_192156_length_1296_cov_2.035088	402	535	0	133	133	1.0000000
NODE_192202_length_1295_cov_4.152174	1109	1242	0	133	133	1.0000000
NODE_192227_length_1295_cov_3.715719	654	787	0	133	133	1.0000000
NODE_19224_length_5670_cov_4.332256	3354	3487	0	133	133	1.0000000
NODE_19230_length_5669_cov_4.963734	3325	3458	0	7	133	0.0526316
NODE_19230_length_5669_cov_4.963734	3325	3458	2	126	133	0.9473684
NODE_192346_length_1294_cov_4.394979	1021	1154	0	133	133	1.0000000
NODE_192359_length_1294_cov_3.950628	322	455	0	133	133	1.0000000
NODE_192364_length_1294_cov_3.805021	45	178	1	86	133	0.6466165
NODE_192364_length_1294_cov_3.805021	45	178	2	47	133	0.3533835
NODE_19241_length_5668_cov_4.135751	3514	3647	0	133	133	1.0000000
NODE_192491_length_1293_cov_4.612228	615	748	0	78	133	0.5864662
NODE_192491_length_1293_cov_4.612228	615	748	2	1	133	0.0075188
NODE_192491_length_1293_cov_4.612228	615	748	3	54	133	0.4060150
NODE_192511_length_1293_cov_4.034338	924	1057	0	133	133	1.0000000
NODE_192603_length_1293_cov_2.362647	542	675	0	133	133	1.0000000
NODE_192634_length_1292_cov_4.839899	888	1021	0	133	133	1.0000000
NODE_192641_length_1292_cov_4.551551	178	311	0	10	133	0.0751880
NODE_192641_length_1292_cov_4.551551	178	311	2	6	133	0.0451128
NODE_192641_length_1292_cov_4.551551	178	311	3	3	133	0.0225564
NODE_192641_length_1292_cov_4.551551	178	311	4	114	133	0.8571429
NODE_19269_length_5664_cov_4.643127	3425	3558	0	56	133	0.4210526
NODE_19269_length_5664_cov_4.643127	3425	3558	1	77	133	0.5789474
NODE_19331_length_5656_cov_4.087277	1946	2079	0	133	133	1.0000000
NODE_19347_length_5654_cov_4.740594	4164	4297	0	133	133	1.0000000
NODE_1934_length_12512_cov_3.868525	9340	9473	1	14	133	0.1052632
NODE_1934_length_12512_cov_3.868525	9340	9473	2	16	133	0.1203008
NODE_1934_length_12512_cov_3.868525	9340	9473	3	92	133	0.6917293
NODE_1934_length_12512_cov_3.868525	9340	9473	4	11	133	0.0827068
NODE_19357_length_5653_cov_4.837775	1016	1149	0	133	133	1.0000000
NODE_19358_length_5653_cov_4.755131	5359	5492	0	11	133	0.0827068
NODE_19358_length_5653_cov_4.755131	5359	5492	1	14	133	0.1052632
NODE_19358_length_5653_cov_4.755131	5359	5492	2	108	133	0.8120301
NODE_1936_length_12506_cov_4.193600	3600	3733	0	133	133	1.0000000
NODE_19375_length_5650_cov_4.416502	2391	2524	1	46	133	0.3458647
NODE_19375_length_5650_cov_4.416502	2391	2524	2	87	133	0.6541353
NODE_19383_length_5649_cov_3.666847	649	782	0	133	133	1.0000000
NODE_193916_length_1284_cov_4.043882	366	499	0	133	133	1.0000000
NODE_193957_length_1284_cov_3.284388	768	901	2	49	133	0.3684210
NODE_193957_length_1284_cov_3.284388	768	901	4	84	133	0.6315789
NODE_19399_length_5646_cov_4.926086	3750	3883	0	133	133	1.0000000
NODE_193_length_21997_cov_4.549457	3440	3573	0	133	133	1.0000000
NODE_194048_length_1283_cov_4.801520	494	627	0	133	133	1.0000000
NODE_19409_length_5645_cov_4.887306	3787	3920	0	133	133	1.0000000
NODE_19413_length_5645_cov_4.281284	1332	1465	0	24	133	0.1804511
NODE_19413_length_5645_cov_4.281284	1332	1465	2	45	133	0.3383459
NODE_19413_length_5645_cov_4.281284	1332	1465	4	64	133	0.4812030
NODE_194221_length_1282_cov_4.229079	442	575	0	133	133	1.0000000
NODE_194691_length_1279_cov_4.194068	560	693	0	81	133	0.6090226
NODE_194691_length_1279_cov_4.194068	560	693	1	52	133	0.3909774
NODE_19469_length_5638_cov_6.630619	1253	1386	1	33	133	0.2481203
NODE_19469_length_5638_cov_6.630619	1253	1386	2	100	133	0.7518797
NODE_194708_length_1279_cov_3.965254	260	393	0	133	133	1.0000000
NODE_1947_length_12486_cov_8.809397	10239	10372	0	133	133	1.0000000
NODE_194887_length_1278_cov_3.371501	1037	1170	0	133	133	1.0000000
NODE_195021_length_1277_cov_3.591681	698	831	0	133	133	1.0000000
NODE_19521_length_5631_cov_5.208424	1687	1820	0	20	133	0.1503759
NODE_19521_length_5631_cov_5.208424	1687	1820	1	27	133	0.2030075
NODE_19521_length_5631_cov_5.208424	1687	1820	2	86	133	0.6466165
NODE_195293_length_1275_cov_4.417517	775	908	0	133	133	1.0000000
NODE_195367_length_1275_cov_3.113095	785	918	0	133	133	1.0000000
NODE_195531_length_1274_cov_2.874894	902	1035	0	133	133	1.0000000
NODE_19554_length_5628_cov_3.854947	173	306	3	3	133	0.0225564
NODE_19554_length_5628_cov_3.854947	173	306	4	130	133	0.9774436
NODE_19564_length_5627_cov_3.712192	2176	2309	4	59	133	0.4436090
NODE_19564_length_5627_cov_3.712192	2176	2309	7	1	133	0.0075188
NODE_19564_length_5627_cov_3.712192	2176	2309	8	73	133	0.5488722
NODE_19570_length_5626_cov_4.957120	4751	4884	1	59	133	0.4436090
NODE_19570_length_5626_cov_4.957120	4751	4884	2	7	133	0.0526316
NODE_19570_length_5626_cov_4.957120	4751	4884	3	67	133	0.5037594
NODE_195722_length_1272_cov_4.692242	350	483	1	39	133	0.2932331
NODE_195722_length_1272_cov_4.692242	350	483	2	81	133	0.6090226
NODE_195722_length_1272_cov_4.692242	350	483	3	13	133	0.0977444
NODE_19585_length_5625_cov_3.953131	2652	2785	0	133	133	1.0000000
NODE_195991_length_1271_cov_2.329352	473	606	0	133	133	1.0000000
NODE_19603_length_5623_cov_4.061369	3562	3695	0	133	133	1.0000000
NODE_196072_length_1270_cov_3.496157	226	359	0	133	133	1.0000000
NODE_19608_length_5622_cov_5.247510	4779	4912	0	133	133	1.0000000
NODE_19613_length_5622_cov_4.288792	2220	2353	0	133	133	1.0000000
NODE_19616_length_5622_cov_4.092341	350	483	0	50	133	0.3759398
NODE_19616_length_5622_cov_4.092341	350	483	2	83	133	0.6240602
NODE_19624_length_5621_cov_3.875770	3783	3916	0	7	133	0.0526316
NODE_19624_length_5621_cov_3.875770	3783	3916	1	23	133	0.1729323
NODE_19624_length_5621_cov_3.875770	3783	3916	2	103	133	0.7744361
NODE_19629_length_5621_cov_3.275444	2211	2344	1	34	133	0.2556391
NODE_19629_length_5621_cov_3.275444	2211	2344	2	99	133	0.7443609
NODE_196444_length_1267_cov_5.431507	114	247	0	133	133	1.0000000
NODE_19657_length_5618_cov_5.791448	1214	1347	0	133	133	1.0000000
NODE_196608_length_1266_cov_5.310197	432	565	0	133	133	1.0000000
NODE_196644_length_1266_cov_4.203085	737	870	0	90	133	0.6766917
NODE_196644_length_1266_cov_4.203085	737	870	1	43	133	0.3233083
NODE_19669_length_5617_cov_4.252447	1160	1293	0	133	133	1.0000000
NODE_19670_length_5617_cov_4.230518	1629	1762	0	133	133	1.0000000
NODE_196725_length_1266_cov_2.988003	235	368	0	133	133	1.0000000
NODE_196819_length_1265_cov_4.183533	872	1005	0	133	133	1.0000000
NODE_19682_length_5616_cov_3.816748	4977	5110	0	133	133	1.0000000
NODE_19693_length_5615_cov_3.978426	908	1041	1	62	133	0.4661654
NODE_19693_length_5615_cov_3.978426	908	1041	2	71	133	0.5338346
NODE_196988_length_1264_cov_3.852361	40	173	2	78	133	0.5864662
NODE_196988_length_1264_cov_3.852361	40	173	4	55	133	0.4135338
NODE_196_length_21948_cov_5.217539	13151	13284	0	16	133	0.1203008
NODE_196_length_21948_cov_5.217539	13151	13284	2	117	133	0.8796992
NODE_19706_length_5613_cov_3.881756	4477	4610	0	8	133	0.0601504
NODE_19706_length_5613_cov_3.881756	4477	4610	2	35	133	0.2631579
NODE_19706_length_5613_cov_3.881756	4477	4610	4	90	133	0.6766917
NODE_19709_length_5612_cov_5.035190	2502	2635	0	133	133	1.0000000
NODE_19712_length_5612_cov_4.467622	1167	1300	0	133	133	1.0000000
NODE_197269_length_1262_cov_4.281169	1027	1160	0	42	133	0.3157895
NODE_197269_length_1262_cov_4.281169	1027	1160	1	39	133	0.2932331
NODE_197269_length_1262_cov_4.281169	1027	1160	2	52	133	0.3909774
NODE_197285_length_1262_cov_3.989682	468	601	0	7	133	0.0526316
NODE_197285_length_1262_cov_3.989682	468	601	2	126	133	0.9473684
NODE_197311_length_1262_cov_3.502150	836	969	0	133	133	1.0000000
NODE_197346_length_1262_cov_3.068788	1006	1139	0	67	133	0.5037594
NODE_197346_length_1262_cov_3.068788	1006	1139	2	19	133	0.1428571
NODE_197346_length_1262_cov_3.068788	1006	1139	6	17	133	0.1278196
NODE_197346_length_1262_cov_3.068788	1006	1139	10	23	133	0.1729323
NODE_197346_length_1262_cov_3.068788	1006	1139	12	7	133	0.0526316
NODE_197352_length_1262_cov_2.959587	633	766	0	133	133	1.0000000
NODE_197410_length_1261_cov_5.463855	116	249	0	133	133	1.0000000
NODE_197531_length_1261_cov_2.969880	437	570	0	133	133	1.0000000
NODE_197625_length_1260_cov_3.972438	810	943	0	62	133	0.4661654
NODE_197625_length_1260_cov_3.972438	810	943	6	71	133	0.5338346
NODE_19766_length_5606_cov_4.413837	5176	5309	1	62	133	0.4661654
NODE_19766_length_5606_cov_4.413837	5176	5309	2	71	133	0.5338346
NODE_19777_length_5604_cov_5.404723	2079	2212	4	31	133	0.2330827
NODE_19777_length_5604_cov_5.404723	2079	2212	7	89	133	0.6691729
NODE_19777_length_5604_cov_5.404723	2079	2212	10	1	133	0.0075188
NODE_19777_length_5604_cov_5.404723	2079	2212	11	12	133	0.0902256
NODE_19778_length_5604_cov_5.402725	4689	4822	0	41	133	0.3082707
NODE_19778_length_5604_cov_5.402725	4689	4822	2	92	133	0.6917293
NODE_197797_length_1259_cov_3.787069	700	833	0	133	133	1.0000000
NODE_197951_length_1258_cov_3.738568	453	586	0	28	133	0.2105263
NODE_197951_length_1258_cov_3.738568	453	586	2	24	133	0.1804511
NODE_197951_length_1258_cov_3.738568	453	586	4	81	133	0.6090226
NODE_198209_length_1256_cov_4.587727	678	811	2	40	133	0.3007519
NODE_198209_length_1256_cov_4.587727	678	811	3	22	133	0.1654135
NODE_198209_length_1256_cov_4.587727	678	811	4	71	133	0.5338346
NODE_198263_length_1256_cov_3.548833	847	980	0	133	133	1.0000000
NODE_198297_length_1256_cov_3.004322	315	448	0	133	133	1.0000000
NODE_198377_length_1255_cov_4.317474	628	761	0	133	133	1.0000000
NODE_198379_length_1255_cov_4.258651	725	858	0	133	133	1.0000000
NODE_198418_length_1255_cov_3.473183	548	681	0	17	133	0.1278196
NODE_198418_length_1255_cov_3.473183	548	681	1	32	133	0.2406015
NODE_198418_length_1255_cov_3.473183	548	681	2	2	133	0.0150376
NODE_198418_length_1255_cov_3.473183	548	681	3	16	133	0.1203008
NODE_198418_length_1255_cov_3.473183	548	681	4	66	133	0.4962406
NODE_19841_length_5595_cov_4.230167	472	605	0	133	133	1.0000000
NODE_198459_length_1255_cov_2.788062	899	1032	0	133	133	1.0000000
NODE_19849_length_5594_cov_4.078253	1106	1239	0	133	133	1.0000000
NODE_19857_length_5592_cov_5.335882	3136	3269	0	133	133	1.0000000
NODE_1985_length_12419_cov_4.667857	8642	8775	0	133	133	1.0000000
NODE_198714_length_1253_cov_4.030329	667	800	0	133	133	1.0000000
NODE_198732_length_1253_cov_3.800693	321	454	1	48	133	0.3609022
NODE_198732_length_1253_cov_3.800693	321	454	2	15	133	0.1127820
NODE_198732_length_1253_cov_3.800693	321	454	3	14	133	0.1052632
NODE_198732_length_1253_cov_3.800693	321	454	4	56	133	0.4210526
NODE_198740_length_1253_cov_3.712305	329	462	0	133	133	1.0000000
NODE_199114_length_1251_cov_2.724826	876	1009	0	133	133	1.0000000
NODE_19912_length_5583_cov_5.145879	358	491	1	18	133	0.1353384
NODE_19912_length_5583_cov_5.145879	358	491	2	49	133	0.3684210
NODE_19912_length_5583_cov_5.145879	358	491	3	2	133	0.0150376
NODE_19912_length_5583_cov_5.145879	358	491	4	6	133	0.0451128
NODE_19912_length_5583_cov_5.145879	358	491	5	58	133	0.4360902
NODE_199158_length_1250_cov_5.112945	930	1063	0	42	133	0.3157895
NODE_199158_length_1250_cov_5.112945	930	1063	2	91	133	0.6842105
NODE_199334_length_1249_cov_4.200870	783	916	0	133	133	1.0000000
NODE_199421_length_1249_cov_2.561739	449	582	2	31	133	0.2330827
NODE_199421_length_1249_cov_2.561739	449	582	3	7	133	0.0526316
NODE_199421_length_1249_cov_2.561739	449	582	4	95	133	0.7142857
NODE_199487_length_1248_cov_4.406440	371	504	2	37	133	0.2781955
NODE_199487_length_1248_cov_4.406440	371	504	3	4	133	0.0300752
NODE_199487_length_1248_cov_4.406440	371	504	6	27	133	0.2030075
NODE_199487_length_1248_cov_4.406440	371	504	7	56	133	0.4210526
NODE_199487_length_1248_cov_4.406440	371	504	10	1	133	0.0075188
NODE_199487_length_1248_cov_4.406440	371	504	11	8	133	0.0601504
NODE_19964_length_5577_cov_5.248266	2380	2513	0	73	133	0.5488722
NODE_19964_length_5577_cov_5.248266	2380	2513	3	60	133	0.4511278
NODE_19965_length_5577_cov_5.177072	1500	1633	0	133	133	1.0000000
NODE_199706_length_1247_cov_3.094948	488	621	0	133	133	1.0000000
NODE_199909_length_1245_cov_5.920593	469	602	1	22	133	0.1654135
NODE_199909_length_1245_cov_5.920593	469	602	2	111	133	0.8345864
NODE_19991_length_5573_cov_3.193643	5190	5323	0	133	133	1.0000000
NODE_20020_length_5567_cov_5.807608	2301	2434	0	43	133	0.3233083
NODE_20020_length_5567_cov_5.807608	2301	2434	2	90	133	0.6766917
NODE_20027_length_5566_cov_4.635083	3170	3303	0	133	133	1.0000000
NODE_20043_length_5564_cov_14.633852	3560	3693	0	133	133	1.0000000
NODE_200592_length_1241_cov_4.049912	785	918	0	23	133	0.1729323
NODE_200592_length_1241_cov_4.049912	785	918	1	45	133	0.3383459
NODE_200592_length_1241_cov_4.049912	785	918	2	65	133	0.4887218
NODE_2007_length_12384_cov_12.023525	1549	1682	0	41	133	0.3082707
NODE_2007_length_12384_cov_12.023525	1549	1682	1	27	133	0.2030075
NODE_2007_length_12384_cov_12.023525	1549	1682	4	10	133	0.0751880
NODE_2007_length_12384_cov_12.023525	1549	1682	5	55	133	0.4135338
NODE_20083_length_5559_cov_3.178755	1206	1339	0	133	133	1.0000000
NODE_20085_length_5558_cov_4.458692	4815	4948	0	18	133	0.1353384
NODE_20085_length_5558_cov_4.458692	4815	4948	3	109	133	0.8195488
NODE_20085_length_5558_cov_4.458692	4815	4948	6	6	133	0.0451128
NODE_200931_length_1239_cov_3.535088	352	485	0	133	133	1.0000000
NODE_200935_length_1239_cov_3.434211	579	712	2	100	133	0.7518797
NODE_200935_length_1239_cov_3.434211	579	712	3	18	133	0.1353384
NODE_200935_length_1239_cov_3.434211	579	712	4	15	133	0.1127820
NODE_200_length_21796_cov_4.601097	19253	19386	0	133	133	1.0000000
NODE_20104_length_5555_cov_5.436584	326	459	1	13	133	0.0977444
NODE_20104_length_5555_cov_5.436584	326	459	3	19	133	0.1428571
NODE_20104_length_5555_cov_5.436584	326	459	4	10	133	0.0751880
NODE_20104_length_5555_cov_5.436584	326	459	5	34	133	0.2556391
NODE_20104_length_5555_cov_5.436584	326	459	6	6	133	0.0451128
NODE_20104_length_5555_cov_5.436584	326	459	7	16	133	0.1203008
NODE_20104_length_5555_cov_5.436584	326	459	8	35	133	0.2631579
NODE_201200_length_1237_cov_4.964851	175	308	0	8	133	0.0601504
NODE_201200_length_1237_cov_4.964851	175	308	1	69	133	0.5187970
NODE_201200_length_1237_cov_4.964851	175	308	2	56	133	0.4210526
NODE_201212_length_1237_cov_4.617750	1000	1133	0	133	133	1.0000000
NODE_201323_length_1237_cov_2.527241	933	1066	0	133	133	1.0000000
NODE_201389_length_1236_cov_4.481970	900	1033	0	133	133	1.0000000
NODE_201526_length_1235_cov_5.425176	815	948	0	133	133	1.0000000
NODE_201566_length_1235_cov_4.214789	564	697	2	78	133	0.5864662
NODE_201566_length_1235_cov_4.214789	564	697	4	55	133	0.4135338
NODE_201661_length_1235_cov_2.754401	636	769	0	133	133	1.0000000
NODE_20167_length_5548_cov_3.801248	666	799	0	133	133	1.0000000
NODE_20175_length_5547_cov_3.838106	1868	2001	0	133	133	1.0000000
NODE_20188_length_5544_cov_6.499357	4854	4987	0	47	133	0.3533835
NODE_20188_length_5544_cov_6.499357	4854	4987	1	86	133	0.6466165
NODE_201_length_21762_cov_4.461894	1457	1590	0	133	133	1.0000000
NODE_20203_length_5542_cov_4.815359	4946	5079	0	133	133	1.0000000
NODE_2020_length_12357_cov_4.495350	3633	3766	1	15	133	0.1127820
NODE_2020_length_12357_cov_4.495350	3633	3766	2	118	133	0.8872181
NODE_20213_length_5541_cov_5.978501	526	659	0	133	133	1.0000000
NODE_202382_length_1230_cov_4.869142	718	851	0	133	133	1.0000000
NODE_202448_length_1230_cov_3.307692	659	792	2	13	133	0.0977444
NODE_202448_length_1230_cov_3.307692	659	792	3	53	133	0.3984962
NODE_202448_length_1230_cov_3.307692	659	792	4	5	133	0.0375940
NODE_202448_length_1230_cov_3.307692	659	792	5	13	133	0.0977444
NODE_202448_length_1230_cov_3.307692	659	792	6	14	133	0.1052632
NODE_202448_length_1230_cov_3.307692	659	792	7	35	133	0.2631579
NODE_202511_length_1230_cov_1.795756	358	491	0	65	133	0.4887218
NODE_202511_length_1230_cov_1.795756	358	491	1	68	133	0.5112782
NODE_202572_length_1229_cov_4.012389	767	900	0	133	133	1.0000000
NODE_20257_length_5536_cov_3.925694	1658	1791	0	133	133	1.0000000
NODE_20260_length_5535_cov_4.839772	2290	2423	0	133	133	1.0000000
NODE_20274_length_5534_cov_4.118307	3627	3760	0	133	133	1.0000000
NODE_203086_length_1226_cov_3.510204	804	937	0	133	133	1.0000000
NODE_203128_length_1226_cov_2.808341	597	730	0	133	133	1.0000000
NODE_203176_length_1225_cov_5.341918	496	629	1	42	133	0.3157895
NODE_203176_length_1225_cov_5.341918	496	629	4	75	133	0.5639098
NODE_203176_length_1225_cov_5.341918	496	629	5	16	133	0.1203008
NODE_203190_length_1225_cov_4.762877	462	595	0	133	133	1.0000000
NODE_2031_length_12327_cov_4.253925	8552	8685	0	133	133	1.0000000
NODE_20327_length_5527_cov_5.182756	3800	3933	0	133	133	1.0000000
NODE_20332_length_5527_cov_2.948968	4336	4469	3	75	133	0.5639098
NODE_20332_length_5527_cov_2.948968	4336	4469	4	17	133	0.1278196
NODE_20332_length_5527_cov_2.948968	4336	4469	5	7	133	0.0526316
NODE_20332_length_5527_cov_2.948968	4336	4469	6	34	133	0.2556391
NODE_20340_length_5526_cov_3.589092	1398	1531	0	133	133	1.0000000
NODE_20350_length_5525_cov_4.372835	714	847	0	133	133	1.0000000
NODE_20351_length_5525_cov_4.362514	4216	4349	0	51	133	0.3834586
NODE_20351_length_5525_cov_4.362514	4216	4349	2	82	133	0.6165413
NODE_203713_length_1222_cov_3.632235	893	1026	0	133	133	1.0000000
NODE_203727_length_1222_cov_3.392698	423	556	0	133	133	1.0000000
NODE_20379_length_5521_cov_4.595906	3437	3570	0	133	133	1.0000000
NODE_203985_length_1220_cov_4.230152	623	756	0	133	133	1.0000000
NODE_2039_length_12315_cov_4.125246	5659	5792	0	16	133	0.1203008
NODE_2039_length_12315_cov_4.125246	5659	5792	1	17	133	0.1278196
NODE_2039_length_12315_cov_4.125246	5659	5792	2	100	133	0.7518797
NODE_203_length_21754_cov_4.464835	2533	2666	0	133	133	1.0000000
NODE_2040_length_12315_cov_3.961117	7955	8088	0	133	133	1.0000000
NODE_204168_length_1219_cov_4.009821	144	277	0	15	133	0.1127820
NODE_204168_length_1219_cov_4.009821	144	277	1	104	133	0.7819549
NODE_204168_length_1219_cov_4.009821	144	277	2	14	133	0.1052632
NODE_204357_length_1218_cov_3.881144	304	437	0	133	133	1.0000000
NODE_20441_length_5514_cov_3.223453	4412	4545	0	37	133	0.2781955
NODE_20441_length_5514_cov_3.223453	4412	4545	2	96	133	0.7218045
NODE_204434_length_1218_cov_2.584450	562	695	3	49	133	0.3684210
NODE_204434_length_1218_cov_2.584450	562	695	4	84	133	0.6315789
NODE_204529_length_1217_cov_3.944544	708	841	0	133	133	1.0000000
NODE_20461_length_5511_cov_3.949926	3895	4028	0	133	133	1.0000000
NODE_204661_length_1216_cov_4.970457	678	811	0	133	133	1.0000000
NODE_204964_length_1215_cov_2.471326	415	548	0	133	133	1.0000000
NODE_204982_length_1214_cov_6.632287	1062	1195	0	18	133	0.1353384
NODE_204982_length_1214_cov_6.632287	1062	1195	4	104	133	0.7819549
NODE_204982_length_1214_cov_6.632287	1062	1195	8	11	133	0.0827068
NODE_2049_length_12294_cov_6.658631	671	804	0	21	133	0.1578947
NODE_2049_length_12294_cov_6.658631	671	804	2	112	133	0.8421053
NODE_205000_length_1214_cov_4.776682	791	924	0	133	133	1.0000000
NODE_20510_length_5504_cov_4.293247	1558	1691	0	133	133	1.0000000
NODE_205118_length_1214_cov_2.593722	902	1035	0	24	133	0.1804511
NODE_205118_length_1214_cov_2.593722	902	1035	1	56	133	0.4210526
NODE_205118_length_1214_cov_2.593722	902	1035	2	53	133	0.3984962
NODE_205178_length_1213_cov_4.697487	245	378	0	133	133	1.0000000
NODE_205442_length_1212_cov_2.880503	372	505	0	2	133	0.0150376
NODE_205442_length_1212_cov_2.880503	372	505	2	131	133	0.9849624
NODE_20544_length_5499_cov_4.583889	4188	4321	0	52	133	0.3909774
NODE_20544_length_5499_cov_4.583889	4188	4321	2	81	133	0.6090226
NODE_205579_length_1211_cov_3.497302	629	762	0	133	133	1.0000000
NODE_20559_length_5498_cov_3.159844	2386	2519	1	46	133	0.3458647
NODE_20559_length_5498_cov_3.159844	2386	2519	2	87	133	0.6541353
NODE_20571_length_5497_cov_2.861430	5243	5376	0	14	133	0.1052632
NODE_20571_length_5497_cov_2.861430	5243	5376	1	30	133	0.2255639
NODE_20571_length_5497_cov_2.861430	5243	5376	2	89	133	0.6691729
NODE_2059_length_12271_cov_4.254519	4390	4523	0	133	133	1.0000000
NODE_206006_length_1209_cov_2.263964	457	590	0	133	133	1.0000000
NODE_20608_length_5492_cov_5.374189	2351	2484	0	133	133	1.0000000
NODE_206174_length_1208_cov_2.634806	150	283	0	70	133	0.5263158
NODE_206174_length_1208_cov_2.634806	150	283	2	63	133	0.4736842
NODE_20618_length_5491_cov_5.416728	3983	4116	2	14	133	0.1052632
NODE_20618_length_5491_cov_5.416728	3983	4116	4	64	133	0.4812030
NODE_20618_length_5491_cov_5.416728	3983	4116	6	55	133	0.4135338
NODE_2061_length_12266_cov_4.647078	11663	11796	1	89	133	0.6691729
NODE_2061_length_12266_cov_4.647078	11663	11796	2	44	133	0.3308271
NODE_20624_length_5491_cov_3.956602	1940	2073	0	133	133	1.0000000
NODE_2062_length_12264_cov_4.558981	9089	9222	0	133	133	1.0000000
NODE_206325_length_1207_cov_3.159747	187	320	0	133	133	1.0000000
NODE_206365_length_1207_cov_2.442238	654	787	0	133	133	1.0000000
NODE_20646_length_5488_cov_4.333271	3030	3163	0	23	133	0.1729323
NODE_20646_length_5488_cov_4.333271	3030	3163	1	6	133	0.0451128
NODE_20646_length_5488_cov_4.333271	3030	3163	2	104	133	0.7819549
NODE_206499_length_1206_cov_2.981933	212	345	2	16	133	0.1203008
NODE_206499_length_1206_cov_2.981933	212	345	3	102	133	0.7669173
NODE_206499_length_1206_cov_2.981933	212	345	4	15	133	0.1127820
NODE_2065_length_12261_cov_5.431179	1714	1847	0	133	133	1.0000000
NODE_20669_length_5485_cov_4.335499	1776	1909	0	133	133	1.0000000
NODE_20681_length_5484_cov_4.431198	1664	1797	1	30	133	0.2255639
NODE_20681_length_5484_cov_4.431198	1664	1797	2	103	133	0.7744361
NODE_20686_length_5484_cov_2.824141	286	419	0	12	133	0.0902256
NODE_20686_length_5484_cov_2.824141	286	419	1	13	133	0.0977444
NODE_20686_length_5484_cov_2.824141	286	419	2	108	133	0.8120301
NODE_207040_length_1203_cov_2.593297	368	501	0	133	133	1.0000000
NODE_207089_length_1202_cov_5.094288	246	379	0	133	133	1.0000000
NODE_2070_length_12252_cov_4.331359	5211	5344	1	36	133	0.2706767
NODE_2070_length_12252_cov_4.331359	5211	5344	2	9	133	0.0676692
NODE_2070_length_12252_cov_4.331359	5211	5344	3	20	133	0.1503759
NODE_2070_length_12252_cov_4.331359	5211	5344	4	68	133	0.5112782
NODE_20712_length_5481_cov_3.333333	1026	1159	1	67	133	0.5037594
NODE_20712_length_5481_cov_3.333333	1026	1159	2	66	133	0.4962406
NODE_207182_length_1202_cov_3.161378	578	711	0	133	133	1.0000000
NODE_207250_length_1201_cov_5.780399	641	774	0	133	133	1.0000000
NODE_207364_length_1201_cov_3.210526	113	246	2	133	133	1.0000000
NODE_20744_length_5476_cov_4.464757	4973	5106	0	133	133	1.0000000
NODE_207579_length_1200_cov_2.828338	153	286	0	133	133	1.0000000
NODE_2075_length_12246_cov_40.078456	3996	4129	0	23	133	0.1729323
NODE_2075_length_12246_cov_40.078456	3996	4129	3	96	133	0.7218045
NODE_2075_length_12246_cov_40.078456	3996	4129	6	14	133	0.1052632
NODE_20762_length_5473_cov_6.131001	2492	2625	0	22	133	0.1654135
NODE_20762_length_5473_cov_6.131001	2492	2625	1	106	133	0.7969925
NODE_20762_length_5473_cov_6.131001	2492	2625	2	5	133	0.0375940
NODE_207636_length_1199_cov_5.565455	505	638	0	133	133	1.0000000
NODE_207747_length_1199_cov_2.939091	454	587	0	55	133	0.4135338
NODE_207747_length_1199_cov_2.939091	454	587	1	2	133	0.0150376
NODE_207747_length_1199_cov_2.939091	454	587	2	76	133	0.5714286
NODE_207755_length_1199_cov_2.851818	665	798	0	133	133	1.0000000
NODE_20782_length_5471_cov_4.892964	422	555	0	133	133	1.0000000
NODE_207887_length_1198_cov_3.480437	344	477	0	50	133	0.3759398
NODE_207887_length_1198_cov_3.480437	344	477	1	40	133	0.3007519
NODE_207887_length_1198_cov_3.480437	344	477	2	43	133	0.3233083
NODE_20789_length_5470_cov_4.796872	4465	4598	2	34	133	0.2556391
NODE_20789_length_5470_cov_4.796872	4465	4598	4	8	133	0.0601504
NODE_20789_length_5470_cov_4.796872	4465	4598	5	1	133	0.0075188
NODE_20789_length_5470_cov_4.796872	4465	4598	6	90	133	0.6766917
NODE_208105_length_1197_cov_2.836066	176	309	0	25	133	0.1879699
NODE_208105_length_1197_cov_2.836066	176	309	2	30	133	0.2255639
NODE_208105_length_1197_cov_2.836066	176	309	4	78	133	0.5864662
NODE_20811_length_5466_cov_4.670207	3532	3665	0	69	133	0.5187970
NODE_20811_length_5466_cov_4.670207	3532	3665	1	64	133	0.4812030
NODE_208187_length_1196_cov_4.161349	142	275	0	133	133	1.0000000
NODE_208248_length_1196_cov_3.283500	1023	1156	0	11	133	0.0827068
NODE_208248_length_1196_cov_3.283500	1023	1156	2	39	133	0.2932331
NODE_208248_length_1196_cov_3.283500	1023	1156	6	12	133	0.0902256
NODE_208248_length_1196_cov_3.283500	1023	1156	7	1	133	0.0075188
NODE_208248_length_1196_cov_3.283500	1023	1156	9	9	133	0.0676692
NODE_208248_length_1196_cov_3.283500	1023	1156	10	22	133	0.1654135
NODE_208248_length_1196_cov_3.283500	1023	1156	11	1	133	0.0075188
NODE_208248_length_1196_cov_3.283500	1023	1156	12	3	133	0.0225564
NODE_208248_length_1196_cov_3.283500	1023	1156	13	2	133	0.0150376
NODE_208248_length_1196_cov_3.283500	1023	1156	15	33	133	0.2481203
NODE_20839_length_5462_cov_4.961029	3087	3220	0	133	133	1.0000000
NODE_208498_length_1195_cov_2.706204	777	910	0	133	133	1.0000000
NODE_2086_length_12223_cov_4.664137	5159	5292	0	28	133	0.2105263
NODE_2086_length_12223_cov_4.664137	5159	5292	1	105	133	0.7894737
NODE_20902_length_5455_cov_4.158140	4992	5125	0	133	133	1.0000000
NODE_209031_length_1191_cov_5.250000	1026	1159	0	55	133	0.4135338
NODE_209031_length_1191_cov_5.250000	1026	1159	2	78	133	0.5864662
NODE_2090_length_12220_cov_3.841267	7552	7685	0	133	133	1.0000000
NODE_209136_length_1191_cov_2.739927	924	1057	0	133	133	1.0000000
NODE_209176_length_1190_cov_5.169569	519	652	0	133	133	1.0000000
NODE_209236_length_1190_cov_3.669111	142	275	0	54	133	0.4060150
NODE_209236_length_1190_cov_3.669111	142	275	1	79	133	0.5939850
NODE_209630_length_1188_cov_3.517906	760	893	0	133	133	1.0000000
NODE_209738_length_1187_cov_5.146140	1000	1133	0	133	133	1.0000000
NODE_20984_length_5446_cov_4.490929	3964	4097	0	133	133	1.0000000
NODE_20989_length_5446_cov_3.419862	2773	2906	0	133	133	1.0000000
NODE_21000_length_5444_cov_4.444715	3824	3957	0	20	133	0.1503759
NODE_21000_length_5444_cov_4.444715	3824	3957	2	113	133	0.8496240
NODE_210173_length_1185_cov_3.104972	630	763	0	52	133	0.3909774
NODE_210173_length_1185_cov_3.104972	630	763	1	3	133	0.0225564
NODE_210173_length_1185_cov_3.104972	630	763	2	78	133	0.5864662
NODE_2101_length_12184_cov_4.409350	9632	9765	0	133	133	1.0000000
NODE_210231_length_1184_cov_7.385253	148	281	0	133	133	1.0000000
NODE_210241_length_1184_cov_5.427650	528	661	0	133	133	1.0000000
NODE_21025_length_5441_cov_5.159865	3224	3357	0	66	133	0.4962406
NODE_21025_length_5441_cov_5.159865	3224	3357	4	67	133	0.5037594
NODE_21028_length_5441_cov_4.228566	4286	4419	0	129	133	0.9699248
NODE_21028_length_5441_cov_4.228566	4286	4419	1	4	133	0.0300752
NODE_21041_length_5440_cov_3.597266	3927	4060	0	71	133	0.5338346
NODE_21041_length_5440_cov_3.597266	3927	4060	2	62	133	0.4661654
NODE_210472_length_1183_cov_3.922509	848	981	0	37	133	0.2781955
NODE_210472_length_1183_cov_3.922509	848	981	1	96	133	0.7218045
NODE_21055_length_5438_cov_4.122682	442	575	1	79	133	0.5939850
NODE_21055_length_5438_cov_4.122682	442	575	2	49	133	0.3684210
NODE_21055_length_5438_cov_4.122682	442	575	3	5	133	0.0375940
NODE_210609_length_1182_cov_6.113573	661	794	0	105	133	0.7894737
NODE_210609_length_1182_cov_6.113573	661	794	1	1	133	0.0075188
NODE_210609_length_1182_cov_6.113573	661	794	3	5	133	0.0375940
NODE_210609_length_1182_cov_6.113573	661	794	4	6	133	0.0451128
NODE_210609_length_1182_cov_6.113573	661	794	6	16	133	0.1203008
NODE_210655_length_1182_cov_4.265928	730	863	0	133	133	1.0000000
NODE_2107_length_12181_cov_4.143354	5093	5226	0	133	133	1.0000000
NODE_21082_length_5434_cov_5.552765	2673	2806	0	133	133	1.0000000
NODE_21091_length_5433_cov_4.824522	867	1000	0	133	133	1.0000000
NODE_211017_length_1180_cov_3.882516	726	859	0	133	133	1.0000000
NODE_211175_length_1179_cov_4.568519	695	828	0	17	133	0.1278196
NODE_211175_length_1179_cov_4.568519	695	828	2	34	133	0.2556391
NODE_211175_length_1179_cov_4.568519	695	828	3	2	133	0.0150376
NODE_211175_length_1179_cov_4.568519	695	828	4	80	133	0.6015037
NODE_2111_length_12178_cov_4.879791	1075	1208	0	133	133	1.0000000
NODE_2112_length_12176_cov_5.048274	8124	8257	0	133	133	1.0000000
NODE_21141_length_5427_cov_4.781344	2418	2551	0	133	133	1.0000000
NODE_21148_length_5426_cov_4.414304	618	751	0	133	133	1.0000000
NODE_211695_length_1176_cov_6.252553	248	381	0	42	133	0.3157895
NODE_211695_length_1176_cov_6.252553	248	381	2	91	133	0.6842105
NODE_211722_length_1176_cov_4.429898	426	559	0	133	133	1.0000000
NODE_21172_length_5424_cov_3.586479	5230	5363	0	133	133	1.0000000
NODE_21184_length_5422_cov_4.153673	3654	3787	0	4	133	0.0300752
NODE_21184_length_5422_cov_4.153673	3654	3787	3	39	133	0.2932331
NODE_21184_length_5422_cov_4.153673	3654	3787	5	1	133	0.0075188
NODE_21184_length_5422_cov_4.153673	3654	3787	6	89	133	0.6691729
NODE_211905_length_1175_cov_3.577138	110	243	0	133	133	1.0000000
NODE_21205_length_5419_cov_5.645489	1530	1663	0	17	133	0.1278196
NODE_21205_length_5419_cov_5.645489	1530	1663	1	24	133	0.1804511
NODE_21205_length_5419_cov_5.645489	1530	1663	2	10	133	0.0751880
NODE_21205_length_5419_cov_5.645489	1530	1663	3	82	133	0.6165413
NODE_212228_length_1173_cov_4.626629	588	721	0	133	133	1.0000000
NODE_21228_length_5417_cov_4.476307	2396	2529	0	133	133	1.0000000
NODE_21241_length_5416_cov_3.750987	2765	2898	0	133	133	1.0000000
NODE_2125_length_12152_cov_4.132083	7243	7376	0	133	133	1.0000000
NODE_21302_length_5408_cov_3.902430	127	260	0	133	133	1.0000000
NODE_2131_length_12138_cov_4.779134	5781	5914	0	133	133	1.0000000
NODE_21324_length_5405_cov_4.055786	2300	2433	0	133	133	1.0000000
NODE_213259_length_1167_cov_4.352996	196	329	0	133	133	1.0000000
NODE_21334_length_5404_cov_4.292177	4848	4981	0	133	133	1.0000000
NODE_213481_length_1166_cov_3.604499	922	1055	0	133	133	1.0000000
NODE_21349_length_5402_cov_4.795210	1920	2053	1	95	133	0.7142857
NODE_21349_length_5402_cov_4.795210	1920	2053	2	38	133	0.2857143
NODE_213612_length_1165_cov_5.381801	379	512	0	133	133	1.0000000
NODE_21369_length_5400_cov_4.424826	4204	4337	1	22	133	0.1654135
NODE_21369_length_5400_cov_4.424826	4204	4337	2	11	133	0.0827068
NODE_21369_length_5400_cov_4.424826	4204	4337	3	55	133	0.4135338
NODE_21369_length_5400_cov_4.424826	4204	4337	4	45	133	0.3383459
NODE_213758_length_1164_cov_5.867606	730	863	0	133	133	1.0000000
NODE_213999_length_1163_cov_3.967105	313	446	0	133	133	1.0000000
NODE_214007_length_1163_cov_3.787594	642	775	0	133	133	1.0000000
NODE_214091_length_1163_cov_2.388158	387	520	0	133	133	1.0000000
NODE_214123_length_1162_cov_5.636877	899	1032	0	133	133	1.0000000
NODE_214147_length_1162_cov_4.512700	897	1030	0	133	133	1.0000000
NODE_214350_length_1161_cov_3.661017	758	891	0	133	133	1.0000000
NODE_214378_length_1161_cov_3.241996	115	248	0	77	133	0.5789474
NODE_214378_length_1161_cov_3.241996	115	248	2	56	133	0.4210526
NODE_214447_length_1160_cov_6.545712	62	195	2	56	133	0.4210526
NODE_214447_length_1160_cov_6.545712	62	195	4	77	133	0.5789474
NODE_2144_length_12116_cov_4.469335	6833	6966	0	133	133	1.0000000
NODE_21458_length_5390_cov_4.527878	4711	4844	0	133	133	1.0000000
NODE_214864_length_1158_cov_3.702550	128	261	4	27	133	0.2030075
NODE_214864_length_1158_cov_3.702550	128	261	5	11	133	0.0827068
NODE_214864_length_1158_cov_3.702550	128	261	6	44	133	0.3308271
NODE_214864_length_1158_cov_3.702550	128	261	7	4	133	0.0300752
NODE_214864_length_1158_cov_3.702550	128	261	9	1	133	0.0075188
NODE_214864_length_1158_cov_3.702550	128	261	10	46	133	0.3458647
NODE_2148_length_12110_cov_4.754558	1796	1929	0	133	133	1.0000000
NODE_21507_length_5383_cov_15.846707	807	940	3	3	133	0.0225564
NODE_21507_length_5383_cov_15.846707	807	940	4	10	133	0.0751880
NODE_21507_length_5383_cov_15.846707	807	940	5	76	133	0.5714286
NODE_21507_length_5383_cov_15.846707	807	940	6	35	133	0.2631579
NODE_21507_length_5383_cov_15.846707	807	940	7	9	133	0.0676692
NODE_215090_length_1157_cov_3.080340	474	607	4	5	133	0.0375940
NODE_215090_length_1157_cov_3.080340	474	607	6	48	133	0.3609022
NODE_215090_length_1157_cov_3.080340	474	607	8	19	133	0.1428571
NODE_215090_length_1157_cov_3.080340	474	607	9	37	133	0.2781955
NODE_215090_length_1157_cov_3.080340	474	607	10	7	133	0.0526316
NODE_215090_length_1157_cov_3.080340	474	607	11	4	133	0.0300752
NODE_215090_length_1157_cov_3.080340	474	607	12	13	133	0.0977444
NODE_215134_length_1157_cov_1.713611	206	339	0	133	133	1.0000000
NODE_215144_length_1156_cov_5.954588	434	567	0	133	133	1.0000000
NODE_215153_length_1156_cov_5.280038	778	911	0	133	133	1.0000000
NODE_215187_length_1156_cov_4.244087	865	998	0	133	133	1.0000000
NODE_21524_length_5382_cov_3.949271	2447	2580	0	16	133	0.1203008
NODE_21524_length_5382_cov_3.949271	2447	2580	4	117	133	0.8796992
NODE_215368_length_1155_cov_3.812500	196	329	0	46	133	0.3458647
NODE_215368_length_1155_cov_3.812500	196	329	2	87	133	0.6541353
NODE_2154_length_12095_cov_4.732911	11773	11906	0	44	133	0.3308271
NODE_2154_length_12095_cov_4.732911	11773	11906	1	89	133	0.6691729
NODE_215706_length_1153_cov_5.201139	845	978	0	133	133	1.0000000
NODE_215779_length_1153_cov_3.479127	642	775	0	133	133	1.0000000
NODE_215809_length_1153_cov_2.941176	272	405	0	133	133	1.0000000
NODE_215927_length_1152_cov_3.483381	821	954	0	133	133	1.0000000
NODE_21595_length_5373_cov_4.415055	3854	3987	0	133	133	1.0000000
NODE_215961_length_1152_cov_3.040836	174	307	0	133	133	1.0000000
NODE_215973_length_1152_cov_2.927825	466	599	0	133	133	1.0000000
NODE_215_length_21487_cov_6.747054	10045	10178	0	55	133	0.4135338
NODE_215_length_21487_cov_6.747054	10045	10178	2	78	133	0.5864662
NODE_2160_length_12092_cov_3.970900	11480	11613	0	133	133	1.0000000
NODE_21613_length_5370_cov_4.903054	4770	4903	0	1	133	0.0075188
NODE_21613_length_5370_cov_4.903054	4770	4903	1	132	133	0.9924812
NODE_21614_length_5370_cov_4.333713	1834	1967	0	133	133	1.0000000
NODE_216327_length_1150_cov_2.866794	504	637	2	16	133	0.1203008
NODE_216327_length_1150_cov_2.866794	504	637	3	19	133	0.1428571
NODE_216327_length_1150_cov_2.866794	504	637	5	56	133	0.4210526
NODE_216327_length_1150_cov_2.866794	504	637	6	26	133	0.1954887
NODE_216327_length_1150_cov_2.866794	504	637	8	16	133	0.1203008
NODE_216381_length_1149_cov_6.443810	456	589	5	23	133	0.1729323
NODE_216381_length_1149_cov_6.443810	456	589	7	27	133	0.2030075
NODE_216381_length_1149_cov_6.443810	456	589	9	16	133	0.1203008
NODE_216381_length_1149_cov_6.443810	456	589	10	44	133	0.3308271
NODE_216381_length_1149_cov_6.443810	456	589	11	2	133	0.0150376
NODE_216381_length_1149_cov_6.443810	456	589	12	21	133	0.1578947
NODE_21648_length_5366_cov_4.631669	2163	2296	0	133	133	1.0000000
NODE_21664_length_5364_cov_4.802469	553	686	0	133	133	1.0000000
NODE_21686_length_5362_cov_4.777123	196	329	0	133	133	1.0000000
NODE_21694_length_5362_cov_3.099563	1592	1725	0	133	133	1.0000000
NODE_216962_length_1146_cov_4.293219	296	429	2	37	133	0.2781955
NODE_216962_length_1146_cov_4.293219	296	429	4	96	133	0.7218045
NODE_217023_length_1146_cov_3.182426	175	308	0	133	133	1.0000000
NODE_217151_length_1145_cov_3.765774	764	897	0	133	133	1.0000000
NODE_21718_length_5358_cov_4.343792	4731	4864	0	133	133	1.0000000
NODE_217352_length_1144_cov_3.401914	145	278	1	2	133	0.0150376
NODE_217352_length_1144_cov_3.401914	145	278	2	100	133	0.7518797
NODE_217352_length_1144_cov_3.401914	145	278	3	31	133	0.2330827
NODE_21754_length_5354_cov_5.000571	1963	2096	2	96	133	0.7218045
NODE_21754_length_5354_cov_5.000571	1963	2096	3	10	133	0.0751880
NODE_21754_length_5354_cov_5.000571	1963	2096	4	27	133	0.2030075
NODE_217584_length_1143_cov_2.818966	315	448	0	133	133	1.0000000
NODE_2176_length_12063_cov_4.046974	9626	9759	0	133	133	1.0000000
NODE_21792_length_5351_cov_4.062833	3409	3542	0	133	133	1.0000000
NODE_21793_length_5351_cov_3.722963	3763	3896	0	7	133	0.0526316
NODE_21793_length_5351_cov_3.722963	3763	3896	2	50	133	0.3759398
NODE_21793_length_5351_cov_3.722963	3763	3896	3	16	133	0.1203008
NODE_21793_length_5351_cov_3.722963	3763	3896	4	3	133	0.0225564
NODE_21793_length_5351_cov_3.722963	3763	3896	5	4	133	0.0300752
NODE_21793_length_5351_cov_3.722963	3763	3896	6	11	133	0.0827068
NODE_21793_length_5351_cov_3.722963	3763	3896	8	16	133	0.1203008
NODE_21793_length_5351_cov_3.722963	3763	3896	9	5	133	0.0375940
NODE_21793_length_5351_cov_3.722963	3763	3896	10	21	133	0.1578947
NODE_218063_length_1140_cov_4.810759	485	618	0	9	133	0.0676692
NODE_218063_length_1140_cov_4.810759	485	618	1	52	133	0.3909774
NODE_218063_length_1140_cov_4.810759	485	618	2	72	133	0.5413534
NODE_218099_length_1140_cov_3.976945	111	244	2	29	133	0.2180451
NODE_218099_length_1140_cov_3.976945	111	244	3	9	133	0.0676692
NODE_218099_length_1140_cov_3.976945	111	244	4	95	133	0.7142857
NODE_21809_length_5348_cov_3.738617	4023	4156	1	13	133	0.0977444
NODE_21809_length_5348_cov_3.738617	4023	4156	2	30	133	0.2255639
NODE_21809_length_5348_cov_3.738617	4023	4156	4	90	133	0.6766917
NODE_21814_length_5347_cov_4.185023	131	264	0	133	133	1.0000000
NODE_218622_length_1137_cov_4.445087	525	658	0	133	133	1.0000000
NODE_218772_length_1136_cov_5.801350	593	726	0	133	133	1.0000000
NODE_218802_length_1136_cov_4.368370	124	257	0	133	133	1.0000000
NODE_21883_length_5340_cov_3.669720	3516	3649	0	133	133	1.0000000
NODE_218847_length_1136_cov_3.418515	710	843	0	133	133	1.0000000
NODE_219167_length_1134_cov_3.872464	835	968	0	133	133	1.0000000
NODE_21924_length_5335_cov_4.064362	278	411	0	133	133	1.0000000
NODE_21925_length_5335_cov_4.039534	3744	3877	0	133	133	1.0000000
NODE_219521_length_1132_cov_4.134560	597	730	0	133	133	1.0000000
NODE_219572_length_1132_cov_3.071636	354	487	0	19	133	0.1428571
NODE_219572_length_1132_cov_3.071636	354	487	2	114	133	0.8571429
NODE_219599_length_1132_cov_2.671830	898	1031	0	133	133	1.0000000
NODE_219633_length_1132_cov_1.710552	946	1079	0	133	133	1.0000000
NODE_219745_length_1131_cov_2.914729	149	282	0	133	133	1.0000000
NODE_219929_length_1130_cov_3.043647	722	855	1	68	133	0.5112782
NODE_219929_length_1130_cov_3.043647	722	855	2	65	133	0.4887218
NODE_21992_length_5327_cov_4.827276	3575	3708	0	133	133	1.0000000
NODE_219959_length_1130_cov_2.553831	331	464	0	133	133	1.0000000
NODE_219973_length_1130_cov_2.225994	315	448	0	133	133	1.0000000
NODE_21_length_32410_cov_4.439634	440	573	0	133	133	1.0000000
NODE_22002_length_5326_cov_4.148077	5127	5260	11	46	133	0.3458647
NODE_22002_length_5326_cov_4.148077	5127	5260	12	1	133	0.0075188
NODE_22002_length_5326_cov_4.148077	5127	5260	13	12	133	0.0902256
NODE_22002_length_5326_cov_4.148077	5127	5260	14	36	133	0.2706767
NODE_22002_length_5326_cov_4.148077	5127	5260	15	38	133	0.2857143
NODE_220058_length_1129_cov_3.839806	139	272	0	133	133	1.0000000
NODE_22013_length_5325_cov_4.594527	1748	1881	0	133	133	1.0000000
NODE_220173_length_1128_cov_5.000000	749	882	0	20	133	0.1503759
NODE_220173_length_1128_cov_5.000000	749	882	3	23	133	0.1729323
NODE_220173_length_1128_cov_5.000000	749	882	4	24	133	0.1804511
NODE_220173_length_1128_cov_5.000000	749	882	5	6	133	0.0451128
NODE_220173_length_1128_cov_5.000000	749	882	6	60	133	0.4511278
NODE_220244_length_1128_cov_3.530612	573	706	4	1	133	0.0075188
NODE_220244_length_1128_cov_3.530612	573	706	6	3	133	0.0225564
NODE_220244_length_1128_cov_3.530612	573	706	7	33	133	0.2481203
NODE_220244_length_1128_cov_3.530612	573	706	8	96	133	0.7218045
NODE_220262_length_1128_cov_3.245870	37	170	0	133	133	1.0000000
NODE_220389_length_1127_cov_4.607977	667	800	2	92	133	0.6917293
NODE_220389_length_1127_cov_4.607977	667	800	3	41	133	0.3082707
NODE_220432_length_1127_cov_3.680934	931	1064	0	133	133	1.0000000
NODE_220462_length_1127_cov_3.198444	709	842	0	46	133	0.3458647
NODE_220462_length_1127_cov_3.198444	709	842	1	87	133	0.6541353
NODE_220480_length_1127_cov_2.947471	1023	1156	0	133	133	1.0000000
NODE_220584_length_1126_cov_4.017527	441	574	8	17	133	0.1278196
NODE_220584_length_1126_cov_4.017527	441	574	9	2	133	0.0150376
NODE_220584_length_1126_cov_4.017527	441	574	10	8	133	0.0601504
NODE_220584_length_1126_cov_4.017527	441	574	11	3	133	0.0225564
NODE_220584_length_1126_cov_4.017527	441	574	12	11	133	0.0827068
NODE_220584_length_1126_cov_4.017527	441	574	13	50	133	0.3759398
NODE_220584_length_1126_cov_4.017527	441	574	14	4	133	0.0300752
NODE_220584_length_1126_cov_4.017527	441	574	15	37	133	0.2781955
NODE_220584_length_1126_cov_4.017527	441	574	16	1	133	0.0075188
NODE_220604_length_1126_cov_3.612463	131	264	0	133	133	1.0000000
NODE_220855_length_1125_cov_2.926901	858	991	0	133	133	1.0000000
NODE_22097_length_5316_cov_6.618555	1912	2045	0	44	133	0.3308271
NODE_22097_length_5316_cov_6.618555	1912	2045	2	89	133	0.6691729
NODE_22105_length_5315_cov_5.552147	3433	3566	0	133	133	1.0000000
NODE_22111_length_5315_cov_4.350844	4726	4859	0	133	133	1.0000000
NODE_22119_length_5314_cov_9.860019	4044	4177	0	133	133	1.0000000
NODE_221384_length_1122_cov_2.805474	686	819	0	1	133	0.0075188
NODE_221384_length_1122_cov_2.805474	686	819	1	132	133	0.9924812
NODE_22143_length_5311_cov_3.554873	4746	4879	0	133	133	1.0000000
NODE_22147_length_5310_cov_5.069085	5017	5150	0	133	133	1.0000000
NODE_22164_length_5308_cov_5.454406	192	325	0	94	133	0.7067669
NODE_22164_length_5308_cov_5.454406	192	325	5	39	133	0.2932331
NODE_22200_length_5303_cov_4.439662	3292	3425	5	70	133	0.5263158
NODE_22200_length_5303_cov_4.439662	3292	3425	6	5	133	0.0375940
NODE_22200_length_5303_cov_4.439662	3292	3425	11	54	133	0.4060150
NODE_22200_length_5303_cov_4.439662	3292	3425	12	4	133	0.0300752
NODE_22206_length_5302_cov_5.508168	3628	3761	0	133	133	1.0000000
NODE_2220_length_11980_cov_3.278175	5806	5939	1	105	133	0.7894737
NODE_2220_length_11980_cov_3.278175	5806	5939	2	28	133	0.2105263
NODE_22211_length_5302_cov_3.962714	2331	2464	2	3	133	0.0225564
NODE_22211_length_5302_cov_3.962714	2331	2464	3	96	133	0.7218045
NODE_22211_length_5302_cov_3.962714	2331	2464	4	22	133	0.1654135
NODE_22211_length_5302_cov_3.962714	2331	2464	5	1	133	0.0075188
NODE_22211_length_5302_cov_3.962714	2331	2464	6	11	133	0.0827068
NODE_2222_length_11978_cov_4.160114	3235	3368	0	133	133	1.0000000
NODE_222312_length_1117_cov_2.432220	254	387	0	133	133	1.0000000
NODE_22235_length_5299_cov_3.952500	2657	2790	0	133	133	1.0000000
NODE_222536_length_1115_cov_5.569882	406	539	0	133	133	1.0000000
NODE_222539_length_1115_cov_5.536417	1005	1138	0	133	133	1.0000000
NODE_222543_length_1115_cov_5.229331	146	279	2	107	133	0.8045112
NODE_222543_length_1115_cov_5.229331	146	279	4	26	133	0.1954887
NODE_22259_length_5297_cov_4.120816	710	843	2	48	133	0.3609022
NODE_22259_length_5297_cov_4.120816	710	843	3	38	133	0.2857143
NODE_22259_length_5297_cov_4.120816	710	843	4	47	133	0.3533835
NODE_222622_length_1115_cov_3.317913	848	981	2	2	133	0.0150376
NODE_222622_length_1115_cov_3.317913	848	981	3	13	133	0.0977444
NODE_222622_length_1115_cov_3.317913	848	981	4	118	133	0.8872181
NODE_22263_length_5296_cov_7.856648	2284	2417	2	55	133	0.4135338
NODE_22263_length_5296_cov_7.856648	2284	2417	4	33	133	0.2481203
NODE_22263_length_5296_cov_7.856648	2284	2417	6	45	133	0.3383459
NODE_222739_length_1114_cov_4.745813	467	600	0	133	133	1.0000000
NODE_222927_length_1113_cov_4.786982	477	610	0	133	133	1.0000000
NODE_22301_length_5292_cov_4.512998	1019	1152	0	26	133	0.1954887
NODE_22301_length_5292_cov_4.512998	1019	1152	2	107	133	0.8045112
NODE_22311_length_5290_cov_5.805047	2073	2206	0	133	133	1.0000000
NODE_22314_length_5290_cov_4.604700	1207	1340	0	27	133	0.2030075
NODE_22314_length_5290_cov_4.604700	1207	1340	2	106	133	0.7969925
NODE_223231_length_1112_cov_2.623889	898	1031	0	133	133	1.0000000
NODE_2233_length_11967_cov_4.674082	326	459	0	133	133	1.0000000
NODE_223451_length_1111_cov_2.045455	571	704	0	133	133	1.0000000
NODE_22352_length_5286_cov_4.069211	2232	2365	0	133	133	1.0000000
NODE_22358_length_5285_cov_4.755303	1867	2000	0	133	133	1.0000000
NODE_223699_length_1109_cov_4.135644	506	639	0	133	133	1.0000000
NODE_223725_length_1109_cov_3.760396	665	798	0	7	133	0.0526316
NODE_223725_length_1109_cov_3.760396	665	798	2	10	133	0.0751880
NODE_223725_length_1109_cov_3.760396	665	798	3	1	133	0.0075188
NODE_223725_length_1109_cov_3.760396	665	798	4	47	133	0.3533835
NODE_223725_length_1109_cov_3.760396	665	798	5	10	133	0.0751880
NODE_223725_length_1109_cov_3.760396	665	798	6	34	133	0.2556391
NODE_223725_length_1109_cov_3.760396	665	798	8	24	133	0.1804511
NODE_22375_length_5283_cov_4.849344	4174	4307	0	133	133	1.0000000
NODE_223802_length_1109_cov_2.715842	842	975	0	31	133	0.2330827
NODE_223802_length_1109_cov_2.715842	842	975	2	102	133	0.7669173
NODE_22387_length_5282_cov_10.125796	4321	4454	0	133	133	1.0000000
NODE_223901_length_1108_cov_4.057483	325	458	0	133	133	1.0000000
NODE_22398_length_5282_cov_4.077754	124	257	0	133	133	1.0000000
NODE_22400_length_5282_cov_3.884623	4631	4764	0	133	133	1.0000000
NODE_2240_length_11956_cov_4.693430	11472	11605	0	133	133	1.0000000
NODE_224231_length_1106_cov_4.817279	574	707	0	133	133	1.0000000
NODE_22427_length_5279_cov_4.266602	1050	1183	0	133	133	1.0000000
NODE_22432_length_5278_cov_38.197335	4015	4148	7	2	133	0.0150376
NODE_22432_length_5278_cov_38.197335	4015	4148	8	51	133	0.3834586
NODE_22432_length_5278_cov_38.197335	4015	4148	10	22	133	0.1654135
NODE_22432_length_5278_cov_38.197335	4015	4148	11	28	133	0.2105263
NODE_22432_length_5278_cov_38.197335	4015	4148	12	12	133	0.0902256
NODE_22432_length_5278_cov_38.197335	4015	4148	13	18	133	0.1353384
NODE_22438_length_5278_cov_4.424792	1919	2052	3	3	133	0.0225564
NODE_22438_length_5278_cov_4.424792	1919	2052	4	10	133	0.0751880
NODE_22438_length_5278_cov_4.424792	1919	2052	5	109	133	0.8195488
NODE_22438_length_5278_cov_4.424792	1919	2052	6	11	133	0.0827068
NODE_2244_length_11946_cov_8.117414	8296	8429	6	26	133	0.1954887
NODE_2244_length_11946_cov_8.117414	8296	8429	7	27	133	0.2030075
NODE_2244_length_11946_cov_8.117414	8296	8429	8	32	133	0.2406015
NODE_2244_length_11946_cov_8.117414	8296	8429	9	31	133	0.2330827
NODE_2244_length_11946_cov_8.117414	8296	8429	10	2	133	0.0150376
NODE_2244_length_11946_cov_8.117414	8296	8429	12	15	133	0.1127820
NODE_22453_length_5276_cov_5.120147	4947	5080	0	133	133	1.0000000
NODE_22456_length_5276_cov_4.425536	712	845	0	133	133	1.0000000
NODE_22480_length_5273_cov_4.908195	3805	3938	0	133	133	1.0000000
NODE_22485_length_5273_cov_4.319869	524	657	0	133	133	1.0000000
NODE_22487_length_5273_cov_3.972362	4194	4327	0	133	133	1.0000000
NODE_2249_length_11943_cov_4.415062	4524	4657	1	68	133	0.5112782
NODE_2249_length_11943_cov_4.415062	4524	4657	2	65	133	0.4887218
NODE_22513_length_5270_cov_3.959969	811	944	0	133	133	1.0000000
NODE_225274_length_1101_cov_2.991018	131	264	0	133	133	1.0000000
NODE_22531_length_5268_cov_4.190172	3833	3966	0	133	133	1.0000000
NODE_225376_length_1100_cov_4.397602	501	634	0	133	133	1.0000000
NODE_2254_length_11937_cov_5.061075	3642	3775	0	44	133	0.3308271
NODE_2254_length_11937_cov_5.061075	3642	3775	7	83	133	0.6240602
NODE_2254_length_11937_cov_5.061075	3642	3775	13	1	133	0.0075188
NODE_2254_length_11937_cov_5.061075	3642	3775	14	5	133	0.0375940
NODE_225560_length_1099_cov_4.219000	533	666	2	9	133	0.0676692
NODE_225560_length_1099_cov_4.219000	533	666	3	6	133	0.0451128
NODE_225560_length_1099_cov_4.219000	533	666	4	45	133	0.3383459
NODE_225560_length_1099_cov_4.219000	533	666	5	60	133	0.4511278
NODE_225560_length_1099_cov_4.219000	533	666	6	13	133	0.0977444
NODE_22608_length_5260_cov_4.796939	4365	4498	0	25	133	0.1879699
NODE_22608_length_5260_cov_4.796939	4365	4498	1	54	133	0.4060150
NODE_22608_length_5260_cov_4.796939	4365	4498	2	54	133	0.4060150
NODE_226209_length_1096_cov_2.794383	195	328	0	45	133	0.3383459
NODE_226209_length_1096_cov_2.794383	195	328	1	5	133	0.0375940
NODE_226209_length_1096_cov_2.794383	195	328	2	83	133	0.6240602
NODE_22623_length_5259_cov_3.821705	1498	1631	0	133	133	1.0000000
NODE_226393_length_1095_cov_2.873494	220	353	0	133	133	1.0000000
NODE_226557_length_1094_cov_3.607035	227	360	0	133	133	1.0000000
NODE_22670_length_5254_cov_4.359651	4551	4684	0	133	133	1.0000000
NODE_226864_length_1092_cov_6.242699	887	1020	0	133	133	1.0000000
NODE_226980_length_1092_cov_3.242699	682	815	1	127	133	0.9548872
NODE_226980_length_1092_cov_3.242699	682	815	2	6	133	0.0451128
NODE_22699_length_5252_cov_3.488259	4070	4203	0	133	133	1.0000000
NODE_226_length_21233_cov_4.064446	9939	10072	0	45	133	0.3383459
NODE_226_length_21233_cov_4.064446	9939	10072	1	42	133	0.3157895
NODE_226_length_21233_cov_4.064446	9939	10072	2	46	133	0.3458647
NODE_227063_length_1091_cov_6.040323	31	164	0	133	133	1.0000000
NODE_22717_length_5250_cov_4.496214	2572	2705	0	26	133	0.1954887
NODE_22717_length_5250_cov_4.496214	2572	2705	2	107	133	0.8045112
NODE_227278_length_1090_cov_4.266398	519	652	0	63	133	0.4736842
NODE_227278_length_1090_cov_4.266398	519	652	1	70	133	0.5263158
NODE_227358_length_1090_cov_2.930373	116	249	0	133	133	1.0000000
NODE_227738_length_1088_cov_2.823054	143	276	0	133	133	1.0000000
NODE_227799_length_1087_cov_5.397773	461	594	0	133	133	1.0000000
NODE_227866_length_1087_cov_3.553644	328	461	0	133	133	1.0000000
NODE_228039_length_1086_cov_3.630193	781	914	0	133	133	1.0000000
NODE_228113_length_1086_cov_2.808511	78	211	0	133	133	1.0000000
NODE_228137_length_1086_cov_2.335360	409	542	0	21	133	0.1578947
NODE_228137_length_1086_cov_2.335360	409	542	2	112	133	0.8421053
NODE_22823_length_5237_cov_4.612495	3702	3835	0	133	133	1.0000000
NODE_228276_length_1085_cov_3.240365	881	1014	0	133	133	1.0000000
NODE_22830_length_5236_cov_36.731555	781	914	0	133	133	1.0000000
NODE_228376_length_1084_cov_5.514721	886	1019	0	133	133	1.0000000
NODE_2284_length_11902_cov_4.054817	7240	7373	0	133	133	1.0000000
NODE_22851_length_5234_cov_5.254528	3472	3605	0	133	133	1.0000000
NODE_228745_length_1083_cov_2.714431	331	464	0	133	133	1.0000000
NODE_22879_length_5231_cov_4.379579	3897	4030	0	66	133	0.4962406
NODE_22879_length_5231_cov_4.379579	3897	4030	1	30	133	0.2255639
NODE_22879_length_5231_cov_4.379579	3897	4030	2	24	133	0.1804511
NODE_22879_length_5231_cov_4.379579	3897	4030	3	13	133	0.0977444
NODE_229127_length_1081_cov_2.267821	931	1064	0	30	133	0.2255639
NODE_229127_length_1081_cov_2.267821	931	1064	1	24	133	0.1804511
NODE_229127_length_1081_cov_2.267821	931	1064	2	79	133	0.5939850
NODE_229301_length_1080_cov_2.937819	20	153	0	133	133	1.0000000
NODE_229420_length_1079_cov_4.360204	593	726	0	133	133	1.0000000
NODE_22942_length_5223_cov_4.872170	4365	4498	1	59	133	0.4436090
NODE_22942_length_5223_cov_4.872170	4365	4498	2	34	133	0.2556391
NODE_22942_length_5223_cov_4.872170	4365	4498	3	20	133	0.1503759
NODE_22942_length_5223_cov_4.872170	4365	4498	4	20	133	0.1503759
NODE_229460_length_1079_cov_3.495918	610	743	0	60	133	0.4511278
NODE_229460_length_1079_cov_3.495918	610	743	2	73	133	0.5488722
NODE_229544_length_1079_cov_2.341837	470	603	2	21	133	0.1578947
NODE_229544_length_1079_cov_2.341837	470	603	4	23	133	0.1729323
NODE_229544_length_1079_cov_2.341837	470	603	12	1	133	0.0075188
NODE_229544_length_1079_cov_2.341837	470	603	13	16	133	0.1203008
NODE_229544_length_1079_cov_2.341837	470	603	14	44	133	0.3308271
NODE_229544_length_1079_cov_2.341837	470	603	15	14	133	0.1052632
NODE_229544_length_1079_cov_2.341837	470	603	16	14	133	0.1052632
NODE_229564_length_1079_cov_1.966327	528	661	0	133	133	1.0000000
NODE_2297_length_11889_cov_9.779729	5377	5510	1	81	133	0.6090226
NODE_2297_length_11889_cov_9.779729	5377	5510	2	52	133	0.3909774
NODE_230073_length_1076_cov_3.497441	813	946	0	133	133	1.0000000
NODE_230093_length_1076_cov_3.195496	152	285	0	133	133	1.0000000
NODE_23013_length_5215_cov_3.868843	1179	1312	0	133	133	1.0000000
NODE_23042_length_5212_cov_3.667319	1430	1563	0	133	133	1.0000000
NODE_230447_length_1074_cov_4.455385	126	259	0	133	133	1.0000000
NODE_230486_length_1074_cov_3.888205	852	985	0	133	133	1.0000000
NODE_230620_length_1073_cov_4.933265	125	258	0	133	133	1.0000000
NODE_230695_length_1073_cov_3.490760	679	812	0	133	133	1.0000000
NODE_23080_length_5207_cov_3.324785	4456	4589	0	133	133	1.0000000
NODE_230819_length_1072_cov_5.255910	535	668	1	81	133	0.6090226
NODE_230819_length_1072_cov_5.255910	535	668	2	10	133	0.0751880
NODE_230819_length_1072_cov_5.255910	535	668	3	42	133	0.3157895
NODE_230_length_21129_cov_4.681122	9109	9242	0	133	133	1.0000000
NODE_231404_length_1070_cov_1.926880	118	251	3	59	133	0.4436090
NODE_231404_length_1070_cov_1.926880	118	251	5	1	133	0.0075188
NODE_231404_length_1070_cov_1.926880	118	251	6	22	133	0.1654135
NODE_231404_length_1070_cov_1.926880	118	251	7	31	133	0.2330827
NODE_231404_length_1070_cov_1.926880	118	251	8	20	133	0.1503759
NODE_23140_length_5200_cov_4.462066	4403	4536	0	133	133	1.0000000
NODE_231451_length_1069_cov_4.356701	557	690	0	133	133	1.0000000
NODE_231944_length_1067_cov_2.765496	696	829	0	133	133	1.0000000
NODE_23228_length_5192_cov_4.422344	1118	1251	1	35	133	0.2631579
NODE_23228_length_5192_cov_4.422344	1118	1251	2	98	133	0.7368421
NODE_2322_length_11848_cov_3.928505	10446	10579	0	133	133	1.0000000
NODE_232492_length_1064_cov_3.794819	116	249	0	133	133	1.0000000
NODE_23251_length_5189_cov_5.496071	226	359	0	133	133	1.0000000
NODE_232605_length_1064_cov_2.303627	732	865	0	133	133	1.0000000
NODE_232657_length_1063_cov_5.147303	553	686	0	133	133	1.0000000
NODE_232723_length_1063_cov_3.731328	134	267	0	133	133	1.0000000
NODE_233066_length_1061_cov_9.522869	36	169	0	133	133	1.0000000
NODE_233089_length_1061_cov_4.992723	780	913	0	133	133	1.0000000
NODE_23317_length_5183_cov_4.638277	3801	3934	0	133	133	1.0000000
NODE_2331_length_11832_cov_8.637433	6665	6798	0	12	133	0.0902256
NODE_2331_length_11832_cov_8.637433	6665	6798	2	50	133	0.3759398
NODE_2331_length_11832_cov_8.637433	6665	6798	4	71	133	0.5338346
NODE_233219_length_1061_cov_2.535343	933	1066	0	133	133	1.0000000
NODE_233246_length_1061_cov_1.825364	168	301	0	133	133	1.0000000
NODE_233466_length_1059_cov_4.638542	365	498	0	133	133	1.0000000
NODE_23346_length_5180_cov_5.827593	4626	4759	0	133	133	1.0000000
NODE_2335_length_11829_cov_3.997698	5041	5174	0	133	133	1.0000000
NODE_23361_length_5178_cov_4.478441	4771	4904	0	133	133	1.0000000
NODE_233676_length_1058_cov_5.070907	593	726	0	7	133	0.0526316
NODE_233676_length_1058_cov_5.070907	593	726	2	126	133	0.9473684
NODE_23373_length_5177_cov_4.783773	1059	1192	0	133	133	1.0000000
NODE_23419_length_5172_cov_4.309482	520	653	0	133	133	1.0000000
NODE_234263_length_1056_cov_2.145246	155	288	1	111	133	0.8345864
NODE_234263_length_1056_cov_2.145246	155	288	2	22	133	0.1654135
NODE_23432_length_5171_cov_3.683754	2181	2314	0	133	133	1.0000000
NODE_23440_length_5170_cov_5.364425	620	753	0	133	133	1.0000000
NODE_23463_length_5169_cov_3.763116	3569	3702	7	42	133	0.3157895
NODE_23463_length_5169_cov_3.763116	3569	3702	8	91	133	0.6842105
NODE_23470_length_5167_cov_4.683899	4882	5015	0	133	133	1.0000000
NODE_23478_length_5166_cov_3.896980	2773	2906	0	20	133	0.1503759
NODE_23478_length_5166_cov_3.896980	2773	2906	1	38	133	0.2857143
NODE_23478_length_5166_cov_3.896980	2773	2906	2	75	133	0.5639098
NODE_235095_length_1052_cov_2.219307	430	563	3	53	133	0.3984962
NODE_235095_length_1052_cov_2.219307	430	563	4	15	133	0.1127820
NODE_235095_length_1052_cov_2.219307	430	563	5	33	133	0.2481203
NODE_235095_length_1052_cov_2.219307	430	563	6	13	133	0.0977444
NODE_235095_length_1052_cov_2.219307	430	563	7	19	133	0.1428571
NODE_235148_length_1051_cov_4.728992	302	435	2	71	133	0.5338346
NODE_235148_length_1051_cov_4.728992	302	435	3	19	133	0.1428571
NODE_235148_length_1051_cov_4.728992	302	435	4	43	133	0.3233083
NODE_23521_length_5162_cov_4.670749	2816	2949	0	133	133	1.0000000
NODE_235447_length_1050_cov_2.972660	429	562	1	44	133	0.3308271
NODE_235447_length_1050_cov_2.972660	429	562	2	89	133	0.6691729
NODE_235653_length_1049_cov_2.996842	819	952	4	130	133	0.9774436
NODE_235653_length_1049_cov_2.996842	819	952	8	3	133	0.0225564
NODE_235738_length_1048_cov_5.243414	517	650	0	84	133	0.6315789
NODE_235738_length_1048_cov_5.243414	517	650	1	2	133	0.0150376
NODE_235738_length_1048_cov_5.243414	517	650	2	47	133	0.3533835
NODE_235757_length_1048_cov_4.811380	135	268	7	44	133	0.3308271
NODE_235757_length_1048_cov_4.811380	135	268	11	2	133	0.0150376
NODE_235757_length_1048_cov_4.811380	135	268	12	4	133	0.0300752
NODE_235757_length_1048_cov_4.811380	135	268	14	2	133	0.0150376
NODE_235757_length_1048_cov_4.811380	135	268	18	1	133	0.0075188
NODE_235757_length_1048_cov_4.811380	135	268	19	1	133	0.0075188
NODE_235757_length_1048_cov_4.811380	135	268	21	8	133	0.0601504
NODE_235757_length_1048_cov_4.811380	135	268	22	1	133	0.0075188
NODE_235757_length_1048_cov_4.811380	135	268	23	45	133	0.3383459
NODE_235757_length_1048_cov_4.811380	135	268	24	2	133	0.0150376
NODE_235757_length_1048_cov_4.811380	135	268	26	9	133	0.0676692
NODE_235757_length_1048_cov_4.811380	135	268	27	8	133	0.0601504
NODE_235757_length_1048_cov_4.811380	135	268	28	4	133	0.0300752
NODE_235757_length_1048_cov_4.811380	135	268	30	2	133	0.0150376
NODE_235817_length_1048_cov_3.576396	298	431	0	32	133	0.2406015
NODE_235817_length_1048_cov_3.576396	298	431	1	101	133	0.7593985
NODE_23583_length_5156_cov_3.746490	2419	2552	0	58	133	0.4360902
NODE_23583_length_5156_cov_3.746490	2419	2552	2	75	133	0.5639098
NODE_2358_length_11791_cov_4.805679	10423	10556	0	133	133	1.0000000
NODE_235929_length_1048_cov_2.153846	454	587	0	13	133	0.0977444
NODE_235929_length_1048_cov_2.153846	454	587	1	2	133	0.0150376
NODE_235929_length_1048_cov_2.153846	454	587	3	45	133	0.3383459
NODE_235929_length_1048_cov_2.153846	454	587	5	55	133	0.4135338
NODE_235929_length_1048_cov_2.153846	454	587	6	18	133	0.1353384
NODE_23596_length_5154_cov_4.380218	257	390	0	133	133	1.0000000
NODE_236005_length_1047_cov_3.916667	112	245	0	133	133	1.0000000
NODE_23613_length_5153_cov_3.404630	3099	3232	0	36	133	0.2706767
NODE_23613_length_5153_cov_3.404630	3099	3232	1	11	133	0.0827068
NODE_23613_length_5153_cov_3.404630	3099	3232	2	86	133	0.6466165
NODE_236147_length_1046_cov_5.158395	276	409	0	133	133	1.0000000
NODE_236309_length_1046_cov_2.400211	46	179	0	133	133	1.0000000
NODE_236349_length_1045_cov_5.252643	920	1053	0	133	133	1.0000000
NODE_23634_length_5151_cov_3.320269	1692	1825	0	21	133	0.1578947
NODE_23634_length_5151_cov_3.320269	1692	1825	1	23	133	0.1729323
NODE_23634_length_5151_cov_3.320269	1692	1825	2	2	133	0.0150376
NODE_23634_length_5151_cov_3.320269	1692	1825	3	47	133	0.3533835
NODE_23634_length_5151_cov_3.320269	1692	1825	4	40	133	0.3007519
NODE_23643_length_5149_cov_3.784752	3230	3363	0	29	133	0.2180451
NODE_23643_length_5149_cov_3.784752	3230	3363	1	66	133	0.4962406
NODE_23643_length_5149_cov_3.784752	3230	3363	2	38	133	0.2857143
NODE_236478_length_1045_cov_2.921776	545	678	1	15	133	0.1127820
NODE_236478_length_1045_cov_2.921776	545	678	2	61	133	0.4586466
NODE_236478_length_1045_cov_2.921776	545	678	3	57	133	0.4285714
NODE_2364_length_11777_cov_5.157647	5346	5479	0	133	133	1.0000000
NODE_236537_length_1044_cov_7.322751	530	663	0	133	133	1.0000000
NODE_236593_length_1044_cov_4.084656	81	214	0	133	133	1.0000000
NODE_2365_length_11777_cov_4.556517	178	311	1	36	133	0.2706767
NODE_2365_length_11777_cov_4.556517	178	311	2	97	133	0.7293233
NODE_236672_length_1044_cov_2.989418	289	422	0	133	133	1.0000000
NODE_236717_length_1044_cov_2.308995	323	456	0	133	133	1.0000000
NODE_236750_length_1043_cov_5.149364	802	935	0	133	133	1.0000000
NODE_2368_length_11773_cov_4.436611	6624	6757	0	133	133	1.0000000
NODE_23702_length_5143_cov_4.518438	1093	1226	0	133	133	1.0000000
NODE_237036_length_1042_cov_3.612937	404	537	0	133	133	1.0000000
NODE_237146_length_1042_cov_2.272534	706	839	0	4	133	0.0300752
NODE_237146_length_1042_cov_2.272534	706	839	2	129	133	0.9699248
NODE_23727_length_5141_cov_3.733836	1211	1344	0	133	133	1.0000000
NODE_237301_length_1041_cov_2.993631	671	804	0	133	133	1.0000000
NODE_23744_length_5139_cov_5.325198	2714	2847	0	133	133	1.0000000
NODE_237495_length_1040_cov_3.179596	808	941	1	6	133	0.0451128
NODE_237495_length_1040_cov_3.179596	808	941	2	2	133	0.0150376
NODE_237495_length_1040_cov_3.179596	808	941	5	84	133	0.6315789
NODE_237495_length_1040_cov_3.179596	808	941	6	41	133	0.3082707
NODE_237749_length_1039_cov_2.889362	356	489	0	133	133	1.0000000
NODE_23774_length_5136_cov_4.900735	2881	3014	0	133	133	1.0000000
NODE_237879_length_1038_cov_4.174654	549	682	0	133	133	1.0000000
NODE_23788_length_5135_cov_4.474980	1633	1766	0	133	133	1.0000000
NODE_237924_length_1038_cov_3.502662	151	284	5	19	133	0.1428571
NODE_237924_length_1038_cov_3.502662	151	284	7	15	133	0.1127820
NODE_237924_length_1038_cov_3.502662	151	284	8	71	133	0.5338346
NODE_237924_length_1038_cov_3.502662	151	284	11	13	133	0.0977444
NODE_237924_length_1038_cov_3.502662	151	284	12	15	133	0.1127820
NODE_23825_length_5131_cov_4.186010	1009	1142	0	65	133	0.4887218
NODE_23825_length_5131_cov_4.186010	1009	1142	1	25	133	0.1879699
NODE_23825_length_5131_cov_4.186010	1009	1142	2	43	133	0.3233083
NODE_23826_length_5131_cov_4.091614	1776	1909	3	75	133	0.5639098
NODE_23826_length_5131_cov_4.091614	1776	1909	6	58	133	0.4360902
NODE_238359_length_1036_cov_3.243330	845	978	0	133	133	1.0000000
NODE_238402_length_1036_cov_2.820704	705	838	0	133	133	1.0000000
NODE_238497_length_1035_cov_4.599359	517	650	0	14	133	0.1052632
NODE_238497_length_1035_cov_4.599359	517	650	2	119	133	0.8947368
NODE_23854_length_5128_cov_5.203619	708	841	0	133	133	1.0000000
NODE_2385_length_11760_cov_4.046394	6421	6554	0	25	133	0.1879699
NODE_2385_length_11760_cov_4.046394	6421	6554	1	1	133	0.0075188
NODE_2385_length_11760_cov_4.046394	6421	6554	2	107	133	0.8045112
NODE_238605_length_1035_cov_3.113248	239	372	0	5	133	0.0375940
NODE_238605_length_1035_cov_3.113248	239	372	1	24	133	0.1804511
NODE_238605_length_1035_cov_3.113248	239	372	2	104	133	0.7819549
NODE_238679_length_1035_cov_2.228632	669	802	0	49	133	0.3684210
NODE_238679_length_1035_cov_2.228632	669	802	2	84	133	0.6315789
NODE_23867_length_5127_cov_4.778242	3030	3163	2	39	133	0.2932331
NODE_23867_length_5127_cov_4.778242	3030	3163	3	31	133	0.2330827
NODE_23867_length_5127_cov_4.778242	3030	3163	4	1	133	0.0075188
NODE_23867_length_5127_cov_4.778242	3030	3163	5	26	133	0.1954887
NODE_23867_length_5127_cov_4.778242	3030	3163	6	36	133	0.2706767
NODE_2386_length_11760_cov_3.789212	6796	6929	0	18	133	0.1353384
NODE_2386_length_11760_cov_3.789212	6796	6929	2	115	133	0.8646616
NODE_23878_length_5126_cov_3.823752	1915	2048	0	5	133	0.0375940
NODE_23878_length_5126_cov_3.823752	1915	2048	2	18	133	0.1353384
NODE_23878_length_5126_cov_3.823752	1915	2048	4	110	133	0.8270677
NODE_2388_length_11755_cov_3.985244	2585	2718	0	70	133	0.5263158
NODE_2388_length_11755_cov_3.985244	2585	2718	1	13	133	0.0977444
NODE_2388_length_11755_cov_3.985244	2585	2718	2	50	133	0.3759398
NODE_23893_length_5124_cov_4.639602	1477	1610	0	19	133	0.1428571
NODE_23893_length_5124_cov_4.639602	1477	1610	1	11	133	0.0827068
NODE_23893_length_5124_cov_4.639602	1477	1610	2	103	133	0.7744361
NODE_239020_length_1033_cov_3.282655	610	743	0	133	133	1.0000000
NODE_239030_length_1033_cov_3.139186	643	776	0	133	133	1.0000000
NODE_239334_length_1031_cov_5.258584	270	403	0	133	133	1.0000000
NODE_239342_length_1031_cov_4.824034	527	660	0	133	133	1.0000000
NODE_239355_length_1031_cov_4.418455	138	271	0	133	133	1.0000000
NODE_239492_length_1031_cov_2.252146	405	538	0	11	133	0.0827068
NODE_239492_length_1031_cov_2.252146	405	538	1	122	133	0.9172933
NODE_239536_length_1030_cov_4.923738	833	966	4	72	133	0.5413534
NODE_239536_length_1030_cov_4.923738	833	966	6	1	133	0.0075188
NODE_239536_length_1030_cov_4.923738	833	966	8	60	133	0.4511278
NODE_239643_length_1030_cov_3.169710	533	666	0	62	133	0.4661654
NODE_239643_length_1030_cov_3.169710	533	666	2	71	133	0.5338346
NODE_239652_length_1030_cov_3.075188	238	371	0	133	133	1.0000000
NODE_23973_length_5116_cov_5.301176	2533	2666	0	133	133	1.0000000
NODE_239746_length_1029_cov_5.039785	685	818	0	133	133	1.0000000
NODE_239884_length_1029_cov_2.716129	144	277	0	79	133	0.5939850
NODE_239884_length_1029_cov_2.716129	144	277	1	44	133	0.3308271
NODE_239884_length_1029_cov_2.716129	144	277	2	10	133	0.0751880
NODE_2398_length_11729_cov_6.560705	5482	5615	0	133	133	1.0000000
NODE_24011_length_5112_cov_4.291043	4004	4137	0	133	133	1.0000000
NODE_240128_length_1028_cov_2.689989	583	716	0	133	133	1.0000000
NODE_240314_length_1027_cov_2.977371	55	188	0	133	133	1.0000000
NODE_24052_length_5108_cov_3.849870	1327	1460	0	133	133	1.0000000
NODE_240532_length_1026_cov_2.912621	510	643	1	12	133	0.0902256
NODE_240532_length_1026_cov_2.912621	510	643	2	121	133	0.9097744
NODE_240565_length_1026_cov_2.567422	556	689	0	133	133	1.0000000
NODE_240631_length_1025_cov_4.970842	790	923	0	133	133	1.0000000
NODE_2406_length_11715_cov_4.765152	1877	2010	0	33	133	0.2481203
NODE_2406_length_11715_cov_4.765152	1877	2010	3	80	133	0.6015037
NODE_2406_length_11715_cov_4.765152	1877	2010	4	20	133	0.1503759
NODE_240741_length_1025_cov_2.929806	507	640	0	133	133	1.0000000
NODE_240804_length_1025_cov_1.289417	452	585	0	56	133	0.4210526
NODE_240804_length_1025_cov_1.289417	452	585	1	34	133	0.2556391
NODE_240804_length_1025_cov_1.289417	452	585	2	43	133	0.3233083
NODE_24090_length_5104_cov_4.353047	2361	2494	0	133	133	1.0000000
NODE_24096_length_5103_cov_5.085332	538	671	0	133	133	1.0000000
NODE_241020_length_1023_cov_5.780303	406	539	0	133	133	1.0000000
NODE_24114_length_5102_cov_4.109734	1076	1209	0	75	133	0.5639098
NODE_24114_length_5102_cov_4.109734	1076	1209	3	55	133	0.4135338
NODE_24114_length_5102_cov_4.109734	1076	1209	6	3	133	0.0225564
NODE_241290_length_1022_cov_3.562297	310	443	0	133	133	1.0000000
NODE_24129_length_5101_cov_4.604158	749	882	0	133	133	1.0000000
NODE_241512_length_1021_cov_3.462039	323	456	0	133	133	1.0000000
NODE_241582_length_1021_cov_2.519523	838	971	0	133	133	1.0000000
NODE_2415_length_11704_cov_3.798621	3288	3421	0	133	133	1.0000000
NODE_241610_length_1021_cov_2.204989	323	456	0	48	133	0.3609022
NODE_241610_length_1021_cov_2.204989	323	456	1	32	133	0.2406015
NODE_241610_length_1021_cov_2.204989	323	456	3	53	133	0.3984962
NODE_241756_length_1020_cov_3.130293	818	951	0	133	133	1.0000000
NODE_2417_length_11703_cov_4.546622	8268	8401	2	26	133	0.1954887
NODE_2417_length_11703_cov_4.546622	8268	8401	3	24	133	0.1804511
NODE_2417_length_11703_cov_4.546622	8268	8401	4	83	133	0.6240602
NODE_2418_length_11702_cov_6.853400	5470	5603	0	133	133	1.0000000
NODE_241959_length_1019_cov_3.480435	22	155	0	30	133	0.2255639
NODE_241959_length_1019_cov_3.480435	22	155	3	103	133	0.7744361
NODE_24207_length_5092_cov_4.015622	3663	3796	0	133	133	1.0000000
NODE_242177_length_1018_cov_3.441785	199	332	0	133	133	1.0000000
NODE_242202_length_1018_cov_3.116431	804	937	0	133	133	1.0000000
NODE_2422_length_11697_cov_4.949646	7515	7648	0	133	133	1.0000000
NODE_242314_length_1017_cov_5.127451	741	874	0	8	133	0.0601504
NODE_242314_length_1017_cov_5.127451	741	874	3	110	133	0.8270677
NODE_242314_length_1017_cov_5.127451	741	874	4	15	133	0.1127820
NODE_242348_length_1017_cov_4.257081	130	263	2	72	133	0.5413534
NODE_242348_length_1017_cov_4.257081	130	263	4	61	133	0.4586466
NODE_24255_length_5087_cov_4.536488	4039	4172	0	67	133	0.5037594
NODE_24255_length_5087_cov_4.536488	4039	4172	1	66	133	0.4962406
NODE_242872_length_1015_cov_3.415939	363	496	0	133	133	1.0000000
NODE_242952_length_1015_cov_2.478166	557	690	3	48	133	0.3609022
NODE_242952_length_1015_cov_2.478166	557	690	4	1	133	0.0075188
NODE_242952_length_1015_cov_2.478166	557	690	5	68	133	0.5112782
NODE_242952_length_1015_cov_2.478166	557	690	6	16	133	0.1203008
NODE_242985_length_1014_cov_5.975956	82	215	0	133	133	1.0000000
NODE_243013_length_1014_cov_4.746448	83	216	0	133	133	1.0000000
NODE_243015_length_1014_cov_4.727869	610	743	0	133	133	1.0000000
NODE_243182_length_1014_cov_1.727869	397	530	0	133	133	1.0000000
NODE_24318_length_5081_cov_4.990165	3760	3893	0	17	133	0.1278196
NODE_24318_length_5081_cov_4.990165	3760	3893	2	116	133	0.8721805
NODE_243221_length_1013_cov_4.622538	109	242	0	133	133	1.0000000
NODE_24345_length_5079_cov_4.266265	2755	2888	0	133	133	1.0000000
NODE_243473_length_1012_cov_4.306681	516	649	0	133	133	1.0000000
NODE_24347_length_5079_cov_3.464659	4020	4153	0	11	133	0.0827068
NODE_24347_length_5079_cov_3.464659	4020	4153	9	45	133	0.3383459
NODE_24347_length_5079_cov_3.464659	4020	4153	11	77	133	0.5789474
NODE_243581_length_1012_cov_2.825849	636	769	2	13	133	0.0977444
NODE_243581_length_1012_cov_2.825849	636	769	3	33	133	0.2481203
NODE_243581_length_1012_cov_2.825849	636	769	4	87	133	0.6541353
NODE_243587_length_1012_cov_2.806134	260	393	0	133	133	1.0000000
NODE_2435_length_11683_cov_5.029006	1521	1654	0	133	133	1.0000000
NODE_24378_length_5075_cov_4.962621	2935	3068	0	133	133	1.0000000
NODE_243817_length_1011_cov_2.699561	541	674	0	133	133	1.0000000
NODE_24401_length_5072_cov_10.206113	2533	2666	0	133	133	1.0000000
NODE_24432_length_5070_cov_4.244015	4238	4371	0	133	133	1.0000000
NODE_244480_length_1008_cov_2.444444	301	434	0	133	133	1.0000000
NODE_244563_length_1007_cov_4.231278	343	476	0	5	133	0.0375940
NODE_244563_length_1007_cov_4.231278	343	476	1	48	133	0.3609022
NODE_244563_length_1007_cov_4.231278	343	476	2	80	133	0.6015037
NODE_244739_length_1006_cov_4.968026	296	429	0	17	133	0.1278196
NODE_244739_length_1006_cov_4.968026	296	429	2	116	133	0.8721805
NODE_244869_length_1006_cov_3.062845	267	400	3	16	133	0.1203008
NODE_244869_length_1006_cov_3.062845	267	400	4	83	133	0.6240602
NODE_244869_length_1006_cov_3.062845	267	400	6	34	133	0.2556391
NODE_24505_length_5062_cov_4.181946	1791	1924	0	133	133	1.0000000
NODE_245161_length_1005_cov_2.453642	433	566	0	133	133	1.0000000
NODE_2451_length_11661_cov_14.489102	10962	11095	0	133	133	1.0000000
NODE_245207_length_1004_cov_4.769061	110	243	2	102	133	0.7669173
NODE_245207_length_1004_cov_4.769061	110	243	3	29	133	0.2180451
NODE_245207_length_1004_cov_4.769061	110	243	4	2	133	0.0150376
NODE_245210_length_1004_cov_4.634254	371	504	0	133	133	1.0000000
NODE_245272_length_1004_cov_3.476243	232	365	0	133	133	1.0000000
NODE_245391_length_1004_cov_1.890608	578	711	0	133	133	1.0000000
NODE_24539_length_5058_cov_4.246219	3662	3795	0	133	133	1.0000000
NODE_24541_length_5058_cov_4.047187	884	1017	0	133	133	1.0000000
NODE_24546_length_5058_cov_3.482154	112	245	0	133	133	1.0000000
NODE_245702_length_1002_cov_4.234773	398	531	0	133	133	1.0000000
NODE_24573_length_5055_cov_4.206215	3166	3299	0	133	133	1.0000000
NODE_245851_length_1002_cov_1.960133	408	541	0	133	133	1.0000000
NODE_245897_length_1001_cov_4.845898	395	528	0	35	133	0.2631579
NODE_245897_length_1001_cov_4.845898	395	528	2	98	133	0.7368421
NODE_24610_length_5052_cov_4.624268	3709	3842	0	133	133	1.0000000
NODE_246170_length_1000_cov_3.598224	490	623	0	15	133	0.1127820
NODE_246170_length_1000_cov_3.598224	490	623	4	118	133	0.8872181
NODE_246326_length_999_cov_5.628889	411	544	0	133	133	1.0000000
NODE_24632_length_5051_cov_3.655089	3398	3531	0	133	133	1.0000000
NODE_246379_length_999_cov_3.964444	592	725	1	8	133	0.0601504
NODE_246379_length_999_cov_3.964444	592	725	2	7	133	0.0526316
NODE_246379_length_999_cov_3.964444	592	725	3	23	133	0.1729323
NODE_246379_length_999_cov_3.964444	592	725	4	22	133	0.1654135
NODE_246379_length_999_cov_3.964444	592	725	5	73	133	0.5488722
NODE_24640_length_5050_cov_4.431428	1654	1787	0	133	133	1.0000000
NODE_24649_length_5049_cov_4.103434	2680	2813	0	10	133	0.0751880
NODE_24649_length_5049_cov_4.103434	2680	2813	1	17	133	0.1278196
NODE_24649_length_5049_cov_4.103434	2680	2813	2	8	133	0.0601504
NODE_24649_length_5049_cov_4.103434	2680	2813	3	36	133	0.2706767
NODE_24649_length_5049_cov_4.103434	2680	2813	5	62	133	0.4661654
NODE_246565_length_998_cov_4.428254	723	856	0	133	133	1.0000000
NODE_24660_length_5048_cov_3.959588	1475	1608	0	133	133	1.0000000
NODE_24680_length_5046_cov_5.201334	788	921	0	133	133	1.0000000
NODE_24681_length_5046_cov_4.915706	177	310	2	51	133	0.3834586
NODE_24681_length_5046_cov_4.915706	177	310	4	82	133	0.6165413
NODE_247076_length_996_cov_3.403567	623	756	0	133	133	1.0000000
NODE_24715_length_5042_cov_7.043698	1129	1262	0	133	133	1.0000000
NODE_247162_length_996_cov_2.337793	644	777	0	133	133	1.0000000
NODE_24732_length_5040_cov_4.730217	1861	1994	0	133	133	1.0000000
NODE_247390_length_994_cov_7.054749	667	800	0	133	133	1.0000000
NODE_247404_length_994_cov_5.080447	344	477	0	133	133	1.0000000
NODE_24759_length_5037_cov_3.835561	605	738	0	133	133	1.0000000
NODE_24760_length_5037_cov_3.828878	4349	4482	0	65	133	0.4887218
NODE_24760_length_5037_cov_3.828878	4349	4482	1	36	133	0.2706767
NODE_24760_length_5037_cov_3.828878	4349	4482	2	21	133	0.1578947
NODE_24760_length_5037_cov_3.828878	4349	4482	3	11	133	0.0827068
NODE_24776_length_5035_cov_5.021272	388	521	2	25	133	0.1879699
NODE_24776_length_5035_cov_5.021272	388	521	3	2	133	0.0150376
NODE_24776_length_5035_cov_5.021272	388	521	4	6	133	0.0451128
NODE_24776_length_5035_cov_5.021272	388	521	5	2	133	0.0150376
NODE_24776_length_5035_cov_5.021272	388	521	7	68	133	0.5112782
NODE_24776_length_5035_cov_5.021272	388	521	8	30	133	0.2255639
NODE_248091_length_991_cov_3.434978	611	744	1	14	133	0.1052632
NODE_248091_length_991_cov_3.434978	611	744	2	119	133	0.8947368
NODE_24811_length_5031_cov_5.208029	1798	1931	0	133	133	1.0000000
NODE_24813_length_5031_cov_4.811841	1074	1207	0	60	133	0.4511278
NODE_24813_length_5031_cov_4.811841	1074	1207	2	22	133	0.1654135
NODE_24813_length_5031_cov_4.811841	1074	1207	3	34	133	0.2556391
NODE_24813_length_5031_cov_4.811841	1074	1207	5	5	133	0.0375940
NODE_24813_length_5031_cov_4.811841	1074	1207	7	6	133	0.0451128
NODE_24813_length_5031_cov_4.811841	1074	1207	8	6	133	0.0451128
NODE_248166_length_991_cov_2.554933	204	337	0	22	133	0.1654135
NODE_248166_length_991_cov_2.554933	204	337	7	47	133	0.3533835
NODE_248166_length_991_cov_2.554933	204	337	9	23	133	0.1729323
NODE_248166_length_991_cov_2.554933	204	337	15	2	133	0.0150376
NODE_248166_length_991_cov_2.554933	204	337	16	35	133	0.2631579
NODE_248166_length_991_cov_2.554933	204	337	18	4	133	0.0300752
NODE_248168_length_991_cov_2.532511	560	693	0	133	133	1.0000000
NODE_24816_length_5031_cov_4.221817	4548	4681	0	133	133	1.0000000
NODE_2481_length_11623_cov_4.870444	11136	11269	0	133	133	1.0000000
NODE_2482_length_11622_cov_4.533889	6248	6381	0	133	133	1.0000000
NODE_248468_length_989_cov_4.322472	131	264	0	133	133	1.0000000
NODE_248710_length_988_cov_3.975253	691	824	4	76	133	0.5714286
NODE_248710_length_988_cov_3.975253	691	824	6	29	133	0.2180451
NODE_248710_length_988_cov_3.975253	691	824	8	28	133	0.2105263
NODE_24891_length_5023_cov_4.058083	325	458	1	56	133	0.4210526
NODE_24891_length_5023_cov_4.058083	325	458	2	77	133	0.5789474
NODE_248_length_20760_cov_5.300566	14316	14449	0	133	133	1.0000000
NODE_24906_length_5022_cov_3.962624	3376	3509	0	23	133	0.1729323
NODE_24906_length_5022_cov_3.962624	3376	3509	1	52	133	0.3909774
NODE_24906_length_5022_cov_3.962624	3376	3509	2	58	133	0.4360902
NODE_24910_length_5021_cov_4.740959	4133	4266	0	26	133	0.1954887
NODE_24910_length_5021_cov_4.740959	4133	4266	2	4	133	0.0300752
NODE_24910_length_5021_cov_4.740959	4133	4266	4	103	133	0.7744361
NODE_249134_length_986_cov_3.952649	141	274	0	11	133	0.0827068
NODE_249134_length_986_cov_3.952649	141	274	1	4	133	0.0300752
NODE_249134_length_986_cov_3.952649	141	274	2	118	133	0.8872181
NODE_24924_length_5019_cov_10.818293	2482	2615	0	133	133	1.0000000
NODE_249335_length_985_cov_4.011287	322	455	0	133	133	1.0000000
NODE_249387_length_985_cov_3.379233	392	525	0	133	133	1.0000000
NODE_249528_length_984_cov_5.655367	315	448	0	133	133	1.0000000
NODE_24952_length_5017_cov_4.695608	4396	4529	1	133	133	1.0000000
NODE_249536_length_984_cov_5.353672	666	799	0	133	133	1.0000000
NODE_249563_length_984_cov_4.569492	178	311	0	133	133	1.0000000
NODE_249597_length_984_cov_3.871186	101	234	0	133	133	1.0000000
NODE_249758_length_983_cov_5.141403	690	823	0	133	133	1.0000000
NODE_249788_length_983_cov_4.299774	252	385	0	133	133	1.0000000
NODE_249962_length_983_cov_1.933258	343	476	0	133	133	1.0000000
NODE_250198_length_981_cov_6.579365	389	522	0	133	133	1.0000000
NODE_25048_length_5008_cov_21.639845	1052	1185	0	133	133	1.0000000
NODE_250498_length_980_cov_3.874007	133	266	0	133	133	1.0000000
NODE_250624_length_980_cov_1.686720	271	404	0	20	133	0.1503759
NODE_250624_length_980_cov_1.686720	271	404	1	18	133	0.1353384
NODE_250624_length_980_cov_1.686720	271	404	2	95	133	0.7142857
NODE_250652_length_979_cov_5.127273	178	311	0	133	133	1.0000000
NODE_250690_length_979_cov_4.276136	752	885	0	133	133	1.0000000
NODE_251085_length_977_cov_6.609339	401	534	0	133	133	1.0000000
NODE_251102_length_977_cov_4.880410	131	264	0	133	133	1.0000000
NODE_251208_length_977_cov_3.030752	627	760	0	133	133	1.0000000
NODE_251251_length_977_cov_2.611617	626	759	0	133	133	1.0000000
NODE_2512_length_11587_cov_4.235550	6524	6657	0	133	133	1.0000000
NODE_25156_length_4999_cov_3.631633	4195	4328	0	133	133	1.0000000
NODE_25177_length_4997_cov_4.685994	4742	4875	0	11	133	0.0827068
NODE_25177_length_4997_cov_4.685994	4742	4875	1	8	133	0.0601504
NODE_25177_length_4997_cov_4.685994	4742	4875	2	53	133	0.3984962
NODE_25177_length_4997_cov_4.685994	4742	4875	4	41	133	0.3082707
NODE_25177_length_4997_cov_4.685994	4742	4875	6	20	133	0.1503759
NODE_251799_length_974_cov_4.035429	23	156	0	21	133	0.1578947
NODE_251799_length_974_cov_4.035429	23	156	1	40	133	0.3007519
NODE_251799_length_974_cov_4.035429	23	156	2	72	133	0.5413534
NODE_251881_length_974_cov_3.022857	569	702	0	133	133	1.0000000
NODE_251_length_20728_cov_3.908527	18809	18942	0	133	133	1.0000000
NODE_25216_length_4995_cov_3.809028	4291	4424	0	133	133	1.0000000
NODE_2521_length_11560_cov_9.129134	1367	1500	0	40	133	0.3007519
NODE_2521_length_11560_cov_9.129134	1367	1500	2	34	133	0.2556391
NODE_2521_length_11560_cov_9.129134	1367	1500	3	1	133	0.0075188
NODE_2521_length_11560_cov_9.129134	1367	1500	4	58	133	0.4360902
NODE_25236_length_4993_cov_3.809971	654	787	0	133	133	1.0000000
NODE_25238_length_4993_cov_3.640580	2593	2726	0	133	133	1.0000000
NODE_25244_length_4992_cov_5.178214	2859	2992	0	66	133	0.4962406
NODE_25244_length_4992_cov_5.178214	2859	2992	1	67	133	0.5037594
NODE_252477_length_971_cov_4.316514	748	881	1	30	133	0.2255639
NODE_252477_length_971_cov_4.316514	748	881	2	38	133	0.2857143
NODE_252477_length_971_cov_4.316514	748	881	3	54	133	0.4060150
NODE_252477_length_971_cov_4.316514	748	881	4	11	133	0.0827068
NODE_252671_length_970_cov_5.529277	643	776	0	133	133	1.0000000
NODE_252702_length_970_cov_4.616533	150	283	0	133	133	1.0000000
NODE_25282_length_4990_cov_3.268657	4602	4735	0	8	133	0.0601504
NODE_25282_length_4990_cov_3.268657	4602	4735	2	53	133	0.3984962
NODE_25282_length_4990_cov_3.268657	4602	4735	4	72	133	0.5413534
NODE_25283_length_4989_cov_7.246626	3127	3260	0	7	133	0.0526316
NODE_25283_length_4989_cov_7.246626	3127	3260	1	25	133	0.1879699
NODE_25283_length_4989_cov_7.246626	3127	3260	2	101	133	0.7593985
NODE_25285_length_4989_cov_5.614110	912	1045	0	133	133	1.0000000
NODE_25289_length_4989_cov_4.008589	483	616	0	133	133	1.0000000
NODE_2528_length_11555_cov_4.916899	10827	10960	0	133	133	1.0000000
NODE_25290_length_4989_cov_3.835992	2182	2315	0	78	133	0.5864662
NODE_25290_length_4989_cov_3.835992	2182	2315	2	55	133	0.4135338
NODE_252921_length_969_cov_5.087356	110	243	0	133	133	1.0000000
NODE_25293_length_4989_cov_2.941718	1129	1262	0	133	133	1.0000000
NODE_2529_length_11554_cov_5.143955	3370	3503	0	133	133	1.0000000
NODE_25329_length_4985_cov_3.027221	558	691	0	133	133	1.0000000
NODE_2532_length_11552_cov_4.577316	9693	9826	0	14	133	0.1052632
NODE_2532_length_11552_cov_4.577316	9693	9826	2	88	133	0.6616541
NODE_2532_length_11552_cov_4.577316	9693	9826	4	31	133	0.2330827
NODE_25354_length_4982_cov_4.816301	1603	1736	0	133	133	1.0000000
NODE_253575_length_967_cov_2.538018	217	350	0	133	133	1.0000000
NODE_253767_length_966_cov_2.612457	193	326	0	133	133	1.0000000
NODE_253867_length_965_cov_4.303695	191	324	0	20	133	0.1503759
NODE_253867_length_965_cov_4.303695	191	324	1	111	133	0.8345864
NODE_253867_length_965_cov_4.303695	191	324	3	2	133	0.0150376
NODE_25423_length_4975_cov_5.746514	858	991	0	133	133	1.0000000
NODE_25426_length_4975_cov_4.784454	4206	4339	0	4	133	0.0300752
NODE_25426_length_4975_cov_4.784454	4206	4339	2	2	133	0.0150376
NODE_25426_length_4975_cov_4.784454	4206	4339	3	59	133	0.4436090
NODE_25426_length_4975_cov_4.784454	4206	4339	5	27	133	0.2030075
NODE_25426_length_4975_cov_4.784454	4206	4339	6	41	133	0.3082707
NODE_25433_length_4975_cov_3.571370	3405	3538	1	43	133	0.3233083
NODE_25433_length_4975_cov_3.571370	3405	3538	2	20	133	0.1503759
NODE_25433_length_4975_cov_3.571370	3405	3538	3	70	133	0.5263158
NODE_25448_length_4973_cov_3.956914	1762	1895	3	3	133	0.0225564
NODE_25448_length_4973_cov_3.956914	1762	1895	6	130	133	0.9774436
NODE_25451_length_4972_cov_5.134004	3835	3968	1	2	133	0.0150376
NODE_25451_length_4972_cov_5.134004	3835	3968	3	2	133	0.0150376
NODE_25451_length_4972_cov_5.134004	3835	3968	5	60	133	0.4511278
NODE_25451_length_4972_cov_5.134004	3835	3968	6	18	133	0.1353384
NODE_25451_length_4972_cov_5.134004	3835	3968	7	51	133	0.3834586
NODE_25453_length_4972_cov_4.235584	430	563	0	20	133	0.1503759
NODE_25453_length_4972_cov_4.235584	430	563	1	15	133	0.1127820
NODE_25453_length_4972_cov_4.235584	430	563	2	8	133	0.0601504
NODE_25453_length_4972_cov_4.235584	430	563	4	5	133	0.0375940
NODE_25453_length_4972_cov_4.235584	430	563	5	50	133	0.3759398
NODE_25453_length_4972_cov_4.235584	430	563	6	35	133	0.2631579
NODE_25477_length_4970_cov_4.510983	2550	2683	0	133	133	1.0000000
NODE_254954_length_960_cov_6.454123	409	542	0	45	133	0.3383459
NODE_254954_length_960_cov_6.454123	409	542	2	1	133	0.0075188
NODE_254954_length_960_cov_6.454123	409	542	4	87	133	0.6541353
NODE_255597_length_958_cov_2.577416	135	268	0	38	133	0.2857143
NODE_255597_length_958_cov_2.577416	135	268	10	95	133	0.7142857
NODE_25560_length_4963_cov_4.173314	713	846	0	36	133	0.2706767
NODE_25560_length_4963_cov_4.173314	713	846	1	10	133	0.0751880
NODE_25560_length_4963_cov_4.173314	713	846	2	87	133	0.6541353
NODE_255667_length_957_cov_5.081585	240	373	0	56	133	0.4210526
NODE_255667_length_957_cov_5.081585	240	373	2	77	133	0.5789474
NODE_255690_length_957_cov_4.421911	583	716	0	65	133	0.4887218
NODE_255690_length_957_cov_4.421911	583	716	1	30	133	0.2255639
NODE_255690_length_957_cov_4.421911	583	716	2	38	133	0.2857143
NODE_2557_length_11519_cov_4.026708	4969	5102	0	133	133	1.0000000
NODE_255822_length_957_cov_2.510490	316	449	0	133	133	1.0000000
NODE_255_length_20668_cov_5.002042	7801	7934	0	12	133	0.0902256
NODE_255_length_20668_cov_5.002042	7801	7934	2	121	133	0.9097744
NODE_25610_length_4958_cov_3.499074	144	277	0	133	133	1.0000000
NODE_256393_length_954_cov_4.838596	704	837	0	133	133	1.0000000
NODE_25651_length_4954_cov_3.450463	3322	3455	0	133	133	1.0000000
NODE_256678_length_953_cov_3.593677	626	759	0	133	133	1.0000000
NODE_25677_length_4951_cov_5.109233	3022	3155	2	52	133	0.3909774
NODE_25677_length_4951_cov_5.109233	3022	3155	4	81	133	0.6090226
NODE_25680_length_4951_cov_4.103256	2529	2662	0	78	133	0.5864662
NODE_25680_length_4951_cov_4.103256	2529	2662	3	55	133	0.4135338
NODE_256924_length_952_cov_3.518171	328	461	0	2	133	0.0150376
NODE_256924_length_952_cov_3.518171	328	461	1	89	133	0.6691729
NODE_256924_length_952_cov_3.518171	328	461	2	42	133	0.3157895
NODE_25692_length_4950_cov_4.071532	1725	1858	0	133	133	1.0000000
NODE_25702_length_4949_cov_3.568247	3412	3545	0	133	133	1.0000000
NODE_25713_length_4948_cov_3.673953	3746	3879	0	133	133	1.0000000
NODE_257272_length_951_cov_2.276995	406	539	0	133	133	1.0000000
NODE_25727_length_4946_cov_5.173509	552	685	2	56	133	0.4210526
NODE_25727_length_4946_cov_5.173509	552	685	4	77	133	0.5789474
NODE_25771_length_4943_cov_3.696738	4752	4885	1	59	133	0.4436090
NODE_25771_length_4943_cov_3.696738	4752	4885	2	74	133	0.5563910
NODE_257823_length_948_cov_4.003534	194	327	0	133	133	1.0000000
NODE_25792_length_4940_cov_21.382566	3789	3922	0	133	133	1.0000000
NODE_257930_length_948_cov_2.813899	377	510	0	19	133	0.1428571
NODE_257930_length_948_cov_2.813899	377	510	2	114	133	0.8571429
NODE_257_length_20647_cov_4.529200	1050	1183	0	133	133	1.0000000
NODE_25802_length_4940_cov_3.288370	2052	2185	0	133	133	1.0000000
NODE_258041_length_947_cov_4.551887	313	446	1	24	133	0.1804511
NODE_258041_length_947_cov_4.551887	313	446	2	109	133	0.8195488
NODE_25841_length_4936_cov_4.867066	4209	4342	0	21	133	0.1578947
NODE_25841_length_4936_cov_4.867066	4209	4342	2	112	133	0.8421053
NODE_25855_length_4936_cov_2.585900	2615	2748	0	8	133	0.0601504
NODE_25855_length_4936_cov_2.585900	2615	2748	2	125	133	0.9398496
NODE_25877_length_4933_cov_3.954489	1489	1622	0	72	133	0.5413534
NODE_25877_length_4933_cov_3.954489	1489	1622	1	33	133	0.2481203
NODE_25877_length_4933_cov_3.954489	1489	1622	2	28	133	0.2105263
NODE_25881_length_4932_cov_12.072212	1582	1715	0	30	133	0.2255639
NODE_25881_length_4932_cov_12.072212	1582	1715	5	5	133	0.0375940
NODE_25881_length_4932_cov_12.072212	1582	1715	6	12	133	0.0902256
NODE_25881_length_4932_cov_12.072212	1582	1715	7	80	133	0.6015037
NODE_25881_length_4932_cov_12.072212	1582	1715	8	6	133	0.0451128
NODE_258933_length_943_cov_5.811611	336	469	0	50	133	0.3759398
NODE_258933_length_943_cov_5.811611	336	469	2	83	133	0.6240602
NODE_259001_length_943_cov_3.772512	381	514	0	133	133	1.0000000
NODE_259413_length_941_cov_5.467933	145	278	0	133	133	1.0000000
NODE_260047_length_939_cov_2.461905	706	839	0	133	133	1.0000000
NODE_260405_length_937_cov_3.856802	612	745	0	133	133	1.0000000
NODE_260450_length_937_cov_3.331742	208	341	0	133	133	1.0000000
NODE_26051_length_4918_cov_4.966798	3013	3146	0	133	133	1.0000000
NODE_260665_length_936_cov_3.942652	673	806	0	133	133	1.0000000
NODE_2607_length_11449_cov_4.186784	6278	6411	0	14	133	0.1052632
NODE_2607_length_11449_cov_4.186784	6278	6411	1	74	133	0.5563910
NODE_2607_length_11449_cov_4.186784	6278	6411	2	45	133	0.3383459
NODE_26086_length_4915_cov_4.796927	665	798	0	133	133	1.0000000
NODE_260888_length_935_cov_4.383971	75	208	0	133	133	1.0000000
NODE_260930_length_935_cov_3.662679	161	294	2	65	133	0.4887218
NODE_260930_length_935_cov_3.662679	161	294	3	2	133	0.0150376
NODE_260930_length_935_cov_3.662679	161	294	4	66	133	0.4962406
NODE_260953_length_935_cov_3.314593	783	916	0	133	133	1.0000000
NODE_260_length_20539_cov_4.147211	14590	14723	0	133	133	1.0000000
NODE_261094_length_934_cov_4.675449	377	510	0	133	133	1.0000000
NODE_261108_length_934_cov_4.419162	394	527	0	39	133	0.2932331
NODE_261108_length_934_cov_4.419162	394	527	2	94	133	0.7067669
NODE_26113_length_4913_cov_6.302659	2714	2847	0	133	133	1.0000000
NODE_261227_length_934_cov_2.922156	711	844	0	133	133	1.0000000
NODE_26123_length_4912_cov_5.099522	257	390	0	133	133	1.0000000
NODE_26140_length_4910_cov_4.217418	2588	2721	0	133	133	1.0000000
NODE_261423_length_933_cov_3.497602	770	903	0	133	133	1.0000000
NODE_26142_length_4909_cov_4.775260	4554	4687	3	126	133	0.9473684
NODE_26142_length_4909_cov_4.775260	4554	4687	6	7	133	0.0526316
NODE_261525_length_933_cov_2.455635	493	626	0	27	133	0.2030075
NODE_261525_length_933_cov_2.455635	493	626	2	106	133	0.7969925
NODE_26156_length_4908_cov_4.721148	1943	2076	0	133	133	1.0000000
NODE_26176_length_4906_cov_4.684419	1791	1924	0	133	133	1.0000000
NODE_26186_length_4905_cov_3.606117	1169	1302	0	133	133	1.0000000
NODE_26189_length_4904_cov_4.667846	1818	1951	0	133	133	1.0000000
NODE_26213_length_4902_cov_4.181345	3816	3949	0	133	133	1.0000000
NODE_262171_length_930_cov_3.452467	519	652	0	133	133	1.0000000
NODE_262181_length_930_cov_3.321300	318	451	0	133	133	1.0000000
NODE_262250_length_930_cov_2.619735	245	378	0	133	133	1.0000000
NODE_26228_length_4900_cov_5.101437	2634	2767	0	98	133	0.7368421
NODE_26228_length_4900_cov_5.101437	2634	2767	1	3	133	0.0225564
NODE_26228_length_4900_cov_5.101437	2634	2767	2	32	133	0.2406015
NODE_262349_length_929_cov_4.350602	447	580	0	70	133	0.5263158
NODE_262349_length_929_cov_4.350602	447	580	3	63	133	0.4736842
NODE_262361_length_929_cov_4.115663	331	464	0	12	133	0.0902256
NODE_262361_length_929_cov_4.115663	331	464	2	79	133	0.5939850
NODE_262361_length_929_cov_4.115663	331	464	4	42	133	0.3157895
NODE_262436_length_929_cov_3.144578	300	433	0	133	133	1.0000000
NODE_262453_length_929_cov_2.896386	192	325	0	60	133	0.4511278
NODE_262453_length_929_cov_2.896386	192	325	1	67	133	0.5037594
NODE_262453_length_929_cov_2.896386	192	325	2	6	133	0.0451128
NODE_26252_length_4898_cov_4.754949	1612	1745	0	133	133	1.0000000
NODE_262813_length_927_cov_4.711353	708	841	0	133	133	1.0000000
NODE_26285_length_4896_cov_3.753596	4631	4764	0	7	133	0.0526316
NODE_26285_length_4896_cov_3.753596	4631	4764	2	126	133	0.9473684
NODE_26295_length_4895_cov_4.427857	182	315	1	64	133	0.4812030
NODE_26295_length_4895_cov_4.427857	182	315	2	69	133	0.5187970
NODE_263016_length_927_cov_2.146135	195	328	0	133	133	1.0000000
NODE_26305_length_4894_cov_3.905735	2881	3014	0	133	133	1.0000000
NODE_26359_length_4889_cov_3.440710	1814	1947	0	133	133	1.0000000
NODE_26363_length_4888_cov_5.085195	1041	1174	0	133	133	1.0000000
NODE_263723_length_923_cov_6.523058	121	254	0	133	133	1.0000000
NODE_263890_length_923_cov_2.766990	475	608	0	133	133	1.0000000
NODE_263974_length_922_cov_6.216282	13	146	3	4	133	0.0300752
NODE_263974_length_922_cov_6.216282	13	146	5	28	133	0.2105263
NODE_263974_length_922_cov_6.216282	13	146	6	18	133	0.1353384
NODE_263974_length_922_cov_6.216282	13	146	7	6	133	0.0451128
NODE_263974_length_922_cov_6.216282	13	146	8	3	133	0.0225564
NODE_263974_length_922_cov_6.216282	13	146	9	1	133	0.0075188
NODE_263974_length_922_cov_6.216282	13	146	10	73	133	0.5488722
NODE_26398_length_4885_cov_3.945466	466	599	0	133	133	1.0000000
NODE_26418_length_4882_cov_4.643738	3328	3461	0	133	133	1.0000000
NODE_26428_length_4881_cov_4.905061	1770	1903	0	133	133	1.0000000
NODE_264361_length_921_cov_3.081509	423	556	0	133	133	1.0000000
NODE_26443_length_4880_cov_5.594645	3854	3987	0	133	133	1.0000000
NODE_264797_length_919_cov_3.424390	113	246	0	133	133	1.0000000
NODE_26484_length_4877_cov_2.763499	1423	1556	0	133	133	1.0000000
NODE_264909_length_919_cov_2.212195	690	823	0	133	133	1.0000000
NODE_264974_length_918_cov_4.865690	254	387	0	133	133	1.0000000
NODE_26501_length_4875_cov_4.437814	2355	2488	1	59	133	0.4436090
NODE_26501_length_4875_cov_4.437814	2355	2488	2	74	133	0.5563910
NODE_26508_length_4874_cov_4.586597	2747	2880	0	133	133	1.0000000
NODE_26515_length_4874_cov_3.871623	2958	3091	0	133	133	1.0000000
NODE_26517_length_4874_cov_3.743246	3623	3756	0	32	133	0.2406015
NODE_26517_length_4874_cov_3.743246	3623	3756	2	101	133	0.7593985
NODE_26527_length_4873_cov_4.461039	690	823	0	133	133	1.0000000
NODE_26530_length_4873_cov_4.080436	875	1008	0	33	133	0.2481203
NODE_26530_length_4873_cov_4.080436	875	1008	2	100	133	0.7518797
NODE_26532_length_4873_cov_3.951194	4616	4749	0	133	133	1.0000000
NODE_26559_length_4871_cov_3.776194	4320	4453	0	133	133	1.0000000
NODE_265693_length_915_cov_5.551471	188	321	0	28	133	0.2105263
NODE_265693_length_915_cov_5.551471	188	321	2	105	133	0.7894737
NODE_26585_length_4869_cov_4.049057	2736	2869	0	133	133	1.0000000
NODE_2658_length_11400_cov_4.384833	10557	10690	0	133	133	1.0000000
NODE_26606_length_4867_cov_3.252727	139	272	0	133	133	1.0000000
NODE_2660_length_11395_cov_5.254780	9037	9170	5	30	133	0.2255639
NODE_2660_length_11395_cov_5.254780	9037	9170	7	7	133	0.0526316
NODE_2660_length_11395_cov_5.254780	9037	9170	9	52	133	0.3909774
NODE_2660_length_11395_cov_5.254780	9037	9170	14	44	133	0.3308271
NODE_26630_length_4864_cov_23.438405	3280	3413	0	133	133	1.0000000
NODE_26631_length_4864_cov_12.140609	414	547	0	133	133	1.0000000
NODE_266466_length_912_cov_3.715867	114	247	0	133	133	1.0000000
NODE_266526_length_912_cov_3.091021	425	558	0	31	133	0.2330827
NODE_266526_length_912_cov_3.091021	425	558	1	36	133	0.2706767
NODE_266526_length_912_cov_3.091021	425	558	2	66	133	0.4962406
NODE_266544_length_912_cov_2.928659	676	809	0	133	133	1.0000000
NODE_26657_length_4863_cov_4.214736	2247	2380	0	133	133	1.0000000
NODE_266581_length_912_cov_2.487085	797	930	0	133	133	1.0000000
NODE_266951_length_910_cov_4.235512	792	925	0	20	133	0.1503759
NODE_266951_length_910_cov_4.235512	792	925	1	97	133	0.7293233
NODE_266951_length_910_cov_4.235512	792	925	2	16	133	0.1203008
NODE_266955_length_910_cov_4.180025	129	262	0	133	133	1.0000000
NODE_26697_length_4860_cov_4.000420	1033	1166	0	19	133	0.1428571
NODE_26697_length_4860_cov_4.000420	1033	1166	2	30	133	0.2255639
NODE_26697_length_4860_cov_4.000420	1033	1166	4	84	133	0.6315789
NODE_26708_length_4859_cov_3.788445	4597	4730	0	133	133	1.0000000
NODE_26719_length_4858_cov_4.225257	4119	4252	0	133	133	1.0000000
NODE_26728_length_4857_cov_4.460488	2246	2379	0	133	133	1.0000000
NODE_2673_length_11383_cov_4.939117	1771	1904	0	133	133	1.0000000
NODE_26752_length_4855_cov_3.445963	2078	2211	0	133	133	1.0000000
NODE_26758_length_4854_cov_4.679706	267	400	0	133	133	1.0000000
NODE_26764_length_4854_cov_3.992850	259	392	0	133	133	1.0000000
NODE_26777_length_4853_cov_4.164703	566	699	0	133	133	1.0000000
NODE_26787_length_4852_cov_4.701452	4004	4137	0	26	133	0.1954887
NODE_26787_length_4852_cov_4.701452	4004	4137	2	53	133	0.3984962
NODE_26787_length_4852_cov_4.701452	4004	4137	4	54	133	0.4060150
NODE_26789_length_4852_cov_4.464338	1545	1678	0	133	133	1.0000000
NODE_267_length_20391_cov_4.751183	9541	9674	0	133	133	1.0000000
NODE_268036_length_906_cov_3.566295	110	243	0	133	133	1.0000000
NODE_268095_length_906_cov_2.975217	192	325	0	133	133	1.0000000
NODE_268209_length_905_cov_5.476427	351	484	0	133	133	1.0000000
NODE_2683_length_11373_cov_3.945627	2620	2753	0	133	133	1.0000000
NODE_26848_length_4847_cov_3.547388	3671	3804	0	133	133	1.0000000
NODE_268757_length_903_cov_3.450249	133	266	2	60	133	0.4511278
NODE_268757_length_903_cov_3.450249	133	266	3	12	133	0.0902256
NODE_268757_length_903_cov_3.450249	133	266	4	15	133	0.1127820
NODE_268757_length_903_cov_3.450249	133	266	5	46	133	0.3458647
NODE_268799_length_903_cov_3.048507	216	349	0	133	133	1.0000000
NODE_26889_length_4843_cov_3.051012	2106	2239	0	133	133	1.0000000
NODE_26898_length_4842_cov_4.265233	176	309	0	60	133	0.4511278
NODE_26898_length_4842_cov_4.265233	176	309	4	73	133	0.5488722
NODE_26905_length_4842_cov_2.925785	3403	3536	0	133	133	1.0000000
NODE_2691_length_11365_cov_6.643973	10168	10301	0	133	133	1.0000000
NODE_269228_length_901_cov_3.761845	444	577	0	22	133	0.1654135
NODE_269228_length_901_cov_3.761845	444	577	3	89	133	0.6691729
NODE_269228_length_901_cov_3.761845	444	577	5	22	133	0.1654135
NODE_26922_length_4840_cov_4.448218	3488	3621	0	133	133	1.0000000
NODE_269630_length_900_cov_2.415730	130	263	0	133	133	1.0000000
NODE_269674_length_899_cov_5.873750	331	464	0	133	133	1.0000000
NODE_269706_length_899_cov_4.523750	205	338	0	133	133	1.0000000
NODE_26970_length_4836_cov_5.363310	2411	2544	0	133	133	1.0000000
NODE_26980_length_4836_cov_3.636901	3705	3838	0	133	133	1.0000000
NODE_269926_length_898_cov_5.006258	200	333	2	32	133	0.2406015
NODE_269926_length_898_cov_5.006258	200	333	6	47	133	0.3533835
NODE_269926_length_898_cov_5.006258	200	333	7	1	133	0.0075188
NODE_269926_length_898_cov_5.006258	200	333	8	53	133	0.3984962
NODE_269945_length_898_cov_4.581977	514	647	0	133	133	1.0000000
NODE_269977_length_898_cov_3.917397	243	376	0	133	133	1.0000000
NODE_269981_length_898_cov_3.853567	716	849	0	59	133	0.4436090
NODE_269981_length_898_cov_3.853567	716	849	1	40	133	0.3007519
NODE_269981_length_898_cov_3.853567	716	849	2	34	133	0.2556391
NODE_270116_length_898_cov_2.565707	703	836	0	133	133	1.0000000
NODE_270157_length_898_cov_2.127660	193	326	0	26	133	0.1954887
NODE_270157_length_898_cov_2.127660	193	326	5	2	133	0.0150376
NODE_270157_length_898_cov_2.127660	193	326	6	105	133	0.7894737
NODE_270276_length_897_cov_3.850877	118	251	0	37	133	0.2781955
NODE_270276_length_897_cov_3.850877	118	251	2	96	133	0.7218045
NODE_270300_length_897_cov_3.456140	403	536	0	118	133	0.8872181
NODE_270300_length_897_cov_3.456140	403	536	2	15	133	0.1127820
NODE_270502_length_896_cov_4.091593	650	783	0	133	133	1.0000000
NODE_27074_length_4829_cov_5.033192	1421	1554	0	133	133	1.0000000
NODE_270755_length_895_cov_4.184673	380	513	0	133	133	1.0000000
NODE_27076_length_4829_cov_4.983087	1594	1727	0	42	133	0.3157895
NODE_27076_length_4829_cov_4.983087	1594	1727	2	91	133	0.6842105
NODE_2707_length_11350_cov_42.131011	8182	8315	0	101	133	0.7593985
NODE_2707_length_11350_cov_42.131011	8182	8315	1	17	133	0.1278196
NODE_2707_length_11350_cov_42.131011	8182	8315	10	1	133	0.0075188
NODE_2707_length_11350_cov_42.131011	8182	8315	11	12	133	0.0902256
NODE_2707_length_11350_cov_42.131011	8182	8315	12	2	133	0.0150376
NODE_27135_length_4823_cov_5.117273	228	361	0	133	133	1.0000000
NODE_27138_length_4823_cov_4.391617	1380	1513	0	8	133	0.0601504
NODE_27138_length_4823_cov_4.391617	1380	1513	2	125	133	0.9398496
NODE_27150_length_4822_cov_4.071988	3608	3741	0	133	133	1.0000000
NODE_271511_length_892_cov_4.189155	310	443	0	133	133	1.0000000
NODE_271871_length_891_cov_2.751263	547	680	0	133	133	1.0000000
NODE_271963_length_890_cov_5.107459	528	661	0	133	133	1.0000000
NODE_271_length_20318_cov_4.511994	8986	9119	0	115	133	0.8646616
NODE_271_length_20318_cov_4.511994	8986	9119	1	18	133	0.1353384
NODE_272006_length_890_cov_3.951960	187	320	0	133	133	1.0000000
NODE_2720_length_11337_cov_4.928724	7325	7458	0	133	133	1.0000000
NODE_272678_length_887_cov_5.662437	812	945	0	133	133	1.0000000
NODE_27267_length_4813_cov_4.698345	3750	3883	0	133	133	1.0000000
NODE_272697_length_887_cov_5.002538	499	632	0	133	133	1.0000000
NODE_272740_length_887_cov_4.082487	430	563	0	22	133	0.1654135
NODE_272740_length_887_cov_4.082487	430	563	1	15	133	0.1127820
NODE_272740_length_887_cov_4.082487	430	563	2	96	133	0.7218045
NODE_272857_length_887_cov_2.742386	833	966	0	79	133	0.5939850
NODE_272857_length_887_cov_2.742386	833	966	1	54	133	0.4060150
NODE_2729_length_11323_cov_10.673735	8797	8930	0	6	133	0.0451128
NODE_2729_length_11323_cov_10.673735	8797	8930	2	127	133	0.9548872
NODE_273245_length_885_cov_4.501272	336	469	0	133	133	1.0000000
NODE_27339_length_4808_cov_4.545339	1220	1353	0	48	133	0.3609022
NODE_27339_length_4808_cov_4.545339	1220	1353	1	11	133	0.0827068
NODE_27339_length_4808_cov_4.545339	1220	1353	3	74	133	0.5563910
NODE_27344_length_4808_cov_4.396475	1065	1198	0	133	133	1.0000000
NODE_273519_length_884_cov_4.634395	125	258	0	133	133	1.0000000
NODE_2735_length_11313_cov_4.335295	4806	4939	3	38	133	0.2857143
NODE_2735_length_11313_cov_4.335295	4806	4939	5	59	133	0.4436090
NODE_2735_length_11313_cov_4.335295	4806	4939	6	36	133	0.2706767
NODE_273683_length_884_cov_2.615287	136	269	0	45	133	0.3383459
NODE_273683_length_884_cov_2.615287	136	269	2	88	133	0.6616541
NODE_2736_length_11312_cov_5.000357	7605	7738	0	133	133	1.0000000
NODE_27373_length_4806_cov_4.705332	3942	4075	0	133	133	1.0000000
NODE_273758_length_883_cov_7.098214	143	276	0	133	133	1.0000000
NODE_27394_length_4805_cov_4.162346	1281	1414	0	133	133	1.0000000
NODE_27405_length_4804_cov_4.389160	3675	3808	0	17	133	0.1278196
NODE_27405_length_4804_cov_4.389160	3675	3808	1	80	133	0.6015037
NODE_27405_length_4804_cov_4.389160	3675	3808	2	36	133	0.2706767
NODE_27428_length_4803_cov_3.392857	475	608	0	133	133	1.0000000
NODE_27432_length_4802_cov_5.265363	3771	3904	0	133	133	1.0000000
NODE_27464_length_4799_cov_6.228298	3333	3466	0	104	133	0.7819549
NODE_27464_length_4799_cov_6.228298	3333	3466	2	29	133	0.2180451
NODE_2746_length_11305_cov_3.219704	1020	1153	0	133	133	1.0000000
NODE_274734_length_880_cov_2.432778	141	274	0	133	133	1.0000000
NODE_274802_length_879_cov_4.875641	173	306	0	133	133	1.0000000
NODE_27511_length_4794_cov_4.333972	3372	3505	0	133	133	1.0000000
NODE_275247_length_878_cov_2.177150	190	323	0	133	133	1.0000000
NODE_275562_length_876_cov_5.164736	62	195	0	18	133	0.1353384
NODE_275562_length_876_cov_5.164736	62	195	2	115	133	0.8646616
NODE_275570_length_876_cov_4.889318	401	534	0	34	133	0.2556391
NODE_275570_length_876_cov_4.889318	401	534	4	58	133	0.4360902
NODE_275570_length_876_cov_4.889318	401	534	6	41	133	0.3082707
NODE_27585_length_4789_cov_3.152026	1397	1530	2	42	133	0.3157895
NODE_27585_length_4789_cov_3.152026	1397	1530	4	91	133	0.6842105
NODE_2758_length_11285_cov_5.098874	3247	3380	0	133	133	1.0000000
NODE_27603_length_4787_cov_3.801195	3771	3904	0	22	133	0.1654135
NODE_27603_length_4787_cov_3.801195	3771	3904	3	76	133	0.5714286
NODE_27603_length_4787_cov_3.801195	3771	3904	6	35	133	0.2631579
NODE_276065_length_874_cov_4.447742	537	670	0	16	133	0.1203008
NODE_276065_length_874_cov_4.447742	537	670	1	23	133	0.1729323
NODE_276065_length_874_cov_4.447742	537	670	3	39	133	0.2932331
NODE_276065_length_874_cov_4.447742	537	670	4	7	133	0.0526316
NODE_276065_length_874_cov_4.447742	537	670	5	31	133	0.2330827
NODE_276065_length_874_cov_4.447742	537	670	6	17	133	0.1278196
NODE_27631_length_4784_cov_4.474066	3571	3704	0	30	133	0.2255639
NODE_27631_length_4784_cov_4.474066	3571	3704	2	103	133	0.7744361
NODE_276349_length_873_cov_4.094315	608	741	0	103	133	0.7744361
NODE_276349_length_873_cov_4.094315	608	741	2	30	133	0.2255639
NODE_276381_length_873_cov_3.635659	383	516	0	133	133	1.0000000
NODE_276515_length_873_cov_2.120155	679	812	0	133	133	1.0000000
NODE_27656_length_4782_cov_4.360666	4172	4305	7	16	133	0.1203008
NODE_27656_length_4782_cov_4.360666	4172	4305	9	28	133	0.2105263
NODE_27656_length_4782_cov_4.360666	4172	4305	10	60	133	0.4511278
NODE_27656_length_4782_cov_4.360666	4172	4305	11	10	133	0.0751880
NODE_27656_length_4782_cov_4.360666	4172	4305	12	8	133	0.0601504
NODE_27656_length_4782_cov_4.360666	4172	4305	13	4	133	0.0300752
NODE_27656_length_4782_cov_4.360666	4172	4305	14	7	133	0.0526316
NODE_2765_length_11278_cov_3.882100	7709	7842	0	133	133	1.0000000
NODE_2766_length_11276_cov_4.156035	4631	4764	0	133	133	1.0000000
NODE_27679_length_4780_cov_4.740013	811	944	0	133	133	1.0000000
NODE_276861_length_871_cov_4.221503	706	839	0	15	133	0.1127820
NODE_276861_length_871_cov_4.221503	706	839	1	50	133	0.3759398
NODE_276861_length_871_cov_4.221503	706	839	2	23	133	0.1729323
NODE_276861_length_871_cov_4.221503	706	839	3	45	133	0.3383459
NODE_2769_length_11273_cov_5.420172	924	1057	0	63	133	0.4736842
NODE_2769_length_11273_cov_5.420172	924	1057	3	12	133	0.0902256
NODE_2769_length_11273_cov_5.420172	924	1057	4	58	133	0.4360902
NODE_277066_length_870_cov_6.041505	320	453	0	133	133	1.0000000
NODE_277092_length_870_cov_4.756161	279	412	2	7	133	0.0526316
NODE_277092_length_870_cov_4.756161	279	412	4	56	133	0.4210526
NODE_277092_length_870_cov_4.756161	279	412	5	51	133	0.3834586
NODE_277092_length_870_cov_4.756161	279	412	6	19	133	0.1428571
NODE_27725_length_4776_cov_3.934146	811	944	0	133	133	1.0000000
NODE_27754_length_4773_cov_4.787120	1754	1887	4	89	133	0.6691729
NODE_27754_length_4773_cov_4.787120	1754	1887	8	44	133	0.3308271
NODE_27768_length_4772_cov_4.889364	1744	1877	1	107	133	0.8045112
NODE_27768_length_4772_cov_4.889364	1744	1877	2	26	133	0.1954887
NODE_277866_length_868_cov_1.838752	446	579	0	30	133	0.2255639
NODE_277866_length_868_cov_1.838752	446	579	1	103	133	0.7744361
NODE_277881_length_867_cov_6.861979	118	251	0	133	133	1.0000000
NODE_277927_length_867_cov_4.669271	649	782	0	133	133	1.0000000
NODE_278216_length_866_cov_4.276402	695	828	0	133	133	1.0000000
NODE_278340_length_866_cov_2.808344	733	866	0	133	133	1.0000000
NODE_27834_length_4767_cov_4.444302	285	418	0	133	133	1.0000000
NODE_27838_length_4767_cov_4.001071	2685	2818	0	133	133	1.0000000
NODE_27841_length_4767_cov_3.794130	1314	1447	1	61	133	0.4586466
NODE_27841_length_4767_cov_3.794130	1314	1447	2	72	133	0.5413534
NODE_27845_length_4766_cov_4.945147	2567	2700	0	133	133	1.0000000
NODE_278573_length_865_cov_3.194517	158	291	0	7	133	0.0526316
NODE_278573_length_865_cov_3.194517	158	291	2	126	133	0.9473684
NODE_27869_length_4764_cov_5.183065	1633	1766	0	133	133	1.0000000
NODE_27872_length_4764_cov_4.712326	3666	3799	0	133	133	1.0000000
NODE_278760_length_864_cov_4.181699	479	612	0	133	133	1.0000000
NODE_2788_length_11250_cov_4.610349	3536	3669	0	133	133	1.0000000
NODE_27904_length_4762_cov_3.606262	1019	1152	0	133	133	1.0000000
NODE_279151_length_863_cov_2.599476	134	267	2	92	133	0.6917293
NODE_279151_length_863_cov_2.599476	134	267	3	41	133	0.3082707
NODE_2793_length_11245_cov_3.942042	3309	3442	0	133	133	1.0000000
NODE_27942_length_4758_cov_4.773127	3482	3615	0	133	133	1.0000000
NODE_279526_length_861_cov_4.706037	580	713	0	133	133	1.0000000
NODE_27960_length_4756_cov_4.687567	850	983	0	81	133	0.6090226
NODE_27960_length_4756_cov_4.687567	850	983	1	52	133	0.3909774
NODE_27977_length_4754_cov_7.121375	526	659	0	133	133	1.0000000
NODE_279_length_20228_cov_5.405783	3757	3890	0	133	133	1.0000000
NODE_28000_length_4753_cov_4.521057	2122	2255	0	102	133	0.7669173
NODE_28000_length_4753_cov_4.521057	2122	2255	2	31	133	0.2330827
NODE_28035_length_4750_cov_4.322511	126	259	0	133	133	1.0000000
NODE_28052_length_4749_cov_10.996129	2776	2909	0	74	133	0.5563910
NODE_28052_length_4749_cov_10.996129	2776	2909	2	59	133	0.4436090
NODE_2805_length_11235_cov_4.695223	6401	6534	0	133	133	1.0000000
NODE_28073_length_4748_cov_3.416434	1874	2007	0	133	133	1.0000000
NODE_281177_length_855_cov_4.261905	650	783	0	133	133	1.0000000
NODE_28119_length_4744_cov_4.086545	1870	2003	0	133	133	1.0000000
NODE_2812_length_11231_cov_4.305066	1435	1568	0	133	133	1.0000000
NODE_28132_length_4743_cov_4.003445	1988	2121	0	133	133	1.0000000
NODE_28157_length_4740_cov_5.919629	2321	2454	0	18	133	0.1353384
NODE_28157_length_4740_cov_5.919629	2321	2454	2	1	133	0.0075188
NODE_28157_length_4740_cov_5.919629	2321	2454	3	50	133	0.3759398
NODE_28157_length_4740_cov_5.919629	2321	2454	4	64	133	0.4812030
NODE_281689_length_853_cov_6.627321	231	364	0	36	133	0.2706767
NODE_281689_length_853_cov_6.627321	231	364	2	97	133	0.7293233
NODE_281714_length_853_cov_4.802387	275	408	0	24	133	0.1804511
NODE_281714_length_853_cov_4.802387	275	408	2	109	133	0.8195488
NODE_2818_length_11228_cov_5.393117	2591	2724	0	133	133	1.0000000
NODE_281982_length_852_cov_4.739708	619	752	0	133	133	1.0000000
NODE_281_length_20186_cov_4.270374	4566	4699	0	133	133	1.0000000
NODE_28201_length_4737_cov_3.901682	3674	3807	0	133	133	1.0000000
NODE_282040_length_852_cov_3.569721	564	697	2	4	133	0.0300752
NODE_282040_length_852_cov_3.569721	564	697	3	7	133	0.0526316
NODE_282040_length_852_cov_3.569721	564	697	4	122	133	0.9172933
NODE_282160_length_852_cov_2.330677	201	334	0	133	133	1.0000000
NODE_282277_length_851_cov_3.773936	425	558	6	10	133	0.0751880
NODE_282277_length_851_cov_3.773936	425	558	9	16	133	0.1203008
NODE_282277_length_851_cov_3.773936	425	558	11	45	133	0.3383459
NODE_282277_length_851_cov_3.773936	425	558	13	57	133	0.4285714
NODE_282277_length_851_cov_3.773936	425	558	20	5	133	0.0375940
NODE_28227_length_4735_cov_4.149051	4127	4260	2	63	133	0.4736842
NODE_28227_length_4735_cov_4.149051	4127	4260	3	70	133	0.5263158
NODE_28229_length_4735_cov_4.122735	3171	3304	1	73	133	0.5488722
NODE_28229_length_4735_cov_4.122735	3171	3304	2	60	133	0.4511278
NODE_282463_length_850_cov_5.600533	412	545	1	39	133	0.2932331
NODE_282463_length_850_cov_5.600533	412	545	2	94	133	0.7067669
NODE_28250_length_4733_cov_4.269530	1265	1398	0	133	133	1.0000000
NODE_2828_length_11209_cov_3.756526	9828	9961	0	133	133	1.0000000
NODE_282956_length_848_cov_265.160214	259	392	0	14	133	0.1052632
NODE_282956_length_848_cov_265.160214	259	392	1	19	133	0.1428571
NODE_282956_length_848_cov_265.160214	259	392	2	100	133	0.7518797
NODE_28297_length_4729_cov_3.795032	4221	4354	0	133	133	1.0000000
NODE_282988_length_848_cov_4.448598	327	460	0	32	133	0.2406015
NODE_282988_length_848_cov_4.448598	327	460	4	24	133	0.1804511
NODE_282988_length_848_cov_4.448598	327	460	5	66	133	0.4962406
NODE_282988_length_848_cov_4.448598	327	460	7	11	133	0.0827068
NODE_28306_length_4728_cov_3.987902	3602	3735	0	133	133	1.0000000
NODE_283123_length_848_cov_2.225634	406	539	0	73	133	0.5488722
NODE_283123_length_848_cov_2.225634	406	539	2	60	133	0.4511278
NODE_283823_length_844_cov_3.520805	509	642	0	31	133	0.2330827
NODE_283823_length_844_cov_3.520805	509	642	2	102	133	0.7669173
NODE_28386_length_4722_cov_2.977287	3386	3519	2	133	133	1.0000000
NODE_28395_length_4720_cov_7.409652	1843	1976	0	133	133	1.0000000
NODE_284047_length_843_cov_2.975806	386	519	2	27	133	0.2030075
NODE_284047_length_843_cov_2.975806	386	519	3	42	133	0.3157895
NODE_284047_length_843_cov_2.975806	386	519	4	64	133	0.4812030
NODE_28404_length_4720_cov_4.191950	3835	3968	0	117	133	0.8796992
NODE_28404_length_4720_cov_4.191950	3835	3968	2	16	133	0.1203008
NODE_284144_length_842_cov_4.702557	131	264	1	92	133	0.6917293
NODE_284144_length_842_cov_4.702557	131	264	2	41	133	0.3082707
NODE_28415_length_4719_cov_3.381169	1253	1386	3	33	133	0.2481203
NODE_28415_length_4719_cov_3.381169	1253	1386	6	100	133	0.7518797
NODE_28416_length_4719_cov_3.111905	2536	2669	0	133	133	1.0000000
NODE_284183_length_842_cov_3.744280	127	260	0	133	133	1.0000000
NODE_28448_length_4715_cov_3.946490	769	902	0	5	133	0.0375940
NODE_28448_length_4715_cov_3.946490	769	902	1	82	133	0.6165413
NODE_28448_length_4715_cov_3.946490	769	902	2	46	133	0.3458647
NODE_28483_length_4712_cov_4.020377	3445	3578	0	133	133	1.0000000
NODE_28514_length_4709_cov_4.140998	1837	1970	1	19	133	0.1428571
NODE_28514_length_4709_cov_4.140998	1837	1970	2	114	133	0.8571429
NODE_28516_length_4709_cov_3.886334	418	551	0	48	133	0.3609022
NODE_28516_length_4709_cov_3.886334	418	551	2	85	133	0.6390978
NODE_28520_length_4708_cov_5.473639	1393	1526	0	133	133	1.0000000
NODE_285268_length_836_cov_4.625509	661	794	0	133	133	1.0000000
NODE_28526_length_4708_cov_3.658711	4166	4299	0	23	133	0.1729323
NODE_28526_length_4708_cov_3.658711	4166	4299	1	29	133	0.2180451
NODE_28526_length_4708_cov_3.658711	4166	4299	2	81	133	0.6090226
NODE_2852_length_11181_cov_3.418156	11004	11137	0	133	133	1.0000000
NODE_285313_length_836_cov_3.537313	540	673	0	9	133	0.0676692
NODE_285313_length_836_cov_3.537313	540	673	4	124	133	0.9323308
NODE_28537_length_4707_cov_5.005425	1391	1524	0	133	133	1.0000000
NODE_285663_length_834_cov_5.231293	588	721	0	133	133	1.0000000
NODE_285947_length_833_cov_3.181199	104	237	0	133	133	1.0000000
NODE_286238_length_832_cov_2.035471	391	524	0	60	133	0.4511278
NODE_286238_length_832_cov_2.035471	391	524	2	73	133	0.5488722
NODE_28625_length_4701_cov_3.654933	237	370	0	133	133	1.0000000
NODE_28634_length_4700_cov_4.342534	2314	2447	0	79	133	0.5939850
NODE_28634_length_4700_cov_4.342534	2314	2447	1	54	133	0.4060150
NODE_28637_length_4700_cov_4.180396	1111	1244	0	133	133	1.0000000
NODE_28643_length_4700_cov_3.345142	2524	2657	0	131	133	0.9849624
NODE_28643_length_4700_cov_3.345142	2524	2657	3	2	133	0.0150376
NODE_286480_length_830_cov_4.161423	105	238	2	109	133	0.8195488
NODE_286480_length_830_cov_4.161423	105	238	4	24	133	0.1804511
NODE_286599_length_830_cov_2.296854	229	362	4	74	133	0.5563910
NODE_286599_length_830_cov_2.296854	229	362	8	59	133	0.4436090
NODE_286728_length_829_cov_3.075342	351	484	0	70	133	0.5263158
NODE_286728_length_829_cov_3.075342	351	484	2	61	133	0.4586466
NODE_286728_length_829_cov_3.075342	351	484	4	2	133	0.0150376
NODE_28682_length_4696_cov_3.613661	1284	1417	1	49	133	0.3684210
NODE_28682_length_4696_cov_3.613661	1284	1417	2	84	133	0.6315789
NODE_28702_length_4695_cov_2.853351	2444	2577	0	133	133	1.0000000
NODE_287111_length_827_cov_3.314560	235	368	0	133	133	1.0000000
NODE_287310_length_826_cov_3.257221	292	425	0	133	133	1.0000000
NODE_28732_length_4692_cov_4.615937	1511	1644	2	39	133	0.2932331
NODE_28732_length_4692_cov_4.615937	1511	1644	3	19	133	0.1428571
NODE_28732_length_4692_cov_4.615937	1511	1644	4	75	133	0.5639098
NODE_287428_length_825_cov_5.236915	595	728	0	133	133	1.0000000
NODE_287543_length_825_cov_2.772727	532	665	0	133	133	1.0000000
NODE_28759_length_4690_cov_4.837726	2130	2263	0	3	133	0.0225564
NODE_28759_length_4690_cov_4.837726	2130	2263	4	29	133	0.2180451
NODE_28759_length_4690_cov_4.837726	2130	2263	7	89	133	0.6691729
NODE_28759_length_4690_cov_4.837726	2130	2263	8	12	133	0.0902256
NODE_2877_length_11141_cov_4.650697	7473	7606	0	133	133	1.0000000
NODE_287826_length_824_cov_1.747586	470	603	0	133	133	1.0000000
NODE_288039_length_823_cov_1.808011	343	476	0	43	133	0.3233083
NODE_288039_length_823_cov_1.808011	343	476	2	1	133	0.0075188
NODE_288039_length_823_cov_1.808011	343	476	3	2	133	0.0150376
NODE_288039_length_823_cov_1.808011	343	476	4	87	133	0.6541353
NODE_28817_length_4686_cov_4.297362	2283	2416	0	27	133	0.2030075
NODE_28817_length_4686_cov_4.297362	2283	2416	3	106	133	0.7969925
NODE_28832_length_4685_cov_4.117532	1376	1509	1	82	133	0.6165413
NODE_28832_length_4685_cov_4.117532	1376	1509	2	51	133	0.3834586
NODE_2883_length_11133_cov_10.470636	7006	7139	0	133	133	1.0000000
NODE_28845_length_4684_cov_3.955943	438	571	2	76	133	0.5714286
NODE_28845_length_4684_cov_3.955943	438	571	3	51	133	0.3834586
NODE_28845_length_4684_cov_3.955943	438	571	4	6	133	0.0451128
NODE_28892_length_4681_cov_3.368616	0	133	0	133	133	1.0000000
NODE_2889_length_11129_cov_4.965549	7492	7625	0	133	133	1.0000000
NODE_288_length_20082_cov_5.080819	10652	10785	0	133	133	1.0000000
NODE_2890_length_11127_cov_13.963910	4375	4508	0	133	133	1.0000000
NODE_289250_length_817_cov_2.094708	553	686	0	133	133	1.0000000
NODE_289386_length_816_cov_2.998605	45	178	0	133	133	1.0000000
NODE_2893_length_11126_cov_4.376530	8540	8673	0	133	133	1.0000000
NODE_2895_length_11120_cov_5.081118	148	281	0	133	133	1.0000000
NODE_289900_length_813_cov_5.392157	498	631	0	10	133	0.0751880
NODE_289900_length_813_cov_5.392157	498	631	1	6	133	0.0451128
NODE_289900_length_813_cov_5.392157	498	631	2	117	133	0.8796992
NODE_289923_length_813_cov_4.362745	485	618	0	133	133	1.0000000
NODE_28_length_31280_cov_3.957057	25571	25704	0	133	133	1.0000000
NODE_29001_length_4671_cov_3.440289	2676	2809	0	133	133	1.0000000
NODE_29043_length_4667_cov_5.204904	1982	2115	0	133	133	1.0000000
NODE_290443_length_811_cov_3.167135	318	451	0	24	133	0.1804511
NODE_290443_length_811_cov_3.167135	318	451	1	12	133	0.0902256
NODE_290443_length_811_cov_3.167135	318	451	2	86	133	0.6466165
NODE_290443_length_811_cov_3.167135	318	451	3	11	133	0.0827068
NODE_290447_length_811_cov_3.137640	258	391	1	11	133	0.0827068
NODE_290447_length_811_cov_3.137640	258	391	2	122	133	0.9172933
NODE_290449_length_811_cov_3.098315	397	530	0	133	133	1.0000000
NODE_290484_length_811_cov_2.799157	468	601	3	70	133	0.5263158
NODE_290484_length_811_cov_2.799157	468	601	6	63	133	0.4736842
NODE_29048_length_4667_cov_4.443301	3671	3804	0	133	133	1.0000000
NODE_290580_length_810_cov_5.218003	306	439	1	51	133	0.3834586
NODE_290580_length_810_cov_5.218003	306	439	2	82	133	0.6165413
NODE_2905_length_11106_cov_4.092396	3655	3788	0	133	133	1.0000000
NODE_29069_length_4666_cov_3.108824	2653	2786	0	133	133	1.0000000
NODE_29096_length_4663_cov_6.706179	2639	2772	0	133	133	1.0000000
NODE_290_length_20049_cov_4.312782	13104	13237	0	133	133	1.0000000
NODE_291296_length_807_cov_3.004237	499	632	0	133	133	1.0000000
NODE_2913_length_11100_cov_4.125716	3431	3564	0	133	133	1.0000000
NODE_291472_length_806_cov_3.680339	590	723	0	133	133	1.0000000
NODE_29147_length_4660_cov_4.285025	3327	3460	0	133	133	1.0000000
NODE_2914_length_11099_cov_4.930455	2523	2656	0	133	133	1.0000000
NODE_291505_length_806_cov_3.287129	481	614	0	13	133	0.0977444
NODE_291505_length_806_cov_3.287129	481	614	2	55	133	0.4135338
NODE_291505_length_806_cov_3.287129	481	614	4	65	133	0.4887218
NODE_2917_length_11099_cov_4.416636	5442	5575	0	133	133	1.0000000
NODE_291868_length_804_cov_4.646809	300	433	0	133	133	1.0000000
NODE_292315_length_802_cov_7.398293	355	488	0	133	133	1.0000000
NODE_29249_length_4653_cov_4.107598	679	812	2	14	133	0.1052632
NODE_29249_length_4653_cov_4.107598	679	812	4	2	133	0.0150376
NODE_29249_length_4653_cov_4.107598	679	812	5	11	133	0.0827068
NODE_29249_length_4653_cov_4.107598	679	812	6	86	133	0.6466165
NODE_29249_length_4653_cov_4.107598	679	812	7	20	133	0.1503759
NODE_2925_length_11088_cov_4.622077	7904	8037	0	133	133	1.0000000
NODE_29269_length_4651_cov_5.131151	3897	4030	0	133	133	1.0000000
NODE_292753_length_800_cov_4.716120	532	665	1	18	133	0.1353384
NODE_292753_length_800_cov_4.716120	532	665	2	115	133	0.8646616
NODE_292870_length_800_cov_2.647646	637	770	0	133	133	1.0000000
NODE_29289_length_4650_cov_4.417710	3724	3857	1	11	133	0.0827068
NODE_29289_length_4650_cov_4.417710	3724	3857	2	122	133	0.9172933
NODE_2933_length_11081_cov_4.523584	9279	9412	0	133	133	1.0000000
NODE_29349_length_4645_cov_4.181478	635	768	0	133	133	1.0000000
NODE_29353_length_4645_cov_3.788385	2384	2517	0	133	133	1.0000000
NODE_2935_length_11080_cov_4.341681	4209	4342	0	133	133	1.0000000
NODE_293884_length_795_cov_3.428161	686	819	0	133	133	1.0000000
NODE_293910_length_795_cov_3.086207	238	371	0	133	133	1.0000000
NODE_294028_length_794_cov_4.257554	614	747	0	133	133	1.0000000
NODE_29403_length_4641_cov_3.804491	221	354	0	133	133	1.0000000
NODE_2942_length_11072_cov_4.076916	1195	1328	3	57	133	0.4285714
NODE_2942_length_11072_cov_4.076916	1195	1328	5	20	133	0.1503759
NODE_2942_length_11072_cov_4.076916	1195	1328	6	47	133	0.3533835
NODE_2942_length_11072_cov_4.076916	1195	1328	7	9	133	0.0676692
NODE_2943_length_11069_cov_5.166819	8990	9123	0	9	133	0.0676692
NODE_2943_length_11069_cov_5.166819	8990	9123	1	40	133	0.3007519
NODE_2943_length_11069_cov_5.166819	8990	9123	2	84	133	0.6315789
NODE_29440_length_4638_cov_4.556070	632	765	0	133	133	1.0000000
NODE_294427_length_792_cov_5.215007	416	549	2	53	133	0.3984962
NODE_294427_length_792_cov_5.215007	416	549	4	17	133	0.1278196
NODE_294427_length_792_cov_5.215007	416	549	5	38	133	0.2857143
NODE_294427_length_792_cov_5.215007	416	549	6	25	133	0.1879699
NODE_294470_length_792_cov_3.935065	318	451	0	133	133	1.0000000
NODE_2944_length_11068_cov_4.882305	732	865	0	133	133	1.0000000
NODE_294519_length_792_cov_3.187590	628	761	0	133	133	1.0000000
NODE_294993_length_790_cov_2.115774	594	727	0	133	133	1.0000000
NODE_29524_length_4631_cov_4.109223	2215	2348	0	133	133	1.0000000
NODE_29537_length_4630_cov_4.858089	2148	2281	0	133	133	1.0000000
NODE_2954_length_11059_cov_3.487956	7752	7885	1	13	133	0.0977444
NODE_2954_length_11059_cov_3.487956	7752	7885	2	18	133	0.1353384
NODE_2954_length_11059_cov_3.487956	7752	7885	6	69	133	0.5187970
NODE_2954_length_11059_cov_3.487956	7752	7885	7	27	133	0.2030075
NODE_2954_length_11059_cov_3.487956	7752	7885	8	6	133	0.0451128
NODE_29562_length_4628_cov_5.489512	3060	3193	0	133	133	1.0000000
NODE_295756_length_786_cov_3.272198	364	497	0	40	133	0.3007519
NODE_295756_length_786_cov_3.272198	364	497	3	86	133	0.6466165
NODE_295756_length_786_cov_3.272198	364	497	5	1	133	0.0075188
NODE_295756_length_786_cov_3.272198	364	497	6	6	133	0.0451128
NODE_2957_length_11055_cov_4.847481	1122	1255	0	133	133	1.0000000
NODE_295899_length_785_cov_4.794461	201	334	0	133	133	1.0000000
NODE_29590_length_4626_cov_5.052353	3892	4025	0	7	133	0.0526316
NODE_29590_length_4626_cov_5.052353	3892	4025	1	126	133	0.9473684
NODE_29593_length_4626_cov_4.814005	2251	2384	0	133	133	1.0000000
NODE_29606_length_4625_cov_4.937914	2697	2830	0	68	133	0.5112782
NODE_29606_length_4625_cov_4.937914	2697	2830	2	65	133	0.4887218
NODE_29607_length_4625_cov_4.686478	2912	3045	0	133	133	1.0000000
NODE_29637_length_4623_cov_5.738727	2019	2152	0	133	133	1.0000000
NODE_29669_length_4621_cov_5.280628	2559	2692	0	133	133	1.0000000
NODE_296764_length_781_cov_5.472141	395	528	0	133	133	1.0000000
NODE_296988_length_780_cov_4.378855	360	493	0	133	133	1.0000000
NODE_29710_length_4619_cov_3.787611	2514	2647	0	133	133	1.0000000
NODE_297246_length_779_cov_3.329412	210	343	0	133	133	1.0000000
NODE_29727_length_4617_cov_6.004427	1167	1300	0	133	133	1.0000000
NODE_2972_length_11041_cov_4.786054	2991	3124	0	133	133	1.0000000
NODE_297410_length_778_cov_4.182622	518	651	0	21	133	0.1578947
NODE_297410_length_778_cov_4.182622	518	651	1	1	133	0.0075188
NODE_297410_length_778_cov_4.182622	518	651	2	103	133	0.7744361
NODE_297410_length_778_cov_4.182622	518	651	4	8	133	0.0601504
NODE_297456_length_778_cov_3.406480	260	393	0	133	133	1.0000000
NODE_29747_length_4616_cov_4.951738	805	938	0	133	133	1.0000000
NODE_29755_length_4616_cov_3.419969	4061	4194	0	133	133	1.0000000
NODE_297577_length_777_cov_4.874631	320	453	0	133	133	1.0000000
NODE_29757_length_4615_cov_22.089238	3037	3170	0	133	133	1.0000000
NODE_29762_length_4615_cov_4.643711	614	747	0	133	133	1.0000000
NODE_29767_length_4614_cov_5.006423	1066	1199	3	24	133	0.1804511
NODE_29767_length_4614_cov_5.006423	1066	1199	6	109	133	0.8195488
NODE_297708_length_777_cov_2.595870	568	701	0	133	133	1.0000000
NODE_29782_length_4614_cov_3.032780	2397	2530	0	133	133	1.0000000
NODE_29794_length_4612_cov_5.009750	1657	1790	0	133	133	1.0000000
NODE_297995_length_775_cov_5.652367	106	239	0	133	133	1.0000000
NODE_297998_length_775_cov_5.434911	421	554	0	69	133	0.5187970
NODE_297998_length_775_cov_5.434911	421	554	2	34	133	0.2556391
NODE_297998_length_775_cov_5.434911	421	554	4	30	133	0.2255639
NODE_297_length_19921_cov_4.152860	13590	13723	0	133	133	1.0000000
NODE_29804_length_4612_cov_2.961445	138	271	0	46	133	0.3458647
NODE_29804_length_4612_cov_2.961445	138	271	3	87	133	0.6541353
NODE_298060_length_775_cov_3.815089	383	516	1	4	133	0.0300752
NODE_298060_length_775_cov_3.815089	383	516	3	25	133	0.1879699
NODE_298060_length_775_cov_3.815089	383	516	4	32	133	0.2406015
NODE_298060_length_775_cov_3.815089	383	516	5	6	133	0.0451128
NODE_298060_length_775_cov_3.815089	383	516	6	59	133	0.4436090
NODE_298060_length_775_cov_3.815089	383	516	7	7	133	0.0526316
NODE_298483_length_773_cov_4.477745	103	236	0	15	133	0.1127820
NODE_298483_length_773_cov_4.477745	103	236	1	64	133	0.4812030
NODE_298483_length_773_cov_4.477745	103	236	2	54	133	0.4060150
NODE_298551_length_773_cov_3.247774	282	415	0	48	133	0.3609022
NODE_298551_length_773_cov_3.247774	282	415	2	85	133	0.6390978
NODE_2985_length_11021_cov_4.610602	6734	6867	0	133	133	1.0000000
NODE_29868_length_4608_cov_3.195387	3857	3990	0	133	133	1.0000000
NODE_29870_length_4607_cov_21.980035	1396	1529	0	133	133	1.0000000
NODE_29876_length_4607_cov_4.403283	2594	2727	2	133	133	1.0000000
NODE_2987_length_11020_cov_5.346305	6219	6352	0	80	133	0.6015037
NODE_2987_length_11020_cov_5.346305	6219	6352	2	53	133	0.3984962
NODE_298994_length_771_cov_3.318452	566	699	0	133	133	1.0000000
NODE_29904_length_4605_cov_3.313360	2111	2244	0	16	133	0.1203008
NODE_29904_length_4605_cov_3.313360	2111	2244	1	62	133	0.4661654
NODE_29904_length_4605_cov_3.313360	2111	2244	2	55	133	0.4135338
NODE_299063_length_771_cov_2.388393	267	400	0	52	133	0.3909774
NODE_299063_length_771_cov_2.388393	267	400	2	81	133	0.6090226
NODE_29907_length_4604_cov_5.841065	461	594	0	133	133	1.0000000
NODE_29930_length_4603_cov_4.544849	3476	3609	0	133	133	1.0000000
NODE_299502_length_769_cov_2.102985	447	580	0	133	133	1.0000000
NODE_299607_length_768_cov_3.612855	424	557	0	133	133	1.0000000
NODE_299623_length_768_cov_3.423019	607	740	0	133	133	1.0000000
NODE_29968_length_4600_cov_3.654077	680	813	0	133	133	1.0000000
NODE_299709_length_768_cov_2.421525	201	334	0	44	133	0.3308271
NODE_299709_length_768_cov_2.421525	201	334	1	86	133	0.6466165
NODE_299709_length_768_cov_2.421525	201	334	2	3	133	0.0225564
NODE_299780_length_767_cov_4.844311	615	748	0	14	133	0.1052632
NODE_299780_length_767_cov_4.844311	615	748	1	87	133	0.6541353
NODE_299780_length_767_cov_4.844311	615	748	2	32	133	0.2406015
NODE_299_length_19899_cov_4.811465	7256	7389	0	133	133	1.0000000
NODE_30003_length_4597_cov_4.497999	1028	1161	0	59	133	0.4436090
NODE_30003_length_4597_cov_4.497999	1028	1161	2	1	133	0.0075188
NODE_30003_length_4597_cov_4.497999	1028	1161	4	50	133	0.3759398
NODE_30003_length_4597_cov_4.497999	1028	1161	5	23	133	0.1729323
NODE_30007_length_4597_cov_4.063361	110	243	3	19	133	0.1428571
NODE_30007_length_4597_cov_4.063361	110	243	4	96	133	0.7218045
NODE_30007_length_4597_cov_4.063361	110	243	5	18	133	0.1353384
NODE_300136_length_766_cov_2.850075	359	492	2	122	133	0.9172933
NODE_300136_length_766_cov_2.850075	359	492	4	11	133	0.0827068
NODE_300181_length_766_cov_2.424288	277	410	0	133	133	1.0000000
NODE_300216_length_766_cov_2.038981	349	482	0	133	133	1.0000000
NODE_300327_length_765_cov_3.396396	242	375	0	133	133	1.0000000
NODE_30063_length_4593_cov_4.878727	1292	1425	0	133	133	1.0000000
NODE_30078_length_4592_cov_4.709993	3389	3522	0	133	133	1.0000000
NODE_30097_length_4591_cov_4.447240	2831	2964	0	133	133	1.0000000
NODE_3011_length_10999_cov_4.314679	6480	6613	1	56	133	0.4210526
NODE_3011_length_10999_cov_4.314679	6480	6613	2	77	133	0.5789474
NODE_3012_length_10999_cov_4.278624	119	252	0	133	133	1.0000000
NODE_30133_length_4588_cov_5.749833	4250	4383	0	133	133	1.0000000
NODE_30149_length_4587_cov_4.378565	2754	2887	0	37	133	0.2781955
NODE_30149_length_4587_cov_4.378565	2754	2887	1	45	133	0.3383459
NODE_30149_length_4587_cov_4.378565	2754	2887	2	51	133	0.3834586
NODE_301601_length_759_cov_5.422727	567	700	1	27	133	0.2030075
NODE_301601_length_759_cov_5.422727	567	700	2	106	133	0.7969925
NODE_301696_length_759_cov_3.089394	566	699	2	54	133	0.4060150
NODE_301696_length_759_cov_3.089394	566	699	5	12	133	0.0902256
NODE_301696_length_759_cov_3.089394	566	699	7	67	133	0.5037594
NODE_3017_length_10991_cov_4.532960	8428	8561	0	133	133	1.0000000
NODE_301813_length_759_cov_1.569697	570	703	3	79	133	0.5939850
NODE_301813_length_759_cov_1.569697	570	703	5	4	133	0.0300752
NODE_301813_length_759_cov_1.569697	570	703	6	50	133	0.3759398
NODE_30192_length_4585_cov_3.703299	906	1039	0	133	133	1.0000000
NODE_3019_length_10988_cov_5.314354	3767	3900	0	23	133	0.1729323
NODE_3019_length_10988_cov_5.314354	3767	3900	2	110	133	0.8270677
NODE_30228_length_4582_cov_4.158822	2272	2405	0	13	133	0.0977444
NODE_30228_length_4582_cov_4.158822	2272	2405	2	120	133	0.9022557
NODE_302382_length_756_cov_2.948250	150	283	2	2	133	0.0150376
NODE_302382_length_756_cov_2.948250	150	283	3	11	133	0.0827068
NODE_302382_length_756_cov_2.948250	150	283	5	4	133	0.0300752
NODE_302382_length_756_cov_2.948250	150	283	6	42	133	0.3157895
NODE_302382_length_756_cov_2.948250	150	283	7	21	133	0.1578947
NODE_302382_length_756_cov_2.948250	150	283	8	18	133	0.1353384
NODE_302382_length_756_cov_2.948250	150	283	9	35	133	0.2631579
NODE_3023_length_10985_cov_4.767775	7182	7315	0	133	133	1.0000000
NODE_30250_length_4581_cov_3.630968	2413	2546	0	133	133	1.0000000
NODE_30252_length_4581_cov_3.500892	359	492	0	100	133	0.7518797
NODE_30252_length_4581_cov_3.500892	359	492	1	33	133	0.2481203
NODE_3025_length_10983_cov_4.488607	1736	1869	0	133	133	1.0000000
NODE_30272_length_4579_cov_3.981027	2497	2630	0	133	133	1.0000000
NODE_302913_length_753_cov_4.866972	416	549	0	133	133	1.0000000
NODE_302979_length_753_cov_3.434251	283	416	0	133	133	1.0000000
NODE_303004_length_753_cov_3.099388	140	273	0	133	133	1.0000000
NODE_3034_length_10979_cov_4.259375	7243	7376	0	133	133	1.0000000
NODE_30359_length_4573_cov_4.223067	177	310	0	133	133	1.0000000
NODE_30360_length_4573_cov_4.174341	4151	4284	0	133	133	1.0000000
NODE_30374_length_4572_cov_3.298905	1742	1875	0	1	133	0.0075188
NODE_30374_length_4572_cov_3.298905	1742	1875	2	119	133	0.8947368
NODE_30374_length_4572_cov_3.298905	1742	1875	4	13	133	0.0977444
NODE_30390_length_4570_cov_5.143145	2803	2936	0	39	133	0.2932331
NODE_30390_length_4570_cov_5.143145	2803	2936	2	94	133	0.7067669
NODE_3040_length_10970_cov_5.545672	6033	6166	0	133	133	1.0000000
NODE_304174_length_748_cov_2.640986	174	307	0	133	133	1.0000000
NODE_3042_length_10969_cov_6.299724	8795	8928	0	5	133	0.0375940
NODE_3042_length_10969_cov_6.299724	8795	8928	2	128	133	0.9624060
NODE_30435_length_4566_cov_5.485337	1759	1892	0	133	133	1.0000000
NODE_30441_length_4566_cov_4.456906	1893	2026	0	47	133	0.3533835
NODE_30441_length_4566_cov_4.456906	1893	2026	1	16	133	0.1203008
NODE_30441_length_4566_cov_4.456906	1893	2026	2	70	133	0.5263158
NODE_30476_length_4564_cov_3.118029	123	256	0	133	133	1.0000000
NODE_305108_length_744_cov_2.627907	421	554	0	133	133	1.0000000
NODE_30524_length_4560_cov_5.089442	2402	2535	0	133	133	1.0000000
NODE_305270_length_743_cov_3.302795	482	615	0	133	133	1.0000000
NODE_3053_length_10961_cov_4.060670	8009	8142	0	133	133	1.0000000
NODE_30546_length_4558_cov_4.425880	4091	4224	0	133	133	1.0000000
NODE_3057_length_10959_cov_3.640516	4841	4974	0	133	133	1.0000000
NODE_305938_length_740_cov_5.176287	139	272	0	133	133	1.0000000
NODE_30596_length_4555_cov_3.949282	2414	2547	0	133	133	1.0000000
NODE_30628_length_4553_cov_4.269870	2567	2700	2	19	133	0.1428571
NODE_30628_length_4553_cov_4.269870	2567	2700	3	5	133	0.0375940
NODE_30628_length_4553_cov_4.269870	2567	2700	4	75	133	0.5639098
NODE_30628_length_4553_cov_4.269870	2567	2700	5	34	133	0.2556391
NODE_3062_length_10953_cov_4.427769	5017	5150	0	133	133	1.0000000
NODE_306343_length_738_cov_5.428795	325	458	0	133	133	1.0000000
NODE_30639_length_4552_cov_4.016618	1549	1682	0	15	133	0.1127820
NODE_30639_length_4552_cov_4.016618	1549	1682	1	73	133	0.5488722
NODE_30639_length_4552_cov_4.016618	1549	1682	2	45	133	0.3383459
NODE_30643_length_4552_cov_3.207051	2542	2675	0	133	133	1.0000000
NODE_30651_length_4551_cov_4.475966	1303	1436	0	133	133	1.0000000
NODE_3065_length_10950_cov_4.964612	1340	1473	0	133	133	1.0000000
NODE_30668_length_4550_cov_3.613121	3040	3173	12	25	133	0.1879699
NODE_30668_length_4550_cov_3.613121	3040	3173	13	1	133	0.0075188
NODE_30668_length_4550_cov_3.613121	3040	3173	15	1	133	0.0075188
NODE_30668_length_4550_cov_3.613121	3040	3173	16	33	133	0.2481203
NODE_30668_length_4550_cov_3.613121	3040	3173	18	1	133	0.0075188
NODE_30668_length_4550_cov_3.613121	3040	3173	19	14	133	0.1052632
NODE_30668_length_4550_cov_3.613121	3040	3173	20	1	133	0.0075188
NODE_30668_length_4550_cov_3.613121	3040	3173	21	1	133	0.0075188
NODE_30668_length_4550_cov_3.613121	3040	3173	22	15	133	0.1127820
NODE_30668_length_4550_cov_3.613121	3040	3173	23	39	133	0.2932331
NODE_30668_length_4550_cov_3.613121	3040	3173	24	2	133	0.0150376
NODE_306699_length_737_cov_2.907524	442	575	3	2	133	0.0150376
NODE_306699_length_737_cov_2.907524	442	575	8	38	133	0.2857143
NODE_306699_length_737_cov_2.907524	442	575	10	1	133	0.0075188
NODE_306699_length_737_cov_2.907524	442	575	11	1	133	0.0075188
NODE_306699_length_737_cov_2.907524	442	575	15	16	133	0.1203008
NODE_306699_length_737_cov_2.907524	442	575	16	39	133	0.2932331
NODE_306699_length_737_cov_2.907524	442	575	17	18	133	0.1353384
NODE_306699_length_737_cov_2.907524	442	575	18	18	133	0.1353384
NODE_30682_length_4548_cov_4.373118	2984	3117	0	133	133	1.0000000
NODE_306883_length_736_cov_3.346939	340	473	0	133	133	1.0000000
NODE_30688_length_4548_cov_3.444145	2054	2187	0	133	133	1.0000000
NODE_30694_length_4547_cov_12.460207	140	273	0	133	133	1.0000000
NODE_30775_length_4541_cov_4.669518	3728	3861	1	37	133	0.2781955
NODE_30775_length_4541_cov_4.669518	3728	3861	2	96	133	0.7218045
NODE_307960_length_731_cov_4.139241	232	365	0	24	133	0.1804511
NODE_307960_length_731_cov_4.139241	232	365	2	109	133	0.8195488
NODE_308077_length_731_cov_2.329114	344	477	0	133	133	1.0000000
NODE_30825_length_4538_cov_3.387249	555	688	0	133	133	1.0000000
NODE_3083_length_10931_cov_4.415620	1024	1157	0	5	133	0.0375940
NODE_3083_length_10931_cov_4.415620	1024	1157	1	70	133	0.5263158
NODE_3083_length_10931_cov_4.415620	1024	1157	2	47	133	0.3533835
NODE_3083_length_10931_cov_4.415620	1024	1157	3	11	133	0.0827068
NODE_308434_length_729_cov_3.557143	418	551	1	90	133	0.6766917
NODE_308434_length_729_cov_3.557143	418	551	2	43	133	0.3233083
NODE_308492_length_729_cov_3.025397	382	515	0	133	133	1.0000000
NODE_30849_length_4537_cov_3.169446	2354	2487	0	133	133	1.0000000
NODE_30856_length_4536_cov_4.540681	4313	4446	0	133	133	1.0000000
NODE_30862_length_4535_cov_4.851443	1749	1882	2	44	133	0.3308271
NODE_30862_length_4535_cov_4.851443	1749	1882	4	89	133	0.6691729
NODE_308839_length_727_cov_9.808917	594	727	2	57	133	0.4285714
NODE_308839_length_727_cov_9.808917	594	727	3	76	133	0.5714286
NODE_308854_length_727_cov_5.095541	335	468	0	133	133	1.0000000
NODE_308902_length_727_cov_3.608280	117	250	0	133	133	1.0000000
NODE_30910_length_4532_cov_3.364990	3212	3345	0	133	133	1.0000000
NODE_309323_length_725_cov_4.712460	574	707	0	118	133	0.8872181
NODE_309323_length_725_cov_4.712460	574	707	3	15	133	0.1127820
NODE_309368_length_725_cov_3.798722	144	277	0	133	133	1.0000000
NODE_309581_length_724_cov_5.547200	375	508	0	133	133	1.0000000
NODE_309586_length_724_cov_5.334400	291	424	0	133	133	1.0000000
NODE_309610_length_724_cov_4.441600	548	681	0	133	133	1.0000000
NODE_30963_length_4528_cov_4.216076	1430	1563	0	133	133	1.0000000
NODE_30991_length_4526_cov_3.951660	3577	3710	0	133	133	1.0000000
NODE_30992_length_4526_cov_3.780212	1306	1439	2	56	133	0.4210526
NODE_30992_length_4526_cov_3.780212	1306	1439	4	77	133	0.5789474
NODE_3100_length_10914_cov_3.724642	7951	8084	0	133	133	1.0000000
NODE_31011_length_4524_cov_3.717514	1968	2101	0	133	133	1.0000000
NODE_310139_length_722_cov_3.508828	394	527	0	133	133	1.0000000
NODE_310181_length_722_cov_3.046549	503	636	0	25	133	0.1879699
NODE_310181_length_722_cov_3.046549	503	636	1	2	133	0.0150376
NODE_310181_length_722_cov_3.046549	503	636	2	106	133	0.7969925
NODE_310788_length_719_cov_4.633871	111	244	0	64	133	0.4812030
NODE_310788_length_719_cov_4.633871	111	244	3	69	133	0.5187970
NODE_310806_length_719_cov_4.066129	152	285	2	52	133	0.3909774
NODE_310806_length_719_cov_4.066129	152	285	4	81	133	0.6090226
NODE_310814_length_719_cov_3.977419	177	310	0	133	133	1.0000000
NODE_310961_length_719_cov_2.272581	354	487	0	133	133	1.0000000
NODE_3109_length_10907_cov_4.285622	3011	3144	0	25	133	0.1879699
NODE_3109_length_10907_cov_4.285622	3011	3144	2	108	133	0.8120301
NODE_311112_length_718_cov_3.053312	288	421	0	133	133	1.0000000
NODE_3111_length_10904_cov_4.351134	8146	8279	0	133	133	1.0000000
NODE_31125_length_4515_cov_3.887455	1126	1259	0	133	133	1.0000000
NODE_3112_length_10902_cov_4.895585	3413	3546	0	133	133	1.0000000
NODE_31147_length_4513_cov_4.264839	3629	3762	0	133	133	1.0000000
NODE_31158_length_4512_cov_4.637208	1018	1151	0	133	133	1.0000000
NODE_31199_length_4509_cov_4.677551	3090	3223	0	133	133	1.0000000
NODE_311_length_19808_cov_4.348775	4901	5034	0	35	133	0.2631579
NODE_311_length_19808_cov_4.348775	4901	5034	3	98	133	0.7368421
NODE_3122_length_10890_cov_5.074414	3871	4004	0	133	133	1.0000000
NODE_312308_length_713_cov_3.172638	468	601	1	16	133	0.1203008
NODE_312308_length_713_cov_3.172638	468	601	2	117	133	0.8796992
NODE_312357_length_713_cov_2.729642	506	639	0	133	133	1.0000000
NODE_3124_length_10887_cov_4.961068	6211	6344	0	133	133	1.0000000
NODE_312507_length_712_cov_3.890701	427	560	4	20	133	0.1503759
NODE_312507_length_712_cov_3.890701	427	560	6	64	133	0.4812030
NODE_312507_length_712_cov_3.890701	427	560	8	49	133	0.3684210
NODE_31250_length_4505_cov_10.536995	1914	2047	0	133	133	1.0000000
NODE_312529_length_712_cov_3.502447	36	169	1	16	133	0.1203008
NODE_312529_length_712_cov_3.502447	36	169	2	12	133	0.0902256
NODE_312529_length_712_cov_3.502447	36	169	3	41	133	0.3082707
NODE_312529_length_712_cov_3.502447	36	169	4	64	133	0.4812030
NODE_312627_length_712_cov_2.468189	135	268	0	133	133	1.0000000
NODE_312705_length_712_cov_1.179445	360	493	0	133	133	1.0000000
NODE_312_length_19784_cov_4.648514	3159	3292	0	26	133	0.1954887
NODE_312_length_19784_cov_4.648514	3159	3292	2	37	133	0.2781955
NODE_312_length_19784_cov_4.648514	3159	3292	3	27	133	0.2030075
NODE_312_length_19784_cov_4.648514	3159	3292	4	43	133	0.3233083
NODE_31315_length_4501_cov_5.088823	3065	3198	0	133	133	1.0000000
NODE_31317_length_4501_cov_4.831213	1523	1656	0	133	133	1.0000000
NODE_313221_length_709_cov_3.729508	197	330	0	133	133	1.0000000
NODE_3132_length_10882_cov_3.324214	8625	8758	0	133	133	1.0000000
NODE_313304_length_709_cov_2.611475	352	485	0	133	133	1.0000000
NODE_31351_length_4498_cov_4.427597	2679	2812	0	133	133	1.0000000
NODE_31353_length_4498_cov_4.331439	2933	3066	0	133	133	1.0000000
NODE_313670_length_707_cov_4.444079	235	368	0	133	133	1.0000000
NODE_31375_length_4496_cov_5.149420	3718	3851	0	133	133	1.0000000
NODE_31376_length_4496_cov_5.072095	3757	3890	0	133	133	1.0000000
NODE_3137_length_10875_cov_4.080828	4855	4988	0	133	133	1.0000000
NODE_31386_length_4496_cov_3.547191	1030	1163	0	133	133	1.0000000
NODE_31395_length_4495_cov_4.340764	2966	3099	2	34	133	0.2556391
NODE_31395_length_4495_cov_4.340764	2966	3099	3	81	133	0.6090226
NODE_31395_length_4495_cov_4.340764	2966	3099	4	18	133	0.1353384
NODE_314104_length_706_cov_1.836903	10	143	2	24	133	0.1804511
NODE_314104_length_706_cov_1.836903	10	143	7	58	133	0.4360902
NODE_314104_length_706_cov_1.836903	10	143	9	51	133	0.3834586
NODE_314144_length_705_cov_5.163366	312	445	0	133	133	1.0000000
NODE_3141_length_10874_cov_4.222181	10469	10602	1	24	133	0.1804511
NODE_3141_length_10874_cov_4.222181	10469	10602	2	109	133	0.8195488
NODE_31422_length_4492_cov_5.047576	1122	1255	0	133	133	1.0000000
NODE_31448_length_4489_cov_5.009795	4099	4232	1	2	133	0.0150376
NODE_31448_length_4489_cov_5.009795	4099	4232	2	19	133	0.1428571
NODE_31448_length_4489_cov_5.009795	4099	4232	3	65	133	0.4887218
NODE_31448_length_4489_cov_5.009795	4099	4232	4	47	133	0.3533835
NODE_31453_length_4489_cov_3.677221	2824	2957	0	133	133	1.0000000
NODE_314886_length_702_cov_5.968491	185	318	1	118	133	0.8872181
NODE_314886_length_702_cov_5.968491	185	318	2	15	133	0.1127820
NODE_315756_length_699_cov_3.151667	209	342	5	1	133	0.0075188
NODE_315756_length_699_cov_3.151667	209	342	6	40	133	0.3007519
NODE_315756_length_699_cov_3.151667	209	342	7	32	133	0.2406015
NODE_315756_length_699_cov_3.151667	209	342	8	1	133	0.0075188
NODE_315756_length_699_cov_3.151667	209	342	9	30	133	0.2255639
NODE_315756_length_699_cov_3.151667	209	342	10	29	133	0.2180451
NODE_31592_length_4478_cov_4.587577	127	260	0	133	133	1.0000000
NODE_31596_length_4478_cov_3.937657	2960	3093	4	56	133	0.4210526
NODE_31596_length_4478_cov_3.937657	2960	3093	8	16	133	0.1203008
NODE_31596_length_4478_cov_3.937657	2960	3093	10	11	133	0.0827068
NODE_31596_length_4478_cov_3.937657	2960	3093	11	29	133	0.2180451
NODE_31596_length_4478_cov_3.937657	2960	3093	12	21	133	0.1578947
NODE_31604_length_4477_cov_5.257652	1730	1863	0	133	133	1.0000000
NODE_316122_length_698_cov_2.250417	406	539	0	133	133	1.0000000
NODE_316292_length_697_cov_3.264214	400	533	0	51	133	0.3834586
NODE_316292_length_697_cov_3.264214	400	533	1	33	133	0.2481203
NODE_316292_length_697_cov_3.264214	400	533	2	49	133	0.3684210
NODE_3162_length_10854_cov_4.629382	1020	1153	0	133	133	1.0000000
NODE_31634_length_4475_cov_3.792276	341	474	0	3	133	0.0225564
NODE_31634_length_4475_cov_3.792276	341	474	1	62	133	0.4661654
NODE_31634_length_4475_cov_3.792276	341	474	2	68	133	0.5112782
NODE_317017_length_694_cov_4.626891	234	367	0	133	133	1.0000000
NODE_31725_length_4468_cov_3.858091	1805	1938	0	133	133	1.0000000
NODE_317301_length_693_cov_4.557239	333	466	0	133	133	1.0000000
NODE_317425_length_693_cov_2.622896	105	238	0	123	133	0.9248120
NODE_317425_length_693_cov_2.622896	105	238	2	10	133	0.0751880
NODE_317538_length_692_cov_4.763912	146	279	0	133	133	1.0000000
NODE_3175_length_10842_cov_4.222564	10455	10588	2	133	133	1.0000000
NODE_31769_length_4464_cov_5.251088	1243	1376	0	28	133	0.2105263
NODE_31769_length_4464_cov_5.251088	1243	1376	2	105	133	0.7894737
NODE_317898_length_691_cov_3.040541	268	401	0	31	133	0.2330827
NODE_317898_length_691_cov_3.040541	268	401	2	102	133	0.7669173
NODE_318133_length_690_cov_3.155668	213	346	0	45	133	0.3383459
NODE_318133_length_690_cov_3.155668	213	346	1	16	133	0.1203008
NODE_318133_length_690_cov_3.155668	213	346	2	72	133	0.5413534
NODE_31853_length_4459_cov_3.933716	3379	3512	2	84	133	0.6315789
NODE_31853_length_4459_cov_3.933716	3379	3512	4	49	133	0.3684210
NODE_31855_length_4458_cov_4.901354	1527	1660	0	133	133	1.0000000
NODE_3185_length_10832_cov_4.357961	1148	1281	0	133	133	1.0000000
NODE_318737_length_688_cov_2.336163	595	728	0	40	133	0.3007519
NODE_318737_length_688_cov_2.336163	595	728	2	93	133	0.6992481
NODE_319200_length_686_cov_2.821124	450	583	2	49	133	0.3684210
NODE_319200_length_686_cov_2.821124	450	583	3	25	133	0.1879699
NODE_319200_length_686_cov_2.821124	450	583	4	52	133	0.3909774
NODE_319200_length_686_cov_2.821124	450	583	5	7	133	0.0526316
NODE_31928_length_4454_cov_3.801607	1977	2110	0	133	133	1.0000000
NODE_319503_length_685_cov_2.788396	636	769	0	133	133	1.0000000
NODE_3198_length_10824_cov_5.886993	1450	1583	0	22	133	0.1654135
NODE_3198_length_10824_cov_5.886993	1450	1583	2	111	133	0.8345864
NODE_320141_length_682_cov_3.907376	506	639	0	133	133	1.0000000
NODE_3201_length_10821_cov_4.807592	9583	9716	0	133	133	1.0000000
NODE_320420_length_681_cov_3.426117	262	395	0	44	133	0.3308271
NODE_320420_length_681_cov_3.426117	262	395	3	89	133	0.6691729
NODE_320495_length_681_cov_2.529210	422	555	1	13	133	0.0977444
NODE_320495_length_681_cov_2.529210	422	555	2	120	133	0.9022557
NODE_32053_length_4445_cov_5.707547	1959	2092	0	133	133	1.0000000
NODE_320609_length_680_cov_4.657487	303	436	0	133	133	1.0000000
NODE_32068_length_4444_cov_4.589873	2125	2258	0	133	133	1.0000000
NODE_32103_length_4442_cov_4.352752	3427	3560	0	133	133	1.0000000
NODE_32109_length_4442_cov_4.022335	3728	3861	0	133	133	1.0000000
NODE_32129_length_4441_cov_4.148779	2505	2638	0	133	133	1.0000000
NODE_32144_length_4440_cov_4.709053	169	302	0	133	133	1.0000000
NODE_321463_length_677_cov_3.119377	150	283	0	14	133	0.1052632
NODE_321463_length_677_cov_3.119377	150	283	1	19	133	0.1428571
NODE_321463_length_677_cov_3.119377	150	283	2	100	133	0.7518797
NODE_32160_length_4439_cov_4.709677	1027	1160	0	133	133	1.0000000
NODE_3218_length_10810_cov_4.572496	9198	9331	0	133	133	1.0000000
NODE_32197_length_4436_cov_5.507955	2386	2519	0	133	133	1.0000000
NODE_321_length_19696_cov_9.717559	6385	6518	0	133	133	1.0000000
NODE_32204_length_4436_cov_4.068250	1353	1486	0	33	133	0.2481203
NODE_32204_length_4436_cov_4.068250	1353	1486	1	66	133	0.4962406
NODE_32204_length_4436_cov_4.068250	1353	1486	2	34	133	0.2556391
NODE_32205_length_4436_cov_3.774037	1826	1959	0	4	133	0.0300752
NODE_32205_length_4436_cov_3.774037	1826	1959	1	129	133	0.9699248
NODE_322181_length_674_cov_4.191304	137	270	1	5	133	0.0375940
NODE_322181_length_674_cov_4.191304	137	270	2	54	133	0.4060150
NODE_322181_length_674_cov_4.191304	137	270	3	74	133	0.5563910
NODE_32225_length_4435_cov_4.176430	3573	3706	0	133	133	1.0000000
NODE_32252_length_4433_cov_3.783110	539	672	5	56	133	0.4210526
NODE_32252_length_4433_cov_3.783110	539	672	9	1	133	0.0075188
NODE_32252_length_4433_cov_3.783110	539	672	10	76	133	0.5714286
NODE_32253_length_4433_cov_3.750115	3613	3746	0	133	133	1.0000000
NODE_32265_length_4432_cov_5.466190	130	263	0	133	133	1.0000000
NODE_32286_length_4431_cov_3.029778	2557	2690	0	133	133	1.0000000
NODE_3228_length_10805_cov_3.904726	1324	1457	0	133	133	1.0000000
NODE_323006_length_671_cov_3.662587	134	267	0	133	133	1.0000000
NODE_32314_length_4428_cov_4.038346	1902	2035	3	7	133	0.0526316
NODE_32314_length_4428_cov_4.038346	1902	2035	4	34	133	0.2556391
NODE_32314_length_4428_cov_4.038346	1902	2035	7	8	133	0.0601504
NODE_32314_length_4428_cov_4.038346	1902	2035	8	84	133	0.6315789
NODE_3232_length_10800_cov_5.071956	9746	9879	0	133	133	1.0000000
NODE_3234_length_10800_cov_4.837585	5549	5682	0	133	133	1.0000000
NODE_32371_length_4424_cov_4.677688	2052	2185	0	34	133	0.2556391
NODE_32371_length_4424_cov_4.677688	2052	2185	2	99	133	0.7443609
NODE_323742_length_668_cov_5.231986	392	525	0	108	133	0.8120301
NODE_323742_length_668_cov_5.231986	392	525	1	25	133	0.1879699
NODE_32381_length_4423_cov_52.873034	297	430	2	9	133	0.0676692
NODE_32381_length_4423_cov_52.873034	297	430	3	28	133	0.2105263
NODE_32381_length_4423_cov_52.873034	297	430	4	76	133	0.5714286
NODE_32381_length_4423_cov_52.873034	297	430	5	20	133	0.1503759
NODE_3239_length_10798_cov_3.476026	9108	9241	0	133	133	1.0000000
NODE_324026_length_667_cov_3.860915	450	583	0	133	133	1.0000000
NODE_324088_length_667_cov_3.098592	100	233	0	133	133	1.0000000
NODE_32426_length_4420_cov_8.101134	4020	4153	0	133	133	1.0000000
NODE_32433_length_4420_cov_4.282111	386	519	0	5	133	0.0375940
NODE_32433_length_4420_cov_4.282111	386	519	2	128	133	0.9624060
NODE_32455_length_4418_cov_4.906228	3733	3866	1	24	133	0.1804511
NODE_32455_length_4418_cov_4.906228	3733	3866	2	109	133	0.8195488
NODE_32480_length_4416_cov_6.986333	1305	1438	0	133	133	1.0000000
NODE_3249_length_10779_cov_13.859270	9225	9358	0	24	133	0.1804511
NODE_3249_length_10779_cov_13.859270	9225	9358	2	25	133	0.1879699
NODE_3249_length_10779_cov_13.859270	9225	9358	3	84	133	0.6315789
NODE_324_length_19668_cov_4.707394	19379	19512	0	133	133	1.0000000
NODE_325118_length_663_cov_3.773050	501	634	0	45	133	0.3383459
NODE_325118_length_663_cov_3.773050	501	634	1	3	133	0.0225564
NODE_325118_length_663_cov_3.773050	501	634	2	85	133	0.6390978
NODE_32520_length_4414_cov_5.021321	672	805	0	133	133	1.0000000
NODE_32524_length_4414_cov_3.795597	2576	2709	0	133	133	1.0000000
NODE_32534_length_4413_cov_4.280714	1296	1429	0	133	133	1.0000000
NODE_3254_length_10777_cov_4.648155	6944	7077	0	133	133	1.0000000
NODE_32551_length_4412_cov_3.838859	3922	4055	0	60	133	0.4511278
NODE_32551_length_4412_cov_3.838859	3922	4055	1	5	133	0.0375940
NODE_32551_length_4412_cov_3.838859	3922	4055	2	68	133	0.5112782
NODE_32555_length_4412_cov_3.320658	1426	1559	0	57	133	0.4285714
NODE_32555_length_4412_cov_3.320658	1426	1559	4	76	133	0.5714286
NODE_3255_length_10777_cov_3.797621	1307	1440	0	133	133	1.0000000
NODE_32563_length_4411_cov_4.621058	504	637	0	133	133	1.0000000
NODE_325659_length_661_cov_4.129893	339	472	0	47	133	0.3533835
NODE_325659_length_661_cov_4.129893	339	472	2	8	133	0.0601504
NODE_325659_length_661_cov_4.129893	339	472	4	78	133	0.5864662
NODE_32570_length_4411_cov_4.060065	3186	3319	0	133	133	1.0000000
NODE_32572_length_4411_cov_3.965909	117	250	0	133	133	1.0000000
NODE_325874_length_661_cov_1.544484	514	647	0	133	133	1.0000000
NODE_325_length_19651_cov_3.869169	18773	18906	0	9	133	0.0676692
NODE_325_length_19651_cov_3.869169	18773	18906	1	107	133	0.8045112
NODE_325_length_19651_cov_3.869169	18773	18906	2	17	133	0.1278196
NODE_326208_length_659_cov_4.212500	162	295	0	75	133	0.5639098
NODE_326208_length_659_cov_4.212500	162	295	1	58	133	0.4360902
NODE_32623_length_4408_cov_4.133210	2196	2329	2	77	133	0.5789474
NODE_32623_length_4408_cov_4.133210	2196	2329	3	29	133	0.2180451
NODE_32623_length_4408_cov_4.133210	2196	2329	4	27	133	0.2030075
NODE_32631_length_4407_cov_5.098189	311	444	0	59	133	0.4436090
NODE_32631_length_4407_cov_5.098189	311	444	2	74	133	0.5563910
NODE_32674_length_4405_cov_3.622387	266	399	0	133	133	1.0000000
NODE_3269_length_10764_cov_3.887764	6956	7089	0	133	133	1.0000000
NODE_32700_length_4403_cov_8.460967	2740	2873	0	20	133	0.1503759
NODE_32700_length_4403_cov_8.460967	2740	2873	2	113	133	0.8496240
NODE_327079_length_656_cov_3.531418	440	573	0	133	133	1.0000000
NODE_327137_length_656_cov_2.845601	462	595	0	133	133	1.0000000
NODE_3271_length_10762_cov_3.277971	2860	2993	1	93	133	0.6992481
NODE_3271_length_10762_cov_3.277971	2860	2993	2	40	133	0.3007519
NODE_32720_length_4402_cov_3.578666	1286	1419	0	133	133	1.0000000
NODE_32733_length_4400_cov_5.357126	2713	2846	0	42	133	0.3157895
NODE_32733_length_4400_cov_5.357126	2713	2846	2	91	133	0.6842105
NODE_32781_length_4397_cov_4.127268	2704	2837	0	133	133	1.0000000
NODE_3279_length_10756_cov_8.072910	608	741	0	133	133	1.0000000
NODE_327_length_19638_cov_4.551154	677	810	0	23	133	0.1729323
NODE_327_length_19638_cov_4.551154	677	810	2	110	133	0.8270677
NODE_32806_length_4395_cov_4.562849	2603	2736	0	133	133	1.0000000
NODE_32811_length_4394_cov_29.369499	1213	1346	0	78	133	0.5864662
NODE_32811_length_4394_cov_29.369499	1213	1346	1	44	133	0.3308271
NODE_32811_length_4394_cov_29.369499	1213	1346	2	11	133	0.0827068
NODE_328132_length_652_cov_3.708861	494	627	0	133	133	1.0000000
NODE_328365_length_651_cov_4.454710	532	665	0	14	133	0.1052632
NODE_328365_length_651_cov_4.454710	532	665	16	119	133	0.8947368
NODE_32840_length_4392_cov_8.478919	3314	3447	0	133	133	1.0000000
NODE_32866_length_4391_cov_3.937092	2508	2641	0	133	133	1.0000000
NODE_3287_length_10744_cov_4.060592	8259	8392	0	133	133	1.0000000
NODE_32895_length_4389_cov_4.358741	2609	2742	0	133	133	1.0000000
NODE_32906_length_4388_cov_4.382140	492	625	0	78	133	0.5864662
NODE_32906_length_4388_cov_4.382140	492	625	1	4	133	0.0300752
NODE_32906_length_4388_cov_4.382140	492	625	2	51	133	0.3834586
NODE_32963_length_4385_cov_3.835044	302	435	2	26	133	0.1954887
NODE_32963_length_4385_cov_3.835044	302	435	3	2	133	0.0150376
NODE_32963_length_4385_cov_3.835044	302	435	4	105	133	0.7894737
NODE_329642_length_647_cov_2.456204	440	573	0	35	133	0.2631579
NODE_329642_length_647_cov_2.456204	440	573	2	98	133	0.7368421
NODE_32970_length_4384_cov_4.291715	2955	3088	0	133	133	1.0000000
NODE_329884_length_646_cov_2.276051	480	613	0	133	133	1.0000000
NODE_32990_length_4382_cov_4.637170	1495	1628	0	133	133	1.0000000
NODE_330019_length_645_cov_3.611722	387	520	0	133	133	1.0000000
NODE_33018_length_4380_cov_4.577669	1868	2001	0	133	133	1.0000000
NODE_33029_length_4379_cov_5.889486	225	358	0	133	133	1.0000000
NODE_330305_length_644_cov_3.642202	506	639	0	133	133	1.0000000
NODE_33048_length_4378_cov_5.173405	301	434	0	118	133	0.8872181
NODE_33048_length_4378_cov_5.173405	301	434	1	15	133	0.1127820
NODE_3304_length_10722_cov_4.846371	7520	7653	0	84	133	0.6315789
NODE_3304_length_10722_cov_4.846371	7520	7653	1	49	133	0.3684210
NODE_33051_length_4378_cov_4.811872	768	901	0	133	133	1.0000000
NODE_330561_length_643_cov_4.279412	129	262	0	133	133	1.0000000
NODE_33073_length_4377_cov_3.012155	2008	2141	0	133	133	1.0000000
NODE_330883_length_642_cov_3.659300	471	604	0	133	133	1.0000000
NODE_33098_length_4374_cov_5.172632	2558	2691	0	6	133	0.0451128
NODE_33098_length_4374_cov_5.172632	2558	2691	1	59	133	0.4436090
NODE_33098_length_4374_cov_5.172632	2558	2691	2	68	133	0.5112782
NODE_3309_length_10718_cov_5.263302	6488	6621	0	133	133	1.0000000
NODE_330_length_19608_cov_4.906761	9672	9805	2	64	133	0.4812030
NODE_330_length_19608_cov_4.906761	9672	9805	3	66	133	0.4962406
NODE_330_length_19608_cov_4.906761	9672	9805	4	3	133	0.0225564
NODE_331122_length_641_cov_4.140221	105	238	0	133	133	1.0000000
NODE_33122_length_4372_cov_4.636789	604	737	0	16	133	0.1203008
NODE_33122_length_4372_cov_4.636789	604	737	2	117	133	0.8796992
NODE_33158_length_4370_cov_4.812456	1968	2101	0	33	133	0.2481203
NODE_33158_length_4370_cov_4.812456	1968	2101	2	87	133	0.6541353
NODE_33158_length_4370_cov_4.812456	1968	2101	4	13	133	0.0977444
NODE_3315_length_10714_cov_3.895431	5337	5470	0	133	133	1.0000000
NODE_331759_length_639_cov_3.275926	383	516	0	133	133	1.0000000
NODE_332041_length_638_cov_3.398887	107	240	0	133	133	1.0000000
NODE_3320_length_10705_cov_4.205921	6017	6150	1	66	133	0.4962406
NODE_3320_length_10705_cov_4.205921	6017	6150	2	67	133	0.5037594
NODE_3321_length_10702_cov_26.549750	9766	9899	0	133	133	1.0000000
NODE_332273_length_637_cov_4.295539	192	325	0	63	133	0.4736842
NODE_332273_length_637_cov_4.295539	192	325	1	58	133	0.4360902
NODE_332273_length_637_cov_4.295539	192	325	2	12	133	0.0902256
NODE_33253_length_4364_cov_3.697773	2559	2692	0	133	133	1.0000000
NODE_33262_length_4363_cov_4.523921	1030	1163	0	18	133	0.1353384
NODE_33262_length_4363_cov_4.523921	1030	1163	2	115	133	0.8646616
NODE_33288_length_4361_cov_4.674097	2915	3048	0	133	133	1.0000000
NODE_33330_length_4358_cov_3.935431	637	770	2	52	133	0.3909774
NODE_33330_length_4358_cov_3.935431	637	770	3	8	133	0.0601504
NODE_33330_length_4358_cov_3.935431	637	770	4	39	133	0.2932331
NODE_33330_length_4358_cov_3.935431	637	770	5	34	133	0.2556391
NODE_33356_length_4357_cov_3.239314	3032	3165	0	50	133	0.3759398
NODE_33356_length_4357_cov_3.239314	3032	3165	1	33	133	0.2481203
NODE_33356_length_4357_cov_3.239314	3032	3165	2	50	133	0.3759398
NODE_333636_length_633_cov_2.114232	508	641	0	133	133	1.0000000
NODE_33364_length_4356_cov_4.718111	643	776	0	33	133	0.2481203
NODE_33364_length_4356_cov_4.718111	643	776	2	100	133	0.7518797
NODE_3339_length_10676_cov_4.565567	2687	2820	0	133	133	1.0000000
NODE_333_length_19550_cov_4.467380	4982	5115	0	133	133	1.0000000
NODE_334073_length_631_cov_3.302632	441	574	0	133	133	1.0000000
NODE_334117_length_631_cov_2.911654	276	409	0	92	133	0.6917293
NODE_334117_length_631_cov_2.911654	276	409	1	1	133	0.0075188
NODE_334117_length_631_cov_2.911654	276	409	2	40	133	0.3007519
NODE_33469_length_4349_cov_5.000000	2407	2540	0	133	133	1.0000000
NODE_334846_length_628_cov_6.115312	385	518	0	38	133	0.2857143
NODE_334846_length_628_cov_6.115312	385	518	2	86	133	0.6466165
NODE_334846_length_628_cov_6.115312	385	518	4	9	133	0.0676692
NODE_33505_length_4347_cov_3.081215	3629	3762	0	13	133	0.0977444
NODE_33505_length_4347_cov_3.081215	3629	3762	2	18	133	0.1353384
NODE_33505_length_4347_cov_3.081215	3629	3762	4	13	133	0.0977444
NODE_33505_length_4347_cov_3.081215	3629	3762	6	89	133	0.6691729
NODE_3350_length_10669_cov_10.329139	8558	8691	3	14	133	0.1052632
NODE_3350_length_10669_cov_10.329139	8558	8691	4	5	133	0.0375940
NODE_3350_length_10669_cov_10.329139	8558	8691	5	5	133	0.0375940
NODE_3350_length_10669_cov_10.329139	8558	8691	6	109	133	0.8195488
NODE_33515_length_4346_cov_3.477043	2590	2723	0	133	133	1.0000000
NODE_335482_length_626_cov_3.381404	430	563	2	71	133	0.5338346
NODE_335482_length_626_cov_3.381404	430	563	3	4	133	0.0300752
NODE_335482_length_626_cov_3.381404	430	563	4	58	133	0.4360902
NODE_3354_length_10664_cov_4.682537	5372	5505	0	133	133	1.0000000
NODE_33565_length_4342_cov_9.200094	2369	2502	2	27	133	0.2030075
NODE_33565_length_4342_cov_9.200094	2369	2502	3	17	133	0.1278196
NODE_33565_length_4342_cov_9.200094	2369	2502	4	2	133	0.0150376
NODE_33565_length_4342_cov_9.200094	2369	2502	6	1	133	0.0075188
NODE_33565_length_4342_cov_9.200094	2369	2502	7	3	133	0.0225564
NODE_33565_length_4342_cov_9.200094	2369	2502	8	5	133	0.0375940
NODE_33565_length_4342_cov_9.200094	2369	2502	10	5	133	0.0375940
NODE_33565_length_4342_cov_9.200094	2369	2502	12	23	133	0.1729323
NODE_33565_length_4342_cov_9.200094	2369	2502	13	50	133	0.3759398
NODE_335905_length_625_cov_2.349810	213	346	0	133	133	1.0000000
NODE_33617_length_4339_cov_4.305896	2864	2997	0	40	133	0.3007519
NODE_33617_length_4339_cov_4.305896	2864	2997	1	9	133	0.0676692
NODE_33617_length_4339_cov_4.305896	2864	2997	3	13	133	0.0977444
NODE_33617_length_4339_cov_4.305896	2864	2997	4	71	133	0.5338346
NODE_336521_length_623_cov_2.045802	176	309	0	133	133	1.0000000
NODE_336597_length_622_cov_4.753346	345	478	0	133	133	1.0000000
NODE_33661_length_4336_cov_4.032098	2727	2860	0	133	133	1.0000000
NODE_336731_length_622_cov_2.789675	353	486	0	133	133	1.0000000
NODE_33674_length_4335_cov_3.708215	1305	1438	0	67	133	0.5037594
NODE_33674_length_4335_cov_3.708215	1305	1438	2	11	133	0.0827068
NODE_33674_length_4335_cov_3.708215	1305	1438	4	55	133	0.4135338
NODE_336801_length_622_cov_2.087954	143	276	0	133	133	1.0000000
NODE_33685_length_4334_cov_4.109091	492	625	0	133	133	1.0000000
NODE_3368_length_10656_cov_7.313252	2571	2704	0	46	133	0.3458647
NODE_3368_length_10656_cov_7.313252	2571	2704	1	7	133	0.0526316
NODE_3368_length_10656_cov_7.313252	2571	2704	2	80	133	0.6015037
NODE_33722_length_4332_cov_3.658871	2054	2187	0	133	133	1.0000000
NODE_337502_length_619_cov_3.790385	106	239	0	133	133	1.0000000
NODE_3377_length_10650_cov_5.045778	4095	4228	0	133	133	1.0000000
NODE_337834_length_618_cov_3.302505	275	408	0	133	133	1.0000000
NODE_33803_length_4327_cov_4.072848	1746	1879	0	133	133	1.0000000
NODE_33832_length_4325_cov_5.165878	3050	3183	0	133	133	1.0000000
NODE_3384_length_10646_cov_4.307576	5496	5629	0	133	133	1.0000000
NODE_338660_length_615_cov_5.831395	105	238	0	133	133	1.0000000
NODE_338695_length_615_cov_4.104651	272	405	0	133	133	1.0000000
NODE_33871_length_4323_cov_3.563920	3731	3864	0	133	133	1.0000000
NODE_33907_length_4321_cov_3.404784	2381	2514	4	45	133	0.3383459
NODE_33907_length_4321_cov_3.404784	2381	2514	5	22	133	0.1654135
NODE_33907_length_4321_cov_3.404784	2381	2514	6	1	133	0.0075188
NODE_33907_length_4321_cov_3.404784	2381	2514	7	65	133	0.4887218
NODE_33914_length_4320_cov_4.395641	1153	1286	0	133	133	1.0000000
NODE_339377_length_613_cov_3.274319	126	259	0	63	133	0.4736842
NODE_339377_length_613_cov_3.274319	126	259	2	70	133	0.5263158
NODE_3394_length_10639_cov_5.246015	1213	1346	0	19	133	0.1428571
NODE_3394_length_10639_cov_5.246015	1213	1346	4	114	133	0.8571429
NODE_3397_length_10636_cov_3.964696	7740	7873	0	133	133	1.0000000
NODE_33981_length_4315_cov_4.865275	336	469	0	133	133	1.0000000
NODE_34018_length_4313_cov_3.812292	3850	3983	0	133	133	1.0000000
NODE_340244_length_610_cov_3.385519	121	254	1	22	133	0.1654135
NODE_340244_length_610_cov_3.385519	121	254	2	111	133	0.8345864
NODE_340294_length_610_cov_2.900196	277	410	0	25	133	0.1879699
NODE_340294_length_610_cov_2.900196	277	410	1	69	133	0.5187970
NODE_340294_length_610_cov_2.900196	277	410	2	39	133	0.2932331
NODE_340331_length_610_cov_2.690802	137	270	0	133	133	1.0000000
NODE_34038_length_4312_cov_3.829338	2752	2885	0	133	133	1.0000000
NODE_34074_length_4309_cov_4.638242	766	899	2	51	133	0.3834586
NODE_34074_length_4309_cov_4.638242	766	899	3	79	133	0.5939850
NODE_34074_length_4309_cov_4.638242	766	899	4	3	133	0.0225564
NODE_340811_length_608_cov_56.819253	53	186	0	38	133	0.2857143
NODE_340811_length_608_cov_56.819253	53	186	1	95	133	0.7142857
NODE_34099_length_4307_cov_4.624762	1552	1685	0	133	133	1.0000000
NODE_340_length_19435_cov_4.426665	2576	2709	0	20	133	0.1503759
NODE_340_length_19435_cov_4.426665	2576	2709	4	113	133	0.8496240
NODE_34100_length_4307_cov_4.612167	2142	2275	0	133	133	1.0000000
NODE_341034_length_608_cov_2.178782	144	277	0	133	133	1.0000000
NODE_34105_length_4307_cov_4.039686	1675	1808	0	6	133	0.0451128
NODE_34105_length_4307_cov_4.039686	1675	1808	2	127	133	0.9548872
NODE_3411_length_10630_cov_5.315260	3565	3698	0	133	133	1.0000000
NODE_34132_length_4305_cov_4.594627	846	979	0	20	133	0.1503759
NODE_34132_length_4305_cov_4.594627	846	979	1	10	133	0.0751880
NODE_34132_length_4305_cov_4.594627	846	979	2	103	133	0.7744361
NODE_34133_length_4305_cov_4.511650	3282	3415	0	133	133	1.0000000
NODE_34158_length_4304_cov_3.646373	2406	2539	0	133	133	1.0000000
NODE_34168_length_4303_cov_4.943387	3134	3267	4	50	133	0.3759398
NODE_34168_length_4303_cov_4.943387	3134	3267	6	70	133	0.5263158
NODE_34168_length_4303_cov_4.943387	3134	3267	7	6	133	0.0451128
NODE_34168_length_4303_cov_4.943387	3134	3267	8	7	133	0.0526316
NODE_34174_length_4303_cov_4.260466	2998	3131	0	30	133	0.2255639
NODE_34174_length_4303_cov_4.260466	2998	3131	1	59	133	0.4436090
NODE_34174_length_4303_cov_4.260466	2998	3131	2	44	133	0.3308271
NODE_34197_length_4302_cov_2.910778	585	718	0	133	133	1.0000000
NODE_34208_length_4301_cov_4.223941	2906	3039	0	133	133	1.0000000
NODE_342498_length_603_cov_2.468254	495	628	0	133	133	1.0000000
NODE_342531_length_603_cov_2.269841	328	461	0	133	133	1.0000000
NODE_34264_length_4297_cov_4.853978	372	505	0	133	133	1.0000000
NODE_34283_length_4296_cov_4.382654	3096	3229	0	133	133	1.0000000
NODE_34285_length_4296_cov_4.035025	1063	1196	0	133	133	1.0000000
NODE_342921_length_601_cov_5.298805	120	253	0	45	133	0.3383459
NODE_342921_length_601_cov_5.298805	120	253	1	7	133	0.0526316
NODE_342921_length_601_cov_5.298805	120	253	2	81	133	0.6090226
NODE_342989_length_601_cov_3.444223	431	564	0	133	133	1.0000000
NODE_343036_length_601_cov_2.808765	401	534	0	133	133	1.0000000
NODE_34310_length_4294_cov_4.692014	3242	3375	0	133	133	1.0000000
NODE_3431_length_10608_cov_4.770007	2505	2638	0	68	133	0.5112782
NODE_3431_length_10608_cov_4.770007	2505	2638	2	65	133	0.4887218
NODE_343498_length_599_cov_5.412000	27	160	0	18	133	0.1353384
NODE_343498_length_599_cov_5.412000	27	160	2	32	133	0.2406015
NODE_343498_length_599_cov_5.412000	27	160	4	83	133	0.6240602
NODE_3435_length_10600_cov_4.511666	7449	7582	0	133	133	1.0000000
NODE_34414_length_4287_cov_4.729465	3776	3909	0	9	133	0.0676692
NODE_34414_length_4287_cov_4.729465	3776	3909	2	124	133	0.9323308
NODE_3442_length_10590_cov_4.633209	4438	4571	0	133	133	1.0000000
NODE_34435_length_4286_cov_5.188918	255	388	0	9	133	0.0676692
NODE_34435_length_4286_cov_5.188918	255	388	1	33	133	0.2481203
NODE_34435_length_4286_cov_5.188918	255	388	2	91	133	0.6842105
NODE_34449_length_4286_cov_3.850490	2389	2522	0	25	133	0.1879699
NODE_34449_length_4286_cov_3.850490	2389	2522	1	45	133	0.3383459
NODE_34449_length_4286_cov_3.850490	2389	2522	2	63	133	0.4736842
NODE_34522_length_4280_cov_4.735948	641	774	0	133	133	1.0000000
NODE_34529_length_4280_cov_3.875149	138	271	0	133	133	1.0000000
NODE_34583_length_4277_cov_3.948301	1984	2117	0	133	133	1.0000000
NODE_34599_length_4276_cov_3.812305	322	455	0	133	133	1.0000000
NODE_34605_length_4275_cov_5.307471	1172	1305	1	34	133	0.2556391
NODE_34605_length_4275_cov_5.307471	1172	1305	3	16	133	0.1203008
NODE_34605_length_4275_cov_5.307471	1172	1305	4	83	133	0.6240602
NODE_346119_length_591_cov_3.739837	229	362	0	133	133	1.0000000
NODE_34615_length_4274_cov_4.936527	3761	3894	2	129	133	0.9699248
NODE_34615_length_4274_cov_4.936527	3761	3894	4	4	133	0.0300752
NODE_34629_length_4274_cov_4.009581	747	880	0	26	133	0.1954887
NODE_34629_length_4274_cov_4.009581	747	880	1	1	133	0.0075188
NODE_34629_length_4274_cov_4.009581	747	880	2	106	133	0.7969925
NODE_34658_length_4272_cov_4.753894	3016	3149	1	1	133	0.0075188
NODE_34658_length_4272_cov_4.753894	3016	3149	2	61	133	0.4586466
NODE_34658_length_4272_cov_4.753894	3016	3149	4	71	133	0.5338346
NODE_34708_length_4268_cov_3.173183	2966	3099	0	75	133	0.5639098
NODE_34708_length_4268_cov_3.173183	2966	3099	1	58	133	0.4360902
NODE_347126_length_588_cov_3.030675	66	199	0	6	133	0.0451128
NODE_347126_length_588_cov_3.030675	66	199	2	127	133	0.9548872
NODE_34716_length_4267_cov_4.398512	2759	2892	0	133	133	1.0000000
NODE_3471_length_10548_cov_3.836444	4980	5113	0	45	133	0.3383459
NODE_3471_length_10548_cov_3.836444	4980	5113	2	88	133	0.6616541
NODE_34726_length_4266_cov_4.981042	2213	2346	0	38	133	0.2857143
NODE_34726_length_4266_cov_4.981042	2213	2346	1	49	133	0.3684210
NODE_34726_length_4266_cov_4.981042	2213	2346	2	25	133	0.1879699
NODE_34726_length_4266_cov_4.981042	2213	2346	4	21	133	0.1578947
NODE_34731_length_4266_cov_4.447804	1833	1966	0	133	133	1.0000000
NODE_34751_length_4265_cov_4.175468	1768	1901	0	133	133	1.0000000
NODE_347588_length_587_cov_1.950820	149	282	0	133	133	1.0000000
NODE_347647_length_586_cov_19.940452	349	482	0	133	133	1.0000000
NODE_3477_length_10540_cov_4.843980	147	280	0	133	133	1.0000000
NODE_34780_length_4263_cov_4.305476	358	491	0	66	133	0.4962406
NODE_34780_length_4263_cov_4.305476	358	491	2	67	133	0.5037594
NODE_347850_length_586_cov_2.755647	364	497	0	44	133	0.3308271
NODE_347850_length_586_cov_2.755647	364	497	2	89	133	0.6691729
NODE_34792_length_4262_cov_4.451117	1125	1258	0	133	133	1.0000000
NODE_34798_length_4262_cov_4.153975	1038	1171	0	133	133	1.0000000
NODE_34848_length_4259_cov_4.540144	3866	3999	0	133	133	1.0000000
NODE_34853_length_4259_cov_4.079808	309	442	0	133	133	1.0000000
NODE_3485_length_10531_cov_4.427818	9338	9471	3	16	133	0.1203008
NODE_3485_length_10531_cov_4.427818	9338	9471	4	11	133	0.0827068
NODE_3485_length_10531_cov_4.427818	9338	9471	5	36	133	0.2706767
NODE_3485_length_10531_cov_4.427818	9338	9471	6	50	133	0.3759398
NODE_3485_length_10531_cov_4.427818	9338	9471	7	20	133	0.1503759
NODE_34865_length_4258_cov_3.857658	1493	1626	0	42	133	0.3157895
NODE_34865_length_4258_cov_3.857658	1493	1626	3	25	133	0.1879699
NODE_34865_length_4258_cov_3.857658	1493	1626	4	43	133	0.3233083
NODE_34865_length_4258_cov_3.857658	1493	1626	5	23	133	0.1729323
NODE_34867_length_4258_cov_3.768935	3864	3997	0	133	133	1.0000000
NODE_34879_length_4257_cov_4.301347	2501	2634	0	133	133	1.0000000
NODE_34881_length_4257_cov_4.049303	1007	1140	0	133	133	1.0000000
NODE_348_length_19311_cov_4.143764	7776	7909	0	12	133	0.0902256
NODE_348_length_19311_cov_4.143764	7776	7909	1	1	133	0.0075188
NODE_348_length_19311_cov_4.143764	7776	7909	2	3	133	0.0225564
NODE_348_length_19311_cov_4.143764	7776	7909	3	95	133	0.7142857
NODE_348_length_19311_cov_4.143764	7776	7909	5	1	133	0.0075188
NODE_348_length_19311_cov_4.143764	7776	7909	6	21	133	0.1578947
NODE_34982_length_4251_cov_3.895954	2214	2347	0	4	133	0.0300752
NODE_34982_length_4251_cov_3.895954	2214	2347	1	127	133	0.9548872
NODE_34982_length_4251_cov_3.895954	2214	2347	2	2	133	0.0150376
NODE_349961_length_580_cov_1.492723	27	160	0	15	133	0.1127820
NODE_349961_length_580_cov_1.492723	27	160	2	118	133	0.8872181
NODE_349_length_19280_cov_4.574944	13006	13139	0	133	133	1.0000000
NODE_3500_length_10516_cov_10.891139	4853	4986	0	7	133	0.0526316
NODE_3500_length_10516_cov_10.891139	4853	4986	4	46	133	0.3458647
NODE_3500_length_10516_cov_10.891139	4853	4986	6	80	133	0.6015037
NODE_35023_length_4248_cov_4.271873	1723	1856	0	133	133	1.0000000
NODE_35062_length_4246_cov_4.917772	2412	2545	0	133	133	1.0000000
NODE_350675_length_578_cov_1.340292	0	133	0	133	133	1.0000000
NODE_35080_length_4245_cov_4.790883	3183	3316	0	133	133	1.0000000
NODE_35081_length_4245_cov_4.733719	1647	1780	0	133	133	1.0000000
NODE_35107_length_4243_cov_4.703185	2876	3009	0	133	133	1.0000000
NODE_35114_length_4243_cov_4.323600	1049	1182	0	133	133	1.0000000
NODE_35138_length_4242_cov_3.289645	1412	1545	0	133	133	1.0000000
NODE_35203_length_4237_cov_4.993475	2984	3117	0	15	133	0.1127820
NODE_35203_length_4237_cov_4.993475	2984	3117	2	118	133	0.8872181
NODE_35208_length_4237_cov_4.573465	1958	2091	0	91	133	0.6842105
NODE_35208_length_4237_cov_4.573465	1958	2091	2	42	133	0.3157895
NODE_352093_length_573_cov_4.027426	117	250	0	18	133	0.1353384
NODE_352093_length_573_cov_4.027426	117	250	1	115	133	0.8646616
NODE_3520_length_10504_cov_5.035175	4815	4948	0	133	133	1.0000000
NODE_35218_length_4237_cov_3.304012	2004	2137	0	133	133	1.0000000
NODE_35238_length_4236_cov_2.769882	3519	3652	0	133	133	1.0000000
NODE_352431_length_572_cov_4.238901	145	278	0	133	133	1.0000000
NODE_35257_length_4234_cov_3.800242	1046	1179	0	133	133	1.0000000
NODE_35261_length_4234_cov_3.275937	2085	2218	1	6	133	0.0451128
NODE_35261_length_4234_cov_3.275937	2085	2218	2	127	133	0.9548872
NODE_3526_length_10497_cov_5.814003	3466	3599	0	133	133	1.0000000
NODE_35283_length_4232_cov_5.446407	2196	2329	0	5	133	0.0375940
NODE_35283_length_4232_cov_5.446407	2196	2329	1	100	133	0.7518797
NODE_35283_length_4232_cov_5.446407	2196	2329	2	9	133	0.0676692
NODE_35283_length_4232_cov_5.446407	2196	2329	3	19	133	0.1428571
NODE_3528_length_10495_cov_7.666314	4519	4652	0	133	133	1.0000000
NODE_353055_length_570_cov_4.929936	164	297	0	133	133	1.0000000
NODE_353193_length_570_cov_2.798301	178	311	0	133	133	1.0000000
NODE_35319_length_4230_cov_3.739046	1623	1756	0	133	133	1.0000000
NODE_3531_length_10493_cov_6.124880	8927	9060	0	133	133	1.0000000
NODE_35321_length_4230_cov_3.313241	3206	3339	0	133	133	1.0000000
NODE_353253_length_570_cov_2.303609	360	493	2	3	133	0.0225564
NODE_353253_length_570_cov_2.303609	360	493	3	7	133	0.0526316
NODE_353253_length_570_cov_2.303609	360	493	4	123	133	0.9248120
NODE_353254_length_570_cov_2.299363	128	261	0	133	133	1.0000000
NODE_353380_length_569_cov_4.389362	329	462	0	133	133	1.0000000
NODE_35340_length_4228_cov_6.875757	1947	2080	0	133	133	1.0000000
NODE_35345_length_4228_cov_5.012109	3700	3833	3	72	133	0.5413534
NODE_35345_length_4228_cov_5.012109	3700	3833	5	1	133	0.0075188
NODE_35345_length_4228_cov_5.012109	3700	3833	6	60	133	0.4511278
NODE_35347_length_4228_cov_4.643739	616	749	2	43	133	0.3233083
NODE_35347_length_4228_cov_4.643739	616	749	4	14	133	0.1052632
NODE_35347_length_4228_cov_4.643739	616	749	7	48	133	0.3609022
NODE_35347_length_4228_cov_4.643739	616	749	8	28	133	0.2105263
NODE_35359_length_4228_cov_3.724631	348	481	0	133	133	1.0000000
NODE_353794_length_568_cov_3.268657	35	168	0	133	133	1.0000000
NODE_353_length_19235_cov_4.789768	1314	1447	0	133	133	1.0000000
NODE_35400_length_4225_cov_4.721280	1432	1565	0	29	133	0.2180451
NODE_35400_length_4225_cov_4.721280	1432	1565	1	32	133	0.2406015
NODE_35400_length_4225_cov_4.721280	1432	1565	2	72	133	0.5413534
NODE_354164_length_567_cov_2.997863	276	409	0	133	133	1.0000000
NODE_35429_length_4223_cov_4.536372	112	245	2	117	133	0.8796992
NODE_35429_length_4223_cov_4.536372	112	245	4	16	133	0.1203008
NODE_3542_length_10487_cov_4.416731	6926	7059	0	9	133	0.0676692
NODE_3542_length_10487_cov_4.416731	6926	7059	1	73	133	0.5488722
NODE_3542_length_10487_cov_4.416731	6926	7059	2	51	133	0.3834586
NODE_35430_length_4223_cov_4.329292	3508	3641	0	133	133	1.0000000
NODE_35436_length_4223_cov_3.272066	2690	2823	0	133	133	1.0000000
NODE_35464_length_4221_cov_4.443717	326	459	2	16	133	0.1203008
NODE_35464_length_4221_cov_4.443717	326	459	3	25	133	0.1879699
NODE_35464_length_4221_cov_4.443717	326	459	5	92	133	0.6917293
NODE_35470_length_4221_cov_3.384279	1860	1993	0	133	133	1.0000000
NODE_355137_length_564_cov_3.137634	126	259	0	45	133	0.3383459
NODE_355137_length_564_cov_3.137634	126	259	2	73	133	0.5488722
NODE_355137_length_564_cov_3.137634	126	259	3	1	133	0.0075188
NODE_355137_length_564_cov_3.137634	126	259	4	14	133	0.1052632
NODE_35517_length_4218_cov_4.345229	3796	3929	1	5	133	0.0375940
NODE_35517_length_4218_cov_4.345229	3796	3929	3	22	133	0.1654135
NODE_35517_length_4218_cov_4.345229	3796	3929	4	106	133	0.7969925
NODE_35520_length_4218_cov_4.229910	3240	3373	0	133	133	1.0000000
NODE_35522_length_4218_cov_4.116048	479	612	2	17	133	0.1278196
NODE_35522_length_4218_cov_4.116048	479	612	3	68	133	0.5112782
NODE_35522_length_4218_cov_4.116048	479	612	4	31	133	0.2330827
NODE_35522_length_4218_cov_4.116048	479	612	5	17	133	0.1278196
NODE_35532_length_4217_cov_5.235066	2074	2207	0	133	133	1.0000000
NODE_35584_length_4214_cov_4.370109	436	569	0	83	133	0.6240602
NODE_35584_length_4214_cov_4.370109	436	569	1	1	133	0.0075188
NODE_35584_length_4214_cov_4.370109	436	569	2	49	133	0.3684210
NODE_35589_length_4214_cov_3.488457	1062	1195	0	57	133	0.4285714
NODE_35589_length_4214_cov_3.488457	1062	1195	2	76	133	0.5714286
NODE_355973_length_562_cov_2.354212	310	443	1	73	133	0.5488722
NODE_355973_length_562_cov_2.354212	310	443	2	60	133	0.4511278
NODE_355974_length_562_cov_2.341253	330	463	0	133	133	1.0000000
NODE_35630_length_4211_cov_4.866002	1054	1187	0	133	133	1.0000000
NODE_35647_length_4210_cov_5.403795	1904	2037	0	133	133	1.0000000
NODE_356571_length_560_cov_3.258134	128	261	0	133	133	1.0000000
NODE_35666_length_4209_cov_5.317762	3276	3409	0	133	133	1.0000000
NODE_356846_length_559_cov_4.878261	120	253	1	4	133	0.0300752
NODE_356846_length_559_cov_4.878261	120	253	2	80	133	0.6015037
NODE_356846_length_559_cov_4.878261	120	253	3	32	133	0.2406015
NODE_356846_length_559_cov_4.878261	120	253	4	17	133	0.1278196
NODE_3568_length_10462_cov_3.861141	2194	2327	1	37	133	0.2781955
NODE_3568_length_10462_cov_3.861141	2194	2327	2	22	133	0.1654135
NODE_3568_length_10462_cov_3.861141	2194	2327	5	1	133	0.0075188
NODE_3568_length_10462_cov_3.861141	2194	2327	6	73	133	0.5488722
NODE_356_length_19207_cov_9.267323	1424	1557	1	10	133	0.0751880
NODE_356_length_19207_cov_9.267323	1424	1557	3	68	133	0.5112782
NODE_356_length_19207_cov_9.267323	1424	1557	4	55	133	0.4135338
NODE_357051_length_559_cov_2.584783	387	520	0	133	133	1.0000000
NODE_35710_length_4206_cov_4.993669	2708	2841	0	124	133	0.9323308
NODE_35710_length_4206_cov_4.993669	2708	2841	3	9	133	0.0676692
NODE_35713_length_4206_cov_4.555880	661	794	0	12	133	0.0902256
NODE_35713_length_4206_cov_4.555880	661	794	2	103	133	0.7744361
NODE_35713_length_4206_cov_4.555880	661	794	4	18	133	0.1353384
NODE_357209_length_558_cov_6.370370	363	496	0	133	133	1.0000000
NODE_35720_length_4206_cov_3.068663	1243	1376	0	133	133	1.0000000
NODE_35723_length_4205_cov_5.341208	3533	3666	0	133	133	1.0000000
NODE_357279_length_558_cov_3.697168	259	392	0	133	133	1.0000000
NODE_3572_length_10457_cov_4.240780	8297	8430	0	133	133	1.0000000
NODE_35734_length_4205_cov_3.424257	2909	3042	2	42	133	0.3157895
NODE_35734_length_4205_cov_3.424257	2909	3042	3	39	133	0.2932331
NODE_35734_length_4205_cov_3.424257	2909	3042	4	52	133	0.3909774
NODE_3577_length_10454_cov_3.611202	8969	9102	1	22	133	0.1654135
NODE_3577_length_10454_cov_3.611202	8969	9102	2	111	133	0.8345864
NODE_3581_length_10449_cov_3.786280	5774	5907	0	133	133	1.0000000
NODE_3585_length_10443_cov_4.251063	1339	1472	0	133	133	1.0000000
NODE_358659_length_554_cov_3.362637	107	240	0	133	133	1.0000000
NODE_3586_length_10443_cov_3.836620	6719	6852	0	133	133	1.0000000
NODE_35871_length_4198_cov_3.767992	3942	4075	0	133	133	1.0000000
NODE_358981_length_553_cov_4.156388	399	532	0	133	133	1.0000000
NODE_35979_length_4191_cov_105.720186	1523	1656	0	9	133	0.0676692
NODE_35979_length_4191_cov_105.720186	1523	1656	2	11	133	0.0827068
NODE_35979_length_4191_cov_105.720186	1523	1656	4	113	133	0.8496240
NODE_359898_length_551_cov_2.382743	271	404	0	20	133	0.1503759
NODE_359898_length_551_cov_2.382743	271	404	4	113	133	0.8496240
NODE_359_length_19157_cov_4.443069	18359	18492	0	133	133	1.0000000
NODE_36035_length_4189_cov_5.299756	3610	3743	0	133	133	1.0000000
NODE_360371_length_549_cov_3.995556	449	582	0	133	133	1.0000000
NODE_360373_length_549_cov_3.975556	189	322	0	133	133	1.0000000
NODE_36050_length_4188_cov_4.422842	1197	1330	0	128	133	0.9624060
NODE_36050_length_4188_cov_4.422842	1197	1330	1	1	133	0.0075188
NODE_36050_length_4188_cov_4.422842	1197	1330	2	4	133	0.0300752
NODE_360577_length_549_cov_2.202222	321	454	0	133	133	1.0000000
NODE_36064_length_4187_cov_4.638943	1545	1678	2	133	133	1.0000000
NODE_360761_length_548_cov_3.289532	42	175	1	129	133	0.9699248
NODE_360761_length_548_cov_3.289532	42	175	2	4	133	0.0300752
NODE_360975_length_548_cov_1.770601	262	395	0	50	133	0.3759398
NODE_360975_length_548_cov_1.770601	262	395	1	42	133	0.3157895
NODE_360975_length_548_cov_1.770601	262	395	2	41	133	0.3082707
NODE_360_length_19153_cov_4.194605	3659	3792	0	23	133	0.1729323
NODE_360_length_19153_cov_4.194605	3659	3792	2	110	133	0.8270677
NODE_361177_length_547_cov_2.937500	128	261	0	133	133	1.0000000
NODE_36150_length_4183_cov_3.189765	31	164	0	133	133	1.0000000
NODE_3615_length_10421_cov_4.087289	2510	2643	0	133	133	1.0000000
NODE_3616_length_10421_cov_3.641833	3047	3180	0	133	133	1.0000000
NODE_3618_length_10420_cov_4.435520	824	957	0	133	133	1.0000000
NODE_36210_length_4179_cov_3.842647	659	792	1	15	133	0.1127820
NODE_36210_length_4179_cov_3.842647	659	792	2	24	133	0.1804511
NODE_36210_length_4179_cov_3.842647	659	792	3	17	133	0.1278196
NODE_36210_length_4179_cov_3.842647	659	792	4	77	133	0.5789474
NODE_36240_length_4177_cov_3.910250	815	948	0	133	133	1.0000000
NODE_36255_length_4176_cov_3.978661	3646	3779	0	133	133	1.0000000
NODE_362566_length_543_cov_3.509009	36	169	0	133	133	1.0000000
NODE_362616_length_543_cov_2.948198	190	323	0	133	133	1.0000000
NODE_362629_length_543_cov_2.835586	142	275	0	133	133	1.0000000
NODE_36270_length_4175_cov_3.936457	2427	2560	1	13	133	0.0977444
NODE_36270_length_4175_cov_3.936457	2427	2560	2	12	133	0.0902256
NODE_36270_length_4175_cov_3.936457	2427	2560	4	44	133	0.3308271
NODE_36270_length_4175_cov_3.936457	2427	2560	5	64	133	0.4812030
NODE_36288_length_4174_cov_3.523436	50	183	0	133	133	1.0000000
NODE_362916_length_542_cov_3.690745	364	497	0	133	133	1.0000000
NODE_363387_length_541_cov_2.712670	151	284	0	133	133	1.0000000
NODE_36343_length_4170_cov_5.100712	2644	2777	0	133	133	1.0000000
NODE_36354_length_4169_cov_5.066339	1542	1675	0	133	133	1.0000000
NODE_36355_length_4169_cov_4.391892	2596	2729	2	2	133	0.0150376
NODE_36355_length_4169_cov_4.391892	2596	2729	3	5	133	0.0375940
NODE_36355_length_4169_cov_4.391892	2596	2729	5	11	133	0.0827068
NODE_36355_length_4169_cov_4.391892	2596	2729	6	42	133	0.3157895
NODE_36355_length_4169_cov_4.391892	2596	2729	7	73	133	0.5488722
NODE_363732_length_540_cov_2.959184	146	279	0	133	133	1.0000000
NODE_36376_length_4168_cov_3.856230	1828	1961	0	133	133	1.0000000
NODE_363836_length_540_cov_2.342404	117	250	0	133	133	1.0000000
NODE_3639_length_10408_cov_11.308856	5294	5427	0	133	133	1.0000000
NODE_36410_length_4166_cov_4.339071	646	779	0	23	133	0.1729323
NODE_36410_length_4166_cov_4.339071	646	779	5	110	133	0.8270677
NODE_36411_length_4166_cov_4.283501	1777	1910	0	133	133	1.0000000
NODE_36414_length_4166_cov_3.986477	3333	3466	0	43	133	0.3233083
NODE_36414_length_4166_cov_3.986477	3333	3466	1	49	133	0.3684210
NODE_36414_length_4166_cov_3.986477	3333	3466	2	41	133	0.3082707
NODE_36427_length_4165_cov_4.204870	2477	2610	3	11	133	0.0827068
NODE_36427_length_4165_cov_4.204870	2477	2610	4	52	133	0.3909774
NODE_36427_length_4165_cov_4.204870	2477	2610	7	70	133	0.5263158
NODE_36464_length_4163_cov_4.535925	3810	3943	0	133	133	1.0000000
NODE_364724_length_537_cov_4.100457	105	238	0	133	133	1.0000000
NODE_36475_length_4162_cov_5.485110	2843	2976	0	133	133	1.0000000
NODE_364761_length_537_cov_3.582192	139	272	1	7	133	0.0526316
NODE_364761_length_537_cov_3.582192	139	272	2	126	133	0.9473684
NODE_364982_length_537_cov_1.906393	110	243	0	133	133	1.0000000
NODE_36512_length_4160_cov_4.694656	705	838	0	133	133	1.0000000
NODE_36526_length_4160_cov_3.801280	1020	1153	0	133	133	1.0000000
NODE_365478_length_535_cov_3.951835	279	412	0	42	133	0.3157895
NODE_365478_length_535_cov_3.951835	279	412	1	51	133	0.3834586
NODE_365478_length_535_cov_3.951835	279	412	2	40	133	0.3007519
NODE_365901_length_534_cov_3.388506	166	299	0	25	133	0.1879699
NODE_365901_length_534_cov_3.388506	166	299	2	108	133	0.8120301
NODE_36607_length_4155_cov_4.563363	2768	2901	0	133	133	1.0000000
NODE_36614_length_4155_cov_3.871795	1230	1363	0	133	133	1.0000000
NODE_3663_length_10386_cov_5.410810	7197	7330	0	14	133	0.1052632
NODE_3663_length_10386_cov_5.410810	7197	7330	1	37	133	0.2781955
NODE_3663_length_10386_cov_5.410810	7197	7330	2	82	133	0.6165413
NODE_36687_length_4150_cov_4.848679	1924	2057	0	133	133	1.0000000
NODE_36703_length_4149_cov_5.740247	785	918	2	133	133	1.0000000
NODE_36706_length_4149_cov_4.872840	3860	3993	0	133	133	1.0000000
NODE_36730_length_4148_cov_3.585577	132	265	0	14	133	0.1052632
NODE_36730_length_4148_cov_3.585577	132	265	1	68	133	0.5112782
NODE_36730_length_4148_cov_3.585577	132	265	2	4	133	0.0300752
NODE_36730_length_4148_cov_3.585577	132	265	4	47	133	0.3533835
NODE_36740_length_4147_cov_4.362895	1650	1783	0	133	133	1.0000000
NODE_3675_length_10372_cov_5.082546	805	938	1	25	133	0.1879699
NODE_3675_length_10372_cov_5.082546	805	938	2	91	133	0.6842105
NODE_3675_length_10372_cov_5.082546	805	938	3	17	133	0.1278196
NODE_3678_length_10369_cov_4.593574	757	890	0	87	133	0.6541353
NODE_3678_length_10369_cov_4.593574	757	890	2	46	133	0.3458647
NODE_367_length_19116_cov_4.594941	2565	2698	0	133	133	1.0000000
NODE_36803_length_4144_cov_2.617800	1041	1174	0	133	133	1.0000000
NODE_368174_length_528_cov_4.156177	201	334	0	133	133	1.0000000
NODE_368222_length_528_cov_3.594406	110	243	0	133	133	1.0000000
NODE_368302_length_528_cov_2.869464	34	167	0	133	133	1.0000000
NODE_3685_length_10364_cov_4.127423	8344	8477	0	133	133	1.0000000
NODE_368_length_19086_cov_4.777111	10021	10154	0	26	133	0.1954887
NODE_368_length_19086_cov_4.777111	10021	10154	1	28	133	0.2105263
NODE_368_length_19086_cov_4.777111	10021	10154	2	79	133	0.5939850
NODE_36900_length_4138_cov_5.253776	3956	4089	0	133	133	1.0000000
NODE_36917_length_4138_cov_3.852934	3451	3584	3	82	133	0.6165413
NODE_36917_length_4138_cov_3.852934	3451	3584	6	51	133	0.3834586
NODE_36937_length_4136_cov_5.029230	1368	1501	5	3	133	0.0225564
NODE_36937_length_4136_cov_5.029230	1368	1501	6	4	133	0.0300752
NODE_36937_length_4136_cov_5.029230	1368	1501	7	4	133	0.0300752
NODE_36937_length_4136_cov_5.029230	1368	1501	9	49	133	0.3684210
NODE_36937_length_4136_cov_5.029230	1368	1501	11	21	133	0.1578947
NODE_36937_length_4136_cov_5.029230	1368	1501	13	8	133	0.0601504
NODE_36937_length_4136_cov_5.029230	1368	1501	14	34	133	0.2556391
NODE_36937_length_4136_cov_5.029230	1368	1501	15	10	133	0.0751880
NODE_3698_length_10357_cov_5.096510	1000	1133	2	133	133	1.0000000
NODE_36990_length_4133_cov_9.191869	1674	1807	0	133	133	1.0000000
NODE_36995_length_4133_cov_4.290283	1856	1989	0	92	133	0.6917293
NODE_36995_length_4133_cov_4.290283	1856	1989	1	41	133	0.3082707
NODE_369_length_19085_cov_4.419888	13657	13790	0	133	133	1.0000000
NODE_37024_length_4132_cov_4.477064	1023	1156	0	133	133	1.0000000
NODE_37038_length_4131_cov_4.374008	2174	2307	0	133	133	1.0000000
NODE_370535_length_522_cov_4.070922	111	244	0	133	133	1.0000000
NODE_37067_length_4130_cov_3.447532	1761	1894	0	1	133	0.0075188
NODE_37067_length_4130_cov_3.447532	1761	1894	2	132	133	0.9924812
NODE_3708_length_10345_cov_5.109799	3072	3205	0	133	133	1.0000000
NODE_370900_length_521_cov_4.886256	201	334	0	133	133	1.0000000
NODE_371103_length_521_cov_2.438389	294	427	0	133	133	1.0000000
NODE_37111_length_4127_cov_4.090616	3134	3267	0	133	133	1.0000000
NODE_37131_length_4126_cov_3.606407	1955	2088	0	43	133	0.3233083
NODE_37131_length_4126_cov_3.606407	1955	2088	2	35	133	0.2631579
NODE_37131_length_4126_cov_3.606407	1955	2088	3	1	133	0.0075188
NODE_37131_length_4126_cov_3.606407	1955	2088	4	54	133	0.4060150
NODE_37138_length_4125_cov_4.610283	1984	2117	0	133	133	1.0000000
NODE_37140_length_4125_cov_4.418530	3585	3718	0	133	133	1.0000000
NODE_371412_length_520_cov_3.059382	264	397	0	133	133	1.0000000
NODE_37144_length_4125_cov_4.221311	1469	1602	0	133	133	1.0000000
NODE_3714_length_10340_cov_3.856362	6289	6422	0	133	133	1.0000000
NODE_37161_length_4124_cov_5.070062	3431	3564	0	133	133	1.0000000
NODE_37206_length_4122_cov_4.379319	1411	1544	0	133	133	1.0000000
NODE_372159_length_518_cov_3.763723	229	362	0	133	133	1.0000000
NODE_37225_length_4120_cov_4.304651	2981	3114	0	133	133	1.0000000
NODE_3727_length_10329_cov_4.331672	4634	4767	0	133	133	1.0000000
NODE_37292_length_4117_cov_3.688900	1351	1484	2	94	133	0.7067669
NODE_37292_length_4117_cov_3.688900	1351	1484	4	39	133	0.2932331
NODE_3729_length_10328_cov_4.341969	4094	4227	0	11	133	0.0827068
NODE_3729_length_10328_cov_4.341969	4094	4227	1	81	133	0.6090226
NODE_3729_length_10328_cov_4.341969	4094	4227	2	41	133	0.3082707
NODE_373158_length_516_cov_1.872902	266	399	0	20	133	0.1503759
NODE_373158_length_516_cov_1.872902	266	399	2	29	133	0.2180451
NODE_373158_length_516_cov_1.872902	266	399	4	84	133	0.6315789
NODE_37315_length_4116_cov_4.000000	2108	2241	2	35	133	0.2631579
NODE_37315_length_4116_cov_4.000000	2108	2241	3	26	133	0.1954887
NODE_37315_length_4116_cov_4.000000	2108	2241	5	72	133	0.5413534
NODE_373429_length_515_cov_2.673077	429	562	0	86	133	0.6466165
NODE_373429_length_515_cov_2.673077	429	562	2	47	133	0.3533835
NODE_37363_length_4114_cov_3.152927	2271	2404	0	133	133	1.0000000
NODE_37367_length_4113_cov_4.884654	1030	1163	0	91	133	0.6842105
NODE_37367_length_4113_cov_4.884654	1030	1163	6	1	133	0.0075188
NODE_37367_length_4113_cov_4.884654	1030	1163	7	41	133	0.3082707
NODE_373730_length_514_cov_3.171084	422	555	0	133	133	1.0000000
NODE_37386_length_4112_cov_4.941690	2189	2322	4	11	133	0.0827068
NODE_37386_length_4112_cov_4.941690	2189	2322	5	6	133	0.0451128
NODE_37386_length_4112_cov_4.941690	2189	2322	6	24	133	0.1804511
NODE_37386_length_4112_cov_4.941690	2189	2322	7	3	133	0.0225564
NODE_37386_length_4112_cov_4.941690	2189	2322	8	28	133	0.2105263
NODE_37386_length_4112_cov_4.941690	2189	2322	9	10	133	0.0751880
NODE_37386_length_4112_cov_4.941690	2189	2322	10	2	133	0.0150376
NODE_37386_length_4112_cov_4.941690	2189	2322	11	49	133	0.3684210
NODE_373_length_18999_cov_4.264180	17993	18126	0	133	133	1.0000000
NODE_37409_length_4111_cov_4.678963	146	279	0	133	133	1.0000000
NODE_37434_length_4110_cov_4.372226	2127	2260	0	133	133	1.0000000
NODE_3743_length_10316_cov_4.584222	4681	4814	0	133	133	1.0000000
NODE_374702_length_512_cov_2.314770	341	474	0	52	133	0.3909774
NODE_374702_length_512_cov_2.314770	341	474	1	61	133	0.4586466
NODE_374702_length_512_cov_2.314770	341	474	2	20	133	0.1503759
NODE_37478_length_4108_cov_3.565228	2828	2961	0	22	133	0.1654135
NODE_37478_length_4108_cov_3.565228	2828	2961	1	26	133	0.1954887
NODE_37478_length_4108_cov_3.565228	2828	2961	2	85	133	0.6390978
NODE_37528_length_4105_cov_20.491013	3773	3906	0	133	133	1.0000000
NODE_375363_length_510_cov_3.104623	110	243	0	133	133	1.0000000
NODE_375413_length_510_cov_2.798054	0	133	0	133	133	1.0000000
NODE_37564_length_4103_cov_5.865135	3697	3830	6	36	133	0.2706767
NODE_37564_length_4103_cov_5.865135	3697	3830	7	11	133	0.0827068
NODE_37564_length_4103_cov_5.865135	3697	3830	8	6	133	0.0451128
NODE_37564_length_4103_cov_5.865135	3697	3830	11	14	133	0.1052632
NODE_37564_length_4103_cov_5.865135	3697	3830	12	66	133	0.4962406
NODE_37565_length_4103_cov_5.691309	2163	2296	0	133	133	1.0000000
NODE_37569_length_4103_cov_4.764985	1032	1165	2	37	133	0.2781955
NODE_37569_length_4103_cov_4.764985	1032	1165	3	54	133	0.4060150
NODE_37569_length_4103_cov_4.764985	1032	1165	4	42	133	0.3157895
NODE_376139_length_508_cov_3.782396	249	382	0	133	133	1.0000000
NODE_376561_length_507_cov_3.352941	294	427	0	133	133	1.0000000
NODE_37694_length_4095_cov_3.871371	724	857	0	91	133	0.6842105
NODE_37694_length_4095_cov_3.871371	724	857	1	17	133	0.1278196
NODE_37694_length_4095_cov_3.871371	724	857	2	25	133	0.1879699
NODE_3769_length_10297_cov_4.951559	2733	2866	0	133	133	1.0000000
NODE_377131_length_506_cov_2.267813	169	302	1	1	133	0.0075188
NODE_377131_length_506_cov_2.267813	169	302	2	25	133	0.1879699
NODE_377131_length_506_cov_2.267813	169	302	3	107	133	0.8045112
NODE_37768_length_4091_cov_3.039579	2387	2520	0	133	133	1.0000000
NODE_37772_length_4090_cov_4.159609	1835	1968	0	133	133	1.0000000
NODE_377_length_18910_cov_27.348945	15586	15719	0	133	133	1.0000000
NODE_37822_length_4087_cov_4.671013	2471	2604	0	103	133	0.7744361
NODE_37822_length_4087_cov_4.671013	2471	2604	3	30	133	0.2255639
NODE_3784_length_10282_cov_5.540018	1533	1666	0	133	133	1.0000000
NODE_37854_length_4086_cov_3.195134	1528	1661	0	133	133	1.0000000
NODE_3789_length_10277_cov_16.915013	4449	4582	0	87	133	0.6541353
NODE_3789_length_10277_cov_16.915013	4449	4582	2	46	133	0.3458647
NODE_3791_length_10275_cov_42.743318	5008	5141	0	10	133	0.0751880
NODE_3791_length_10275_cov_42.743318	5008	5141	2	83	133	0.6240602
NODE_3791_length_10275_cov_42.743318	5008	5141	4	30	133	0.2255639
NODE_3791_length_10275_cov_42.743318	5008	5141	7	7	133	0.0526316
NODE_3791_length_10275_cov_42.743318	5008	5141	8	3	133	0.0225564
NODE_37921_length_4082_cov_3.896560	850	983	0	133	133	1.0000000
NODE_37938_length_4081_cov_4.363134	335	468	0	133	133	1.0000000
NODE_37966_length_4079_cov_4.590704	2085	2218	0	133	133	1.0000000
NODE_3796_length_10272_cov_4.133687	7111	7244	0	133	133	1.0000000
NODE_37970_length_4079_cov_4.346231	319	452	0	133	133	1.0000000
NODE_37998_length_4077_cov_4.206134	3526	3659	0	133	133	1.0000000
NODE_3799_length_10269_cov_3.786627	9639	9772	0	133	133	1.0000000
NODE_3803_length_10265_cov_3.622270	8507	8640	0	133	133	1.0000000
NODE_380468_length_498_cov_1.604010	247	380	0	133	133	1.0000000
NODE_38070_length_4072_cov_4.434936	3453	3586	0	46	133	0.3458647
NODE_38070_length_4072_cov_4.434936	3453	3586	2	87	133	0.6541353
NODE_380954_length_496_cov_155.904282	342	475	0	4	133	0.0300752
NODE_380954_length_496_cov_155.904282	342	475	1	129	133	0.9699248
NODE_381051_length_496_cov_3.314861	138	271	1	2	133	0.0150376
NODE_381051_length_496_cov_3.314861	138	271	2	5	133	0.0375940
NODE_381051_length_496_cov_3.314861	138	271	3	8	133	0.0601504
NODE_381051_length_496_cov_3.314861	138	271	5	117	133	0.8796992
NODE_381051_length_496_cov_3.314861	138	271	6	1	133	0.0075188
NODE_38140_length_4068_cov_5.023432	3685	3818	0	133	133	1.0000000
NODE_3814_length_10253_cov_3.571794	9701	9834	0	133	133	1.0000000
NODE_38151_length_4068_cov_3.550768	2784	2917	0	133	133	1.0000000
NODE_38152_length_4068_cov_3.476190	353	486	0	70	133	0.5263158
NODE_38152_length_4068_cov_3.476190	353	486	1	38	133	0.2857143
NODE_38152_length_4068_cov_3.476190	353	486	2	25	133	0.1879699
NODE_381581_length_495_cov_2.547980	49	182	0	133	133	1.0000000
NODE_38172_length_4066_cov_5.466347	2186	2319	0	133	133	1.0000000
NODE_38185_length_4066_cov_3.907991	815	948	0	56	133	0.4210526
NODE_38185_length_4066_cov_3.907991	815	948	3	77	133	0.5789474
NODE_38196_length_4065_cov_5.279123	2628	2761	0	133	133	1.0000000
NODE_38213_length_4065_cov_3.443520	3329	3462	0	133	133	1.0000000
NODE_382171_length_494_cov_1.787342	113	246	0	133	133	1.0000000
NODE_3822_length_10245_cov_3.727380	5878	6011	0	133	133	1.0000000
NODE_38248_length_4062_cov_4.934898	1317	1450	0	109	133	0.8195488
NODE_38248_length_4062_cov_4.934898	1317	1450	3	24	133	0.1804511
NODE_38279_length_4060_cov_5.161070	446	579	0	8	133	0.0601504
NODE_38279_length_4060_cov_5.161070	446	579	4	125	133	0.9398496
NODE_38285_length_4060_cov_4.338046	3358	3491	0	133	133	1.0000000
NODE_38297_length_4059_cov_4.516667	3418	3551	0	133	133	1.0000000
NODE_383091_length_491_cov_5.589286	142	275	0	133	133	1.0000000
NODE_38316_length_4058_cov_4.226067	14	147	0	133	133	1.0000000
NODE_38344_length_4056_cov_5.105383	2622	2755	2	133	133	1.0000000
NODE_383640_length_490_cov_3.099744	231	364	0	18	133	0.1353384
NODE_383640_length_490_cov_3.099744	231	364	2	26	133	0.1954887
NODE_383640_length_490_cov_3.099744	231	364	4	89	133	0.6691729
NODE_38378_length_4055_cov_4.083670	787	920	0	133	133	1.0000000
NODE_3839_length_10233_cov_5.150187	6529	6662	0	133	133	1.0000000
NODE_38411_length_4053_cov_6.878351	115	248	0	133	133	1.0000000
NODE_38414_length_4053_cov_4.602175	424	557	0	133	133	1.0000000
NODE_38431_length_4052_cov_5.269669	652	785	0	9	133	0.0676692
NODE_38431_length_4052_cov_5.269669	652	785	2	13	133	0.0977444
NODE_38431_length_4052_cov_5.269669	652	785	3	45	133	0.3383459
NODE_38431_length_4052_cov_5.269669	652	785	5	66	133	0.4962406
NODE_38453_length_4051_cov_4.491650	259	392	0	133	133	1.0000000
NODE_38459_length_4051_cov_3.960779	2132	2265	0	133	133	1.0000000
NODE_38487_length_4050_cov_2.965578	3479	3612	0	77	133	0.5789474
NODE_38487_length_4050_cov_2.965578	3479	3612	1	51	133	0.3834586
NODE_38487_length_4050_cov_2.965578	3479	3612	2	5	133	0.0375940
NODE_384_length_18777_cov_5.165542	9712	9845	0	133	133	1.0000000
NODE_3852_length_10219_cov_5.142292	4302	4435	0	30	133	0.2255639
NODE_3852_length_10219_cov_5.142292	4302	4435	2	103	133	0.7744361
NODE_38552_length_4046_cov_3.809982	2526	2659	2	75	133	0.5639098
NODE_38552_length_4046_cov_3.809982	2526	2659	3	41	133	0.3082707
NODE_38552_length_4046_cov_3.809982	2526	2659	4	17	133	0.1278196
NODE_38558_length_4046_cov_2.851026	1344	1477	0	133	133	1.0000000
NODE_385940_length_485_cov_2.186528	214	347	0	133	133	1.0000000
NODE_3861_length_10211_cov_5.142998	7150	7283	0	54	133	0.4060150
NODE_3861_length_10211_cov_5.142998	7150	7283	2	79	133	0.5939850
NODE_38629_length_4041_cov_4.136479	1226	1359	0	133	133	1.0000000
NODE_38635_length_4040_cov_5.510530	149	282	0	133	133	1.0000000
NODE_386569_length_483_cov_5.106771	328	461	0	60	133	0.4511278
NODE_386569_length_483_cov_5.106771	328	461	2	73	133	0.5488722
NODE_386590_length_483_cov_4.260417	312	445	0	133	133	1.0000000
NODE_38663_length_4039_cov_3.788071	819	952	0	133	133	1.0000000
NODE_38692_length_4036_cov_4.557531	2050	2183	0	133	133	1.0000000
NODE_38711_length_4035_cov_4.184959	2412	2545	0	133	133	1.0000000
NODE_38729_length_4034_cov_3.813977	2786	2919	0	133	133	1.0000000
NODE_387347_length_482_cov_1.979112	293	426	0	133	133	1.0000000
NODE_38738_length_4033_cov_4.729283	1537	1670	0	133	133	1.0000000
NODE_38758_length_4032_cov_4.039156	1080	1213	0	133	133	1.0000000
NODE_387857_length_481_cov_1.583770	255	388	0	133	133	1.0000000
NODE_38785_length_4030_cov_4.458408	2950	3083	0	75	133	0.5639098
NODE_38785_length_4030_cov_4.458408	2950	3083	1	54	133	0.4060150
NODE_38785_length_4030_cov_4.458408	2950	3083	2	4	133	0.0300752
NODE_38795_length_4030_cov_3.117782	1191	1324	0	133	133	1.0000000
NODE_388004_length_480_cov_3.309711	391	524	0	133	133	1.0000000
NODE_3884_length_10192_cov_3.747251	2093	2226	0	133	133	1.0000000
NODE_388539_length_479_cov_2.457895	151	284	0	133	133	1.0000000
NODE_3886_length_10190_cov_4.625409	9531	9664	0	133	133	1.0000000
NODE_38891_length_4024_cov_5.070828	3579	3712	0	133	133	1.0000000
NODE_38894_length_4024_cov_4.829299	2270	2403	2	129	133	0.9699248
NODE_38894_length_4024_cov_4.829299	2270	2403	4	4	133	0.0300752
NODE_389000_length_478_cov_2.408971	375	508	0	133	133	1.0000000
NODE_38903_length_4024_cov_3.866242	3548	3681	0	133	133	1.0000000
NODE_38914_length_4024_cov_3.168408	3377	3510	0	133	133	1.0000000
NODE_38954_length_4021_cov_4.623916	1888	2021	0	133	133	1.0000000
NODE_389950_length_476_cov_2.183024	100	233	0	133	133	1.0000000
NODE_38999_length_4019_cov_4.772194	1622	1755	0	133	133	1.0000000
NODE_39034_length_4017_cov_5.068657	3672	3805	0	71	133	0.5338346
NODE_39034_length_4017_cov_5.068657	3672	3805	2	62	133	0.4661654
NODE_39035_length_4017_cov_5.022205	1603	1736	0	31	133	0.2330827
NODE_39035_length_4017_cov_5.022205	1603	1736	2	102	133	0.7669173
NODE_3905_length_10172_cov_4.325921	3048	3181	0	133	133	1.0000000
NODE_39066_length_4016_cov_3.535614	931	1064	0	133	133	1.0000000
NODE_390793_length_474_cov_2.213333	104	237	0	28	133	0.2105263
NODE_390793_length_474_cov_2.213333	104	237	1	105	133	0.7894737
NODE_3908_length_10169_cov_17.086892	8953	9086	2	39	133	0.2932331
NODE_3908_length_10169_cov_17.086892	8953	9086	3	36	133	0.2706767
NODE_3908_length_10169_cov_17.086892	8953	9086	4	2	133	0.0150376
NODE_3908_length_10169_cov_17.086892	8953	9086	5	56	133	0.4210526
NODE_39115_length_4013_cov_4.009964	778	911	0	133	133	1.0000000
NODE_3912_length_10168_cov_6.335982	5276	5409	1	36	133	0.2706767
NODE_3912_length_10168_cov_6.335982	5276	5409	2	97	133	0.7293233
NODE_39138_length_4012_cov_3.802964	479	612	0	24	133	0.1804511
NODE_39138_length_4012_cov_3.802964	479	612	2	109	133	0.8195488
NODE_391547_length_472_cov_2.847185	156	289	0	133	133	1.0000000
NODE_39182_length_4010_cov_3.122986	1967	2100	0	4	133	0.0300752
NODE_39182_length_4010_cov_3.122986	1967	2100	2	129	133	0.9699248
NODE_392062_length_471_cov_2.532258	145	278	1	1	133	0.0075188
NODE_392062_length_471_cov_2.532258	145	278	2	132	133	0.9924812
NODE_3921_length_10159_cov_5.192445	1952	2085	0	133	133	1.0000000
NODE_39224_length_4007_cov_5.024053	660	793	0	133	133	1.0000000
NODE_39232_length_4007_cov_4.070113	494	627	0	133	133	1.0000000
NODE_392495_length_470_cov_2.466307	308	441	0	20	133	0.1503759
NODE_392495_length_470_cov_2.466307	308	441	3	13	133	0.0977444
NODE_392495_length_470_cov_2.466307	308	441	6	22	133	0.1654135
NODE_392495_length_470_cov_2.466307	308	441	8	7	133	0.0526316
NODE_392495_length_470_cov_2.466307	308	441	10	71	133	0.5338346
NODE_39281_length_4004_cov_3.709347	2340	2473	0	133	133	1.0000000
NODE_3934_length_10151_cov_4.562177	4647	4780	0	133	133	1.0000000
NODE_39351_length_4000_cov_3.528839	941	1074	3	56	133	0.4210526
NODE_39351_length_4000_cov_3.528839	941	1074	6	77	133	0.5789474
NODE_393619_length_467_cov_5.826087	111	244	0	57	133	0.4285714
NODE_393619_length_467_cov_5.826087	111	244	2	76	133	0.5714286
NODE_393636_length_467_cov_4.581522	221	354	0	133	133	1.0000000
NODE_39375_length_3998_cov_4.974352	2061	2194	0	1	133	0.0075188
NODE_39375_length_3998_cov_4.974352	2061	2194	1	109	133	0.8195488
NODE_39375_length_3998_cov_4.974352	2061	2194	2	23	133	0.1729323
NODE_39430_length_3996_cov_3.544008	766	899	0	5	133	0.0375940
NODE_39430_length_3996_cov_3.544008	766	899	2	42	133	0.3157895
NODE_39430_length_3996_cov_3.544008	766	899	4	86	133	0.6466165
NODE_39468_length_3993_cov_5.326400	1256	1389	0	133	133	1.0000000
NODE_39479_length_3993_cov_3.213919	388	521	0	133	133	1.0000000
NODE_3950_length_10143_cov_4.666766	2545	2678	0	133	133	1.0000000
NODE_39532_length_3989_cov_4.517995	3274	3407	0	133	133	1.0000000
NODE_3955_length_10140_cov_4.258341	3576	3709	2	84	133	0.6315789
NODE_3955_length_10140_cov_4.258341	3576	3709	3	47	133	0.3533835
NODE_3955_length_10140_cov_4.258341	3576	3709	4	2	133	0.0150376
NODE_39578_length_3986_cov_3.614870	2026	2159	0	133	133	1.0000000
NODE_3957_length_10136_cov_4.043439	5818	5951	0	133	133	1.0000000
NODE_395_length_18698_cov_3.983924	2529	2662	0	133	133	1.0000000
NODE_39625_length_3983_cov_4.849125	853	986	0	133	133	1.0000000
NODE_396415_length_461_cov_3.450276	28	161	0	133	133	1.0000000
NODE_39718_length_3978_cov_3.603248	1124	1257	0	133	133	1.0000000
NODE_39725_length_3977_cov_4.777205	1416	1549	0	34	133	0.2556391
NODE_39725_length_3977_cov_4.777205	1416	1549	1	49	133	0.3684210
NODE_39725_length_3977_cov_4.777205	1416	1549	2	50	133	0.3759398
NODE_3972_length_10123_cov_4.871508	4891	5024	0	133	133	1.0000000
NODE_39737_length_3977_cov_3.232336	448	581	0	21	133	0.1578947
NODE_39737_length_3977_cov_3.232336	448	581	2	112	133	0.8421053
NODE_39773_length_3975_cov_3.871001	2128	2261	0	133	133	1.0000000
NODE_3979_length_10116_cov_4.607767	3858	3991	0	133	133	1.0000000
NODE_39860_length_3970_cov_3.660811	1694	1827	0	133	133	1.0000000
NODE_39864_length_3969_cov_5.015504	3730	3863	0	133	133	1.0000000
NODE_39872_length_3969_cov_4.046512	3586	3719	0	133	133	1.0000000
NODE_39884_length_3968_cov_4.852675	1969	2102	2	45	133	0.3383459
NODE_39884_length_3968_cov_4.852675	1969	2102	4	88	133	0.6616541
NODE_39885_length_3968_cov_4.793228	31	164	0	133	133	1.0000000
NODE_39889_length_3968_cov_4.379426	2582	2715	0	133	133	1.0000000
NODE_398989_length_456_cov_2.112045	31	164	0	133	133	1.0000000
NODE_398998_length_456_cov_2.081232	358	491	0	35	133	0.2631579
NODE_398998_length_456_cov_2.081232	358	491	2	98	133	0.7368421
NODE_39950_length_3965_cov_4.554061	3483	3616	1	60	133	0.4511278
NODE_39950_length_3965_cov_4.554061	3483	3616	2	73	133	0.5488722
NODE_399553_length_455_cov_1.786517	289	422	0	133	133	1.0000000
NODE_39959_length_3965_cov_3.751164	904	1037	1	21	133	0.1578947
NODE_39959_length_3965_cov_3.751164	904	1037	2	76	133	0.5714286
NODE_39959_length_3965_cov_3.751164	904	1037	3	27	133	0.2030075
NODE_39959_length_3965_cov_3.751164	904	1037	4	9	133	0.0676692
NODE_400145_length_453_cov_4.564972	344	477	0	87	133	0.6541353
NODE_400145_length_453_cov_4.564972	344	477	1	7	133	0.0526316
NODE_400145_length_453_cov_4.564972	344	477	2	39	133	0.2932331
NODE_40016_length_3961_cov_4.281201	3286	3419	2	18	133	0.1353384
NODE_40016_length_3961_cov_4.281201	3286	3419	3	60	133	0.4511278
NODE_40016_length_3961_cov_4.281201	3286	3419	4	55	133	0.4135338
NODE_4003_length_10094_cov_3.439120	7106	7239	0	5	133	0.0375940
NODE_4003_length_10094_cov_3.439120	7106	7239	2	10	133	0.0751880
NODE_4003_length_10094_cov_3.439120	7106	7239	4	85	133	0.6390978
NODE_4003_length_10094_cov_3.439120	7106	7239	6	33	133	0.2481203
NODE_40043_length_3959_cov_5.020725	1358	1491	0	133	133	1.0000000
NODE_40044_length_3959_cov_4.709585	2499	2632	2	61	133	0.4586466
NODE_40044_length_3959_cov_4.709585	2499	2632	4	72	133	0.5413534
NODE_4012_length_10091_cov_4.304544	3171	3304	0	133	133	1.0000000
NODE_40132_length_3955_cov_3.825726	1281	1414	0	133	133	1.0000000
NODE_40138_length_3954_cov_5.626978	774	907	0	23	133	0.1729323
NODE_40138_length_3954_cov_5.626978	774	907	2	110	133	0.8270677
NODE_40149_length_3954_cov_4.322438	1385	1518	0	94	133	0.7067669
NODE_40149_length_3954_cov_4.322438	1385	1518	3	39	133	0.2932331
NODE_40158_length_3954_cov_3.252918	2438	2571	0	133	133	1.0000000
NODE_4015_length_10090_cov_4.446602	4192	4325	0	133	133	1.0000000
NODE_401698_length_450_cov_3.085470	310	443	0	126	133	0.9473684
NODE_401698_length_450_cov_3.085470	310	443	2	7	133	0.0526316
NODE_401_length_18628_cov_4.299315	14958	15091	0	11	133	0.0827068
NODE_401_length_18628_cov_4.299315	14958	15091	1	9	133	0.0676692
NODE_401_length_18628_cov_4.299315	14958	15091	4	113	133	0.8496240
NODE_40218_length_3950_cov_4.592833	2021	2154	1	33	133	0.2481203
NODE_40218_length_3950_cov_4.592833	2021	2154	2	5	133	0.0375940
NODE_40218_length_3950_cov_4.592833	2021	2154	3	55	133	0.4135338
NODE_40218_length_3950_cov_4.592833	2021	2154	4	40	133	0.3007519
NODE_4023_length_10087_cov_3.738787	1026	1159	0	133	133	1.0000000
NODE_40243_length_3949_cov_3.376883	1579	1712	0	133	133	1.0000000
NODE_40266_length_3947_cov_8.168659	3186	3319	0	133	133	1.0000000
NODE_4027_length_10085_cov_4.488784	8062	8195	0	133	133	1.0000000
NODE_40284_length_3946_cov_4.333247	2530	2663	0	133	133	1.0000000
NODE_40291_length_3946_cov_3.545100	1339	1472	0	133	133	1.0000000
NODE_402997_length_448_cov_1.441261	275	408	0	133	133	1.0000000
NODE_402_length_18623_cov_5.074606	5811	5944	0	57	133	0.4285714
NODE_402_length_18623_cov_5.074606	5811	5944	1	32	133	0.2406015
NODE_402_length_18623_cov_5.074606	5811	5944	2	44	133	0.3308271
NODE_40314_length_3945_cov_3.189808	3015	3148	2	32	133	0.2406015
NODE_40314_length_3945_cov_3.189808	3015	3148	3	43	133	0.3233083
NODE_40314_length_3945_cov_3.189808	3015	3148	4	58	133	0.4360902
NODE_40322_length_3944_cov_4.905332	1885	2018	0	133	133	1.0000000
NODE_40355_length_3942_cov_4.932865	3267	3400	0	133	133	1.0000000
NODE_40361_length_3942_cov_4.284673	2137	2270	0	2	133	0.0150376
NODE_40361_length_3942_cov_4.284673	2137	2270	1	82	133	0.6165413
NODE_40361_length_3942_cov_4.284673	2137	2270	2	49	133	0.3684210
NODE_4038_length_10077_cov_3.636901	4503	4636	0	133	133	1.0000000
NODE_40394_length_3940_cov_5.562874	518	651	0	133	133	1.0000000
NODE_404203_length_445_cov_2.722543	148	281	0	133	133	1.0000000
NODE_40441_length_3938_cov_4.370409	1768	1901	1	27	133	0.2030075
NODE_40441_length_3938_cov_4.370409	1768	1901	2	15	133	0.1127820
NODE_40441_length_3938_cov_4.370409	1768	1901	3	91	133	0.6842105
NODE_40445_length_3938_cov_4.074499	2628	2761	0	133	133	1.0000000
NODE_40459_length_3937_cov_4.648775	2377	2510	0	56	133	0.4210526
NODE_40459_length_3937_cov_4.648775	2377	2510	1	1	133	0.0075188
NODE_40459_length_3937_cov_4.648775	2377	2510	2	76	133	0.5714286
NODE_40467_length_3937_cov_3.664148	318	451	0	133	133	1.0000000
NODE_40535_length_3933_cov_4.795253	34	167	0	133	133	1.0000000
NODE_4053_length_10059_cov_4.589960	1222	1355	0	133	133	1.0000000
NODE_405410_length_443_cov_1.755814	112	245	0	133	133	1.0000000
NODE_40553_length_3932_cov_5.089225	648	781	0	133	133	1.0000000
NODE_40556_length_3932_cov_4.883381	2478	2611	0	133	133	1.0000000
NODE_40566_length_3932_cov_3.964258	570	703	0	133	133	1.0000000
NODE_40577_length_3932_cov_3.083486	482	615	0	133	133	1.0000000
NODE_40583_length_3931_cov_4.691545	2282	2415	2	120	133	0.9022557
NODE_40583_length_3931_cov_4.691545	2282	2415	4	13	133	0.0977444
NODE_4058_length_10053_cov_4.604682	6139	6272	0	26	133	0.1954887
NODE_4058_length_10053_cov_4.604682	6139	6272	1	18	133	0.1353384
NODE_4058_length_10053_cov_4.604682	6139	6272	2	89	133	0.6691729
NODE_40599_length_3930_cov_18.411642	1794	1927	0	133	133	1.0000000
NODE_406025_length_441_cov_501.096491	245	378	8	40	133	0.3007519
NODE_406025_length_441_cov_501.096491	245	378	9	12	133	0.0902256
NODE_406025_length_441_cov_501.096491	245	378	10	2	133	0.0150376
NODE_406025_length_441_cov_501.096491	245	378	11	11	133	0.0827068
NODE_406025_length_441_cov_501.096491	245	378	12	26	133	0.1954887
NODE_406025_length_441_cov_501.096491	245	378	13	42	133	0.3157895
NODE_40615_length_3930_cov_3.647090	762	895	0	133	133	1.0000000
NODE_40682_length_3925_cov_4.915839	3090	3223	0	115	133	0.8646616
NODE_40682_length_3925_cov_4.915839	3090	3223	1	18	133	0.1353384
NODE_406_length_18616_cov_5.048874	2779	2912	0	133	133	1.0000000
NODE_40705_length_3924_cov_4.075294	2797	2930	0	17	133	0.1278196
NODE_40705_length_3924_cov_4.075294	2797	2930	1	29	133	0.2180451
NODE_40705_length_3924_cov_4.075294	2797	2930	2	87	133	0.6541353
NODE_40706_length_3924_cov_4.037647	2567	2700	0	133	133	1.0000000
NODE_4071_length_10046_cov_3.913140	2702	2835	0	133	133	1.0000000
NODE_40738_length_3922_cov_4.193827	808	941	0	133	133	1.0000000
NODE_4074_length_10043_cov_5.721943	5045	5178	0	133	133	1.0000000
NODE_40755_length_3921_cov_4.467818	1250	1383	0	3	133	0.0225564
NODE_40755_length_3921_cov_4.467818	1250	1383	1	130	133	0.9774436
NODE_40769_length_3921_cov_3.531136	317	450	0	133	133	1.0000000
NODE_407812_length_438_cov_2.669617	121	254	0	133	133	1.0000000
NODE_407826_length_438_cov_2.578171	269	402	0	133	133	1.0000000
NODE_40782_length_3920_cov_4.786182	1775	1908	0	66	133	0.4962406
NODE_40782_length_3920_cov_4.786182	1775	1908	2	67	133	0.5037594
NODE_40802_length_3919_cov_4.676963	2066	2199	0	133	133	1.0000000
NODE_40814_length_3918_cov_5.667714	1040	1173	0	133	133	1.0000000
NODE_40825_length_3918_cov_3.995025	1834	1967	0	15	133	0.1127820
NODE_40825_length_3918_cov_3.995025	1834	1967	1	22	133	0.1654135
NODE_40825_length_3918_cov_3.995025	1834	1967	2	55	133	0.4135338
NODE_40825_length_3918_cov_3.995025	1834	1967	3	41	133	0.3082707
NODE_40831_length_3917_cov_10.029597	940	1073	0	133	133	1.0000000
NODE_408983_length_436_cov_2.142433	346	479	0	133	133	1.0000000
NODE_40997_length_3909_cov_10.084514	1439	1572	0	133	133	1.0000000
NODE_40999_length_3909_cov_5.324672	1457	1590	0	133	133	1.0000000
NODE_410251_length_433_cov_3.502994	143	276	4	38	133	0.2857143
NODE_410251_length_433_cov_3.502994	143	276	8	95	133	0.7142857
NODE_4104_length_10018_cov_3.844440	8029	8162	4	20	133	0.1503759
NODE_4104_length_10018_cov_3.844440	8029	8162	5	113	133	0.8496240
NODE_41052_length_3906_cov_3.876281	3543	3676	0	52	133	0.3909774
NODE_41052_length_3906_cov_3.876281	3543	3676	4	52	133	0.3909774
NODE_41052_length_3906_cov_3.876281	3543	3676	8	29	133	0.2180451
NODE_41080_length_3904_cov_5.692247	1551	1684	1	34	133	0.2556391
NODE_41080_length_3904_cov_5.692247	1551	1684	2	7	133	0.0526316
NODE_41080_length_3904_cov_5.692247	1551	1684	3	24	133	0.1804511
NODE_41080_length_3904_cov_5.692247	1551	1684	4	68	133	0.5112782
NODE_410933_length_432_cov_2.501502	125	258	0	11	133	0.0827068
NODE_410933_length_432_cov_2.501502	125	258	2	122	133	0.9172933
NODE_41098_length_3904_cov_4.026281	693	826	6	22	133	0.1654135
NODE_41098_length_3904_cov_4.026281	693	826	8	3	133	0.0225564
NODE_41098_length_3904_cov_4.026281	693	826	10	52	133	0.3909774
NODE_41098_length_3904_cov_4.026281	693	826	11	1	133	0.0075188
NODE_41098_length_3904_cov_4.026281	693	826	12	55	133	0.4135338
NODE_41118_length_3903_cov_4.253943	455	588	0	18	133	0.1353384
NODE_41118_length_3903_cov_4.253943	455	588	2	115	133	0.8646616
NODE_41141_length_3902_cov_3.689456	934	1067	0	9	133	0.0676692
NODE_41141_length_3902_cov_3.689456	934	1067	2	64	133	0.4812030
NODE_41141_length_3902_cov_3.689456	934	1067	4	60	133	0.4511278
NODE_41142_length_3902_cov_3.201157	1472	1605	0	133	133	1.0000000
NODE_4114_length_10006_cov_4.633088	5867	6000	0	133	133	1.0000000
NODE_41160_length_3901_cov_3.380063	2256	2389	3	89	133	0.6691729
NODE_41160_length_3901_cov_3.380063	2256	2389	5	1	133	0.0075188
NODE_41160_length_3901_cov_3.380063	2256	2389	6	43	133	0.3233083
NODE_4117_length_10005_cov_4.746921	5801	5934	0	50	133	0.3759398
NODE_4117_length_10005_cov_4.746921	5801	5934	1	39	133	0.2932331
NODE_4117_length_10005_cov_4.746921	5801	5934	2	44	133	0.3308271
NODE_411_length_18547_cov_4.316674	4955	5088	2	67	133	0.5037594
NODE_411_length_18547_cov_4.316674	4955	5088	3	57	133	0.4285714
NODE_411_length_18547_cov_4.316674	4955	5088	4	9	133	0.0676692
NODE_41210_length_3898_cov_4.413793	2982	3115	0	133	133	1.0000000
NODE_41266_length_3895_cov_4.242624	654	787	0	133	133	1.0000000
NODE_41269_length_3895_cov_3.812171	1008	1141	0	133	133	1.0000000
NODE_4126_length_10001_cov_4.208544	7074	7207	0	133	133	1.0000000
NODE_41330_length_3891_cov_5.279272	2563	2696	0	23	133	0.1729323
NODE_41330_length_3891_cov_5.279272	2563	2696	2	110	133	0.8270677
NODE_4134_length_9998_cov_3.353369	645	778	0	63	133	0.4736842
NODE_4134_length_9998_cov_3.353369	645	778	2	62	133	0.4661654
NODE_4134_length_9998_cov_3.353369	645	778	4	8	133	0.0601504
NODE_413797_length_427_cov_1.067073	138	271	0	133	133	1.0000000
NODE_413811_length_426_cov_805.107034	180	313	6	17	133	0.1278196
NODE_413811_length_426_cov_805.107034	180	313	7	79	133	0.5939850
NODE_413811_length_426_cov_805.107034	180	313	8	3	133	0.0225564
NODE_413811_length_426_cov_805.107034	180	313	9	20	133	0.1503759
NODE_413811_length_426_cov_805.107034	180	313	10	2	133	0.0150376
NODE_413811_length_426_cov_805.107034	180	313	11	12	133	0.0902256
NODE_41395_length_3887_cov_5.046990	867	1000	0	133	133	1.0000000
NODE_4146_length_9988_cov_4.120336	6744	6877	0	133	133	1.0000000
NODE_41475_length_3883_cov_4.265328	2348	2481	0	133	133	1.0000000
NODE_41492_length_3882_cov_4.073487	2187	2320	0	133	133	1.0000000
NODE_41512_length_3881_cov_4.449233	2740	2873	0	23	133	0.1729323
NODE_41512_length_3881_cov_4.449233	2740	2873	1	48	133	0.3609022
NODE_41512_length_3881_cov_4.449233	2740	2873	2	62	133	0.4661654
NODE_4152_length_9979_cov_4.074089	2301	2434	0	43	133	0.3233083
NODE_4152_length_9979_cov_4.074089	2301	2434	2	90	133	0.6766917
NODE_41537_length_3880_cov_3.667019	2240	2373	0	133	133	1.0000000
NODE_41544_length_3879_cov_5.223016	771	904	0	11	133	0.0827068
NODE_41544_length_3879_cov_5.223016	771	904	2	13	133	0.0977444
NODE_41544_length_3879_cov_5.223016	771	904	4	109	133	0.8195488
NODE_4157_length_9977_cov_4.296922	5522	5655	0	133	133	1.0000000
NODE_41581_length_3877_cov_5.705929	3362	3495	0	133	133	1.0000000
NODE_415927_length_422_cov_3.538700	198	331	0	133	133	1.0000000
NODE_416133_length_422_cov_2.312693	0	133	0	133	133	1.0000000
NODE_4163_length_9975_cov_3.762151	355	488	0	52	133	0.3909774
NODE_4163_length_9975_cov_3.762151	355	488	2	81	133	0.6090226
NODE_41652_length_3874_cov_4.634967	2113	2246	0	133	133	1.0000000
NODE_4170_length_9968_cov_4.558314	3055	3188	0	133	133	1.0000000
NODE_41747_length_3870_cov_4.435163	3129	3262	0	42	133	0.3157895
NODE_41747_length_3870_cov_4.435163	3129	3262	2	37	133	0.2781955
NODE_41747_length_3870_cov_4.435163	3129	3262	4	54	133	0.4060150
NODE_41749_length_3870_cov_4.143198	1477	1610	0	34	133	0.2556391
NODE_41749_length_3870_cov_4.143198	1477	1610	1	99	133	0.7443609
NODE_41805_length_3867_cov_4.699045	2254	2387	1	20	133	0.1503759
NODE_41805_length_3867_cov_4.699045	2254	2387	2	113	133	0.8496240
NODE_41808_length_3867_cov_4.394374	710	843	0	133	133	1.0000000
NODE_4183_length_9960_cov_3.481087	5526	5659	0	133	133	1.0000000
NODE_41840_length_3866_cov_2.810725	419	552	0	133	133	1.0000000
NODE_41922_length_3861_cov_4.341574	28	161	1	99	133	0.7443609
NODE_41922_length_3861_cov_4.341574	28	161	2	34	133	0.2556391
NODE_41940_length_3859_cov_6.406383	2898	3031	0	65	133	0.4887218
NODE_41940_length_3859_cov_6.406383	2898	3031	2	46	133	0.3458647
NODE_41940_length_3859_cov_6.406383	2898	3031	3	1	133	0.0075188
NODE_41940_length_3859_cov_6.406383	2898	3031	4	21	133	0.1578947
NODE_41944_length_3859_cov_5.049468	2564	2697	0	133	133	1.0000000
NODE_4199_length_9951_cov_4.353532	7366	7499	0	133	133	1.0000000
NODE_419_length_18445_cov_5.118936	3482	3615	0	133	133	1.0000000
NODE_41_length_29035_cov_5.094035	21741	21874	0	133	133	1.0000000
NODE_42008_length_3856_cov_3.918818	2422	2555	0	133	133	1.0000000
NODE_42014_length_3856_cov_3.418419	1606	1739	2	12	133	0.0902256
NODE_42014_length_3856_cov_3.418419	1606	1739	4	121	133	0.9097744
NODE_42022_length_3855_cov_4.538871	3403	3536	0	29	133	0.2180451
NODE_42022_length_3855_cov_4.538871	3403	3536	1	68	133	0.5112782
NODE_42022_length_3855_cov_4.538871	3403	3536	2	36	133	0.2706767
NODE_4203_length_9949_cov_4.661320	1124	1257	0	133	133	1.0000000
NODE_420462_length_414_cov_2.415873	121	254	0	20	133	0.1503759
NODE_420462_length_414_cov_2.415873	121	254	17	54	133	0.4060150
NODE_420462_length_414_cov_2.415873	121	254	18	32	133	0.2406015
NODE_420462_length_414_cov_2.415873	121	254	19	11	133	0.0827068
NODE_420462_length_414_cov_2.415873	121	254	20	16	133	0.1203008
NODE_420558_length_414_cov_2.041270	128	261	0	133	133	1.0000000
NODE_420810_length_413_cov_3.474522	101	234	0	133	133	1.0000000
NODE_42093_length_3851_cov_40.994670	1629	1762	0	133	133	1.0000000
NODE_4211_length_9940_cov_4.587135	562	695	0	133	133	1.0000000
NODE_42187_length_3846_cov_4.954630	1494	1627	0	1	133	0.0075188
NODE_42187_length_3846_cov_4.954630	1494	1627	1	63	133	0.4736842
NODE_42187_length_3846_cov_4.954630	1494	1627	2	69	133	0.5187970
NODE_42238_length_3844_cov_4.123364	1514	1647	1	133	133	1.0000000
NODE_42280_length_3841_cov_5.197755	3547	3680	0	52	133	0.3909774
NODE_42280_length_3841_cov_5.197755	3547	3680	2	81	133	0.6090226
NODE_42352_length_3838_cov_3.479273	636	769	0	32	133	0.2406015
NODE_42352_length_3838_cov_3.479273	636	769	1	90	133	0.6766917
NODE_42352_length_3838_cov_3.479273	636	769	2	11	133	0.0827068
NODE_42390_length_3836_cov_4.087236	1664	1797	0	133	133	1.0000000
NODE_42402_length_3835_cov_4.493576	725	858	1	28	133	0.2105263
NODE_42402_length_3835_cov_4.493576	725	858	2	103	133	0.7744361
NODE_42402_length_3835_cov_4.493576	725	858	3	2	133	0.0150376
NODE_42405_length_3835_cov_4.229925	2724	2857	0	133	133	1.0000000
NODE_42409_length_3835_cov_3.879818	1071	1204	0	133	133	1.0000000
NODE_42410_length_3835_cov_3.488758	2464	2597	0	133	133	1.0000000
NODE_4242_length_9922_cov_3.759748	555	688	0	133	133	1.0000000
NODE_42480_length_3831_cov_4.449089	2712	2845	0	133	133	1.0000000
NODE_425335_length_405_cov_5.147059	205	338	0	133	133	1.0000000
NODE_425549_length_405_cov_2.584967	246	379	0	133	133	1.0000000
NODE_425624_length_405_cov_2.320261	223	356	0	77	133	0.5789474
NODE_425624_length_405_cov_2.320261	223	356	1	56	133	0.4210526
NODE_42655_length_3821_cov_4.589468	2119	2252	0	133	133	1.0000000
NODE_4266_length_9909_cov_4.203568	7940	8073	0	133	133	1.0000000
NODE_42701_length_3819_cov_4.002957	3350	3483	0	52	133	0.3909774
NODE_42701_length_3819_cov_4.002957	3350	3483	2	81	133	0.6090226
NODE_4274_length_9903_cov_15.927071	3063	3196	0	133	133	1.0000000
NODE_42769_length_3816_cov_3.698682	1813	1946	0	13	133	0.0977444
NODE_42769_length_3816_cov_3.698682	1813	1946	2	1	133	0.0075188
NODE_42769_length_3816_cov_3.698682	1813	1946	3	105	133	0.7894737
NODE_42769_length_3816_cov_3.698682	1813	1946	8	14	133	0.1052632
NODE_42793_length_3815_cov_3.448332	2231	2364	0	133	133	1.0000000
NODE_42802_length_3814_cov_4.498250	2295	2428	0	47	133	0.3533835
NODE_42802_length_3814_cov_4.498250	2295	2428	4	86	133	0.6466165
NODE_42825_length_3813_cov_7.697900	3401	3534	0	10	133	0.0751880
NODE_42825_length_3813_cov_7.697900	3401	3534	1	48	133	0.3609022
NODE_42825_length_3813_cov_7.697900	3401	3534	3	45	133	0.3383459
NODE_42825_length_3813_cov_7.697900	3401	3534	6	30	133	0.2255639
NODE_42848_length_3812_cov_4.481282	2351	2484	0	11	133	0.0827068
NODE_42848_length_3812_cov_4.481282	2351	2484	2	122	133	0.9172933
NODE_42866_length_3811_cov_5.669989	2567	2700	0	133	133	1.0000000
NODE_429060_length_399_cov_2.376667	292	425	0	133	133	1.0000000
NODE_4290_length_9891_cov_5.007761	7549	7682	0	3	133	0.0225564
NODE_4290_length_9891_cov_5.007761	7549	7682	1	88	133	0.6616541
NODE_4290_length_9891_cov_5.007761	7549	7682	2	42	133	0.3157895
NODE_42915_length_3810_cov_3.130154	473	606	0	13	133	0.0977444
NODE_42915_length_3810_cov_3.130154	473	606	2	114	133	0.8571429
NODE_42915_length_3810_cov_3.130154	473	606	4	6	133	0.0451128
NODE_42918_length_3809_cov_9.318598	2720	2853	0	22	133	0.1654135
NODE_42918_length_3809_cov_9.318598	2720	2853	1	92	133	0.6917293
NODE_42918_length_3809_cov_9.318598	2720	2853	2	19	133	0.1428571
NODE_42926_length_3809_cov_4.388410	330	463	0	133	133	1.0000000
NODE_429332_length_399_cov_1.316667	111	244	0	133	133	1.0000000
NODE_4297_length_9888_cov_4.266217	7648	7781	0	133	133	1.0000000
NODE_4304_length_9882_cov_6.583563	5200	5333	0	133	133	1.0000000
NODE_43084_length_3801_cov_4.959211	3101	3234	0	133	133	1.0000000
NODE_431550_length_395_cov_2.118243	139	272	0	133	133	1.0000000
NODE_43166_length_3797_cov_5.177664	1133	1266	0	133	133	1.0000000
NODE_4317_length_9868_cov_3.707340	4470	4603	1	110	133	0.8270677
NODE_4317_length_9868_cov_3.707340	4470	4603	2	23	133	0.1729323
NODE_432210_length_394_cov_1.871186	191	324	2	32	133	0.2406015
NODE_432210_length_394_cov_1.871186	191	324	3	32	133	0.2406015
NODE_432210_length_394_cov_1.871186	191	324	4	69	133	0.5187970
NODE_43239_length_3794_cov_4.779702	140	273	0	133	133	1.0000000
NODE_43295_length_3791_cov_4.681203	2291	2424	0	133	133	1.0000000
NODE_432_length_18271_cov_4.134052	12677	12810	0	133	133	1.0000000
NODE_4337_length_9855_cov_3.671074	8299	8432	0	68	133	0.5112782
NODE_4337_length_9855_cov_3.671074	8299	8432	2	65	133	0.4887218
NODE_434239_length_390_cov_3.742268	213	346	0	1	133	0.0075188
NODE_434239_length_390_cov_3.742268	213	346	1	14	133	0.1052632
NODE_434239_length_390_cov_3.742268	213	346	2	118	133	0.8872181
NODE_43426_length_3785_cov_4.739555	1416	1549	0	133	133	1.0000000
NODE_434402_length_390_cov_2.597938	151	284	0	42	133	0.3157895
NODE_434402_length_390_cov_2.597938	151	284	2	91	133	0.6842105
NODE_43452_length_3784_cov_4.713161	1795	1928	0	133	133	1.0000000
NODE_43453_length_3784_cov_4.564179	2123	2256	0	133	133	1.0000000
NODE_434548_length_390_cov_2.103093	119	252	0	133	133	1.0000000
NODE_43458_length_3784_cov_3.684668	3315	3448	1	54	133	0.4060150
NODE_43458_length_3784_cov_3.684668	3315	3448	2	4	133	0.0300752
NODE_43458_length_3784_cov_3.684668	3315	3448	3	68	133	0.5112782
NODE_43458_length_3784_cov_3.684668	3315	3448	4	7	133	0.0526316
NODE_43476_length_3783_cov_4.257872	2780	2913	3	73	133	0.5488722
NODE_43476_length_3783_cov_4.257872	2780	2913	5	1	133	0.0075188
NODE_43476_length_3783_cov_4.257872	2780	2913	6	59	133	0.4436090
NODE_434859_length_389_cov_3.565517	206	339	0	133	133	1.0000000
NODE_434930_length_389_cov_3.017241	235	368	2	47	133	0.3533835
NODE_434930_length_389_cov_3.017241	235	368	4	86	133	0.6466165
NODE_43545_length_3779_cov_4.368207	1718	1851	0	133	133	1.0000000
NODE_435_length_18246_cov_4.966661	13387	13520	0	133	133	1.0000000
NODE_43648_length_3773_cov_4.251225	2917	3050	0	133	133	1.0000000
NODE_43668_length_3772_cov_3.899537	633	766	0	133	133	1.0000000
NODE_436812_length_386_cov_3.114983	70	203	0	133	133	1.0000000
NODE_436_length_18235_cov_5.051996	1075	1208	0	133	133	1.0000000
NODE_43703_length_3771_cov_3.569172	1280	1413	0	133	133	1.0000000
NODE_4371_length_9834_cov_4.572162	2731	2864	2	133	133	1.0000000
NODE_43755_length_3768_cov_4.229218	2616	2749	0	21	133	0.1578947
NODE_43755_length_3768_cov_4.229218	2616	2749	1	32	133	0.2406015
NODE_43755_length_3768_cov_4.229218	2616	2749	2	80	133	0.6015037
NODE_43788_length_3766_cov_4.187074	3416	3549	1	14	133	0.1052632
NODE_43788_length_3766_cov_4.187074	3416	3549	2	119	133	0.8947368
NODE_437_length_18230_cov_4.242072	1782	1915	0	133	133	1.0000000
NODE_43808_length_3765_cov_4.606656	3590	3723	0	133	133	1.0000000
NODE_43821_length_3765_cov_3.034643	1751	1884	0	133	133	1.0000000
NODE_43835_length_3764_cov_4.270941	3371	3504	0	83	133	0.6240602
NODE_43835_length_3764_cov_4.270941	3371	3504	1	33	133	0.2481203
NODE_43835_length_3764_cov_4.270941	3371	3504	2	17	133	0.1278196
NODE_43844_length_3764_cov_3.050750	685	818	0	133	133	1.0000000
NODE_438526_length_383_cov_4.003521	142	275	0	133	133	1.0000000
NODE_43867_length_3762_cov_5.160797	1910	2043	1	99	133	0.7443609
NODE_43867_length_3762_cov_5.160797	1910	2043	2	28	133	0.2105263
NODE_43867_length_3762_cov_5.160797	1910	2043	3	6	133	0.0451128
NODE_43907_length_3760_cov_4.518711	3221	3354	0	8	133	0.0601504
NODE_43907_length_3760_cov_4.518711	3221	3354	1	54	133	0.4060150
NODE_43907_length_3760_cov_4.518711	3221	3354	2	71	133	0.5338346
NODE_439356_length_382_cov_2.445230	0	133	0	133	133	1.0000000
NODE_439409_length_382_cov_2.250883	151	284	0	133	133	1.0000000
NODE_43953_length_3758_cov_3.461328	452	585	0	133	133	1.0000000
NODE_44001_length_3756_cov_3.412633	2484	2617	0	133	133	1.0000000
NODE_44002_length_3756_cov_3.401422	2551	2684	1	21	133	0.1578947
NODE_44002_length_3756_cov_3.401422	2551	2684	2	104	133	0.7819549
NODE_44002_length_3756_cov_3.401422	2551	2684	3	8	133	0.0601504
NODE_44003_length_3756_cov_3.304074	1343	1476	0	133	133	1.0000000
NODE_4400_length_9810_cov_3.552775	5628	5761	0	133	133	1.0000000
NODE_44013_length_3755_cov_5.486050	636	769	0	18	133	0.1353384
NODE_44013_length_3755_cov_5.486050	636	769	2	115	133	0.8646616
NODE_440246_length_381_cov_1.290780	145	278	1	5	133	0.0375940
NODE_440246_length_381_cov_1.290780	145	278	2	128	133	0.9624060
NODE_44051_length_3753_cov_4.992885	3147	3280	0	133	133	1.0000000
NODE_44073_length_3753_cov_3.507937	2568	2701	0	133	133	1.0000000
NODE_44086_length_3752_cov_4.172187	2950	3083	0	133	133	1.0000000
NODE_440_length_18199_cov_4.175912	14762	14895	2	35	133	0.2631579
NODE_440_length_18199_cov_4.175912	14762	14895	4	98	133	0.7368421
NODE_44108_length_3751_cov_3.479189	462	595	0	27	133	0.2030075
NODE_44108_length_3751_cov_3.479189	462	595	2	106	133	0.7969925
NODE_44112_length_3751_cov_2.974535	940	1073	0	133	133	1.0000000
NODE_44164_length_3748_cov_4.351329	1392	1525	0	133	133	1.0000000
NODE_4417_length_9797_cov_4.996082	5060	5193	1	81	133	0.6090226
NODE_4417_length_9797_cov_4.996082	5060	5193	2	52	133	0.3909774
NODE_44201_length_3746_cov_6.548670	3193	3326	0	133	133	1.0000000
NODE_44235_length_3744_cov_4.785185	1432	1565	0	51	133	0.3834586
NODE_44235_length_3744_cov_4.785185	1432	1565	4	82	133	0.6165413
NODE_4424_length_9793_cov_4.465752	2067	2200	2	54	133	0.4060150
NODE_4424_length_9793_cov_4.465752	2067	2200	3	17	133	0.1278196
NODE_4424_length_9793_cov_4.465752	2067	2200	4	62	133	0.4661654
NODE_4425_length_9792_cov_3.858661	3456	3589	0	133	133	1.0000000
NODE_44286_length_3742_cov_3.850124	2140	2273	0	133	133	1.0000000
NODE_4428_length_9789_cov_12.504334	5842	5975	0	35	133	0.2631579
NODE_4428_length_9789_cov_12.504334	5842	5975	1	44	133	0.3308271
NODE_4428_length_9789_cov_12.504334	5842	5975	2	54	133	0.4060150
NODE_443180_length_376_cov_1.844765	22	155	0	133	133	1.0000000
NODE_443598_length_375_cov_2.510870	191	324	0	1	133	0.0075188
NODE_443598_length_375_cov_2.510870	191	324	1	12	133	0.0902256
NODE_443598_length_375_cov_2.510870	191	324	2	120	133	0.9022557
NODE_444021_length_374_cov_5.105455	226	359	0	80	133	0.6015037
NODE_444021_length_374_cov_5.105455	226	359	2	53	133	0.3984962
NODE_44402_length_3736_cov_5.428650	3038	3171	0	133	133	1.0000000
NODE_44404_length_3736_cov_4.944185	2648	2781	0	133	133	1.0000000
NODE_4445_length_9775_cov_4.218995	7815	7948	0	88	133	0.6616541
NODE_4445_length_9775_cov_4.218995	7815	7948	3	45	133	0.3383459
NODE_44464_length_3734_cov_3.724347	438	571	4	45	133	0.3383459
NODE_44464_length_3734_cov_3.724347	438	571	5	77	133	0.5789474
NODE_44464_length_3734_cov_3.724347	438	571	8	11	133	0.0827068
NODE_444925_length_373_cov_2.368613	213	346	0	133	133	1.0000000
NODE_44496_length_3732_cov_4.925406	2182	2315	0	44	133	0.3308271
NODE_44496_length_3732_cov_4.925406	2182	2315	2	20	133	0.1503759
NODE_44496_length_3732_cov_4.925406	2182	2315	4	69	133	0.5187970
NODE_4449_length_9773_cov_4.159293	3303	3436	0	133	133	1.0000000
NODE_44509_length_3731_cov_5.344989	1579	1712	0	56	133	0.4210526
NODE_44509_length_3731_cov_5.344989	1579	1712	1	77	133	0.5789474
NODE_445309_length_372_cov_4.534799	106	239	0	133	133	1.0000000
NODE_44545_length_3730_cov_4.040760	2405	2538	0	133	133	1.0000000
NODE_4454_length_9767_cov_5.154634	8999	9132	1	1	133	0.0075188
NODE_4454_length_9767_cov_5.154634	8999	9132	2	38	133	0.2857143
NODE_4454_length_9767_cov_5.154634	8999	9132	3	94	133	0.7067669
NODE_44580_length_3728_cov_4.581152	682	815	2	11	133	0.0827068
NODE_44580_length_3728_cov_4.581152	682	815	3	28	133	0.2105263
NODE_44580_length_3728_cov_4.581152	682	815	4	2	133	0.0150376
NODE_44580_length_3728_cov_4.581152	682	815	7	5	133	0.0375940
NODE_44580_length_3728_cov_4.581152	682	815	8	60	133	0.4511278
NODE_44580_length_3728_cov_4.581152	682	815	11	27	133	0.2030075
NODE_4458_length_9766_cov_4.578256	760	893	0	133	133	1.0000000
NODE_445_length_18162_cov_4.342523	1922	2055	0	133	133	1.0000000
NODE_4463_length_9764_cov_4.619141	3857	3990	0	41	133	0.3082707
NODE_4463_length_9764_cov_4.619141	3857	3990	1	35	133	0.2631579
NODE_4463_length_9764_cov_4.619141	3857	3990	2	57	133	0.4285714
NODE_446515_length_371_cov_0.933824	221	354	0	26	133	0.1954887
NODE_446515_length_371_cov_0.933824	221	354	1	8	133	0.0601504
NODE_446515_length_371_cov_0.933824	221	354	2	99	133	0.7443609
NODE_44731_length_3721_cov_3.377140	164	297	0	133	133	1.0000000
NODE_44749_length_3720_cov_4.598730	2595	2728	0	25	133	0.1879699
NODE_44749_length_3720_cov_4.598730	2595	2728	2	108	133	0.8120301
NODE_447509_length_369_cov_2.100000	56	189	0	133	133	1.0000000
NODE_44797_length_3718_cov_4.821498	2470	2603	0	133	133	1.0000000
NODE_44817_length_3717_cov_5.076009	781	914	0	133	133	1.0000000
NODE_44821_length_3717_cov_4.115257	2785	2918	0	133	133	1.0000000
NODE_44838_length_3716_cov_5.108377	358	491	0	24	133	0.1804511
NODE_44838_length_3716_cov_5.108377	358	491	2	109	133	0.8195488
NODE_44888_length_3714_cov_4.889073	1309	1442	0	73	133	0.5488722
NODE_44888_length_3714_cov_4.889073	1309	1442	2	60	133	0.4511278
NODE_44904_length_3714_cov_3.614385	3151	3284	0	133	133	1.0000000
NODE_44937_length_3712_cov_4.927207	1811	1944	0	133	133	1.0000000
NODE_44980_length_3710_cov_6.607311	1825	1958	0	3	133	0.0225564
NODE_44980_length_3710_cov_6.607311	1825	1958	2	45	133	0.3383459
NODE_44980_length_3710_cov_6.607311	1825	1958	3	1	133	0.0075188
NODE_44980_length_3710_cov_6.607311	1825	1958	5	12	133	0.0902256
NODE_44980_length_3710_cov_6.607311	1825	1958	6	8	133	0.0601504
NODE_44980_length_3710_cov_6.607311	1825	1958	10	29	133	0.2180451
NODE_44980_length_3710_cov_6.607311	1825	1958	12	35	133	0.2631579
NODE_44981_length_3710_cov_5.938521	488	621	0	133	133	1.0000000
NODE_44991_length_3710_cov_4.526447	2553	2686	0	9	133	0.0676692
NODE_44991_length_3710_cov_4.526447	2553	2686	2	21	133	0.1578947
NODE_44991_length_3710_cov_4.526447	2553	2686	4	103	133	0.7744361
NODE_45048_length_3708_cov_3.407869	2925	3058	0	133	133	1.0000000
NODE_4505_length_9732_cov_4.510329	6886	7019	3	30	133	0.2255639
NODE_4505_length_9732_cov_4.510329	6886	7019	4	11	133	0.0827068
NODE_4505_length_9732_cov_4.510329	6886	7019	5	50	133	0.3759398
NODE_4505_length_9732_cov_4.510329	6886	7019	6	42	133	0.3157895
NODE_45075_length_3706_cov_4.908788	257	390	0	133	133	1.0000000
NODE_45105_length_3705_cov_4.732113	3459	3592	0	133	133	1.0000000
NODE_45122_length_3704_cov_5.127601	2394	2527	0	83	133	0.6240602
NODE_45122_length_3704_cov_5.127601	2394	2527	1	11	133	0.0827068
NODE_45122_length_3704_cov_5.127601	2394	2527	2	39	133	0.2932331
NODE_45159_length_3703_cov_3.777469	1410	1543	0	133	133	1.0000000
NODE_4516_length_9724_cov_3.878442	7522	7655	0	133	133	1.0000000
NODE_4517_length_9723_cov_11.001143	163	296	0	133	133	1.0000000
NODE_451934_length_362_cov_3.030418	41	174	0	133	133	1.0000000
NODE_45201_length_3701_cov_4.499167	2429	2562	1	77	133	0.5789474
NODE_45201_length_3701_cov_4.499167	2429	2562	2	56	133	0.4210526
NODE_4520_length_9721_cov_3.257951	5375	5508	0	133	133	1.0000000
NODE_452407_length_362_cov_1.433460	152	285	3	23	133	0.1729323
NODE_452407_length_362_cov_1.433460	152	285	4	15	133	0.1127820
NODE_452407_length_362_cov_1.433460	152	285	5	23	133	0.1729323
NODE_452407_length_362_cov_1.433460	152	285	7	58	133	0.4360902
NODE_452407_length_362_cov_1.433460	152	285	8	14	133	0.1052632
NODE_45255_length_3698_cov_5.509864	244	377	0	133	133	1.0000000
NODE_452563_length_361_cov_3.503817	210	343	0	133	133	1.0000000
NODE_45270_length_3698_cov_3.677133	3024	3157	1	78	133	0.5864662
NODE_45270_length_3698_cov_3.677133	3024	3157	2	55	133	0.4135338
NODE_45273_length_3697_cov_12.907449	2675	2808	0	133	133	1.0000000
NODE_4527_length_9713_cov_4.625130	7527	7660	0	133	133	1.0000000
NODE_45310_length_3696_cov_4.161245	2536	2669	0	133	133	1.0000000
NODE_4531_length_9709_cov_16.018314	5323	5456	0	133	133	1.0000000
NODE_4533_length_9709_cov_4.474194	6223	6356	0	85	133	0.6390978
NODE_4533_length_9709_cov_4.474194	6223	6356	2	48	133	0.3609022
NODE_453511_length_360_cov_2.072797	34	167	0	63	133	0.4736842
NODE_453511_length_360_cov_2.072797	34	167	3	70	133	0.5263158
NODE_45376_length_3693_cov_5.215359	3236	3369	1	23	133	0.1729323
NODE_45376_length_3693_cov_5.215359	3236	3369	2	110	133	0.8270677
NODE_4537_length_9706_cov_4.816904	7845	7978	0	133	133	1.0000000
NODE_45419_length_3691_cov_4.854677	1514	1647	0	133	133	1.0000000
NODE_45473_length_3689_cov_3.212535	2306	2439	0	133	133	1.0000000
NODE_45485_length_3688_cov_4.478685	796	929	0	133	133	1.0000000
NODE_4549_length_9700_cov_5.365483	4006	4139	0	133	133	1.0000000
NODE_45510_length_3687_cov_3.082497	1804	1937	0	133	133	1.0000000
NODE_45551_length_3685_cov_3.584216	685	818	0	133	133	1.0000000
NODE_45561_length_3684_cov_4.935286	1767	1900	0	133	133	1.0000000
NODE_45564_length_3684_cov_4.809484	1595	1728	0	29	133	0.2180451
NODE_45564_length_3684_cov_4.809484	1595	1728	1	11	133	0.0827068
NODE_45564_length_3684_cov_4.809484	1595	1728	2	93	133	0.6992481
NODE_45567_length_3684_cov_4.562064	1422	1555	0	71	133	0.5338346
NODE_45567_length_3684_cov_4.562064	1422	1555	2	62	133	0.4661654
NODE_45603_length_3683_cov_3.372489	2696	2829	0	133	133	1.0000000
NODE_456_length_18043_cov_4.649744	623	756	0	22	133	0.1654135
NODE_456_length_18043_cov_4.649744	623	756	2	70	133	0.5263158
NODE_456_length_18043_cov_4.649744	623	756	4	41	133	0.3082707
NODE_457532_length_354_cov_2.400000	151	284	0	133	133	1.0000000
NODE_45763_length_3676_cov_3.634330	783	916	0	133	133	1.0000000
NODE_457_length_18042_cov_4.266399	15173	15306	0	133	133	1.0000000
NODE_45907_length_3670_cov_3.195743	2465	2598	0	8	133	0.0601504
NODE_45907_length_3670_cov_3.195743	2465	2598	1	45	133	0.3383459
NODE_45907_length_3670_cov_3.195743	2465	2598	2	80	133	0.6015037
NODE_459_length_18011_cov_4.576597	14393	14526	0	133	133	1.0000000
NODE_45_length_28321_cov_4.398909	3613	3746	0	133	133	1.0000000
NODE_46004_length_3665_cov_4.453449	165	298	0	133	133	1.0000000
NODE_46016_length_3664_cov_4.668724	283	416	0	2	133	0.0150376
NODE_46016_length_3664_cov_4.668724	283	416	3	89	133	0.6691729
NODE_46016_length_3664_cov_4.668724	283	416	5	1	133	0.0075188
NODE_46016_length_3664_cov_4.668724	283	416	6	41	133	0.3082707
NODE_4606_length_9660_cov_4.109403	304	437	0	133	133	1.0000000
NODE_460749_length_349_cov_6.248000	175	308	0	48	133	0.3609022
NODE_460749_length_349_cov_6.248000	175	308	1	3	133	0.0225564
NODE_460749_length_349_cov_6.248000	175	308	11	82	133	0.6165413
NODE_4607_length_9660_cov_3.951156	7175	7308	0	133	133	1.0000000
NODE_46085_length_3662_cov_3.373562	1733	1866	0	27	133	0.2030075
NODE_46085_length_3662_cov_3.373562	1733	1866	1	15	133	0.1127820
NODE_46085_length_3662_cov_3.373562	1733	1866	3	91	133	0.6842105
NODE_4610_length_9659_cov_4.769665	2502	2635	0	133	133	1.0000000
NODE_46121_length_3660_cov_5.112609	3134	3267	0	133	133	1.0000000
NODE_46122_length_3660_cov_4.980904	2649	2782	0	133	133	1.0000000
NODE_46144_length_3660_cov_3.317327	2554	2687	0	133	133	1.0000000
NODE_4614_length_9654_cov_3.952695	6160	6293	0	133	133	1.0000000
NODE_46188_length_3658_cov_3.960944	2326	2459	0	1	133	0.0075188
NODE_46188_length_3658_cov_3.960944	2326	2459	1	1	133	0.0075188
NODE_46188_length_3658_cov_3.960944	2326	2459	2	1	133	0.0075188
NODE_46188_length_3658_cov_3.960944	2326	2459	3	12	133	0.0902256
NODE_46188_length_3658_cov_3.960944	2326	2459	4	38	133	0.2857143
NODE_46188_length_3658_cov_3.960944	2326	2459	7	80	133	0.6015037
NODE_46203_length_3657_cov_5.766442	2683	2816	0	4	133	0.0300752
NODE_46203_length_3657_cov_5.766442	2683	2816	1	59	133	0.4436090
NODE_46203_length_3657_cov_5.766442	2683	2816	2	10	133	0.0751880
NODE_46203_length_3657_cov_5.766442	2683	2816	3	37	133	0.2781955
NODE_46203_length_3657_cov_5.766442	2683	2816	4	23	133	0.1729323
NODE_4627_length_9648_cov_5.487590	5978	6111	0	133	133	1.0000000
NODE_46287_length_3654_cov_4.601406	331	464	0	133	133	1.0000000
NODE_46301_length_3653_cov_7.030670	2540	2673	0	133	133	1.0000000
NODE_463189_length_346_cov_1.821862	203	336	0	133	133	1.0000000
NODE_46320_length_3653_cov_3.849184	560	693	0	133	133	1.0000000
NODE_46326_length_3653_cov_3.462859	3318	3451	0	133	133	1.0000000
NODE_4637_length_9641_cov_5.286523	811	944	0	1	133	0.0075188
NODE_4637_length_9641_cov_5.286523	811	944	3	115	133	0.8646616
NODE_4637_length_9641_cov_5.286523	811	944	5	17	133	0.1278196
NODE_46391_length_3650_cov_3.762884	126	259	0	133	133	1.0000000
NODE_46425_length_3648_cov_5.544379	187	320	0	133	133	1.0000000
NODE_464_length_17953_cov_4.725720	9946	10079	0	133	133	1.0000000
NODE_46610_length_3641_cov_3.092038	1954	2087	0	7	133	0.0526316
NODE_46610_length_3641_cov_3.092038	1954	2087	2	97	133	0.7293233
NODE_46610_length_3641_cov_3.092038	1954	2087	3	29	133	0.2180451
NODE_466466_length_341_cov_2.578512	146	279	0	8	133	0.0601504
NODE_466466_length_341_cov_2.578512	146	279	4	125	133	0.9398496
NODE_4664_length_9620_cov_5.297868	285	418	0	133	133	1.0000000
NODE_4666_length_9619_cov_3.824685	2637	2770	0	133	133	1.0000000
NODE_466885_length_341_cov_1.338843	118	251	0	133	133	1.0000000
NODE_46734_length_3636_cov_4.872491	1971	2104	0	133	133	1.0000000
NODE_46745_length_3636_cov_3.866836	1761	1894	0	133	133	1.0000000
NODE_4675_length_9609_cov_20.687487	7118	7251	0	133	133	1.0000000
NODE_467803_length_339_cov_2.870833	44	177	2	51	133	0.3834586
NODE_467803_length_339_cov_2.870833	44	177	4	82	133	0.6165413
NODE_467894_length_339_cov_2.520833	144	277	2	133	133	1.0000000
NODE_46802_length_3633_cov_20.384550	2224	2357	0	53	133	0.3984962
NODE_46802_length_3633_cov_20.384550	2224	2357	2	80	133	0.6015037
NODE_468093_length_339_cov_1.900000	125	258	0	133	133	1.0000000
NODE_46842_length_3632_cov_3.325785	3	136	0	133	133	1.0000000
NODE_4689_length_9600_cov_5.373013	4186	4319	0	133	133	1.0000000
NODE_46903_length_3629_cov_5.184703	2102	2235	0	83	133	0.6240602
NODE_46903_length_3629_cov_5.184703	2102	2235	1	2	133	0.0150376
NODE_46903_length_3629_cov_5.184703	2102	2235	2	48	133	0.3609022
NODE_46933_length_3628_cov_4.002834	2288	2421	0	133	133	1.0000000
NODE_4695_length_9595_cov_3.860889	6299	6432	0	133	133	1.0000000
NODE_4696_length_9594_cov_4.670879	3868	4001	0	16	133	0.1203008
NODE_4696_length_9594_cov_4.670879	3868	4001	1	117	133	0.8796992
NODE_47009_length_3625_cov_3.823313	110	243	0	133	133	1.0000000
NODE_47073_length_3622_cov_4.785126	2338	2471	0	133	133	1.0000000
NODE_4707_length_9588_cov_4.221941	645	778	0	133	133	1.0000000
NODE_47090_length_3622_cov_3.349702	834	967	0	3	133	0.0225564
NODE_47090_length_3622_cov_3.349702	834	967	2	51	133	0.3834586
NODE_47090_length_3622_cov_3.349702	834	967	4	79	133	0.5939850
NODE_47096_length_3621_cov_4.940091	2311	2444	0	133	133	1.0000000
NODE_470_length_17889_cov_3.606352	5870	6003	0	133	133	1.0000000
NODE_47149_length_3619_cov_4.415341	115	248	1	38	133	0.2857143
NODE_47149_length_3619_cov_4.415341	115	248	2	95	133	0.7142857
NODE_47181_length_3618_cov_3.661552	303	436	0	133	133	1.0000000
NODE_4718_length_9582_cov_4.172836	1741	1874	1	1	133	0.0075188
NODE_4718_length_9582_cov_4.172836	1741	1874	2	132	133	0.9924812
NODE_47244_length_3615_cov_4.236917	156	289	0	133	133	1.0000000
NODE_47263_length_3614_cov_5.139687	1372	1505	0	133	133	1.0000000
NODE_472_length_17863_cov_4.575039	1051	1184	0	133	133	1.0000000
NODE_47313_length_3612_cov_3.198406	2302	2435	0	133	133	1.0000000
NODE_47353_length_3610_cov_3.782683	3400	3533	0	133	133	1.0000000
NODE_47388_length_3608_cov_4.791964	153	286	0	133	133	1.0000000
NODE_47390_length_3608_cov_4.403534	793	926	0	43	133	0.3233083
NODE_47390_length_3608_cov_4.403534	793	926	2	90	133	0.6766917
NODE_47399_length_3608_cov_3.856369	1776	1909	0	133	133	1.0000000
NODE_473_length_17859_cov_10.423029	10026	10159	2	133	133	1.0000000
NODE_47406_length_3608_cov_3.046167	1759	1892	0	133	133	1.0000000
NODE_4741_length_9567_cov_3.896388	767	900	0	133	133	1.0000000
NODE_47497_length_3604_cov_4.264765	1931	2064	0	9	133	0.0676692
NODE_47497_length_3604_cov_4.264765	1931	2064	1	4	133	0.0300752
NODE_47497_length_3604_cov_4.264765	1931	2064	5	120	133	0.9022557
NODE_47514_length_3603_cov_4.863299	199	332	0	133	133	1.0000000
NODE_4753_length_9555_cov_3.838198	6806	6939	1	93	133	0.6992481
NODE_4753_length_9555_cov_3.838198	6806	6939	2	40	133	0.3007519
NODE_475451_length_329_cov_1.952174	114	247	0	133	133	1.0000000
NODE_47568_length_3601_cov_4.068532	394	527	0	133	133	1.0000000
NODE_47594_length_3600_cov_3.764639	1918	2051	0	133	133	1.0000000
NODE_475986_length_328_cov_2.593886	254	387	0	133	133	1.0000000
NODE_475_length_17832_cov_4.716461	9315	9448	1	2	133	0.0150376
NODE_475_length_17832_cov_4.716461	9315	9448	2	116	133	0.8721805
NODE_475_length_17832_cov_4.716461	9315	9448	3	15	133	0.1127820
NODE_47614_length_3599_cov_4.230000	2236	2369	2	78	133	0.5864662
NODE_47614_length_3599_cov_4.230000	2236	2369	4	55	133	0.4135338
NODE_4761_length_9550_cov_4.459846	3547	3680	0	133	133	1.0000000
NODE_4771_length_9541_cov_5.497140	5259	5392	0	133	133	1.0000000
NODE_47760_length_3592_cov_4.861437	1914	2047	0	133	133	1.0000000
NODE_4778_length_9539_cov_18.432733	6772	6905	0	49	133	0.3684210
NODE_4778_length_9539_cov_18.432733	6772	6905	3	47	133	0.3533835
NODE_4778_length_9539_cov_18.432733	6772	6905	4	5	133	0.0375940
NODE_4778_length_9539_cov_18.432733	6772	6905	7	32	133	0.2406015
NODE_47899_length_3586_cov_4.282191	1183	1316	0	133	133	1.0000000
NODE_47902_length_3586_cov_4.035274	2436	2569	0	133	133	1.0000000
NODE_47923_length_3585_cov_4.804073	1573	1706	0	133	133	1.0000000
NODE_47940_length_3585_cov_2.904188	2061	2194	0	133	133	1.0000000
NODE_479449_length_324_cov_1.795556	152	285	0	133	133	1.0000000
NODE_48015_length_3581_cov_5.797243	2031	2164	0	28	133	0.2105263
NODE_48015_length_3581_cov_5.797243	2031	2164	1	35	133	0.2631579
NODE_48015_length_3581_cov_5.797243	2031	2164	2	70	133	0.5263158
NODE_48019_length_3581_cov_4.646468	2418	2551	0	133	133	1.0000000
NODE_4802_length_9526_cov_4.591599	9056	9189	0	133	133	1.0000000
NODE_48080_length_3579_cov_2.907471	895	1028	0	133	133	1.0000000
NODE_48111_length_3577_cov_4.694940	3183	3316	0	133	133	1.0000000
NODE_48143_length_3576_cov_3.294219	921	1054	6	24	133	0.1804511
NODE_48143_length_3576_cov_3.294219	921	1054	7	9	133	0.0676692
NODE_48143_length_3576_cov_3.294219	921	1054	8	90	133	0.6766917
NODE_48143_length_3576_cov_3.294219	921	1054	10	10	133	0.0751880
NODE_48189_length_3574_cov_3.058417	407	540	0	133	133	1.0000000
NODE_481_length_17789_cov_4.447711	4606	4739	0	133	133	1.0000000
NODE_4829_length_9514_cov_3.842910	8785	8918	0	133	133	1.0000000
NODE_4838_length_9506_cov_4.501116	5068	5201	2	133	133	1.0000000
NODE_48405_length_3564_cov_5.062915	1408	1541	0	133	133	1.0000000
NODE_48430_length_3563_cov_4.685335	873	1006	0	133	133	1.0000000
NODE_484320_length_318_cov_1.698630	245	378	0	133	133	1.0000000
NODE_484332_length_318_cov_1.643836	198	331	0	44	133	0.3308271
NODE_484332_length_318_cov_1.643836	198	331	2	89	133	0.6691729
NODE_48447_length_3562_cov_5.516315	1615	1748	0	58	133	0.4360902
NODE_48447_length_3562_cov_5.516315	1615	1748	1	75	133	0.5639098
NODE_48517_length_3559_cov_4.104046	2749	2882	0	36	133	0.2706767
NODE_48517_length_3559_cov_4.104046	2749	2882	1	97	133	0.7293233
NODE_48542_length_3558_cov_2.318878	2654	2787	0	133	133	1.0000000
NODE_48546_length_3557_cov_5.609890	359	492	0	133	133	1.0000000
NODE_48565_length_3557_cov_3.299595	3238	3371	0	133	133	1.0000000
NODE_48601_length_3555_cov_4.317708	381	514	0	133	133	1.0000000
NODE_48617_length_3554_cov_5.059045	3005	3138	1	5	133	0.0375940
NODE_48617_length_3554_cov_5.059045	3005	3138	2	23	133	0.1729323
NODE_48617_length_3554_cov_5.059045	3005	3138	3	105	133	0.7894737
NODE_48663_length_3552_cov_5.356502	2875	3008	0	28	133	0.2105263
NODE_48663_length_3552_cov_5.356502	2875	3008	2	10	133	0.0751880
NODE_48663_length_3552_cov_5.356502	2875	3008	4	95	133	0.7142857
NODE_48699_length_3551_cov_3.345307	1506	1639	0	133	133	1.0000000
NODE_48709_length_3550_cov_4.475514	2789	2922	1	43	133	0.3233083
NODE_48709_length_3550_cov_4.475514	2789	2922	2	90	133	0.6766917
NODE_48719_length_3550_cov_3.019125	112	245	0	133	133	1.0000000
NODE_48750_length_3548_cov_4.423891	1889	2022	0	9	133	0.0676692
NODE_48750_length_3548_cov_4.423891	1889	2022	1	11	133	0.0827068
NODE_48750_length_3548_cov_4.423891	1889	2022	2	113	133	0.8496240
NODE_48771_length_3547_cov_4.789153	2792	2925	0	24	133	0.1804511
NODE_48771_length_3547_cov_4.789153	2792	2925	1	109	133	0.8195488
NODE_48817_length_3545_cov_4.845328	149	282	0	133	133	1.0000000
NODE_48819_length_3545_cov_4.612594	122	255	0	133	133	1.0000000
NODE_48931_length_3540_cov_4.131648	2429	2562	0	115	133	0.8646616
NODE_48931_length_3540_cov_4.131648	2429	2562	1	18	133	0.1353384
NODE_489708_length_311_cov_3.594340	34	167	0	133	133	1.0000000
NODE_48995_length_3538_cov_3.587962	109	242	0	133	133	1.0000000
NODE_489_length_17736_cov_4.985031	8170	8303	0	133	133	1.0000000
NODE_48_length_28031_cov_4.317414	10854	10987	0	50	133	0.3759398
NODE_48_length_28031_cov_4.317414	10854	10987	1	43	133	0.3233083
NODE_48_length_28031_cov_4.317414	10854	10987	2	40	133	0.3007519
NODE_49006_length_3537_cov_7.258581	263	396	0	133	133	1.0000000
NODE_49053_length_3535_cov_5.226135	2886	3019	0	133	133	1.0000000
NODE_49078_length_3534_cov_4.752838	176	309	0	86	133	0.6466165
NODE_49078_length_3534_cov_4.752838	176	309	2	47	133	0.3533835
NODE_49086_length_3534_cov_4.307424	1239	1372	1	28	133	0.2105263
NODE_49086_length_3534_cov_4.307424	1239	1372	2	105	133	0.7894737
NODE_4913_length_9465_cov_5.024984	1792	1925	0	10	133	0.0751880
NODE_4913_length_9465_cov_5.024984	1792	1925	1	54	133	0.4060150
NODE_4913_length_9465_cov_5.024984	1792	1925	2	69	133	0.5187970
NODE_49140_length_3532_cov_4.102534	548	681	0	131	133	0.9849624
NODE_49140_length_3532_cov_4.102534	548	681	2	2	133	0.0150376
NODE_49181_length_3530_cov_4.554940	1932	2065	0	133	133	1.0000000
NODE_49196_length_3529_cov_5.891254	1008	1141	0	133	133	1.0000000
NODE_49221_length_3529_cov_3.163848	2974	3107	0	133	133	1.0000000
NODE_49250_length_3527_cov_5.092765	839	972	0	48	133	0.3609022
NODE_49250_length_3527_cov_5.092765	839	972	1	72	133	0.5413534
NODE_49250_length_3527_cov_5.092765	839	972	2	13	133	0.0977444
NODE_49297_length_3525_cov_6.142148	1130	1263	0	133	133	1.0000000
NODE_49316_length_3525_cov_3.644191	739	872	0	133	133	1.0000000
NODE_4931_length_9457_cov_3.899765	5638	5771	3	96	133	0.7218045
NODE_4931_length_9457_cov_3.899765	5638	5771	6	37	133	0.2781955
NODE_4932_length_9457_cov_3.807651	8335	8468	0	52	133	0.3909774
NODE_4932_length_9457_cov_3.807651	8335	8468	2	81	133	0.6090226
NODE_4934_length_9456_cov_3.874212	5557	5690	0	133	133	1.0000000
NODE_493645_length_307_cov_1.701923	30	163	0	133	133	1.0000000
NODE_493835_length_307_cov_1.216346	107	240	0	133	133	1.0000000
NODE_49407_length_3521_cov_4.941847	2116	2249	0	9	133	0.0676692
NODE_49407_length_3521_cov_4.941847	2116	2249	2	8	133	0.0601504
NODE_49407_length_3521_cov_4.941847	2116	2249	3	44	133	0.3308271
NODE_49407_length_3521_cov_4.941847	2116	2249	4	72	133	0.5413534
NODE_49419_length_3521_cov_3.201929	1813	1946	0	133	133	1.0000000
NODE_49433_length_3520_cov_3.893306	1663	1796	0	133	133	1.0000000
NODE_4944_length_9448_cov_4.807787	7395	7528	0	133	133	1.0000000
NODE_494646_length_306_cov_1.415459	130	263	0	4	133	0.0300752
NODE_494646_length_306_cov_1.415459	130	263	2	36	133	0.2706767
NODE_494646_length_306_cov_1.415459	130	263	3	15	133	0.1127820
NODE_494646_length_306_cov_1.415459	130	263	5	27	133	0.2030075
NODE_494646_length_306_cov_1.415459	130	263	6	51	133	0.3834586
NODE_49488_length_3517_cov_4.306905	2555	2688	0	133	133	1.0000000
NODE_4949_length_9446_cov_4.178988	3834	3967	0	21	133	0.1578947
NODE_4949_length_9446_cov_4.178988	3834	3967	2	61	133	0.4586466
NODE_4949_length_9446_cov_4.178988	3834	3967	3	1	133	0.0075188
NODE_4949_length_9446_cov_4.178988	3834	3967	4	50	133	0.3759398
NODE_4958_length_9440_cov_3.744567	2777	2910	1	21	133	0.1578947
NODE_4958_length_9440_cov_3.744567	2777	2910	2	20	133	0.1503759
NODE_4958_length_9440_cov_3.744567	2777	2910	3	35	133	0.2631579
NODE_4958_length_9440_cov_3.744567	2777	2910	4	57	133	0.4285714
NODE_496697_length_303_cov_4.475490	161	294	0	20	133	0.1503759
NODE_496697_length_303_cov_4.475490	161	294	4	113	133	0.8496240
NODE_49700_length_3510_cov_4.026385	1716	1849	0	133	133	1.0000000
NODE_49718_length_3509_cov_5.398827	2476	2609	0	133	133	1.0000000
NODE_49764_length_3507_cov_4.877347	447	580	0	133	133	1.0000000
NODE_49788_length_3506_cov_4.981802	1026	1159	0	133	133	1.0000000
NODE_4980_length_9424_cov_10.645147	6326	6459	1	29	133	0.2180451
NODE_4980_length_9424_cov_10.645147	6326	6459	2	104	133	0.7819549
NODE_49818_length_3505_cov_4.189078	2768	2901	0	133	133	1.0000000
NODE_49838_length_3505_cov_2.982971	2353	2486	0	133	133	1.0000000
NODE_49846_length_3504_cov_4.708076	2358	2491	0	133	133	1.0000000
NODE_49848_length_3504_cov_4.604993	2079	2212	0	40	133	0.3007519
NODE_49848_length_3504_cov_4.604993	2079	2212	1	1	133	0.0075188
NODE_49848_length_3504_cov_4.604993	2079	2212	2	92	133	0.6917293
NODE_49866_length_3504_cov_2.999413	137	270	1	55	133	0.4135338
NODE_49866_length_3504_cov_2.999413	137	270	2	31	133	0.2330827
NODE_49866_length_3504_cov_2.999413	137	270	3	47	133	0.3533835
NODE_4990_length_9418_cov_4.771220	6973	7106	0	133	133	1.0000000
NODE_4_length_42968_cov_4.491707	27868	28001	0	133	133	1.0000000
NODE_50026_length_3497_cov_4.236610	2337	2470	0	81	133	0.6090226
NODE_50026_length_3497_cov_4.236610	2337	2470	3	52	133	0.3909774
NODE_50031_length_3497_cov_3.487345	2438	2571	1	38	133	0.2857143
NODE_50031_length_3497_cov_3.487345	2438	2571	2	95	133	0.7142857
NODE_50043_length_3496_cov_5.429202	1132	1265	0	133	133	1.0000000
NODE_50048_length_3496_cov_4.805417	3071	3204	1	8	133	0.0601504
NODE_50048_length_3496_cov_4.805417	3071	3204	2	125	133	0.9398496
NODE_50054_length_3496_cov_3.867530	1686	1819	0	133	133	1.0000000
NODE_50066_length_3495_cov_5.513545	2087	2220	0	133	133	1.0000000
NODE_5006_length_9412_cov_4.205627	4426	4559	0	133	133	1.0000000
NODE_50083_length_3495_cov_3.949352	1745	1878	0	133	133	1.0000000
NODE_5009_length_9410_cov_4.502953	5340	5473	0	133	133	1.0000000
NODE_50102_length_3494_cov_5.091016	799	932	1	125	133	0.9398496
NODE_50102_length_3494_cov_5.091016	799	932	2	8	133	0.0601504
NODE_5016_length_9408_cov_5.333011	1135	1268	0	133	133	1.0000000
NODE_50226_length_3489_cov_4.692035	184	317	0	133	133	1.0000000
NODE_50237_length_3489_cov_3.791740	2942	3075	0	133	133	1.0000000
NODE_50247_length_3489_cov_3.390855	281	414	0	133	133	1.0000000
NODE_50262_length_3488_cov_3.830038	1758	1891	0	133	133	1.0000000
NODE_5027_length_9402_cov_4.046114	5663	5796	0	16	133	0.1203008
NODE_5027_length_9402_cov_4.046114	5663	5796	2	117	133	0.8796992
NODE_50316_length_3485_cov_5.960130	1629	1762	0	16	133	0.1203008
NODE_50316_length_3485_cov_5.960130	1629	1762	1	24	133	0.1804511
NODE_50316_length_3485_cov_5.960130	1629	1762	2	93	133	0.6992481
NODE_50327_length_3485_cov_4.007088	830	963	0	133	133	1.0000000
NODE_50351_length_3484_cov_4.061743	1316	1449	0	133	133	1.0000000
NODE_503647_length_296_cov_2.192893	120	253	0	133	133	1.0000000
NODE_503_length_17624_cov_4.295806	10280	10413	0	133	133	1.0000000
NODE_50428_length_3481_cov_3.869604	1909	2042	0	133	133	1.0000000
NODE_50458_length_3480_cov_3.951494	2441	2574	0	65	133	0.4887218
NODE_50458_length_3480_cov_3.951494	2441	2574	4	68	133	0.5112782
NODE_504752_length_295_cov_2.005102	128	261	0	133	133	1.0000000
NODE_50478_length_3479_cov_4.825740	2876	3009	0	133	133	1.0000000
NODE_5048_length_9392_cov_5.359195	1809	1942	0	133	133	1.0000000
NODE_5051_length_9390_cov_5.321924	4537	4670	1	17	133	0.1278196
NODE_5051_length_9390_cov_5.321924	4537	4670	3	81	133	0.6090226
NODE_5051_length_9390_cov_5.321924	4537	4670	4	35	133	0.2631579
NODE_50535_length_3477_cov_4.147425	3133	3266	2	1	133	0.0075188
NODE_50535_length_3477_cov_4.147425	3133	3266	3	45	133	0.3383459
NODE_50535_length_3477_cov_4.147425	3133	3266	5	1	133	0.0075188
NODE_50535_length_3477_cov_4.147425	3133	3266	6	86	133	0.6466165
NODE_50538_length_3477_cov_3.964180	2666	2799	0	133	133	1.0000000
NODE_505687_length_294_cov_2.107692	113	246	0	41	133	0.3082707
NODE_505687_length_294_cov_2.107692	113	246	1	92	133	0.6917293
NODE_505_length_17613_cov_7.193959	10033	10166	0	133	133	1.0000000
NODE_50613_length_3474_cov_4.718519	1078	1211	0	13	133	0.0977444
NODE_50613_length_3474_cov_4.718519	1078	1211	1	20	133	0.1503759
NODE_50613_length_3474_cov_4.718519	1078	1211	2	100	133	0.7518797
NODE_50623_length_3474_cov_3.635852	1488	1621	0	133	133	1.0000000
NODE_50658_length_3472_cov_4.668544	404	537	0	133	133	1.0000000
NODE_5065_length_9385_cov_5.199332	2226	2359	0	133	133	1.0000000
NODE_506758_length_293_cov_1.994845	218	351	0	133	133	1.0000000
NODE_50700_length_3471_cov_3.481020	3035	3168	0	133	133	1.0000000
NODE_50738_length_3469_cov_3.923145	2437	2570	0	133	133	1.0000000
NODE_50756_length_3468_cov_5.086376	2769	2902	0	133	133	1.0000000
NODE_50763_length_3468_cov_4.135649	2137	2270	0	28	133	0.2105263
NODE_50763_length_3468_cov_4.135649	2137	2270	1	47	133	0.3533835
NODE_50763_length_3468_cov_4.135649	2137	2270	2	58	133	0.4360902
NODE_5076_length_9378_cov_3.610734	6393	6526	0	133	133	1.0000000
NODE_507_length_17600_cov_5.677676	8889	9022	0	133	133	1.0000000
NODE_5081_length_9375_cov_4.046248	5848	5981	0	133	133	1.0000000
NODE_5084_length_9372_cov_5.540278	1736	1869	0	35	133	0.2631579
NODE_5084_length_9372_cov_5.540278	1736	1869	2	40	133	0.3007519
NODE_5084_length_9372_cov_5.540278	1736	1869	4	58	133	0.4360902
NODE_509055_length_291_cov_1.432292	151	284	0	133	133	1.0000000
NODE_50928_length_3461_cov_4.997620	52	185	0	133	133	1.0000000
NODE_50957_length_3461_cov_3.304283	2455	2588	0	133	133	1.0000000
NODE_50970_length_3460_cov_3.357929	2245	2378	2	66	133	0.4962406
NODE_50970_length_3460_cov_3.357929	2245	2378	4	67	133	0.5037594
NODE_50989_length_3459_cov_4.191071	895	1028	0	133	133	1.0000000
NODE_50_length_27867_cov_4.528882	14143	14276	1	78	133	0.5864662
NODE_50_length_27867_cov_4.528882	14143	14276	2	55	133	0.4135338
NODE_51025_length_3457_cov_4.791245	804	937	0	133	133	1.0000000
NODE_51031_length_3457_cov_4.249256	3232	3365	0	21	133	0.1578947
NODE_51031_length_3457_cov_4.249256	3232	3365	2	32	133	0.2406015
NODE_51031_length_3457_cov_4.249256	3232	3365	4	22	133	0.1654135
NODE_51031_length_3457_cov_4.249256	3232	3365	5	20	133	0.1503759
NODE_51031_length_3457_cov_4.249256	3232	3365	11	21	133	0.1578947
NODE_51031_length_3457_cov_4.249256	3232	3365	13	17	133	0.1278196
NODE_510694_length_289_cov_2.357895	0	133	0	133	133	1.0000000
NODE_5107_length_9357_cov_3.789695	6942	7075	0	133	133	1.0000000
NODE_51087_length_3454_cov_48.702832	2700	2833	0	133	133	1.0000000
NODE_5109_length_9355_cov_5.558124	5736	5869	0	133	133	1.0000000
NODE_510_length_17560_cov_12.462173	1940	2073	0	133	133	1.0000000
NODE_5110_length_9355_cov_4.395527	3773	3906	0	133	133	1.0000000
NODE_51130_length_3453_cov_3.785033	308	441	3	27	133	0.2030075
NODE_51130_length_3453_cov_3.785033	308	441	4	4	133	0.0300752
NODE_51130_length_3453_cov_3.785033	308	441	5	2	133	0.0150376
NODE_51130_length_3453_cov_3.785033	308	441	6	13	133	0.0977444
NODE_51130_length_3453_cov_3.785033	308	441	7	80	133	0.6015037
NODE_51130_length_3453_cov_3.785033	308	441	8	7	133	0.0526316
NODE_511555_length_288_cov_2.899471	149	282	0	133	133	1.0000000
NODE_5117_length_9352_cov_15.156166	2202	2335	0	34	133	0.2556391
NODE_5117_length_9352_cov_15.156166	2202	2335	1	99	133	0.7443609
NODE_51213_length_3449_cov_5.364478	2266	2399	1	81	133	0.6090226
NODE_51213_length_3449_cov_5.364478	2266	2399	2	52	133	0.3909774
NODE_5122_length_9351_cov_5.240489	2778	2911	0	133	133	1.0000000
NODE_51262_length_3448_cov_3.524933	2435	2568	0	133	133	1.0000000
NODE_513035_length_287_cov_1.898936	136	269	0	133	133	1.0000000
NODE_5130_length_9348_cov_4.353768	7840	7973	0	120	133	0.9022557
NODE_5130_length_9348_cov_4.353768	7840	7973	1	13	133	0.0977444
NODE_51327_length_3445_cov_4.971608	403	536	0	133	133	1.0000000
NODE_513498_length_287_cov_0.994681	38	171	0	32	133	0.2406015
NODE_513498_length_287_cov_0.994681	38	171	2	17	133	0.1278196
NODE_513498_length_287_cov_0.994681	38	171	4	84	133	0.6315789
NODE_51351_length_3445_cov_3.158996	1844	1977	0	133	133	1.0000000
NODE_51389_length_3443_cov_4.979366	733	866	0	133	133	1.0000000
NODE_51403_length_3443_cov_3.956340	794	927	3	18	133	0.1353384
NODE_51403_length_3443_cov_3.956340	794	927	5	54	133	0.4060150
NODE_51403_length_3443_cov_3.956340	794	927	6	54	133	0.4060150
NODE_51403_length_3443_cov_3.956340	794	927	7	7	133	0.0526316
NODE_51502_length_3439_cov_6.123054	2009	2142	0	16	133	0.1203008
NODE_51502_length_3439_cov_6.123054	2009	2142	1	117	133	0.8796992
NODE_51511_length_3439_cov_4.630539	2765	2898	0	133	133	1.0000000
NODE_5155_length_9332_cov_5.643886	5877	6010	2	133	133	1.0000000
NODE_51583_length_3437_cov_3.658179	2467	2600	0	133	133	1.0000000
NODE_51593_length_3436_cov_4.855259	1291	1424	0	39	133	0.2932331
NODE_51593_length_3436_cov_4.855259	1291	1424	1	8	133	0.0601504
NODE_51593_length_3436_cov_4.855259	1291	1424	2	86	133	0.6466165
NODE_51609_length_3436_cov_3.665868	2734	2867	0	133	133	1.0000000
NODE_5163_length_9329_cov_3.309642	9018	9151	1	128	133	0.9624060
NODE_5163_length_9329_cov_3.309642	9018	9151	2	5	133	0.0375940
NODE_51716_length_3432_cov_12.680468	2253	2386	0	133	133	1.0000000
NODE_51723_length_3432_cov_4.690969	3046	3179	0	19	133	0.1428571
NODE_51723_length_3432_cov_4.690969	3046	3179	1	15	133	0.1127820
NODE_51723_length_3432_cov_4.690969	3046	3179	2	99	133	0.7443609
NODE_51731_length_3432_cov_3.967897	2651	2784	0	133	133	1.0000000
NODE_51753_length_3431_cov_4.561224	467	600	0	133	133	1.0000000
NODE_51795_length_3429_cov_4.536937	2568	2701	0	133	133	1.0000000
NODE_517_length_17492_cov_4.887024	3020	3153	2	30	133	0.2255639
NODE_517_length_17492_cov_4.887024	3020	3153	3	103	133	0.7744361
NODE_5180_length_9320_cov_7.085240	3098	3231	0	21	133	0.1578947
NODE_5180_length_9320_cov_7.085240	3098	3231	1	64	133	0.4812030
NODE_5180_length_9320_cov_7.085240	3098	3231	3	48	133	0.3609022
NODE_51816_length_3429_cov_3.031231	1677	1810	1	15	133	0.1127820
NODE_51816_length_3429_cov_3.031231	1677	1810	2	118	133	0.8872181
NODE_51848_length_3427_cov_4.763221	1216	1349	0	133	133	1.0000000
NODE_518898_length_282_cov_1.557377	133	266	0	133	133	1.0000000
NODE_5190_length_9315_cov_10.726562	8385	8518	2	28	133	0.2105263
NODE_5190_length_9315_cov_10.726562	8385	8518	4	105	133	0.7894737
NODE_51916_length_3425_cov_3.359591	2143	2276	0	133	133	1.0000000
NODE_51918_length_3425_cov_2.857186	1864	1997	0	133	133	1.0000000
NODE_51928_length_3424_cov_4.876090	1801	1934	0	133	133	1.0000000
NODE_51935_length_3424_cov_3.805714	2076	2209	0	133	133	1.0000000
NODE_51952_length_3423_cov_4.522563	1296	1429	0	133	133	1.0000000
NODE_51968_length_3423_cov_3.384777	3002	3135	0	133	133	1.0000000
NODE_51_length_27845_cov_3.983890	5878	6011	0	133	133	1.0000000
NODE_52061_length_3419_cov_4.229217	55	188	0	133	133	1.0000000
NODE_52088_length_3418_cov_4.066586	200	333	0	133	133	1.0000000
NODE_520967_length_280_cov_1.972376	38	171	0	133	133	1.0000000
NODE_52119_length_3417_cov_3.908077	1586	1719	2	58	133	0.4360902
NODE_52119_length_3417_cov_3.908077	1586	1719	4	75	133	0.5639098
NODE_52129_length_3417_cov_3.415612	1468	1601	0	133	133	1.0000000
NODE_52150_length_3416_cov_3.548387	2178	2311	0	133	133	1.0000000
NODE_52161_length_3415_cov_4.811218	1478	1611	0	127	133	0.9548872
NODE_52161_length_3415_cov_4.811218	1478	1611	2	6	133	0.0451128
NODE_52171_length_3415_cov_3.641134	1647	1780	0	133	133	1.0000000
NODE_52193_length_3414_cov_3.999397	2511	2644	0	111	133	0.8345864
NODE_52193_length_3414_cov_3.999397	2511	2644	3	22	133	0.1654135
NODE_52227_length_3413_cov_3.681654	1515	1648	0	133	133	1.0000000
NODE_52292_length_3410_cov_5.091211	1022	1155	0	133	133	1.0000000
NODE_52293_length_3410_cov_5.083056	2364	2497	0	133	133	1.0000000
NODE_52364_length_3408_cov_2.919009	2349	2482	0	133	133	1.0000000
NODE_52393_length_3407_cov_3.388452	1307	1440	0	14	133	0.1052632
NODE_52393_length_3407_cov_3.388452	1307	1440	1	41	133	0.3082707
NODE_52393_length_3407_cov_3.388452	1307	1440	2	78	133	0.5864662
NODE_52394_length_3407_cov_3.219166	1337	1470	0	133	133	1.0000000
NODE_52432_length_3405_cov_4.632486	2815	2948	0	133	133	1.0000000
NODE_52498_length_3403_cov_4.055690	2613	2746	0	40	133	0.3007519
NODE_52498_length_3403_cov_4.055690	2613	2746	1	38	133	0.2857143
NODE_52498_length_3403_cov_4.055690	2613	2746	2	55	133	0.4135338
NODE_524_length_17429_cov_4.754299	3765	3898	1	88	133	0.6616541
NODE_524_length_17429_cov_4.754299	3765	3898	2	45	133	0.3383459
NODE_5250_length_9284_cov_4.442134	5879	6012	0	133	133	1.0000000
NODE_525213_length_277_cov_0.573034	121	254	0	133	133	1.0000000
NODE_525458_length_276_cov_2.802260	148	281	0	34	133	0.2556391
NODE_525458_length_276_cov_2.802260	148	281	1	31	133	0.2330827
NODE_525458_length_276_cov_2.802260	148	281	2	68	133	0.5112782
NODE_52549_length_3401_cov_4.167474	2694	2827	0	33	133	0.2481203
NODE_52549_length_3401_cov_4.167474	2694	2827	2	100	133	0.7518797
NODE_5256_length_9282_cov_3.442012	3730	3863	4	35	133	0.2631579
NODE_5256_length_9282_cov_3.442012	3730	3863	5	39	133	0.2932331
NODE_5256_length_9282_cov_3.442012	3730	3863	7	59	133	0.4436090
NODE_5257_length_9281_cov_4.901764	683	816	0	133	133	1.0000000
NODE_52618_length_3398_cov_4.150652	1723	1856	1	60	133	0.4511278
NODE_52618_length_3398_cov_4.150652	1723	1856	2	73	133	0.5488722
NODE_52744_length_3394_cov_2.725645	3161	3294	1	14	133	0.1052632
NODE_52744_length_3394_cov_2.725645	3161	3294	2	119	133	0.8947368
NODE_5274_length_9272_cov_4.800720	4625	4758	0	133	133	1.0000000
NODE_52781_length_3392_cov_5.572730	680	813	0	91	133	0.6842105
NODE_52781_length_3392_cov_5.572730	680	813	1	42	133	0.3157895
NODE_52865_length_3389_cov_4.474164	1956	2089	0	133	133	1.0000000
NODE_5286_length_9265_cov_4.946978	4290	4423	0	133	133	1.0000000
NODE_52895_length_3388_cov_4.795379	2000	2133	0	133	133	1.0000000
NODE_528_length_17379_cov_4.595139	16891	17024	0	133	133	1.0000000
NODE_52924_length_3387_cov_4.507299	0	133	0	133	133	1.0000000
NODE_52937_length_3387_cov_3.572689	2357	2490	0	133	133	1.0000000
NODE_52961_length_3386_cov_3.451171	3077	3210	3	87	133	0.6541353
NODE_52961_length_3386_cov_3.451171	3077	3210	5	1	133	0.0075188
NODE_52961_length_3386_cov_3.451171	3077	3210	6	45	133	0.3383459
NODE_53010_length_3384_cov_3.818874	2844	2977	0	133	133	1.0000000
NODE_53045_length_3382_cov_4.983247	2240	2373	0	32	133	0.2406015
NODE_53045_length_3382_cov_4.983247	2240	2373	1	14	133	0.1052632
NODE_53045_length_3382_cov_4.983247	2240	2373	5	1	133	0.0075188
NODE_53045_length_3382_cov_4.983247	2240	2373	6	64	133	0.4812030
NODE_53045_length_3382_cov_4.983247	2240	2373	7	22	133	0.1654135
NODE_53101_length_3380_cov_3.661079	2102	2235	0	133	133	1.0000000
NODE_5312_length_9249_cov_3.924153	1851	1984	0	133	133	1.0000000
NODE_53166_length_3377_cov_4.804759	2949	3082	0	133	133	1.0000000
NODE_53194_length_3376_cov_5.238633	915	1048	0	110	133	0.8270677
NODE_53194_length_3376_cov_5.238633	915	1048	1	23	133	0.1729323
NODE_53213_length_3376_cov_3.584986	1505	1638	0	26	133	0.1954887
NODE_53213_length_3376_cov_3.584986	1505	1638	2	107	133	0.8045112
NODE_53305_length_3372_cov_5.110602	104	237	2	53	133	0.3984962
NODE_53305_length_3372_cov_5.110602	104	237	4	80	133	0.6015037
NODE_53306_length_3372_cov_5.104491	527	660	0	85	133	0.6390978
NODE_53306_length_3372_cov_5.104491	527	660	1	48	133	0.3609022
NODE_53330_length_3371_cov_8.713631	2064	2197	0	133	133	1.0000000
NODE_53361_length_3370_cov_5.096912	1883	2016	0	133	133	1.0000000
NODE_533782_length_270_cov_1.795322	125	258	0	133	133	1.0000000
NODE_5338_length_9230_cov_4.709342	3584	3717	0	133	133	1.0000000
NODE_533_length_17346_cov_3.597959	4408	4541	0	133	133	1.0000000
NODE_53404_length_3369_cov_3.320183	634	767	0	133	133	1.0000000
NODE_53418_length_3368_cov_4.527072	415	548	1	64	133	0.4812030
NODE_53418_length_3368_cov_4.527072	415	548	2	69	133	0.5187970
NODE_53419_length_3368_cov_4.401652	2399	2532	0	133	133	1.0000000
NODE_53438_length_3367_cov_5.384027	2660	2793	0	133	133	1.0000000
NODE_5343_length_9227_cov_21.925833	3241	3374	0	31	133	0.2330827
NODE_5343_length_9227_cov_21.925833	3241	3374	3	102	133	0.7669173
NODE_5344_length_9227_cov_5.148663	5123	5256	0	133	133	1.0000000
NODE_53472_length_3366_cov_4.421488	3107	3240	0	3	133	0.0225564
NODE_53472_length_3366_cov_4.421488	3107	3240	8	3	133	0.0225564
NODE_53472_length_3366_cov_4.421488	3107	3240	10	61	133	0.4586466
NODE_53472_length_3366_cov_4.421488	3107	3240	11	66	133	0.4962406
NODE_53515_length_3364_cov_5.248392	1656	1789	4	7	133	0.0526316
NODE_53515_length_3364_cov_5.248392	1656	1789	5	25	133	0.1879699
NODE_53515_length_3364_cov_5.248392	1656	1789	6	35	133	0.2631579
NODE_53515_length_3364_cov_5.248392	1656	1789	8	44	133	0.3308271
NODE_53515_length_3364_cov_5.248392	1656	1789	9	22	133	0.1654135
NODE_53536_length_3363_cov_11.144608	1728	1861	0	133	133	1.0000000
NODE_53553_length_3363_cov_3.579044	1969	2102	0	133	133	1.0000000
NODE_53554_length_3363_cov_3.537071	3129	3262	0	133	133	1.0000000
NODE_53571_length_3362_cov_4.176525	1621	1754	0	91	133	0.6842105
NODE_53571_length_3362_cov_4.176525	1621	1754	3	42	133	0.3157895
NODE_53582_length_3362_cov_3.194606	1069	1202	0	62	133	0.4661654
NODE_53582_length_3362_cov_3.194606	1069	1202	4	71	133	0.5338346
NODE_535927_length_268_cov_3.017751	114	247	0	21	133	0.1578947
NODE_535927_length_268_cov_3.017751	114	247	2	112	133	0.8421053
NODE_53672_length_3359_cov_3.111963	2078	2211	0	133	133	1.0000000
NODE_537351_length_267_cov_3.035714	126	259	0	133	133	1.0000000
NODE_53746_length_3355_cov_5.338452	1100	1233	0	133	133	1.0000000
NODE_5374_length_9214_cov_4.901042	7108	7241	1	2	133	0.0150376
NODE_5374_length_9214_cov_4.901042	7108	7241	2	78	133	0.5864662
NODE_5374_length_9214_cov_4.901042	7108	7241	3	53	133	0.3984962
NODE_53818_length_3353_cov_4.697910	1483	1616	0	133	133	1.0000000
NODE_5384_length_9209_cov_4.473436	1886	2019	2	71	133	0.5338346
NODE_5384_length_9209_cov_4.473436	1886	2019	4	62	133	0.4661654
NODE_53887_length_3351_cov_4.088868	2268	2401	0	133	133	1.0000000
NODE_53903_length_3350_cov_5.211627	2484	2617	0	133	133	1.0000000
NODE_5394_length_9204_cov_3.941680	2675	2808	0	59	133	0.4436090
NODE_5394_length_9204_cov_3.941680	2675	2808	4	74	133	0.5563910
NODE_53962_length_3348_cov_3.759003	597	730	0	133	133	1.0000000
NODE_53997_length_3346_cov_5.257468	761	894	0	42	133	0.3157895
NODE_53997_length_3346_cov_5.257468	761	894	7	91	133	0.6842105
NODE_54017_length_3346_cov_3.727441	1033	1166	0	133	133	1.0000000
NODE_54064_length_3344_cov_3.808629	493	626	0	4	133	0.0300752
NODE_54064_length_3344_cov_3.808629	493	626	1	1	133	0.0075188
NODE_54064_length_3344_cov_3.808629	493	626	2	55	133	0.4135338
NODE_54064_length_3344_cov_3.808629	493	626	3	1	133	0.0075188
NODE_54064_length_3344_cov_3.808629	493	626	4	72	133	0.5413534
NODE_54078_length_3343_cov_5.038224	1807	1940	0	43	133	0.3233083
NODE_54078_length_3343_cov_5.038224	1807	1940	2	90	133	0.6766917
NODE_5407_length_9193_cov_4.408951	2750	2883	0	133	133	1.0000000
NODE_540_length_17282_cov_4.326718	9000	9133	0	31	133	0.2330827
NODE_540_length_17282_cov_4.326718	9000	9133	1	6	133	0.0451128
NODE_540_length_17282_cov_4.326718	9000	9133	2	96	133	0.7218045
NODE_54119_length_3342_cov_3.968856	2170	2303	0	133	133	1.0000000
NODE_5411_length_9192_cov_3.334873	8486	8619	0	133	133	1.0000000
NODE_54120_length_3342_cov_3.823620	291	424	0	9	133	0.0676692
NODE_54120_length_3342_cov_3.823620	291	424	4	124	133	0.9323308
NODE_54145_length_3341_cov_4.267428	418	551	0	133	133	1.0000000
NODE_54161_length_3340_cov_5.208269	1608	1741	1	7	133	0.0526316
NODE_54161_length_3340_cov_5.208269	1608	1741	2	126	133	0.9473684
NODE_5417_length_9189_cov_4.628713	3501	3634	0	133	133	1.0000000
NODE_54191_length_3339_cov_5.031173	2261	2394	2	52	133	0.3909774
NODE_54191_length_3339_cov_5.031173	2261	2394	3	43	133	0.3233083
NODE_54191_length_3339_cov_5.031173	2261	2394	4	38	133	0.2857143
NODE_54205_length_3339_cov_4.080556	2063	2196	0	133	133	1.0000000
NODE_5420_length_9187_cov_4.567562	6160	6293	0	133	133	1.0000000
NODE_5423_length_9186_cov_12.852867	8786	8919	0	133	133	1.0000000
NODE_54268_length_3336_cov_5.294408	200	333	0	8	133	0.0601504
NODE_54268_length_3336_cov_5.294408	200	333	1	31	133	0.2330827
NODE_54268_length_3336_cov_5.294408	200	333	2	36	133	0.2706767
NODE_54268_length_3336_cov_5.294408	200	333	3	1	133	0.0075188
NODE_54268_length_3336_cov_5.294408	200	333	4	57	133	0.4285714
NODE_5428_length_9185_cov_3.746423	5098	5231	0	15	133	0.1127820
NODE_5428_length_9185_cov_3.746423	5098	5231	2	118	133	0.8872181
NODE_542_length_17270_cov_4.511269	3020	3153	0	133	133	1.0000000
NODE_5430_length_9184_cov_4.317336	3078	3211	0	49	133	0.3684210
NODE_5430_length_9184_cov_4.317336	3078	3211	1	54	133	0.4060150
NODE_5430_length_9184_cov_4.317336	3078	3211	2	30	133	0.2255639
NODE_54339_length_3334_cov_3.932612	342	475	0	133	133	1.0000000
NODE_54385_length_3332_cov_4.952676	692	825	0	133	133	1.0000000
NODE_54394_length_3332_cov_4.123415	2485	2618	2	133	133	1.0000000
NODE_5439_length_9176_cov_4.647681	3254	3387	0	133	133	1.0000000
NODE_54417_length_3331_cov_4.598082	2539	2672	0	133	133	1.0000000
NODE_54456_length_3330_cov_3.987001	2562	2695	0	133	133	1.0000000
NODE_54474_length_3329_cov_4.757895	2574	2707	0	48	133	0.3609022
NODE_54474_length_3329_cov_4.757895	2574	2707	1	28	133	0.2105263
NODE_54474_length_3329_cov_4.757895	2574	2707	2	57	133	0.4285714
NODE_54508_length_3328_cov_3.765872	361	494	0	23	133	0.1729323
NODE_54508_length_3328_cov_3.765872	361	494	1	21	133	0.1578947
NODE_54508_length_3328_cov_3.765872	361	494	2	89	133	0.6691729
NODE_54529_length_3327_cov_3.658302	628	761	1	13	133	0.0977444
NODE_54529_length_3327_cov_3.658302	628	761	2	120	133	0.9022557
NODE_54627_length_3324_cov_3.336124	1189	1322	0	133	133	1.0000000
NODE_5465_length_9164_cov_3.924766	587	720	0	133	133	1.0000000
NODE_546_length_17240_cov_5.441865	14037	14170	0	34	133	0.2556391
NODE_546_length_17240_cov_5.441865	14037	14170	2	99	133	0.7443609
NODE_54755_length_3319_cov_3.748447	3014	3147	0	133	133	1.0000000
NODE_54764_length_3318_cov_4.888475	1238	1371	0	133	133	1.0000000
NODE_54769_length_3318_cov_4.450140	1642	1775	0	133	133	1.0000000
NODE_5478_length_9157_cov_4.128174	6131	6264	0	133	133	1.0000000
NODE_547_length_17225_cov_5.510218	13224	13357	0	133	133	1.0000000
NODE_54848_length_3315_cov_4.352923	230	363	0	78	133	0.5864662
NODE_54848_length_3315_cov_4.352923	230	363	1	5	133	0.0375940
NODE_54848_length_3315_cov_4.352923	230	363	2	50	133	0.3759398
NODE_54872_length_3314_cov_4.366407	616	749	0	133	133	1.0000000
NODE_54923_length_3312_cov_5.495176	1987	2120	1	10	133	0.0751880
NODE_54923_length_3312_cov_5.495176	1987	2120	2	123	133	0.9248120
NODE_55015_length_3309_cov_5.320872	2220	2353	5	43	133	0.3233083
NODE_55015_length_3309_cov_5.320872	2220	2353	6	11	133	0.0827068
NODE_55015_length_3309_cov_5.320872	2220	2353	7	3	133	0.0225564
NODE_55015_length_3309_cov_5.320872	2220	2353	8	42	133	0.3157895
NODE_55015_length_3309_cov_5.320872	2220	2353	9	34	133	0.2556391
NODE_55061_length_3308_cov_3.452477	2351	2484	0	133	133	1.0000000
NODE_55076_length_3307_cov_4.768703	1041	1174	0	133	133	1.0000000
NODE_55098_length_3306_cov_4.558466	1597	1730	0	133	133	1.0000000
NODE_55110_length_3306_cov_3.589024	3052	3185	0	51	133	0.3834586
NODE_55110_length_3306_cov_3.589024	3052	3185	4	82	133	0.6165413
NODE_55125_length_3305_cov_4.005303	197	330	0	133	133	1.0000000
NODE_55139_length_3304_cov_4.972855	2362	2495	0	133	133	1.0000000
NODE_55147_length_3304_cov_4.039626	1677	1810	0	133	133	1.0000000
NODE_5519_length_9140_cov_5.514545	2016	2149	2	84	133	0.6315789
NODE_5519_length_9140_cov_5.514545	2016	2149	4	49	133	0.3684210
NODE_55214_length_3301_cov_5.249532	789	922	0	83	133	0.6240602
NODE_55214_length_3301_cov_5.249532	789	922	1	8	133	0.0601504
NODE_55214_length_3301_cov_5.249532	789	922	2	42	133	0.3157895
NODE_55254_length_3300_cov_4.076226	1934	2067	0	133	133	1.0000000
NODE_55280_length_3299_cov_3.593750	707	840	2	16	133	0.1203008
NODE_55280_length_3299_cov_3.593750	707	840	3	91	133	0.6842105
NODE_55280_length_3299_cov_3.593750	707	840	4	26	133	0.1954887
NODE_55295_length_3298_cov_4.868396	2881	3014	0	133	133	1.0000000
NODE_5532_length_9134_cov_4.764693	597	730	3	111	133	0.8345864
NODE_5532_length_9134_cov_4.764693	597	730	6	22	133	0.1654135
NODE_553341_length_257_cov_1.613924	119	252	0	133	133	1.0000000
NODE_55365_length_3296_cov_3.415077	999	1132	0	78	133	0.5864662
NODE_55365_length_3296_cov_3.415077	999	1132	1	55	133	0.4135338
NODE_5538_length_9131_cov_5.469331	4581	4714	0	133	133	1.0000000
NODE_55408_length_3294_cov_4.000626	1034	1167	0	133	133	1.0000000
NODE_55413_length_3294_cov_3.593114	2374	2507	0	133	133	1.0000000
NODE_55428_length_3293_cov_4.840639	764	897	0	13	133	0.0977444
NODE_55428_length_3293_cov_4.840639	764	897	2	120	133	0.9022557
NODE_55440_length_3293_cov_3.561052	791	924	0	133	133	1.0000000
NODE_55511_length_3290_cov_3.969602	1381	1514	0	133	133	1.0000000
NODE_5553_length_9120_cov_5.212393	3754	3887	0	133	133	1.0000000
NODE_555997_length_255_cov_2.288462	152	285	0	133	133	1.0000000
NODE_5561_length_9118_cov_3.590309	3585	3718	0	133	133	1.0000000
NODE_55634_length_3285_cov_4.786880	200	333	0	133	133	1.0000000
NODE_55636_length_3285_cov_4.521971	1336	1469	0	133	133	1.0000000
NODE_55641_length_3285_cov_4.035154	31	164	0	133	133	1.0000000
NODE_55645_length_3285_cov_3.699937	1784	1917	8	13	133	0.0977444
NODE_55645_length_3285_cov_3.699937	1784	1917	9	56	133	0.4210526
NODE_55645_length_3285_cov_3.699937	1784	1917	14	13	133	0.0977444
NODE_55645_length_3285_cov_3.699937	1784	1917	15	51	133	0.3834586
NODE_5564_length_9117_cov_4.724107	1129	1262	0	133	133	1.0000000
NODE_556874_length_255_cov_1.301282	46	179	0	133	133	1.0000000
NODE_55695_length_3283_cov_4.835741	1261	1394	0	12	133	0.0902256
NODE_55695_length_3283_cov_4.835741	1261	1394	2	7	133	0.0526316
NODE_55695_length_3283_cov_4.835741	1261	1394	4	47	133	0.3533835
NODE_55695_length_3283_cov_4.835741	1261	1394	6	67	133	0.5037594
NODE_55737_length_3282_cov_3.775055	2776	2909	3	17	133	0.1278196
NODE_55737_length_3282_cov_3.775055	2776	2909	4	116	133	0.8721805
NODE_5574_length_9111_cov_5.676431	2334	2467	2	13	133	0.0977444
NODE_5574_length_9111_cov_5.676431	2334	2467	4	41	133	0.3082707
NODE_5574_length_9111_cov_5.676431	2334	2467	6	79	133	0.5939850
NODE_55761_length_3281_cov_4.331238	559	692	0	133	133	1.0000000
NODE_55762_length_3281_cov_4.110622	2498	2631	0	133	133	1.0000000
NODE_5579_length_9110_cov_4.417934	5273	5406	0	133	133	1.0000000
NODE_55825_length_3279_cov_3.716352	1059	1192	0	133	133	1.0000000
NODE_55828_length_3279_cov_3.499371	464	597	0	133	133	1.0000000
NODE_558295_length_254_cov_1.619355	108	241	0	4	133	0.0300752
NODE_558295_length_254_cov_1.619355	108	241	1	3	133	0.0225564
NODE_558295_length_254_cov_1.619355	108	241	2	70	133	0.5263158
NODE_558295_length_254_cov_1.619355	108	241	3	56	133	0.4210526
NODE_5582_length_9108_cov_3.776779	2311	2444	0	133	133	1.0000000
NODE_558753_length_254_cov_0.890323	37	170	1	21	133	0.1578947
NODE_558753_length_254_cov_0.890323	37	170	2	112	133	0.8421053
NODE_5587_length_9104_cov_4.470294	3152	3285	0	87	133	0.6541353
NODE_5587_length_9104_cov_4.470294	3152	3285	4	46	133	0.3458647
NODE_55947_length_3275_cov_3.350441	403	536	0	15	133	0.1127820
NODE_55947_length_3275_cov_3.350441	403	536	2	118	133	0.8872181
NODE_5596_length_9098_cov_4.883543	3594	3727	0	133	133	1.0000000
NODE_55983_length_3273_cov_5.145558	1945	2078	0	133	133	1.0000000
NODE_55990_length_3273_cov_4.137996	2896	3029	0	133	133	1.0000000
NODE_55991_length_3273_cov_4.114997	2611	2744	0	133	133	1.0000000
NODE_56011_length_3272_cov_4.938544	2713	2846	0	133	133	1.0000000
NODE_56014_length_3272_cov_4.647967	2770	2903	0	31	133	0.2330827
NODE_56014_length_3272_cov_4.647967	2770	2903	2	83	133	0.6240602
NODE_56014_length_3272_cov_4.647967	2770	2903	3	1	133	0.0075188
NODE_56014_length_3272_cov_4.647967	2770	2903	4	18	133	0.1353384
NODE_56017_length_3272_cov_4.196659	1555	1688	0	133	133	1.0000000
NODE_56030_length_3272_cov_3.403404	1049	1182	0	133	133	1.0000000
NODE_56068_length_3271_cov_3.444199	2260	2393	0	133	133	1.0000000
NODE_5609_length_9093_cov_3.616744	3485	3618	0	75	133	0.5639098
NODE_5609_length_9093_cov_3.616744	3485	3618	2	55	133	0.4135338
NODE_5609_length_9093_cov_3.616744	3485	3618	4	3	133	0.0225564
NODE_560_length_17155_cov_4.299367	12038	12171	0	133	133	1.0000000
NODE_56185_length_3267_cov_3.939078	1127	1260	0	133	133	1.0000000
NODE_56254_length_3265_cov_3.651927	2023	2156	0	133	133	1.0000000
NODE_56271_length_3264_cov_4.395261	1051	1184	0	133	133	1.0000000
NODE_56308_length_3263_cov_4.469659	1016	1149	0	133	133	1.0000000
NODE_5631_length_9084_cov_4.074791	7137	7270	0	133	133	1.0000000
NODE_56321_length_3263_cov_3.884008	807	940	0	10	133	0.0751880
NODE_56321_length_3263_cov_3.884008	807	940	1	123	133	0.9248120
NODE_56327_length_3263_cov_3.662769	2562	2695	0	133	133	1.0000000
NODE_5640_length_9080_cov_21.275582	3258	3391	0	133	133	1.0000000
NODE_5644_length_9075_cov_4.736074	753	886	0	133	133	1.0000000
NODE_56459_length_3258_cov_7.068376	1525	1658	0	49	133	0.3684210
NODE_56459_length_3258_cov_7.068376	1525	1658	2	17	133	0.1278196
NODE_56459_length_3258_cov_7.068376	1525	1658	4	67	133	0.5037594
NODE_56476_length_3258_cov_3.857866	2314	2447	0	133	133	1.0000000
NODE_56499_length_3257_cov_4.024699	1001	1134	0	133	133	1.0000000
NODE_56538_length_3256_cov_3.514412	1236	1369	0	133	133	1.0000000
NODE_5655_length_9066_cov_4.728783	6119	6252	0	133	133	1.0000000
NODE_56566_length_3255_cov_3.713878	511	644	0	133	133	1.0000000
NODE_56633_length_3253_cov_3.714965	1665	1798	0	5	133	0.0375940
NODE_56633_length_3253_cov_3.714965	1665	1798	1	128	133	0.9624060
NODE_5666_length_9060_cov_5.112822	6895	7028	0	80	133	0.6015037
NODE_5666_length_9060_cov_5.112822	6895	7028	8	53	133	0.3984962
NODE_56684_length_3251_cov_4.609772	1031	1164	0	133	133	1.0000000
NODE_56769_length_3248_cov_4.613528	1887	2020	0	133	133	1.0000000
NODE_5677_length_9057_cov_3.856553	4859	4992	0	133	133	1.0000000
NODE_56780_length_3248_cov_3.749444	3040	3173	1	69	133	0.5187970
NODE_56780_length_3248_cov_3.749444	3040	3173	2	64	133	0.4812030
NODE_56793_length_3247_cov_9.580368	1952	2085	0	133	133	1.0000000
NODE_56803_length_3247_cov_4.630877	1080	1213	0	133	133	1.0000000
NODE_56819_length_3247_cov_3.297014	651	784	1	30	133	0.2255639
NODE_56819_length_3247_cov_3.297014	651	784	2	103	133	0.7744361
NODE_56874_length_3245_cov_4.397648	2685	2818	0	11	133	0.0827068
NODE_56874_length_3245_cov_4.397648	2685	2818	2	77	133	0.5789474
NODE_56874_length_3245_cov_4.397648	2685	2818	4	45	133	0.3383459
NODE_5687_length_9052_cov_4.497152	8714	8847	0	32	133	0.2406015
NODE_5687_length_9052_cov_4.497152	8714	8847	2	101	133	0.7593985
NODE_56890_length_3245_cov_3.789256	2082	2215	1	62	133	0.4661654
NODE_56890_length_3245_cov_3.789256	2082	2215	2	40	133	0.3007519
NODE_56890_length_3245_cov_3.789256	2082	2215	3	20	133	0.1503759
NODE_56890_length_3245_cov_3.789256	2082	2215	4	11	133	0.0827068
NODE_56905_length_3244_cov_4.394595	2815	2948	0	133	133	1.0000000
NODE_5692_length_9050_cov_5.707519	5966	6099	0	133	133	1.0000000
NODE_56985_length_3242_cov_3.491569	2572	2705	0	133	133	1.0000000
NODE_57017_length_3241_cov_3.223743	1830	1963	0	66	133	0.4962406
NODE_57017_length_3241_cov_3.223743	1830	1963	1	20	133	0.1503759
NODE_57017_length_3241_cov_3.223743	1830	1963	2	47	133	0.3533835
NODE_57117_length_3237_cov_5.025494	1134	1267	0	133	133	1.0000000
NODE_57128_length_3237_cov_4.067878	380	513	0	133	133	1.0000000
NODE_57131_length_3237_cov_4.014340	812	945	0	133	133	1.0000000
NODE_5714_length_9040_cov_4.124930	2676	2809	0	133	133	1.0000000
NODE_57157_length_3236_cov_5.000319	231	364	0	64	133	0.4812030
NODE_57157_length_3236_cov_5.000319	231	364	1	69	133	0.5187970
NODE_57171_length_3236_cov_3.550207	939	1072	0	133	133	1.0000000
NODE_5719_length_9038_cov_13.701197	2659	2792	0	133	133	1.0000000
NODE_571_length_17052_cov_4.768714	12902	13035	0	133	133	1.0000000
NODE_57218_length_3234_cov_4.760766	2787	2920	0	133	133	1.0000000
NODE_57227_length_3234_cov_4.443381	1999	2132	0	133	133	1.0000000
NODE_5729_length_9032_cov_5.369529	7704	7837	0	89	133	0.6691729
NODE_5729_length_9032_cov_5.369529	7704	7837	1	44	133	0.3308271
NODE_5734_length_9027_cov_4.703517	6673	6806	0	133	133	1.0000000
NODE_57355_length_3230_cov_2.843820	2676	2809	4	53	133	0.3984962
NODE_57355_length_3230_cov_2.843820	2676	2809	6	80	133	0.6015037
NODE_57362_length_3229_cov_4.894249	2324	2457	0	133	133	1.0000000
NODE_5736_length_9025_cov_4.761707	373	506	0	133	133	1.0000000
NODE_5742_length_9022_cov_4.271545	6297	6430	0	133	133	1.0000000
NODE_57461_length_3226_cov_4.888711	1122	1255	0	4	133	0.0300752
NODE_57461_length_3226_cov_4.888711	1122	1255	6	4	133	0.0300752
NODE_57461_length_3226_cov_4.888711	1122	1255	8	45	133	0.3383459
NODE_57461_length_3226_cov_4.888711	1122	1255	9	12	133	0.0902256
NODE_57461_length_3226_cov_4.888711	1122	1255	10	24	133	0.1804511
NODE_57461_length_3226_cov_4.888711	1122	1255	15	44	133	0.3308271
NODE_5746_length_9020_cov_4.399619	6916	7049	0	133	133	1.0000000
NODE_5750_length_9019_cov_3.227242	6535	6668	0	133	133	1.0000000
NODE_57511_length_3225_cov_3.594370	2448	2581	0	133	133	1.0000000
NODE_57583_length_3222_cov_4.531540	1663	1796	0	133	133	1.0000000
NODE_57588_length_3222_cov_4.148255	1848	1981	0	10	133	0.0751880
NODE_57588_length_3222_cov_4.148255	1848	1981	1	34	133	0.2556391
NODE_57588_length_3222_cov_4.148255	1848	1981	2	89	133	0.6691729
NODE_5765_length_9011_cov_4.501010	5177	5310	0	33	133	0.2481203
NODE_5765_length_9011_cov_4.501010	5177	5310	1	17	133	0.1278196
NODE_5765_length_9011_cov_4.501010	5177	5310	2	83	133	0.6240602
NODE_57671_length_3219_cov_4.457372	822	955	0	133	133	1.0000000
NODE_5767_length_9009_cov_4.356566	4514	4647	0	133	133	1.0000000
NODE_57734_length_3217_cov_4.976588	292	425	2	48	133	0.3609022
NODE_57734_length_3217_cov_4.976588	292	425	4	85	133	0.6390978
NODE_57784_length_3215_cov_3.525353	1121	1254	0	133	133	1.0000000
NODE_57786_length_3215_cov_3.432606	1887	2020	0	79	133	0.5939850
NODE_57786_length_3215_cov_3.432606	1887	2020	1	54	133	0.4060150
NODE_57816_length_3214_cov_3.143178	253	386	0	6	133	0.0451128
NODE_57816_length_3214_cov_3.143178	253	386	1	5	133	0.0375940
NODE_57816_length_3214_cov_3.143178	253	386	2	122	133	0.9172933
NODE_57824_length_3213_cov_6.650931	1020	1153	0	133	133	1.0000000
NODE_57844_length_3212_cov_6.129136	2674	2807	0	133	133	1.0000000
NODE_57887_length_3211_cov_4.156491	2260	2393	0	133	133	1.0000000
NODE_57894_length_3211_cov_3.713046	142	275	0	133	133	1.0000000
NODE_578_length_17025_cov_4.628441	383	516	0	133	133	1.0000000
NODE_57934_length_3210_cov_3.311154	1118	1251	2	133	133	1.0000000
NODE_57953_length_3209_cov_4.412862	2768	2901	2	43	133	0.3233083
NODE_57953_length_3209_cov_4.412862	2768	2901	3	78	133	0.5864662
NODE_57953_length_3209_cov_4.412862	2768	2901	4	12	133	0.0902256
NODE_57960_length_3209_cov_4.000965	1493	1626	0	133	133	1.0000000
NODE_58014_length_3207_cov_4.447233	852	985	0	133	133	1.0000000
NODE_5801_length_8992_cov_4.505229	1440	1573	0	133	133	1.0000000
NODE_5803_length_8992_cov_4.189700	4072	4205	0	63	133	0.4736842
NODE_5803_length_8992_cov_4.189700	4072	4205	2	17	133	0.1278196
NODE_5803_length_8992_cov_4.189700	4072	4205	3	22	133	0.1654135
NODE_5803_length_8992_cov_4.189700	4072	4205	4	31	133	0.2330827
NODE_58134_length_3203_cov_4.114046	2207	2340	2	98	133	0.7368421
NODE_58134_length_3203_cov_4.114046	2207	2340	4	35	133	0.2631579
NODE_58167_length_3202_cov_3.484370	1570	1703	1	22	133	0.1654135
NODE_58167_length_3202_cov_3.484370	1570	1703	2	111	133	0.8345864
NODE_5817_length_8983_cov_4.792661	8021	8154	0	133	133	1.0000000
NODE_58240_length_3199_cov_4.837742	2574	2707	0	133	133	1.0000000
NODE_58246_length_3199_cov_4.540000	2358	2491	0	133	133	1.0000000
NODE_58265_length_3198_cov_5.283317	2374	2507	0	41	133	0.3082707
NODE_58265_length_3198_cov_5.283317	2374	2507	2	4	133	0.0300752
NODE_58265_length_3198_cov_5.283317	2374	2507	4	88	133	0.6616541
NODE_58268_length_3198_cov_4.874153	1970	2103	0	29	133	0.2180451
NODE_58268_length_3198_cov_4.874153	1970	2103	2	104	133	0.7819549
NODE_58286_length_3198_cov_3.719910	588	721	2	66	133	0.4962406
NODE_58286_length_3198_cov_3.719910	588	721	4	67	133	0.5037594
NODE_58306_length_3197_cov_4.934797	2010	2143	0	133	133	1.0000000
NODE_5833_length_8976_cov_4.804551	3565	3698	0	18	133	0.1353384
NODE_5833_length_8976_cov_4.804551	3565	3698	2	115	133	0.8646616
NODE_5834_length_8976_cov_4.623521	241	374	0	133	133	1.0000000
NODE_58366_length_3195_cov_4.429587	306	439	0	133	133	1.0000000
NODE_58369_length_3195_cov_4.299419	2840	2973	0	121	133	0.9097744
NODE_58369_length_3195_cov_4.299419	2840	2973	1	12	133	0.0902256
NODE_58382_length_3195_cov_3.660207	2957	3090	0	133	133	1.0000000
NODE_58409_length_3194_cov_4.135057	1865	1998	0	133	133	1.0000000
NODE_58492_length_3191_cov_32.629366	2458	2591	0	34	133	0.2556391
NODE_58492_length_3191_cov_32.629366	2458	2591	1	3	133	0.0225564
NODE_58492_length_3191_cov_32.629366	2458	2591	2	6	133	0.0451128
NODE_58492_length_3191_cov_32.629366	2458	2591	3	41	133	0.3082707
NODE_58492_length_3191_cov_32.629366	2458	2591	4	32	133	0.2406015
NODE_58492_length_3191_cov_32.629366	2458	2591	7	17	133	0.1278196
NODE_58498_length_3191_cov_5.021022	2925	3058	2	22	133	0.1654135
NODE_58498_length_3191_cov_5.021022	2925	3058	3	42	133	0.3157895
NODE_58498_length_3191_cov_5.021022	2925	3058	4	69	133	0.5187970
NODE_584_length_16993_cov_9.077838	9108	9241	0	133	133	1.0000000
NODE_58513_length_3191_cov_3.967982	345	478	0	53	133	0.3984962
NODE_58513_length_3191_cov_3.967982	345	478	1	19	133	0.1428571
NODE_58513_length_3191_cov_3.967982	345	478	2	61	133	0.4586466
NODE_5851_length_8965_cov_4.568577	20	153	0	133	133	1.0000000
NODE_58546_length_3190_cov_3.682951	881	1014	0	133	133	1.0000000
NODE_5857_length_8963_cov_4.232626	6554	6687	0	133	133	1.0000000
NODE_58734_length_3183_cov_4.770428	921	1054	0	133	133	1.0000000
NODE_5873_length_8955_cov_5.480804	5597	5730	0	133	133	1.0000000
NODE_58782_length_3181_cov_5.166450	1844	1977	0	133	133	1.0000000
NODE_58784_length_3181_cov_5.072356	2473	2606	0	133	133	1.0000000
NODE_5885_length_8950_cov_4.628743	2385	2518	0	133	133	1.0000000
NODE_58872_length_3179_cov_3.417532	808	941	0	133	133	1.0000000
NODE_5893_length_8946_cov_5.243133	4089	4222	0	133	133	1.0000000
NODE_58942_length_3176_cov_4.454014	1443	1576	0	133	133	1.0000000
NODE_5896_length_8944_cov_4.789825	8469	8602	0	133	133	1.0000000
NODE_5897_length_8943_cov_5.196970	7289	7422	0	133	133	1.0000000
NODE_58982_length_3175_cov_3.466840	1609	1742	0	133	133	1.0000000
NODE_59082_length_3172_cov_3.273999	207	340	0	133	133	1.0000000
NODE_59103_length_3171_cov_4.260742	2202	2335	0	133	133	1.0000000
NODE_59106_length_3171_cov_3.997721	1985	2118	0	133	133	1.0000000
NODE_59192_length_3168_cov_4.793092	210	343	0	133	133	1.0000000
NODE_59202_length_3168_cov_4.278267	2141	2274	0	133	133	1.0000000
NODE_59243_length_3167_cov_4.210887	1581	1714	0	133	133	1.0000000
NODE_59245_length_3167_cov_3.665580	154	287	0	133	133	1.0000000
NODE_59246_length_3167_cov_3.578879	348	481	0	39	133	0.2932331
NODE_59246_length_3167_cov_3.578879	348	481	1	25	133	0.1879699
NODE_59246_length_3167_cov_3.578879	348	481	2	69	133	0.5187970
NODE_59254_length_3166_cov_5.460711	1554	1687	0	85	133	0.6390978
NODE_59254_length_3166_cov_5.460711	1554	1687	1	48	133	0.3609022
NODE_5926_length_8927_cov_4.063774	7565	7698	0	133	133	1.0000000
NODE_59278_length_3166_cov_3.020215	2451	2584	0	133	133	1.0000000
NODE_59293_length_3165_cov_4.172211	370	503	0	133	133	1.0000000
NODE_59297_length_3165_cov_3.926288	207	340	0	23	133	0.1729323
NODE_59297_length_3165_cov_3.926288	207	340	1	15	133	0.1127820
NODE_59297_length_3165_cov_3.926288	207	340	2	32	133	0.2406015
NODE_59297_length_3165_cov_3.926288	207	340	3	62	133	0.4661654
NODE_59297_length_3165_cov_3.926288	207	340	4	1	133	0.0075188
NODE_59314_length_3164_cov_5.362480	1911	2044	0	12	133	0.0902256
NODE_59314_length_3164_cov_5.362480	1911	2044	1	38	133	0.2857143
NODE_59314_length_3164_cov_5.362480	1911	2044	2	83	133	0.6240602
NODE_59324_length_3164_cov_4.417945	818	951	0	133	133	1.0000000
NODE_59332_length_3164_cov_3.714192	1239	1372	0	133	133	1.0000000
NODE_59334_length_3164_cov_3.528548	720	853	0	133	133	1.0000000
NODE_59442_length_3160_cov_7.254492	2710	2843	0	133	133	1.0000000
NODE_59457_length_3160_cov_3.872591	2570	2703	0	133	133	1.0000000
NODE_5945_length_8916_cov_7.608597	8624	8757	1	106	133	0.7969925
NODE_5945_length_8916_cov_7.608597	8624	8757	2	27	133	0.2030075
NODE_59460_length_3160_cov_3.355439	2067	2200	1	93	133	0.6992481
NODE_59460_length_3160_cov_3.355439	2067	2200	3	40	133	0.3007519
NODE_59476_length_3159_cov_4.781046	2228	2361	0	133	133	1.0000000
NODE_59574_length_3157_cov_3.591236	1022	1155	0	133	133	1.0000000
NODE_59583_length_3157_cov_2.811315	126	259	0	53	133	0.3984962
NODE_59583_length_3157_cov_2.811315	126	259	1	25	133	0.1879699
NODE_59583_length_3157_cov_2.811315	126	259	2	55	133	0.4135338
NODE_59607_length_3156_cov_3.821721	462	595	0	133	133	1.0000000
NODE_5962_length_8906_cov_4.984104	2997	3130	0	133	133	1.0000000
NODE_59648_length_3154_cov_6.034043	1959	2092	0	133	133	1.0000000
NODE_59669_length_3154_cov_4.118167	1131	1264	0	11	133	0.0827068
NODE_59669_length_3154_cov_4.118167	1131	1264	1	78	133	0.5864662
NODE_59669_length_3154_cov_4.118167	1131	1264	2	44	133	0.3308271
NODE_59713_length_3152_cov_30.661972	498	631	0	133	133	1.0000000
NODE_5971_length_8901_cov_4.607930	2483	2616	0	133	133	1.0000000
NODE_59756_length_3151_cov_4.462647	2084	2217	3	38	133	0.2857143
NODE_59756_length_3151_cov_4.462647	2084	2217	6	95	133	0.7142857
NODE_5978_length_8896_cov_4.558031	640	773	0	133	133	1.0000000
NODE_59808_length_3149_cov_4.919672	114	247	0	133	133	1.0000000
NODE_59852_length_3148_cov_3.917350	1116	1249	0	58	133	0.4360902
NODE_59852_length_3148_cov_3.917350	1116	1249	2	75	133	0.5639098
NODE_59854_length_3148_cov_3.516891	28	161	0	44	133	0.3308271
NODE_59854_length_3148_cov_3.516891	28	161	3	36	133	0.2706767
NODE_59854_length_3148_cov_3.516891	28	161	6	53	133	0.3984962
NODE_5986_length_8893_cov_3.762679	2383	2516	0	133	133	1.0000000
NODE_59877_length_3147_cov_4.707349	1822	1955	1	11	133	0.0827068
NODE_59877_length_3147_cov_4.707349	1822	1955	2	122	133	0.9172933
NODE_5987_length_8892_cov_4.227909	7524	7657	0	133	133	1.0000000
NODE_59899_length_3146_cov_6.298326	1421	1554	0	71	133	0.5338346
NODE_59899_length_3146_cov_6.298326	1421	1554	1	23	133	0.1729323
NODE_59899_length_3146_cov_6.298326	1421	1554	2	38	133	0.2857143
NODE_59899_length_3146_cov_6.298326	1421	1554	4	1	133	0.0075188
NODE_598_length_16872_cov_4.525845	8151	8284	0	22	133	0.1654135
NODE_598_length_16872_cov_4.525845	8151	8284	1	6	133	0.0451128
NODE_598_length_16872_cov_4.525845	8151	8284	2	64	133	0.4812030
NODE_598_length_16872_cov_4.525845	8151	8284	3	41	133	0.3082707
NODE_5990_length_8890_cov_4.534183	5567	5700	0	133	133	1.0000000
NODE_59928_length_3145_cov_4.187787	556	689	0	22	133	0.1654135
NODE_59928_length_3145_cov_4.187787	556	689	1	48	133	0.3609022
NODE_59928_length_3145_cov_4.187787	556	689	2	63	133	0.4736842
NODE_59991_length_3143_cov_3.614980	2440	2573	0	133	133	1.0000000
NODE_5_length_39431_cov_4.693659	16441	16574	0	133	133	1.0000000
NODE_60007_length_3142_cov_4.472560	2377	2510	0	133	133	1.0000000
NODE_6002_length_8884_cov_3.778031	4509	4642	0	133	133	1.0000000
NODE_6008_length_8880_cov_4.559503	4939	5072	0	133	133	1.0000000
NODE_60098_length_3139_cov_4.961513	1749	1882	0	133	133	1.0000000
NODE_6013_length_8878_cov_4.025174	5661	5794	0	17	133	0.1278196
NODE_6013_length_8878_cov_4.025174	5661	5794	1	34	133	0.2556391
NODE_6013_length_8878_cov_4.025174	5661	5794	2	82	133	0.6165413
NODE_60214_length_3136_cov_2.731972	2757	2890	0	4	133	0.0300752
NODE_60214_length_3136_cov_2.731972	2757	2890	9	129	133	0.9699248
NODE_60274_length_3134_cov_4.001977	582	715	0	133	133	1.0000000
NODE_602_length_16856_cov_4.665334	9141	9274	0	133	133	1.0000000
NODE_60324_length_3133_cov_3.256098	1138	1271	1	113	133	0.8496240
NODE_60324_length_3133_cov_3.256098	1138	1271	2	20	133	0.1503759
NODE_6038_length_8860_cov_4.552220	376	509	0	23	133	0.1729323
NODE_6038_length_8860_cov_4.552220	376	509	2	110	133	0.8270677
NODE_60439_length_3129_cov_3.717492	2776	2909	0	9	133	0.0676692
NODE_60439_length_3129_cov_3.717492	2776	2909	2	124	133	0.9323308
NODE_6052_length_8851_cov_5.461380	6472	6605	0	133	133	1.0000000
NODE_6059_length_8849_cov_8.469257	8419	8552	0	133	133	1.0000000
NODE_6062_length_8848_cov_5.164019	3791	3924	0	133	133	1.0000000
NODE_60699_length_3121_cov_4.688948	163	296	0	133	133	1.0000000
NODE_6071_length_8844_cov_3.890452	649	782	3	9	133	0.0676692
NODE_6071_length_8844_cov_3.890452	649	782	4	97	133	0.7293233
NODE_6071_length_8844_cov_3.890452	649	782	5	27	133	0.2030075
NODE_60761_length_3119_cov_4.001987	2899	3032	0	43	133	0.3233083
NODE_60761_length_3119_cov_4.001987	2899	3032	1	55	133	0.4135338
NODE_60761_length_3119_cov_4.001987	2899	3032	3	35	133	0.2631579
NODE_60787_length_3118_cov_7.394833	1030	1163	0	6	133	0.0451128
NODE_60787_length_3118_cov_7.394833	1030	1163	1	112	133	0.8421053
NODE_60787_length_3118_cov_7.394833	1030	1163	2	15	133	0.1127820
NODE_6081_length_8838_cov_5.565854	1320	1453	0	133	133	1.0000000
NODE_608_length_16809_cov_9.891083	16524	16657	0	133	133	1.0000000
NODE_60948_length_3114_cov_4.215589	2415	2548	0	133	133	1.0000000
NODE_6097_length_8833_cov_4.715365	1009	1142	0	133	133	1.0000000
NODE_61016_length_3112_cov_4.315300	1736	1869	0	133	133	1.0000000
NODE_61049_length_3111_cov_4.509296	1056	1189	0	133	133	1.0000000
NODE_61056_length_3111_cov_3.406707	824	957	0	133	133	1.0000000
NODE_61057_length_3111_cov_3.327357	1103	1236	0	133	133	1.0000000
NODE_610_length_16797_cov_4.447539	12434	12567	0	133	133	1.0000000
NODE_61104_length_3109_cov_4.409967	2115	2248	0	14	133	0.1052632
NODE_61104_length_3109_cov_4.409967	2115	2248	1	89	133	0.6691729
NODE_61104_length_3109_cov_4.409967	2115	2248	2	30	133	0.2255639
NODE_6111_length_8829_cov_3.807331	2255	2388	0	133	133	1.0000000
NODE_61120_length_3108_cov_5.528082	1547	1680	0	133	133	1.0000000
NODE_61123_length_3108_cov_5.250249	2138	2271	0	133	133	1.0000000
NODE_61141_length_3108_cov_4.040213	2896	3029	3	54	133	0.4060150
NODE_61141_length_3108_cov_4.040213	2896	3029	5	1	133	0.0075188
NODE_61141_length_3108_cov_4.040213	2896	3029	6	78	133	0.5864662
NODE_61146_length_3108_cov_3.781323	140	273	3	26	133	0.1954887
NODE_61146_length_3108_cov_3.781323	140	273	6	107	133	0.8045112
NODE_61187_length_3107_cov_4.081782	1237	1370	0	133	133	1.0000000
NODE_6127_length_8820_cov_5.402591	8454	8587	4	59	133	0.4436090
NODE_6127_length_8820_cov_5.402591	8454	8587	5	3	133	0.0225564
NODE_6127_length_8820_cov_5.402591	8454	8587	6	54	133	0.4060150
NODE_6127_length_8820_cov_5.402591	8454	8587	8	17	133	0.1278196
NODE_61315_length_3103_cov_3.813582	2612	2745	0	133	133	1.0000000
NODE_61349_length_3102_cov_3.695638	838	971	0	133	133	1.0000000
NODE_61383_length_3101_cov_3.597602	2488	2621	0	133	133	1.0000000
NODE_61498_length_3097_cov_5.168112	102	235	0	133	133	1.0000000
NODE_6154_length_8802_cov_4.460761	8312	8445	0	102	133	0.7669173
NODE_6154_length_8802_cov_4.460761	8312	8445	1	31	133	0.2330827
NODE_61642_length_3092_cov_4.390912	110	243	0	31	133	0.2330827
NODE_61642_length_3092_cov_4.390912	110	243	2	102	133	0.7669173
NODE_61660_length_3092_cov_2.221183	365	498	0	14	133	0.1052632
NODE_61660_length_3092_cov_2.221183	365	498	1	23	133	0.1729323
NODE_61660_length_3092_cov_2.221183	365	498	2	96	133	0.7218045
NODE_61701_length_3090_cov_4.472417	425	558	0	133	133	1.0000000
NODE_61715_length_3090_cov_3.148780	2885	3018	0	37	133	0.2781955
NODE_61715_length_3090_cov_3.148780	2885	3018	2	96	133	0.7218045
NODE_6171_length_8793_cov_3.763285	3591	3724	0	66	133	0.4962406
NODE_6171_length_8793_cov_3.763285	3591	3724	2	67	133	0.5037594
NODE_61734_length_3089_cov_3.838127	268	401	6	23	133	0.1729323
NODE_61734_length_3089_cov_3.838127	268	401	7	39	133	0.2932331
NODE_61734_length_3089_cov_3.838127	268	401	8	53	133	0.3984962
NODE_61734_length_3089_cov_3.838127	268	401	9	18	133	0.1353384
NODE_6173_length_8792_cov_4.237778	2781	2914	0	133	133	1.0000000
NODE_61768_length_3088_cov_3.615925	2553	2686	2	72	133	0.5413534
NODE_61768_length_3088_cov_3.615925	2553	2686	4	61	133	0.4586466
NODE_617_length_16742_cov_4.418975	7140	7273	1	35	133	0.2631579
NODE_617_length_16742_cov_4.418975	7140	7273	2	4	133	0.0300752
NODE_617_length_16742_cov_4.418975	7140	7273	3	36	133	0.2706767
NODE_617_length_16742_cov_4.418975	7140	7273	4	58	133	0.4360902
NODE_61817_length_3086_cov_5.086040	255	388	0	8	133	0.0601504
NODE_61817_length_3086_cov_5.086040	255	388	2	76	133	0.5714286
NODE_61817_length_3086_cov_5.086040	255	388	4	49	133	0.3684210
NODE_61839_length_3086_cov_3.458654	850	983	4	24	133	0.1804511
NODE_61839_length_3086_cov_3.458654	850	983	5	27	133	0.2030075
NODE_61839_length_3086_cov_3.458654	850	983	6	63	133	0.4736842
NODE_61839_length_3086_cov_3.458654	850	983	8	19	133	0.1428571
NODE_61847_length_3085_cov_5.264233	734	867	0	35	133	0.2631579
NODE_61847_length_3085_cov_5.264233	734	867	1	49	133	0.3684210
NODE_61847_length_3085_cov_5.264233	734	867	2	49	133	0.3684210
NODE_61854_length_3085_cov_4.517415	2161	2294	0	133	133	1.0000000
NODE_6186_length_8787_cov_4.502762	3791	3924	5	17	133	0.1278196
NODE_6186_length_8787_cov_4.502762	3791	3924	6	116	133	0.8721805
NODE_61889_length_3084_cov_4.283752	886	1019	0	133	133	1.0000000
NODE_61934_length_3083_cov_4.701743	2301	2434	4	54	133	0.4060150
NODE_61934_length_3083_cov_4.701743	2301	2434	7	1	133	0.0075188
NODE_61934_length_3083_cov_4.701743	2301	2434	8	78	133	0.5864662
NODE_61938_length_3083_cov_4.393767	1602	1735	0	133	133	1.0000000
NODE_61941_length_3083_cov_4.035858	1610	1743	0	15	133	0.1127820
NODE_61941_length_3083_cov_4.035858	1610	1743	1	11	133	0.0827068
NODE_61941_length_3083_cov_4.035858	1610	1743	2	16	133	0.1203008
NODE_61941_length_3083_cov_4.035858	1610	1743	5	91	133	0.6842105
NODE_61993_length_3082_cov_3.126383	1047	1180	0	133	133	1.0000000
NODE_61_length_27244_cov_4.495229	12272	12405	1	122	133	0.9172933
NODE_61_length_27244_cov_4.495229	12272	12405	2	11	133	0.0827068
NODE_62000_length_3081_cov_5.584842	1110	1243	0	42	133	0.3157895
NODE_62000_length_3081_cov_5.584842	1110	1243	2	91	133	0.6842105
NODE_62002_length_3081_cov_4.896043	2762	2895	0	133	133	1.0000000
NODE_6204_length_8780_cov_4.265062	2463	2596	0	133	133	1.0000000
NODE_62115_length_3078_cov_3.942934	1361	1494	0	16	133	0.1203008
NODE_62115_length_3078_cov_3.942934	1361	1494	2	117	133	0.8796992
NODE_62143_length_3077_cov_4.505373	1418	1551	0	133	133	1.0000000
NODE_6222_length_8766_cov_4.610015	1102	1235	0	4	133	0.0300752
NODE_6222_length_8766_cov_4.610015	1102	1235	1	20	133	0.1503759
NODE_6222_length_8766_cov_4.610015	1102	1235	4	21	133	0.1578947
NODE_6222_length_8766_cov_4.610015	1102	1235	5	18	133	0.1353384
NODE_6222_length_8766_cov_4.610015	1102	1235	7	31	133	0.2330827
NODE_6222_length_8766_cov_4.610015	1102	1235	8	39	133	0.2932331
NODE_6223_length_8765_cov_4.192707	1878	2011	2	65	133	0.4887218
NODE_6223_length_8765_cov_4.192707	1878	2011	3	13	133	0.0977444
NODE_6223_length_8765_cov_4.192707	1878	2011	4	12	133	0.0902256
NODE_6223_length_8765_cov_4.192707	1878	2011	5	6	133	0.0451128
NODE_6223_length_8765_cov_4.192707	1878	2011	6	17	133	0.1278196
NODE_6223_length_8765_cov_4.192707	1878	2011	7	20	133	0.1503759
NODE_6227_length_8763_cov_4.545014	4605	4738	2	133	133	1.0000000
NODE_62298_length_3073_cov_3.263282	1419	1552	0	19	133	0.1428571
NODE_62298_length_3073_cov_3.263282	1419	1552	1	114	133	0.8571429
NODE_62305_length_3072_cov_6.334679	1800	1933	0	13	133	0.0977444
NODE_62305_length_3072_cov_6.334679	1800	1933	1	41	133	0.3082707
NODE_62305_length_3072_cov_6.334679	1800	1933	2	79	133	0.5939850
NODE_62329_length_3072_cov_3.799529	2266	2399	0	133	133	1.0000000
NODE_6242_length_8755_cov_5.090342	1467	1600	0	53	133	0.3984962
NODE_6242_length_8755_cov_5.090342	1467	1600	1	55	133	0.4135338
NODE_6242_length_8755_cov_5.090342	1467	1600	3	20	133	0.1503759
NODE_6242_length_8755_cov_5.090342	1467	1600	4	5	133	0.0375940
NODE_62438_length_3069_cov_4.013805	352	485	0	133	133	1.0000000
NODE_62446_length_3069_cov_3.865993	1123	1256	0	133	133	1.0000000
NODE_62467_length_3068_cov_4.818457	1162	1295	0	133	133	1.0000000
NODE_62470_length_3068_cov_4.453014	1922	2055	0	133	133	1.0000000
NODE_624_length_16703_cov_4.150205	7233	7366	0	133	133	1.0000000
NODE_62517_length_3067_cov_4.094677	1060	1193	0	3	133	0.0225564
NODE_62517_length_3067_cov_4.094677	1060	1193	1	108	133	0.8120301
NODE_62517_length_3067_cov_4.094677	1060	1193	2	22	133	0.1654135
NODE_62548_length_3066_cov_5.037074	2688	2821	0	133	133	1.0000000
NODE_6257_length_8747_cov_4.328631	1703	1836	6	10	133	0.0751880
NODE_6257_length_8747_cov_4.328631	1703	1836	7	73	133	0.5488722
NODE_6257_length_8747_cov_4.328631	1703	1836	8	1	133	0.0075188
NODE_6257_length_8747_cov_4.328631	1703	1836	9	9	133	0.0676692
NODE_6257_length_8747_cov_4.328631	1703	1836	10	39	133	0.2932331
NODE_6257_length_8747_cov_4.328631	1703	1836	12	1	133	0.0075188
NODE_62614_length_3064_cov_5.627656	2284	2417	0	133	133	1.0000000
NODE_62677_length_3062_cov_5.116099	254	387	0	24	133	0.1804511
NODE_62677_length_3062_cov_5.116099	254	387	1	97	133	0.7293233
NODE_62677_length_3062_cov_5.116099	254	387	2	12	133	0.0902256
NODE_62705_length_3061_cov_5.117488	130	263	0	133	133	1.0000000
NODE_62712_length_3061_cov_4.204254	1155	1288	0	133	133	1.0000000
NODE_62717_length_3061_cov_4.013504	2556	2689	0	133	133	1.0000000
NODE_62719_length_3061_cov_3.964213	540	673	0	133	133	1.0000000
NODE_62776_length_3059_cov_4.144595	1684	1817	0	20	133	0.1503759
NODE_62776_length_3059_cov_4.144595	1684	1817	5	47	133	0.3533835
NODE_62776_length_3059_cov_4.144595	1684	1817	9	1	133	0.0075188
NODE_62776_length_3059_cov_4.144595	1684	1817	10	65	133	0.4887218
NODE_6278_length_8737_cov_4.736745	8435	8568	0	133	133	1.0000000
NODE_62857_length_3057_cov_3.204868	253	386	0	133	133	1.0000000
NODE_62884_length_3055_cov_5.850474	842	975	0	133	133	1.0000000
NODE_62988_length_3052_cov_4.287166	1212	1345	0	133	133	1.0000000
NODE_62993_length_3052_cov_4.057569	171	304	0	133	133	1.0000000
NODE_62_length_27204_cov_4.292418	2544	2677	0	61	133	0.4586466
NODE_62_length_27204_cov_4.292418	2544	2677	2	72	133	0.5413534
NODE_63042_length_3051_cov_2.994241	1237	1370	0	133	133	1.0000000
NODE_63047_length_3050_cov_5.465944	2552	2685	0	133	133	1.0000000
NODE_63057_length_3050_cov_4.601830	168	301	0	133	133	1.0000000
NODE_63135_length_3048_cov_3.717531	1031	1164	0	133	133	1.0000000
NODE_63141_length_3048_cov_3.426246	859	992	0	133	133	1.0000000
NODE_63147_length_3047_cov_7.047151	1757	1890	0	86	133	0.6466165
NODE_63147_length_3047_cov_7.047151	1757	1890	1	11	133	0.0827068
NODE_63147_length_3047_cov_7.047151	1757	1890	2	36	133	0.2706767
NODE_63158_length_3047_cov_4.273406	2946	3079	0	32	133	0.2406015
NODE_63158_length_3047_cov_4.273406	2946	3079	2	56	133	0.4210526
NODE_63158_length_3047_cov_4.273406	2946	3079	3	4	133	0.0300752
NODE_63158_length_3047_cov_4.273406	2946	3079	4	41	133	0.3082707
NODE_6317_length_8718_cov_4.982945	3231	3364	0	133	133	1.0000000
NODE_63190_length_3046_cov_3.793349	1264	1397	4	75	133	0.5639098
NODE_63190_length_3046_cov_3.793349	1264	1397	5	30	133	0.2255639
NODE_63190_length_3046_cov_3.793349	1264	1397	6	16	133	0.1203008
NODE_63190_length_3046_cov_3.793349	1264	1397	7	12	133	0.0902256
NODE_63208_length_3045_cov_7.299050	917	1050	1	33	133	0.2481203
NODE_63208_length_3045_cov_7.299050	917	1050	2	100	133	0.7518797
NODE_6320_length_8718_cov_4.002204	3257	3390	0	133	133	1.0000000
NODE_6334_length_8713_cov_4.290806	4549	4682	2	51	133	0.3834586
NODE_6334_length_8713_cov_4.290806	4549	4682	3	27	133	0.2030075
NODE_6334_length_8713_cov_4.290806	4549	4682	4	55	133	0.4135338
NODE_63404_length_3039_cov_5.194558	1858	1991	0	133	133	1.0000000
NODE_63417_length_3039_cov_4.240816	2483	2616	0	133	133	1.0000000
NODE_63448_length_3038_cov_4.651582	510	643	0	42	133	0.3157895
NODE_63448_length_3038_cov_4.651582	510	643	2	91	133	0.6842105
NODE_63509_length_3037_cov_2.924098	2283	2416	0	133	133	1.0000000
NODE_63594_length_3035_cov_3.232629	1751	1884	0	133	133	1.0000000
NODE_6359_length_8703_cov_3.592980	5204	5337	0	10	133	0.0751880
NODE_6359_length_8703_cov_3.592980	5204	5337	1	6	133	0.0451128
NODE_6359_length_8703_cov_3.592980	5204	5337	2	117	133	0.8796992
NODE_63601_length_3034_cov_5.017717	1312	1445	0	133	133	1.0000000
NODE_63613_length_3034_cov_4.034753	1507	1640	0	133	133	1.0000000
NODE_6367_length_8697_cov_5.673878	6844	6977	0	133	133	1.0000000
NODE_63750_length_3031_cov_3.412005	202	335	1	79	133	0.5939850
NODE_63750_length_3031_cov_3.412005	202	335	2	54	133	0.4060150
NODE_63807_length_3029_cov_4.400683	1008	1141	0	72	133	0.5413534
NODE_63807_length_3029_cov_4.400683	1008	1141	2	61	133	0.4586466
NODE_6380_length_8693_cov_17.938678	1014	1147	0	133	133	1.0000000
NODE_638_length_16645_cov_4.001451	2363	2496	0	133	133	1.0000000
NODE_63950_length_3025_cov_4.725222	1229	1362	0	133	133	1.0000000
NODE_6395_length_8689_cov_3.780675	4604	4737	0	133	133	1.0000000
NODE_63992_length_3024_cov_4.292308	1369	1502	0	133	133	1.0000000
NODE_63993_length_3024_cov_4.212308	179	312	0	133	133	1.0000000
NODE_6403_length_8685_cov_3.564757	3011	3144	0	68	133	0.5112782
NODE_6403_length_8685_cov_3.564757	3011	3144	3	65	133	0.4887218
NODE_6405_length_8684_cov_4.315084	8371	8504	0	133	133	1.0000000
NODE_64105_length_3021_cov_3.642710	510	643	0	133	133	1.0000000
NODE_6410_length_8682_cov_4.483980	6542	6675	0	40	133	0.3007519
NODE_6410_length_8682_cov_4.483980	6542	6675	1	93	133	0.6992481
NODE_6412_length_8682_cov_3.528836	3367	3500	0	133	133	1.0000000
NODE_64232_length_3017_cov_4.856751	1011	1144	0	133	133	1.0000000
NODE_64404_length_3013_cov_4.206246	2368	2501	0	37	133	0.2781955
NODE_64404_length_3013_cov_4.206246	2368	2501	2	96	133	0.7218045
NODE_64419_length_3013_cov_2.856555	2266	2399	2	88	133	0.6616541
NODE_64419_length_3013_cov_2.856555	2266	2399	4	45	133	0.3383459
NODE_64433_length_3012_cov_4.635427	2409	2542	3	47	133	0.3533835
NODE_64433_length_3012_cov_4.635427	2409	2542	5	1	133	0.0075188
NODE_64433_length_3012_cov_4.635427	2409	2542	6	24	133	0.1804511
NODE_64433_length_3012_cov_4.635427	2409	2542	7	61	133	0.4586466
NODE_64467_length_3011_cov_4.336195	763	896	0	133	133	1.0000000
NODE_64563_length_3008_cov_4.358886	2638	2771	0	44	133	0.3308271
NODE_64563_length_3008_cov_4.358886	2638	2771	1	55	133	0.4135338
NODE_64563_length_3008_cov_4.358886	2638	2771	2	34	133	0.2556391
NODE_6460_length_8659_cov_4.716589	7002	7135	0	133	133	1.0000000
NODE_6462_length_8657_cov_59.144076	272	405	17	4	133	0.0300752
NODE_6462_length_8657_cov_59.144076	272	405	18	12	133	0.0902256
NODE_6462_length_8657_cov_59.144076	272	405	19	6	133	0.0451128
NODE_6462_length_8657_cov_59.144076	272	405	20	2	133	0.0150376
NODE_6462_length_8657_cov_59.144076	272	405	21	9	133	0.0676692
NODE_6462_length_8657_cov_59.144076	272	405	23	5	133	0.0375940
NODE_6462_length_8657_cov_59.144076	272	405	25	5	133	0.0375940
NODE_6462_length_8657_cov_59.144076	272	405	27	2	133	0.0150376
NODE_6462_length_8657_cov_59.144076	272	405	29	2	133	0.0150376
NODE_6462_length_8657_cov_59.144076	272	405	32	10	133	0.0751880
NODE_6462_length_8657_cov_59.144076	272	405	37	13	133	0.0977444
NODE_6462_length_8657_cov_59.144076	272	405	38	6	133	0.0451128
NODE_6462_length_8657_cov_59.144076	272	405	39	7	133	0.0526316
NODE_6462_length_8657_cov_59.144076	272	405	40	3	133	0.0225564
NODE_6462_length_8657_cov_59.144076	272	405	41	6	133	0.0451128
NODE_6462_length_8657_cov_59.144076	272	405	42	19	133	0.1428571
NODE_6462_length_8657_cov_59.144076	272	405	43	5	133	0.0375940
NODE_6462_length_8657_cov_59.144076	272	405	44	2	133	0.0150376
NODE_6462_length_8657_cov_59.144076	272	405	45	12	133	0.0902256
NODE_6462_length_8657_cov_59.144076	272	405	47	3	133	0.0225564
NODE_64641_length_3006_cov_3.606467	261	394	0	133	133	1.0000000
NODE_64648_length_3006_cov_2.942552	1947	2080	0	30	133	0.2255639
NODE_64648_length_3006_cov_2.942552	1947	2080	1	40	133	0.3007519
NODE_64648_length_3006_cov_2.942552	1947	2080	2	63	133	0.4736842
NODE_64650_length_3006_cov_2.802202	1588	1721	0	41	133	0.3082707
NODE_64650_length_3006_cov_2.802202	1588	1721	1	13	133	0.0977444
NODE_64650_length_3006_cov_2.802202	1588	1721	2	79	133	0.5939850
NODE_64727_length_3003_cov_7.129821	196	329	0	5	133	0.0375940
NODE_64727_length_3003_cov_7.129821	196	329	2	128	133	0.9624060
NODE_64771_length_3002_cov_4.529108	2744	2877	0	90	133	0.6766917
NODE_64771_length_3002_cov_4.529108	2744	2877	2	43	133	0.3233083
NODE_64901_length_2998_cov_4.911349	538	671	0	133	133	1.0000000
NODE_64916_length_2998_cov_3.734736	1705	1838	0	133	133	1.0000000
NODE_64917_length_2998_cov_3.698517	1631	1764	0	133	133	1.0000000
NODE_65035_length_2994_cov_4.522625	354	487	0	25	133	0.1879699
NODE_65035_length_2994_cov_4.522625	354	487	2	69	133	0.5187970
NODE_65035_length_2994_cov_4.522625	354	487	4	39	133	0.2932331
NODE_65063_length_2993_cov_4.939876	225	358	0	133	133	1.0000000
NODE_65072_length_2993_cov_4.295439	748	881	0	133	133	1.0000000
NODE_65090_length_2993_cov_3.046648	1112	1245	0	6	133	0.0451128
NODE_65090_length_2993_cov_3.046648	1112	1245	1	127	133	0.9548872
NODE_65132_length_2991_cov_5.010373	778	911	0	133	133	1.0000000
NODE_65162_length_2990_cov_6.455206	2406	2539	0	133	133	1.0000000
NODE_65184_length_2990_cov_3.621930	1880	2013	2	73	133	0.5488722
NODE_65184_length_2990_cov_3.621930	1880	2013	4	60	133	0.4511278
NODE_651_length_16577_cov_4.515961	15877	16010	3	84	133	0.6315789
NODE_651_length_16577_cov_4.515961	15877	16010	4	20	133	0.1503759
NODE_651_length_16577_cov_4.515961	15877	16010	6	29	133	0.2180451
NODE_65201_length_2989_cov_4.662284	423	556	0	133	133	1.0000000
NODE_65236_length_2988_cov_5.142610	424	557	0	133	133	1.0000000
NODE_65239_length_2988_cov_5.004846	1916	2049	4	3	133	0.0225564
NODE_65239_length_2988_cov_5.004846	1916	2049	5	54	133	0.4060150
NODE_65239_length_2988_cov_5.004846	1916	2049	6	52	133	0.3909774
NODE_65239_length_2988_cov_5.004846	1916	2049	7	24	133	0.1804511
NODE_65277_length_2987_cov_5.058864	272	405	2	20	133	0.1503759
NODE_65277_length_2987_cov_5.058864	272	405	3	8	133	0.0601504
NODE_65277_length_2987_cov_5.058864	272	405	4	80	133	0.6015037
NODE_65277_length_2987_cov_5.058864	272	405	5	25	133	0.1879699
NODE_6531_length_8622_cov_8.123665	6882	7015	0	133	133	1.0000000
NODE_65361_length_2985_cov_3.558212	637	770	0	19	133	0.1428571
NODE_65361_length_2985_cov_3.558212	637	770	1	26	133	0.1954887
NODE_65361_length_2985_cov_3.558212	637	770	2	88	133	0.6616541
NODE_6541_length_8621_cov_4.118986	1371	1504	0	133	133	1.0000000
NODE_65452_length_2982_cov_4.483871	2660	2793	0	4	133	0.0300752
NODE_65452_length_2982_cov_4.483871	2660	2793	1	61	133	0.4586466
NODE_65452_length_2982_cov_4.483871	2660	2793	2	68	133	0.5112782
NODE_6546_length_8619_cov_4.982277	5501	5634	0	133	133	1.0000000
NODE_6547_length_8617_cov_4.752759	4355	4488	0	133	133	1.0000000
NODE_6548_length_8616_cov_4.264530	2054	2187	0	57	133	0.4285714
NODE_6548_length_8616_cov_4.264530	2054	2187	2	76	133	0.5714286
NODE_65570_length_2979_cov_4.416667	1704	1837	0	17	133	0.1278196
NODE_65570_length_2979_cov_4.416667	1704	1837	2	116	133	0.8721805
NODE_65589_length_2979_cov_3.040972	1164	1297	0	133	133	1.0000000
NODE_65616_length_2978_cov_4.266759	460	593	0	133	133	1.0000000
NODE_656_length_16544_cov_5.058072	9080	9213	0	133	133	1.0000000
NODE_6571_length_8607_cov_3.874941	7316	7449	0	43	133	0.3233083
NODE_6571_length_8607_cov_3.874941	7316	7449	2	90	133	0.6766917
NODE_6576_length_8606_cov_3.351593	312	445	0	133	133	1.0000000
NODE_65793_length_2973_cov_3.928671	735	868	0	133	133	1.0000000
NODE_6580_length_8604_cov_4.622810	6278	6411	1	42	133	0.3157895
NODE_6580_length_8604_cov_4.622810	6278	6411	2	91	133	0.6842105
NODE_65824_length_2972_cov_4.268361	2800	2933	0	133	133	1.0000000
NODE_65837_length_2972_cov_3.108597	2368	2501	0	133	133	1.0000000
NODE_65861_length_2971_cov_3.745474	2649	2782	0	133	133	1.0000000
NODE_65898_length_2970_cov_3.723093	805	938	0	50	133	0.3759398
NODE_65898_length_2970_cov_3.723093	805	938	2	83	133	0.6240602
NODE_6598_length_8598_cov_5.456642	3925	4058	0	133	133	1.0000000
NODE_66006_length_2966_cov_5.303104	2677	2810	0	133	133	1.0000000
NODE_6600_length_8598_cov_5.010001	3964	4097	0	53	133	0.3984962
NODE_6600_length_8598_cov_5.010001	3964	4097	2	80	133	0.6015037
NODE_66020_length_2966_cov_4.395535	1072	1205	1	12	133	0.0902256
NODE_66020_length_2966_cov_4.395535	1072	1205	18	45	133	0.3383459
NODE_66020_length_2966_cov_4.395535	1072	1205	19	76	133	0.5714286
NODE_66072_length_2965_cov_3.584787	2822	2955	0	133	133	1.0000000
NODE_66111_length_2963_cov_5.331355	1985	2118	0	133	133	1.0000000
NODE_66141_length_2962_cov_6.205030	306	439	0	133	133	1.0000000
NODE_66161_length_2962_cov_4.076144	2676	2809	0	3	133	0.0225564
NODE_66161_length_2962_cov_4.076144	2676	2809	2	7	133	0.0526316
NODE_66161_length_2962_cov_4.076144	2676	2809	12	13	133	0.0977444
NODE_66161_length_2962_cov_4.076144	2676	2809	13	48	133	0.3609022
NODE_66161_length_2962_cov_4.076144	2676	2809	14	62	133	0.4661654
NODE_66199_length_2961_cov_4.291055	369	502	4	106	133	0.7969925
NODE_66199_length_2961_cov_4.291055	369	502	8	27	133	0.2030075
NODE_66205_length_2961_cov_4.058700	1832	1965	0	133	133	1.0000000
NODE_66340_length_2957_cov_7.856893	2083	2216	0	133	133	1.0000000
NODE_6638_length_8577_cov_4.616065	4528	4661	3	88	133	0.6616541
NODE_6638_length_8577_cov_4.616065	4528	4661	6	45	133	0.3383459
NODE_6639_length_8577_cov_3.839467	7507	7640	0	10	133	0.0751880
NODE_6639_length_8577_cov_3.839467	7507	7640	2	119	133	0.8947368
NODE_6639_length_8577_cov_3.839467	7507	7640	4	4	133	0.0300752
NODE_66423_length_2955_cov_4.356443	367	500	0	9	133	0.0676692
NODE_66423_length_2955_cov_4.356443	367	500	1	40	133	0.3007519
NODE_66423_length_2955_cov_4.356443	367	500	2	84	133	0.6315789
NODE_66426_length_2955_cov_4.094538	1845	1978	0	133	133	1.0000000
NODE_664_length_16501_cov_4.521583	4421	4554	0	133	133	1.0000000
NODE_66543_length_2951_cov_5.071178	146	279	1	57	133	0.4285714
NODE_66543_length_2951_cov_5.071178	146	279	2	76	133	0.5714286
NODE_66552_length_2951_cov_4.367812	413	546	0	57	133	0.4285714
NODE_66552_length_2951_cov_4.367812	413	546	1	67	133	0.5037594
NODE_66552_length_2951_cov_4.367812	413	546	2	7	133	0.0526316
NODE_66552_length_2951_cov_4.367812	413	546	4	2	133	0.0150376
NODE_6668_length_8567_cov_5.236892	8107	8240	0	133	133	1.0000000
NODE_66726_length_2947_cov_2.849719	1028	1161	0	55	133	0.4135338
NODE_66726_length_2947_cov_2.849719	1028	1161	1	78	133	0.5864662
NODE_6676_length_8564_cov_4.854341	5846	5979	0	15	133	0.1127820
NODE_6676_length_8564_cov_4.854341	5846	5979	2	118	133	0.8872181
NODE_66781_length_2945_cov_3.945889	2063	2196	2	90	133	0.6766917
NODE_66781_length_2945_cov_3.945889	2063	2196	3	32	133	0.2406015
NODE_66781_length_2945_cov_3.945889	2063	2196	4	11	133	0.0827068
NODE_6679_length_8562_cov_5.280988	4806	4939	0	133	133	1.0000000
NODE_66801_length_2944_cov_5.303339	103	236	0	133	133	1.0000000
NODE_66897_length_2942_cov_4.445656	1930	2063	0	133	133	1.0000000
NODE_66941_length_2941_cov_4.476425	1292	1425	0	46	133	0.3458647
NODE_66941_length_2941_cov_4.476425	1292	1425	2	87	133	0.6541353
NODE_66948_length_2941_cov_4.011612	172	305	0	133	133	1.0000000
NODE_66_length_26996_cov_4.005763	6411	6544	0	16	133	0.1203008
NODE_66_length_26996_cov_4.005763	6411	6544	2	117	133	0.8796992
NODE_67028_length_2939_cov_3.690845	1416	1549	0	133	133	1.0000000
NODE_67092_length_2937_cov_4.756871	2244	2377	0	133	133	1.0000000
NODE_67141_length_2936_cov_3.223476	2591	2724	0	133	133	1.0000000
NODE_67148_length_2935_cov_5.221439	2399	2532	1	23	133	0.1729323
NODE_67148_length_2935_cov_5.221439	2399	2532	2	63	133	0.4736842
NODE_67148_length_2935_cov_5.221439	2399	2532	3	47	133	0.3533835
NODE_67165_length_2935_cov_4.445346	1977	2110	0	15	133	0.1127820
NODE_67165_length_2935_cov_4.445346	1977	2110	1	118	133	0.8872181
NODE_67249_length_2933_cov_3.623853	1460	1593	0	133	133	1.0000000
NODE_67340_length_2930_cov_4.129283	791	924	0	133	133	1.0000000
NODE_6742_length_8533_cov_3.968698	1105	1238	0	133	133	1.0000000
NODE_67431_length_2927_cov_4.957214	2167	2300	0	133	133	1.0000000
NODE_67526_length_2925_cov_2.663128	1075	1208	0	133	133	1.0000000
NODE_67539_length_2924_cov_3.954336	1994	2127	0	64	133	0.4812030
NODE_67539_length_2924_cov_3.954336	1994	2127	1	38	133	0.2857143
NODE_67539_length_2924_cov_3.954336	1994	2127	2	31	133	0.2330827
NODE_67549_length_2924_cov_3.141593	501	634	1	99	133	0.7443609
NODE_67549_length_2924_cov_3.141593	501	634	5	1	133	0.0075188
NODE_67549_length_2924_cov_3.141593	501	634	6	33	133	0.2481203
NODE_67583_length_2923_cov_4.481586	2740	2873	0	133	133	1.0000000
NODE_6763_length_8525_cov_4.045811	6493	6626	0	133	133	1.0000000
NODE_6766_length_8522_cov_4.902885	6362	6495	0	133	133	1.0000000
NODE_6767_length_8522_cov_4.286596	2912	3045	0	133	133	1.0000000
NODE_676_length_16465_cov_5.304106	15477	15610	0	133	133	1.0000000
NODE_67700_length_2920_cov_4.132932	292	425	0	133	133	1.0000000
NODE_67702_length_2920_cov_3.996455	643	776	0	133	133	1.0000000
NODE_67713_length_2920_cov_3.622474	1622	1755	0	133	133	1.0000000
NODE_67882_length_2915_cov_3.038707	1977	2110	0	133	133	1.0000000
NODE_6798_length_8511_cov_4.994650	796	929	0	133	133	1.0000000
NODE_6805_length_8507_cov_6.694101	571	704	0	133	133	1.0000000
NODE_68072_length_2909_cov_4.235943	2716	2849	0	133	133	1.0000000
NODE_6813_length_8503_cov_3.903855	4572	4705	0	133	133	1.0000000
NODE_68140_length_2907_cov_4.448718	1587	1720	3	82	133	0.6165413
NODE_68140_length_2907_cov_4.448718	1587	1720	4	20	133	0.1503759
NODE_68140_length_2907_cov_4.448718	1587	1720	5	31	133	0.2330827
NODE_68145_length_2907_cov_4.052350	1158	1291	1	19	133	0.1428571
NODE_68145_length_2907_cov_4.052350	1158	1291	2	51	133	0.3834586
NODE_68145_length_2907_cov_4.052350	1158	1291	3	34	133	0.2556391
NODE_68145_length_2907_cov_4.052350	1158	1291	4	29	133	0.2180451
NODE_68165_length_2906_cov_5.190239	2376	2509	0	133	133	1.0000000
NODE_68174_length_2906_cov_4.526541	2703	2836	0	52	133	0.3909774
NODE_68174_length_2906_cov_4.526541	2703	2836	1	81	133	0.6090226
NODE_6821_length_8500_cov_20.425545	5362	5495	0	133	133	1.0000000
NODE_68226_length_2905_cov_3.380257	452	585	0	23	133	0.1729323
NODE_68226_length_2905_cov_3.380257	452	585	2	52	133	0.3909774
NODE_68226_length_2905_cov_3.380257	452	585	4	58	133	0.4360902
NODE_68239_length_2904_cov_4.808913	899	1032	0	5	133	0.0375940
NODE_68239_length_2904_cov_4.808913	899	1032	1	39	133	0.2932331
NODE_68239_length_2904_cov_4.808913	899	1032	2	89	133	0.6691729
NODE_6825_length_8497_cov_4.366278	3587	3720	0	133	133	1.0000000
NODE_68290_length_2903_cov_3.769971	1011	1144	0	133	133	1.0000000
NODE_6834_length_8494_cov_3.744491	6329	6462	0	133	133	1.0000000
NODE_68350_length_2901_cov_5.395432	2272	2405	0	59	133	0.4436090
NODE_68350_length_2901_cov_5.395432	2272	2405	1	18	133	0.1353384
NODE_68350_length_2901_cov_5.395432	2272	2405	2	56	133	0.4210526
NODE_68381_length_2901_cov_3.742684	2247	2380	0	133	133	1.0000000
NODE_68388_length_2901_cov_3.237330	2477	2610	0	133	133	1.0000000
NODE_683_length_16423_cov_4.528976	4198	4331	0	133	133	1.0000000
NODE_68407_length_2900_cov_4.260621	2510	2643	2	11	133	0.0827068
NODE_68407_length_2900_cov_4.260621	2510	2643	3	10	133	0.0751880
NODE_68407_length_2900_cov_4.260621	2510	2643	4	7	133	0.0526316
NODE_68407_length_2900_cov_4.260621	2510	2643	5	15	133	0.1127820
NODE_68407_length_2900_cov_4.260621	2510	2643	6	90	133	0.6766917
NODE_68418_length_2900_cov_3.866833	223	356	0	133	133	1.0000000
NODE_68434_length_2899_cov_5.058929	148	281	0	133	133	1.0000000
NODE_68453_length_2899_cov_3.445000	255	388	0	133	133	1.0000000
NODE_684_length_16419_cov_4.291912	4841	4974	0	27	133	0.2030075
NODE_684_length_16419_cov_4.291912	4841	4974	1	106	133	0.7969925
NODE_6850_length_8487_cov_3.855866	3227	3360	0	133	133	1.0000000
NODE_68516_length_2897_cov_3.973553	2213	2346	3	45	133	0.3383459
NODE_68516_length_2897_cov_3.973553	2213	2346	4	27	133	0.2030075
NODE_68516_length_2897_cov_3.973553	2213	2346	7	37	133	0.2781955
NODE_68516_length_2897_cov_3.973553	2213	2346	8	24	133	0.1804511
NODE_68524_length_2897_cov_3.561115	1970	2103	0	133	133	1.0000000
NODE_68619_length_2894_cov_4.747048	685	818	0	133	133	1.0000000
NODE_6862_length_8479_cov_6.451074	2560	2693	2	12	133	0.0902256
NODE_6862_length_8479_cov_6.451074	2560	2693	4	27	133	0.2030075
NODE_6862_length_8479_cov_6.451074	2560	2693	6	94	133	0.7067669
NODE_68693_length_2893_cov_3.371152	149	282	1	26	133	0.1954887
NODE_68693_length_2893_cov_3.371152	149	282	2	107	133	0.8045112
NODE_6873_length_8475_cov_4.973376	6076	6209	1	77	133	0.5789474
NODE_6873_length_8475_cov_4.973376	6076	6209	2	56	133	0.4210526
NODE_6874_length_8475_cov_4.961437	37	170	0	133	133	1.0000000
NODE_68853_length_2889_cov_3.884229	1539	1672	0	36	133	0.2706767
NODE_68853_length_2889_cov_3.884229	1539	1672	1	30	133	0.2255639
NODE_68853_length_2889_cov_3.884229	1539	1672	2	67	133	0.5037594
NODE_68879_length_2888_cov_4.451058	1723	1856	2	66	133	0.4962406
NODE_68879_length_2888_cov_4.451058	1723	1856	3	1	133	0.0075188
NODE_68879_length_2888_cov_4.451058	1723	1856	4	66	133	0.4962406
NODE_68902_length_2888_cov_3.025816	849	982	0	133	133	1.0000000
NODE_6890_length_8471_cov_4.134735	2330	2463	1	63	133	0.4736842
NODE_6890_length_8471_cov_4.134735	2330	2463	2	70	133	0.5263158
NODE_68932_length_2887_cov_3.648135	1159	1292	0	26	133	0.1954887
NODE_68932_length_2887_cov_3.648135	1159	1292	3	107	133	0.8045112
NODE_68955_length_2886_cov_4.368855	687	820	0	49	133	0.3684210
NODE_68955_length_2886_cov_4.368855	687	820	1	12	133	0.0902256
NODE_68955_length_2886_cov_4.368855	687	820	2	72	133	0.5413534
NODE_68996_length_2885_cov_4.268844	2086	2219	0	16	133	0.1203008
NODE_68996_length_2885_cov_4.268844	2086	2219	1	33	133	0.2481203
NODE_68996_length_2885_cov_4.268844	2086	2219	2	84	133	0.6315789
NODE_69071_length_2883_cov_4.201868	1046	1179	0	133	133	1.0000000
NODE_6908_length_8465_cov_3.920870	420	553	0	133	133	1.0000000
NODE_69112_length_2882_cov_3.847287	589	722	0	133	133	1.0000000
NODE_6922_length_8459_cov_3.955981	3691	3824	0	133	133	1.0000000
NODE_69313_length_2876_cov_4.508822	1401	1534	0	133	133	1.0000000
NODE_69326_length_2876_cov_3.819589	557	690	0	133	133	1.0000000
NODE_69395_length_2874_cov_3.727928	1215	1348	0	43	133	0.3233083
NODE_69395_length_2874_cov_3.727928	1215	1348	2	90	133	0.6766917
NODE_69400_length_2874_cov_3.361441	1012	1145	0	133	133	1.0000000
NODE_6940_length_8450_cov_10.938091	6029	6162	3	16	133	0.1203008
NODE_6940_length_8450_cov_10.938091	6029	6162	5	52	133	0.3909774
NODE_6940_length_8450_cov_10.938091	6029	6162	6	20	133	0.1503759
NODE_6940_length_8450_cov_10.938091	6029	6162	7	44	133	0.3308271
NODE_6940_length_8450_cov_10.938091	6029	6162	8	1	133	0.0075188
NODE_69419_length_2873_cov_4.724946	520	653	0	133	133	1.0000000
NODE_69435_length_2873_cov_3.777217	879	1012	0	133	133	1.0000000
NODE_69442_length_2873_cov_2.949892	491	624	0	133	133	1.0000000
NODE_69490_length_2871_cov_5.457071	1152	1285	0	133	133	1.0000000
NODE_69518_length_2871_cov_3.757576	2447	2580	0	21	133	0.1578947
NODE_69518_length_2871_cov_3.757576	2447	2580	2	112	133	0.8421053
NODE_6952_length_8448_cov_4.109235	853	986	0	133	133	1.0000000
NODE_69543_length_2870_cov_5.272104	796	929	0	133	133	1.0000000
NODE_69621_length_2868_cov_4.039364	220	353	0	133	133	1.0000000
NODE_69643_length_2867_cov_4.912572	837	970	0	133	133	1.0000000
NODE_6966_length_8443_cov_4.388663	369	502	0	133	133	1.0000000
NODE_69741_length_2865_cov_4.319595	2406	2539	0	133	133	1.0000000
NODE_6980_length_8438_cov_11.864972	7482	7615	0	133	133	1.0000000
NODE_69816_length_2863_cov_5.189942	656	789	0	19	133	0.1428571
NODE_69816_length_2863_cov_5.189942	656	789	2	51	133	0.3834586
NODE_69816_length_2863_cov_5.189942	656	789	4	63	133	0.4736842
NODE_6990_length_8434_cov_4.201200	3944	4077	0	87	133	0.6541353
NODE_6990_length_8434_cov_4.201200	3944	4077	2	46	133	0.3458647
NODE_6997_length_8431_cov_4.261522	7300	7433	0	133	133	1.0000000
NODE_699_length_16335_cov_4.006775	4844	4977	0	133	133	1.0000000
NODE_70084_length_2857_cov_4.175852	800	933	1	4	133	0.0300752
NODE_70084_length_2857_cov_4.175852	800	933	3	6	133	0.0451128
NODE_70084_length_2857_cov_4.175852	800	933	6	89	133	0.6691729
NODE_70084_length_2857_cov_4.175852	800	933	7	34	133	0.2556391
NODE_70112_length_2856_cov_6.220530	2219	2352	0	64	133	0.4812030
NODE_70112_length_2856_cov_6.220530	2219	2352	3	69	133	0.5187970
NODE_70116_length_2856_cov_4.684077	1289	1422	0	49	133	0.3684210
NODE_70116_length_2856_cov_4.684077	1289	1422	1	84	133	0.6315789
NODE_70123_length_2856_cov_3.973522	1963	2096	1	14	133	0.1052632
NODE_70123_length_2856_cov_3.973522	1963	2096	2	119	133	0.8947368
NODE_70167_length_2855_cov_3.201016	2023	2156	0	133	133	1.0000000
NODE_7016_length_8424_cov_4.191592	2622	2755	0	48	133	0.3609022
NODE_7016_length_8424_cov_4.191592	2622	2755	1	21	133	0.1578947
NODE_7016_length_8424_cov_4.191592	2622	2755	2	64	133	0.4812030
NODE_701_length_16325_cov_6.146925	3046	3179	0	133	133	1.0000000
NODE_70203_length_2854_cov_3.521597	2137	2270	0	43	133	0.3233083
NODE_70203_length_2854_cov_3.521597	2137	2270	1	5	133	0.0375940
NODE_70203_length_2854_cov_3.521597	2137	2270	2	85	133	0.6390978
NODE_70298_length_2852_cov_3.049037	331	464	0	130	133	0.9774436
NODE_70298_length_2852_cov_3.049037	331	464	1	3	133	0.0225564
NODE_70324_length_2851_cov_3.865916	1714	1847	0	133	133	1.0000000
NODE_7034_length_8415_cov_4.841150	5325	5458	0	58	133	0.4360902
NODE_7034_length_8415_cov_4.841150	5325	5458	1	14	133	0.1052632
NODE_7034_length_8415_cov_4.841150	5325	5458	2	61	133	0.4586466
NODE_70357_length_2850_cov_4.415485	428	561	0	133	133	1.0000000
NODE_7038_length_8414_cov_3.417679	3991	4124	3	23	133	0.1729323
NODE_7038_length_8414_cov_3.417679	3991	4124	4	33	133	0.2481203
NODE_7038_length_8414_cov_3.417679	3991	4124	5	45	133	0.3383459
NODE_7038_length_8414_cov_3.417679	3991	4124	6	32	133	0.2406015
NODE_70390_length_2849_cov_5.428000	596	729	1	1	133	0.0075188
NODE_70390_length_2849_cov_5.428000	596	729	2	89	133	0.6691729
NODE_70390_length_2849_cov_5.428000	596	729	3	43	133	0.3233083
NODE_70408_length_2849_cov_3.646545	255	388	0	133	133	1.0000000
NODE_7046_length_8411_cov_3.948869	1679	1812	0	133	133	1.0000000
NODE_704_length_16303_cov_4.425759	1317	1450	0	133	133	1.0000000
NODE_70562_length_2845_cov_3.265113	1610	1743	0	133	133	1.0000000
NODE_70629_length_2843_cov_3.854592	1341	1474	0	2	133	0.0150376
NODE_70629_length_2843_cov_3.854592	1341	1474	1	34	133	0.2556391
NODE_70629_length_2843_cov_3.854592	1341	1474	2	97	133	0.7293233
NODE_7062_length_8408_cov_3.979420	3951	4084	0	133	133	1.0000000
NODE_7063_length_8406_cov_5.163115	3296	3429	0	133	133	1.0000000
NODE_70674_length_2842_cov_2.649654	1555	1688	0	133	133	1.0000000
NODE_7068_length_8404_cov_4.767249	1015	1148	3	5	133	0.0375940
NODE_7068_length_8404_cov_4.767249	1015	1148	4	24	133	0.1804511
NODE_7068_length_8404_cov_4.767249	1015	1148	5	55	133	0.4135338
NODE_7068_length_8404_cov_4.767249	1015	1148	7	49	133	0.3684210
NODE_7069_length_8403_cov_4.513006	1091	1224	0	78	133	0.5864662
NODE_7069_length_8403_cov_4.513006	1091	1224	2	55	133	0.4135338
NODE_706_length_16298_cov_22.038891	4305	4438	0	72	133	0.5413534
NODE_706_length_16298_cov_22.038891	4305	4438	1	61	133	0.4586466
NODE_70805_length_2838_cov_5.715590	1233	1366	4	61	133	0.4586466
NODE_70805_length_2838_cov_5.715590	1233	1366	5	4	133	0.0300752
NODE_70805_length_2838_cov_5.715590	1233	1366	6	7	133	0.0526316
NODE_70805_length_2838_cov_5.715590	1233	1366	7	55	133	0.4135338
NODE_70805_length_2838_cov_5.715590	1233	1366	8	6	133	0.0451128
NODE_70871_length_2837_cov_2.250183	2551	2684	0	133	133	1.0000000
NODE_70873_length_2836_cov_5.934600	129	262	0	133	133	1.0000000
NODE_7089_length_8394_cov_3.973719	6167	6300	0	23	133	0.1729323
NODE_7089_length_8394_cov_3.973719	6167	6300	1	1	133	0.0075188
NODE_7089_length_8394_cov_3.973719	6167	6300	2	109	133	0.8195488
NODE_70916_length_2835_cov_4.666667	1005	1138	1	58	133	0.4360902
NODE_70916_length_2835_cov_4.666667	1005	1138	2	75	133	0.5639098
NODE_70926_length_2835_cov_3.875365	2071	2204	0	133	133	1.0000000
NODE_7092_length_8392_cov_5.271916	3258	3391	0	133	133	1.0000000
NODE_70960_length_2834_cov_3.244973	2226	2359	0	133	133	1.0000000
NODE_70981_length_2833_cov_4.438917	2260	2393	0	18	133	0.1353384
NODE_70981_length_2833_cov_4.438917	2260	2393	1	4	133	0.0300752
NODE_70981_length_2833_cov_4.438917	2260	2393	2	111	133	0.8345864
NODE_70989_length_2833_cov_4.076079	255	388	1	4	133	0.0300752
NODE_70989_length_2833_cov_4.076079	255	388	2	73	133	0.5488722
NODE_70989_length_2833_cov_4.076079	255	388	3	56	133	0.4210526
NODE_70997_length_2833_cov_3.687637	937	1070	0	133	133	1.0000000
NODE_71009_length_2832_cov_5.602634	2064	2197	0	133	133	1.0000000
NODE_71074_length_2830_cov_4.693153	773	906	0	88	133	0.6616541
NODE_71074_length_2830_cov_4.693153	773	906	2	45	133	0.3383459
NODE_7109_length_8384_cov_3.485576	3288	3421	0	133	133	1.0000000
NODE_71111_length_2829_cov_3.794872	2405	2538	0	133	133	1.0000000
NODE_71136_length_2828_cov_4.518505	1046	1179	2	53	133	0.3984962
NODE_71136_length_2828_cov_4.518505	1046	1179	3	7	133	0.0526316
NODE_71136_length_2828_cov_4.518505	1046	1179	4	18	133	0.1353384
NODE_71136_length_2828_cov_4.518505	1046	1179	5	36	133	0.2706767
NODE_71136_length_2828_cov_4.518505	1046	1179	7	19	133	0.1428571
NODE_7114_length_8381_cov_3.966071	5534	5667	0	133	133	1.0000000
NODE_71279_length_2825_cov_3.905356	2028	2161	0	133	133	1.0000000
NODE_71353_length_2823_cov_5.932085	2635	2768	0	133	133	1.0000000
NODE_71368_length_2823_cov_3.987151	1723	1856	0	51	133	0.3834586
NODE_71368_length_2823_cov_3.987151	1723	1856	2	82	133	0.6165413
NODE_71377_length_2823_cov_3.108297	141	274	0	133	133	1.0000000
NODE_7140_length_8368_cov_5.401137	6702	6835	0	133	133	1.0000000
NODE_71421_length_2822_cov_2.986045	2423	2556	1	6	133	0.0451128
NODE_71421_length_2822_cov_2.986045	2423	2556	2	83	133	0.6240602
NODE_71421_length_2822_cov_2.986045	2423	2556	3	29	133	0.2180451
NODE_71421_length_2822_cov_2.986045	2423	2556	4	15	133	0.1127820
NODE_71431_length_2821_cov_5.882072	668	801	2	71	133	0.5338346
NODE_71431_length_2821_cov_5.882072	668	801	3	2	133	0.0150376
NODE_71431_length_2821_cov_5.882072	668	801	4	60	133	0.4511278
NODE_71438_length_2821_cov_4.593314	718	851	0	133	133	1.0000000
NODE_71452_length_2821_cov_4.211609	1285	1418	0	133	133	1.0000000
NODE_71485_length_2820_cov_4.523337	1240	1373	0	42	133	0.3157895
NODE_71485_length_2820_cov_4.523337	1240	1373	1	13	133	0.0977444
NODE_71485_length_2820_cov_4.523337	1240	1373	2	78	133	0.5864662
NODE_71496_length_2820_cov_3.530687	1658	1791	1	133	133	1.0000000
NODE_714_length_16264_cov_11.000062	11548	11681	0	11	133	0.0827068
NODE_714_length_16264_cov_11.000062	11548	11681	2	46	133	0.3458647
NODE_714_length_16264_cov_11.000062	11548	11681	3	76	133	0.5714286
NODE_71515_length_2819_cov_4.738971	112	245	3	63	133	0.4736842
NODE_71515_length_2819_cov_4.738971	112	245	6	70	133	0.5263158
NODE_71530_length_2819_cov_3.953309	2461	2594	0	133	133	1.0000000
NODE_7159_length_8361_cov_4.538611	2328	2461	0	133	133	1.0000000
NODE_71618_length_2817_cov_4.026490	1351	1484	0	133	133	1.0000000
NODE_71676_length_2815_cov_6.040501	1896	2029	0	66	133	0.4962406
NODE_71676_length_2815_cov_6.040501	1896	2029	2	67	133	0.5037594
NODE_71694_length_2815_cov_3.996686	1900	2033	0	133	133	1.0000000
NODE_7169_length_8358_cov_4.560964	3385	3518	0	133	133	1.0000000
NODE_71802_length_2812_cov_3.807962	2087	2220	0	133	133	1.0000000
NODE_71848_length_2811_cov_3.455383	1967	2100	0	133	133	1.0000000
NODE_71895_length_2810_cov_3.520472	1029	1162	0	133	133	1.0000000
NODE_7189_length_8348_cov_5.064250	2218	2351	0	14	133	0.1052632
NODE_7189_length_8348_cov_5.064250	2218	2351	1	36	133	0.2706767
NODE_7189_length_8348_cov_5.064250	2218	2351	2	83	133	0.6240602
NODE_71949_length_2809_cov_2.759041	1550	1683	0	133	133	1.0000000
NODE_71_length_25874_cov_5.006440	21128	21261	0	133	133	1.0000000
NODE_72041_length_2806_cov_4.280384	1790	1923	0	133	133	1.0000000
NODE_72056_length_2806_cov_3.473218	2695	2828	0	133	133	1.0000000
NODE_7205_length_8343_cov_3.867297	1998	2131	0	133	133	1.0000000
NODE_7209_length_8341_cov_4.770565	2815	2948	0	55	133	0.4135338
NODE_7209_length_8341_cov_4.770565	2815	2948	1	49	133	0.3684210
NODE_7209_length_8341_cov_4.770565	2815	2948	2	29	133	0.2180451
NODE_7211_length_8340_cov_4.331756	1244	1377	0	133	133	1.0000000
NODE_72123_length_2804_cov_4.613678	255	388	0	133	133	1.0000000
NODE_72127_length_2804_cov_4.406654	2088	2221	0	133	133	1.0000000
NODE_7216_length_8339_cov_4.088714	4512	4645	1	34	133	0.2556391
NODE_7216_length_8339_cov_4.088714	4512	4645	2	99	133	0.7443609
NODE_7218_length_8338_cov_4.726302	4972	5105	0	71	133	0.5338346
NODE_7218_length_8338_cov_4.726302	4972	5105	2	62	133	0.4661654
NODE_72220_length_2802_cov_4.065853	1317	1450	0	133	133	1.0000000
NODE_72227_length_2802_cov_3.897151	2205	2338	0	133	133	1.0000000
NODE_72237_length_2802_cov_3.595265	2314	2447	0	133	133	1.0000000
NODE_72260_length_2801_cov_4.303479	2545	2678	0	133	133	1.0000000
NODE_7226_length_8334_cov_5.035944	4726	4859	0	133	133	1.0000000
NODE_72369_length_2799_cov_3.086667	2721	2854	0	133	133	1.0000000
NODE_72384_length_2798_cov_4.987403	463	596	0	133	133	1.0000000
NODE_72388_length_2798_cov_4.662097	1870	2003	0	53	133	0.3984962
NODE_72388_length_2798_cov_4.662097	1870	2003	2	80	133	0.6015037
NODE_72398_length_2798_cov_4.152279	2242	2375	0	133	133	1.0000000
NODE_724_length_16194_cov_5.311401	10338	10471	0	133	133	1.0000000
NODE_72530_length_2794_cov_5.419295	2497	2630	0	2	133	0.0150376
NODE_72530_length_2794_cov_5.419295	2497	2630	1	41	133	0.3082707
NODE_72530_length_2794_cov_5.419295	2497	2630	2	27	133	0.2030075
NODE_72530_length_2794_cov_5.419295	2497	2630	3	53	133	0.3984962
NODE_72530_length_2794_cov_5.419295	2497	2630	4	10	133	0.0751880
NODE_72587_length_2793_cov_3.966221	1563	1696	0	133	133	1.0000000
NODE_72639_length_2791_cov_4.551634	1980	2113	0	133	133	1.0000000
NODE_72673_length_2790_cov_5.296544	2237	2370	0	133	133	1.0000000
NODE_72735_length_2789_cov_5.231227	809	942	0	133	133	1.0000000
NODE_7276_length_8313_cov_4.737034	5813	5946	0	133	133	1.0000000
NODE_72781_length_2788_cov_4.692079	878	1011	0	133	133	1.0000000
NODE_72793_length_2788_cov_4.117516	1462	1595	0	133	133	1.0000000
NODE_72831_length_2787_cov_4.230283	576	709	0	51	133	0.3834586
NODE_72831_length_2787_cov_4.230283	576	709	1	82	133	0.6165413
NODE_72833_length_2787_cov_4.120164	1934	2067	0	133	133	1.0000000
NODE_7288_length_8309_cov_4.231669	3751	3884	0	22	133	0.1654135
NODE_7288_length_8309_cov_4.231669	3751	3884	2	11	133	0.0827068
NODE_7288_length_8309_cov_4.231669	3751	3884	4	100	133	0.7518797
NODE_7294_length_8307_cov_4.229288	6395	6528	0	133	133	1.0000000
NODE_72972_length_2783_cov_310.991058	1952	2085	3	35	133	0.2631579
NODE_72972_length_2783_cov_310.991058	1952	2085	5	24	133	0.1804511
NODE_72972_length_2783_cov_310.991058	1952	2085	7	4	133	0.0300752
NODE_72972_length_2783_cov_310.991058	1952	2085	8	2	133	0.0150376
NODE_72972_length_2783_cov_310.991058	1952	2085	9	39	133	0.2932331
NODE_72972_length_2783_cov_310.991058	1952	2085	11	20	133	0.1503759
NODE_72972_length_2783_cov_310.991058	1952	2085	12	9	133	0.0676692
NODE_7297_length_8306_cov_3.796393	1449	1582	0	58	133	0.4360902
NODE_7297_length_8306_cov_3.796393	1449	1582	2	75	133	0.5639098
NODE_72_length_25680_cov_4.528126	19383	19516	0	133	133	1.0000000
NODE_73000_length_2783_cov_3.056259	529	662	0	133	133	1.0000000
NODE_73012_length_2782_cov_5.592247	1585	1718	3	133	133	1.0000000
NODE_73036_length_2782_cov_3.115915	415	548	0	133	133	1.0000000
NODE_73068_length_2781_cov_3.763982	1119	1252	0	133	133	1.0000000
NODE_73110_length_2780_cov_3.784409	1255	1388	0	129	133	0.9699248
NODE_73110_length_2780_cov_3.784409	1255	1388	2	4	133	0.0300752
NODE_73159_length_2779_cov_3.461567	1036	1169	0	133	133	1.0000000
NODE_7321_length_8296_cov_4.888252	6463	6596	2	65	133	0.4887218
NODE_7321_length_8296_cov_4.888252	6463	6596	4	68	133	0.5112782
NODE_7325_length_8295_cov_6.968765	2232	2365	0	133	133	1.0000000
NODE_7328_length_8294_cov_11.365223	7311	7444	2	81	133	0.6090226
NODE_7328_length_8294_cov_11.365223	7311	7444	4	52	133	0.3909774
NODE_73334_length_2775_cov_3.711883	1210	1343	0	133	133	1.0000000
NODE_73450_length_2772_cov_3.213618	1232	1365	0	90	133	0.6766917
NODE_73450_length_2772_cov_3.213618	1232	1365	2	43	133	0.3233083
NODE_7355_length_8284_cov_4.356384	1787	1920	0	133	133	1.0000000
NODE_7357_length_8284_cov_2.964692	1546	1679	2	117	133	0.8796992
NODE_7357_length_8284_cov_2.964692	1546	1679	4	16	133	0.1203008
NODE_73582_length_2768_cov_4.738854	1191	1324	0	51	133	0.3834586
NODE_73582_length_2768_cov_4.738854	1191	1324	1	22	133	0.1654135
NODE_73582_length_2768_cov_4.738854	1191	1324	2	60	133	0.4511278
NODE_7358_length_8283_cov_4.587732	5932	6065	0	133	133	1.0000000
NODE_73607_length_2768_cov_3.348070	1806	1939	0	133	133	1.0000000
NODE_7374_length_8275_cov_4.511497	7206	7339	3	8	133	0.0601504
NODE_7374_length_8275_cov_4.511497	7206	7339	4	6	133	0.0451128
NODE_7374_length_8275_cov_4.511497	7206	7339	5	30	133	0.2255639
NODE_7374_length_8275_cov_4.511497	7206	7339	6	89	133	0.6691729
NODE_73760_length_2764_cov_4.515572	1141	1274	0	29	133	0.2180451
NODE_73760_length_2764_cov_4.515572	1141	1274	3	104	133	0.7819549
NODE_73888_length_2761_cov_3.702104	1075	1208	0	133	133	1.0000000
NODE_74000_length_2758_cov_5.253855	1826	1959	1	133	133	1.0000000
NODE_74006_length_2758_cov_4.549455	259	392	0	48	133	0.3609022
NODE_74006_length_2758_cov_4.549455	259	392	1	58	133	0.4360902
NODE_74006_length_2758_cov_4.549455	259	392	2	27	133	0.2030075
NODE_74046_length_2757_cov_5.030850	470	603	0	133	133	1.0000000
NODE_7405_length_8258_cov_4.564040	3037	3170	0	133	133	1.0000000
NODE_74160_length_2755_cov_3.111822	1860	1993	0	133	133	1.0000000
NODE_74179_length_2754_cov_4.550282	1770	1903	0	133	133	1.0000000
NODE_7421_length_8251_cov_4.795878	2527	2660	0	133	133	1.0000000
NODE_74259_length_2752_cov_5.313984	1036	1169	1	22	133	0.1654135
NODE_74259_length_2752_cov_5.313984	1036	1169	2	34	133	0.2556391
NODE_74259_length_2752_cov_5.313984	1036	1169	3	24	133	0.1804511
NODE_74259_length_2752_cov_5.313984	1036	1169	4	53	133	0.3984962
NODE_74278_length_2752_cov_3.900113	113	246	0	133	133	1.0000000
NODE_7434_length_8245_cov_3.884851	6707	6840	0	133	133	1.0000000
NODE_74389_length_2749_cov_4.365660	1349	1482	1	8	133	0.0601504
NODE_74389_length_2749_cov_4.365660	1349	1482	2	125	133	0.9398496
NODE_743_length_16077_cov_4.723870	11289	11422	0	133	133	1.0000000
NODE_74428_length_2748_cov_4.700642	2082	2215	0	133	133	1.0000000
NODE_74456_length_2747_cov_4.881420	1145	1278	0	133	133	1.0000000
NODE_744_length_16066_cov_5.240559	577	710	0	133	133	1.0000000
NODE_7461_length_8233_cov_4.201500	5599	5732	0	133	133	1.0000000
NODE_74635_length_2743_cov_4.246596	159	292	0	133	133	1.0000000
NODE_7465_length_8231_cov_4.830423	7028	7161	1	64	133	0.4812030
NODE_7465_length_8231_cov_4.830423	7028	7161	2	69	133	0.5187970
NODE_74673_length_2742_cov_5.101778	793	926	2	23	133	0.1729323
NODE_74673_length_2742_cov_5.101778	793	926	7	3	133	0.0225564
NODE_74673_length_2742_cov_5.101778	793	926	9	49	133	0.3684210
NODE_74673_length_2742_cov_5.101778	793	926	12	49	133	0.3684210
NODE_74673_length_2742_cov_5.101778	793	926	14	9	133	0.0676692
NODE_74707_length_2741_cov_6.725965	1016	1149	0	9	133	0.0676692
NODE_74707_length_2741_cov_6.725965	1016	1149	1	54	133	0.4060150
NODE_74707_length_2741_cov_6.725965	1016	1149	3	35	133	0.2631579
NODE_74707_length_2741_cov_6.725965	1016	1149	4	35	133	0.2631579
NODE_7475_length_8226_cov_5.411714	6527	6660	2	82	133	0.6165413
NODE_7475_length_8226_cov_5.411714	6527	6660	4	51	133	0.3834586
NODE_74806_length_2739_cov_4.100379	2073	2206	1	28	133	0.2105263
NODE_74806_length_2739_cov_4.100379	2073	2206	2	105	133	0.7894737
NODE_74831_length_2738_cov_6.699507	2065	2198	0	133	133	1.0000000
NODE_74886_length_2737_cov_3.985595	1058	1191	0	133	133	1.0000000
NODE_74943_length_2735_cov_4.861153	1015	1148	0	133	133	1.0000000
NODE_75019_length_2733_cov_5.709947	1263	1396	0	133	133	1.0000000
NODE_75209_length_2729_cov_3.976426	137	270	0	133	133	1.0000000
NODE_7538_length_8202_cov_3.815747	7321	7454	0	133	133	1.0000000
NODE_75422_length_2723_cov_5.583460	2054	2187	0	133	133	1.0000000
NODE_75450_length_2723_cov_3.708079	2593	2726	0	133	133	1.0000000
NODE_75596_length_2719_cov_5.314885	1520	1653	0	48	133	0.3609022
NODE_75596_length_2719_cov_5.314885	1520	1653	3	45	133	0.3383459
NODE_75596_length_2719_cov_5.314885	1520	1653	6	40	133	0.3007519
NODE_75598_length_2719_cov_4.892366	1810	1943	0	133	133	1.0000000
NODE_75625_length_2719_cov_3.130534	591	724	0	133	133	1.0000000
NODE_75698_length_2717_cov_3.605042	1165	1298	0	133	133	1.0000000
NODE_7584_length_8183_cov_11.398812	2744	2877	0	133	133	1.0000000
NODE_75853_length_2713_cov_5.570773	158	291	0	133	133	1.0000000
NODE_75905_length_2712_cov_5.629545	433	566	0	133	133	1.0000000
NODE_7594_length_8181_cov_4.270973	2929	3062	3	68	133	0.5112782
NODE_7594_length_8181_cov_4.270973	2929	3062	4	21	133	0.1578947
NODE_7594_length_8181_cov_4.270973	2929	3062	5	6	133	0.0451128
NODE_7594_length_8181_cov_4.270973	2929	3062	6	38	133	0.2857143
NODE_75_length_25460_cov_5.177280	7938	8071	0	133	133	1.0000000
NODE_76068_length_2709_cov_2.935249	116	249	0	133	133	1.0000000
NODE_76084_length_2708_cov_4.155232	340	473	0	133	133	1.0000000
NODE_76116_length_2707_cov_4.264187	1182	1315	1	11	133	0.0827068
NODE_76116_length_2707_cov_4.264187	1182	1315	2	105	133	0.7894737
NODE_76116_length_2707_cov_4.264187	1182	1315	4	17	133	0.1278196
NODE_76176_length_2705_cov_14.993860	2060	2193	0	133	133	1.0000000
NODE_7619_length_8168_cov_4.634527	368	501	0	133	133	1.0000000
NODE_76222_length_2704_cov_5.727831	290	423	0	133	133	1.0000000
NODE_76285_length_2703_cov_4.053379	1561	1694	0	133	133	1.0000000
NODE_7628_length_8163_cov_5.048983	5032	5165	0	1	133	0.0075188
NODE_7628_length_8163_cov_5.048983	5032	5165	2	132	133	0.9924812
NODE_76323_length_2702_cov_4.676143	1840	1973	2	80	133	0.6015037
NODE_76323_length_2702_cov_4.676143	1840	1973	3	38	133	0.2857143
NODE_76323_length_2702_cov_4.676143	1840	1973	4	15	133	0.1127820
NODE_76406_length_2700_cov_4.063053	282	415	0	133	133	1.0000000
NODE_7640_length_8158_cov_4.892294	700	833	0	133	133	1.0000000
NODE_76426_length_2700_cov_3.534794	1055	1188	0	133	133	1.0000000
NODE_76474_length_2699_cov_3.416154	1680	1813	2	83	133	0.6240602
NODE_76474_length_2699_cov_3.416154	1680	1813	4	50	133	0.3759398
NODE_76507_length_2698_cov_3.731050	1355	1488	0	62	133	0.4661654
NODE_76507_length_2698_cov_3.731050	1355	1488	2	71	133	0.5338346
NODE_7651_length_8153_cov_5.042215	4141	4274	0	81	133	0.6090226
NODE_7651_length_8153_cov_5.042215	4141	4274	1	4	133	0.0300752
NODE_7651_length_8153_cov_5.042215	4141	4274	2	1	133	0.0075188
NODE_7651_length_8153_cov_5.042215	4141	4274	4	47	133	0.3533835
NODE_76566_length_2696_cov_5.465152	1806	1939	0	41	133	0.3082707
NODE_76566_length_2696_cov_5.465152	1806	1939	1	18	133	0.1353384
NODE_76566_length_2696_cov_5.465152	1806	1939	2	74	133	0.5563910
NODE_76581_length_2696_cov_4.001540	2005	2138	0	133	133	1.0000000
NODE_766_length_15931_cov_4.228714	13860	13993	0	133	133	1.0000000
NODE_76700_length_2693_cov_4.294140	1571	1704	0	133	133	1.0000000
NODE_76762_length_2691_cov_5.256944	1932	2065	0	133	133	1.0000000
NODE_76804_length_2691_cov_3.032793	280	413	0	133	133	1.0000000
NODE_76849_length_2689_cov_5.420077	1875	2008	1	39	133	0.2932331
NODE_76849_length_2689_cov_5.420077	1875	2008	2	94	133	0.7067669
NODE_76869_length_2689_cov_3.776062	893	1026	0	133	133	1.0000000
NODE_7687_length_8142_cov_5.164118	1072	1205	0	133	133	1.0000000
NODE_76901_length_2688_cov_4.336810	512	645	0	133	133	1.0000000
NODE_77023_length_2685_cov_4.336427	1090	1223	0	133	133	1.0000000
NODE_77102_length_2683_cov_3.423375	2101	2234	0	133	133	1.0000000
NODE_7711_length_8129_cov_37.241594	3529	3662	0	105	133	0.7894737
NODE_7711_length_8129_cov_37.241594	3529	3662	1	28	133	0.2105263
NODE_77151_length_2682_cov_3.483546	1278	1411	0	133	133	1.0000000
NODE_77177_length_2681_cov_5.286212	1148	1281	0	41	133	0.3082707
NODE_77177_length_2681_cov_5.286212	1148	1281	2	92	133	0.6917293
NODE_77227_length_2680_cov_4.624952	1159	1292	0	133	133	1.0000000
NODE_77253_length_2680_cov_3.369624	596	729	0	8	133	0.0601504
NODE_77253_length_2680_cov_3.369624	596	729	2	19	133	0.1428571
NODE_77253_length_2680_cov_3.369624	596	729	4	106	133	0.7969925
NODE_77312_length_2678_cov_5.922063	247	380	0	133	133	1.0000000
NODE_77320_length_2678_cov_4.338116	194	327	0	133	133	1.0000000
NODE_77416_length_2676_cov_4.131548	2001	2134	0	133	133	1.0000000
NODE_7744_length_8118_cov_4.490335	5190	5323	0	133	133	1.0000000
NODE_7745_length_8117_cov_5.383263	688	821	0	133	133	1.0000000
NODE_77489_length_2674_cov_4.744466	2205	2338	0	133	133	1.0000000
NODE_77578_length_2672_cov_5.510688	1605	1738	0	133	133	1.0000000
NODE_77586_length_2672_cov_5.124757	744	877	0	133	133	1.0000000
NODE_77594_length_2672_cov_4.425573	2027	2160	0	133	133	1.0000000
NODE_7763_length_8110_cov_4.787292	4623	4756	0	133	133	1.0000000
NODE_77643_length_2671_cov_4.059876	695	828	0	133	133	1.0000000
NODE_77654_length_2671_cov_3.087092	1839	1972	0	133	133	1.0000000
NODE_77679_length_2670_cov_3.779463	1982	2115	0	133	133	1.0000000
NODE_77724_length_2669_cov_3.783658	1385	1518	0	133	133	1.0000000
NODE_77758_length_2668_cov_4.045154	650	783	0	133	133	1.0000000
NODE_77763_length_2668_cov_3.792137	2118	2251	0	133	133	1.0000000
NODE_7782_length_8101_cov_6.416771	6200	6333	0	133	133	1.0000000
NODE_77863_length_2666_cov_3.772108	1030	1163	0	133	133	1.0000000
NODE_7787_length_8100_cov_4.687164	3155	3288	0	133	133	1.0000000
NODE_77885_length_2665_cov_5.076383	132	265	0	133	133	1.0000000
NODE_77900_length_2665_cov_3.706157	215	348	0	133	133	1.0000000
NODE_77902_length_2665_cov_3.530008	1465	1598	0	133	133	1.0000000
NODE_77911_length_2665_cov_2.915433	1271	1404	0	133	133	1.0000000
NODE_7794_length_8099_cov_3.781375	6045	6178	0	133	133	1.0000000
NODE_7796_length_8098_cov_3.858857	4480	4613	0	133	133	1.0000000
NODE_78019_length_2662_cov_4.486539	2416	2549	0	133	133	1.0000000
NODE_78034_length_2662_cov_3.650020	854	987	0	133	133	1.0000000
NODE_7806_length_8093_cov_7.335752	1609	1742	0	133	133	1.0000000
NODE_78092_length_2661_cov_2.747073	98	231	0	133	133	1.0000000
NODE_780_length_15867_cov_3.699518	12081	12214	0	33	133	0.2481203
NODE_780_length_15867_cov_3.699518	12081	12214	4	66	133	0.4962406
NODE_780_length_15867_cov_3.699518	12081	12214	6	34	133	0.2556391
NODE_78129_length_2660_cov_3.300664	1554	1687	0	133	133	1.0000000
NODE_781_length_15863_cov_5.282479	1009	1142	0	15	133	0.1127820
NODE_781_length_15863_cov_5.282479	1009	1142	2	118	133	0.8872181
NODE_78260_length_2657_cov_3.120407	576	709	0	133	133	1.0000000
NODE_7829_length_8084_cov_4.357170	593	726	0	133	133	1.0000000
NODE_78334_length_2655_cov_4.012911	2294	2427	0	133	133	1.0000000
NODE_7834_length_8083_cov_4.841308	4676	4809	0	133	133	1.0000000
NODE_783_length_15845_cov_4.321987	7019	7152	0	133	133	1.0000000
NODE_78422_length_2653_cov_3.689898	1076	1209	0	133	133	1.0000000
NODE_78476_length_2652_cov_3.092832	1798	1931	0	133	133	1.0000000
NODE_78532_length_2650_cov_5.266170	1945	2078	0	133	133	1.0000000
NODE_78541_length_2650_cov_4.865543	353	486	0	133	133	1.0000000
NODE_7854_length_8076_cov_3.046007	6187	6320	0	1	133	0.0075188
NODE_7854_length_8076_cov_3.046007	6187	6320	1	17	133	0.1278196
NODE_7854_length_8076_cov_3.046007	6187	6320	2	115	133	0.8646616
NODE_7860_length_8073_cov_4.335340	2568	2701	0	133	133	1.0000000
NODE_78680_length_2647_cov_6.326923	162	295	1	121	133	0.9097744
NODE_78680_length_2647_cov_6.326923	162	295	2	12	133	0.0902256
NODE_786_length_15843_cov_4.607470	4036	4169	0	133	133	1.0000000
NODE_7872_length_8069_cov_3.987955	5504	5637	0	133	133	1.0000000
NODE_78762_length_2646_cov_3.146447	1828	1961	0	133	133	1.0000000
NODE_78813_length_2645_cov_3.505106	1033	1166	0	133	133	1.0000000
NODE_78853_length_2644_cov_4.254224	693	826	0	133	133	1.0000000
NODE_78855_length_2644_cov_4.139096	1977	2110	2	50	133	0.3759398
NODE_78855_length_2644_cov_4.139096	1977	2110	3	73	133	0.5488722
NODE_78855_length_2644_cov_4.139096	1977	2110	4	10	133	0.0751880
NODE_78888_length_2643_cov_4.782233	1124	1257	0	46	133	0.3458647
NODE_78888_length_2643_cov_4.782233	1124	1257	2	87	133	0.6541353
NODE_7890_length_8064_cov_5.252856	4741	4874	0	133	133	1.0000000
NODE_78993_length_2641_cov_4.435090	2491	2624	2	8	133	0.0601504
NODE_78993_length_2641_cov_4.435090	2491	2624	4	101	133	0.7593985
NODE_78993_length_2641_cov_4.435090	2491	2624	6	24	133	0.1804511
NODE_789_length_15833_cov_4.694038	6408	6541	0	133	133	1.0000000
NODE_79014_length_2641_cov_2.850511	920	1053	0	133	133	1.0000000
NODE_79062_length_2639_cov_5.538976	2020	2153	0	133	133	1.0000000
NODE_79113_length_2638_cov_4.876723	258	391	0	45	133	0.3383459
NODE_79113_length_2638_cov_4.876723	258	391	2	88	133	0.6616541
NODE_79135_length_2638_cov_3.467507	2139	2272	0	133	133	1.0000000
NODE_791_length_15819_cov_5.108651	2567	2700	0	133	133	1.0000000
NODE_79216_length_2636_cov_3.460386	1740	1873	0	12	133	0.0902256
NODE_79216_length_2636_cov_3.460386	1740	1873	1	86	133	0.6466165
NODE_79216_length_2636_cov_3.460386	1740	1873	2	35	133	0.2631579
NODE_79219_length_2636_cov_3.138352	1132	1265	0	133	133	1.0000000
NODE_79221_length_2636_cov_2.851793	574	707	0	133	133	1.0000000
NODE_79289_length_2634_cov_4.140828	1024	1157	0	70	133	0.5263158
NODE_79289_length_2634_cov_4.140828	1024	1157	1	63	133	0.4736842
NODE_79292_length_2634_cov_4.105720	1420	1553	0	133	133	1.0000000
NODE_79300_length_2634_cov_3.466272	1713	1846	0	133	133	1.0000000
NODE_79339_length_2633_cov_4.232044	1179	1312	0	133	133	1.0000000
NODE_79352_length_2633_cov_3.492502	2213	2346	0	133	133	1.0000000
NODE_79424_length_2631_cov_4.632306	2332	2465	0	133	133	1.0000000
NODE_7943_length_8048_cov_7.155491	1642	1775	1	108	133	0.8120301
NODE_7943_length_8048_cov_7.155491	1642	1775	2	25	133	0.1879699
NODE_794_length_15814_cov_5.135348	11560	11693	0	133	133	1.0000000
NODE_79549_length_2628_cov_5.039541	1159	1292	0	133	133	1.0000000
NODE_79560_length_2628_cov_4.152629	2253	2386	3	33	133	0.2481203
NODE_79560_length_2628_cov_4.152629	2253	2386	4	100	133	0.7518797
NODE_79586_length_2628_cov_3.198497	2131	2264	0	133	133	1.0000000
NODE_79603_length_2627_cov_4.348497	182	315	0	17	133	0.1278196
NODE_79603_length_2627_cov_4.348497	182	315	2	2	133	0.0150376
NODE_79603_length_2627_cov_4.348497	182	315	7	114	133	0.8571429
NODE_7964_length_8043_cov_3.701788	279	412	1	17	133	0.1278196
NODE_7964_length_8043_cov_3.701788	279	412	2	108	133	0.8120301
NODE_7964_length_8043_cov_3.701788	279	412	3	8	133	0.0601504
NODE_79687_length_2625_cov_4.906968	1315	1448	0	133	133	1.0000000
NODE_79689_length_2625_cov_4.820665	1611	1744	0	133	133	1.0000000
NODE_79695_length_2625_cov_4.417656	166	299	2	36	133	0.2706767
NODE_79695_length_2625_cov_4.417656	166	299	4	97	133	0.7293233
NODE_796_length_15809_cov_4.163335	12586	12719	1	35	133	0.2631579
NODE_796_length_15809_cov_4.163335	12586	12719	2	98	133	0.7368421
NODE_79798_length_2623_cov_2.961569	1941	2074	0	133	133	1.0000000
NODE_79836_length_2622_cov_3.308759	1913	2046	0	133	133	1.0000000
NODE_79856_length_2621_cov_4.733941	1258	1391	0	133	133	1.0000000
NODE_79867_length_2621_cov_3.854084	1755	1888	0	133	133	1.0000000
NODE_79898_length_2620_cov_4.311781	1213	1346	0	133	133	1.0000000
NODE_799_length_15783_cov_4.681012	10848	10981	0	133	133	1.0000000
NODE_7_length_38877_cov_11.636392	29030	29163	0	133	133	1.0000000
NODE_8000_length_8027_cov_5.110999	1524	1657	0	133	133	1.0000000
NODE_80079_length_2616_cov_3.452126	343	476	0	39	133	0.2932331
NODE_80079_length_2616_cov_3.452126	343	476	2	94	133	0.7067669
NODE_8020_length_8021_cov_7.322646	1020	1153	0	2	133	0.0150376
NODE_8020_length_8021_cov_7.322646	1020	1153	1	131	133	0.9849624
NODE_80211_length_2613_cov_3.601432	1737	1870	0	133	133	1.0000000
NODE_80221_length_2613_cov_3.146380	1326	1459	0	133	133	1.0000000
NODE_80328_length_2610_cov_4.465950	2006	2139	0	133	133	1.0000000
NODE_8032_length_8018_cov_4.007703	7151	7284	0	39	133	0.2932331
NODE_8032_length_8018_cov_4.007703	7151	7284	2	94	133	0.7067669
NODE_80423_length_2608_cov_4.119171	1323	1456	0	133	133	1.0000000
NODE_80465_length_2607_cov_4.503589	1581	1714	0	133	133	1.0000000
NODE_80468_length_2607_cov_4.359649	257	390	0	133	133	1.0000000
NODE_8046_length_8013_cov_11.071392	4846	4979	0	133	133	1.0000000
NODE_8053_length_8009_cov_4.376359	3694	3827	0	133	133	1.0000000
NODE_80559_length_2605_cov_4.230646	764	897	0	133	133	1.0000000
NODE_8055_length_8009_cov_4.150569	32	165	0	133	133	1.0000000
NODE_8056_length_8009_cov_3.642225	2055	2188	0	21	133	0.1578947
NODE_8056_length_8009_cov_3.642225	2055	2188	1	58	133	0.4360902
NODE_8056_length_8009_cov_3.642225	2055	2188	2	54	133	0.4060150
NODE_80592_length_2604_cov_4.183234	2418	2551	4	2	133	0.0150376
NODE_80592_length_2604_cov_4.183234	2418	2551	5	72	133	0.5413534
NODE_80592_length_2604_cov_4.183234	2418	2551	6	54	133	0.4060150
NODE_80592_length_2604_cov_4.183234	2418	2551	9	5	133	0.0375940
NODE_80606_length_2604_cov_3.581238	147	280	0	85	133	0.6390978
NODE_80606_length_2604_cov_3.581238	147	280	2	48	133	0.3609022
NODE_80691_length_2602_cov_3.765481	1023	1156	0	133	133	1.0000000
NODE_806_length_15742_cov_4.643099	9930	10063	0	28	133	0.2105263
NODE_806_length_15742_cov_4.643099	9930	10063	2	105	133	0.7894737
NODE_80712_length_2601_cov_6.419664	2313	2446	0	133	133	1.0000000
NODE_80739_length_2601_cov_3.660272	1419	1552	0	133	133	1.0000000
NODE_80772_length_2600_cov_4.484606	119	252	2	55	133	0.4135338
NODE_80772_length_2600_cov_4.484606	119	252	6	8	133	0.0601504
NODE_80772_length_2600_cov_4.484606	119	252	7	47	133	0.3533835
NODE_80772_length_2600_cov_4.484606	119	252	8	23	133	0.1729323
NODE_80836_length_2599_cov_4.136800	724	857	0	133	133	1.0000000
NODE_80863_length_2598_cov_5.690676	263	396	1	65	133	0.4887218
NODE_80863_length_2598_cov_5.690676	263	396	2	6	133	0.0451128
NODE_80863_length_2598_cov_5.690676	263	396	4	3	133	0.0225564
NODE_80863_length_2598_cov_5.690676	263	396	5	59	133	0.4436090
NODE_8092_length_7995_cov_5.883485	6093	6226	0	133	133	1.0000000
NODE_8095_length_7994_cov_12.593667	1874	2007	0	133	133	1.0000000
NODE_80_length_25303_cov_4.930844	10937	11070	0	133	133	1.0000000
NODE_8104_length_7992_cov_3.738122	3772	3905	2	102	133	0.7669173
NODE_8104_length_7992_cov_3.738122	3772	3905	4	31	133	0.2330827
NODE_81062_length_2594_cov_4.931463	1456	1589	0	133	133	1.0000000
NODE_81075_length_2594_cov_4.257715	1322	1455	0	133	133	1.0000000
NODE_81104_length_2593_cov_5.073777	1062	1195	0	111	133	0.8345864
NODE_81104_length_2593_cov_5.073777	1062	1195	4	22	133	0.1654135
NODE_81127_length_2593_cov_3.614274	542	675	3	65	133	0.4887218
NODE_81127_length_2593_cov_3.614274	542	675	5	43	133	0.3233083
NODE_81127_length_2593_cov_3.614274	542	675	6	25	133	0.1879699
NODE_81153_length_2592_cov_5.237064	1716	1849	0	133	133	1.0000000
NODE_811_length_15696_cov_4.297621	6286	6419	0	133	133	1.0000000
NODE_81259_length_2590_cov_4.369330	1287	1420	0	133	133	1.0000000
NODE_81280_length_2590_cov_2.667603	379	512	1	5	133	0.0375940
NODE_81280_length_2590_cov_2.667603	379	512	2	78	133	0.5864662
NODE_81280_length_2590_cov_2.667603	379	512	3	50	133	0.3759398
NODE_81315_length_2589_cov_3.746586	1478	1611	0	133	133	1.0000000
NODE_813_length_15678_cov_3.878940	6332	6465	0	133	133	1.0000000
NODE_81406_length_2587_cov_4.320740	2017	2150	0	7	133	0.0526316
NODE_81406_length_2587_cov_4.320740	2017	2150	2	126	133	0.9473684
NODE_81429_length_2586_cov_6.791717	691	824	0	133	133	1.0000000
NODE_81453_length_2586_cov_3.968235	1704	1837	0	133	133	1.0000000
NODE_81472_length_2585_cov_16.382542	1721	1854	1	27	133	0.2030075
NODE_81472_length_2585_cov_16.382542	1721	1854	2	106	133	0.7969925
NODE_81479_length_2585_cov_5.155270	1346	1479	0	133	133	1.0000000
NODE_8149_length_7978_cov_4.033126	2815	2948	0	133	133	1.0000000
NODE_8170_length_7970_cov_4.440732	3978	4111	0	133	133	1.0000000
NODE_81753_length_2579_cov_4.433065	1016	1149	0	133	133	1.0000000
NODE_81792_length_2578_cov_4.879387	752	885	0	8	133	0.0601504
NODE_81792_length_2578_cov_4.879387	752	885	1	12	133	0.0902256
NODE_81792_length_2578_cov_4.879387	752	885	2	28	133	0.2105263
NODE_81792_length_2578_cov_4.879387	752	885	3	85	133	0.6390978
NODE_817_length_15635_cov_4.907827	4734	4867	0	46	133	0.3458647
NODE_817_length_15635_cov_4.907827	4734	4867	1	18	133	0.1353384
NODE_817_length_15635_cov_4.907827	4734	4867	2	69	133	0.5187970
NODE_81883_length_2577_cov_2.807103	834	967	0	39	133	0.2932331
NODE_81883_length_2577_cov_2.807103	834	967	2	73	133	0.5488722
NODE_81883_length_2577_cov_2.807103	834	967	4	21	133	0.1578947
NODE_81924_length_2576_cov_3.240614	47	180	0	133	133	1.0000000
NODE_81983_length_2574_cov_4.472323	323	456	0	32	133	0.2406015
NODE_81983_length_2574_cov_4.472323	323	456	1	8	133	0.0601504
NODE_81983_length_2574_cov_4.472323	323	456	2	93	133	0.6992481
NODE_8203_length_7954_cov_4.691661	2858	2991	0	133	133	1.0000000
NODE_82040_length_2573_cov_3.535166	499	632	0	133	133	1.0000000
NODE_82054_length_2572_cov_30.559644	1241	1374	0	133	133	1.0000000
NODE_82056_length_2572_cov_5.613021	269	402	0	13	133	0.0977444
NODE_82056_length_2572_cov_5.613021	269	402	1	87	133	0.6541353
NODE_82056_length_2572_cov_5.613021	269	402	2	33	133	0.2481203
NODE_82064_length_2572_cov_4.873029	1203	1336	0	133	133	1.0000000
NODE_82088_length_2572_cov_3.866154	123	256	0	133	133	1.0000000
NODE_82126_length_2571_cov_4.317152	1864	1997	0	120	133	0.9022557
NODE_82126_length_2571_cov_4.317152	1864	1997	1	6	133	0.0451128
NODE_82126_length_2571_cov_4.317152	1864	1997	2	7	133	0.0526316
NODE_82132_length_2571_cov_3.741100	749	882	4	39	133	0.2932331
NODE_82132_length_2571_cov_3.741100	749	882	6	75	133	0.5639098
NODE_82132_length_2571_cov_3.741100	749	882	8	19	133	0.1428571
NODE_821_length_15616_cov_5.508797	573	706	0	133	133	1.0000000
NODE_82236_length_2569_cov_3.685830	1551	1684	0	133	133	1.0000000
NODE_82425_length_2565_cov_5.349148	297	430	0	133	133	1.0000000
NODE_82429_length_2565_cov_4.800892	1704	1837	0	133	133	1.0000000
NODE_82447_length_2565_cov_4.057989	733	866	0	133	133	1.0000000
NODE_82470_length_2565_cov_2.279805	1570	1703	0	133	133	1.0000000
NODE_82533_length_2563_cov_4.873782	448	581	0	133	133	1.0000000
NODE_8256_length_7937_cov_4.262822	3045	3178	0	133	133	1.0000000
NODE_8258_length_7936_cov_5.622177	3705	3838	1	30	133	0.2255639
NODE_8258_length_7936_cov_5.622177	3705	3838	2	103	133	0.7744361
NODE_82591_length_2562_cov_3.722696	434	567	0	133	133	1.0000000
NODE_82592_length_2562_cov_3.628908	1665	1798	0	27	133	0.2030075
NODE_82592_length_2562_cov_3.628908	1665	1798	1	1	133	0.0075188
NODE_82592_length_2562_cov_3.628908	1665	1798	2	105	133	0.7894737
NODE_82694_length_2559_cov_8.900813	1804	1937	0	133	133	1.0000000
NODE_82781_length_2557_cov_4.420260	794	927	0	133	133	1.0000000
NODE_82814_length_2557_cov_3.157445	800	933	0	133	133	1.0000000
NODE_82842_length_2556_cov_4.106227	1081	1214	0	43	133	0.3233083
NODE_82842_length_2556_cov_4.106227	1081	1214	2	90	133	0.6766917
NODE_8286_length_7927_cov_4.714997	3577	3710	0	29	133	0.2180451
NODE_8286_length_7927_cov_4.714997	3577	3710	1	13	133	0.0977444
NODE_8286_length_7927_cov_4.714997	3577	3710	2	91	133	0.6842105
NODE_82887_length_2555_cov_3.666531	1	134	0	133	133	1.0000000
NODE_828_length_15583_cov_4.315552	6536	6669	0	133	133	1.0000000
NODE_8304_length_7921_cov_4.641396	2604	2737	0	133	133	1.0000000
NODE_83053_length_2551_cov_6.771207	1539	1672	0	133	133	1.0000000
NODE_8318_length_7918_cov_4.033508	4106	4239	0	58	133	0.4360902
NODE_8318_length_7918_cov_4.033508	4106	4239	1	70	133	0.5263158
NODE_8318_length_7918_cov_4.033508	4106	4239	2	5	133	0.0375940
NODE_831_length_15558_cov_3.720292	4158	4291	0	133	133	1.0000000
NODE_83298_length_2546_cov_3.832448	1709	1842	0	12	133	0.0902256
NODE_83298_length_2546_cov_3.832448	1709	1842	1	75	133	0.5639098
NODE_83298_length_2546_cov_3.832448	1709	1842	2	46	133	0.3458647
NODE_83319_length_2546_cov_2.885166	134	267	3	133	133	1.0000000
NODE_8342_length_7907_cov_4.704662	3935	4068	0	133	133	1.0000000
NODE_83430_length_2543_cov_4.676350	676	809	0	108	133	0.8120301
NODE_83430_length_2543_cov_4.676350	676	809	1	25	133	0.1879699
NODE_83443_length_2543_cov_4.098200	2003	2136	0	133	133	1.0000000
NODE_83455_length_2543_cov_3.500000	1823	1956	0	133	133	1.0000000
NODE_8346_length_7905_cov_5.041763	802	935	0	133	133	1.0000000
NODE_83498_length_2542_cov_3.938191	1186	1319	0	133	133	1.0000000
NODE_83499_length_2542_cov_3.878837	361	494	0	133	133	1.0000000
NODE_834_length_15552_cov_6.901055	8427	8560	0	23	133	0.1729323
NODE_834_length_15552_cov_6.901055	8427	8560	2	47	133	0.3533835
NODE_834_length_15552_cov_6.901055	8427	8560	4	63	133	0.4736842
NODE_83584_length_2540_cov_4.712413	2383	2516	1	46	133	0.3458647
NODE_83584_length_2540_cov_4.712413	2383	2516	2	87	133	0.6541353
NODE_835_length_15552_cov_5.305766	3122	3255	0	133	133	1.0000000
NODE_83630_length_2539_cov_4.753279	1612	1745	0	133	133	1.0000000
NODE_8363_length_7901_cov_4.872340	4735	4868	0	19	133	0.1428571
NODE_8363_length_7901_cov_4.872340	4735	4868	3	114	133	0.8571429
NODE_83690_length_2538_cov_4.031570	673	806	0	5	133	0.0375940
NODE_83690_length_2538_cov_4.031570	673	806	1	128	133	0.9624060
NODE_836_length_15549_cov_20.783236	7256	7389	2	21	133	0.1578947
NODE_836_length_15549_cov_20.783236	7256	7389	3	7	133	0.0526316
NODE_836_length_15549_cov_20.783236	7256	7389	4	105	133	0.7894737
NODE_8374_length_7898_cov_4.781895	4600	4733	0	23	133	0.1729323
NODE_8374_length_7898_cov_4.781895	4600	4733	1	7	133	0.0526316
NODE_8374_length_7898_cov_4.781895	4600	4733	2	2	133	0.0150376
NODE_8374_length_7898_cov_4.781895	4600	4733	3	87	133	0.6541353
NODE_8374_length_7898_cov_4.781895	4600	4733	4	14	133	0.1052632
NODE_83763_length_2536_cov_5.031186	1931	2064	0	133	133	1.0000000
NODE_83766_length_2536_cov_4.676241	1603	1736	0	133	133	1.0000000
NODE_83772_length_2536_cov_4.340583	1057	1190	0	133	133	1.0000000
NODE_83799_length_2536_cov_2.997128	245	378	4	133	133	1.0000000
NODE_83804_length_2535_cov_405.358374	1279	1412	0	133	133	1.0000000
NODE_83865_length_2534_cov_4.455441	275	408	0	18	133	0.1353384
NODE_83865_length_2534_cov_4.455441	275	408	1	70	133	0.5263158
NODE_83865_length_2534_cov_4.455441	275	408	2	45	133	0.3383459
NODE_83883_length_2534_cov_3.748255	2000	2133	0	15	133	0.1127820
NODE_83883_length_2534_cov_3.748255	2000	2133	2	39	133	0.2932331
NODE_83883_length_2534_cov_3.748255	2000	2133	3	1	133	0.0075188
NODE_83883_length_2534_cov_3.748255	2000	2133	6	78	133	0.5864662
NODE_83898_length_2534_cov_3.451335	2399	2532	0	133	133	1.0000000
NODE_83937_length_2533_cov_3.836483	574	707	0	133	133	1.0000000
NODE_83945_length_2533_cov_3.585045	633	766	0	21	133	0.1578947
NODE_83945_length_2533_cov_3.585045	633	766	1	55	133	0.4135338
NODE_83945_length_2533_cov_3.585045	633	766	2	57	133	0.4285714
NODE_83967_length_2532_cov_5.275380	2318	2451	0	133	133	1.0000000
NODE_84021_length_2531_cov_9.199013	1681	1814	0	133	133	1.0000000
NODE_84172_length_2529_cov_3.160082	1923	2056	0	133	133	1.0000000
NODE_84250_length_2527_cov_3.987644	1247	1380	0	50	133	0.3759398
NODE_84250_length_2527_cov_3.987644	1247	1380	1	2	133	0.0150376
NODE_84250_length_2527_cov_3.987644	1247	1380	2	81	133	0.6090226
NODE_84296_length_2526_cov_3.515039	1021	1154	0	133	133	1.0000000
NODE_84370_length_2524_cov_4.646186	1402	1535	1	16	133	0.1203008
NODE_84370_length_2524_cov_4.646186	1402	1535	2	117	133	0.8796992
NODE_84418_length_2523_cov_4.416667	1110	1243	0	4	133	0.0300752
NODE_84418_length_2523_cov_4.416667	1110	1243	1	3	133	0.0225564
NODE_84418_length_2523_cov_4.416667	1110	1243	2	126	133	0.9473684
NODE_84480_length_2522_cov_4.330995	459	592	0	133	133	1.0000000
NODE_8448_length_7868_cov_3.948513	4300	4433	0	133	133	1.0000000
NODE_84598_length_2520_cov_3.669558	605	738	0	133	133	1.0000000
NODE_8462_length_7860_cov_4.486020	5879	6012	0	133	133	1.0000000
NODE_84668_length_2518_cov_4.871021	1057	1190	0	133	133	1.0000000
NODE_84702_length_2518_cov_3.242249	1808	1941	0	133	133	1.0000000
NODE_8470_length_7857_cov_4.270817	7487	7620	0	133	133	1.0000000
NODE_84730_length_2517_cov_4.596361	668	801	0	133	133	1.0000000
NODE_84771_length_2516_cov_6.172942	1519	1652	0	133	133	1.0000000
NODE_847_length_15509_cov_3.865737	7215	7348	2	41	133	0.3082707
NODE_847_length_15509_cov_3.865737	7215	7348	4	92	133	0.6917293
NODE_84834_length_2515_cov_4.106788	1413	1546	0	133	133	1.0000000
NODE_8487_length_7850_cov_4.387563	424	557	0	133	133	1.0000000
NODE_84933_length_2513_cov_3.819801	1038	1171	0	133	133	1.0000000
NODE_8499_length_7845_cov_4.100826	6321	6454	0	1	133	0.0075188
NODE_8499_length_7845_cov_4.100826	6321	6454	1	132	133	0.9924812
NODE_849_length_15499_cov_4.929221	13465	13598	0	133	133	1.0000000
NODE_85128_length_2509_cov_3.880498	471	604	0	18	133	0.1353384
NODE_85128_length_2509_cov_3.880498	471	604	2	115	133	0.8646616
NODE_8514_length_7839_cov_5.004522	2003	2136	0	28	133	0.2105263
NODE_8514_length_7839_cov_5.004522	2003	2136	1	17	133	0.1278196
NODE_8514_length_7839_cov_5.004522	2003	2136	3	51	133	0.3834586
NODE_8514_length_7839_cov_5.004522	2003	2136	4	37	133	0.2781955
NODE_85166_length_2508_cov_4.026982	537	670	0	133	133	1.0000000
NODE_8522_length_7836_cov_4.656327	2025	2158	2	133	133	1.0000000
NODE_85282_length_2506_cov_3.848359	483	616	0	133	133	1.0000000
NODE_852_length_15497_cov_4.792116	3000	3133	0	133	133	1.0000000
NODE_85311_length_2506_cov_2.685916	2035	2168	3	74	133	0.5563910
NODE_85311_length_2506_cov_2.685916	2035	2168	4	4	133	0.0300752
NODE_85311_length_2506_cov_2.685916	2035	2168	5	14	133	0.1052632
NODE_85311_length_2506_cov_2.685916	2035	2168	6	41	133	0.3082707
NODE_85349_length_2505_cov_3.318786	746	879	0	133	133	1.0000000
NODE_85441_length_2503_cov_4.330699	2044	2177	0	133	133	1.0000000
NODE_85484_length_2502_cov_4.171868	1286	1419	0	133	133	1.0000000
NODE_8561_length_7823_cov_5.159373	2063	2196	0	10	133	0.0751880
NODE_8561_length_7823_cov_5.159373	2063	2196	4	73	133	0.5488722
NODE_8561_length_7823_cov_5.159373	2063	2196	6	1	133	0.0075188
NODE_8561_length_7823_cov_5.159373	2063	2196	7	1	133	0.0075188
NODE_8561_length_7823_cov_5.159373	2063	2196	8	48	133	0.3609022
NODE_8564_length_7822_cov_4.901463	1721	1854	0	133	133	1.0000000
NODE_856_length_15478_cov_4.193706	9560	9693	0	133	133	1.0000000
NODE_85739_length_2497_cov_4.488324	1908	2041	0	133	133	1.0000000
NODE_85741_length_2497_cov_4.439533	2293	2426	0	133	133	1.0000000
NODE_85769_length_2497_cov_3.423269	1225	1358	1	16	133	0.1203008
NODE_85769_length_2497_cov_3.423269	1225	1358	2	117	133	0.8796992
NODE_85810_length_2496_cov_3.694618	155	288	0	87	133	0.6541353
NODE_85810_length_2496_cov_3.694618	155	288	1	46	133	0.3458647
NODE_85937_length_2493_cov_5.017962	1288	1421	0	133	133	1.0000000
NODE_85947_length_2493_cov_4.394319	1909	2042	0	43	133	0.3233083
NODE_85947_length_2493_cov_4.394319	1909	2042	2	90	133	0.6766917
NODE_85954_length_2493_cov_4.081036	2295	2428	0	133	133	1.0000000
NODE_85972_length_2493_cov_3.288221	1428	1561	5	13	133	0.0977444
NODE_85972_length_2493_cov_3.288221	1428	1561	8	6	133	0.0451128
NODE_85972_length_2493_cov_3.288221	1428	1561	9	38	133	0.2857143
NODE_85972_length_2493_cov_3.288221	1428	1561	10	34	133	0.2556391
NODE_85972_length_2493_cov_3.288221	1428	1561	11	21	133	0.1578947
NODE_85972_length_2493_cov_3.288221	1428	1561	12	18	133	0.1353384
NODE_85972_length_2493_cov_3.288221	1428	1561	13	3	133	0.0225564
NODE_859_length_15449_cov_4.054984	1336	1469	0	57	133	0.4285714
NODE_859_length_15449_cov_4.054984	1336	1469	1	3	133	0.0225564
NODE_859_length_15449_cov_4.054984	1336	1469	2	73	133	0.5488722
NODE_8606_length_7811_cov_4.155731	7293	7426	0	133	133	1.0000000
NODE_8609_length_7809_cov_18.746433	1048	1181	1	133	133	1.0000000
NODE_860_length_15434_cov_4.932768	12587	12720	0	133	133	1.0000000
NODE_86107_length_2489_cov_6.753556	515	648	0	133	133	1.0000000
NODE_8612_length_7809_cov_3.167315	292	425	0	133	133	1.0000000
NODE_8617_length_7806_cov_4.109251	6852	6985	0	133	133	1.0000000
NODE_861_length_15433_cov_3.816356	9148	9281	0	133	133	1.0000000
NODE_8620_length_7805_cov_4.594731	4763	4896	0	133	133	1.0000000
NODE_86225_length_2487_cov_7.038945	137	270	2	105	133	0.7894737
NODE_86225_length_2487_cov_7.038945	137	270	4	28	133	0.2105263
NODE_86239_length_2487_cov_4.318258	353	486	0	133	133	1.0000000
NODE_86253_length_2487_cov_3.812395	2312	2445	0	133	133	1.0000000
NODE_8628_length_7803_cov_5.073728	1878	2011	0	133	133	1.0000000
NODE_86299_length_2486_cov_4.644742	1660	1793	0	133	133	1.0000000
NODE_86357_length_2485_cov_3.820620	2176	2309	0	133	133	1.0000000
NODE_8637_length_7801_cov_2.911452	7500	7633	0	133	133	1.0000000
NODE_86499_length_2482_cov_4.295426	725	858	0	53	133	0.3984962
NODE_86499_length_2482_cov_4.295426	725	858	2	80	133	0.6015037
NODE_86521_length_2482_cov_3.459505	1149	1282	0	133	133	1.0000000
NODE_86636_length_2479_cov_4.332773	1127	1260	0	133	133	1.0000000
NODE_86663_length_2479_cov_2.466807	1120	1253	0	133	133	1.0000000
NODE_86670_length_2478_cov_5.580496	453	586	0	133	133	1.0000000
NODE_866_length_15387_cov_4.383373	9794	9927	0	133	133	1.0000000
NODE_86763_length_2477_cov_3.461312	179	312	0	133	133	1.0000000
NODE_86776_length_2476_cov_5.558267	1017	1150	0	4	133	0.0300752
NODE_86776_length_2476_cov_5.558267	1017	1150	2	129	133	0.9699248
NODE_8680_length_7788_cov_4.140070	2754	2887	4	45	133	0.3383459
NODE_8680_length_7788_cov_4.140070	2754	2887	5	2	133	0.0150376
NODE_8680_length_7788_cov_4.140070	2754	2887	6	45	133	0.3383459
NODE_8680_length_7788_cov_4.140070	2754	2887	7	17	133	0.1278196
NODE_8680_length_7788_cov_4.140070	2754	2887	8	24	133	0.1804511
NODE_87008_length_2472_cov_2.944796	1826	1959	0	64	133	0.4812030
NODE_87008_length_2472_cov_2.944796	1826	1959	2	16	133	0.1203008
NODE_87008_length_2472_cov_2.944796	1826	1959	3	53	133	0.3984962
NODE_87040_length_2471_cov_3.826728	93	226	0	133	133	1.0000000
NODE_87074_length_2470_cov_4.878111	593	726	0	133	133	1.0000000
NODE_8712_length_7777_cov_4.797864	2556	2689	0	62	133	0.4661654
NODE_8712_length_7777_cov_4.797864	2556	2689	1	71	133	0.5338346
NODE_8718_length_7774_cov_57.146450	6806	6939	0	129	133	0.9699248
NODE_8718_length_7774_cov_57.146450	6806	6939	2	4	133	0.0300752
NODE_87201_length_2468_cov_3.887294	140	273	0	133	133	1.0000000
NODE_87235_length_2467_cov_4.888936	1453	1586	0	133	133	1.0000000
NODE_87241_length_2467_cov_4.578970	1327	1460	0	46	133	0.3458647
NODE_87241_length_2467_cov_4.578970	1327	1460	1	87	133	0.6541353
NODE_87263_length_2467_cov_3.293074	1276	1409	1	29	133	0.2180451
NODE_87263_length_2467_cov_3.293074	1276	1409	2	104	133	0.7819549
NODE_87302_length_2466_cov_3.756232	1490	1623	0	133	133	1.0000000
NODE_8730_length_7771_cov_15.021507	2219	2352	0	133	133	1.0000000
NODE_87404_length_2464_cov_4.496406	1058	1191	0	21	133	0.1578947
NODE_87404_length_2464_cov_4.496406	1058	1191	2	112	133	0.8421053
NODE_87504_length_2462_cov_4.440542	720	853	0	63	133	0.4736842
NODE_87504_length_2462_cov_4.440542	720	853	1	5	133	0.0375940
NODE_87504_length_2462_cov_4.440542	720	853	2	65	133	0.4887218
NODE_87559_length_2461_cov_5.388654	1628	1761	0	133	133	1.0000000
NODE_87580_length_2461_cov_3.798052	1422	1555	0	133	133	1.0000000
NODE_87815_length_2456_cov_4.782350	376	509	0	133	133	1.0000000
NODE_87820_length_2456_cov_4.390751	593	726	0	133	133	1.0000000
NODE_87870_length_2455_cov_4.524194	215	348	0	133	133	1.0000000
NODE_87873_length_2455_cov_4.401952	601	734	2	68	133	0.5112782
NODE_87873_length_2455_cov_4.401952	601	734	3	2	133	0.0150376
NODE_87873_length_2455_cov_4.401952	601	734	4	63	133	0.4736842
NODE_87904_length_2455_cov_3.086587	2076	2209	0	133	133	1.0000000
NODE_87919_length_2454_cov_5.654352	774	907	0	133	133	1.0000000
NODE_87922_length_2454_cov_5.026327	1620	1753	0	133	133	1.0000000
NODE_87985_length_2453_cov_4.242141	1010	1143	1	31	133	0.2330827
NODE_87985_length_2453_cov_4.242141	1010	1143	2	102	133	0.7669173
NODE_88028_length_2452_cov_5.320867	116	249	0	80	133	0.6015037
NODE_88028_length_2452_cov_5.320867	116	249	2	53	133	0.3984962
NODE_8806_length_7749_cov_4.414379	3922	4055	0	133	133	1.0000000
NODE_88074_length_2452_cov_2.755631	2132	2265	0	31	133	0.2330827
NODE_88074_length_2452_cov_2.755631	2132	2265	2	102	133	0.7669173
NODE_88090_length_2451_cov_4.143707	727	860	0	133	133	1.0000000
NODE_880_length_15325_cov_4.630303	5542	5675	1	23	133	0.1729323
NODE_880_length_15325_cov_4.630303	5542	5675	2	84	133	0.6315789
NODE_880_length_15325_cov_4.630303	5542	5675	3	26	133	0.1954887
NODE_88106_length_2451_cov_3.283163	917	1050	0	133	133	1.0000000
NODE_8814_length_7747_cov_4.209467	1195	1328	2	81	133	0.6090226
NODE_8814_length_7747_cov_4.209467	1195	1328	4	52	133	0.3909774
NODE_88233_length_2448_cov_4.572584	1100	1233	0	43	133	0.3233083
NODE_88233_length_2448_cov_4.572584	1100	1233	2	19	133	0.1428571
NODE_88233_length_2448_cov_4.572584	1100	1233	4	28	133	0.2105263
NODE_88233_length_2448_cov_4.572584	1100	1233	5	43	133	0.3233083
NODE_88255_length_2448_cov_3.359728	1317	1450	0	15	133	0.1127820
NODE_88255_length_2448_cov_3.359728	1317	1450	2	1	133	0.0075188
NODE_88255_length_2448_cov_3.359728	1317	1450	3	18	133	0.1353384
NODE_88255_length_2448_cov_3.359728	1317	1450	4	99	133	0.7443609
NODE_8833_length_7742_cov_4.822844	5989	6122	2	54	133	0.4060150
NODE_8833_length_7742_cov_4.822844	5989	6122	3	15	133	0.1127820
NODE_8833_length_7742_cov_4.822844	5989	6122	4	47	133	0.3533835
NODE_8833_length_7742_cov_4.822844	5989	6122	5	17	133	0.1278196
NODE_88345_length_2446_cov_3.861099	109	242	1	2	133	0.0150376
NODE_88345_length_2446_cov_3.861099	109	242	3	36	133	0.2706767
NODE_88345_length_2446_cov_3.861099	109	242	4	5	133	0.0375940
NODE_88345_length_2446_cov_3.861099	109	242	5	27	133	0.2030075
NODE_88345_length_2446_cov_3.861099	109	242	6	63	133	0.4736842
NODE_8837_length_7741_cov_4.825177	7077	7210	3	5	133	0.0375940
NODE_8837_length_7741_cov_4.825177	7077	7210	4	44	133	0.3308271
NODE_8837_length_7741_cov_4.825177	7077	7210	6	84	133	0.6315789
NODE_8844_length_7739_cov_5.247382	44	177	0	133	133	1.0000000
NODE_88457_length_2444_cov_3.920682	1809	1942	2	112	133	0.8421053
NODE_88457_length_2444_cov_3.920682	1809	1942	4	21	133	0.1578947
NODE_88470_length_2444_cov_3.122814	1157	1290	0	133	133	1.0000000
NODE_8858_length_7736_cov_4.225088	5727	5860	0	133	133	1.0000000
NODE_88604_length_2441_cov_4.345858	1280	1413	0	133	133	1.0000000
NODE_88612_length_2441_cov_3.802306	1199	1332	0	133	133	1.0000000
NODE_88618_length_2441_cov_3.672075	352	485	0	133	133	1.0000000
NODE_8863_length_7734_cov_5.093648	3101	3234	0	19	133	0.1428571
NODE_8863_length_7734_cov_5.093648	3101	3234	1	94	133	0.7067669
NODE_8863_length_7734_cov_5.093648	3101	3234	2	20	133	0.1503759
NODE_88643_length_2440_cov_5.340026	2218	2351	0	2	133	0.0150376
NODE_88643_length_2440_cov_5.340026	2218	2351	4	1	133	0.0075188
NODE_88643_length_2440_cov_5.340026	2218	2351	5	109	133	0.8195488
NODE_88643_length_2440_cov_5.340026	2218	2351	6	21	133	0.1578947
NODE_88659_length_2440_cov_4.285775	836	969	0	133	133	1.0000000
NODE_8870_length_7733_cov_4.839665	2361	2494	0	133	133	1.0000000
NODE_8878_length_7730_cov_3.752981	394	527	0	133	133	1.0000000
NODE_88811_length_2437_cov_4.607784	250	383	2	4	133	0.0300752
NODE_88811_length_2437_cov_4.607784	250	383	3	17	133	0.1278196
NODE_88811_length_2437_cov_4.607784	250	383	5	112	133	0.8421053
NODE_8889_length_7728_cov_5.063835	5024	5157	0	133	133	1.0000000
NODE_88970_length_2434_cov_4.378587	1522	1655	0	133	133	1.0000000
NODE_88973_length_2434_cov_4.278801	1685	1818	0	133	133	1.0000000
NODE_88_length_24837_cov_5.139219	2465	2598	0	133	133	1.0000000
NODE_89055_length_2432_cov_5.229747	644	777	0	133	133	1.0000000
NODE_89109_length_2431_cov_4.151372	1969	2102	0	133	133	1.0000000
NODE_8912_length_7722_cov_4.874328	1914	2047	0	133	133	1.0000000
NODE_891_length_15307_cov_4.722251	14856	14989	0	125	133	0.9398496
NODE_891_length_15307_cov_4.722251	14856	14989	1	8	133	0.0601504
NODE_8922_length_7718_cov_4.247670	3726	3859	0	133	133	1.0000000
NODE_89249_length_2428_cov_4.013310	1612	1745	0	133	133	1.0000000
NODE_8927_length_7716_cov_4.049363	3376	3509	5	29	133	0.2180451
NODE_8927_length_7716_cov_4.049363	3376	3509	6	45	133	0.3383459
NODE_8927_length_7716_cov_4.049363	3376	3509	7	59	133	0.4436090
NODE_8929_length_7716_cov_3.752002	2540	2673	0	133	133	1.0000000
NODE_89320_length_2427_cov_3.659364	1861	1994	0	133	133	1.0000000
NODE_89374_length_2426_cov_3.923936	454	587	0	28	133	0.2105263
NODE_89374_length_2426_cov_3.923936	454	587	2	105	133	0.7894737
NODE_8937_length_7714_cov_4.440053	6946	7079	0	133	133	1.0000000
NODE_8938_length_7713_cov_4.649856	5167	5300	0	133	133	1.0000000
NODE_89395_length_2425_cov_7.134996	728	861	0	133	133	1.0000000
NODE_89410_length_2425_cov_4.597163	704	837	0	133	133	1.0000000
NODE_8945_length_7711_cov_5.308329	1844	1977	0	133	133	1.0000000
NODE_89470_length_2424_cov_4.497634	483	616	0	133	133	1.0000000
NODE_8966_length_7705_cov_4.876019	4792	4925	0	133	133	1.0000000
NODE_89753_length_2419_cov_4.598707	1898	2031	0	21	133	0.1578947
NODE_89753_length_2419_cov_4.598707	1898	2031	2	112	133	0.8421053
NODE_89805_length_2418_cov_5.356619	2250	2383	0	133	133	1.0000000
NODE_89839_length_2418_cov_3.710220	2220	2353	0	12	133	0.0902256
NODE_89839_length_2418_cov_3.710220	2220	2353	2	121	133	0.9097744
NODE_8987_length_7700_cov_4.792001	7135	7268	0	133	133	1.0000000
NODE_8999_length_7699_cov_4.221316	821	954	0	133	133	1.0000000
NODE_89_length_24813_cov_5.425548	15569	15702	0	133	133	1.0000000
NODE_90118_length_2413_cov_5.202247	245	378	0	133	133	1.0000000
NODE_90119_length_2413_cov_5.201383	1889	2022	0	133	133	1.0000000
NODE_90122_length_2413_cov_5.058773	272	405	1	26	133	0.1954887
NODE_90122_length_2413_cov_5.058773	272	405	2	38	133	0.2857143
NODE_90122_length_2413_cov_5.058773	272	405	3	69	133	0.5187970
NODE_90187_length_2412_cov_3.357977	1761	1894	0	133	133	1.0000000
NODE_90263_length_2410_cov_4.970576	252	385	0	133	133	1.0000000
NODE_90383_length_2408_cov_4.152880	1162	1295	0	81	133	0.6090226
NODE_90383_length_2408_cov_4.152880	1162	1295	2	52	133	0.3909774
NODE_90390_length_2408_cov_4.015158	1515	1648	1	89	133	0.6691729
NODE_90390_length_2408_cov_4.015158	1515	1648	2	44	133	0.3308271
NODE_90394_length_2408_cov_3.907752	863	996	3	23	133	0.1729323
NODE_90394_length_2408_cov_3.907752	863	996	4	7	133	0.0526316
NODE_90394_length_2408_cov_3.907752	863	996	5	5	133	0.0375940
NODE_90394_length_2408_cov_3.907752	863	996	7	35	133	0.2631579
NODE_90394_length_2408_cov_3.907752	863	996	10	63	133	0.4736842
NODE_90418_length_2407_cov_5.312825	1020	1153	0	133	133	1.0000000
NODE_90472_length_2406_cov_5.967490	1020	1153	0	133	133	1.0000000
NODE_9049_length_7681_cov_4.612108	1569	1702	0	133	133	1.0000000
NODE_90561_length_2405_cov_2.826539	1028	1161	0	133	133	1.0000000
NODE_9059_length_7678_cov_3.730967	3850	3983	0	133	133	1.0000000
NODE_905_length_15258_cov_4.963190	8861	8994	0	133	133	1.0000000
NODE_90648_length_2403_cov_4.195747	1776	1909	0	44	133	0.3308271
NODE_90648_length_2403_cov_4.195747	1776	1909	1	28	133	0.2105263
NODE_90648_length_2403_cov_4.195747	1776	1909	2	61	133	0.4586466
NODE_906_length_15258_cov_4.584141	5953	6086	9	50	133	0.3759398
NODE_906_length_15258_cov_4.584141	5953	6086	10	31	133	0.2330827
NODE_906_length_15258_cov_4.584141	5953	6086	11	24	133	0.1804511
NODE_906_length_15258_cov_4.584141	5953	6086	12	8	133	0.0601504
NODE_906_length_15258_cov_4.584141	5953	6086	13	19	133	0.1428571
NODE_906_length_15258_cov_4.584141	5953	6086	16	1	133	0.0075188
NODE_90719_length_2402_cov_3.554928	2138	2271	1	66	133	0.4962406
NODE_90719_length_2402_cov_3.554928	2138	2271	2	67	133	0.5037594
NODE_9071_length_7674_cov_4.469703	5768	5901	0	133	133	1.0000000
NODE_9073_length_7674_cov_3.536766	1703	1836	0	133	133	1.0000000
NODE_90746_length_2401_cov_5.116421	347	480	0	133	133	1.0000000
NODE_9083_length_7671_cov_5.596672	5290	5423	0	133	133	1.0000000
NODE_90843_length_2400_cov_2.488918	1857	1990	0	133	133	1.0000000
NODE_90895_length_2399_cov_2.966522	1267	1400	0	2	133	0.0150376
NODE_90895_length_2399_cov_2.966522	1267	1400	3	1	133	0.0075188
NODE_90895_length_2399_cov_2.966522	1267	1400	4	1	133	0.0075188
NODE_90895_length_2399_cov_2.966522	1267	1400	5	87	133	0.6541353
NODE_90895_length_2399_cov_2.966522	1267	1400	6	26	133	0.1954887
NODE_90895_length_2399_cov_2.966522	1267	1400	7	16	133	0.1203008
NODE_90926_length_2398_cov_4.039582	535	668	0	133	133	1.0000000
NODE_90955_length_2398_cov_2.778599	1084	1217	0	133	133	1.0000000
NODE_90962_length_2397_cov_4.740209	1376	1509	0	32	133	0.2406015
NODE_90962_length_2397_cov_4.740209	1376	1509	1	65	133	0.4887218
NODE_90962_length_2397_cov_4.740209	1376	1509	2	36	133	0.2706767
NODE_91131_length_2394_cov_3.182135	1561	1694	2	76	133	0.5714286
NODE_91131_length_2394_cov_3.182135	1561	1694	4	57	133	0.4285714
NODE_91142_length_2394_cov_2.311547	1612	1745	0	133	133	1.0000000
NODE_91261_length_2391_cov_4.212042	1658	1791	1	7	133	0.0526316
NODE_91261_length_2391_cov_4.212042	1658	1791	3	28	133	0.2105263
NODE_91261_length_2391_cov_4.212042	1658	1791	4	98	133	0.7368421
NODE_91288_length_2391_cov_2.949825	2043	2176	0	133	133	1.0000000
NODE_91302_length_2390_cov_4.632038	1141	1274	7	46	133	0.3458647
NODE_91302_length_2390_cov_4.632038	1141	1274	9	1	133	0.0075188
NODE_91302_length_2390_cov_4.632038	1141	1274	10	86	133	0.6466165
NODE_91306_length_2390_cov_4.452204	172	305	0	133	133	1.0000000
NODE_9130_length_7656_cov_5.038640	4164	4297	0	133	133	1.0000000
NODE_91341_length_2390_cov_3.257529	247	380	0	133	133	1.0000000
NODE_91462_length_2387_cov_4.648164	360	493	0	133	133	1.0000000
NODE_9147_length_7652_cov_5.007414	1573	1706	0	133	133	1.0000000
NODE_91629_length_2384_cov_4.007877	1731	1864	0	133	133	1.0000000
NODE_91662_length_2383_cov_4.668564	1937	2070	0	133	133	1.0000000
NODE_9171_length_7644_cov_3.450099	2923	3056	0	133	133	1.0000000
NODE_91735_length_2382_cov_4.648708	1822	1955	1	13	133	0.0977444
NODE_91735_length_2382_cov_4.648708	1822	1955	2	120	133	0.9022557
NODE_91761_length_2382_cov_3.361805	295	428	0	133	133	1.0000000
NODE_91840_length_2381_cov_2.693252	929	1062	0	133	133	1.0000000
NODE_91849_length_2380_cov_5.595791	235	368	0	133	133	1.0000000
NODE_91859_length_2380_cov_4.899605	896	1029	0	133	133	1.0000000
NODE_91902_length_2379_cov_5.490789	2106	2239	1	31	133	0.2330827
NODE_91902_length_2379_cov_5.490789	2106	2239	2	2	133	0.0150376
NODE_91902_length_2379_cov_5.490789	2106	2239	3	44	133	0.3308271
NODE_91902_length_2379_cov_5.490789	2106	2239	4	56	133	0.4210526
NODE_91908_length_2379_cov_4.892544	623	756	1	43	133	0.3233083
NODE_91908_length_2379_cov_4.892544	623	756	4	2	133	0.0150376
NODE_91908_length_2379_cov_4.892544	623	756	6	6	133	0.0451128
NODE_91908_length_2379_cov_4.892544	623	756	7	12	133	0.0902256
NODE_91908_length_2379_cov_4.892544	623	756	8	44	133	0.3308271
NODE_91908_length_2379_cov_4.892544	623	756	9	26	133	0.1954887
NODE_91917_length_2379_cov_4.185526	1101	1234	0	52	133	0.3909774
NODE_91917_length_2379_cov_4.185526	1101	1234	1	81	133	0.6090226
NODE_91943_length_2379_cov_2.699561	1556	1689	0	106	133	0.7969925
NODE_91943_length_2379_cov_2.699561	1556	1689	1	27	133	0.2030075
NODE_91983_length_2378_cov_3.664765	1193	1326	0	133	133	1.0000000
NODE_92016_length_2377_cov_4.391572	1237	1370	1	119	133	0.8947368
NODE_92016_length_2377_cov_4.391572	1237	1370	2	14	133	0.1052632
NODE_92050_length_2377_cov_2.289289	1864	1997	0	39	133	0.2932331
NODE_92050_length_2377_cov_2.289289	1864	1997	2	94	133	0.7067669
NODE_92080_length_2376_cov_3.589811	166	299	0	133	133	1.0000000
NODE_9208_length_7633_cov_6.286568	4388	4521	0	133	133	1.0000000
NODE_920_length_15196_cov_4.505266	9930	10063	0	133	133	1.0000000
NODE_92223_length_2373_cov_4.180739	1493	1626	0	133	133	1.0000000
NODE_9223_length_7631_cov_3.888210	5920	6053	2	7	133	0.0526316
NODE_9223_length_7631_cov_3.888210	5920	6053	3	31	133	0.2330827
NODE_9223_length_7631_cov_3.888210	5920	6053	4	95	133	0.7142857
NODE_92361_length_2371_cov_3.270246	2304	2437	0	133	133	1.0000000
NODE_9236_length_7625_cov_4.182168	7055	7188	0	133	133	1.0000000
NODE_92384_length_2370_cov_4.538089	1229	1362	0	37	133	0.2781955
NODE_92384_length_2370_cov_4.538089	1229	1362	1	6	133	0.0451128
NODE_92384_length_2370_cov_4.538089	1229	1362	2	90	133	0.6766917
NODE_9238_length_7624_cov_5.080797	1346	1479	0	133	133	1.0000000
NODE_92417_length_2370_cov_3.215324	2027	2160	0	133	133	1.0000000
NODE_9245_length_7622_cov_4.043334	1009	1142	0	133	133	1.0000000
NODE_92475_length_2369_cov_3.648899	1950	2083	2	1	133	0.0075188
NODE_92475_length_2369_cov_3.648899	1950	2083	3	23	133	0.1729323
NODE_92475_length_2369_cov_3.648899	1950	2083	4	102	133	0.7669173
NODE_92475_length_2369_cov_3.648899	1950	2083	6	7	133	0.0526316
NODE_924_length_15182_cov_4.196247	7945	8078	2	73	133	0.5488722
NODE_924_length_15182_cov_4.196247	7945	8078	4	60	133	0.4511278
NODE_92534_length_2368_cov_3.458352	699	832	0	133	133	1.0000000
NODE_9253_length_7620_cov_4.399415	4149	4282	0	32	133	0.2406015
NODE_9253_length_7620_cov_4.399415	4149	4282	2	101	133	0.7593985
NODE_92573_length_2367_cov_4.571869	1192	1325	1	123	133	0.9248120
NODE_92573_length_2367_cov_4.571869	1192	1325	2	10	133	0.0751880
NODE_92615_length_2367_cov_2.544533	301	434	0	133	133	1.0000000
NODE_92664_length_2366_cov_3.469343	1276	1409	0	133	133	1.0000000
NODE_92691_length_2365_cov_108.636805	473	606	0	133	133	1.0000000
NODE_9269_length_7616_cov_4.355328	1963	2096	0	121	133	0.9097744
NODE_9269_length_7616_cov_4.355328	1963	2096	1	12	133	0.0902256
NODE_92710_length_2365_cov_4.550309	1110	1243	0	133	133	1.0000000
NODE_9282_length_7612_cov_4.932916	2152	2285	0	133	133	1.0000000
NODE_92848_length_2363_cov_3.602915	1168	1301	0	133	133	1.0000000
NODE_92883_length_2362_cov_4.943438	749	882	0	133	133	1.0000000
NODE_9299_length_7607_cov_4.542355	6334	6467	0	133	133	1.0000000
NODE_929_length_15155_cov_4.785135	4854	4987	6	28	133	0.2105263
NODE_929_length_15155_cov_4.785135	4854	4987	10	38	133	0.2857143
NODE_929_length_15155_cov_4.785135	4854	4987	11	67	133	0.5037594
NODE_93049_length_2359_cov_4.214602	314	447	0	133	133	1.0000000
NODE_93069_length_2359_cov_3.561947	2155	2288	0	4	133	0.0300752
NODE_93069_length_2359_cov_3.561947	2155	2288	2	12	133	0.0902256
NODE_93069_length_2359_cov_3.561947	2155	2288	4	62	133	0.4661654
NODE_93069_length_2359_cov_3.561947	2155	2288	6	55	133	0.4135338
NODE_9308_length_7605_cov_4.754197	713	846	1	39	133	0.2932331
NODE_9308_length_7605_cov_4.754197	713	846	2	94	133	0.7067669
NODE_93098_length_2358_cov_4.713590	917	1050	0	133	133	1.0000000
NODE_9312_length_7604_cov_4.884344	4986	5119	0	133	133	1.0000000
NODE_93151_length_2357_cov_4.795394	143	276	0	133	133	1.0000000
NODE_9320_length_7602_cov_3.475543	2986	3119	0	133	133	1.0000000
NODE_93230_length_2356_cov_3.472308	1423	1556	2	133	133	1.0000000
NODE_93272_length_2355_cov_3.926862	703	836	0	133	133	1.0000000
NODE_93288_length_2355_cov_3.313387	182	315	0	133	133	1.0000000
NODE_93307_length_2354_cov_5.490466	2002	2135	0	94	133	0.7067669
NODE_93307_length_2354_cov_5.490466	2002	2135	1	18	133	0.1353384
NODE_93307_length_2354_cov_5.490466	2002	2135	2	21	133	0.1578947
NODE_9332_length_7598_cov_5.093479	310	443	0	133	133	1.0000000
NODE_9333_length_7598_cov_4.680091	1011	1144	2	25	133	0.1879699
NODE_9333_length_7598_cov_4.680091	1011	1144	3	29	133	0.2180451
NODE_9333_length_7598_cov_4.680091	1011	1144	4	79	133	0.5939850
NODE_93367_length_2353_cov_5.878438	765	898	0	3	133	0.0225564
NODE_93367_length_2353_cov_5.878438	765	898	2	19	133	0.1428571
NODE_93367_length_2353_cov_5.878438	765	898	4	68	133	0.5112782
NODE_93367_length_2353_cov_5.878438	765	898	5	27	133	0.2030075
NODE_93367_length_2353_cov_5.878438	765	898	6	16	133	0.1203008
NODE_93414_length_2352_cov_6.072792	744	877	0	133	133	1.0000000
NODE_93470_length_2351_cov_4.809947	1510	1643	0	133	133	1.0000000
NODE_9348_length_7594_cov_5.227485	5968	6101	0	133	133	1.0000000
NODE_93491_length_2351_cov_3.956927	869	1002	0	42	133	0.3157895
NODE_93491_length_2351_cov_3.956927	869	1002	2	91	133	0.6842105
NODE_93499_length_2351_cov_3.613233	1052	1185	0	41	133	0.3082707
NODE_93499_length_2351_cov_3.613233	1052	1185	5	6	133	0.0451128
NODE_93499_length_2351_cov_3.613233	1052	1185	6	8	133	0.0601504
NODE_93499_length_2351_cov_3.613233	1052	1185	7	22	133	0.1654135
NODE_93499_length_2351_cov_3.613233	1052	1185	8	56	133	0.4210526
NODE_93515_length_2351_cov_3.007105	943	1076	0	133	133	1.0000000
NODE_93525_length_2350_cov_6.922701	893	1026	0	133	133	1.0000000
NODE_93547_length_2350_cov_4.442914	2149	2282	0	28	133	0.2105263
NODE_93547_length_2350_cov_4.442914	2149	2282	2	23	133	0.1729323
NODE_93547_length_2350_cov_4.442914	2149	2282	4	82	133	0.6165413
NODE_93562_length_2350_cov_3.763216	1041	1174	0	133	133	1.0000000
NODE_9361_length_7590_cov_3.476305	2208	2341	0	133	133	1.0000000
NODE_93624_length_2349_cov_3.724444	227	360	0	133	133	1.0000000
NODE_93656_length_2348_cov_4.794575	1803	1936	0	133	133	1.0000000
NODE_93673_length_2348_cov_3.934193	1686	1819	0	13	133	0.0977444
NODE_93673_length_2348_cov_3.934193	1686	1819	1	2	133	0.0150376
NODE_93673_length_2348_cov_3.934193	1686	1819	2	81	133	0.6090226
NODE_93673_length_2348_cov_3.934193	1686	1819	3	34	133	0.2556391
NODE_93673_length_2348_cov_3.934193	1686	1819	4	3	133	0.0225564
NODE_9382_length_7582_cov_4.879193	6425	6558	0	133	133	1.0000000
NODE_93958_length_2343_cov_2.663993	1022	1155	1	2	133	0.0150376
NODE_93958_length_2343_cov_2.663993	1022	1155	2	10	133	0.0751880
NODE_93958_length_2343_cov_2.663993	1022	1155	3	3	133	0.0225564
NODE_93958_length_2343_cov_2.663993	1022	1155	4	118	133	0.8872181
NODE_93979_length_2342_cov_4.292020	497	630	0	133	133	1.0000000
NODE_94043_length_2341_cov_3.656111	1479	1612	0	46	133	0.3458647
NODE_94043_length_2341_cov_3.656111	1479	1612	1	1	133	0.0075188
NODE_94043_length_2341_cov_3.656111	1479	1612	2	2	133	0.0150376
NODE_94043_length_2341_cov_3.656111	1479	1612	3	55	133	0.4135338
NODE_94043_length_2341_cov_3.656111	1479	1612	4	15	133	0.1127820
NODE_94043_length_2341_cov_3.656111	1479	1612	7	14	133	0.1052632
NODE_94051_length_2341_cov_3.442016	556	689	0	133	133	1.0000000
NODE_9406_length_7575_cov_6.383093	1761	1894	0	133	133	1.0000000
NODE_94095_length_2340_cov_3.483266	668	801	1	38	133	0.2857143
NODE_94095_length_2340_cov_3.483266	668	801	2	95	133	0.7142857
NODE_940_length_15117_cov_4.539885	14045	14178	0	133	133	1.0000000
NODE_94100_length_2340_cov_3.292280	1196	1329	0	133	133	1.0000000
NODE_9413_length_7573_cov_5.755686	490	623	0	133	133	1.0000000
NODE_9425_length_7571_cov_4.923581	7243	7376	2	66	133	0.4962406
NODE_9425_length_7571_cov_4.923581	7243	7376	3	67	133	0.5037594
NODE_9428_length_7571_cov_4.567050	2683	2816	0	133	133	1.0000000
NODE_94303_length_2336_cov_5.318283	1732	1865	0	133	133	1.0000000
NODE_94512_length_2333_cov_3.928827	2181	2314	0	133	133	1.0000000
NODE_94534_length_2333_cov_2.761415	2134	2267	0	43	133	0.3233083
NODE_94534_length_2333_cov_2.761415	2134	2267	1	90	133	0.6766917
NODE_94588_length_2331_cov_6.345430	1225	1358	0	133	133	1.0000000
NODE_945_length_15082_cov_4.406461	12734	12867	0	133	133	1.0000000
NODE_94677_length_2330_cov_3.347378	1319	1452	3	7	133	0.0526316
NODE_94677_length_2330_cov_3.347378	1319	1452	4	91	133	0.6842105
NODE_94677_length_2330_cov_3.347378	1319	1452	7	35	133	0.2631579
NODE_94712_length_2329_cov_4.305381	281	414	0	29	133	0.2180451
NODE_94712_length_2329_cov_4.305381	281	414	1	1	133	0.0075188
NODE_94712_length_2329_cov_4.305381	281	414	2	103	133	0.7744361
NODE_9471_length_7559_cov_4.418231	6352	6485	0	123	133	0.9248120
NODE_9471_length_7559_cov_4.418231	6352	6485	1	10	133	0.0751880
NODE_94722_length_2329_cov_3.817040	1871	2004	0	133	133	1.0000000
NODE_94778_length_2328_cov_4.008075	1201	1334	0	133	133	1.0000000
NODE_9482_length_7556_cov_7.655760	5305	5438	0	133	133	1.0000000
NODE_94858_length_2327_cov_3.432226	1956	2089	0	133	133	1.0000000
NODE_94862_length_2327_cov_3.355476	1801	1934	0	133	133	1.0000000
NODE_9486_length_7556_cov_3.994770	6088	6221	0	133	133	1.0000000
NODE_94875_length_2327_cov_2.539048	1114	1247	0	133	133	1.0000000
NODE_9492_length_7552_cov_5.310479	1539	1672	0	133	133	1.0000000
NODE_94943_length_2325_cov_4.524259	1400	1533	2	101	133	0.7593985
NODE_94943_length_2325_cov_4.524259	1400	1533	4	32	133	0.2406015
NODE_949_length_15075_cov_4.294738	4602	4735	0	29	133	0.2180451
NODE_949_length_15075_cov_4.294738	4602	4735	1	104	133	0.7819549
NODE_95012_length_2324_cov_4.233708	1291	1424	0	133	133	1.0000000
NODE_95073_length_2323_cov_4.080486	1406	1539	0	9	133	0.0676692
NODE_95073_length_2323_cov_4.080486	1406	1539	1	2	133	0.0150376
NODE_95073_length_2323_cov_4.080486	1406	1539	2	122	133	0.9172933
NODE_95080_length_2323_cov_3.625450	1799	1932	0	133	133	1.0000000
NODE_9510_length_7548_cov_18.185126	6467	6600	2	76	133	0.5714286
NODE_9510_length_7548_cov_18.185126	6467	6600	4	57	133	0.4285714
NODE_95146_length_2322_cov_4.015295	681	814	3	133	133	1.0000000
NODE_951_length_15067_cov_4.899252	7306	7439	0	133	133	1.0000000
NODE_9521_length_7546_cov_4.269907	3846	3979	1	42	133	0.3157895
NODE_9521_length_7546_cov_4.269907	3846	3979	2	91	133	0.6842105
NODE_95257_length_2320_cov_3.679424	398	531	0	133	133	1.0000000
NODE_95313_length_2319_cov_3.727027	504	637	0	133	133	1.0000000
NODE_95321_length_2319_cov_3.412162	1466	1599	2	31	133	0.2330827
NODE_95321_length_2319_cov_3.412162	1466	1599	4	51	133	0.3834586
NODE_95321_length_2319_cov_3.412162	1466	1599	5	18	133	0.1353384
NODE_95321_length_2319_cov_3.412162	1466	1599	6	33	133	0.2481203
NODE_9534_length_7542_cov_4.446997	5547	5680	0	133	133	1.0000000
NODE_9535_length_7541_cov_4.735555	4629	4762	0	133	133	1.0000000
NODE_95487_length_2316_cov_4.110059	876	1009	0	133	133	1.0000000
NODE_95491_length_2316_cov_3.890843	1285	1418	0	133	133	1.0000000
NODE_95495_length_2316_cov_3.829499	1048	1181	6	43	133	0.3233083
NODE_95495_length_2316_cov_3.829499	1048	1181	8	41	133	0.3082707
NODE_95495_length_2316_cov_3.829499	1048	1181	11	20	133	0.1503759
NODE_95495_length_2316_cov_3.829499	1048	1181	13	25	133	0.1879699
NODE_95495_length_2316_cov_3.829499	1048	1181	14	4	133	0.0300752
NODE_95498_length_2316_cov_3.698241	2080	2213	0	133	133	1.0000000
NODE_9557_length_7534_cov_4.851379	4715	4848	0	133	133	1.0000000
NODE_95584_length_2315_cov_3.236913	621	754	1	125	133	0.9398496
NODE_95584_length_2315_cov_3.236913	621	754	2	8	133	0.0601504
NODE_95656_length_2313_cov_4.372177	1463	1596	0	20	133	0.1503759
NODE_95656_length_2313_cov_4.372177	1463	1596	2	113	133	0.8496240
NODE_95728_length_2312_cov_3.883416	2012	2145	0	133	133	1.0000000
NODE_95729_length_2312_cov_3.848622	108	241	0	133	133	1.0000000
NODE_95813_length_2311_cov_2.568716	1862	1995	0	133	133	1.0000000
NODE_95833_length_2310_cov_4.882406	1385	1518	0	60	133	0.4511278
NODE_95833_length_2310_cov_4.882406	1385	1518	2	73	133	0.5488722
NODE_95863_length_2310_cov_3.559475	634	767	0	133	133	1.0000000
NODE_95899_length_2309_cov_4.519005	142	275	0	133	133	1.0000000
NODE_9589_length_7522_cov_4.629799	7016	7149	0	133	133	1.0000000
NODE_96081_length_2306_cov_3.781604	1173	1306	2	87	133	0.6541353
NODE_96081_length_2306_cov_3.781604	1173	1306	3	46	133	0.3458647
NODE_9617_length_7513_cov_4.623685	5152	5285	0	133	133	1.0000000
NODE_96258_length_2303_cov_3.070780	1961	2094	0	133	133	1.0000000
NODE_9631_length_7508_cov_5.288703	3388	3521	1	85	133	0.6390978
NODE_9631_length_7508_cov_5.288703	3388	3521	2	48	133	0.3609022
NODE_96336_length_2301_cov_5.200727	1549	1682	0	133	133	1.0000000
NODE_96362_length_2301_cov_3.914169	1043	1176	1	9	133	0.0676692
NODE_96362_length_2301_cov_3.914169	1043	1176	2	124	133	0.9323308
NODE_96370_length_2301_cov_3.549046	491	624	0	87	133	0.6541353
NODE_96370_length_2301_cov_3.549046	491	624	1	33	133	0.2481203
NODE_96370_length_2301_cov_3.549046	491	624	2	13	133	0.0977444
NODE_96379_length_2301_cov_3.347411	322	455	0	133	133	1.0000000
NODE_96393_length_2301_cov_2.625795	1728	1861	0	24	133	0.1804511
NODE_96393_length_2301_cov_2.625795	1728	1861	2	18	133	0.1353384
NODE_96393_length_2301_cov_2.625795	1728	1861	3	49	133	0.3684210
NODE_96393_length_2301_cov_2.625795	1728	1861	4	29	133	0.2180451
NODE_96393_length_2301_cov_2.625795	1728	1861	6	13	133	0.0977444
NODE_96407_length_2300_cov_4.659700	1319	1452	0	133	133	1.0000000
NODE_96442_length_2300_cov_3.183553	777	910	0	133	133	1.0000000
NODE_9652_length_7502_cov_5.327975	2339	2472	0	133	133	1.0000000
NODE_96564_length_2297_cov_5.181984	1479	1612	1	3	133	0.0225564
NODE_96564_length_2297_cov_5.181984	1479	1612	3	73	133	0.5488722
NODE_96564_length_2297_cov_5.181984	1479	1612	4	57	133	0.4285714
NODE_96647_length_2296_cov_4.122440	548	681	0	133	133	1.0000000
NODE_96671_length_2296_cov_3.255803	1998	2131	5	98	133	0.7368421
NODE_96671_length_2296_cov_3.255803	1998	2131	8	35	133	0.2631579
NODE_96730_length_2295_cov_2.463570	1459	1592	0	133	133	1.0000000
NODE_9673_length_7495_cov_4.194700	3452	3585	0	133	133	1.0000000
NODE_96761_length_2294_cov_4.238269	1051	1184	0	133	133	1.0000000
NODE_96788_length_2294_cov_3.386333	1509	1642	0	72	133	0.5413534
NODE_96788_length_2294_cov_3.386333	1509	1642	3	61	133	0.4586466
NODE_96837_length_2293_cov_3.401094	2093	2226	0	133	133	1.0000000
NODE_96840_length_2293_cov_3.249772	822	955	0	133	133	1.0000000
NODE_96866_length_2292_cov_4.481532	168	301	0	133	133	1.0000000
NODE_9689_length_7492_cov_3.870283	646	779	0	133	133	1.0000000
NODE_96960_length_2290_cov_4.603834	249	382	0	133	133	1.0000000
NODE_9696_length_7490_cov_3.789338	1861	1994	0	133	133	1.0000000
NODE_97020_length_2289_cov_4.762100	1491	1624	0	133	133	1.0000000
NODE_9715_length_7484_cov_4.218280	3999	4132	0	133	133	1.0000000
NODE_97194_length_2286_cov_6.317330	1815	1948	0	30	133	0.2255639
NODE_97194_length_2286_cov_6.317330	1815	1948	2	103	133	0.7744361
NODE_9719_length_7483_cov_3.653982	1284	1417	0	133	133	1.0000000
NODE_97278_length_2285_cov_4.468435	1068	1201	0	133	133	1.0000000
NODE_972_length_14984_cov_4.432986	375	508	0	133	133	1.0000000
NODE_97360_length_2284_cov_3.549199	1689	1822	0	55	133	0.4135338
NODE_97360_length_2284_cov_3.549199	1689	1822	1	78	133	0.5864662
NODE_97392_length_2284_cov_2.196796	1396	1529	1	109	133	0.8195488
NODE_97392_length_2284_cov_2.196796	1396	1529	2	1	133	0.0075188
NODE_97392_length_2284_cov_2.196796	1396	1529	3	23	133	0.1729323
NODE_97420_length_2283_cov_3.926282	397	530	0	90	133	0.6766917
NODE_97420_length_2283_cov_3.926282	397	530	2	43	133	0.3233083
NODE_97424_length_2283_cov_3.895604	1268	1401	1	18	133	0.1353384
NODE_97424_length_2283_cov_3.895604	1268	1401	2	115	133	0.8646616
NODE_97449_length_2282_cov_8.575813	631	764	0	133	133	1.0000000
NODE_9748_length_7475_cov_5.783080	1133	1266	0	133	133	1.0000000
NODE_975_length_14966_cov_5.183225	721	854	0	133	133	1.0000000
NODE_97643_length_2279_cov_3.913303	584	717	2	55	133	0.4135338
NODE_97643_length_2279_cov_3.913303	584	717	4	78	133	0.5864662
NODE_97644_length_2279_cov_3.891284	2165	2298	0	133	133	1.0000000
NODE_97682_length_2278_cov_4.729693	1611	1744	0	30	133	0.2255639
NODE_97682_length_2278_cov_4.729693	1611	1744	2	103	133	0.7744361
NODE_97690_length_2278_cov_4.149610	1746	1879	0	133	133	1.0000000
NODE_97783_length_2276_cov_5.158016	1154	1287	0	133	133	1.0000000
NODE_97806_length_2276_cov_4.047772	1149	1282	0	133	133	1.0000000
NODE_9793_length_7462_cov_9.786364	2377	2510	0	133	133	1.0000000
NODE_97958_length_2274_cov_2.930115	655	788	0	133	133	1.0000000
NODE_9796_length_7462_cov_3.923401	6984	7117	0	39	133	0.2932331
NODE_9796_length_7462_cov_3.923401	6984	7117	2	94	133	0.7067669
NODE_98012_length_2273_cov_3.165593	1239	1372	0	133	133	1.0000000
NODE_9801_length_7461_cov_3.797609	1208	1341	0	9	133	0.0676692
NODE_9801_length_7461_cov_3.797609	1208	1341	1	66	133	0.4962406
NODE_9801_length_7461_cov_3.797609	1208	1341	2	58	133	0.4360902
NODE_98020_length_2273_cov_2.811868	1249	1382	0	11	133	0.0827068
NODE_98020_length_2273_cov_2.811868	1249	1382	1	43	133	0.3233083
NODE_98020_length_2273_cov_2.811868	1249	1382	2	79	133	0.5939850
NODE_98035_length_2272_cov_4.779107	473	606	0	28	133	0.2105263
NODE_98035_length_2272_cov_4.779107	473	606	2	105	133	0.7894737
NODE_980_length_14944_cov_4.836982	7689	7822	0	133	133	1.0000000
NODE_98144_length_2271_cov_3.071823	1533	1666	0	47	133	0.3533835
NODE_98144_length_2271_cov_3.071823	1533	1666	1	26	133	0.1954887
NODE_98144_length_2271_cov_3.071823	1533	1666	2	5	133	0.0375940
NODE_98144_length_2271_cov_3.071823	1533	1666	4	55	133	0.4135338
NODE_9815_length_7456_cov_7.684926	7058	7191	0	133	133	1.0000000
NODE_9816_length_7456_cov_6.351774	2989	3122	0	75	133	0.5639098
NODE_9816_length_7456_cov_6.351774	2989	3122	2	58	133	0.4360902
NODE_98170_length_2270_cov_4.087517	287	420	0	133	133	1.0000000
NODE_98325_length_2267_cov_4.953875	430	563	1	2	133	0.0150376
NODE_98325_length_2267_cov_4.953875	430	563	2	131	133	0.9849624
NODE_9842_length_7452_cov_3.627907	182	315	0	133	133	1.0000000
NODE_98435_length_2265_cov_4.781163	536	669	0	133	133	1.0000000
NODE_9849_length_7450_cov_5.482519	6888	7021	3	52	133	0.3909774
NODE_9849_length_7450_cov_5.482519	6888	7021	4	2	133	0.0150376
NODE_9849_length_7450_cov_5.482519	6888	7021	5	20	133	0.1503759
NODE_9849_length_7450_cov_5.482519	6888	7021	7	1	133	0.0075188
NODE_9849_length_7450_cov_5.482519	6888	7021	8	58	133	0.4360902
NODE_98540_length_2264_cov_3.124249	2081	2214	0	133	133	1.0000000
NODE_9856_length_7448_cov_4.170908	2968	3101	0	133	133	1.0000000
NODE_98589_length_2263_cov_3.830869	131	264	0	133	133	1.0000000
NODE_98601_length_2263_cov_3.492606	1440	1573	0	133	133	1.0000000
NODE_98615_length_2263_cov_2.653882	2002	2135	0	133	133	1.0000000
NODE_98633_length_2262_cov_4.903837	1155	1288	0	37	133	0.2781955
NODE_98633_length_2262_cov_4.903837	1155	1288	1	20	133	0.1503759
NODE_98633_length_2262_cov_4.903837	1155	1288	2	76	133	0.5714286
NODE_98646_length_2262_cov_3.998613	1397	1530	0	133	133	1.0000000
NODE_986_length_14930_cov_5.987728	8088	8221	0	133	133	1.0000000
NODE_98701_length_2261_cov_3.520352	775	908	0	133	133	1.0000000
NODE_987_length_14930_cov_4.002292	2936	3069	0	133	133	1.0000000
NODE_9883_length_7442_cov_2.917200	6479	6612	0	133	133	1.0000000
NODE_9886_length_7440_cov_5.224629	220	353	0	133	133	1.0000000
NODE_99041_length_2255_cov_4.754174	1840	1973	0	133	133	1.0000000
NODE_99213_length_2252_cov_4.849512	2030	2163	0	133	133	1.0000000
NODE_99326_length_2251_cov_2.850372	402	535	0	133	133	1.0000000
NODE_99345_length_2250_cov_4.726639	740	873	0	133	133	1.0000000
NODE_99447_length_2249_cov_3.140000	833	966	0	23	133	0.1729323
NODE_99447_length_2249_cov_3.140000	833	966	2	110	133	0.8270677
NODE_99455_length_2248_cov_4.987901	495	628	0	133	133	1.0000000
NODE_99458_length_2248_cov_4.813402	1124	1257	0	34	133	0.2556391
NODE_99458_length_2248_cov_4.813402	1124	1257	1	26	133	0.1954887
NODE_99458_length_2248_cov_4.813402	1124	1257	4	73	133	0.5488722
NODE_99464_length_2248_cov_4.518381	1187	1320	0	133	133	1.0000000
NODE_99515_length_2247_cov_5.114991	1977	2110	0	133	133	1.0000000
NODE_99532_length_2247_cov_4.354749	1469	1602	2	11	133	0.0827068
NODE_99532_length_2247_cov_4.354749	1469	1602	3	73	133	0.5488722
NODE_99532_length_2247_cov_4.354749	1469	1602	4	49	133	0.3684210
NODE_9961_length_7416_cov_9.832172	3827	3960	0	133	133	1.0000000
NODE_9963_length_7416_cov_4.337843	3104	3237	0	133	133	1.0000000
NODE_99800_length_2242_cov_4.521699	1475	1608	0	133	133	1.0000000
NODE_99890_length_2241_cov_3.735294	308	441	2	43	133	0.3233083
NODE_99890_length_2241_cov_3.735294	308	441	4	2	133	0.0150376
NODE_99890_length_2241_cov_3.735294	308	441	5	32	133	0.2406015
NODE_99890_length_2241_cov_3.735294	308	441	6	7	133	0.0526316
NODE_99890_length_2241_cov_3.735294	308	441	7	49	133	0.3684210
NODE_998_length_14904_cov_4.523877	12387	12520	0	133	133	1.0000000
NODE_99919_length_2240_cov_5.190098	698	831	1	16	133	0.1203008
NODE_99919_length_2240_cov_5.190098	698	831	3	117	133	0.8796992
NODE_999_length_14892_cov_4.893869	10619	10752	0	95	133	0.7142857
NODE_999_length_14892_cov_4.893869	10619	10752	2	38	133	0.2857143
