all	0	15851	1600000	0.0099069
all	1	5495	1600000	0.0034344
all	2	7773	1600000	0.0048581
all	3	6919	1600000	0.0043244
all	4	9395	1600000	0.0058719
all	5	10103	1600000	0.0063144
all	6	10458	1600000	0.0065363
all	7	11600	1600000	0.0072500
all	8	12223	1600000	0.0076394
all	9	12223	1600000	0.0076394
all	10	13023	1600000	0.0081394
all	11	14831	1600000	0.0092694
all	12	14240	1600000	0.0089000
all	13	15660	1600000	0.0097875
all	14	16409	1600000	0.0102556
all	15	18533	1600000	0.0115831
all	16	19674	1600000	0.0122963
all	17	20027	1600000	0.0125169
all	18	19685	1600000	0.0123031
all	19	20260	1600000	0.0126625
all	20	20584	1600000	0.0128650
all	21	20788	1600000	0.0129925
all	22	21749	1600000	0.0135931
all	23	20094	1600000	0.0125587
all	24	20611	1600000	0.0128819
all	25	22340	1600000	0.0139625
all	26	20782	1600000	0.0129887
all	27	22943	1600000	0.0143394
all	28	22523	1600000	0.0140769
all	29	22498	1600000	0.0140612
all	30	23923	1600000	0.0149519
all	31	21568	1600000	0.0134800
all	32	21750	1600000	0.0135938
all	33	21648	1600000	0.0135300
all	34	21154	1600000	0.0132212
all	35	22356	1600000	0.0139725
all	36	22049	1600000	0.0137806
all	37	21899	1600000	0.0136869
all	38	21887	1600000	0.0136794
all	39	21335	1600000	0.0133344
all	40	20007	1600000	0.0125044
all	41	20698	1600000	0.0129363
all	42	21831	1600000	0.0136444
all	43	21301	1600000	0.0133131
all	44	19959	1600000	0.0124744
all	45	19317	1600000	0.0120731
all	46	18877	1600000	0.0117981
all	47	19689	1600000	0.0123056
all	48	18705	1600000	0.0116906
all	49	17920	1600000	0.0112000
all	50	18270	1600000	0.0114187
all	51	17454	1600000	0.0109087
all	52	17639	1600000	0.0110244
all	53	16565	1600000	0.0103531
all	54	16161	1600000	0.0101006
all	55	16661	1600000	0.0104131
all	56	15756	1600000	0.0098475
all	57	15060	1600000	0.0094125
all	58	14244	1600000	0.0089025
all	59	13818	1600000	0.0086363
all	60	13947	1600000	0.0087169
all	61	13180	1600000	0.0082375
all	62	13616	1600000	0.0085100
all	63	12539	1600000	0.0078369
all	64	13247	1600000	0.0082794
all	65	11947	1600000	0.0074669
all	66	11683	1600000	0.0073019
all	67	11698	1600000	0.0073113
all	68	11810	1600000	0.0073813
all	69	11103	1600000	0.0069394
all	70	10384	1600000	0.0064900
all	71	11055	1600000	0.0069094
all	72	10910	1600000	0.0068187
all	73	10206	1600000	0.0063787
all	74	10072	1600000	0.0062950
all	75	10307	1600000	0.0064419
all	76	9544	1600000	0.0059650
all	77	9589	1600000	0.0059931
all	78	9404	1600000	0.0058775
all	79	8506	1600000	0.0053163
all	80	8427	1600000	0.0052669
all	81	7999	1600000	0.0049994
all	82	7543	1600000	0.0047144
all	83	7522	1600000	0.0047013
all	84	6891	1600000	0.0043069
all	85	7081	1600000	0.0044256
all	86	6703	1600000	0.0041894
all	87	6760	1600000	0.0042250
all	88	6208	1600000	0.0038800
all	89	6239	1600000	0.0038994
all	90	6426	1600000	0.0040162
all	91	6271	1600000	0.0039194
all	92	5985	1600000	0.0037406
all	93	5329	1600000	0.0033306
all	94	5073	1600000	0.0031706
all	95	5298	1600000	0.0033112
all	96	4579	1600000	0.0028619
all	97	4259	1600000	0.0026619
all	98	3975	1600000	0.0024844
all	99	4277	1600000	0.0026731
all	100	3780	1600000	0.0023625
all	101	3782	1600000	0.0023638
all	102	3968	1600000	0.0024800
all	103	3713	1600000	0.0023206
all	104	3293	1600000	0.0020581
all	105	3500	1600000	0.0021875
all	106	3577	1600000	0.0022356
all	107	3317	1600000	0.0020731
all	108	3410	1600000	0.0021312
all	109	3509	1600000	0.0021931
all	110	3130	1600000	0.0019563
all	111	2998	1600000	0.0018738
all	112	3236	1600000	0.0020225
all	113	3349	1600000	0.0020931
all	114	2915	1600000	0.0018219
all	115	2615	1600000	0.0016344
all	116	2691	1600000	0.0016819
all	117	2566	1600000	0.0016038
all	118	2564	1600000	0.0016025
all	119	2165	1600000	0.0013531
all	120	2520	1600000	0.0015750
all	121	2403	1600000	0.0015019
all	122	2464	1600000	0.0015400
all	123	2186	1600000	0.0013662
all	124	2195	1600000	0.0013719
all	125	2233	1600000	0.0013956
all	126	2378	1600000	0.0014862
all	127	2014	1600000	0.0012587
all	128	2070	1600000	0.0012938
all	129	1957	1600000	0.0012231
all	130	1901	1600000	0.0011881
all	131	1860	1600000	0.0011625
all	132	1674	1600000	0.0010462
all	133	1807	1600000	0.0011294
all	134	1904	1600000	0.0011900
all	135	1875	1600000	0.0011719
all	136	1637	1600000	0.0010231
all	137	1587	1600000	0.0009919
all	138	1471	1600000	0.0009194
all	139	1452	1600000	0.0009075
all	140	1488	1600000	0.0009300
all	141	1633	1600000	0.0010206
all	142	1505	1600000	0.0009406
all	143	1268	1600000	0.0007925
all	144	1482	1600000	0.0009263
all	145	1219	1600000	0.0007619
all	146	1431	1600000	0.0008944
all	147	1203	1600000	0.0007519
all	148	1166	1600000	0.0007288
all	149	885	1600000	0.0005531
all	150	1167	1600000	0.0007294
all	151	962	1600000	0.0006012
all	152	1010	1600000	0.0006312
all	153	1033	1600000	0.0006456
all	154	905	1600000	0.0005656
all	155	941	1600000	0.0005881
all	156	843	1600000	0.0005269
all	157	829	1600000	0.0005181
all	158	1035	1600000	0.0006469
all	159	858	1600000	0.0005363
all	160	868	1600000	0.0005425
all	161	1018	1600000	0.0006363
all	162	786	1600000	0.0004913
all	163	810	1600000	0.0005063
all	164	840	1600000	0.0005250
all	165	931	1600000	0.0005819
all	166	906	1600000	0.0005663
all	167	911	1600000	0.0005694
all	168	834	1600000	0.0005213
all	169	1010	1600000	0.0006312
all	170	784	1600000	0.0004900
all	171	776	1600000	0.0004850
all	172	675	1600000	0.0004219
all	173	694	1600000	0.0004338
all	174	908	1600000	0.0005675
all	175	728	1600000	0.0004550
all	176	610	1600000	0.0003812
all	177	679	1600000	0.0004244
all	178	641	1600000	0.0004006
all	179	602	1600000	0.0003763
all	180	603	1600000	0.0003769
all	181	717	1600000	0.0004481
all	182	675	1600000	0.0004219
all	183	641	1600000	0.0004006
all	184	792	1600000	0.0004950
all	185	584	1600000	0.0003650
all	186	685	1600000	0.0004281
all	187	762	1600000	0.0004762
all	188	598	1600000	0.0003737
all	189	574	1600000	0.0003587
all	190	448	1600000	0.0002800
all	191	545	1600000	0.0003406
all	192	556	1600000	0.0003475
all	193	519	1600000	0.0003244
all	194	470	1600000	0.0002937
all	195	428	1600000	0.0002675
all	196	494	1600000	0.0003087
all	197	486	1600000	0.0003038
all	198	517	1600000	0.0003231
all	199	654	1600000	0.0004087
all	200	523	1600000	0.0003269
all	201	346	1600000	0.0002163
all	202	533	1600000	0.0003331
all	203	536	1600000	0.0003350
all	204	505	1600000	0.0003156
all	205	420	1600000	0.0002625
all	206	479	1600000	0.0002994
all	207	527	1600000	0.0003294
all	208	348	1600000	0.0002175
all	209	367	1600000	0.0002294
all	210	354	1600000	0.0002212
all	211	467	1600000	0.0002919
all	212	370	1600000	0.0002313
all	213	430	1600000	0.0002688
all	214	321	1600000	0.0002006
all	215	412	1600000	0.0002575
all	216	352	1600000	0.0002200
all	217	325	1600000	0.0002031
all	218	374	1600000	0.0002338
all	219	303	1600000	0.0001894
all	220	372	1600000	0.0002325
all	221	383	1600000	0.0002394
all	222	373	1600000	0.0002331
all	223	294	1600000	0.0001838
all	224	251	1600000	0.0001569
all	225	249	1600000	0.0001556
all	226	278	1600000	0.0001737
all	227	310	1600000	0.0001938
all	228	247	1600000	0.0001544
all	229	230	1600000	0.0001438
all	230	188	1600000	0.0001175
all	231	150	1600000	0.0000938
all	232	218	1600000	0.0001363
all	233	210	1600000	0.0001312
all	234	266	1600000	0.0001662
all	235	294	1600000	0.0001838
all	236	294	1600000	0.0001838
all	237	258	1600000	0.0001613
all	238	192	1600000	0.0001200
all	239	145	1600000	0.0000906
all	240	254	1600000	0.0001588
all	241	169	1600000	0.0001056
all	242	126	1600000	0.0000788
all	243	224	1600000	0.0001400
all	244	138	1600000	0.0000863
all	245	124	1600000	0.0000775
all	246	154	1600000	0.0000962
all	247	203	1600000	0.0001269
all	248	162	1600000	0.0001012
all	249	142	1600000	0.0000887
all	250	167	1600000	0.0001044
all	251	162	1600000	0.0001012
all	252	179	1600000	0.0001119
all	253	113	1600000	0.0000706
all	254	204	1600000	0.0001275
all	255	191	1600000	0.0001194
all	256	179	1600000	0.0001119
all	257	104	1600000	0.0000650
all	258	111	1600000	0.0000694
all	259	161	1600000	0.0001006
all	260	182	1600000	0.0001138
all	261	156	1600000	0.0000975
all	262	213	1600000	0.0001331
all	263	243	1600000	0.0001519
all	264	147	1600000	0.0000919
all	265	174	1600000	0.0001087
all	266	180	1600000	0.0001125
all	267	149	1600000	0.0000931
all	268	187	1600000	0.0001169
all	269	230	1600000	0.0001438
all	270	147	1600000	0.0000919
all	271	110	1600000	0.0000687
all	272	123	1600000	0.0000769
all	273	126	1600000	0.0000788
all	274	155	1600000	0.0000969
all	275	147	1600000	0.0000919
all	276	189	1600000	0.0001181
all	277	213	1600000	0.0001331
all	278	127	1600000	0.0000794
all	279	166	1600000	0.0001037
all	280	193	1600000	0.0001206
all	281	152	1600000	0.0000950
all	282	139	1600000	0.0000869
all	283	95	1600000	0.0000594
all	284	102	1600000	0.0000637
all	285	103	1600000	0.0000644
all	286	118	1600000	0.0000738
all	287	120	1600000	0.0000750
all	288	206	1600000	0.0001288
all	289	146	1600000	0.0000913
all	290	161	1600000	0.0001006
all	291	108	1600000	0.0000675
all	292	127	1600000	0.0000794
all	293	113	1600000	0.0000706
all	294	140	1600000	0.0000875
all	295	89	1600000	0.0000556
all	296	124	1600000	0.0000775
all	297	114	1600000	0.0000712
all	298	110	1600000	0.0000687
all	299	122	1600000	0.0000762
all	300	86	1600000	0.0000537
all	301	80	1600000	0.0000500
all	302	97	1600000	0.0000606
all	303	104	1600000	0.0000650
all	304	148	1600000	0.0000925
all	305	108	1600000	0.0000675
all	306	83	1600000	0.0000519
all	307	88	1600000	0.0000550
all	308	80	1600000	0.0000500
all	309	145	1600000	0.0000906
all	310	126	1600000	0.0000788
all	311	96	1600000	0.0000600
all	312	110	1600000	0.0000687
all	313	67	1600000	0.0000419
all	314	71	1600000	0.0000444
all	315	77	1600000	0.0000481
all	316	82	1600000	0.0000513
all	317	92	1600000	0.0000575
all	318	74	1600000	0.0000462
all	319	100	1600000	0.0000625
all	320	66	1600000	0.0000413
all	321	56	1600000	0.0000350
all	322	86	1600000	0.0000537
all	323	55	1600000	0.0000344
all	324	75	1600000	0.0000469
all	325	57	1600000	0.0000356
all	326	37	1600000	0.0000231
all	327	46	1600000	0.0000288
all	328	55	1600000	0.0000344
all	329	41	1600000	0.0000256
all	330	84	1600000	0.0000525
all	331	111	1600000	0.0000694
all	332	46	1600000	0.0000288
all	333	35	1600000	0.0000219
all	334	27	1600000	0.0000169
all	335	48	1600000	0.0000300
all	336	62	1600000	0.0000388
all	337	94	1600000	0.0000587
all	338	36	1600000	0.0000225
all	339	47	1600000	0.0000294
all	340	64	1600000	0.0000400
all	341	66	1600000	0.0000413
all	342	32	1600000	0.0000200
all	343	17	1600000	0.0000106
all	344	48	1600000	0.0000300
all	345	44	1600000	0.0000275
all	346	24	1600000	0.0000150
all	347	23	1600000	0.0000144
all	348	44	1600000	0.0000275
all	349	32	1600000	0.0000200
all	350	18	1600000	0.0000113
all	351	35	1600000	0.0000219
all	352	37	1600000	0.0000231
all	353	37	1600000	0.0000231
all	354	53	1600000	0.0000331
all	355	39	1600000	0.0000244
all	356	24	1600000	0.0000150
all	357	40	1600000	0.0000250
all	358	39	1600000	0.0000244
all	359	42	1600000	0.0000262
all	360	56	1600000	0.0000350
all	361	21	1600000	0.0000131
all	362	25	1600000	0.0000156
all	363	7	1600000	0.0000044
all	364	9	1600000	0.0000056
all	365	18	1600000	0.0000113
all	366	27	1600000	0.0000169
all	367	32	1600000	0.0000200
all	368	18	1600000	0.0000113
all	369	42	1600000	0.0000262
all	370	25	1600000	0.0000156
all	371	29	1600000	0.0000181
all	372	40	1600000	0.0000250
all	373	39	1600000	0.0000244
all	374	15	1600000	0.0000094
all	375	13	1600000	0.0000081
all	376	24	1600000	0.0000150
all	377	18	1600000	0.0000113
all	378	26	1600000	0.0000163
all	379	17	1600000	0.0000106
all	380	4	1600000	0.0000025
all	381	26	1600000	0.0000163
all	382	14	1600000	0.0000088
all	383	21	1600000	0.0000131
all	384	5	1600000	0.0000031
all	385	15	1600000	0.0000094
all	386	13	1600000	0.0000081
all	387	25	1600000	0.0000156
all	388	25	1600000	0.0000156
all	389	19	1600000	0.0000119
all	390	26	1600000	0.0000163
all	391	22	1600000	0.0000138
all	392	13	1600000	0.0000081
all	393	20	1600000	0.0000125
all	394	16	1600000	0.0000100
all	395	4	1600000	0.0000025
all	396	14	1600000	0.0000088
all	397	14	1600000	0.0000088
all	398	9	1600000	0.0000056
all	399	3	1600000	0.0000019
all	400	11	1600000	0.0000069
all	401	12	1600000	0.0000075
all	402	10	1600000	0.0000062
all	403	21	1600000	0.0000131
all	404	15	1600000	0.0000094
all	405	14	1600000	0.0000088
all	406	8	1600000	0.0000050
all	407	9	1600000	0.0000056
all	408	11	1600000	0.0000069
all	409	12	1600000	0.0000075
all	410	14	1600000	0.0000088
all	411	6	1600000	0.0000037
all	412	15	1600000	0.0000094
all	413	3	1600000	0.0000019
all	414	4	1600000	0.0000025
all	415	15	1600000	0.0000094
all	416	12	1600000	0.0000075
all	417	17	1600000	0.0000106
all	418	12	1600000	0.0000075
all	419	9	1600000	0.0000056
all	420	13	1600000	0.0000081
all	421	10	1600000	0.0000062
all	422	7	1600000	0.0000044
all	423	11	1600000	0.0000069
all	424	22	1600000	0.0000138
all	425	12	1600000	0.0000075
all	426	11	1600000	0.0000069
all	427	10	1600000	0.0000062
all	428	9	1600000	0.0000056
all	429	9	1600000	0.0000056
all	430	19	1600000	0.0000119
all	431	16	1600000	0.0000100
all	432	7	1600000	0.0000044
all	433	7	1600000	0.0000044
all	434	18	1600000	0.0000113
all	435	7	1600000	0.0000044
all	436	7	1600000	0.0000044
all	437	8	1600000	0.0000050
all	438	1	1600000	0.0000006
all	439	10	1600000	0.0000062
all	440	1	1600000	0.0000006
all	441	1	1600000	0.0000006
all	442	10	1600000	0.0000062
all	443	2	1600000	0.0000012
all	444	4	1600000	0.0000025
all	445	10	1600000	0.0000062
all	446	12	1600000	0.0000075
all	447	19	1600000	0.0000119
all	448	17	1600000	0.0000106
all	449	4	1600000	0.0000025
all	450	10	1600000	0.0000062
all	451	10	1600000	0.0000062
all	452	11	1600000	0.0000069
all	453	5	1600000	0.0000031
all	454	9	1600000	0.0000056
all	455	12	1600000	0.0000075
all	456	12	1600000	0.0000075
all	457	24	1600000	0.0000150
all	458	7	1600000	0.0000044
all	459	11	1600000	0.0000069
all	460	15	1600000	0.0000094
all	461	10	1600000	0.0000062
all	462	2	1600000	0.0000012
all	463	15	1600000	0.0000094
all	464	30	1600000	0.0000188
all	465	43	1600000	0.0000269
all	466	22	1600000	0.0000138
all	467	13	1600000	0.0000081
all	468	19	1600000	0.0000119
all	469	10	1600000	0.0000062
all	470	18	1600000	0.0000113
all	471	13	1600000	0.0000081
all	472	11	1600000	0.0000069
all	473	15	1600000	0.0000094
all	474	7	1600000	0.0000044
all	475	5	1600000	0.0000031
all	476	6	1600000	0.0000037
all	477	11	1600000	0.0000069
all	478	22	1600000	0.0000138
all	479	9	1600000	0.0000056
all	480	24	1600000	0.0000150
all	481	19	1600000	0.0000119
all	482	26	1600000	0.0000163
all	483	3	1600000	0.0000019
all	485	12	1600000	0.0000075
all	486	10	1600000	0.0000062
all	487	22	1600000	0.0000138
all	488	7	1600000	0.0000044
all	489	18	1600000	0.0000113
all	490	10	1600000	0.0000062
all	491	8	1600000	0.0000050
all	492	3	1600000	0.0000019
all	493	17	1600000	0.0000106
all	494	2	1600000	0.0000012
all	495	1	1600000	0.0000006
all	496	5	1600000	0.0000031
all	498	24	1600000	0.0000150
all	499	16	1600000	0.0000100
all	500	4	1600000	0.0000025
all	501	13	1600000	0.0000081
all	502	3	1600000	0.0000019
all	503	8	1600000	0.0000050
all	504	20	1600000	0.0000125
all	505	2	1600000	0.0000012
all	506	2	1600000	0.0000012
all	507	13	1600000	0.0000081
all	508	12	1600000	0.0000075
all	509	5	1600000	0.0000031
all	510	3	1600000	0.0000019
all	511	8	1600000	0.0000050
all	512	7	1600000	0.0000044
all	513	10	1600000	0.0000062
all	514	11	1600000	0.0000069
all	515	17	1600000	0.0000106
all	516	6	1600000	0.0000037
all	517	5	1600000	0.0000031
all	518	3	1600000	0.0000019
all	519	3	1600000	0.0000019
all	520	2	1600000	0.0000012
all	521	21	1600000	0.0000131
all	522	11	1600000	0.0000069
all	525	11	1600000	0.0000069
all	527	2	1600000	0.0000012
all	529	4	1600000	0.0000025
all	530	3	1600000	0.0000019
all	531	8	1600000	0.0000050
all	532	4	1600000	0.0000025
all	533	2	1600000	0.0000012
all	534	16	1600000	0.0000100
all	535	10	1600000	0.0000062
all	537	9	1600000	0.0000056
all	541	6	1600000	0.0000037
all	542	6	1600000	0.0000037
all	543	5	1600000	0.0000031
all	544	1	1600000	0.0000006
all	545	30	1600000	0.0000188
all	546	1	1600000	0.0000006
all	547	3	1600000	0.0000019
all	549	3	1600000	0.0000019
all	550	2	1600000	0.0000012
all	551	1	1600000	0.0000006
all	552	2	1600000	0.0000012
all	553	2	1600000	0.0000012
all	554	1	1600000	0.0000006
all	555	1	1600000	0.0000006
all	556	12	1600000	0.0000075
all	557	2	1600000	0.0000012
all	558	7	1600000	0.0000044
all	559	1	1600000	0.0000006
all	560	1	1600000	0.0000006
all	561	3	1600000	0.0000019
all	562	4	1600000	0.0000025
all	563	3	1600000	0.0000019
all	564	2	1600000	0.0000012
all	565	7	1600000	0.0000044
all	566	9	1600000	0.0000056
all	567	4	1600000	0.0000025
all	568	1	1600000	0.0000006
all	569	7	1600000	0.0000044
all	570	6	1600000	0.0000037
all	571	6	1600000	0.0000037
all	572	4	1600000	0.0000025
all	576	3	1600000	0.0000019
all	577	1	1600000	0.0000006
all	578	2	1600000	0.0000012
all	580	6	1600000	0.0000037
all	581	1	1600000	0.0000006
all	582	2	1600000	0.0000012
all	584	1	1600000	0.0000006
all	585	5	1600000	0.0000031
all	586	3	1600000	0.0000019
all	588	4	1600000	0.0000025
all	589	2	1600000	0.0000012
all	590	2	1600000	0.0000012
all	593	3	1600000	0.0000019
all	594	2	1600000	0.0000012
all	595	1	1600000	0.0000006
all	596	4	1600000	0.0000025
all	597	1	1600000	0.0000006
all	598	7	1600000	0.0000044
all	599	1	1600000	0.0000006
all	600	1	1600000	0.0000006
all	601	1	1600000	0.0000006
all	603	1	1600000	0.0000006
all	604	7	1600000	0.0000044
all	605	20	1600000	0.0000125
all	606	1	1600000	0.0000006
all	608	1	1600000	0.0000006
all	609	4	1600000	0.0000025
all	612	2	1600000	0.0000012
all	613	12	1600000	0.0000075
all	614	2	1600000	0.0000012
all	616	13	1600000	0.0000081
all	619	1	1600000	0.0000006
all	621	3	1600000	0.0000019
all	622	2	1600000	0.0000012
all	623	2	1600000	0.0000012
all	624	2	1600000	0.0000012
all	625	2	1600000	0.0000012
all	626	3	1600000	0.0000019
all	627	3	1600000	0.0000019
all	629	2	1600000	0.0000012
all	630	2	1600000	0.0000012
all	631	3	1600000	0.0000019
all	632	1	1600000	0.0000006
all	633	2	1600000	0.0000012
all	634	8	1600000	0.0000050
all	635	4	1600000	0.0000025
all	637	12	1600000	0.0000075
all	638	4	1600000	0.0000025
all	639	1	1600000	0.0000006
all	640	4	1600000	0.0000025
all	645	1	1600000	0.0000006
all	646	2	1600000	0.0000012
all	648	2	1600000	0.0000012
all	649	3	1600000	0.0000019
all	650	3	1600000	0.0000019
all	651	2	1600000	0.0000012
all	652	4	1600000	0.0000025
all	653	2	1600000	0.0000012
all	654	1	1600000	0.0000006
all	655	2	1600000	0.0000012
all	657	4	1600000	0.0000025
all	658	3	1600000	0.0000019
all	659	2	1600000	0.0000012
all	660	1	1600000	0.0000006
all	661	4	1600000	0.0000025
all	662	1	1600000	0.0000006
all	665	4	1600000	0.0000025
all	666	6	1600000	0.0000037
all	667	1	1600000	0.0000006
all	668	1	1600000	0.0000006
all	669	1	1600000	0.0000006
all	670	1	1600000	0.0000006
all	673	1	1600000	0.0000006
all	674	5	1600000	0.0000031
all	675	3	1600000	0.0000019
all	676	5	1600000	0.0000031
all	677	11	1600000	0.0000069
all	679	1	1600000	0.0000006
all	680	2	1600000	0.0000012
all	681	4	1600000	0.0000025
all	683	2	1600000	0.0000012
all	684	8	1600000	0.0000050
all	685	1	1600000	0.0000006
all	686	3	1600000	0.0000019
all	687	7	1600000	0.0000044
all	688	2	1600000	0.0000012
all	689	8	1600000	0.0000050
all	690	5	1600000	0.0000031
all	691	7	1600000	0.0000044
all	692	6	1600000	0.0000037
all	693	9	1600000	0.0000056
all	694	3	1600000	0.0000019
all	695	3	1600000	0.0000019
all	696	6	1600000	0.0000037
all	697	2	1600000	0.0000012
all	698	5	1600000	0.0000031
all	699	2	1600000	0.0000012
all	700	8	1600000	0.0000050
all	701	2	1600000	0.0000012
all	702	1	1600000	0.0000006
all	703	2	1600000	0.0000012
all	704	2	1600000	0.0000012
all	705	7	1600000	0.0000044
all	706	1	1600000	0.0000006
all	707	4	1600000	0.0000025
all	708	4	1600000	0.0000025
all	709	3	1600000	0.0000019
all	711	1	1600000	0.0000006
all	714	2	1600000	0.0000012
all	715	4	1600000	0.0000025
all	716	2	1600000	0.0000012
all	718	2	1600000	0.0000012
all	719	3	1600000	0.0000019
all	720	2	1600000	0.0000012
all	721	2	1600000	0.0000012
all	724	1	1600000	0.0000006
all	725	3	1600000	0.0000019
all	726	2	1600000	0.0000012
all	728	3	1600000	0.0000019
all	729	3	1600000	0.0000019
all	730	2	1600000	0.0000012
all	731	1	1600000	0.0000006
all	732	1	1600000	0.0000006
all	735	3	1600000	0.0000019
all	737	2	1600000	0.0000012
all	738	2	1600000	0.0000012
