all	0	12447	1600000	0.0077794
all	1	4616	1600000	0.0028850
all	2	7217	1600000	0.0045106
all	3	7391	1600000	0.0046194
all	4	7953	1600000	0.0049706
all	5	10177	1600000	0.0063606
all	6	10079	1600000	0.0062994
all	7	12137	1600000	0.0075856
all	8	11760	1600000	0.0073500
all	9	12871	1600000	0.0080444
all	10	14811	1600000	0.0092569
all	11	15763	1600000	0.0098519
all	12	16551	1600000	0.0103444
all	13	17101	1600000	0.0106881
all	14	19394	1600000	0.0121212
all	15	19463	1600000	0.0121644
all	16	19516	1600000	0.0121975
all	17	20654	1600000	0.0129088
all	18	21929	1600000	0.0137056
all	19	22528	1600000	0.0140800
all	20	23055	1600000	0.0144094
all	21	22499	1600000	0.0140619
all	22	22818	1600000	0.0142613
all	23	24466	1600000	0.0152913
all	24	23653	1600000	0.0147831
all	25	23464	1600000	0.0146650
all	26	24682	1600000	0.0154263
all	27	25127	1600000	0.0157044
all	28	24668	1600000	0.0154175
all	29	25318	1600000	0.0158237
all	30	23954	1600000	0.0149712
all	31	23798	1600000	0.0148737
all	32	23829	1600000	0.0148931
all	33	24608	1600000	0.0153800
all	34	24359	1600000	0.0152244
all	35	23312	1600000	0.0145700
all	36	21962	1600000	0.0137263
all	37	22955	1600000	0.0143469
all	38	22661	1600000	0.0141631
all	39	22984	1600000	0.0143650
all	40	22086	1600000	0.0138038
all	41	21783	1600000	0.0136144
all	42	21189	1600000	0.0132431
all	43	20236	1600000	0.0126475
all	44	20385	1600000	0.0127406
all	45	20472	1600000	0.0127950
all	46	19421	1600000	0.0121381
all	47	18966	1600000	0.0118537
all	48	19020	1600000	0.0118875
all	49	18445	1600000	0.0115281
all	50	17685	1600000	0.0110531
all	51	16936	1600000	0.0105850
all	52	17099	1600000	0.0106869
all	53	16598	1600000	0.0103737
all	54	15842	1600000	0.0099012
all	55	14845	1600000	0.0092781
all	56	15308	1600000	0.0095675
all	57	14719	1600000	0.0091994
all	58	14288	1600000	0.0089300
all	59	13926	1600000	0.0087037
all	60	13279	1600000	0.0082994
all	61	13163	1600000	0.0082269
all	62	12992	1600000	0.0081200
all	63	12672	1600000	0.0079200
all	64	11671	1600000	0.0072944
all	65	11731	1600000	0.0073319
all	66	11645	1600000	0.0072781
all	67	10468	1600000	0.0065425
all	68	10145	1600000	0.0063406
all	69	10577	1600000	0.0066106
all	70	10067	1600000	0.0062919
all	71	10200	1600000	0.0063750
all	72	10083	1600000	0.0063019
all	73	9053	1600000	0.0056581
all	74	9609	1600000	0.0060056
all	75	8986	1600000	0.0056162
all	76	8743	1600000	0.0054644
all	77	8029	1600000	0.0050181
all	78	7827	1600000	0.0048919
all	79	7545	1600000	0.0047156
all	80	6473	1600000	0.0040456
all	81	6694	1600000	0.0041838
all	82	6425	1600000	0.0040156
all	83	6560	1600000	0.0041000
all	84	6178	1600000	0.0038612
all	85	6499	1600000	0.0040619
all	86	6558	1600000	0.0040988
all	87	6017	1600000	0.0037606
all	88	5898	1600000	0.0036862
all	89	5334	1600000	0.0033337
all	90	5556	1600000	0.0034725
all	91	5458	1600000	0.0034112
all	92	4909	1600000	0.0030681
all	93	4996	1600000	0.0031225
all	94	4744	1600000	0.0029650
all	95	4708	1600000	0.0029425
all	96	4319	1600000	0.0026994
all	97	4081	1600000	0.0025506
all	98	4513	1600000	0.0028206
all	99	4351	1600000	0.0027194
all	100	3960	1600000	0.0024750
all	101	3709	1600000	0.0023181
all	102	3461	1600000	0.0021631
all	103	3472	1600000	0.0021700
all	104	3381	1600000	0.0021131
all	105	3431	1600000	0.0021444
all	106	3388	1600000	0.0021175
all	107	2986	1600000	0.0018662
all	108	3199	1600000	0.0019994
all	109	2867	1600000	0.0017919
all	110	2797	1600000	0.0017481
all	111	3087	1600000	0.0019294
all	112	2739	1600000	0.0017119
all	113	2792	1600000	0.0017450
all	114	2984	1600000	0.0018650
all	115	2957	1600000	0.0018481
all	116	2520	1600000	0.0015750
all	117	2688	1600000	0.0016800
all	118	2503	1600000	0.0015644
all	119	2436	1600000	0.0015225
all	120	2322	1600000	0.0014513
all	121	2149	1600000	0.0013431
all	122	2050	1600000	0.0012813
all	123	2041	1600000	0.0012756
all	124	2001	1600000	0.0012506
all	125	1934	1600000	0.0012087
all	126	1791	1600000	0.0011194
all	127	1900	1600000	0.0011875
all	128	1926	1600000	0.0012038
all	129	1686	1600000	0.0010538
all	130	1471	1600000	0.0009194
all	131	1603	1600000	0.0010019
all	132	1365	1600000	0.0008531
all	133	1214	1600000	0.0007588
all	134	1371	1600000	0.0008569
all	135	1450	1600000	0.0009062
all	136	1350	1600000	0.0008438
all	137	1463	1600000	0.0009144
all	138	1503	1600000	0.0009394
all	139	1266	1600000	0.0007912
all	140	1373	1600000	0.0008581
all	141	1161	1600000	0.0007256
all	142	1336	1600000	0.0008350
all	143	1083	1600000	0.0006769
all	144	1000	1600000	0.0006250
all	145	1061	1600000	0.0006631
all	146	1113	1600000	0.0006956
all	147	986	1600000	0.0006162
all	148	1058	1600000	0.0006612
all	149	997	1600000	0.0006231
all	150	989	1600000	0.0006181
all	151	918	1600000	0.0005738
all	152	970	1600000	0.0006063
all	153	973	1600000	0.0006081
all	154	950	1600000	0.0005937
all	155	807	1600000	0.0005044
all	156	831	1600000	0.0005194
all	157	821	1600000	0.0005131
all	158	854	1600000	0.0005337
all	159	778	1600000	0.0004863
all	160	827	1600000	0.0005169
all	161	841	1600000	0.0005256
all	162	681	1600000	0.0004256
all	163	978	1600000	0.0006112
all	164	659	1600000	0.0004119
all	165	769	1600000	0.0004806
all	166	813	1600000	0.0005081
all	167	568	1600000	0.0003550
all	168	439	1600000	0.0002744
all	169	593	1600000	0.0003706
all	170	655	1600000	0.0004094
all	171	774	1600000	0.0004837
all	172	517	1600000	0.0003231
all	173	527	1600000	0.0003294
all	174	647	1600000	0.0004044
all	175	479	1600000	0.0002994
all	176	588	1600000	0.0003675
all	177	598	1600000	0.0003737
all	178	587	1600000	0.0003669
all	179	502	1600000	0.0003138
all	180	669	1600000	0.0004181
all	181	471	1600000	0.0002944
all	182	539	1600000	0.0003369
all	183	564	1600000	0.0003525
all	184	482	1600000	0.0003012
all	185	510	1600000	0.0003188
all	186	440	1600000	0.0002750
all	187	429	1600000	0.0002681
all	188	470	1600000	0.0002937
all	189	447	1600000	0.0002794
all	190	363	1600000	0.0002269
all	191	376	1600000	0.0002350
all	192	351	1600000	0.0002194
all	193	399	1600000	0.0002494
all	194	406	1600000	0.0002538
all	195	435	1600000	0.0002719
all	196	421	1600000	0.0002631
all	197	471	1600000	0.0002944
all	198	355	1600000	0.0002219
all	199	443	1600000	0.0002769
all	200	388	1600000	0.0002425
all	201	338	1600000	0.0002112
all	202	357	1600000	0.0002231
all	203	439	1600000	0.0002744
all	204	370	1600000	0.0002313
all	205	390	1600000	0.0002437
all	206	366	1600000	0.0002287
all	207	415	1600000	0.0002594
all	208	423	1600000	0.0002644
all	209	348	1600000	0.0002175
all	210	314	1600000	0.0001962
all	211	345	1600000	0.0002156
all	212	272	1600000	0.0001700
all	213	308	1600000	0.0001925
all	214	243	1600000	0.0001519
all	215	285	1600000	0.0001781
all	216	321	1600000	0.0002006
all	217	324	1600000	0.0002025
all	218	351	1600000	0.0002194
all	219	287	1600000	0.0001794
all	220	319	1600000	0.0001994
all	221	325	1600000	0.0002031
all	222	316	1600000	0.0001975
all	223	239	1600000	0.0001494
all	224	284	1600000	0.0001775
all	225	229	1600000	0.0001431
all	226	217	1600000	0.0001356
all	227	221	1600000	0.0001381
all	228	220	1600000	0.0001375
all	229	241	1600000	0.0001506
all	230	307	1600000	0.0001919
all	231	257	1600000	0.0001606
all	232	260	1600000	0.0001625
all	233	268	1600000	0.0001675
all	234	236	1600000	0.0001475
all	235	273	1600000	0.0001706
all	236	178	1600000	0.0001113
all	237	199	1600000	0.0001244
all	238	175	1600000	0.0001094
all	239	196	1600000	0.0001225
all	240	243	1600000	0.0001519
all	241	211	1600000	0.0001319
all	242	191	1600000	0.0001194
all	243	206	1600000	0.0001288
all	244	242	1600000	0.0001513
all	245	172	1600000	0.0001075
all	246	230	1600000	0.0001438
all	247	175	1600000	0.0001094
all	248	184	1600000	0.0001150
all	249	139	1600000	0.0000869
all	250	172	1600000	0.0001075
all	251	181	1600000	0.0001131
all	252	153	1600000	0.0000956
all	253	156	1600000	0.0000975
all	254	115	1600000	0.0000719
all	255	81	1600000	0.0000506
all	256	199	1600000	0.0001244
all	257	176	1600000	0.0001100
all	258	251	1600000	0.0001569
all	259	173	1600000	0.0001081
all	260	148	1600000	0.0000925
all	261	123	1600000	0.0000769
all	262	166	1600000	0.0001037
all	263	138	1600000	0.0000863
all	264	129	1600000	0.0000806
all	265	119	1600000	0.0000744
all	266	117	1600000	0.0000731
all	267	126	1600000	0.0000788
all	268	102	1600000	0.0000637
all	269	122	1600000	0.0000762
all	270	119	1600000	0.0000744
all	271	86	1600000	0.0000537
all	272	101	1600000	0.0000631
all	273	57	1600000	0.0000356
all	274	87	1600000	0.0000544
all	275	80	1600000	0.0000500
all	276	98	1600000	0.0000613
all	277	128	1600000	0.0000800
all	278	113	1600000	0.0000706
all	279	99	1600000	0.0000619
all	280	109	1600000	0.0000681
all	281	137	1600000	0.0000856
all	282	92	1600000	0.0000575
all	283	117	1600000	0.0000731
all	284	116	1600000	0.0000725
all	285	118	1600000	0.0000738
all	286	60	1600000	0.0000375
all	287	91	1600000	0.0000569
all	288	96	1600000	0.0000600
all	289	121	1600000	0.0000756
all	290	116	1600000	0.0000725
all	291	78	1600000	0.0000488
all	292	73	1600000	0.0000456
all	293	89	1600000	0.0000556
all	294	72	1600000	0.0000450
all	295	87	1600000	0.0000544
all	296	87	1600000	0.0000544
all	297	96	1600000	0.0000600
all	298	128	1600000	0.0000800
all	299	91	1600000	0.0000569
all	300	70	1600000	0.0000437
all	301	75	1600000	0.0000469
all	302	124	1600000	0.0000775
all	303	98	1600000	0.0000613
all	304	80	1600000	0.0000500
all	305	84	1600000	0.0000525
all	306	101	1600000	0.0000631
all	307	85	1600000	0.0000531
all	308	102	1600000	0.0000637
all	309	117	1600000	0.0000731
all	310	119	1600000	0.0000744
all	311	85	1600000	0.0000531
all	312	63	1600000	0.0000394
all	313	67	1600000	0.0000419
all	314	106	1600000	0.0000663
all	315	132	1600000	0.0000825
all	316	81	1600000	0.0000506
all	317	124	1600000	0.0000775
all	318	56	1600000	0.0000350
all	319	68	1600000	0.0000425
all	320	109	1600000	0.0000681
all	321	46	1600000	0.0000288
all	322	79	1600000	0.0000494
all	323	84	1600000	0.0000525
all	324	51	1600000	0.0000319
all	325	70	1600000	0.0000437
all	326	92	1600000	0.0000575
all	327	53	1600000	0.0000331
all	328	60	1600000	0.0000375
all	329	50	1600000	0.0000313
all	330	61	1600000	0.0000381
all	331	78	1600000	0.0000488
all	332	73	1600000	0.0000456
all	333	85	1600000	0.0000531
all	334	94	1600000	0.0000587
all	335	70	1600000	0.0000437
all	336	83	1600000	0.0000519
all	337	61	1600000	0.0000381
all	338	45	1600000	0.0000281
all	339	48	1600000	0.0000300
all	340	34	1600000	0.0000212
all	341	45	1600000	0.0000281
all	342	56	1600000	0.0000350
all	343	117	1600000	0.0000731
all	344	39	1600000	0.0000244
all	345	38	1600000	0.0000238
all	346	23	1600000	0.0000144
all	347	43	1600000	0.0000269
all	348	59	1600000	0.0000369
all	349	32	1600000	0.0000200
all	350	21	1600000	0.0000131
all	351	31	1600000	0.0000194
all	352	36	1600000	0.0000225
all	353	27	1600000	0.0000169
all	354	27	1600000	0.0000169
all	355	19	1600000	0.0000119
all	356	28	1600000	0.0000175
all	357	31	1600000	0.0000194
all	358	27	1600000	0.0000169
all	359	38	1600000	0.0000238
all	360	27	1600000	0.0000169
all	361	33	1600000	0.0000206
all	362	24	1600000	0.0000150
all	363	18	1600000	0.0000113
all	364	26	1600000	0.0000163
all	365	49	1600000	0.0000306
all	366	17	1600000	0.0000106
all	367	22	1600000	0.0000138
all	368	25	1600000	0.0000156
all	369	20	1600000	0.0000125
all	370	12	1600000	0.0000075
all	371	21	1600000	0.0000131
all	372	15	1600000	0.0000094
all	373	10	1600000	0.0000062
all	374	27	1600000	0.0000169
all	375	25	1600000	0.0000156
all	376	21	1600000	0.0000131
all	377	22	1600000	0.0000138
all	378	21	1600000	0.0000131
all	379	32	1600000	0.0000200
all	380	24	1600000	0.0000150
all	381	8	1600000	0.0000050
all	382	14	1600000	0.0000088
all	383	15	1600000	0.0000094
all	384	8	1600000	0.0000050
all	385	16	1600000	0.0000100
all	386	9	1600000	0.0000056
all	387	15	1600000	0.0000094
all	388	10	1600000	0.0000062
all	389	13	1600000	0.0000081
all	390	21	1600000	0.0000131
all	391	23	1600000	0.0000144
all	392	15	1600000	0.0000094
all	393	13	1600000	0.0000081
all	394	8	1600000	0.0000050
all	395	12	1600000	0.0000075
all	396	10	1600000	0.0000062
all	397	5	1600000	0.0000031
all	398	14	1600000	0.0000088
all	399	12	1600000	0.0000075
all	400	23	1600000	0.0000144
all	401	24	1600000	0.0000150
all	402	15	1600000	0.0000094
all	403	16	1600000	0.0000100
all	404	22	1600000	0.0000138
all	405	20	1600000	0.0000125
all	406	9	1600000	0.0000056
all	407	7	1600000	0.0000044
all	408	10	1600000	0.0000062
all	409	7	1600000	0.0000044
all	410	10	1600000	0.0000062
all	411	9	1600000	0.0000056
all	412	8	1600000	0.0000050
all	413	23	1600000	0.0000144
all	414	1	1600000	0.0000006
all	415	16	1600000	0.0000100
all	416	9	1600000	0.0000056
all	417	28	1600000	0.0000175
all	418	22	1600000	0.0000138
all	419	16	1600000	0.0000100
all	420	12	1600000	0.0000075
all	421	8	1600000	0.0000050
all	422	20	1600000	0.0000125
all	423	17	1600000	0.0000106
all	424	11	1600000	0.0000069
all	425	19	1600000	0.0000119
all	426	24	1600000	0.0000150
all	427	33	1600000	0.0000206
all	428	22	1600000	0.0000138
all	429	12	1600000	0.0000075
all	430	10	1600000	0.0000062
all	431	26	1600000	0.0000163
all	432	14	1600000	0.0000088
all	433	5	1600000	0.0000031
all	434	20	1600000	0.0000125
all	435	24	1600000	0.0000150
all	436	21	1600000	0.0000131
all	437	7	1600000	0.0000044
all	438	2	1600000	0.0000012
all	439	6	1600000	0.0000037
all	440	9	1600000	0.0000056
all	441	2	1600000	0.0000012
all	442	4	1600000	0.0000025
all	443	5	1600000	0.0000031
all	444	23	1600000	0.0000144
all	445	5	1600000	0.0000031
all	446	4	1600000	0.0000025
all	447	15	1600000	0.0000094
all	448	5	1600000	0.0000031
all	449	1	1600000	0.0000006
all	450	10	1600000	0.0000062
all	451	7	1600000	0.0000044
all	452	15	1600000	0.0000094
all	453	1	1600000	0.0000006
all	454	12	1600000	0.0000075
all	455	9	1600000	0.0000056
all	456	3	1600000	0.0000019
all	457	1	1600000	0.0000006
all	459	1	1600000	0.0000006
all	461	6	1600000	0.0000037
all	462	2	1600000	0.0000012
all	463	1	1600000	0.0000006
all	466	8	1600000	0.0000050
all	467	2	1600000	0.0000012
all	468	6	1600000	0.0000037
all	469	4	1600000	0.0000025
all	470	2	1600000	0.0000012
all	471	1	1600000	0.0000006
all	472	4	1600000	0.0000025
all	473	3	1600000	0.0000019
all	474	7	1600000	0.0000044
all	475	7	1600000	0.0000044
all	477	7	1600000	0.0000044
all	478	3	1600000	0.0000019
all	479	4	1600000	0.0000025
all	480	4	1600000	0.0000025
all	481	1	1600000	0.0000006
all	482	1	1600000	0.0000006
all	483	10	1600000	0.0000062
all	485	11	1600000	0.0000069
all	486	23	1600000	0.0000144
all	487	5	1600000	0.0000031
all	488	1	1600000	0.0000006
all	489	4	1600000	0.0000025
all	490	13	1600000	0.0000081
all	491	4	1600000	0.0000025
all	492	1	1600000	0.0000006
all	493	5	1600000	0.0000031
all	495	8	1600000	0.0000050
all	497	15	1600000	0.0000094
all	498	3	1600000	0.0000019
all	499	1	1600000	0.0000006
all	501	7	1600000	0.0000044
all	502	4	1600000	0.0000025
all	503	7	1600000	0.0000044
all	505	1	1600000	0.0000006
all	508	4	1600000	0.0000025
all	510	5	1600000	0.0000031
all	511	15	1600000	0.0000094
all	513	4	1600000	0.0000025
all	514	21	1600000	0.0000131
all	515	10	1600000	0.0000062
all	517	2	1600000	0.0000012
all	518	1	1600000	0.0000006
all	519	3	1600000	0.0000019
all	520	5	1600000	0.0000031
all	521	2	1600000	0.0000012
all	522	1	1600000	0.0000006
all	524	8	1600000	0.0000050
all	525	1	1600000	0.0000006
all	527	2	1600000	0.0000012
all	528	2	1600000	0.0000012
all	529	10	1600000	0.0000062
all	530	8	1600000	0.0000050
all	531	6	1600000	0.0000037
all	532	8	1600000	0.0000050
all	533	4	1600000	0.0000025
all	534	1	1600000	0.0000006
all	535	11	1600000	0.0000069
all	537	7	1600000	0.0000044
all	538	2	1600000	0.0000012
all	539	9	1600000	0.0000056
all	540	1	1600000	0.0000006
all	541	9	1600000	0.0000056
all	542	4	1600000	0.0000025
all	543	2	1600000	0.0000012
all	544	10	1600000	0.0000062
all	545	10	1600000	0.0000062
all	546	1	1600000	0.0000006
all	547	6	1600000	0.0000037
all	548	3	1600000	0.0000019
all	549	12	1600000	0.0000075
all	550	6	1600000	0.0000037
all	551	1	1600000	0.0000006
all	552	10	1600000	0.0000062
all	553	7	1600000	0.0000044
all	554	10	1600000	0.0000062
all	555	2	1600000	0.0000012
all	557	3	1600000	0.0000019
all	558	14	1600000	0.0000088
all	559	1	1600000	0.0000006
all	560	4	1600000	0.0000025
all	561	4	1600000	0.0000025
all	562	6	1600000	0.0000037
all	563	4	1600000	0.0000025
all	565	8	1600000	0.0000050
all	566	9	1600000	0.0000056
all	567	1	1600000	0.0000006
all	568	2	1600000	0.0000012
all	569	2	1600000	0.0000012
all	570	7	1600000	0.0000044
all	572	3	1600000	0.0000019
all	573	2	1600000	0.0000012
all	574	2	1600000	0.0000012
all	575	3	1600000	0.0000019
all	576	3	1600000	0.0000019
all	577	5	1600000	0.0000031
all	578	2	1600000	0.0000012
all	579	5	1600000	0.0000031
all	580	3	1600000	0.0000019
all	581	2	1600000	0.0000012
all	582	2	1600000	0.0000012
all	583	1	1600000	0.0000006
all	584	3	1600000	0.0000019
all	585	1	1600000	0.0000006
all	586	4	1600000	0.0000025
all	587	5	1600000	0.0000031
all	588	3	1600000	0.0000019
all	589	1	1600000	0.0000006
all	590	2	1600000	0.0000012
all	592	3	1600000	0.0000019
all	593	6	1600000	0.0000037
all	594	1	1600000	0.0000006
all	596	3	1600000	0.0000019
all	597	2	1600000	0.0000012
all	599	1	1600000	0.0000006
all	600	2	1600000	0.0000012
all	601	12	1600000	0.0000075
all	603	4	1600000	0.0000025
all	604	5	1600000	0.0000031
all	605	4	1600000	0.0000025
all	606	7	1600000	0.0000044
all	607	7	1600000	0.0000044
all	608	10	1600000	0.0000062
all	609	2	1600000	0.0000012
all	610	5	1600000	0.0000031
all	611	9	1600000	0.0000056
all	612	9	1600000	0.0000056
all	613	3	1600000	0.0000019
all	614	3	1600000	0.0000019
all	615	7	1600000	0.0000044
all	616	5	1600000	0.0000031
all	617	7	1600000	0.0000044
all	618	6	1600000	0.0000037
all	619	3	1600000	0.0000019
all	620	1	1600000	0.0000006
all	621	6	1600000	0.0000037
all	623	4	1600000	0.0000025
all	624	9	1600000	0.0000056
all	625	18	1600000	0.0000113
all	626	15	1600000	0.0000094
all	627	9	1600000	0.0000056
all	628	4	1600000	0.0000025
all	629	5	1600000	0.0000031
all	630	4	1600000	0.0000025
all	631	7	1600000	0.0000044
all	632	2	1600000	0.0000012
all	633	4	1600000	0.0000025
all	634	13	1600000	0.0000081
all	635	5	1600000	0.0000031
all	636	3	1600000	0.0000019
all	639	3	1600000	0.0000019
all	640	2	1600000	0.0000012
all	641	6	1600000	0.0000037
all	642	3	1600000	0.0000019
all	643	4	1600000	0.0000025
all	645	2	1600000	0.0000012
all	646	6	1600000	0.0000037
all	647	7	1600000	0.0000044
all	648	2	1600000	0.0000012
all	651	7	1600000	0.0000044
all	652	1	1600000	0.0000006
all	653	3	1600000	0.0000019
all	654	3	1600000	0.0000019
all	656	2	1600000	0.0000012
all	658	2	1600000	0.0000012
all	659	2	1600000	0.0000012
all	660	4	1600000	0.0000025
all	661	4	1600000	0.0000025
all	665	3	1600000	0.0000019
all	667	1	1600000	0.0000006
all	669	2	1600000	0.0000012
all	671	2	1600000	0.0000012
all	673	1	1600000	0.0000006
all	675	2	1600000	0.0000012
all	676	6	1600000	0.0000037
all	682	8	1600000	0.0000050
all	683	5	1600000	0.0000031
all	684	7	1600000	0.0000044
all	686	6	1600000	0.0000037
all	687	2	1600000	0.0000012
all	688	2	1600000	0.0000012
all	689	2	1600000	0.0000012
all	690	2	1600000	0.0000012
all	691	4	1600000	0.0000025
