all	0	16363	1600000	0.0102269
all	1	5092	1600000	0.0031825
all	2	7644	1600000	0.0047775
all	3	8125	1600000	0.0050781
all	4	8664	1600000	0.0054150
all	5	10946	1600000	0.0068413
all	6	9312	1600000	0.0058200
all	7	9552	1600000	0.0059700
all	8	12253	1600000	0.0076581
all	9	12662	1600000	0.0079137
all	10	12442	1600000	0.0077763
all	11	13773	1600000	0.0086081
all	12	14670	1600000	0.0091687
all	13	14983	1600000	0.0093644
all	14	16083	1600000	0.0100519
all	15	16389	1600000	0.0102431
all	16	17757	1600000	0.0110981
all	17	18320	1600000	0.0114500
all	18	17658	1600000	0.0110362
all	19	19993	1600000	0.0124956
all	20	20880	1600000	0.0130500
all	21	20835	1600000	0.0130219
all	22	22197	1600000	0.0138731
all	23	21595	1600000	0.0134969
all	24	22197	1600000	0.0138731
all	25	22001	1600000	0.0137506
all	26	22406	1600000	0.0140037
all	27	22282	1600000	0.0139262
all	28	23307	1600000	0.0145669
all	29	23327	1600000	0.0145794
all	30	23274	1600000	0.0145462
all	31	22619	1600000	0.0141369
all	32	22615	1600000	0.0141344
all	33	22266	1600000	0.0139163
all	34	22260	1600000	0.0139125
all	35	22360	1600000	0.0139750
all	36	20336	1600000	0.0127100
all	37	21101	1600000	0.0131881
all	38	20642	1600000	0.0129013
all	39	20766	1600000	0.0129788
all	40	19417	1600000	0.0121356
all	41	19686	1600000	0.0123038
all	42	20226	1600000	0.0126413
all	43	20459	1600000	0.0127869
all	44	20337	1600000	0.0127106
all	45	19282	1600000	0.0120512
all	46	18399	1600000	0.0114994
all	47	19114	1600000	0.0119462
all	48	18970	1600000	0.0118563
all	49	17001	1600000	0.0106256
all	50	17503	1600000	0.0109394
all	51	16272	1600000	0.0101700
all	52	17444	1600000	0.0109025
all	53	16443	1600000	0.0102769
all	54	16421	1600000	0.0102631
all	55	15889	1600000	0.0099306
all	56	15235	1600000	0.0095219
all	57	15579	1600000	0.0097369
all	58	13940	1600000	0.0087125
all	59	13717	1600000	0.0085731
all	60	13888	1600000	0.0086800
all	61	13619	1600000	0.0085119
all	62	13646	1600000	0.0085288
all	63	12214	1600000	0.0076337
all	64	12748	1600000	0.0079675
all	65	12476	1600000	0.0077975
all	66	12574	1600000	0.0078588
all	67	12116	1600000	0.0075725
all	68	10681	1600000	0.0066756
all	69	11138	1600000	0.0069613
all	70	10172	1600000	0.0063575
all	71	10484	1600000	0.0065525
all	72	10073	1600000	0.0062956
all	73	10230	1600000	0.0063938
all	74	10337	1600000	0.0064606
all	75	9019	1600000	0.0056369
all	76	9149	1600000	0.0057181
all	77	9387	1600000	0.0058669
all	78	9205	1600000	0.0057531
all	79	8073	1600000	0.0050456
all	80	8179	1600000	0.0051119
all	81	7955	1600000	0.0049719
all	82	7829	1600000	0.0048931
all	83	7717	1600000	0.0048231
all	84	7266	1600000	0.0045412
all	85	7302	1600000	0.0045637
all	86	6909	1600000	0.0043181
all	87	6791	1600000	0.0042444
all	88	6137	1600000	0.0038356
all	89	6301	1600000	0.0039381
all	90	6242	1600000	0.0039012
all	91	5755	1600000	0.0035969
all	92	5550	1600000	0.0034688
all	93	5588	1600000	0.0034925
all	94	5166	1600000	0.0032288
all	95	5435	1600000	0.0033969
all	96	5052	1600000	0.0031575
all	97	5160	1600000	0.0032250
all	98	5053	1600000	0.0031581
all	99	5003	1600000	0.0031269
all	100	5006	1600000	0.0031288
all	101	4415	1600000	0.0027594
all	102	4354	1600000	0.0027213
all	103	4485	1600000	0.0028031
all	104	4488	1600000	0.0028050
all	105	4077	1600000	0.0025481
all	106	3748	1600000	0.0023425
all	107	4213	1600000	0.0026331
all	108	3921	1600000	0.0024506
all	109	3713	1600000	0.0023206
all	110	3592	1600000	0.0022450
all	111	3278	1600000	0.0020487
all	112	3506	1600000	0.0021912
all	113	3429	1600000	0.0021431
all	114	3229	1600000	0.0020181
all	115	3365	1600000	0.0021031
all	116	3008	1600000	0.0018800
all	117	2801	1600000	0.0017506
all	118	2747	1600000	0.0017169
all	119	2890	1600000	0.0018062
all	120	2603	1600000	0.0016269
all	121	2707	1600000	0.0016919
all	122	2615	1600000	0.0016344
all	123	2520	1600000	0.0015750
all	124	2396	1600000	0.0014975
all	125	2366	1600000	0.0014788
all	126	1958	1600000	0.0012237
all	127	2166	1600000	0.0013538
all	128	2328	1600000	0.0014550
all	129	1950	1600000	0.0012188
all	130	2181	1600000	0.0013631
all	131	1930	1600000	0.0012063
all	132	1997	1600000	0.0012481
all	133	1783	1600000	0.0011144
all	134	1640	1600000	0.0010250
all	135	1610	1600000	0.0010063
all	136	1721	1600000	0.0010756
all	137	1933	1600000	0.0012081
all	138	1824	1600000	0.0011400
all	139	2024	1600000	0.0012650
all	140	1895	1600000	0.0011844
all	141	1645	1600000	0.0010281
all	142	1463	1600000	0.0009144
all	143	1502	1600000	0.0009387
all	144	1499	1600000	0.0009369
all	145	1411	1600000	0.0008819
all	146	1536	1600000	0.0009600
all	147	1435	1600000	0.0008969
all	148	1581	1600000	0.0009881
all	149	1428	1600000	0.0008925
all	150	1568	1600000	0.0009800
all	151	1319	1600000	0.0008244
all	152	1299	1600000	0.0008119
all	153	1301	1600000	0.0008131
all	154	1176	1600000	0.0007350
all	155	1196	1600000	0.0007475
all	156	1287	1600000	0.0008044
all	157	1120	1600000	0.0007000
all	158	1050	1600000	0.0006562
all	159	1128	1600000	0.0007050
all	160	1108	1600000	0.0006925
all	161	923	1600000	0.0005769
all	162	956	1600000	0.0005975
all	163	973	1600000	0.0006081
all	164	929	1600000	0.0005806
all	165	958	1600000	0.0005988
all	166	852	1600000	0.0005325
all	167	749	1600000	0.0004681
all	168	927	1600000	0.0005794
all	169	859	1600000	0.0005369
all	170	791	1600000	0.0004944
all	171	656	1600000	0.0004100
all	172	667	1600000	0.0004169
all	173	777	1600000	0.0004856
all	174	754	1600000	0.0004713
all	175	786	1600000	0.0004913
all	176	734	1600000	0.0004588
all	177	839	1600000	0.0005244
all	178	817	1600000	0.0005106
all	179	613	1600000	0.0003831
all	180	767	1600000	0.0004794
all	181	697	1600000	0.0004356
all	182	658	1600000	0.0004112
all	183	677	1600000	0.0004231
all	184	728	1600000	0.0004550
all	185	695	1600000	0.0004344
all	186	571	1600000	0.0003569
all	187	608	1600000	0.0003800
all	188	647	1600000	0.0004044
all	189	573	1600000	0.0003581
all	190	429	1600000	0.0002681
all	191	517	1600000	0.0003231
all	192	472	1600000	0.0002950
all	193	531	1600000	0.0003319
all	194	374	1600000	0.0002338
all	195	475	1600000	0.0002969
all	196	423	1600000	0.0002644
all	197	449	1600000	0.0002806
all	198	504	1600000	0.0003150
all	199	395	1600000	0.0002469
all	200	326	1600000	0.0002037
all	201	438	1600000	0.0002737
all	202	498	1600000	0.0003113
all	203	457	1600000	0.0002856
all	204	390	1600000	0.0002437
all	205	405	1600000	0.0002531
all	206	448	1600000	0.0002800
all	207	345	1600000	0.0002156
all	208	397	1600000	0.0002481
all	209	278	1600000	0.0001737
all	210	351	1600000	0.0002194
all	211	265	1600000	0.0001656
all	212	297	1600000	0.0001856
all	213	294	1600000	0.0001838
all	214	262	1600000	0.0001637
all	215	302	1600000	0.0001887
all	216	244	1600000	0.0001525
all	217	278	1600000	0.0001737
all	218	370	1600000	0.0002313
all	219	307	1600000	0.0001919
all	220	330	1600000	0.0002062
all	221	231	1600000	0.0001444
all	222	338	1600000	0.0002112
all	223	315	1600000	0.0001969
all	224	238	1600000	0.0001487
all	225	188	1600000	0.0001175
all	226	266	1600000	0.0001662
all	227	204	1600000	0.0001275
all	228	260	1600000	0.0001625
all	229	246	1600000	0.0001538
all	230	217	1600000	0.0001356
all	231	159	1600000	0.0000994
all	232	223	1600000	0.0001394
all	233	214	1600000	0.0001337
all	234	137	1600000	0.0000856
all	235	180	1600000	0.0001125
all	236	167	1600000	0.0001044
all	237	218	1600000	0.0001363
all	238	162	1600000	0.0001012
all	239	240	1600000	0.0001500
all	240	236	1600000	0.0001475
all	241	253	1600000	0.0001581
all	242	182	1600000	0.0001138
all	243	210	1600000	0.0001312
all	244	220	1600000	0.0001375
all	245	199	1600000	0.0001244
all	246	294	1600000	0.0001838
all	247	322	1600000	0.0002013
all	248	214	1600000	0.0001337
all	249	304	1600000	0.0001900
all	250	253	1600000	0.0001581
all	251	212	1600000	0.0001325
all	252	238	1600000	0.0001487
all	253	241	1600000	0.0001506
all	254	188	1600000	0.0001175
all	255	153	1600000	0.0000956
all	256	262	1600000	0.0001637
all	257	179	1600000	0.0001119
all	258	137	1600000	0.0000856
all	259	180	1600000	0.0001125
all	260	177	1600000	0.0001106
all	261	245	1600000	0.0001531
all	262	157	1600000	0.0000981
all	263	138	1600000	0.0000863
all	264	105	1600000	0.0000656
all	265	161	1600000	0.0001006
all	266	118	1600000	0.0000738
all	267	179	1600000	0.0001119
all	268	121	1600000	0.0000756
all	269	132	1600000	0.0000825
all	270	149	1600000	0.0000931
all	271	96	1600000	0.0000600
all	272	105	1600000	0.0000656
all	273	153	1600000	0.0000956
all	274	104	1600000	0.0000650
all	275	82	1600000	0.0000513
all	276	109	1600000	0.0000681
all	277	141	1600000	0.0000881
all	278	112	1600000	0.0000700
all	279	59	1600000	0.0000369
all	280	87	1600000	0.0000544
all	281	90	1600000	0.0000562
all	282	114	1600000	0.0000712
all	283	102	1600000	0.0000637
all	284	85	1600000	0.0000531
all	285	113	1600000	0.0000706
all	286	118	1600000	0.0000738
all	287	77	1600000	0.0000481
all	288	85	1600000	0.0000531
all	289	186	1600000	0.0001162
all	290	132	1600000	0.0000825
all	291	79	1600000	0.0000494
all	292	75	1600000	0.0000469
all	293	84	1600000	0.0000525
all	294	92	1600000	0.0000575
all	295	108	1600000	0.0000675
all	296	73	1600000	0.0000456
all	297	126	1600000	0.0000788
all	298	56	1600000	0.0000350
all	299	52	1600000	0.0000325
all	300	70	1600000	0.0000437
all	301	87	1600000	0.0000544
all	302	80	1600000	0.0000500
all	303	70	1600000	0.0000437
all	304	73	1600000	0.0000456
all	305	85	1600000	0.0000531
all	306	49	1600000	0.0000306
all	307	71	1600000	0.0000444
all	308	46	1600000	0.0000288
all	309	41	1600000	0.0000256
all	310	50	1600000	0.0000313
all	311	64	1600000	0.0000400
all	312	120	1600000	0.0000750
all	313	96	1600000	0.0000600
all	314	92	1600000	0.0000575
all	315	68	1600000	0.0000425
all	316	60	1600000	0.0000375
all	317	86	1600000	0.0000537
all	318	68	1600000	0.0000425
all	319	33	1600000	0.0000206
all	320	77	1600000	0.0000481
all	321	52	1600000	0.0000325
all	322	43	1600000	0.0000269
all	323	71	1600000	0.0000444
all	324	52	1600000	0.0000325
all	325	66	1600000	0.0000413
all	326	36	1600000	0.0000225
all	327	29	1600000	0.0000181
all	328	38	1600000	0.0000238
all	329	37	1600000	0.0000231
all	330	94	1600000	0.0000587
all	331	40	1600000	0.0000250
all	332	51	1600000	0.0000319
all	333	28	1600000	0.0000175
all	334	70	1600000	0.0000437
all	335	44	1600000	0.0000275
all	336	50	1600000	0.0000313
all	337	54	1600000	0.0000337
all	338	46	1600000	0.0000288
all	339	49	1600000	0.0000306
all	340	33	1600000	0.0000206
all	341	58	1600000	0.0000362
all	342	61	1600000	0.0000381
all	343	38	1600000	0.0000238
all	344	31	1600000	0.0000194
all	345	40	1600000	0.0000250
all	346	41	1600000	0.0000256
all	347	40	1600000	0.0000250
all	348	46	1600000	0.0000288
all	349	45	1600000	0.0000281
all	350	43	1600000	0.0000269
all	351	49	1600000	0.0000306
all	352	56	1600000	0.0000350
all	353	68	1600000	0.0000425
all	354	44	1600000	0.0000275
all	355	34	1600000	0.0000212
all	356	30	1600000	0.0000188
all	357	51	1600000	0.0000319
all	358	42	1600000	0.0000262
all	359	34	1600000	0.0000212
all	360	31	1600000	0.0000194
all	361	35	1600000	0.0000219
all	362	31	1600000	0.0000194
all	363	36	1600000	0.0000225
all	364	36	1600000	0.0000225
all	365	37	1600000	0.0000231
all	366	40	1600000	0.0000250
all	367	28	1600000	0.0000175
all	368	22	1600000	0.0000138
all	369	62	1600000	0.0000388
all	370	32	1600000	0.0000200
all	371	31	1600000	0.0000194
all	372	49	1600000	0.0000306
all	373	60	1600000	0.0000375
all	374	33	1600000	0.0000206
all	375	23	1600000	0.0000144
all	376	27	1600000	0.0000169
all	377	25	1600000	0.0000156
all	378	14	1600000	0.0000088
all	379	30	1600000	0.0000188
all	380	29	1600000	0.0000181
all	381	34	1600000	0.0000212
all	382	57	1600000	0.0000356
all	383	32	1600000	0.0000200
all	384	16	1600000	0.0000100
all	385	9	1600000	0.0000056
all	386	15	1600000	0.0000094
all	387	41	1600000	0.0000256
all	388	25	1600000	0.0000156
all	389	19	1600000	0.0000119
all	390	17	1600000	0.0000106
all	391	40	1600000	0.0000250
all	392	14	1600000	0.0000088
all	393	20	1600000	0.0000125
all	394	18	1600000	0.0000113
all	395	18	1600000	0.0000113
all	396	20	1600000	0.0000125
all	397	18	1600000	0.0000113
all	398	20	1600000	0.0000125
all	399	4	1600000	0.0000025
all	400	14	1600000	0.0000088
all	401	7	1600000	0.0000044
all	402	11	1600000	0.0000069
all	403	21	1600000	0.0000131
all	404	9	1600000	0.0000056
all	405	10	1600000	0.0000062
all	406	19	1600000	0.0000119
all	407	40	1600000	0.0000250
all	408	3	1600000	0.0000019
all	409	8	1600000	0.0000050
all	410	10	1600000	0.0000062
all	411	24	1600000	0.0000150
all	412	9	1600000	0.0000056
all	413	7	1600000	0.0000044
all	414	13	1600000	0.0000081
all	415	13	1600000	0.0000081
all	416	11	1600000	0.0000069
all	417	16	1600000	0.0000100
all	418	10	1600000	0.0000062
all	419	18	1600000	0.0000113
all	420	13	1600000	0.0000081
all	421	17	1600000	0.0000106
all	422	19	1600000	0.0000119
all	423	10	1600000	0.0000062
all	424	6	1600000	0.0000037
all	425	8	1600000	0.0000050
all	426	12	1600000	0.0000075
all	427	10	1600000	0.0000062
all	428	5	1600000	0.0000031
all	429	6	1600000	0.0000037
all	430	12	1600000	0.0000075
all	431	24	1600000	0.0000150
all	432	16	1600000	0.0000100
all	433	4	1600000	0.0000025
all	434	7	1600000	0.0000044
all	435	10	1600000	0.0000062
all	436	6	1600000	0.0000037
all	437	5	1600000	0.0000031
all	438	3	1600000	0.0000019
all	439	15	1600000	0.0000094
all	440	25	1600000	0.0000156
all	441	15	1600000	0.0000094
all	442	13	1600000	0.0000081
all	443	9	1600000	0.0000056
all	444	15	1600000	0.0000094
all	445	2	1600000	0.0000012
all	446	12	1600000	0.0000075
all	447	8	1600000	0.0000050
all	448	23	1600000	0.0000144
all	449	9	1600000	0.0000056
all	450	19	1600000	0.0000119
all	451	14	1600000	0.0000088
all	452	10	1600000	0.0000062
all	453	38	1600000	0.0000238
all	454	9	1600000	0.0000056
all	455	9	1600000	0.0000056
all	456	12	1600000	0.0000075
all	457	8	1600000	0.0000050
all	458	23	1600000	0.0000144
all	459	7	1600000	0.0000044
all	460	17	1600000	0.0000106
all	461	27	1600000	0.0000169
all	462	16	1600000	0.0000100
all	463	29	1600000	0.0000181
all	464	36	1600000	0.0000225
all	465	8	1600000	0.0000050
all	466	6	1600000	0.0000037
all	467	15	1600000	0.0000094
all	468	7	1600000	0.0000044
all	469	12	1600000	0.0000075
all	470	8	1600000	0.0000050
all	471	8	1600000	0.0000050
all	472	19	1600000	0.0000119
all	473	11	1600000	0.0000069
all	474	28	1600000	0.0000175
all	475	14	1600000	0.0000088
all	476	26	1600000	0.0000163
all	477	4	1600000	0.0000025
all	478	13	1600000	0.0000081
all	479	5	1600000	0.0000031
all	480	19	1600000	0.0000119
all	481	6	1600000	0.0000037
all	482	5	1600000	0.0000031
all	483	4	1600000	0.0000025
all	484	25	1600000	0.0000156
all	485	3	1600000	0.0000019
all	486	8	1600000	0.0000050
all	488	33	1600000	0.0000206
all	489	14	1600000	0.0000088
all	491	1	1600000	0.0000006
all	492	5	1600000	0.0000031
all	493	2	1600000	0.0000012
all	494	1	1600000	0.0000006
all	495	3	1600000	0.0000019
all	496	4	1600000	0.0000025
all	498	2	1600000	0.0000012
all	499	1	1600000	0.0000006
all	500	1	1600000	0.0000006
all	501	1	1600000	0.0000006
all	502	2	1600000	0.0000012
all	503	3	1600000	0.0000019
all	504	10	1600000	0.0000062
all	505	10	1600000	0.0000062
all	506	2	1600000	0.0000012
all	507	11	1600000	0.0000069
all	509	5	1600000	0.0000031
all	510	4	1600000	0.0000025
all	511	8	1600000	0.0000050
all	512	5	1600000	0.0000031
all	514	14	1600000	0.0000088
all	515	12	1600000	0.0000075
all	516	4	1600000	0.0000025
all	517	1	1600000	0.0000006
all	519	1	1600000	0.0000006
all	522	1	1600000	0.0000006
all	523	20	1600000	0.0000125
all	524	3	1600000	0.0000019
all	525	10	1600000	0.0000062
all	526	13	1600000	0.0000081
all	530	3	1600000	0.0000019
all	531	7	1600000	0.0000044
all	532	14	1600000	0.0000088
all	533	9	1600000	0.0000056
all	535	5	1600000	0.0000031
all	536	5	1600000	0.0000031
all	537	3	1600000	0.0000019
all	538	11	1600000	0.0000069
all	539	4	1600000	0.0000025
all	540	2	1600000	0.0000012
all	541	2	1600000	0.0000012
all	542	3	1600000	0.0000019
all	543	7	1600000	0.0000044
all	544	4	1600000	0.0000025
all	545	21	1600000	0.0000131
all	546	2	1600000	0.0000012
all	547	2	1600000	0.0000012
all	548	6	1600000	0.0000037
all	549	2	1600000	0.0000012
all	551	4	1600000	0.0000025
all	552	1	1600000	0.0000006
all	553	8	1600000	0.0000050
all	554	6	1600000	0.0000037
all	555	2	1600000	0.0000012
all	556	4	1600000	0.0000025
all	557	1	1600000	0.0000006
all	558	1	1600000	0.0000006
all	559	4	1600000	0.0000025
all	560	1	1600000	0.0000006
all	563	4	1600000	0.0000025
all	564	13	1600000	0.0000081
all	565	1	1600000	0.0000006
all	566	6	1600000	0.0000037
all	567	2	1600000	0.0000012
all	568	1	1600000	0.0000006
all	569	6	1600000	0.0000037
all	570	4	1600000	0.0000025
all	571	6	1600000	0.0000037
all	573	3	1600000	0.0000019
all	576	5	1600000	0.0000031
all	577	3	1600000	0.0000019
all	579	7	1600000	0.0000044
all	580	3	1600000	0.0000019
all	581	1	1600000	0.0000006
all	582	1	1600000	0.0000006
all	583	1	1600000	0.0000006
all	585	4	1600000	0.0000025
all	586	1	1600000	0.0000006
all	587	1	1600000	0.0000006
all	588	1	1600000	0.0000006
all	590	2	1600000	0.0000012
all	591	1	1600000	0.0000006
all	592	2	1600000	0.0000012
all	596	4	1600000	0.0000025
all	597	4	1600000	0.0000025
all	598	2	1600000	0.0000012
all	600	1	1600000	0.0000006
all	601	1	1600000	0.0000006
all	602	2	1600000	0.0000012
all	603	1	1600000	0.0000006
all	609	2	1600000	0.0000012
all	611	1	1600000	0.0000006
all	612	2	1600000	0.0000012
all	613	2	1600000	0.0000012
all	614	6	1600000	0.0000037
all	615	12	1600000	0.0000075
all	616	4	1600000	0.0000025
all	617	3	1600000	0.0000019
all	618	6	1600000	0.0000037
all	619	11	1600000	0.0000069
all	620	12	1600000	0.0000075
all	621	1	1600000	0.0000006
all	624	3	1600000	0.0000019
all	626	1	1600000	0.0000006
all	627	2	1600000	0.0000012
all	629	5	1600000	0.0000031
all	631	4	1600000	0.0000025
all	632	1	1600000	0.0000006
all	633	2	1600000	0.0000012
all	634	4	1600000	0.0000025
all	635	8	1600000	0.0000050
all	636	30	1600000	0.0000188
all	637	2	1600000	0.0000012
all	639	3	1600000	0.0000019
all	640	6	1600000	0.0000037
all	641	2	1600000	0.0000012
all	644	1	1600000	0.0000006
all	645	1	1600000	0.0000006
all	646	1	1600000	0.0000006
all	647	3	1600000	0.0000019
all	652	5	1600000	0.0000031
all	653	5	1600000	0.0000031
all	658	2	1600000	0.0000012
all	659	3	1600000	0.0000019
all	663	1	1600000	0.0000006
all	665	1	1600000	0.0000006
all	667	2	1600000	0.0000012
all	668	2	1600000	0.0000012
all	670	1	1600000	0.0000006
all	671	1	1600000	0.0000006
all	672	2	1600000	0.0000012
all	674	1	1600000	0.0000006
all	675	1	1600000	0.0000006
all	676	2	1600000	0.0000012
all	677	1	1600000	0.0000006
all	678	4	1600000	0.0000025
all	679	4	1600000	0.0000025
all	680	1	1600000	0.0000006
all	681	2	1600000	0.0000012
all	682	2	1600000	0.0000012
all	683	1	1600000	0.0000006
all	684	2	1600000	0.0000012
all	685	1	1600000	0.0000006
all	686	5	1600000	0.0000031
all	687	2	1600000	0.0000012
all	688	1	1600000	0.0000006
all	689	1	1600000	0.0000006
all	690	1	1600000	0.0000006
all	691	4	1600000	0.0000025
all	692	1	1600000	0.0000006
all	695	2	1600000	0.0000012
all	703	1	1600000	0.0000006
all	713	2	1600000	0.0000012
all	715	1	1600000	0.0000006
all	724	2	1600000	0.0000012
all	727	2	1600000	0.0000012
all	728	2	1600000	0.0000012
all	729	4	1600000	0.0000025
all	730	2	1600000	0.0000012
all	731	1	1600000	0.0000006
all	732	4	1600000	0.0000025
all	734	2	1600000	0.0000012
all	736	1	1600000	0.0000006
all	737	1	1600000	0.0000006
all	739	1	1600000	0.0000006
all	740	2	1600000	0.0000012
all	741	4	1600000	0.0000025
all	743	4	1600000	0.0000025
all	744	6	1600000	0.0000037
all	745	4	1600000	0.0000025
all	746	8	1600000	0.0000050
all	747	4	1600000	0.0000025
all	748	4	1600000	0.0000025
all	750	2	1600000	0.0000012
all	754	6	1600000	0.0000037
all	755	2	1600000	0.0000012
all	760	2	1600000	0.0000012
all	761	1	1600000	0.0000006
all	765	1	1600000	0.0000006
all	769	2	1600000	0.0000012
all	770	4	1600000	0.0000025
all	771	4	1600000	0.0000025
all	772	1	1600000	0.0000006
all	773	1	1600000	0.0000006
all	776	1	1600000	0.0000006
