all	0	10783	1600000	0.0067394
all	1	3518	1600000	0.0021987
all	2	5102	1600000	0.0031888
all	3	5584	1600000	0.0034900
all	4	5511	1600000	0.0034444
all	5	6616	1600000	0.0041350
all	6	6552	1600000	0.0040950
all	7	8978	1600000	0.0056113
all	8	10074	1600000	0.0062963
all	9	11137	1600000	0.0069606
all	10	10247	1600000	0.0064044
all	11	11910	1600000	0.0074437
all	12	13129	1600000	0.0082056
all	13	14676	1600000	0.0091725
all	14	14519	1600000	0.0090744
all	15	15150	1600000	0.0094688
all	16	16189	1600000	0.0101181
all	17	17241	1600000	0.0107756
all	18	17455	1600000	0.0109094
all	19	18029	1600000	0.0112681
all	20	19877	1600000	0.0124231
all	21	19161	1600000	0.0119756
all	22	19769	1600000	0.0123556
all	23	21103	1600000	0.0131894
all	24	22174	1600000	0.0138588
all	25	24215	1600000	0.0151344
all	26	22160	1600000	0.0138500
all	27	23441	1600000	0.0146506
all	28	24315	1600000	0.0151969
all	29	23958	1600000	0.0149738
all	30	25711	1600000	0.0160694
all	31	24644	1600000	0.0154025
all	32	22902	1600000	0.0143137
all	33	24906	1600000	0.0155663
all	34	24109	1600000	0.0150681
all	35	23442	1600000	0.0146513
all	36	22823	1600000	0.0142644
all	37	23829	1600000	0.0148931
all	38	23063	1600000	0.0144144
all	39	23268	1600000	0.0145425
all	40	23247	1600000	0.0145294
all	41	24962	1600000	0.0156013
all	42	23934	1600000	0.0149588
all	43	22404	1600000	0.0140025
all	44	22468	1600000	0.0140425
all	45	22351	1600000	0.0139694
all	46	22629	1600000	0.0141431
all	47	22353	1600000	0.0139706
all	48	20900	1600000	0.0130625
all	49	18807	1600000	0.0117544
all	50	20731	1600000	0.0129569
all	51	20698	1600000	0.0129363
all	52	19600	1600000	0.0122500
all	53	19434	1600000	0.0121463
all	54	18302	1600000	0.0114387
all	55	18134	1600000	0.0113337
all	56	18194	1600000	0.0113713
all	57	16895	1600000	0.0105594
all	58	16787	1600000	0.0104919
all	59	16450	1600000	0.0102812
all	60	16160	1600000	0.0101000
all	61	14361	1600000	0.0089756
all	62	14360	1600000	0.0089750
all	63	13438	1600000	0.0083987
all	64	13949	1600000	0.0087181
all	65	13596	1600000	0.0084975
all	66	12909	1600000	0.0080681
all	67	12652	1600000	0.0079075
all	68	11462	1600000	0.0071638
all	69	11435	1600000	0.0071469
all	70	10766	1600000	0.0067288
all	71	11195	1600000	0.0069969
all	72	10456	1600000	0.0065350
all	73	11114	1600000	0.0069462
all	74	9454	1600000	0.0059087
all	75	9386	1600000	0.0058663
all	76	9423	1600000	0.0058894
all	77	8075	1600000	0.0050469
all	78	7966	1600000	0.0049787
all	79	7534	1600000	0.0047088
all	80	7284	1600000	0.0045525
all	81	7142	1600000	0.0044637
all	82	6885	1600000	0.0043031
all	83	6967	1600000	0.0043544
all	84	7059	1600000	0.0044119
all	85	6468	1600000	0.0040425
all	86	6608	1600000	0.0041300
all	87	6319	1600000	0.0039494
all	88	5974	1600000	0.0037337
all	89	5279	1600000	0.0032994
all	90	5437	1600000	0.0033981
all	91	5709	1600000	0.0035681
all	92	5235	1600000	0.0032719
all	93	5283	1600000	0.0033019
all	94	5278	1600000	0.0032987
all	95	5055	1600000	0.0031594
all	96	4841	1600000	0.0030256
all	97	4602	1600000	0.0028763
all	98	4397	1600000	0.0027481
all	99	3892	1600000	0.0024325
all	100	3986	1600000	0.0024912
all	101	4208	1600000	0.0026300
all	102	3999	1600000	0.0024994
all	103	3792	1600000	0.0023700
all	104	3933	1600000	0.0024581
all	105	3582	1600000	0.0022387
all	106	3370	1600000	0.0021063
all	107	3397	1600000	0.0021231
all	108	3216	1600000	0.0020100
all	109	3385	1600000	0.0021156
all	110	3164	1600000	0.0019775
all	111	3337	1600000	0.0020856
all	112	2900	1600000	0.0018125
all	113	2469	1600000	0.0015431
all	114	2818	1600000	0.0017612
all	115	2811	1600000	0.0017569
all	116	2367	1600000	0.0014794
all	117	2537	1600000	0.0015856
all	118	2274	1600000	0.0014213
all	119	2166	1600000	0.0013538
all	120	2266	1600000	0.0014163
all	121	2075	1600000	0.0012969
all	122	2229	1600000	0.0013931
all	123	2045	1600000	0.0012781
all	124	1895	1600000	0.0011844
all	125	2093	1600000	0.0013081
all	126	2102	1600000	0.0013138
all	127	2072	1600000	0.0012950
all	128	1979	1600000	0.0012369
all	129	1610	1600000	0.0010063
all	130	1629	1600000	0.0010181
all	131	1751	1600000	0.0010944
all	132	1756	1600000	0.0010975
all	133	1827	1600000	0.0011419
all	134	1575	1600000	0.0009844
all	135	1496	1600000	0.0009350
all	136	1587	1600000	0.0009919
all	137	1404	1600000	0.0008775
all	138	1339	1600000	0.0008369
all	139	1479	1600000	0.0009244
all	140	1553	1600000	0.0009706
all	141	1447	1600000	0.0009044
all	142	1168	1600000	0.0007300
all	143	1209	1600000	0.0007556
all	144	1131	1600000	0.0007069
all	145	1124	1600000	0.0007025
all	146	1181	1600000	0.0007381
all	147	1066	1600000	0.0006663
all	148	1018	1600000	0.0006363
all	149	1240	1600000	0.0007750
all	150	1050	1600000	0.0006562
all	151	1051	1600000	0.0006569
all	152	914	1600000	0.0005712
all	153	990	1600000	0.0006187
all	154	1037	1600000	0.0006481
all	155	978	1600000	0.0006112
all	156	1017	1600000	0.0006356
all	157	1062	1600000	0.0006637
all	158	991	1600000	0.0006194
all	159	809	1600000	0.0005056
all	160	699	1600000	0.0004369
all	161	784	1600000	0.0004900
all	162	744	1600000	0.0004650
all	163	881	1600000	0.0005506
all	164	802	1600000	0.0005012
all	165	885	1600000	0.0005531
all	166	901	1600000	0.0005631
all	167	772	1600000	0.0004825
all	168	801	1600000	0.0005006
all	169	729	1600000	0.0004556
all	170	638	1600000	0.0003988
all	171	670	1600000	0.0004187
all	172	805	1600000	0.0005031
all	173	660	1600000	0.0004125
all	174	579	1600000	0.0003619
all	175	505	1600000	0.0003156
all	176	422	1600000	0.0002638
all	177	532	1600000	0.0003325
all	178	546	1600000	0.0003413
all	179	559	1600000	0.0003494
all	180	530	1600000	0.0003312
all	181	615	1600000	0.0003844
all	182	490	1600000	0.0003063
all	183	505	1600000	0.0003156
all	184	514	1600000	0.0003213
all	185	476	1600000	0.0002975
all	186	668	1600000	0.0004175
all	187	618	1600000	0.0003863
all	188	459	1600000	0.0002869
all	189	479	1600000	0.0002994
all	190	534	1600000	0.0003338
all	191	601	1600000	0.0003756
all	192	587	1600000	0.0003669
all	193	318	1600000	0.0001987
all	194	319	1600000	0.0001994
all	195	376	1600000	0.0002350
all	196	350	1600000	0.0002188
all	197	330	1600000	0.0002062
all	198	340	1600000	0.0002125
all	199	394	1600000	0.0002463
all	200	334	1600000	0.0002088
all	201	334	1600000	0.0002088
all	202	363	1600000	0.0002269
all	203	335	1600000	0.0002094
all	204	332	1600000	0.0002075
all	205	319	1600000	0.0001994
all	206	333	1600000	0.0002081
all	207	302	1600000	0.0001887
all	208	319	1600000	0.0001994
all	209	209	1600000	0.0001306
all	210	242	1600000	0.0001513
all	211	289	1600000	0.0001806
all	212	271	1600000	0.0001694
all	213	332	1600000	0.0002075
all	214	204	1600000	0.0001275
all	215	225	1600000	0.0001406
all	216	212	1600000	0.0001325
all	217	166	1600000	0.0001037
all	218	185	1600000	0.0001156
all	219	202	1600000	0.0001263
all	220	229	1600000	0.0001431
all	221	303	1600000	0.0001894
all	222	207	1600000	0.0001294
all	223	260	1600000	0.0001625
all	224	236	1600000	0.0001475
all	225	260	1600000	0.0001625
all	226	179	1600000	0.0001119
all	227	184	1600000	0.0001150
all	228	211	1600000	0.0001319
all	229	153	1600000	0.0000956
all	230	146	1600000	0.0000913
all	231	197	1600000	0.0001231
all	232	183	1600000	0.0001144
all	233	194	1600000	0.0001212
all	234	153	1600000	0.0000956
all	235	181	1600000	0.0001131
all	236	161	1600000	0.0001006
all	237	119	1600000	0.0000744
all	238	122	1600000	0.0000762
all	239	121	1600000	0.0000756
all	240	114	1600000	0.0000712
all	241	102	1600000	0.0000637
all	242	130	1600000	0.0000813
all	243	127	1600000	0.0000794
all	244	138	1600000	0.0000863
all	245	139	1600000	0.0000869
all	246	148	1600000	0.0000925
all	247	147	1600000	0.0000919
all	248	150	1600000	0.0000938
all	249	99	1600000	0.0000619
all	250	151	1600000	0.0000944
all	251	126	1600000	0.0000788
all	252	99	1600000	0.0000619
all	253	104	1600000	0.0000650
all	254	90	1600000	0.0000562
all	255	111	1600000	0.0000694
all	256	113	1600000	0.0000706
all	257	87	1600000	0.0000544
all	258	113	1600000	0.0000706
all	259	83	1600000	0.0000519
all	260	110	1600000	0.0000687
all	261	99	1600000	0.0000619
all	262	128	1600000	0.0000800
all	263	111	1600000	0.0000694
all	264	173	1600000	0.0001081
all	265	86	1600000	0.0000537
all	266	80	1600000	0.0000500
all	267	80	1600000	0.0000500
all	268	123	1600000	0.0000769
all	269	73	1600000	0.0000456
all	270	100	1600000	0.0000625
all	271	99	1600000	0.0000619
all	272	64	1600000	0.0000400
all	273	57	1600000	0.0000356
all	274	128	1600000	0.0000800
all	275	86	1600000	0.0000537
all	276	75	1600000	0.0000469
all	277	103	1600000	0.0000644
all	278	36	1600000	0.0000225
all	279	67	1600000	0.0000419
all	280	113	1600000	0.0000706
all	281	58	1600000	0.0000362
all	282	57	1600000	0.0000356
all	283	44	1600000	0.0000275
all	284	84	1600000	0.0000525
all	285	55	1600000	0.0000344
all	286	40	1600000	0.0000250
all	287	83	1600000	0.0000519
all	288	63	1600000	0.0000394
all	289	77	1600000	0.0000481
all	290	66	1600000	0.0000413
all	291	30	1600000	0.0000188
all	292	67	1600000	0.0000419
all	293	48	1600000	0.0000300
all	294	82	1600000	0.0000513
all	295	78	1600000	0.0000488
all	296	65	1600000	0.0000406
all	297	90	1600000	0.0000562
all	298	41	1600000	0.0000256
all	299	60	1600000	0.0000375
all	300	31	1600000	0.0000194
all	301	30	1600000	0.0000188
all	302	65	1600000	0.0000406
all	303	80	1600000	0.0000500
all	304	28	1600000	0.0000175
all	305	60	1600000	0.0000375
all	306	64	1600000	0.0000400
all	307	68	1600000	0.0000425
all	308	56	1600000	0.0000350
all	309	48	1600000	0.0000300
all	310	52	1600000	0.0000325
all	311	59	1600000	0.0000369
all	312	64	1600000	0.0000400
all	313	74	1600000	0.0000462
all	314	48	1600000	0.0000300
all	315	51	1600000	0.0000319
all	316	67	1600000	0.0000419
all	317	54	1600000	0.0000337
all	318	32	1600000	0.0000200
all	319	42	1600000	0.0000262
all	320	43	1600000	0.0000269
all	321	47	1600000	0.0000294
all	322	36	1600000	0.0000225
all	323	21	1600000	0.0000131
all	324	51	1600000	0.0000319
all	325	50	1600000	0.0000313
all	326	33	1600000	0.0000206
all	327	20	1600000	0.0000125
all	328	31	1600000	0.0000194
all	329	15	1600000	0.0000094
all	330	14	1600000	0.0000088
all	331	19	1600000	0.0000119
all	332	89	1600000	0.0000556
all	333	35	1600000	0.0000219
all	334	73	1600000	0.0000456
all	335	44	1600000	0.0000275
all	336	32	1600000	0.0000200
all	337	30	1600000	0.0000188
all	338	41	1600000	0.0000256
all	339	20	1600000	0.0000125
all	340	11	1600000	0.0000069
all	341	13	1600000	0.0000081
all	342	16	1600000	0.0000100
all	343	27	1600000	0.0000169
all	344	16	1600000	0.0000100
all	345	28	1600000	0.0000175
all	346	30	1600000	0.0000188
all	347	3	1600000	0.0000019
all	348	9	1600000	0.0000056
all	349	34	1600000	0.0000212
all	350	10	1600000	0.0000062
all	351	13	1600000	0.0000081
all	352	9	1600000	0.0000056
all	353	36	1600000	0.0000225
all	354	15	1600000	0.0000094
all	355	19	1600000	0.0000119
all	356	21	1600000	0.0000131
all	357	26	1600000	0.0000163
all	358	12	1600000	0.0000075
all	359	9	1600000	0.0000056
all	360	33	1600000	0.0000206
all	361	11	1600000	0.0000069
all	362	49	1600000	0.0000306
all	363	13	1600000	0.0000081
all	364	14	1600000	0.0000088
all	365	13	1600000	0.0000081
all	366	9	1600000	0.0000056
all	367	9	1600000	0.0000056
all	368	19	1600000	0.0000119
all	369	8	1600000	0.0000050
all	370	25	1600000	0.0000156
all	371	6	1600000	0.0000037
all	372	7	1600000	0.0000044
all	373	16	1600000	0.0000100
all	374	9	1600000	0.0000056
all	375	23	1600000	0.0000144
all	376	7	1600000	0.0000044
all	377	4	1600000	0.0000025
all	378	6	1600000	0.0000037
all	379	10	1600000	0.0000062
all	380	11	1600000	0.0000069
all	381	4	1600000	0.0000025
all	383	9	1600000	0.0000056
all	384	10	1600000	0.0000062
all	385	14	1600000	0.0000088
all	386	14	1600000	0.0000088
all	387	11	1600000	0.0000069
all	388	12	1600000	0.0000075
all	389	24	1600000	0.0000150
all	390	18	1600000	0.0000113
all	391	8	1600000	0.0000050
all	392	14	1600000	0.0000088
all	393	13	1600000	0.0000081
all	394	17	1600000	0.0000106
all	395	10	1600000	0.0000062
all	396	11	1600000	0.0000069
all	397	7	1600000	0.0000044
all	398	8	1600000	0.0000050
all	399	10	1600000	0.0000062
all	400	10	1600000	0.0000062
all	401	17	1600000	0.0000106
all	402	4	1600000	0.0000025
all	403	7	1600000	0.0000044
all	404	6	1600000	0.0000037
all	405	10	1600000	0.0000062
all	406	15	1600000	0.0000094
all	407	19	1600000	0.0000119
all	408	7	1600000	0.0000044
all	409	6	1600000	0.0000037
all	410	4	1600000	0.0000025
all	411	6	1600000	0.0000037
all	412	13	1600000	0.0000081
all	413	6	1600000	0.0000037
all	414	5	1600000	0.0000031
all	415	20	1600000	0.0000125
all	416	8	1600000	0.0000050
all	417	19	1600000	0.0000119
all	418	14	1600000	0.0000088
all	419	12	1600000	0.0000075
all	420	12	1600000	0.0000075
all	421	7	1600000	0.0000044
all	422	31	1600000	0.0000194
all	423	8	1600000	0.0000050
all	424	3	1600000	0.0000019
all	425	9	1600000	0.0000056
all	426	11	1600000	0.0000069
all	427	22	1600000	0.0000138
all	428	17	1600000	0.0000106
all	429	22	1600000	0.0000138
all	430	5	1600000	0.0000031
all	431	8	1600000	0.0000050
all	432	7	1600000	0.0000044
all	433	7	1600000	0.0000044
all	434	18	1600000	0.0000113
all	435	3	1600000	0.0000019
all	436	4	1600000	0.0000025
all	437	5	1600000	0.0000031
all	438	6	1600000	0.0000037
all	439	8	1600000	0.0000050
all	440	6	1600000	0.0000037
all	442	3	1600000	0.0000019
all	443	1	1600000	0.0000006
all	444	3	1600000	0.0000019
all	445	4	1600000	0.0000025
all	446	5	1600000	0.0000031
all	447	3	1600000	0.0000019
all	448	3	1600000	0.0000019
all	450	2	1600000	0.0000012
all	451	8	1600000	0.0000050
all	453	3	1600000	0.0000019
all	456	2	1600000	0.0000012
all	457	2	1600000	0.0000012
all	458	2	1600000	0.0000012
all	461	3	1600000	0.0000019
all	462	1	1600000	0.0000006
all	463	1	1600000	0.0000006
all	464	1	1600000	0.0000006
all	465	4	1600000	0.0000025
all	466	1	1600000	0.0000006
all	467	1	1600000	0.0000006
all	468	1	1600000	0.0000006
all	469	12	1600000	0.0000075
all	470	7	1600000	0.0000044
all	471	13	1600000	0.0000081
all	472	2	1600000	0.0000012
all	473	2	1600000	0.0000012
all	474	4	1600000	0.0000025
all	475	2	1600000	0.0000012
all	476	2	1600000	0.0000012
all	477	2	1600000	0.0000012
all	478	2	1600000	0.0000012
all	479	2	1600000	0.0000012
all	480	5	1600000	0.0000031
all	481	7	1600000	0.0000044
all	482	3	1600000	0.0000019
all	483	2	1600000	0.0000012
all	484	5	1600000	0.0000031
all	485	10	1600000	0.0000062
all	486	11	1600000	0.0000069
all	487	7	1600000	0.0000044
all	488	30	1600000	0.0000188
all	489	9	1600000	0.0000056
all	490	2	1600000	0.0000012
all	491	3	1600000	0.0000019
all	492	3	1600000	0.0000019
all	493	3	1600000	0.0000019
all	494	5	1600000	0.0000031
all	495	8	1600000	0.0000050
all	496	6	1600000	0.0000037
all	497	4	1600000	0.0000025
all	499	5	1600000	0.0000031
all	500	8	1600000	0.0000050
all	501	1	1600000	0.0000006
all	502	4	1600000	0.0000025
all	503	3	1600000	0.0000019
all	504	5	1600000	0.0000031
all	505	3	1600000	0.0000019
all	506	8	1600000	0.0000050
all	507	23	1600000	0.0000144
all	508	2	1600000	0.0000012
all	509	8	1600000	0.0000050
all	510	22	1600000	0.0000138
all	511	4	1600000	0.0000025
all	512	2	1600000	0.0000012
all	513	6	1600000	0.0000037
all	514	5	1600000	0.0000031
all	515	15	1600000	0.0000094
all	516	6	1600000	0.0000037
all	517	3	1600000	0.0000019
all	518	6	1600000	0.0000037
all	519	3	1600000	0.0000019
all	520	2	1600000	0.0000012
all	521	10	1600000	0.0000062
all	522	1	1600000	0.0000006
all	524	1	1600000	0.0000006
all	525	11	1600000	0.0000069
all	526	9	1600000	0.0000056
all	527	1	1600000	0.0000006
all	528	2	1600000	0.0000012
all	529	8	1600000	0.0000050
all	530	6	1600000	0.0000037
all	531	1	1600000	0.0000006
all	532	5	1600000	0.0000031
all	533	7	1600000	0.0000044
all	534	2	1600000	0.0000012
all	535	7	1600000	0.0000044
all	536	5	1600000	0.0000031
all	537	4	1600000	0.0000025
all	538	2	1600000	0.0000012
all	539	5	1600000	0.0000031
all	540	2	1600000	0.0000012
all	541	6	1600000	0.0000037
all	542	2	1600000	0.0000012
all	543	8	1600000	0.0000050
all	544	3	1600000	0.0000019
all	546	2	1600000	0.0000012
all	547	2	1600000	0.0000012
all	548	2	1600000	0.0000012
all	550	3	1600000	0.0000019
all	551	3	1600000	0.0000019
all	554	5	1600000	0.0000031
all	555	1	1600000	0.0000006
all	556	2	1600000	0.0000012
all	557	3	1600000	0.0000019
all	558	4	1600000	0.0000025
all	559	6	1600000	0.0000037
all	560	2	1600000	0.0000012
all	561	1	1600000	0.0000006
all	564	1	1600000	0.0000006
all	570	1	1600000	0.0000006
all	577	1	1600000	0.0000006
all	583	14	1600000	0.0000088
all	587	1	1600000	0.0000006
all	589	1	1600000	0.0000006
all	591	1	1600000	0.0000006
all	592	1	1600000	0.0000006
all	593	1	1600000	0.0000006
all	595	3	1600000	0.0000019
all	596	12	1600000	0.0000075
all	598	4	1600000	0.0000025
all	599	3	1600000	0.0000019
all	600	4	1600000	0.0000025
all	604	1	1600000	0.0000006
all	605	1	1600000	0.0000006
all	606	2	1600000	0.0000012
all	608	3	1600000	0.0000019
all	609	2	1600000	0.0000012
all	611	1	1600000	0.0000006
all	613	11	1600000	0.0000069
all	616	1	1600000	0.0000006
all	617	3	1600000	0.0000019
all	618	8	1600000	0.0000050
all	619	2	1600000	0.0000012
all	620	1	1600000	0.0000006
all	622	8	1600000	0.0000050
all	623	25	1600000	0.0000156
all	624	10	1600000	0.0000062
all	627	4	1600000	0.0000025
all	632	8	1600000	0.0000050
all	633	2	1600000	0.0000012
all	634	22	1600000	0.0000138
all	636	2	1600000	0.0000012
all	638	2	1600000	0.0000012
all	640	2	1600000	0.0000012
all	646	2	1600000	0.0000012
all	657	1	1600000	0.0000006
all	679	1	1600000	0.0000006
all	692	1	1600000	0.0000006
all	699	1	1600000	0.0000006
all	702	1	1600000	0.0000006
all	704	2	1600000	0.0000012
all	705	5	1600000	0.0000031
