all	0	19424	1600000	0.0121400
all	1	6478	1600000	0.0040487
all	2	7519	1600000	0.0046994
all	3	8942	1600000	0.0055887
all	4	11216	1600000	0.0070100
all	5	10370	1600000	0.0064812
all	6	12115	1600000	0.0075719
all	7	13165	1600000	0.0082281
all	8	14578	1600000	0.0091112
all	9	14266	1600000	0.0089163
all	10	16582	1600000	0.0103638
all	11	16379	1600000	0.0102369
all	12	16678	1600000	0.0104237
all	13	17835	1600000	0.0111469
all	14	17449	1600000	0.0109056
all	15	18236	1600000	0.0113975
all	16	20149	1600000	0.0125931
all	17	20016	1600000	0.0125100
all	18	20565	1600000	0.0128531
all	19	19819	1600000	0.0123869
all	20	20695	1600000	0.0129344
all	21	19495	1600000	0.0121844
all	22	21036	1600000	0.0131475
all	23	19237	1600000	0.0120231
all	24	19704	1600000	0.0123150
all	25	19367	1600000	0.0121044
all	26	20263	1600000	0.0126644
all	27	20532	1600000	0.0128325
all	28	21958	1600000	0.0137237
all	29	19463	1600000	0.0121644
all	30	18788	1600000	0.0117425
all	31	20349	1600000	0.0127181
all	32	20592	1600000	0.0128700
all	33	20878	1600000	0.0130488
all	34	20610	1600000	0.0128813
all	35	20012	1600000	0.0125075
all	36	20327	1600000	0.0127044
all	37	19596	1600000	0.0122475
all	38	18989	1600000	0.0118681
all	39	18268	1600000	0.0114175
all	40	18465	1600000	0.0115406
all	41	18613	1600000	0.0116331
all	42	18825	1600000	0.0117656
all	43	18116	1600000	0.0113225
all	44	18089	1600000	0.0113056
all	45	17457	1600000	0.0109106
all	46	17060	1600000	0.0106625
all	47	17212	1600000	0.0107575
all	48	16464	1600000	0.0102900
all	49	16972	1600000	0.0106075
all	50	15911	1600000	0.0099444
all	51	15192	1600000	0.0094950
all	52	15308	1600000	0.0095675
all	53	15265	1600000	0.0095406
all	54	15024	1600000	0.0093900
all	55	14464	1600000	0.0090400
all	56	13827	1600000	0.0086419
all	57	13922	1600000	0.0087012
all	58	14324	1600000	0.0089525
all	59	13005	1600000	0.0081281
all	60	13364	1600000	0.0083525
all	61	12426	1600000	0.0077663
all	62	11663	1600000	0.0072894
all	63	11987	1600000	0.0074919
all	64	12016	1600000	0.0075100
all	65	12081	1600000	0.0075506
all	66	11859	1600000	0.0074119
all	67	11841	1600000	0.0074006
all	68	11109	1600000	0.0069431
all	69	10722	1600000	0.0067013
all	70	9665	1600000	0.0060406
all	71	10089	1600000	0.0063056
all	72	9640	1600000	0.0060250
all	73	9668	1600000	0.0060425
all	74	9729	1600000	0.0060806
all	75	9608	1600000	0.0060050
all	76	9573	1600000	0.0059831
all	77	9375	1600000	0.0058594
all	78	8783	1600000	0.0054894
all	79	8210	1600000	0.0051312
all	80	7820	1600000	0.0048875
all	81	8334	1600000	0.0052087
all	82	7829	1600000	0.0048931
all	83	7262	1600000	0.0045387
all	84	7209	1600000	0.0045056
all	85	7339	1600000	0.0045869
all	86	6911	1600000	0.0043194
all	87	6706	1600000	0.0041913
all	88	6982	1600000	0.0043638
all	89	6406	1600000	0.0040038
all	90	6412	1600000	0.0040075
all	91	6459	1600000	0.0040369
all	92	6625	1600000	0.0041406
all	93	6167	1600000	0.0038544
all	94	5431	1600000	0.0033944
all	95	5625	1600000	0.0035156
all	96	5024	1600000	0.0031400
all	97	5301	1600000	0.0033131
all	98	5422	1600000	0.0033887
all	99	5502	1600000	0.0034388
all	100	4807	1600000	0.0030044
all	101	4760	1600000	0.0029750
all	102	4846	1600000	0.0030287
all	103	4958	1600000	0.0030988
all	104	4772	1600000	0.0029825
all	105	4596	1600000	0.0028725
all	106	4499	1600000	0.0028119
all	107	4001	1600000	0.0025006
all	108	4264	1600000	0.0026650
all	109	3977	1600000	0.0024856
all	110	4059	1600000	0.0025369
all	111	4139	1600000	0.0025869
all	112	3854	1600000	0.0024087
all	113	3766	1600000	0.0023537
all	114	3476	1600000	0.0021725
all	115	3490	1600000	0.0021812
all	116	3328	1600000	0.0020800
all	117	2933	1600000	0.0018331
all	118	3206	1600000	0.0020038
all	119	2936	1600000	0.0018350
all	120	2860	1600000	0.0017875
all	121	2566	1600000	0.0016038
all	122	2901	1600000	0.0018131
all	123	2925	1600000	0.0018281
all	124	2782	1600000	0.0017388
all	125	2564	1600000	0.0016025
all	126	2280	1600000	0.0014250
all	127	2412	1600000	0.0015075
all	128	2322	1600000	0.0014513
all	129	2206	1600000	0.0013787
all	130	2120	1600000	0.0013250
all	131	2120	1600000	0.0013250
all	132	2226	1600000	0.0013913
all	133	2174	1600000	0.0013588
all	134	2234	1600000	0.0013962
all	135	1972	1600000	0.0012325
all	136	1971	1600000	0.0012319
all	137	2011	1600000	0.0012569
all	138	2030	1600000	0.0012688
all	139	2074	1600000	0.0012963
all	140	1745	1600000	0.0010906
all	141	1814	1600000	0.0011337
all	142	1845	1600000	0.0011531
all	143	1713	1600000	0.0010706
all	144	1728	1600000	0.0010800
all	145	1643	1600000	0.0010269
all	146	1536	1600000	0.0009600
all	147	1478	1600000	0.0009237
all	148	1366	1600000	0.0008537
all	149	1385	1600000	0.0008656
all	150	1498	1600000	0.0009363
all	151	1437	1600000	0.0008981
all	152	1368	1600000	0.0008550
all	153	1213	1600000	0.0007581
all	154	1083	1600000	0.0006769
all	155	1122	1600000	0.0007012
all	156	1200	1600000	0.0007500
all	157	1244	1600000	0.0007775
all	158	1110	1600000	0.0006937
all	159	1308	1600000	0.0008175
all	160	1021	1600000	0.0006381
all	161	1078	1600000	0.0006738
all	162	1130	1600000	0.0007063
all	163	1034	1600000	0.0006462
all	164	914	1600000	0.0005712
all	165	929	1600000	0.0005806
all	166	1097	1600000	0.0006856
all	167	1054	1600000	0.0006588
all	168	932	1600000	0.0005825
all	169	789	1600000	0.0004931
all	170	831	1600000	0.0005194
all	171	904	1600000	0.0005650
all	172	850	1600000	0.0005313
all	173	884	1600000	0.0005525
all	174	863	1600000	0.0005394
all	175	808	1600000	0.0005050
all	176	784	1600000	0.0004900
all	177	854	1600000	0.0005337
all	178	923	1600000	0.0005769
all	179	885	1600000	0.0005531
all	180	698	1600000	0.0004363
all	181	726	1600000	0.0004537
all	182	872	1600000	0.0005450
all	183	776	1600000	0.0004850
all	184	703	1600000	0.0004394
all	185	688	1600000	0.0004300
all	186	686	1600000	0.0004288
all	187	698	1600000	0.0004363
all	188	691	1600000	0.0004319
all	189	590	1600000	0.0003688
all	190	654	1600000	0.0004087
all	191	650	1600000	0.0004063
all	192	557	1600000	0.0003481
all	193	678	1600000	0.0004237
all	194	568	1600000	0.0003550
all	195	625	1600000	0.0003906
all	196	625	1600000	0.0003906
all	197	578	1600000	0.0003612
all	198	551	1600000	0.0003444
all	199	492	1600000	0.0003075
all	200	561	1600000	0.0003506
all	201	469	1600000	0.0002931
all	202	516	1600000	0.0003225
all	203	511	1600000	0.0003194
all	204	403	1600000	0.0002519
all	205	552	1600000	0.0003450
all	206	546	1600000	0.0003413
all	207	579	1600000	0.0003619
all	208	549	1600000	0.0003431
all	209	430	1600000	0.0002688
all	210	582	1600000	0.0003638
all	211	434	1600000	0.0002712
all	212	531	1600000	0.0003319
all	213	489	1600000	0.0003056
all	214	457	1600000	0.0002856
all	215	529	1600000	0.0003306
all	216	637	1600000	0.0003981
all	217	382	1600000	0.0002387
all	218	439	1600000	0.0002744
all	219	505	1600000	0.0003156
all	220	317	1600000	0.0001981
all	221	452	1600000	0.0002825
all	222	368	1600000	0.0002300
all	223	454	1600000	0.0002838
all	224	359	1600000	0.0002244
all	225	446	1600000	0.0002787
all	226	363	1600000	0.0002269
all	227	462	1600000	0.0002887
all	228	307	1600000	0.0001919
all	229	374	1600000	0.0002338
all	230	430	1600000	0.0002688
all	231	403	1600000	0.0002519
all	232	300	1600000	0.0001875
all	233	352	1600000	0.0002200
all	234	347	1600000	0.0002169
all	235	293	1600000	0.0001831
all	236	432	1600000	0.0002700
all	237	347	1600000	0.0002169
all	238	359	1600000	0.0002244
all	239	497	1600000	0.0003106
all	240	347	1600000	0.0002169
all	241	273	1600000	0.0001706
all	242	327	1600000	0.0002044
all	243	279	1600000	0.0001744
all	244	231	1600000	0.0001444
all	245	271	1600000	0.0001694
all	246	325	1600000	0.0002031
all	247	262	1600000	0.0001637
all	248	230	1600000	0.0001438
all	249	203	1600000	0.0001269
all	250	186	1600000	0.0001162
all	251	246	1600000	0.0001538
all	252	286	1600000	0.0001787
all	253	200	1600000	0.0001250
all	254	241	1600000	0.0001506
all	255	178	1600000	0.0001113
all	256	213	1600000	0.0001331
all	257	220	1600000	0.0001375
all	258	200	1600000	0.0001250
all	259	203	1600000	0.0001269
all	260	173	1600000	0.0001081
all	261	203	1600000	0.0001269
all	262	151	1600000	0.0000944
all	263	210	1600000	0.0001312
all	264	185	1600000	0.0001156
all	265	167	1600000	0.0001044
all	266	221	1600000	0.0001381
all	267	202	1600000	0.0001263
all	268	190	1600000	0.0001188
all	269	175	1600000	0.0001094
all	270	214	1600000	0.0001337
all	271	286	1600000	0.0001787
all	272	271	1600000	0.0001694
all	273	181	1600000	0.0001131
all	274	258	1600000	0.0001613
all	275	173	1600000	0.0001081
all	276	193	1600000	0.0001206
all	277	205	1600000	0.0001281
all	278	222	1600000	0.0001387
all	279	233	1600000	0.0001456
all	280	214	1600000	0.0001337
all	281	200	1600000	0.0001250
all	282	134	1600000	0.0000837
all	283	124	1600000	0.0000775
all	284	184	1600000	0.0001150
all	285	165	1600000	0.0001031
all	286	175	1600000	0.0001094
all	287	133	1600000	0.0000831
all	288	161	1600000	0.0001006
all	289	107	1600000	0.0000669
all	290	121	1600000	0.0000756
all	291	175	1600000	0.0001094
all	292	100	1600000	0.0000625
all	293	114	1600000	0.0000712
all	294	133	1600000	0.0000831
all	295	171	1600000	0.0001069
all	296	144	1600000	0.0000900
all	297	187	1600000	0.0001169
all	298	162	1600000	0.0001012
all	299	140	1600000	0.0000875
all	300	184	1600000	0.0001150
all	301	155	1600000	0.0000969
all	302	118	1600000	0.0000738
all	303	138	1600000	0.0000863
all	304	141	1600000	0.0000881
all	305	115	1600000	0.0000719
all	306	98	1600000	0.0000613
all	307	89	1600000	0.0000556
all	308	163	1600000	0.0001019
all	309	93	1600000	0.0000581
all	310	119	1600000	0.0000744
all	311	91	1600000	0.0000569
all	312	154	1600000	0.0000962
all	313	75	1600000	0.0000469
all	314	74	1600000	0.0000462
all	315	138	1600000	0.0000863
all	316	134	1600000	0.0000837
all	317	123	1600000	0.0000769
all	318	161	1600000	0.0001006
all	319	147	1600000	0.0000919
all	320	161	1600000	0.0001006
all	321	151	1600000	0.0000944
all	322	102	1600000	0.0000637
all	323	109	1600000	0.0000681
all	324	84	1600000	0.0000525
all	325	64	1600000	0.0000400
all	326	105	1600000	0.0000656
all	327	80	1600000	0.0000500
all	328	96	1600000	0.0000600
all	329	91	1600000	0.0000569
all	330	102	1600000	0.0000637
all	331	111	1600000	0.0000694
all	332	86	1600000	0.0000537
all	333	108	1600000	0.0000675
all	334	78	1600000	0.0000488
all	335	94	1600000	0.0000587
all	336	83	1600000	0.0000519
all	337	82	1600000	0.0000513
all	338	81	1600000	0.0000506
all	339	61	1600000	0.0000381
all	340	82	1600000	0.0000513
all	341	72	1600000	0.0000450
all	342	54	1600000	0.0000337
all	343	89	1600000	0.0000556
all	344	82	1600000	0.0000513
all	345	68	1600000	0.0000425
all	346	82	1600000	0.0000513
all	347	75	1600000	0.0000469
all	348	99	1600000	0.0000619
all	349	59	1600000	0.0000369
all	350	89	1600000	0.0000556
all	351	54	1600000	0.0000337
all	352	94	1600000	0.0000587
all	353	73	1600000	0.0000456
all	354	24	1600000	0.0000150
all	355	24	1600000	0.0000150
all	356	44	1600000	0.0000275
all	357	77	1600000	0.0000481
all	358	29	1600000	0.0000181
all	359	63	1600000	0.0000394
all	360	35	1600000	0.0000219
all	361	58	1600000	0.0000362
all	362	40	1600000	0.0000250
all	363	65	1600000	0.0000406
all	364	31	1600000	0.0000194
all	365	52	1600000	0.0000325
all	366	53	1600000	0.0000331
all	367	49	1600000	0.0000306
all	368	36	1600000	0.0000225
all	369	30	1600000	0.0000188
all	370	49	1600000	0.0000306
all	371	46	1600000	0.0000288
all	372	62	1600000	0.0000388
all	373	63	1600000	0.0000394
all	374	44	1600000	0.0000275
all	375	73	1600000	0.0000456
all	376	28	1600000	0.0000175
all	377	39	1600000	0.0000244
all	378	40	1600000	0.0000250
all	379	30	1600000	0.0000188
all	380	43	1600000	0.0000269
all	381	61	1600000	0.0000381
all	382	39	1600000	0.0000244
all	383	34	1600000	0.0000212
all	384	61	1600000	0.0000381
all	385	50	1600000	0.0000313
all	386	39	1600000	0.0000244
all	387	31	1600000	0.0000194
all	388	23	1600000	0.0000144
all	389	50	1600000	0.0000313
all	390	64	1600000	0.0000400
all	391	36	1600000	0.0000225
all	392	27	1600000	0.0000169
all	393	29	1600000	0.0000181
all	394	28	1600000	0.0000175
all	395	16	1600000	0.0000100
all	396	37	1600000	0.0000231
all	397	33	1600000	0.0000206
all	398	29	1600000	0.0000181
all	399	40	1600000	0.0000250
all	400	47	1600000	0.0000294
all	401	36	1600000	0.0000225
all	402	35	1600000	0.0000219
all	403	31	1600000	0.0000194
all	404	54	1600000	0.0000337
all	405	24	1600000	0.0000150
all	406	15	1600000	0.0000094
all	407	39	1600000	0.0000244
all	408	43	1600000	0.0000269
all	409	31	1600000	0.0000194
all	410	38	1600000	0.0000238
all	411	23	1600000	0.0000144
all	412	29	1600000	0.0000181
all	413	59	1600000	0.0000369
all	414	20	1600000	0.0000125
all	415	36	1600000	0.0000225
all	416	18	1600000	0.0000113
all	417	45	1600000	0.0000281
all	418	34	1600000	0.0000212
all	419	46	1600000	0.0000288
all	420	46	1600000	0.0000288
all	421	25	1600000	0.0000156
all	422	31	1600000	0.0000194
all	423	25	1600000	0.0000156
all	424	25	1600000	0.0000156
all	425	26	1600000	0.0000163
all	426	28	1600000	0.0000175
all	427	40	1600000	0.0000250
all	428	29	1600000	0.0000181
all	429	55	1600000	0.0000344
all	430	41	1600000	0.0000256
all	431	59	1600000	0.0000369
all	432	41	1600000	0.0000256
all	433	43	1600000	0.0000269
all	434	50	1600000	0.0000313
all	435	58	1600000	0.0000362
all	436	37	1600000	0.0000231
all	437	26	1600000	0.0000163
all	438	48	1600000	0.0000300
all	439	33	1600000	0.0000206
all	440	19	1600000	0.0000119
all	441	22	1600000	0.0000138
all	442	18	1600000	0.0000113
all	443	27	1600000	0.0000169
all	444	44	1600000	0.0000275
all	445	23	1600000	0.0000144
all	446	37	1600000	0.0000231
all	447	47	1600000	0.0000294
all	448	47	1600000	0.0000294
all	449	28	1600000	0.0000175
all	450	69	1600000	0.0000431
all	451	30	1600000	0.0000188
all	452	39	1600000	0.0000244
all	453	27	1600000	0.0000169
all	454	35	1600000	0.0000219
all	455	14	1600000	0.0000088
all	456	22	1600000	0.0000138
all	457	18	1600000	0.0000113
all	458	20	1600000	0.0000125
all	459	40	1600000	0.0000250
all	460	47	1600000	0.0000294
all	461	41	1600000	0.0000256
all	462	18	1600000	0.0000113
all	463	20	1600000	0.0000125
all	464	21	1600000	0.0000131
all	465	23	1600000	0.0000144
all	466	41	1600000	0.0000256
all	467	6	1600000	0.0000037
all	468	14	1600000	0.0000088
all	469	25	1600000	0.0000156
all	470	22	1600000	0.0000138
all	471	9	1600000	0.0000056
all	472	11	1600000	0.0000069
all	473	14	1600000	0.0000088
all	474	30	1600000	0.0000188
all	475	13	1600000	0.0000081
all	476	8	1600000	0.0000050
all	477	27	1600000	0.0000169
all	478	22	1600000	0.0000138
all	479	42	1600000	0.0000262
all	480	12	1600000	0.0000075
all	481	23	1600000	0.0000144
all	482	28	1600000	0.0000175
all	483	26	1600000	0.0000163
all	484	29	1600000	0.0000181
all	485	45	1600000	0.0000281
all	486	26	1600000	0.0000163
all	487	43	1600000	0.0000269
all	488	40	1600000	0.0000250
all	489	36	1600000	0.0000225
all	490	16	1600000	0.0000100
all	491	29	1600000	0.0000181
all	492	35	1600000	0.0000219
all	493	17	1600000	0.0000106
all	494	24	1600000	0.0000150
all	495	5	1600000	0.0000031
all	496	15	1600000	0.0000094
all	497	7	1600000	0.0000044
all	498	40	1600000	0.0000250
all	499	77	1600000	0.0000481
all	500	10	1600000	0.0000062
all	501	34	1600000	0.0000212
all	502	15	1600000	0.0000094
all	503	13	1600000	0.0000081
all	504	10	1600000	0.0000062
all	505	24	1600000	0.0000150
all	506	9	1600000	0.0000056
all	507	12	1600000	0.0000075
all	508	10	1600000	0.0000062
all	509	23	1600000	0.0000144
all	510	7	1600000	0.0000044
all	511	9	1600000	0.0000056
all	512	26	1600000	0.0000163
all	513	11	1600000	0.0000069
all	514	9	1600000	0.0000056
all	515	10	1600000	0.0000062
all	516	20	1600000	0.0000125
all	517	3	1600000	0.0000019
all	518	8	1600000	0.0000050
all	519	6	1600000	0.0000037
all	520	11	1600000	0.0000069
all	521	15	1600000	0.0000094
all	522	13	1600000	0.0000081
all	523	32	1600000	0.0000200
all	524	15	1600000	0.0000094
all	525	17	1600000	0.0000106
all	526	16	1600000	0.0000100
all	527	26	1600000	0.0000163
all	528	21	1600000	0.0000131
all	529	13	1600000	0.0000081
all	530	14	1600000	0.0000088
all	531	14	1600000	0.0000088
all	532	27	1600000	0.0000169
all	533	43	1600000	0.0000269
all	534	21	1600000	0.0000131
all	535	5	1600000	0.0000031
all	536	9	1600000	0.0000056
all	537	2	1600000	0.0000012
all	538	17	1600000	0.0000106
all	539	12	1600000	0.0000075
all	540	4	1600000	0.0000025
all	541	20	1600000	0.0000125
all	542	19	1600000	0.0000119
all	543	9	1600000	0.0000056
all	544	26	1600000	0.0000163
all	545	18	1600000	0.0000113
all	546	21	1600000	0.0000131
all	547	15	1600000	0.0000094
all	548	14	1600000	0.0000088
all	549	12	1600000	0.0000075
all	550	13	1600000	0.0000081
all	551	17	1600000	0.0000106
all	552	32	1600000	0.0000200
all	553	18	1600000	0.0000113
all	554	8	1600000	0.0000050
all	555	6	1600000	0.0000037
all	556	17	1600000	0.0000106
all	557	11	1600000	0.0000069
all	558	18	1600000	0.0000113
all	559	17	1600000	0.0000106
all	560	8	1600000	0.0000050
all	561	10	1600000	0.0000062
all	562	6	1600000	0.0000037
all	563	12	1600000	0.0000075
all	564	7	1600000	0.0000044
all	565	3	1600000	0.0000019
all	566	11	1600000	0.0000069
all	567	1	1600000	0.0000006
all	568	4	1600000	0.0000025
all	570	6	1600000	0.0000037
all	571	2	1600000	0.0000012
all	573	3	1600000	0.0000019
all	575	5	1600000	0.0000031
all	576	4	1600000	0.0000025
all	577	8	1600000	0.0000050
all	578	5	1600000	0.0000031
all	579	7	1600000	0.0000044
all	580	8	1600000	0.0000050
all	581	15	1600000	0.0000094
all	582	2	1600000	0.0000012
all	583	14	1600000	0.0000088
all	584	8	1600000	0.0000050
all	585	13	1600000	0.0000081
all	586	8	1600000	0.0000050
all	587	34	1600000	0.0000212
all	588	8	1600000	0.0000050
all	589	19	1600000	0.0000119
all	590	10	1600000	0.0000062
all	591	8	1600000	0.0000050
all	592	19	1600000	0.0000119
all	593	10	1600000	0.0000062
all	594	11	1600000	0.0000069
all	595	1	1600000	0.0000006
all	596	3	1600000	0.0000019
all	597	2	1600000	0.0000012
all	598	7	1600000	0.0000044
all	599	13	1600000	0.0000081
all	600	3	1600000	0.0000019
all	601	11	1600000	0.0000069
all	602	5	1600000	0.0000031
all	603	11	1600000	0.0000069
all	604	5	1600000	0.0000031
all	605	8	1600000	0.0000050
all	606	6	1600000	0.0000037
all	607	10	1600000	0.0000062
all	608	11	1600000	0.0000069
all	609	1	1600000	0.0000006
all	610	7	1600000	0.0000044
all	611	1	1600000	0.0000006
all	612	4	1600000	0.0000025
all	613	3	1600000	0.0000019
all	614	2	1600000	0.0000012
all	615	1	1600000	0.0000006
all	616	3	1600000	0.0000019
all	617	2	1600000	0.0000012
all	619	2	1600000	0.0000012
all	620	8	1600000	0.0000050
all	624	4	1600000	0.0000025
all	625	6	1600000	0.0000037
all	626	1	1600000	0.0000006
all	628	2	1600000	0.0000012
all	629	1	1600000	0.0000006
all	630	2	1600000	0.0000012
all	631	5	1600000	0.0000031
all	632	3	1600000	0.0000019
all	633	3	1600000	0.0000019
all	634	2	1600000	0.0000012
all	635	2	1600000	0.0000012
all	636	6	1600000	0.0000037
all	637	3	1600000	0.0000019
all	638	2	1600000	0.0000012
all	639	7	1600000	0.0000044
all	640	18	1600000	0.0000113
all	642	2	1600000	0.0000012
all	643	2	1600000	0.0000012
all	644	2	1600000	0.0000012
all	647	1	1600000	0.0000006
all	650	6	1600000	0.0000037
all	651	1	1600000	0.0000006
all	652	3	1600000	0.0000019
all	653	8	1600000	0.0000050
all	654	20	1600000	0.0000125
all	655	6	1600000	0.0000037
all	656	4	1600000	0.0000025
all	657	4	1600000	0.0000025
all	658	2	1600000	0.0000012
all	659	6	1600000	0.0000037
all	660	2	1600000	0.0000012
all	662	10	1600000	0.0000062
all	664	1	1600000	0.0000006
all	665	16	1600000	0.0000100
all	666	1	1600000	0.0000006
all	667	10	1600000	0.0000062
all	668	8	1600000	0.0000050
all	672	2	1600000	0.0000012
all	673	4	1600000	0.0000025
all	677	16	1600000	0.0000100
all	678	10	1600000	0.0000062
all	683	6	1600000	0.0000037
all	684	9	1600000	0.0000056
all	685	5	1600000	0.0000031
all	686	6	1600000	0.0000037
all	687	2	1600000	0.0000012
all	688	3	1600000	0.0000019
all	689	10	1600000	0.0000062
all	690	3	1600000	0.0000019
all	693	1	1600000	0.0000006
all	694	2	1600000	0.0000012
all	695	6	1600000	0.0000037
all	696	4	1600000	0.0000025
all	698	2	1600000	0.0000012
all	699	5	1600000	0.0000031
all	701	10	1600000	0.0000062
all	702	1	1600000	0.0000006
all	704	4	1600000	0.0000025
all	705	16	1600000	0.0000100
all	706	2	1600000	0.0000012
all	707	2	1600000	0.0000012
all	708	5	1600000	0.0000031
all	709	8	1600000	0.0000050
all	710	1	1600000	0.0000006
all	711	40	1600000	0.0000250
all	712	3	1600000	0.0000019
all	713	4	1600000	0.0000025
all	714	20	1600000	0.0000125
all	715	10	1600000	0.0000062
all	716	2	1600000	0.0000012
all	717	1	1600000	0.0000006
all	718	3	1600000	0.0000019
all	719	1	1600000	0.0000006
all	720	2	1600000	0.0000012
all	721	2	1600000	0.0000012
all	726	1	1600000	0.0000006
all	728	1	1600000	0.0000006
all	734	3	1600000	0.0000019
all	737	1	1600000	0.0000006
all	738	1	1600000	0.0000006
all	739	5	1600000	0.0000031
all	743	3	1600000	0.0000019
all	745	4	1600000	0.0000025
all	746	4	1600000	0.0000025
all	747	2	1600000	0.0000012
all	748	2	1600000	0.0000012
all	749	1	1600000	0.0000006
all	751	3	1600000	0.0000019
all	754	1	1600000	0.0000006
all	755	2	1600000	0.0000012
all	756	1	1600000	0.0000006
all	758	1	1600000	0.0000006
all	762	2	1600000	0.0000012
all	764	4	1600000	0.0000025
all	767	2	1600000	0.0000012
all	769	10	1600000	0.0000062
all	771	4	1600000	0.0000025
all	782	1	1600000	0.0000006
all	786	1	1600000	0.0000006
all	788	2	1600000	0.0000012
all	802	3	1600000	0.0000019
all	809	2	1600000	0.0000012
all	816	1	1600000	0.0000006
all	818	2	1600000	0.0000012
all	820	4	1600000	0.0000025
all	822	2	1600000	0.0000012
all	829	1	1600000	0.0000006
all	830	1	1600000	0.0000006
all	831	1	1600000	0.0000006
all	836	1	1600000	0.0000006
all	841	2	1600000	0.0000012
all	849	2	1600000	0.0000012
all	851	1	1600000	0.0000006
all	864	1	1600000	0.0000006
all	868	1	1600000	0.0000006
all	869	1	1600000	0.0000006
all	870	3	1600000	0.0000019
all	872	2	1600000	0.0000012
all	875	3	1600000	0.0000019
all	877	1	1600000	0.0000006
all	883	3	1600000	0.0000019
all	884	1	1600000	0.0000006
all	888	1	1600000	0.0000006
all	893	1	1600000	0.0000006
all	903	1	1600000	0.0000006
all	905	1	1600000	0.0000006
all	908	1	1600000	0.0000006
all	910	1	1600000	0.0000006
all	913	2	1600000	0.0000012
all	914	3	1600000	0.0000019
all	915	1	1600000	0.0000006
all	917	3	1600000	0.0000019
all	918	1	1600000	0.0000006
all	921	1	1600000	0.0000006
all	925	1	1600000	0.0000006
all	929	1	1600000	0.0000006
all	930	1	1600000	0.0000006
all	933	1	1600000	0.0000006
all	934	2	1600000	0.0000012
all	936	1	1600000	0.0000006
all	942	1	1600000	0.0000006
all	945	2	1600000	0.0000012
all	946	1	1600000	0.0000006
all	947	2	1600000	0.0000012
all	948	4	1600000	0.0000025
all	954	6	1600000	0.0000037
all	957	3	1600000	0.0000019
all	958	2	1600000	0.0000012
all	965	1	1600000	0.0000006
all	969	2	1600000	0.0000012
all	970	1	1600000	0.0000006
all	981	1	1600000	0.0000006
all	982	2	1600000	0.0000012
all	986	1	1600000	0.0000006
all	987	1	1600000	0.0000006
all	993	1	1600000	0.0000006
all	997	1	1600000	0.0000006
all	998	1	1600000	0.0000006
all	1003	1	1600000	0.0000006
all	1005	1	1600000	0.0000006
all	1006	1	1600000	0.0000006
all	1011	2	1600000	0.0000012
all	1012	1	1600000	0.0000006
all	1015	1	1600000	0.0000006
all	1017	1	1600000	0.0000006
all	1018	1	1600000	0.0000006
all	1020	2	1600000	0.0000012
all	1021	2	1600000	0.0000012
all	1023	2	1600000	0.0000012
all	1024	5	1600000	0.0000031
all	1025	3	1600000	0.0000019
all	1027	1	1600000	0.0000006
all	1028	3	1600000	0.0000019
all	1030	1	1600000	0.0000006
all	1033	2	1600000	0.0000012
all	1035	3	1600000	0.0000019
all	1036	1	1600000	0.0000006
all	1037	2	1600000	0.0000012
all	1038	1	1600000	0.0000006
all	1039	1	1600000	0.0000006
all	1045	2	1600000	0.0000012
all	1050	2	1600000	0.0000012
all	1052	4	1600000	0.0000025
all	1053	4	1600000	0.0000025
all	1054	2	1600000	0.0000012
all	1055	4	1600000	0.0000025
all	1057	4	1600000	0.0000025
all	1059	2	1600000	0.0000012
all	1060	2	1600000	0.0000012
all	1069	2	1600000	0.0000012
all	1070	1	1600000	0.0000006
all	1071	2	1600000	0.0000012
all	1073	4	1600000	0.0000025
all	1075	5	1600000	0.0000031
all	1078	2	1600000	0.0000012
all	1080	2	1600000	0.0000012
all	1082	1	1600000	0.0000006
all	1083	2	1600000	0.0000012
all	1085	4	1600000	0.0000025
all	1092	2	1600000	0.0000012
all	1093	1	1600000	0.0000006
all	1096	4	1600000	0.0000025
all	1097	3	1600000	0.0000019
all	1100	2	1600000	0.0000012
