all	0	11844	1600000	0.0074025
all	1	3723	1600000	0.0023269
all	2	4098	1600000	0.0025613
all	3	4609	1600000	0.0028806
all	4	5884	1600000	0.0036775
all	5	5997	1600000	0.0037481
all	6	6987	1600000	0.0043669
all	7	8404	1600000	0.0052525
all	8	8293	1600000	0.0051831
all	9	10820	1600000	0.0067625
all	10	11255	1600000	0.0070344
all	11	11235	1600000	0.0070219
all	12	12463	1600000	0.0077894
all	13	13213	1600000	0.0082581
all	14	14617	1600000	0.0091356
all	15	14030	1600000	0.0087688
all	16	15177	1600000	0.0094856
all	17	16623	1600000	0.0103894
all	18	16379	1600000	0.0102369
all	19	17210	1600000	0.0107562
all	20	17274	1600000	0.0107962
all	21	18851	1600000	0.0117819
all	22	19970	1600000	0.0124812
all	23	20754	1600000	0.0129713
all	24	21719	1600000	0.0135744
all	25	20780	1600000	0.0129875
all	26	22658	1600000	0.0141612
all	27	23236	1600000	0.0145225
all	28	22762	1600000	0.0142263
all	29	22972	1600000	0.0143575
all	30	24453	1600000	0.0152831
all	31	23235	1600000	0.0145219
all	32	25222	1600000	0.0157638
all	33	24436	1600000	0.0152725
all	34	24680	1600000	0.0154250
all	35	24462	1600000	0.0152887
all	36	23938	1600000	0.0149613
all	37	23905	1600000	0.0149406
all	38	23707	1600000	0.0148169
all	39	24434	1600000	0.0152713
all	40	23727	1600000	0.0148294
all	41	23041	1600000	0.0144006
all	42	23269	1600000	0.0145431
all	43	23176	1600000	0.0144850
all	44	22747	1600000	0.0142169
all	45	21723	1600000	0.0135769
all	46	21658	1600000	0.0135363
all	47	19386	1600000	0.0121162
all	48	20117	1600000	0.0125731
all	49	20417	1600000	0.0127606
all	50	20097	1600000	0.0125606
all	51	18857	1600000	0.0117856
all	52	18694	1600000	0.0116837
all	53	17729	1600000	0.0110806
all	54	17467	1600000	0.0109169
all	55	16927	1600000	0.0105794
all	56	17356	1600000	0.0108475
all	57	16469	1600000	0.0102931
all	58	15158	1600000	0.0094738
all	59	15272	1600000	0.0095450
all	60	14615	1600000	0.0091344
all	61	14597	1600000	0.0091231
all	62	14544	1600000	0.0090900
all	63	13802	1600000	0.0086262
all	64	13367	1600000	0.0083544
all	65	13201	1600000	0.0082506
all	66	12669	1600000	0.0079181
all	67	13163	1600000	0.0082269
all	68	12344	1600000	0.0077150
all	69	12060	1600000	0.0075375
all	70	11087	1600000	0.0069294
all	71	10840	1600000	0.0067750
all	72	10891	1600000	0.0068069
all	73	11276	1600000	0.0070475
all	74	10432	1600000	0.0065200
all	75	10334	1600000	0.0064587
all	76	10064	1600000	0.0062900
all	77	9563	1600000	0.0059769
all	78	9568	1600000	0.0059800
all	79	8875	1600000	0.0055469
all	80	8954	1600000	0.0055962
all	81	7553	1600000	0.0047206
all	82	8028	1600000	0.0050175
all	83	8311	1600000	0.0051944
all	84	7745	1600000	0.0048406
all	85	7040	1600000	0.0044000
all	86	6954	1600000	0.0043463
all	87	7129	1600000	0.0044556
all	88	6300	1600000	0.0039375
all	89	6161	1600000	0.0038506
all	90	6085	1600000	0.0038031
all	91	5973	1600000	0.0037331
all	92	5672	1600000	0.0035450
all	93	5113	1600000	0.0031956
all	94	4843	1600000	0.0030269
all	95	5081	1600000	0.0031756
all	96	4635	1600000	0.0028969
all	97	4374	1600000	0.0027338
all	98	4468	1600000	0.0027925
all	99	4398	1600000	0.0027487
all	100	4111	1600000	0.0025694
all	101	4540	1600000	0.0028375
all	102	4041	1600000	0.0025256
all	103	3869	1600000	0.0024181
all	104	3763	1600000	0.0023519
all	105	4001	1600000	0.0025006
all	106	3788	1600000	0.0023675
all	107	3734	1600000	0.0023338
all	108	3690	1600000	0.0023062
all	109	3376	1600000	0.0021100
all	110	3343	1600000	0.0020894
all	111	3327	1600000	0.0020794
all	112	3110	1600000	0.0019437
all	113	2869	1600000	0.0017931
all	114	2892	1600000	0.0018075
all	115	2775	1600000	0.0017344
all	116	2812	1600000	0.0017575
all	117	2971	1600000	0.0018569
all	118	2700	1600000	0.0016875
all	119	2443	1600000	0.0015269
all	120	2339	1600000	0.0014619
all	121	2325	1600000	0.0014531
all	122	2310	1600000	0.0014437
all	123	1957	1600000	0.0012231
all	124	2188	1600000	0.0013675
all	125	2180	1600000	0.0013625
all	126	2111	1600000	0.0013194
all	127	1967	1600000	0.0012294
all	128	1912	1600000	0.0011950
all	129	1854	1600000	0.0011588
all	130	1783	1600000	0.0011144
all	131	1706	1600000	0.0010663
all	132	1789	1600000	0.0011181
all	133	1858	1600000	0.0011613
all	134	1810	1600000	0.0011313
all	135	1607	1600000	0.0010044
all	136	1649	1600000	0.0010306
all	137	1604	1600000	0.0010025
all	138	1558	1600000	0.0009738
all	139	1511	1600000	0.0009444
all	140	1188	1600000	0.0007425
all	141	1460	1600000	0.0009125
all	142	1482	1600000	0.0009263
all	143	1450	1600000	0.0009062
all	144	1371	1600000	0.0008569
all	145	1220	1600000	0.0007625
all	146	1280	1600000	0.0008000
all	147	1128	1600000	0.0007050
all	148	1362	1600000	0.0008513
all	149	1294	1600000	0.0008087
all	150	1207	1600000	0.0007544
all	151	1042	1600000	0.0006513
all	152	1052	1600000	0.0006575
all	153	881	1600000	0.0005506
all	154	840	1600000	0.0005250
all	155	871	1600000	0.0005444
all	156	936	1600000	0.0005850
all	157	933	1600000	0.0005831
all	158	957	1600000	0.0005981
all	159	865	1600000	0.0005406
all	160	788	1600000	0.0004925
all	161	672	1600000	0.0004200
all	162	739	1600000	0.0004619
all	163	670	1600000	0.0004187
all	164	634	1600000	0.0003962
all	165	702	1600000	0.0004387
all	166	634	1600000	0.0003962
all	167	701	1600000	0.0004381
all	168	590	1600000	0.0003688
all	169	696	1600000	0.0004350
all	170	835	1600000	0.0005219
all	171	639	1600000	0.0003994
all	172	650	1600000	0.0004063
all	173	877	1600000	0.0005481
all	174	775	1600000	0.0004844
all	175	624	1600000	0.0003900
all	176	716	1600000	0.0004475
all	177	583	1600000	0.0003644
all	178	566	1600000	0.0003537
all	179	536	1600000	0.0003350
all	180	548	1600000	0.0003425
all	181	585	1600000	0.0003656
all	182	517	1600000	0.0003231
all	183	618	1600000	0.0003863
all	184	513	1600000	0.0003206
all	185	463	1600000	0.0002894
all	186	536	1600000	0.0003350
all	187	563	1600000	0.0003519
all	188	579	1600000	0.0003619
all	189	706	1600000	0.0004413
all	190	468	1600000	0.0002925
all	191	397	1600000	0.0002481
all	192	462	1600000	0.0002887
all	193	419	1600000	0.0002619
all	194	396	1600000	0.0002475
all	195	403	1600000	0.0002519
all	196	530	1600000	0.0003312
all	197	338	1600000	0.0002112
all	198	421	1600000	0.0002631
all	199	391	1600000	0.0002444
all	200	353	1600000	0.0002206
all	201	313	1600000	0.0001956
all	202	415	1600000	0.0002594
all	203	351	1600000	0.0002194
all	204	301	1600000	0.0001881
all	205	293	1600000	0.0001831
all	206	410	1600000	0.0002563
all	207	412	1600000	0.0002575
all	208	436	1600000	0.0002725
all	209	251	1600000	0.0001569
all	210	371	1600000	0.0002319
all	211	388	1600000	0.0002425
all	212	327	1600000	0.0002044
all	213	313	1600000	0.0001956
all	214	231	1600000	0.0001444
all	215	221	1600000	0.0001381
all	216	277	1600000	0.0001731
all	217	374	1600000	0.0002338
all	218	279	1600000	0.0001744
all	219	290	1600000	0.0001812
all	220	252	1600000	0.0001575
all	221	217	1600000	0.0001356
all	222	230	1600000	0.0001438
all	223	245	1600000	0.0001531
all	224	268	1600000	0.0001675
all	225	308	1600000	0.0001925
all	226	270	1600000	0.0001688
all	227	252	1600000	0.0001575
all	228	360	1600000	0.0002250
all	229	318	1600000	0.0001987
all	230	135	1600000	0.0000844
all	231	144	1600000	0.0000900
all	232	258	1600000	0.0001613
all	233	168	1600000	0.0001050
all	234	199	1600000	0.0001244
all	235	191	1600000	0.0001194
all	236	149	1600000	0.0000931
all	237	304	1600000	0.0001900
all	238	136	1600000	0.0000850
all	239	249	1600000	0.0001556
all	240	181	1600000	0.0001131
all	241	235	1600000	0.0001469
all	242	219	1600000	0.0001369
all	243	207	1600000	0.0001294
all	244	210	1600000	0.0001312
all	245	199	1600000	0.0001244
all	246	174	1600000	0.0001087
all	247	186	1600000	0.0001162
all	248	168	1600000	0.0001050
all	249	167	1600000	0.0001044
all	250	114	1600000	0.0000712
all	251	129	1600000	0.0000806
all	252	217	1600000	0.0001356
all	253	181	1600000	0.0001131
all	254	148	1600000	0.0000925
all	255	176	1600000	0.0001100
all	256	124	1600000	0.0000775
all	257	169	1600000	0.0001056
all	258	133	1600000	0.0000831
all	259	88	1600000	0.0000550
all	260	126	1600000	0.0000788
all	261	114	1600000	0.0000712
all	262	207	1600000	0.0001294
all	263	152	1600000	0.0000950
all	264	191	1600000	0.0001194
all	265	196	1600000	0.0001225
all	266	169	1600000	0.0001056
all	267	258	1600000	0.0001613
all	268	103	1600000	0.0000644
all	269	112	1600000	0.0000700
all	270	160	1600000	0.0001000
all	271	158	1600000	0.0000988
all	272	132	1600000	0.0000825
all	273	105	1600000	0.0000656
all	274	171	1600000	0.0001069
all	275	138	1600000	0.0000863
all	276	121	1600000	0.0000756
all	277	76	1600000	0.0000475
all	278	125	1600000	0.0000781
all	279	65	1600000	0.0000406
all	280	81	1600000	0.0000506
all	281	86	1600000	0.0000537
all	282	103	1600000	0.0000644
all	283	86	1600000	0.0000537
all	284	161	1600000	0.0001006
all	285	137	1600000	0.0000856
all	286	98	1600000	0.0000613
all	287	105	1600000	0.0000656
all	288	96	1600000	0.0000600
all	289	90	1600000	0.0000562
all	290	78	1600000	0.0000488
all	291	49	1600000	0.0000306
all	292	91	1600000	0.0000569
all	293	119	1600000	0.0000744
all	294	98	1600000	0.0000613
all	295	87	1600000	0.0000544
all	296	98	1600000	0.0000613
all	297	48	1600000	0.0000300
all	298	117	1600000	0.0000731
all	299	147	1600000	0.0000919
all	300	98	1600000	0.0000613
all	301	120	1600000	0.0000750
all	302	66	1600000	0.0000413
all	303	81	1600000	0.0000506
all	304	85	1600000	0.0000531
all	305	75	1600000	0.0000469
all	306	62	1600000	0.0000388
all	307	47	1600000	0.0000294
all	308	132	1600000	0.0000825
all	309	67	1600000	0.0000419
all	310	55	1600000	0.0000344
all	311	45	1600000	0.0000281
all	312	62	1600000	0.0000388
all	313	57	1600000	0.0000356
all	314	69	1600000	0.0000431
all	315	64	1600000	0.0000400
all	316	73	1600000	0.0000456
all	317	82	1600000	0.0000513
all	318	63	1600000	0.0000394
all	319	51	1600000	0.0000319
all	320	34	1600000	0.0000212
all	321	49	1600000	0.0000306
all	322	50	1600000	0.0000313
all	323	39	1600000	0.0000244
all	324	47	1600000	0.0000294
all	325	51	1600000	0.0000319
all	326	50	1600000	0.0000313
all	327	34	1600000	0.0000212
all	328	69	1600000	0.0000431
all	329	59	1600000	0.0000369
all	330	75	1600000	0.0000469
all	331	67	1600000	0.0000419
all	332	39	1600000	0.0000244
all	333	59	1600000	0.0000369
all	334	44	1600000	0.0000275
all	335	27	1600000	0.0000169
all	336	50	1600000	0.0000313
all	337	62	1600000	0.0000388
all	338	64	1600000	0.0000400
all	339	47	1600000	0.0000294
all	340	42	1600000	0.0000262
all	341	37	1600000	0.0000231
all	342	36	1600000	0.0000225
all	343	60	1600000	0.0000375
all	344	43	1600000	0.0000269
all	345	40	1600000	0.0000250
all	346	68	1600000	0.0000425
all	347	61	1600000	0.0000381
all	348	40	1600000	0.0000250
all	349	54	1600000	0.0000337
all	350	45	1600000	0.0000281
all	351	13	1600000	0.0000081
all	352	28	1600000	0.0000175
all	353	34	1600000	0.0000212
all	354	34	1600000	0.0000212
all	355	38	1600000	0.0000238
all	356	45	1600000	0.0000281
all	357	55	1600000	0.0000344
all	358	41	1600000	0.0000256
all	359	17	1600000	0.0000106
all	360	21	1600000	0.0000131
all	361	45	1600000	0.0000281
all	362	30	1600000	0.0000188
all	363	20	1600000	0.0000125
all	364	31	1600000	0.0000194
all	365	48	1600000	0.0000300
all	366	23	1600000	0.0000144
all	367	29	1600000	0.0000181
all	368	29	1600000	0.0000181
all	369	17	1600000	0.0000106
all	370	15	1600000	0.0000094
all	371	28	1600000	0.0000175
all	372	30	1600000	0.0000188
all	373	64	1600000	0.0000400
all	374	28	1600000	0.0000175
all	375	34	1600000	0.0000212
all	376	54	1600000	0.0000337
all	377	50	1600000	0.0000313
all	378	64	1600000	0.0000400
all	379	22	1600000	0.0000138
all	380	42	1600000	0.0000262
all	381	16	1600000	0.0000100
all	382	24	1600000	0.0000150
all	383	17	1600000	0.0000106
all	384	18	1600000	0.0000113
all	385	20	1600000	0.0000125
all	386	48	1600000	0.0000300
all	387	20	1600000	0.0000125
all	388	21	1600000	0.0000131
all	389	17	1600000	0.0000106
all	390	23	1600000	0.0000144
all	391	26	1600000	0.0000163
all	392	14	1600000	0.0000088
all	393	31	1600000	0.0000194
all	394	33	1600000	0.0000206
all	395	33	1600000	0.0000206
all	396	42	1600000	0.0000262
all	397	14	1600000	0.0000088
all	398	10	1600000	0.0000062
all	399	6	1600000	0.0000037
all	400	33	1600000	0.0000206
all	401	9	1600000	0.0000056
all	402	11	1600000	0.0000069
all	403	2	1600000	0.0000012
all	404	9	1600000	0.0000056
all	405	15	1600000	0.0000094
all	406	13	1600000	0.0000081
all	407	37	1600000	0.0000231
all	408	18	1600000	0.0000113
all	409	30	1600000	0.0000188
all	410	19	1600000	0.0000119
all	411	48	1600000	0.0000300
all	412	32	1600000	0.0000200
all	413	38	1600000	0.0000238
all	414	31	1600000	0.0000194
all	415	17	1600000	0.0000106
all	416	28	1600000	0.0000175
all	417	6	1600000	0.0000037
all	418	3	1600000	0.0000019
all	419	4	1600000	0.0000025
all	420	6	1600000	0.0000037
all	421	5	1600000	0.0000031
all	422	20	1600000	0.0000125
all	423	9	1600000	0.0000056
all	424	9	1600000	0.0000056
all	425	20	1600000	0.0000125
all	426	9	1600000	0.0000056
all	427	18	1600000	0.0000113
all	428	23	1600000	0.0000144
all	429	3	1600000	0.0000019
all	430	15	1600000	0.0000094
all	431	17	1600000	0.0000106
all	432	15	1600000	0.0000094
all	433	5	1600000	0.0000031
all	434	14	1600000	0.0000088
all	435	17	1600000	0.0000106
all	436	10	1600000	0.0000062
all	437	1	1600000	0.0000006
all	438	7	1600000	0.0000044
all	439	10	1600000	0.0000062
all	440	12	1600000	0.0000075
all	441	8	1600000	0.0000050
all	442	18	1600000	0.0000113
all	443	7	1600000	0.0000044
all	444	13	1600000	0.0000081
all	445	18	1600000	0.0000113
all	446	2	1600000	0.0000012
all	447	11	1600000	0.0000069
all	448	2	1600000	0.0000012
all	449	9	1600000	0.0000056
all	450	5	1600000	0.0000031
all	451	19	1600000	0.0000119
all	452	10	1600000	0.0000062
all	453	4	1600000	0.0000025
all	454	4	1600000	0.0000025
all	455	9	1600000	0.0000056
all	456	19	1600000	0.0000119
all	457	15	1600000	0.0000094
all	458	9	1600000	0.0000056
all	459	7	1600000	0.0000044
all	460	11	1600000	0.0000069
all	461	6	1600000	0.0000037
all	462	1	1600000	0.0000006
all	463	5	1600000	0.0000031
all	464	8	1600000	0.0000050
all	465	20	1600000	0.0000125
all	466	6	1600000	0.0000037
all	467	2	1600000	0.0000012
all	468	8	1600000	0.0000050
all	469	9	1600000	0.0000056
all	470	5	1600000	0.0000031
all	471	17	1600000	0.0000106
all	472	14	1600000	0.0000088
all	473	10	1600000	0.0000062
all	474	4	1600000	0.0000025
all	475	15	1600000	0.0000094
all	476	4	1600000	0.0000025
all	477	20	1600000	0.0000125
all	478	7	1600000	0.0000044
all	479	6	1600000	0.0000037
all	480	13	1600000	0.0000081
all	481	6	1600000	0.0000037
all	482	27	1600000	0.0000169
all	483	30	1600000	0.0000188
all	484	12	1600000	0.0000075
all	485	1	1600000	0.0000006
all	486	8	1600000	0.0000050
all	487	5	1600000	0.0000031
all	488	23	1600000	0.0000144
all	489	8	1600000	0.0000050
all	490	7	1600000	0.0000044
all	491	12	1600000	0.0000075
all	492	5	1600000	0.0000031
all	493	11	1600000	0.0000069
all	494	1	1600000	0.0000006
all	495	3	1600000	0.0000019
all	496	6	1600000	0.0000037
all	497	2	1600000	0.0000012
all	498	10	1600000	0.0000062
all	499	6	1600000	0.0000037
all	500	18	1600000	0.0000113
all	501	10	1600000	0.0000062
all	502	9	1600000	0.0000056
all	503	2	1600000	0.0000012
all	505	6	1600000	0.0000037
all	506	4	1600000	0.0000025
all	507	1	1600000	0.0000006
all	508	8	1600000	0.0000050
all	509	3	1600000	0.0000019
all	510	3	1600000	0.0000019
all	512	6	1600000	0.0000037
all	513	3	1600000	0.0000019
all	515	7	1600000	0.0000044
all	516	3	1600000	0.0000019
all	517	3	1600000	0.0000019
all	519	5	1600000	0.0000031
all	521	1	1600000	0.0000006
all	523	4	1600000	0.0000025
all	525	2	1600000	0.0000012
all	526	1	1600000	0.0000006
all	527	1	1600000	0.0000006
all	528	2	1600000	0.0000012
all	530	2	1600000	0.0000012
all	531	2	1600000	0.0000012
all	532	1	1600000	0.0000006
all	533	3	1600000	0.0000019
all	534	1	1600000	0.0000006
all	535	2	1600000	0.0000012
all	536	9	1600000	0.0000056
all	537	11	1600000	0.0000069
all	538	8	1600000	0.0000050
all	540	1	1600000	0.0000006
all	541	15	1600000	0.0000094
all	542	2	1600000	0.0000012
all	543	3	1600000	0.0000019
all	544	7	1600000	0.0000044
all	546	1	1600000	0.0000006
all	547	1	1600000	0.0000006
all	548	16	1600000	0.0000100
all	549	4	1600000	0.0000025
all	550	6	1600000	0.0000037
all	551	18	1600000	0.0000113
all	552	12	1600000	0.0000075
all	553	7	1600000	0.0000044
all	555	3	1600000	0.0000019
all	556	2	1600000	0.0000012
all	557	11	1600000	0.0000069
all	558	2	1600000	0.0000012
all	559	1	1600000	0.0000006
all	560	2	1600000	0.0000012
all	561	5	1600000	0.0000031
all	562	8	1600000	0.0000050
all	564	1	1600000	0.0000006
all	566	1	1600000	0.0000006
all	568	2	1600000	0.0000012
all	570	1	1600000	0.0000006
all	571	1	1600000	0.0000006
all	581	1	1600000	0.0000006
all	582	2	1600000	0.0000012
all	583	3	1600000	0.0000019
all	584	1	1600000	0.0000006
all	585	1	1600000	0.0000006
all	588	1	1600000	0.0000006
all	593	8	1600000	0.0000050
all	594	9	1600000	0.0000056
all	595	6	1600000	0.0000037
all	597	2	1600000	0.0000012
all	599	2	1600000	0.0000012
all	600	2	1600000	0.0000012
all	601	3	1600000	0.0000019
all	602	2	1600000	0.0000012
all	605	8	1600000	0.0000050
all	607	5	1600000	0.0000031
all	608	1	1600000	0.0000006
all	609	2	1600000	0.0000012
all	614	1	1600000	0.0000006
all	616	3	1600000	0.0000019
all	617	1	1600000	0.0000006
all	618	1	1600000	0.0000006
all	623	1	1600000	0.0000006
all	626	2	1600000	0.0000012
all	630	2	1600000	0.0000012
all	632	1	1600000	0.0000006
all	636	1	1600000	0.0000006
all	643	1	1600000	0.0000006
all	644	4	1600000	0.0000025
all	647	1	1600000	0.0000006
all	650	1	1600000	0.0000006
all	651	1	1600000	0.0000006
all	654	1	1600000	0.0000006
all	656	1	1600000	0.0000006
all	659	1	1600000	0.0000006
all	671	1	1600000	0.0000006
all	675	1	1600000	0.0000006
all	681	6	1600000	0.0000037
all	682	2	1600000	0.0000012
all	687	4	1600000	0.0000025
all	692	8	1600000	0.0000050
all	693	7	1600000	0.0000044
all	695	1	1600000	0.0000006
all	696	12	1600000	0.0000075
all	704	2	1600000	0.0000012
all	705	2	1600000	0.0000012
all	706	7	1600000	0.0000044
all	707	1	1600000	0.0000006
all	709	8	1600000	0.0000050
all	710	1	1600000	0.0000006
all	718	12	1600000	0.0000075
all	719	4	1600000	0.0000025
all	720	4	1600000	0.0000025
all	723	5	1600000	0.0000031
all	724	4	1600000	0.0000025
all	727	6	1600000	0.0000037
all	732	1	1600000	0.0000006
all	733	1	1600000	0.0000006
all	734	1	1600000	0.0000006
all	735	2	1600000	0.0000012
all	736	1	1600000	0.0000006
all	737	1	1600000	0.0000006
all	738	2	1600000	0.0000012
all	739	2	1600000	0.0000012
all	740	4	1600000	0.0000025
all	741	2	1600000	0.0000012
all	742	4	1600000	0.0000025
all	743	4	1600000	0.0000025
all	744	11	1600000	0.0000069
all	745	18	1600000	0.0000113
all	747	14	1600000	0.0000088
all	748	2	1600000	0.0000012
all	749	3	1600000	0.0000019
all	751	4	1600000	0.0000025
all	763	2	1600000	0.0000012
all	764	6	1600000	0.0000037
all	765	2	1600000	0.0000012
all	768	1	1600000	0.0000006
all	770	3	1600000	0.0000019
all	774	2	1600000	0.0000012
all	775	2	1600000	0.0000012
all	777	3	1600000	0.0000019
all	779	2	1600000	0.0000012
all	783	2	1600000	0.0000012
all	784	3	1600000	0.0000019
all	785	1	1600000	0.0000006
all	787	2	1600000	0.0000012
all	788	3	1600000	0.0000019
all	792	3	1600000	0.0000019
all	793	25	1600000	0.0000156
all	794	1	1600000	0.0000006
all	796	4	1600000	0.0000025
all	801	17	1600000	0.0000106
