file	#_reads_raw	#_reads_fp1	#_reads_clmp	#_reads_fp2	#_reads_fqscrn	#_reads_repr	%_readsRemaining_fp1	%_readsRemaining_clmp	%_readsRemaining_fp2	%_readsRemaining_fqscrn	%_readsRemaining_repr	%_total_readsRemaining
fq_raw/SdA01001_CKDL210020579-1a-5UDI301-AK533_HKGLMDSX2_L2_1.fq.gz	13941599	13302674	4353406	4304812	1930603		95.4171	32.7258	98.8838	44.8476	0	0
fq_raw/SdA01001_CKDL210020579-1a-5UDI301-AK533_HKGLMDSX2_L2_2.fq.gz	13941599	13302674	4353406	4304812	1930554		95.4171	32.7258	98.8838	44.8464	0	0
fq_raw/SdA01002_CKDL210020579-1a-5UDI301-AK7557_HKGLMDSX2_L2_1.fq.gz	20967100	19981004	7948036	7858932	4366921		95.2969	39.778	98.8789	55.5663	0	0
fq_raw/SdA01002_CKDL210020579-1a-5UDI301-AK7557_HKGLMDSX2_L2_2.fq.gz	20967100	19981004	7948036	7858932	4368384		95.2969	39.778	98.8789	55.585	0	0
fq_raw/SdA01003_CKDL210020579-1a-5UDI301-AK8488_HKGLMDSX2_L2_1.fq.gz	14131477	13395510	4195683	4150303	2574463		94.792	31.3216	98.9184	62.0307	0	0
fq_raw/SdA01003_CKDL210020579-1a-5UDI301-AK8488_HKGLMDSX2_L2_2.fq.gz	14131477	13395510	4195683	4150303	2574594		94.792	31.3216	98.9184	62.0339	0	0
fq_raw/SdA01005_CKDL210020579-1a-5UDI301-GC06_HKGLMDSX2_L2_1.fq.gz	26969011	25756229	8904154	8807783	4751901		95.5031	34.5709	98.9177	53.9512	0	0
fq_raw/SdA01005_CKDL210020579-1a-5UDI301-GC06_HKGLMDSX2_L2_2.fq.gz	26969011	25756229	8904154	8807783	4755440		95.5031	34.5709	98.9177	53.9913	0	0
fq_raw/SdA01006_CKDL210020579-1a-5UDI301-AK4236_HKGLMDSX2_L2_1.fq.gz	11972214	11361060	3564535	3517328	1782780		94.8952	31.375	98.6756	50.6856	0	0
fq_raw/SdA01006_CKDL210020579-1a-5UDI301-AK4236_HKGLMDSX2_L2_2.fq.gz	11972214	11361060	3564535	3517328	1782877		94.8952	31.375	98.6756	50.6884	0	0
fq_raw/SdA01007_CKDL210020579-1a-5UDI301-AK10343_HKGLMDSX2_L2_1.fq.gz	18250328	17530340	5607737	5546665	3308464		96.0549	31.9888	98.9109	59.6478	0	0
fq_raw/SdA01007_CKDL210020579-1a-5UDI301-AK10343_HKGLMDSX2_L2_2.fq.gz	18250328	17530340	5607737	5546665	3308831		96.0549	31.9888	98.9109	59.6544	0	0
fq_raw/SdA01008_CKDL210020579-1a-5UDI301-AK4234_HKGLMDSX2_L2_1.fq.gz	3416537	2726124	1513972	1496192	264275		79.792	55.5357	98.8256	17.6632	0	0
fq_raw/SdA01008_CKDL210020579-1a-5UDI301-AK4234_HKGLMDSX2_L2_2.fq.gz	3416537	2726124	1513972	1496192	265205		79.792	55.5357	98.8256	17.7253	0	0
fq_raw/SdA01009_CKDL210020579-1a-5UDI301-GD06_HKGLMDSX2_L2_1.fq.gz	8266735	7549570	3430510	3389537	1132570		91.3247	45.4398	98.8056	33.4137	0	0
fq_raw/SdA01009_CKDL210020579-1a-5UDI301-GD06_HKGLMDSX2_L2_2.fq.gz	8266735	7549570	3430510	3389537	1133833		91.3247	45.4398	98.8056	33.451	0	0
fq_raw/SdA01010_CKDL210020579-1a-AK7758-AK533_HKGLMDSX2_L2_1.fq.gz	21758484	20935214	6608727	6537869	3017129		96.2163	31.5675	98.9278	46.1485	0	0
fq_raw/SdA01010_CKDL210020579-1a-AK7758-AK533_HKGLMDSX2_L2_2.fq.gz	21758484	20935214	6608727	6537869	3016997		96.2163	31.5675	98.9278	46.1465	0	0
fq_raw/SdA01011_CKDL210020579-1a-AK7758-AK7557_HKGLMDSX2_L2_1.fq.gz	11260826	10805651	3605639	3567848	2165462		95.9579	33.3681	98.9519	60.6938	0	0
fq_raw/SdA01011_CKDL210020579-1a-AK7758-AK7557_HKGLMDSX2_L2_2.fq.gz	11260826	10805651	3605639	3567848	2163447		95.9579	33.3681	98.9519	60.6373	0	0
fq_raw/SdA01012_CKDL210020579-1a-AK7758-AK8488_HKGLMDSX2_L2_1.fq.gz	23746394	23006114	7035502	6962037	4782223		96.8826	30.581	98.9558	68.69	0	0
fq_raw/SdA01012_CKDL210020579-1a-AK7758-AK8488_HKGLMDSX2_L2_2.fq.gz	23746394	23006114	7035502	6962037	4777916		96.8826	30.581	98.9558	68.6281	0	0
fq_raw/SdA01013_CKDL210020579-1a-AK7758-GC06_HKGLMDSX2_L2_1.fq.gz	23688768	22700990	7827600	7746034	3329054		95.8302	34.4813	98.958	42.9775	0	0
fq_raw/SdA01013_CKDL210020579-1a-AK7758-GC06_HKGLMDSX2_L2_2.fq.gz	23688768	22700990	7827600	7746034	3325026		95.8302	34.4813	98.958	42.9255	0	0
fq_raw/SdA01014_CKDL210020579-1a-AK7758-AK4236_HKGLMDSX2_L2_1.fq.gz	20366766	19619785	6229641	6157651	3831998		96.3324	31.7518	98.8444	62.2315	0	0
fq_raw/SdA01014_CKDL210020579-1a-AK7758-AK4236_HKGLMDSX2_L2_2.fq.gz	20366766	19619785	6229641	6157651	3827515		96.3324	31.7518	98.8444	62.1587	0	0
fq_raw/SdA01015_CKDL210020579-1a-AK7758-AK10343_HKGLMDSX2_L2_1.fq.gz	18453086	17665839	6298161	6232187	2974437		95.7338	35.6516	98.9525	47.727	0	0
fq_raw/SdA01015_CKDL210020579-1a-AK7758-AK10343_HKGLMDSX2_L2_2.fq.gz	18453086	17665839	6298161	6232187	2974865		95.7338	35.6516	98.9525	47.7339	0	0
fq_raw/SdA01016_CKDL210020579-1a-AK7758-AK4234_HKGLMDSX2_L2_1.fq.gz	16295781	15398788	5319292	5264534	2146293		94.4956	34.5436	98.9706	40.7689	0	0
fq_raw/SdA01016_CKDL210020579-1a-AK7758-AK4234_HKGLMDSX2_L2_2.fq.gz	16295781	15398788	5319292	5264534	2146209		94.4956	34.5436	98.9706	40.7673	0	0
fq_raw/SdA01017_CKDL210020579-1a-AK7758-GD06_HKGLMDSX2_L2_1.fq.gz	13796967	12789538	5039194	4980299	1595657		92.6982	39.4009	98.8313	32.0394	0	0
fq_raw/SdA01017_CKDL210020579-1a-AK7758-GD06_HKGLMDSX2_L2_2.fq.gz	13796967	12789538	5039194	4980299	1593689		92.6982	39.4009	98.8313	31.9999	0	0
fq_raw/SdA01018_CKDL210020579-1a-AK7078-AK533_HKGLMDSX2_L2_1.fq.gz	22346386	21576977	6545111	6474561	3462600		96.5569	30.3338	98.9221	53.4801	0	0
fq_raw/SdA01018_CKDL210020579-1a-AK7078-AK533_HKGLMDSX2_L2_2.fq.gz	22346386	21576977	6545111	6474561	3462195		96.5569	30.3338	98.9221	53.4738	0	0
fq_raw/SdA01019_CKDL210020579-1a-AK7078-AK7557_HKGLMDSX2_L2_1.fq.gz	19189003	18440823	5564852	5502529	2748367		96.101	30.1768	98.8801	49.9473	0	0
fq_raw/SdA01019_CKDL210020579-1a-AK7078-AK7557_HKGLMDSX2_L2_2.fq.gz	19189003	18440823	5564852	5502529	2752050		96.101	30.1768	98.8801	50.0143	0	0
fq_raw/SdA01020_CKDL210020579-1a-AK7078-AK8488_HKGLMDSX2_L2_1.fq.gz	16975366	16461623	4862257	4809138	3274043		96.9736	29.5369	98.9075	68.0796	0	0
fq_raw/SdA01020_CKDL210020579-1a-AK7078-AK8488_HKGLMDSX2_L2_2.fq.gz	16975366	16461623	4862257	4809138	3274071		96.9736	29.5369	98.9075	68.0802	0	0
fq_raw/SdA01021_CKDL210020579-1a-AK7078-GC06_HKGLMDSX2_L2_1.fq.gz	21595099	20785401	6232989	6168506	3515005		96.2505	29.9873	98.9655	56.9831	0	0
fq_raw/SdA01021_CKDL210020579-1a-AK7078-GC06_HKGLMDSX2_L2_2.fq.gz	21595099	20785401	6232989	6168506	3515690		96.2505	29.9873	98.9655	56.9942	0	0
fq_raw/SdA01022_CKDL210020579-1a-AK7078-AK4236_HKGLMDSX2_L2_1.fq.gz	16055622	15380735	4722018	4666639	3216402		95.7966	30.7009	98.8272	68.9233	0	0
fq_raw/SdA01022_CKDL210020579-1a-AK7078-AK4236_HKGLMDSX2_L2_2.fq.gz	16055622	15380735	4722018	4666639	3212828		95.7966	30.7009	98.8272	68.8467	0	0
fq_raw/SdA01023_CKDL210020579-1a-AK7078-AK10343_HKGLMDSX2_L2_1.fq.gz	19065873	18353842	5945166	5880406	2836873		96.2654	32.3919	98.9107	48.2428	0	0
fq_raw/SdA01023_CKDL210020579-1a-AK7078-AK10343_HKGLMDSX2_L2_2.fq.gz	19065873	18353842	5945166	5880406	2837369		96.2654	32.3919	98.9107	48.2512	0	0
fq_raw/SdA01024_CKDL210020579-1a-AK7078-AK4234_HKGLMDSX2_L2_1.fq.gz	7148570	6585341	3012771	2980415	1294013		92.1211	45.7497	98.926	43.4172	0	0
fq_raw/SdA01024_CKDL210020579-1a-AK7078-AK4234_HKGLMDSX2_L2_2.fq.gz	7148570	6585341	3012771	2980415	1291827		92.1211	45.7497	98.926	43.3439	0	0
fq_raw/SdA01025_CKDL210020579-1a-AK7078-GD06_HKGLMDSX2_L2_1.fq.gz	22132215	21500704	6883392	6805616	3894255		97.1466	32.0147	98.8701	57.2212	0	0
fq_raw/SdA01025_CKDL210020579-1a-AK7078-GD06_HKGLMDSX2_L2_2.fq.gz	22132215	21500704	6883392	6805616	3891667		97.1466	32.0147	98.8701	57.1832	0	0
fq_raw/SdA01026_CKDL210020579-1a-AK9143-AK533_HKGLMDSX2_L2_1.fq.gz	11804116	11240661	3777929	3737950	1641595		95.2266	33.6095	98.9418	43.917	0	0
fq_raw/SdA01026_CKDL210020579-1a-AK9143-AK533_HKGLMDSX2_L2_2.fq.gz	11804116	11240661	3777929	3737950	1645364		95.2266	33.6095	98.9418	44.0178	0	0
fq_raw/SdA01027_CKDL210020579-1a-AK9143-AK7557_HKGLMDSX2_L2_1.fq.gz	13278249	12480100	3976536	3934951	2258301		93.989	31.863	98.9542	57.3908	0	0
fq_raw/SdA01027_CKDL210020579-1a-AK9143-AK7557_HKGLMDSX2_L2_2.fq.gz	13278249	12480100	3976536	3934951	2258038		93.989	31.863	98.9542	57.3841	0	0
fq_raw/SdA01028_CKDL210020579-1a-AK9143-AK8488_HKGLMDSX2_L2_1.fq.gz	4524904	4314497	1739417	1722057	576135		95.35	40.3156	99.002	33.4562	0	0
fq_raw/SdA01028_CKDL210020579-1a-AK9143-AK8488_HKGLMDSX2_L2_2.fq.gz	4524904	4314497	1739417	1722057	577849		95.35	40.3156	99.002	33.5557	0	0
fq_raw/SdA01029_CKDL210020579-1a-AK9143-GC06_HKGLMDSX2_L2_1.fq.gz	20144639	19189160	7245131	7174061	3166069		95.2569	37.7564	99.0191	44.1322	0	0
fq_raw/SdA01029_CKDL210020579-1a-AK9143-GC06_HKGLMDSX2_L2_2.fq.gz	20144639	19189160	7245131	7174061	3170920		95.2569	37.7564	99.0191	44.1998	0	0
fq_raw/SdA01030_CKDL210020579-1a-AK9143-AK4236_HKGLMDSX2_L2_1.fq.gz	15658797	14990336	5170627	5119085	2606993		95.7311	34.4931	99.0032	50.9269	0	0
fq_raw/SdA01030_CKDL210020579-1a-AK9143-AK4236_HKGLMDSX2_L2_2.fq.gz	15658797	14990336	5170627	5119085	2605484		95.7311	34.4931	99.0032	50.8975	0	0
fq_raw/SdA01031_CKDL210020579-1a-AK9143-AK10343_HKGLMDSX2_L2_1.fq.gz	13337172	12901197	4149762	4112401	2825498		96.7311	32.1657	99.0997	68.7068	0	0
fq_raw/SdA01031_CKDL210020579-1a-AK9143-AK10343_HKGLMDSX2_L2_2.fq.gz	13337172	12901197	4149762	4112401	2825468		96.7311	32.1657	99.0997	68.706	0	0
fq_raw/SdA01032_CKDL210020579-1a-AK9143-AK4234_HKGLMDSX2_L2_1.fq.gz	7100676	6742876	2631710	2606524	957510		94.961	39.0295	99.043	36.7351	0	0
fq_raw/SdA01032_CKDL210020579-1a-AK9143-AK4234_HKGLMDSX2_L2_2.fq.gz	7100676	6742876	2631710	2606524	959460		94.961	39.0295	99.043	36.8099	0	0
fq_raw/SdA01033_CKDL210020579-1a-AK9143-GD06_HKGLMDSX2_L2_1.fq.gz	17004286	16370277	5489702	5436440	3605606		96.2715	33.5346	99.0298	66.3229	0	0
fq_raw/SdA01033_CKDL210020579-1a-AK9143-GD06_HKGLMDSX2_L2_2.fq.gz	17004286	16370277	5489702	5436440	3606584		96.2715	33.5346	99.0298	66.3409	0	0
fq_raw/SdA01034_CKDL210020579-1a-5UDI225-AK533_HKGLMDSX2_L2_1.fq.gz	21708647	20922158	6483076	6419847	2605400		96.3771	30.9867	99.0247	40.5835	0	0
fq_raw/SdA01034_CKDL210020579-1a-5UDI225-AK533_HKGLMDSX2_L2_2.fq.gz	21708647	20922158	6483076	6419847	2610236		96.3771	30.9867	99.0247	40.6589	0	0
fq_raw/SdA01035_CKDL210020579-1a-5UDI225-AK7557_HKGLMDSX2_L2_1.fq.gz	15015468	14136545	4330591	4286722	2568457		94.1465	30.634	98.987	59.9166	0	0
fq_raw/SdA01035_CKDL210020579-1a-5UDI225-AK7557_HKGLMDSX2_L2_2.fq.gz	15015468	14136545	4330591	4286722	2567481		94.1465	30.634	98.987	59.8938	0	0
fq_raw/SdA01036_CKDL210020579-1a-5UDI225-AK8488_HKGLMDSX2_L2_1.fq.gz	16325195	15918322	4897447	4851168	3213988		97.5077	30.7661	99.055	66.2518	0	0
fq_raw/SdA01036_CKDL210020579-1a-5UDI225-AK8488_HKGLMDSX2_L2_2.fq.gz	16325195	15918322	4897447	4851168	3213751		97.5077	30.7661	99.055	66.247	0	0
fq_raw/SdA01037_CKDL210020579-1a-5UDI225-GC06_HKGLMDSX2_L2_1.fq.gz	14442465	13804693	3928531	3888899	2443877		95.5841	28.4579	98.9912	62.8424	0	0
fq_raw/SdA01037_CKDL210020579-1a-5UDI225-GC06_HKGLMDSX2_L2_2.fq.gz	14442465	13804693	3928531	3888899	2442595		95.5841	28.4579	98.9912	62.8094	0	0
fq_raw/SdA01038_CKDL210020579-1a-5UDI225-AK4236_HKGLMDSX2_L2_1.fq.gz	5750331	5352912	1928677	1905960	821833		93.0888	36.0304	98.8221	43.1191	0	0
fq_raw/SdA01038_CKDL210020579-1a-5UDI225-AK4236_HKGLMDSX2_L2_2.fq.gz	5750331	5352912	1928677	1905960	821912		93.0888	36.0304	98.8221	43.1233	0	0
fq_raw/SdA01039_CKDL210020579-1a-5UDI225-AK10343_HKGLMDSX2_L2_1.fq.gz	16978292	16253767	5362295	5308398	2065612		95.7326	32.9911	98.9949	38.9122	0	0
fq_raw/SdA01039_CKDL210020579-1a-5UDI225-AK10343_HKGLMDSX2_L2_2.fq.gz	16978292	16253767	5362295	5308398	2072049		95.7326	32.9911	98.9949	39.0334	0	0
fq_raw/SdA01040_CKDL210020579-1a-5UDI225-AK4234_HKGLMDSX2_L2_1.fq.gz	7041805	6810526	2176677	2155560	1202870		96.7156	31.9605	99.0299	55.8031	0	0
fq_raw/SdA01040_CKDL210020579-1a-5UDI225-AK4234_HKGLMDSX2_L2_2.fq.gz	7041805	6810526	2176677	2155560	1203206		96.7156	31.9605	99.0299	55.8187	0	0
fq_raw/SdA01041_CKDL210020579-1a-5UDI225-GD06_HKGLMDSX2_L2_1.fq.gz	14382709	13643124	4291178	4245767	2337367		94.8578	31.453	98.9418	55.0517	0	0
fq_raw/SdA01041_CKDL210020579-1a-5UDI225-GD06_HKGLMDSX2_L2_2.fq.gz	14382709	13643124	4291178	4245767	2337040		94.8578	31.453	98.9418	55.044	0	0
fq_raw/SdA01042_CKDL210020579-1a-AK9144-AK533_HKGLMDSX2_L2_1.fq.gz	28075147	27114190	7311671	7237557	3550284		96.5772	26.9662	98.9864	49.0536	0	0
fq_raw/SdA01042_CKDL210020579-1a-AK9144-AK533_HKGLMDSX2_L2_2.fq.gz	28075147	27114190	7311671	7237557	3548689		96.5772	26.9662	98.9864	49.0316	0	0
fq_raw/SdA01043_CKDL210020579-1a-AK9144-AK7557_HKGLMDSX2_L2_1.fq.gz	7085980	6734915	2313839	2288056	824209		95.0456	34.3559	98.8857	36.0222	0	0
fq_raw/SdA01043_CKDL210020579-1a-AK9144-AK7557_HKGLMDSX2_L2_2.fq.gz	7085980	6734915	2313839	2288056	826786		95.0456	34.3559	98.8857	36.1349	0	0
fq_raw/SdA01045_CKDL210020579-1a-AK9144-GC06_HKGLMDSX2_L2_1.fq.gz	27276554	25997700	8350875	8264567	3224567		95.3115	32.1216	98.9665	39.0168	0	0
fq_raw/SdA01045_CKDL210020579-1a-AK9144-GC06_HKGLMDSX2_L2_2.fq.gz	27276554	25997700	8350875	8264567	3230494		95.3115	32.1216	98.9665	39.0885	0	0
fq_raw/SdA01046_CKDL210020579-1a-AK9144-AK4236_HKGLMDSX2_L2_1.fq.gz	15576168	14699583	4751366	4699871	2122116		94.3723	32.3231	98.9162	45.1526	0	0
fq_raw/SdA01046_CKDL210020579-1a-AK9144-AK4236_HKGLMDSX2_L2_2.fq.gz	15576168	14699583	4751366	4699871	2123221		94.3723	32.3231	98.9162	45.1762	0	0
fq_raw/SdA01047_CKDL210020579-1a-AK9144-AK10343_HKGLMDSX2_L2_1.fq.gz	9337500	8810924	2732708	2701091	1300372		94.3606	31.015	98.843	48.1425	0	0
fq_raw/SdA01047_CKDL210020579-1a-AK9144-AK10343_HKGLMDSX2_L2_2.fq.gz	9337500	8810924	2732708	2701091	1301826		94.3606	31.015	98.843	48.1963	0	0
fq_raw/SdA01048_CKDL210020579-1a-AK9144-AK4234_HKGLMDSX2_L2_1.fq.gz	13360176	12476440	4403064	4360013	1539057		93.3853	35.291	99.0222	35.2994	0	0
fq_raw/SdA01048_CKDL210020579-1a-AK9144-AK4234_HKGLMDSX2_L2_2.fq.gz	13360176	12476440	4403064	4360013	1541345		93.3853	35.291	99.0222	35.3518	0	0
fq_raw/SdA01049_CKDL210020579-1a-AK9144-GD06_HKGLMDSX2_L2_1.fq.gz	30705838	28750751	11536592	11409039	3458350		93.6328	40.1262	98.8944	30.3124	0	0
fq_raw/SdA01049_CKDL210020579-1a-AK9144-GD06_HKGLMDSX2_L2_2.fq.gz	30705838	28750751	11536592	11409039	3464117		93.6328	40.1262	98.8944	30.3629	0	0
fq_raw/SdA01050_CKDL210020579-1a-AK3911-GC06_HKGLMDSX2_L2_1.fq.gz	19445031	18360709	6781957	6714427	2778064		94.4237	36.9373	99.0043	41.3746	0	0
fq_raw/SdA01050_CKDL210020579-1a-AK3911-GC06_HKGLMDSX2_L2_2.fq.gz	19445031	18360709	6781957	6714427	2777586		94.4237	36.9373	99.0043	41.3674	0	0
fq_raw/SdA01051_CKDL210020579-1a-AK3911-GD06_HKGLMDSX2_L2_1.fq.gz	22429864	21593511	7049929	6980343	3049485		96.2713	32.6484	99.013	43.6868	0	0
fq_raw/SdA01051_CKDL210020579-1a-AK3911-GD06_HKGLMDSX2_L2_2.fq.gz	22429864	21593511	7049929	6980343	3048422		96.2713	32.6484	99.013	43.6715	0	0
fq_raw/SdA01052_CKDL210020579-1a-5UDI245-GC06_HKGLMDSX2_L2_1.fq.gz	18427568	17533990	6037662	5981645	2617809		95.1509	34.434	99.0722	43.764	0	0
fq_raw/SdA01052_CKDL210020579-1a-5UDI245-GC06_HKGLMDSX2_L2_2.fq.gz	18427568	17533990	6037662	5981645	2619008		95.1509	34.434	99.0722	43.7841	0	0
fq_raw/SdA01053_CKDL210020579-1a-5UDI245-GD06_HKGLMDSX2_L2_1.fq.gz	25354593	24281947	8284993	8202986	3509446		95.7694	34.12	99.0102	42.7825	0	0
fq_raw/SdA01053_CKDL210020579-1a-5UDI245-GD06_HKGLMDSX2_L2_2.fq.gz	25354593	24281947	8284993	8202986	3512287		95.7694	34.12	99.0102	42.8172	0	0
fq_raw/SdA01054_CKDL210020579-1a-AK8593-GC06_HKGLMDSX2_L2_1.fq.gz	21217838	20078705	7177445	7106408	3183615		94.6312	35.7466	99.0103	44.7992	0	0
fq_raw/SdA01054_CKDL210020579-1a-AK8593-GC06_HKGLMDSX2_L2_2.fq.gz	21217838	20078705	7177445	7106408	3185643		94.6312	35.7466	99.0103	44.8278	0	0
fq_raw/SdA01055_CKDL210020579-1a-AK8593-GD06_HKGLMDSX2_L2_1.fq.gz	19429880	17926495	6858140	6783033	2609277		92.2625	38.257	98.9048	38.4677	0	0
fq_raw/SdA01055_CKDL210020579-1a-AK8593-GD06_HKGLMDSX2_L2_2.fq.gz	19429880	17926495	6858140	6783033	2611946		92.2625	38.257	98.9048	38.5071	0	0
fq_raw/SdA01056_CKDL210020579-1a-5UDI294-GC06_HKGLMDSX2_L2_1.fq.gz	19351144	18377762	5956051	5894528	2699757		94.9699	32.409	98.9671	45.8011	0	0
fq_raw/SdA01056_CKDL210020579-1a-5UDI294-GC06_HKGLMDSX2_L2_2.fq.gz	19351144	18377762	5956051	5894528	2694390		94.9699	32.409	98.9671	45.71	0	0
fq_raw/SdA01057_CKDL210020579-1a-5UDI294-GD06_HKGLMDSX2_L2_1.fq.gz	10923685	10096526	3207778	3169159	1634672		92.4278	31.7711	98.7961	51.5806	0	0
fq_raw/SdA01057_CKDL210020579-1a-5UDI294-GD06_HKGLMDSX2_L2_2.fq.gz	10923685	10096526	3207778	3169159	1635987		92.4278	31.7711	98.7961	51.6221	0	0
fq_raw/SdA01059_CKDL210020579-1a-AK9146-GD06_HKGLMDSX2_L2_1.fq.gz	19774363	18357580	7782973	7694083	2493099		92.8353	42.3965	98.8579	32.4028	0	0
fq_raw/SdA01059_CKDL210020579-1a-AK9146-GD06_HKGLMDSX2_L2_2.fq.gz	19774363	18357580	7782973	7694083	2500723		92.8353	42.3965	98.8579	32.5019	0	0
fq_raw/SdA01060_CKDL210020579-1a-AK5577-GC06_HKGLMDSX2_L2_1.fq.gz	28238494	26328397	11595893	11476573	2956909		93.2358	44.0433	98.971	25.7647	0	0
fq_raw/SdA01060_CKDL210020579-1a-AK5577-GC06_HKGLMDSX2_L2_2.fq.gz	28238494	26328397	11595893	11476573	2967018		93.2358	44.0433	98.971	25.8528	0	0
fq_raw/SdA01061_CKDL210020579-1a-AK3911-AK533_HKGLMDSX2_L2_1.fq.gz	26334378	25502709	8404408	8322549	4618719		96.8419	32.955	99.026	55.4964	0	0
fq_raw/SdA01061_CKDL210020579-1a-AK3911-AK533_HKGLMDSX2_L2_2.fq.gz	26334378	25502709	8404408	8322549	4618334		96.8419	32.955	99.026	55.4918	0	0
fq_raw/SdA01062_CKDL210020579-1a-AK3911-AK4236_HKGLMDSX2_L2_1.fq.gz	21746182	20568923	7435267	7358984	2702899		94.5864	36.1481	98.974	36.7292	0	0
fq_raw/SdA01062_CKDL210020579-1a-AK3911-AK4236_HKGLMDSX2_L2_2.fq.gz	21746182	20568923	7435267	7358984	2702194		94.5864	36.1481	98.974	36.7197	0	0
fq_raw/SdA01063_CKDL210020579-1a-5UDI245-AK533_HKGLMDSX2_L2_1.fq.gz	21414928	20330050	7316221	7243948	2413258		94.934	35.9872	99.0122	33.3141	0	0
fq_raw/SdA01063_CKDL210020579-1a-5UDI245-AK533_HKGLMDSX2_L2_2.fq.gz	21414928	20330050	7316221	7243948	2416477		94.934	35.9872	99.0122	33.3586	0	0
fq_raw/SdA01064_CKDL210020579-1a-5UDI245-AK4236_HKGLMDSX2_L2_1.fq.gz	19470542	18368031	6906156	6836972	2438993		94.3375	37.5988	98.9982	35.6736	0	0
fq_raw/SdA01064_CKDL210020579-1a-5UDI245-AK4236_HKGLMDSX2_L2_2.fq.gz	19470542	18368031	6906156	6836972	2443287		94.3375	37.5988	98.9982	35.7364	0	0
fq_raw/SdA01065_CKDL210020579-1a-AK8593-AK533_HKGLMDSX2_L2_1.fq.gz	25140109	24017707	7690207	7611152	3693023		95.5354	32.0189	98.972	48.5212	0	0
fq_raw/SdA01065_CKDL210020579-1a-AK8593-AK533_HKGLMDSX2_L2_2.fq.gz	25140109	24017707	7690207	7611152	3695865		95.5354	32.0189	98.972	48.5585	0	0
fq_raw/SdA01066_CKDL210020579-1a-AK8593-AK4236_HKGLMDSX2_L2_1.fq.gz	13913154	13226971	4379388	4333121	2203829		95.0681	33.1095	98.9435	50.8601	0	0
fq_raw/SdA01066_CKDL210020579-1a-AK8593-AK4236_HKGLMDSX2_L2_2.fq.gz	13913154	13226971	4379388	4333121	2204740		95.0681	33.1095	98.9435	50.8811	0	0
fq_raw/SdA01067_CKDL210020579-1a-5UDI294-AK533_HKGLMDSX2_L2_1.fq.gz	23307648	22127557	8065295	7980982	3494698		94.9369	36.4491	98.9546	43.7878	0	0
fq_raw/SdA01067_CKDL210020579-1a-5UDI294-AK533_HKGLMDSX2_L2_2.fq.gz	23307648	22127557	8065295	7980982	3492134		94.9369	36.4491	98.9546	43.7557	0	0
fq_raw/SdA01068_CKDL210020579-1a-5UDI294-AK4236_HKGLMDSX2_L2_1.fq.gz	16950139	15532415	6293298	6223320	2201903		91.6359	40.5172	98.8881	35.3815	0	0
fq_raw/SdA01068_CKDL210020579-1a-5UDI294-AK4236_HKGLMDSX2_L2_2.fq.gz	16950139	15532415	6293298	6223320	2197628		91.6359	40.5172	98.8881	35.3128	0	0
fq_raw/SdA01069_CKDL210020579-1a-AK9146-AK533_HKGLMDSX2_L2_1.fq.gz	29037563	28330464	8589809	8500231	4898005		97.5649	30.32	98.9572	57.622	0	0
fq_raw/SdA01069_CKDL210020579-1a-AK9146-AK533_HKGLMDSX2_L2_2.fq.gz	29037563	28330464	8589809	8500231	4899025		97.5649	30.32	98.9572	57.634	0	0
fq_raw/SdA01071_CKDL210020579-1a-AK5577-AK533_HKGLMDSX2_L2_1.fq.gz	17731834	16390559	5967853	5902390	1744428		92.4358	36.4103	98.9031	29.5546	0	0
fq_raw/SdA01071_CKDL210020579-1a-AK5577-AK533_HKGLMDSX2_L2_2.fq.gz	17731834	16390559	5967853	5902390	1750485		92.4358	36.4103	98.9031	29.6572	0	0
fq_raw/SdA01072_CKDL210020579-1a-AK5577-AK4236_HKGLMDSX2_L2_1.fq.gz	35415604	33574849	11578798	11455722	4830800		94.8024	34.4865	98.9371	42.1693	0	0
fq_raw/SdA01072_CKDL210020579-1a-AK5577-AK4236_HKGLMDSX2_L2_2.fq.gz	35415604	33574849	11578798	11455722	4840630		94.8024	34.4865	98.9371	42.2551	0	0
fq_raw/SdA01073_CKDL210020579-1a-AK3911-AK7557_HKGLMDSX2_L2_1.fq.gz	12155383	11083329	3854276	3813615	1443717		91.1804	34.7754	98.945	37.8569	0	0
fq_raw/SdA01073_CKDL210020579-1a-AK3911-AK7557_HKGLMDSX2_L2_2.fq.gz	12155383	11083329	3854276	3813615	1443264		91.1804	34.7754	98.945	37.845	0	0
fq_raw/SdA01074_CKDL210020579-1a-AK3911-AK10343_HKGLMDSX2_L2_1.fq.gz	17626668	16761771	6007432	5949142	2349340		95.0932	35.8401	99.0297	39.4904	0	0
fq_raw/SdA01074_CKDL210020579-1a-AK3911-AK10343_HKGLMDSX2_L2_2.fq.gz	17626668	16761771	6007432	5949142	2350097		95.0932	35.8401	99.0297	39.5031	0	0
fq_raw/SdA01075_CKDL210020579-1a-5UDI245-AK7557_HKGLMDSX2_L2_1.fq.gz	23943738	23066732	6824698	6754294	3216247		96.3372	29.5868	98.9684	47.6178	0	0
fq_raw/SdA01075_CKDL210020579-1a-5UDI245-AK7557_HKGLMDSX2_L2_2.fq.gz	23943738	23066732	6824698	6754294	3219396		96.3372	29.5868	98.9684	47.6644	0	0
fq_raw/SdA01076_CKDL210020579-1a-5UDI245-AK10343_HKGLMDSX2_L2_1.fq.gz	15776461	14759270	5971684	5911489	1605052		93.5525	40.4606	98.992	27.1514	0	0
fq_raw/SdA01076_CKDL210020579-1a-5UDI245-AK10343_HKGLMDSX2_L2_2.fq.gz	15776461	14759270	5971684	5911489	1610885		93.5525	40.4606	98.992	27.2501	0	0
fq_raw/SdA01077_CKDL210020579-1a-AK8593-AK7557_HKGLMDSX2_L2_1.fq.gz	26715840	25309671	8878952	8785135	2872192		94.7366	35.0813	98.9434	32.6938	0	0
fq_raw/SdA01077_CKDL210020579-1a-AK8593-AK7557_HKGLMDSX2_L2_2.fq.gz	26715840	25309671	8878952	8785135	2874688		94.7366	35.0813	98.9434	32.7222	0	0
fq_raw/SdA01078_CKDL210020579-1a-AK8593-AK10343_HKGLMDSX2_L2_1.fq.gz	16998841	15722266	6799198	6733594	2293207		92.4902	43.2457	99.0351	34.0562	0	0
fq_raw/SdA01078_CKDL210020579-1a-AK8593-AK10343_HKGLMDSX2_L2_2.fq.gz	16998841	15722266	6799198	6733594	2298547		92.4902	43.2457	99.0351	34.1355	0	0
fq_raw/SdA01079_CKDL210020579-1a-5UDI294-AK7557_HKGLMDSX2_L2_1.fq.gz	18345034	17341718	6840323	6773541	2193735		94.5309	39.4443	99.0237	32.3868	0	0
fq_raw/SdA01079_CKDL210020579-1a-5UDI294-AK7557_HKGLMDSX2_L2_2.fq.gz	18345034	17341718	6840323	6773541	2193183		94.5309	39.4443	99.0237	32.3787	0	0
fq_raw/SdA01080_CKDL210020579-1a-5UDI294-AK10343_HKGLMDSX2_L2_1.fq.gz	15271884	14388535	5143196	5089364	1842684		94.2158	35.7451	98.9533	36.2066	0	0
fq_raw/SdA01080_CKDL210020579-1a-5UDI294-AK10343_HKGLMDSX2_L2_2.fq.gz	15271884	14388535	5143196	5089364	1845398		94.2158	35.7451	98.9533	36.2599	0	0
fq_raw/SdA01082_CKDL210020579-1a-AK9146-AK10343_HKGLMDSX2_L2_1.fq.gz	25877848	24241440	8982971	8886249	3272179		93.6764	37.0563	98.9233	36.8229	0	0
fq_raw/SdA01082_CKDL210020579-1a-AK9146-AK10343_HKGLMDSX2_L2_2.fq.gz	25877848	24241440	8982971	8886249	3279937		93.6764	37.0563	98.9233	36.9103	0	0
fq_raw/SdA01083_CKDL210020579-1a-AK5577-AK7557_HKGLMDSX2_L2_1.fq.gz	38715242	37424525	11229779	11109864	5778698		96.6661	30.0065	98.9322	52.0141	0	0
fq_raw/SdA01083_CKDL210020579-1a-AK5577-AK7557_HKGLMDSX2_L2_2.fq.gz	38715242	37424525	11229779	11109864	5785642		96.6661	30.0065	98.9322	52.0766	0	0
fq_raw/SdA01084_CKDL210020579-1a-AK5577-AK10343_HKGLMDSX2_L2_1.fq.gz	10723642	9763645	4187900	4143412	1126075		91.0478	42.8928	98.9377	27.1775	0	0
fq_raw/SdA01084_CKDL210020579-1a-AK5577-AK10343_HKGLMDSX2_L2_2.fq.gz	10723642	9763645	4187900	4143412	1132471		91.0478	42.8928	98.9377	27.3318	0	0
fq_raw/SdA01085_CKDL210020579-1a-AK3911-AK8488_HKGLMDSX2_L2_1.fq.gz	19240459	18467749	6195349	6133239	2710636		95.9839	33.5469	98.9975	44.1958	0	0
fq_raw/SdA01085_CKDL210020579-1a-AK3911-AK8488_HKGLMDSX2_L2_2.fq.gz	19240459	18467749	6195349	6133239	2707041		95.9839	33.5469	98.9975	44.1372	0	0
fq_raw/SdA01086_CKDL210020579-1a-AK3911-AK4234_HKGLMDSX2_L2_1.fq.gz	17057960	16145133	5668074	5614946	2104650		94.6487	35.107	99.0627	37.483	0	0
fq_raw/SdA01086_CKDL210020579-1a-AK3911-AK4234_HKGLMDSX2_L2_2.fq.gz	17057960	16145133	5668074	5614946	2102622		94.6487	35.107	99.0627	37.4469	0	0
fq_raw/SdA01087_CKDL210020579-1a-5UDI245-AK8488_HKGLMDSX2_L2_1.fq.gz	16009793	15179166	5467666	5411874	2383367		94.8118	36.0209	98.9796	44.0396	0	0
fq_raw/SdA01087_CKDL210020579-1a-5UDI245-AK8488_HKGLMDSX2_L2_2.fq.gz	16009793	15179166	5467666	5411874	2389551		94.8118	36.0209	98.9796	44.1539	0	0
fq_raw/SdA01088_CKDL210020579-1a-5UDI245-AK4234_HKGLMDSX2_L2_1.fq.gz	18768180	17684761	6293192	6231948	2539411		94.2274	35.5854	99.0268	40.7483	0	0
fq_raw/SdA01088_CKDL210020579-1a-5UDI245-AK4234_HKGLMDSX2_L2_2.fq.gz	18768180	17684761	6293192	6231948	2542057		94.2274	35.5854	99.0268	40.7907	0	0
fq_raw/SdA01089_CKDL210020579-1a-AK8593-AK8488_HKGLMDSX2_L2_1.fq.gz	25219074	23979773	8265617	8179376	3280168		95.0859	34.4691	98.9566	40.1029	0	0
fq_raw/SdA01089_CKDL210020579-1a-AK8593-AK8488_HKGLMDSX2_L2_2.fq.gz	25219074	23979773	8265617	8179376	3286850		95.0859	34.4691	98.9566	40.1846	0	0
fq_raw/SdA01090_CKDL210020579-1a-AK8593-AK4234_HKGLMDSX2_L2_1.fq.gz	28024248	26789185	8495225	8412117	4087675		95.5929	31.7114	99.0217	48.5927	0	0
fq_raw/SdA01090_CKDL210020579-1a-AK8593-AK4234_HKGLMDSX2_L2_2.fq.gz	28024248	26789185	8495225	8412117	4092137		95.5929	31.7114	99.0217	48.6457	0	0
fq_raw/SdA01091_CKDL210020579-1a-5UDI294-AK8488_HKGLMDSX2_L2_1.fq.gz	2575296	2392583	1086696	1073633	306531		92.9052	45.4194	98.7979	28.5508	0	0
fq_raw/SdA01091_CKDL210020579-1a-5UDI294-AK8488_HKGLMDSX2_L2_2.fq.gz	2575296	2392583	1086696	1073633	307985		92.9052	45.4194	98.7979	28.6862	0	0
fq_raw/SdA01092_CKDL210020579-1a-5UDI294-AK4234_HKGLMDSX2_L2_1.fq.gz	10780795	9593162	3996184	3954599	1174362		88.9838	41.6566	98.9594	29.6961	0	0
fq_raw/SdA01092_CKDL210020579-1a-5UDI294-AK4234_HKGLMDSX2_L2_2.fq.gz	10780795	9593162	3996184	3954599	1173360		88.9838	41.6566	98.9594	29.6708	0	0
fq_raw/SdA01094_CKDL210020579-1a-AK9146-AK4234_HKGLMDSX2_L2_1.fq.gz	18980819	17613649	7317257	7239835	2316029		92.7971	41.5431	98.9419	31.9901	0	0
fq_raw/SdA01094_CKDL210020579-1a-AK9146-AK4234_HKGLMDSX2_L2_2.fq.gz	18980819	17613649	7317257	7239835	2321395		92.7971	41.5431	98.9419	32.0642	0	0
fq_raw/SdA01095_CKDL210020579-1a-AK5577-AK8488_HKGLMDSX2_L2_1.fq.gz	11359711	9784214	4426156	4379693	974544		86.1308	45.2377	98.9503	22.2514	0	0
fq_raw/SdA01095_CKDL210020579-1a-AK5577-AK8488_HKGLMDSX2_L2_2.fq.gz	11359711	9784214	4426156	4379693	978550		86.1308	45.2377	98.9503	22.3429	0	0
fq_raw/SdA01096_CKDL210020579-1a-AK5577-AK4234_HKGLMDSX2_L2_1.fq.gz	17001880	15550094	7660009	7584748	2295884		91.461	49.2602	99.0175	30.2697	0	0
fq_raw/SdA01096_CKDL210020579-1a-AK5577-AK4234_HKGLMDSX2_L2_2.fq.gz	17001880	15550094	7660009	7584748	2303256		91.461	49.2602	99.0175	30.3669	0	0
fq_raw/SdA02001_CKDL210020579-1a-AK9143-AK7096_HKGLMDSX2_L2_1.fq.gz	3430796	3039727	867632	857040	405267		88.6012	28.5431	98.7792	47.2868	0	0
fq_raw/SdA02001_CKDL210020579-1a-AK9143-AK7096_HKGLMDSX2_L2_2.fq.gz	3430796	3039727	867632	857040	405769		88.6012	28.5431	98.7792	47.3454	0	0
fq_raw/SdA02002_CKDL210020579-1a-AK9144-AK7549_HKGLMDSX2_L2_1.fq.gz	7967431	7158445	1383086	1361568	935301		89.8463	19.321	98.4442	68.6929	0	0
fq_raw/SdA02002_CKDL210020579-1a-AK9144-AK7549_HKGLMDSX2_L2_2.fq.gz	7967431	7158445	1383086	1361568	939835		89.8463	19.321	98.4442	69.0259	0	0
fq_raw/SdA02003_CKDL210020579-1a-AK9143-7UDI286_HKGLMDSX2_L2_1.fq.gz	5401790	4851389	1912561	1888391	521260		89.8108	39.423	98.7362	27.6034	0	0
fq_raw/SdA02003_CKDL210020579-1a-AK9143-7UDI286_HKGLMDSX2_L2_2.fq.gz	5401790	4851389	1912561	1888391	521854		89.8108	39.423	98.7362	27.6348	0	0
fq_raw/SdA02004_CKDL210020579-1a-AK7758-AK7099_HKGLMDSX2_L2_1.fq.gz	7632267	6574998	4446110	4387915	420035		86.1474	67.6215	98.6911	9.57254	0	0
fq_raw/SdA02004_CKDL210020579-1a-AK7758-AK7099_HKGLMDSX2_L2_2.fq.gz	7632267	6574998	4446110	4387915	421398		86.1474	67.6215	98.6911	9.6036	0	0
fq_raw/SdA02005_CKDL210020579-1a-5UDI301-7UDI304_HKGLMDSX2_L2_1.fq.gz	9782490	8133913	4861200	4798564	744296		83.1477	59.7646	98.7115	15.5108	0	0
fq_raw/SdA02005_CKDL210020579-1a-5UDI301-7UDI304_HKGLMDSX2_L2_2.fq.gz	9782490	8133913	4861200	4798564	746635		83.1477	59.7646	98.7115	15.5596	0	0
fq_raw/SdA02006_CKDL210020579-1a-5UDI301-AK7096_HKGLMDSX2_L2_1.fq.gz	9608888	7980266	5460144	5386234	430990		83.0509	68.4206	98.6464	8.00169	0	0
fq_raw/SdA02006_CKDL210020579-1a-5UDI301-AK7096_HKGLMDSX2_L2_2.fq.gz	9608888	7980266	5460144	5386234	434615		83.0509	68.4206	98.6464	8.069	0	0
fq_raw/SdA02007_CKDL210020579-1a-AK7758-GD07_HKGLMDSX2_L2_1.fq.gz	8150868	6907000	4319356	4259005	434371		84.7394	62.5359	98.6028	10.1989	0	0
fq_raw/SdA02007_CKDL210020579-1a-AK7758-GD07_HKGLMDSX2_L2_2.fq.gz	8150868	6907000	4319356	4259005	437511		84.7394	62.5359	98.6028	10.2726	0	0
fq_raw/SdA02008_CKDL210020579-1a-AK7078-7UDI304_HKGLMDSX2_L2_1.fq.gz	5893174	3964786	2717257	2653276	134380		67.2776	68.5348	97.6454	5.06468	0	0
fq_raw/SdA02008_CKDL210020579-1a-AK7078-7UDI304_HKGLMDSX2_L2_2.fq.gz	5893174	3964786	2717257	2653276	134747		67.2776	68.5348	97.6454	5.07851	0	0
fq_raw/SdA02009_CKDL210020579-1a-AK9144-AK845_HKGLMDSX2_L2_1.fq.gz	5099746	4397570	858741	844555	535164		86.2312	19.5276	98.348	63.3664	0	0
fq_raw/SdA02009_CKDL210020579-1a-AK9144-AK845_HKGLMDSX2_L2_2.fq.gz	5099746	4397570	858741	844555	537835		86.2312	19.5276	98.348	63.6826	0	0
fq_raw/SdA02010_CKDL210020579-1a-AK7758-AK7549_HKGLMDSX2_L2_1.fq.gz	12024824	10586570	7301322	7206596	539845		88.0393	68.9678	98.7026	7.49098	0	0
fq_raw/SdA02010_CKDL210020579-1a-AK7758-AK7549_HKGLMDSX2_L2_2.fq.gz	12024824	10586570	7301322	7206596	540096		88.0393	68.9678	98.7026	7.49447	0	0
fq_raw/SdA02011_CKDL210020579-1a-5UDI301-7UDI286_HKGLMDSX2_L2_1.fq.gz	3539966	2976016	753472	742215	412356		84.0691	25.3181	98.506	55.5575	0	0
fq_raw/SdA02011_CKDL210020579-1a-5UDI301-7UDI286_HKGLMDSX2_L2_2.fq.gz	3539966	2976016	753472	742215	413808		84.0691	25.3181	98.506	55.7531	0	0
fq_raw/SdA02012_CKDL210020579-1a-AK7078-AK7096_HKGLMDSX2_L2_1.fq.gz	5496117	4845875	3090587	3051166	371600		88.1691	63.7777	98.7245	12.179	0	0
fq_raw/SdA02012_CKDL210020579-1a-AK7078-AK7096_HKGLMDSX2_L2_2.fq.gz	5496117	4845875	3090587	3051166	373766		88.1691	63.7777	98.7245	12.2499	0	0
fq_raw/SdA02013_CKDL210020579-1a-AK9143-AK7533_HKGLMDSX2_L2_1.fq.gz	5129211	4513958	2010907	1984839	401257		88.0049	44.5486	98.7037	20.2161	0	0
fq_raw/SdA02013_CKDL210020579-1a-AK9143-AK7533_HKGLMDSX2_L2_2.fq.gz	5129211	4513958	2010907	1984839	403129		88.0049	44.5486	98.7037	20.3104	0	0
fq_raw/SdA02014_CKDL210020579-1a-AK7758-AK7096_HKGLMDSX2_L2_1.fq.gz	8059378	7099478	3771434	3718861	649057		88.0897	53.1227	98.606	17.4531	0	0
fq_raw/SdA02014_CKDL210020579-1a-AK7758-AK7096_HKGLMDSX2_L2_2.fq.gz	8059378	7099478	3771434	3718861	651071		88.0897	53.1227	98.606	17.5073	0	0
fq_raw/SdA02015_CKDL210020579-1a-AK7078-7UDI286_HKGLMDSX2_L2_1.fq.gz	5007208	4262642	1842931	1818542	488128		85.1301	43.2345	98.6766	26.8417	0	0
fq_raw/SdA02015_CKDL210020579-1a-AK7078-7UDI286_HKGLMDSX2_L2_2.fq.gz	5007208	4262642	1842931	1818542	490090		85.1301	43.2345	98.6766	26.9496	0	0
fq_raw/SdA02016_CKDL210020579-1a-AK7078-AK7533_HKGLMDSX2_L2_1.fq.gz	7239373	6566083	2594077	2557514	337474		90.6996	39.5072	98.5905	13.1954	0	0
fq_raw/SdA02016_CKDL210020579-1a-AK7078-AK7533_HKGLMDSX2_L2_2.fq.gz	7239373	6566083	2594077	2557514	341890		90.6996	39.5072	98.5905	13.3681	0	0
fq_raw/SdA02017_CKDL210020579-1a-AK9144-AK7099_HKGLMDSX2_L2_1.fq.gz	5242297	4604887	947108	933019	500331		87.841	20.5675	98.5124	53.625	0	0
fq_raw/SdA02017_CKDL210020579-1a-AK9144-AK7099_HKGLMDSX2_L2_2.fq.gz	5242297	4604887	947108	933019	501365		87.841	20.5675	98.5124	53.7358	0	0
fq_raw/SdA02019_CKDL210020579-1a-AK9144-7UDI286_HKGLMDSX2_L2_1.fq.gz	4513270	3901042	1177961	1162339	455916		86.4349	30.1961	98.6738	39.224	0	0
fq_raw/SdA02019_CKDL210020579-1a-AK9144-7UDI286_HKGLMDSX2_L2_2.fq.gz	4513270	3901042	1177961	1162339	455832		86.4349	30.1961	98.6738	39.2168	0	0
fq_raw/SdA02020_CKDL210020579-1a-AK7758-AK845_HKGLMDSX2_L2_1.fq.gz	5651056	4732023	1787289	1762402	563524		83.737	37.7701	98.6076	31.9748	0	0
fq_raw/SdA02020_CKDL210020579-1a-AK7758-AK845_HKGLMDSX2_L2_2.fq.gz	5651056	4732023	1787289	1762402	564773		83.737	37.7701	98.6076	32.0456	0	0
fq_raw/SdA02021_CKDL210020579-1a-AK9143-AK7549_HKGLMDSX2_L2_1.fq.gz	6835472	6117223	2922297	2884286	584951		89.4923	47.7716	98.6993	20.2806	0	0
fq_raw/SdA02021_CKDL210020579-1a-AK9143-AK7549_HKGLMDSX2_L2_2.fq.gz	6835472	6117223	2922297	2884286	586411		89.4923	47.7716	98.6993	20.3312	0	0
fq_raw/SdA02022_CKDL210020579-1a-AK9144-GD07_HKGLMDSX2_L2_1.fq.gz	6529930	5856969	1159340	1141417	672505		89.6942	19.7942	98.454	58.9184	0	0
fq_raw/SdA02022_CKDL210020579-1a-AK9144-GD07_HKGLMDSX2_L2_2.fq.gz	6529930	5856969	1159340	1141417	674125		89.6942	19.7942	98.454	59.0604	0	0
fq_raw/SdA02023_CKDL210020579-1a-AK3911-7UDI304_HKGLMDSX2_L2_1.fq.gz	4854266	4133894	945576	933273	628535		85.16	22.8737	98.6989	67.3474	0	0
fq_raw/SdA02023_CKDL210020579-1a-AK3911-7UDI304_HKGLMDSX2_L2_2.fq.gz	4854266	4133894	945576	933273	630020		85.16	22.8737	98.6989	67.5065	0	0
fq_raw/SdA02024_CKDL210020579-1a-AK7078-AK7549_HKGLMDSX2_L2_1.fq.gz	6791893	5952659	2404100	2368084	628784		87.6436	40.387	98.5019	26.5524	0	0
fq_raw/SdA02024_CKDL210020579-1a-AK7078-AK7549_HKGLMDSX2_L2_2.fq.gz	6791893	5952659	2404100	2368084	631186		87.6436	40.387	98.5019	26.6539	0	0
fq_raw/SdA02025_CKDL210020579-1a-AK9143-GD07_HKGLMDSX2_L2_1.fq.gz	4674985	4126790	1814374	1791098	498910		88.2739	43.9657	98.7171	27.855	0	0
fq_raw/SdA02025_CKDL210020579-1a-AK9143-GD07_HKGLMDSX2_L2_2.fq.gz	4674985	4126790	1814374	1791098	500998		88.2739	43.9657	98.7171	27.9716	0	0
fq_raw/SdA02026_CKDL210020579-1a-AK3911-AK7096_HKGLMDSX2_L2_1.fq.gz	2765449	2213019	526671	519216	335091		80.0239	23.7988	98.5845	64.5379	0	0
fq_raw/SdA02026_CKDL210020579-1a-AK3911-AK7096_HKGLMDSX2_L2_2.fq.gz	2765449	2213019	526671	519216	335751		80.0239	23.7988	98.5845	64.665	0	0
fq_raw/SdA02027_CKDL210020579-1a-AK9143-AK845_HKGLMDSX2_L2_1.fq.gz	4598904	3911128	2108158	2080984	323983		85.0448	53.9015	98.711	15.5687	0	0
fq_raw/SdA02027_CKDL210020579-1a-AK9143-AK845_HKGLMDSX2_L2_2.fq.gz	4598904	3911128	2108158	2080984	325279		85.0448	53.9015	98.711	15.631	0	0
fq_raw/SdA02030_CKDL210020579-1a-AK3911-7UDI286_HKGLMDSX2_L2_1.fq.gz	2582915	2300836	536972	530074	363857		89.079	23.3381	98.7154	68.6427	0	0
fq_raw/SdA02030_CKDL210020579-1a-AK3911-7UDI286_HKGLMDSX2_L2_2.fq.gz	2582915	2300836	536972	530074	364683		89.079	23.3381	98.7154	68.7985	0	0
fq_raw/SdA02031_CKDL210020579-1a-AK3911-AK7533_HKGLMDSX2_L2_1.fq.gz	5841954	5405020	1176236	1160734	786904		92.5208	21.7619	98.6821	67.7937	0	0
fq_raw/SdA02031_CKDL210020579-1a-AK3911-AK7533_HKGLMDSX2_L2_2.fq.gz	5841954	5405020	1176236	1160734	789628		92.5208	21.7619	98.6821	68.0283	0	0
fq_raw/SdA02032_CKDL210020579-1a-AK3911-AK7549_HKGLMDSX2_L2_1.fq.gz	3907453	3286271	758979	748395	490645		84.1026	23.0954	98.6055	65.5596	0	0
fq_raw/SdA02032_CKDL210020579-1a-AK3911-AK7549_HKGLMDSX2_L2_2.fq.gz	3907453	3286271	758979	748395	492901		84.1026	23.0954	98.6055	65.8611	0	0
fq_raw/SdA02033_CKDL210020579-1a-AK9143-AK7099_HKGLMDSX2_L2_1.fq.gz	4743567	4276890	2081781	2055029	381872		90.1619	48.6751	98.7149	18.5823	0	0
fq_raw/SdA02033_CKDL210020579-1a-AK9143-AK7099_HKGLMDSX2_L2_2.fq.gz	4743567	4276890	2081781	2055029	383182		90.1619	48.6751	98.7149	18.6461	0	0
fq_raw/SdA02034_CKDL210020579-1a-AK3911-AK845_HKGLMDSX2_L2_1.fq.gz	2324616	2137179	472166	465382	280194		91.9369	22.093	98.5632	60.2073	0	0
fq_raw/SdA02034_CKDL210020579-1a-AK3911-AK845_HKGLMDSX2_L2_2.fq.gz	2324616	2137179	472166	465382	282136		91.9369	22.093	98.5632	60.6246	0	0
fq_raw/SdA02035_CKDL210020579-1a-AK7078-AK845_HKGLMDSX2_L2_1.fq.gz	5158889	4138012	1651904	1628550	374427		80.2113	39.9202	98.5862	22.9914	0	0
fq_raw/SdA02035_CKDL210020579-1a-AK7078-AK845_HKGLMDSX2_L2_2.fq.gz	5158889	4138012	1651904	1628550	376122		80.2113	39.9202	98.5862	23.0955	0	0
fq_raw/SdA02036_CKDL210020579-1a-AK7078-AK7099_HKGLMDSX2_L2_1.fq.gz	5293580	4698986	2580016	2545523	383988		88.7676	54.9058	98.6631	15.0848	0	0
fq_raw/SdA02036_CKDL210020579-1a-AK7078-AK7099_HKGLMDSX2_L2_2.fq.gz	5293580	4698986	2580016	2545523	386585		88.7676	54.9058	98.6631	15.1869	0	0
fq_raw/SdA02037_CKDL210020579-1a-AK3911-AK7099_HKGLMDSX2_L2_1.fq.gz	6682177	6215926	1345400	1327786	754907		93.0225	21.6444	98.6908	56.8546	0	0
fq_raw/SdA02037_CKDL210020579-1a-AK3911-AK7099_HKGLMDSX2_L2_2.fq.gz	6682177	6215926	1345400	1327786	758028		93.0225	21.6444	98.6908	57.0896	0	0
fq_raw/SdA02038_CKDL210020579-1a-AK3911-GD07_HKGLMDSX2_L2_1.fq.gz	172634	154644	85100	53346	19408		89.5791	55.0296	62.6863	36.3814	0	0
fq_raw/SdA02038_CKDL210020579-1a-AK3911-GD07_HKGLMDSX2_L2_2.fq.gz	172634	154644	85100	53346	19348		89.5791	55.0296	62.6863	36.2689	0	0
fq_raw/SdA02039_CKDL210020579-1a-5UDI245-7UDI304_HKGLMDSX2_L2_1.fq.gz	3010286	2529075	579148	570750	362160		84.0144	22.8996	98.5499	63.4534	0	0
fq_raw/SdA02039_CKDL210020579-1a-5UDI245-7UDI304_HKGLMDSX2_L2_2.fq.gz	3010286	2529075	579148	570750	362972		84.0144	22.8996	98.5499	63.5956	0	0
fq_raw/SdA02041_CKDL210020579-1a-5UDI245-AK7096_HKGLMDSX2_L2_1.fq.gz	2331427	1494609	377618	331662	216096		64.107	25.2653	87.83	65.1555	0	0
fq_raw/SdA02041_CKDL210020579-1a-5UDI245-AK7096_HKGLMDSX2_L2_2.fq.gz	2331427	1494609	377618	331662	215867		64.107	25.2653	87.83	65.0864	0	0
fq_raw/SdA02044_CKDL210020579-1a-5UDI245-7UDI286_HKGLMDSX2_L2_1.fq.gz	3225226	2698916	590987	582758	379220		83.6815	21.8972	98.6076	65.0733	0	0
fq_raw/SdA02044_CKDL210020579-1a-5UDI245-7UDI286_HKGLMDSX2_L2_2.fq.gz	3225226	2698916	590987	582758	379682		83.6815	21.8972	98.6076	65.1526	0	0
fq_raw/SdA02045_CKDL210020579-1a-AK9144-AK7533_HKGLMDSX2_L2_1.fq.gz	4812730	4370472	885710	872934	537584		90.8107	20.2658	98.5575	61.5836	0	0
fq_raw/SdA02045_CKDL210020579-1a-AK9144-AK7533_HKGLMDSX2_L2_2.fq.gz	4812730	4370472	885710	872934	539125		90.8107	20.2658	98.5575	61.7601	0	0
fq_raw/SdA02046_CKDL210020579-1a-5UDI225-7UDI304_HKGLMDSX2_L2_1.fq.gz	7665472	6808137	2898644	2862568	732591		88.8156	42.5762	98.7554	25.5921	0	0
fq_raw/SdA02046_CKDL210020579-1a-5UDI225-7UDI304_HKGLMDSX2_L2_2.fq.gz	7665472	6808137	2898644	2862568	733968		88.8156	42.5762	98.7554	25.6402	0	0
fq_raw/SdA02047_CKDL210020579-1a-5UDI245-AK7533_HKGLMDSX2_L2_1.fq.gz	2220612	1884829	442820	398437	256809		84.8788	23.4939	89.9772	64.4541	0	0
fq_raw/SdA02047_CKDL210020579-1a-5UDI245-AK7533_HKGLMDSX2_L2_2.fq.gz	2220612	1884829	442820	398437	256962		84.8788	23.4939	89.9772	64.4925	0	0
fq_raw/SdA02048_CKDL210020579-1a-5UDI245-AK7549_HKGLMDSX2_L2_1.fq.gz	5239593	4477123	972073	958206	584727		85.4479	21.712	98.5735	61.0231	0	0
fq_raw/SdA02048_CKDL210020579-1a-5UDI245-AK7549_HKGLMDSX2_L2_2.fq.gz	5239593	4477123	972073	958206	587771		85.4479	21.712	98.5735	61.3408	0	0
fq_raw/SdA02049_CKDL210020579-1a-AK7078-GD07_HKGLMDSX2_L2_1.fq.gz	10022934	8583653	5696954	5617515	559565		85.6401	66.3698	98.6056	9.96108	0	0
fq_raw/SdA02049_CKDL210020579-1a-AK7078-GD07_HKGLMDSX2_L2_2.fq.gz	10022934	8583653	5696954	5617515	565413		85.6401	66.3698	98.6056	10.0652	0	0
fq_raw/SdA02050_CKDL210020579-1a-5UDI301-AK7533_HKGLMDSX2_L2_1.fq.gz	10353920	8970332	5719304	5644562	653748		86.6371	63.758	98.6932	11.5819	0	0
fq_raw/SdA02050_CKDL210020579-1a-5UDI301-AK7533_HKGLMDSX2_L2_2.fq.gz	10353920	8970332	5719304	5644562	657140		86.6371	63.758	98.6932	11.642	0	0
fq_raw/SdA02051_CKDL210020579-1a-5UDI225-AK7096_HKGLMDSX2_L2_1.fq.gz	8165412	6916005	4279351	4223218	356036		84.6988	61.8761	98.6883	8.43044	0	0
fq_raw/SdA02051_CKDL210020579-1a-5UDI225-AK7096_HKGLMDSX2_L2_2.fq.gz	8165412	6916005	4279351	4223218	358603		84.6988	61.8761	98.6883	8.49123	0	0
fq_raw/SdA02052_CKDL210020579-1a-AK9143-7UDI304_HKGLMDSX2_L2_1.fq.gz	7766597	6933077	4019553	3971321	815197		89.2679	57.9765	98.8001	20.5271	0	0
fq_raw/SdA02052_CKDL210020579-1a-AK9143-7UDI304_HKGLMDSX2_L2_2.fq.gz	7766597	6933077	4019553	3971321	817180		89.2679	57.9765	98.8001	20.577	0	0
fq_raw/SdA02053_CKDL210020579-1a-5UDI301-AK7549_HKGLMDSX2_L2_1.fq.gz	9621758	8460267	5150378	5075363	659857		87.9285	60.8773	98.5435	13.0012	0	0
fq_raw/SdA02053_CKDL210020579-1a-5UDI301-AK7549_HKGLMDSX2_L2_2.fq.gz	9621758	8460267	5150378	5075363	663465		87.9285	60.8773	98.5435	13.0723	0	0
fq_raw/SdA02054_CKDL210020579-1a-AK7758-7UDI286_HKGLMDSX2_L2_1.fq.gz	9832461	8539202	5562135	5488076	488997		86.847	65.1365	98.6685	8.91017	0	0
fq_raw/SdA02054_CKDL210020579-1a-AK7758-7UDI286_HKGLMDSX2_L2_2.fq.gz	9832461	8539202	5562135	5488076	489867		86.847	65.1365	98.6685	8.92602	0	0
fq_raw/SdA02055_CKDL210020579-1a-5UDI301-AK845_HKGLMDSX2_L2_1.fq.gz	8088734	6883593	4384560	4326696	572670		85.101	63.6958	98.6803	13.2357	0	0
fq_raw/SdA02055_CKDL210020579-1a-5UDI301-AK845_HKGLMDSX2_L2_2.fq.gz	8088734	6883593	4384560	4326696	575390		85.101	63.6958	98.6803	13.2986	0	0
fq_raw/SdA02056_CKDL210020579-1a-5UDI225-7UDI286_HKGLMDSX2_L2_1.fq.gz	6268764	5496315	2829158	2793938	470491		87.6778	51.4737	98.7551	16.8397	0	0
fq_raw/SdA02056_CKDL210020579-1a-5UDI225-7UDI286_HKGLMDSX2_L2_2.fq.gz	6268764	5496315	2829158	2793938	471144		87.6778	51.4737	98.7551	16.8631	0	0
fq_raw/SdA02057_CKDL210020579-1a-5UDI225-AK7533_HKGLMDSX2_L2_1.fq.gz	2642153	2260173	1416543	1396719	105360		85.5429	62.6741	98.6005	7.54339	0	0
fq_raw/SdA02057_CKDL210020579-1a-5UDI225-AK7533_HKGLMDSX2_L2_2.fq.gz	2642153	2260173	1416543	1396719	106106		85.5429	62.6741	98.6005	7.5968	0	0
fq_raw/SdA02058_CKDL210020579-1a-5UDI301-AK7099_HKGLMDSX2_L2_1.fq.gz	8611946	7178398	5128321	5059732	404202		83.354	71.441	98.6625	7.9886	0	0
fq_raw/SdA02058_CKDL210020579-1a-5UDI301-AK7099_HKGLMDSX2_L2_2.fq.gz	8611946	7178398	5128321	5059732	407278		83.354	71.441	98.6625	8.0494	0	0
fq_raw/SdA02059_CKDL210020579-1a-5UDI225-AK7549_HKGLMDSX2_L2_1.fq.gz	6660797	5517865	3730707	3682968	227442		82.8409	67.6114	98.7204	6.17551	0	0
fq_raw/SdA02059_CKDL210020579-1a-5UDI225-AK7549_HKGLMDSX2_L2_2.fq.gz	6660797	5517865	3730707	3682968	229757		82.8409	67.6114	98.7204	6.23837	0	0
fq_raw/SdA02060_CKDL210020579-1a-AK7758-AK7533_HKGLMDSX2_L2_1.fq.gz	10531456	8793782	5657501	5579476	400153		83.5002	64.3352	98.6209	7.17187	0	0
fq_raw/SdA02060_CKDL210020579-1a-AK7758-AK7533_HKGLMDSX2_L2_2.fq.gz	10531456	8793782	5657501	5579476	402390		83.5002	64.3352	98.6209	7.21197	0	0
fq_raw/SdA02061_CKDL210020579-1a-5UDI301-GD07_HKGLMDSX2_L2_1.fq.gz	10379880	8868536	6305545	6220895	551674		85.4397	71.1002	98.6575	8.86808	0	0
fq_raw/SdA02061_CKDL210020579-1a-5UDI301-GD07_HKGLMDSX2_L2_2.fq.gz	10379880	8868536	6305545	6220895	561910		85.4397	71.1002	98.6575	9.03262	0	0
fq_raw/SdA02062_CKDL210020579-1a-5UDI225-AK845_HKGLMDSX2_L2_1.fq.gz	5678487	5144866	1225221	1208770	635080		90.6028	23.8144	98.6573	52.5394	0	0
fq_raw/SdA02062_CKDL210020579-1a-5UDI225-AK845_HKGLMDSX2_L2_2.fq.gz	5678487	5144866	1225221	1208770	636332		90.6028	23.8144	98.6573	52.6429	0	0
fq_raw/SdA02063_CKDL210020579-1a-5UDI225-AK7099_HKGLMDSX2_L2_1.fq.gz	7417050	6222177	3638327	3588308	346235		83.8902	58.4735	98.6252	9.64898	0	0
fq_raw/SdA02063_CKDL210020579-1a-5UDI225-AK7099_HKGLMDSX2_L2_2.fq.gz	7417050	6222177	3638327	3588308	347559		83.8902	58.4735	98.6252	9.68587	0	0
fq_raw/SdA02064_CKDL210020579-1a-AK7758-7UDI304_HKGLMDSX2_L2_1.fq.gz	12311462	10747229	6352662	6266898	797529		87.2945	59.1098	98.65	12.7261	0	0
fq_raw/SdA02064_CKDL210020579-1a-AK7758-7UDI304_HKGLMDSX2_L2_2.fq.gz	12311462	10747229	6352662	6266898	799434		87.2945	59.1098	98.65	12.7565	0	0
fq_raw/SdA02065_CKDL210020579-1a-5UDI225-GD07_HKGLMDSX2_L2_1.fq.gz	5674982	4968994	1451141	1429216	578734		87.5596	29.2039	98.4891	40.4931	0	0
fq_raw/SdA02065_CKDL210020579-1a-5UDI225-GD07_HKGLMDSX2_L2_2.fq.gz	5674982	4968994	1451141	1429216	580338		87.5596	29.2039	98.4891	40.6053	0	0
fq_raw/SdC01001_CKDL210020579-1a-AK3905-AK4997_HKGLMDSX2_L2_1.fq.gz	10891117	10666213	3027211	2984269	2592122		97.935	28.3813	98.5815	86.8595	0	0
fq_raw/SdC01001_CKDL210020579-1a-AK3905-AK4997_HKGLMDSX2_L2_2.fq.gz	10891117	10666213	3027211	2984269	2586992		97.935	28.3813	98.5815	86.6876	0	0
fq_raw/SdC01002_CKDL210020579-1a-AK3905-7UDI243_HKGLMDSX2_L2_1.fq.gz	24972605	24378892	6946288	6841539	5911601		97.6225	28.493	98.492	86.4075	0	0
fq_raw/SdC01002_CKDL210020579-1a-AK3905-7UDI243_HKGLMDSX2_L2_2.fq.gz	24972605	24378892	6946288	6841539	5898584		97.6225	28.493	98.492	86.2172	0	0
fq_raw/SdC01003_CKDL210020579-1a-AK7759-7UDI298_HKGLMDSX2_L2_1.fq.gz	13163903	12851617	3763982	3706997	3195023		97.6277	29.288	98.486	86.189	0	0
fq_raw/SdC01003_CKDL210020579-1a-AK7759-7UDI298_HKGLMDSX2_L2_2.fq.gz	13163903	12851617	3763982	3706997	3186668		97.6277	29.288	98.486	85.9636	0	0
fq_raw/SdC01004_CKDL210020579-1a-AK9142-AK9148_HKGLMDSX2_L2_1.fq.gz	3861220	3714489	1178505	1161968	968137		96.1999	31.7272	98.5968	83.3187	0	0
fq_raw/SdC01004_CKDL210020579-1a-AK9142-AK9148_HKGLMDSX2_L2_2.fq.gz	3861220	3714489	1178505	1161968	965697		96.1999	31.7272	98.5968	83.1087	0	0
fq_raw/SdC01005_CKDL210020579-1a-AK7761-AK9148_HKGLMDSX2_L2_1.fq.gz	10819369	10488412	3033114	2986592	2539474		96.9411	28.9187	98.4662	85.0292	0	0
fq_raw/SdC01005_CKDL210020579-1a-AK7761-AK9148_HKGLMDSX2_L2_2.fq.gz	10819369	10488412	3033114	2986592	2531229		96.9411	28.9187	98.4662	84.7531	0	0
fq_raw/SdC01006_CKDL210020579-1a-AK6881-AK8544_HKGLMDSX2_L2_1.fq.gz	12697964	12381943	3511397	3459180	2960219		97.5112	28.359	98.5129	85.5757	0	0
fq_raw/SdC01006_CKDL210020579-1a-AK6881-AK8544_HKGLMDSX2_L2_2.fq.gz	12697964	12381943	3511397	3459180	2951595		97.5112	28.359	98.5129	85.3264	0	0
fq_raw/SdC01007_CKDL210020579-1a-AK9142-7UDI298_HKGLMDSX2_L2_1.fq.gz	11409205	11093045	3359900	3312597	2821362		97.2289	30.2883	98.5921	85.1707	0	0
fq_raw/SdC01007_CKDL210020579-1a-AK9142-7UDI298_HKGLMDSX2_L2_2.fq.gz	11409205	11093045	3359900	3312597	2815554		97.2289	30.2883	98.5921	84.9954	0	0
fq_raw/SdC01008_CKDL210020579-1a-AK6881-7UDI227_HKGLMDSX2_L2_1.fq.gz	26496256	25851577	7531071	7413915	6340724		97.5669	29.132	98.4444	85.5246	0	0
fq_raw/SdC01008_CKDL210020579-1a-AK6881-7UDI227_HKGLMDSX2_L2_2.fq.gz	26496256	25851577	7531071	7413915	6315195		97.5669	29.132	98.4444	85.1803	0	0
fq_raw/SdC01009_CKDL210020579-1a-AK7010-AK8544_HKGLMDSX2_L2_1.fq.gz	22303200	21733915	5838854	5749058	5005778		97.4475	26.8652	98.4621	87.0713	0	0
fq_raw/SdC01009_CKDL210020579-1a-AK7010-AK8544_HKGLMDSX2_L2_2.fq.gz	22303200	21733915	5838854	5749058	4982855		97.4475	26.8652	98.4621	86.6725	0	0
fq_raw/SdC01010_CKDL210020579-1a-5UDI298-AK892_HKGLMDSX2_L2_1.fq.gz	21728203	21269263	6026234	5936452	5145093		97.8878	28.3331	98.5101	86.6695	0	0
fq_raw/SdC01010_CKDL210020579-1a-5UDI298-AK892_HKGLMDSX2_L2_2.fq.gz	21728203	21269263	6026234	5936452	5129398		97.8878	28.3331	98.5101	86.4051	0	0
fq_raw/SdC01011_CKDL210020579-1a-AK3905-AK33_HKGLMDSX2_L2_1.fq.gz	28610755	27890390	8021275	7899455	6767854		97.4822	28.76	98.4813	85.6749	0	0
fq_raw/SdC01011_CKDL210020579-1a-AK3905-AK33_HKGLMDSX2_L2_2.fq.gz	28610755	27890390	8021275	7899455	6747098		97.4822	28.76	98.4813	85.4122	0	0
fq_raw/SdC01012_CKDL210020579-1a-AK8587-7UDI298_HKGLMDSX2_L2_1.fq.gz	15892735	15475516	4432643	4365790	3571654		97.3748	28.6429	98.4918	81.81	0	0
fq_raw/SdC01012_CKDL210020579-1a-AK8587-7UDI298_HKGLMDSX2_L2_2.fq.gz	15892735	15475516	4432643	4365790	3562668		97.3748	28.6429	98.4918	81.6042	0	0
fq_raw/SdC01013_CKDL210020579-1a-AK9141-AK9148_HKGLMDSX2_L2_1.fq.gz	14868470	14472561	4327930	4261920	3633869		97.3373	29.9044	98.4748	85.2637	0	0
fq_raw/SdC01013_CKDL210020579-1a-AK9141-AK9148_HKGLMDSX2_L2_2.fq.gz	14868470	14472561	4327930	4261920	3622515		97.3373	29.9044	98.4748	84.9973	0	0
fq_raw/SdC01014_CKDL210020579-1a-AK6260-AK892_HKGLMDSX2_L2_1.fq.gz	22237047	21641694	6612440	6499594	5551017		97.3227	30.5542	98.2934	85.4056	0	0
fq_raw/SdC01014_CKDL210020579-1a-AK6260-AK892_HKGLMDSX2_L2_2.fq.gz	22237047	21641694	6612440	6499594	5538028		97.3227	30.5542	98.2934	85.2058	0	0
fq_raw/SdC01015_CKDL210020579-1a-AK6260-AK8544_HKGLMDSX2_L2_1.fq.gz	18719237	18225391	5402165	5314817	4462083		97.3618	29.6409	98.3831	83.9555	0	0
fq_raw/SdC01015_CKDL210020579-1a-AK6260-AK8544_HKGLMDSX2_L2_2.fq.gz	18719237	18225391	5402165	5314817	4450591		97.3618	29.6409	98.3831	83.7393	0	0
fq_raw/SdC01016_CKDL210020579-1a-AK8587-AK33_HKGLMDSX2_L2_1.fq.gz	15961676	15390667	4508824	4438311	3407782		96.4226	29.2958	98.4361	76.7811	0	0
fq_raw/SdC01016_CKDL210020579-1a-AK8587-AK33_HKGLMDSX2_L2_2.fq.gz	15961676	15390667	4508824	4438311	3398745		96.4226	29.2958	98.4361	76.5774	0	0
fq_raw/SdC01017_CKDL210020579-1a-AK7759-7UDI227_HKGLMDSX2_L2_1.fq.gz	23245823	22554091	6650810	6538949	5349698		97.0243	29.4883	98.3181	81.8128	0	0
fq_raw/SdC01017_CKDL210020579-1a-AK7759-7UDI227_HKGLMDSX2_L2_2.fq.gz	23245823	22554091	6650810	6538949	5336920		97.0243	29.4883	98.3181	81.6174	0	0
fq_raw/SdC01018_CKDL210020579-1a-AK8587-AK9148_HKGLMDSX2_L2_1.fq.gz	5200957	5010503	1537807	1516388	1258104		96.3381	30.6917	98.6072	82.9672	0	0
fq_raw/SdC01018_CKDL210020579-1a-AK8587-AK9148_HKGLMDSX2_L2_2.fq.gz	5200957	5010503	1537807	1516388	1252960		96.3381	30.6917	98.6072	82.6279	0	0
fq_raw/SdC01020_CKDL210020579-1a-AK6881-7UDI243_HKGLMDSX2_L2_1.fq.gz	5921934	5711456	1853833	1826466	1461316		96.4458	32.4582	98.5238	80.0078	0	0
fq_raw/SdC01020_CKDL210020579-1a-AK6881-7UDI243_HKGLMDSX2_L2_2.fq.gz	5921934	5711456	1853833	1826466	1460339		96.4458	32.4582	98.5238	79.9543	0	0
fq_raw/SdC01021_CKDL210020579-1a-AK9141-AK8544_HKGLMDSX2_L2_1.fq.gz	17670259	17236502	4910413	4837884	4134926		97.5453	28.4885	98.523	85.4697	0	0
fq_raw/SdC01021_CKDL210020579-1a-AK9141-AK8544_HKGLMDSX2_L2_2.fq.gz	17670259	17236502	4910413	4837884	4122591		97.5453	28.4885	98.523	85.2148	0	0
fq_raw/SdC01022_CKDL210020579-1a-AK6260-7UDI298_HKGLMDSX2_L2_1.fq.gz	10646356	10304603	3252464	3202549	2664011		96.79	31.5632	98.4653	83.1841	0	0
fq_raw/SdC01022_CKDL210020579-1a-AK6260-7UDI298_HKGLMDSX2_L2_2.fq.gz	10646356	10304603	3252464	3202549	2653933		96.79	31.5632	98.4653	82.8694	0	0
fq_raw/SdC01023_CKDL210020579-1a-AK6260-7UDI227_HKGLMDSX2_L2_1.fq.gz	19962245	19433149	5968285	5876965	5064994		97.3495	30.7119	98.4699	86.1838	0	0
fq_raw/SdC01023_CKDL210020579-1a-AK6260-7UDI227_HKGLMDSX2_L2_2.fq.gz	19962245	19433149	5968285	5876965	5053092		97.3495	30.7119	98.4699	85.9813	0	0
fq_raw/SdC01024_CKDL210020579-1a-AK7761-AK33_HKGLMDSX2_L2_1.fq.gz	21966965	21424743	6210780	6116177	5233837		97.5316	28.9888	98.4768	85.5737	0	0
fq_raw/SdC01024_CKDL210020579-1a-AK7761-AK33_HKGLMDSX2_L2_2.fq.gz	21966965	21424743	6210780	6116177	5216224		97.5316	28.9888	98.4768	85.2857	0	0
fq_raw/SdC01025_CKDL210020579-1a-AK9141-AK33_HKGLMDSX2_L2_1.fq.gz	9980101	9660400	2996307	2950218	2466109		96.7966	31.0164	98.4618	83.5907	0	0
fq_raw/SdC01025_CKDL210020579-1a-AK9141-AK33_HKGLMDSX2_L2_2.fq.gz	9980101	9660400	2996307	2950218	2462982		96.7966	31.0164	98.4618	83.4847	0	0
fq_raw/SdC01026_CKDL210020579-1a-AK9142-7UDI227_HKGLMDSX2_L2_1.fq.gz	757802	698271	268132	264524	212404		92.1443	38.3994	98.6544	80.2967	0	0
fq_raw/SdC01026_CKDL210020579-1a-AK9142-7UDI227_HKGLMDSX2_L2_2.fq.gz	757802	698271	268132	264524	211831		92.1443	38.3994	98.6544	80.0801	0	0
fq_raw/SdC01027_CKDL210020579-1a-AK8410-7UDI298_HKGLMDSX2_L2_1.fq.gz	14762517	14353398	4182055	4117501	3168974		97.2287	29.1363	98.4564	76.9635	0	0
fq_raw/SdC01027_CKDL210020579-1a-AK8410-7UDI298_HKGLMDSX2_L2_2.fq.gz	14762517	14353398	4182055	4117501	3169102		97.2287	29.1363	98.4564	76.9666	0	0
fq_raw/SdC01028_CKDL210020579-1a-AK8410-7UDI227_HKGLMDSX2_L2_1.fq.gz	10321982	9937437	2979654	2935070	2202471		96.2745	29.9841	98.5037	75.0398	0	0
fq_raw/SdC01028_CKDL210020579-1a-AK8410-7UDI227_HKGLMDSX2_L2_2.fq.gz	10321982	9937437	2979654	2935070	2199442		96.2745	29.9841	98.5037	74.9366	0	0
fq_raw/SdC01029_CKDL210020579-1a-AK8410-AK8544_HKGLMDSX2_L2_1.fq.gz	21411066	20863611	5924966	5831926	4475222		97.4431	28.3986	98.4297	76.7366	0	0
fq_raw/SdC01029_CKDL210020579-1a-AK8410-AK8544_HKGLMDSX2_L2_2.fq.gz	21411066	20863611	5924966	5831926	4464045		97.4431	28.3986	98.4297	76.545	0	0
fq_raw/SdC01030_CKDL210020579-1a-AK7759-AK9148_HKGLMDSX2_L2_1.fq.gz	4018411	3822111	1209885	1191282	876004		95.115	31.6549	98.4624	73.5346	0	0
fq_raw/SdC01030_CKDL210020579-1a-AK7759-AK9148_HKGLMDSX2_L2_2.fq.gz	4018411	3822111	1209885	1191282	874170		95.115	31.6549	98.4624	73.3806	0	0
fq_raw/SdC01031_CKDL210020579-1a-AK9142-AK33_HKGLMDSX2_L2_1.fq.gz	30292483	29612259	8854568	8718794	7532483		97.7545	29.9017	98.4666	86.3936	0	0
fq_raw/SdC01031_CKDL210020579-1a-AK9142-AK33_HKGLMDSX2_L2_2.fq.gz	30292483	29612259	8854568	8718794	7507760		97.7545	29.9017	98.4666	86.1101	0	0
fq_raw/SdC01032_CKDL210020579-1a-AK6260-AK4997_HKGLMDSX2_L2_1.fq.gz	13270799	12813960	4165099	4097384	3360011		96.5576	32.5044	98.3742	82.0038	0	0
fq_raw/SdC01032_CKDL210020579-1a-AK6260-AK4997_HKGLMDSX2_L2_2.fq.gz	13270799	12813960	4165099	4097384	3351462		96.5576	32.5044	98.3742	81.7952	0	0
fq_raw/SdC01033_CKDL210020579-1a-AK9141-AK892_HKGLMDSX2_L2_1.fq.gz	15241893	14811837	4424236	4356824	3676477		97.1785	29.8696	98.4763	84.3843	0	0
fq_raw/SdC01033_CKDL210020579-1a-AK9141-AK892_HKGLMDSX2_L2_2.fq.gz	15241893	14811837	4424236	4356824	3667713		97.1785	29.8696	98.4763	84.1832	0	0
fq_raw/SdC01034_CKDL210020579-1a-AK6260-AK33_HKGLMDSX2_L2_1.fq.gz	26806080	26126799	7839272	7715935	6694478		97.4659	30.0047	98.4267	86.7617	0	0
fq_raw/SdC01034_CKDL210020579-1a-AK6260-AK33_HKGLMDSX2_L2_2.fq.gz	26806080	26126799	7839272	7715935	6674189		97.4659	30.0047	98.4267	86.4988	0	0
fq_raw/SdC01035_CKDL210020579-1a-AK7759-AK4997_HKGLMDSX2_L2_1.fq.gz	8585478	8339763	2563624	2524171	2109431		97.138	30.7398	98.461	83.5693	0	0
fq_raw/SdC01035_CKDL210020579-1a-AK7759-AK4997_HKGLMDSX2_L2_2.fq.gz	8585478	8339763	2563624	2524171	2104061		97.138	30.7398	98.461	83.3565	0	0
fq_raw/SdC01036_CKDL210020579-1a-AK7010-AK892_HKGLMDSX2_L2_1.fq.gz	6904460	6614722	1976719	1944764	1592973		95.8036	29.8836	98.3834	81.9109	0	0
fq_raw/SdC01036_CKDL210020579-1a-AK7010-AK892_HKGLMDSX2_L2_2.fq.gz	6904460	6614722	1976719	1944764	1588898		95.8036	29.8836	98.3834	81.7013	0	0
fq_raw/SdC01037_CKDL210020579-1a-AK9142-AK892_HKGLMDSX2_L2_1.fq.gz	7186046	7003954	2167927	2138907	1759192		97.466	30.9529	98.6614	82.2472	0	0
fq_raw/SdC01037_CKDL210020579-1a-AK9142-AK892_HKGLMDSX2_L2_2.fq.gz	7186046	7003954	2167927	2138907	1755229		97.466	30.9529	98.6614	82.062	0	0
fq_raw/SdC01038_CKDL210020579-1a-AK7010-7UDI227_HKGLMDSX2_L2_1.fq.gz	13572885	13151398	3728753	3670978	3192266		96.8946	28.3525	98.4506	86.9596	0	0
fq_raw/SdC01038_CKDL210020579-1a-AK7010-7UDI227_HKGLMDSX2_L2_2.fq.gz	13572885	13151398	3728753	3670978	3178614		96.8946	28.3525	98.4506	86.5877	0	0
fq_raw/SdC01039_CKDL210020579-1a-AK6260-7UDI243_HKGLMDSX2_L2_1.fq.gz	2318461	2188855	811056	799266	628507		94.4098	37.0539	98.5463	78.6355	0	0
fq_raw/SdC01039_CKDL210020579-1a-AK6260-7UDI243_HKGLMDSX2_L2_2.fq.gz	2318461	2188855	811056	799266	627263		94.4098	37.0539	98.5463	78.4799	0	0
fq_raw/SdC01040_CKDL210020579-1a-AK7761-7UDI227_HKGLMDSX2_L2_1.fq.gz	29245619	28340667	8213838	8072771	6759231		96.9057	28.9825	98.2826	83.7288	0	0
fq_raw/SdC01040_CKDL210020579-1a-AK7761-7UDI227_HKGLMDSX2_L2_2.fq.gz	29245619	28340667	8213838	8072771	6734790		96.9057	28.9825	98.2826	83.426	0	0
fq_raw/SdC01041_CKDL210020579-1a-AK8410-AK892_HKGLMDSX2_L2_1.fq.gz	18579324	17983225	5445953	5357968	4539250		96.7916	30.2835	98.3844	84.7196	0	0
fq_raw/SdC01041_CKDL210020579-1a-AK8410-AK892_HKGLMDSX2_L2_2.fq.gz	18579324	17983225	5445953	5357968	4525006		96.7916	30.2835	98.3844	84.4538	0	0
fq_raw/SdC01042_CKDL210020579-1a-AK8410-AK9148_HKGLMDSX2_L2_1.fq.gz	6726725	6467792	2045506	2014909	1617378		96.1507	31.626	98.5042	80.2705	0	0
fq_raw/SdC01042_CKDL210020579-1a-AK8410-AK9148_HKGLMDSX2_L2_2.fq.gz	6726725	6467792	2045506	2014909	1611526		96.1507	31.626	98.5042	79.9801	0	0
fq_raw/SdC01043_CKDL210020579-1a-AK7761-AK8544_HKGLMDSX2_L2_1.fq.gz	7580420	7192459	2321263	2286372	1764911		94.8821	32.2736	98.4969	77.1926	0	0
fq_raw/SdC01043_CKDL210020579-1a-AK7761-AK8544_HKGLMDSX2_L2_2.fq.gz	7580420	7192459	2321263	2286372	1760313		94.8821	32.2736	98.4969	76.9915	0	0
fq_raw/SdC01044_CKDL210020579-1a-AK3905-AK892_HKGLMDSX2_L2_1.fq.gz	19370207	18816483	5395424	5305340	4558722		97.1414	28.6739	98.3304	85.927	0	0
fq_raw/SdC01044_CKDL210020579-1a-AK3905-AK892_HKGLMDSX2_L2_2.fq.gz	19370207	18816483	5395424	5305340	4551935		97.1414	28.6739	98.3304	85.7991	0	0
fq_raw/SdC01045_CKDL210020579-1a-5UDI298-7UDI227_HKGLMDSX2_L2_1.fq.gz	10877811	10567879	3438327	3396075	2780449		97.1508	32.5356	98.7711	81.8724	0	0
fq_raw/SdC01045_CKDL210020579-1a-5UDI298-7UDI227_HKGLMDSX2_L2_2.fq.gz	10877811	10567879	3438327	3396075	2772443		97.1508	32.5356	98.7711	81.6367	0	0
fq_raw/SdC01046_CKDL210020579-1a-AK3905-7UDI227_HKGLMDSX2_L2_1.fq.gz	18815253	18315479	5115528	5037595	4385134		97.3438	27.9301	98.4765	87.0482	0	0
fq_raw/SdC01046_CKDL210020579-1a-AK3905-7UDI227_HKGLMDSX2_L2_2.fq.gz	18815253	18315479	5115528	5037595	4371962		97.3438	27.9301	98.4765	86.7867	0	0
fq_raw/SdC01047_CKDL210020579-1a-AK7761-AK4997_HKGLMDSX2_L2_1.fq.gz	11745390	11520349	3479357	3438013	2914637		98.084	30.2018	98.8117	84.7768	0	0
fq_raw/SdC01047_CKDL210020579-1a-AK7761-AK4997_HKGLMDSX2_L2_2.fq.gz	11745390	11520349	3479357	3438013	2902936		98.084	30.2018	98.8117	84.4364	0	0
fq_raw/SdC01048_CKDL210020579-1a-AK6881-AK33_HKGLMDSX2_L2_1.fq.gz	14512100	14066064	4262734	4196094	3440335		96.9265	30.3051	98.4367	81.989	0	0
fq_raw/SdC01048_CKDL210020579-1a-AK6881-AK33_HKGLMDSX2_L2_2.fq.gz	14512100	14066064	4262734	4196094	3428415		96.9265	30.3051	98.4367	81.7049	0	0
fq_raw/SdC01049_CKDL210020579-1a-AK3905-AK8544_HKGLMDSX2_L2_1.fq.gz	9560322	9291653	2635554	2596997	2250524		97.1897	28.3647	98.537	86.6587	0	0
fq_raw/SdC01049_CKDL210020579-1a-AK3905-AK8544_HKGLMDSX2_L2_2.fq.gz	9560322	9291653	2635554	2596997	2244728		97.1897	28.3647	98.537	86.4355	0	0
fq_raw/SdC01050_CKDL210020579-1a-AK8410-7UDI243_HKGLMDSX2_L2_1.fq.gz	11659973	11244967	3608673	3552059	2911661		96.4408	32.0915	98.4312	81.9711	0	0
fq_raw/SdC01050_CKDL210020579-1a-AK8410-7UDI243_HKGLMDSX2_L2_2.fq.gz	11659973	11244967	3608673	3552059	2901333		96.4408	32.0915	98.4312	81.6803	0	0
fq_raw/SdC01051_CKDL210020579-1a-AK6881-AK4997_HKGLMDSX2_L2_1.fq.gz	12805124	12483942	3763713	3707391	3115882		97.4918	30.1484	98.5036	84.0451	0	0
fq_raw/SdC01051_CKDL210020579-1a-AK6881-AK4997_HKGLMDSX2_L2_2.fq.gz	12805124	12483942	3763713	3707391	3101685		97.4918	30.1484	98.5036	83.6622	0	0
fq_raw/SdC01053_CKDL210020579-1a-AK7759-AK33_HKGLMDSX2_L2_1.fq.gz	6420751	6197248	2008520	1977600	1560799		96.5191	32.4099	98.4606	78.9239	0	0
fq_raw/SdC01053_CKDL210020579-1a-AK7759-AK33_HKGLMDSX2_L2_2.fq.gz	6420751	6197248	2008520	1977600	1560579		96.5191	32.4099	98.4606	78.9128	0	0
fq_raw/SdC01054_CKDL210020579-1a-AK7761-7UDI243_HKGLMDSX2_L2_1.fq.gz	6899567	6679027	2084161	2054023	1648232		96.8036	31.2046	98.554	80.2441	0	0
fq_raw/SdC01054_CKDL210020579-1a-AK7761-7UDI243_HKGLMDSX2_L2_2.fq.gz	6899567	6679027	2084161	2054023	1645369		96.8036	31.2046	98.554	80.1047	0	0
fq_raw/SdC01055_CKDL210020579-1a-AK6260-AK9148_HKGLMDSX2_L2_1.fq.gz	8364238	8147207	2497544	2459260	2051058		97.4053	30.6552	98.4671	83.4014	0	0
fq_raw/SdC01055_CKDL210020579-1a-AK6260-AK9148_HKGLMDSX2_L2_2.fq.gz	8364238	8147207	2497544	2459260	2042494		97.4053	30.6552	98.4671	83.0532	0	0
fq_raw/SdC01056_CKDL210020579-1a-AK9141-7UDI298_HKGLMDSX2_L2_1.fq.gz	14320748	13984695	4116609	4058521	3482376		97.6534	29.4365	98.5889	85.8041	0	0
fq_raw/SdC01056_CKDL210020579-1a-AK9141-7UDI298_HKGLMDSX2_L2_2.fq.gz	14320748	13984695	4116609	4058521	3473056		97.6534	29.4365	98.5889	85.5744	0	0
fq_raw/SdC01057_CKDL210020579-1a-5UDI298-7UDI298_HKGLMDSX2_L2_1.fq.gz	12942215	12503341	3851613	3794557	3112410		96.609	30.8047	98.5186	82.023	0	0
fq_raw/SdC01057_CKDL210020579-1a-5UDI298-7UDI298_HKGLMDSX2_L2_2.fq.gz	12942215	12503341	3851613	3794557	3103866		96.609	30.8047	98.5186	81.7978	0	0
fq_raw/SdC01058_CKDL210020579-1a-AK7761-AK892_HKGLMDSX2_L2_1.fq.gz	35508575	34565165	9764444	9597904	8186224		97.3431	28.2494	98.2944	85.2918	0	0
fq_raw/SdC01058_CKDL210020579-1a-AK7761-AK892_HKGLMDSX2_L2_2.fq.gz	35508575	34565165	9764444	9597904	8170980		97.3431	28.2494	98.2944	85.133	0	0
fq_raw/SdC01059_CKDL210020579-1a-5UDI298-7UDI243_HKGLMDSX2_L2_1.fq.gz	17644223	17240454	5038418	4966005	4259523		97.7116	29.2244	98.5628	85.7736	0	0
fq_raw/SdC01059_CKDL210020579-1a-5UDI298-7UDI243_HKGLMDSX2_L2_2.fq.gz	17644223	17240454	5038418	4966005	4250131		97.7116	29.2244	98.5628	85.5845	0	0
fq_raw/SdC01060_CKDL210020579-1a-AK8587-AK892_HKGLMDSX2_L2_1.fq.gz	4504163	4247027	1325374	1305161	1038613		94.2911	31.2071	98.4749	79.5774	0	0
fq_raw/SdC01060_CKDL210020579-1a-AK8587-AK892_HKGLMDSX2_L2_2.fq.gz	4504163	4247027	1325374	1305161	1037810		94.2911	31.2071	98.4749	79.5159	0	0
fq_raw/SdC01061_CKDL210020579-1a-5UDI312-AK33_HKGLMDSX2_L2_1.fq.gz	1261559	1203758	425992	420576	354988		95.4183	35.3885	98.7286	84.4052	0	0
fq_raw/SdC01061_CKDL210020579-1a-5UDI312-AK33_HKGLMDSX2_L2_2.fq.gz	1261559	1203758	425992	420576	353682		95.4183	35.3885	98.7286	84.0947	0	0
fq_raw/SdC01062_CKDL210020579-1a-5UDI298-AK8544_HKGLMDSX2_L2_1.fq.gz	9627597	9362461	2749615	2711276	2262828		97.2461	29.3685	98.6057	83.4599	0	0
fq_raw/SdC01062_CKDL210020579-1a-5UDI298-AK8544_HKGLMDSX2_L2_2.fq.gz	9627597	9362461	2749615	2711276	2257896		97.2461	29.3685	98.6057	83.278	0	0
fq_raw/SdC01063_CKDL210020579-1a-AK8587-AK4997_HKGLMDSX2_L2_1.fq.gz	3312271	3124831	1030625	1015316	816632		94.341	32.9818	98.5146	80.4313	0	0
fq_raw/SdC01063_CKDL210020579-1a-AK8587-AK4997_HKGLMDSX2_L2_2.fq.gz	3312271	3124831	1030625	1015316	814538		94.341	32.9818	98.5146	80.2251	0	0
fq_raw/SdC01064_CKDL210020579-1a-AK7759-AK892_HKGLMDSX2_L2_1.fq.gz	1490359	1372492	488379	481862	378008		92.0914	35.5834	98.6656	78.4474	0	0
fq_raw/SdC01064_CKDL210020579-1a-AK7759-AK892_HKGLMDSX2_L2_2.fq.gz	1490359	1372492	488379	481862	377953		92.0914	35.5834	98.6656	78.4359	0	0
fq_raw/SdC01065_CKDL210020579-1a-AK8587-7UDI227_HKGLMDSX2_L2_1.fq.gz	23235844	22469262	6593956	6491323	5463206		96.7009	29.3466	98.4435	84.1617	0	0
fq_raw/SdC01065_CKDL210020579-1a-AK8587-7UDI227_HKGLMDSX2_L2_2.fq.gz	23235844	22469262	6593956	6491323	5447149		96.7009	29.3466	98.4435	83.9143	0	0
fq_raw/SdC01066_CKDL210020579-1a-AK7759-AK8544_HKGLMDSX2_L2_1.fq.gz	3920966	3766606	903097	888554	358853		96.0632	23.9764	98.3897	40.3862	0	0
fq_raw/SdC01066_CKDL210020579-1a-AK7759-AK8544_HKGLMDSX2_L2_2.fq.gz	3920966	3766606	903097	888554	363548		96.0632	23.9764	98.3897	40.9146	0	0
fq_raw/SdC01067_CKDL210020579-1a-AK7761-7UDI298_HKGLMDSX2_L2_1.fq.gz	7594394	7254743	2360200	2322625	1810999		95.5276	32.5332	98.408	77.9721	0	0
fq_raw/SdC01067_CKDL210020579-1a-AK7761-7UDI298_HKGLMDSX2_L2_2.fq.gz	7594394	7254743	2360200	2322625	1807299		95.5276	32.5332	98.408	77.8128	0	0
fq_raw/SdC01068_CKDL210020579-1a-5UDI298-AK9148_HKGLMDSX2_L2_1.fq.gz	5797118	5603830	1701894	1677465	1417275		96.6658	30.3702	98.5646	84.4891	0	0
fq_raw/SdC01068_CKDL210020579-1a-5UDI298-AK9148_HKGLMDSX2_L2_2.fq.gz	5797118	5603830	1701894	1677465	1413387		96.6658	30.3702	98.5646	84.2573	0	0
fq_raw/SdC01069_CKDL210020579-1a-AK3905-7UDI298_HKGLMDSX2_L2_1.fq.gz	19354753	18851507	5389380	5305855	4538798		97.3999	28.5886	98.4502	85.5432	0	0
fq_raw/SdC01069_CKDL210020579-1a-AK3905-7UDI298_HKGLMDSX2_L2_2.fq.gz	19354753	18851507	5389380	5305855	4526120		97.3999	28.5886	98.4502	85.3043	0	0
fq_raw/SdC01070_CKDL210020579-1a-AK9142-AK8544_HKGLMDSX2_L2_1.fq.gz	6563499	6367407	1917094	1889930	1584533		97.0124	30.1079	98.5831	83.8408	0	0
fq_raw/SdC01070_CKDL210020579-1a-AK9142-AK8544_HKGLMDSX2_L2_2.fq.gz	6563499	6367407	1917094	1889930	1578615		97.0124	30.1079	98.5831	83.5277	0	0
fq_raw/SdC01071_CKDL210020579-1a-AK9141-AK4997_HKGLMDSX2_L2_1.fq.gz	8372257	8138494	2564830	2528232	2052599		97.2079	31.5148	98.5731	81.1871	0	0
fq_raw/SdC01071_CKDL210020579-1a-AK9141-AK4997_HKGLMDSX2_L2_2.fq.gz	8372257	8138494	2564830	2528232	2047190		97.2079	31.5148	98.5731	80.9732	0	0
fq_raw/SdC01072_CKDL210020579-1a-AK9142-7UDI243_HKGLMDSX2_L2_1.fq.gz	16996809	16557326	5090122	5015241	4302577		97.4143	30.7424	98.5289	85.79	0	0
fq_raw/SdC01072_CKDL210020579-1a-AK9142-7UDI243_HKGLMDSX2_L2_2.fq.gz	16996809	16557326	5090122	5015241	4293864		97.4143	30.7424	98.5289	85.6163	0	0
fq_raw/SdC01073_CKDL210020579-1a-AK8410-AK4997_HKGLMDSX2_L2_1.fq.gz	17967008	17510319	5210090	5129972	4350008		97.4582	29.7544	98.4623	84.7959	0	0
fq_raw/SdC01073_CKDL210020579-1a-AK8410-AK4997_HKGLMDSX2_L2_2.fq.gz	17967008	17510319	5210090	5129972	4336931		97.4582	29.7544	98.4623	84.541	0	0
fq_raw/SdC01074_CKDL210020579-1a-AK9142-AK4997_HKGLMDSX2_L2_1.fq.gz	26592411	25944180	8053098	7933479	6594262		97.5623	31.0401	98.5146	83.1194	0	0
fq_raw/SdC01074_CKDL210020579-1a-AK9142-AK4997_HKGLMDSX2_L2_2.fq.gz	26592411	25944180	8053098	7933479	6583802		97.5623	31.0401	98.5146	82.9876	0	0
fq_raw/SdC01075_CKDL210020579-1a-5UDI298-AK4997_HKGLMDSX2_L2_1.fq.gz	22574632	22037163	6608393	6511157	5517025		97.6191	29.9875	98.5286	84.7319	0	0
fq_raw/SdC01075_CKDL210020579-1a-5UDI298-AK4997_HKGLMDSX2_L2_2.fq.gz	22574632	22037163	6608393	6511157	5502331		97.6191	29.9875	98.5286	84.5062	0	0
fq_raw/SdC01076_CKDL210020579-1a-AK7010-7UDI243_HKGLMDSX2_L2_1.fq.gz	4894644	4731243	1460005	1439968	1192045		96.6616	30.8588	98.6276	82.7827	0	0
fq_raw/SdC01076_CKDL210020579-1a-AK7010-7UDI243_HKGLMDSX2_L2_2.fq.gz	4894644	4731243	1460005	1439968	1189044		96.6616	30.8588	98.6276	82.5743	0	0
fq_raw/SdC01077_CKDL210020579-1a-AK9141-7UDI243_HKGLMDSX2_L2_1.fq.gz	17123361	16657913	5016162	4934841	4180585		97.2818	30.1128	98.3788	84.7157	0	0
fq_raw/SdC01077_CKDL210020579-1a-AK9141-7UDI243_HKGLMDSX2_L2_2.fq.gz	17123361	16657913	5016162	4934841	4169873		97.2818	30.1128	98.3788	84.4986	0	0
fq_raw/SdC01079_CKDL210020579-1a-AK6881-7UDI298_HKGLMDSX2_L2_1.fq.gz	14595487	14181219	4187554	4123177	3452500		97.1617	29.5289	98.4627	83.734	0	0
fq_raw/SdC01079_CKDL210020579-1a-AK6881-7UDI298_HKGLMDSX2_L2_2.fq.gz	14595487	14181219	4187554	4123177	3439210		97.1617	29.5289	98.4627	83.4117	0	0
fq_raw/SdC01080_CKDL210020579-1a-AK6881-AK892_HKGLMDSX2_L2_1.fq.gz	16447710	16034457	4630434	4558403	3875028		97.4875	28.878	98.4444	85.0085	0	0
fq_raw/SdC01080_CKDL210020579-1a-AK6881-AK892_HKGLMDSX2_L2_2.fq.gz	16447710	16034457	4630434	4558403	3859142		97.4875	28.878	98.4444	84.66	0	0
fq_raw/SdC01081_CKDL210020579-1a-AK8587-AK8544_HKGLMDSX2_L2_1.fq.gz	8477974	8187897	2446678	2411821	1932444		96.5785	29.8816	98.5753	80.1239	0	0
fq_raw/SdC01081_CKDL210020579-1a-AK8587-AK8544_HKGLMDSX2_L2_2.fq.gz	8477974	8187897	2446678	2411821	1926732		96.5785	29.8816	98.5753	79.887	0	0
fq_raw/SdC01082_CKDL210020579-1a-AK3905-AK9148_HKGLMDSX2_L2_1.fq.gz	4746521	4626168	1468070	1449522	1205746		97.4644	31.734	98.7366	83.1823	0	0
fq_raw/SdC01082_CKDL210020579-1a-AK3905-AK9148_HKGLMDSX2_L2_2.fq.gz	4746521	4626168	1468070	1449522	1202992		97.4644	31.734	98.7366	82.9923	0	0
fq_raw/SdC01083_CKDL210020579-1a-AK7759-7UDI243_HKGLMDSX2_L2_1.fq.gz	7782982	7464669	2429553	2390236	1878266		95.9101	32.5474	98.3817	78.5808	0	0
fq_raw/SdC01083_CKDL210020579-1a-AK7759-7UDI243_HKGLMDSX2_L2_2.fq.gz	7782982	7464669	2429553	2390236	1872322		95.9101	32.5474	98.3817	78.3321	0	0
fq_raw/SdC01084_CKDL210020579-1a-AK8587-7UDI243_HKGLMDSX2_L2_1.fq.gz	27022818	26355497	7572803	7458070	6364173		97.5305	28.7333	98.4849	85.3327	0	0
fq_raw/SdC01084_CKDL210020579-1a-AK8587-7UDI243_HKGLMDSX2_L2_2.fq.gz	27022818	26355497	7572803	7458070	6344698		97.5305	28.7333	98.4849	85.0716	0	0
fq_raw/SdC01085_CKDL210020579-1a-AK7010-AK33_HKGLMDSX2_L2_1.fq.gz	19648610	19081966	5688971	5606874	4642128		97.1161	29.8133	98.5569	82.7935	0	0
fq_raw/SdC01085_CKDL210020579-1a-AK7010-AK33_HKGLMDSX2_L2_2.fq.gz	19648610	19081966	5688971	5606874	4624554		97.1161	29.8133	98.5569	82.4801	0	0
fq_raw/SdC01086_CKDL210020579-1a-5UDI298-AK33_HKGLMDSX2_L2_1.fq.gz	25499883	24888722	7200348	7088532	6077434		97.6033	28.9302	98.4471	85.7361	0	0
fq_raw/SdC01086_CKDL210020579-1a-5UDI298-AK33_HKGLMDSX2_L2_2.fq.gz	25499883	24888722	7200348	7088532	6059863		97.6033	28.9302	98.4471	85.4883	0	0
fq_raw/SdC01087_CKDL210020579-1a-AK8410-AK33_HKGLMDSX2_L2_1.fq.gz	37673925	36743478	10738886	10572750	9139645		97.5303	29.2266	98.4529	86.4453	0	0
fq_raw/SdC01087_CKDL210020579-1a-AK8410-AK33_HKGLMDSX2_L2_2.fq.gz	37673925	36743478	10738886	10572750	9113122		97.5303	29.2266	98.4529	86.1944	0	0
fq_raw/SdC01088_CKDL210020579-1a-AK9141-7UDI227_HKGLMDSX2_L2_1.fq.gz	23504318	22864869	6777393	6669164	5766515		97.2794	29.6411	98.4031	86.4653	0	0
fq_raw/SdC01088_CKDL210020579-1a-AK9141-7UDI227_HKGLMDSX2_L2_2.fq.gz	23504318	22864869	6777393	6669164	5744539		97.2794	29.6411	98.4031	86.1358	0	0
fq_raw/SdC01089_CKDL210020579-1a-AK7010-AK9148_HKGLMDSX2_L2_1.fq.gz	5661371	5458905	1750262	1727696	1416086		96.4237	32.0625	98.7107	81.9638	0	0
fq_raw/SdC01089_CKDL210020579-1a-AK7010-AK9148_HKGLMDSX2_L2_2.fq.gz	5661371	5458905	1750262	1727696	1413050		96.4237	32.0625	98.7107	81.7881	0	0
fq_raw/SdC01090_CKDL210020579-1a-AK7010-AK4997_HKGLMDSX2_L2_1.fq.gz	10917499	10547275	3249951	3202041	2598677		96.6089	30.8132	98.5258	81.1569	0	0
fq_raw/SdC01090_CKDL210020579-1a-AK7010-AK4997_HKGLMDSX2_L2_2.fq.gz	10917499	10547275	3249951	3202041	2594783		96.6089	30.8132	98.5258	81.0353	0	0
fq_raw/SdC02001_CKDL210020579-1a-AK3905-AK7558_HKGLMDSX2_L2_1.fq.gz	84013	75822	25947	25582	20011		90.2503	34.2209	98.5933	78.223	0	0
fq_raw/SdC02001_CKDL210020579-1a-AK3905-AK7558_HKGLMDSX2_L2_2.fq.gz	84013	75822	25947	25582	20145		90.2503	34.2209	98.5933	78.7468	0	0
fq_raw/SdC02002_CKDL210020579-1a-AK9141-AK7558_HKGLMDSX2_L2_1.fq.gz	174522	156869	54380	53607	42675		89.8849	34.6659	98.5785	79.6071	0	0
fq_raw/SdC02002_CKDL210020579-1a-AK9141-AK7558_HKGLMDSX2_L2_2.fq.gz	174522	156869	54380	53607	42398		89.8849	34.6659	98.5785	79.0904	0	0
fq_raw/SdC02003_CKDL210020579-1a-AK9142-AK7558_HKGLMDSX2_L2_1.fq.gz	40752	36981	14005	13802	10733		90.7465	37.8708	98.5505	77.7641	0	0
fq_raw/SdC02003_CKDL210020579-1a-AK9142-AK7558_HKGLMDSX2_L2_2.fq.gz	40752	36981	14005	13802	10761		90.7465	37.8708	98.5505	77.967	0	0
fq_raw/SdC02004_CKDL210020579-1a-AK9142-AK1864_HKGLMDSX2_L2_1.fq.gz	142082	132837	46493	45889	37169		93.4932	35	98.7009	80.9976	0	0
fq_raw/SdC02004_CKDL210020579-1a-AK9142-AK1864_HKGLMDSX2_L2_2.fq.gz	142082	132837	46493	45889	36977		93.4932	35	98.7009	80.5792	0	0
fq_raw/SdC02005_CKDL210020579-1a-AK9142-7UDI308_HKGLMDSX2_L2_1.fq.gz	236219	215543	75234	74185	58201		91.2471	34.9044	98.6057	78.4539	0	0
fq_raw/SdC02005_CKDL210020579-1a-AK9142-7UDI308_HKGLMDSX2_L2_2.fq.gz	236219	215543	75234	74185	58637		91.2471	34.9044	98.6057	79.0416	0	0
fq_raw/SdC02006_CKDL210020579-1a-AK3905-7UDI246_HKGLMDSX2_L2_1.fq.gz	438092	388399	120371	118824	101581		88.6569	30.9916	98.7148	85.4886	0	0
fq_raw/SdC02006_CKDL210020579-1a-AK3905-7UDI246_HKGLMDSX2_L2_2.fq.gz	438092	388399	120371	118824	101850		88.6569	30.9916	98.7148	85.715	0	0
fq_raw/SdC02007_CKDL210020579-1a-AK7761-7UDI214_HKGLMDSX2_L2_1.fq.gz	12680	12126	5292	5219	4362		95.6309	43.6418	98.6206	83.5792	0	0
fq_raw/SdC02007_CKDL210020579-1a-AK7761-7UDI214_HKGLMDSX2_L2_2.fq.gz	12680	12126	5292	5219	4413		95.6309	43.6418	98.6206	84.5564	0	0
fq_raw/SdC02008_CKDL210020579-1a-AK7759-7UDI214_HKGLMDSX2_L2_1.fq.gz	611631	587792	184476	182053	152745		96.1024	31.3846	98.6866	83.9014	0	0
fq_raw/SdC02008_CKDL210020579-1a-AK7759-7UDI214_HKGLMDSX2_L2_2.fq.gz	611631	587792	184476	182053	152514		96.1024	31.3846	98.6866	83.7745	0	0
fq_raw/SdC02010_CKDL210020579-1a-5UDI298-GC12_HKGLMDSX2_L2_1.fq.gz	13128	11544	6630	6557	5082		87.9342	57.4324	98.8989	77.505	0	0
fq_raw/SdC02010_CKDL210020579-1a-5UDI298-GC12_HKGLMDSX2_L2_2.fq.gz	13128	11544	6630	6557	5174		87.9342	57.4324	98.8989	78.908	0	0
fq_raw/SdC02013_CKDL210020579-1a-AK7761-7UDI246_HKGLMDSX2_L2_1.fq.gz	697666	650287	206468	203299	159886		93.2089	31.7503	98.4651	78.6457	0	0
fq_raw/SdC02013_CKDL210020579-1a-AK7761-7UDI246_HKGLMDSX2_L2_2.fq.gz	697666	650287	206468	203299	159810		93.2089	31.7503	98.4651	78.6084	0	0
fq_raw/SdC02014_CKDL210020579-1a-AK9142-GC12_HKGLMDSX2_L2_1.fq.gz	1136525	1105580	331660	327001	280205		97.2772	29.9987	98.5952	85.6893	0	0
fq_raw/SdC02014_CKDL210020579-1a-AK9142-GC12_HKGLMDSX2_L2_2.fq.gz	1136525	1105580	331660	327001	279733		97.2772	29.9987	98.5952	85.545	0	0
fq_raw/SdC02016_CKDL210020579-1a-AK6260-AK2587_HKGLMDSX2_L2_1.fq.gz	953625	923800	299546	295015	254735		96.8725	32.4254	98.4874	86.3465	0	0
fq_raw/SdC02016_CKDL210020579-1a-AK6260-AK2587_HKGLMDSX2_L2_2.fq.gz	953625	923800	299546	295015	254334		96.8725	32.4254	98.4874	86.2105	0	0
fq_raw/SdC02018_CKDL210020579-1a-5UDI298-7UDI308_HKGLMDSX2_L2_1.fq.gz	40967	37191	13245	13076	10656		90.7828	35.6135	98.724	81.4928	0	0
fq_raw/SdC02018_CKDL210020579-1a-5UDI298-7UDI308_HKGLMDSX2_L2_2.fq.gz	40967	37191	13245	13076	10674		90.7828	35.6135	98.724	81.6305	0	0
fq_raw/SdC02019_CKDL210020579-1a-5UDI298-AK1864_HKGLMDSX2_L2_1.fq.gz	99178	90422	31291	30866	24580		91.1714	34.6055	98.6418	79.6345	0	0
fq_raw/SdC02019_CKDL210020579-1a-5UDI298-AK1864_HKGLMDSX2_L2_2.fq.gz	99178	90422	31291	30866	24621		91.1714	34.6055	98.6418	79.7674	0	0
fq_raw/SdC02020_CKDL210020579-1a-AK9142-AK4971_HKGLMDSX2_L2_1.fq.gz	68738	61348	24256	23892	19011		89.249	39.5384	98.4993	79.5706	0	0
fq_raw/SdC02020_CKDL210020579-1a-AK9142-AK4971_HKGLMDSX2_L2_2.fq.gz	68738	61348	24256	23892	18927		89.249	39.5384	98.4993	79.219	0	0
fq_raw/SdC02022_CKDL210020579-1a-5UDI298-7UDI246_HKGLMDSX2_L2_1.fq.gz	291385	268820	90838	89651	72552		92.256	33.7914	98.6933	80.9272	0	0
fq_raw/SdC02022_CKDL210020579-1a-5UDI298-7UDI246_HKGLMDSX2_L2_2.fq.gz	291385	268820	90838	89651	71968		92.256	33.7914	98.6933	80.2757	0	0
fq_raw/SdC02027_CKDL210020579-1a-AK8410-AK1864_HKGLMDSX2_L2_1.fq.gz	7866	7272	3600	3548	2780		92.4485	49.505	98.5556	78.354	0	0
fq_raw/SdC02027_CKDL210020579-1a-AK8410-AK1864_HKGLMDSX2_L2_2.fq.gz	7866	7272	3600	3548	2879		92.4485	49.505	98.5556	81.1443	0	0
fq_raw/SdC02028_CKDL210020579-1a-AK8410-AK2587_HKGLMDSX2_L2_1.fq.gz	664693	650069	185654	183434	165392		97.7999	28.5591	98.8042	90.1643	0	0
fq_raw/SdC02028_CKDL210020579-1a-AK8410-AK2587_HKGLMDSX2_L2_2.fq.gz	664693	650069	185654	183434	165036		97.7999	28.5591	98.8042	89.9702	0	0
fq_raw/SdC02029_CKDL210020579-1a-AK6881-AK2587_HKGLMDSX2_L2_1.fq.gz	111426	105065	31744	31344	28436		94.2913	30.2137	98.7399	90.7223	0	0
fq_raw/SdC02029_CKDL210020579-1a-AK6881-AK2587_HKGLMDSX2_L2_2.fq.gz	111426	105065	31744	31344	28261		94.2913	30.2137	98.7399	90.164	0	0
fq_raw/SdC02031_CKDL210020579-1a-AK8587-AK4971_HKGLMDSX2_L2_1.fq.gz	36578	34325	12562	12373	10613		93.8406	36.5972	98.4955	85.7755	0	0
fq_raw/SdC02031_CKDL210020579-1a-AK8587-AK4971_HKGLMDSX2_L2_2.fq.gz	36578	34325	12562	12373	10620		93.8406	36.5972	98.4955	85.8321	0	0
fq_raw/SdC02035_CKDL210020579-1a-AK9142-AK2587_HKGLMDSX2_L2_1.fq.gz	30488	27635	10604	10482	8326		90.6422	38.3716	98.8495	79.4314	0	0
fq_raw/SdC02035_CKDL210020579-1a-AK9142-AK2587_HKGLMDSX2_L2_2.fq.gz	30488	27635	10604	10482	8253		90.6422	38.3716	98.8495	78.735	0	0
fq_raw/SdC02036_CKDL210020579-1a-AK6260-GC12_HKGLMDSX2_L2_1.fq.gz	328709	293211	109338	107476	80336		89.2008	37.2899	98.297	74.7479	0	0
fq_raw/SdC02036_CKDL210020579-1a-AK6260-GC12_HKGLMDSX2_L2_2.fq.gz	328709	293211	109338	107476	79986		89.2008	37.2899	98.297	74.4222	0	0
fq_raw/SdC02037_CKDL210020579-1a-AK8410-7UDI246_HKGLMDSX2_L2_1.fq.gz	2555433	2504521	732153	723300	660919		98.0077	29.2333	98.7908	91.3755	0	0
fq_raw/SdC02037_CKDL210020579-1a-AK8410-7UDI246_HKGLMDSX2_L2_2.fq.gz	2555433	2504521	732153	723300	659392		98.0077	29.2333	98.7908	91.1644	0	0
fq_raw/SdC02040_CKDL210020579-1a-AK6881-7UDI308_HKGLMDSX2_L2_1.fq.gz	8897	8502	3270	3236	2578		95.5603	38.4615	98.9602	79.6663	0	0
fq_raw/SdC02040_CKDL210020579-1a-AK6881-7UDI308_HKGLMDSX2_L2_2.fq.gz	8897	8502	3270	3236	2639		95.5603	38.4615	98.9602	81.5513	0	0
fq_raw/SdC02041_CKDL210020579-1a-AK3905-AK4971_HKGLMDSX2_L2_1.fq.gz	81427	69387	25596	25216	20243		85.2137	36.8888	98.5154	80.2784	0	0
fq_raw/SdC02041_CKDL210020579-1a-AK3905-AK4971_HKGLMDSX2_L2_2.fq.gz	81427	69387	25596	25216	20126		85.2137	36.8888	98.5154	79.8144	0	0
fq_raw/SdC02043_CKDL210020579-1a-AK7759-7UDI308_HKGLMDSX2_L2_1.fq.gz	5957	5626	2165	2144	1753		94.4435	38.482	99.03	81.7631	0	0
fq_raw/SdC02043_CKDL210020579-1a-AK7759-7UDI308_HKGLMDSX2_L2_2.fq.gz	5957	5626	2165	2144	1718		94.4435	38.482	99.03	80.1306	0	0
fq_raw/SdC02044_CKDL210020579-1a-AK7759-7UDI246_HKGLMDSX2_L2_1.fq.gz	9847	9386	5931	5885	4808		95.3184	63.1899	99.2244	81.6992	0	0
fq_raw/SdC02044_CKDL210020579-1a-AK7759-7UDI246_HKGLMDSX2_L2_2.fq.gz	9847	9386	5931	5885	4833		95.3184	63.1899	99.2244	82.124	0	0
fq_raw/SdC02045_CKDL210020579-1a-AK8587-7UDI246_HKGLMDSX2_L2_1.fq.gz	12062	11586	7501	7440	6223		96.0537	64.7419	99.1868	83.6425	0	0
fq_raw/SdC02045_CKDL210020579-1a-AK8587-7UDI246_HKGLMDSX2_L2_2.fq.gz	12062	11586	7501	7440	6287		96.0537	64.7419	99.1868	84.5027	0	0
fq_raw/SdC02046_CKDL210020579-1a-AK6881-GC12_HKGLMDSX2_L2_1.fq.gz	588093	568507	179934	177482	148802		96.6696	31.6503	98.6373	83.8406	0	0
fq_raw/SdC02046_CKDL210020579-1a-AK6881-GC12_HKGLMDSX2_L2_2.fq.gz	588093	568507	179934	177482	148472		96.6696	31.6503	98.6373	83.6547	0	0
fq_raw/SdC02048_CKDL210020579-1a-AK3905-7UDI308_HKGLMDSX2_L2_1.fq.gz	17799	15039	5796	5723	4586		84.4935	38.5398	98.7405	80.1328	0	0
fq_raw/SdC02048_CKDL210020579-1a-AK3905-7UDI308_HKGLMDSX2_L2_2.fq.gz	17799	15039	5796	5723	4585		84.4935	38.5398	98.7405	80.1153	0	0
fq_raw/SdC02050_CKDL210020579-1a-AK3905-AK1864_HKGLMDSX2_L2_1.fq.gz	251851	233724	78058	77033	59515		92.8025	33.3975	98.6869	77.2591	0	0
fq_raw/SdC02050_CKDL210020579-1a-AK3905-AK1864_HKGLMDSX2_L2_2.fq.gz	251851	233724	78058	77033	59695		92.8025	33.3975	98.6869	77.4928	0	0
fq_raw/SdC02051_CKDL210020579-1a-AK8410-AK7558_HKGLMDSX2_L2_1.fq.gz	21979	21372	7219	7140	6129		97.2383	33.7778	98.9057	85.8403	0	0
fq_raw/SdC02051_CKDL210020579-1a-AK8410-AK7558_HKGLMDSX2_L2_2.fq.gz	21979	21372	7219	7140	6096		97.2383	33.7778	98.9057	85.3782	0	0
fq_raw/SdC02054_CKDL210020579-1a-5UDI298-AK4971_HKGLMDSX2_L2_1.fq.gz	25480	21314	9932	9734	7979		83.6499	46.5985	98.0064	81.9704	0	0
fq_raw/SdC02054_CKDL210020579-1a-5UDI298-AK4971_HKGLMDSX2_L2_2.fq.gz	25480	21314	9932	9734	7994		83.6499	46.5985	98.0064	82.1245	0	0
fq_raw/SdC02056_CKDL210020579-1a-AK8410-7UDI308_HKGLMDSX2_L2_1.fq.gz	272229	261332	87740	86468	72406		95.9971	33.5742	98.5503	83.7373	0	0
fq_raw/SdC02056_CKDL210020579-1a-AK8410-7UDI308_HKGLMDSX2_L2_2.fq.gz	272229	261332	87740	86468	72128		95.9971	33.5742	98.5503	83.4158	0	0
fq_raw/SdC02059_CKDL210020579-1a-AK9141-AK4971_HKGLMDSX2_L2_1.fq.gz	19590	16106	7786	7669	6285		82.2154	48.3422	98.4973	81.9533	0	0
fq_raw/SdC02059_CKDL210020579-1a-AK9141-AK4971_HKGLMDSX2_L2_2.fq.gz	19590	16106	7786	7669	6388		82.2154	48.3422	98.4973	83.2964	0	0
fq_raw/SdC02060_CKDL210020579-1a-AK6260-AK4971_HKGLMDSX2_L2_1.fq.gz	117557	107814	39530	38832	30519		91.7121	36.665	98.2343	78.5924	0	0
fq_raw/SdC02060_CKDL210020579-1a-AK6260-AK4971_HKGLMDSX2_L2_2.fq.gz	117557	107814	39530	38832	30579		91.7121	36.665	98.2343	78.7469	0	0
fq_raw/SdC02063_CKDL210020579-1a-AK6260-7UDI246_HKGLMDSX2_L2_1.fq.gz	54737	51095	21743	21447	18044		93.3464	42.5541	98.6386	84.133	0	0
fq_raw/SdC02063_CKDL210020579-1a-AK6260-7UDI246_HKGLMDSX2_L2_2.fq.gz	54737	51095	21743	21447	17990		93.3464	42.5541	98.6386	83.8812	0	0
fq_raw/SdC02064_CKDL210020579-1a-AK9142-7UDI214_HKGLMDSX2_L2_1.fq.gz	112499	105570	35251	34826	29475		93.8408	33.3911	98.7944	84.635	0	0
fq_raw/SdC02064_CKDL210020579-1a-AK9142-7UDI214_HKGLMDSX2_L2_2.fq.gz	112499	105570	35251	34826	29249		93.8408	33.3911	98.7944	83.9861	0	0
fq_raw/SdC02065_CKDL210020579-1a-AK7761-7UDI308_HKGLMDSX2_L2_1.fq.gz	5544	5275	2294	2269	1830		95.1479	43.4882	98.9102	80.6523	0	0
fq_raw/SdC02065_CKDL210020579-1a-AK7761-7UDI308_HKGLMDSX2_L2_2.fq.gz	5544	5275	2294	2269	1773		95.1479	43.4882	98.9102	78.1401	0	0
fq_raw/SdC02066_CKDL210020579-1a-AK6881-AK4971_HKGLMDSX2_L2_1.fq.gz	24020	21337	9535	9351	7558		88.8301	44.6876	98.0703	80.8256	0	0
fq_raw/SdC02066_CKDL210020579-1a-AK6881-AK4971_HKGLMDSX2_L2_2.fq.gz	24020	21337	9535	9351	7759		88.8301	44.6876	98.0703	82.9751	0	0
fq_raw/SdC02070_CKDL210020579-1a-AK9142-7UDI246_HKGLMDSX2_L2_1.fq.gz	630373	609667	201649	199277	168370		96.7153	33.0753	98.8237	84.4904	0	0
fq_raw/SdC02070_CKDL210020579-1a-AK9142-7UDI246_HKGLMDSX2_L2_2.fq.gz	630373	609667	201649	199277	168308		96.7153	33.0753	98.8237	84.4593	0	0
fq_raw/SdC02072_CKDL210020579-1a-AK6260-AK1864_HKGLMDSX2_L2_1.fq.gz	45323	42081	15068	14839	12688		92.8469	35.8071	98.4802	85.5044	0	0
fq_raw/SdC02072_CKDL210020579-1a-AK6260-AK1864_HKGLMDSX2_L2_2.fq.gz	45323	42081	15068	14839	12675		92.8469	35.8071	98.4802	85.4168	0	0
fq_raw/SdC02074_CKDL210020579-1a-AK6881-7UDI214_HKGLMDSX2_L2_1.fq.gz	70871	64337	22620	22302	18453		90.7804	35.1586	98.5942	82.7415	0	0
fq_raw/SdC02074_CKDL210020579-1a-AK6881-7UDI214_HKGLMDSX2_L2_2.fq.gz	70871	64337	22620	22302	18306		90.7804	35.1586	98.5942	82.0823	0	0
fq_raw/SdC02075_CKDL210020579-1a-AK8410-7UDI214_HKGLMDSX2_L2_1.fq.gz	3378832	3265751	1010221	996361	840861		96.6533	30.9338	98.628	84.3932	0	0
fq_raw/SdC02075_CKDL210020579-1a-AK8410-7UDI214_HKGLMDSX2_L2_2.fq.gz	3378832	3265751	1010221	996361	839623		96.6533	30.9338	98.628	84.269	0	0
fq_raw/SdC02077_CKDL210020579-1a-AK8410-GC12_HKGLMDSX2_L2_1.fq.gz	1702608	1666941	485067	479550	436104		97.9052	29.0992	98.8626	90.9403	0	0
fq_raw/SdC02077_CKDL210020579-1a-AK8410-GC12_HKGLMDSX2_L2_2.fq.gz	1702608	1666941	485067	479550	435370		97.9052	29.0992	98.8626	90.7872	0	0
fq_raw/SdC02078_CKDL210020579-1a-AK7759-GC12_HKGLMDSX2_L2_1.fq.gz	7789	7295	3615	3583	2903		93.6577	49.5545	99.1148	81.0215	0	0
fq_raw/SdC02078_CKDL210020579-1a-AK7759-GC12_HKGLMDSX2_L2_2.fq.gz	7789	7295	3615	3583	2925		93.6577	49.5545	99.1148	81.6355	0	0
fq_raw/SdC02080_CKDL210020579-1a-AK7010-7UDI214_HKGLMDSX2_L2_1.fq.gz	18480	16999	6714	6626	5239		91.9859	39.4964	98.6893	79.0673	0	0
fq_raw/SdC02080_CKDL210020579-1a-AK7010-7UDI214_HKGLMDSX2_L2_2.fq.gz	18480	16999	6714	6626	5344		91.9859	39.4964	98.6893	80.652	0	0
fq_raw/SdC02081_CKDL210020579-1a-AK3905-GC12_HKGLMDSX2_L2_1.fq.gz	64212	58043	22138	21850	17246		90.3928	38.1407	98.6991	78.9291	0	0
fq_raw/SdC02081_CKDL210020579-1a-AK3905-GC12_HKGLMDSX2_L2_2.fq.gz	64212	58043	22138	21850	17084		90.3928	38.1407	98.6991	78.1876	0	0
fq_raw/SdC02082_CKDL210020579-1a-AK7010-AK4971_HKGLMDSX2_L2_1.fq.gz	49849	47637	16270	15974	13116		95.5626	34.1541	98.1807	82.1084	0	0
fq_raw/SdC02082_CKDL210020579-1a-AK7010-AK4971_HKGLMDSX2_L2_2.fq.gz	49849	47637	16270	15974	13145		95.5626	34.1541	98.1807	82.29	0	0
fq_raw/SdC02083_CKDL210020579-1a-AK6881-AK1864_HKGLMDSX2_L2_1.fq.gz	16808	15787	6327	6228	5170		93.9255	40.0773	98.4353	83.0122	0	0
fq_raw/SdC02083_CKDL210020579-1a-AK6881-AK1864_HKGLMDSX2_L2_2.fq.gz	16808	15787	6327	6228	5142		93.9255	40.0773	98.4353	82.5626	0	0
fq_raw/SdC02084_CKDL210020579-1a-AK7010-AK1864_HKGLMDSX2_L2_1.fq.gz	398845	377778	120102	118122	95302		94.718	31.7917	98.3514	80.681	0	0
fq_raw/SdC02084_CKDL210020579-1a-AK7010-AK1864_HKGLMDSX2_L2_2.fq.gz	398845	377778	120102	118122	94718		94.718	31.7917	98.3514	80.1866	0	0
fq_raw/SdC02087_CKDL210020579-1a-AK6260-AK7558_HKGLMDSX2_L2_1.fq.gz	5559	5249	2349	2313	1824		94.4235	44.7514	98.4674	78.8586	0	0
fq_raw/SdC02087_CKDL210020579-1a-AK6260-AK7558_HKGLMDSX2_L2_2.fq.gz	5559	5249	2349	2313	1840		94.4235	44.7514	98.4674	79.5504	0	0
fq_raw/SdC02090_CKDL210020579-1a-AK8587-7UDI214_HKGLMDSX2_L2_1.fq.gz	14750	14116	5895	5824	4901		95.7017	41.7611	98.7956	84.1518	0	0
fq_raw/SdC02090_CKDL210020579-1a-AK8587-7UDI214_HKGLMDSX2_L2_2.fq.gz	14750	14116	5895	5824	4850		95.7017	41.7611	98.7956	83.2761	0	0
fq_raw/SdC02092_CKDL210020579-1a-AK7010-7UDI246_HKGLMDSX2_L2_1.fq.gz	10556288	10277994	2858689	2815616	2435374		97.3637	27.8137	98.4933	86.4952	0	0
fq_raw/SdC02092_CKDL210020579-1a-AK7010-7UDI246_HKGLMDSX2_L2_2.fq.gz	10556288	10277994	2858689	2815616	2427765		97.3637	27.8137	98.4933	86.225	0	0
fq_raw/SdC02093_CKDL210020579-1a-AK7010-GC12_HKGLMDSX2_L2_1.fq.gz	7619	7257	4070	4025	3216		95.2487	56.0838	98.8943	79.9006	0	0
fq_raw/SdC02093_CKDL210020579-1a-AK7010-GC12_HKGLMDSX2_L2_2.fq.gz	7619	7257	4070	4025	3163		95.2487	56.0838	98.8943	78.5839	0	0
fq_raw/SdC02094_CKDL210020579-1a-AK7010-AK7558_HKGLMDSX2_L2_1.fq.gz	47174	43853	14878	14626	11531		92.9601	33.927	98.3062	78.8391	0	0
fq_raw/SdC02094_CKDL210020579-1a-AK7010-AK7558_HKGLMDSX2_L2_2.fq.gz	47174	43853	14878	14626	11457		92.9601	33.927	98.3062	78.3331	0	0
fq_raw/SdC02095_CKDL210020579-1a-AK8410-AK4971_HKGLMDSX2_L2_1.fq.gz	4929976	4801891	1439763	1418911	1247542		97.4019	29.9833	98.5517	87.9225	0	0
fq_raw/SdC02095_CKDL210020579-1a-AK8410-AK4971_HKGLMDSX2_L2_2.fq.gz	4929976	4801891	1439763	1418911	1244010		97.4019	29.9833	98.5517	87.6736	0	0
fq_raw/SdC02096_CKDL210020579-1a-AK7759-AK1864_HKGLMDSX2_L2_1.fq.gz	227971	213912	71384	70365	57901		93.833	33.3707	98.5725	82.2866	0	0
fq_raw/SdC02096_CKDL210020579-1a-AK7759-AK1864_HKGLMDSX2_L2_2.fq.gz	227971	213912	71384	70365	57774		93.833	33.3707	98.5725	82.1062	0	0
