dDocent_Contig_469	1	134	0	133	133	1.0000000
dDocent_Contig_2221	1	134	0	133	133	1.0000000
dDocent_Contig_2643	1	134	0	133	133	1.0000000
dDocent_Contig_3763	1	134	0	133	133	1.0000000
dDocent_Contig_3808	1	134	0	133	133	1.0000000
dDocent_Contig_4059	1	134	0	133	133	1.0000000
dDocent_Contig_4302	1	134	0	133	133	1.0000000
dDocent_Contig_4678	1	134	0	133	133	1.0000000
dDocent_Contig_4795	1	134	0	133	133	1.0000000
dDocent_Contig_4841	1	134	0	133	133	1.0000000
dDocent_Contig_4870	1	134	0	133	133	1.0000000
dDocent_Contig_4893	1	134	0	133	133	1.0000000
dDocent_Contig_4896	1	134	0	133	133	1.0000000
dDocent_Contig_4915	1	134	0	133	133	1.0000000
dDocent_Contig_4954	1	134	0	133	133	1.0000000
dDocent_Contig_5374	1	134	0	133	133	1.0000000
dDocent_Contig_5466	1	134	0	133	133	1.0000000
dDocent_Contig_5536	1	134	0	133	133	1.0000000
dDocent_Contig_5701	1	134	0	133	133	1.0000000
dDocent_Contig_5745	1	134	0	133	133	1.0000000
dDocent_Contig_5793	1	134	0	133	133	1.0000000
dDocent_Contig_5885	1	134	0	133	133	1.0000000
dDocent_Contig_5919	1	134	0	133	133	1.0000000
dDocent_Contig_6187	1	134	0	133	133	1.0000000
dDocent_Contig_6364	1	134	0	133	133	1.0000000
dDocent_Contig_6641	1	134	0	133	133	1.0000000
dDocent_Contig_6659	1	134	0	133	133	1.0000000
dDocent_Contig_6765	1	134	0	133	133	1.0000000
dDocent_Contig_6929	1	134	0	133	133	1.0000000
dDocent_Contig_7234	1	134	0	133	133	1.0000000
dDocent_Contig_7358	1	134	0	97	133	0.7293233
dDocent_Contig_7358	1	134	1	36	133	0.2706767
dDocent_Contig_7458	1	134	0	133	133	1.0000000
dDocent_Contig_7519	1	134	0	133	133	1.0000000
dDocent_Contig_7900	1	134	0	133	133	1.0000000
dDocent_Contig_8407	1	134	0	133	133	1.0000000
dDocent_Contig_8530	1	134	0	133	133	1.0000000
dDocent_Contig_8860	1	134	0	133	133	1.0000000
dDocent_Contig_8973	1	134	0	133	133	1.0000000
dDocent_Contig_8977	1	134	0	133	133	1.0000000
dDocent_Contig_8980	1	134	0	133	133	1.0000000
dDocent_Contig_10010	1	134	0	133	133	1.0000000
dDocent_Contig_10081	1	134	0	133	133	1.0000000
dDocent_Contig_10223	1	134	0	133	133	1.0000000
dDocent_Contig_10246	1	134	0	133	133	1.0000000
dDocent_Contig_10283	1	134	0	133	133	1.0000000
dDocent_Contig_10521	1	134	0	133	133	1.0000000
dDocent_Contig_10528	1	134	0	133	133	1.0000000
dDocent_Contig_10735	1	134	0	133	133	1.0000000
dDocent_Contig_11013	1	134	0	133	133	1.0000000
dDocent_Contig_11016	1	134	0	133	133	1.0000000
dDocent_Contig_11040	1	134	0	133	133	1.0000000
dDocent_Contig_11104	1	134	0	133	133	1.0000000
dDocent_Contig_11121	1	134	0	133	133	1.0000000
dDocent_Contig_11227	1	134	0	133	133	1.0000000
dDocent_Contig_11328	1	134	0	133	133	1.0000000
dDocent_Contig_11809	1	134	0	133	133	1.0000000
dDocent_Contig_11825	1	134	0	133	133	1.0000000
dDocent_Contig_12066	1	134	0	133	133	1.0000000
dDocent_Contig_12441	1	134	0	133	133	1.0000000
dDocent_Contig_12477	1	134	0	133	133	1.0000000
dDocent_Contig_12539	1	134	0	133	133	1.0000000
dDocent_Contig_12540	1	134	0	133	133	1.0000000
dDocent_Contig_12650	1	134	0	133	133	1.0000000
dDocent_Contig_12696	1	134	0	133	133	1.0000000
dDocent_Contig_12794	1	134	0	133	133	1.0000000
dDocent_Contig_13087	1	134	0	133	133	1.0000000
dDocent_Contig_13133	1	134	0	133	133	1.0000000
dDocent_Contig_13319	1	134	0	133	133	1.0000000
dDocent_Contig_13325	1	134	0	133	133	1.0000000
dDocent_Contig_13631	1	134	0	133	133	1.0000000
dDocent_Contig_13704	1	134	0	133	133	1.0000000
dDocent_Contig_13714	1	134	0	133	133	1.0000000
dDocent_Contig_13802	1	134	0	133	133	1.0000000
dDocent_Contig_13814	1	134	0	133	133	1.0000000
dDocent_Contig_13926	1	134	0	133	133	1.0000000
dDocent_Contig_14040	1	134	0	133	133	1.0000000
dDocent_Contig_14127	1	134	0	133	133	1.0000000
dDocent_Contig_14341	1	134	0	133	133	1.0000000
dDocent_Contig_14387	1	134	0	133	133	1.0000000
dDocent_Contig_14401	1	134	0	133	133	1.0000000
dDocent_Contig_14458	1	134	0	133	133	1.0000000
dDocent_Contig_14471	1	134	0	133	133	1.0000000
dDocent_Contig_14496	1	134	0	133	133	1.0000000
dDocent_Contig_14696	1	134	0	133	133	1.0000000
dDocent_Contig_14857	1	134	0	133	133	1.0000000
dDocent_Contig_14945	1	134	0	133	133	1.0000000
dDocent_Contig_15303	1	134	0	133	133	1.0000000
dDocent_Contig_15394	1	134	0	133	133	1.0000000
dDocent_Contig_15443	1	134	0	133	133	1.0000000
dDocent_Contig_15798	1	134	0	133	133	1.0000000
dDocent_Contig_16416	1	134	0	29	133	0.2180451
dDocent_Contig_16416	1	134	2	104	133	0.7819549
dDocent_Contig_16644	1	134	0	133	133	1.0000000
dDocent_Contig_16876	1	134	0	133	133	1.0000000
dDocent_Contig_17025	1	134	0	133	133	1.0000000
dDocent_Contig_17172	1	134	0	133	133	1.0000000
dDocent_Contig_17263	1	134	0	133	133	1.0000000
dDocent_Contig_17281	1	134	0	133	133	1.0000000
dDocent_Contig_17506	1	134	0	94	133	0.7067669
dDocent_Contig_17506	1	134	1	39	133	0.2932331
dDocent_Contig_17552	1	134	0	133	133	1.0000000
dDocent_Contig_17966	1	134	0	133	133	1.0000000
dDocent_Contig_18067	1	134	0	133	133	1.0000000
dDocent_Contig_18263	1	134	0	133	133	1.0000000
dDocent_Contig_18530	1	134	0	133	133	1.0000000
dDocent_Contig_18645	1	134	0	133	133	1.0000000
dDocent_Contig_18820	1	134	0	133	133	1.0000000
dDocent_Contig_19079	1	134	0	133	133	1.0000000
dDocent_Contig_19438	1	134	0	133	133	1.0000000
dDocent_Contig_19450	1	134	0	133	133	1.0000000
dDocent_Contig_19596	1	134	0	133	133	1.0000000
dDocent_Contig_19601	1	134	0	133	133	1.0000000
dDocent_Contig_19667	1	134	0	133	133	1.0000000
dDocent_Contig_19729	1	134	0	23	133	0.1729323
dDocent_Contig_19729	1	134	1	1	133	0.0075188
dDocent_Contig_19729	1	134	2	109	133	0.8195488
dDocent_Contig_19789	1	134	0	133	133	1.0000000
dDocent_Contig_19841	1	134	0	133	133	1.0000000
dDocent_Contig_19852	1	134	0	133	133	1.0000000
dDocent_Contig_19961	1	134	0	133	133	1.0000000
dDocent_Contig_20075	1	134	0	133	133	1.0000000
dDocent_Contig_20137	1	134	0	133	133	1.0000000
dDocent_Contig_20312	1	134	0	133	133	1.0000000
dDocent_Contig_20384	1	134	0	133	133	1.0000000
dDocent_Contig_20541	1	134	0	133	133	1.0000000
dDocent_Contig_20805	1	134	0	133	133	1.0000000
dDocent_Contig_20878	1	134	0	133	133	1.0000000
dDocent_Contig_20914	1	134	0	133	133	1.0000000
dDocent_Contig_21026	1	134	0	133	133	1.0000000
dDocent_Contig_21304	1	134	0	133	133	1.0000000
dDocent_Contig_21306	1	134	0	133	133	1.0000000
dDocent_Contig_21534	1	134	0	133	133	1.0000000
dDocent_Contig_21546	1	134	0	133	133	1.0000000
dDocent_Contig_21613	1	134	0	133	133	1.0000000
dDocent_Contig_21972	1	134	0	133	133	1.0000000
dDocent_Contig_22345	1	134	0	133	133	1.0000000
dDocent_Contig_22513	1	134	0	133	133	1.0000000
dDocent_Contig_22655	1	134	0	133	133	1.0000000
dDocent_Contig_22724	1	134	0	133	133	1.0000000
dDocent_Contig_22852	1	134	0	133	133	1.0000000
dDocent_Contig_22969	1	134	0	133	133	1.0000000
dDocent_Contig_22974	1	134	0	133	133	1.0000000
dDocent_Contig_23082	1	134	0	133	133	1.0000000
dDocent_Contig_23105	1	134	0	133	133	1.0000000
dDocent_Contig_23475	1	134	0	133	133	1.0000000
dDocent_Contig_23718	1	134	0	133	133	1.0000000
dDocent_Contig_24326	1	134	0	133	133	1.0000000
dDocent_Contig_24509	1	134	0	133	133	1.0000000
dDocent_Contig_24768	1	134	0	133	133	1.0000000
dDocent_Contig_24942	1	134	0	133	133	1.0000000
dDocent_Contig_25303	1	134	0	133	133	1.0000000
dDocent_Contig_25362	1	134	0	105	133	0.7894737
dDocent_Contig_25362	1	134	1	28	133	0.2105263
dDocent_Contig_25525	1	134	0	133	133	1.0000000
dDocent_Contig_25528	1	134	0	133	133	1.0000000
dDocent_Contig_25719	1	134	0	15	133	0.1127820
dDocent_Contig_25719	1	134	1	118	133	0.8872181
dDocent_Contig_25734	1	134	0	133	133	1.0000000
dDocent_Contig_25745	1	134	0	133	133	1.0000000
dDocent_Contig_26001	1	134	0	133	133	1.0000000
dDocent_Contig_26341	1	134	0	133	133	1.0000000
dDocent_Contig_26480	1	134	0	133	133	1.0000000
dDocent_Contig_26506	1	134	0	133	133	1.0000000
dDocent_Contig_26705	1	134	0	133	133	1.0000000
dDocent_Contig_26735	1	134	0	133	133	1.0000000
dDocent_Contig_26794	1	134	0	133	133	1.0000000
dDocent_Contig_26833	1	134	0	133	133	1.0000000
dDocent_Contig_26860	1	134	0	133	133	1.0000000
dDocent_Contig_26932	1	134	0	133	133	1.0000000
dDocent_Contig_27088	1	134	0	133	133	1.0000000
dDocent_Contig_27151	1	134	0	133	133	1.0000000
dDocent_Contig_27303	1	134	0	133	133	1.0000000
dDocent_Contig_27382	1	134	0	133	133	1.0000000
dDocent_Contig_27425	1	134	0	133	133	1.0000000
dDocent_Contig_27478	1	134	0	133	133	1.0000000
dDocent_Contig_27500	1	134	0	133	133	1.0000000
dDocent_Contig_27714	1	134	0	133	133	1.0000000
dDocent_Contig_27757	1	134	0	133	133	1.0000000
dDocent_Contig_27791	1	134	0	133	133	1.0000000
dDocent_Contig_27963	1	134	0	133	133	1.0000000
dDocent_Contig_28454	1	134	0	133	133	1.0000000
dDocent_Contig_28529	1	134	0	133	133	1.0000000
dDocent_Contig_28554	1	134	0	133	133	1.0000000
dDocent_Contig_28643	1	134	0	133	133	1.0000000
dDocent_Contig_28723	1	134	0	133	133	1.0000000
dDocent_Contig_28759	1	134	0	133	133	1.0000000
dDocent_Contig_28983	1	134	0	133	133	1.0000000
dDocent_Contig_29187	1	134	0	133	133	1.0000000
dDocent_Contig_29239	1	134	0	133	133	1.0000000
dDocent_Contig_29337	1	134	0	133	133	1.0000000
dDocent_Contig_29359	1	134	0	133	133	1.0000000
dDocent_Contig_29718	1	134	0	133	133	1.0000000
dDocent_Contig_29719	1	134	0	29	133	0.2180451
dDocent_Contig_29719	1	134	1	104	133	0.7819549
dDocent_Contig_30057	1	134	0	133	133	1.0000000
dDocent_Contig_30094	1	134	0	133	133	1.0000000
dDocent_Contig_30299	1	134	0	133	133	1.0000000
dDocent_Contig_30444	1	134	0	133	133	1.0000000
dDocent_Contig_30573	1	134	0	133	133	1.0000000
dDocent_Contig_31164	1	134	0	133	133	1.0000000
dDocent_Contig_31290	1	134	0	133	133	1.0000000
dDocent_Contig_31438	1	134	0	133	133	1.0000000
dDocent_Contig_31551	1	134	0	133	133	1.0000000
dDocent_Contig_31599	1	134	0	133	133	1.0000000
dDocent_Contig_31843	1	134	0	133	133	1.0000000
dDocent_Contig_32237	1	134	0	133	133	1.0000000
dDocent_Contig_32242	1	134	0	133	133	1.0000000
dDocent_Contig_32553	1	134	0	133	133	1.0000000
dDocent_Contig_32556	1	134	0	133	133	1.0000000
dDocent_Contig_32581	1	134	0	133	133	1.0000000
dDocent_Contig_32642	1	134	0	133	133	1.0000000
dDocent_Contig_32650	1	134	0	133	133	1.0000000
dDocent_Contig_32658	1	134	0	133	133	1.0000000
dDocent_Contig_32684	1	134	0	133	133	1.0000000
dDocent_Contig_32849	1	134	0	133	133	1.0000000
dDocent_Contig_32933	1	134	0	133	133	1.0000000
dDocent_Contig_33311	1	134	0	133	133	1.0000000
dDocent_Contig_33441	1	134	0	133	133	1.0000000
dDocent_Contig_33639	1	134	0	133	133	1.0000000
dDocent_Contig_33920	1	134	0	133	133	1.0000000
dDocent_Contig_34098	1	134	0	133	133	1.0000000
dDocent_Contig_34176	1	134	0	133	133	1.0000000
dDocent_Contig_34252	1	134	0	133	133	1.0000000
dDocent_Contig_34267	1	134	0	133	133	1.0000000
dDocent_Contig_34319	1	134	0	133	133	1.0000000
dDocent_Contig_34458	1	134	0	133	133	1.0000000
dDocent_Contig_34474	1	134	0	133	133	1.0000000
dDocent_Contig_34668	1	134	0	133	133	1.0000000
dDocent_Contig_34685	1	134	0	133	133	1.0000000
dDocent_Contig_34862	1	134	0	133	133	1.0000000
dDocent_Contig_35098	1	134	0	133	133	1.0000000
dDocent_Contig_35248	1	134	0	133	133	1.0000000
dDocent_Contig_35451	1	134	0	133	133	1.0000000
dDocent_Contig_35500	1	134	0	133	133	1.0000000
dDocent_Contig_35857	1	134	0	133	133	1.0000000
dDocent_Contig_36016	1	134	0	133	133	1.0000000
dDocent_Contig_470	1	134	0	133	133	1.0000000
dDocent_Contig_1286	1	134	0	133	133	1.0000000
dDocent_Contig_1288	1	134	0	133	133	1.0000000
dDocent_Contig_1292	1	134	0	133	133	1.0000000
dDocent_Contig_1334	1	134	0	133	133	1.0000000
dDocent_Contig_1391	1	134	0	133	133	1.0000000
dDocent_Contig_1397	1	134	0	133	133	1.0000000
dDocent_Contig_1439	1	134	0	133	133	1.0000000
dDocent_Contig_1469	1	134	0	133	133	1.0000000
dDocent_Contig_1516	1	134	0	133	133	1.0000000
dDocent_Contig_1547	1	134	0	133	133	1.0000000
dDocent_Contig_1565	1	134	0	133	133	1.0000000
dDocent_Contig_1611	1	134	0	133	133	1.0000000
dDocent_Contig_1625	1	134	0	133	133	1.0000000
dDocent_Contig_1627	1	134	0	133	133	1.0000000
dDocent_Contig_1638	1	134	0	133	133	1.0000000
dDocent_Contig_1676	1	134	0	133	133	1.0000000
dDocent_Contig_1681	1	134	1	115	133	0.8646616
dDocent_Contig_1681	1	134	2	18	133	0.1353384
dDocent_Contig_1759	1	134	0	133	133	1.0000000
dDocent_Contig_1775	1	134	0	133	133	1.0000000
dDocent_Contig_1794	1	134	0	133	133	1.0000000
dDocent_Contig_1852	1	134	0	133	133	1.0000000
dDocent_Contig_1865	1	134	0	133	133	1.0000000
dDocent_Contig_1933	1	134	0	133	133	1.0000000
dDocent_Contig_1947	1	134	0	133	133	1.0000000
dDocent_Contig_1971	1	134	0	133	133	1.0000000
dDocent_Contig_1980	1	134	0	133	133	1.0000000
dDocent_Contig_2001	1	134	0	133	133	1.0000000
dDocent_Contig_2002	1	134	0	133	133	1.0000000
dDocent_Contig_2029	1	134	0	133	133	1.0000000
dDocent_Contig_2074	1	134	0	133	133	1.0000000
dDocent_Contig_2082	1	134	0	133	133	1.0000000
dDocent_Contig_2085	1	134	0	133	133	1.0000000
dDocent_Contig_2089	1	134	0	133	133	1.0000000
dDocent_Contig_2100	1	134	0	133	133	1.0000000
dDocent_Contig_2102	1	134	0	133	133	1.0000000
dDocent_Contig_2104	1	134	0	133	133	1.0000000
dDocent_Contig_2106	1	134	0	133	133	1.0000000
dDocent_Contig_2110	1	134	0	133	133	1.0000000
dDocent_Contig_2111	1	134	0	133	133	1.0000000
dDocent_Contig_2160	1	134	0	133	133	1.0000000
dDocent_Contig_2189	1	134	0	133	133	1.0000000
dDocent_Contig_2192	1	134	0	133	133	1.0000000
dDocent_Contig_2193	1	134	0	133	133	1.0000000
dDocent_Contig_2195	1	134	0	133	133	1.0000000
dDocent_Contig_2220	1	134	0	133	133	1.0000000
dDocent_Contig_2275	1	134	0	133	133	1.0000000
dDocent_Contig_2302	1	134	0	133	133	1.0000000
dDocent_Contig_2325	1	134	0	133	133	1.0000000
dDocent_Contig_2332	1	134	0	133	133	1.0000000
dDocent_Contig_2581	1	134	0	133	133	1.0000000
dDocent_Contig_2603	1	134	0	133	133	1.0000000
dDocent_Contig_2666	1	134	0	133	133	1.0000000
dDocent_Contig_2694	1	134	0	133	133	1.0000000
dDocent_Contig_2703	1	134	0	133	133	1.0000000
dDocent_Contig_2786	1	134	0	133	133	1.0000000
dDocent_Contig_2801	1	134	0	133	133	1.0000000
dDocent_Contig_2812	1	134	0	133	133	1.0000000
dDocent_Contig_2818	1	134	0	133	133	1.0000000
dDocent_Contig_2839	1	134	0	133	133	1.0000000
dDocent_Contig_2840	1	134	0	133	133	1.0000000
dDocent_Contig_2853	1	134	0	133	133	1.0000000
dDocent_Contig_2896	1	134	0	133	133	1.0000000
dDocent_Contig_2901	1	134	0	133	133	1.0000000
dDocent_Contig_2928	1	134	0	133	133	1.0000000
dDocent_Contig_2933	1	134	0	133	133	1.0000000
dDocent_Contig_3190	1	134	0	133	133	1.0000000
dDocent_Contig_3221	1	134	0	133	133	1.0000000
dDocent_Contig_3294	1	134	0	133	133	1.0000000
dDocent_Contig_3391	1	134	0	133	133	1.0000000
dDocent_Contig_3398	1	134	0	133	133	1.0000000
dDocent_Contig_3401	1	134	0	133	133	1.0000000
dDocent_Contig_3402	1	134	0	133	133	1.0000000
dDocent_Contig_3405	1	134	0	133	133	1.0000000
dDocent_Contig_3454	1	134	0	133	133	1.0000000
dDocent_Contig_3472	1	134	0	133	133	1.0000000
dDocent_Contig_3489	1	134	0	133	133	1.0000000
dDocent_Contig_3686	1	134	0	133	133	1.0000000
dDocent_Contig_3697	1	134	0	133	133	1.0000000
dDocent_Contig_3705	1	134	0	133	133	1.0000000
dDocent_Contig_3706	1	134	0	133	133	1.0000000
dDocent_Contig_3708	1	134	0	133	133	1.0000000
dDocent_Contig_3709	1	134	0	133	133	1.0000000
dDocent_Contig_3711	1	134	0	133	133	1.0000000
dDocent_Contig_3719	1	134	0	133	133	1.0000000
dDocent_Contig_3722	1	134	0	133	133	1.0000000
dDocent_Contig_3723	1	134	0	133	133	1.0000000
dDocent_Contig_3725	1	134	0	133	133	1.0000000
dDocent_Contig_3728	1	134	0	133	133	1.0000000
dDocent_Contig_3729	1	134	0	133	133	1.0000000
dDocent_Contig_3730	1	134	0	133	133	1.0000000
dDocent_Contig_3733	1	134	0	133	133	1.0000000
dDocent_Contig_3741	1	134	0	133	133	1.0000000
dDocent_Contig_3746	1	134	0	133	133	1.0000000
dDocent_Contig_3748	1	134	0	133	133	1.0000000
dDocent_Contig_3752	1	134	0	133	133	1.0000000
dDocent_Contig_3754	1	134	0	133	133	1.0000000
dDocent_Contig_3758	1	134	0	133	133	1.0000000
dDocent_Contig_3759	1	134	0	133	133	1.0000000
dDocent_Contig_3762	1	134	0	133	133	1.0000000
dDocent_Contig_3769	1	134	0	133	133	1.0000000
dDocent_Contig_3772	1	134	0	133	133	1.0000000
dDocent_Contig_3775	1	134	0	133	133	1.0000000
dDocent_Contig_3777	1	134	0	133	133	1.0000000
dDocent_Contig_3796	1	134	0	133	133	1.0000000
dDocent_Contig_3797	1	134	0	133	133	1.0000000
dDocent_Contig_3803	1	134	0	133	133	1.0000000
dDocent_Contig_3804	1	134	0	133	133	1.0000000
dDocent_Contig_3806	1	134	0	133	133	1.0000000
dDocent_Contig_3813	1	134	0	133	133	1.0000000
dDocent_Contig_3817	1	134	0	133	133	1.0000000
dDocent_Contig_3818	1	134	0	133	133	1.0000000
dDocent_Contig_3819	1	134	0	133	133	1.0000000
dDocent_Contig_3820	1	134	0	133	133	1.0000000
dDocent_Contig_3823	1	134	0	133	133	1.0000000
dDocent_Contig_3824	1	134	0	133	133	1.0000000
dDocent_Contig_3827	1	134	0	133	133	1.0000000
dDocent_Contig_3833	1	134	0	133	133	1.0000000
dDocent_Contig_3834	1	134	0	133	133	1.0000000
dDocent_Contig_3835	1	134	0	133	133	1.0000000
dDocent_Contig_3843	1	134	0	133	133	1.0000000
dDocent_Contig_3856	1	134	0	133	133	1.0000000
dDocent_Contig_3858	1	134	0	133	133	1.0000000
dDocent_Contig_3862	1	134	0	133	133	1.0000000
dDocent_Contig_3866	1	134	0	133	133	1.0000000
dDocent_Contig_3886	1	134	0	133	133	1.0000000
dDocent_Contig_3894	1	134	0	133	133	1.0000000
dDocent_Contig_3895	1	134	0	133	133	1.0000000
dDocent_Contig_3896	1	134	0	133	133	1.0000000
dDocent_Contig_3899	1	134	0	133	133	1.0000000
dDocent_Contig_3900	1	134	0	133	133	1.0000000
dDocent_Contig_3906	1	134	0	133	133	1.0000000
dDocent_Contig_3914	1	134	0	133	133	1.0000000
dDocent_Contig_3915	1	134	0	133	133	1.0000000
dDocent_Contig_3922	1	134	0	133	133	1.0000000
dDocent_Contig_3924	1	134	0	133	133	1.0000000
dDocent_Contig_3928	1	134	0	133	133	1.0000000
dDocent_Contig_3932	1	134	0	133	133	1.0000000
dDocent_Contig_3934	1	134	0	133	133	1.0000000
dDocent_Contig_3935	1	134	0	133	133	1.0000000
dDocent_Contig_3938	1	134	0	133	133	1.0000000
dDocent_Contig_3939	1	134	0	133	133	1.0000000
dDocent_Contig_3940	1	134	0	133	133	1.0000000
dDocent_Contig_3956	1	134	0	133	133	1.0000000
dDocent_Contig_3957	1	134	0	133	133	1.0000000
dDocent_Contig_3959	1	134	0	133	133	1.0000000
dDocent_Contig_3966	1	134	0	133	133	1.0000000
dDocent_Contig_3970	1	134	0	133	133	1.0000000
dDocent_Contig_3972	1	134	0	133	133	1.0000000
dDocent_Contig_3973	1	134	0	133	133	1.0000000
dDocent_Contig_3976	1	134	0	133	133	1.0000000
dDocent_Contig_3980	1	134	0	133	133	1.0000000
dDocent_Contig_3983	1	134	0	133	133	1.0000000
dDocent_Contig_3987	1	134	0	133	133	1.0000000
dDocent_Contig_3988	1	134	0	133	133	1.0000000
dDocent_Contig_3989	1	134	0	133	133	1.0000000
dDocent_Contig_3990	1	134	0	133	133	1.0000000
dDocent_Contig_3994	1	134	0	133	133	1.0000000
dDocent_Contig_3997	1	134	0	133	133	1.0000000
dDocent_Contig_4002	1	134	0	133	133	1.0000000
dDocent_Contig_4003	1	134	0	133	133	1.0000000
dDocent_Contig_4004	1	134	0	133	133	1.0000000
dDocent_Contig_4006	1	134	0	133	133	1.0000000
dDocent_Contig_4011	1	134	0	133	133	1.0000000
dDocent_Contig_4014	1	134	0	133	133	1.0000000
dDocent_Contig_4017	1	134	0	133	133	1.0000000
dDocent_Contig_4019	1	134	0	133	133	1.0000000
dDocent_Contig_4023	1	134	0	133	133	1.0000000
dDocent_Contig_4032	1	134	0	133	133	1.0000000
dDocent_Contig_4035	1	134	0	133	133	1.0000000
dDocent_Contig_4038	1	134	0	133	133	1.0000000
dDocent_Contig_4043	1	134	0	133	133	1.0000000
dDocent_Contig_4050	1	134	0	133	133	1.0000000
dDocent_Contig_4055	1	134	0	133	133	1.0000000
dDocent_Contig_4056	1	134	0	133	133	1.0000000
dDocent_Contig_4057	1	134	0	133	133	1.0000000
dDocent_Contig_4061	1	134	0	133	133	1.0000000
dDocent_Contig_4063	1	134	0	133	133	1.0000000
dDocent_Contig_4065	1	134	0	70	133	0.5263158
dDocent_Contig_4065	1	134	1	63	133	0.4736842
dDocent_Contig_4066	1	134	0	133	133	1.0000000
dDocent_Contig_4068	1	134	0	133	133	1.0000000
dDocent_Contig_4086	1	134	0	133	133	1.0000000
dDocent_Contig_4091	1	134	0	133	133	1.0000000
dDocent_Contig_4094	1	134	0	133	133	1.0000000
dDocent_Contig_4100	1	134	0	133	133	1.0000000
dDocent_Contig_4106	1	134	0	133	133	1.0000000
dDocent_Contig_4107	1	134	0	133	133	1.0000000
dDocent_Contig_4122	1	134	0	133	133	1.0000000
dDocent_Contig_4123	1	134	0	133	133	1.0000000
dDocent_Contig_4127	1	134	0	133	133	1.0000000
dDocent_Contig_4131	1	134	0	133	133	1.0000000
dDocent_Contig_4143	1	134	0	133	133	1.0000000
dDocent_Contig_4148	1	134	0	133	133	1.0000000
dDocent_Contig_4151	1	134	0	133	133	1.0000000
dDocent_Contig_4157	1	134	0	133	133	1.0000000
dDocent_Contig_4160	1	134	0	133	133	1.0000000
dDocent_Contig_4163	1	134	2	133	133	1.0000000
dDocent_Contig_4164	1	134	0	133	133	1.0000000
dDocent_Contig_4169	1	134	0	133	133	1.0000000
dDocent_Contig_4170	1	134	0	133	133	1.0000000
dDocent_Contig_4171	1	134	0	38	133	0.2857143
dDocent_Contig_4171	1	134	1	95	133	0.7142857
dDocent_Contig_4173	1	134	0	133	133	1.0000000
dDocent_Contig_4180	1	134	0	133	133	1.0000000
dDocent_Contig_4181	1	134	0	133	133	1.0000000
dDocent_Contig_4182	1	134	0	133	133	1.0000000
dDocent_Contig_4187	1	134	0	133	133	1.0000000
dDocent_Contig_4191	1	134	0	133	133	1.0000000
dDocent_Contig_4192	1	134	0	133	133	1.0000000
dDocent_Contig_4193	1	134	0	133	133	1.0000000
dDocent_Contig_4194	1	134	0	133	133	1.0000000
dDocent_Contig_4196	1	134	0	133	133	1.0000000
dDocent_Contig_4200	1	134	0	133	133	1.0000000
dDocent_Contig_4204	1	134	0	133	133	1.0000000
dDocent_Contig_4207	1	134	0	133	133	1.0000000
dDocent_Contig_4208	1	134	0	133	133	1.0000000
dDocent_Contig_4217	1	134	0	133	133	1.0000000
dDocent_Contig_4221	1	134	0	133	133	1.0000000
dDocent_Contig_4251	1	134	0	133	133	1.0000000
dDocent_Contig_4258	1	134	0	133	133	1.0000000
dDocent_Contig_4261	1	134	0	133	133	1.0000000
dDocent_Contig_4263	1	134	0	133	133	1.0000000
dDocent_Contig_4266	1	134	0	133	133	1.0000000
dDocent_Contig_4268	1	134	0	133	133	1.0000000
dDocent_Contig_4270	1	134	0	133	133	1.0000000
dDocent_Contig_4272	1	134	0	133	133	1.0000000
dDocent_Contig_4283	1	134	0	133	133	1.0000000
dDocent_Contig_4284	1	134	0	133	133	1.0000000
dDocent_Contig_4288	1	134	0	133	133	1.0000000
dDocent_Contig_4290	1	134	0	133	133	1.0000000
dDocent_Contig_4294	1	134	0	133	133	1.0000000
dDocent_Contig_4296	1	134	0	133	133	1.0000000
dDocent_Contig_4298	1	134	0	133	133	1.0000000
dDocent_Contig_4300	1	134	0	133	133	1.0000000
dDocent_Contig_4313	1	134	0	133	133	1.0000000
dDocent_Contig_4320	1	134	0	133	133	1.0000000
dDocent_Contig_4326	1	134	0	133	133	1.0000000
dDocent_Contig_4344	1	134	0	133	133	1.0000000
dDocent_Contig_4351	1	134	0	133	133	1.0000000
dDocent_Contig_4362	1	134	0	133	133	1.0000000
dDocent_Contig_4364	1	134	0	133	133	1.0000000
dDocent_Contig_4367	1	134	0	133	133	1.0000000
dDocent_Contig_4378	1	134	0	133	133	1.0000000
dDocent_Contig_4380	1	134	0	133	133	1.0000000
dDocent_Contig_4401	1	134	0	133	133	1.0000000
dDocent_Contig_4402	1	134	0	133	133	1.0000000
dDocent_Contig_4408	1	134	0	133	133	1.0000000
dDocent_Contig_4409	1	134	0	133	133	1.0000000
dDocent_Contig_4410	1	134	0	133	133	1.0000000
dDocent_Contig_4412	1	134	0	133	133	1.0000000
dDocent_Contig_4416	1	134	0	133	133	1.0000000
dDocent_Contig_4418	1	134	0	133	133	1.0000000
dDocent_Contig_4420	1	134	0	133	133	1.0000000
dDocent_Contig_4425	1	134	0	133	133	1.0000000
dDocent_Contig_4427	1	134	0	133	133	1.0000000
dDocent_Contig_4436	1	134	0	133	133	1.0000000
dDocent_Contig_4442	1	134	0	133	133	1.0000000
dDocent_Contig_4443	1	134	0	133	133	1.0000000
dDocent_Contig_4451	1	134	0	133	133	1.0000000
dDocent_Contig_4456	1	134	0	133	133	1.0000000
dDocent_Contig_4458	1	134	0	133	133	1.0000000
dDocent_Contig_4483	1	134	0	133	133	1.0000000
dDocent_Contig_4484	1	134	0	133	133	1.0000000
dDocent_Contig_4486	1	134	0	133	133	1.0000000
dDocent_Contig_4489	1	134	0	133	133	1.0000000
dDocent_Contig_4490	1	134	0	133	133	1.0000000
dDocent_Contig_4511	1	134	0	133	133	1.0000000
dDocent_Contig_4513	1	134	0	133	133	1.0000000
dDocent_Contig_4517	1	134	0	133	133	1.0000000
dDocent_Contig_4518	1	134	0	133	133	1.0000000
dDocent_Contig_4519	1	134	0	133	133	1.0000000
dDocent_Contig_4521	1	134	0	133	133	1.0000000
dDocent_Contig_4532	1	134	0	133	133	1.0000000
dDocent_Contig_4534	1	134	0	133	133	1.0000000
dDocent_Contig_4536	1	134	0	133	133	1.0000000
dDocent_Contig_4537	1	134	0	133	133	1.0000000
dDocent_Contig_4542	1	134	0	133	133	1.0000000
dDocent_Contig_4544	1	134	0	133	133	1.0000000
dDocent_Contig_4545	1	134	0	133	133	1.0000000
dDocent_Contig_4559	1	134	0	133	133	1.0000000
dDocent_Contig_4579	1	134	0	133	133	1.0000000
dDocent_Contig_4580	1	134	0	133	133	1.0000000
dDocent_Contig_4584	1	134	0	33	133	0.2481203
dDocent_Contig_4584	1	134	1	13	133	0.0977444
dDocent_Contig_4584	1	134	2	34	133	0.2556391
dDocent_Contig_4584	1	134	3	3	133	0.0225564
dDocent_Contig_4584	1	134	4	13	133	0.0977444
dDocent_Contig_4584	1	134	5	37	133	0.2781955
dDocent_Contig_4589	1	134	0	101	133	0.7593985
dDocent_Contig_4589	1	134	1	32	133	0.2406015
dDocent_Contig_4590	1	134	0	133	133	1.0000000
dDocent_Contig_4608	1	134	0	133	133	1.0000000
dDocent_Contig_4610	1	134	0	133	133	1.0000000
dDocent_Contig_4623	1	134	0	133	133	1.0000000
dDocent_Contig_4627	1	134	0	133	133	1.0000000
dDocent_Contig_4636	1	134	0	133	133	1.0000000
dDocent_Contig_4639	1	134	0	133	133	1.0000000
dDocent_Contig_4641	1	134	0	133	133	1.0000000
dDocent_Contig_4643	1	134	0	133	133	1.0000000
dDocent_Contig_4645	1	134	0	133	133	1.0000000
dDocent_Contig_4651	1	134	0	133	133	1.0000000
dDocent_Contig_4652	1	134	0	133	133	1.0000000
dDocent_Contig_4656	1	134	0	133	133	1.0000000
dDocent_Contig_4657	1	134	0	133	133	1.0000000
dDocent_Contig_4658	1	134	0	133	133	1.0000000
dDocent_Contig_4663	1	134	0	133	133	1.0000000
dDocent_Contig_4664	1	134	0	133	133	1.0000000
dDocent_Contig_4665	1	134	0	133	133	1.0000000
dDocent_Contig_4670	1	134	0	133	133	1.0000000
dDocent_Contig_4671	1	134	0	133	133	1.0000000
dDocent_Contig_4672	1	134	0	133	133	1.0000000
dDocent_Contig_4673	1	134	0	133	133	1.0000000
dDocent_Contig_4677	1	134	0	133	133	1.0000000
dDocent_Contig_4680	1	134	0	133	133	1.0000000
dDocent_Contig_4682	1	134	0	133	133	1.0000000
dDocent_Contig_4683	1	134	0	133	133	1.0000000
dDocent_Contig_4685	1	134	0	133	133	1.0000000
dDocent_Contig_4708	1	134	0	133	133	1.0000000
dDocent_Contig_4710	1	134	0	133	133	1.0000000
dDocent_Contig_4715	1	134	0	133	133	1.0000000
dDocent_Contig_4716	1	134	0	133	133	1.0000000
dDocent_Contig_4718	1	134	0	133	133	1.0000000
dDocent_Contig_4736	1	134	0	133	133	1.0000000
dDocent_Contig_4742	1	134	0	133	133	1.0000000
dDocent_Contig_4774	1	134	0	33	133	0.2481203
dDocent_Contig_4774	1	134	1	100	133	0.7518797
dDocent_Contig_4786	1	134	0	133	133	1.0000000
dDocent_Contig_4790	1	134	0	133	133	1.0000000
dDocent_Contig_4792	1	134	0	133	133	1.0000000
dDocent_Contig_4807	1	134	0	133	133	1.0000000
dDocent_Contig_4810	1	134	0	133	133	1.0000000
dDocent_Contig_4813	1	134	0	133	133	1.0000000
dDocent_Contig_4835	1	134	0	133	133	1.0000000
dDocent_Contig_4837	1	134	0	133	133	1.0000000
dDocent_Contig_4844	1	134	0	133	133	1.0000000
dDocent_Contig_4849	1	134	0	133	133	1.0000000
dDocent_Contig_4874	1	134	0	133	133	1.0000000
dDocent_Contig_4878	1	134	0	133	133	1.0000000
dDocent_Contig_4879	1	134	1	133	133	1.0000000
dDocent_Contig_4880	1	134	0	133	133	1.0000000
dDocent_Contig_4881	1	134	0	133	133	1.0000000
dDocent_Contig_4886	1	134	0	133	133	1.0000000
dDocent_Contig_4888	1	134	0	133	133	1.0000000
dDocent_Contig_4889	1	134	0	133	133	1.0000000
dDocent_Contig_4914	1	134	0	133	133	1.0000000
dDocent_Contig_4926	1	134	0	133	133	1.0000000
dDocent_Contig_4936	1	134	0	133	133	1.0000000
dDocent_Contig_4939	1	134	0	133	133	1.0000000
dDocent_Contig_4941	1	134	0	133	133	1.0000000
dDocent_Contig_4948	1	134	0	133	133	1.0000000
dDocent_Contig_4953	1	134	0	133	133	1.0000000
dDocent_Contig_4956	1	134	0	133	133	1.0000000
dDocent_Contig_4961	1	134	0	133	133	1.0000000
dDocent_Contig_4962	1	134	0	133	133	1.0000000
dDocent_Contig_4966	1	134	0	133	133	1.0000000
dDocent_Contig_4975	1	134	0	133	133	1.0000000
dDocent_Contig_4976	1	134	0	133	133	1.0000000
dDocent_Contig_4983	1	134	0	133	133	1.0000000
dDocent_Contig_4986	1	134	0	133	133	1.0000000
dDocent_Contig_4987	1	134	0	133	133	1.0000000
dDocent_Contig_4988	1	134	0	133	133	1.0000000
dDocent_Contig_4991	1	134	0	133	133	1.0000000
dDocent_Contig_4994	1	134	0	133	133	1.0000000
dDocent_Contig_5001	1	134	0	133	133	1.0000000
dDocent_Contig_5013	1	134	0	133	133	1.0000000
dDocent_Contig_5020	1	134	0	133	133	1.0000000
dDocent_Contig_5021	1	134	0	133	133	1.0000000
dDocent_Contig_5043	1	134	0	133	133	1.0000000
dDocent_Contig_5044	1	134	0	133	133	1.0000000
dDocent_Contig_5046	1	134	0	133	133	1.0000000
dDocent_Contig_5061	1	134	0	133	133	1.0000000
dDocent_Contig_5062	1	134	0	133	133	1.0000000
dDocent_Contig_5067	1	134	0	133	133	1.0000000
dDocent_Contig_5068	1	134	0	133	133	1.0000000
dDocent_Contig_5069	1	134	0	133	133	1.0000000
dDocent_Contig_5085	1	134	0	133	133	1.0000000
dDocent_Contig_5089	1	134	0	133	133	1.0000000
dDocent_Contig_5104	1	134	0	133	133	1.0000000
dDocent_Contig_5108	1	134	0	133	133	1.0000000
dDocent_Contig_5110	1	134	0	133	133	1.0000000
dDocent_Contig_5111	1	134	0	133	133	1.0000000
dDocent_Contig_5114	1	134	0	133	133	1.0000000
dDocent_Contig_5117	1	134	0	133	133	1.0000000
dDocent_Contig_5118	1	134	0	133	133	1.0000000
dDocent_Contig_5119	1	134	0	133	133	1.0000000
dDocent_Contig_5123	1	134	0	133	133	1.0000000
dDocent_Contig_5127	1	134	0	133	133	1.0000000
dDocent_Contig_5130	1	134	0	133	133	1.0000000
dDocent_Contig_5132	1	134	0	133	133	1.0000000
dDocent_Contig_5133	1	134	0	133	133	1.0000000
dDocent_Contig_5134	1	134	0	133	133	1.0000000
dDocent_Contig_5135	1	134	0	133	133	1.0000000
dDocent_Contig_5142	1	134	0	133	133	1.0000000
dDocent_Contig_5159	1	134	0	133	133	1.0000000
dDocent_Contig_5160	1	134	0	133	133	1.0000000
dDocent_Contig_5173	1	134	0	133	133	1.0000000
dDocent_Contig_5181	1	134	0	133	133	1.0000000
dDocent_Contig_5184	1	134	0	133	133	1.0000000
dDocent_Contig_5190	1	134	0	133	133	1.0000000
dDocent_Contig_5191	1	134	0	133	133	1.0000000
dDocent_Contig_5197	1	134	0	133	133	1.0000000
dDocent_Contig_5205	1	134	0	133	133	1.0000000
dDocent_Contig_5208	1	134	0	133	133	1.0000000
dDocent_Contig_5210	1	134	0	133	133	1.0000000
dDocent_Contig_5218	1	134	0	133	133	1.0000000
dDocent_Contig_5226	1	134	0	82	133	0.6165413
dDocent_Contig_5226	1	134	1	51	133	0.3834586
dDocent_Contig_5228	1	134	0	133	133	1.0000000
dDocent_Contig_5233	1	134	0	133	133	1.0000000
dDocent_Contig_5234	1	134	0	133	133	1.0000000
dDocent_Contig_5238	1	134	0	133	133	1.0000000
dDocent_Contig_5264	1	134	0	133	133	1.0000000
dDocent_Contig_5270	1	134	0	133	133	1.0000000
dDocent_Contig_5283	1	134	0	133	133	1.0000000
dDocent_Contig_5317	1	134	0	133	133	1.0000000
dDocent_Contig_5328	1	134	0	133	133	1.0000000
dDocent_Contig_5329	1	134	0	133	133	1.0000000
dDocent_Contig_5330	1	134	0	133	133	1.0000000
dDocent_Contig_5333	1	134	0	133	133	1.0000000
dDocent_Contig_5359	1	134	0	133	133	1.0000000
dDocent_Contig_5364	1	134	0	133	133	1.0000000
dDocent_Contig_5365	1	134	0	133	133	1.0000000
dDocent_Contig_5368	1	134	0	133	133	1.0000000
dDocent_Contig_5397	1	134	0	133	133	1.0000000
dDocent_Contig_5406	1	134	0	133	133	1.0000000
dDocent_Contig_5409	1	134	0	133	133	1.0000000
dDocent_Contig_5421	1	134	0	133	133	1.0000000
dDocent_Contig_5424	1	134	0	133	133	1.0000000
dDocent_Contig_5427	1	134	0	133	133	1.0000000
dDocent_Contig_5428	1	134	0	133	133	1.0000000
dDocent_Contig_5430	1	134	0	133	133	1.0000000
dDocent_Contig_5432	1	134	0	133	133	1.0000000
dDocent_Contig_5437	1	134	0	133	133	1.0000000
dDocent_Contig_5440	1	134	0	133	133	1.0000000
dDocent_Contig_5443	1	134	0	133	133	1.0000000
dDocent_Contig_5444	1	134	0	133	133	1.0000000
dDocent_Contig_5450	1	134	0	133	133	1.0000000
dDocent_Contig_5453	1	134	0	133	133	1.0000000
dDocent_Contig_5455	1	134	0	133	133	1.0000000
dDocent_Contig_5459	1	134	0	133	133	1.0000000
dDocent_Contig_5463	1	134	0	133	133	1.0000000
dDocent_Contig_5476	1	134	0	133	133	1.0000000
dDocent_Contig_5477	1	134	0	133	133	1.0000000
dDocent_Contig_5478	1	134	0	133	133	1.0000000
dDocent_Contig_5479	1	134	0	133	133	1.0000000
dDocent_Contig_5482	1	134	0	133	133	1.0000000
dDocent_Contig_5495	1	134	0	133	133	1.0000000
dDocent_Contig_5496	1	134	0	133	133	1.0000000
dDocent_Contig_5499	1	134	0	133	133	1.0000000
dDocent_Contig_5501	1	134	0	133	133	1.0000000
dDocent_Contig_5502	1	134	0	133	133	1.0000000
dDocent_Contig_5503	1	134	0	133	133	1.0000000
dDocent_Contig_5506	1	134	0	133	133	1.0000000
dDocent_Contig_5509	1	134	0	133	133	1.0000000
dDocent_Contig_5514	1	134	0	133	133	1.0000000
dDocent_Contig_5515	1	134	0	133	133	1.0000000
dDocent_Contig_5523	1	134	0	133	133	1.0000000
dDocent_Contig_5524	1	134	0	133	133	1.0000000
dDocent_Contig_5526	1	134	0	133	133	1.0000000
dDocent_Contig_5533	1	134	0	133	133	1.0000000
dDocent_Contig_5534	1	134	0	133	133	1.0000000
dDocent_Contig_5535	1	134	0	133	133	1.0000000
dDocent_Contig_5539	1	134	0	133	133	1.0000000
dDocent_Contig_5540	1	134	0	133	133	1.0000000
dDocent_Contig_5543	1	134	0	133	133	1.0000000
dDocent_Contig_5546	1	134	0	133	133	1.0000000
dDocent_Contig_5561	1	134	0	133	133	1.0000000
dDocent_Contig_5562	1	134	0	133	133	1.0000000
dDocent_Contig_5576	1	134	0	133	133	1.0000000
dDocent_Contig_5577	1	134	0	133	133	1.0000000
dDocent_Contig_5592	1	134	0	133	133	1.0000000
dDocent_Contig_5602	1	134	0	133	133	1.0000000
dDocent_Contig_5606	1	134	0	133	133	1.0000000
dDocent_Contig_5609	1	134	0	133	133	1.0000000
dDocent_Contig_5613	1	134	0	133	133	1.0000000
dDocent_Contig_5617	1	134	0	133	133	1.0000000
dDocent_Contig_5618	1	134	0	133	133	1.0000000
dDocent_Contig_5620	1	134	0	133	133	1.0000000
dDocent_Contig_5621	1	134	0	133	133	1.0000000
dDocent_Contig_5639	1	134	0	133	133	1.0000000
dDocent_Contig_5647	1	134	0	133	133	1.0000000
dDocent_Contig_5648	1	134	0	133	133	1.0000000
dDocent_Contig_5655	1	134	0	133	133	1.0000000
dDocent_Contig_5656	1	134	0	133	133	1.0000000
dDocent_Contig_5658	1	134	0	133	133	1.0000000
dDocent_Contig_5661	1	134	0	133	133	1.0000000
dDocent_Contig_5662	1	134	0	133	133	1.0000000
dDocent_Contig_5664	1	134	0	133	133	1.0000000
dDocent_Contig_5665	1	134	0	133	133	1.0000000
dDocent_Contig_5670	1	134	0	133	133	1.0000000
dDocent_Contig_5673	1	134	0	133	133	1.0000000
dDocent_Contig_5674	1	134	0	133	133	1.0000000
dDocent_Contig_5676	1	134	0	133	133	1.0000000
dDocent_Contig_5679	1	134	0	133	133	1.0000000
dDocent_Contig_5685	1	134	0	133	133	1.0000000
dDocent_Contig_5686	1	134	0	133	133	1.0000000
dDocent_Contig_5688	1	134	0	133	133	1.0000000
dDocent_Contig_5695	1	134	0	133	133	1.0000000
dDocent_Contig_5696	1	134	0	133	133	1.0000000
dDocent_Contig_5697	1	134	0	133	133	1.0000000
dDocent_Contig_5698	1	134	0	133	133	1.0000000
dDocent_Contig_5702	1	134	0	133	133	1.0000000
dDocent_Contig_5703	1	134	0	133	133	1.0000000
dDocent_Contig_5704	1	134	0	133	133	1.0000000
dDocent_Contig_5739	1	134	0	133	133	1.0000000
dDocent_Contig_5749	1	134	0	133	133	1.0000000
dDocent_Contig_5750	1	134	0	133	133	1.0000000
dDocent_Contig_5751	1	134	0	133	133	1.0000000
dDocent_Contig_5752	1	134	0	133	133	1.0000000
dDocent_Contig_5754	1	134	0	133	133	1.0000000
dDocent_Contig_5755	1	134	0	133	133	1.0000000
dDocent_Contig_5758	1	134	0	133	133	1.0000000
dDocent_Contig_5759	1	134	0	133	133	1.0000000
dDocent_Contig_5760	1	134	0	133	133	1.0000000
dDocent_Contig_5761	1	134	0	133	133	1.0000000
dDocent_Contig_5763	1	134	0	133	133	1.0000000
dDocent_Contig_5768	1	134	0	133	133	1.0000000
dDocent_Contig_5769	1	134	0	133	133	1.0000000
dDocent_Contig_5777	1	134	0	133	133	1.0000000
dDocent_Contig_5783	1	134	0	133	133	1.0000000
dDocent_Contig_5784	1	134	0	133	133	1.0000000
dDocent_Contig_5789	1	134	0	133	133	1.0000000
dDocent_Contig_5791	1	134	0	133	133	1.0000000
dDocent_Contig_5806	1	134	0	133	133	1.0000000
dDocent_Contig_5812	1	134	0	133	133	1.0000000
dDocent_Contig_5820	1	134	0	133	133	1.0000000
dDocent_Contig_5823	1	134	0	133	133	1.0000000
dDocent_Contig_5832	1	134	0	133	133	1.0000000
dDocent_Contig_5840	1	134	0	133	133	1.0000000
dDocent_Contig_5860	1	134	0	133	133	1.0000000
dDocent_Contig_5862	1	134	0	133	133	1.0000000
dDocent_Contig_5872	1	134	0	133	133	1.0000000
dDocent_Contig_5873	1	134	0	133	133	1.0000000
dDocent_Contig_5877	1	134	0	133	133	1.0000000
dDocent_Contig_5886	1	134	0	133	133	1.0000000
dDocent_Contig_5895	1	134	0	133	133	1.0000000
dDocent_Contig_5898	1	134	0	133	133	1.0000000
dDocent_Contig_5899	1	134	0	133	133	1.0000000
dDocent_Contig_5900	1	134	0	133	133	1.0000000
dDocent_Contig_5901	1	134	0	133	133	1.0000000
dDocent_Contig_5902	1	134	0	133	133	1.0000000
dDocent_Contig_5913	1	134	0	133	133	1.0000000
dDocent_Contig_5914	1	134	0	133	133	1.0000000
dDocent_Contig_5922	1	134	0	133	133	1.0000000
dDocent_Contig_5923	1	134	0	133	133	1.0000000
dDocent_Contig_5931	1	134	0	133	133	1.0000000
dDocent_Contig_5935	1	134	0	133	133	1.0000000
dDocent_Contig_5936	1	134	0	133	133	1.0000000
dDocent_Contig_5939	1	134	0	133	133	1.0000000
dDocent_Contig_5940	1	134	0	133	133	1.0000000
dDocent_Contig_5948	1	134	0	133	133	1.0000000
dDocent_Contig_5949	1	134	0	133	133	1.0000000
dDocent_Contig_5956	1	134	0	133	133	1.0000000
dDocent_Contig_5958	1	134	0	133	133	1.0000000
dDocent_Contig_5963	1	134	0	133	133	1.0000000
dDocent_Contig_5964	1	134	0	133	133	1.0000000
dDocent_Contig_5965	1	134	0	133	133	1.0000000
dDocent_Contig_5966	1	134	0	133	133	1.0000000
dDocent_Contig_5967	1	134	0	133	133	1.0000000
dDocent_Contig_5968	1	134	0	133	133	1.0000000
dDocent_Contig_5969	1	134	0	133	133	1.0000000
dDocent_Contig_5972	1	134	0	133	133	1.0000000
dDocent_Contig_5975	1	134	0	133	133	1.0000000
dDocent_Contig_5980	1	134	0	133	133	1.0000000
dDocent_Contig_5983	1	134	0	133	133	1.0000000
dDocent_Contig_5986	1	134	0	133	133	1.0000000
dDocent_Contig_5988	1	134	0	133	133	1.0000000
dDocent_Contig_6003	1	134	0	133	133	1.0000000
dDocent_Contig_6004	1	134	0	133	133	1.0000000
dDocent_Contig_6025	1	134	0	133	133	1.0000000
dDocent_Contig_6027	1	134	0	42	133	0.3157895
dDocent_Contig_6027	1	134	4	91	133	0.6842105
dDocent_Contig_6048	1	134	0	133	133	1.0000000
dDocent_Contig_6051	1	134	1	133	133	1.0000000
dDocent_Contig_6052	1	134	0	133	133	1.0000000
dDocent_Contig_6053	1	134	0	133	133	1.0000000
dDocent_Contig_6062	1	134	0	133	133	1.0000000
dDocent_Contig_6063	1	134	0	133	133	1.0000000
dDocent_Contig_6065	1	134	0	133	133	1.0000000
dDocent_Contig_6068	1	134	0	74	133	0.5563910
dDocent_Contig_6068	1	134	1	59	133	0.4436090
dDocent_Contig_6080	1	134	0	133	133	1.0000000
dDocent_Contig_6085	1	134	0	133	133	1.0000000
dDocent_Contig_6089	1	134	0	133	133	1.0000000
dDocent_Contig_6095	1	134	0	133	133	1.0000000
dDocent_Contig_6112	1	134	0	133	133	1.0000000
dDocent_Contig_6114	1	134	0	133	133	1.0000000
dDocent_Contig_6115	1	134	0	133	133	1.0000000
dDocent_Contig_6126	1	134	0	9	133	0.0676692
dDocent_Contig_6126	1	134	1	1	133	0.0075188
dDocent_Contig_6126	1	134	2	123	133	0.9248120
dDocent_Contig_6127	1	134	0	133	133	1.0000000
dDocent_Contig_6135	1	134	0	133	133	1.0000000
dDocent_Contig_6141	1	134	0	133	133	1.0000000
dDocent_Contig_6144	1	134	0	133	133	1.0000000
dDocent_Contig_6150	1	134	0	133	133	1.0000000
dDocent_Contig_6151	1	134	0	133	133	1.0000000
dDocent_Contig_6154	1	134	0	133	133	1.0000000
dDocent_Contig_6155	1	134	0	133	133	1.0000000
dDocent_Contig_6158	1	134	0	133	133	1.0000000
dDocent_Contig_6175	1	134	0	133	133	1.0000000
dDocent_Contig_6176	1	134	0	133	133	1.0000000
dDocent_Contig_6178	1	134	0	133	133	1.0000000
dDocent_Contig_6181	1	134	0	133	133	1.0000000
dDocent_Contig_6184	1	134	0	133	133	1.0000000
dDocent_Contig_6186	1	134	0	133	133	1.0000000
dDocent_Contig_6189	1	134	0	133	133	1.0000000
dDocent_Contig_6190	1	134	0	133	133	1.0000000
dDocent_Contig_6191	1	134	0	133	133	1.0000000
dDocent_Contig_6199	1	134	0	11	133	0.0827068
dDocent_Contig_6199	1	134	1	122	133	0.9172933
dDocent_Contig_6201	1	134	0	133	133	1.0000000
dDocent_Contig_6206	1	134	0	133	133	1.0000000
dDocent_Contig_6224	1	134	0	133	133	1.0000000
dDocent_Contig_6225	1	134	0	133	133	1.0000000
dDocent_Contig_6231	1	134	0	133	133	1.0000000
dDocent_Contig_6244	1	134	0	133	133	1.0000000
dDocent_Contig_6245	1	134	0	133	133	1.0000000
dDocent_Contig_6248	1	134	0	133	133	1.0000000
dDocent_Contig_6253	1	134	0	133	133	1.0000000
dDocent_Contig_6254	1	134	0	133	133	1.0000000
dDocent_Contig_6258	1	134	0	133	133	1.0000000
dDocent_Contig_6259	1	134	0	133	133	1.0000000
dDocent_Contig_6261	1	134	0	133	133	1.0000000
dDocent_Contig_6269	1	134	0	133	133	1.0000000
dDocent_Contig_6278	1	134	0	133	133	1.0000000
dDocent_Contig_6285	1	134	0	133	133	1.0000000
dDocent_Contig_6312	1	134	0	133	133	1.0000000
dDocent_Contig_6314	1	134	0	133	133	1.0000000
dDocent_Contig_6316	1	134	0	133	133	1.0000000
dDocent_Contig_6329	1	134	0	133	133	1.0000000
dDocent_Contig_6333	1	134	0	133	133	1.0000000
dDocent_Contig_6335	1	134	0	133	133	1.0000000
dDocent_Contig_6336	1	134	0	133	133	1.0000000
dDocent_Contig_6338	1	134	0	133	133	1.0000000
dDocent_Contig_6339	1	134	0	133	133	1.0000000
dDocent_Contig_6340	1	134	0	133	133	1.0000000
dDocent_Contig_6343	1	134	0	133	133	1.0000000
dDocent_Contig_6350	1	134	0	133	133	1.0000000
dDocent_Contig_6353	1	134	0	133	133	1.0000000
dDocent_Contig_6360	1	134	0	133	133	1.0000000
dDocent_Contig_6363	1	134	0	133	133	1.0000000
dDocent_Contig_6378	1	134	0	133	133	1.0000000
dDocent_Contig_6383	1	134	0	133	133	1.0000000
dDocent_Contig_6405	1	134	0	133	133	1.0000000
dDocent_Contig_6409	1	134	0	133	133	1.0000000
dDocent_Contig_6415	1	134	0	133	133	1.0000000
dDocent_Contig_6420	1	134	0	133	133	1.0000000
dDocent_Contig_6422	1	134	0	133	133	1.0000000
dDocent_Contig_6424	1	134	0	133	133	1.0000000
dDocent_Contig_6428	1	134	0	133	133	1.0000000
dDocent_Contig_6430	1	134	0	133	133	1.0000000
dDocent_Contig_6431	1	134	0	133	133	1.0000000
dDocent_Contig_6432	1	134	0	90	133	0.6766917
dDocent_Contig_6432	1	134	2	43	133	0.3233083
dDocent_Contig_6434	1	134	0	133	133	1.0000000
dDocent_Contig_6439	1	134	0	133	133	1.0000000
dDocent_Contig_6444	1	134	0	133	133	1.0000000
dDocent_Contig_6445	1	134	0	133	133	1.0000000
dDocent_Contig_6446	1	134	0	133	133	1.0000000
dDocent_Contig_6447	1	134	0	133	133	1.0000000
dDocent_Contig_6448	1	134	0	133	133	1.0000000
dDocent_Contig_6450	1	134	0	133	133	1.0000000
dDocent_Contig_6453	1	134	0	133	133	1.0000000
dDocent_Contig_6456	1	134	0	133	133	1.0000000
dDocent_Contig_6464	1	134	0	133	133	1.0000000
dDocent_Contig_6465	1	134	0	133	133	1.0000000
dDocent_Contig_6466	1	134	0	18	133	0.1353384
dDocent_Contig_6466	1	134	1	115	133	0.8646616
dDocent_Contig_6474	1	134	0	133	133	1.0000000
dDocent_Contig_6480	1	134	0	133	133	1.0000000
dDocent_Contig_6488	1	134	0	133	133	1.0000000
dDocent_Contig_6500	1	134	0	133	133	1.0000000
dDocent_Contig_6502	1	134	0	133	133	1.0000000
dDocent_Contig_6505	1	134	0	133	133	1.0000000
dDocent_Contig_6506	1	134	0	133	133	1.0000000
dDocent_Contig_6507	1	134	0	133	133	1.0000000
dDocent_Contig_6515	1	134	0	133	133	1.0000000
dDocent_Contig_6536	1	134	0	133	133	1.0000000
dDocent_Contig_6538	1	134	0	133	133	1.0000000
dDocent_Contig_6551	1	134	0	133	133	1.0000000
dDocent_Contig_6553	1	134	0	133	133	1.0000000
dDocent_Contig_6554	1	134	0	133	133	1.0000000
dDocent_Contig_6565	1	134	0	133	133	1.0000000
dDocent_Contig_6568	1	134	0	133	133	1.0000000
dDocent_Contig_6569	1	134	0	133	133	1.0000000
dDocent_Contig_6573	1	134	0	133	133	1.0000000
dDocent_Contig_6574	1	134	0	133	133	1.0000000
dDocent_Contig_6576	1	134	0	133	133	1.0000000
dDocent_Contig_6577	1	134	0	133	133	1.0000000
dDocent_Contig_6579	1	134	0	133	133	1.0000000
dDocent_Contig_6580	1	134	0	133	133	1.0000000
dDocent_Contig_6582	1	134	0	133	133	1.0000000
dDocent_Contig_6583	1	134	0	133	133	1.0000000
dDocent_Contig_6585	1	134	0	133	133	1.0000000
dDocent_Contig_6600	1	134	0	133	133	1.0000000
dDocent_Contig_6609	1	134	0	133	133	1.0000000
dDocent_Contig_6613	1	134	0	133	133	1.0000000
dDocent_Contig_6622	1	134	0	133	133	1.0000000
dDocent_Contig_6623	1	134	0	133	133	1.0000000
dDocent_Contig_6637	1	134	0	133	133	1.0000000
dDocent_Contig_6638	1	134	0	133	133	1.0000000
dDocent_Contig_6642	1	134	0	133	133	1.0000000
dDocent_Contig_6648	1	134	0	133	133	1.0000000
dDocent_Contig_6649	1	134	0	133	133	1.0000000
dDocent_Contig_6650	1	134	0	133	133	1.0000000
dDocent_Contig_6656	1	134	0	133	133	1.0000000
dDocent_Contig_6670	1	134	0	133	133	1.0000000
dDocent_Contig_6686	1	134	0	133	133	1.0000000
dDocent_Contig_6688	1	134	0	133	133	1.0000000
dDocent_Contig_6689	1	134	0	133	133	1.0000000
dDocent_Contig_6693	1	134	0	133	133	1.0000000
dDocent_Contig_6695	1	134	0	133	133	1.0000000
dDocent_Contig_6702	1	134	0	133	133	1.0000000
dDocent_Contig_6705	1	134	0	133	133	1.0000000
dDocent_Contig_6711	1	134	0	133	133	1.0000000
dDocent_Contig_6713	1	134	0	133	133	1.0000000
dDocent_Contig_6718	1	134	0	133	133	1.0000000
dDocent_Contig_6726	1	134	0	133	133	1.0000000
dDocent_Contig_6729	1	134	0	133	133	1.0000000
dDocent_Contig_6738	1	134	0	133	133	1.0000000
dDocent_Contig_6739	1	134	0	133	133	1.0000000
dDocent_Contig_6744	1	134	0	133	133	1.0000000
dDocent_Contig_6746	1	134	0	133	133	1.0000000
dDocent_Contig_6756	1	134	0	133	133	1.0000000
dDocent_Contig_6771	1	134	0	133	133	1.0000000
dDocent_Contig_6772	1	134	0	133	133	1.0000000
dDocent_Contig_6776	1	134	0	133	133	1.0000000
dDocent_Contig_6781	1	134	0	133	133	1.0000000
dDocent_Contig_6786	1	134	0	133	133	1.0000000
dDocent_Contig_6787	1	134	0	133	133	1.0000000
dDocent_Contig_6788	1	134	0	133	133	1.0000000
dDocent_Contig_6796	1	134	0	133	133	1.0000000
dDocent_Contig_6797	1	134	0	133	133	1.0000000
dDocent_Contig_6803	1	134	0	133	133	1.0000000
dDocent_Contig_6806	1	134	0	133	133	1.0000000
dDocent_Contig_6807	1	134	0	133	133	1.0000000
dDocent_Contig_6808	1	134	0	133	133	1.0000000
dDocent_Contig_6810	1	134	0	133	133	1.0000000
dDocent_Contig_6812	1	134	0	133	133	1.0000000
dDocent_Contig_6813	1	134	0	133	133	1.0000000
dDocent_Contig_6814	1	134	0	133	133	1.0000000
dDocent_Contig_6820	1	134	0	133	133	1.0000000
dDocent_Contig_6821	1	134	0	133	133	1.0000000
dDocent_Contig_6824	1	134	0	133	133	1.0000000
dDocent_Contig_6825	1	134	0	133	133	1.0000000
dDocent_Contig_6826	1	134	0	133	133	1.0000000
dDocent_Contig_6829	1	134	0	133	133	1.0000000
dDocent_Contig_6846	1	134	0	133	133	1.0000000
dDocent_Contig_6848	1	134	0	133	133	1.0000000
dDocent_Contig_6851	1	134	0	133	133	1.0000000
dDocent_Contig_6852	1	134	0	133	133	1.0000000
dDocent_Contig_6853	1	134	0	133	133	1.0000000
dDocent_Contig_6854	1	134	0	133	133	1.0000000
dDocent_Contig_6858	1	134	0	133	133	1.0000000
dDocent_Contig_6864	1	134	0	133	133	1.0000000
dDocent_Contig_6868	1	134	0	133	133	1.0000000
dDocent_Contig_6874	1	134	0	133	133	1.0000000
dDocent_Contig_6879	1	134	0	133	133	1.0000000
dDocent_Contig_6884	1	134	0	133	133	1.0000000
dDocent_Contig_6888	1	134	0	98	133	0.7368421
dDocent_Contig_6888	1	134	1	31	133	0.2330827
dDocent_Contig_6888	1	134	2	4	133	0.0300752
dDocent_Contig_6912	1	134	0	133	133	1.0000000
dDocent_Contig_6917	1	134	0	133	133	1.0000000
dDocent_Contig_6918	1	134	0	133	133	1.0000000
dDocent_Contig_6923	1	134	0	133	133	1.0000000
dDocent_Contig_6924	1	134	0	133	133	1.0000000
dDocent_Contig_6925	1	134	0	133	133	1.0000000
dDocent_Contig_6926	1	134	0	133	133	1.0000000
dDocent_Contig_6933	1	134	0	133	133	1.0000000
dDocent_Contig_6934	1	134	0	133	133	1.0000000
dDocent_Contig_6941	1	134	0	133	133	1.0000000
dDocent_Contig_6942	1	134	0	133	133	1.0000000
dDocent_Contig_6949	1	134	0	133	133	1.0000000
dDocent_Contig_6959	1	134	0	133	133	1.0000000
dDocent_Contig_6962	1	134	0	133	133	1.0000000
dDocent_Contig_6963	1	134	0	133	133	1.0000000
dDocent_Contig_6966	1	134	0	133	133	1.0000000
dDocent_Contig_6976	1	134	0	133	133	1.0000000
dDocent_Contig_6995	1	134	0	133	133	1.0000000
dDocent_Contig_7006	1	134	0	133	133	1.0000000
dDocent_Contig_7018	1	134	0	133	133	1.0000000
dDocent_Contig_7029	1	134	0	133	133	1.0000000
dDocent_Contig_7038	1	134	0	133	133	1.0000000
dDocent_Contig_7039	1	134	0	133	133	1.0000000
dDocent_Contig_7040	1	134	0	133	133	1.0000000
dDocent_Contig_7041	1	134	0	133	133	1.0000000
dDocent_Contig_7044	1	134	0	133	133	1.0000000
dDocent_Contig_7056	1	134	0	133	133	1.0000000
dDocent_Contig_7060	1	134	0	133	133	1.0000000
dDocent_Contig_7062	1	134	0	133	133	1.0000000
dDocent_Contig_7070	1	134	0	133	133	1.0000000
dDocent_Contig_7072	1	134	0	133	133	1.0000000
dDocent_Contig_7090	1	134	0	133	133	1.0000000
dDocent_Contig_7109	1	134	0	133	133	1.0000000
dDocent_Contig_7115	1	134	0	133	133	1.0000000
dDocent_Contig_7120	1	134	0	133	133	1.0000000
dDocent_Contig_7122	1	134	0	133	133	1.0000000
dDocent_Contig_7130	1	134	0	133	133	1.0000000
dDocent_Contig_7166	1	134	0	133	133	1.0000000
dDocent_Contig_7171	1	134	0	133	133	1.0000000
dDocent_Contig_7174	1	134	0	133	133	1.0000000
dDocent_Contig_7175	1	134	0	23	133	0.1729323
dDocent_Contig_7175	1	134	1	110	133	0.8270677
dDocent_Contig_7181	1	134	0	133	133	1.0000000
dDocent_Contig_7183	1	134	0	133	133	1.0000000
dDocent_Contig_7185	1	134	0	133	133	1.0000000
dDocent_Contig_7196	1	134	0	133	133	1.0000000
dDocent_Contig_7216	1	134	0	133	133	1.0000000
dDocent_Contig_7221	1	134	0	133	133	1.0000000
dDocent_Contig_7228	1	134	0	133	133	1.0000000
dDocent_Contig_7233	1	134	0	133	133	1.0000000
dDocent_Contig_7243	1	134	0	133	133	1.0000000
dDocent_Contig_7244	1	134	0	133	133	1.0000000
dDocent_Contig_7253	1	134	0	133	133	1.0000000
dDocent_Contig_7257	1	134	0	133	133	1.0000000
dDocent_Contig_7264	1	134	0	133	133	1.0000000
dDocent_Contig_7266	1	134	0	133	133	1.0000000
dDocent_Contig_7269	1	134	0	133	133	1.0000000
dDocent_Contig_7270	1	134	0	133	133	1.0000000
dDocent_Contig_7281	1	134	0	133	133	1.0000000
dDocent_Contig_7283	1	134	0	133	133	1.0000000
dDocent_Contig_7284	1	134	0	133	133	1.0000000
dDocent_Contig_7297	1	134	0	133	133	1.0000000
dDocent_Contig_7298	1	134	0	133	133	1.0000000
dDocent_Contig_7308	1	134	0	133	133	1.0000000
dDocent_Contig_7311	1	134	0	133	133	1.0000000
dDocent_Contig_7314	1	134	0	133	133	1.0000000
dDocent_Contig_7330	1	134	0	133	133	1.0000000
dDocent_Contig_7339	1	134	0	7	133	0.0526316
dDocent_Contig_7339	1	134	1	19	133	0.1428571
dDocent_Contig_7339	1	134	2	107	133	0.8045112
dDocent_Contig_7345	1	134	0	133	133	1.0000000
dDocent_Contig_7348	1	134	0	133	133	1.0000000
dDocent_Contig_7356	1	134	0	133	133	1.0000000
dDocent_Contig_7368	1	134	0	133	133	1.0000000
dDocent_Contig_7380	1	134	0	133	133	1.0000000
dDocent_Contig_7382	1	134	0	133	133	1.0000000
dDocent_Contig_7389	1	134	0	133	133	1.0000000
dDocent_Contig_7392	1	134	0	133	133	1.0000000
dDocent_Contig_7393	1	134	0	133	133	1.0000000
dDocent_Contig_7394	1	134	0	133	133	1.0000000
dDocent_Contig_7412	1	134	0	133	133	1.0000000
dDocent_Contig_7414	1	134	0	133	133	1.0000000
dDocent_Contig_7415	1	134	0	133	133	1.0000000
dDocent_Contig_7422	1	134	0	133	133	1.0000000
dDocent_Contig_7428	1	134	0	133	133	1.0000000
dDocent_Contig_7431	1	134	0	133	133	1.0000000
dDocent_Contig_7436	1	134	0	133	133	1.0000000
dDocent_Contig_7437	1	134	0	133	133	1.0000000
dDocent_Contig_7439	1	134	0	133	133	1.0000000
dDocent_Contig_7450	1	134	0	133	133	1.0000000
dDocent_Contig_7452	1	134	0	133	133	1.0000000
dDocent_Contig_7454	1	134	0	133	133	1.0000000
dDocent_Contig_7455	1	134	0	133	133	1.0000000
dDocent_Contig_7459	1	134	0	133	133	1.0000000
dDocent_Contig_7460	1	134	0	133	133	1.0000000
dDocent_Contig_7467	1	134	0	133	133	1.0000000
dDocent_Contig_7474	1	134	0	133	133	1.0000000
dDocent_Contig_7482	1	134	0	133	133	1.0000000
dDocent_Contig_7483	1	134	0	133	133	1.0000000
dDocent_Contig_7485	1	134	0	133	133	1.0000000
dDocent_Contig_7489	1	134	0	133	133	1.0000000
dDocent_Contig_7508	1	134	0	133	133	1.0000000
dDocent_Contig_7509	1	134	0	133	133	1.0000000
dDocent_Contig_7512	1	134	0	133	133	1.0000000
dDocent_Contig_7520	1	134	0	133	133	1.0000000
dDocent_Contig_7542	1	134	0	133	133	1.0000000
dDocent_Contig_7548	1	134	0	133	133	1.0000000
dDocent_Contig_7557	1	134	0	133	133	1.0000000
dDocent_Contig_7561	1	134	0	133	133	1.0000000
dDocent_Contig_7563	1	134	0	133	133	1.0000000
dDocent_Contig_7564	1	134	0	133	133	1.0000000
dDocent_Contig_7565	1	134	0	133	133	1.0000000
dDocent_Contig_7572	1	134	0	133	133	1.0000000
dDocent_Contig_7576	1	134	0	133	133	1.0000000
dDocent_Contig_7577	1	134	0	133	133	1.0000000
dDocent_Contig_7579	1	134	0	133	133	1.0000000
dDocent_Contig_7580	1	134	0	133	133	1.0000000
dDocent_Contig_7590	1	134	0	133	133	1.0000000
dDocent_Contig_7591	1	134	0	133	133	1.0000000
dDocent_Contig_7604	1	134	0	133	133	1.0000000
dDocent_Contig_7617	1	134	0	133	133	1.0000000
dDocent_Contig_7619	1	134	0	133	133	1.0000000
dDocent_Contig_7632	1	134	0	133	133	1.0000000
dDocent_Contig_7639	1	134	0	133	133	1.0000000
dDocent_Contig_7640	1	134	0	133	133	1.0000000
dDocent_Contig_7668	1	134	0	133	133	1.0000000
dDocent_Contig_7669	1	134	0	133	133	1.0000000
dDocent_Contig_7670	1	134	0	133	133	1.0000000
dDocent_Contig_7687	1	134	0	133	133	1.0000000
dDocent_Contig_7688	1	134	0	133	133	1.0000000
dDocent_Contig_7693	1	134	0	133	133	1.0000000
dDocent_Contig_7696	1	134	0	133	133	1.0000000
dDocent_Contig_7697	1	134	0	133	133	1.0000000
dDocent_Contig_7720	1	134	0	133	133	1.0000000
dDocent_Contig_7721	1	134	0	133	133	1.0000000
dDocent_Contig_7722	1	134	0	133	133	1.0000000
dDocent_Contig_7728	1	134	0	133	133	1.0000000
dDocent_Contig_7730	1	134	0	133	133	1.0000000
dDocent_Contig_7738	1	134	0	133	133	1.0000000
dDocent_Contig_7749	1	134	0	133	133	1.0000000
dDocent_Contig_7750	1	134	0	133	133	1.0000000
dDocent_Contig_7753	1	134	0	133	133	1.0000000
dDocent_Contig_7761	1	134	0	133	133	1.0000000
dDocent_Contig_7763	1	134	0	133	133	1.0000000
dDocent_Contig_7767	1	134	0	133	133	1.0000000
dDocent_Contig_7768	1	134	0	133	133	1.0000000
dDocent_Contig_7769	1	134	0	133	133	1.0000000
dDocent_Contig_7777	1	134	0	133	133	1.0000000
dDocent_Contig_7778	1	134	0	133	133	1.0000000
dDocent_Contig_7780	1	134	0	133	133	1.0000000
dDocent_Contig_7783	1	134	0	133	133	1.0000000
dDocent_Contig_7786	1	134	0	133	133	1.0000000
dDocent_Contig_7787	1	134	0	133	133	1.0000000
dDocent_Contig_7792	1	134	0	133	133	1.0000000
dDocent_Contig_7796	1	134	0	133	133	1.0000000
dDocent_Contig_7797	1	134	0	133	133	1.0000000
dDocent_Contig_7819	1	134	0	133	133	1.0000000
dDocent_Contig_7820	1	134	0	133	133	1.0000000
dDocent_Contig_7832	1	134	0	133	133	1.0000000
dDocent_Contig_7837	1	134	0	133	133	1.0000000
dDocent_Contig_7838	1	134	0	133	133	1.0000000
dDocent_Contig_7839	1	134	0	133	133	1.0000000
dDocent_Contig_7843	1	134	0	133	133	1.0000000
dDocent_Contig_7844	1	134	0	133	133	1.0000000
dDocent_Contig_7853	1	134	0	133	133	1.0000000
dDocent_Contig_7859	1	134	0	133	133	1.0000000
dDocent_Contig_7864	1	134	0	133	133	1.0000000
dDocent_Contig_7865	1	134	0	133	133	1.0000000
dDocent_Contig_7868	1	134	0	133	133	1.0000000
dDocent_Contig_7878	1	134	0	133	133	1.0000000
dDocent_Contig_7884	1	134	0	133	133	1.0000000
dDocent_Contig_7892	1	134	0	133	133	1.0000000
dDocent_Contig_7893	1	134	0	133	133	1.0000000
dDocent_Contig_7894	1	134	0	133	133	1.0000000
dDocent_Contig_7905	1	134	0	133	133	1.0000000
dDocent_Contig_7918	1	134	0	133	133	1.0000000
dDocent_Contig_7924	1	134	0	133	133	1.0000000
dDocent_Contig_7925	1	134	0	133	133	1.0000000
dDocent_Contig_7951	1	134	0	133	133	1.0000000
dDocent_Contig_7952	1	134	0	133	133	1.0000000
dDocent_Contig_7966	1	134	0	133	133	1.0000000
dDocent_Contig_7970	1	134	0	133	133	1.0000000
dDocent_Contig_7973	1	134	0	133	133	1.0000000
dDocent_Contig_7982	1	134	0	133	133	1.0000000
dDocent_Contig_7984	1	134	0	133	133	1.0000000
dDocent_Contig_7992	1	134	0	133	133	1.0000000
dDocent_Contig_7994	1	134	0	133	133	1.0000000
dDocent_Contig_8018	1	134	0	133	133	1.0000000
dDocent_Contig_8019	1	134	0	66	133	0.4962406
dDocent_Contig_8019	1	134	1	67	133	0.5037594
dDocent_Contig_8040	1	134	0	133	133	1.0000000
dDocent_Contig_8045	1	134	0	133	133	1.0000000
dDocent_Contig_8047	1	134	0	133	133	1.0000000
dDocent_Contig_8051	1	134	0	133	133	1.0000000
dDocent_Contig_8052	1	134	0	133	133	1.0000000
dDocent_Contig_8053	1	134	0	133	133	1.0000000
dDocent_Contig_8055	1	134	0	133	133	1.0000000
dDocent_Contig_8059	1	134	0	133	133	1.0000000
dDocent_Contig_8063	1	134	0	133	133	1.0000000
dDocent_Contig_8064	1	134	0	133	133	1.0000000
dDocent_Contig_8065	1	134	0	133	133	1.0000000
dDocent_Contig_8075	1	134	0	133	133	1.0000000
dDocent_Contig_8077	1	134	0	133	133	1.0000000
dDocent_Contig_8085	1	134	0	133	133	1.0000000
dDocent_Contig_8087	1	134	0	133	133	1.0000000
dDocent_Contig_8100	1	134	0	133	133	1.0000000
dDocent_Contig_8101	1	134	0	133	133	1.0000000
dDocent_Contig_8114	1	134	0	133	133	1.0000000
dDocent_Contig_8115	1	134	0	133	133	1.0000000
dDocent_Contig_8118	1	134	0	133	133	1.0000000
dDocent_Contig_8131	1	134	0	133	133	1.0000000
dDocent_Contig_8136	1	134	0	133	133	1.0000000
dDocent_Contig_8146	1	134	0	133	133	1.0000000
dDocent_Contig_8162	1	134	0	133	133	1.0000000
dDocent_Contig_8175	1	134	0	133	133	1.0000000
dDocent_Contig_8185	1	134	0	133	133	1.0000000
dDocent_Contig_8188	1	134	0	133	133	1.0000000
dDocent_Contig_8189	1	134	0	133	133	1.0000000
dDocent_Contig_8190	1	134	0	133	133	1.0000000
dDocent_Contig_8193	1	134	0	133	133	1.0000000
dDocent_Contig_8213	1	134	0	133	133	1.0000000
dDocent_Contig_8220	1	134	0	133	133	1.0000000
dDocent_Contig_8244	1	134	0	133	133	1.0000000
dDocent_Contig_8251	1	134	0	133	133	1.0000000
dDocent_Contig_8263	1	134	0	133	133	1.0000000
dDocent_Contig_8267	1	134	0	133	133	1.0000000
dDocent_Contig_8278	1	134	0	133	133	1.0000000
dDocent_Contig_8289	1	134	0	133	133	1.0000000
dDocent_Contig_8296	1	134	0	133	133	1.0000000
dDocent_Contig_8304	1	134	0	133	133	1.0000000
dDocent_Contig_8305	1	134	0	133	133	1.0000000
dDocent_Contig_8308	1	134	0	133	133	1.0000000
dDocent_Contig_8313	1	134	0	133	133	1.0000000
dDocent_Contig_8315	1	134	0	133	133	1.0000000
dDocent_Contig_8321	1	134	0	133	133	1.0000000
dDocent_Contig_8323	1	134	0	133	133	1.0000000
dDocent_Contig_8325	1	134	0	133	133	1.0000000
dDocent_Contig_8327	1	134	0	133	133	1.0000000
dDocent_Contig_8330	1	134	0	133	133	1.0000000
dDocent_Contig_8331	1	134	0	133	133	1.0000000
dDocent_Contig_8335	1	134	0	133	133	1.0000000
dDocent_Contig_8337	1	134	0	133	133	1.0000000
dDocent_Contig_8346	1	134	0	133	133	1.0000000
dDocent_Contig_8348	1	134	0	133	133	1.0000000
dDocent_Contig_8358	1	134	0	133	133	1.0000000
dDocent_Contig_8360	1	134	0	133	133	1.0000000
dDocent_Contig_8362	1	134	0	133	133	1.0000000
dDocent_Contig_8371	1	134	0	133	133	1.0000000
dDocent_Contig_8374	1	134	0	133	133	1.0000000
dDocent_Contig_8376	1	134	0	133	133	1.0000000
dDocent_Contig_8384	1	134	0	133	133	1.0000000
dDocent_Contig_8386	1	134	0	133	133	1.0000000
dDocent_Contig_8398	1	134	0	133	133	1.0000000
dDocent_Contig_8399	1	134	0	133	133	1.0000000
dDocent_Contig_8409	1	134	0	133	133	1.0000000
dDocent_Contig_8412	1	134	0	133	133	1.0000000
dDocent_Contig_8413	1	134	0	133	133	1.0000000
dDocent_Contig_8423	1	134	0	133	133	1.0000000
dDocent_Contig_8430	1	134	0	133	133	1.0000000
dDocent_Contig_8433	1	134	0	133	133	1.0000000
dDocent_Contig_8434	1	134	0	133	133	1.0000000
dDocent_Contig_8436	1	134	0	133	133	1.0000000
dDocent_Contig_8440	1	134	0	133	133	1.0000000
dDocent_Contig_8443	1	134	0	133	133	1.0000000
dDocent_Contig_8456	1	134	0	133	133	1.0000000
dDocent_Contig_8460	1	134	0	133	133	1.0000000
dDocent_Contig_8466	1	134	0	133	133	1.0000000
dDocent_Contig_8471	1	134	0	133	133	1.0000000
dDocent_Contig_8473	1	134	0	133	133	1.0000000
dDocent_Contig_8474	1	134	0	133	133	1.0000000
dDocent_Contig_8480	1	134	0	133	133	1.0000000
dDocent_Contig_8481	1	134	0	133	133	1.0000000
dDocent_Contig_8485	1	134	0	133	133	1.0000000
dDocent_Contig_8489	1	134	0	25	133	0.1879699
dDocent_Contig_8489	1	134	1	108	133	0.8120301
dDocent_Contig_8492	1	134	0	133	133	1.0000000
dDocent_Contig_8493	1	134	0	133	133	1.0000000
dDocent_Contig_8498	1	134	0	133	133	1.0000000
dDocent_Contig_8505	1	134	0	133	133	1.0000000
dDocent_Contig_8512	1	134	0	133	133	1.0000000
dDocent_Contig_8515	1	134	0	133	133	1.0000000
dDocent_Contig_8516	1	134	0	133	133	1.0000000
dDocent_Contig_8520	1	134	0	133	133	1.0000000
dDocent_Contig_8528	1	134	0	133	133	1.0000000
dDocent_Contig_8531	1	134	0	133	133	1.0000000
dDocent_Contig_8534	1	134	0	133	133	1.0000000
dDocent_Contig_8536	1	134	0	133	133	1.0000000
dDocent_Contig_8537	1	134	0	133	133	1.0000000
dDocent_Contig_8542	1	134	0	133	133	1.0000000
dDocent_Contig_8545	1	134	0	133	133	1.0000000
dDocent_Contig_8546	1	134	0	133	133	1.0000000
dDocent_Contig_8557	1	134	0	133	133	1.0000000
dDocent_Contig_8562	1	134	0	133	133	1.0000000
dDocent_Contig_8564	1	134	0	133	133	1.0000000
dDocent_Contig_8566	1	134	0	133	133	1.0000000
dDocent_Contig_8567	1	134	0	133	133	1.0000000
dDocent_Contig_8570	1	134	0	133	133	1.0000000
dDocent_Contig_8571	1	134	0	133	133	1.0000000
dDocent_Contig_8573	1	134	0	133	133	1.0000000
dDocent_Contig_8584	1	134	0	133	133	1.0000000
dDocent_Contig_8589	1	134	0	133	133	1.0000000
dDocent_Contig_8590	1	134	0	133	133	1.0000000
dDocent_Contig_8591	1	134	0	133	133	1.0000000
dDocent_Contig_8592	1	134	0	133	133	1.0000000
dDocent_Contig_8598	1	134	0	133	133	1.0000000
dDocent_Contig_8605	1	134	0	133	133	1.0000000
dDocent_Contig_8606	1	134	0	133	133	1.0000000
dDocent_Contig_8609	1	134	0	133	133	1.0000000
dDocent_Contig_8610	1	134	0	133	133	1.0000000
dDocent_Contig_8611	1	134	0	133	133	1.0000000
dDocent_Contig_8612	1	134	0	133	133	1.0000000
dDocent_Contig_8613	1	134	0	133	133	1.0000000
dDocent_Contig_8614	1	134	0	133	133	1.0000000
dDocent_Contig_8619	1	134	0	133	133	1.0000000
dDocent_Contig_8620	1	134	0	133	133	1.0000000
dDocent_Contig_8623	1	134	0	133	133	1.0000000
dDocent_Contig_8639	1	134	0	133	133	1.0000000
dDocent_Contig_8640	1	134	0	133	133	1.0000000
dDocent_Contig_8645	1	134	0	133	133	1.0000000
dDocent_Contig_8646	1	134	0	133	133	1.0000000
dDocent_Contig_8649	1	134	0	133	133	1.0000000
dDocent_Contig_8663	1	134	0	133	133	1.0000000
dDocent_Contig_8684	1	134	0	133	133	1.0000000
dDocent_Contig_8686	1	134	0	133	133	1.0000000
dDocent_Contig_8687	1	134	0	133	133	1.0000000
dDocent_Contig_8688	1	134	0	133	133	1.0000000
dDocent_Contig_8692	1	134	0	133	133	1.0000000
dDocent_Contig_8697	1	134	0	133	133	1.0000000
dDocent_Contig_8703	1	134	0	133	133	1.0000000
dDocent_Contig_8704	1	134	0	133	133	1.0000000
dDocent_Contig_8711	1	134	0	133	133	1.0000000
dDocent_Contig_8743	1	134	0	133	133	1.0000000
dDocent_Contig_8746	1	134	0	133	133	1.0000000
dDocent_Contig_8749	1	134	0	133	133	1.0000000
dDocent_Contig_8750	1	134	0	133	133	1.0000000
dDocent_Contig_8753	1	134	0	133	133	1.0000000
dDocent_Contig_8755	1	134	0	133	133	1.0000000
dDocent_Contig_8756	1	134	0	133	133	1.0000000
dDocent_Contig_8757	1	134	0	133	133	1.0000000
dDocent_Contig_8758	1	134	0	133	133	1.0000000
dDocent_Contig_8766	1	134	0	133	133	1.0000000
dDocent_Contig_8768	1	134	0	133	133	1.0000000
dDocent_Contig_8772	1	134	0	133	133	1.0000000
dDocent_Contig_8782	1	134	0	133	133	1.0000000
dDocent_Contig_8791	1	134	0	133	133	1.0000000
dDocent_Contig_8797	1	134	0	133	133	1.0000000
dDocent_Contig_8798	1	134	0	133	133	1.0000000
dDocent_Contig_8801	1	134	0	133	133	1.0000000
dDocent_Contig_8803	1	134	0	133	133	1.0000000
dDocent_Contig_8804	1	134	0	133	133	1.0000000
dDocent_Contig_8809	1	134	0	133	133	1.0000000
dDocent_Contig_8816	1	134	0	133	133	1.0000000
dDocent_Contig_8817	1	134	0	133	133	1.0000000
dDocent_Contig_8840	1	134	0	133	133	1.0000000
dDocent_Contig_8841	1	134	0	133	133	1.0000000
dDocent_Contig_8845	1	134	0	133	133	1.0000000
dDocent_Contig_8854	1	134	0	133	133	1.0000000
dDocent_Contig_8855	1	134	0	133	133	1.0000000
dDocent_Contig_8869	1	134	0	133	133	1.0000000
dDocent_Contig_8875	1	134	0	133	133	1.0000000
dDocent_Contig_8876	1	134	0	133	133	1.0000000
dDocent_Contig_8888	1	134	0	133	133	1.0000000
dDocent_Contig_8893	1	134	0	133	133	1.0000000
dDocent_Contig_8894	1	134	0	133	133	1.0000000
dDocent_Contig_8897	1	134	0	133	133	1.0000000
dDocent_Contig_8900	1	134	0	133	133	1.0000000
dDocent_Contig_8901	1	134	0	133	133	1.0000000
dDocent_Contig_8902	1	134	0	133	133	1.0000000
dDocent_Contig_8903	1	134	0	133	133	1.0000000
dDocent_Contig_8935	1	134	0	133	133	1.0000000
dDocent_Contig_8936	1	134	0	133	133	1.0000000
dDocent_Contig_8937	1	134	0	133	133	1.0000000
dDocent_Contig_8945	1	134	0	133	133	1.0000000
dDocent_Contig_8955	1	134	0	133	133	1.0000000
dDocent_Contig_8967	1	134	0	133	133	1.0000000
dDocent_Contig_8969	1	134	0	133	133	1.0000000
dDocent_Contig_8970	1	134	0	133	133	1.0000000
dDocent_Contig_8976	1	134	0	133	133	1.0000000
dDocent_Contig_8978	1	134	0	133	133	1.0000000
dDocent_Contig_8990	1	134	0	133	133	1.0000000
dDocent_Contig_8992	1	134	0	133	133	1.0000000
dDocent_Contig_9005	1	134	1	133	133	1.0000000
dDocent_Contig_9010	1	134	0	39	133	0.2932331
dDocent_Contig_9010	1	134	1	94	133	0.7067669
dDocent_Contig_9013	1	134	0	133	133	1.0000000
dDocent_Contig_9023	1	134	0	133	133	1.0000000
dDocent_Contig_9028	1	134	0	133	133	1.0000000
dDocent_Contig_9040	1	134	0	133	133	1.0000000
dDocent_Contig_9041	1	134	0	133	133	1.0000000
dDocent_Contig_9047	1	134	0	133	133	1.0000000
dDocent_Contig_9052	1	134	0	133	133	1.0000000
dDocent_Contig_9055	1	134	0	133	133	1.0000000
dDocent_Contig_9057	1	134	0	133	133	1.0000000
dDocent_Contig_9058	1	134	0	133	133	1.0000000
dDocent_Contig_9063	1	134	0	133	133	1.0000000
dDocent_Contig_9070	1	134	0	133	133	1.0000000
dDocent_Contig_9073	1	134	0	133	133	1.0000000
dDocent_Contig_9075	1	134	0	133	133	1.0000000
dDocent_Contig_9076	1	134	0	50	133	0.3759398
dDocent_Contig_9076	1	134	2	4	133	0.0300752
dDocent_Contig_9076	1	134	9	79	133	0.5939850
dDocent_Contig_9079	1	134	0	133	133	1.0000000
dDocent_Contig_9080	1	134	0	133	133	1.0000000
dDocent_Contig_9083	1	134	0	133	133	1.0000000
dDocent_Contig_10000	1	134	0	133	133	1.0000000
dDocent_Contig_10007	1	134	0	133	133	1.0000000
dDocent_Contig_10009	1	134	0	133	133	1.0000000
dDocent_Contig_10011	1	134	0	133	133	1.0000000
dDocent_Contig_10014	1	134	0	133	133	1.0000000
dDocent_Contig_10025	1	134	0	133	133	1.0000000
dDocent_Contig_10026	1	134	0	133	133	1.0000000
dDocent_Contig_10029	1	134	0	133	133	1.0000000
dDocent_Contig_10035	1	134	0	133	133	1.0000000
dDocent_Contig_10044	1	134	0	133	133	1.0000000
dDocent_Contig_10047	1	134	0	133	133	1.0000000
dDocent_Contig_10053	1	134	0	133	133	1.0000000
dDocent_Contig_10056	1	134	0	133	133	1.0000000
dDocent_Contig_10057	1	134	0	133	133	1.0000000
dDocent_Contig_10058	1	134	0	133	133	1.0000000
dDocent_Contig_10060	1	134	0	133	133	1.0000000
dDocent_Contig_10064	1	134	0	133	133	1.0000000
dDocent_Contig_10065	1	134	0	133	133	1.0000000
dDocent_Contig_10068	1	134	0	133	133	1.0000000
dDocent_Contig_10078	1	134	0	133	133	1.0000000
dDocent_Contig_10079	1	134	0	133	133	1.0000000
dDocent_Contig_10082	1	134	0	133	133	1.0000000
dDocent_Contig_10083	1	134	0	133	133	1.0000000
dDocent_Contig_10084	1	134	0	133	133	1.0000000
dDocent_Contig_10094	1	134	0	133	133	1.0000000
dDocent_Contig_10095	1	134	0	133	133	1.0000000
dDocent_Contig_10096	1	134	0	133	133	1.0000000
dDocent_Contig_10097	1	134	0	133	133	1.0000000
dDocent_Contig_10099	1	134	0	133	133	1.0000000
dDocent_Contig_10101	1	134	0	133	133	1.0000000
dDocent_Contig_10102	1	134	0	108	133	0.8120301
dDocent_Contig_10102	1	134	1	25	133	0.1879699
dDocent_Contig_10108	1	134	0	133	133	1.0000000
dDocent_Contig_10109	1	134	0	133	133	1.0000000
dDocent_Contig_10110	1	134	0	133	133	1.0000000
dDocent_Contig_10113	1	134	0	133	133	1.0000000
dDocent_Contig_10114	1	134	0	133	133	1.0000000
dDocent_Contig_10115	1	134	0	133	133	1.0000000
dDocent_Contig_10122	1	134	0	133	133	1.0000000
dDocent_Contig_10128	1	134	0	133	133	1.0000000
dDocent_Contig_10135	1	134	0	133	133	1.0000000
dDocent_Contig_10136	1	134	0	133	133	1.0000000
dDocent_Contig_10138	1	134	0	133	133	1.0000000
dDocent_Contig_10140	1	134	0	133	133	1.0000000
dDocent_Contig_10141	1	134	0	133	133	1.0000000
dDocent_Contig_10142	1	134	0	133	133	1.0000000
dDocent_Contig_10144	1	134	0	133	133	1.0000000
dDocent_Contig_10146	1	134	0	133	133	1.0000000
dDocent_Contig_10151	1	134	0	133	133	1.0000000
dDocent_Contig_10152	1	134	0	133	133	1.0000000
dDocent_Contig_10153	1	134	0	133	133	1.0000000
dDocent_Contig_10157	1	134	0	133	133	1.0000000
dDocent_Contig_10158	1	134	0	133	133	1.0000000
dDocent_Contig_10160	1	134	0	133	133	1.0000000
dDocent_Contig_10163	1	134	0	133	133	1.0000000
dDocent_Contig_10164	1	134	0	133	133	1.0000000
dDocent_Contig_10166	1	134	0	133	133	1.0000000
dDocent_Contig_10167	1	134	0	133	133	1.0000000
dDocent_Contig_10170	1	134	0	133	133	1.0000000
dDocent_Contig_10176	1	134	0	133	133	1.0000000
dDocent_Contig_10179	1	134	0	133	133	1.0000000
dDocent_Contig_10185	1	134	0	133	133	1.0000000
dDocent_Contig_10186	1	134	0	133	133	1.0000000
dDocent_Contig_10188	1	134	0	133	133	1.0000000
dDocent_Contig_10203	1	134	0	133	133	1.0000000
dDocent_Contig_10204	1	134	0	133	133	1.0000000
dDocent_Contig_10210	1	134	0	133	133	1.0000000
dDocent_Contig_10213	1	134	0	133	133	1.0000000
dDocent_Contig_10216	1	134	0	133	133	1.0000000
dDocent_Contig_10217	1	134	0	133	133	1.0000000
dDocent_Contig_10218	1	134	0	133	133	1.0000000
dDocent_Contig_10225	1	134	0	133	133	1.0000000
dDocent_Contig_10230	1	134	0	133	133	1.0000000
dDocent_Contig_10241	1	134	0	133	133	1.0000000
dDocent_Contig_10244	1	134	0	133	133	1.0000000
dDocent_Contig_10250	1	134	0	133	133	1.0000000
dDocent_Contig_10255	1	134	0	133	133	1.0000000
dDocent_Contig_10269	1	134	0	133	133	1.0000000
dDocent_Contig_10270	1	134	0	133	133	1.0000000
dDocent_Contig_10271	1	134	0	133	133	1.0000000
dDocent_Contig_10287	1	134	0	133	133	1.0000000
dDocent_Contig_10293	1	134	0	133	133	1.0000000
dDocent_Contig_10408	1	134	0	133	133	1.0000000
dDocent_Contig_10410	1	134	0	133	133	1.0000000
dDocent_Contig_10413	1	134	0	133	133	1.0000000
dDocent_Contig_10418	1	134	0	133	133	1.0000000
dDocent_Contig_10424	1	134	0	133	133	1.0000000
dDocent_Contig_10426	1	134	0	133	133	1.0000000
dDocent_Contig_10427	1	134	0	133	133	1.0000000
dDocent_Contig_10431	1	134	0	133	133	1.0000000
dDocent_Contig_10433	1	134	0	133	133	1.0000000
dDocent_Contig_10440	1	134	0	133	133	1.0000000
dDocent_Contig_10441	1	134	0	133	133	1.0000000
dDocent_Contig_10444	1	134	0	133	133	1.0000000
dDocent_Contig_10448	1	134	0	133	133	1.0000000
dDocent_Contig_10450	1	134	0	133	133	1.0000000
dDocent_Contig_10452	1	134	0	133	133	1.0000000
dDocent_Contig_10454	1	134	0	133	133	1.0000000
dDocent_Contig_10457	1	134	0	133	133	1.0000000
dDocent_Contig_10464	1	134	0	133	133	1.0000000
dDocent_Contig_10465	1	134	0	133	133	1.0000000
dDocent_Contig_10466	1	134	0	133	133	1.0000000
dDocent_Contig_10472	1	134	0	133	133	1.0000000
dDocent_Contig_10473	1	134	0	133	133	1.0000000
dDocent_Contig_10478	1	134	0	133	133	1.0000000
dDocent_Contig_10494	1	134	0	133	133	1.0000000
dDocent_Contig_10496	1	134	0	133	133	1.0000000
dDocent_Contig_10498	1	134	0	133	133	1.0000000
dDocent_Contig_10510	1	134	0	133	133	1.0000000
dDocent_Contig_10511	1	134	0	133	133	1.0000000
dDocent_Contig_10513	1	134	0	133	133	1.0000000
dDocent_Contig_10515	1	134	0	133	133	1.0000000
dDocent_Contig_10516	1	134	0	133	133	1.0000000
dDocent_Contig_10517	1	134	0	133	133	1.0000000
dDocent_Contig_10520	1	134	0	133	133	1.0000000
dDocent_Contig_10522	1	134	0	133	133	1.0000000
dDocent_Contig_10523	1	134	0	133	133	1.0000000
dDocent_Contig_10530	1	134	0	133	133	1.0000000
dDocent_Contig_10535	1	134	0	32	133	0.2406015
dDocent_Contig_10535	1	134	1	82	133	0.6165413
dDocent_Contig_10535	1	134	2	19	133	0.1428571
dDocent_Contig_10537	1	134	0	133	133	1.0000000
dDocent_Contig_10545	1	134	0	133	133	1.0000000
dDocent_Contig_10556	1	134	0	133	133	1.0000000
dDocent_Contig_10557	1	134	0	133	133	1.0000000
dDocent_Contig_10558	1	134	0	133	133	1.0000000
dDocent_Contig_10561	1	134	0	133	133	1.0000000
dDocent_Contig_10562	1	134	0	133	133	1.0000000
dDocent_Contig_10565	1	134	0	133	133	1.0000000
dDocent_Contig_10567	1	134	0	133	133	1.0000000
dDocent_Contig_10571	1	134	0	133	133	1.0000000
dDocent_Contig_10579	1	134	0	25	133	0.1879699
dDocent_Contig_10579	1	134	1	108	133	0.8120301
dDocent_Contig_10583	1	134	0	133	133	1.0000000
dDocent_Contig_10584	1	134	0	133	133	1.0000000
dDocent_Contig_10587	1	134	0	133	133	1.0000000
dDocent_Contig_10590	1	134	0	133	133	1.0000000
dDocent_Contig_10593	1	134	0	133	133	1.0000000
dDocent_Contig_10596	1	134	0	133	133	1.0000000
dDocent_Contig_10597	1	134	0	133	133	1.0000000
dDocent_Contig_10598	1	134	0	133	133	1.0000000
dDocent_Contig_10599	1	134	0	133	133	1.0000000
dDocent_Contig_10619	1	134	0	133	133	1.0000000
dDocent_Contig_10621	1	134	0	133	133	1.0000000
dDocent_Contig_10626	1	134	0	133	133	1.0000000
dDocent_Contig_10630	1	134	0	133	133	1.0000000
dDocent_Contig_10632	1	134	0	133	133	1.0000000
dDocent_Contig_10643	1	134	0	133	133	1.0000000
dDocent_Contig_10650	1	134	0	133	133	1.0000000
dDocent_Contig_10660	1	134	0	133	133	1.0000000
dDocent_Contig_10668	1	134	0	133	133	1.0000000
dDocent_Contig_10675	1	134	0	133	133	1.0000000
dDocent_Contig_10676	1	134	0	133	133	1.0000000
dDocent_Contig_10679	1	134	0	133	133	1.0000000
dDocent_Contig_10680	1	134	0	133	133	1.0000000
dDocent_Contig_10682	1	134	0	133	133	1.0000000
dDocent_Contig_10686	1	134	0	133	133	1.0000000
dDocent_Contig_10688	1	134	0	133	133	1.0000000
dDocent_Contig_10691	1	134	0	133	133	1.0000000
dDocent_Contig_10692	1	134	0	133	133	1.0000000
dDocent_Contig_10693	1	134	0	133	133	1.0000000
dDocent_Contig_10694	1	134	0	133	133	1.0000000
dDocent_Contig_10698	1	134	0	133	133	1.0000000
dDocent_Contig_10699	1	134	0	133	133	1.0000000
dDocent_Contig_10700	1	134	0	133	133	1.0000000
dDocent_Contig_10701	1	134	0	133	133	1.0000000
dDocent_Contig_10704	1	134	0	133	133	1.0000000
dDocent_Contig_10706	1	134	0	133	133	1.0000000
dDocent_Contig_10709	1	134	0	133	133	1.0000000
dDocent_Contig_10714	1	134	0	133	133	1.0000000
dDocent_Contig_10720	1	134	0	133	133	1.0000000
dDocent_Contig_10726	1	134	0	133	133	1.0000000
dDocent_Contig_10729	1	134	0	133	133	1.0000000
dDocent_Contig_10737	1	134	0	133	133	1.0000000
dDocent_Contig_10738	1	134	0	133	133	1.0000000
dDocent_Contig_10739	1	134	0	133	133	1.0000000
dDocent_Contig_10745	1	134	0	133	133	1.0000000
dDocent_Contig_10747	1	134	0	133	133	1.0000000
dDocent_Contig_10748	1	134	0	133	133	1.0000000
dDocent_Contig_10749	1	134	0	28	133	0.2105263
dDocent_Contig_10749	1	134	1	69	133	0.5187970
dDocent_Contig_10749	1	134	2	36	133	0.2706767
dDocent_Contig_10750	1	134	0	133	133	1.0000000
dDocent_Contig_10755	1	134	0	133	133	1.0000000
dDocent_Contig_10756	1	134	0	133	133	1.0000000
dDocent_Contig_10757	1	134	0	133	133	1.0000000
dDocent_Contig_10760	1	134	0	133	133	1.0000000
dDocent_Contig_10764	1	134	0	133	133	1.0000000
dDocent_Contig_10767	1	134	0	133	133	1.0000000
dDocent_Contig_10773	1	134	0	133	133	1.0000000
dDocent_Contig_10774	1	134	0	133	133	1.0000000
dDocent_Contig_10781	1	134	0	133	133	1.0000000
dDocent_Contig_10783	1	134	0	133	133	1.0000000
dDocent_Contig_10787	1	134	0	133	133	1.0000000
dDocent_Contig_10789	1	134	0	133	133	1.0000000
dDocent_Contig_10790	1	134	0	133	133	1.0000000
dDocent_Contig_10795	1	134	0	133	133	1.0000000
dDocent_Contig_10796	1	134	0	133	133	1.0000000
dDocent_Contig_10800	1	134	0	133	133	1.0000000
dDocent_Contig_10813	1	134	0	133	133	1.0000000
dDocent_Contig_10815	1	134	0	133	133	1.0000000
dDocent_Contig_10817	1	134	0	133	133	1.0000000
dDocent_Contig_10819	1	134	0	133	133	1.0000000
dDocent_Contig_10820	1	134	0	133	133	1.0000000
dDocent_Contig_10821	1	134	0	133	133	1.0000000
dDocent_Contig_10823	1	134	0	133	133	1.0000000
dDocent_Contig_10824	1	134	0	133	133	1.0000000
dDocent_Contig_10827	1	134	0	133	133	1.0000000
dDocent_Contig_10830	1	134	0	133	133	1.0000000
dDocent_Contig_10848	1	134	0	133	133	1.0000000
dDocent_Contig_10849	1	134	0	79	133	0.5939850
dDocent_Contig_10849	1	134	1	54	133	0.4060150
dDocent_Contig_10851	1	134	0	133	133	1.0000000
dDocent_Contig_10862	1	134	0	133	133	1.0000000
dDocent_Contig_10863	1	134	0	42	133	0.3157895
dDocent_Contig_10863	1	134	1	84	133	0.6315789
dDocent_Contig_10863	1	134	2	7	133	0.0526316
dDocent_Contig_10864	1	134	0	133	133	1.0000000
dDocent_Contig_10875	1	134	0	133	133	1.0000000
dDocent_Contig_10876	1	134	0	133	133	1.0000000
dDocent_Contig_10880	1	134	0	133	133	1.0000000
dDocent_Contig_10886	1	134	0	133	133	1.0000000
dDocent_Contig_10893	1	134	0	133	133	1.0000000
dDocent_Contig_10894	1	134	0	69	133	0.5187970
dDocent_Contig_10894	1	134	1	64	133	0.4812030
dDocent_Contig_10906	1	134	0	133	133	1.0000000
dDocent_Contig_10915	1	134	0	133	133	1.0000000
dDocent_Contig_10920	1	134	0	133	133	1.0000000
dDocent_Contig_10922	1	134	0	133	133	1.0000000
dDocent_Contig_10926	1	134	0	133	133	1.0000000
dDocent_Contig_10929	1	134	0	133	133	1.0000000
dDocent_Contig_10931	1	134	0	133	133	1.0000000
dDocent_Contig_10932	1	134	0	133	133	1.0000000
dDocent_Contig_10935	1	134	0	133	133	1.0000000
dDocent_Contig_10940	1	134	0	133	133	1.0000000
dDocent_Contig_10941	1	134	0	133	133	1.0000000
dDocent_Contig_10958	1	134	0	133	133	1.0000000
dDocent_Contig_10962	1	134	0	133	133	1.0000000
dDocent_Contig_10967	1	134	0	133	133	1.0000000
dDocent_Contig_10970	1	134	0	133	133	1.0000000
dDocent_Contig_10973	1	134	0	133	133	1.0000000
dDocent_Contig_10975	1	134	0	133	133	1.0000000
dDocent_Contig_10977	1	134	0	133	133	1.0000000
dDocent_Contig_10978	1	134	0	133	133	1.0000000
dDocent_Contig_10980	1	134	0	133	133	1.0000000
dDocent_Contig_10984	1	134	0	133	133	1.0000000
dDocent_Contig_10993	1	134	0	133	133	1.0000000
dDocent_Contig_11002	1	134	0	133	133	1.0000000
dDocent_Contig_11003	1	134	0	133	133	1.0000000
dDocent_Contig_11004	1	134	0	133	133	1.0000000
dDocent_Contig_11010	1	134	0	133	133	1.0000000
dDocent_Contig_11025	1	134	0	133	133	1.0000000
dDocent_Contig_11026	1	134	0	133	133	1.0000000
dDocent_Contig_11030	1	134	0	133	133	1.0000000
dDocent_Contig_11031	1	134	0	133	133	1.0000000
dDocent_Contig_11032	1	134	0	133	133	1.0000000
dDocent_Contig_11042	1	134	0	133	133	1.0000000
dDocent_Contig_11052	1	134	0	133	133	1.0000000
dDocent_Contig_11053	1	134	0	133	133	1.0000000
dDocent_Contig_11056	1	134	0	133	133	1.0000000
dDocent_Contig_11060	1	134	0	133	133	1.0000000
dDocent_Contig_11061	1	134	0	133	133	1.0000000
dDocent_Contig_11064	1	134	0	133	133	1.0000000
dDocent_Contig_11066	1	134	0	133	133	1.0000000
dDocent_Contig_11067	1	134	0	133	133	1.0000000
dDocent_Contig_11068	1	134	0	133	133	1.0000000
dDocent_Contig_11069	1	134	0	133	133	1.0000000
dDocent_Contig_11076	1	134	0	133	133	1.0000000
dDocent_Contig_11085	1	134	0	133	133	1.0000000
dDocent_Contig_11086	1	134	0	133	133	1.0000000
dDocent_Contig_11087	1	134	0	133	133	1.0000000
dDocent_Contig_11088	1	134	0	133	133	1.0000000
dDocent_Contig_11090	1	134	0	133	133	1.0000000
dDocent_Contig_11093	1	134	0	133	133	1.0000000
dDocent_Contig_11094	1	134	0	133	133	1.0000000
dDocent_Contig_11096	1	134	0	133	133	1.0000000
dDocent_Contig_11097	1	134	0	133	133	1.0000000
dDocent_Contig_11100	1	134	0	133	133	1.0000000
dDocent_Contig_11106	1	134	0	133	133	1.0000000
dDocent_Contig_11109	1	134	0	133	133	1.0000000
dDocent_Contig_11119	1	134	0	133	133	1.0000000
dDocent_Contig_11126	1	134	0	133	133	1.0000000
dDocent_Contig_11131	1	134	0	133	133	1.0000000
dDocent_Contig_11133	1	134	0	133	133	1.0000000
dDocent_Contig_11137	1	134	0	133	133	1.0000000
dDocent_Contig_11139	1	134	0	133	133	1.0000000
dDocent_Contig_11140	1	134	0	133	133	1.0000000
dDocent_Contig_11141	1	134	0	133	133	1.0000000
dDocent_Contig_11155	1	134	0	133	133	1.0000000
dDocent_Contig_11170	1	134	0	133	133	1.0000000
dDocent_Contig_11171	1	134	0	133	133	1.0000000
dDocent_Contig_11175	1	134	0	133	133	1.0000000
dDocent_Contig_11176	1	134	0	133	133	1.0000000
dDocent_Contig_11182	1	134	0	133	133	1.0000000
dDocent_Contig_11184	1	134	0	133	133	1.0000000
dDocent_Contig_11194	1	134	0	133	133	1.0000000
dDocent_Contig_11205	1	134	0	133	133	1.0000000
dDocent_Contig_11208	1	134	0	133	133	1.0000000
dDocent_Contig_11222	1	134	0	133	133	1.0000000
dDocent_Contig_11223	1	134	0	133	133	1.0000000
dDocent_Contig_11229	1	134	0	133	133	1.0000000
dDocent_Contig_11232	1	134	0	133	133	1.0000000
dDocent_Contig_11235	1	134	0	133	133	1.0000000
dDocent_Contig_11236	1	134	0	133	133	1.0000000
dDocent_Contig_11244	1	134	0	133	133	1.0000000
dDocent_Contig_11245	1	134	0	133	133	1.0000000
dDocent_Contig_11258	1	134	0	133	133	1.0000000
dDocent_Contig_11259	1	134	0	133	133	1.0000000
dDocent_Contig_11268	1	134	0	133	133	1.0000000
dDocent_Contig_11272	1	134	0	133	133	1.0000000
dDocent_Contig_11277	1	134	0	133	133	1.0000000
dDocent_Contig_11278	1	134	0	133	133	1.0000000
dDocent_Contig_11299	1	134	0	133	133	1.0000000
dDocent_Contig_11302	1	134	0	133	133	1.0000000
dDocent_Contig_11303	1	134	0	133	133	1.0000000
dDocent_Contig_11305	1	134	0	133	133	1.0000000
dDocent_Contig_11307	1	134	0	133	133	1.0000000
dDocent_Contig_11310	1	134	0	133	133	1.0000000
dDocent_Contig_11313	1	134	0	133	133	1.0000000
dDocent_Contig_11317	1	134	0	133	133	1.0000000
dDocent_Contig_11319	1	134	0	133	133	1.0000000
dDocent_Contig_11320	1	134	0	133	133	1.0000000
dDocent_Contig_11321	1	134	0	133	133	1.0000000
dDocent_Contig_11332	1	134	0	133	133	1.0000000
dDocent_Contig_11335	1	134	0	133	133	1.0000000
dDocent_Contig_11337	1	134	0	133	133	1.0000000
dDocent_Contig_11340	1	134	0	133	133	1.0000000
dDocent_Contig_11341	1	134	0	133	133	1.0000000
dDocent_Contig_11344	1	134	0	133	133	1.0000000
dDocent_Contig_11345	1	134	0	133	133	1.0000000
dDocent_Contig_11346	1	134	0	133	133	1.0000000
dDocent_Contig_11348	1	134	0	133	133	1.0000000
dDocent_Contig_11351	1	134	0	133	133	1.0000000
dDocent_Contig_11353	1	134	0	133	133	1.0000000
dDocent_Contig_11360	1	134	0	133	133	1.0000000
dDocent_Contig_11368	1	134	0	133	133	1.0000000
dDocent_Contig_11370	1	134	0	133	133	1.0000000
dDocent_Contig_11371	1	134	0	133	133	1.0000000
dDocent_Contig_11375	1	134	0	133	133	1.0000000
dDocent_Contig_11377	1	134	0	133	133	1.0000000
dDocent_Contig_11378	1	134	0	133	133	1.0000000
dDocent_Contig_11379	1	134	0	133	133	1.0000000
dDocent_Contig_11382	1	134	0	133	133	1.0000000
dDocent_Contig_11386	1	134	0	133	133	1.0000000
dDocent_Contig_11388	1	134	0	133	133	1.0000000
dDocent_Contig_11389	1	134	0	133	133	1.0000000
dDocent_Contig_11395	1	134	0	133	133	1.0000000
dDocent_Contig_11407	1	134	0	133	133	1.0000000
dDocent_Contig_11416	1	134	0	133	133	1.0000000
dDocent_Contig_11424	1	134	0	133	133	1.0000000
dDocent_Contig_11427	1	134	0	133	133	1.0000000
dDocent_Contig_11430	1	134	0	133	133	1.0000000
dDocent_Contig_11438	1	134	0	133	133	1.0000000
dDocent_Contig_11440	1	134	0	133	133	1.0000000
dDocent_Contig_11441	1	134	0	133	133	1.0000000
dDocent_Contig_11442	1	134	0	133	133	1.0000000
dDocent_Contig_11445	1	134	0	133	133	1.0000000
dDocent_Contig_11447	1	134	0	133	133	1.0000000
dDocent_Contig_11450	1	134	0	133	133	1.0000000
dDocent_Contig_11452	1	134	0	133	133	1.0000000
dDocent_Contig_11456	1	134	0	133	133	1.0000000
dDocent_Contig_11460	1	134	0	133	133	1.0000000
dDocent_Contig_11463	1	134	0	133	133	1.0000000
dDocent_Contig_11474	1	134	0	133	133	1.0000000
dDocent_Contig_11480	1	134	0	133	133	1.0000000
dDocent_Contig_11481	1	134	0	133	133	1.0000000
dDocent_Contig_11482	1	134	0	133	133	1.0000000
dDocent_Contig_11483	1	134	0	133	133	1.0000000
dDocent_Contig_11485	1	134	0	133	133	1.0000000
dDocent_Contig_11487	1	134	0	133	133	1.0000000
dDocent_Contig_11491	1	134	0	133	133	1.0000000
dDocent_Contig_11492	1	134	0	133	133	1.0000000
dDocent_Contig_11493	1	134	0	133	133	1.0000000
dDocent_Contig_11495	1	134	0	133	133	1.0000000
dDocent_Contig_11498	1	134	0	133	133	1.0000000
dDocent_Contig_11500	1	134	0	133	133	1.0000000
dDocent_Contig_11501	1	134	0	133	133	1.0000000
dDocent_Contig_11502	1	134	0	133	133	1.0000000
dDocent_Contig_11504	1	134	0	133	133	1.0000000
dDocent_Contig_11511	1	134	0	133	133	1.0000000
dDocent_Contig_11513	1	134	0	133	133	1.0000000
dDocent_Contig_11514	1	134	0	133	133	1.0000000
dDocent_Contig_11515	1	134	0	133	133	1.0000000
dDocent_Contig_11516	1	134	0	133	133	1.0000000
dDocent_Contig_11561	1	134	0	133	133	1.0000000
dDocent_Contig_11574	1	134	2	119	133	0.8947368
dDocent_Contig_11574	1	134	4	14	133	0.1052632
dDocent_Contig_11577	1	134	0	133	133	1.0000000
dDocent_Contig_11612	1	134	0	133	133	1.0000000
dDocent_Contig_11615	1	134	0	133	133	1.0000000
dDocent_Contig_11623	1	134	0	133	133	1.0000000
dDocent_Contig_11626	1	134	0	133	133	1.0000000
dDocent_Contig_11628	1	134	0	133	133	1.0000000
dDocent_Contig_11629	1	134	0	133	133	1.0000000
dDocent_Contig_11637	1	134	0	133	133	1.0000000
dDocent_Contig_11663	1	134	0	133	133	1.0000000
dDocent_Contig_11667	1	134	0	133	133	1.0000000
dDocent_Contig_11669	1	134	0	133	133	1.0000000
dDocent_Contig_11676	1	134	0	133	133	1.0000000
dDocent_Contig_11686	1	134	0	133	133	1.0000000
dDocent_Contig_11694	1	134	0	133	133	1.0000000
dDocent_Contig_11718	1	134	0	133	133	1.0000000
dDocent_Contig_11735	1	134	0	133	133	1.0000000
dDocent_Contig_11736	1	134	0	133	133	1.0000000
dDocent_Contig_11748	1	134	0	133	133	1.0000000
dDocent_Contig_11752	1	134	0	133	133	1.0000000
dDocent_Contig_11754	1	134	0	133	133	1.0000000
dDocent_Contig_11762	1	134	0	133	133	1.0000000
dDocent_Contig_11764	1	134	0	133	133	1.0000000
dDocent_Contig_11765	1	134	0	133	133	1.0000000
dDocent_Contig_11767	1	134	0	133	133	1.0000000
dDocent_Contig_11780	1	134	0	133	133	1.0000000
dDocent_Contig_11782	1	134	0	133	133	1.0000000
dDocent_Contig_11791	1	134	0	133	133	1.0000000
dDocent_Contig_11816	1	134	0	133	133	1.0000000
dDocent_Contig_11819	1	134	0	133	133	1.0000000
dDocent_Contig_11821	1	134	0	133	133	1.0000000
dDocent_Contig_11823	1	134	0	133	133	1.0000000
dDocent_Contig_11830	1	134	0	133	133	1.0000000
dDocent_Contig_11831	1	134	0	133	133	1.0000000
dDocent_Contig_11835	1	134	0	133	133	1.0000000
dDocent_Contig_11837	1	134	0	133	133	1.0000000
dDocent_Contig_11848	1	134	0	133	133	1.0000000
dDocent_Contig_11849	1	134	0	133	133	1.0000000
dDocent_Contig_11851	1	134	0	133	133	1.0000000
dDocent_Contig_11852	1	134	0	133	133	1.0000000
dDocent_Contig_11853	1	134	0	133	133	1.0000000
dDocent_Contig_11854	1	134	0	133	133	1.0000000
dDocent_Contig_11856	1	134	0	133	133	1.0000000
dDocent_Contig_11866	1	134	0	133	133	1.0000000
dDocent_Contig_11867	1	134	0	133	133	1.0000000
dDocent_Contig_11868	1	134	0	133	133	1.0000000
dDocent_Contig_11870	1	134	0	133	133	1.0000000
dDocent_Contig_11877	1	134	0	133	133	1.0000000
dDocent_Contig_11880	1	134	0	133	133	1.0000000
dDocent_Contig_11885	1	134	0	133	133	1.0000000
dDocent_Contig_11889	1	134	0	133	133	1.0000000
dDocent_Contig_11896	1	134	0	133	133	1.0000000
dDocent_Contig_11898	1	134	0	133	133	1.0000000
dDocent_Contig_11900	1	134	0	133	133	1.0000000
dDocent_Contig_11907	1	134	0	133	133	1.0000000
dDocent_Contig_11910	1	134	0	133	133	1.0000000
dDocent_Contig_11913	1	134	0	133	133	1.0000000
dDocent_Contig_11921	1	134	0	133	133	1.0000000
dDocent_Contig_11923	1	134	0	133	133	1.0000000
dDocent_Contig_11924	1	134	0	133	133	1.0000000
dDocent_Contig_11926	1	134	0	133	133	1.0000000
dDocent_Contig_11927	1	134	0	133	133	1.0000000
dDocent_Contig_11928	1	134	0	133	133	1.0000000
dDocent_Contig_11943	1	134	0	133	133	1.0000000
dDocent_Contig_11952	1	134	0	133	133	1.0000000
dDocent_Contig_11953	1	134	0	133	133	1.0000000
dDocent_Contig_11954	1	134	0	133	133	1.0000000
dDocent_Contig_11957	1	134	0	133	133	1.0000000
dDocent_Contig_11964	1	134	0	133	133	1.0000000
dDocent_Contig_11977	1	134	0	133	133	1.0000000
dDocent_Contig_11979	1	134	0	133	133	1.0000000
dDocent_Contig_11986	1	134	0	133	133	1.0000000
dDocent_Contig_11987	1	134	0	133	133	1.0000000
dDocent_Contig_11992	1	134	0	133	133	1.0000000
dDocent_Contig_11993	1	134	0	133	133	1.0000000
dDocent_Contig_11995	1	134	0	133	133	1.0000000
dDocent_Contig_11997	1	134	0	133	133	1.0000000
dDocent_Contig_11998	1	134	0	133	133	1.0000000
dDocent_Contig_12001	1	134	0	133	133	1.0000000
dDocent_Contig_12002	1	134	0	133	133	1.0000000
dDocent_Contig_12003	1	134	0	133	133	1.0000000
dDocent_Contig_12004	1	134	0	133	133	1.0000000
dDocent_Contig_12005	1	134	0	133	133	1.0000000
dDocent_Contig_12007	1	134	0	133	133	1.0000000
dDocent_Contig_12008	1	134	0	133	133	1.0000000
dDocent_Contig_12012	1	134	0	133	133	1.0000000
dDocent_Contig_12014	1	134	0	133	133	1.0000000
dDocent_Contig_12018	1	134	0	133	133	1.0000000
dDocent_Contig_12020	1	134	0	133	133	1.0000000
dDocent_Contig_12024	1	134	0	133	133	1.0000000
dDocent_Contig_12027	1	134	0	133	133	1.0000000
dDocent_Contig_12038	1	134	0	133	133	1.0000000
dDocent_Contig_12041	1	134	0	133	133	1.0000000
dDocent_Contig_12051	1	134	0	133	133	1.0000000
dDocent_Contig_12053	1	134	0	133	133	1.0000000
dDocent_Contig_12065	1	134	0	133	133	1.0000000
dDocent_Contig_12068	1	134	0	133	133	1.0000000
dDocent_Contig_12075	1	134	0	133	133	1.0000000
dDocent_Contig_12082	1	134	0	133	133	1.0000000
dDocent_Contig_12083	1	134	0	133	133	1.0000000
dDocent_Contig_12091	1	134	0	133	133	1.0000000
dDocent_Contig_12093	1	134	0	133	133	1.0000000
dDocent_Contig_12099	1	134	0	133	133	1.0000000
dDocent_Contig_12105	1	134	0	133	133	1.0000000
dDocent_Contig_12106	1	134	0	133	133	1.0000000
dDocent_Contig_12110	1	134	0	133	133	1.0000000
dDocent_Contig_12113	1	134	0	133	133	1.0000000
dDocent_Contig_12116	1	134	0	133	133	1.0000000
dDocent_Contig_12118	1	134	0	133	133	1.0000000
dDocent_Contig_12122	1	134	0	133	133	1.0000000
dDocent_Contig_12135	1	134	0	133	133	1.0000000
dDocent_Contig_12136	1	134	0	133	133	1.0000000
dDocent_Contig_12150	1	134	0	133	133	1.0000000
dDocent_Contig_12161	1	134	0	133	133	1.0000000
dDocent_Contig_12162	1	134	0	133	133	1.0000000
dDocent_Contig_12163	1	134	0	133	133	1.0000000
dDocent_Contig_12164	1	134	0	133	133	1.0000000
dDocent_Contig_12165	1	134	0	133	133	1.0000000
dDocent_Contig_12169	1	134	0	133	133	1.0000000
dDocent_Contig_12171	1	134	0	133	133	1.0000000
dDocent_Contig_12173	1	134	0	133	133	1.0000000
dDocent_Contig_12176	1	134	0	133	133	1.0000000
dDocent_Contig_12181	1	134	0	133	133	1.0000000
dDocent_Contig_12191	1	134	0	133	133	1.0000000
dDocent_Contig_12206	1	134	0	133	133	1.0000000
dDocent_Contig_12209	1	134	0	133	133	1.0000000
dDocent_Contig_12230	1	134	0	133	133	1.0000000
dDocent_Contig_12235	1	134	0	133	133	1.0000000
dDocent_Contig_12237	1	134	0	133	133	1.0000000
dDocent_Contig_12238	1	134	0	133	133	1.0000000
dDocent_Contig_12240	1	134	0	133	133	1.0000000
dDocent_Contig_12242	1	134	0	133	133	1.0000000
dDocent_Contig_12247	1	134	0	133	133	1.0000000
dDocent_Contig_12259	1	134	0	133	133	1.0000000
dDocent_Contig_12285	1	134	0	133	133	1.0000000
dDocent_Contig_12286	1	134	0	133	133	1.0000000
dDocent_Contig_12309	1	134	0	133	133	1.0000000
dDocent_Contig_12314	1	134	0	133	133	1.0000000
dDocent_Contig_12320	1	134	0	133	133	1.0000000
dDocent_Contig_12324	1	134	0	133	133	1.0000000
dDocent_Contig_12327	1	134	0	133	133	1.0000000
dDocent_Contig_12328	1	134	0	133	133	1.0000000
dDocent_Contig_12334	1	134	0	133	133	1.0000000
dDocent_Contig_12338	1	134	0	133	133	1.0000000
dDocent_Contig_12340	1	134	0	133	133	1.0000000
dDocent_Contig_12345	1	134	0	133	133	1.0000000
dDocent_Contig_12351	1	134	0	133	133	1.0000000
dDocent_Contig_12357	1	134	0	133	133	1.0000000
dDocent_Contig_12361	1	134	0	133	133	1.0000000
dDocent_Contig_12364	1	134	0	133	133	1.0000000
dDocent_Contig_12365	1	134	0	133	133	1.0000000
dDocent_Contig_12371	1	134	0	133	133	1.0000000
dDocent_Contig_12378	1	134	0	133	133	1.0000000
dDocent_Contig_12379	1	134	0	133	133	1.0000000
dDocent_Contig_12383	1	134	0	133	133	1.0000000
dDocent_Contig_12386	1	134	0	133	133	1.0000000
dDocent_Contig_12392	1	134	0	133	133	1.0000000
dDocent_Contig_12404	1	134	0	133	133	1.0000000
dDocent_Contig_12406	1	134	0	133	133	1.0000000
dDocent_Contig_12418	1	134	0	133	133	1.0000000
dDocent_Contig_12419	1	134	0	133	133	1.0000000
dDocent_Contig_12420	1	134	0	133	133	1.0000000
dDocent_Contig_12423	1	134	0	133	133	1.0000000
dDocent_Contig_12428	1	134	0	133	133	1.0000000
dDocent_Contig_12434	1	134	0	133	133	1.0000000
dDocent_Contig_12435	1	134	0	133	133	1.0000000
dDocent_Contig_12436	1	134	0	133	133	1.0000000
dDocent_Contig_12438	1	134	0	133	133	1.0000000
dDocent_Contig_12440	1	134	0	133	133	1.0000000
dDocent_Contig_12448	1	134	0	133	133	1.0000000
dDocent_Contig_12450	1	134	0	133	133	1.0000000
dDocent_Contig_12453	1	134	0	133	133	1.0000000
dDocent_Contig_12454	1	134	0	30	133	0.2255639
dDocent_Contig_12454	1	134	1	103	133	0.7744361
dDocent_Contig_12455	1	134	0	133	133	1.0000000
dDocent_Contig_12457	1	134	0	133	133	1.0000000
dDocent_Contig_12458	1	134	0	133	133	1.0000000
dDocent_Contig_12460	1	134	0	133	133	1.0000000
dDocent_Contig_12461	1	134	0	133	133	1.0000000
dDocent_Contig_12463	1	134	0	133	133	1.0000000
dDocent_Contig_12464	1	134	0	133	133	1.0000000
dDocent_Contig_12465	1	134	0	133	133	1.0000000
dDocent_Contig_12470	1	134	0	133	133	1.0000000
dDocent_Contig_12481	1	134	0	133	133	1.0000000
dDocent_Contig_12482	1	134	0	133	133	1.0000000
dDocent_Contig_12486	1	134	0	133	133	1.0000000
dDocent_Contig_12487	1	134	0	133	133	1.0000000
dDocent_Contig_12495	1	134	0	133	133	1.0000000
dDocent_Contig_12496	1	134	0	133	133	1.0000000
dDocent_Contig_12501	1	134	0	133	133	1.0000000
dDocent_Contig_12503	1	134	0	133	133	1.0000000
dDocent_Contig_12506	1	134	0	133	133	1.0000000
dDocent_Contig_12511	1	134	0	133	133	1.0000000
dDocent_Contig_12515	1	134	0	133	133	1.0000000
dDocent_Contig_12516	1	134	0	133	133	1.0000000
dDocent_Contig_12525	1	134	0	133	133	1.0000000
dDocent_Contig_12526	1	134	0	133	133	1.0000000
dDocent_Contig_12532	1	134	0	133	133	1.0000000
dDocent_Contig_12533	1	134	0	133	133	1.0000000
dDocent_Contig_12538	1	134	0	133	133	1.0000000
dDocent_Contig_12545	1	134	0	133	133	1.0000000
dDocent_Contig_12574	1	134	0	133	133	1.0000000
dDocent_Contig_12597	1	134	0	133	133	1.0000000
dDocent_Contig_12608	1	134	0	133	133	1.0000000
dDocent_Contig_12612	1	134	0	133	133	1.0000000
dDocent_Contig_12630	1	134	0	133	133	1.0000000
dDocent_Contig_12634	1	134	0	133	133	1.0000000
dDocent_Contig_12640	1	134	0	133	133	1.0000000
dDocent_Contig_12645	1	134	0	133	133	1.0000000
dDocent_Contig_12647	1	134	0	133	133	1.0000000
dDocent_Contig_12649	1	134	0	133	133	1.0000000
dDocent_Contig_12655	1	134	0	133	133	1.0000000
dDocent_Contig_12657	1	134	0	133	133	1.0000000
dDocent_Contig_12658	1	134	0	133	133	1.0000000
dDocent_Contig_12662	1	134	0	133	133	1.0000000
dDocent_Contig_12673	1	134	0	133	133	1.0000000
dDocent_Contig_12682	1	134	0	133	133	1.0000000
dDocent_Contig_12687	1	134	0	133	133	1.0000000
dDocent_Contig_12690	1	134	0	133	133	1.0000000
dDocent_Contig_12692	1	134	0	133	133	1.0000000
dDocent_Contig_12693	1	134	0	133	133	1.0000000
dDocent_Contig_12697	1	134	0	133	133	1.0000000
dDocent_Contig_12701	1	134	0	133	133	1.0000000
dDocent_Contig_12708	1	134	0	133	133	1.0000000
dDocent_Contig_12711	1	134	0	133	133	1.0000000
dDocent_Contig_12713	1	134	0	133	133	1.0000000
dDocent_Contig_12719	1	134	0	133	133	1.0000000
dDocent_Contig_12725	1	134	0	133	133	1.0000000
dDocent_Contig_12726	1	134	0	133	133	1.0000000
dDocent_Contig_12732	1	134	0	133	133	1.0000000
dDocent_Contig_12742	1	134	0	133	133	1.0000000
dDocent_Contig_12760	1	134	0	133	133	1.0000000
dDocent_Contig_12761	1	134	0	133	133	1.0000000
dDocent_Contig_12774	1	134	0	133	133	1.0000000
dDocent_Contig_12777	1	134	0	133	133	1.0000000
dDocent_Contig_12801	1	134	0	133	133	1.0000000
dDocent_Contig_12817	1	134	0	133	133	1.0000000
dDocent_Contig_12819	1	134	0	133	133	1.0000000
dDocent_Contig_12820	1	134	0	133	133	1.0000000
dDocent_Contig_12833	1	134	0	133	133	1.0000000
dDocent_Contig_12839	1	134	0	133	133	1.0000000
dDocent_Contig_12844	1	134	0	133	133	1.0000000
dDocent_Contig_12848	1	134	0	133	133	1.0000000
dDocent_Contig_12849	1	134	0	133	133	1.0000000
dDocent_Contig_12851	1	134	0	133	133	1.0000000
dDocent_Contig_12852	1	134	0	133	133	1.0000000
dDocent_Contig_12857	1	134	0	133	133	1.0000000
dDocent_Contig_12872	1	134	0	133	133	1.0000000
dDocent_Contig_12877	1	134	0	133	133	1.0000000
dDocent_Contig_12887	1	134	1	133	133	1.0000000
dDocent_Contig_12888	1	134	0	133	133	1.0000000
dDocent_Contig_12901	1	134	0	133	133	1.0000000
dDocent_Contig_12910	1	134	0	133	133	1.0000000
dDocent_Contig_12911	1	134	0	133	133	1.0000000
dDocent_Contig_12926	1	134	0	133	133	1.0000000
dDocent_Contig_12932	1	134	0	133	133	1.0000000
dDocent_Contig_12935	1	134	0	133	133	1.0000000
dDocent_Contig_12943	1	134	0	133	133	1.0000000
dDocent_Contig_12946	1	134	0	133	133	1.0000000
dDocent_Contig_12947	1	134	0	133	133	1.0000000
dDocent_Contig_12948	1	134	0	133	133	1.0000000
dDocent_Contig_12952	1	134	0	133	133	1.0000000
dDocent_Contig_12953	1	134	0	133	133	1.0000000
dDocent_Contig_12964	1	134	0	133	133	1.0000000
dDocent_Contig_12966	1	134	0	133	133	1.0000000
dDocent_Contig_12996	1	134	0	133	133	1.0000000
dDocent_Contig_12997	1	134	0	133	133	1.0000000
dDocent_Contig_12998	1	134	0	133	133	1.0000000
dDocent_Contig_13019	1	134	0	133	133	1.0000000
dDocent_Contig_13020	1	134	0	133	133	1.0000000
dDocent_Contig_13024	1	134	0	133	133	1.0000000
dDocent_Contig_13033	1	134	0	133	133	1.0000000
dDocent_Contig_13034	1	134	0	133	133	1.0000000
dDocent_Contig_13035	1	134	0	133	133	1.0000000
dDocent_Contig_13046	1	134	0	133	133	1.0000000
dDocent_Contig_13050	1	134	0	133	133	1.0000000
dDocent_Contig_13058	1	134	0	133	133	1.0000000
dDocent_Contig_13060	1	134	0	133	133	1.0000000
dDocent_Contig_13062	1	134	0	133	133	1.0000000
dDocent_Contig_13070	1	134	0	133	133	1.0000000
dDocent_Contig_13072	1	134	0	133	133	1.0000000
dDocent_Contig_13076	1	134	0	133	133	1.0000000
dDocent_Contig_13078	1	134	0	133	133	1.0000000
dDocent_Contig_13079	1	134	0	133	133	1.0000000
dDocent_Contig_13080	1	134	0	133	133	1.0000000
dDocent_Contig_13081	1	134	0	133	133	1.0000000
dDocent_Contig_13086	1	134	0	133	133	1.0000000
dDocent_Contig_13090	1	134	0	133	133	1.0000000
dDocent_Contig_13098	1	134	0	133	133	1.0000000
dDocent_Contig_13099	1	134	0	133	133	1.0000000
dDocent_Contig_13102	1	134	0	133	133	1.0000000
dDocent_Contig_13103	1	134	0	133	133	1.0000000
dDocent_Contig_13105	1	134	0	133	133	1.0000000
dDocent_Contig_13109	1	134	0	133	133	1.0000000
dDocent_Contig_13120	1	134	0	133	133	1.0000000
dDocent_Contig_13123	1	134	0	133	133	1.0000000
dDocent_Contig_13124	1	134	0	133	133	1.0000000
dDocent_Contig_13152	1	134	0	133	133	1.0000000
dDocent_Contig_13155	1	134	0	133	133	1.0000000
dDocent_Contig_13158	1	134	0	133	133	1.0000000
dDocent_Contig_13159	1	134	0	133	133	1.0000000
dDocent_Contig_13160	1	134	0	133	133	1.0000000
dDocent_Contig_13161	1	134	0	133	133	1.0000000
dDocent_Contig_13162	1	134	0	133	133	1.0000000
dDocent_Contig_13172	1	134	0	133	133	1.0000000
dDocent_Contig_13173	1	134	0	133	133	1.0000000
dDocent_Contig_13176	1	134	0	133	133	1.0000000
dDocent_Contig_13181	1	134	0	133	133	1.0000000
dDocent_Contig_13191	1	134	0	133	133	1.0000000
dDocent_Contig_13193	1	134	0	133	133	1.0000000
dDocent_Contig_13194	1	134	0	133	133	1.0000000
dDocent_Contig_13204	1	134	0	133	133	1.0000000
dDocent_Contig_13210	1	134	0	133	133	1.0000000
dDocent_Contig_13213	1	134	0	133	133	1.0000000
dDocent_Contig_13214	1	134	0	133	133	1.0000000
dDocent_Contig_13216	1	134	0	133	133	1.0000000
dDocent_Contig_13223	1	134	0	133	133	1.0000000
dDocent_Contig_13230	1	134	0	133	133	1.0000000
dDocent_Contig_13236	1	134	0	133	133	1.0000000
dDocent_Contig_13238	1	134	0	133	133	1.0000000
dDocent_Contig_13242	1	134	0	133	133	1.0000000
dDocent_Contig_13243	1	134	0	133	133	1.0000000
dDocent_Contig_13244	1	134	0	133	133	1.0000000
dDocent_Contig_13246	1	134	0	133	133	1.0000000
dDocent_Contig_13248	1	134	0	133	133	1.0000000
dDocent_Contig_13250	1	134	0	133	133	1.0000000
dDocent_Contig_13256	1	134	0	133	133	1.0000000
dDocent_Contig_13258	1	134	0	133	133	1.0000000
dDocent_Contig_13259	1	134	0	133	133	1.0000000
dDocent_Contig_13272	1	134	0	133	133	1.0000000
dDocent_Contig_13280	1	134	0	133	133	1.0000000
dDocent_Contig_13281	1	134	0	133	133	1.0000000
dDocent_Contig_13282	1	134	0	133	133	1.0000000
dDocent_Contig_13283	1	134	0	133	133	1.0000000
dDocent_Contig_13298	1	134	0	133	133	1.0000000
dDocent_Contig_13303	1	134	0	133	133	1.0000000
dDocent_Contig_13304	1	134	0	133	133	1.0000000
dDocent_Contig_13308	1	134	0	133	133	1.0000000
dDocent_Contig_13310	1	134	0	133	133	1.0000000
dDocent_Contig_13312	1	134	0	133	133	1.0000000
dDocent_Contig_13321	1	134	0	133	133	1.0000000
dDocent_Contig_13327	1	134	0	133	133	1.0000000
dDocent_Contig_13328	1	134	0	133	133	1.0000000
dDocent_Contig_13330	1	134	0	133	133	1.0000000
dDocent_Contig_13331	1	134	0	133	133	1.0000000
dDocent_Contig_13333	1	134	0	133	133	1.0000000
dDocent_Contig_13347	1	134	0	133	133	1.0000000
dDocent_Contig_13350	1	134	0	133	133	1.0000000
dDocent_Contig_13352	1	134	0	133	133	1.0000000
dDocent_Contig_13363	1	134	0	41	133	0.3082707
dDocent_Contig_13363	1	134	1	92	133	0.6917293
dDocent_Contig_13367	1	134	0	133	133	1.0000000
dDocent_Contig_13369	1	134	0	133	133	1.0000000
dDocent_Contig_13374	1	134	0	133	133	1.0000000
dDocent_Contig_13375	1	134	0	133	133	1.0000000
dDocent_Contig_13377	1	134	0	133	133	1.0000000
dDocent_Contig_13381	1	134	0	133	133	1.0000000
dDocent_Contig_13383	1	134	0	133	133	1.0000000
dDocent_Contig_13387	1	134	0	133	133	1.0000000
dDocent_Contig_13388	1	134	0	133	133	1.0000000
dDocent_Contig_13389	1	134	0	133	133	1.0000000
dDocent_Contig_13390	1	134	0	133	133	1.0000000
dDocent_Contig_13394	1	134	0	133	133	1.0000000
dDocent_Contig_13396	1	134	0	133	133	1.0000000
dDocent_Contig_13400	1	134	0	66	133	0.4962406
dDocent_Contig_13400	1	134	1	67	133	0.5037594
dDocent_Contig_13403	1	134	0	133	133	1.0000000
dDocent_Contig_13404	1	134	0	133	133	1.0000000
dDocent_Contig_13406	1	134	0	133	133	1.0000000
dDocent_Contig_13427	1	134	0	133	133	1.0000000
dDocent_Contig_13428	1	134	0	133	133	1.0000000
dDocent_Contig_13434	1	134	0	133	133	1.0000000
dDocent_Contig_13435	1	134	0	133	133	1.0000000
dDocent_Contig_13437	1	134	0	133	133	1.0000000
dDocent_Contig_13438	1	134	0	133	133	1.0000000
dDocent_Contig_13443	1	134	0	133	133	1.0000000
dDocent_Contig_13449	1	134	0	133	133	1.0000000
dDocent_Contig_13451	1	134	0	32	133	0.2406015
dDocent_Contig_13451	1	134	2	101	133	0.7593985
dDocent_Contig_13456	1	134	0	133	133	1.0000000
dDocent_Contig_13459	1	134	0	133	133	1.0000000
dDocent_Contig_13461	1	134	0	133	133	1.0000000
dDocent_Contig_13470	1	134	0	133	133	1.0000000
dDocent_Contig_13471	1	134	0	133	133	1.0000000
dDocent_Contig_13472	1	134	0	133	133	1.0000000
dDocent_Contig_13473	1	134	0	133	133	1.0000000
dDocent_Contig_13480	1	134	0	133	133	1.0000000
dDocent_Contig_13491	1	134	0	133	133	1.0000000
dDocent_Contig_13500	1	134	0	133	133	1.0000000
dDocent_Contig_13504	1	134	0	133	133	1.0000000
dDocent_Contig_13505	1	134	0	133	133	1.0000000
dDocent_Contig_13508	1	134	0	133	133	1.0000000
dDocent_Contig_13509	1	134	0	133	133	1.0000000
dDocent_Contig_13511	1	134	0	133	133	1.0000000
dDocent_Contig_13512	1	134	0	133	133	1.0000000
dDocent_Contig_13513	1	134	0	133	133	1.0000000
dDocent_Contig_13517	1	134	0	133	133	1.0000000
dDocent_Contig_13523	1	134	0	133	133	1.0000000
dDocent_Contig_13526	1	134	0	133	133	1.0000000
dDocent_Contig_13527	1	134	0	133	133	1.0000000
dDocent_Contig_13534	1	134	0	133	133	1.0000000
dDocent_Contig_13546	1	134	0	133	133	1.0000000
dDocent_Contig_13547	1	134	0	133	133	1.0000000
dDocent_Contig_13548	1	134	0	133	133	1.0000000
dDocent_Contig_13550	1	134	0	133	133	1.0000000
dDocent_Contig_13553	1	134	0	133	133	1.0000000
dDocent_Contig_13554	1	134	2	33	133	0.2481203
dDocent_Contig_13554	1	134	3	100	133	0.7518797
dDocent_Contig_13556	1	134	0	133	133	1.0000000
dDocent_Contig_13557	1	134	0	133	133	1.0000000
dDocent_Contig_13561	1	134	0	133	133	1.0000000
dDocent_Contig_13564	1	134	0	133	133	1.0000000
dDocent_Contig_13571	1	134	0	133	133	1.0000000
dDocent_Contig_13575	1	134	0	133	133	1.0000000
dDocent_Contig_13576	1	134	0	133	133	1.0000000
dDocent_Contig_13579	1	134	0	133	133	1.0000000
dDocent_Contig_13580	1	134	0	133	133	1.0000000
dDocent_Contig_13585	1	134	0	133	133	1.0000000
dDocent_Contig_13588	1	134	0	133	133	1.0000000
dDocent_Contig_13595	1	134	0	133	133	1.0000000
dDocent_Contig_13596	1	134	0	133	133	1.0000000
dDocent_Contig_13597	1	134	0	133	133	1.0000000
dDocent_Contig_13598	1	134	0	133	133	1.0000000
dDocent_Contig_13599	1	134	0	133	133	1.0000000
dDocent_Contig_13600	1	134	0	133	133	1.0000000
dDocent_Contig_13603	1	134	0	133	133	1.0000000
dDocent_Contig_13607	1	134	0	133	133	1.0000000
dDocent_Contig_13612	1	134	0	133	133	1.0000000
dDocent_Contig_13617	1	134	0	133	133	1.0000000
dDocent_Contig_13621	1	134	0	133	133	1.0000000
dDocent_Contig_13622	1	134	0	133	133	1.0000000
dDocent_Contig_13626	1	134	0	133	133	1.0000000
dDocent_Contig_13633	1	134	0	133	133	1.0000000
dDocent_Contig_13640	1	134	0	133	133	1.0000000
dDocent_Contig_13643	1	134	0	133	133	1.0000000
dDocent_Contig_13648	1	134	0	133	133	1.0000000
dDocent_Contig_13649	1	134	0	133	133	1.0000000
dDocent_Contig_13650	1	134	0	133	133	1.0000000
dDocent_Contig_13651	1	134	0	133	133	1.0000000
dDocent_Contig_13658	1	134	0	133	133	1.0000000
dDocent_Contig_13659	1	134	0	133	133	1.0000000
dDocent_Contig_13660	1	134	0	133	133	1.0000000
dDocent_Contig_13662	1	134	0	133	133	1.0000000
dDocent_Contig_13663	1	134	0	133	133	1.0000000
dDocent_Contig_13664	1	134	0	133	133	1.0000000
dDocent_Contig_13668	1	134	0	133	133	1.0000000
dDocent_Contig_13669	1	134	0	133	133	1.0000000
dDocent_Contig_13673	1	134	0	133	133	1.0000000
dDocent_Contig_13675	1	134	0	133	133	1.0000000
dDocent_Contig_13686	1	134	0	133	133	1.0000000
dDocent_Contig_13688	1	134	0	133	133	1.0000000
dDocent_Contig_13693	1	134	0	133	133	1.0000000
dDocent_Contig_13702	1	134	0	133	133	1.0000000
dDocent_Contig_13706	1	134	0	133	133	1.0000000
dDocent_Contig_13707	1	134	0	133	133	1.0000000
dDocent_Contig_13709	1	134	0	133	133	1.0000000
dDocent_Contig_13713	1	134	0	133	133	1.0000000
dDocent_Contig_13715	1	134	0	133	133	1.0000000
dDocent_Contig_13725	1	134	0	133	133	1.0000000
dDocent_Contig_13726	1	134	0	133	133	1.0000000
dDocent_Contig_13729	1	134	0	133	133	1.0000000
dDocent_Contig_13730	1	134	0	133	133	1.0000000
dDocent_Contig_13731	1	134	0	133	133	1.0000000
dDocent_Contig_13748	1	134	0	133	133	1.0000000
dDocent_Contig_13755	1	134	0	133	133	1.0000000
dDocent_Contig_13761	1	134	0	133	133	1.0000000
dDocent_Contig_13762	1	134	0	133	133	1.0000000
dDocent_Contig_13767	1	134	0	133	133	1.0000000
dDocent_Contig_13778	1	134	0	133	133	1.0000000
dDocent_Contig_13783	1	134	0	133	133	1.0000000
dDocent_Contig_13799	1	134	0	133	133	1.0000000
dDocent_Contig_13810	1	134	0	133	133	1.0000000
dDocent_Contig_13827	1	134	0	133	133	1.0000000
dDocent_Contig_13829	1	134	0	133	133	1.0000000
dDocent_Contig_13837	1	134	0	133	133	1.0000000
dDocent_Contig_13843	1	134	0	133	133	1.0000000
dDocent_Contig_13866	1	134	0	133	133	1.0000000
dDocent_Contig_13873	1	134	0	133	133	1.0000000
dDocent_Contig_13879	1	134	0	133	133	1.0000000
dDocent_Contig_13884	1	134	0	133	133	1.0000000
dDocent_Contig_13886	1	134	0	133	133	1.0000000
dDocent_Contig_13889	1	134	0	133	133	1.0000000
dDocent_Contig_13890	1	134	0	133	133	1.0000000
dDocent_Contig_13892	1	134	0	133	133	1.0000000
dDocent_Contig_13902	1	134	0	133	133	1.0000000
dDocent_Contig_13904	1	134	0	133	133	1.0000000
dDocent_Contig_13908	1	134	0	133	133	1.0000000
dDocent_Contig_13930	1	134	0	133	133	1.0000000
dDocent_Contig_13931	1	134	0	133	133	1.0000000
dDocent_Contig_13938	1	134	0	133	133	1.0000000
dDocent_Contig_13942	1	134	0	133	133	1.0000000
dDocent_Contig_13947	1	134	0	133	133	1.0000000
dDocent_Contig_13948	1	134	0	133	133	1.0000000
dDocent_Contig_13949	1	134	0	133	133	1.0000000
dDocent_Contig_13950	1	134	0	133	133	1.0000000
dDocent_Contig_13951	1	134	0	133	133	1.0000000
dDocent_Contig_13960	1	134	0	133	133	1.0000000
dDocent_Contig_13961	1	134	0	133	133	1.0000000
dDocent_Contig_13978	1	134	0	133	133	1.0000000
dDocent_Contig_13987	1	134	0	133	133	1.0000000
dDocent_Contig_14019	1	134	0	133	133	1.0000000
dDocent_Contig_14024	1	134	0	133	133	1.0000000
dDocent_Contig_14036	1	134	0	133	133	1.0000000
dDocent_Contig_14038	1	134	0	133	133	1.0000000
dDocent_Contig_14039	1	134	0	133	133	1.0000000
dDocent_Contig_14046	1	134	0	133	133	1.0000000
dDocent_Contig_14074	1	134	0	133	133	1.0000000
dDocent_Contig_14090	1	134	0	133	133	1.0000000
dDocent_Contig_14091	1	134	0	133	133	1.0000000
dDocent_Contig_14093	1	134	0	133	133	1.0000000
dDocent_Contig_14097	1	134	0	133	133	1.0000000
dDocent_Contig_14098	1	134	0	133	133	1.0000000
dDocent_Contig_14101	1	134	0	133	133	1.0000000
dDocent_Contig_14106	1	134	0	133	133	1.0000000
dDocent_Contig_14113	1	134	0	34	133	0.2556391
dDocent_Contig_14113	1	134	1	59	133	0.4436090
dDocent_Contig_14113	1	134	2	40	133	0.3007519
dDocent_Contig_14124	1	134	1	133	133	1.0000000
dDocent_Contig_14129	1	134	0	133	133	1.0000000
dDocent_Contig_14130	1	134	0	133	133	1.0000000
dDocent_Contig_14138	1	134	0	133	133	1.0000000
dDocent_Contig_14144	1	134	0	133	133	1.0000000
dDocent_Contig_14156	1	134	0	133	133	1.0000000
dDocent_Contig_14157	1	134	0	133	133	1.0000000
dDocent_Contig_14159	1	134	0	133	133	1.0000000
dDocent_Contig_14160	1	134	0	133	133	1.0000000
dDocent_Contig_14171	1	134	0	133	133	1.0000000
dDocent_Contig_14173	1	134	0	133	133	1.0000000
dDocent_Contig_14183	1	134	0	133	133	1.0000000
dDocent_Contig_14184	1	134	0	133	133	1.0000000
dDocent_Contig_14187	1	134	0	133	133	1.0000000
dDocent_Contig_14189	1	134	0	133	133	1.0000000
dDocent_Contig_14194	1	134	0	133	133	1.0000000
dDocent_Contig_14198	1	134	0	133	133	1.0000000
dDocent_Contig_14205	1	134	0	133	133	1.0000000
dDocent_Contig_14209	1	134	0	133	133	1.0000000
dDocent_Contig_14216	1	134	0	133	133	1.0000000
dDocent_Contig_14220	1	134	0	133	133	1.0000000
dDocent_Contig_14221	1	134	0	133	133	1.0000000
dDocent_Contig_14228	1	134	0	133	133	1.0000000
dDocent_Contig_14229	1	134	0	133	133	1.0000000
dDocent_Contig_14242	1	134	0	133	133	1.0000000
dDocent_Contig_14250	1	134	0	133	133	1.0000000
dDocent_Contig_14251	1	134	0	133	133	1.0000000
dDocent_Contig_14255	1	134	0	133	133	1.0000000
dDocent_Contig_14257	1	134	0	133	133	1.0000000
dDocent_Contig_14258	1	134	0	133	133	1.0000000
dDocent_Contig_14266	1	134	0	133	133	1.0000000
dDocent_Contig_14277	1	134	0	133	133	1.0000000
dDocent_Contig_14280	1	134	0	133	133	1.0000000
dDocent_Contig_14288	1	134	0	133	133	1.0000000
dDocent_Contig_14292	1	134	0	133	133	1.0000000
dDocent_Contig_14293	1	134	0	133	133	1.0000000
dDocent_Contig_14296	1	134	0	133	133	1.0000000
dDocent_Contig_14298	1	134	0	133	133	1.0000000
dDocent_Contig_14299	1	134	0	133	133	1.0000000
dDocent_Contig_14314	1	134	0	133	133	1.0000000
dDocent_Contig_14315	1	134	0	133	133	1.0000000
dDocent_Contig_14316	1	134	0	133	133	1.0000000
dDocent_Contig_14317	1	134	0	133	133	1.0000000
dDocent_Contig_14319	1	134	0	133	133	1.0000000
dDocent_Contig_14324	1	134	0	133	133	1.0000000
dDocent_Contig_14325	1	134	0	133	133	1.0000000
dDocent_Contig_14336	1	134	0	133	133	1.0000000
dDocent_Contig_14343	1	134	0	133	133	1.0000000
dDocent_Contig_14346	1	134	0	133	133	1.0000000
dDocent_Contig_14347	1	134	0	133	133	1.0000000
dDocent_Contig_14353	1	134	0	133	133	1.0000000
dDocent_Contig_14356	1	134	0	133	133	1.0000000
dDocent_Contig_14357	1	134	0	133	133	1.0000000
dDocent_Contig_14360	1	134	0	133	133	1.0000000
dDocent_Contig_14362	1	134	0	133	133	1.0000000
dDocent_Contig_14365	1	134	0	133	133	1.0000000
dDocent_Contig_14368	1	134	0	133	133	1.0000000
dDocent_Contig_14372	1	134	0	133	133	1.0000000
dDocent_Contig_14375	1	134	0	133	133	1.0000000
dDocent_Contig_14381	1	134	0	133	133	1.0000000
dDocent_Contig_14383	1	134	0	133	133	1.0000000
dDocent_Contig_14384	1	134	0	133	133	1.0000000
dDocent_Contig_14397	1	134	0	133	133	1.0000000
dDocent_Contig_14404	1	134	0	133	133	1.0000000
dDocent_Contig_14409	1	134	0	133	133	1.0000000
dDocent_Contig_14417	1	134	0	133	133	1.0000000
dDocent_Contig_14418	1	134	0	133	133	1.0000000
dDocent_Contig_14423	1	134	0	133	133	1.0000000
dDocent_Contig_14427	1	134	0	133	133	1.0000000
dDocent_Contig_14428	1	134	0	133	133	1.0000000
dDocent_Contig_14429	1	134	0	133	133	1.0000000
dDocent_Contig_14430	1	134	0	133	133	1.0000000
dDocent_Contig_14431	1	134	0	133	133	1.0000000
dDocent_Contig_14432	1	134	0	133	133	1.0000000
dDocent_Contig_14434	1	134	0	133	133	1.0000000
dDocent_Contig_14435	1	134	0	133	133	1.0000000
dDocent_Contig_14449	1	134	0	133	133	1.0000000
dDocent_Contig_14453	1	134	0	133	133	1.0000000
dDocent_Contig_14463	1	134	0	133	133	1.0000000
dDocent_Contig_14464	1	134	0	133	133	1.0000000
dDocent_Contig_14466	1	134	0	133	133	1.0000000
dDocent_Contig_14467	1	134	0	133	133	1.0000000
dDocent_Contig_14468	1	134	0	133	133	1.0000000
dDocent_Contig_14469	1	134	0	133	133	1.0000000
dDocent_Contig_14470	1	134	0	133	133	1.0000000
dDocent_Contig_14479	1	134	0	133	133	1.0000000
dDocent_Contig_14481	1	134	0	133	133	1.0000000
dDocent_Contig_14482	1	134	0	133	133	1.0000000
dDocent_Contig_14489	1	134	0	133	133	1.0000000
dDocent_Contig_14490	1	134	0	133	133	1.0000000
dDocent_Contig_14491	1	134	0	133	133	1.0000000
dDocent_Contig_14495	1	134	0	133	133	1.0000000
dDocent_Contig_14511	1	134	0	133	133	1.0000000
dDocent_Contig_14514	1	134	0	133	133	1.0000000
dDocent_Contig_14524	1	134	0	133	133	1.0000000
dDocent_Contig_14529	1	134	0	133	133	1.0000000
dDocent_Contig_14532	1	134	0	133	133	1.0000000
dDocent_Contig_14539	1	134	0	133	133	1.0000000
dDocent_Contig_14540	1	134	0	133	133	1.0000000
dDocent_Contig_14544	1	134	0	133	133	1.0000000
dDocent_Contig_14548	1	134	0	133	133	1.0000000
dDocent_Contig_14549	1	134	0	133	133	1.0000000
dDocent_Contig_14551	1	134	0	133	133	1.0000000
dDocent_Contig_14552	1	134	0	133	133	1.0000000
dDocent_Contig_14553	1	134	0	133	133	1.0000000
dDocent_Contig_14554	1	134	0	133	133	1.0000000
dDocent_Contig_14555	1	134	0	133	133	1.0000000
dDocent_Contig_14556	1	134	0	133	133	1.0000000
dDocent_Contig_14557	1	134	0	133	133	1.0000000
dDocent_Contig_14561	1	134	0	133	133	1.0000000
dDocent_Contig_14563	1	134	0	133	133	1.0000000
dDocent_Contig_14566	1	134	0	133	133	1.0000000
dDocent_Contig_14572	1	134	0	133	133	1.0000000
dDocent_Contig_14587	1	134	0	133	133	1.0000000
dDocent_Contig_14590	1	134	0	133	133	1.0000000
dDocent_Contig_14599	1	134	0	133	133	1.0000000
dDocent_Contig_14600	1	134	0	133	133	1.0000000
dDocent_Contig_14603	1	134	0	133	133	1.0000000
dDocent_Contig_14611	1	134	0	133	133	1.0000000
dDocent_Contig_14630	1	134	0	133	133	1.0000000
dDocent_Contig_14637	1	134	0	133	133	1.0000000
dDocent_Contig_14639	1	134	0	133	133	1.0000000
dDocent_Contig_14664	1	134	0	133	133	1.0000000
dDocent_Contig_14667	1	134	0	133	133	1.0000000
dDocent_Contig_14670	1	134	0	133	133	1.0000000
dDocent_Contig_14687	1	134	0	133	133	1.0000000
dDocent_Contig_14697	1	134	0	133	133	1.0000000
dDocent_Contig_14699	1	134	0	133	133	1.0000000
dDocent_Contig_14710	1	134	0	133	133	1.0000000
dDocent_Contig_14724	1	134	0	133	133	1.0000000
dDocent_Contig_14727	1	134	0	133	133	1.0000000
dDocent_Contig_14733	1	134	0	133	133	1.0000000
dDocent_Contig_14742	1	134	0	133	133	1.0000000
dDocent_Contig_14743	1	134	0	133	133	1.0000000
dDocent_Contig_14753	1	134	0	133	133	1.0000000
dDocent_Contig_14754	1	134	0	133	133	1.0000000
dDocent_Contig_14764	1	134	0	133	133	1.0000000
dDocent_Contig_14769	1	134	0	133	133	1.0000000
dDocent_Contig_14772	1	134	0	133	133	1.0000000
dDocent_Contig_14777	1	134	0	133	133	1.0000000
dDocent_Contig_14778	1	134	0	133	133	1.0000000
dDocent_Contig_14782	1	134	0	133	133	1.0000000
dDocent_Contig_14793	1	134	0	133	133	1.0000000
dDocent_Contig_14796	1	134	0	133	133	1.0000000
dDocent_Contig_14799	1	134	0	133	133	1.0000000
dDocent_Contig_14802	1	134	0	133	133	1.0000000
dDocent_Contig_14807	1	134	0	133	133	1.0000000
dDocent_Contig_14810	1	134	0	133	133	1.0000000
dDocent_Contig_14812	1	134	0	133	133	1.0000000
dDocent_Contig_14819	1	134	0	133	133	1.0000000
dDocent_Contig_14820	1	134	0	133	133	1.0000000
dDocent_Contig_14831	1	134	0	133	133	1.0000000
dDocent_Contig_14838	1	134	0	133	133	1.0000000
dDocent_Contig_14849	1	134	0	133	133	1.0000000
dDocent_Contig_14864	1	134	0	133	133	1.0000000
dDocent_Contig_14869	1	134	0	133	133	1.0000000
dDocent_Contig_14881	1	134	0	133	133	1.0000000
dDocent_Contig_14902	1	134	0	133	133	1.0000000
dDocent_Contig_14926	1	134	0	133	133	1.0000000
dDocent_Contig_14936	1	134	0	133	133	1.0000000
dDocent_Contig_14944	1	134	0	133	133	1.0000000
dDocent_Contig_14963	1	134	0	133	133	1.0000000
dDocent_Contig_14987	1	134	0	133	133	1.0000000
dDocent_Contig_14988	1	134	0	133	133	1.0000000
dDocent_Contig_14990	1	134	0	133	133	1.0000000
dDocent_Contig_14992	1	134	0	133	133	1.0000000
dDocent_Contig_15003	1	134	0	133	133	1.0000000
dDocent_Contig_15004	1	134	0	133	133	1.0000000
dDocent_Contig_15007	1	134	0	133	133	1.0000000
dDocent_Contig_15013	1	134	0	133	133	1.0000000
dDocent_Contig_15020	1	134	0	133	133	1.0000000
dDocent_Contig_15024	1	134	0	133	133	1.0000000
dDocent_Contig_15028	1	134	0	133	133	1.0000000
dDocent_Contig_15038	1	134	0	133	133	1.0000000
dDocent_Contig_15039	1	134	0	133	133	1.0000000
dDocent_Contig_15040	1	134	0	133	133	1.0000000
dDocent_Contig_15048	1	134	0	133	133	1.0000000
dDocent_Contig_15050	1	134	0	133	133	1.0000000
dDocent_Contig_15054	1	134	0	133	133	1.0000000
dDocent_Contig_15068	1	134	0	133	133	1.0000000
dDocent_Contig_15088	1	134	0	133	133	1.0000000
dDocent_Contig_15090	1	134	0	133	133	1.0000000
dDocent_Contig_15091	1	134	0	133	133	1.0000000
dDocent_Contig_15097	1	134	0	133	133	1.0000000
dDocent_Contig_15101	1	134	0	133	133	1.0000000
dDocent_Contig_15102	1	134	0	133	133	1.0000000
dDocent_Contig_15117	1	134	0	133	133	1.0000000
dDocent_Contig_15122	1	134	0	133	133	1.0000000
dDocent_Contig_15134	1	134	0	133	133	1.0000000
dDocent_Contig_15145	1	134	0	133	133	1.0000000
dDocent_Contig_15180	1	134	0	133	133	1.0000000
dDocent_Contig_15186	1	134	0	133	133	1.0000000
dDocent_Contig_15201	1	134	0	133	133	1.0000000
dDocent_Contig_15209	1	134	0	133	133	1.0000000
dDocent_Contig_15210	1	134	0	133	133	1.0000000
dDocent_Contig_15211	1	134	0	133	133	1.0000000
dDocent_Contig_15212	1	134	0	133	133	1.0000000
dDocent_Contig_15216	1	134	0	133	133	1.0000000
dDocent_Contig_15218	1	134	0	133	133	1.0000000
dDocent_Contig_15224	1	134	0	133	133	1.0000000
dDocent_Contig_15229	1	134	0	133	133	1.0000000
dDocent_Contig_15235	1	134	0	133	133	1.0000000
dDocent_Contig_15236	1	134	0	133	133	1.0000000
dDocent_Contig_15240	1	134	0	133	133	1.0000000
dDocent_Contig_15250	1	134	0	133	133	1.0000000
dDocent_Contig_15258	1	134	0	133	133	1.0000000
dDocent_Contig_15259	1	134	0	133	133	1.0000000
dDocent_Contig_15260	1	134	0	133	133	1.0000000
dDocent_Contig_15263	1	134	1	8	133	0.0601504
dDocent_Contig_15263	1	134	2	67	133	0.5037594
dDocent_Contig_15263	1	134	3	35	133	0.2631579
dDocent_Contig_15263	1	134	4	23	133	0.1729323
dDocent_Contig_15273	1	134	0	133	133	1.0000000
dDocent_Contig_15278	1	134	0	133	133	1.0000000
dDocent_Contig_15280	1	134	0	133	133	1.0000000
dDocent_Contig_15282	1	134	0	133	133	1.0000000
dDocent_Contig_15285	1	134	0	133	133	1.0000000
dDocent_Contig_15291	1	134	0	133	133	1.0000000
dDocent_Contig_15292	1	134	0	133	133	1.0000000
dDocent_Contig_15294	1	134	0	133	133	1.0000000
dDocent_Contig_15296	1	134	0	133	133	1.0000000
dDocent_Contig_15302	1	134	0	133	133	1.0000000
dDocent_Contig_15305	1	134	0	133	133	1.0000000
dDocent_Contig_15306	1	134	0	133	133	1.0000000
dDocent_Contig_15320	1	134	0	133	133	1.0000000
dDocent_Contig_15324	1	134	0	133	133	1.0000000
dDocent_Contig_15326	1	134	0	133	133	1.0000000
dDocent_Contig_15327	1	134	0	133	133	1.0000000
dDocent_Contig_15331	1	134	0	133	133	1.0000000
dDocent_Contig_15332	1	134	0	133	133	1.0000000
dDocent_Contig_15334	1	134	0	133	133	1.0000000
dDocent_Contig_15338	1	134	0	133	133	1.0000000
dDocent_Contig_15339	1	134	0	133	133	1.0000000
dDocent_Contig_15350	1	134	0	133	133	1.0000000
dDocent_Contig_15353	1	134	0	133	133	1.0000000
dDocent_Contig_15359	1	134	0	133	133	1.0000000
dDocent_Contig_15371	1	134	0	133	133	1.0000000
dDocent_Contig_15373	1	134	0	133	133	1.0000000
dDocent_Contig_15374	1	134	0	133	133	1.0000000
dDocent_Contig_15376	1	134	0	133	133	1.0000000
dDocent_Contig_15377	1	134	0	133	133	1.0000000
dDocent_Contig_15384	1	134	0	133	133	1.0000000
dDocent_Contig_15387	1	134	0	6	133	0.0451128
dDocent_Contig_15387	1	134	5	117	133	0.8796992
dDocent_Contig_15387	1	134	6	1	133	0.0075188
dDocent_Contig_15387	1	134	8	1	133	0.0075188
dDocent_Contig_15387	1	134	9	1	133	0.0075188
dDocent_Contig_15387	1	134	10	7	133	0.0526316
dDocent_Contig_15393	1	134	0	133	133	1.0000000
dDocent_Contig_15396	1	134	0	133	133	1.0000000
dDocent_Contig_15398	1	134	0	133	133	1.0000000
dDocent_Contig_15399	1	134	0	133	133	1.0000000
dDocent_Contig_15404	1	134	0	133	133	1.0000000
dDocent_Contig_15412	1	134	0	133	133	1.0000000
dDocent_Contig_15414	1	134	0	133	133	1.0000000
dDocent_Contig_15417	1	134	0	133	133	1.0000000
dDocent_Contig_15418	1	134	0	133	133	1.0000000
dDocent_Contig_15419	1	134	0	133	133	1.0000000
dDocent_Contig_15421	1	134	0	133	133	1.0000000
dDocent_Contig_15422	1	134	0	133	133	1.0000000
dDocent_Contig_15425	1	134	0	133	133	1.0000000
dDocent_Contig_15432	1	134	0	133	133	1.0000000
dDocent_Contig_15439	1	134	0	133	133	1.0000000
dDocent_Contig_15440	1	134	0	133	133	1.0000000
dDocent_Contig_15441	1	134	0	133	133	1.0000000
dDocent_Contig_15442	1	134	0	133	133	1.0000000
dDocent_Contig_15455	1	134	0	133	133	1.0000000
dDocent_Contig_15456	1	134	0	133	133	1.0000000
dDocent_Contig_15458	1	134	0	133	133	1.0000000
dDocent_Contig_15463	1	134	0	133	133	1.0000000
dDocent_Contig_15464	1	134	0	133	133	1.0000000
dDocent_Contig_15466	1	134	0	133	133	1.0000000
dDocent_Contig_15467	1	134	0	133	133	1.0000000
dDocent_Contig_15501	1	134	0	133	133	1.0000000
dDocent_Contig_15506	1	134	0	133	133	1.0000000
dDocent_Contig_15507	1	134	0	133	133	1.0000000
dDocent_Contig_15517	1	134	0	133	133	1.0000000
dDocent_Contig_15524	1	134	0	133	133	1.0000000
dDocent_Contig_15525	1	134	0	133	133	1.0000000
dDocent_Contig_15526	1	134	0	133	133	1.0000000
dDocent_Contig_15533	1	134	0	133	133	1.0000000
dDocent_Contig_15535	1	134	0	133	133	1.0000000
dDocent_Contig_15537	1	134	0	81	133	0.6090226
dDocent_Contig_15537	1	134	1	52	133	0.3909774
dDocent_Contig_15543	1	134	0	133	133	1.0000000
dDocent_Contig_15544	1	134	0	63	133	0.4736842
dDocent_Contig_15544	1	134	1	70	133	0.5263158
dDocent_Contig_15549	1	134	0	133	133	1.0000000
dDocent_Contig_15562	1	134	0	133	133	1.0000000
dDocent_Contig_15568	1	134	0	133	133	1.0000000
dDocent_Contig_15569	1	134	0	133	133	1.0000000
dDocent_Contig_15571	1	134	0	133	133	1.0000000
dDocent_Contig_15573	1	134	0	133	133	1.0000000
dDocent_Contig_15579	1	134	0	133	133	1.0000000
dDocent_Contig_15581	1	134	0	133	133	1.0000000
dDocent_Contig_15610	1	134	0	133	133	1.0000000
dDocent_Contig_15617	1	134	0	133	133	1.0000000
dDocent_Contig_15620	1	134	0	133	133	1.0000000
dDocent_Contig_15621	1	134	0	133	133	1.0000000
dDocent_Contig_15622	1	134	0	133	133	1.0000000
dDocent_Contig_15627	1	134	0	133	133	1.0000000
dDocent_Contig_15629	1	134	0	133	133	1.0000000
dDocent_Contig_15642	1	134	0	133	133	1.0000000
dDocent_Contig_15646	1	134	0	133	133	1.0000000
dDocent_Contig_15647	1	134	0	133	133	1.0000000
dDocent_Contig_15657	1	134	0	133	133	1.0000000
dDocent_Contig_15659	1	134	0	133	133	1.0000000
dDocent_Contig_15667	1	134	0	133	133	1.0000000
dDocent_Contig_15670	1	134	0	133	133	1.0000000
dDocent_Contig_15680	1	134	0	133	133	1.0000000
dDocent_Contig_15689	1	134	0	133	133	1.0000000
dDocent_Contig_15690	1	134	0	133	133	1.0000000
dDocent_Contig_15692	1	134	0	133	133	1.0000000
dDocent_Contig_15694	1	134	0	133	133	1.0000000
dDocent_Contig_15711	1	134	0	133	133	1.0000000
dDocent_Contig_15712	1	134	0	133	133	1.0000000
dDocent_Contig_15713	1	134	0	133	133	1.0000000
dDocent_Contig_15716	1	134	0	133	133	1.0000000
dDocent_Contig_15717	1	134	0	133	133	1.0000000
dDocent_Contig_15718	1	134	0	133	133	1.0000000
dDocent_Contig_15719	1	134	0	133	133	1.0000000
dDocent_Contig_15733	1	134	0	133	133	1.0000000
dDocent_Contig_15750	1	134	0	133	133	1.0000000
dDocent_Contig_15754	1	134	0	133	133	1.0000000
dDocent_Contig_15768	1	134	0	133	133	1.0000000
dDocent_Contig_15770	1	134	0	133	133	1.0000000
dDocent_Contig_15772	1	134	0	133	133	1.0000000
dDocent_Contig_15778	1	134	0	133	133	1.0000000
dDocent_Contig_15784	1	134	0	133	133	1.0000000
dDocent_Contig_15789	1	134	0	133	133	1.0000000
dDocent_Contig_15792	1	134	0	133	133	1.0000000
dDocent_Contig_15795	1	134	0	133	133	1.0000000
dDocent_Contig_15796	1	134	0	133	133	1.0000000
dDocent_Contig_15799	1	134	0	133	133	1.0000000
dDocent_Contig_15821	1	134	0	133	133	1.0000000
dDocent_Contig_15842	1	134	0	133	133	1.0000000
dDocent_Contig_15846	1	134	0	133	133	1.0000000
dDocent_Contig_15856	1	134	0	133	133	1.0000000
dDocent_Contig_15857	1	134	0	133	133	1.0000000
dDocent_Contig_15860	1	134	0	133	133	1.0000000
dDocent_Contig_15863	1	134	0	133	133	1.0000000
dDocent_Contig_15864	1	134	0	133	133	1.0000000
dDocent_Contig_15893	1	134	0	133	133	1.0000000
dDocent_Contig_15901	1	134	0	133	133	1.0000000
dDocent_Contig_15902	1	134	0	133	133	1.0000000
dDocent_Contig_15908	1	134	0	133	133	1.0000000
dDocent_Contig_15912	1	134	0	133	133	1.0000000
dDocent_Contig_15926	1	134	0	133	133	1.0000000
dDocent_Contig_15928	1	134	0	133	133	1.0000000
dDocent_Contig_15931	1	134	0	133	133	1.0000000
dDocent_Contig_15936	1	134	0	133	133	1.0000000
dDocent_Contig_15938	1	134	0	133	133	1.0000000
dDocent_Contig_15944	1	134	0	133	133	1.0000000
dDocent_Contig_15949	1	134	0	133	133	1.0000000
dDocent_Contig_15955	1	134	0	133	133	1.0000000
dDocent_Contig_15957	1	134	0	133	133	1.0000000
dDocent_Contig_15958	1	134	0	133	133	1.0000000
dDocent_Contig_15960	1	134	0	133	133	1.0000000
dDocent_Contig_15963	1	134	0	133	133	1.0000000
dDocent_Contig_15967	1	134	0	133	133	1.0000000
dDocent_Contig_15968	1	134	0	133	133	1.0000000
dDocent_Contig_15973	1	134	0	133	133	1.0000000
dDocent_Contig_15977	1	134	0	133	133	1.0000000
dDocent_Contig_15982	1	134	0	133	133	1.0000000
dDocent_Contig_15983	1	134	0	133	133	1.0000000
dDocent_Contig_16005	1	134	0	133	133	1.0000000
dDocent_Contig_16007	1	134	0	133	133	1.0000000
dDocent_Contig_16008	1	134	0	133	133	1.0000000
dDocent_Contig_16010	1	134	0	133	133	1.0000000
dDocent_Contig_16012	1	134	0	133	133	1.0000000
dDocent_Contig_16014	1	134	0	133	133	1.0000000
dDocent_Contig_16015	1	134	0	133	133	1.0000000
dDocent_Contig_16024	1	134	0	133	133	1.0000000
dDocent_Contig_16026	1	134	0	133	133	1.0000000
dDocent_Contig_16027	1	134	0	133	133	1.0000000
dDocent_Contig_16029	1	134	0	133	133	1.0000000
dDocent_Contig_16031	1	134	0	133	133	1.0000000
dDocent_Contig_16033	1	134	0	133	133	1.0000000
dDocent_Contig_16041	1	134	0	133	133	1.0000000
dDocent_Contig_16042	1	134	0	133	133	1.0000000
dDocent_Contig_16046	1	134	0	133	133	1.0000000
dDocent_Contig_16056	1	134	0	133	133	1.0000000
dDocent_Contig_16064	1	134	0	133	133	1.0000000
dDocent_Contig_16066	1	134	0	133	133	1.0000000
dDocent_Contig_16067	1	134	0	133	133	1.0000000
dDocent_Contig_16070	1	134	0	133	133	1.0000000
dDocent_Contig_16077	1	134	0	133	133	1.0000000
dDocent_Contig_16078	1	134	0	133	133	1.0000000
dDocent_Contig_16081	1	134	0	133	133	1.0000000
dDocent_Contig_16086	1	134	0	133	133	1.0000000
dDocent_Contig_16089	1	134	0	133	133	1.0000000
dDocent_Contig_16100	1	134	0	133	133	1.0000000
dDocent_Contig_16124	1	134	0	133	133	1.0000000
dDocent_Contig_16131	1	134	0	133	133	1.0000000
dDocent_Contig_16134	1	134	0	133	133	1.0000000
dDocent_Contig_16140	1	134	0	133	133	1.0000000
dDocent_Contig_16142	1	134	0	133	133	1.0000000
dDocent_Contig_16146	1	134	0	133	133	1.0000000
dDocent_Contig_16156	1	134	0	133	133	1.0000000
dDocent_Contig_16157	1	134	0	133	133	1.0000000
dDocent_Contig_16162	1	134	0	133	133	1.0000000
dDocent_Contig_16166	1	134	0	133	133	1.0000000
dDocent_Contig_16184	1	134	0	133	133	1.0000000
dDocent_Contig_16185	1	134	0	133	133	1.0000000
dDocent_Contig_16186	1	134	0	133	133	1.0000000
dDocent_Contig_16191	1	134	0	133	133	1.0000000
dDocent_Contig_16192	1	134	0	133	133	1.0000000
dDocent_Contig_16194	1	134	0	133	133	1.0000000
dDocent_Contig_16205	1	134	0	133	133	1.0000000
dDocent_Contig_16208	1	134	0	133	133	1.0000000
dDocent_Contig_16209	1	134	0	133	133	1.0000000
dDocent_Contig_16210	1	134	0	133	133	1.0000000
dDocent_Contig_16213	1	134	0	133	133	1.0000000
dDocent_Contig_16224	1	134	0	133	133	1.0000000
dDocent_Contig_16236	1	134	0	133	133	1.0000000
dDocent_Contig_16240	1	134	0	133	133	1.0000000
dDocent_Contig_16241	1	134	0	133	133	1.0000000
dDocent_Contig_16243	1	134	0	133	133	1.0000000
dDocent_Contig_16262	1	134	0	133	133	1.0000000
dDocent_Contig_16265	1	134	0	133	133	1.0000000
dDocent_Contig_16283	1	134	0	133	133	1.0000000
dDocent_Contig_16284	1	134	0	133	133	1.0000000
dDocent_Contig_16287	1	134	0	133	133	1.0000000
dDocent_Contig_16294	1	134	0	133	133	1.0000000
dDocent_Contig_16295	1	134	0	133	133	1.0000000
dDocent_Contig_16296	1	134	0	133	133	1.0000000
dDocent_Contig_16297	1	134	0	133	133	1.0000000
dDocent_Contig_16298	1	134	0	34	133	0.2556391
dDocent_Contig_16298	1	134	1	99	133	0.7443609
dDocent_Contig_16300	1	134	0	133	133	1.0000000
dDocent_Contig_16301	1	134	0	133	133	1.0000000
dDocent_Contig_16304	1	134	0	35	133	0.2631579
dDocent_Contig_16304	1	134	1	88	133	0.6616541
dDocent_Contig_16304	1	134	2	10	133	0.0751880
dDocent_Contig_16306	1	134	0	133	133	1.0000000
dDocent_Contig_16307	1	134	0	133	133	1.0000000
dDocent_Contig_16309	1	134	0	133	133	1.0000000
dDocent_Contig_16312	1	134	0	40	133	0.3007519
dDocent_Contig_16312	1	134	1	93	133	0.6992481
dDocent_Contig_16318	1	134	0	133	133	1.0000000
dDocent_Contig_16320	1	134	0	133	133	1.0000000
dDocent_Contig_16321	1	134	0	133	133	1.0000000
dDocent_Contig_16323	1	134	0	133	133	1.0000000
dDocent_Contig_16328	1	134	0	133	133	1.0000000
dDocent_Contig_16331	1	134	0	133	133	1.0000000
dDocent_Contig_16336	1	134	0	133	133	1.0000000
dDocent_Contig_16337	1	134	0	133	133	1.0000000
dDocent_Contig_16338	1	134	0	133	133	1.0000000
dDocent_Contig_16340	1	134	0	133	133	1.0000000
dDocent_Contig_16342	1	134	0	133	133	1.0000000
dDocent_Contig_16344	1	134	0	133	133	1.0000000
dDocent_Contig_16346	1	134	0	133	133	1.0000000
dDocent_Contig_16348	1	134	0	133	133	1.0000000
dDocent_Contig_16352	1	134	0	133	133	1.0000000
dDocent_Contig_16353	1	134	0	133	133	1.0000000
dDocent_Contig_16355	1	134	0	133	133	1.0000000
dDocent_Contig_16363	1	134	0	133	133	1.0000000
dDocent_Contig_16364	1	134	0	133	133	1.0000000
dDocent_Contig_16366	1	134	0	133	133	1.0000000
dDocent_Contig_16367	1	134	0	133	133	1.0000000
dDocent_Contig_16369	1	134	0	133	133	1.0000000
dDocent_Contig_16370	1	134	0	133	133	1.0000000
dDocent_Contig_16371	1	134	0	133	133	1.0000000
dDocent_Contig_16374	1	134	0	133	133	1.0000000
dDocent_Contig_16375	1	134	0	133	133	1.0000000
dDocent_Contig_16391	1	134	0	133	133	1.0000000
dDocent_Contig_16398	1	134	0	133	133	1.0000000
dDocent_Contig_16402	1	134	0	133	133	1.0000000
dDocent_Contig_16407	1	134	0	133	133	1.0000000
dDocent_Contig_16423	1	134	0	133	133	1.0000000
dDocent_Contig_16424	1	134	0	133	133	1.0000000
dDocent_Contig_16427	1	134	0	133	133	1.0000000
dDocent_Contig_16430	1	134	0	133	133	1.0000000
dDocent_Contig_16432	1	134	0	133	133	1.0000000
dDocent_Contig_16435	1	134	0	133	133	1.0000000
dDocent_Contig_16439	1	134	0	133	133	1.0000000
dDocent_Contig_16442	1	134	0	133	133	1.0000000
dDocent_Contig_16472	1	134	0	133	133	1.0000000
dDocent_Contig_16487	1	134	0	133	133	1.0000000
dDocent_Contig_16493	1	134	0	133	133	1.0000000
dDocent_Contig_16509	1	134	0	133	133	1.0000000
dDocent_Contig_16517	1	134	0	133	133	1.0000000
dDocent_Contig_16532	1	134	0	133	133	1.0000000
dDocent_Contig_16536	1	134	0	133	133	1.0000000
dDocent_Contig_16541	1	134	0	133	133	1.0000000
dDocent_Contig_16542	1	134	0	133	133	1.0000000
dDocent_Contig_16551	1	134	1	32	133	0.2406015
dDocent_Contig_16551	1	134	2	101	133	0.7593985
dDocent_Contig_16552	1	134	0	133	133	1.0000000
dDocent_Contig_16553	1	134	0	133	133	1.0000000
dDocent_Contig_16574	1	134	0	133	133	1.0000000
dDocent_Contig_16577	1	134	0	133	133	1.0000000
dDocent_Contig_16581	1	134	0	133	133	1.0000000
dDocent_Contig_16589	1	134	0	133	133	1.0000000
dDocent_Contig_16591	1	134	0	133	133	1.0000000
dDocent_Contig_16595	1	134	0	133	133	1.0000000
dDocent_Contig_16603	1	134	0	133	133	1.0000000
dDocent_Contig_16609	1	134	0	133	133	1.0000000
dDocent_Contig_16612	1	134	0	133	133	1.0000000
dDocent_Contig_16616	1	134	0	133	133	1.0000000
dDocent_Contig_16617	1	134	0	133	133	1.0000000
dDocent_Contig_16619	1	134	0	133	133	1.0000000
dDocent_Contig_16633	1	134	0	133	133	1.0000000
dDocent_Contig_16638	1	134	0	133	133	1.0000000
dDocent_Contig_16663	1	134	0	133	133	1.0000000
dDocent_Contig_16672	1	134	0	133	133	1.0000000
dDocent_Contig_16676	1	134	0	133	133	1.0000000
dDocent_Contig_16680	1	134	0	133	133	1.0000000
dDocent_Contig_16700	1	134	0	133	133	1.0000000
dDocent_Contig_16709	1	134	0	133	133	1.0000000
dDocent_Contig_16715	1	134	0	133	133	1.0000000
dDocent_Contig_16721	1	134	0	133	133	1.0000000
dDocent_Contig_16724	1	134	0	133	133	1.0000000
dDocent_Contig_16725	1	134	0	133	133	1.0000000
dDocent_Contig_16729	1	134	0	133	133	1.0000000
dDocent_Contig_16730	1	134	0	133	133	1.0000000
dDocent_Contig_16737	1	134	0	133	133	1.0000000
dDocent_Contig_16743	1	134	0	133	133	1.0000000
dDocent_Contig_16746	1	134	0	133	133	1.0000000
dDocent_Contig_16747	1	134	0	133	133	1.0000000
dDocent_Contig_16748	1	134	0	133	133	1.0000000
dDocent_Contig_16749	1	134	0	133	133	1.0000000
dDocent_Contig_16780	1	134	0	133	133	1.0000000
dDocent_Contig_16781	1	134	0	133	133	1.0000000
dDocent_Contig_16782	1	134	0	6	133	0.0451128
dDocent_Contig_16782	1	134	1	50	133	0.3759398
dDocent_Contig_16782	1	134	2	49	133	0.3684210
dDocent_Contig_16782	1	134	4	28	133	0.2105263
dDocent_Contig_16783	1	134	0	133	133	1.0000000
dDocent_Contig_16785	1	134	0	133	133	1.0000000
dDocent_Contig_16786	1	134	0	133	133	1.0000000
dDocent_Contig_16800	1	134	0	133	133	1.0000000
dDocent_Contig_16801	1	134	0	133	133	1.0000000
dDocent_Contig_16817	1	134	0	133	133	1.0000000
dDocent_Contig_16821	1	134	0	133	133	1.0000000
dDocent_Contig_16822	1	134	0	133	133	1.0000000
dDocent_Contig_16830	1	134	0	133	133	1.0000000
dDocent_Contig_16831	1	134	0	133	133	1.0000000
dDocent_Contig_16833	1	134	0	133	133	1.0000000
dDocent_Contig_16848	1	134	0	133	133	1.0000000
dDocent_Contig_16850	1	134	0	133	133	1.0000000
dDocent_Contig_16853	1	134	0	133	133	1.0000000
dDocent_Contig_16862	1	134	0	133	133	1.0000000
dDocent_Contig_16875	1	134	0	133	133	1.0000000
dDocent_Contig_16877	1	134	0	133	133	1.0000000
dDocent_Contig_16886	1	134	0	133	133	1.0000000
dDocent_Contig_16887	1	134	0	133	133	1.0000000
dDocent_Contig_16888	1	134	0	133	133	1.0000000
dDocent_Contig_16892	1	134	0	133	133	1.0000000
dDocent_Contig_16900	1	134	0	133	133	1.0000000
dDocent_Contig_16904	1	134	0	133	133	1.0000000
dDocent_Contig_16907	1	134	0	133	133	1.0000000
dDocent_Contig_16920	1	134	0	133	133	1.0000000
dDocent_Contig_16921	1	134	0	133	133	1.0000000
dDocent_Contig_16923	1	134	0	133	133	1.0000000
dDocent_Contig_16941	1	134	0	133	133	1.0000000
dDocent_Contig_16943	1	134	0	133	133	1.0000000
dDocent_Contig_16944	1	134	0	133	133	1.0000000
dDocent_Contig_16945	1	134	0	133	133	1.0000000
dDocent_Contig_16952	1	134	0	133	133	1.0000000
dDocent_Contig_16954	1	134	0	133	133	1.0000000
dDocent_Contig_16969	1	134	0	133	133	1.0000000
dDocent_Contig_16973	1	134	0	133	133	1.0000000
dDocent_Contig_16977	1	134	0	133	133	1.0000000
dDocent_Contig_16978	1	134	0	133	133	1.0000000
dDocent_Contig_16982	1	134	0	133	133	1.0000000
dDocent_Contig_16983	1	134	0	133	133	1.0000000
dDocent_Contig_16984	1	134	0	133	133	1.0000000
dDocent_Contig_16991	1	134	0	133	133	1.0000000
dDocent_Contig_16993	1	134	0	133	133	1.0000000
dDocent_Contig_16994	1	134	0	133	133	1.0000000
dDocent_Contig_16996	1	134	0	133	133	1.0000000
dDocent_Contig_16998	1	134	0	133	133	1.0000000
dDocent_Contig_17000	1	134	0	133	133	1.0000000
dDocent_Contig_17002	1	134	0	133	133	1.0000000
dDocent_Contig_17004	1	134	0	133	133	1.0000000
dDocent_Contig_17005	1	134	0	133	133	1.0000000
dDocent_Contig_17006	1	134	0	133	133	1.0000000
dDocent_Contig_17016	1	134	0	133	133	1.0000000
dDocent_Contig_17021	1	134	0	133	133	1.0000000
dDocent_Contig_17023	1	134	0	133	133	1.0000000
dDocent_Contig_17033	1	134	0	133	133	1.0000000
dDocent_Contig_17042	1	134	0	133	133	1.0000000
dDocent_Contig_17060	1	134	0	133	133	1.0000000
dDocent_Contig_17061	1	134	0	133	133	1.0000000
dDocent_Contig_17064	1	134	0	133	133	1.0000000
dDocent_Contig_17066	1	134	0	133	133	1.0000000
dDocent_Contig_17067	1	134	0	133	133	1.0000000
dDocent_Contig_17069	1	134	0	133	133	1.0000000
dDocent_Contig_17073	1	134	0	133	133	1.0000000
dDocent_Contig_17075	1	134	0	133	133	1.0000000
dDocent_Contig_17078	1	134	0	133	133	1.0000000
dDocent_Contig_17089	1	134	0	133	133	1.0000000
dDocent_Contig_17090	1	134	0	133	133	1.0000000
dDocent_Contig_17091	1	134	0	133	133	1.0000000
dDocent_Contig_17095	1	134	0	133	133	1.0000000
dDocent_Contig_17100	1	134	0	133	133	1.0000000
dDocent_Contig_17110	1	134	0	133	133	1.0000000
dDocent_Contig_17111	1	134	0	133	133	1.0000000
dDocent_Contig_17123	1	134	0	133	133	1.0000000
dDocent_Contig_17127	1	134	0	133	133	1.0000000
dDocent_Contig_17134	1	134	0	133	133	1.0000000
dDocent_Contig_17136	1	134	0	133	133	1.0000000
dDocent_Contig_17139	1	134	0	133	133	1.0000000
dDocent_Contig_17141	1	134	0	133	133	1.0000000
dDocent_Contig_17142	1	134	0	133	133	1.0000000
dDocent_Contig_17144	1	134	0	133	133	1.0000000
dDocent_Contig_17152	1	134	0	133	133	1.0000000
dDocent_Contig_17155	1	134	0	133	133	1.0000000
dDocent_Contig_17156	1	134	0	133	133	1.0000000
dDocent_Contig_17160	1	134	0	133	133	1.0000000
dDocent_Contig_17163	1	134	0	133	133	1.0000000
dDocent_Contig_17164	1	134	0	133	133	1.0000000
dDocent_Contig_17165	1	134	0	133	133	1.0000000
dDocent_Contig_17170	1	134	0	133	133	1.0000000
dDocent_Contig_17175	1	134	0	133	133	1.0000000
dDocent_Contig_17176	1	134	0	133	133	1.0000000
dDocent_Contig_17177	1	134	0	133	133	1.0000000
dDocent_Contig_17188	1	134	0	133	133	1.0000000
dDocent_Contig_17189	1	134	0	133	133	1.0000000
dDocent_Contig_17192	1	134	0	133	133	1.0000000
dDocent_Contig_17193	1	134	0	133	133	1.0000000
dDocent_Contig_17194	1	134	0	133	133	1.0000000
dDocent_Contig_17201	1	134	0	133	133	1.0000000
dDocent_Contig_17213	1	134	0	133	133	1.0000000
dDocent_Contig_17218	1	134	0	133	133	1.0000000
dDocent_Contig_17219	1	134	0	133	133	1.0000000
dDocent_Contig_17220	1	134	0	133	133	1.0000000
dDocent_Contig_17229	1	134	0	133	133	1.0000000
dDocent_Contig_17231	1	134	0	133	133	1.0000000
dDocent_Contig_17232	1	134	0	133	133	1.0000000
dDocent_Contig_17234	1	134	0	133	133	1.0000000
dDocent_Contig_17237	1	134	0	133	133	1.0000000
dDocent_Contig_17257	1	134	0	133	133	1.0000000
dDocent_Contig_17268	1	134	0	133	133	1.0000000
dDocent_Contig_17269	1	134	0	133	133	1.0000000
dDocent_Contig_17273	1	134	0	133	133	1.0000000
dDocent_Contig_17274	1	134	0	133	133	1.0000000
dDocent_Contig_17280	1	134	0	133	133	1.0000000
dDocent_Contig_17292	1	134	0	133	133	1.0000000
dDocent_Contig_17295	1	134	0	133	133	1.0000000
dDocent_Contig_17296	1	134	0	133	133	1.0000000
dDocent_Contig_17298	1	134	0	133	133	1.0000000
dDocent_Contig_17299	1	134	0	133	133	1.0000000
dDocent_Contig_17304	1	134	0	133	133	1.0000000
dDocent_Contig_17307	1	134	0	133	133	1.0000000
dDocent_Contig_17308	1	134	0	133	133	1.0000000
dDocent_Contig_17310	1	134	0	133	133	1.0000000
dDocent_Contig_17316	1	134	0	133	133	1.0000000
dDocent_Contig_17319	1	134	0	133	133	1.0000000
dDocent_Contig_17320	1	134	0	133	133	1.0000000
dDocent_Contig_17321	1	134	0	133	133	1.0000000
dDocent_Contig_17328	1	134	0	133	133	1.0000000
dDocent_Contig_17333	1	134	0	133	133	1.0000000
dDocent_Contig_17336	1	134	0	133	133	1.0000000
dDocent_Contig_17337	1	134	0	133	133	1.0000000
dDocent_Contig_17341	1	134	0	133	133	1.0000000
dDocent_Contig_17348	1	134	0	133	133	1.0000000
dDocent_Contig_17349	1	134	0	133	133	1.0000000
dDocent_Contig_17365	1	134	0	133	133	1.0000000
dDocent_Contig_17368	1	134	0	133	133	1.0000000
dDocent_Contig_17374	1	134	0	133	133	1.0000000
dDocent_Contig_17375	1	134	0	133	133	1.0000000
dDocent_Contig_17377	1	134	0	133	133	1.0000000
dDocent_Contig_17384	1	134	0	133	133	1.0000000
dDocent_Contig_17385	1	134	0	133	133	1.0000000
dDocent_Contig_17388	1	134	0	133	133	1.0000000
dDocent_Contig_17389	1	134	0	133	133	1.0000000
dDocent_Contig_17390	1	134	0	133	133	1.0000000
dDocent_Contig_17393	1	134	0	133	133	1.0000000
dDocent_Contig_17396	1	134	0	133	133	1.0000000
dDocent_Contig_17407	1	134	0	133	133	1.0000000
dDocent_Contig_17409	1	134	0	133	133	1.0000000
dDocent_Contig_17413	1	134	0	133	133	1.0000000
dDocent_Contig_17415	1	134	0	133	133	1.0000000
dDocent_Contig_17417	1	134	0	133	133	1.0000000
dDocent_Contig_17421	1	134	0	133	133	1.0000000
dDocent_Contig_17422	1	134	0	133	133	1.0000000
dDocent_Contig_17423	1	134	0	133	133	1.0000000
dDocent_Contig_17428	1	134	0	133	133	1.0000000
dDocent_Contig_17429	1	134	0	133	133	1.0000000
dDocent_Contig_17434	1	134	0	133	133	1.0000000
dDocent_Contig_17435	1	134	0	133	133	1.0000000
dDocent_Contig_17442	1	134	0	133	133	1.0000000
dDocent_Contig_17444	1	134	0	133	133	1.0000000
dDocent_Contig_17446	1	134	0	133	133	1.0000000
dDocent_Contig_17447	1	134	0	133	133	1.0000000
dDocent_Contig_17452	1	134	0	133	133	1.0000000
dDocent_Contig_17456	1	134	0	133	133	1.0000000
dDocent_Contig_17461	1	134	0	133	133	1.0000000
dDocent_Contig_17471	1	134	0	133	133	1.0000000
dDocent_Contig_17472	1	134	0	133	133	1.0000000
dDocent_Contig_17483	1	134	0	133	133	1.0000000
dDocent_Contig_17489	1	134	0	133	133	1.0000000
dDocent_Contig_17491	1	134	0	133	133	1.0000000
dDocent_Contig_17498	1	134	0	8	133	0.0601504
dDocent_Contig_17498	1	134	1	125	133	0.9398496
dDocent_Contig_17500	1	134	0	133	133	1.0000000
dDocent_Contig_17502	1	134	0	133	133	1.0000000
dDocent_Contig_17503	1	134	0	133	133	1.0000000
dDocent_Contig_17509	1	134	0	133	133	1.0000000
dDocent_Contig_17515	1	134	0	133	133	1.0000000
dDocent_Contig_17522	1	134	0	133	133	1.0000000
dDocent_Contig_17523	1	134	0	133	133	1.0000000
dDocent_Contig_17526	1	134	0	133	133	1.0000000
dDocent_Contig_17530	1	134	0	133	133	1.0000000
dDocent_Contig_17536	1	134	0	133	133	1.0000000
dDocent_Contig_17559	1	134	0	133	133	1.0000000
dDocent_Contig_17562	1	134	0	133	133	1.0000000
dDocent_Contig_17571	1	134	0	133	133	1.0000000
dDocent_Contig_17576	1	134	0	133	133	1.0000000
dDocent_Contig_17608	1	134	0	133	133	1.0000000
dDocent_Contig_17609	1	134	0	133	133	1.0000000
dDocent_Contig_17611	1	134	0	133	133	1.0000000
dDocent_Contig_17613	1	134	0	133	133	1.0000000
dDocent_Contig_17617	1	134	0	133	133	1.0000000
dDocent_Contig_17642	1	134	0	133	133	1.0000000
dDocent_Contig_17650	1	134	0	133	133	1.0000000
dDocent_Contig_17658	1	134	0	133	133	1.0000000
dDocent_Contig_17659	1	134	0	133	133	1.0000000
dDocent_Contig_17671	1	134	0	133	133	1.0000000
dDocent_Contig_17676	1	134	0	133	133	1.0000000
dDocent_Contig_17677	1	134	0	133	133	1.0000000
dDocent_Contig_17681	1	134	0	133	133	1.0000000
dDocent_Contig_17686	1	134	0	133	133	1.0000000
dDocent_Contig_17692	1	134	0	133	133	1.0000000
dDocent_Contig_17700	1	134	0	133	133	1.0000000
dDocent_Contig_17711	1	134	0	133	133	1.0000000
dDocent_Contig_17712	1	134	0	133	133	1.0000000
dDocent_Contig_17715	1	134	0	133	133	1.0000000
dDocent_Contig_17716	1	134	0	133	133	1.0000000
dDocent_Contig_17722	1	134	0	133	133	1.0000000
dDocent_Contig_17730	1	134	0	133	133	1.0000000
dDocent_Contig_17739	1	134	0	133	133	1.0000000
dDocent_Contig_17740	1	134	0	133	133	1.0000000
dDocent_Contig_17766	1	134	0	133	133	1.0000000
dDocent_Contig_17767	1	134	0	133	133	1.0000000
dDocent_Contig_17775	1	134	0	133	133	1.0000000
dDocent_Contig_17777	1	134	0	133	133	1.0000000
dDocent_Contig_17790	1	134	0	133	133	1.0000000
dDocent_Contig_17792	1	134	0	133	133	1.0000000
dDocent_Contig_17796	1	134	0	133	133	1.0000000
dDocent_Contig_17804	1	134	0	133	133	1.0000000
dDocent_Contig_17813	1	134	0	133	133	1.0000000
dDocent_Contig_17817	1	134	0	133	133	1.0000000
dDocent_Contig_17818	1	134	0	133	133	1.0000000
dDocent_Contig_17829	1	134	0	133	133	1.0000000
dDocent_Contig_17834	1	134	0	133	133	1.0000000
dDocent_Contig_17835	1	134	0	133	133	1.0000000
dDocent_Contig_17848	1	134	0	133	133	1.0000000
dDocent_Contig_17849	1	134	0	133	133	1.0000000
dDocent_Contig_17860	1	134	0	133	133	1.0000000
dDocent_Contig_17861	1	134	0	133	133	1.0000000
dDocent_Contig_17867	1	134	0	133	133	1.0000000
dDocent_Contig_17871	1	134	0	133	133	1.0000000
dDocent_Contig_17898	1	134	0	133	133	1.0000000
dDocent_Contig_17903	1	134	0	133	133	1.0000000
dDocent_Contig_17931	1	134	0	133	133	1.0000000
dDocent_Contig_17937	1	134	0	133	133	1.0000000
dDocent_Contig_17938	1	134	0	133	133	1.0000000
dDocent_Contig_17949	1	134	0	133	133	1.0000000
dDocent_Contig_17950	1	134	0	133	133	1.0000000
dDocent_Contig_17963	1	134	0	133	133	1.0000000
dDocent_Contig_17968	1	134	0	133	133	1.0000000
dDocent_Contig_17970	1	134	0	133	133	1.0000000
dDocent_Contig_17982	1	134	0	133	133	1.0000000
dDocent_Contig_17995	1	134	0	133	133	1.0000000
dDocent_Contig_17996	1	134	0	133	133	1.0000000
dDocent_Contig_18003	1	134	0	133	133	1.0000000
dDocent_Contig_18004	1	134	0	133	133	1.0000000
dDocent_Contig_18011	1	134	0	133	133	1.0000000
dDocent_Contig_18012	1	134	0	133	133	1.0000000
dDocent_Contig_18013	1	134	0	133	133	1.0000000
dDocent_Contig_18023	1	134	0	133	133	1.0000000
dDocent_Contig_18036	1	134	0	133	133	1.0000000
dDocent_Contig_18038	1	134	0	133	133	1.0000000
dDocent_Contig_18042	1	134	0	133	133	1.0000000
dDocent_Contig_18043	1	134	0	133	133	1.0000000
dDocent_Contig_18048	1	134	0	133	133	1.0000000
dDocent_Contig_18053	1	134	0	133	133	1.0000000
dDocent_Contig_18080	1	134	0	133	133	1.0000000
dDocent_Contig_18083	1	134	0	133	133	1.0000000
dDocent_Contig_18088	1	134	0	133	133	1.0000000
dDocent_Contig_18089	1	134	0	133	133	1.0000000
dDocent_Contig_18091	1	134	0	133	133	1.0000000
dDocent_Contig_18093	1	134	0	133	133	1.0000000
dDocent_Contig_18097	1	134	0	133	133	1.0000000
dDocent_Contig_18107	1	134	0	133	133	1.0000000
dDocent_Contig_18108	1	134	0	133	133	1.0000000
dDocent_Contig_18109	1	134	0	133	133	1.0000000
dDocent_Contig_18110	1	134	0	133	133	1.0000000
dDocent_Contig_18118	1	134	0	133	133	1.0000000
dDocent_Contig_18124	1	134	0	133	133	1.0000000
dDocent_Contig_18132	1	134	0	133	133	1.0000000
dDocent_Contig_18138	1	134	0	133	133	1.0000000
dDocent_Contig_18141	1	134	0	133	133	1.0000000
dDocent_Contig_18153	1	134	0	133	133	1.0000000
dDocent_Contig_18154	1	134	0	133	133	1.0000000
dDocent_Contig_18160	1	134	0	133	133	1.0000000
dDocent_Contig_18183	1	134	0	133	133	1.0000000
dDocent_Contig_18187	1	134	0	133	133	1.0000000
dDocent_Contig_18188	1	134	0	133	133	1.0000000
dDocent_Contig_18203	1	134	0	133	133	1.0000000
dDocent_Contig_18206	1	134	0	133	133	1.0000000
dDocent_Contig_18209	1	134	0	133	133	1.0000000
dDocent_Contig_18211	1	134	0	133	133	1.0000000
dDocent_Contig_18212	1	134	0	133	133	1.0000000
dDocent_Contig_18223	1	134	0	133	133	1.0000000
dDocent_Contig_18227	1	134	0	133	133	1.0000000
dDocent_Contig_18231	1	134	0	133	133	1.0000000
dDocent_Contig_18235	1	134	0	133	133	1.0000000
dDocent_Contig_18242	1	134	0	133	133	1.0000000
dDocent_Contig_18252	1	134	0	133	133	1.0000000
dDocent_Contig_18253	1	134	0	133	133	1.0000000
dDocent_Contig_18254	1	134	0	133	133	1.0000000
dDocent_Contig_18259	1	134	0	133	133	1.0000000
dDocent_Contig_18261	1	134	0	133	133	1.0000000
dDocent_Contig_18272	1	134	0	133	133	1.0000000
dDocent_Contig_18273	1	134	0	133	133	1.0000000
dDocent_Contig_18274	1	134	0	133	133	1.0000000
dDocent_Contig_18275	1	134	0	133	133	1.0000000
dDocent_Contig_18295	1	134	0	133	133	1.0000000
dDocent_Contig_18297	1	134	0	133	133	1.0000000
dDocent_Contig_18300	1	134	0	133	133	1.0000000
dDocent_Contig_18317	1	134	0	133	133	1.0000000
dDocent_Contig_18318	1	134	0	133	133	1.0000000
dDocent_Contig_18321	1	134	0	133	133	1.0000000
dDocent_Contig_18331	1	134	0	133	133	1.0000000
dDocent_Contig_18336	1	134	0	133	133	1.0000000
dDocent_Contig_18350	1	134	0	133	133	1.0000000
dDocent_Contig_18353	1	134	0	133	133	1.0000000
dDocent_Contig_18354	1	134	0	133	133	1.0000000
dDocent_Contig_18359	1	134	0	133	133	1.0000000
dDocent_Contig_18370	1	134	0	133	133	1.0000000
dDocent_Contig_18371	1	134	0	133	133	1.0000000
dDocent_Contig_18372	1	134	0	133	133	1.0000000
dDocent_Contig_18376	1	134	0	133	133	1.0000000
dDocent_Contig_18385	1	134	0	133	133	1.0000000
dDocent_Contig_18391	1	134	0	133	133	1.0000000
dDocent_Contig_18394	1	134	0	133	133	1.0000000
dDocent_Contig_18410	1	134	0	133	133	1.0000000
dDocent_Contig_18421	1	134	0	133	133	1.0000000
dDocent_Contig_18432	1	134	0	133	133	1.0000000
dDocent_Contig_18433	1	134	0	133	133	1.0000000
dDocent_Contig_18437	1	134	0	133	133	1.0000000
dDocent_Contig_18439	1	134	0	133	133	1.0000000
dDocent_Contig_18440	1	134	0	133	133	1.0000000
dDocent_Contig_18443	1	134	0	133	133	1.0000000
dDocent_Contig_18447	1	134	0	133	133	1.0000000
dDocent_Contig_18456	1	134	0	133	133	1.0000000
dDocent_Contig_18457	1	134	0	133	133	1.0000000
dDocent_Contig_18479	1	134	0	133	133	1.0000000
dDocent_Contig_18480	1	134	0	133	133	1.0000000
dDocent_Contig_18492	1	134	0	133	133	1.0000000
dDocent_Contig_18498	1	134	0	133	133	1.0000000
dDocent_Contig_18499	1	134	0	133	133	1.0000000
dDocent_Contig_18504	1	134	0	133	133	1.0000000
dDocent_Contig_18505	1	134	0	133	133	1.0000000
dDocent_Contig_18509	1	134	0	133	133	1.0000000
dDocent_Contig_18510	1	134	0	133	133	1.0000000
dDocent_Contig_18511	1	134	0	133	133	1.0000000
dDocent_Contig_18519	1	134	0	133	133	1.0000000
dDocent_Contig_18529	1	134	0	133	133	1.0000000
dDocent_Contig_18551	1	134	0	133	133	1.0000000
dDocent_Contig_18560	1	134	0	133	133	1.0000000
dDocent_Contig_18562	1	134	0	133	133	1.0000000
dDocent_Contig_18567	1	134	0	133	133	1.0000000
dDocent_Contig_18568	1	134	0	133	133	1.0000000
dDocent_Contig_18569	1	134	0	133	133	1.0000000
dDocent_Contig_18605	1	134	0	133	133	1.0000000
dDocent_Contig_18607	1	134	0	133	133	1.0000000
dDocent_Contig_18620	1	134	0	133	133	1.0000000
dDocent_Contig_18625	1	134	0	133	133	1.0000000
dDocent_Contig_18627	1	134	0	133	133	1.0000000
dDocent_Contig_18632	1	134	0	133	133	1.0000000
dDocent_Contig_18633	1	134	0	133	133	1.0000000
dDocent_Contig_18634	1	134	0	133	133	1.0000000
dDocent_Contig_18635	1	134	0	133	133	1.0000000
dDocent_Contig_18638	1	134	0	133	133	1.0000000
dDocent_Contig_18640	1	134	0	133	133	1.0000000
dDocent_Contig_18641	1	134	0	133	133	1.0000000
dDocent_Contig_18646	1	134	0	133	133	1.0000000
dDocent_Contig_18669	1	134	0	133	133	1.0000000
dDocent_Contig_18670	1	134	0	133	133	1.0000000
dDocent_Contig_18671	1	134	0	133	133	1.0000000
dDocent_Contig_18678	1	134	0	133	133	1.0000000
dDocent_Contig_18681	1	134	0	133	133	1.0000000
dDocent_Contig_18687	1	134	0	70	133	0.5263158
dDocent_Contig_18687	1	134	1	63	133	0.4736842
dDocent_Contig_18688	1	134	0	133	133	1.0000000
dDocent_Contig_18693	1	134	0	133	133	1.0000000
dDocent_Contig_18694	1	134	0	133	133	1.0000000
dDocent_Contig_18717	1	134	0	133	133	1.0000000
dDocent_Contig_18726	1	134	0	133	133	1.0000000
dDocent_Contig_18735	1	134	0	133	133	1.0000000
dDocent_Contig_18738	1	134	0	133	133	1.0000000
dDocent_Contig_18739	1	134	0	133	133	1.0000000
dDocent_Contig_18747	1	134	0	133	133	1.0000000
dDocent_Contig_18750	1	134	0	133	133	1.0000000
dDocent_Contig_18751	1	134	0	133	133	1.0000000
dDocent_Contig_18755	1	134	0	133	133	1.0000000
dDocent_Contig_18756	1	134	0	133	133	1.0000000
dDocent_Contig_18757	1	134	0	133	133	1.0000000
dDocent_Contig_18759	1	134	0	133	133	1.0000000
dDocent_Contig_18768	1	134	0	133	133	1.0000000
dDocent_Contig_18791	1	134	0	133	133	1.0000000
dDocent_Contig_18799	1	134	0	133	133	1.0000000
dDocent_Contig_18823	1	134	0	133	133	1.0000000
dDocent_Contig_18827	1	134	0	22	133	0.1654135
dDocent_Contig_18827	1	134	2	111	133	0.8345864
dDocent_Contig_18832	1	134	0	133	133	1.0000000
dDocent_Contig_18846	1	134	0	133	133	1.0000000
dDocent_Contig_18849	1	134	0	133	133	1.0000000
dDocent_Contig_18850	1	134	0	133	133	1.0000000
dDocent_Contig_18853	1	134	0	133	133	1.0000000
dDocent_Contig_18860	1	134	0	133	133	1.0000000
dDocent_Contig_18861	1	134	0	133	133	1.0000000
dDocent_Contig_18862	1	134	0	133	133	1.0000000
dDocent_Contig_18863	1	134	0	133	133	1.0000000
dDocent_Contig_18865	1	134	0	133	133	1.0000000
dDocent_Contig_18871	1	134	0	133	133	1.0000000
dDocent_Contig_18880	1	134	0	133	133	1.0000000
dDocent_Contig_18883	1	134	0	133	133	1.0000000
dDocent_Contig_18888	1	134	0	133	133	1.0000000
dDocent_Contig_18890	1	134	0	133	133	1.0000000
dDocent_Contig_18891	1	134	0	133	133	1.0000000
dDocent_Contig_18892	1	134	0	133	133	1.0000000
dDocent_Contig_18893	1	134	0	133	133	1.0000000
dDocent_Contig_18894	1	134	0	133	133	1.0000000
dDocent_Contig_18898	1	134	0	133	133	1.0000000
dDocent_Contig_18903	1	134	0	133	133	1.0000000
dDocent_Contig_18906	1	134	0	133	133	1.0000000
dDocent_Contig_18907	1	134	0	133	133	1.0000000
dDocent_Contig_18908	1	134	0	33	133	0.2481203
dDocent_Contig_18908	1	134	2	100	133	0.7518797
dDocent_Contig_18910	1	134	0	133	133	1.0000000
dDocent_Contig_18911	1	134	0	133	133	1.0000000
dDocent_Contig_18917	1	134	0	133	133	1.0000000
dDocent_Contig_18918	1	134	0	133	133	1.0000000
dDocent_Contig_18927	1	134	0	133	133	1.0000000
dDocent_Contig_18934	1	134	0	133	133	1.0000000
dDocent_Contig_18937	1	134	0	133	133	1.0000000
dDocent_Contig_18941	1	134	0	133	133	1.0000000
dDocent_Contig_18942	1	134	0	133	133	1.0000000
dDocent_Contig_18946	1	134	0	133	133	1.0000000
dDocent_Contig_18947	1	134	0	133	133	1.0000000
dDocent_Contig_18952	1	134	0	133	133	1.0000000
dDocent_Contig_18953	1	134	0	133	133	1.0000000
dDocent_Contig_18954	1	134	0	133	133	1.0000000
dDocent_Contig_18955	1	134	0	133	133	1.0000000
dDocent_Contig_18970	1	134	0	133	133	1.0000000
dDocent_Contig_18971	1	134	0	133	133	1.0000000
dDocent_Contig_18974	1	134	0	133	133	1.0000000
dDocent_Contig_18975	1	134	0	133	133	1.0000000
dDocent_Contig_18986	1	134	0	133	133	1.0000000
dDocent_Contig_18987	1	134	0	133	133	1.0000000
dDocent_Contig_18992	1	134	0	133	133	1.0000000
dDocent_Contig_18994	1	134	0	133	133	1.0000000
dDocent_Contig_19005	1	134	0	133	133	1.0000000
dDocent_Contig_19008	1	134	0	133	133	1.0000000
dDocent_Contig_19013	1	134	0	133	133	1.0000000
dDocent_Contig_19021	1	134	0	133	133	1.0000000
dDocent_Contig_19022	1	134	0	133	133	1.0000000
dDocent_Contig_19023	1	134	0	133	133	1.0000000
dDocent_Contig_19024	1	134	0	133	133	1.0000000
dDocent_Contig_19029	1	134	0	133	133	1.0000000
dDocent_Contig_19030	1	134	0	133	133	1.0000000
dDocent_Contig_19031	1	134	0	133	133	1.0000000
dDocent_Contig_19033	1	134	0	133	133	1.0000000
dDocent_Contig_19034	1	134	0	133	133	1.0000000
dDocent_Contig_19036	1	134	0	133	133	1.0000000
dDocent_Contig_19038	1	134	0	133	133	1.0000000
dDocent_Contig_19043	1	134	0	133	133	1.0000000
dDocent_Contig_19047	1	134	0	133	133	1.0000000
dDocent_Contig_19056	1	134	0	133	133	1.0000000
dDocent_Contig_19057	1	134	0	133	133	1.0000000
dDocent_Contig_19058	1	134	0	133	133	1.0000000
dDocent_Contig_19061	1	134	0	133	133	1.0000000
dDocent_Contig_19063	1	134	0	133	133	1.0000000
dDocent_Contig_19068	1	134	0	133	133	1.0000000
dDocent_Contig_19071	1	134	0	133	133	1.0000000
dDocent_Contig_19075	1	134	0	133	133	1.0000000
dDocent_Contig_19076	1	134	0	133	133	1.0000000
dDocent_Contig_19080	1	134	0	133	133	1.0000000
dDocent_Contig_19081	1	134	0	133	133	1.0000000
dDocent_Contig_19084	1	134	0	133	133	1.0000000
dDocent_Contig_19092	1	134	0	133	133	1.0000000
dDocent_Contig_19093	1	134	0	133	133	1.0000000
dDocent_Contig_19098	1	134	0	133	133	1.0000000
dDocent_Contig_19099	1	134	0	133	133	1.0000000
dDocent_Contig_19201	1	134	0	133	133	1.0000000
dDocent_Contig_19203	1	134	0	133	133	1.0000000
dDocent_Contig_19206	1	134	0	133	133	1.0000000
dDocent_Contig_19208	1	134	0	133	133	1.0000000
dDocent_Contig_19209	1	134	0	133	133	1.0000000
dDocent_Contig_19213	1	134	0	133	133	1.0000000
dDocent_Contig_19214	1	134	0	133	133	1.0000000
dDocent_Contig_19223	1	134	0	133	133	1.0000000
dDocent_Contig_19226	1	134	0	133	133	1.0000000
dDocent_Contig_19228	1	134	0	133	133	1.0000000
dDocent_Contig_19229	1	134	0	133	133	1.0000000
dDocent_Contig_19233	1	134	0	133	133	1.0000000
dDocent_Contig_19234	1	134	0	133	133	1.0000000
dDocent_Contig_19236	1	134	0	133	133	1.0000000
dDocent_Contig_19248	1	134	0	133	133	1.0000000
dDocent_Contig_19249	1	134	0	133	133	1.0000000
dDocent_Contig_19252	1	134	0	133	133	1.0000000
dDocent_Contig_19261	1	134	0	133	133	1.0000000
dDocent_Contig_19262	1	134	0	133	133	1.0000000
dDocent_Contig_19267	1	134	0	133	133	1.0000000
dDocent_Contig_19269	1	134	0	133	133	1.0000000
dDocent_Contig_19280	1	134	0	133	133	1.0000000
dDocent_Contig_19288	1	134	0	133	133	1.0000000
dDocent_Contig_19289	1	134	0	133	133	1.0000000
dDocent_Contig_19292	1	134	0	133	133	1.0000000
dDocent_Contig_19296	1	134	0	133	133	1.0000000
dDocent_Contig_19297	1	134	0	133	133	1.0000000
dDocent_Contig_19304	1	134	0	133	133	1.0000000
dDocent_Contig_19313	1	134	0	133	133	1.0000000
dDocent_Contig_19314	1	134	0	133	133	1.0000000
dDocent_Contig_19339	1	134	0	133	133	1.0000000
dDocent_Contig_19345	1	134	0	133	133	1.0000000
dDocent_Contig_19346	1	134	0	133	133	1.0000000
dDocent_Contig_19347	1	134	0	133	133	1.0000000
dDocent_Contig_19348	1	134	0	133	133	1.0000000
dDocent_Contig_19351	1	134	0	133	133	1.0000000
dDocent_Contig_19358	1	134	0	129	133	0.9699248
dDocent_Contig_19358	1	134	1	4	133	0.0300752
dDocent_Contig_19361	1	134	0	133	133	1.0000000
dDocent_Contig_19371	1	134	0	133	133	1.0000000
dDocent_Contig_19377	1	134	0	133	133	1.0000000
dDocent_Contig_19379	1	134	0	133	133	1.0000000
dDocent_Contig_19380	1	134	0	31	133	0.2330827
dDocent_Contig_19380	1	134	1	102	133	0.7669173
dDocent_Contig_19381	1	134	0	133	133	1.0000000
dDocent_Contig_19383	1	134	0	133	133	1.0000000
dDocent_Contig_19384	1	134	0	133	133	1.0000000
dDocent_Contig_19388	1	134	0	133	133	1.0000000
dDocent_Contig_19402	1	134	0	133	133	1.0000000
dDocent_Contig_19404	1	134	0	133	133	1.0000000
dDocent_Contig_19415	1	134	0	133	133	1.0000000
dDocent_Contig_19420	1	134	0	133	133	1.0000000
dDocent_Contig_19423	1	134	0	133	133	1.0000000
dDocent_Contig_19424	1	134	0	133	133	1.0000000
dDocent_Contig_19425	1	134	0	133	133	1.0000000
dDocent_Contig_19429	1	134	0	133	133	1.0000000
dDocent_Contig_19433	1	134	0	133	133	1.0000000
dDocent_Contig_19434	1	134	0	133	133	1.0000000
dDocent_Contig_19435	1	134	0	133	133	1.0000000
dDocent_Contig_19437	1	134	0	133	133	1.0000000
dDocent_Contig_19444	1	134	0	9	133	0.0676692
dDocent_Contig_19444	1	134	1	124	133	0.9323308
dDocent_Contig_19447	1	134	0	133	133	1.0000000
dDocent_Contig_19460	1	134	0	133	133	1.0000000
dDocent_Contig_19463	1	134	0	133	133	1.0000000
dDocent_Contig_19469	1	134	0	133	133	1.0000000
dDocent_Contig_19487	1	134	0	133	133	1.0000000
dDocent_Contig_19488	1	134	0	133	133	1.0000000
dDocent_Contig_19493	1	134	0	133	133	1.0000000
dDocent_Contig_19495	1	134	0	133	133	1.0000000
dDocent_Contig_19497	1	134	0	133	133	1.0000000
dDocent_Contig_19498	1	134	0	133	133	1.0000000
dDocent_Contig_19511	1	134	0	133	133	1.0000000
dDocent_Contig_19512	1	134	0	133	133	1.0000000
dDocent_Contig_19514	1	134	0	133	133	1.0000000
dDocent_Contig_19517	1	134	0	133	133	1.0000000
dDocent_Contig_19518	1	134	0	133	133	1.0000000
dDocent_Contig_19519	1	134	0	133	133	1.0000000
dDocent_Contig_19520	1	134	0	133	133	1.0000000
dDocent_Contig_19523	1	134	0	133	133	1.0000000
dDocent_Contig_19524	1	134	0	133	133	1.0000000
dDocent_Contig_19530	1	134	0	133	133	1.0000000
dDocent_Contig_19532	1	134	0	133	133	1.0000000
dDocent_Contig_19536	1	134	0	133	133	1.0000000
dDocent_Contig_19546	1	134	0	133	133	1.0000000
dDocent_Contig_19547	1	134	0	133	133	1.0000000
dDocent_Contig_19550	1	134	1	62	133	0.4661654
dDocent_Contig_19550	1	134	3	71	133	0.5338346
dDocent_Contig_19564	1	134	0	133	133	1.0000000
dDocent_Contig_19566	1	134	0	133	133	1.0000000
dDocent_Contig_19573	1	134	0	133	133	1.0000000
dDocent_Contig_19577	1	134	0	133	133	1.0000000
dDocent_Contig_19579	1	134	0	133	133	1.0000000
dDocent_Contig_19582	1	134	0	133	133	1.0000000
dDocent_Contig_19584	1	134	0	133	133	1.0000000
dDocent_Contig_19585	1	134	0	133	133	1.0000000
dDocent_Contig_19591	1	134	0	133	133	1.0000000
dDocent_Contig_19595	1	134	0	133	133	1.0000000
dDocent_Contig_19597	1	134	0	133	133	1.0000000
dDocent_Contig_19604	1	134	0	133	133	1.0000000
dDocent_Contig_19605	1	134	0	133	133	1.0000000
dDocent_Contig_19610	1	134	0	133	133	1.0000000
dDocent_Contig_19611	1	134	0	133	133	1.0000000
dDocent_Contig_19612	1	134	0	133	133	1.0000000
dDocent_Contig_19613	1	134	0	133	133	1.0000000
dDocent_Contig_19614	1	134	0	133	133	1.0000000
dDocent_Contig_19619	1	134	0	133	133	1.0000000
dDocent_Contig_19636	1	134	0	133	133	1.0000000
dDocent_Contig_19638	1	134	0	133	133	1.0000000
dDocent_Contig_19641	1	134	0	133	133	1.0000000
dDocent_Contig_19645	1	134	0	133	133	1.0000000
dDocent_Contig_19649	1	134	0	133	133	1.0000000
dDocent_Contig_19651	1	134	0	133	133	1.0000000
dDocent_Contig_19652	1	134	0	133	133	1.0000000
dDocent_Contig_19657	1	134	0	133	133	1.0000000
dDocent_Contig_19659	1	134	0	133	133	1.0000000
dDocent_Contig_19665	1	134	0	133	133	1.0000000
dDocent_Contig_19679	1	134	0	133	133	1.0000000
dDocent_Contig_19688	1	134	0	133	133	1.0000000
dDocent_Contig_19690	1	134	0	133	133	1.0000000
dDocent_Contig_19697	1	134	0	133	133	1.0000000
dDocent_Contig_19698	1	134	0	133	133	1.0000000
dDocent_Contig_19705	1	134	0	133	133	1.0000000
dDocent_Contig_19706	1	134	0	133	133	1.0000000
dDocent_Contig_19707	1	134	0	133	133	1.0000000
dDocent_Contig_19708	1	134	0	133	133	1.0000000
dDocent_Contig_19709	1	134	0	133	133	1.0000000
dDocent_Contig_19720	1	134	0	133	133	1.0000000
dDocent_Contig_19730	1	134	0	133	133	1.0000000
dDocent_Contig_19731	1	134	0	133	133	1.0000000
dDocent_Contig_19733	1	134	0	133	133	1.0000000
dDocent_Contig_19734	1	134	0	133	133	1.0000000
dDocent_Contig_19735	1	134	0	133	133	1.0000000
dDocent_Contig_19736	1	134	0	133	133	1.0000000
dDocent_Contig_19737	1	134	0	133	133	1.0000000
dDocent_Contig_19738	1	134	0	133	133	1.0000000
dDocent_Contig_19740	1	134	0	133	133	1.0000000
dDocent_Contig_19743	1	134	0	133	133	1.0000000
dDocent_Contig_19758	1	134	0	133	133	1.0000000
dDocent_Contig_19764	1	134	0	133	133	1.0000000
dDocent_Contig_19765	1	134	0	133	133	1.0000000
dDocent_Contig_19767	1	134	0	133	133	1.0000000
dDocent_Contig_19771	1	134	0	133	133	1.0000000
dDocent_Contig_19774	1	134	0	133	133	1.0000000
dDocent_Contig_19778	1	134	0	133	133	1.0000000
dDocent_Contig_19779	1	134	0	133	133	1.0000000
dDocent_Contig_19780	1	134	0	133	133	1.0000000
dDocent_Contig_19781	1	134	0	133	133	1.0000000
dDocent_Contig_19783	1	134	0	133	133	1.0000000
dDocent_Contig_19784	1	134	0	133	133	1.0000000
dDocent_Contig_19797	1	134	0	133	133	1.0000000
dDocent_Contig_19807	1	134	0	133	133	1.0000000
dDocent_Contig_19809	1	134	0	133	133	1.0000000
dDocent_Contig_19810	1	134	0	133	133	1.0000000
dDocent_Contig_19813	1	134	0	133	133	1.0000000
dDocent_Contig_19823	1	134	0	133	133	1.0000000
dDocent_Contig_19824	1	134	0	133	133	1.0000000
dDocent_Contig_19825	1	134	0	133	133	1.0000000
dDocent_Contig_19827	1	134	0	133	133	1.0000000
dDocent_Contig_19830	1	134	0	133	133	1.0000000
dDocent_Contig_19834	1	134	0	133	133	1.0000000
dDocent_Contig_19837	1	134	0	133	133	1.0000000
dDocent_Contig_19842	1	134	0	133	133	1.0000000
dDocent_Contig_19844	1	134	0	133	133	1.0000000
dDocent_Contig_19845	1	134	0	133	133	1.0000000
dDocent_Contig_19848	1	134	0	133	133	1.0000000
dDocent_Contig_19853	1	134	0	133	133	1.0000000
dDocent_Contig_19854	1	134	0	133	133	1.0000000
dDocent_Contig_19856	1	134	0	133	133	1.0000000
dDocent_Contig_19859	1	134	0	133	133	1.0000000
dDocent_Contig_19862	1	134	0	133	133	1.0000000
dDocent_Contig_19881	1	134	0	133	133	1.0000000
dDocent_Contig_19882	1	134	0	133	133	1.0000000
dDocent_Contig_19883	1	134	0	133	133	1.0000000
dDocent_Contig_19885	1	134	0	133	133	1.0000000
dDocent_Contig_19889	1	134	0	133	133	1.0000000
dDocent_Contig_19891	1	134	0	133	133	1.0000000
dDocent_Contig_19903	1	134	0	133	133	1.0000000
dDocent_Contig_19905	1	134	0	133	133	1.0000000
dDocent_Contig_19908	1	134	0	133	133	1.0000000
dDocent_Contig_19916	1	134	0	133	133	1.0000000
dDocent_Contig_19920	1	134	0	133	133	1.0000000
dDocent_Contig_19925	1	134	0	133	133	1.0000000
dDocent_Contig_19927	1	134	0	133	133	1.0000000
dDocent_Contig_19929	1	134	0	133	133	1.0000000
dDocent_Contig_19932	1	134	0	133	133	1.0000000
dDocent_Contig_19937	1	134	0	133	133	1.0000000
dDocent_Contig_19939	1	134	0	133	133	1.0000000
dDocent_Contig_19943	1	134	0	133	133	1.0000000
dDocent_Contig_19944	1	134	0	133	133	1.0000000
dDocent_Contig_19953	1	134	0	133	133	1.0000000
dDocent_Contig_19954	1	134	0	133	133	1.0000000
dDocent_Contig_19955	1	134	0	133	133	1.0000000
dDocent_Contig_19956	1	134	0	133	133	1.0000000
dDocent_Contig_19957	1	134	0	133	133	1.0000000
dDocent_Contig_19958	1	134	0	133	133	1.0000000
dDocent_Contig_19960	1	134	0	133	133	1.0000000
dDocent_Contig_19965	1	134	0	133	133	1.0000000
dDocent_Contig_19969	1	134	0	133	133	1.0000000
dDocent_Contig_19972	1	134	0	133	133	1.0000000
dDocent_Contig_19974	1	134	0	133	133	1.0000000
dDocent_Contig_19981	1	134	0	133	133	1.0000000
dDocent_Contig_19996	1	134	0	133	133	1.0000000
dDocent_Contig_20003	1	134	0	133	133	1.0000000
dDocent_Contig_20005	1	134	0	133	133	1.0000000
dDocent_Contig_20007	1	134	0	133	133	1.0000000
dDocent_Contig_20019	1	134	0	133	133	1.0000000
dDocent_Contig_20034	1	134	0	133	133	1.0000000
dDocent_Contig_20043	1	134	0	133	133	1.0000000
dDocent_Contig_20044	1	134	0	133	133	1.0000000
dDocent_Contig_20056	1	134	0	133	133	1.0000000
dDocent_Contig_20060	1	134	0	133	133	1.0000000
dDocent_Contig_20064	1	134	0	133	133	1.0000000
dDocent_Contig_20065	1	134	0	133	133	1.0000000
dDocent_Contig_20078	1	134	0	133	133	1.0000000
dDocent_Contig_20084	1	134	0	133	133	1.0000000
dDocent_Contig_20086	1	134	0	133	133	1.0000000
dDocent_Contig_20089	1	134	0	133	133	1.0000000
dDocent_Contig_20093	1	134	0	133	133	1.0000000
dDocent_Contig_20094	1	134	0	133	133	1.0000000
dDocent_Contig_20100	1	134	0	133	133	1.0000000
dDocent_Contig_20109	1	134	0	133	133	1.0000000
dDocent_Contig_20111	1	134	0	133	133	1.0000000
dDocent_Contig_20114	1	134	0	133	133	1.0000000
dDocent_Contig_20116	1	134	0	133	133	1.0000000
dDocent_Contig_20131	1	134	0	133	133	1.0000000
dDocent_Contig_20135	1	134	0	133	133	1.0000000
dDocent_Contig_20141	1	134	0	133	133	1.0000000
dDocent_Contig_20150	1	134	0	133	133	1.0000000
dDocent_Contig_20164	1	134	0	133	133	1.0000000
dDocent_Contig_20179	1	134	0	133	133	1.0000000
dDocent_Contig_20181	1	134	0	133	133	1.0000000
dDocent_Contig_20183	1	134	0	133	133	1.0000000
dDocent_Contig_20187	1	134	0	133	133	1.0000000
dDocent_Contig_20191	1	134	0	133	133	1.0000000
dDocent_Contig_20201	1	134	0	133	133	1.0000000
dDocent_Contig_20202	1	134	0	26	133	0.1954887
dDocent_Contig_20202	1	134	1	107	133	0.8045112
dDocent_Contig_20204	1	134	0	133	133	1.0000000
dDocent_Contig_20205	1	134	0	133	133	1.0000000
dDocent_Contig_20206	1	134	0	133	133	1.0000000
dDocent_Contig_20210	1	134	0	133	133	1.0000000
dDocent_Contig_20211	1	134	0	133	133	1.0000000
dDocent_Contig_20213	1	134	0	133	133	1.0000000
dDocent_Contig_20223	1	134	0	133	133	1.0000000
dDocent_Contig_20224	1	134	0	133	133	1.0000000
dDocent_Contig_20225	1	134	0	133	133	1.0000000
dDocent_Contig_20229	1	134	0	133	133	1.0000000
dDocent_Contig_20234	1	134	0	133	133	1.0000000
dDocent_Contig_20238	1	134	0	133	133	1.0000000
dDocent_Contig_20247	1	134	0	133	133	1.0000000
dDocent_Contig_20248	1	134	0	133	133	1.0000000
dDocent_Contig_20251	1	134	0	133	133	1.0000000
dDocent_Contig_20253	1	134	0	133	133	1.0000000
dDocent_Contig_20256	1	134	0	133	133	1.0000000
dDocent_Contig_20263	1	134	0	133	133	1.0000000
dDocent_Contig_20264	1	134	0	133	133	1.0000000
dDocent_Contig_20267	1	134	0	133	133	1.0000000
dDocent_Contig_20268	1	134	0	133	133	1.0000000
dDocent_Contig_20274	1	134	0	133	133	1.0000000
dDocent_Contig_20276	1	134	0	133	133	1.0000000
dDocent_Contig_20278	1	134	0	133	133	1.0000000
dDocent_Contig_20279	1	134	0	133	133	1.0000000
dDocent_Contig_20280	1	134	0	133	133	1.0000000
dDocent_Contig_20297	1	134	0	133	133	1.0000000
dDocent_Contig_20299	1	134	0	133	133	1.0000000
dDocent_Contig_20303	1	134	0	133	133	1.0000000
dDocent_Contig_20310	1	134	0	133	133	1.0000000
dDocent_Contig_20311	1	134	0	133	133	1.0000000
dDocent_Contig_20319	1	134	0	133	133	1.0000000
dDocent_Contig_20333	1	134	0	133	133	1.0000000
dDocent_Contig_20341	1	134	0	133	133	1.0000000
dDocent_Contig_20346	1	134	0	133	133	1.0000000
dDocent_Contig_20362	1	134	0	133	133	1.0000000
dDocent_Contig_20364	1	134	0	133	133	1.0000000
dDocent_Contig_20366	1	134	0	133	133	1.0000000
dDocent_Contig_20367	1	134	0	133	133	1.0000000
dDocent_Contig_20374	1	134	0	133	133	1.0000000
dDocent_Contig_20381	1	134	0	133	133	1.0000000
dDocent_Contig_20382	1	134	0	133	133	1.0000000
dDocent_Contig_20383	1	134	0	133	133	1.0000000
dDocent_Contig_20386	1	134	0	133	133	1.0000000
dDocent_Contig_20387	1	134	0	133	133	1.0000000
dDocent_Contig_20389	1	134	0	133	133	1.0000000
dDocent_Contig_20397	1	134	0	133	133	1.0000000
dDocent_Contig_20404	1	134	0	133	133	1.0000000
dDocent_Contig_20407	1	134	0	133	133	1.0000000
dDocent_Contig_20410	1	134	0	133	133	1.0000000
dDocent_Contig_20414	1	134	0	133	133	1.0000000
dDocent_Contig_20418	1	134	0	133	133	1.0000000
dDocent_Contig_20428	1	134	0	133	133	1.0000000
dDocent_Contig_20429	1	134	0	133	133	1.0000000
dDocent_Contig_20431	1	134	0	133	133	1.0000000
dDocent_Contig_20450	1	134	0	133	133	1.0000000
dDocent_Contig_20451	1	134	0	133	133	1.0000000
dDocent_Contig_20453	1	134	0	133	133	1.0000000
dDocent_Contig_20459	1	134	0	133	133	1.0000000
dDocent_Contig_20460	1	134	0	133	133	1.0000000
dDocent_Contig_20473	1	134	0	133	133	1.0000000
dDocent_Contig_20474	1	134	0	133	133	1.0000000
dDocent_Contig_20478	1	134	0	133	133	1.0000000
dDocent_Contig_20486	1	134	0	133	133	1.0000000
dDocent_Contig_20493	1	134	0	133	133	1.0000000
dDocent_Contig_20498	1	134	0	133	133	1.0000000
dDocent_Contig_20503	1	134	0	133	133	1.0000000
dDocent_Contig_20507	1	134	0	133	133	1.0000000
dDocent_Contig_20508	1	134	0	133	133	1.0000000
dDocent_Contig_20511	1	134	0	133	133	1.0000000
dDocent_Contig_20513	1	134	0	133	133	1.0000000
dDocent_Contig_20524	1	134	0	133	133	1.0000000
dDocent_Contig_20527	1	134	0	133	133	1.0000000
dDocent_Contig_20532	1	134	0	133	133	1.0000000
dDocent_Contig_20543	1	134	0	133	133	1.0000000
dDocent_Contig_20548	1	134	0	133	133	1.0000000
dDocent_Contig_20559	1	134	0	133	133	1.0000000
dDocent_Contig_20560	1	134	0	133	133	1.0000000
dDocent_Contig_20563	1	134	0	133	133	1.0000000
dDocent_Contig_20564	1	134	0	133	133	1.0000000
dDocent_Contig_20566	1	134	0	133	133	1.0000000
dDocent_Contig_20570	1	134	0	133	133	1.0000000
dDocent_Contig_20572	1	134	0	133	133	1.0000000
dDocent_Contig_20577	1	134	0	133	133	1.0000000
dDocent_Contig_20579	1	134	0	133	133	1.0000000
dDocent_Contig_20582	1	134	0	133	133	1.0000000
dDocent_Contig_20583	1	134	0	133	133	1.0000000
dDocent_Contig_20591	1	134	0	133	133	1.0000000
dDocent_Contig_20595	1	134	0	133	133	1.0000000
dDocent_Contig_20598	1	134	0	133	133	1.0000000
dDocent_Contig_20599	1	134	0	133	133	1.0000000
dDocent_Contig_20600	1	134	0	133	133	1.0000000
dDocent_Contig_20606	1	134	0	133	133	1.0000000
dDocent_Contig_20611	1	134	0	133	133	1.0000000
dDocent_Contig_20614	1	134	0	133	133	1.0000000
dDocent_Contig_20621	1	134	0	133	133	1.0000000
dDocent_Contig_20622	1	134	0	133	133	1.0000000
dDocent_Contig_20635	1	134	0	133	133	1.0000000
dDocent_Contig_20636	1	134	0	133	133	1.0000000
dDocent_Contig_20638	1	134	0	133	133	1.0000000
dDocent_Contig_20640	1	134	0	133	133	1.0000000
dDocent_Contig_20642	1	134	0	133	133	1.0000000
dDocent_Contig_20653	1	134	0	133	133	1.0000000
dDocent_Contig_20663	1	134	0	133	133	1.0000000
dDocent_Contig_20670	1	134	0	133	133	1.0000000
dDocent_Contig_20677	1	134	0	133	133	1.0000000
dDocent_Contig_20679	1	134	0	133	133	1.0000000
dDocent_Contig_20680	1	134	0	133	133	1.0000000
dDocent_Contig_20687	1	134	0	133	133	1.0000000
dDocent_Contig_20688	1	134	0	133	133	1.0000000
dDocent_Contig_20695	1	134	0	133	133	1.0000000
dDocent_Contig_20708	1	134	0	133	133	1.0000000
dDocent_Contig_20713	1	134	0	133	133	1.0000000
dDocent_Contig_20718	1	134	0	133	133	1.0000000
dDocent_Contig_20725	1	134	0	133	133	1.0000000
dDocent_Contig_20728	1	134	0	133	133	1.0000000
dDocent_Contig_20729	1	134	0	133	133	1.0000000
dDocent_Contig_20746	1	134	0	133	133	1.0000000
dDocent_Contig_20750	1	134	0	133	133	1.0000000
dDocent_Contig_20760	1	134	0	133	133	1.0000000
dDocent_Contig_20761	1	134	0	133	133	1.0000000
dDocent_Contig_20768	1	134	0	133	133	1.0000000
dDocent_Contig_20769	1	134	0	133	133	1.0000000
dDocent_Contig_20780	1	134	0	133	133	1.0000000
dDocent_Contig_20790	1	134	0	133	133	1.0000000
dDocent_Contig_20792	1	134	0	133	133	1.0000000
dDocent_Contig_20793	1	134	0	133	133	1.0000000
dDocent_Contig_20829	1	134	0	133	133	1.0000000
dDocent_Contig_20833	1	134	0	133	133	1.0000000
dDocent_Contig_20837	1	134	0	133	133	1.0000000
dDocent_Contig_20839	1	134	0	133	133	1.0000000
dDocent_Contig_20842	1	134	0	133	133	1.0000000
dDocent_Contig_20843	1	134	0	133	133	1.0000000
dDocent_Contig_20845	1	134	0	133	133	1.0000000
dDocent_Contig_20858	1	134	0	133	133	1.0000000
dDocent_Contig_20859	1	134	0	133	133	1.0000000
dDocent_Contig_20863	1	134	0	133	133	1.0000000
dDocent_Contig_20871	1	134	0	133	133	1.0000000
dDocent_Contig_20879	1	134	0	133	133	1.0000000
dDocent_Contig_20882	1	134	0	3	133	0.0225564
dDocent_Contig_20882	1	134	1	130	133	0.9774436
dDocent_Contig_20884	1	134	0	133	133	1.0000000
dDocent_Contig_20886	1	134	0	133	133	1.0000000
dDocent_Contig_20888	1	134	0	133	133	1.0000000
dDocent_Contig_20906	1	134	0	133	133	1.0000000
dDocent_Contig_20907	1	134	0	133	133	1.0000000
dDocent_Contig_20911	1	134	0	133	133	1.0000000
dDocent_Contig_20924	1	134	0	133	133	1.0000000
dDocent_Contig_20929	1	134	0	133	133	1.0000000
dDocent_Contig_20935	1	134	0	133	133	1.0000000
dDocent_Contig_20939	1	134	0	133	133	1.0000000
dDocent_Contig_20949	1	134	0	133	133	1.0000000
dDocent_Contig_20969	1	134	0	133	133	1.0000000
dDocent_Contig_20972	1	134	0	133	133	1.0000000
dDocent_Contig_20981	1	134	0	133	133	1.0000000
dDocent_Contig_20986	1	134	0	133	133	1.0000000
dDocent_Contig_20987	1	134	0	133	133	1.0000000
dDocent_Contig_20990	1	134	0	133	133	1.0000000
dDocent_Contig_20994	1	134	0	133	133	1.0000000
dDocent_Contig_20996	1	134	0	133	133	1.0000000
dDocent_Contig_21028	1	134	0	133	133	1.0000000
dDocent_Contig_21031	1	134	0	133	133	1.0000000
dDocent_Contig_21033	1	134	0	133	133	1.0000000
dDocent_Contig_21046	1	134	0	133	133	1.0000000
dDocent_Contig_21049	1	134	0	133	133	1.0000000
dDocent_Contig_21056	1	134	0	133	133	1.0000000
dDocent_Contig_21073	1	134	0	133	133	1.0000000
dDocent_Contig_21077	1	134	0	133	133	1.0000000
dDocent_Contig_21084	1	134	0	133	133	1.0000000
dDocent_Contig_21086	1	134	0	133	133	1.0000000
dDocent_Contig_21087	1	134	0	133	133	1.0000000
dDocent_Contig_21090	1	134	0	133	133	1.0000000
dDocent_Contig_21094	1	134	0	133	133	1.0000000
dDocent_Contig_21095	1	134	0	57	133	0.4285714
dDocent_Contig_21095	1	134	1	76	133	0.5714286
dDocent_Contig_21116	1	134	0	133	133	1.0000000
dDocent_Contig_21117	1	134	0	133	133	1.0000000
dDocent_Contig_21121	1	134	0	133	133	1.0000000
dDocent_Contig_21126	1	134	0	133	133	1.0000000
dDocent_Contig_21132	1	134	0	133	133	1.0000000
dDocent_Contig_21133	1	134	0	133	133	1.0000000
dDocent_Contig_21140	1	134	0	133	133	1.0000000
dDocent_Contig_21148	1	134	0	133	133	1.0000000
dDocent_Contig_21149	1	134	0	133	133	1.0000000
dDocent_Contig_21153	1	134	0	133	133	1.0000000
dDocent_Contig_21156	1	134	0	133	133	1.0000000
dDocent_Contig_21158	1	134	0	133	133	1.0000000
dDocent_Contig_21171	1	134	0	133	133	1.0000000
dDocent_Contig_21172	1	134	0	133	133	1.0000000
dDocent_Contig_21175	1	134	0	133	133	1.0000000
dDocent_Contig_21180	1	134	0	133	133	1.0000000
dDocent_Contig_21181	1	134	0	133	133	1.0000000
dDocent_Contig_21184	1	134	0	133	133	1.0000000
dDocent_Contig_21186	1	134	0	133	133	1.0000000
dDocent_Contig_21193	1	134	0	133	133	1.0000000
dDocent_Contig_21197	1	134	0	133	133	1.0000000
dDocent_Contig_21198	1	134	0	133	133	1.0000000
dDocent_Contig_21199	1	134	0	133	133	1.0000000
dDocent_Contig_21201	1	134	0	133	133	1.0000000
dDocent_Contig_21203	1	134	0	133	133	1.0000000
dDocent_Contig_21204	1	134	0	133	133	1.0000000
dDocent_Contig_21209	1	134	0	133	133	1.0000000
dDocent_Contig_21210	1	134	0	133	133	1.0000000
dDocent_Contig_21211	1	134	0	133	133	1.0000000
dDocent_Contig_21212	1	134	0	133	133	1.0000000
dDocent_Contig_21214	1	134	0	133	133	1.0000000
dDocent_Contig_21227	1	134	0	133	133	1.0000000
dDocent_Contig_21232	1	134	0	133	133	1.0000000
dDocent_Contig_21233	1	134	0	133	133	1.0000000
dDocent_Contig_21234	1	134	0	133	133	1.0000000
dDocent_Contig_21243	1	134	0	133	133	1.0000000
dDocent_Contig_21245	1	134	0	133	133	1.0000000
dDocent_Contig_21246	1	134	0	133	133	1.0000000
dDocent_Contig_21251	1	134	0	133	133	1.0000000
dDocent_Contig_21253	1	134	0	133	133	1.0000000
dDocent_Contig_21258	1	134	0	133	133	1.0000000
dDocent_Contig_21260	1	134	0	133	133	1.0000000
dDocent_Contig_21261	1	134	0	133	133	1.0000000
dDocent_Contig_21266	1	134	0	133	133	1.0000000
dDocent_Contig_21273	1	134	0	133	133	1.0000000
dDocent_Contig_21274	1	134	0	133	133	1.0000000
dDocent_Contig_21275	1	134	0	133	133	1.0000000
dDocent_Contig_21278	1	134	0	133	133	1.0000000
dDocent_Contig_21279	1	134	0	133	133	1.0000000
dDocent_Contig_21281	1	134	0	133	133	1.0000000
dDocent_Contig_21285	1	134	0	133	133	1.0000000
dDocent_Contig_21291	1	134	0	133	133	1.0000000
dDocent_Contig_21300	1	134	0	133	133	1.0000000
dDocent_Contig_21301	1	134	0	133	133	1.0000000
dDocent_Contig_21307	1	134	0	133	133	1.0000000
dDocent_Contig_21312	1	134	0	133	133	1.0000000
dDocent_Contig_21323	1	134	0	133	133	1.0000000
dDocent_Contig_21326	1	134	0	133	133	1.0000000
dDocent_Contig_21328	1	134	0	133	133	1.0000000
dDocent_Contig_21329	1	134	0	133	133	1.0000000
dDocent_Contig_21330	1	134	0	133	133	1.0000000
dDocent_Contig_21335	1	134	0	133	133	1.0000000
dDocent_Contig_21336	1	134	0	133	133	1.0000000
dDocent_Contig_21337	1	134	0	133	133	1.0000000
dDocent_Contig_21340	1	134	0	133	133	1.0000000
dDocent_Contig_21345	1	134	0	133	133	1.0000000
dDocent_Contig_21347	1	134	0	133	133	1.0000000
dDocent_Contig_21351	1	134	0	133	133	1.0000000
dDocent_Contig_21354	1	134	0	133	133	1.0000000
dDocent_Contig_21355	1	134	0	133	133	1.0000000
dDocent_Contig_21356	1	134	0	133	133	1.0000000
dDocent_Contig_21359	1	134	0	133	133	1.0000000
dDocent_Contig_21379	1	134	0	133	133	1.0000000
dDocent_Contig_21385	1	134	0	133	133	1.0000000
dDocent_Contig_21388	1	134	0	133	133	1.0000000
dDocent_Contig_21390	1	134	0	133	133	1.0000000
dDocent_Contig_21391	1	134	0	133	133	1.0000000
dDocent_Contig_21392	1	134	0	133	133	1.0000000
dDocent_Contig_21400	1	134	0	133	133	1.0000000
dDocent_Contig_21404	1	134	0	133	133	1.0000000
dDocent_Contig_21406	1	134	0	133	133	1.0000000
dDocent_Contig_21414	1	134	0	133	133	1.0000000
dDocent_Contig_21415	1	134	0	133	133	1.0000000
dDocent_Contig_21419	1	134	0	133	133	1.0000000
dDocent_Contig_21429	1	134	0	133	133	1.0000000
dDocent_Contig_21431	1	134	0	133	133	1.0000000
dDocent_Contig_21432	1	134	0	133	133	1.0000000
dDocent_Contig_21434	1	134	0	133	133	1.0000000
dDocent_Contig_21435	1	134	0	133	133	1.0000000
dDocent_Contig_21459	1	134	0	32	133	0.2406015
dDocent_Contig_21459	1	134	1	101	133	0.7593985
dDocent_Contig_21460	1	134	0	133	133	1.0000000
dDocent_Contig_21462	1	134	0	133	133	1.0000000
dDocent_Contig_21463	1	134	0	133	133	1.0000000
dDocent_Contig_21464	1	134	0	133	133	1.0000000
dDocent_Contig_21468	1	134	0	133	133	1.0000000
dDocent_Contig_21469	1	134	0	133	133	1.0000000
dDocent_Contig_21473	1	134	0	133	133	1.0000000
dDocent_Contig_21474	1	134	0	133	133	1.0000000
dDocent_Contig_21481	1	134	0	133	133	1.0000000
dDocent_Contig_21482	1	134	0	133	133	1.0000000
dDocent_Contig_21485	1	134	0	133	133	1.0000000
dDocent_Contig_21487	1	134	0	133	133	1.0000000
dDocent_Contig_21488	1	134	0	133	133	1.0000000
dDocent_Contig_21492	1	134	0	133	133	1.0000000
dDocent_Contig_21495	1	134	0	133	133	1.0000000
dDocent_Contig_21496	1	134	0	133	133	1.0000000
dDocent_Contig_21500	1	134	0	133	133	1.0000000
dDocent_Contig_21501	1	134	0	133	133	1.0000000
dDocent_Contig_21504	1	134	0	133	133	1.0000000
dDocent_Contig_21505	1	134	0	133	133	1.0000000
dDocent_Contig_21510	1	134	0	133	133	1.0000000
dDocent_Contig_21511	1	134	0	133	133	1.0000000
dDocent_Contig_21514	1	134	0	133	133	1.0000000
dDocent_Contig_21515	1	134	0	133	133	1.0000000
dDocent_Contig_21517	1	134	0	133	133	1.0000000
dDocent_Contig_21527	1	134	0	133	133	1.0000000
dDocent_Contig_21536	1	134	0	133	133	1.0000000
dDocent_Contig_21540	1	134	0	133	133	1.0000000
dDocent_Contig_21541	1	134	0	133	133	1.0000000
dDocent_Contig_21548	1	134	0	133	133	1.0000000
dDocent_Contig_21557	1	134	0	133	133	1.0000000
dDocent_Contig_21559	1	134	0	133	133	1.0000000
dDocent_Contig_21562	1	134	0	133	133	1.0000000
dDocent_Contig_21566	1	134	0	133	133	1.0000000
dDocent_Contig_21567	1	134	0	133	133	1.0000000
dDocent_Contig_21568	1	134	0	133	133	1.0000000
dDocent_Contig_21569	1	134	0	133	133	1.0000000
dDocent_Contig_21574	1	134	0	133	133	1.0000000
dDocent_Contig_21580	1	134	0	133	133	1.0000000
dDocent_Contig_21582	1	134	0	133	133	1.0000000
dDocent_Contig_21583	1	134	0	133	133	1.0000000
dDocent_Contig_21586	1	134	0	133	133	1.0000000
dDocent_Contig_21587	1	134	0	133	133	1.0000000
dDocent_Contig_21589	1	134	0	133	133	1.0000000
dDocent_Contig_21593	1	134	0	133	133	1.0000000
dDocent_Contig_21606	1	134	0	133	133	1.0000000
dDocent_Contig_21619	1	134	0	133	133	1.0000000
dDocent_Contig_21629	1	134	0	133	133	1.0000000
dDocent_Contig_21630	1	134	0	133	133	1.0000000
dDocent_Contig_21631	1	134	0	133	133	1.0000000
dDocent_Contig_21632	1	134	0	133	133	1.0000000
dDocent_Contig_21643	1	134	0	133	133	1.0000000
dDocent_Contig_21644	1	134	0	133	133	1.0000000
dDocent_Contig_21648	1	134	0	133	133	1.0000000
dDocent_Contig_21665	1	134	0	133	133	1.0000000
dDocent_Contig_21667	1	134	0	133	133	1.0000000
dDocent_Contig_21670	1	134	0	133	133	1.0000000
dDocent_Contig_21671	1	134	0	133	133	1.0000000
dDocent_Contig_21687	1	134	0	133	133	1.0000000
dDocent_Contig_21689	1	134	0	133	133	1.0000000
dDocent_Contig_21690	1	134	0	133	133	1.0000000
dDocent_Contig_21693	1	134	0	133	133	1.0000000
dDocent_Contig_21698	1	134	0	133	133	1.0000000
dDocent_Contig_21699	1	134	0	133	133	1.0000000
dDocent_Contig_21705	1	134	0	133	133	1.0000000
dDocent_Contig_21709	1	134	0	133	133	1.0000000
dDocent_Contig_21711	1	134	0	133	133	1.0000000
dDocent_Contig_21712	1	134	0	133	133	1.0000000
dDocent_Contig_21717	1	134	0	133	133	1.0000000
dDocent_Contig_21718	1	134	0	133	133	1.0000000
dDocent_Contig_21722	1	134	0	133	133	1.0000000
dDocent_Contig_21723	1	134	0	133	133	1.0000000
dDocent_Contig_21726	1	134	0	133	133	1.0000000
dDocent_Contig_21729	1	134	0	133	133	1.0000000
dDocent_Contig_21737	1	134	0	133	133	1.0000000
dDocent_Contig_21740	1	134	0	133	133	1.0000000
dDocent_Contig_21747	1	134	0	133	133	1.0000000
dDocent_Contig_21755	1	134	0	133	133	1.0000000
dDocent_Contig_21760	1	134	0	133	133	1.0000000
dDocent_Contig_21779	1	134	0	133	133	1.0000000
dDocent_Contig_21786	1	134	0	133	133	1.0000000
dDocent_Contig_21792	1	134	0	133	133	1.0000000
dDocent_Contig_21800	1	134	0	133	133	1.0000000
dDocent_Contig_21803	1	134	0	133	133	1.0000000
dDocent_Contig_21808	1	134	0	133	133	1.0000000
dDocent_Contig_21809	1	134	0	133	133	1.0000000
dDocent_Contig_21815	1	134	0	133	133	1.0000000
dDocent_Contig_21819	1	134	0	133	133	1.0000000
dDocent_Contig_21829	1	134	0	133	133	1.0000000
dDocent_Contig_21830	1	134	0	133	133	1.0000000
dDocent_Contig_21832	1	134	0	133	133	1.0000000
dDocent_Contig_21833	1	134	0	133	133	1.0000000
dDocent_Contig_21850	1	134	0	133	133	1.0000000
dDocent_Contig_21855	1	134	0	133	133	1.0000000
dDocent_Contig_21856	1	134	0	133	133	1.0000000
dDocent_Contig_21864	1	134	0	133	133	1.0000000
dDocent_Contig_21866	1	134	0	133	133	1.0000000
dDocent_Contig_21871	1	134	0	133	133	1.0000000
dDocent_Contig_21886	1	134	0	4	133	0.0300752
dDocent_Contig_21886	1	134	1	10	133	0.0751880
dDocent_Contig_21886	1	134	2	119	133	0.8947368
dDocent_Contig_21888	1	134	0	133	133	1.0000000
dDocent_Contig_21889	1	134	0	133	133	1.0000000
dDocent_Contig_21901	1	134	0	133	133	1.0000000
dDocent_Contig_21911	1	134	0	133	133	1.0000000
dDocent_Contig_21913	1	134	0	133	133	1.0000000
dDocent_Contig_21914	1	134	0	133	133	1.0000000
dDocent_Contig_21941	1	134	0	133	133	1.0000000
dDocent_Contig_21942	1	134	0	133	133	1.0000000
dDocent_Contig_21944	1	134	0	133	133	1.0000000
dDocent_Contig_21945	1	134	0	133	133	1.0000000
dDocent_Contig_21946	1	134	0	133	133	1.0000000
dDocent_Contig_21949	1	134	0	133	133	1.0000000
dDocent_Contig_21957	1	134	0	133	133	1.0000000
dDocent_Contig_21962	1	134	0	133	133	1.0000000
dDocent_Contig_21964	1	134	0	133	133	1.0000000
dDocent_Contig_21968	1	134	0	133	133	1.0000000
dDocent_Contig_21969	1	134	0	133	133	1.0000000
dDocent_Contig_21970	1	134	0	133	133	1.0000000
dDocent_Contig_21973	1	134	0	133	133	1.0000000
dDocent_Contig_21984	1	134	0	133	133	1.0000000
dDocent_Contig_21989	1	134	0	133	133	1.0000000
dDocent_Contig_21993	1	134	0	133	133	1.0000000
dDocent_Contig_22006	1	134	0	133	133	1.0000000
dDocent_Contig_22009	1	134	0	133	133	1.0000000
dDocent_Contig_22019	1	134	0	133	133	1.0000000
dDocent_Contig_22021	1	134	0	133	133	1.0000000
dDocent_Contig_22030	1	134	0	133	133	1.0000000
dDocent_Contig_22036	1	134	0	133	133	1.0000000
dDocent_Contig_22038	1	134	0	133	133	1.0000000
dDocent_Contig_22042	1	134	0	133	133	1.0000000
dDocent_Contig_22043	1	134	0	133	133	1.0000000
dDocent_Contig_22044	1	134	0	133	133	1.0000000
dDocent_Contig_22045	1	134	0	133	133	1.0000000
dDocent_Contig_22046	1	134	0	133	133	1.0000000
dDocent_Contig_22055	1	134	0	133	133	1.0000000
dDocent_Contig_22058	1	134	0	133	133	1.0000000
dDocent_Contig_22079	1	134	0	133	133	1.0000000
dDocent_Contig_22086	1	134	1	133	133	1.0000000
dDocent_Contig_22097	1	134	0	133	133	1.0000000
dDocent_Contig_22100	1	134	0	133	133	1.0000000
dDocent_Contig_22109	1	134	0	133	133	1.0000000
dDocent_Contig_22116	1	134	0	133	133	1.0000000
dDocent_Contig_22117	1	134	0	133	133	1.0000000
dDocent_Contig_22135	1	134	0	133	133	1.0000000
dDocent_Contig_22136	1	134	0	133	133	1.0000000
dDocent_Contig_22142	1	134	0	133	133	1.0000000
dDocent_Contig_22144	1	134	0	133	133	1.0000000
dDocent_Contig_22157	1	134	0	133	133	1.0000000
dDocent_Contig_22159	1	134	0	133	133	1.0000000
dDocent_Contig_22161	1	134	0	133	133	1.0000000
dDocent_Contig_22162	1	134	0	133	133	1.0000000
dDocent_Contig_22168	1	134	0	133	133	1.0000000
dDocent_Contig_22170	1	134	0	133	133	1.0000000
dDocent_Contig_22182	1	134	0	133	133	1.0000000
dDocent_Contig_22196	1	134	0	133	133	1.0000000
dDocent_Contig_22219	1	134	0	133	133	1.0000000
dDocent_Contig_22220	1	134	0	133	133	1.0000000
dDocent_Contig_22221	1	134	0	133	133	1.0000000
dDocent_Contig_22243	1	134	0	133	133	1.0000000
dDocent_Contig_22247	1	134	0	133	133	1.0000000
dDocent_Contig_22251	1	134	0	133	133	1.0000000
dDocent_Contig_22263	1	134	0	133	133	1.0000000
dDocent_Contig_22277	1	134	0	133	133	1.0000000
dDocent_Contig_22278	1	134	0	133	133	1.0000000
dDocent_Contig_22290	1	134	0	133	133	1.0000000
dDocent_Contig_22295	1	134	0	133	133	1.0000000
dDocent_Contig_22317	1	134	0	133	133	1.0000000
dDocent_Contig_22319	1	134	0	133	133	1.0000000
dDocent_Contig_22344	1	134	0	133	133	1.0000000
dDocent_Contig_22346	1	134	0	133	133	1.0000000
dDocent_Contig_22347	1	134	0	133	133	1.0000000
dDocent_Contig_22348	1	134	0	133	133	1.0000000
dDocent_Contig_22350	1	134	0	133	133	1.0000000
dDocent_Contig_22362	1	134	0	133	133	1.0000000
dDocent_Contig_22369	1	134	0	133	133	1.0000000
dDocent_Contig_22373	1	134	0	133	133	1.0000000
dDocent_Contig_22401	1	134	0	133	133	1.0000000
dDocent_Contig_22407	1	134	0	133	133	1.0000000
dDocent_Contig_22414	1	134	0	133	133	1.0000000
dDocent_Contig_22437	1	134	0	133	133	1.0000000
dDocent_Contig_22443	1	134	0	133	133	1.0000000
dDocent_Contig_22450	1	134	0	133	133	1.0000000
dDocent_Contig_22454	1	134	0	133	133	1.0000000
dDocent_Contig_22459	1	134	0	133	133	1.0000000
dDocent_Contig_22460	1	134	0	68	133	0.5112782
dDocent_Contig_22460	1	134	1	65	133	0.4887218
dDocent_Contig_22462	1	134	0	133	133	1.0000000
dDocent_Contig_22463	1	134	0	133	133	1.0000000
dDocent_Contig_22467	1	134	0	133	133	1.0000000
dDocent_Contig_22473	1	134	0	133	133	1.0000000
dDocent_Contig_22476	1	134	0	133	133	1.0000000
dDocent_Contig_22483	1	134	0	133	133	1.0000000
dDocent_Contig_22484	1	134	0	133	133	1.0000000
dDocent_Contig_22500	1	134	0	133	133	1.0000000
dDocent_Contig_22502	1	134	0	133	133	1.0000000
dDocent_Contig_22505	1	134	0	133	133	1.0000000
dDocent_Contig_22531	1	134	0	133	133	1.0000000
dDocent_Contig_22545	1	134	0	133	133	1.0000000
dDocent_Contig_22546	1	134	0	133	133	1.0000000
dDocent_Contig_22551	1	134	0	133	133	1.0000000
dDocent_Contig_22600	1	134	0	133	133	1.0000000
dDocent_Contig_22607	1	134	0	133	133	1.0000000
dDocent_Contig_22611	1	134	0	133	133	1.0000000
dDocent_Contig_22612	1	134	0	133	133	1.0000000
dDocent_Contig_22620	1	134	0	133	133	1.0000000
dDocent_Contig_22625	1	134	0	133	133	1.0000000
dDocent_Contig_22627	1	134	0	133	133	1.0000000
dDocent_Contig_22632	1	134	0	133	133	1.0000000
dDocent_Contig_22648	1	134	0	133	133	1.0000000
dDocent_Contig_22653	1	134	0	133	133	1.0000000
dDocent_Contig_22656	1	134	0	133	133	1.0000000
dDocent_Contig_22678	1	134	0	133	133	1.0000000
dDocent_Contig_22687	1	134	0	133	133	1.0000000
dDocent_Contig_22704	1	134	0	133	133	1.0000000
dDocent_Contig_22707	1	134	0	133	133	1.0000000
dDocent_Contig_22711	1	134	0	133	133	1.0000000
dDocent_Contig_22717	1	134	0	133	133	1.0000000
dDocent_Contig_22719	1	134	0	133	133	1.0000000
dDocent_Contig_22720	1	134	0	133	133	1.0000000
dDocent_Contig_22721	1	134	0	133	133	1.0000000
dDocent_Contig_22772	1	134	0	133	133	1.0000000
dDocent_Contig_22788	1	134	0	133	133	1.0000000
dDocent_Contig_22799	1	134	0	133	133	1.0000000
dDocent_Contig_22801	1	134	0	133	133	1.0000000
dDocent_Contig_22802	1	134	0	133	133	1.0000000
dDocent_Contig_22804	1	134	0	133	133	1.0000000
dDocent_Contig_22806	1	134	0	133	133	1.0000000
dDocent_Contig_22817	1	134	0	133	133	1.0000000
dDocent_Contig_22818	1	134	0	133	133	1.0000000
dDocent_Contig_22829	1	134	0	133	133	1.0000000
dDocent_Contig_22843	1	134	0	133	133	1.0000000
dDocent_Contig_22857	1	134	0	133	133	1.0000000
dDocent_Contig_22858	1	134	0	133	133	1.0000000
dDocent_Contig_22859	1	134	0	133	133	1.0000000
dDocent_Contig_22861	1	134	0	133	133	1.0000000
dDocent_Contig_22871	1	134	0	133	133	1.0000000
dDocent_Contig_22872	1	134	0	133	133	1.0000000
dDocent_Contig_22873	1	134	0	133	133	1.0000000
dDocent_Contig_22875	1	134	0	133	133	1.0000000
dDocent_Contig_22880	1	134	0	133	133	1.0000000
dDocent_Contig_22881	1	134	0	133	133	1.0000000
dDocent_Contig_22883	1	134	0	133	133	1.0000000
dDocent_Contig_22884	1	134	0	133	133	1.0000000
dDocent_Contig_22886	1	134	0	133	133	1.0000000
dDocent_Contig_22888	1	134	0	133	133	1.0000000
dDocent_Contig_22891	1	134	0	133	133	1.0000000
dDocent_Contig_22914	1	134	0	133	133	1.0000000
dDocent_Contig_22917	1	134	0	133	133	1.0000000
dDocent_Contig_22918	1	134	0	133	133	1.0000000
dDocent_Contig_22922	1	134	0	133	133	1.0000000
dDocent_Contig_22924	1	134	0	133	133	1.0000000
dDocent_Contig_22948	1	134	0	133	133	1.0000000
dDocent_Contig_22956	1	134	0	133	133	1.0000000
dDocent_Contig_22957	1	134	0	133	133	1.0000000
dDocent_Contig_22958	1	134	0	133	133	1.0000000
dDocent_Contig_22962	1	134	0	133	133	1.0000000
dDocent_Contig_22972	1	134	0	133	133	1.0000000
dDocent_Contig_22978	1	134	0	133	133	1.0000000
dDocent_Contig_22992	1	134	0	133	133	1.0000000
dDocent_Contig_22996	1	134	0	133	133	1.0000000
dDocent_Contig_22997	1	134	0	133	133	1.0000000
dDocent_Contig_23004	1	134	0	133	133	1.0000000
dDocent_Contig_23010	1	134	0	133	133	1.0000000
dDocent_Contig_23011	1	134	0	133	133	1.0000000
dDocent_Contig_23026	1	134	0	133	133	1.0000000
dDocent_Contig_23027	1	134	0	133	133	1.0000000
dDocent_Contig_23031	1	134	0	133	133	1.0000000
dDocent_Contig_23036	1	134	0	133	133	1.0000000
dDocent_Contig_23039	1	134	0	133	133	1.0000000
dDocent_Contig_23041	1	134	0	133	133	1.0000000
dDocent_Contig_23051	1	134	2	27	133	0.2030075
dDocent_Contig_23051	1	134	4	106	133	0.7969925
dDocent_Contig_23057	1	134	0	133	133	1.0000000
dDocent_Contig_23059	1	134	0	133	133	1.0000000
dDocent_Contig_23060	1	134	0	133	133	1.0000000
dDocent_Contig_23061	1	134	0	133	133	1.0000000
dDocent_Contig_23062	1	134	0	133	133	1.0000000
dDocent_Contig_23065	1	134	0	133	133	1.0000000
dDocent_Contig_23070	1	134	0	133	133	1.0000000
dDocent_Contig_23077	1	134	0	133	133	1.0000000
dDocent_Contig_23079	1	134	0	133	133	1.0000000
dDocent_Contig_23090	1	134	0	133	133	1.0000000
dDocent_Contig_23091	1	134	0	133	133	1.0000000
dDocent_Contig_23096	1	134	0	133	133	1.0000000
dDocent_Contig_23100	1	134	0	133	133	1.0000000
dDocent_Contig_23102	1	134	0	133	133	1.0000000
dDocent_Contig_23104	1	134	0	133	133	1.0000000
dDocent_Contig_23113	1	134	0	133	133	1.0000000
dDocent_Contig_23114	1	134	0	133	133	1.0000000
dDocent_Contig_23117	1	134	0	84	133	0.6315789
dDocent_Contig_23117	1	134	2	49	133	0.3684210
dDocent_Contig_23128	1	134	0	133	133	1.0000000
dDocent_Contig_23151	1	134	0	133	133	1.0000000
dDocent_Contig_23173	1	134	0	133	133	1.0000000
dDocent_Contig_23175	1	134	0	133	133	1.0000000
dDocent_Contig_23176	1	134	0	133	133	1.0000000
dDocent_Contig_23177	1	134	0	133	133	1.0000000
dDocent_Contig_23180	1	134	0	133	133	1.0000000
dDocent_Contig_23186	1	134	0	133	133	1.0000000
dDocent_Contig_23199	1	134	0	133	133	1.0000000
dDocent_Contig_23200	1	134	0	133	133	1.0000000
dDocent_Contig_23219	1	134	0	133	133	1.0000000
dDocent_Contig_23226	1	134	0	133	133	1.0000000
dDocent_Contig_23230	1	134	0	133	133	1.0000000
dDocent_Contig_23238	1	134	0	133	133	1.0000000
dDocent_Contig_23242	1	134	0	133	133	1.0000000
dDocent_Contig_23244	1	134	0	133	133	1.0000000
dDocent_Contig_23266	1	134	0	133	133	1.0000000
dDocent_Contig_23269	1	134	0	133	133	1.0000000
dDocent_Contig_23272	1	134	0	133	133	1.0000000
dDocent_Contig_23273	1	134	0	133	133	1.0000000
dDocent_Contig_23284	1	134	0	133	133	1.0000000
dDocent_Contig_23285	1	134	0	133	133	1.0000000
dDocent_Contig_23286	1	134	0	133	133	1.0000000
dDocent_Contig_23291	1	134	0	133	133	1.0000000
dDocent_Contig_23294	1	134	0	133	133	1.0000000
dDocent_Contig_23303	1	134	0	133	133	1.0000000
dDocent_Contig_23304	1	134	0	133	133	1.0000000
dDocent_Contig_23306	1	134	0	133	133	1.0000000
dDocent_Contig_23308	1	134	0	133	133	1.0000000
dDocent_Contig_23309	1	134	0	133	133	1.0000000
dDocent_Contig_23311	1	134	0	133	133	1.0000000
dDocent_Contig_23332	1	134	0	133	133	1.0000000
dDocent_Contig_23343	1	134	0	133	133	1.0000000
dDocent_Contig_23354	1	134	0	133	133	1.0000000
dDocent_Contig_23369	1	134	0	133	133	1.0000000
dDocent_Contig_23371	1	134	0	133	133	1.0000000
dDocent_Contig_23372	1	134	0	133	133	1.0000000
dDocent_Contig_23374	1	134	0	133	133	1.0000000
dDocent_Contig_23377	1	134	0	133	133	1.0000000
dDocent_Contig_23384	1	134	0	133	133	1.0000000
dDocent_Contig_23388	1	134	0	133	133	1.0000000
dDocent_Contig_23397	1	134	0	133	133	1.0000000
dDocent_Contig_23399	1	134	0	133	133	1.0000000
dDocent_Contig_23402	1	134	0	133	133	1.0000000
dDocent_Contig_23406	1	134	0	133	133	1.0000000
dDocent_Contig_23409	1	134	0	133	133	1.0000000
dDocent_Contig_23411	1	134	0	133	133	1.0000000
dDocent_Contig_23416	1	134	0	133	133	1.0000000
dDocent_Contig_23418	1	134	0	133	133	1.0000000
dDocent_Contig_23419	1	134	0	133	133	1.0000000
dDocent_Contig_23421	1	134	0	133	133	1.0000000
dDocent_Contig_23423	1	134	0	133	133	1.0000000
dDocent_Contig_23428	1	134	0	133	133	1.0000000
dDocent_Contig_23429	1	134	0	133	133	1.0000000
dDocent_Contig_23444	1	134	0	49	133	0.3684210
dDocent_Contig_23444	1	134	1	84	133	0.6315789
dDocent_Contig_23449	1	134	0	133	133	1.0000000
dDocent_Contig_23458	1	134	1	133	133	1.0000000
dDocent_Contig_23461	1	134	0	133	133	1.0000000
dDocent_Contig_23470	1	134	0	133	133	1.0000000
dDocent_Contig_23471	1	134	0	133	133	1.0000000
dDocent_Contig_23473	1	134	0	133	133	1.0000000
dDocent_Contig_23477	1	134	0	133	133	1.0000000
dDocent_Contig_23478	1	134	0	133	133	1.0000000
dDocent_Contig_23487	1	134	0	133	133	1.0000000
dDocent_Contig_23489	1	134	0	133	133	1.0000000
dDocent_Contig_23490	1	134	0	133	133	1.0000000
dDocent_Contig_23499	1	134	0	133	133	1.0000000
dDocent_Contig_23502	1	134	0	133	133	1.0000000
dDocent_Contig_23508	1	134	0	133	133	1.0000000
dDocent_Contig_23519	1	134	0	133	133	1.0000000
dDocent_Contig_23527	1	134	0	133	133	1.0000000
dDocent_Contig_23529	1	134	0	133	133	1.0000000
dDocent_Contig_23542	1	134	0	133	133	1.0000000
dDocent_Contig_23547	1	134	0	133	133	1.0000000
dDocent_Contig_23548	1	134	0	133	133	1.0000000
dDocent_Contig_23554	1	134	0	133	133	1.0000000
dDocent_Contig_23556	1	134	0	133	133	1.0000000
dDocent_Contig_23559	1	134	0	133	133	1.0000000
dDocent_Contig_23560	1	134	0	133	133	1.0000000
dDocent_Contig_23563	1	134	0	133	133	1.0000000
dDocent_Contig_23566	1	134	0	133	133	1.0000000
dDocent_Contig_23570	1	134	0	133	133	1.0000000
dDocent_Contig_23572	1	134	0	133	133	1.0000000
dDocent_Contig_23576	1	134	0	133	133	1.0000000
dDocent_Contig_23587	1	134	0	133	133	1.0000000
dDocent_Contig_23593	1	134	0	133	133	1.0000000
dDocent_Contig_23597	1	134	0	133	133	1.0000000
dDocent_Contig_23600	1	134	0	133	133	1.0000000
dDocent_Contig_23601	1	134	0	133	133	1.0000000
dDocent_Contig_23610	1	134	0	133	133	1.0000000
dDocent_Contig_23618	1	134	0	133	133	1.0000000
dDocent_Contig_23621	1	134	0	133	133	1.0000000
dDocent_Contig_23625	1	134	0	133	133	1.0000000
dDocent_Contig_23639	1	134	0	133	133	1.0000000
dDocent_Contig_23640	1	134	0	133	133	1.0000000
dDocent_Contig_23641	1	134	0	133	133	1.0000000
dDocent_Contig_23647	1	134	0	133	133	1.0000000
dDocent_Contig_23652	1	134	0	133	133	1.0000000
dDocent_Contig_23658	1	134	0	133	133	1.0000000
dDocent_Contig_23660	1	134	0	133	133	1.0000000
dDocent_Contig_23665	1	134	0	65	133	0.4887218
dDocent_Contig_23665	1	134	3	68	133	0.5112782
dDocent_Contig_23686	1	134	0	133	133	1.0000000
dDocent_Contig_23700	1	134	0	133	133	1.0000000
dDocent_Contig_23701	1	134	0	133	133	1.0000000
dDocent_Contig_23703	1	134	0	133	133	1.0000000
dDocent_Contig_23712	1	134	0	133	133	1.0000000
dDocent_Contig_23732	1	134	0	133	133	1.0000000
dDocent_Contig_23733	1	134	0	133	133	1.0000000
dDocent_Contig_23740	1	134	0	133	133	1.0000000
dDocent_Contig_23749	1	134	0	133	133	1.0000000
dDocent_Contig_23759	1	134	0	133	133	1.0000000
dDocent_Contig_23760	1	134	0	133	133	1.0000000
dDocent_Contig_23761	1	134	0	133	133	1.0000000
dDocent_Contig_23767	1	134	0	133	133	1.0000000
dDocent_Contig_23782	1	134	0	133	133	1.0000000
dDocent_Contig_23794	1	134	0	133	133	1.0000000
dDocent_Contig_23799	1	134	0	133	133	1.0000000
dDocent_Contig_23806	1	134	0	133	133	1.0000000
dDocent_Contig_23810	1	134	0	133	133	1.0000000
dDocent_Contig_23811	1	134	0	133	133	1.0000000
dDocent_Contig_23826	1	134	0	133	133	1.0000000
dDocent_Contig_23828	1	134	0	133	133	1.0000000
dDocent_Contig_23829	1	134	0	133	133	1.0000000
dDocent_Contig_23839	1	134	0	133	133	1.0000000
dDocent_Contig_23840	1	134	0	133	133	1.0000000
dDocent_Contig_23865	1	134	0	133	133	1.0000000
dDocent_Contig_23867	1	134	0	133	133	1.0000000
dDocent_Contig_23870	1	134	0	133	133	1.0000000
dDocent_Contig_23878	1	134	0	133	133	1.0000000
dDocent_Contig_23892	1	134	0	133	133	1.0000000
dDocent_Contig_23893	1	134	0	133	133	1.0000000
dDocent_Contig_23905	1	134	0	133	133	1.0000000
dDocent_Contig_23907	1	134	0	133	133	1.0000000
dDocent_Contig_23908	1	134	0	133	133	1.0000000
dDocent_Contig_23909	1	134	0	133	133	1.0000000
dDocent_Contig_23912	1	134	0	133	133	1.0000000
dDocent_Contig_23916	1	134	0	133	133	1.0000000
dDocent_Contig_23945	1	134	0	133	133	1.0000000
dDocent_Contig_23946	1	134	0	133	133	1.0000000
dDocent_Contig_23949	1	134	0	133	133	1.0000000
dDocent_Contig_23950	1	134	0	133	133	1.0000000
dDocent_Contig_23952	1	134	0	133	133	1.0000000
dDocent_Contig_23953	1	134	0	133	133	1.0000000
dDocent_Contig_23957	1	134	0	12	133	0.0902256
dDocent_Contig_23957	1	134	1	121	133	0.9097744
dDocent_Contig_23958	1	134	0	133	133	1.0000000
dDocent_Contig_23966	1	134	0	133	133	1.0000000
dDocent_Contig_23972	1	134	0	133	133	1.0000000
dDocent_Contig_23985	1	134	0	133	133	1.0000000
dDocent_Contig_23988	1	134	0	133	133	1.0000000
dDocent_Contig_23989	1	134	0	133	133	1.0000000
dDocent_Contig_23990	1	134	0	133	133	1.0000000
dDocent_Contig_23992	1	134	0	133	133	1.0000000
dDocent_Contig_24008	1	134	0	133	133	1.0000000
dDocent_Contig_24016	1	134	0	133	133	1.0000000
dDocent_Contig_24018	1	134	0	133	133	1.0000000
dDocent_Contig_24024	1	134	0	133	133	1.0000000
dDocent_Contig_24030	1	134	0	133	133	1.0000000
dDocent_Contig_24033	1	134	0	133	133	1.0000000
dDocent_Contig_24039	1	134	0	133	133	1.0000000
dDocent_Contig_24040	1	134	0	133	133	1.0000000
dDocent_Contig_24044	1	134	0	133	133	1.0000000
dDocent_Contig_24046	1	134	0	133	133	1.0000000
dDocent_Contig_24050	1	134	0	133	133	1.0000000
dDocent_Contig_24055	1	134	1	20	133	0.1503759
dDocent_Contig_24055	1	134	2	113	133	0.8496240
dDocent_Contig_24059	1	134	0	133	133	1.0000000
dDocent_Contig_24064	1	134	0	133	133	1.0000000
dDocent_Contig_24073	1	134	0	133	133	1.0000000
dDocent_Contig_24097	1	134	0	133	133	1.0000000
dDocent_Contig_24210	1	134	0	133	133	1.0000000
dDocent_Contig_24219	1	134	0	133	133	1.0000000
dDocent_Contig_24221	1	134	0	133	133	1.0000000
dDocent_Contig_24229	1	134	0	133	133	1.0000000
dDocent_Contig_24232	1	134	0	133	133	1.0000000
dDocent_Contig_24234	1	134	0	133	133	1.0000000
dDocent_Contig_24253	1	134	0	133	133	1.0000000
dDocent_Contig_24254	1	134	0	133	133	1.0000000
dDocent_Contig_24276	1	134	0	133	133	1.0000000
dDocent_Contig_24287	1	134	0	133	133	1.0000000
dDocent_Contig_24288	1	134	0	133	133	1.0000000
dDocent_Contig_24290	1	134	0	133	133	1.0000000
dDocent_Contig_24299	1	134	0	133	133	1.0000000
dDocent_Contig_24301	1	134	0	133	133	1.0000000
dDocent_Contig_24316	1	134	0	133	133	1.0000000
dDocent_Contig_24322	1	134	0	133	133	1.0000000
dDocent_Contig_24323	1	134	0	133	133	1.0000000
dDocent_Contig_24340	1	134	0	133	133	1.0000000
dDocent_Contig_24347	1	134	0	133	133	1.0000000
dDocent_Contig_24348	1	134	0	133	133	1.0000000
dDocent_Contig_24349	1	134	0	133	133	1.0000000
dDocent_Contig_24353	1	134	0	133	133	1.0000000
dDocent_Contig_24377	1	134	0	133	133	1.0000000
dDocent_Contig_24380	1	134	0	133	133	1.0000000
dDocent_Contig_24381	1	134	0	133	133	1.0000000
dDocent_Contig_24383	1	134	0	133	133	1.0000000
dDocent_Contig_24386	1	134	0	133	133	1.0000000
dDocent_Contig_24388	1	134	0	133	133	1.0000000
dDocent_Contig_24391	1	134	0	133	133	1.0000000
dDocent_Contig_24394	1	134	0	133	133	1.0000000
dDocent_Contig_24399	1	134	0	133	133	1.0000000
dDocent_Contig_24403	1	134	0	133	133	1.0000000
dDocent_Contig_24418	1	134	0	133	133	1.0000000
dDocent_Contig_24420	1	134	0	133	133	1.0000000
dDocent_Contig_24421	1	134	0	133	133	1.0000000
dDocent_Contig_24431	1	134	0	133	133	1.0000000
dDocent_Contig_24432	1	134	0	133	133	1.0000000
dDocent_Contig_24434	1	134	0	133	133	1.0000000
dDocent_Contig_24439	1	134	0	20	133	0.1503759
dDocent_Contig_24439	1	134	9	113	133	0.8496240
dDocent_Contig_24441	1	134	0	133	133	1.0000000
dDocent_Contig_24443	1	134	0	133	133	1.0000000
dDocent_Contig_24449	1	134	0	133	133	1.0000000
dDocent_Contig_24451	1	134	0	133	133	1.0000000
dDocent_Contig_24467	1	134	0	133	133	1.0000000
dDocent_Contig_24468	1	134	0	133	133	1.0000000
dDocent_Contig_24470	1	134	0	133	133	1.0000000
dDocent_Contig_24491	1	134	0	133	133	1.0000000
dDocent_Contig_24493	1	134	0	133	133	1.0000000
dDocent_Contig_24506	1	134	0	133	133	1.0000000
dDocent_Contig_24526	1	134	0	133	133	1.0000000
dDocent_Contig_24528	1	134	0	133	133	1.0000000
dDocent_Contig_24533	1	134	0	133	133	1.0000000
dDocent_Contig_24543	1	134	0	133	133	1.0000000
dDocent_Contig_24550	1	134	0	133	133	1.0000000
dDocent_Contig_24559	1	134	0	133	133	1.0000000
dDocent_Contig_24560	1	134	0	133	133	1.0000000
dDocent_Contig_24570	1	134	0	133	133	1.0000000
dDocent_Contig_24576	1	134	0	133	133	1.0000000
dDocent_Contig_24580	1	134	0	133	133	1.0000000
dDocent_Contig_24586	1	134	0	133	133	1.0000000
dDocent_Contig_24593	1	134	0	133	133	1.0000000
dDocent_Contig_24594	1	134	0	133	133	1.0000000
dDocent_Contig_24602	1	134	0	133	133	1.0000000
dDocent_Contig_24611	1	134	0	133	133	1.0000000
dDocent_Contig_24615	1	134	0	133	133	1.0000000
dDocent_Contig_24628	1	134	0	133	133	1.0000000
dDocent_Contig_24629	1	134	0	133	133	1.0000000
dDocent_Contig_24633	1	134	0	133	133	1.0000000
dDocent_Contig_24641	1	134	0	133	133	1.0000000
dDocent_Contig_24645	1	134	0	133	133	1.0000000
dDocent_Contig_24650	1	134	0	133	133	1.0000000
dDocent_Contig_24651	1	134	0	133	133	1.0000000
dDocent_Contig_24652	1	134	0	133	133	1.0000000
dDocent_Contig_24653	1	134	0	133	133	1.0000000
dDocent_Contig_24658	1	134	0	133	133	1.0000000
dDocent_Contig_24672	1	134	0	133	133	1.0000000
dDocent_Contig_24682	1	134	0	133	133	1.0000000
dDocent_Contig_24704	1	134	0	133	133	1.0000000
dDocent_Contig_24711	1	134	0	133	133	1.0000000
dDocent_Contig_24716	1	134	0	133	133	1.0000000
dDocent_Contig_24720	1	134	0	133	133	1.0000000
dDocent_Contig_24732	1	134	0	133	133	1.0000000
dDocent_Contig_24738	1	134	0	133	133	1.0000000
dDocent_Contig_24741	1	134	0	133	133	1.0000000
dDocent_Contig_24748	1	134	0	133	133	1.0000000
dDocent_Contig_24767	1	134	0	133	133	1.0000000
dDocent_Contig_24778	1	134	0	133	133	1.0000000
dDocent_Contig_24782	1	134	0	133	133	1.0000000
dDocent_Contig_24789	1	134	0	133	133	1.0000000
dDocent_Contig_24791	1	134	0	133	133	1.0000000
dDocent_Contig_24795	1	134	0	133	133	1.0000000
dDocent_Contig_24806	1	134	0	133	133	1.0000000
dDocent_Contig_24807	1	134	0	133	133	1.0000000
dDocent_Contig_24808	1	134	0	133	133	1.0000000
dDocent_Contig_24809	1	134	0	133	133	1.0000000
dDocent_Contig_24810	1	134	0	133	133	1.0000000
dDocent_Contig_24813	1	134	0	133	133	1.0000000
dDocent_Contig_24820	1	134	0	133	133	1.0000000
dDocent_Contig_24822	1	134	0	133	133	1.0000000
dDocent_Contig_24827	1	134	0	133	133	1.0000000
dDocent_Contig_24841	1	134	0	133	133	1.0000000
dDocent_Contig_24854	1	134	0	133	133	1.0000000
dDocent_Contig_24872	1	134	0	133	133	1.0000000
dDocent_Contig_24873	1	134	0	133	133	1.0000000
dDocent_Contig_24875	1	134	0	133	133	1.0000000
dDocent_Contig_24876	1	134	0	133	133	1.0000000
dDocent_Contig_24879	1	134	0	133	133	1.0000000
dDocent_Contig_24880	1	134	0	133	133	1.0000000
dDocent_Contig_24881	1	134	0	133	133	1.0000000
dDocent_Contig_24882	1	134	0	133	133	1.0000000
dDocent_Contig_24894	1	134	0	133	133	1.0000000
dDocent_Contig_24897	1	134	0	133	133	1.0000000
dDocent_Contig_24941	1	134	0	133	133	1.0000000
dDocent_Contig_24947	1	134	0	133	133	1.0000000
dDocent_Contig_24948	1	134	0	133	133	1.0000000
dDocent_Contig_24959	1	134	0	133	133	1.0000000
dDocent_Contig_24965	1	134	0	133	133	1.0000000
dDocent_Contig_24977	1	134	0	133	133	1.0000000
dDocent_Contig_25002	1	134	0	133	133	1.0000000
dDocent_Contig_25015	1	134	0	133	133	1.0000000
dDocent_Contig_25017	1	134	0	133	133	1.0000000
dDocent_Contig_25026	1	134	0	133	133	1.0000000
dDocent_Contig_25031	1	134	0	133	133	1.0000000
dDocent_Contig_25032	1	134	0	133	133	1.0000000
dDocent_Contig_25034	1	134	0	133	133	1.0000000
dDocent_Contig_25039	1	134	0	133	133	1.0000000
dDocent_Contig_25043	1	134	0	133	133	1.0000000
dDocent_Contig_25062	1	134	0	133	133	1.0000000
dDocent_Contig_25069	1	134	0	133	133	1.0000000
dDocent_Contig_25096	1	134	0	133	133	1.0000000
dDocent_Contig_25107	1	134	0	133	133	1.0000000
dDocent_Contig_25115	1	134	0	133	133	1.0000000
dDocent_Contig_25117	1	134	0	133	133	1.0000000
dDocent_Contig_25124	1	134	0	133	133	1.0000000
dDocent_Contig_25128	1	134	0	133	133	1.0000000
dDocent_Contig_25143	1	134	0	133	133	1.0000000
dDocent_Contig_25172	1	134	0	133	133	1.0000000
dDocent_Contig_25174	1	134	0	133	133	1.0000000
dDocent_Contig_25179	1	134	0	133	133	1.0000000
dDocent_Contig_25181	1	134	0	133	133	1.0000000
dDocent_Contig_25182	1	134	0	133	133	1.0000000
dDocent_Contig_25185	1	134	0	133	133	1.0000000
dDocent_Contig_25187	1	134	0	133	133	1.0000000
dDocent_Contig_25188	1	134	0	133	133	1.0000000
dDocent_Contig_25196	1	134	0	63	133	0.4736842
dDocent_Contig_25196	1	134	1	70	133	0.5263158
dDocent_Contig_25200	1	134	0	133	133	1.0000000
dDocent_Contig_25204	1	134	0	133	133	1.0000000
dDocent_Contig_25217	1	134	0	133	133	1.0000000
dDocent_Contig_25226	1	134	0	133	133	1.0000000
dDocent_Contig_25233	1	134	0	133	133	1.0000000
dDocent_Contig_25240	1	134	0	133	133	1.0000000
dDocent_Contig_25242	1	134	0	133	133	1.0000000
dDocent_Contig_25243	1	134	0	133	133	1.0000000
dDocent_Contig_25247	1	134	0	133	133	1.0000000
dDocent_Contig_25248	1	134	0	133	133	1.0000000
dDocent_Contig_25263	1	134	0	133	133	1.0000000
dDocent_Contig_25264	1	134	0	133	133	1.0000000
dDocent_Contig_25265	1	134	0	133	133	1.0000000
dDocent_Contig_25282	1	134	0	133	133	1.0000000
dDocent_Contig_25294	1	134	0	133	133	1.0000000
dDocent_Contig_25296	1	134	0	89	133	0.6691729
dDocent_Contig_25296	1	134	1	44	133	0.3308271
dDocent_Contig_25307	1	134	0	133	133	1.0000000
dDocent_Contig_25308	1	134	0	133	133	1.0000000
dDocent_Contig_25309	1	134	0	133	133	1.0000000
dDocent_Contig_25315	1	134	0	133	133	1.0000000
dDocent_Contig_25320	1	134	0	12	133	0.0902256
dDocent_Contig_25320	1	134	1	103	133	0.7744361
dDocent_Contig_25320	1	134	2	18	133	0.1353384
dDocent_Contig_25324	1	134	0	133	133	1.0000000
dDocent_Contig_25329	1	134	0	133	133	1.0000000
dDocent_Contig_25333	1	134	0	133	133	1.0000000
dDocent_Contig_25337	1	134	0	133	133	1.0000000
dDocent_Contig_25338	1	134	0	133	133	1.0000000
dDocent_Contig_25339	1	134	0	133	133	1.0000000
dDocent_Contig_25348	1	134	0	133	133	1.0000000
dDocent_Contig_25351	1	134	0	133	133	1.0000000
dDocent_Contig_25355	1	134	0	133	133	1.0000000
dDocent_Contig_25361	1	134	0	133	133	1.0000000
dDocent_Contig_25364	1	134	0	133	133	1.0000000
dDocent_Contig_25365	1	134	0	133	133	1.0000000
dDocent_Contig_25381	1	134	0	133	133	1.0000000
dDocent_Contig_25384	1	134	0	133	133	1.0000000
dDocent_Contig_25385	1	134	0	133	133	1.0000000
dDocent_Contig_25386	1	134	0	133	133	1.0000000
dDocent_Contig_25387	1	134	0	133	133	1.0000000
dDocent_Contig_25402	1	134	0	133	133	1.0000000
dDocent_Contig_25404	1	134	0	133	133	1.0000000
dDocent_Contig_25405	1	134	0	133	133	1.0000000
dDocent_Contig_25410	1	134	0	133	133	1.0000000
dDocent_Contig_25416	1	134	0	133	133	1.0000000
dDocent_Contig_25418	1	134	0	133	133	1.0000000
dDocent_Contig_25420	1	134	0	133	133	1.0000000
dDocent_Contig_25435	1	134	0	133	133	1.0000000
dDocent_Contig_25439	1	134	0	133	133	1.0000000
dDocent_Contig_25449	1	134	0	133	133	1.0000000
dDocent_Contig_25450	1	134	0	133	133	1.0000000
dDocent_Contig_25451	1	134	0	133	133	1.0000000
dDocent_Contig_25454	1	134	0	133	133	1.0000000
dDocent_Contig_25456	1	134	0	133	133	1.0000000
dDocent_Contig_25457	1	134	0	133	133	1.0000000
dDocent_Contig_25465	1	134	0	133	133	1.0000000
dDocent_Contig_25467	1	134	0	133	133	1.0000000
dDocent_Contig_25472	1	134	0	133	133	1.0000000
dDocent_Contig_25473	1	134	0	133	133	1.0000000
dDocent_Contig_25476	1	134	0	133	133	1.0000000
dDocent_Contig_25477	1	134	0	133	133	1.0000000
dDocent_Contig_25491	1	134	0	133	133	1.0000000
dDocent_Contig_25492	1	134	0	133	133	1.0000000
dDocent_Contig_25493	1	134	0	133	133	1.0000000
dDocent_Contig_25494	1	134	0	133	133	1.0000000
dDocent_Contig_25496	1	134	0	133	133	1.0000000
dDocent_Contig_25505	1	134	0	133	133	1.0000000
dDocent_Contig_25517	1	134	0	133	133	1.0000000
dDocent_Contig_25536	1	134	0	133	133	1.0000000
dDocent_Contig_25539	1	134	0	133	133	1.0000000
dDocent_Contig_25542	1	134	0	133	133	1.0000000
dDocent_Contig_25545	1	134	0	133	133	1.0000000
dDocent_Contig_25551	1	134	0	133	133	1.0000000
dDocent_Contig_25564	1	134	0	133	133	1.0000000
dDocent_Contig_25567	1	134	0	133	133	1.0000000
dDocent_Contig_25575	1	134	0	133	133	1.0000000
dDocent_Contig_25576	1	134	0	133	133	1.0000000
dDocent_Contig_25577	1	134	0	133	133	1.0000000
dDocent_Contig_25580	1	134	0	133	133	1.0000000
dDocent_Contig_25583	1	134	0	133	133	1.0000000
dDocent_Contig_25586	1	134	0	133	133	1.0000000
dDocent_Contig_25587	1	134	0	133	133	1.0000000
dDocent_Contig_25588	1	134	0	133	133	1.0000000
dDocent_Contig_25593	1	134	0	133	133	1.0000000
dDocent_Contig_25595	1	134	0	133	133	1.0000000
dDocent_Contig_25599	1	134	0	133	133	1.0000000
dDocent_Contig_25613	1	134	0	133	133	1.0000000
dDocent_Contig_25614	1	134	0	133	133	1.0000000
dDocent_Contig_25615	1	134	0	133	133	1.0000000
dDocent_Contig_25634	1	134	0	133	133	1.0000000
dDocent_Contig_25642	1	134	0	133	133	1.0000000
dDocent_Contig_25643	1	134	0	133	133	1.0000000
dDocent_Contig_25644	1	134	0	133	133	1.0000000
dDocent_Contig_25652	1	134	0	133	133	1.0000000
dDocent_Contig_25657	1	134	0	133	133	1.0000000
dDocent_Contig_25663	1	134	0	133	133	1.0000000
dDocent_Contig_25682	1	134	0	133	133	1.0000000
dDocent_Contig_25685	1	134	0	133	133	1.0000000
dDocent_Contig_25686	1	134	0	133	133	1.0000000
dDocent_Contig_25688	1	134	0	133	133	1.0000000
dDocent_Contig_25692	1	134	0	133	133	1.0000000
dDocent_Contig_25695	1	134	0	133	133	1.0000000
dDocent_Contig_25697	1	134	0	133	133	1.0000000
dDocent_Contig_25698	1	134	0	133	133	1.0000000
dDocent_Contig_25699	1	134	0	133	133	1.0000000
dDocent_Contig_25700	1	134	0	133	133	1.0000000
dDocent_Contig_25727	1	134	0	133	133	1.0000000
dDocent_Contig_25728	1	134	0	33	133	0.2481203
dDocent_Contig_25728	1	134	1	100	133	0.7518797
dDocent_Contig_25729	1	134	0	133	133	1.0000000
dDocent_Contig_25730	1	134	0	133	133	1.0000000
dDocent_Contig_25749	1	134	0	133	133	1.0000000
dDocent_Contig_25751	1	134	0	133	133	1.0000000
dDocent_Contig_25756	1	134	0	133	133	1.0000000
dDocent_Contig_25759	1	134	0	133	133	1.0000000
dDocent_Contig_25760	1	134	0	133	133	1.0000000
dDocent_Contig_25767	1	134	0	133	133	1.0000000
dDocent_Contig_25769	1	134	0	133	133	1.0000000
dDocent_Contig_25773	1	134	0	133	133	1.0000000
dDocent_Contig_25774	1	134	0	133	133	1.0000000
dDocent_Contig_25776	1	134	0	133	133	1.0000000
dDocent_Contig_25779	1	134	0	133	133	1.0000000
dDocent_Contig_25782	1	134	0	133	133	1.0000000
dDocent_Contig_25783	1	134	0	133	133	1.0000000
dDocent_Contig_25784	1	134	0	133	133	1.0000000
dDocent_Contig_25791	1	134	0	133	133	1.0000000
dDocent_Contig_25799	1	134	0	133	133	1.0000000
dDocent_Contig_25800	1	134	0	133	133	1.0000000
dDocent_Contig_25802	1	134	0	133	133	1.0000000
dDocent_Contig_25803	1	134	0	133	133	1.0000000
dDocent_Contig_25804	1	134	0	133	133	1.0000000
dDocent_Contig_25829	1	134	0	133	133	1.0000000
dDocent_Contig_25830	1	134	0	133	133	1.0000000
dDocent_Contig_25836	1	134	0	133	133	1.0000000
dDocent_Contig_25838	1	134	0	133	133	1.0000000
dDocent_Contig_25843	1	134	0	133	133	1.0000000
dDocent_Contig_25845	1	134	0	133	133	1.0000000
dDocent_Contig_25846	1	134	0	133	133	1.0000000
dDocent_Contig_25847	1	134	0	133	133	1.0000000
dDocent_Contig_25851	1	134	0	133	133	1.0000000
dDocent_Contig_25855	1	134	0	133	133	1.0000000
dDocent_Contig_25858	1	134	0	133	133	1.0000000
dDocent_Contig_25872	1	134	0	133	133	1.0000000
dDocent_Contig_25876	1	134	0	133	133	1.0000000
dDocent_Contig_25877	1	134	0	133	133	1.0000000
dDocent_Contig_25881	1	134	0	133	133	1.0000000
dDocent_Contig_25894	1	134	0	133	133	1.0000000
dDocent_Contig_25902	1	134	0	133	133	1.0000000
dDocent_Contig_25907	1	134	0	133	133	1.0000000
dDocent_Contig_25908	1	134	0	133	133	1.0000000
dDocent_Contig_25909	1	134	0	133	133	1.0000000
dDocent_Contig_25918	1	134	0	133	133	1.0000000
dDocent_Contig_25922	1	134	0	133	133	1.0000000
dDocent_Contig_25924	1	134	0	133	133	1.0000000
dDocent_Contig_25926	1	134	0	133	133	1.0000000
dDocent_Contig_25932	1	134	0	133	133	1.0000000
dDocent_Contig_25934	1	134	0	133	133	1.0000000
dDocent_Contig_25938	1	134	0	133	133	1.0000000
dDocent_Contig_25946	1	134	0	133	133	1.0000000
dDocent_Contig_25947	1	134	0	133	133	1.0000000
dDocent_Contig_25951	1	134	0	133	133	1.0000000
dDocent_Contig_25952	1	134	0	133	133	1.0000000
dDocent_Contig_25967	1	134	0	133	133	1.0000000
dDocent_Contig_25983	1	134	0	133	133	1.0000000
dDocent_Contig_25990	1	134	0	133	133	1.0000000
dDocent_Contig_25999	1	134	0	133	133	1.0000000
dDocent_Contig_26003	1	134	0	133	133	1.0000000
dDocent_Contig_26013	1	134	0	133	133	1.0000000
dDocent_Contig_26014	1	134	0	133	133	1.0000000
dDocent_Contig_26016	1	134	0	133	133	1.0000000
dDocent_Contig_26020	1	134	0	133	133	1.0000000
dDocent_Contig_26024	1	134	0	133	133	1.0000000
dDocent_Contig_26025	1	134	0	133	133	1.0000000
dDocent_Contig_26028	1	134	0	133	133	1.0000000
dDocent_Contig_26040	1	134	0	133	133	1.0000000
dDocent_Contig_26041	1	134	0	133	133	1.0000000
dDocent_Contig_26048	1	134	0	133	133	1.0000000
dDocent_Contig_26053	1	134	0	133	133	1.0000000
dDocent_Contig_26056	1	134	0	133	133	1.0000000
dDocent_Contig_26060	1	134	0	133	133	1.0000000
dDocent_Contig_26063	1	134	0	133	133	1.0000000
dDocent_Contig_26084	1	134	0	133	133	1.0000000
dDocent_Contig_26094	1	134	0	133	133	1.0000000
dDocent_Contig_26097	1	134	0	133	133	1.0000000
dDocent_Contig_26101	1	134	0	133	133	1.0000000
dDocent_Contig_26103	1	134	0	133	133	1.0000000
dDocent_Contig_26104	1	134	0	133	133	1.0000000
dDocent_Contig_26105	1	134	0	133	133	1.0000000
dDocent_Contig_26106	1	134	0	133	133	1.0000000
dDocent_Contig_26108	1	134	0	133	133	1.0000000
dDocent_Contig_26109	1	134	0	133	133	1.0000000
dDocent_Contig_26120	1	134	0	133	133	1.0000000
dDocent_Contig_26123	1	134	0	133	133	1.0000000
dDocent_Contig_26125	1	134	0	133	133	1.0000000
dDocent_Contig_26129	1	134	0	133	133	1.0000000
dDocent_Contig_26130	1	134	0	133	133	1.0000000
dDocent_Contig_26132	1	134	0	133	133	1.0000000
dDocent_Contig_26140	1	134	0	133	133	1.0000000
dDocent_Contig_26143	1	134	0	133	133	1.0000000
dDocent_Contig_26144	1	134	0	133	133	1.0000000
dDocent_Contig_26157	1	134	0	133	133	1.0000000
dDocent_Contig_26172	1	134	0	133	133	1.0000000
dDocent_Contig_26173	1	134	0	133	133	1.0000000
dDocent_Contig_26179	1	134	0	133	133	1.0000000
dDocent_Contig_26183	1	134	0	133	133	1.0000000
dDocent_Contig_26185	1	134	0	133	133	1.0000000
dDocent_Contig_26188	1	134	0	133	133	1.0000000
dDocent_Contig_26193	1	134	0	133	133	1.0000000
dDocent_Contig_26194	1	134	0	133	133	1.0000000
dDocent_Contig_26195	1	134	0	133	133	1.0000000
dDocent_Contig_26215	1	134	0	133	133	1.0000000
dDocent_Contig_26216	1	134	0	133	133	1.0000000
dDocent_Contig_26219	1	134	0	133	133	1.0000000
dDocent_Contig_26224	1	134	0	133	133	1.0000000
dDocent_Contig_26226	1	134	0	133	133	1.0000000
dDocent_Contig_26232	1	134	0	133	133	1.0000000
dDocent_Contig_26233	1	134	0	133	133	1.0000000
dDocent_Contig_26235	1	134	0	133	133	1.0000000
dDocent_Contig_26236	1	134	0	133	133	1.0000000
dDocent_Contig_26240	1	134	0	133	133	1.0000000
dDocent_Contig_26247	1	134	0	133	133	1.0000000
dDocent_Contig_26249	1	134	0	133	133	1.0000000
dDocent_Contig_26251	1	134	0	133	133	1.0000000
dDocent_Contig_26265	1	134	0	133	133	1.0000000
dDocent_Contig_26266	1	134	0	133	133	1.0000000
dDocent_Contig_26268	1	134	0	133	133	1.0000000
dDocent_Contig_26276	1	134	0	133	133	1.0000000
dDocent_Contig_26277	1	134	0	133	133	1.0000000
dDocent_Contig_26283	1	134	0	133	133	1.0000000
dDocent_Contig_26293	1	134	0	133	133	1.0000000
dDocent_Contig_26297	1	134	0	133	133	1.0000000
dDocent_Contig_26305	1	134	0	133	133	1.0000000
dDocent_Contig_26307	1	134	0	133	133	1.0000000
dDocent_Contig_26320	1	134	0	133	133	1.0000000
dDocent_Contig_26323	1	134	0	133	133	1.0000000
dDocent_Contig_26326	1	134	0	133	133	1.0000000
dDocent_Contig_26336	1	134	0	133	133	1.0000000
dDocent_Contig_26347	1	134	0	133	133	1.0000000
dDocent_Contig_26348	1	134	0	133	133	1.0000000
dDocent_Contig_26351	1	134	0	133	133	1.0000000
dDocent_Contig_26353	1	134	0	133	133	1.0000000
dDocent_Contig_26357	1	134	0	133	133	1.0000000
dDocent_Contig_26358	1	134	0	133	133	1.0000000
dDocent_Contig_26359	1	134	0	133	133	1.0000000
dDocent_Contig_26362	1	134	0	133	133	1.0000000
dDocent_Contig_26368	1	134	0	133	133	1.0000000
dDocent_Contig_26372	1	134	0	133	133	1.0000000
dDocent_Contig_26373	1	134	0	133	133	1.0000000
dDocent_Contig_26374	1	134	0	133	133	1.0000000
dDocent_Contig_26388	1	134	0	133	133	1.0000000
dDocent_Contig_26389	1	134	0	133	133	1.0000000
dDocent_Contig_26391	1	134	0	13	133	0.0977444
dDocent_Contig_26391	1	134	1	54	133	0.4060150
dDocent_Contig_26391	1	134	2	66	133	0.4962406
dDocent_Contig_26396	1	134	0	133	133	1.0000000
dDocent_Contig_26399	1	134	0	133	133	1.0000000
dDocent_Contig_26400	1	134	0	133	133	1.0000000
dDocent_Contig_26401	1	134	0	133	133	1.0000000
dDocent_Contig_26404	1	134	0	133	133	1.0000000
dDocent_Contig_26409	1	134	0	133	133	1.0000000
dDocent_Contig_26410	1	134	0	133	133	1.0000000
dDocent_Contig_26420	1	134	0	133	133	1.0000000
dDocent_Contig_26424	1	134	0	133	133	1.0000000
dDocent_Contig_26437	1	134	0	133	133	1.0000000
dDocent_Contig_26441	1	134	0	133	133	1.0000000
dDocent_Contig_26442	1	134	0	133	133	1.0000000
dDocent_Contig_26443	1	134	0	133	133	1.0000000
dDocent_Contig_26454	1	134	0	133	133	1.0000000
dDocent_Contig_26457	1	134	0	133	133	1.0000000
dDocent_Contig_26458	1	134	0	133	133	1.0000000
dDocent_Contig_26467	1	134	0	133	133	1.0000000
dDocent_Contig_26475	1	134	0	133	133	1.0000000
dDocent_Contig_26477	1	134	0	133	133	1.0000000
dDocent_Contig_26487	1	134	0	133	133	1.0000000
dDocent_Contig_26489	1	134	0	133	133	1.0000000
dDocent_Contig_26490	1	134	0	133	133	1.0000000
dDocent_Contig_26499	1	134	0	133	133	1.0000000
dDocent_Contig_26502	1	134	0	133	133	1.0000000
dDocent_Contig_26503	1	134	0	133	133	1.0000000
dDocent_Contig_26511	1	134	0	133	133	1.0000000
dDocent_Contig_26518	1	134	0	133	133	1.0000000
dDocent_Contig_26522	1	134	0	133	133	1.0000000
dDocent_Contig_26525	1	134	0	133	133	1.0000000
dDocent_Contig_26526	1	134	0	133	133	1.0000000
dDocent_Contig_26535	1	134	0	133	133	1.0000000
dDocent_Contig_26536	1	134	0	133	133	1.0000000
dDocent_Contig_26538	1	134	0	133	133	1.0000000
dDocent_Contig_26539	1	134	0	12	133	0.0902256
dDocent_Contig_26539	1	134	3	121	133	0.9097744
dDocent_Contig_26540	1	134	0	133	133	1.0000000
dDocent_Contig_26542	1	134	0	133	133	1.0000000
dDocent_Contig_26557	1	134	2	133	133	1.0000000
dDocent_Contig_26558	1	134	0	133	133	1.0000000
dDocent_Contig_26561	1	134	0	133	133	1.0000000
dDocent_Contig_26563	1	134	0	133	133	1.0000000
dDocent_Contig_26564	1	134	0	133	133	1.0000000
dDocent_Contig_26570	1	134	0	133	133	1.0000000
dDocent_Contig_26571	1	134	0	133	133	1.0000000
dDocent_Contig_26584	1	134	0	133	133	1.0000000
dDocent_Contig_26616	1	134	0	133	133	1.0000000
dDocent_Contig_26617	1	134	0	133	133	1.0000000
dDocent_Contig_26620	1	134	0	133	133	1.0000000
dDocent_Contig_26627	1	134	0	133	133	1.0000000
dDocent_Contig_26638	1	134	0	133	133	1.0000000
dDocent_Contig_26645	1	134	0	133	133	1.0000000
dDocent_Contig_26649	1	134	0	133	133	1.0000000
dDocent_Contig_26650	1	134	0	133	133	1.0000000
dDocent_Contig_26659	1	134	0	133	133	1.0000000
dDocent_Contig_26668	1	134	0	133	133	1.0000000
dDocent_Contig_26669	1	134	0	133	133	1.0000000
dDocent_Contig_26682	1	134	0	133	133	1.0000000
dDocent_Contig_26690	1	134	0	133	133	1.0000000
dDocent_Contig_26691	1	134	0	133	133	1.0000000
dDocent_Contig_26693	1	134	0	133	133	1.0000000
dDocent_Contig_26699	1	134	0	133	133	1.0000000
dDocent_Contig_26706	1	134	0	133	133	1.0000000
dDocent_Contig_26719	1	134	0	133	133	1.0000000
dDocent_Contig_26739	1	134	0	133	133	1.0000000
dDocent_Contig_26748	1	134	0	133	133	1.0000000
dDocent_Contig_26751	1	134	0	133	133	1.0000000
dDocent_Contig_26755	1	134	0	133	133	1.0000000
dDocent_Contig_26756	1	134	0	133	133	1.0000000
dDocent_Contig_26787	1	134	0	133	133	1.0000000
dDocent_Contig_26789	1	134	0	133	133	1.0000000
dDocent_Contig_26795	1	134	0	85	133	0.6390978
dDocent_Contig_26795	1	134	1	48	133	0.3609022
dDocent_Contig_26796	1	134	0	133	133	1.0000000
dDocent_Contig_26797	1	134	0	133	133	1.0000000
dDocent_Contig_26799	1	134	0	133	133	1.0000000
dDocent_Contig_26807	1	134	0	133	133	1.0000000
dDocent_Contig_26813	1	134	0	133	133	1.0000000
dDocent_Contig_26817	1	134	0	133	133	1.0000000
dDocent_Contig_26820	1	134	0	133	133	1.0000000
dDocent_Contig_26821	1	134	0	133	133	1.0000000
dDocent_Contig_26822	1	134	0	133	133	1.0000000
dDocent_Contig_26823	1	134	0	133	133	1.0000000
dDocent_Contig_26824	1	134	0	133	133	1.0000000
dDocent_Contig_26826	1	134	0	133	133	1.0000000
dDocent_Contig_26831	1	134	0	133	133	1.0000000
dDocent_Contig_26839	1	134	0	133	133	1.0000000
dDocent_Contig_26841	1	134	0	41	133	0.3082707
dDocent_Contig_26841	1	134	1	92	133	0.6917293
dDocent_Contig_26842	1	134	0	133	133	1.0000000
dDocent_Contig_26861	1	134	0	133	133	1.0000000
dDocent_Contig_26862	1	134	0	133	133	1.0000000
dDocent_Contig_26865	1	134	0	133	133	1.0000000
dDocent_Contig_26870	1	134	0	133	133	1.0000000
dDocent_Contig_26874	1	134	0	133	133	1.0000000
dDocent_Contig_26876	1	134	0	133	133	1.0000000
dDocent_Contig_26880	1	134	0	133	133	1.0000000
dDocent_Contig_26883	1	134	0	133	133	1.0000000
dDocent_Contig_26884	1	134	0	133	133	1.0000000
dDocent_Contig_26887	1	134	0	133	133	1.0000000
dDocent_Contig_26893	1	134	0	133	133	1.0000000
dDocent_Contig_26895	1	134	0	133	133	1.0000000
dDocent_Contig_26902	1	134	0	133	133	1.0000000
dDocent_Contig_26903	1	134	0	133	133	1.0000000
dDocent_Contig_26906	1	134	0	133	133	1.0000000
dDocent_Contig_26928	1	134	0	133	133	1.0000000
dDocent_Contig_26930	1	134	0	133	133	1.0000000
dDocent_Contig_26933	1	134	0	133	133	1.0000000
dDocent_Contig_26934	1	134	0	133	133	1.0000000
dDocent_Contig_26938	1	134	3	133	133	1.0000000
dDocent_Contig_26939	1	134	0	133	133	1.0000000
dDocent_Contig_26949	1	134	0	133	133	1.0000000
dDocent_Contig_26960	1	134	0	133	133	1.0000000
dDocent_Contig_26962	1	134	0	133	133	1.0000000
dDocent_Contig_26968	1	134	0	133	133	1.0000000
dDocent_Contig_26969	1	134	0	133	133	1.0000000
dDocent_Contig_26971	1	134	0	133	133	1.0000000
dDocent_Contig_26975	1	134	0	133	133	1.0000000
dDocent_Contig_26978	1	134	0	133	133	1.0000000
dDocent_Contig_26982	1	134	0	133	133	1.0000000
dDocent_Contig_26987	1	134	0	133	133	1.0000000
dDocent_Contig_26990	1	134	0	133	133	1.0000000
dDocent_Contig_26991	1	134	0	133	133	1.0000000
dDocent_Contig_26995	1	134	0	133	133	1.0000000
dDocent_Contig_26996	1	134	0	64	133	0.4812030
dDocent_Contig_26996	1	134	1	69	133	0.5187970
dDocent_Contig_26999	1	134	0	133	133	1.0000000
dDocent_Contig_27002	1	134	0	133	133	1.0000000
dDocent_Contig_27003	1	134	0	133	133	1.0000000
dDocent_Contig_27005	1	134	0	133	133	1.0000000
dDocent_Contig_27006	1	134	0	133	133	1.0000000
dDocent_Contig_27010	1	134	0	133	133	1.0000000
dDocent_Contig_27012	1	134	0	133	133	1.0000000
dDocent_Contig_27015	1	134	0	133	133	1.0000000
dDocent_Contig_27024	1	134	0	133	133	1.0000000
dDocent_Contig_27038	1	134	0	133	133	1.0000000
dDocent_Contig_27041	1	134	0	133	133	1.0000000
dDocent_Contig_27043	1	134	0	133	133	1.0000000
dDocent_Contig_27046	1	134	0	133	133	1.0000000
dDocent_Contig_27052	1	134	0	133	133	1.0000000
dDocent_Contig_27056	1	134	0	133	133	1.0000000
dDocent_Contig_27058	1	134	0	133	133	1.0000000
dDocent_Contig_27059	1	134	0	133	133	1.0000000
dDocent_Contig_27060	1	134	0	133	133	1.0000000
dDocent_Contig_27061	1	134	0	133	133	1.0000000
dDocent_Contig_27062	1	134	0	133	133	1.0000000
dDocent_Contig_27065	1	134	0	133	133	1.0000000
dDocent_Contig_27066	1	134	0	16	133	0.1203008
dDocent_Contig_27066	1	134	1	117	133	0.8796992
dDocent_Contig_27069	1	134	0	133	133	1.0000000
dDocent_Contig_27070	1	134	0	133	133	1.0000000
dDocent_Contig_27071	1	134	0	133	133	1.0000000
dDocent_Contig_27080	1	134	0	133	133	1.0000000
dDocent_Contig_27086	1	134	0	133	133	1.0000000
dDocent_Contig_27089	1	134	0	133	133	1.0000000
dDocent_Contig_27094	1	134	0	133	133	1.0000000
dDocent_Contig_27095	1	134	0	133	133	1.0000000
dDocent_Contig_27097	1	134	0	133	133	1.0000000
dDocent_Contig_27101	1	134	0	133	133	1.0000000
dDocent_Contig_27107	1	134	0	133	133	1.0000000
dDocent_Contig_27109	1	134	0	133	133	1.0000000
dDocent_Contig_27121	1	134	0	133	133	1.0000000
dDocent_Contig_27131	1	134	0	133	133	1.0000000
dDocent_Contig_27132	1	134	0	133	133	1.0000000
dDocent_Contig_27135	1	134	0	133	133	1.0000000
dDocent_Contig_27138	1	134	0	133	133	1.0000000
dDocent_Contig_27139	1	134	0	133	133	1.0000000
dDocent_Contig_27141	1	134	0	133	133	1.0000000
dDocent_Contig_27142	1	134	0	133	133	1.0000000
dDocent_Contig_27143	1	134	0	133	133	1.0000000
dDocent_Contig_27148	1	134	0	133	133	1.0000000
dDocent_Contig_27150	1	134	0	133	133	1.0000000
dDocent_Contig_27155	1	134	0	133	133	1.0000000
dDocent_Contig_27156	1	134	0	133	133	1.0000000
dDocent_Contig_27158	1	134	0	133	133	1.0000000
dDocent_Contig_27159	1	134	0	133	133	1.0000000
dDocent_Contig_27160	1	134	0	133	133	1.0000000
dDocent_Contig_27168	1	134	0	133	133	1.0000000
dDocent_Contig_27171	1	134	0	133	133	1.0000000
dDocent_Contig_27175	1	134	0	133	133	1.0000000
dDocent_Contig_27176	1	134	0	133	133	1.0000000
dDocent_Contig_27180	1	134	0	133	133	1.0000000
dDocent_Contig_27181	1	134	0	133	133	1.0000000
dDocent_Contig_27182	1	134	0	133	133	1.0000000
dDocent_Contig_27187	1	134	0	133	133	1.0000000
dDocent_Contig_27188	1	134	0	133	133	1.0000000
dDocent_Contig_27189	1	134	0	133	133	1.0000000
dDocent_Contig_27193	1	134	0	133	133	1.0000000
dDocent_Contig_27198	1	134	0	133	133	1.0000000
dDocent_Contig_27200	1	134	0	133	133	1.0000000
dDocent_Contig_27202	1	134	0	133	133	1.0000000
dDocent_Contig_27203	1	134	0	133	133	1.0000000
dDocent_Contig_27206	1	134	0	133	133	1.0000000
dDocent_Contig_27212	1	134	0	133	133	1.0000000
dDocent_Contig_27213	1	134	0	133	133	1.0000000
dDocent_Contig_27226	1	134	0	133	133	1.0000000
dDocent_Contig_27229	1	134	0	133	133	1.0000000
dDocent_Contig_27230	1	134	0	133	133	1.0000000
dDocent_Contig_27233	1	134	0	133	133	1.0000000
dDocent_Contig_27238	1	134	0	133	133	1.0000000
dDocent_Contig_27239	1	134	0	133	133	1.0000000
dDocent_Contig_27249	1	134	0	133	133	1.0000000
dDocent_Contig_27256	1	134	0	133	133	1.0000000
dDocent_Contig_27257	1	134	0	133	133	1.0000000
dDocent_Contig_27259	1	134	0	133	133	1.0000000
dDocent_Contig_27266	1	134	0	133	133	1.0000000
dDocent_Contig_27267	1	134	0	133	133	1.0000000
dDocent_Contig_27269	1	134	0	133	133	1.0000000
dDocent_Contig_27279	1	134	0	133	133	1.0000000
dDocent_Contig_27280	1	134	0	133	133	1.0000000
dDocent_Contig_27281	1	134	0	133	133	1.0000000
dDocent_Contig_27282	1	134	0	133	133	1.0000000
dDocent_Contig_27286	1	134	0	133	133	1.0000000
dDocent_Contig_27290	1	134	0	133	133	1.0000000
dDocent_Contig_27291	1	134	0	133	133	1.0000000
dDocent_Contig_27297	1	134	0	133	133	1.0000000
dDocent_Contig_27299	1	134	0	133	133	1.0000000
dDocent_Contig_27304	1	134	0	133	133	1.0000000
dDocent_Contig_27311	1	134	0	133	133	1.0000000
dDocent_Contig_27315	1	134	0	133	133	1.0000000
dDocent_Contig_27319	1	134	0	133	133	1.0000000
dDocent_Contig_27322	1	134	0	133	133	1.0000000
dDocent_Contig_27325	1	134	0	133	133	1.0000000
dDocent_Contig_27332	1	134	0	133	133	1.0000000
dDocent_Contig_27338	1	134	0	133	133	1.0000000
dDocent_Contig_27339	1	134	0	133	133	1.0000000
dDocent_Contig_27342	1	134	0	133	133	1.0000000
dDocent_Contig_27352	1	134	0	133	133	1.0000000
dDocent_Contig_27363	1	134	0	133	133	1.0000000
dDocent_Contig_27366	1	134	0	133	133	1.0000000
dDocent_Contig_27388	1	134	0	133	133	1.0000000
dDocent_Contig_27390	1	134	0	133	133	1.0000000
dDocent_Contig_27391	1	134	0	133	133	1.0000000
dDocent_Contig_27393	1	134	0	133	133	1.0000000
dDocent_Contig_27395	1	134	0	54	133	0.4060150
dDocent_Contig_27395	1	134	1	79	133	0.5939850
dDocent_Contig_27396	1	134	0	133	133	1.0000000
dDocent_Contig_27399	1	134	0	133	133	1.0000000
dDocent_Contig_27404	1	134	0	133	133	1.0000000
dDocent_Contig_27409	1	134	0	133	133	1.0000000
dDocent_Contig_27431	1	134	0	133	133	1.0000000
dDocent_Contig_27433	1	134	0	133	133	1.0000000
dDocent_Contig_27443	1	134	0	133	133	1.0000000
dDocent_Contig_27446	1	134	0	133	133	1.0000000
dDocent_Contig_27447	1	134	0	133	133	1.0000000
dDocent_Contig_27448	1	134	0	133	133	1.0000000
dDocent_Contig_27449	1	134	0	133	133	1.0000000
dDocent_Contig_27454	1	134	0	133	133	1.0000000
dDocent_Contig_27455	1	134	0	133	133	1.0000000
dDocent_Contig_27457	1	134	0	133	133	1.0000000
dDocent_Contig_27458	1	134	0	133	133	1.0000000
dDocent_Contig_27461	1	134	0	133	133	1.0000000
dDocent_Contig_27466	1	134	0	133	133	1.0000000
dDocent_Contig_27467	1	134	0	133	133	1.0000000
dDocent_Contig_27468	1	134	0	133	133	1.0000000
dDocent_Contig_27470	1	134	0	133	133	1.0000000
dDocent_Contig_27473	1	134	0	115	133	0.8646616
dDocent_Contig_27473	1	134	1	18	133	0.1353384
dDocent_Contig_27482	1	134	0	133	133	1.0000000
dDocent_Contig_27491	1	134	0	133	133	1.0000000
dDocent_Contig_27496	1	134	0	133	133	1.0000000
dDocent_Contig_27497	1	134	0	133	133	1.0000000
dDocent_Contig_27505	1	134	0	133	133	1.0000000
dDocent_Contig_27512	1	134	0	133	133	1.0000000
dDocent_Contig_27514	1	134	0	133	133	1.0000000
dDocent_Contig_27516	1	134	0	133	133	1.0000000
dDocent_Contig_27521	1	134	0	133	133	1.0000000
dDocent_Contig_27526	1	134	0	133	133	1.0000000
dDocent_Contig_27528	1	134	0	133	133	1.0000000
dDocent_Contig_27539	1	134	0	133	133	1.0000000
dDocent_Contig_27541	1	134	0	133	133	1.0000000
dDocent_Contig_27549	1	134	0	133	133	1.0000000
dDocent_Contig_27560	1	134	0	133	133	1.0000000
dDocent_Contig_27561	1	134	0	133	133	1.0000000
dDocent_Contig_27568	1	134	0	133	133	1.0000000
dDocent_Contig_27569	1	134	0	133	133	1.0000000
dDocent_Contig_27573	1	134	0	133	133	1.0000000
dDocent_Contig_27577	1	134	0	133	133	1.0000000
dDocent_Contig_27578	1	134	0	133	133	1.0000000
dDocent_Contig_27586	1	134	0	133	133	1.0000000
dDocent_Contig_27587	1	134	0	133	133	1.0000000
dDocent_Contig_27588	1	134	0	133	133	1.0000000
dDocent_Contig_27589	1	134	0	133	133	1.0000000
dDocent_Contig_27590	1	134	0	133	133	1.0000000
dDocent_Contig_27591	1	134	0	133	133	1.0000000
dDocent_Contig_27593	1	134	0	133	133	1.0000000
dDocent_Contig_27594	1	134	0	133	133	1.0000000
dDocent_Contig_27600	1	134	0	133	133	1.0000000
dDocent_Contig_27603	1	134	0	133	133	1.0000000
dDocent_Contig_27604	1	134	0	133	133	1.0000000
dDocent_Contig_27606	1	134	0	133	133	1.0000000
dDocent_Contig_27609	1	134	0	60	133	0.4511278
dDocent_Contig_27609	1	134	1	73	133	0.5488722
dDocent_Contig_27610	1	134	0	133	133	1.0000000
dDocent_Contig_27616	1	134	0	133	133	1.0000000
dDocent_Contig_27617	1	134	0	133	133	1.0000000
dDocent_Contig_27620	1	134	0	133	133	1.0000000
dDocent_Contig_27631	1	134	0	133	133	1.0000000
dDocent_Contig_27634	1	134	0	133	133	1.0000000
dDocent_Contig_27640	1	134	0	133	133	1.0000000
dDocent_Contig_27641	1	134	0	133	133	1.0000000
dDocent_Contig_27643	1	134	0	133	133	1.0000000
dDocent_Contig_27652	1	134	0	133	133	1.0000000
dDocent_Contig_27666	1	134	0	133	133	1.0000000
dDocent_Contig_27670	1	134	0	133	133	1.0000000
dDocent_Contig_27671	1	134	0	133	133	1.0000000
dDocent_Contig_27674	1	134	0	133	133	1.0000000
dDocent_Contig_27676	1	134	0	133	133	1.0000000
dDocent_Contig_27683	1	134	0	133	133	1.0000000
dDocent_Contig_27684	1	134	0	133	133	1.0000000
dDocent_Contig_27692	1	134	0	133	133	1.0000000
dDocent_Contig_27694	1	134	0	133	133	1.0000000
dDocent_Contig_27702	1	134	0	133	133	1.0000000
dDocent_Contig_27704	1	134	0	133	133	1.0000000
dDocent_Contig_27710	1	134	0	133	133	1.0000000
dDocent_Contig_27715	1	134	0	133	133	1.0000000
dDocent_Contig_27717	1	134	0	133	133	1.0000000
dDocent_Contig_27725	1	134	0	133	133	1.0000000
dDocent_Contig_27731	1	134	0	133	133	1.0000000
dDocent_Contig_27733	1	134	0	133	133	1.0000000
dDocent_Contig_27734	1	134	0	133	133	1.0000000
dDocent_Contig_27736	1	134	0	133	133	1.0000000
dDocent_Contig_27740	1	134	0	133	133	1.0000000
dDocent_Contig_27741	1	134	0	133	133	1.0000000
dDocent_Contig_27742	1	134	0	133	133	1.0000000
dDocent_Contig_27746	1	134	0	133	133	1.0000000
dDocent_Contig_27754	1	134	0	133	133	1.0000000
dDocent_Contig_27755	1	134	0	133	133	1.0000000
dDocent_Contig_27766	1	134	0	133	133	1.0000000
dDocent_Contig_27775	1	134	0	133	133	1.0000000
dDocent_Contig_27801	1	134	0	133	133	1.0000000
dDocent_Contig_27802	1	134	0	133	133	1.0000000
dDocent_Contig_27806	1	134	0	133	133	1.0000000
dDocent_Contig_27808	1	134	0	133	133	1.0000000
dDocent_Contig_27813	1	134	0	133	133	1.0000000
dDocent_Contig_27820	1	134	0	133	133	1.0000000
dDocent_Contig_27823	1	134	0	133	133	1.0000000
dDocent_Contig_27824	1	134	0	133	133	1.0000000
dDocent_Contig_27825	1	134	0	133	133	1.0000000
dDocent_Contig_27826	1	134	0	133	133	1.0000000
dDocent_Contig_27827	1	134	0	133	133	1.0000000
dDocent_Contig_27831	1	134	0	133	133	1.0000000
dDocent_Contig_27839	1	134	0	133	133	1.0000000
dDocent_Contig_27843	1	134	0	133	133	1.0000000
dDocent_Contig_27845	1	134	0	133	133	1.0000000
dDocent_Contig_27847	1	134	0	133	133	1.0000000
dDocent_Contig_27848	1	134	0	133	133	1.0000000
dDocent_Contig_27849	1	134	0	133	133	1.0000000
dDocent_Contig_27850	1	134	0	133	133	1.0000000
dDocent_Contig_27858	1	134	0	133	133	1.0000000
dDocent_Contig_27866	1	134	0	133	133	1.0000000
dDocent_Contig_27872	1	134	0	133	133	1.0000000
dDocent_Contig_27912	1	134	0	133	133	1.0000000
dDocent_Contig_27915	1	134	0	133	133	1.0000000
dDocent_Contig_27921	1	134	0	133	133	1.0000000
dDocent_Contig_27926	1	134	0	133	133	1.0000000
dDocent_Contig_27927	1	134	0	133	133	1.0000000
dDocent_Contig_27928	1	134	0	133	133	1.0000000
dDocent_Contig_27935	1	134	0	133	133	1.0000000
dDocent_Contig_27940	1	134	0	133	133	1.0000000
dDocent_Contig_27942	1	134	0	133	133	1.0000000
dDocent_Contig_27943	1	134	0	133	133	1.0000000
dDocent_Contig_27957	1	134	0	133	133	1.0000000
dDocent_Contig_27958	1	134	0	133	133	1.0000000
dDocent_Contig_27959	1	134	0	133	133	1.0000000
dDocent_Contig_27967	1	134	0	133	133	1.0000000
dDocent_Contig_27971	1	134	0	133	133	1.0000000
dDocent_Contig_27978	1	134	0	133	133	1.0000000
dDocent_Contig_27979	1	134	0	133	133	1.0000000
dDocent_Contig_27980	1	134	0	133	133	1.0000000
dDocent_Contig_27981	1	134	0	133	133	1.0000000
dDocent_Contig_27999	1	134	0	133	133	1.0000000
dDocent_Contig_28002	1	134	0	133	133	1.0000000
dDocent_Contig_28003	1	134	0	133	133	1.0000000
dDocent_Contig_28008	1	134	0	133	133	1.0000000
dDocent_Contig_28021	1	134	0	133	133	1.0000000
dDocent_Contig_28023	1	134	0	133	133	1.0000000
dDocent_Contig_28029	1	134	0	133	133	1.0000000
dDocent_Contig_28047	1	134	0	133	133	1.0000000
dDocent_Contig_28052	1	134	0	133	133	1.0000000
dDocent_Contig_28054	1	134	0	133	133	1.0000000
dDocent_Contig_28063	1	134	0	133	133	1.0000000
dDocent_Contig_28072	1	134	0	133	133	1.0000000
dDocent_Contig_28076	1	134	0	133	133	1.0000000
dDocent_Contig_28078	1	134	0	133	133	1.0000000
dDocent_Contig_28085	1	134	0	133	133	1.0000000
dDocent_Contig_28087	1	134	0	133	133	1.0000000
dDocent_Contig_28088	1	134	0	133	133	1.0000000
dDocent_Contig_28097	1	134	0	133	133	1.0000000
dDocent_Contig_28102	1	134	0	133	133	1.0000000
dDocent_Contig_28108	1	134	0	133	133	1.0000000
dDocent_Contig_28109	1	134	0	133	133	1.0000000
dDocent_Contig_28110	1	134	0	133	133	1.0000000
dDocent_Contig_28111	1	134	0	133	133	1.0000000
dDocent_Contig_28119	1	134	0	133	133	1.0000000
dDocent_Contig_28126	1	134	0	133	133	1.0000000
dDocent_Contig_28127	1	134	0	133	133	1.0000000
dDocent_Contig_28134	1	134	0	107	133	0.8045112
dDocent_Contig_28134	1	134	1	26	133	0.1954887
dDocent_Contig_28136	1	134	0	133	133	1.0000000
dDocent_Contig_28140	1	134	0	133	133	1.0000000
dDocent_Contig_28147	1	134	0	133	133	1.0000000
dDocent_Contig_28159	1	134	0	133	133	1.0000000
dDocent_Contig_28160	1	134	0	133	133	1.0000000
dDocent_Contig_28170	1	134	0	133	133	1.0000000
dDocent_Contig_28171	1	134	0	133	133	1.0000000
dDocent_Contig_28174	1	134	0	133	133	1.0000000
dDocent_Contig_28176	1	134	0	133	133	1.0000000
dDocent_Contig_28178	1	134	0	133	133	1.0000000
dDocent_Contig_28186	1	134	0	133	133	1.0000000
dDocent_Contig_28191	1	134	0	133	133	1.0000000
dDocent_Contig_28192	1	134	0	133	133	1.0000000
dDocent_Contig_28198	1	134	0	133	133	1.0000000
dDocent_Contig_28199	1	134	0	133	133	1.0000000
dDocent_Contig_28203	1	134	0	133	133	1.0000000
dDocent_Contig_28205	1	134	0	133	133	1.0000000
dDocent_Contig_28206	1	134	0	133	133	1.0000000
dDocent_Contig_28208	1	134	0	133	133	1.0000000
dDocent_Contig_28213	1	134	0	133	133	1.0000000
dDocent_Contig_28214	1	134	0	133	133	1.0000000
dDocent_Contig_28219	1	134	0	133	133	1.0000000
dDocent_Contig_28220	1	134	0	133	133	1.0000000
dDocent_Contig_28227	1	134	0	133	133	1.0000000
dDocent_Contig_28233	1	134	0	133	133	1.0000000
dDocent_Contig_28241	1	134	0	133	133	1.0000000
dDocent_Contig_28243	1	134	0	133	133	1.0000000
dDocent_Contig_28257	1	134	0	133	133	1.0000000
dDocent_Contig_28258	1	134	0	133	133	1.0000000
dDocent_Contig_28263	1	134	0	133	133	1.0000000
dDocent_Contig_28268	1	134	0	133	133	1.0000000
dDocent_Contig_28276	1	134	0	133	133	1.0000000
dDocent_Contig_28287	1	134	0	133	133	1.0000000
dDocent_Contig_28294	1	134	0	133	133	1.0000000
dDocent_Contig_28298	1	134	0	133	133	1.0000000
dDocent_Contig_28302	1	134	0	133	133	1.0000000
dDocent_Contig_28305	1	134	0	56	133	0.4210526
dDocent_Contig_28305	1	134	1	51	133	0.3834586
dDocent_Contig_28305	1	134	2	26	133	0.1954887
dDocent_Contig_28306	1	134	0	133	133	1.0000000
dDocent_Contig_28311	1	134	0	133	133	1.0000000
dDocent_Contig_28312	1	134	0	133	133	1.0000000
dDocent_Contig_28314	1	134	0	133	133	1.0000000
dDocent_Contig_28316	1	134	0	133	133	1.0000000
dDocent_Contig_28340	1	134	0	133	133	1.0000000
dDocent_Contig_28349	1	134	0	133	133	1.0000000
dDocent_Contig_28354	1	134	0	133	133	1.0000000
dDocent_Contig_28371	1	134	0	133	133	1.0000000
dDocent_Contig_28406	1	134	0	133	133	1.0000000
dDocent_Contig_28407	1	134	0	133	133	1.0000000
dDocent_Contig_28413	1	134	0	133	133	1.0000000
dDocent_Contig_28414	1	134	0	133	133	1.0000000
dDocent_Contig_28417	1	134	0	133	133	1.0000000
dDocent_Contig_28423	1	134	0	133	133	1.0000000
dDocent_Contig_28433	1	134	0	133	133	1.0000000
dDocent_Contig_28436	1	134	0	133	133	1.0000000
dDocent_Contig_28446	1	134	0	133	133	1.0000000
dDocent_Contig_28451	1	134	0	133	133	1.0000000
dDocent_Contig_28453	1	134	0	133	133	1.0000000
dDocent_Contig_28460	1	134	0	133	133	1.0000000
dDocent_Contig_28463	1	134	0	133	133	1.0000000
dDocent_Contig_28464	1	134	0	133	133	1.0000000
dDocent_Contig_28468	1	134	0	133	133	1.0000000
dDocent_Contig_28471	1	134	0	133	133	1.0000000
dDocent_Contig_28481	1	134	0	133	133	1.0000000
dDocent_Contig_28493	1	134	0	133	133	1.0000000
dDocent_Contig_28503	1	134	0	133	133	1.0000000
dDocent_Contig_28505	1	134	0	133	133	1.0000000
dDocent_Contig_28509	1	134	0	133	133	1.0000000
dDocent_Contig_28513	1	134	0	133	133	1.0000000
dDocent_Contig_28523	1	134	0	133	133	1.0000000
dDocent_Contig_28527	1	134	0	133	133	1.0000000
dDocent_Contig_28546	1	134	0	133	133	1.0000000
dDocent_Contig_28550	1	134	0	133	133	1.0000000
dDocent_Contig_28552	1	134	0	133	133	1.0000000
dDocent_Contig_28555	1	134	0	133	133	1.0000000
dDocent_Contig_28558	1	134	0	133	133	1.0000000
dDocent_Contig_28559	1	134	0	133	133	1.0000000
dDocent_Contig_28561	1	134	0	133	133	1.0000000
dDocent_Contig_28563	1	134	0	133	133	1.0000000
dDocent_Contig_28566	1	134	0	133	133	1.0000000
dDocent_Contig_28571	1	134	0	133	133	1.0000000
dDocent_Contig_28573	1	134	0	133	133	1.0000000
dDocent_Contig_28575	1	134	0	133	133	1.0000000
dDocent_Contig_28576	1	134	0	133	133	1.0000000
dDocent_Contig_28579	1	134	0	133	133	1.0000000
dDocent_Contig_28584	1	134	0	133	133	1.0000000
dDocent_Contig_28585	1	134	0	133	133	1.0000000
dDocent_Contig_28587	1	134	0	133	133	1.0000000
dDocent_Contig_28588	1	134	0	133	133	1.0000000
dDocent_Contig_28590	1	134	0	133	133	1.0000000
dDocent_Contig_28601	1	134	0	133	133	1.0000000
dDocent_Contig_28602	1	134	0	133	133	1.0000000
dDocent_Contig_28603	1	134	0	133	133	1.0000000
dDocent_Contig_28610	1	134	0	133	133	1.0000000
dDocent_Contig_28612	1	134	0	133	133	1.0000000
dDocent_Contig_28615	1	134	0	133	133	1.0000000
dDocent_Contig_28619	1	134	0	133	133	1.0000000
dDocent_Contig_28627	1	134	0	133	133	1.0000000
dDocent_Contig_28632	1	134	0	133	133	1.0000000
dDocent_Contig_28633	1	134	0	133	133	1.0000000
dDocent_Contig_28635	1	134	0	133	133	1.0000000
dDocent_Contig_28638	1	134	0	133	133	1.0000000
dDocent_Contig_28642	1	134	0	133	133	1.0000000
dDocent_Contig_28656	1	134	0	133	133	1.0000000
dDocent_Contig_28662	1	134	0	133	133	1.0000000
dDocent_Contig_28670	1	134	0	133	133	1.0000000
dDocent_Contig_28672	1	134	0	133	133	1.0000000
dDocent_Contig_28678	1	134	0	133	133	1.0000000
dDocent_Contig_28684	1	134	0	133	133	1.0000000
dDocent_Contig_28687	1	134	0	133	133	1.0000000
dDocent_Contig_28688	1	134	0	133	133	1.0000000
dDocent_Contig_28689	1	134	0	133	133	1.0000000
dDocent_Contig_28691	1	134	0	133	133	1.0000000
dDocent_Contig_28693	1	134	0	133	133	1.0000000
dDocent_Contig_28698	1	134	0	133	133	1.0000000
dDocent_Contig_28701	1	134	0	133	133	1.0000000
dDocent_Contig_28702	1	134	0	133	133	1.0000000
dDocent_Contig_28706	1	134	0	133	133	1.0000000
dDocent_Contig_28710	1	134	0	133	133	1.0000000
dDocent_Contig_28711	1	134	0	133	133	1.0000000
dDocent_Contig_28712	1	134	0	133	133	1.0000000
dDocent_Contig_28714	1	134	0	133	133	1.0000000
dDocent_Contig_28718	1	134	0	133	133	1.0000000
dDocent_Contig_28720	1	134	0	133	133	1.0000000
dDocent_Contig_28735	1	134	0	133	133	1.0000000
dDocent_Contig_28748	1	134	0	133	133	1.0000000
dDocent_Contig_28749	1	134	0	133	133	1.0000000
dDocent_Contig_28751	1	134	0	133	133	1.0000000
dDocent_Contig_28752	1	134	0	133	133	1.0000000
dDocent_Contig_28754	1	134	0	133	133	1.0000000
dDocent_Contig_28761	1	134	0	133	133	1.0000000
dDocent_Contig_28762	1	134	0	133	133	1.0000000
dDocent_Contig_28764	1	134	0	133	133	1.0000000
dDocent_Contig_28788	1	134	0	133	133	1.0000000
dDocent_Contig_28789	1	134	0	133	133	1.0000000
dDocent_Contig_28793	1	134	0	133	133	1.0000000
dDocent_Contig_28794	1	134	0	133	133	1.0000000
dDocent_Contig_28797	1	134	0	133	133	1.0000000
dDocent_Contig_28799	1	134	0	133	133	1.0000000
dDocent_Contig_28800	1	134	0	133	133	1.0000000
dDocent_Contig_28802	1	134	0	133	133	1.0000000
dDocent_Contig_28809	1	134	0	133	133	1.0000000
dDocent_Contig_28811	1	134	0	133	133	1.0000000
dDocent_Contig_28812	1	134	0	133	133	1.0000000
dDocent_Contig_28815	1	134	0	133	133	1.0000000
dDocent_Contig_28816	1	134	0	133	133	1.0000000
dDocent_Contig_28818	1	134	0	133	133	1.0000000
dDocent_Contig_28821	1	134	0	133	133	1.0000000
dDocent_Contig_28824	1	134	0	133	133	1.0000000
dDocent_Contig_28826	1	134	0	133	133	1.0000000
dDocent_Contig_28829	1	134	0	133	133	1.0000000
dDocent_Contig_28831	1	134	0	133	133	1.0000000
dDocent_Contig_28836	1	134	0	133	133	1.0000000
dDocent_Contig_28841	1	134	0	133	133	1.0000000
dDocent_Contig_28844	1	134	0	133	133	1.0000000
dDocent_Contig_28845	1	134	0	133	133	1.0000000
dDocent_Contig_28854	1	134	0	133	133	1.0000000
dDocent_Contig_28855	1	134	0	133	133	1.0000000
dDocent_Contig_28856	1	134	0	133	133	1.0000000
dDocent_Contig_28857	1	134	0	133	133	1.0000000
dDocent_Contig_28858	1	134	0	133	133	1.0000000
dDocent_Contig_28859	1	134	0	133	133	1.0000000
dDocent_Contig_28872	1	134	0	133	133	1.0000000
dDocent_Contig_28880	1	134	0	133	133	1.0000000
dDocent_Contig_28894	1	134	0	133	133	1.0000000
dDocent_Contig_28895	1	134	0	133	133	1.0000000
dDocent_Contig_28901	1	134	0	133	133	1.0000000
dDocent_Contig_28907	1	134	0	133	133	1.0000000
dDocent_Contig_28908	1	134	0	133	133	1.0000000
dDocent_Contig_28917	1	134	0	32	133	0.2406015
dDocent_Contig_28917	1	134	1	2	133	0.0150376
dDocent_Contig_28917	1	134	2	99	133	0.7443609
dDocent_Contig_28919	1	134	0	133	133	1.0000000
dDocent_Contig_28920	1	134	0	133	133	1.0000000
dDocent_Contig_28921	1	134	0	133	133	1.0000000
dDocent_Contig_28924	1	134	0	133	133	1.0000000
dDocent_Contig_28929	1	134	0	133	133	1.0000000
dDocent_Contig_28934	1	134	0	133	133	1.0000000
dDocent_Contig_28936	1	134	0	133	133	1.0000000
dDocent_Contig_28937	1	134	0	133	133	1.0000000
dDocent_Contig_28940	1	134	0	133	133	1.0000000
dDocent_Contig_28941	1	134	0	133	133	1.0000000
dDocent_Contig_28942	1	134	0	133	133	1.0000000
dDocent_Contig_28943	1	134	0	133	133	1.0000000
dDocent_Contig_28949	1	134	0	133	133	1.0000000
dDocent_Contig_28966	1	134	0	133	133	1.0000000
dDocent_Contig_28967	1	134	0	133	133	1.0000000
dDocent_Contig_28968	1	134	0	133	133	1.0000000
dDocent_Contig_28972	1	134	0	133	133	1.0000000
dDocent_Contig_28974	1	134	0	133	133	1.0000000
dDocent_Contig_28985	1	134	0	133	133	1.0000000
dDocent_Contig_28987	1	134	0	133	133	1.0000000
dDocent_Contig_28988	1	134	0	133	133	1.0000000
dDocent_Contig_28990	1	134	0	133	133	1.0000000
dDocent_Contig_28992	1	134	0	133	133	1.0000000
dDocent_Contig_28994	1	134	0	133	133	1.0000000
dDocent_Contig_28995	1	134	0	133	133	1.0000000
dDocent_Contig_28999	1	134	0	133	133	1.0000000
dDocent_Contig_29000	1	134	0	133	133	1.0000000
dDocent_Contig_29001	1	134	0	133	133	1.0000000
dDocent_Contig_29002	1	134	0	133	133	1.0000000
dDocent_Contig_29006	1	134	0	133	133	1.0000000
dDocent_Contig_29008	1	134	0	133	133	1.0000000
dDocent_Contig_29023	1	134	0	133	133	1.0000000
dDocent_Contig_29026	1	134	0	133	133	1.0000000
dDocent_Contig_29028	1	134	0	133	133	1.0000000
dDocent_Contig_29032	1	134	0	133	133	1.0000000
dDocent_Contig_29033	1	134	0	133	133	1.0000000
dDocent_Contig_29036	1	134	0	133	133	1.0000000
dDocent_Contig_29044	1	134	0	133	133	1.0000000
dDocent_Contig_29049	1	134	0	133	133	1.0000000
dDocent_Contig_29052	1	134	0	133	133	1.0000000
dDocent_Contig_29053	1	134	0	133	133	1.0000000
dDocent_Contig_29057	1	134	0	133	133	1.0000000
dDocent_Contig_29062	1	134	0	133	133	1.0000000
dDocent_Contig_29064	1	134	0	133	133	1.0000000
dDocent_Contig_29065	1	134	0	133	133	1.0000000
dDocent_Contig_29066	1	134	0	133	133	1.0000000
dDocent_Contig_29080	1	134	0	133	133	1.0000000
dDocent_Contig_29082	1	134	0	133	133	1.0000000
dDocent_Contig_29096	1	134	0	133	133	1.0000000
dDocent_Contig_29108	1	134	0	133	133	1.0000000
dDocent_Contig_29114	1	134	0	133	133	1.0000000
dDocent_Contig_29118	1	134	0	133	133	1.0000000
dDocent_Contig_29119	1	134	0	133	133	1.0000000
dDocent_Contig_29122	1	134	0	133	133	1.0000000
dDocent_Contig_29126	1	134	0	133	133	1.0000000
dDocent_Contig_29128	1	134	0	133	133	1.0000000
dDocent_Contig_29130	1	134	0	133	133	1.0000000
dDocent_Contig_29138	1	134	0	133	133	1.0000000
dDocent_Contig_29146	1	134	0	133	133	1.0000000
dDocent_Contig_29147	1	134	0	133	133	1.0000000
dDocent_Contig_29150	1	134	0	133	133	1.0000000
dDocent_Contig_29152	1	134	0	133	133	1.0000000
dDocent_Contig_29163	1	134	0	133	133	1.0000000
dDocent_Contig_29164	1	134	0	133	133	1.0000000
dDocent_Contig_29166	1	134	0	133	133	1.0000000
dDocent_Contig_29168	1	134	0	133	133	1.0000000
dDocent_Contig_29169	1	134	0	133	133	1.0000000
dDocent_Contig_29170	1	134	0	133	133	1.0000000
dDocent_Contig_29171	1	134	1	133	133	1.0000000
dDocent_Contig_29174	1	134	0	133	133	1.0000000
dDocent_Contig_29178	1	134	0	133	133	1.0000000
dDocent_Contig_29185	1	134	0	133	133	1.0000000
dDocent_Contig_29189	1	134	0	133	133	1.0000000
dDocent_Contig_29192	1	134	0	133	133	1.0000000
dDocent_Contig_29198	1	134	0	133	133	1.0000000
dDocent_Contig_29201	1	134	0	133	133	1.0000000
dDocent_Contig_29202	1	134	0	133	133	1.0000000
dDocent_Contig_29204	1	134	0	133	133	1.0000000
dDocent_Contig_29213	1	134	0	133	133	1.0000000
dDocent_Contig_29214	1	134	0	133	133	1.0000000
dDocent_Contig_29217	1	134	0	133	133	1.0000000
dDocent_Contig_29219	1	134	0	133	133	1.0000000
dDocent_Contig_29223	1	134	0	133	133	1.0000000
dDocent_Contig_29229	1	134	0	133	133	1.0000000
dDocent_Contig_29234	1	134	0	133	133	1.0000000
dDocent_Contig_29238	1	134	0	133	133	1.0000000
dDocent_Contig_29240	1	134	0	133	133	1.0000000
dDocent_Contig_29241	1	134	0	133	133	1.0000000
dDocent_Contig_29243	1	134	0	133	133	1.0000000
dDocent_Contig_29244	1	134	0	133	133	1.0000000
dDocent_Contig_29248	1	134	0	133	133	1.0000000
dDocent_Contig_29250	1	134	0	133	133	1.0000000
dDocent_Contig_29253	1	134	0	133	133	1.0000000
dDocent_Contig_29254	1	134	0	133	133	1.0000000
dDocent_Contig_29263	1	134	0	133	133	1.0000000
dDocent_Contig_29264	1	134	0	133	133	1.0000000
dDocent_Contig_29267	1	134	0	133	133	1.0000000
dDocent_Contig_29269	1	134	0	133	133	1.0000000
dDocent_Contig_29286	1	134	0	133	133	1.0000000
dDocent_Contig_29287	1	134	0	133	133	1.0000000
dDocent_Contig_29289	1	134	0	133	133	1.0000000
dDocent_Contig_29290	1	134	0	133	133	1.0000000
dDocent_Contig_29291	1	134	0	133	133	1.0000000
dDocent_Contig_29294	1	134	0	133	133	1.0000000
dDocent_Contig_29295	1	134	0	133	133	1.0000000
dDocent_Contig_29296	1	134	0	133	133	1.0000000
dDocent_Contig_29297	1	134	0	133	133	1.0000000
dDocent_Contig_29298	1	134	0	133	133	1.0000000
dDocent_Contig_29302	1	134	0	133	133	1.0000000
dDocent_Contig_29303	1	134	0	133	133	1.0000000
dDocent_Contig_29314	1	134	0	133	133	1.0000000
dDocent_Contig_29323	1	134	0	133	133	1.0000000
dDocent_Contig_29324	1	134	0	133	133	1.0000000
dDocent_Contig_29342	1	134	0	133	133	1.0000000
dDocent_Contig_29346	1	134	0	133	133	1.0000000
dDocent_Contig_29347	1	134	0	133	133	1.0000000
dDocent_Contig_29357	1	134	0	133	133	1.0000000
dDocent_Contig_29358	1	134	0	133	133	1.0000000
dDocent_Contig_29361	1	134	0	133	133	1.0000000
dDocent_Contig_29363	1	134	0	133	133	1.0000000
dDocent_Contig_29368	1	134	0	133	133	1.0000000
dDocent_Contig_29369	1	134	0	133	133	1.0000000
dDocent_Contig_29371	1	134	0	133	133	1.0000000
dDocent_Contig_29372	1	134	0	133	133	1.0000000
dDocent_Contig_29381	1	134	0	133	133	1.0000000
dDocent_Contig_29382	1	134	0	133	133	1.0000000
dDocent_Contig_29408	1	134	0	133	133	1.0000000
dDocent_Contig_29416	1	134	0	133	133	1.0000000
dDocent_Contig_29424	1	134	0	133	133	1.0000000
dDocent_Contig_29426	1	134	0	133	133	1.0000000
dDocent_Contig_29429	1	134	0	133	133	1.0000000
dDocent_Contig_29432	1	134	0	133	133	1.0000000
dDocent_Contig_29437	1	134	0	133	133	1.0000000
dDocent_Contig_29438	1	134	0	133	133	1.0000000
dDocent_Contig_29444	1	134	0	133	133	1.0000000
dDocent_Contig_29450	1	134	0	133	133	1.0000000
dDocent_Contig_29451	1	134	0	133	133	1.0000000
dDocent_Contig_29452	1	134	0	133	133	1.0000000
dDocent_Contig_29459	1	134	0	133	133	1.0000000
dDocent_Contig_29462	1	134	0	133	133	1.0000000
dDocent_Contig_29464	1	134	0	133	133	1.0000000
dDocent_Contig_29484	1	134	0	133	133	1.0000000
dDocent_Contig_29486	1	134	0	133	133	1.0000000
dDocent_Contig_29489	1	134	0	133	133	1.0000000
dDocent_Contig_29490	1	134	0	133	133	1.0000000
dDocent_Contig_29494	1	134	0	133	133	1.0000000
dDocent_Contig_29498	1	134	0	133	133	1.0000000
dDocent_Contig_29502	1	134	0	133	133	1.0000000
dDocent_Contig_29514	1	134	0	133	133	1.0000000
dDocent_Contig_29516	1	134	0	133	133	1.0000000
dDocent_Contig_29517	1	134	0	133	133	1.0000000
dDocent_Contig_29519	1	134	0	133	133	1.0000000
dDocent_Contig_29533	1	134	0	133	133	1.0000000
dDocent_Contig_29540	1	134	0	133	133	1.0000000
dDocent_Contig_29541	1	134	0	133	133	1.0000000
dDocent_Contig_29544	1	134	0	133	133	1.0000000
dDocent_Contig_29549	1	134	0	133	133	1.0000000
dDocent_Contig_29550	1	134	0	133	133	1.0000000
dDocent_Contig_29554	1	134	0	133	133	1.0000000
dDocent_Contig_29557	1	134	0	133	133	1.0000000
dDocent_Contig_29565	1	134	0	133	133	1.0000000
dDocent_Contig_29570	1	134	0	133	133	1.0000000
dDocent_Contig_29572	1	134	0	133	133	1.0000000
dDocent_Contig_29573	1	134	0	133	133	1.0000000
dDocent_Contig_29576	1	134	0	133	133	1.0000000
dDocent_Contig_29577	1	134	0	133	133	1.0000000
dDocent_Contig_29583	1	134	0	133	133	1.0000000
dDocent_Contig_29596	1	134	0	133	133	1.0000000
dDocent_Contig_29598	1	134	0	133	133	1.0000000
dDocent_Contig_29601	1	134	0	133	133	1.0000000
dDocent_Contig_29602	1	134	0	133	133	1.0000000
dDocent_Contig_29604	1	134	0	133	133	1.0000000
dDocent_Contig_29613	1	134	0	133	133	1.0000000
dDocent_Contig_29619	1	134	0	133	133	1.0000000
dDocent_Contig_29630	1	134	0	133	133	1.0000000
dDocent_Contig_29631	1	134	0	133	133	1.0000000
dDocent_Contig_29636	1	134	0	133	133	1.0000000
dDocent_Contig_29638	1	134	0	133	133	1.0000000
dDocent_Contig_29640	1	134	0	133	133	1.0000000
dDocent_Contig_29646	1	134	0	133	133	1.0000000
dDocent_Contig_29647	1	134	0	133	133	1.0000000
dDocent_Contig_29648	1	134	0	133	133	1.0000000
dDocent_Contig_29652	1	134	0	133	133	1.0000000
dDocent_Contig_29653	1	134	0	133	133	1.0000000
dDocent_Contig_29654	1	134	0	133	133	1.0000000
dDocent_Contig_29655	1	134	0	133	133	1.0000000
dDocent_Contig_29658	1	134	0	133	133	1.0000000
dDocent_Contig_29662	1	134	0	133	133	1.0000000
dDocent_Contig_29664	1	134	0	133	133	1.0000000
dDocent_Contig_29665	1	134	0	133	133	1.0000000
dDocent_Contig_29667	1	134	0	133	133	1.0000000
dDocent_Contig_29668	1	134	0	133	133	1.0000000
dDocent_Contig_29674	1	134	0	133	133	1.0000000
dDocent_Contig_29675	1	134	0	133	133	1.0000000
dDocent_Contig_29678	1	134	0	133	133	1.0000000
dDocent_Contig_29679	1	134	0	133	133	1.0000000
dDocent_Contig_29680	1	134	0	133	133	1.0000000
dDocent_Contig_29682	1	134	0	133	133	1.0000000
dDocent_Contig_29683	1	134	0	133	133	1.0000000
dDocent_Contig_29694	1	134	0	133	133	1.0000000
dDocent_Contig_29695	1	134	0	133	133	1.0000000
dDocent_Contig_29698	1	134	0	133	133	1.0000000
dDocent_Contig_29707	1	134	0	133	133	1.0000000
dDocent_Contig_29716	1	134	0	133	133	1.0000000
dDocent_Contig_29717	1	134	0	133	133	1.0000000
dDocent_Contig_29720	1	134	0	133	133	1.0000000
dDocent_Contig_29722	1	134	0	133	133	1.0000000
dDocent_Contig_29723	1	134	0	133	133	1.0000000
dDocent_Contig_29724	1	134	0	133	133	1.0000000
dDocent_Contig_29725	1	134	0	133	133	1.0000000
dDocent_Contig_29727	1	134	0	133	133	1.0000000
dDocent_Contig_29729	1	134	0	133	133	1.0000000
dDocent_Contig_29733	1	134	0	133	133	1.0000000
dDocent_Contig_29734	1	134	0	133	133	1.0000000
dDocent_Contig_29738	1	134	0	133	133	1.0000000
dDocent_Contig_29750	1	134	0	133	133	1.0000000
dDocent_Contig_29751	1	134	0	133	133	1.0000000
dDocent_Contig_29760	1	134	0	133	133	1.0000000
dDocent_Contig_29766	1	134	0	133	133	1.0000000
dDocent_Contig_29784	1	134	0	133	133	1.0000000
dDocent_Contig_29790	1	134	0	133	133	1.0000000
dDocent_Contig_29792	1	134	0	133	133	1.0000000
dDocent_Contig_29804	1	134	0	133	133	1.0000000
dDocent_Contig_29806	1	134	0	133	133	1.0000000
dDocent_Contig_29818	1	134	0	133	133	1.0000000
dDocent_Contig_29831	1	134	0	133	133	1.0000000
dDocent_Contig_29838	1	134	0	133	133	1.0000000
dDocent_Contig_29841	1	134	0	133	133	1.0000000
dDocent_Contig_29851	1	134	0	133	133	1.0000000
dDocent_Contig_29856	1	134	0	133	133	1.0000000
dDocent_Contig_29858	1	134	0	133	133	1.0000000
dDocent_Contig_29859	1	134	0	133	133	1.0000000
dDocent_Contig_29868	1	134	0	133	133	1.0000000
dDocent_Contig_29872	1	134	0	133	133	1.0000000
dDocent_Contig_29885	1	134	0	133	133	1.0000000
dDocent_Contig_29893	1	134	0	133	133	1.0000000
dDocent_Contig_29907	1	134	0	133	133	1.0000000
dDocent_Contig_29910	1	134	0	133	133	1.0000000
dDocent_Contig_29911	1	134	0	133	133	1.0000000
dDocent_Contig_29913	1	134	0	133	133	1.0000000
dDocent_Contig_29917	1	134	0	133	133	1.0000000
dDocent_Contig_29920	1	134	0	133	133	1.0000000
dDocent_Contig_29921	1	134	0	133	133	1.0000000
dDocent_Contig_29923	1	134	0	133	133	1.0000000
dDocent_Contig_29933	1	134	0	133	133	1.0000000
dDocent_Contig_29937	1	134	0	133	133	1.0000000
dDocent_Contig_29952	1	134	0	133	133	1.0000000
dDocent_Contig_29953	1	134	0	133	133	1.0000000
dDocent_Contig_29970	1	134	0	133	133	1.0000000
dDocent_Contig_29976	1	134	0	133	133	1.0000000
dDocent_Contig_29977	1	134	0	133	133	1.0000000
dDocent_Contig_29978	1	134	0	133	133	1.0000000
dDocent_Contig_29981	1	134	0	133	133	1.0000000
dDocent_Contig_29982	1	134	0	133	133	1.0000000
dDocent_Contig_29993	1	134	0	133	133	1.0000000
dDocent_Contig_29996	1	134	0	133	133	1.0000000
dDocent_Contig_29997	1	134	0	133	133	1.0000000
dDocent_Contig_30008	1	134	0	133	133	1.0000000
dDocent_Contig_30009	1	134	0	133	133	1.0000000
dDocent_Contig_30013	1	134	0	133	133	1.0000000
dDocent_Contig_30020	1	134	0	133	133	1.0000000
dDocent_Contig_30021	1	134	0	133	133	1.0000000
dDocent_Contig_30022	1	134	0	133	133	1.0000000
dDocent_Contig_30023	1	134	0	133	133	1.0000000
dDocent_Contig_30028	1	134	0	133	133	1.0000000
dDocent_Contig_30029	1	134	0	133	133	1.0000000
dDocent_Contig_30048	1	134	0	133	133	1.0000000
dDocent_Contig_30071	1	134	0	133	133	1.0000000
dDocent_Contig_30074	1	134	0	133	133	1.0000000
dDocent_Contig_30075	1	134	0	133	133	1.0000000
dDocent_Contig_30076	1	134	0	133	133	1.0000000
dDocent_Contig_30077	1	134	0	133	133	1.0000000
dDocent_Contig_30084	1	134	0	133	133	1.0000000
dDocent_Contig_30089	1	134	0	133	133	1.0000000
dDocent_Contig_30116	1	134	0	133	133	1.0000000
dDocent_Contig_30117	1	134	0	133	133	1.0000000
dDocent_Contig_30129	1	134	0	133	133	1.0000000
dDocent_Contig_30133	1	134	0	133	133	1.0000000
dDocent_Contig_30137	1	134	0	133	133	1.0000000
dDocent_Contig_30138	1	134	0	133	133	1.0000000
dDocent_Contig_30141	1	134	0	133	133	1.0000000
dDocent_Contig_30159	1	134	0	133	133	1.0000000
dDocent_Contig_30166	1	134	0	133	133	1.0000000
dDocent_Contig_30169	1	134	0	133	133	1.0000000
dDocent_Contig_30179	1	134	0	133	133	1.0000000
dDocent_Contig_30181	1	134	0	133	133	1.0000000
dDocent_Contig_30183	1	134	0	133	133	1.0000000
dDocent_Contig_30184	1	134	0	133	133	1.0000000
dDocent_Contig_30189	1	134	0	133	133	1.0000000
dDocent_Contig_30203	1	134	0	133	133	1.0000000
dDocent_Contig_30207	1	134	0	133	133	1.0000000
dDocent_Contig_30208	1	134	0	8	133	0.0601504
dDocent_Contig_30208	1	134	1	125	133	0.9398496
dDocent_Contig_30211	1	134	0	133	133	1.0000000
dDocent_Contig_30212	1	134	0	133	133	1.0000000
dDocent_Contig_30222	1	134	0	133	133	1.0000000
dDocent_Contig_30226	1	134	0	133	133	1.0000000
dDocent_Contig_30232	1	134	0	133	133	1.0000000
dDocent_Contig_30240	1	134	0	133	133	1.0000000
dDocent_Contig_30243	1	134	0	133	133	1.0000000
dDocent_Contig_30252	1	134	0	133	133	1.0000000
dDocent_Contig_30261	1	134	0	133	133	1.0000000
dDocent_Contig_30262	1	134	0	133	133	1.0000000
dDocent_Contig_30266	1	134	0	133	133	1.0000000
dDocent_Contig_30268	1	134	0	133	133	1.0000000
dDocent_Contig_30271	1	134	0	133	133	1.0000000
dDocent_Contig_30275	1	134	0	133	133	1.0000000
dDocent_Contig_30277	1	134	0	133	133	1.0000000
dDocent_Contig_30278	1	134	0	133	133	1.0000000
dDocent_Contig_30279	1	134	0	133	133	1.0000000
dDocent_Contig_30292	1	134	0	133	133	1.0000000
dDocent_Contig_30296	1	134	0	133	133	1.0000000
dDocent_Contig_30298	1	134	0	133	133	1.0000000
dDocent_Contig_30300	1	134	0	133	133	1.0000000
dDocent_Contig_30301	1	134	0	133	133	1.0000000
dDocent_Contig_30317	1	134	0	133	133	1.0000000
dDocent_Contig_30335	1	134	0	133	133	1.0000000
dDocent_Contig_30347	1	134	0	133	133	1.0000000
dDocent_Contig_30348	1	134	0	133	133	1.0000000
dDocent_Contig_30353	1	134	0	133	133	1.0000000
dDocent_Contig_30354	1	134	0	133	133	1.0000000
dDocent_Contig_30356	1	134	0	133	133	1.0000000
dDocent_Contig_30361	1	134	0	72	133	0.5413534
dDocent_Contig_30361	1	134	1	61	133	0.4586466
dDocent_Contig_30364	1	134	0	133	133	1.0000000
dDocent_Contig_30368	1	134	0	133	133	1.0000000
dDocent_Contig_30375	1	134	0	133	133	1.0000000
dDocent_Contig_30376	1	134	0	133	133	1.0000000
dDocent_Contig_30393	1	134	0	133	133	1.0000000
dDocent_Contig_30408	1	134	0	133	133	1.0000000
dDocent_Contig_30410	1	134	0	133	133	1.0000000
dDocent_Contig_30412	1	134	0	133	133	1.0000000
dDocent_Contig_30414	1	134	0	133	133	1.0000000
dDocent_Contig_30418	1	134	0	133	133	1.0000000
dDocent_Contig_30423	1	134	0	133	133	1.0000000
dDocent_Contig_30425	1	134	0	133	133	1.0000000
dDocent_Contig_30429	1	134	0	133	133	1.0000000
dDocent_Contig_30437	1	134	0	133	133	1.0000000
dDocent_Contig_30438	1	134	0	133	133	1.0000000
dDocent_Contig_30439	1	134	0	133	133	1.0000000
dDocent_Contig_30446	1	134	0	133	133	1.0000000
dDocent_Contig_30449	1	134	0	133	133	1.0000000
dDocent_Contig_30450	1	134	0	133	133	1.0000000
dDocent_Contig_30458	1	134	0	133	133	1.0000000
dDocent_Contig_30474	1	134	0	133	133	1.0000000
dDocent_Contig_30475	1	134	0	133	133	1.0000000
dDocent_Contig_30479	1	134	0	133	133	1.0000000
dDocent_Contig_30484	1	134	0	133	133	1.0000000
dDocent_Contig_30488	1	134	0	133	133	1.0000000
dDocent_Contig_30503	1	134	0	133	133	1.0000000
dDocent_Contig_30506	1	134	0	133	133	1.0000000
dDocent_Contig_30507	1	134	0	133	133	1.0000000
dDocent_Contig_30508	1	134	0	133	133	1.0000000
dDocent_Contig_30511	1	134	0	133	133	1.0000000
dDocent_Contig_30512	1	134	0	133	133	1.0000000
dDocent_Contig_30515	1	134	0	133	133	1.0000000
dDocent_Contig_30516	1	134	0	133	133	1.0000000
dDocent_Contig_30520	1	134	0	133	133	1.0000000
dDocent_Contig_30522	1	134	0	133	133	1.0000000
dDocent_Contig_30523	1	134	0	133	133	1.0000000
dDocent_Contig_30530	1	134	0	133	133	1.0000000
dDocent_Contig_30531	1	134	0	133	133	1.0000000
dDocent_Contig_30532	1	134	0	133	133	1.0000000
dDocent_Contig_30533	1	134	0	133	133	1.0000000
dDocent_Contig_30537	1	134	0	133	133	1.0000000
dDocent_Contig_30547	1	134	0	133	133	1.0000000
dDocent_Contig_30549	1	134	0	133	133	1.0000000
dDocent_Contig_30550	1	134	0	133	133	1.0000000
dDocent_Contig_30556	1	134	0	133	133	1.0000000
dDocent_Contig_30559	1	134	0	133	133	1.0000000
dDocent_Contig_30562	1	134	0	133	133	1.0000000
dDocent_Contig_30587	1	134	0	133	133	1.0000000
dDocent_Contig_30594	1	134	0	133	133	1.0000000
dDocent_Contig_30597	1	134	0	133	133	1.0000000
dDocent_Contig_30606	1	134	0	133	133	1.0000000
dDocent_Contig_30609	1	134	0	133	133	1.0000000
dDocent_Contig_30611	1	134	0	133	133	1.0000000
dDocent_Contig_30614	1	134	0	133	133	1.0000000
dDocent_Contig_30617	1	134	0	133	133	1.0000000
dDocent_Contig_30637	1	134	0	133	133	1.0000000
dDocent_Contig_30640	1	134	0	133	133	1.0000000
dDocent_Contig_30646	1	134	0	133	133	1.0000000
dDocent_Contig_30650	1	134	0	133	133	1.0000000
dDocent_Contig_30661	1	134	0	133	133	1.0000000
dDocent_Contig_30663	1	134	0	133	133	1.0000000
dDocent_Contig_30675	1	134	0	133	133	1.0000000
dDocent_Contig_30679	1	134	0	133	133	1.0000000
dDocent_Contig_30680	1	134	0	133	133	1.0000000
dDocent_Contig_30691	1	134	0	133	133	1.0000000
dDocent_Contig_30698	1	134	0	133	133	1.0000000
dDocent_Contig_30700	1	134	0	133	133	1.0000000
dDocent_Contig_30701	1	134	0	133	133	1.0000000
dDocent_Contig_30702	1	134	0	133	133	1.0000000
dDocent_Contig_30704	1	134	0	133	133	1.0000000
dDocent_Contig_30705	1	134	0	133	133	1.0000000
dDocent_Contig_30708	1	134	0	133	133	1.0000000
dDocent_Contig_30714	1	134	0	133	133	1.0000000
dDocent_Contig_30720	1	134	0	133	133	1.0000000
dDocent_Contig_30735	1	134	0	133	133	1.0000000
dDocent_Contig_30736	1	134	0	133	133	1.0000000
dDocent_Contig_30741	1	134	0	133	133	1.0000000
dDocent_Contig_30742	1	134	0	133	133	1.0000000
dDocent_Contig_30743	1	134	0	133	133	1.0000000
dDocent_Contig_30747	1	134	0	133	133	1.0000000
dDocent_Contig_30753	1	134	0	133	133	1.0000000
dDocent_Contig_30756	1	134	0	133	133	1.0000000
dDocent_Contig_30757	1	134	0	133	133	1.0000000
dDocent_Contig_30758	1	134	0	133	133	1.0000000
dDocent_Contig_30765	1	134	0	133	133	1.0000000
dDocent_Contig_30766	1	134	0	133	133	1.0000000
dDocent_Contig_30769	1	134	0	133	133	1.0000000
dDocent_Contig_30770	1	134	0	133	133	1.0000000
dDocent_Contig_30780	1	134	0	133	133	1.0000000
dDocent_Contig_30786	1	134	0	133	133	1.0000000
dDocent_Contig_30787	1	134	0	133	133	1.0000000
dDocent_Contig_30790	1	134	0	133	133	1.0000000
dDocent_Contig_30797	1	134	0	133	133	1.0000000
dDocent_Contig_30812	1	134	0	133	133	1.0000000
dDocent_Contig_30813	1	134	1	133	133	1.0000000
dDocent_Contig_30821	1	134	0	133	133	1.0000000
dDocent_Contig_30824	1	134	0	133	133	1.0000000
dDocent_Contig_30827	1	134	0	133	133	1.0000000
dDocent_Contig_30830	1	134	0	133	133	1.0000000
dDocent_Contig_30844	1	134	0	133	133	1.0000000
dDocent_Contig_30847	1	134	0	133	133	1.0000000
dDocent_Contig_30853	1	134	0	133	133	1.0000000
dDocent_Contig_30857	1	134	0	133	133	1.0000000
dDocent_Contig_30858	1	134	0	133	133	1.0000000
dDocent_Contig_30863	1	134	0	133	133	1.0000000
dDocent_Contig_30864	1	134	0	133	133	1.0000000
dDocent_Contig_30871	1	134	0	133	133	1.0000000
dDocent_Contig_30872	1	134	0	133	133	1.0000000
dDocent_Contig_30875	1	134	0	133	133	1.0000000
dDocent_Contig_30876	1	134	0	133	133	1.0000000
dDocent_Contig_30878	1	134	0	133	133	1.0000000
dDocent_Contig_30889	1	134	0	133	133	1.0000000
dDocent_Contig_30896	1	134	0	133	133	1.0000000
dDocent_Contig_30898	1	134	0	133	133	1.0000000
dDocent_Contig_30902	1	134	0	133	133	1.0000000
dDocent_Contig_30905	1	134	0	133	133	1.0000000
dDocent_Contig_30909	1	134	0	133	133	1.0000000
dDocent_Contig_30912	1	134	0	133	133	1.0000000
dDocent_Contig_30918	1	134	0	133	133	1.0000000
dDocent_Contig_30919	1	134	0	133	133	1.0000000
dDocent_Contig_30924	1	134	0	133	133	1.0000000
dDocent_Contig_30926	1	134	0	3	133	0.0225564
dDocent_Contig_30926	1	134	1	130	133	0.9774436
dDocent_Contig_30928	1	134	0	133	133	1.0000000
dDocent_Contig_30935	1	134	0	133	133	1.0000000
dDocent_Contig_30937	1	134	0	133	133	1.0000000
dDocent_Contig_30938	1	134	0	133	133	1.0000000
dDocent_Contig_30944	1	134	0	24	133	0.1804511
dDocent_Contig_30944	1	134	1	84	133	0.6315789
dDocent_Contig_30944	1	134	2	25	133	0.1879699
dDocent_Contig_30946	1	134	0	133	133	1.0000000
dDocent_Contig_30947	1	134	0	133	133	1.0000000
dDocent_Contig_30949	1	134	0	133	133	1.0000000
dDocent_Contig_30954	1	134	0	133	133	1.0000000
dDocent_Contig_30955	1	134	0	133	133	1.0000000
dDocent_Contig_30960	1	134	0	133	133	1.0000000
dDocent_Contig_30963	1	134	0	133	133	1.0000000
dDocent_Contig_30971	1	134	0	133	133	1.0000000
dDocent_Contig_30976	1	134	0	133	133	1.0000000
dDocent_Contig_30977	1	134	0	133	133	1.0000000
dDocent_Contig_30978	1	134	0	133	133	1.0000000
dDocent_Contig_30979	1	134	0	133	133	1.0000000
dDocent_Contig_30980	1	134	0	133	133	1.0000000
dDocent_Contig_30987	1	134	0	133	133	1.0000000
dDocent_Contig_30989	1	134	0	133	133	1.0000000
dDocent_Contig_30992	1	134	0	133	133	1.0000000
dDocent_Contig_30997	1	134	0	133	133	1.0000000
dDocent_Contig_31002	1	134	0	133	133	1.0000000
dDocent_Contig_31014	1	134	0	133	133	1.0000000
dDocent_Contig_31015	1	134	0	133	133	1.0000000
dDocent_Contig_31022	1	134	0	133	133	1.0000000
dDocent_Contig_31024	1	134	0	133	133	1.0000000
dDocent_Contig_31028	1	134	0	133	133	1.0000000
dDocent_Contig_31029	1	134	0	133	133	1.0000000
dDocent_Contig_31030	1	134	0	133	133	1.0000000
dDocent_Contig_31033	1	134	0	133	133	1.0000000
dDocent_Contig_31037	1	134	0	133	133	1.0000000
dDocent_Contig_31039	1	134	0	133	133	1.0000000
dDocent_Contig_31040	1	134	0	133	133	1.0000000
dDocent_Contig_31043	1	134	0	133	133	1.0000000
dDocent_Contig_31044	1	134	0	133	133	1.0000000
dDocent_Contig_31059	1	134	0	133	133	1.0000000
dDocent_Contig_31064	1	134	0	133	133	1.0000000
dDocent_Contig_31065	1	134	0	133	133	1.0000000
dDocent_Contig_31071	1	134	0	133	133	1.0000000
dDocent_Contig_31072	1	134	0	133	133	1.0000000
dDocent_Contig_31078	1	134	0	133	133	1.0000000
dDocent_Contig_31079	1	134	0	133	133	1.0000000
dDocent_Contig_31081	1	134	0	133	133	1.0000000
dDocent_Contig_31102	1	134	0	133	133	1.0000000
dDocent_Contig_31109	1	134	0	133	133	1.0000000
dDocent_Contig_31116	1	134	0	133	133	1.0000000
dDocent_Contig_31119	1	134	0	133	133	1.0000000
dDocent_Contig_31139	1	134	0	133	133	1.0000000
dDocent_Contig_31140	1	134	0	133	133	1.0000000
dDocent_Contig_31141	1	134	0	133	133	1.0000000
dDocent_Contig_31142	1	134	0	133	133	1.0000000
dDocent_Contig_31148	1	134	0	133	133	1.0000000
dDocent_Contig_31158	1	134	0	133	133	1.0000000
dDocent_Contig_31161	1	134	0	133	133	1.0000000
dDocent_Contig_31167	1	134	0	133	133	1.0000000
dDocent_Contig_31169	1	134	0	133	133	1.0000000
dDocent_Contig_31170	1	134	0	133	133	1.0000000
dDocent_Contig_31179	1	134	0	133	133	1.0000000
dDocent_Contig_31185	1	134	0	133	133	1.0000000
dDocent_Contig_31186	1	134	0	133	133	1.0000000
dDocent_Contig_31187	1	134	0	133	133	1.0000000
dDocent_Contig_31190	1	134	0	133	133	1.0000000
dDocent_Contig_31201	1	134	0	133	133	1.0000000
dDocent_Contig_31202	1	134	0	133	133	1.0000000
dDocent_Contig_31210	1	134	0	133	133	1.0000000
dDocent_Contig_31211	1	134	0	133	133	1.0000000
dDocent_Contig_31220	1	134	0	133	133	1.0000000
dDocent_Contig_31238	1	134	0	133	133	1.0000000
dDocent_Contig_31246	1	134	0	133	133	1.0000000
dDocent_Contig_31253	1	134	0	133	133	1.0000000
dDocent_Contig_31257	1	134	0	133	133	1.0000000
dDocent_Contig_31260	1	134	0	133	133	1.0000000
dDocent_Contig_31270	1	134	0	133	133	1.0000000
dDocent_Contig_31273	1	134	0	133	133	1.0000000
dDocent_Contig_31275	1	134	0	133	133	1.0000000
dDocent_Contig_31276	1	134	0	133	133	1.0000000
dDocent_Contig_31277	1	134	0	133	133	1.0000000
dDocent_Contig_31281	1	134	0	133	133	1.0000000
dDocent_Contig_31283	1	134	0	133	133	1.0000000
dDocent_Contig_31284	1	134	0	133	133	1.0000000
dDocent_Contig_31286	1	134	0	133	133	1.0000000
dDocent_Contig_31295	1	134	0	133	133	1.0000000
dDocent_Contig_31296	1	134	0	133	133	1.0000000
dDocent_Contig_31297	1	134	0	133	133	1.0000000
dDocent_Contig_31306	1	134	0	133	133	1.0000000
dDocent_Contig_31308	1	134	0	133	133	1.0000000
dDocent_Contig_31315	1	134	0	133	133	1.0000000
dDocent_Contig_31318	1	134	0	133	133	1.0000000
dDocent_Contig_31319	1	134	0	133	133	1.0000000
dDocent_Contig_31330	1	134	0	133	133	1.0000000
dDocent_Contig_31334	1	134	0	133	133	1.0000000
dDocent_Contig_31340	1	134	0	133	133	1.0000000
dDocent_Contig_31341	1	134	0	133	133	1.0000000
dDocent_Contig_31342	1	134	0	133	133	1.0000000
dDocent_Contig_31343	1	134	0	133	133	1.0000000
dDocent_Contig_31346	1	134	0	133	133	1.0000000
dDocent_Contig_31347	1	134	0	133	133	1.0000000
dDocent_Contig_31353	1	134	0	133	133	1.0000000
dDocent_Contig_31355	1	134	0	133	133	1.0000000
dDocent_Contig_31356	1	134	0	133	133	1.0000000
dDocent_Contig_31362	1	134	0	133	133	1.0000000
dDocent_Contig_31366	1	134	0	133	133	1.0000000
dDocent_Contig_31374	1	134	0	133	133	1.0000000
dDocent_Contig_31384	1	134	0	133	133	1.0000000
dDocent_Contig_31386	1	134	0	133	133	1.0000000
dDocent_Contig_31387	1	134	0	133	133	1.0000000
dDocent_Contig_31400	1	134	0	133	133	1.0000000
dDocent_Contig_31404	1	134	0	133	133	1.0000000
dDocent_Contig_31406	1	134	0	133	133	1.0000000
dDocent_Contig_31407	1	134	0	133	133	1.0000000
dDocent_Contig_31411	1	134	0	133	133	1.0000000
dDocent_Contig_31423	1	134	0	133	133	1.0000000
dDocent_Contig_31434	1	134	0	133	133	1.0000000
dDocent_Contig_31435	1	134	0	133	133	1.0000000
dDocent_Contig_31441	1	134	0	133	133	1.0000000
dDocent_Contig_31442	1	134	0	133	133	1.0000000
dDocent_Contig_31453	1	134	0	133	133	1.0000000
dDocent_Contig_31456	1	134	0	133	133	1.0000000
dDocent_Contig_31466	1	134	0	133	133	1.0000000
dDocent_Contig_31468	1	134	0	133	133	1.0000000
dDocent_Contig_31471	1	134	0	133	133	1.0000000
dDocent_Contig_31482	1	134	0	133	133	1.0000000
dDocent_Contig_31486	1	134	0	133	133	1.0000000
dDocent_Contig_31487	1	134	0	133	133	1.0000000
dDocent_Contig_31489	1	134	0	133	133	1.0000000
dDocent_Contig_31490	1	134	0	133	133	1.0000000
dDocent_Contig_31492	1	134	0	133	133	1.0000000
dDocent_Contig_31496	1	134	0	133	133	1.0000000
dDocent_Contig_31502	1	134	0	133	133	1.0000000
dDocent_Contig_31504	1	134	0	133	133	1.0000000
dDocent_Contig_31505	1	134	0	133	133	1.0000000
dDocent_Contig_31511	1	134	0	133	133	1.0000000
dDocent_Contig_31514	1	134	0	133	133	1.0000000
dDocent_Contig_31516	1	134	0	133	133	1.0000000
dDocent_Contig_31534	1	134	0	133	133	1.0000000
dDocent_Contig_31537	1	134	0	133	133	1.0000000
dDocent_Contig_31538	1	134	0	133	133	1.0000000
dDocent_Contig_31539	1	134	0	133	133	1.0000000
dDocent_Contig_31540	1	134	0	133	133	1.0000000
dDocent_Contig_31545	1	134	0	133	133	1.0000000
dDocent_Contig_31550	1	134	0	133	133	1.0000000
dDocent_Contig_31553	1	134	0	133	133	1.0000000
dDocent_Contig_31557	1	134	0	133	133	1.0000000
dDocent_Contig_31559	1	134	0	133	133	1.0000000
dDocent_Contig_31566	1	134	0	133	133	1.0000000
dDocent_Contig_31568	1	134	0	133	133	1.0000000
dDocent_Contig_31571	1	134	0	133	133	1.0000000
dDocent_Contig_31572	1	134	0	133	133	1.0000000
dDocent_Contig_31577	1	134	0	133	133	1.0000000
dDocent_Contig_31580	1	134	0	133	133	1.0000000
dDocent_Contig_31589	1	134	0	133	133	1.0000000
dDocent_Contig_31594	1	134	0	133	133	1.0000000
dDocent_Contig_31600	1	134	0	133	133	1.0000000
dDocent_Contig_31601	1	134	0	133	133	1.0000000
dDocent_Contig_31604	1	134	0	133	133	1.0000000
dDocent_Contig_31630	1	134	0	133	133	1.0000000
dDocent_Contig_31632	1	134	0	133	133	1.0000000
dDocent_Contig_31641	1	134	0	133	133	1.0000000
dDocent_Contig_31642	1	134	0	133	133	1.0000000
dDocent_Contig_31650	1	134	0	133	133	1.0000000
dDocent_Contig_31655	1	134	0	133	133	1.0000000
dDocent_Contig_31660	1	134	0	133	133	1.0000000
dDocent_Contig_31669	1	134	0	133	133	1.0000000
dDocent_Contig_31672	1	134	0	133	133	1.0000000
dDocent_Contig_31688	1	134	0	133	133	1.0000000
dDocent_Contig_31700	1	134	0	133	133	1.0000000
dDocent_Contig_31701	1	134	0	133	133	1.0000000
dDocent_Contig_31702	1	134	0	133	133	1.0000000
dDocent_Contig_31703	1	134	0	133	133	1.0000000
dDocent_Contig_31708	1	134	0	133	133	1.0000000
dDocent_Contig_31717	1	134	0	133	133	1.0000000
dDocent_Contig_31718	1	134	0	133	133	1.0000000
dDocent_Contig_31731	1	134	0	133	133	1.0000000
dDocent_Contig_31736	1	134	0	133	133	1.0000000
dDocent_Contig_31739	1	134	0	133	133	1.0000000
dDocent_Contig_31741	1	134	0	131	133	0.9849624
dDocent_Contig_31741	1	134	4	2	133	0.0150376
dDocent_Contig_31749	1	134	0	133	133	1.0000000
dDocent_Contig_31750	1	134	0	133	133	1.0000000
dDocent_Contig_31753	1	134	0	133	133	1.0000000
dDocent_Contig_31759	1	134	0	133	133	1.0000000
dDocent_Contig_31764	1	134	0	133	133	1.0000000
dDocent_Contig_31765	1	134	0	133	133	1.0000000
dDocent_Contig_31768	1	134	0	133	133	1.0000000
dDocent_Contig_31790	1	134	0	133	133	1.0000000
dDocent_Contig_31793	1	134	0	133	133	1.0000000
dDocent_Contig_31798	1	134	0	133	133	1.0000000
dDocent_Contig_31807	1	134	0	133	133	1.0000000
dDocent_Contig_31808	1	134	0	133	133	1.0000000
dDocent_Contig_31809	1	134	0	133	133	1.0000000
dDocent_Contig_31810	1	134	0	133	133	1.0000000
dDocent_Contig_31824	1	134	0	133	133	1.0000000
dDocent_Contig_31830	1	134	0	133	133	1.0000000
dDocent_Contig_31834	1	134	0	133	133	1.0000000
dDocent_Contig_31837	1	134	0	133	133	1.0000000
dDocent_Contig_31845	1	134	0	133	133	1.0000000
dDocent_Contig_31847	1	134	0	133	133	1.0000000
dDocent_Contig_31856	1	134	0	133	133	1.0000000
dDocent_Contig_31859	1	134	0	133	133	1.0000000
dDocent_Contig_31862	1	134	0	133	133	1.0000000
dDocent_Contig_31864	1	134	0	133	133	1.0000000
dDocent_Contig_31866	1	134	0	133	133	1.0000000
dDocent_Contig_31868	1	134	0	133	133	1.0000000
dDocent_Contig_31869	1	134	0	133	133	1.0000000
dDocent_Contig_31870	1	134	0	133	133	1.0000000
dDocent_Contig_31871	1	134	0	133	133	1.0000000
dDocent_Contig_31876	1	134	0	133	133	1.0000000
dDocent_Contig_31877	1	134	0	133	133	1.0000000
dDocent_Contig_31878	1	134	0	133	133	1.0000000
dDocent_Contig_31883	1	134	0	133	133	1.0000000
dDocent_Contig_31886	1	134	0	133	133	1.0000000
dDocent_Contig_31890	1	134	0	133	133	1.0000000
dDocent_Contig_31891	1	134	0	133	133	1.0000000
dDocent_Contig_31893	1	134	0	133	133	1.0000000
dDocent_Contig_31915	1	134	0	133	133	1.0000000
dDocent_Contig_31916	1	134	0	133	133	1.0000000
dDocent_Contig_31918	1	134	0	133	133	1.0000000
dDocent_Contig_31921	1	134	0	133	133	1.0000000
dDocent_Contig_31935	1	134	0	133	133	1.0000000
dDocent_Contig_31936	1	134	0	133	133	1.0000000
dDocent_Contig_31937	1	134	0	133	133	1.0000000
dDocent_Contig_31948	1	134	0	133	133	1.0000000
dDocent_Contig_31959	1	134	0	133	133	1.0000000
dDocent_Contig_31961	1	134	0	133	133	1.0000000
dDocent_Contig_31978	1	134	0	133	133	1.0000000
dDocent_Contig_31984	1	134	0	133	133	1.0000000
dDocent_Contig_31986	1	134	0	133	133	1.0000000
dDocent_Contig_31989	1	134	0	133	133	1.0000000
dDocent_Contig_31995	1	134	0	133	133	1.0000000
dDocent_Contig_31996	1	134	0	133	133	1.0000000
dDocent_Contig_31998	1	134	0	133	133	1.0000000
dDocent_Contig_31999	1	134	0	133	133	1.0000000
dDocent_Contig_32000	1	134	0	133	133	1.0000000
dDocent_Contig_32012	1	134	0	133	133	1.0000000
dDocent_Contig_32013	1	134	0	133	133	1.0000000
dDocent_Contig_32019	1	134	0	133	133	1.0000000
dDocent_Contig_32034	1	134	0	133	133	1.0000000
dDocent_Contig_32039	1	134	0	133	133	1.0000000
dDocent_Contig_32054	1	134	0	133	133	1.0000000
dDocent_Contig_32077	1	134	0	133	133	1.0000000
dDocent_Contig_32078	1	134	0	133	133	1.0000000
dDocent_Contig_32087	1	134	0	133	133	1.0000000
dDocent_Contig_32093	1	134	0	133	133	1.0000000
dDocent_Contig_32095	1	134	0	133	133	1.0000000
dDocent_Contig_32101	1	134	0	133	133	1.0000000
dDocent_Contig_32105	1	134	0	133	133	1.0000000
dDocent_Contig_32106	1	134	0	133	133	1.0000000
dDocent_Contig_32107	1	134	0	133	133	1.0000000
dDocent_Contig_32108	1	134	0	133	133	1.0000000
dDocent_Contig_32110	1	134	0	133	133	1.0000000
dDocent_Contig_32111	1	134	0	133	133	1.0000000
dDocent_Contig_32116	1	134	0	133	133	1.0000000
dDocent_Contig_32117	1	134	0	133	133	1.0000000
dDocent_Contig_32118	1	134	0	133	133	1.0000000
dDocent_Contig_32120	1	134	0	133	133	1.0000000
dDocent_Contig_32127	1	134	0	133	133	1.0000000
dDocent_Contig_32128	1	134	0	133	133	1.0000000
dDocent_Contig_32152	1	134	0	133	133	1.0000000
dDocent_Contig_32157	1	134	0	133	133	1.0000000
dDocent_Contig_32165	1	134	0	133	133	1.0000000
dDocent_Contig_32167	1	134	0	133	133	1.0000000
dDocent_Contig_32171	1	134	0	133	133	1.0000000
dDocent_Contig_32174	1	134	0	133	133	1.0000000
dDocent_Contig_32175	1	134	0	133	133	1.0000000
dDocent_Contig_32176	1	134	0	133	133	1.0000000
dDocent_Contig_32185	1	134	0	133	133	1.0000000
dDocent_Contig_32186	1	134	0	133	133	1.0000000
dDocent_Contig_32189	1	134	0	133	133	1.0000000
dDocent_Contig_32192	1	134	0	133	133	1.0000000
dDocent_Contig_32222	1	134	0	133	133	1.0000000
dDocent_Contig_32227	1	134	0	133	133	1.0000000
dDocent_Contig_32228	1	134	0	133	133	1.0000000
dDocent_Contig_32232	1	134	0	133	133	1.0000000
dDocent_Contig_32233	1	134	0	133	133	1.0000000
dDocent_Contig_32246	1	134	0	133	133	1.0000000
dDocent_Contig_32254	1	134	0	133	133	1.0000000
dDocent_Contig_32255	1	134	0	133	133	1.0000000
dDocent_Contig_32260	1	134	0	93	133	0.6992481
dDocent_Contig_32260	1	134	1	40	133	0.3007519
dDocent_Contig_32276	1	134	0	133	133	1.0000000
dDocent_Contig_32296	1	134	0	133	133	1.0000000
dDocent_Contig_32297	1	134	0	133	133	1.0000000
dDocent_Contig_32300	1	134	0	133	133	1.0000000
dDocent_Contig_32301	1	134	0	133	133	1.0000000
dDocent_Contig_32311	1	134	0	133	133	1.0000000
dDocent_Contig_32314	1	134	0	133	133	1.0000000
dDocent_Contig_32316	1	134	0	133	133	1.0000000
dDocent_Contig_32321	1	134	0	133	133	1.0000000
dDocent_Contig_32322	1	134	0	133	133	1.0000000
dDocent_Contig_32332	1	134	0	133	133	1.0000000
dDocent_Contig_32333	1	134	0	133	133	1.0000000
dDocent_Contig_32340	1	134	0	133	133	1.0000000
dDocent_Contig_32343	1	134	0	133	133	1.0000000
dDocent_Contig_32350	1	134	0	133	133	1.0000000
dDocent_Contig_32351	1	134	0	133	133	1.0000000
dDocent_Contig_32352	1	134	0	133	133	1.0000000
dDocent_Contig_32356	1	134	0	133	133	1.0000000
dDocent_Contig_32357	1	134	0	24	133	0.1804511
dDocent_Contig_32357	1	134	2	109	133	0.8195488
dDocent_Contig_32362	1	134	0	133	133	1.0000000
dDocent_Contig_32366	1	134	0	133	133	1.0000000
dDocent_Contig_32381	1	134	0	133	133	1.0000000
dDocent_Contig_32388	1	134	0	133	133	1.0000000
dDocent_Contig_32390	1	134	0	70	133	0.5263158
dDocent_Contig_32390	1	134	2	63	133	0.4736842
dDocent_Contig_32391	1	134	0	133	133	1.0000000
dDocent_Contig_32399	1	134	0	133	133	1.0000000
dDocent_Contig_32407	1	134	0	133	133	1.0000000
dDocent_Contig_32413	1	134	0	133	133	1.0000000
dDocent_Contig_32417	1	134	0	133	133	1.0000000
dDocent_Contig_32420	1	134	0	133	133	1.0000000
dDocent_Contig_32421	1	134	0	133	133	1.0000000
dDocent_Contig_32422	1	134	0	133	133	1.0000000
dDocent_Contig_32427	1	134	0	133	133	1.0000000
dDocent_Contig_32433	1	134	0	133	133	1.0000000
dDocent_Contig_32438	1	134	0	133	133	1.0000000
dDocent_Contig_32443	1	134	0	133	133	1.0000000
dDocent_Contig_32444	1	134	0	133	133	1.0000000
dDocent_Contig_32446	1	134	0	133	133	1.0000000
dDocent_Contig_32453	1	134	0	133	133	1.0000000
dDocent_Contig_32454	1	134	0	133	133	1.0000000
dDocent_Contig_32455	1	134	0	133	133	1.0000000
dDocent_Contig_32462	1	134	0	133	133	1.0000000
dDocent_Contig_32466	1	134	0	133	133	1.0000000
dDocent_Contig_32467	1	134	0	133	133	1.0000000
dDocent_Contig_32509	1	134	0	133	133	1.0000000
dDocent_Contig_32510	1	134	0	133	133	1.0000000
dDocent_Contig_32511	1	134	0	133	133	1.0000000
dDocent_Contig_32513	1	134	0	133	133	1.0000000
dDocent_Contig_32516	1	134	0	133	133	1.0000000
dDocent_Contig_32517	1	134	0	133	133	1.0000000
dDocent_Contig_32521	1	134	0	133	133	1.0000000
dDocent_Contig_32523	1	134	0	133	133	1.0000000
dDocent_Contig_32526	1	134	0	133	133	1.0000000
dDocent_Contig_32529	1	134	0	133	133	1.0000000
dDocent_Contig_32530	1	134	0	133	133	1.0000000
dDocent_Contig_32531	1	134	0	133	133	1.0000000
dDocent_Contig_32533	1	134	0	133	133	1.0000000
dDocent_Contig_32534	1	134	0	133	133	1.0000000
dDocent_Contig_32549	1	134	0	133	133	1.0000000
dDocent_Contig_32558	1	134	0	28	133	0.2105263
dDocent_Contig_32558	1	134	1	80	133	0.6015037
dDocent_Contig_32558	1	134	2	25	133	0.1879699
dDocent_Contig_32577	1	134	0	133	133	1.0000000
dDocent_Contig_32585	1	134	0	133	133	1.0000000
dDocent_Contig_32589	1	134	0	133	133	1.0000000
dDocent_Contig_32598	1	134	0	133	133	1.0000000
dDocent_Contig_32603	1	134	0	133	133	1.0000000
dDocent_Contig_32611	1	134	0	133	133	1.0000000
dDocent_Contig_32615	1	134	0	133	133	1.0000000
dDocent_Contig_32631	1	134	0	133	133	1.0000000
dDocent_Contig_32640	1	134	0	133	133	1.0000000
dDocent_Contig_32644	1	134	0	133	133	1.0000000
dDocent_Contig_32645	1	134	0	133	133	1.0000000
dDocent_Contig_32649	1	134	0	133	133	1.0000000
dDocent_Contig_32653	1	134	0	133	133	1.0000000
dDocent_Contig_32664	1	134	0	133	133	1.0000000
dDocent_Contig_32665	1	134	0	133	133	1.0000000
dDocent_Contig_32673	1	134	0	133	133	1.0000000
dDocent_Contig_32677	1	134	0	133	133	1.0000000
dDocent_Contig_32678	1	134	0	133	133	1.0000000
dDocent_Contig_32681	1	134	0	133	133	1.0000000
dDocent_Contig_32694	1	134	0	133	133	1.0000000
dDocent_Contig_32695	1	134	0	133	133	1.0000000
dDocent_Contig_32697	1	134	0	133	133	1.0000000
dDocent_Contig_32701	1	134	0	133	133	1.0000000
dDocent_Contig_32705	1	134	0	133	133	1.0000000
dDocent_Contig_32710	1	134	0	133	133	1.0000000
dDocent_Contig_32721	1	134	0	133	133	1.0000000
dDocent_Contig_32722	1	134	0	133	133	1.0000000
dDocent_Contig_32723	1	134	0	55	133	0.4135338
dDocent_Contig_32723	1	134	1	78	133	0.5864662
dDocent_Contig_32724	1	134	0	133	133	1.0000000
dDocent_Contig_32725	1	134	0	133	133	1.0000000
dDocent_Contig_32726	1	134	0	133	133	1.0000000
dDocent_Contig_32727	1	134	0	133	133	1.0000000
dDocent_Contig_32731	1	134	0	133	133	1.0000000
dDocent_Contig_32733	1	134	0	133	133	1.0000000
dDocent_Contig_32739	1	134	0	133	133	1.0000000
dDocent_Contig_32756	1	134	0	133	133	1.0000000
dDocent_Contig_32764	1	134	0	133	133	1.0000000
dDocent_Contig_32775	1	134	0	133	133	1.0000000
dDocent_Contig_32783	1	134	0	133	133	1.0000000
dDocent_Contig_32788	1	134	0	133	133	1.0000000
dDocent_Contig_32799	1	134	0	133	133	1.0000000
dDocent_Contig_32802	1	134	0	133	133	1.0000000
dDocent_Contig_32804	1	134	0	133	133	1.0000000
dDocent_Contig_32832	1	134	0	133	133	1.0000000
dDocent_Contig_32833	1	134	0	133	133	1.0000000
dDocent_Contig_32842	1	134	0	133	133	1.0000000
dDocent_Contig_32852	1	134	0	133	133	1.0000000
dDocent_Contig_32859	1	134	0	133	133	1.0000000
dDocent_Contig_32866	1	134	0	133	133	1.0000000
dDocent_Contig_32888	1	134	0	133	133	1.0000000
dDocent_Contig_32889	1	134	0	133	133	1.0000000
dDocent_Contig_32902	1	134	0	133	133	1.0000000
dDocent_Contig_32906	1	134	0	133	133	1.0000000
dDocent_Contig_32908	1	134	0	133	133	1.0000000
dDocent_Contig_32909	1	134	0	133	133	1.0000000
dDocent_Contig_32910	1	134	0	133	133	1.0000000
dDocent_Contig_32911	1	134	0	133	133	1.0000000
dDocent_Contig_32918	1	134	0	133	133	1.0000000
dDocent_Contig_32929	1	134	0	133	133	1.0000000
dDocent_Contig_32931	1	134	0	133	133	1.0000000
dDocent_Contig_32935	1	134	0	133	133	1.0000000
dDocent_Contig_32949	1	134	0	27	133	0.2030075
dDocent_Contig_32949	1	134	1	106	133	0.7969925
dDocent_Contig_32950	1	134	0	133	133	1.0000000
dDocent_Contig_32951	1	134	0	133	133	1.0000000
dDocent_Contig_32952	1	134	0	133	133	1.0000000
dDocent_Contig_32956	1	134	0	133	133	1.0000000
dDocent_Contig_32970	1	134	0	133	133	1.0000000
dDocent_Contig_32981	1	134	0	133	133	1.0000000
dDocent_Contig_32990	1	134	0	133	133	1.0000000
dDocent_Contig_32991	1	134	0	133	133	1.0000000
dDocent_Contig_32992	1	134	0	133	133	1.0000000
dDocent_Contig_33001	1	134	0	133	133	1.0000000
dDocent_Contig_33004	1	134	0	133	133	1.0000000
dDocent_Contig_33012	1	134	0	133	133	1.0000000
dDocent_Contig_33015	1	134	0	133	133	1.0000000
dDocent_Contig_33023	1	134	0	133	133	1.0000000
dDocent_Contig_33026	1	134	0	133	133	1.0000000
dDocent_Contig_33027	1	134	0	133	133	1.0000000
dDocent_Contig_33034	1	134	0	133	133	1.0000000
dDocent_Contig_33039	1	134	0	133	133	1.0000000
dDocent_Contig_33042	1	134	0	133	133	1.0000000
dDocent_Contig_33043	1	134	0	133	133	1.0000000
dDocent_Contig_33055	1	134	0	133	133	1.0000000
dDocent_Contig_33058	1	134	0	133	133	1.0000000
dDocent_Contig_33060	1	134	0	133	133	1.0000000
dDocent_Contig_33065	1	134	0	133	133	1.0000000
dDocent_Contig_33067	1	134	0	133	133	1.0000000
dDocent_Contig_33076	1	134	0	133	133	1.0000000
dDocent_Contig_33080	1	134	0	133	133	1.0000000
dDocent_Contig_33082	1	134	0	133	133	1.0000000
dDocent_Contig_33083	1	134	0	133	133	1.0000000
dDocent_Contig_33088	1	134	0	133	133	1.0000000
dDocent_Contig_33089	1	134	0	133	133	1.0000000
dDocent_Contig_33090	1	134	0	133	133	1.0000000
dDocent_Contig_33093	1	134	0	133	133	1.0000000
dDocent_Contig_33098	1	134	0	133	133	1.0000000
dDocent_Contig_33099	1	134	0	133	133	1.0000000
dDocent_Contig_33107	1	134	0	133	133	1.0000000
dDocent_Contig_33109	1	134	0	133	133	1.0000000
dDocent_Contig_33113	1	134	0	133	133	1.0000000
dDocent_Contig_33125	1	134	0	133	133	1.0000000
dDocent_Contig_33128	1	134	0	133	133	1.0000000
dDocent_Contig_33136	1	134	0	133	133	1.0000000
dDocent_Contig_33137	1	134	0	133	133	1.0000000
dDocent_Contig_33147	1	134	0	133	133	1.0000000
dDocent_Contig_33150	1	134	0	133	133	1.0000000
dDocent_Contig_33151	1	134	0	133	133	1.0000000
dDocent_Contig_33152	1	134	0	133	133	1.0000000
dDocent_Contig_33153	1	134	0	133	133	1.0000000
dDocent_Contig_33156	1	134	0	133	133	1.0000000
dDocent_Contig_33157	1	134	0	133	133	1.0000000
dDocent_Contig_33162	1	134	0	133	133	1.0000000
dDocent_Contig_33163	1	134	0	133	133	1.0000000
dDocent_Contig_33170	1	134	0	133	133	1.0000000
dDocent_Contig_33173	1	134	0	133	133	1.0000000
dDocent_Contig_33174	1	134	0	23	133	0.1729323
dDocent_Contig_33174	1	134	1	110	133	0.8270677
dDocent_Contig_33191	1	134	0	133	133	1.0000000
dDocent_Contig_33206	1	134	0	133	133	1.0000000
dDocent_Contig_33207	1	134	0	133	133	1.0000000
dDocent_Contig_33208	1	134	0	133	133	1.0000000
dDocent_Contig_33211	1	134	0	133	133	1.0000000
dDocent_Contig_33217	1	134	0	133	133	1.0000000
dDocent_Contig_33219	1	134	0	133	133	1.0000000
dDocent_Contig_33220	1	134	0	133	133	1.0000000
dDocent_Contig_33221	1	134	0	133	133	1.0000000
dDocent_Contig_33223	1	134	0	133	133	1.0000000
dDocent_Contig_33226	1	134	0	133	133	1.0000000
dDocent_Contig_33230	1	134	0	133	133	1.0000000
dDocent_Contig_33231	1	134	0	133	133	1.0000000
dDocent_Contig_33232	1	134	0	133	133	1.0000000
dDocent_Contig_33237	1	134	0	133	133	1.0000000
dDocent_Contig_33239	1	134	0	133	133	1.0000000
dDocent_Contig_33243	1	134	0	133	133	1.0000000
dDocent_Contig_33250	1	134	0	133	133	1.0000000
dDocent_Contig_33251	1	134	0	133	133	1.0000000
dDocent_Contig_33255	1	134	0	133	133	1.0000000
dDocent_Contig_33263	1	134	0	133	133	1.0000000
dDocent_Contig_33279	1	134	0	133	133	1.0000000
dDocent_Contig_33280	1	134	0	133	133	1.0000000
dDocent_Contig_33282	1	134	0	133	133	1.0000000
dDocent_Contig_33287	1	134	0	133	133	1.0000000
dDocent_Contig_33289	1	134	0	133	133	1.0000000
dDocent_Contig_33290	1	134	0	133	133	1.0000000
dDocent_Contig_33307	1	134	0	133	133	1.0000000
dDocent_Contig_33314	1	134	0	133	133	1.0000000
dDocent_Contig_33315	1	134	0	133	133	1.0000000
dDocent_Contig_33316	1	134	0	133	133	1.0000000
dDocent_Contig_33326	1	134	0	133	133	1.0000000
dDocent_Contig_33331	1	134	0	133	133	1.0000000
dDocent_Contig_33339	1	134	0	133	133	1.0000000
dDocent_Contig_33340	1	134	0	133	133	1.0000000
dDocent_Contig_33341	1	134	0	133	133	1.0000000
dDocent_Contig_33346	1	134	0	133	133	1.0000000
dDocent_Contig_33361	1	134	0	133	133	1.0000000
dDocent_Contig_33362	1	134	0	133	133	1.0000000
dDocent_Contig_33364	1	134	0	133	133	1.0000000
dDocent_Contig_33368	1	134	0	133	133	1.0000000
dDocent_Contig_33376	1	134	0	133	133	1.0000000
dDocent_Contig_33382	1	134	0	133	133	1.0000000
dDocent_Contig_33390	1	134	0	133	133	1.0000000
dDocent_Contig_33404	1	134	0	133	133	1.0000000
dDocent_Contig_33410	1	134	0	133	133	1.0000000
dDocent_Contig_33413	1	134	0	133	133	1.0000000
dDocent_Contig_33419	1	134	0	133	133	1.0000000
dDocent_Contig_33421	1	134	0	133	133	1.0000000
dDocent_Contig_33428	1	134	0	133	133	1.0000000
dDocent_Contig_33429	1	134	0	133	133	1.0000000
dDocent_Contig_33439	1	134	0	133	133	1.0000000
dDocent_Contig_33443	1	134	0	133	133	1.0000000
dDocent_Contig_33447	1	134	0	133	133	1.0000000
dDocent_Contig_33449	1	134	0	29	133	0.2180451
dDocent_Contig_33449	1	134	1	94	133	0.7067669
dDocent_Contig_33449	1	134	3	1	133	0.0075188
dDocent_Contig_33449	1	134	4	9	133	0.0676692
dDocent_Contig_33461	1	134	0	133	133	1.0000000
dDocent_Contig_33469	1	134	0	133	133	1.0000000
dDocent_Contig_33470	1	134	0	133	133	1.0000000
dDocent_Contig_33472	1	134	0	133	133	1.0000000
dDocent_Contig_33473	1	134	0	133	133	1.0000000
dDocent_Contig_33480	1	134	0	101	133	0.7593985
dDocent_Contig_33480	1	134	1	32	133	0.2406015
dDocent_Contig_33481	1	134	0	133	133	1.0000000
dDocent_Contig_33488	1	134	0	133	133	1.0000000
dDocent_Contig_33489	1	134	0	133	133	1.0000000
dDocent_Contig_33491	1	134	0	133	133	1.0000000
dDocent_Contig_33502	1	134	0	133	133	1.0000000
dDocent_Contig_33504	1	134	0	133	133	1.0000000
dDocent_Contig_33505	1	134	0	133	133	1.0000000
dDocent_Contig_33508	1	134	0	133	133	1.0000000
dDocent_Contig_33517	1	134	0	133	133	1.0000000
dDocent_Contig_33518	1	134	0	133	133	1.0000000
dDocent_Contig_33525	1	134	0	133	133	1.0000000
dDocent_Contig_33532	1	134	0	133	133	1.0000000
dDocent_Contig_33533	1	134	0	133	133	1.0000000
dDocent_Contig_33537	1	134	0	133	133	1.0000000
dDocent_Contig_33546	1	134	0	133	133	1.0000000
dDocent_Contig_33547	1	134	0	133	133	1.0000000
dDocent_Contig_33550	1	134	0	133	133	1.0000000
dDocent_Contig_33553	1	134	0	133	133	1.0000000
dDocent_Contig_33559	1	134	0	133	133	1.0000000
dDocent_Contig_33568	1	134	0	133	133	1.0000000
dDocent_Contig_33573	1	134	0	133	133	1.0000000
dDocent_Contig_33580	1	134	0	133	133	1.0000000
dDocent_Contig_33582	1	134	0	133	133	1.0000000
dDocent_Contig_33594	1	134	0	133	133	1.0000000
dDocent_Contig_33597	1	134	0	133	133	1.0000000
dDocent_Contig_33599	1	134	0	133	133	1.0000000
dDocent_Contig_33612	1	134	0	133	133	1.0000000
dDocent_Contig_33614	1	134	0	133	133	1.0000000
dDocent_Contig_33617	1	134	0	133	133	1.0000000
dDocent_Contig_33618	1	134	0	133	133	1.0000000
dDocent_Contig_33620	1	134	0	133	133	1.0000000
dDocent_Contig_33623	1	134	0	133	133	1.0000000
dDocent_Contig_33636	1	134	0	133	133	1.0000000
dDocent_Contig_33640	1	134	0	133	133	1.0000000
dDocent_Contig_33641	1	134	0	133	133	1.0000000
dDocent_Contig_33642	1	134	0	133	133	1.0000000
dDocent_Contig_33650	1	134	0	133	133	1.0000000
dDocent_Contig_33652	1	134	0	133	133	1.0000000
dDocent_Contig_33653	1	134	0	133	133	1.0000000
dDocent_Contig_33656	1	134	0	133	133	1.0000000
dDocent_Contig_33660	1	134	0	133	133	1.0000000
dDocent_Contig_33686	1	134	0	133	133	1.0000000
dDocent_Contig_33701	1	134	0	133	133	1.0000000
dDocent_Contig_33706	1	134	0	133	133	1.0000000
dDocent_Contig_33711	1	134	0	133	133	1.0000000
dDocent_Contig_33714	1	134	0	133	133	1.0000000
dDocent_Contig_33725	1	134	0	133	133	1.0000000
dDocent_Contig_33728	1	134	0	133	133	1.0000000
dDocent_Contig_33741	1	134	0	133	133	1.0000000
dDocent_Contig_33748	1	134	0	133	133	1.0000000
dDocent_Contig_33750	1	134	0	133	133	1.0000000
dDocent_Contig_33755	1	134	0	133	133	1.0000000
dDocent_Contig_33757	1	134	0	133	133	1.0000000
dDocent_Contig_33760	1	134	0	133	133	1.0000000
dDocent_Contig_33763	1	134	0	133	133	1.0000000
dDocent_Contig_33764	1	134	0	133	133	1.0000000
dDocent_Contig_33766	1	134	0	133	133	1.0000000
dDocent_Contig_33768	1	134	0	133	133	1.0000000
dDocent_Contig_33776	1	134	0	133	133	1.0000000
dDocent_Contig_33777	1	134	0	133	133	1.0000000
dDocent_Contig_33781	1	134	0	133	133	1.0000000
dDocent_Contig_33783	1	134	0	133	133	1.0000000
dDocent_Contig_33790	1	134	0	133	133	1.0000000
dDocent_Contig_33792	1	134	0	133	133	1.0000000
dDocent_Contig_33801	1	134	0	133	133	1.0000000
dDocent_Contig_33803	1	134	0	133	133	1.0000000
dDocent_Contig_33804	1	134	0	133	133	1.0000000
dDocent_Contig_33806	1	134	0	133	133	1.0000000
dDocent_Contig_33814	1	134	0	133	133	1.0000000
dDocent_Contig_33817	1	134	0	133	133	1.0000000
dDocent_Contig_33818	1	134	0	133	133	1.0000000
dDocent_Contig_33819	1	134	0	133	133	1.0000000
dDocent_Contig_33823	1	134	0	133	133	1.0000000
dDocent_Contig_33824	1	134	0	133	133	1.0000000
dDocent_Contig_33835	1	134	0	133	133	1.0000000
dDocent_Contig_33837	1	134	0	133	133	1.0000000
dDocent_Contig_33841	1	134	0	133	133	1.0000000
dDocent_Contig_33849	1	134	0	133	133	1.0000000
dDocent_Contig_33851	1	134	0	133	133	1.0000000
dDocent_Contig_33860	1	134	0	133	133	1.0000000
dDocent_Contig_33868	1	134	0	133	133	1.0000000
dDocent_Contig_33875	1	134	0	133	133	1.0000000
dDocent_Contig_33899	1	134	0	133	133	1.0000000
dDocent_Contig_33902	1	134	0	133	133	1.0000000
dDocent_Contig_33916	1	134	0	133	133	1.0000000
dDocent_Contig_33917	1	134	0	133	133	1.0000000
dDocent_Contig_33922	1	134	0	133	133	1.0000000
dDocent_Contig_33927	1	134	0	133	133	1.0000000
dDocent_Contig_33930	1	134	0	133	133	1.0000000
dDocent_Contig_33931	1	134	0	133	133	1.0000000
dDocent_Contig_33933	1	134	0	133	133	1.0000000
dDocent_Contig_33949	1	134	0	133	133	1.0000000
dDocent_Contig_33950	1	134	0	133	133	1.0000000
dDocent_Contig_33965	1	134	0	133	133	1.0000000
dDocent_Contig_33986	1	134	0	133	133	1.0000000
dDocent_Contig_34002	1	134	0	133	133	1.0000000
dDocent_Contig_34079	1	134	0	133	133	1.0000000
dDocent_Contig_34082	1	134	0	133	133	1.0000000
dDocent_Contig_34088	1	134	0	133	133	1.0000000
dDocent_Contig_34090	1	134	0	133	133	1.0000000
dDocent_Contig_34092	1	134	0	133	133	1.0000000
dDocent_Contig_34097	1	134	0	133	133	1.0000000
dDocent_Contig_34099	1	134	0	133	133	1.0000000
dDocent_Contig_34104	1	134	0	133	133	1.0000000
dDocent_Contig_34106	1	134	0	133	133	1.0000000
dDocent_Contig_34108	1	134	0	133	133	1.0000000
dDocent_Contig_34111	1	134	0	133	133	1.0000000
dDocent_Contig_34114	1	134	0	133	133	1.0000000
dDocent_Contig_34115	1	134	0	133	133	1.0000000
dDocent_Contig_34116	1	134	0	133	133	1.0000000
dDocent_Contig_34121	1	134	0	133	133	1.0000000
dDocent_Contig_34124	1	134	0	133	133	1.0000000
dDocent_Contig_34126	1	134	0	133	133	1.0000000
dDocent_Contig_34133	1	134	0	133	133	1.0000000
dDocent_Contig_34137	1	134	0	133	133	1.0000000
dDocent_Contig_34139	1	134	0	133	133	1.0000000
dDocent_Contig_34142	1	134	0	133	133	1.0000000
dDocent_Contig_34150	1	134	0	133	133	1.0000000
dDocent_Contig_34161	1	134	0	133	133	1.0000000
dDocent_Contig_34171	1	134	0	133	133	1.0000000
dDocent_Contig_34173	1	134	0	133	133	1.0000000
dDocent_Contig_34179	1	134	0	133	133	1.0000000
dDocent_Contig_34185	1	134	0	133	133	1.0000000
dDocent_Contig_34188	1	134	0	133	133	1.0000000
dDocent_Contig_34191	1	134	0	133	133	1.0000000
dDocent_Contig_34201	1	134	0	133	133	1.0000000
dDocent_Contig_34207	1	134	0	133	133	1.0000000
dDocent_Contig_34210	1	134	0	133	133	1.0000000
dDocent_Contig_34218	1	134	0	133	133	1.0000000
dDocent_Contig_34219	1	134	0	133	133	1.0000000
dDocent_Contig_34220	1	134	0	133	133	1.0000000
dDocent_Contig_34234	1	134	0	133	133	1.0000000
dDocent_Contig_34235	1	134	0	133	133	1.0000000
dDocent_Contig_34237	1	134	0	133	133	1.0000000
dDocent_Contig_34238	1	134	0	133	133	1.0000000
dDocent_Contig_34240	1	134	0	133	133	1.0000000
dDocent_Contig_34241	1	134	0	133	133	1.0000000
dDocent_Contig_34244	1	134	0	133	133	1.0000000
dDocent_Contig_34255	1	134	0	133	133	1.0000000
dDocent_Contig_34265	1	134	0	133	133	1.0000000
dDocent_Contig_34266	1	134	0	133	133	1.0000000
dDocent_Contig_34277	1	134	0	133	133	1.0000000
dDocent_Contig_34280	1	134	0	133	133	1.0000000
dDocent_Contig_34283	1	134	0	133	133	1.0000000
dDocent_Contig_34290	1	134	0	133	133	1.0000000
dDocent_Contig_34299	1	134	0	133	133	1.0000000
dDocent_Contig_34310	1	134	0	53	133	0.3984962
dDocent_Contig_34310	1	134	1	80	133	0.6015037
dDocent_Contig_34316	1	134	0	133	133	1.0000000
dDocent_Contig_34331	1	134	0	133	133	1.0000000
dDocent_Contig_34333	1	134	0	133	133	1.0000000
dDocent_Contig_34343	1	134	0	133	133	1.0000000
dDocent_Contig_34347	1	134	0	133	133	1.0000000
dDocent_Contig_34354	1	134	0	133	133	1.0000000
dDocent_Contig_34355	1	134	0	133	133	1.0000000
dDocent_Contig_34360	1	134	0	133	133	1.0000000
dDocent_Contig_34371	1	134	0	133	133	1.0000000
dDocent_Contig_34372	1	134	0	133	133	1.0000000
dDocent_Contig_34373	1	134	0	133	133	1.0000000
dDocent_Contig_34376	1	134	0	133	133	1.0000000
dDocent_Contig_34381	1	134	0	133	133	1.0000000
dDocent_Contig_34382	1	134	0	133	133	1.0000000
dDocent_Contig_34389	1	134	0	133	133	1.0000000
dDocent_Contig_34392	1	134	0	133	133	1.0000000
dDocent_Contig_34396	1	134	0	133	133	1.0000000
dDocent_Contig_34397	1	134	0	133	133	1.0000000
dDocent_Contig_34401	1	134	0	133	133	1.0000000
dDocent_Contig_34402	1	134	0	133	133	1.0000000
dDocent_Contig_34403	1	134	0	133	133	1.0000000
dDocent_Contig_34407	1	134	0	133	133	1.0000000
dDocent_Contig_34415	1	134	0	133	133	1.0000000
dDocent_Contig_34418	1	134	0	133	133	1.0000000
dDocent_Contig_34421	1	134	0	133	133	1.0000000
dDocent_Contig_34422	1	134	0	133	133	1.0000000
dDocent_Contig_34423	1	134	0	133	133	1.0000000
dDocent_Contig_34432	1	134	0	133	133	1.0000000
dDocent_Contig_34433	1	134	0	133	133	1.0000000
dDocent_Contig_34434	1	134	0	133	133	1.0000000
dDocent_Contig_34435	1	134	0	133	133	1.0000000
dDocent_Contig_34442	1	134	0	133	133	1.0000000
dDocent_Contig_34443	1	134	0	133	133	1.0000000
dDocent_Contig_34448	1	134	0	133	133	1.0000000
dDocent_Contig_34451	1	134	0	133	133	1.0000000
dDocent_Contig_34457	1	134	0	133	133	1.0000000
dDocent_Contig_34464	1	134	0	133	133	1.0000000
dDocent_Contig_34469	1	134	0	133	133	1.0000000
dDocent_Contig_34471	1	134	0	133	133	1.0000000
dDocent_Contig_34472	1	134	0	133	133	1.0000000
dDocent_Contig_34473	1	134	0	133	133	1.0000000
dDocent_Contig_34480	1	134	0	133	133	1.0000000
dDocent_Contig_34491	1	134	0	133	133	1.0000000
dDocent_Contig_34492	1	134	0	133	133	1.0000000
dDocent_Contig_34494	1	134	0	133	133	1.0000000
dDocent_Contig_34495	1	134	0	133	133	1.0000000
dDocent_Contig_34497	1	134	0	133	133	1.0000000
dDocent_Contig_34498	1	134	0	133	133	1.0000000
dDocent_Contig_34501	1	134	0	133	133	1.0000000
dDocent_Contig_34506	1	134	0	133	133	1.0000000
dDocent_Contig_34515	1	134	0	133	133	1.0000000
dDocent_Contig_34517	1	134	0	133	133	1.0000000
dDocent_Contig_34523	1	134	0	133	133	1.0000000
dDocent_Contig_34534	1	134	0	133	133	1.0000000
dDocent_Contig_34551	1	134	0	133	133	1.0000000
dDocent_Contig_34559	1	134	0	133	133	1.0000000
dDocent_Contig_34562	1	134	0	133	133	1.0000000
dDocent_Contig_34566	1	134	0	133	133	1.0000000
dDocent_Contig_34568	1	134	0	108	133	0.8120301
dDocent_Contig_34568	1	134	2	25	133	0.1879699
dDocent_Contig_34569	1	134	0	133	133	1.0000000
dDocent_Contig_34570	1	134	0	133	133	1.0000000
dDocent_Contig_34571	1	134	0	133	133	1.0000000
dDocent_Contig_34574	1	134	0	133	133	1.0000000
dDocent_Contig_34581	1	134	0	133	133	1.0000000
dDocent_Contig_34584	1	134	0	133	133	1.0000000
dDocent_Contig_34589	1	134	0	133	133	1.0000000
dDocent_Contig_34591	1	134	0	133	133	1.0000000
dDocent_Contig_34592	1	134	0	133	133	1.0000000
dDocent_Contig_34596	1	134	0	133	133	1.0000000
dDocent_Contig_34603	1	134	0	133	133	1.0000000
dDocent_Contig_34606	1	134	0	133	133	1.0000000
dDocent_Contig_34610	1	134	0	133	133	1.0000000
dDocent_Contig_34612	1	134	0	133	133	1.0000000
dDocent_Contig_34615	1	134	0	133	133	1.0000000
dDocent_Contig_34616	1	134	0	133	133	1.0000000
dDocent_Contig_34620	1	134	0	133	133	1.0000000
dDocent_Contig_34622	1	134	0	133	133	1.0000000
dDocent_Contig_34623	1	134	0	133	133	1.0000000
dDocent_Contig_34627	1	134	0	133	133	1.0000000
dDocent_Contig_34629	1	134	0	133	133	1.0000000
dDocent_Contig_34633	1	134	0	133	133	1.0000000
dDocent_Contig_34634	1	134	0	133	133	1.0000000
dDocent_Contig_34640	1	134	0	133	133	1.0000000
dDocent_Contig_34643	1	134	0	133	133	1.0000000
dDocent_Contig_34644	1	134	0	133	133	1.0000000
dDocent_Contig_34648	1	134	0	133	133	1.0000000
dDocent_Contig_34650	1	134	0	133	133	1.0000000
dDocent_Contig_34654	1	134	0	133	133	1.0000000
dDocent_Contig_34658	1	134	0	133	133	1.0000000
dDocent_Contig_34659	1	134	0	133	133	1.0000000
dDocent_Contig_34667	1	134	0	133	133	1.0000000
dDocent_Contig_34671	1	134	0	133	133	1.0000000
dDocent_Contig_34675	1	134	0	133	133	1.0000000
dDocent_Contig_34679	1	134	0	133	133	1.0000000
dDocent_Contig_34684	1	134	0	133	133	1.0000000
dDocent_Contig_34686	1	134	0	133	133	1.0000000
dDocent_Contig_34692	1	134	0	133	133	1.0000000
dDocent_Contig_34694	1	134	0	133	133	1.0000000
dDocent_Contig_34700	1	134	0	133	133	1.0000000
dDocent_Contig_34707	1	134	0	133	133	1.0000000
dDocent_Contig_34716	1	134	0	133	133	1.0000000
dDocent_Contig_34717	1	134	0	133	133	1.0000000
dDocent_Contig_34726	1	134	0	133	133	1.0000000
dDocent_Contig_34731	1	134	0	133	133	1.0000000
dDocent_Contig_34733	1	134	0	133	133	1.0000000
dDocent_Contig_34734	1	134	0	133	133	1.0000000
dDocent_Contig_34736	1	134	0	133	133	1.0000000
dDocent_Contig_34741	1	134	0	133	133	1.0000000
dDocent_Contig_34742	1	134	0	133	133	1.0000000
dDocent_Contig_34755	1	134	0	133	133	1.0000000
dDocent_Contig_34756	1	134	0	133	133	1.0000000
dDocent_Contig_34757	1	134	0	133	133	1.0000000
dDocent_Contig_34762	1	134	0	133	133	1.0000000
dDocent_Contig_34766	1	134	0	133	133	1.0000000
dDocent_Contig_34767	1	134	0	133	133	1.0000000
dDocent_Contig_34770	1	134	0	133	133	1.0000000
dDocent_Contig_34773	1	134	0	133	133	1.0000000
dDocent_Contig_34774	1	134	0	133	133	1.0000000
dDocent_Contig_34776	1	134	0	133	133	1.0000000
dDocent_Contig_34782	1	134	0	133	133	1.0000000
dDocent_Contig_34785	1	134	0	133	133	1.0000000
dDocent_Contig_34788	1	134	0	133	133	1.0000000
dDocent_Contig_34791	1	134	0	133	133	1.0000000
dDocent_Contig_34806	1	134	0	133	133	1.0000000
dDocent_Contig_34807	1	134	0	133	133	1.0000000
dDocent_Contig_34808	1	134	0	133	133	1.0000000
dDocent_Contig_34818	1	134	0	133	133	1.0000000
dDocent_Contig_34821	1	134	0	133	133	1.0000000
dDocent_Contig_34823	1	134	0	133	133	1.0000000
dDocent_Contig_34824	1	134	0	133	133	1.0000000
dDocent_Contig_34825	1	134	0	133	133	1.0000000
dDocent_Contig_34827	1	134	0	133	133	1.0000000
dDocent_Contig_34829	1	134	0	133	133	1.0000000
dDocent_Contig_34830	1	134	0	133	133	1.0000000
dDocent_Contig_34831	1	134	0	133	133	1.0000000
dDocent_Contig_34832	1	134	0	133	133	1.0000000
dDocent_Contig_34833	1	134	0	133	133	1.0000000
dDocent_Contig_34837	1	134	0	133	133	1.0000000
dDocent_Contig_34852	1	134	0	133	133	1.0000000
dDocent_Contig_34858	1	134	0	133	133	1.0000000
dDocent_Contig_34869	1	134	0	133	133	1.0000000
dDocent_Contig_34872	1	134	0	133	133	1.0000000
dDocent_Contig_34877	1	134	0	133	133	1.0000000
dDocent_Contig_34878	1	134	0	133	133	1.0000000
dDocent_Contig_34881	1	134	0	133	133	1.0000000
dDocent_Contig_34882	1	134	0	133	133	1.0000000
dDocent_Contig_34883	1	134	0	133	133	1.0000000
dDocent_Contig_34896	1	134	0	133	133	1.0000000
dDocent_Contig_34899	1	134	0	133	133	1.0000000
dDocent_Contig_34917	1	134	0	133	133	1.0000000
dDocent_Contig_34918	1	134	0	133	133	1.0000000
dDocent_Contig_34920	1	134	0	133	133	1.0000000
dDocent_Contig_34921	1	134	0	133	133	1.0000000
dDocent_Contig_34923	1	134	0	133	133	1.0000000
dDocent_Contig_34924	1	134	0	133	133	1.0000000
dDocent_Contig_34929	1	134	0	133	133	1.0000000
dDocent_Contig_34931	1	134	0	133	133	1.0000000
dDocent_Contig_34933	1	134	0	133	133	1.0000000
dDocent_Contig_34934	1	134	0	133	133	1.0000000
dDocent_Contig_34938	1	134	0	133	133	1.0000000
dDocent_Contig_34944	1	134	0	133	133	1.0000000
dDocent_Contig_34947	1	134	0	133	133	1.0000000
dDocent_Contig_34956	1	134	0	133	133	1.0000000
dDocent_Contig_34964	1	134	0	48	133	0.3609022
dDocent_Contig_34964	1	134	1	37	133	0.2781955
dDocent_Contig_34964	1	134	2	48	133	0.3609022
dDocent_Contig_34966	1	134	0	133	133	1.0000000
dDocent_Contig_34967	1	134	0	133	133	1.0000000
dDocent_Contig_34972	1	134	0	133	133	1.0000000
dDocent_Contig_34985	1	134	0	133	133	1.0000000
dDocent_Contig_34986	1	134	0	133	133	1.0000000
dDocent_Contig_34988	1	134	0	106	133	0.7969925
dDocent_Contig_34988	1	134	1	27	133	0.2030075
dDocent_Contig_34989	1	134	0	133	133	1.0000000
dDocent_Contig_34991	1	134	0	133	133	1.0000000
dDocent_Contig_34993	1	134	0	133	133	1.0000000
dDocent_Contig_35008	1	134	0	133	133	1.0000000
dDocent_Contig_35010	1	134	0	133	133	1.0000000
dDocent_Contig_35018	1	134	0	133	133	1.0000000
dDocent_Contig_35020	1	134	0	133	133	1.0000000
dDocent_Contig_35023	1	134	0	133	133	1.0000000
dDocent_Contig_35026	1	134	0	133	133	1.0000000
dDocent_Contig_35031	1	134	0	133	133	1.0000000
dDocent_Contig_35033	1	134	0	133	133	1.0000000
dDocent_Contig_35036	1	134	0	133	133	1.0000000
dDocent_Contig_35037	1	134	0	133	133	1.0000000
dDocent_Contig_35038	1	134	0	133	133	1.0000000
dDocent_Contig_35041	1	134	0	133	133	1.0000000
dDocent_Contig_35046	1	134	0	133	133	1.0000000
dDocent_Contig_35050	1	134	0	133	133	1.0000000
dDocent_Contig_35052	1	134	0	133	133	1.0000000
dDocent_Contig_35070	1	134	0	133	133	1.0000000
dDocent_Contig_35072	1	134	0	133	133	1.0000000
dDocent_Contig_35078	1	134	0	133	133	1.0000000
dDocent_Contig_35080	1	134	0	133	133	1.0000000
dDocent_Contig_35081	1	134	0	133	133	1.0000000
dDocent_Contig_35088	1	134	0	133	133	1.0000000
dDocent_Contig_35089	1	134	0	133	133	1.0000000
dDocent_Contig_35096	1	134	0	133	133	1.0000000
dDocent_Contig_35099	1	134	1	28	133	0.2105263
dDocent_Contig_35099	1	134	2	1	133	0.0075188
dDocent_Contig_35099	1	134	3	104	133	0.7819549
dDocent_Contig_35108	1	134	0	133	133	1.0000000
dDocent_Contig_35109	1	134	0	133	133	1.0000000
dDocent_Contig_35116	1	134	0	133	133	1.0000000
dDocent_Contig_35117	1	134	0	133	133	1.0000000
dDocent_Contig_35127	1	134	0	133	133	1.0000000
dDocent_Contig_35128	1	134	0	133	133	1.0000000
dDocent_Contig_35138	1	134	0	133	133	1.0000000
dDocent_Contig_35140	1	134	0	133	133	1.0000000
dDocent_Contig_35157	1	134	0	133	133	1.0000000
dDocent_Contig_35160	1	134	0	133	133	1.0000000
dDocent_Contig_35163	1	134	0	133	133	1.0000000
dDocent_Contig_35169	1	134	0	133	133	1.0000000
dDocent_Contig_35174	1	134	0	133	133	1.0000000
dDocent_Contig_35184	1	134	0	133	133	1.0000000
dDocent_Contig_35190	1	134	0	133	133	1.0000000
dDocent_Contig_35191	1	134	0	133	133	1.0000000
dDocent_Contig_35192	1	134	0	133	133	1.0000000
dDocent_Contig_35203	1	134	0	133	133	1.0000000
dDocent_Contig_35209	1	134	0	133	133	1.0000000
dDocent_Contig_35217	1	134	0	133	133	1.0000000
dDocent_Contig_35223	1	134	0	133	133	1.0000000
dDocent_Contig_35226	1	134	0	133	133	1.0000000
dDocent_Contig_35228	1	134	0	133	133	1.0000000
dDocent_Contig_35233	1	134	0	133	133	1.0000000
dDocent_Contig_35237	1	134	0	133	133	1.0000000
dDocent_Contig_35240	1	134	0	133	133	1.0000000
dDocent_Contig_35244	1	134	0	133	133	1.0000000
dDocent_Contig_35245	1	134	0	133	133	1.0000000
dDocent_Contig_35249	1	134	0	133	133	1.0000000
dDocent_Contig_35255	1	134	0	133	133	1.0000000
dDocent_Contig_35256	1	134	0	133	133	1.0000000
dDocent_Contig_35257	1	134	0	133	133	1.0000000
dDocent_Contig_35260	1	134	0	133	133	1.0000000
dDocent_Contig_35266	1	134	0	133	133	1.0000000
dDocent_Contig_35268	1	134	0	133	133	1.0000000
dDocent_Contig_35280	1	134	0	133	133	1.0000000
dDocent_Contig_35287	1	134	0	133	133	1.0000000
dDocent_Contig_35290	1	134	0	133	133	1.0000000
dDocent_Contig_35296	1	134	0	133	133	1.0000000
dDocent_Contig_35299	1	134	0	133	133	1.0000000
dDocent_Contig_35304	1	134	0	133	133	1.0000000
dDocent_Contig_35319	1	134	0	133	133	1.0000000
dDocent_Contig_35320	1	134	0	133	133	1.0000000
dDocent_Contig_35328	1	134	0	133	133	1.0000000
dDocent_Contig_35332	1	134	0	133	133	1.0000000
dDocent_Contig_35333	1	134	0	133	133	1.0000000
dDocent_Contig_35336	1	134	0	133	133	1.0000000
dDocent_Contig_35337	1	134	0	133	133	1.0000000
dDocent_Contig_35344	1	134	0	133	133	1.0000000
dDocent_Contig_35346	1	134	0	133	133	1.0000000
dDocent_Contig_35375	1	134	0	133	133	1.0000000
dDocent_Contig_35380	1	134	0	133	133	1.0000000
dDocent_Contig_35381	1	134	0	133	133	1.0000000
dDocent_Contig_35385	1	134	0	133	133	1.0000000
dDocent_Contig_35387	1	134	0	133	133	1.0000000
dDocent_Contig_35391	1	134	0	133	133	1.0000000
dDocent_Contig_35422	1	134	0	133	133	1.0000000
dDocent_Contig_35426	1	134	0	133	133	1.0000000
dDocent_Contig_35434	1	134	0	133	133	1.0000000
dDocent_Contig_35439	1	134	0	133	133	1.0000000
dDocent_Contig_35441	1	134	0	133	133	1.0000000
dDocent_Contig_35442	1	134	0	133	133	1.0000000
dDocent_Contig_35444	1	134	0	133	133	1.0000000
dDocent_Contig_35446	1	134	0	133	133	1.0000000
dDocent_Contig_35448	1	134	0	133	133	1.0000000
dDocent_Contig_35449	1	134	0	133	133	1.0000000
dDocent_Contig_35458	1	134	0	133	133	1.0000000
dDocent_Contig_35459	1	134	0	133	133	1.0000000
dDocent_Contig_35465	1	134	0	133	133	1.0000000
dDocent_Contig_35468	1	134	0	133	133	1.0000000
dDocent_Contig_35474	1	134	0	133	133	1.0000000
dDocent_Contig_35483	1	134	0	133	133	1.0000000
dDocent_Contig_35491	1	134	0	133	133	1.0000000
dDocent_Contig_35492	1	134	0	133	133	1.0000000
dDocent_Contig_35494	1	134	0	133	133	1.0000000
dDocent_Contig_35499	1	134	0	133	133	1.0000000
dDocent_Contig_35501	1	134	0	133	133	1.0000000
dDocent_Contig_35511	1	134	0	133	133	1.0000000
dDocent_Contig_35512	1	134	0	133	133	1.0000000
dDocent_Contig_35518	1	134	0	133	133	1.0000000
dDocent_Contig_35521	1	134	0	133	133	1.0000000
dDocent_Contig_35530	1	134	0	133	133	1.0000000
dDocent_Contig_35535	1	134	0	133	133	1.0000000
dDocent_Contig_35542	1	134	0	133	133	1.0000000
dDocent_Contig_35543	1	134	0	133	133	1.0000000
dDocent_Contig_35546	1	134	0	133	133	1.0000000
dDocent_Contig_35551	1	134	0	133	133	1.0000000
dDocent_Contig_35553	1	134	0	133	133	1.0000000
dDocent_Contig_35567	1	134	0	133	133	1.0000000
dDocent_Contig_35573	1	134	0	133	133	1.0000000
dDocent_Contig_35577	1	134	0	133	133	1.0000000
dDocent_Contig_35578	1	134	0	133	133	1.0000000
dDocent_Contig_35584	1	134	0	133	133	1.0000000
dDocent_Contig_35586	1	134	0	133	133	1.0000000
dDocent_Contig_35587	1	134	0	133	133	1.0000000
dDocent_Contig_35590	1	134	0	133	133	1.0000000
dDocent_Contig_35598	1	134	0	133	133	1.0000000
dDocent_Contig_35600	1	134	0	133	133	1.0000000
dDocent_Contig_35601	1	134	0	133	133	1.0000000
dDocent_Contig_35603	1	134	0	133	133	1.0000000
dDocent_Contig_35604	1	134	0	133	133	1.0000000
dDocent_Contig_35607	1	134	0	133	133	1.0000000
dDocent_Contig_35613	1	134	0	133	133	1.0000000
dDocent_Contig_35617	1	134	0	133	133	1.0000000
dDocent_Contig_35618	1	134	0	133	133	1.0000000
dDocent_Contig_35625	1	134	0	133	133	1.0000000
dDocent_Contig_35634	1	134	0	133	133	1.0000000
dDocent_Contig_35636	1	134	0	133	133	1.0000000
dDocent_Contig_35640	1	134	0	133	133	1.0000000
dDocent_Contig_35641	1	134	0	133	133	1.0000000
dDocent_Contig_35642	1	134	0	133	133	1.0000000
dDocent_Contig_35643	1	134	0	133	133	1.0000000
dDocent_Contig_35644	1	134	0	133	133	1.0000000
dDocent_Contig_35647	1	134	0	133	133	1.0000000
dDocent_Contig_35650	1	134	0	133	133	1.0000000
dDocent_Contig_35652	1	134	0	133	133	1.0000000
dDocent_Contig_35657	1	134	0	133	133	1.0000000
dDocent_Contig_35658	1	134	0	133	133	1.0000000
dDocent_Contig_35660	1	134	0	133	133	1.0000000
dDocent_Contig_35661	1	134	0	133	133	1.0000000
dDocent_Contig_35663	1	134	0	133	133	1.0000000
dDocent_Contig_35668	1	134	0	133	133	1.0000000
dDocent_Contig_35669	1	134	0	133	133	1.0000000
dDocent_Contig_35673	1	134	0	133	133	1.0000000
dDocent_Contig_35678	1	134	0	133	133	1.0000000
dDocent_Contig_35681	1	134	0	133	133	1.0000000
dDocent_Contig_35682	1	134	0	133	133	1.0000000
dDocent_Contig_35684	1	134	0	133	133	1.0000000
dDocent_Contig_35699	1	134	0	133	133	1.0000000
dDocent_Contig_35700	1	134	0	133	133	1.0000000
dDocent_Contig_35703	1	134	0	133	133	1.0000000
dDocent_Contig_35704	1	134	0	133	133	1.0000000
dDocent_Contig_35705	1	134	0	133	133	1.0000000
dDocent_Contig_35710	1	134	0	133	133	1.0000000
dDocent_Contig_35711	1	134	0	133	133	1.0000000
dDocent_Contig_35712	1	134	0	133	133	1.0000000
dDocent_Contig_35728	1	134	0	133	133	1.0000000
dDocent_Contig_35733	1	134	0	133	133	1.0000000
dDocent_Contig_35738	1	134	0	133	133	1.0000000
dDocent_Contig_35744	1	134	0	133	133	1.0000000
dDocent_Contig_35746	1	134	0	133	133	1.0000000
dDocent_Contig_35750	1	134	0	133	133	1.0000000
dDocent_Contig_35758	1	134	0	24	133	0.1804511
dDocent_Contig_35758	1	134	1	109	133	0.8195488
dDocent_Contig_35762	1	134	0	133	133	1.0000000
dDocent_Contig_35767	1	134	0	133	133	1.0000000
dDocent_Contig_35768	1	134	0	133	133	1.0000000
dDocent_Contig_35769	1	134	0	133	133	1.0000000
dDocent_Contig_35776	1	134	0	133	133	1.0000000
dDocent_Contig_35784	1	134	0	133	133	1.0000000
dDocent_Contig_35797	1	134	0	133	133	1.0000000
dDocent_Contig_35800	1	134	0	133	133	1.0000000
dDocent_Contig_35802	1	134	0	133	133	1.0000000
dDocent_Contig_35803	1	134	0	133	133	1.0000000
dDocent_Contig_35806	1	134	0	133	133	1.0000000
dDocent_Contig_35813	1	134	0	133	133	1.0000000
dDocent_Contig_35817	1	134	0	133	133	1.0000000
dDocent_Contig_35819	1	134	0	133	133	1.0000000
dDocent_Contig_35826	1	134	0	133	133	1.0000000
dDocent_Contig_35827	1	134	0	133	133	1.0000000
dDocent_Contig_35829	1	134	0	133	133	1.0000000
dDocent_Contig_35830	1	134	0	133	133	1.0000000
dDocent_Contig_35837	1	134	0	133	133	1.0000000
dDocent_Contig_35846	1	134	0	133	133	1.0000000
dDocent_Contig_35847	1	134	0	133	133	1.0000000
dDocent_Contig_35849	1	134	0	133	133	1.0000000
dDocent_Contig_35850	1	134	0	133	133	1.0000000
dDocent_Contig_35851	1	134	0	133	133	1.0000000
dDocent_Contig_35856	1	134	0	133	133	1.0000000
dDocent_Contig_35867	1	134	0	133	133	1.0000000
dDocent_Contig_35872	1	134	0	133	133	1.0000000
dDocent_Contig_35875	1	134	0	133	133	1.0000000
dDocent_Contig_35886	1	134	0	133	133	1.0000000
dDocent_Contig_35896	1	134	0	133	133	1.0000000
dDocent_Contig_35897	1	134	0	133	133	1.0000000
dDocent_Contig_35900	1	134	0	133	133	1.0000000
dDocent_Contig_35901	1	134	0	133	133	1.0000000
dDocent_Contig_35907	1	134	0	133	133	1.0000000
dDocent_Contig_35908	1	134	0	133	133	1.0000000
dDocent_Contig_35909	1	134	0	133	133	1.0000000
dDocent_Contig_35911	1	134	0	133	133	1.0000000
dDocent_Contig_35912	1	134	0	133	133	1.0000000
dDocent_Contig_35913	1	134	0	133	133	1.0000000
dDocent_Contig_35914	1	134	0	133	133	1.0000000
dDocent_Contig_35915	1	134	0	133	133	1.0000000
dDocent_Contig_35924	1	134	0	133	133	1.0000000
dDocent_Contig_35926	1	134	0	133	133	1.0000000
dDocent_Contig_35927	1	134	0	133	133	1.0000000
dDocent_Contig_35938	1	134	0	133	133	1.0000000
dDocent_Contig_35940	1	134	0	133	133	1.0000000
dDocent_Contig_35941	1	134	0	133	133	1.0000000
dDocent_Contig_35942	1	134	0	133	133	1.0000000
dDocent_Contig_35945	1	134	0	133	133	1.0000000
dDocent_Contig_35946	1	134	0	133	133	1.0000000
dDocent_Contig_35951	1	134	0	133	133	1.0000000
dDocent_Contig_35953	1	134	0	133	133	1.0000000
dDocent_Contig_35957	1	134	0	133	133	1.0000000
dDocent_Contig_35958	1	134	0	133	133	1.0000000
dDocent_Contig_35961	1	134	0	133	133	1.0000000
dDocent_Contig_35963	1	134	0	133	133	1.0000000
dDocent_Contig_35972	1	134	0	133	133	1.0000000
dDocent_Contig_35973	1	134	0	133	133	1.0000000
dDocent_Contig_35975	1	134	0	133	133	1.0000000
dDocent_Contig_35976	1	134	0	133	133	1.0000000
dDocent_Contig_35977	1	134	0	133	133	1.0000000
dDocent_Contig_35978	1	134	0	133	133	1.0000000
dDocent_Contig_35995	1	134	0	133	133	1.0000000
dDocent_Contig_35997	1	134	0	133	133	1.0000000
dDocent_Contig_35999	1	134	0	133	133	1.0000000
dDocent_Contig_36000	1	134	0	133	133	1.0000000
dDocent_Contig_36003	1	134	0	133	133	1.0000000
dDocent_Contig_36004	1	134	0	133	133	1.0000000
dDocent_Contig_36014	1	134	0	133	133	1.0000000
dDocent_Contig_36015	1	134	0	133	133	1.0000000
dDocent_Contig_36017	1	134	0	133	133	1.0000000
dDocent_Contig_36020	1	134	0	133	133	1.0000000
dDocent_Contig_36021	1	134	0	133	133	1.0000000
dDocent_Contig_36024	1	134	0	133	133	1.0000000
dDocent_Contig_36025	1	134	0	133	133	1.0000000
dDocent_Contig_36026	1	134	0	133	133	1.0000000
dDocent_Contig_36027	1	134	0	133	133	1.0000000
dDocent_Contig_36029	1	134	0	133	133	1.0000000
dDocent_Contig_36032	1	134	0	133	133	1.0000000
dDocent_Contig_36033	1	134	0	133	133	1.0000000
dDocent_Contig_36037	1	134	0	133	133	1.0000000
dDocent_Contig_36040	1	134	0	133	133	1.0000000
dDocent_Contig_36041	1	134	0	133	133	1.0000000
dDocent_Contig_36047	1	134	0	133	133	1.0000000
dDocent_Contig_36052	1	134	0	133	133	1.0000000
dDocent_Contig_36053	1	134	0	133	133	1.0000000
dDocent_Contig_36059	1	134	0	133	133	1.0000000
dDocent_Contig_36060	1	134	0	133	133	1.0000000
dDocent_Contig_36063	1	134	0	133	133	1.0000000
dDocent_Contig_36064	1	134	0	133	133	1.0000000
dDocent_Contig_36066	1	134	0	133	133	1.0000000
dDocent_Contig_36069	1	134	0	133	133	1.0000000
dDocent_Contig_36070	1	134	0	133	133	1.0000000
dDocent_Contig_36071	1	134	0	133	133	1.0000000
