Sample	1	2	3	4	5	6	7	8	9	10	11	12	13	14	15	16	17	18	19	20	21	22	23	24	25	26	27	28	29	30	31	32	33	34	35	36	37	38	39	40	41	42	43	44	45	46	47	48	49	50	51	52	53	54	55	56	57	58	59	60	61	62	63	64	65	66	67	68	69	70	71	72	73	74	75	76	77	78	79	80	81	82	83	84	85	86	87	88	89	90	91	92	93	94	95	96	97	98	99	100	101	102	103	104	105	106	107	108	109	110	111	112	113	114	115	116	117	118	119	120	121	122	123	124	125	126	127	128	129	130	131	132	133	134	135	136	137	138	139	140	141	142	143	144	145	146	147	148	149	150
Sfa-ABas_001-Ex1-cssl.clmp.r1r2_fastp	0.082195	0.00235284	0.0488117	0.0	0.0	0.0	0.0	0.0	0.0	0.0	0.0	0.0	0.0	0.0	0.0	1.92855e-05	0.0	0.0	0.000192855	0.0	0.0	0.0	0.0	3.85711e-05	1.92855e-05	0.0	0.0	0.0	0.0	0.000212141	0.0	0.0	0.0	0.0	0.0	0.0	0.0	0.0	0.0	0.0	0.0	0.0	0.0	0.0	0.0	0.0	0.000504194	0.0	0.0	0.0	0.0	0.0	0.0	0.0	0.0	0.0005290669999999999	0.0	0.0	0.0	0.0	0.0	0.0	0.0	0.00053697	0.0	0.0	0.0	0.0	0.0	0.0	0.0	0.00028389999999999996	0.0	0.0	0.0	0.0	0.0	0.0	0.0	6.23115e-05	0.000375132	0.000250968	6.2974e-05	0.000105367	0.000867518	0.0	0.000192164	0.0007941269999999999	0.00021583000000000003	0.0	0.0	0.0	0.0	0.0	0.0	0.0	0.00138957	0.0	0.0	0.0	0.0	0.0	0.0	0.0	0.000261771	0.000213311	0.000244609	2.77138e-05	0.0	0.0	0.0	0.0	0.0	0.0	0.0	0.0	0.000168434	0.0	0.0	0.0	0.00237062	0.0	0.0	0.0	0.0	0.0	0.0	0.0	0.0	0.0	0.0	0.0	0.0	0.000207302	0.00021307999999999999	0.0	0.0	0.0	0.0	0.0	0.0	0.0	0.0	0.0	0.001999	0.0	0.0	0.0	0.0	0.0
Sfa-ABas_002-Ex1-cssl.clmp.r1r2_fastp	0.08375690000000001	0.0024162999999999997	0.052394300000000005	0.0	0.0	0.0	0.0	0.0	0.0	0.0	0.0	0.0	0.0	0.0	0.0	4.93123e-05	0.0	0.0	0.000295874	0.0	0.0	0.0	0.0	2.46561e-05	0.0	0.0	0.0	0.0	0.0	0.000246561	0.0	0.0	0.0	0.0	0.0	0.0	0.0	0.0	9.87851e-05	0.0	0.0	0.0	0.0	0.0	0.0	0.0	0.000397067	0.0	0.0	0.0	0.0	0.0	0.0	0.0	0.0	0.0005769939999999999	0.0	0.0	0.0	0.0	0.0	0.0	0.0	0.000840201	0.0	0.0	0.0	0.0	0.0	0.0	0.0	0.000155757	0.0	0.0	0.0	0.0	0.0	0.0	0.0	0.0	0.00045361800000000003	0.000133879	5.3748899999999996e-05	0.000215809	0.000758371	2.7199100000000002e-05	0.000109293	0.00126302	0.000331215	0.0	0.0	0.0	0.0	0.0	0.0	0.0	0.0013785899999999999	0.0	0.0	0.0	0.0	0.0	0.0	0.0	0.00022700899999999997	0.00029625800000000004	0.000133712	0.0	0.0	0.0	3.56658e-05	0.0	0.0	0.0	0.0	0.0	3.9664e-05	0.0	0.0	0.0	0.00183989	0.0	0.0	0.0	0.0	0.0	0.0	0.0	0.0	0.0	5.25149e-05	0.0	0.0	0.00028053999999999997	0.000573685	0.0	0.0	0.0	0.0	0.0	0.0	0.0	0.0	0.0	0.0015382500000000001	0.0	0.0	0.0	0.0	0.0
Sfa-ABas_003-Ex1-cssl.clmp.r1r2_fastp	0.0790818	0.00187326	0.0498691	0.0	0.0	0.0	0.0	0.0	0.0	0.0	0.0	0.0	0.0	0.0	0.0	2.53143e-05	0.0	0.0	0.0001772	0.0	0.0	0.0	0.0	0.0	0.0	0.0	0.0	0.0	0.0	0.00022782800000000001	0.0	0.0	0.0	0.0	0.0	0.0	0.0	0.0	2.5344599999999998e-05	0.0	0.0	0.0	0.0	0.0	0.0	0.0	0.000432697	0.0	0.0	0.0	0.0	0.0	0.0	0.0	0.0	0.00038576400000000003	0.0	0.0	0.0	0.0	0.0	0.0	0.0	0.00057415	0.0	0.0	0.0	0.0	0.0	0.0	2.65398e-05	0.00018627999999999999	0.0	0.0	0.0	0.0	0.0	0.0	0.0	0.0	0.000520045	0.000192307	8.2729e-05	2.7687600000000002e-05	0.0008063240000000001	0.0	0.000196424	0.00112812	0.000198532	0.0	0.0	0.0	0.0	0.0	0.0	0.0	0.00169641	0.0	0.0	0.0	0.0	0.0	0.0	0.0	6.75663e-05	3.43299e-05	0.000314195	3.5517000000000006e-05	0.0	0.0	0.0	0.0	0.0	0.0	0.0	0.0	8.4252e-05	0.0	0.0	0.0	0.00187849	0.0	0.0	0.0	0.0	0.0	0.0	0.0	0.0	0.0	0.0	0.0	0.0	0.000496783	0.000573064	0.0	0.0	0.0	0.0	0.0	0.0	0.0	0.0	0.0	0.00151606	0.0	0.0	0.0	0.0	0.0
Sfa-ABas_004-Ex1-cssl.clmp.r1r2_fastp	0.0803473	0.0022113899999999997	0.049578000000000004	0.0	0.0	0.0	0.0	0.0	0.0	0.0	0.0	0.0	0.0	0.0	0.0	2.37784e-05	0.0	0.0	0.00023778400000000003	0.0	0.0	0.0	0.0	4.75568e-05	0.0	0.0	0.0	0.0	0.0	0.000190227	0.0	0.0	0.0	0.0	0.0	0.0	0.0	0.0	7.14421e-05	0.0	0.0	0.0	0.0	0.0	0.0	0.0	0.000335166	0.0	0.0	0.0	0.0	0.0	0.0	0.0	0.0	0.00029085799999999996	0.0	0.0	0.0	0.0	0.0	0.0	0.0	0.0005669970000000001	0.0	0.0	0.0	0.0	0.0	0.0	0.0	0.000277286	0.0	0.0	0.0	0.0	0.0	0.0	0.0	0.0	0.000312303	0.000287466	0.00013123	0.00021090699999999998	0.000688683	2.6619700000000002e-05	0.00040141600000000003	0.0011841199999999999	0.000379057	0.0	0.0	0.0	0.0	0.0	0.0	0.0	0.0017984	0.0	0.0	0.0	0.0	0.0	0.0	0.0	0.000161788	0.000131561	0.000267527	0.0	0.0	0.0	7.18125e-05	0.0	0.0	0.0	0.0	0.0	0.000121026	0.0	0.0	0.0	0.00241268	0.0	0.0	0.0	0.0	0.0	0.0	0.0	0.0	0.0	0.0	0.0	0.0	0.00023814000000000002	0.000244339	0.0	0.0	0.0	0.0	0.0	0.0	0.0	0.0	0.0	0.00194758	0.0	0.0	0.0	0.0	0.0
Sfa-ABas_005-Ex1-cssl.clmp.r1r2_fastp	0.0797268	0.00199614	0.049499600000000005	0.0	2.37636e-05	0.0	0.0	0.0	0.0	0.0	0.0	0.0	0.0	0.0	0.0	0.0	0.0	0.0	0.00016634499999999998	0.0	0.0	0.0	0.0	0.0	0.0	0.0	0.0	0.0	0.0	0.000237636	0.0	0.0	0.0	0.0	0.0	0.0	0.0	0.0	2.38162e-05	0.0	0.0	0.0	0.0	0.0	0.0	0.0	0.000239991	0.0	0.0	0.0	0.0	0.0	0.0	0.0	0.0	0.000415213	0.0	0.0	0.0	0.0	0.0	0.0	0.0	0.000875929	0.0	0.0	0.0	0.0	0.0	0.0	0.0	0.000284271	0.0	0.0	0.0	0.0	0.0	0.0	0.0	0.0	0.000135106	0.00010868300000000002	8.19729e-05	0.000109943	0.000553075	2.7830699999999998e-05	0.000168103	0.000987549	0.000284257	0.0	0.0	0.0	0.0	0.0	0.0	0.0	0.00137989	0.0	0.0	0.0	0.0	0.0	0.0	0.0	0.00030881699999999997	0.000244069	0.00046086799999999997	0.0	0.0	0.0	0.0	0.0	0.0	0.0	0.0	0.0	4.26895e-05	0.0	0.0	0.0	0.00222676	0.0	0.0	0.0	0.0	0.0	0.0	0.0	0.0	0.0	0.0	0.0	0.0	0.000313128	0.000449671	0.0	0.0	0.0	0.0	0.0	0.0	0.0	0.0	0.0	0.00195093	0.0	0.0	0.0	0.0	0.0
Sfa-ABas_006-Ex1-cssl.clmp.r1r2_fastp	0.0780503	0.0018648900000000001	0.04958780000000001	0.0	0.0	0.0	0.0	0.0	0.0	0.0	0.0	0.0	0.0	0.0	0.0	3.0572000000000005e-05	0.0	0.0	0.00012228800000000002	0.0	0.0	0.0	0.0	6.114400000000001e-05	0.0	0.0	0.0	0.0	0.0	0.000336292	0.0	0.0	0.0	0.0	0.0	0.0	0.0	0.0	0.00012252299999999998	0.0	0.0	0.0	0.0	0.0	0.0	0.0	0.00030825000000000004	0.0	0.0	0.0	0.0	0.0	0.0	0.0	0.0	0.00037537000000000003	0.0	0.0	0.0	0.0	0.0	0.0	0.0	0.000447009	0.0	0.0	0.0	0.0	0.0	0.0	0.0	0.000295347	0.0	0.0	0.0	0.0	0.0	0.0	0.0	0.0	0.000272897	0.000171405	0.000103369	0.000381029	0.0008358630000000001	0.0	0.000176178	0.0015248	0.000285603	0.0	0.0	0.0	0.0	0.0	0.0	0.0	0.0015732699999999999	0.0	0.0	0.0	0.0	0.0	0.0	0.0	0.000300205	0.000392273	0.000177296	0.0	0.0	0.0	0.0	0.0	0.0	0.0	0.0	0.0	0.000107087	0.0	0.0	0.0	0.0022728500000000003	0.0	0.0	0.0	0.0	0.0	0.0	0.0	0.0	0.0	0.0	0.0	0.0	0.00015880699999999999	0.000162957	0.0	0.0	0.0	0.0	0.0	0.0	0.0	0.0	0.0	0.00130066	0.0	0.0	0.0	0.0	0.0
Sfa-ABas_007-Ex1-cssl.clmp.r1r2_fastp	0.0793866	0.0018462	0.04984740000000001	0.0	0.0	0.0	0.0	0.0	0.0	0.0	0.0	0.0	0.0	0.0	0.0	0.0	0.0	0.0	0.00012474300000000002	0.0	0.0	0.0	0.0	0.0	0.0	0.0	0.0	0.0	0.0	0.00037423	0.0	0.0	0.0	0.0	0.0	0.0	0.0	0.0	7.49582e-05	0.0	0.0	0.0	0.0	0.0	0.0	0.0	0.00037649600000000004	0.0	0.0	0.0	0.0	0.0	0.0	0.0	0.0	0.00045634100000000003	0.0	0.0	0.0	0.0	0.0	0.0	0.0	0.000616774	0.0	0.0	0.0	0.0	0.0	0.0	0.0	0.000183107	0.0	0.0	0.0	0.0	0.0	0.0	0.0	5.3476199999999995e-05	0.000455935	0.00021525300000000002	5.3992899999999996e-05	0.000108368	0.0007887049999999999	5.46147e-05	8.22855e-05	0.000799207	0.000221629	0.0	0.0	0.0	0.0	0.0	0.0	0.0	0.0013888400000000001	0.0	0.0	0.0	0.0	0.0	0.0	0.0	0.00023106800000000002	0.000134226	0.000238977	0.0	0.0	0.0	3.67167e-05	0.0	0.0	0.0	0.0	0.0	4.13483e-05	0.0	0.0	0.0	0.00153227	0.0	0.0	0.0	0.0	0.0	0.0	0.0	0.0	0.0	5.69006e-05	0.0	0.0	0.000429429	0.000314762	0.0	0.0	0.0	0.0	0.0	0.0	0.0	0.0	0.0	0.0013321	0.0	0.0	0.0	0.0	0.0
Sfa-ABas_008-Ex1-cssl.clmp.r1r2_fastp	0.08423989999999999	0.00232456	0.052403599999999995	0.0	5.053380000000001e-05	0.0	0.0	0.0	0.0	0.0	0.0	0.0	0.0	0.0	0.0	7.58007e-05	0.0	0.0	0.00045480399999999995	0.0	0.0	0.0	0.0	0.0	0.0	0.0	0.0	0.0	0.0	0.00020213500000000002	0.0	0.0	0.0	0.0	0.0	0.0	0.0	0.0	5.0593399999999996e-05	0.0	0.0	0.0	0.0	0.0	0.0	0.0	0.000304553	0.0	0.0	0.0	0.0	0.0	0.0	0.0	0.0	0.00038324199999999995	0.0	0.0	0.0	0.0	0.0	0.0	0.0	0.000541467	0.0	0.0	0.0	0.0	0.0	0.0	0.0	0.00023484	0.0	0.0	0.0	0.0	0.0	0.0	0.0	0.0	0.000451286	0.000186254	8.00128e-05	0.00021391200000000002	0.000750726	2.6890300000000002e-05	0.00021581600000000002	0.00121823	0.000244563	0.0	0.0	0.0	0.0	0.0	0.0	0.0	0.00137005	0.0	0.0	0.0	0.0	0.0	0.0	0.0	0.000155675	0.000157764	0.000383807	0.0	0.0	0.0	3.38835e-05	0.0	0.0	0.0	0.0	0.0	0.000186488	0.0	0.0	0.0	0.00199842	0.0	0.0	0.0	0.0	0.0	0.0	0.0	0.0	0.0	4.832100000000001e-05	0.0	0.0	0.00035993099999999997	0.000367556	0.0	0.0	0.0	0.0	0.0	0.0	0.0	0.0	0.0	0.0013911400000000001	0.0	0.0	0.0	0.0	0.0
Sfa-ABas_009-Ex1-cssl.clmp.r1r2_fastp	0.0828836	0.00216746	0.0492013	0.0	2.16746e-05	0.0	0.0	0.0	0.0	0.0	0.0	0.0	0.0	0.0	0.0	8.66983e-05	0.0	0.0	0.00028177000000000003	0.0	0.0	0.0	0.0	6.50237e-05	0.0	0.0	0.0	0.0	0.0	0.000130047	0.0	0.0	0.0	0.0	0.0	0.0	0.0	0.0	6.510250000000001e-05	0.0	0.0	0.0	0.0	0.0	0.0	0.0	0.000326499	0.0	0.0	0.0	0.0	0.0	0.0	0.0	0.0	0.00043796600000000003	0.0	0.0	0.0	0.0	0.0	0.0	0.0	0.0005960679999999999	0.0	0.0	0.0	0.0	0.0	0.0	4.45669e-05	0.000156215	0.0	0.0	0.0	0.0	0.0	0.0	0.0	0.0	0.000362802	9.08985e-05	4.5554000000000005e-05	9.132670000000001e-05	0.0007324689999999999	0.0	0.000138155	0.000808622	0.000324679	0.0	0.0	0.0	0.0	0.0	0.0	0.0	0.00151232	0.0	0.0	0.0	0.0	0.0	0.0	0.0	0.00021453099999999998	0.00010885499999999999	0.000221083	2.80744e-05	0.0	0.0	0.0	0.0	0.0	0.0	0.0	0.0	3.29636e-05	0.0	0.0	0.0	0.0022872699999999997	0.0	0.0	0.0	0.0	0.0	0.0	0.0	0.0	0.0	4.4599e-05	0.0	0.0	9.58625e-05	0.000392893	0.0	0.0	0.0	0.0	0.0	0.0	0.0	0.0	0.0	0.00186193	0.0	0.0	0.0	0.0	0.0
Sfa-ABas_010-Ex1-cssl.clmp.r1r2_fastp	0.0763962	0.00186992	0.0479645	0.0	0.0	0.0	0.0	0.0	0.0	0.0	0.0	0.0	0.0	0.0	0.0	6.75873e-05	0.0	0.0	0.000135175	0.0	0.0	0.0	0.0	4.50582e-05	0.0	0.0	0.0	0.0	0.0	0.000157704	0.0	0.0	0.0	0.0	0.0	0.0	0.0	0.0	2.25513e-05	0.0	0.0	0.0	0.0	0.0	0.0	0.0	0.00038474099999999997	0.0	0.0	0.0	0.0	0.0	0.0	0.0	0.0	0.00036532	0.0	0.0	0.0	0.0	0.0	0.0	0.0	0.000670651	0.0	0.0	0.0	0.0	0.0	0.0	0.0	0.000164662	0.0	0.0	0.0	0.0	0.0	0.0	0.0	2.4038100000000003e-05	0.0001929	0.00014515199999999998	7.28225e-05	0.000170525	0.000537983	0.0	0.00019726299999999998	0.0008423360000000001	0.000249011	0.0	0.0	0.0	0.0	0.0	0.0	0.0	0.00129749	0.0	0.0	0.0	0.0	0.0	0.0	0.0	0.000263938	0.00020842299999999998	0.000241912	0.0	0.0	0.0	3.23072e-05	0.0	0.0	0.0	0.0	0.0	7.21733e-05	0.0	0.0	0.0	0.00179809	0.0	0.0	0.0	0.0	0.0	0.0	0.0	0.0	0.0	4.86112e-05	0.0	0.0	0.000313254	0.00032093700000000003	0.0	0.0	0.0	0.0	0.0	0.0	0.0	0.0	0.0	0.00132996	0.0	0.0	0.0	0.0	0.0
Sfa-ABas_013-Ex1-cssl.clmp.r1r2_fastp	0.0855394	0.00221968	0.049346999999999995	0.0	2.3365e-05	0.0	0.0	0.0	0.0	0.0	0.0	0.0	0.0	0.0	0.0	0.0	0.0	0.0	0.000327111	0.0	0.0	0.0	0.0	2.3365e-05	0.0	0.0	0.0	0.0	0.0	0.00039720600000000005	0.0	2.3365e-05	0.0	0.0	0.0	0.0	0.0	0.0	4.67851e-05	0.0	0.0	0.0	0.0	0.0	0.0	0.0	0.000281677	0.0	0.0	0.0	0.0	0.0	0.0	0.0	0.0	0.00030742000000000003	0.0	0.0	0.0	0.0	0.0	0.0	0.0	0.000453941	0.0	0.0	0.0	0.0	0.0	0.0	0.0	0.000169489	0.0	0.0	0.0	0.0	0.0	0.0	0.0	4.9264e-05	0.000592627	0.00017328500000000002	2.4822199999999998e-05	0.000149359	0.0008739360000000001	2.50511e-05	0.000251387	0.00103462	0.000304078	0.0	0.0	0.0	0.0	0.0	0.0	0.0	0.00141415	0.0	0.0	0.0	0.0	0.0	0.0	0.0	0.00017503	0.000147857	0.00017992399999999998	0.0	0.0	0.0	6.36588e-05	0.0	0.0	0.0	0.0	0.0	7.0269e-05	0.0	0.0	0.0	0.00200004	0.0	0.0	0.0	0.0	0.0	0.0	0.0	0.0	0.0	0.0	0.0	0.0	0.000391731	0.000250338	0.0	0.0	0.0	0.0	0.0	0.0	0.0	0.0	0.0	0.0017852100000000002	0.0	0.0	0.0	0.0	0.0
Sfa-ABas_014-Ex1-cssl.clmp.r1r2_fastp	0.0779721	0.0018332600000000002	0.0505902	0.0	0.0	0.0	0.0	0.0	0.0	0.0	0.0	0.0	0.0	0.0	0.0	0.0	0.0	0.0	0.00011701700000000001	0.0	0.0	0.0	0.0	0.0	0.0	0.0	0.0	0.0	0.0	0.000273039	0.0	0.0	0.0	0.0	0.0	0.0	0.0	0.0	3.90522e-05	0.0	0.0	0.0	0.0	0.0	0.0	0.0	0.00035262300000000004	0.0	0.0	0.0	0.0	0.0	0.0	0.0	0.0	0.0005129739999999999	0.0	0.0	0.0	0.0	0.0	0.0	0.0	0.0006775290000000001	0.0	0.0	0.0	0.0	0.0	0.0	0.0	0.00032312	0.0	0.0	0.0	0.0	0.0	0.0	0.0	4.10908e-05	0.000494331	0.000206513	0.00016564500000000002	0.000290734	0.0008332629999999999	4.18011e-05	0.000209769	0.0013479899999999999	0.000211559	0.0	0.0	0.0	0.0	0.0	0.0	0.0	0.00152137	0.0	0.0	0.0	0.0	0.0	0.0	0.0	0.000148246	0.000150486	0.00035664599999999996	0.0	0.0	0.0	5.444589999999999e-05	0.0	0.0	0.0	0.0	0.0	0.0	0.0	0.0	0.0	0.00210054	0.0	0.0	0.0	0.0	0.0	0.0	0.0	0.0	0.0	0.0	0.0	0.0	8.65411e-05	0.000176983	0.0	0.0	0.0	0.0	0.0	0.0	0.0	0.0	0.0	0.00135841	0.0	0.0	0.0	0.0	0.0
Sfa-ABas_016-Ex1-cssl.clmp.r1r2_fastp	0.0866294	0.00192249	0.049351799999999994	0.0	0.0	0.0	0.0	0.0	0.0	0.0	0.0	0.0	0.0	0.0	0.0	4.68901e-05	0.0	0.0	0.00014067	0.0	0.0	0.0	0.0	4.68901e-05	0.0	0.0	0.0	0.0	0.0	0.00028134	0.0	0.0	0.0	0.0	0.0	0.0	0.0	0.0	2.3480000000000002e-05	0.0	0.0	0.0	0.0	0.0	0.0	0.0	0.00040078300000000004	0.0	0.0	0.0	0.0	0.0	0.0	0.0	0.0	0.000808245	0.0	0.0	0.0	0.0	0.0	0.0	0.0	0.000528775	0.0	0.0	0.0	0.0	0.0	0.0	2.43284e-05	0.00024375200000000002	0.0	0.0	0.0	0.0	0.0	0.0	0.0	0.0	0.000422726	0.000174525	0.000100004	0.00010028999999999999	0.0006539180000000001	0.0	0.000126633	0.00122052	0.00020431	0.0	0.0	0.0	0.0	0.0	0.0	0.0	0.00153853	0.0	0.0	0.0	0.0	0.0	0.0	0.0	0.000297124	0.00021102300000000002	0.000305996	0.0	0.0	0.0	3.25793e-05	0.0	0.0	0.0	0.0	0.0	0.000108385	0.0	0.0	0.0	0.00198386	0.0	0.0	0.0	0.0	0.0	0.0	0.0	0.0	0.0	0.0	0.0	0.0	0.00025392300000000003	0.000415344	0.0	0.0	0.0	0.0	0.0	0.0	0.0	0.0	0.0	0.00172069	0.0	0.0	0.0	0.0	0.0
Sfa-ABas_017-Ex1-cssl.clmp.r1r2_fastp	0.08099640000000001	0.0021911300000000003	0.05238569999999999	0.0	0.0	0.0	0.0	0.0	0.0	0.0	0.0	0.0	0.0	0.0	0.0	0.0	0.0	0.0	0.000251854	0.0	0.0	0.0	0.0	2.51854e-05	0.0	0.0	0.0	0.0	0.0	0.000352596	0.0	0.0	0.0	0.0	0.0	0.0	0.0	0.0	2.5214599999999997e-05	0.0	0.0	0.0	0.0	0.0	0.0	0.0	0.00027832700000000003	0.0	0.0	0.0	0.0	0.0	0.0	0.0	0.0	0.0005100899999999999	0.0	0.0	0.0	0.0	0.0	0.0	0.0	0.000464186	0.0	0.0	0.0	0.0	0.0	0.0	0.0	0.00028791	0.0	0.0	0.0	0.0	0.0	0.0	0.0	2.6674400000000003e-05	0.000294229	0.00029508000000000003	0.00013453399999999998	0.00035089699999999997	0.0008124949999999999	2.71806e-05	0.000272888	0.0012880399999999998	0.00022027	0.0	0.0	0.0	0.0	0.0	0.0	0.0	0.00146152	0.0	0.0	0.0	0.0	0.0	0.0	0.0	0.00022742000000000001	0.00019812	0.000268558	0.0	0.0	0.0	7.2053e-05	0.0	0.0	0.0	0.0	0.0	8.0956e-05	0.0	0.0	0.0	0.0018045399999999999	0.0	0.0	0.0	0.0	0.0	0.0	0.0	0.0	0.0	0.00022118000000000002	0.0	0.0	0.000356879	0.000732088	6.25624e-05	0.0	0.0	0.0	0.0	0.0	0.0	0.0	0.0	0.0018404299999999999	0.0	0.0	0.0	0.0	0.0
Sfa-ABas_018-Ex1-cssl.clmp.r1r2_fastp	0.0839792	0.0019420000000000001	0.0479276	0.0	2.4897500000000003e-05	0.0	0.0	0.0	0.0	0.0	0.0	0.0	0.0	0.0	0.0	2.4897500000000003e-05	0.0	0.0	0.000273872	0.0	0.0	0.0	0.0	0.000124487	0.0	0.0	0.0	0.0	0.0	0.00019918000000000003	0.0	0.0	0.0	0.0	0.0	0.0	0.0	0.0	2.4923000000000002e-05	0.0	0.0	0.0	0.0	0.0	0.0	0.0	0.000349996	0.0	0.0	0.0	0.0	0.0	0.0	0.0	0.0	0.000578824	0.0	0.0	0.0	0.0	0.0	0.0	0.0	0.000583981	0.0	0.0	0.0	0.0	0.0	0.0	0.0	0.000128454	0.0	0.0	0.0	0.0	0.0	0.0	0.0	0.0	0.000287455	0.000261901	5.25039e-05	7.895580000000001e-05	0.0007652480000000001	5.2926599999999996e-05	0.000318546	0.00138502	0.00018715	0.0	0.0	0.0	0.0	0.0	0.0	0.0	0.00129085	0.0	0.0	0.0	0.0	0.0	0.0	0.0	6.13113e-05	6.21464e-05	0.000315096	0.0	0.0	0.0	3.34412e-05	0.0	0.0	0.0	0.0	0.0	7.39295e-05	0.0	0.0	0.0	0.00222665	0.0	0.0	0.0	0.0	0.0	0.0	0.0	0.0	0.0	0.0	0.0	0.0	0.00046802300000000003	0.0005319039999999999	0.0	0.0	0.0	0.0	0.0	0.0	0.0	0.0	0.0	0.00212217	0.0	0.0	0.0	0.0	0.0
Sfa-ABas_019-Ex1-cssl.clmp.r1r2_fastp	0.0820643	0.0021014099999999997	0.0509252	0.0	0.0	0.0	0.0	0.0	0.0	0.0	0.0	0.0	0.0	0.0	0.0	2.72911e-05	0.0	0.0	0.00019103799999999998	0.0	0.0	0.0	0.0	8.187320000000001e-05	0.0	0.0	0.0	0.0	0.0	0.000300202	0.0	0.0	0.0	0.0	0.0	0.0	0.0	0.0	5.46662e-05	0.0	0.0	0.0	0.0	0.0	0.0	0.0	0.000357035	0.0	0.0	0.0	0.0	0.0	0.0	0.0	0.0	0.000582884	0.0	0.0	0.0	0.0	0.0	0.0	0.0	0.0005350810000000001	0.0	0.0	0.0	0.0	0.0	0.0	0.0	0.000258295	0.0	0.0	0.0	0.0	0.0	0.0	0.0	0.0	0.00041259900000000004	0.000236576	0.000118698	0.000148923	0.0005980159999999999	0.0	0.000180946	0.000696923	0.000456837	0.0	0.0	0.0	0.0	0.0	0.0	0.0	0.00129524	0.0	0.0	0.0	0.0	0.0	0.0	0.0	0.000179441	0.000182241	0.00018516500000000002	3.76428e-05	0.0	0.0	3.96237e-05	0.0	0.0	0.0	0.0	0.0	0.0	0.0	0.0	0.0	0.0016299300000000001	0.0	0.0	0.0	0.0	0.0	0.0	0.0	0.0	0.0	5.94357e-05	0.0	0.0	0.000509762	0.00032618299999999996	0.0	0.0	0.0	0.0	0.0	0.0	0.0	0.0	0.0	0.00118441	0.0	0.0	0.0	0.0	0.0
Sfa-ABas_020-Ex1-cssl.clmp.r1r2_fastp	0.087423	0.0021302300000000003	0.05125079999999999	0.0	0.0	0.0	0.0	0.0	0.0	0.0	0.0	0.0	0.0	0.0	0.0	0.0	0.0	0.0	0.00016707699999999999	0.0	0.0	0.0	0.0	4.17692e-05	0.0	0.0	0.0	0.0	0.0	0.000543	0.0	0.0	0.0	0.0	0.0	0.0	0.0	0.0	0.00012541400000000002	0.0	0.0	0.0	0.0	0.0	0.0	0.0	0.000377021	0.0	0.0	0.0	0.0	0.0	0.0	0.0	0.0	0.000336569	0.0	0.0	0.0	0.0	0.0	0.0	0.0	0.000423311	0.0	0.0	0.0	0.0	0.0	0.0	0.0	0.000128086	0.0	0.0	0.0	0.0	0.0	0.0	0.0	4.32005e-05	0.000302929	0.000260142	8.688950000000001e-05	8.70776e-05	0.000654627	0.0	0.000131643	0.000792368	0.000220874	0.0	0.0	0.0	0.0	0.0	0.0	0.0	0.00115904	0.0	0.0	0.0	0.0	0.0	0.0	0.0	0.000202425	0.00010255899999999999	0.000259881	5.2706799999999995e-05	0.0	0.0	0.00011012500000000001	0.0	0.0	0.0	0.0	0.0	6.04644e-05	0.0	0.0	0.0	0.0020684699999999998	0.0	0.0	0.0	0.0	0.0	0.0	0.0	0.0	0.0	0.0	0.0	0.0	0.00032659299999999997	0.00016647	0.0	0.0	0.0	0.0	0.0	0.0	0.0	0.0	0.0	0.0016369099999999999	0.0	0.0	0.0	0.0	0.0
Sfa-ABas_021-Ex1-cssl.clmp.r1r2_fastp	0.0797222	0.00237341	0.050511	0.0	0.0	0.0	0.0	0.0	0.0	0.0	0.0	0.0	0.0	0.0	0.0	0.00012171299999999999	0.0	0.0	0.00012171299999999999	0.0	0.0	0.0	0.0	0.0	0.0	0.0	0.0	0.0	0.0	0.00042599599999999994	0.0	0.0	0.0	0.0	0.0	0.0	0.0	0.0	6.0916200000000005e-05	0.0	0.0	0.0	0.0	0.0	0.0	0.0	0.00030541499999999996	0.0	0.0	0.0	0.0	0.0	0.0	0.0	0.0	0.00036879299999999996	0.0	0.0	0.0	0.0	0.0	0.0	0.0	0.000372006	0.0	0.0	0.0	0.0	0.0	0.0	0.0	0.000250976	0.0	0.0	0.0	0.0	0.0	0.0	0.0	0.0	0.000255677	0.000192249	0.0	0.00019332599999999999	0.000581754	6.4862e-05	6.5104e-05	0.00111144	0.000197057	0.0	0.0	0.0	0.0	0.0	0.0	0.0	0.0007676410000000001	0.0	0.0	0.0	0.0	0.0	0.0	0.0	7.77129e-05	0.0	8.03621e-05	0.0	0.0	0.0	8.64333e-05	0.0	0.0	0.0	0.0	0.0	0.0	0.0	0.0	0.0	0.0018093	0.0	0.0	0.0	0.0	0.0	0.0	0.0	0.0	0.0	0.0	0.0	0.0	0.000145417	0.000298444	0.0	0.0	0.0	0.0	0.0	0.0	0.0	0.0	0.0	0.00197598	0.0	0.0	0.0	0.0	0.0
Sfa-ABas_022-Ex1-cssl.clmp.r1r2_fastp	0.0803772	0.00237668	0.0477358	0.0	0.0	0.0	0.0	0.0	0.0	0.0	0.0	0.0	0.0	0.0	0.0	0.0	0.0	0.0	0.000176987	0.0	0.0	0.0	0.0	5.056759999999999e-05	0.0	0.0	0.0	0.0	0.0	0.000252838	0.0	0.0	0.0	0.0	0.0	0.0	0.0	0.0	5.06084e-05	0.0	0.0	0.0	0.0	0.0	0.0	0.0	0.000532741	0.0	0.0	0.0	0.0	0.0	0.0	0.0	0.0	0.00043391999999999997	0.0	0.0	0.0	0.0	0.0	0.0	0.0	0.00064376	0.0	0.0	0.0	0.0	0.0	0.0	2.60201e-05	0.000234574	0.0	0.0	0.0	0.0	0.0	0.0	0.0	0.0	0.000398173	0.000159668	5.33674e-05	0.000267584	0.000536767	0.0	0.000189126	0.000976402	0.000408574	0.0	0.0	0.0	0.0	0.0	0.0	0.0	0.00140846	0.0	0.0	0.0	0.0	0.0	0.0	0.0	0.00022104999999999998	0.000256258	0.000162552	0.0	0.0	0.0	0.0	0.0	0.0	0.0	0.0	0.0	3.84106e-05	0.0	0.0	0.0	0.00169807	0.0	0.0	0.0	0.0	0.0	0.0	0.0	0.0	0.0	0.000101752	0.0	0.0	0.000271917	0.000445153	0.0	0.0	0.0	0.0	0.0	0.0	0.0	0.0	0.0	0.00135876	0.0	0.0	0.0	0.0	0.0
Sfa-ABas_023-Ex1-cssl.clmp.r1r2_fastp	0.0821718	0.00213433	0.0511926	0.0	0.0	0.0	0.0	0.0	0.0	0.0	0.0	0.0	0.0	0.0	0.0	6.27745e-05	0.0	0.0	0.000156936	0.0	0.0	0.0	0.0	6.27745e-05	0.0	0.0	0.0	0.0	0.0	0.000313873	0.0	0.0	0.0	0.0	0.0	0.0	0.0	0.0	3.14378e-05	0.0	0.0	0.0	0.0	0.0	0.0	0.0	0.000284306	0.0	0.0	0.0	0.0	0.0	0.0	0.0	0.0	0.000670478	0.0	0.0	0.0	0.0	0.0	0.0	3.23266e-05	0.000518272	0.0	0.0	0.0	0.0	0.0	0.0	0.0	0.000197963	0.0	0.0	0.0	0.0	0.0	0.0	0.0	0.0	0.00037238799999999997	0.000237759	6.81701e-05	0.000136835	0.000686894	0.0	0.000103925	0.00128805	0.00020998799999999998	0.0	0.0	0.0	0.0	0.0	0.0	0.0	0.00149197	0.0	0.0	0.0	0.0	0.0	0.0	0.0	0.000248576	0.00021038699999999998	0.00017104200000000002	4.34681e-05	0.0	0.0	9.15916e-05	0.0	0.0	0.0	0.0	0.0	0.00010250600000000001	0.0	0.0	0.0	0.00166643	0.0	0.0	0.0	0.0	0.0	0.0	0.0	0.0	0.0	6.91325e-05	0.0	0.0	0.000148409	0.000304099	0.0	0.0	0.0	0.0	0.0	0.0	0.0	0.0	0.0	0.0008909240000000001	0.0	0.0	0.0	0.0	0.0
Sfa-ABas_024-Ex1-cssl.clmp.r1r2_fastp	0.08518440000000001	0.00214986	0.0502258	0.0	0.0	0.0	0.0	0.0	0.0	0.0	0.0	0.0	0.0	0.0	0.0	3.11574e-05	0.0	0.0	0.000186944	0.0	0.0	0.0	0.0	3.11574e-05	0.0	0.0	0.0	0.0	0.0	0.00021810200000000002	0.0	0.0	0.0	0.0	0.0	0.0	0.0	0.0	6.23828e-05	0.0	0.0	0.0	0.0	0.0	0.0	0.0	0.000406704	0.0	0.0	0.0	0.0	0.0	0.0	0.0	0.0	0.000472181	0.0	0.0	0.0	0.0	0.0	0.0	0.0	0.000603107	0.0	0.0	0.0	0.0	0.0	0.0	0.0	0.000160469	0.0	0.0	0.0	0.0	0.0	0.0	0.0	0.0	0.000163037	0.00022874100000000002	3.27518e-05	0.000131331	0.00055962	3.30124e-05	0.000132457	0.00103004	0.00026684	0.0	0.0	0.0	0.0	0.0	0.0	0.0	0.0013676299999999999	0.0	0.0	0.0	0.0	0.0	0.0	0.0	0.000268695	0.00019456699999999998	0.00039468799999999997	0.0	0.0	0.0	4.19421e-05	0.0	0.0	0.0	0.0	0.0	9.276319999999999e-05	0.0	0.0	0.0	0.00184617	0.0	0.0	0.0	0.0	0.0	0.0	0.0	0.0	0.0	6.09874e-05	0.0	0.0	0.000260427	0.000399557	0.0	0.0	0.0	0.0	0.0	0.0	0.0	0.0	0.0	0.00162087	0.0	0.0	0.0	0.0	0.0
Sfa-ABas_025-Ex1-cssl.clmp.r1r2_fastp	0.0778001	0.00232092	0.046146799999999995	0.0	0.0	0.0	0.0	0.0	0.0	0.0	0.0	0.0	0.0	0.0	0.0	0.0	0.0	0.0	0.000222216	0.0	0.0	0.0	0.0	0.0	0.0	0.0	0.0	0.0	0.0	0.00024690599999999997	0.0	0.0	0.0	0.0	0.0	0.0	0.0	0.0	2.48009e-05	0.0	0.0	0.0	0.0	0.0	0.0	0.0	0.000427222	0.0	0.0	0.0	0.0	0.0	0.0	0.0	0.0	0.0005164270000000001	0.0	0.0	0.0	0.0	0.0	0.0	0.0	0.000534892	0.0	0.0	0.0	0.0	0.0	0.0	5.558009999999999e-05	0.00027956899999999997	0.0	0.0	0.0	0.0	0.0	0.0	0.0	2.9476199999999997e-05	0.000564077	0.000239258	6.0266599999999997e-05	6.07347e-05	0.0009488939999999999	3.08618e-05	0.00021788300000000001	0.000659409	0.00022182900000000002	0.0	0.0	0.0	0.0	0.0	0.0	0.0	0.00156637	0.0	0.0	0.0	0.0	0.0	0.0	0.0	3.9823799999999996e-05	0.000121796	0.000207052	0.0	0.0	0.0	4.49997e-05	0.0	0.0	0.0	0.0	0.0	0.00010293499999999999	0.0	0.0	0.0	0.00198184	0.0	0.0	0.0	0.0	0.0	0.0	0.0	0.0	0.0	0.0	0.0	0.0	0.000158255	0.000162601	0.0	0.0	0.0	0.0	0.0	0.0	0.0	0.0	0.0	0.00163655	0.0	0.0	0.0	0.0	0.0
Sfa-ABas_026-Ex1-cssl.clmp.r1r2_fastp	0.0811986	0.00246415	0.0507417	0.0	1.97132e-05	0.0	0.0	0.0	0.0	0.0	0.0	0.0	0.0	0.0	0.0	5.9139500000000005e-05	0.0	0.0	0.00023655800000000002	0.0	0.0	0.0	0.0	1.97132e-05	0.0	0.0	0.0	0.0	0.0	0.000275984	0.0	0.0	0.0	0.0	0.0	0.0	0.0	0.0	7.89397e-05	0.0	0.0	0.0	0.0	0.0	0.0	0.0	0.00041591200000000005	0.0	0.0	0.0	0.0	0.0	0.0	0.0	0.0	0.000499289	0.0	0.0	0.0	0.0	0.0	0.0	0.0	0.0005859659999999999	0.0	0.0	0.0	0.0	0.0	0.0	0.0	0.000246219	0.0	0.0	0.0	0.0	0.0	0.0	0.0	0.0	0.000398423	0.000294411	0.000147649	0.000169284	0.00082806	0.0	0.000192557	0.0012248	0.000280646	0.0	0.0	0.0	0.0	0.0	0.0	0.0	0.00167268	0.0	0.0	0.0	0.0	0.0	0.0	0.0	0.000254272	0.000206639	0.000472531	5.33867e-05	0.0	0.0	0.000140713	0.0	0.0	0.0	0.0	0.0	3.15891e-05	0.0	0.0	0.0	0.00181934	0.0	0.0	0.0	0.0	0.0	0.0	0.0	0.0	0.0	8.61224e-05	0.0	0.0	0.000138977	0.000284993	4.87232e-05	0.0	0.0	0.0	0.0	0.0	0.0	0.0	0.0	0.00149906	0.0	0.0	0.0	0.0	0.0
Sfa-ABas_027-Ex1-cssl.clmp.r1r2_fastp	0.080693	0.00217012	0.0486505	0.0	0.0	0.0	0.0	0.0	0.0	0.0	0.0	0.0	0.0	0.0	0.0	4.42881e-05	0.0	0.0	0.00017715300000000002	0.0	0.0	0.0	0.0	2.21441e-05	0.0	0.0	0.0	0.0	0.0	0.000376449	0.0	0.0	0.0	0.0	0.0	0.0	0.0	0.0	2.21789e-05	0.0	0.0	0.0	0.0	0.0	0.0	0.0	0.000289845	0.0	0.0	0.0	0.0	0.0	0.0	0.0	0.0	0.000360941	0.0	0.0	0.0	0.0	0.0	0.0	0.0	0.000481263	0.0	0.0	0.0	0.0	0.0	0.0	0.0	0.000233839	0.0	0.0	0.0	0.0	0.0	0.0	0.0	2.39677e-05	0.00045694400000000004	0.000193083	9.68938e-05	0.000145892	0.0010009	0.0	0.00019696600000000002	0.0012863100000000001	0.000248601	0.0	0.0	0.0	0.0	0.0	0.0	0.0	0.0017336699999999999	0.0	0.0	0.0	0.0	0.0	0.0	0.0	0.000171943	5.80535e-05	0.000529415	0.0	0.0	0.0	3.11223e-05	0.0	0.0	0.0	0.0	0.0	0.000136789	0.0	0.0	0.0	0.00216013	0.0	0.0	0.0	0.0	0.0	0.0	0.0	0.0	0.0	4.4209600000000004e-05	0.0	0.0	0.000423367	0.000480499	0.0	0.0	0.0	0.0	0.0	0.0	0.0	0.0	0.0	0.00201515	0.0	0.0	0.0	0.0	0.0
Sfa-ABas_028-Ex1-cssl.clmp.r1r2_fastp	0.08306000000000001	0.00203997	0.051082	0.0	0.0	0.0	0.0	0.0	0.0	0.0	0.0	0.0	0.0	0.0	0.0	8.27016e-05	0.0	0.0	0.00019297	0.0	0.0	0.0	0.0	5.51344e-05	0.0	0.0	0.0	0.0	0.0	0.000220538	0.0	0.0	0.0	0.0	0.0	0.0	0.0	0.0	5.51843e-05	0.0	0.0	0.0	0.0	0.0	0.0	0.0	0.00022127699999999998	0.0	0.0	0.0	0.0	0.0	0.0	0.0	0.0	0.000556279	0.0	0.0	0.0	0.0	0.0	0.0	0.0	0.000953401	0.0	0.0	0.0	0.0	0.0	0.0	2.8311e-05	0.00011342000000000001	0.0	0.0	0.0	0.0	0.0	0.0	0.0	0.0	0.00046133299999999997	0.000115594	5.7935599999999995e-05	0.000116163	0.0007861880000000001	2.9202100000000003e-05	0.000117169	0.0009993559999999999	0.00035404800000000004	0.0	0.0	0.0	0.0	0.0	0.0	0.0	0.00148546	0.0	0.0	0.0	0.0	0.0	0.0	0.0	0.000303383	0.00030733	0.000207615	0.0	0.0	0.0	7.32623e-05	0.0	0.0	0.0	0.0	0.0	4.02618e-05	0.0	0.0	0.0	0.0022404200000000003	0.0	0.0	0.0	0.0	0.0	0.0	0.0	0.0	0.0	0.0	0.0	0.0	0.000331647	0.000507796	0.0	0.0	0.0	0.0	0.0	0.0	0.0	0.0	0.0	0.0017065000000000001	0.0	0.0	0.0	0.0	0.0
Sfa-ABas_029-Ex1-cssl.clmp.r1r2_fastp	0.0833743	0.0023459600000000002	0.050283900000000006	0.0	0.0	0.0	0.0	0.0	0.0	0.0	0.0	0.0	0.0	0.0	0.0	0.0	0.0	0.0	0.000308679	0.0	0.0	0.0	0.0	0.0	0.0	0.0	0.0	0.0	0.0	0.000277811	0.0	0.0	0.0	0.0	0.0	0.0	0.0	0.0	0.0	0.0	0.0	0.0	0.0	0.0	0.0	0.0	0.000373175	0.0	0.0	0.0	0.0	0.0	0.0	0.0	0.0	0.00040929899999999996	0.0	0.0	0.0	0.0	0.0	0.0	0.0	0.000672099	0.0	0.0	0.0	0.0	0.0	0.0	6.51866e-05	0.00029417099999999997	0.0	0.0	0.0	0.0	0.0	0.0	0.0	0.0	0.00040386700000000003	6.75616e-05	6.78187e-05	0.000102141	0.000649644	0.0	0.00017252	0.00110962	0.00038351300000000004	0.0	0.0	0.0	0.0	0.0	0.0	0.0	0.00196294	0.0	0.0	0.0	0.0	0.0	0.0	0.0	0.000203971	0.000165532	0.000125989	0.0	0.0	0.0	0.0	0.0	0.0	0.0	0.0	0.0	0.00014864	0.0	0.0	0.0	0.00223989	0.0	0.0	0.0	0.0	0.0	0.0	0.0	0.0	0.0	6.52542e-05	0.0	0.0	0.000557844	0.0007844950000000001	0.0	0.0	0.0	0.0	0.0	0.0	0.0	0.0	0.0	0.00164331	0.0	0.0	0.0	0.0	0.0
Sfa-ABas_030-Ex1-cssl.clmp.r1r2_fastp	0.0769759	0.0021582000000000003	0.0452727	0.0	0.0	0.0	0.0	0.0	0.0	0.0	0.0	0.0	0.0	0.0	0.0	4.96139e-05	0.0	0.0	0.000272876	0.0	0.0	0.0	0.0	9.92278e-05	0.0	0.0	0.0	0.0	0.0	0.000198456	0.0	0.0	0.0	0.0	0.0	0.0	0.0	0.0	4.9781500000000004e-05	0.0	0.0	0.0	0.0	0.0	0.0	0.0	0.00025201600000000003	0.0	0.0	0.0	0.0	0.0	0.0	0.0	0.0	0.000259471	0.0	0.0	0.0	0.0	0.0	0.0	0.0	0.000593951	0.0	0.0	0.0	0.0	0.0	0.0	2.82191e-05	0.000113666	0.0	0.0	0.0	0.0	0.0	0.0	0.0	3.02112e-05	0.00030466799999999996	0.00012291	3.0993e-05	9.38027e-05	0.000567981	0.0	0.000257312	0.0010071899999999998	0.000262657	0.0	0.0	0.0	0.0	0.0	0.0	0.0	0.0013853	0.0	0.0	0.0	0.0	0.0	0.0	0.0	0.000168913	8.624630000000001e-05	0.00022026299999999997	0.0	0.0	0.0	0.0	0.0	0.0	0.0	0.0	0.0	0.000111488	0.0	0.0	0.0	0.0016070300000000002	0.0	0.0	0.0	0.0	0.0	0.0	0.0	0.0	0.0	0.0	0.0	0.0	8.9127e-05	0.000459313	0.0	0.0	0.0	0.0	0.0	0.0	0.0	0.0	0.0	0.00152929	0.0	0.0	0.0	0.0	0.0
Sfa-ABas_031-Ex1-cssl.clmp.r1r2_fastp	0.0864475	0.0018487	0.051267	0.0	0.0	0.0	0.0	0.0	0.0	0.0	0.0	0.0	0.0	0.0	0.0	0.0	0.0	0.0	0.000165555	0.0	0.0	0.0	0.0	5.51851e-05	0.0	0.0	0.0	0.0	0.0	0.00035870300000000004	0.0	0.0	0.0	0.0	0.0	0.0	0.0	0.0	2.7638500000000003e-05	0.0	0.0	0.0	0.0	0.0	0.0	0.0	0.000250133	0.0	0.0	0.0	0.0	0.0	0.0	0.0	0.0	0.000535058	0.0	0.0	0.0	0.0	0.0	0.0	0.0	0.0006024839999999999	0.0	0.0	0.0	0.0	0.0	0.0	0.0	2.9413400000000002e-05	0.0	0.0	0.0	0.0	0.0	0.0	0.0	3.03194e-05	0.00036544699999999997	0.000122347	0.0	9.25589e-05	0.00068181	0.0	9.38619e-05	0.000912	0.000284611	0.0	0.0	0.0	0.0	0.0	0.0	0.0	0.00113547	0.0	0.0	0.0	0.0	0.0	0.0	0.0	0.000216661	0.000182515	0.000110734	0.0	0.0	0.0	0.0	0.0	0.0	0.0	0.0	0.0	0.0	0.0	0.0	0.0	0.00150587	0.0	0.0	0.0	0.0	0.0	0.0	0.0	0.0	0.0	0.0	0.0	0.0	5.41561e-05	0.00011017999999999999	0.0	0.0	0.0	0.0	0.0	0.0	0.0	0.0	0.0	0.0015369399999999999	0.0	0.0	0.0	0.0	0.0
Sfa-ABas_032-Ex1-cssl.clmp.r1r2_fastp	0.0844128	0.0020298499999999997	0.0491804	0.0	0.0	0.0	0.0	0.0	0.0	0.0	0.0	0.0	0.0	0.0	0.0	0.0	0.0	0.0	0.000144989	0.0	0.0	0.0	0.0	2.89979e-05	0.0	0.0	0.0	0.0	0.0	0.000173987	0.0	0.0	0.0	0.0	0.0	0.0	0.0	0.0	5.81056e-05	0.0	0.0	0.0	0.0	0.0	0.0	0.0	0.00040924699999999995	0.0	0.0	0.0	0.0	0.0	0.0	0.0	0.0	0.000503673	0.0	0.0	0.0	0.0	0.0	0.0	0.0	0.0009048390000000001	0.0	0.0	0.0	0.0	0.0	0.0	0.0	0.000370382	0.0	0.0	0.0	0.0	0.0	0.0	0.0	0.0	0.000286774	0.000255927	3.21237e-05	0.000129047	0.000486144	3.25632e-05	0.000294558	0.0008555170000000001	0.000264786	0.0	0.0	0.0	0.0	0.0	0.0	0.0	0.00166036	0.0	0.0	0.0	0.0	0.0	0.0	0.0	0.000195987	0.00011939399999999999	0.000161733	0.0	0.0	0.0	0.0	0.0	0.0	0.0	0.0	0.0	0.00019304	0.0	0.0	0.0	0.00167064	0.0	0.0	0.0	0.0	0.0	0.0	0.0	0.0	0.0	0.0	0.0	0.0	0.000487396	0.00042799600000000004	0.0	0.0	0.0	0.0	0.0	0.0	0.0	0.0	0.0	0.0015829	0.0	0.0	0.0	0.0	0.0
Sfa-ABas_033-Ex1-cssl.clmp.r1r2_fastp	0.0775447	0.00207609	0.0465717	0.0	0.0	0.0	0.0	0.0	0.0	0.0	0.0	0.0	0.0	0.0	0.0	3.7407e-05	0.0	0.0	0.00013092399999999998	0.0	0.0	0.0	0.0	5.6110500000000004e-05	1.87035e-05	0.0	0.0	0.0	0.0	0.000168331	0.0	0.0	0.0	0.0	0.0	0.0	0.0	0.0	5.6242199999999995e-05	0.0	0.0	0.0	0.0	0.0	0.0	0.0	0.00041566899999999997	0.0	0.0	0.0	0.0	0.0	0.0	0.0	0.0	0.000615212	0.0	0.0	0.0	0.0	0.0	0.0	0.0	0.000491901	0.0	0.0	0.0	0.0	0.0	0.0	0.0	0.000162153	0.0	0.0	0.0	0.0	0.0	0.0	0.0	0.0	0.000211061	0.000318209	0.000149284	0.000150088	0.000388125	2.16883e-05	0.000109106	0.0009663759999999999	0.00013268900000000002	0.0	0.0	0.0	0.0	0.0	0.0	0.0	0.0012619999999999999	0.0	0.0	0.0	0.0	0.0	0.0	0.0	0.000452922	0.000325001	0.000165263	0.0	0.0	0.0	5.91746e-05	0.0	0.0	0.0	0.0	0.0	9.989869999999999e-05	0.0	0.0	0.0	0.00184922	0.0	0.0	0.0	0.0	0.0	0.0	0.0	0.0	0.0	4.57803e-05	0.0	0.0	0.00024718600000000004	0.00025376	0.0	0.0	0.0	0.0	0.0	0.0	0.0	0.0	0.0	0.00203654	0.0	0.0	0.0	0.0	0.0
Sfa-ABas_034-Ex1-cssl.clmp.r1r2_fastp	0.0774148	0.00209527	0.0479891	0.0	0.0	0.0	0.0	0.0	0.0	0.0	0.0	0.0	0.0	0.0	0.0	7.35183e-05	0.0	0.0	0.00020217500000000002	0.0	0.0	0.0	0.0	7.35183e-05	1.83796e-05	0.0	0.0	0.0	0.0	0.00025731399999999997	0.0	0.0	0.0	0.0	0.0	0.0	0.0	0.0	3.68183e-05	0.0	0.0	0.0	0.0	0.0	0.0	0.0	0.00035169600000000003	0.0	0.0	0.0	0.0	0.0	0.0	0.0	0.0	0.000393677	0.0	0.0	0.0	0.0	0.0	0.0	0.0	0.0005726840000000001	0.0	0.0	0.0	0.0	0.0	0.0	0.0	0.00023473	0.0	0.0	0.0	0.0	0.0	0.0	0.0	2.01677e-05	0.000283548	0.000122058	0.000102175	0.000266906	0.0005777040000000001	2.07373e-05	0.000104245	0.0010273300000000001	0.000337458	0.0	0.0	0.0	0.0	0.0	0.0	0.0	0.0016163599999999998	0.0	0.0	0.0	0.0	0.0	0.0	0.0	0.000197257	0.000150004	0.000126767	0.0	0.0	0.0	5.3828e-05	0.0	0.0	0.0	0.0	0.0	5.94042e-05	0.0	0.0	0.0	0.0017862099999999999	0.0	0.0	0.0	0.0	0.0	0.0	0.0	0.0	0.0	0.00023294800000000002	0.0	0.0	0.000207075	0.000338584	0.0	0.0	0.0	0.0	0.0	0.0	0.0	0.0	0.0	0.00129795	0.0	0.0	0.0	0.0	0.0
Sfa-ABas_035-Ex1-cssl.clmp.r1r2_fastp	0.0797369	0.0024187699999999998	0.051068999999999996	0.0	0.0	0.0	0.0	0.0	0.0	0.0	0.0	0.0	0.0	0.0	0.0	0.0	0.0	0.0	0.000219888	0.0	0.0	0.0	0.0	2.7486e-05	0.0	0.0	0.0	0.0	0.0	0.000219888	0.0	0.0	0.0	0.0	0.0	0.0	0.0	0.0	5.502380000000001e-05	0.0	0.0	0.0	0.0	0.0	0.0	0.0	0.00027602700000000003	0.0	0.0	0.0	0.0	0.0	0.0	0.0	0.0	0.000612077	0.0	0.0	0.0	0.0	0.0	0.0	0.0	0.00053443	0.0	0.0	0.0	0.0	0.0	0.0	2.84716e-05	0.00017115700000000001	0.0	0.0	0.0	0.0	0.0	0.0	0.0	0.0	0.000378556	0.00023360600000000003	2.92857e-05	0.000293783	0.0008253539999999999	2.95865e-05	0.000297061	0.00131284	0.00032985299999999996	0.0	0.0	0.0	0.0	0.0	0.0	0.0	0.00150471	0.0	0.0	0.0	0.0	0.0	0.0	0.0	0.000323198	0.000292339	0.000260394	0.0	0.0	0.0	0.0	0.0	0.0	0.0	0.0	0.0	0.000227332	0.0	0.0	0.0	0.00179192	0.0	0.0	0.0	0.0	0.0	0.0	0.0	0.0	0.0	0.00019123599999999998	0.0	0.0	0.000483682	0.000425953	0.0	0.0	0.0	0.0	0.0	0.0	0.0	0.0	0.0	0.0011515199999999998	0.0	0.0	0.0	0.0	0.0
Sfa-CBas_001-Ex1-cssl.clmp.r1r2_fastp	0.0827699	0.0011445	0.0411863	0.0	0.0	0.0	0.0	0.0	0.0	0.0	0.0	0.0	0.0	0.0	0.0	3.1791799999999996e-05	0.0	0.0	0.000254334	0.0	0.0	0.0	0.0	3.1791799999999996e-05	0.0	0.0	0.0	0.0	0.0	0.000190751	0.0	0.0	0.0	0.0	0.0	0.0	0.0	0.0	1.59102e-05	0.0	0.0	0.0	0.0	0.0	0.0	0.0	0.00012748000000000002	0.0	0.0	0.0	0.0	0.0	0.0	0.0	0.0	0.000367397	0.0	0.0	0.0	0.0	0.0	0.0	0.0	0.000512683	0.0	0.0	0.0	0.0	0.0	0.0	0.0	9.65048e-05	0.0	0.0	0.0	0.0	0.0	0.0	0.0	0.0	0.00024275000000000002	0.000129578	3.24234e-05	4.868270000000001e-05	0.000519805	0.0	0.000146508	0.0005541189999999999	0.000228453	0.0	0.0	0.0	0.0	0.0	0.0	0.0	0.000711267	0.0	0.0	0.0	0.0	0.0	0.0	0.0	0.00020278899999999999	0.000152578	0.00013607500000000001	0.0	0.0	0.0	1.72501e-05	0.0	0.0	0.0	0.0	0.0	0.00010603199999999999	0.0	0.0	0.0	0.000953506	0.0	0.0	0.0	0.0	0.0	0.0	0.0	0.0	0.0	3.7867e-05	0.0	0.0	0.000308269	0.0001163	0.0	0.0	0.0	0.0	0.0	0.0	0.0	0.0	0.0	0.0006664349999999999	0.0	0.0	0.0	0.0	0.0
Sfa-CBas_002-Ex1-cssl.clmp.r1r2_fastp	0.0804913	0.0010796	0.036524	0.0	1.5205699999999999e-05	0.0	0.0	0.0	0.0	0.0	0.0	0.0	0.0	0.0	0.0	1.5205699999999999e-05	0.0	0.0	8.36312e-05	0.0	0.0	0.0	0.0	2.28085e-05	0.0	0.0	0.0	0.0	0.0	0.00011404299999999999	0.0	0.0	0.0	0.0	0.0	0.0	0.0	0.0	7.6089399999999995e-06	0.0	0.0	0.0	0.0	0.0	0.0	0.0	0.000182905	0.0	0.0	0.0	0.0	0.0	0.0	0.0	0.0	0.00023689299999999998	0.0	0.0	0.0	0.0	0.0	0.0	0.0	0.00030674099999999997	0.0	0.0	0.0	0.0	0.0	0.0	1.53998e-05	9.24619e-05	0.0	0.0	0.0	0.0	0.0	0.0	0.0	0.0	0.00020187799999999998	0.00013991	3.89068e-05	7.01151e-05	0.00038221299999999995	7.81055e-06	7.821440000000001e-05	0.000642318	9.414820000000001e-05	0.0	0.0	0.0	0.0	0.0	0.0	0.0	0.000678406	0.0	0.0	0.0	0.0	0.0	0.0	0.0	0.000114746	6.5829e-05	0.000107409	0.0	0.0	0.0	1.6815e-05	0.0	0.0	0.0	0.0	0.0	3.46396e-05	0.0	0.0	0.0	0.00104451	0.0	0.0	0.0	0.0	0.0	0.0	0.0	0.0	0.0	1.88469e-05	0.0	0.0	0.00025024899999999997	0.000242386	0.0	0.0	0.0	0.0	0.0	0.0	0.0	0.0	0.0	0.0008344989999999999	0.0	0.0	0.0	0.0	0.0
Sfa-CBas_003-Ex1-cssl.clmp.r1r2_fastp	0.0896021	0.0013551	0.0443569	0.0	1.50566e-05	0.0	0.0	0.0	0.0	0.0	0.0	0.0	0.0	0.0	0.0	3.01133e-05	0.0	0.0	0.00021079300000000003	0.0	0.0	0.0	0.0	0.0	0.0	0.0	0.0	0.0	0.0	0.000165623	0.0	0.0	0.0	0.0	0.0	0.0	0.0	0.0	3.01444e-05	0.0	0.0	0.0	0.0	0.0	0.0	0.0	0.000151018	0.0	0.0	0.0	0.0	0.0	0.0	0.0	0.0	0.00019696699999999999	0.0	0.0	0.0	0.0	0.0	0.0	0.0	0.000532458	0.0	0.0	0.0	0.0	0.0	0.0	0.0	0.000122346	0.0	0.0	0.0	0.0	0.0	0.0	0.0	1.5401299999999998e-05	0.00021584700000000002	0.00016977799999999999	3.09044e-05	0.00012376799999999998	0.00035629199999999997	1.55119e-05	4.6601300000000004e-05	0.0008556589999999999	0.000171407	0.0	0.0	0.0	0.0	0.0	0.0	0.0	0.0009036389999999999	0.0	0.0	0.0	0.0	0.0	0.0	0.0	6.511080000000001e-05	3.26841e-05	9.84496e-05	0.0	0.0	0.0	0.0	0.0	0.0	0.0	0.0	0.0	8.592739999999999e-05	0.0	0.0	0.0	0.00128178	0.0	0.0	0.0	0.0	0.0	0.0	0.0	0.0	0.0	3.73216e-05	0.0	0.0	0.00026662	0.00019177299999999998	0.0	0.0	0.0	0.0	0.0	0.0	0.0	0.0	0.0	0.00104089	0.0	0.0	0.0	0.0	0.0
Sfa-CBas_006-Ex1-cssl.clmp.r1r2_fastp	0.13242900000000002	0.00303828	0.0795237	0.0	0.0	0.0	0.0	0.0	0.0	0.0	0.0	0.0	0.0	0.0	0.0	0.0	0.0	0.0	0.000132099	0.0	0.0	0.0	0.0	6.60495e-05	0.0	0.0	0.0	0.0	0.0	0.000330248	0.0	0.0	0.0	0.0	0.0	0.0	0.0	0.0	0.000132212	0.0	0.0	0.0	0.0	0.0	0.0	0.0	0.00039705000000000003	0.0	0.0	0.0	0.0	0.0	0.0	0.0	0.0	0.000728861	0.0	0.0	0.0	0.0	0.0	0.0	0.0	0.0007963470000000001	0.0	0.0	0.0	0.0	0.0	0.0	0.0	0.00033243	0.0	0.0	0.0	0.0	0.0	0.0	0.0	0.0	0.000933265	0.000266735	0.000133414	6.67302e-05	0.00133515	0.0	0.000267283	0.0018051400000000002	0.00040136900000000005	0.0	0.0	0.0	0.0	0.0	0.0	0.0	0.0022886300000000003	0.0	0.0	0.0	0.0	0.0	0.0	0.0	0.000339846	0.00034037799999999996	0.00020453000000000002	0.0	0.0	0.0	0.0	0.0	0.0	0.0	0.0	0.0	6.94501e-05	0.0	0.0	0.0	0.00371464	0.0	0.0	0.0	0.0	0.0	0.0	0.0	0.0	0.0	7.21954e-05	0.0	0.0	0.000365189	0.000513291	0.0	0.0	0.0	0.0	0.0	0.0	0.0	0.0	0.0	0.0030951999999999998	0.0	0.0	0.0	0.0	0.0
Sfa-CBas_007-Ex1-cssl.clmp.r1r2_fastp	0.08698589999999999	0.0010335	0.045110199999999996	0.0	0.0	0.0	0.0	0.0	0.0	0.0	0.0	0.0	0.0	0.0	0.0	3.82776e-05	0.0	0.0	0.000210527	0.0	0.0	0.0	0.0	3.82776e-05	0.0	0.0	0.0	0.0	0.0	0.000229666	0.0	0.0	0.0	0.0	0.0	0.0	0.0	0.0	0.0	0.0	0.0	0.0	0.0	0.0	0.0	0.0	0.00019195	0.0	0.0	0.0	0.0	0.0	0.0	0.0	0.0	0.000365716	0.0	0.0	0.0	0.0	0.0	0.0	0.0	0.000521346	0.0	0.0	0.0	0.0	0.0	0.0	3.8752600000000006e-05	0.000193872	0.0	0.0	0.0	0.0	0.0	0.0	0.0	0.0	0.00013654000000000002	9.761310000000001e-05	0.0	0.000117345	0.000234915	1.95964e-05	7.84714e-05	0.000726699	0.000157318	0.0	0.0	0.0	0.0	0.0	0.0	0.0	0.000637568	0.0	0.0	0.0	0.0	0.0	0.0	0.0	0.000142341	8.158679999999999e-05	0.000163684	0.0	0.0	0.0	2.07386e-05	0.0	0.0	0.0	0.0	0.0	0.0	0.0	0.0	0.0	0.00118703	0.0	0.0	0.0	0.0	0.0	0.0	0.0	0.0	0.0	0.0	0.0	0.0	0.000391817	0.000185443	0.0	0.0	0.0	0.0	0.0	0.0	0.0	0.0	0.0	0.0008945279999999999	0.0	0.0	0.0	0.0	0.0
Sfa-CBas_008-Ex1-cssl.clmp.r1r2_fastp	0.0845061	0.00122759	0.041611	0.0	0.0	0.0	0.0	0.0	0.0	0.0	0.0	0.0	0.0	0.0	0.0	0.0	0.0	0.0	0.000197543	0.0	0.0	0.0	0.0	4.23306e-05	0.0	0.0	0.0	0.0	0.0	0.000141102	0.0	0.0	0.0	0.0	0.0	0.0	0.0	0.0	0.0	0.0	0.0	0.0	0.0	0.0	0.0	0.0	0.000169862	0.0	0.0	0.0	0.0	0.0	0.0	0.0	0.0	0.00021297999999999998	0.0	0.0	0.0	0.0	0.0	0.0	0.0	0.00027072	0.0	0.0	0.0	0.0	0.0	0.0	0.0	0.000143111	0.0	0.0	0.0	0.0	0.0	0.0	0.0	1.43959e-05	0.00012967800000000001	0.000115377	2.8872099999999998e-05	7.22531e-05	0.000303785	0.0	0.00010149599999999999	0.000566185	0.000159906	0.0	0.0	0.0	0.0	0.0	0.0	0.0	0.00078161	0.0	0.0	0.0	0.0	0.0	0.0	0.0	0.00012063500000000001	9.07742e-05	0.00010626400000000001	0.0	0.0	0.0	0.0	0.0	0.0	0.0	0.0	0.0	6.31619e-05	0.0	0.0	0.0	0.00114206	0.0	0.0	0.0	0.0	0.0	0.0	0.0	0.0	0.0	1.69526e-05	0.0	0.0	0.00017258399999999999	0.000156279	0.0	0.0	0.0	0.0	0.0	0.0	0.0	0.0	0.0	0.0009336030000000001	0.0	0.0	0.0	0.0	0.0
Sfa-CBas_009-Ex1-cssl.clmp.r1r2_fastp	0.0832188	0.00103926	0.0421514	0.0	0.0	0.0	0.0	0.0	0.0	0.0	0.0	0.0	0.0	0.0	0.0	1.11748e-05	0.0	0.0	8.939850000000001e-05	0.0	0.0	0.0	0.0	2.23496e-05	0.0	0.0	0.0	0.0	0.0	8.939850000000001e-05	0.0	0.0	0.0	0.0	0.0	0.0	0.0	0.0	1.1185e-05	0.0	0.0	0.0	0.0	0.0	0.0	0.0	8.96327e-05	0.0	0.0	0.0	0.0	0.0	0.0	0.0	0.0	0.00015728700000000001	0.0	0.0	0.0	0.0	0.0	0.0	0.0	0.000270537	0.0	0.0	0.0	0.0	0.0	0.0	1.13153e-05	0.000113223	0.0	0.0	0.0	0.0	0.0	0.0	0.0	2.27819e-05	0.000239428	0.00013695	3.42714e-05	9.14888e-05	0.000492312	1.1462499999999999e-05	0.000103291	0.000632073	9.2068e-05	0.0	0.0	0.0	0.0	0.0	0.0	0.0	0.000771348	0.0	0.0	0.0	0.0	0.0	0.0	0.0	8.37959e-05	3.60437e-05	0.000132652	0.0	0.0	0.0	2.4506299999999996e-05	0.0	0.0	0.0	0.0	0.0	2.5179299999999998e-05	0.0	0.0	0.0	0.0011431500000000001	0.0	0.0	0.0	0.0	0.0	0.0	0.0	0.0	0.0	1.3605800000000001e-05	0.0	0.0	0.000402319	0.000223459	0.0	0.0	0.0	0.0	0.0	0.0	0.0	0.0	0.0	0.00110343	0.0	0.0	0.0	0.0	0.0
Sfa-CBas_010-Ex1-cssl.clmp.r1r2_fastp	0.0854911	0.00116902	0.0447151	0.0	0.0	0.0	0.0	0.0	0.0	0.0	0.0	0.0	0.0	0.0	0.0	3.8120299999999995e-05	0.0	0.0	0.000139774	0.0	0.0	0.0	0.0	1.2706800000000002e-05	0.0	0.0	0.0	0.0	0.0	0.000190602	0.0	0.0	0.0	0.0	0.0	0.0	0.0	0.0	3.8158400000000004e-05	0.0	0.0	0.0	0.0	0.0	0.0	0.0	0.000140168	0.0	0.0	0.0	0.0	0.0	0.0	0.0	0.0	0.000242776	0.0	0.0	0.0	0.0	0.0	0.0	0.0	0.000346134	0.0	0.0	0.0	0.0	0.0	0.0	1.28669e-05	0.000141625	0.0	0.0	0.0	0.0	0.0	0.0	0.0	2.58992e-05	0.00025922200000000003	0.00011675700000000001	5.1942200000000006e-05	0.000103989	0.000494476	0.0	0.000182602	0.0007443990000000001	0.000143856	0.0	0.0	0.0	0.0	0.0	0.0	0.0	0.0007698379999999999	0.0	0.0	0.0	0.0	0.0	0.0	0.0	9.50883e-05	8.17872e-05	0.000136797	0.0	0.0	0.0	1.3892600000000001e-05	0.0	0.0	0.0	0.0	0.0	7.12886e-05	0.0	0.0	0.0	0.0011919	0.0	0.0	0.0	0.0	0.0	0.0	0.0	0.0	0.0	6.14464e-05	0.0	0.0	0.000156536	0.000283595	0.0	0.0	0.0	0.0	0.0	0.0	0.0	0.0	0.0	0.000985967	0.0	0.0	0.0	0.0	0.0
Sfa-CBas_014-Ex1-cssl.clmp.r1r2_fastp	0.0801764	0.00127453	0.0396773	0.0	0.0	0.0	0.0	0.0	0.0	0.0	0.0	0.0	0.0	0.0	0.0	1.1911500000000001e-05	0.0	0.0	9.52921e-05	0.0	0.0	0.0	0.0	0.0	0.0	0.0	0.0	0.0	0.0	0.00014293799999999998	0.0	0.0	0.0	0.0	0.0	0.0	0.0	0.0	2.38427e-05	0.0	0.0	0.0	0.0	0.0	0.0	0.0	0.000131329	0.0	0.0	0.0	0.0	0.0	0.0	0.0	0.0	0.00031110299999999997	0.0	0.0	0.0	0.0	0.0	0.0	0.0	0.000251965	0.0	0.0	0.0	0.0	0.0	0.0	0.0	0.00010838699999999999	0.0	0.0	0.0	0.0	0.0	0.0	0.0	1.21054e-05	0.00026653	0.000169753	1.2136e-05	8.50309e-05	0.0005106770000000001	0.0	6.0924699999999996e-05	0.000646567	9.77164e-05	0.0	0.0	0.0	0.0	0.0	0.0	0.0	0.000755221	0.0	0.0	0.0	0.0	0.0	0.0	0.0	0.000101175	5.0747899999999996e-05	0.000101831	0.0	0.0	0.0	1.2910100000000002e-05	0.0	0.0	0.0	0.0	0.0	1.3225399999999999e-05	0.0	0.0	0.0	0.0011713	0.0	0.0	0.0	0.0	0.0	0.0	0.0	0.0	0.0	1.41761e-05	0.0	0.0	0.000245231	0.00018867	0.0	0.0	0.0	0.0	0.0	0.0	0.0	0.0	0.0	0.00109182	0.0	0.0	0.0	0.0	0.0
Sfa-CBas_015-Ex1-cssl.clmp.r1r2_fastp	0.08661619999999999	0.00123447	0.0437139	0.0	3.38212e-05	0.0	0.0	0.0	0.0	0.0	0.0	0.0	0.0	0.0	0.0	0.0	0.0	0.0	0.000118374	0.0	0.0	0.0	0.0	1.69106e-05	0.0	0.0	0.0	0.0	0.0	0.000202927	0.0	0.0	0.0	0.0	0.0	0.0	0.0	0.0	1.69265e-05	0.0	0.0	0.0	0.0	0.0	0.0	0.0	0.000186507	0.0	0.0	0.0	0.0	0.0	0.0	0.0	0.0	0.00025499100000000004	0.0	0.0	0.0	0.0	0.0	0.0	0.0	0.00032399699999999997	0.0	0.0	0.0	0.0	0.0	0.0	1.71111e-05	0.000188324	0.0	0.0	0.0	0.0	0.0	0.0	0.0	0.0	0.000206724	0.000103448	1.7256799999999997e-05	0.000138185	0.000380394	0.0	0.000103971	0.000589878	0.000121595	0.0	0.0	0.0	0.0	0.0	0.0	0.0	0.00102147	0.0	0.0	0.0	0.0	0.0	0.0	0.0	5.3997000000000005e-05	5.4174e-05	0.000144957	0.0	0.0	0.0	0.0	0.0	0.0	0.0	0.0	0.0	5.6549e-05	0.0	0.0	0.0	0.0013442699999999998	0.0	0.0	0.0	0.0	0.0	0.0	0.0	0.0	0.0	0.0	0.0	0.0	0.000165104	0.000207699	2.09061e-05	0.0	0.0	0.0	0.0	0.0	0.0	0.0	0.0	0.0008068799999999999	0.0	0.0	0.0	0.0	0.0
Sfa-CBas_016-Ex1-cssl.clmp.r1r2_fastp	0.0881532	0.0013632899999999999	0.0459097	0.0	0.0	0.0	0.0	0.0	0.0	0.0	0.0	0.0	0.0	0.0	0.0	1.84228e-05	0.0	0.0	0.000184228	0.0	0.0	0.0	0.0	0.0	0.0	0.0	0.0	0.0	0.0	0.000147383	0.0	0.0	0.0	0.0	0.0	0.0	0.0	0.0	1.84427e-05	0.0	0.0	0.0	0.0	0.0	0.0	0.0	0.000147792	0.0	0.0	0.0	0.0	0.0	0.0	0.0	0.0	0.000370338	0.0	0.0	0.0	0.0	0.0	0.0	0.0	0.000371326	0.0	0.0	0.0	0.0	0.0	0.0	3.72401e-05	5.588650000000001e-05	0.0	0.0	0.0	0.0	0.0	0.0	0.0	1.8711e-05	0.00026212999999999996	0.00011242	1.87505e-05	7.50602e-05	0.000469493	1.87952e-05	7.52466e-05	0.000564859	0.00018847	0.0	0.0	0.0	0.0	0.0	0.0	0.0	0.00083793	0.0	0.0	0.0	0.0	0.0	0.0	0.0	0.00021285	0.000174562	0.00011666199999999999	0.0	0.0	0.0	1.96485e-05	0.0	0.0	0.0	0.0	0.0	4.00028e-05	0.0	0.0	0.0	0.00123636	0.0	0.0	0.0	0.0	0.0	0.0	0.0	0.0	0.0	0.0	0.0	0.0	0.00027734200000000003	0.000214301	0.0	0.0	0.0	0.0	0.0	0.0	0.0	0.0	0.0	0.00086178	0.0	0.0	0.0	0.0	0.0
Sfa-CBas_017-Ex1-cssl.clmp.r1r2_fastp	0.07986510000000001	0.00113192	0.038299599999999996	0.0	0.0	0.0	0.0	0.0	0.0	0.0	0.0	0.0	0.0	0.0	0.0	9.27801e-06	0.0	0.0	7.42241e-05	0.0	0.0	0.0	0.0	9.27801e-06	0.0	0.0	0.0	0.0	0.0	0.000204116	0.0	9.27801e-06	0.0	0.0	0.0	0.0	0.0	0.0	0.0	0.0	0.0	0.0	0.0	0.0	0.0	0.0	0.00013962700000000002	0.0	0.0	0.0	0.0	0.0	0.0	0.0	0.0	0.00025219	0.0	0.0	0.0	0.0	0.0	0.0	0.0	0.000337585	0.0	0.0	0.0	0.0	0.0	0.0	1.88357e-05	9.42452e-05	0.0	0.0	0.0	0.0	0.0	0.0	0.0	1.8974e-05	0.000275391	8.55555e-05	2.8549499999999998e-05	9.5272e-05	0.000467393	9.55075e-06	3.8253199999999995e-05	0.000526719	0.000105499	0.0	0.0	0.0	0.0	0.0	0.0	0.0	0.000711302	0.0	0.0	0.0	0.0	0.0	0.0	0.0	0.000139791	0.00012025600000000001	7.04142e-05	1.00982e-05	0.0	0.0	3.06682e-05	0.0	0.0	0.0	0.0	0.0	2.10088e-05	0.0	0.0	0.0	0.0009323900000000001	0.0	0.0	0.0	0.0	0.0	0.0	0.0	0.0	0.0	2.26938e-05	0.0	0.0	0.000138802	0.000186286	1.17224e-05	0.0	0.0	0.0	0.0	0.0	0.0	0.0	0.0	0.000818069	0.0	0.0	0.0	0.0	0.0
Sfa-CBas_019-Ex1-cssl.clmp.r1r2_fastp	0.0853905	0.00133187	0.040670000000000005	0.0	0.0	0.0	0.0	0.0	0.0	0.0	0.0	0.0	0.0	0.0	0.0	1.37306e-05	0.0	0.0	0.00015103599999999998	0.0	0.0	0.0	0.0	1.37306e-05	0.0	0.0	0.0	0.0	0.0	0.00023342	0.0	0.0	0.0	0.0	0.0	0.0	0.0	0.0	5.49829e-05	0.0	0.0	0.0	0.0	0.0	0.0	0.0	0.00019286099999999998	0.0	0.0	0.0	0.0	0.0	0.0	0.0	0.0	0.000262674	0.0	0.0	0.0	0.0	0.0	0.0	0.0	0.000374855	0.0	0.0	0.0	0.0	0.0	0.0	2.7897600000000002e-05	9.771679999999999e-05	0.0	0.0	0.0	0.0	0.0	0.0	0.0	2.8123700000000003e-05	0.000337853	0.00011274899999999999	1.4110799999999999e-05	8.47724e-05	0.00055175	0.0	4.2566e-05	0.00045476399999999997	0.000185055	0.0	0.0	0.0	0.0	0.0	0.0	0.0	0.000898639	0.0	0.0	0.0	0.0	0.0	0.0	0.0	0.000149047	8.98034e-05	0.000105216	0.0	0.0	0.0	6.12352e-05	0.0	0.0	0.0	0.0	0.0	1.57843e-05	0.0	0.0	0.0	0.000952419	0.0	0.0	0.0	0.0	0.0	0.0	0.0	0.0	0.0	1.7200200000000002e-05	0.0	0.0	0.00026354600000000003	0.00021236100000000002	0.0	0.0	0.0	0.0	0.0	0.0	0.0	0.0	0.0	0.000808493	0.0	0.0	0.0	0.0	0.0
Sfa-CBas_020-Ex1-cssl.clmp.r1r2_fastp	0.0940632	0.00126588	0.046123	0.0	0.0	0.0	0.0	0.0	0.0	0.0	0.0	0.0	0.0	0.0	0.0	0.0	0.0	0.0	0.000245009	0.0	0.0	0.0	0.0	0.0	0.0	0.0	0.0	0.0	0.0	0.000102087	0.0	0.0	0.0	0.0	0.0	0.0	0.0	0.0	2.0435800000000002e-05	0.0	0.0	0.0	0.0	0.0	0.0	0.0	0.000102353	0.0	0.0	0.0	0.0	0.0	0.0	0.0	0.0	0.00053371	0.0	0.0	0.0	0.0	0.0	0.0	0.0	0.0005355329999999999	0.0	0.0	0.0	0.0	0.0	0.0	0.0	6.20724e-05	0.0	0.0	0.0	0.0	0.0	0.0	0.0	0.0	0.00039591400000000003	0.000146005	0.00010439600000000001	0.000209009	0.0007114599999999999	4.19028e-05	0.000104894	0.000798283	0.00016830100000000001	0.0	0.0	0.0	0.0	0.0	0.0	0.0	0.00117537	0.0	0.0	0.0	0.0	0.0	0.0	0.0	0.00019711200000000002	0.000153878	6.61994e-05	0.0	0.0	0.0	6.72948e-05	0.0	0.0	0.0	0.0	0.0	2.30618e-05	0.0	0.0	0.0	0.0015069600000000001	0.0	0.0	0.0	0.0	0.0	0.0	0.0	0.0	0.0	7.49871e-05	0.0	0.0	0.000102058	0.000334023	0.0	0.0	0.0	0.0	0.0	0.0	0.0	0.0	0.0	0.0013128900000000002	0.0	0.0	0.0	0.0	0.0
Sfa-CBas_021-Ex1-cssl.clmp.r1r2_fastp	0.0852268	0.001402	0.0465611	0.0	1.84474e-05	0.0	0.0	0.0	0.0	0.0	0.0	0.0	0.0	0.0	0.0	0.0	0.0	0.0	0.00018447399999999998	0.0	0.0	0.0	0.0	0.0	0.0	0.0	0.0	0.0	0.0	0.000147579	0.0	0.0	0.0	0.0	0.0	0.0	0.0	0.0	1.84617e-05	0.0	0.0	0.0	0.0	0.0	0.0	0.0	0.000184857	0.0	0.0	0.0	0.0	0.0	0.0	0.0	0.0	0.00027784800000000003	0.0	0.0	0.0	0.0	0.0	0.0	0.0	0.000371449	0.0	0.0	0.0	0.0	0.0	0.0	0.0	1.86408e-05	0.0	0.0	0.0	0.0	0.0	0.0	0.0	1.87384e-05	0.000300054	0.000131388	3.7573e-05	0.000150435	0.0003953	0.0	7.54631e-05	0.000755574	0.000170228	0.0	0.0	0.0	0.0	0.0	0.0	0.0	0.000786625	0.0	0.0	0.0	0.0	0.0	0.0	0.0	0.000156971	0.000137815	5.92624e-05	0.0	0.0	0.0	0.0	0.0	0.0	0.0	0.0	0.0	4.11241e-05	0.0	0.0	0.0	0.0012568199999999999	0.0	0.0	0.0	0.0	0.0	0.0	0.0	0.0	0.0	2.20963e-05	0.0	0.0	0.000337476	0.000339568	0.0	0.0	0.0	0.0	0.0	0.0	0.0	0.0	0.0	0.0010248199999999999	0.0	0.0	0.0	0.0	0.0
Sfa-CBas_023-Ex1-cssl.clmp.r1r2_fastp	0.077665	0.0012490000000000001	0.0367433	0.0	0.0	0.0	0.0	0.0	0.0	0.0	0.0	0.0	0.0	0.0	0.0	7.56969e-06	0.0	0.0	0.00010597599999999999	0.0	0.0	0.0	0.0	7.56969e-06	0.0	0.0	0.0	0.0	0.0	0.000128685	0.0	7.56969e-06	0.0	0.0	0.0	0.0	0.0	0.0	3.03115e-05	0.0	0.0	0.0	0.0	0.0	0.0	0.0	0.000106333	0.0	0.0	0.0	0.0	0.0	0.0	0.0	0.0	0.000327811	0.0	0.0	0.0	0.0	0.0	0.0	0.0	0.00028329	0.0	0.0	0.0	0.0	0.0	0.0	0.0	9.2379e-05	0.0	0.0	0.0	0.0	0.0	0.0	0.0	7.7538e-06	0.000294966	0.000139878	4.6681199999999996e-05	0.000109057	0.000467998	0.0	8.60422e-05	0.0006423910000000001	7.06228e-05	0.0	0.0	0.0	0.0	0.0	0.0	0.0	0.000766548	0.0	0.0	0.0	0.0	0.0	0.0	0.0	0.000123041	7.412320000000001e-05	0.000115784	0.0	0.0	0.0	1.6836899999999998e-05	0.0	0.0	0.0	0.0	0.0	8.67318e-06	0.0	0.0	0.0	0.00102868	0.0	0.0	0.0	0.0	0.0	0.0	0.0	0.0	0.0	1.8890600000000002e-05	0.0	0.0	0.000192967	0.000145782	0.0	0.0	0.0	0.0	0.0	0.0	0.0	0.0	0.0	0.0007725010000000001	0.0	0.0	0.0	0.0	0.0
Sfa-CBas_025-Ex1-cssl.clmp.r1r2_fastp	0.0868202	0.00135397	0.0463674	0.0	0.0	0.0	0.0	0.0	0.0	0.0	0.0	0.0	0.0	0.0	0.0	4.75076e-05	0.0	0.0	0.00028504599999999995	0.0	0.0	0.0	0.0	2.37538e-05	0.0	0.0	0.0	0.0	0.0	0.000166277	0.0	4.75076e-05	0.0	0.0	0.0	0.0	0.0	0.0	4.75612e-05	0.0	0.0	0.0	0.0	0.0	0.0	0.0	4.76438e-05	0.0	0.0	0.0	0.0	0.0	0.0	0.0	0.0	0.000262658	0.0	0.0	0.0	0.0	0.0	0.0	0.0	0.000526695	0.0	0.0	0.0	0.0	0.0	0.0	2.4009599999999998e-05	9.6081e-05	0.0	0.0	0.0	0.0	0.0	0.0	0.0	9.649629999999999e-05	0.000337958	0.000120782	7.25192e-05	7.25717e-05	0.000677869	2.4229700000000003e-05	9.7003e-05	0.000849516	0.000267243	0.0	0.0	0.0	0.0	0.0	0.0	0.0	0.000711674	0.0	0.0	0.0	0.0	0.0	0.0	0.0	7.47666e-05	4.9957099999999996e-05	0.00015022199999999999	0.0	0.0	0.0	2.5288000000000003e-05	0.0	0.0	0.0	0.0	0.0	0.0	0.0	0.0	0.0	0.000990076	0.0	0.0	0.0	0.0	0.0	0.0	0.0	0.0	0.0	8.11348e-05	0.0	0.0	0.000164402	0.000275219	0.0	0.0	0.0	0.0	0.0	0.0	0.0	0.0	0.0	0.000727791	0.0	0.0	0.0	0.0	0.0
Sfa-CBas_026-Ex1-cssl.clmp.r1r2_fastp	0.0873995	0.00110698	0.044971	0.0	0.0	0.0	0.0	0.0	0.0	0.0	0.0	0.0	0.0	0.0	0.0	1.72966e-05	0.0	0.0	0.000172966	0.0	0.0	0.0	0.0	0.0	0.0	0.0	0.0	0.0	0.0	0.000138372	0.0	1.72966e-05	0.0	0.0	0.0	0.0	0.0	0.0	1.7317e-05	0.0	0.0	0.0	0.0	0.0	0.0	0.0	0.000208236	0.0	0.0	0.0	0.0	0.0	0.0	0.0	0.0	0.00040032899999999994	0.0	0.0	0.0	0.0	0.0	0.0	0.0	0.000314403	0.0	0.0	0.0	0.0	0.0	0.0	0.0	0.000122809	0.0	0.0	0.0	0.0	0.0	0.0	0.0	1.76475e-05	0.000211959	0.000229832	1.76968e-05	5.3145599999999995e-05	0.000478839	0.0	0.00012443300000000002	0.0004983710000000001	0.000160404	0.0	0.0	0.0	0.0	0.0	0.0	0.0	0.0008858850000000001	0.0	0.0	0.0	0.0	0.0	0.0	0.0	0.000166419	0.000129866	0.000111696	0.0	0.0	0.0	1.8890600000000002e-05	0.0	0.0	0.0	0.0	0.0	1.93655e-05	0.0	0.0	0.0	0.0011045200000000001	0.0	0.0	0.0	0.0	0.0	0.0	0.0	0.0	0.0	0.0	0.0	0.0	0.00042347600000000005	6.39156e-05	0.0	0.0	0.0	0.0	0.0	0.0	0.0	0.0	0.0	0.000917697	0.0	0.0	0.0	0.0	0.0
Sfa-CBas_027-Ex1-cssl.clmp.r1r2_fastp	0.0812403	0.00118915	0.037141600000000004	0.0	1.11136e-05	0.0	0.0	0.0	0.0	0.0	0.0	0.0	0.0	0.0	0.0	1.11136e-05	0.0	0.0	8.89087e-05	0.0	0.0	0.0	0.0	3.33407e-05	0.0	0.0	0.0	0.0	0.0	0.000122249	0.0	0.0	0.0	0.0	0.0	0.0	0.0	0.0	3.3368e-05	0.0	0.0	0.0	0.0	0.0	0.0	0.0	0.000200533	0.0	0.0	0.0	0.0	0.0	0.0	0.0	0.0	0.00030170200000000005	0.0	0.0	0.0	0.0	0.0	0.0	0.0	0.000291661	0.0	0.0	0.0	0.0	0.0	0.0	1.1269500000000001e-05	7.89466e-05	0.0	0.0	0.0	0.0	0.0	0.0	0.0	2.27273e-05	0.0001479	0.00011391100000000001	2.28115e-05	0.000114216	0.000366016	0.0	8.03206e-05	0.000643686	0.000161218	0.0	0.0	0.0	0.0	0.0	0.0	0.0	0.000552118	0.0	0.0	0.0	0.0	0.0	0.0	0.0	4.8481799999999994e-05	4.87082e-05	0.000171297	1.22958e-05	0.0	0.0	0.0	0.0	0.0	0.0	0.0	0.0	1.2928899999999999e-05	0.0	0.0	0.0	0.00100805	0.0	0.0	0.0	0.0	0.0	0.0	0.0	0.0	0.0	4.27744e-05	0.0	0.0	0.000204537	0.000294647	1.48582e-05	0.0	0.0	0.0	0.0	0.0	0.0	0.0	0.0	0.000778969	0.0	0.0	0.0	0.0	0.0
Sfa-CBas_028-Ex1-cssl.clmp.r1r2_fastp	0.082274	0.00131866	0.0419515	0.0	0.0	0.0	0.0	0.0	0.0	0.0	0.0	0.0	0.0	0.0	0.0	2.5856099999999998e-05	0.0	0.0	0.00016806499999999998	0.0	0.0	0.0	0.0	1.2928e-05	0.0	0.0	0.0	0.0	0.0	0.00012927999999999998	0.0	0.0	0.0	0.0	0.0	0.0	0.0	0.0	5.17687e-05	0.0	0.0	0.0	0.0	0.0	0.0	0.0	0.00020743600000000002	0.0	0.0	0.0	0.0	0.0	0.0	0.0	0.0	0.00019497499999999998	0.0	0.0	0.0	0.0	0.0	0.0	0.0	0.00040416700000000004	0.0	0.0	0.0	0.0	0.0	0.0	1.30817e-05	9.16205e-05	0.0	0.0	0.0	0.0	0.0	0.0	0.0	1.31572e-05	0.000329197	6.58947e-05	0.0	3.96068e-05	0.00048894	0.0	2.6483200000000004e-05	0.000583291	0.00019908500000000002	0.0	0.0	0.0	0.0	0.0	0.0	0.0	0.000819867	0.0	0.0	0.0	0.0	0.0	0.0	0.0	9.59109e-05	6.870159999999999e-05	0.000110245	0.0	0.0	0.0	0.0	0.0	0.0	0.0	0.0	0.0	4.2777799999999996e-05	0.0	0.0	0.0	0.00110119	0.0	0.0	0.0	0.0	0.0	0.0	0.0	0.0	0.0	3.0335900000000002e-05	0.0	0.0	0.000184881	0.000123917	0.0	0.0	0.0	0.0	0.0	0.0	0.0	0.0	0.0	0.000826855	0.0	0.0	0.0	0.0	0.0
Sfa-CBas_029-Ex1-cssl.clmp.r1r2_fastp	0.0806203	0.0012152	0.0392558	0.0	0.0	0.0	0.0	0.0	0.0	0.0	0.0	0.0	0.0	0.0	0.0	1.19137e-05	0.0	0.0	9.531000000000001e-05	0.0	0.0	0.0	0.0	1.19137e-05	0.0	0.0	0.0	0.0	0.0	0.000202534	0.0	0.0	0.0	0.0	0.0	0.0	0.0	0.0	0.0	0.0	0.0	0.0	0.0	0.0	0.0	0.0	8.36557e-05	0.0	0.0	0.0	0.0	0.0	0.0	0.0	0.0	0.000323668	0.0	0.0	0.0	0.0	0.0	0.0	0.0	0.00031283	0.0	0.0	0.0	0.0	0.0	0.0	0.0	6.0449400000000004e-05	0.0	0.0	0.0	0.0	0.0	0.0	0.0	1.21691e-05	0.000304533	0.000158524	3.6622099999999996e-05	0.00012221200000000002	0.000452739	1.2252099999999999e-05	4.9075499999999995e-05	0.000540605	0.00011074899999999999	0.0	0.0	0.0	0.0	0.0	0.0	0.0	0.0008632760000000001	0.0	0.0	0.0	0.0	0.0	0.0	0.0	0.000102743	3.8678000000000005e-05	6.47203e-05	0.0	0.0	0.0	3.95055e-05	0.0	0.0	0.0	0.0	0.0	0.0	0.0	0.0	0.0	0.001094	0.0	0.0	0.0	0.0	0.0	0.0	0.0	0.0	0.0	2.9402700000000002e-05	0.0	0.0	0.000254947	6.039800000000001e-05	0.0	0.0	0.0	0.0	0.0	0.0	0.0	0.0	0.0	0.0009968429999999999	0.0	0.0	0.0	0.0	0.0
Sfa-CBas_030-Ex1-cssl.clmp.r1r2_fastp	0.0791143	0.00101465	0.0375983	0.0	0.0	0.0	0.0	0.0	0.0	0.0	0.0	0.0	0.0	0.0	0.0	4.2277e-05	0.0	0.0	4.2277e-05	0.0	0.0	0.0	0.0	5.63693e-05	0.0	0.0	0.0	0.0	0.0	0.00011273899999999999	0.0	0.0	0.0	0.0	0.0	0.0	0.0	0.0	0.0	0.0	0.0	0.0	0.0	0.0	0.0	0.0	1.4125800000000001e-05	0.0	0.0	0.0	0.0	0.0	0.0	0.0	0.0	0.000297362	0.0	0.0	0.0	0.0	0.0	0.0	0.0	0.00028404200000000003	0.0	0.0	0.0	0.0	0.0	0.0	0.0	2.8519799999999998e-05	0.0	0.0	0.0	0.0	0.0	0.0	0.0	0.0	0.000200958	5.74689e-05	5.75241e-05	4.3186600000000004e-05	0.00028822	0.0	0.00010111599999999999	0.000593001	0.000130345	0.0	0.0	0.0	0.0	0.0	0.0	0.0	0.00073493	0.0	0.0	0.0	0.0	0.0	0.0	0.0	0.000105307	9.05716e-05	7.57475e-05	0.0	0.0	0.0	1.53833e-05	0.0	0.0	0.0	0.0	0.0	0.00011052499999999999	0.0	0.0	0.0	0.0009175339999999999	0.0	0.0	0.0	0.0	0.0	0.0	0.0	0.0	0.0	3.4025699999999995e-05	0.0	0.0	0.00029467	0.00019190199999999998	0.0	0.0	0.0	0.0	0.0	0.0	0.0	0.0	0.0	0.000828797	0.0	0.0	0.0	0.0	0.0
Sfa-CBas_031-Ex1-cssl.clmp.r1r2_fastp	0.07936399999999999	0.00119524	0.0380087	0.0	0.0	0.0	0.0	0.0	0.0	0.0	0.0	0.0	0.0	0.0	0.0	1.40617e-05	0.0	0.0	0.000112493	0.0	0.0	0.0	0.0	1.40617e-05	0.0	0.0	0.0	0.0	0.0	0.000182802	0.0	0.0	0.0	0.0	0.0	0.0	0.0	0.0	2.8159200000000003e-05	0.0	0.0	0.0	0.0	0.0	0.0	0.0	0.00021173	0.0	0.0	0.0	0.0	0.0	0.0	0.0	0.0	0.000354248	0.0	0.0	0.0	0.0	0.0	0.0	0.0	0.00042693300000000005	0.0	0.0	0.0	0.0	0.0	0.0	0.0	0.00011446	0.0	0.0	0.0	0.0	0.0	0.0	0.0	0.0	0.00020189400000000002	0.00012992800000000002	1.44522e-05	5.78768e-05	0.000507043	1.4506e-05	0.00010167900000000001	0.00046547200000000003	0.000160247	0.0	0.0	0.0	0.0	0.0	0.0	0.0	0.000621689	0.0	0.0	0.0	0.0	0.0	0.0	0.0	0.000181995	0.000106543	7.6383e-05	0.0	0.0	0.0	1.55216e-05	0.0	0.0	0.0	0.0	0.0	3.188e-05	0.0	0.0	0.0	0.00100782	0.0	0.0	0.0	0.0	0.0	0.0	0.0	0.0	0.0	1.7186e-05	0.0	0.0	0.00036773400000000004	0.00022910900000000002	0.0	0.0	0.0	0.0	0.0	0.0	0.0	0.0	0.0	0.0008552519999999999	0.0	0.0	0.0	0.0	0.0
Sfa-CBas_032-Ex1-cssl.clmp.r1r2_fastp	0.084522	0.00115179	0.0413543	0.0	4.9012500000000005e-05	0.0	0.0	0.0	0.0	0.0	0.0	0.0	0.0	0.0	0.0	4.9012500000000005e-05	0.0	0.0	0.00015929100000000002	0.0	0.0	0.0	0.0	1.22531e-05	0.0	0.0	0.0	0.0	0.0	0.00014703699999999998	0.0	1.22531e-05	0.0	0.0	0.0	0.0	0.0	0.0	0.0	0.0	0.0	0.0	0.0	0.0	0.0	0.0	0.00020875	0.0	0.0	0.0	0.0	0.0	0.0	0.0	0.0	0.00020925599999999998	0.0	0.0	0.0	0.0	0.0	0.0	0.0	0.000469139	0.0	0.0	0.0	0.0	0.0	0.0	1.2387299999999999e-05	0.00013633500000000002	0.0	0.0	0.0	0.0	0.0	0.0	0.0	3.73795e-05	0.000236921	0.000187199	1.24909e-05	8.75172e-05	0.000525619	1.2527899999999999e-05	0.000125418	0.0007659389999999999	0.00012572	0.0	0.0	0.0	0.0	0.0	0.0	0.0	0.0008411509999999999	0.0	0.0	0.0	0.0	0.0	0.0	0.0	9.11418e-05	3.91848e-05	0.000131042	2.62977e-05	0.0	0.0	2.65823e-05	0.0	0.0	0.0	0.0	0.0	2.7235399999999997e-05	0.0	0.0	0.0	0.000915104	0.0	0.0	0.0	0.0	0.0	0.0	0.0	0.0	0.0	4.383e-05	0.0	0.0	0.000267711	0.000329228	0.0	0.0	0.0	0.0	0.0	0.0	0.0	0.0	0.0	0.000950999	0.0	0.0	0.0	0.0	0.0
Sfa-CBas_033-Ex1-cssl.clmp.r1r2_fastp	0.0798465	0.0010402200000000001	0.037891	0.0	0.0	0.0	0.0	0.0	0.0	0.0	0.0	0.0	0.0	0.0	0.0	9.63166e-06	0.0	0.0	0.00017337	0.0	0.0	0.0	0.0	0.0	0.0	0.0	0.0	0.0	0.0	9.63166e-05	0.0	0.0	0.0	0.0	0.0	0.0	0.0	0.0	2.89246e-05	0.0	0.0	0.0	0.0	0.0	0.0	0.0	0.000106291	0.0	0.0	0.0	0.0	0.0	0.0	0.0	0.0	0.00021343500000000002	0.0	0.0	0.0	0.0	0.0	0.0	0.0	0.00038026499999999997	0.0	0.0	0.0	0.0	0.0	0.0	0.0	6.86947e-05	0.0	0.0	0.0	0.0	0.0	0.0	0.0	0.0	0.00022793899999999997	0.000148854	4.9686e-05	6.966169999999999e-05	0.000428577	0.0	0.000149995	0.000530941	0.000180664	0.0	0.0	0.0	0.0	0.0	0.0	0.0	0.0007681649999999999	0.0	0.0	0.0	0.0	0.0	0.0	0.0	0.000105648	5.30653e-05	0.000202605	0.0	0.0	0.0	0.0	0.0	0.0	0.0	0.0	0.0	3.37725e-05	0.0	0.0	0.0	0.0009348749999999999	0.0	0.0	0.0	0.0	0.0	0.0	0.0	0.0	0.0	2.47649e-05	0.0	0.0	0.000291621	0.000127825	0.0	0.0	0.0	0.0	0.0	0.0	0.0	0.0	0.0	0.000772245	0.0	0.0	0.0	0.0	0.0
Sfa-CBas_036-Ex1-cssl.clmp.r1r2_fastp	0.0869689	0.00116928	0.0397841	0.0	4.27786e-05	0.0	0.0	0.0	0.0	0.0	0.0	0.0	0.0	0.0	0.0	4.27786e-05	0.0	0.0	0.000171115	0.0	0.0	0.0	0.0	0.0	0.0	0.0	0.0	0.0	0.0	0.000156855	0.0	0.0	0.0	0.0	0.0	0.0	0.0	0.0	8.563490000000001e-05	0.0	0.0	0.0	0.0	0.0	0.0	0.0	0.00011436900000000002	0.0	0.0	0.0	0.0	0.0	0.0	0.0	0.0	0.000358359	0.0	0.0	0.0	0.0	0.0	0.0	0.0	0.000388288	0.0	0.0	0.0	0.0	0.0	0.0	1.44338e-05	0.000158864	0.0	0.0	0.0	0.0	0.0	0.0	0.0	2.90536e-05	0.000348951	5.82134e-05	0.0	7.291389999999999e-05	0.00062774	1.46152e-05	8.77977e-05	0.000717966	0.000205424	0.0	0.0	0.0	0.0	0.0	0.0	0.0	0.000923427	0.0	0.0	0.0	0.0	0.0	0.0	0.0	0.000198214	0.000137715	0.000138216	0.0	0.0	0.0	3.11958e-05	0.0	0.0	0.0	0.0	0.0	6.40679e-05	0.0	0.0	0.0	0.0012903699999999999	0.0	0.0	0.0	0.0	0.0	0.0	0.0	0.0	0.0	1.7280399999999998e-05	0.0	0.0	0.000369841	0.00023044599999999998	0.0	0.0	0.0	0.0	0.0	0.0	0.0	0.0	0.0	0.00114933	0.0	0.0	0.0	0.0	0.0
Sfa-CBas_039-Ex1-cssl.clmp.r1r2_fastp	0.12383999999999999	0.0027069	0.07993800000000001	0.0	0.0	0.0	0.0	0.0	0.0	0.0	0.0	0.0	0.0	0.0	0.0	0.0	0.0	0.0	0.000338362	0.0	0.0	0.0	0.0	0.0	0.0	0.0	0.0	0.0	0.0	0.000253771	0.0	8.45905e-05	0.0	0.0	0.0	0.0	0.0	0.0	0.0	0.0	0.0	0.0	0.0	0.0	0.0	0.0	0.000254328	0.0	0.0	0.0	0.0	0.0	0.0	0.0	0.0	0.000679278	0.0	0.0	0.0	0.0	0.0	0.0	0.0	0.000850611	0.0	0.0	0.0	0.0	0.0	0.0	0.0	0.000255688	0.0	0.0	0.0	0.0	0.0	0.0	0.0	8.54335e-05	0.000854599	0.000341965	8.552149999999999e-05	8.55519e-05	0.0013694	0.0	0.000256989	0.0014569399999999999	0.000171498	0.0	0.0	0.0	0.0	0.0	0.0	0.0	0.0018977000000000002	0.0	0.0	0.0	0.0	0.0	0.0	0.0	0.000348288	0.00017438	8.73115e-05	0.0	0.0	0.0	0.0	0.0	0.0	0.0	0.0	0.0	0.000177612	0.0	0.0	0.0	0.00197054	0.0	0.0	0.0	0.0	0.0	0.0	0.0	0.0	0.0	0.0	0.0	0.0	0.0008368639999999999	0.000466494	0.0	0.0	0.0	0.0	0.0	0.0	0.0	0.0	0.0	0.00196291	0.0	0.0	0.0	0.0	0.0
Sfa-CBas_041-Ex1-cssl.clmp.r1r2_fastp	0.08519600000000001	0.00119914	0.0426551	0.0	1.42755e-05	0.0	0.0	0.0	0.0	0.0	0.0	0.0	0.0	0.0	0.0	1.42755e-05	0.0	0.0	8.56528e-05	0.0	0.0	0.0	0.0	0.0	0.0	0.0	0.0	0.0	0.0	0.000214132	0.0	0.0	0.0	0.0	0.0	0.0	0.0	0.0	4.28768e-05	0.0	0.0	0.0	0.0	0.0	0.0	0.0	0.00022923500000000002	0.0	0.0	0.0	0.0	0.0	0.0	0.0	0.0	0.000316429	0.0	0.0	0.0	0.0	0.0	0.0	0.0	0.000433471	0.0	0.0	0.0	0.0	0.0	0.0	1.45215e-05	0.000203462	0.0	0.0	0.0	0.0	0.0	0.0	0.0	4.3933499999999995e-05	0.00021990800000000002	0.000161459	1.4696199999999998e-05	4.41458e-05	0.00048627699999999997	0.0	5.91164e-05	0.0007845619999999999	0.00023725799999999998	0.0	0.0	0.0	0.0	0.0	0.0	0.0	0.0009210520000000001	0.0	0.0	0.0	0.0	0.0	0.0	0.0	0.00015523500000000001	7.79381e-05	0.00010957900000000002	0.0	0.0	0.0	0.0	0.0	0.0	0.0	0.0	0.0	3.2887e-05	0.0	0.0	0.0	0.00141325	0.0	0.0	0.0	0.0	0.0	0.0	0.0	0.0	0.0	5.38654e-05	0.0	0.0	0.000293677	0.00029590599999999997	0.0	0.0	0.0	0.0	0.0	0.0	0.0	0.0	0.0	0.00109252	0.0	0.0	0.0	0.0	0.0
Sfa-CBas_042-Ex1-cssl.clmp.r1r2_fastp	0.0982728	0.0013084199999999998	0.0477042	0.0	0.0	0.0	0.0	0.0	0.0	0.0	0.0	0.0	0.0	0.0	0.0	0.0	0.0	0.0	0.00021217599999999998	0.0	0.0	0.0	0.0	3.53627e-05	0.0	0.0	0.0	0.0	0.0	0.000318264	0.0	0.0	0.0	0.0	0.0	0.0	0.0	0.0	0.0	0.0	0.0	0.0	0.0	0.0	0.0	0.0	0.000248229	0.0	0.0	0.0	0.0	0.0	0.0	0.0	0.0	0.000426624	0.0	0.0	0.0	0.0	0.0	0.0	0.0	0.000463549	0.0	0.0	0.0	0.0	0.0	0.0	0.0	3.58007e-05	0.0	0.0	0.0	0.0	0.0	0.0	0.0	0.0	0.00043228600000000004	0.000108164	0.00010826199999999999	0.00010836099999999999	0.000867758	0.0	7.24692e-05	0.000870654	0.00010896699999999999	0.0	0.0	0.0	0.0	0.0	0.0	0.0	0.0009575650000000001	0.0	0.0	0.0	0.0	0.0	0.0	0.0	0.000188258	0.00015111400000000002	0.00011372300000000001	0.0	0.0	0.0	0.0	0.0	0.0	0.0	0.0	0.0	0.0	0.0	0.0	0.0	0.00104593	0.0	0.0	0.0	0.0	0.0	0.0	0.0	0.0	0.0	4.25758e-05	0.0	0.0	0.000260508	0.0005245250000000001	0.0	0.0	0.0	0.0	0.0	0.0	0.0	0.0	0.0	0.000949262	0.0	0.0	0.0	0.0	0.0
Sfa-CBas_043-Ex1-cssl.clmp.r1r2_fastp	0.0846429	0.00117952	0.042462799999999995	0.0	0.0	0.0	0.0	0.0	0.0	0.0	0.0	0.0	0.0	0.0	0.0	9.748119999999999e-06	0.0	0.0	0.000146222	0.0	0.0	0.0	0.0	3.89925e-05	0.0	0.0	0.0	0.0	0.0	0.000136474	0.0	0.0	0.0	0.0	0.0	0.0	0.0	0.0	2.92777e-05	0.0	0.0	0.0	0.0	0.0	0.0	0.0	0.000146705	0.0	0.0	0.0	0.0	0.0	0.0	0.0	0.0	0.000372874	0.0	0.0	0.0	0.0	0.0	0.0	0.0	0.000393967	0.0	0.0	0.0	0.0	0.0	0.0	2.9667599999999997e-05	0.000138539	0.0	0.0	0.0	0.0	0.0	0.0	0.0	9.95695e-06	0.000298981	0.00026933800000000004	9.98534e-06	7.99656e-05	0.000490331	1.00182e-05	8.02429e-05	0.00076331	0.00020114599999999997	0.0	0.0	0.0	0.0	0.0	0.0	0.0	0.000887829	0.0	0.0	0.0	0.0	0.0	0.0	0.0	0.000146105	7.32977e-05	0.00010507	0.0	0.0	0.0	1.0663800000000001e-05	0.0	0.0	0.0	0.0	0.0	2.18698e-05	0.0	0.0	0.0	0.0011585200000000001	0.0	0.0	0.0	0.0	0.0	0.0	0.0	0.0	0.0	2.34963e-05	0.0	0.0	0.000263213	0.00024081	0.0	0.0	0.0	0.0	0.0	0.0	0.0	0.0	0.0	0.000895356	0.0	0.0	0.0	0.0	0.0
Sfa-CBas_044-Ex1-cssl.clmp.r1r2_fastp	0.11858	0.0018128999999999999	0.0769657	0.0	0.0	0.0	0.0	0.0	0.0	0.0	0.0	0.0	0.0	0.0	0.0	0.0	0.0	0.0	0.000329618	0.0	0.0	0.0	0.0	8.24044e-05	0.0	0.0	0.0	0.0	0.0	0.000247213	0.0	0.0	0.0	0.0	0.0	0.0	0.0	0.0	0.0	0.0	0.0	0.0	0.0	0.0	0.0	0.0	0.000165121	0.0	0.0	0.0	0.0	0.0	0.0	0.0	0.0	0.000578605	0.0	0.0	0.0	0.0	0.0	0.0	0.0	0.000248298	0.0	0.0	0.0	0.0	0.0	0.0	8.288479999999999e-05	0.000165803	0.0	0.0	0.0	0.0	0.0	0.0	0.0	0.0	0.000747659	0.000332373	8.311809999999999e-05	8.31459e-05	0.00108124	0.0	0.000249704	0.0012490099999999998	8.33042e-05	0.0	0.0	0.0	0.0	0.0	0.0	0.0	0.0020925	0.0	0.0	0.0	0.0	0.0	0.0	0.0	0.000337152	0.00025314099999999997	0.000422431	0.0	0.0	0.0	8.48916e-05	0.0	0.0	0.0	0.0	0.0	0.0	0.0	0.0	0.0	0.00215497	0.0	0.0	0.0	0.0	0.0	0.0	0.0	0.0	0.0	8.81101e-05	0.0	0.0	0.000711009	0.000267375	0.0	0.0	0.0	0.0	0.0	0.0	0.0	0.0	0.0	0.00204542	0.0	0.0	0.0	0.0	0.0
Sfa-CBas_046-Ex1-cssl.clmp.r1r2_fastp	0.114953	0.00289585	0.074033	0.0	0.0	0.0	0.0	0.0	0.0	0.0	0.0	0.0	0.0	0.0	0.0	0.0	0.0	0.0	0.000251813	0.0	0.0	0.0	0.0	0.000125907	0.0	0.0	0.0	0.0	0.0	0.00037772	0.0	0.0	0.0	0.0	0.0	0.0	0.0	0.0	0.0	0.0	0.0	0.0	0.0	0.0	0.0	0.0	0.000504626	0.0	0.0	0.0	0.0	0.0	0.0	0.0	0.0	0.000379031	0.0	0.0	0.0	0.0	0.0	0.0	0.0	0.0005061520000000001	0.0	0.0	0.0	0.0	0.0	0.0	0.0	0.000633805	0.0	0.0	0.0	0.0	0.0	0.0	0.0	0.0	0.000254153	0.000254228	0.0	0.0001272	0.0007634809999999999	0.000127289	0.000127346	0.00140148	0.00025493	0.0	0.0	0.0	0.0	0.0	0.0	0.0	0.00153729	0.0	0.0	0.0	0.0	0.0	0.0	0.0	0.000129109	0.0	0.000129409	0.0	0.0	0.0	0.000130078	0.0	0.0	0.0	0.0	0.0	0.0	0.0	0.0	0.0	0.0035695399999999995	0.0	0.0	0.0	0.0	0.0	0.0	0.0	0.0	0.0	0.0	0.0	0.0	0.00013632	0.0	0.0	0.0	0.0	0.0	0.0	0.0	0.0	0.0	0.0	0.00256776	0.0	0.0	0.0	0.0	0.0
Sfa-CBas_048-Ex1-cssl.clmp.r1r2_fastp	0.0827711	0.00107697	0.0385555	0.0	0.0	0.0	0.0	0.0	0.0	0.0	0.0	0.0	0.0	0.0	0.0	1.1966300000000001e-05	0.0	0.0	0.000203428	0.0	0.0	0.0	0.0	3.5899e-05	0.0	0.0	0.0	0.0	0.0	0.000167529	0.0	0.0	0.0	0.0	0.0	0.0	0.0	0.0	1.1978000000000001e-05	0.0	0.0	0.0	0.0	0.0	0.0	0.0	0.000132005	0.0	0.0	0.0	0.0	0.0	0.0	0.0	0.0	0.00024072200000000002	0.0	0.0	0.0	0.0	0.0	0.0	0.0	0.000289894	0.0	0.0	0.0	0.0	0.0	0.0	1.2127e-05	6.06745e-05	0.0	0.0	0.0	0.0	0.0	0.0	0.0	4.8846100000000007e-05	0.000220017	0.000146824	2.44959e-05	6.13075e-05	0.00046647499999999994	1.2290900000000001e-05	0.00011076	0.000591532	0.000160442	0.0	0.0	0.0	0.0	0.0	0.0	0.0	0.0007773060000000001	0.0	0.0	0.0	0.0	0.0	0.0	0.0	8.99495e-05	5.1588299999999995e-05	0.00012945600000000002	0.0	0.0	0.0	1.31577e-05	0.0	0.0	0.0	0.0	0.0	1.35233e-05	0.0	0.0	0.0	0.0011041	0.0	0.0	0.0	0.0	0.0	0.0	0.0	0.0	0.0	7.313139999999999e-05	0.0	0.0	0.000178975	0.000180178	0.0	0.0	0.0	0.0	0.0	0.0	0.0	0.0	0.0	0.000926135	0.0	0.0	0.0	0.0	0.0
Sfa-CBas_056-Ex1-cssl.clmp.r1r2_fastp	0.08048000000000001	0.000979839	0.040420700000000004	0.0	0.0	0.0	0.0	0.0	0.0	0.0	0.0	0.0	0.0	0.0	0.0	1.9026e-05	0.0	0.0	8.561699999999999e-05	0.0	0.0	0.0	0.0	9.513e-06	0.0	0.0	0.0	0.0	0.0	0.000161721	0.0	0.0	0.0	0.0	0.0	0.0	0.0	0.0	9.52146e-06	0.0	0.0	0.0	0.0	0.0	0.0	0.0	0.000123959	0.0	0.0	0.0	0.0	0.0	0.0	0.0	0.0	0.000257986	0.0	0.0	0.0	0.0	0.0	0.0	0.0	0.000296948	0.0	0.0	0.0	0.0	0.0	0.0	0.0	0.00010572199999999999	0.0	0.0	0.0	0.0	0.0	0.0	0.0	0.0	0.00018357400000000001	0.000154697	0.0	3.8735e-05	0.00028106299999999996	9.70057e-06	7.76775e-05	0.000544295	0.00013622099999999998	0.0	0.0	0.0	0.0	0.0	0.0	0.0	0.000728292	0.0	0.0	0.0	0.0	0.0	0.0	0.0	0.000110205	8.03589e-05	0.000100722	0.0	0.0	0.0	2.03811e-05	0.0	0.0	0.0	0.0	0.0	2.0792800000000002e-05	0.0	0.0	0.0	0.00115009	0.0	0.0	0.0	0.0	0.0	0.0	0.0	0.0	0.0	0.0	0.0	0.0	0.000245844	0.00025831	0.0	0.0	0.0	0.0	0.0	0.0	0.0	0.0	0.0	0.000871824	0.0	0.0	0.0	0.0	0.0
Sfa-CBas_059-Ex1-cssl.clmp.r1r2_fastp	0.08933949999999999	0.00174858	0.0489279	0.0	0.0	0.0	0.0	0.0	0.0	0.0	0.0	0.0	0.0	0.0	0.0	0.0	0.0	0.0	9.71433e-05	0.0	0.0	0.0	0.0	0.0	0.0	0.0	0.0	0.0	0.0	0.00022666800000000002	0.0	0.0	0.0	0.0	0.0	0.0	0.0	0.0	0.0	0.0	0.0	0.0	0.0	0.0	0.0	0.0	9.73988e-05	0.0	0.0	0.0	0.0	0.0	0.0	0.0	0.0	0.000325426	0.0	0.0	0.0	0.0	0.0	0.0	0.0	0.000489519	0.0	0.0	0.0	0.0	0.0	0.0	0.0	9.82685e-05	0.0	0.0	0.0	0.0	0.0	0.0	0.0	0.0	0.00026359500000000004	9.89278e-05	3.30037e-05	0.000165167	0.000727407	0.0	6.626169999999999e-05	0.000630184	0.000166029	0.0	0.0	0.0	0.0	0.0	0.0	0.0	0.0009413989999999999	0.0	0.0	0.0	0.0	0.0	0.0	0.0	6.85591e-05	3.43777e-05	0.000172388	0.0	0.0	0.0	0.0	0.0	0.0	0.0	0.0	0.0	3.56938e-05	0.0	0.0	0.0	0.00145101	0.0	0.0	0.0	0.0	0.0	0.0	0.0	0.0	0.0	0.0	0.0	0.0	0.000270158	0.000194012	0.0	0.0	0.0	0.0	0.0	0.0	0.0	0.0	0.0	0.00141064	0.0	0.0	0.0	0.0	0.0
Sfa-CBas_061-Ex1-cssl.clmp.r1r2_fastp	0.0872286	0.00136062	0.0450681	0.0	0.0	0.0	0.0	0.0	0.0	0.0	0.0	0.0	0.0	0.0	0.0	1.86386e-05	0.0	0.0	5.59158e-05	0.0	0.0	0.0	0.0	1.86386e-05	0.0	0.0	0.0	0.0	0.0	0.000149109	0.0	0.0	0.0	0.0	0.0	0.0	0.0	0.0	3.73224e-05	0.0	0.0	0.0	0.0	0.0	0.0	0.0	0.000261787	0.0	0.0	0.0	0.0	0.0	0.0	0.0	0.0	0.000225026	0.0	0.0	0.0	0.0	0.0	0.0	0.0	0.000357403	0.0	0.0	0.0	0.0	0.0	0.0	1.88728e-05	0.00015106199999999998	0.0	0.0	0.0	0.0	0.0	0.0	0.0	3.79524e-05	0.000284846	7.601540000000001e-05	1.90184e-05	9.51684e-05	0.000495291	0.0	3.8170199999999996e-05	0.000687736	0.000152993	0.0	0.0	0.0	0.0	0.0	0.0	0.0	0.000870408	0.0	0.0	0.0	0.0	0.0	0.0	0.0	9.84318e-05	9.869390000000001e-05	0.00011875000000000001	0.0	0.0	0.0	2.00207e-05	0.0	0.0	0.0	0.0	0.0	0.0	0.0	0.0	0.0	0.00132684	0.0	0.0	0.0	0.0	0.0	0.0	0.0	0.0	0.0	4.3312299999999995e-05	0.0	0.0	0.000329746	0.000220962	0.0	0.0	0.0	0.0	0.0	0.0	0.0	0.0	0.0	0.00110757	0.0	0.0	0.0	0.0	0.0
Sfa-CBas_062-Ex1-cssl.clmp.r1r2_fastp	0.0840884	0.00119257	0.0410723	0.0	0.0	0.0	0.0	0.0	0.0	0.0	0.0	0.0	0.0	0.0	0.0	2.38515e-05	0.0	0.0	0.00010733200000000001	0.0	0.0	0.0	0.0	2.38515e-05	0.0	0.0	0.0	0.0	0.0	0.000178886	0.0	0.0	0.0	0.0	0.0	0.0	0.0	0.0	1.1938500000000001e-05	0.0	0.0	0.0	0.0	0.0	0.0	0.0	0.000179417	0.0	0.0	0.0	0.0	0.0	0.0	0.0	0.0	0.000359855	0.0	0.0	0.0	0.0	0.0	0.0	0.0	0.000349007	0.0	0.0	0.0	0.0	0.0	0.0	2.41579e-05	0.000145034	0.0	0.0	0.0	0.0	0.0	0.0	0.0	2.43096e-05	0.00017031000000000001	0.000121759	2.4373999999999997e-05	8.53941e-05	0.000439622	2.44504e-05	6.11959e-05	0.000698499	0.000171784	0.0	0.0	0.0	0.0	0.0	0.0	0.0	0.000746488	0.0	0.0	0.0	0.0	0.0	0.0	0.0	0.000228861	0.000204099	0.000153592	0.0	0.0	0.0	3.89601e-05	0.0	0.0	0.0	0.0	0.0	1.3311899999999999e-05	0.0	0.0	0.0	0.00120663	0.0	0.0	0.0	0.0	0.0	0.0	0.0	0.0	0.0	2.8585500000000003e-05	0.0	0.0	0.00016008599999999998	0.000248948	0.0	0.0	0.0	0.0	0.0	0.0	0.0	0.0	0.0	0.0009626340000000001	0.0	0.0	0.0	0.0	0.0
Sfa-CBas_066-Ex1-cssl.clmp.r1r2_fastp	0.08486830000000001	0.00122182	0.042152800000000004	0.0	1.60766e-05	0.0	0.0	0.0	0.0	0.0	0.0	0.0	0.0	0.0	0.0	1.60766e-05	0.0	0.0	0.000176842	0.0	0.0	0.0	0.0	4.8229700000000003e-05	0.0	0.0	0.0	0.0	0.0	0.000128613	0.0	0.0	0.0	0.0	0.0	0.0	0.0	0.0	4.8286400000000006e-05	0.0	0.0	0.0	0.0	0.0	0.0	0.0	0.000177425	0.0	0.0	0.0	0.0	0.0	0.0	0.0	0.0	0.000242676	0.0	0.0	0.0	0.0	0.0	0.0	0.0	0.000357166	0.0	0.0	0.0	0.0	0.0	0.0	1.62978e-05	0.000130463	0.0	0.0	0.0	0.0	0.0	0.0	0.0	1.64052e-05	0.000311977	0.000147915	1.64507e-05	8.23381e-05	0.000544047	0.0	9.91554e-05	0.0005129739999999999	0.000198848	0.0	0.0	0.0	0.0	0.0	0.0	0.0	0.0007737029999999999	0.0	0.0	0.0	0.0	0.0	0.0	0.0	0.000103319	0.00010367599999999999	0.000121386	0.0	0.0	0.0	1.76091e-05	0.0	0.0	0.0	0.0	0.0	1.80765e-05	0.0	0.0	0.0	0.000958414	0.0	0.0	0.0	0.0	0.0	0.0	0.0	0.0	0.0	1.94884e-05	0.0	0.0	0.00033763	0.00023987399999999997	0.0	0.0	0.0	0.0	0.0	0.0	0.0	0.0	0.0	0.000863801	0.0	0.0	0.0	0.0	0.0
Sfa-CBas_067-Ex1-cssl.clmp.r1r2_fastp	0.08341699999999999	0.00111375	0.0415514	0.0	1.42788e-05	0.0	0.0	0.0	0.0	0.0	0.0	0.0	0.0	0.0	0.0	0.0	0.0	0.0	0.00015706700000000002	0.0	0.0	0.0	0.0	1.42788e-05	0.0	0.0	0.0	0.0	0.0	0.00011423099999999998	0.0	0.0	0.0	0.0	0.0	0.0	0.0	0.0	4.28791e-05	0.0	0.0	0.0	0.0	0.0	0.0	0.0	0.000257787	0.0	0.0	0.0	0.0	0.0	0.0	0.0	0.0	0.000258671	0.0	0.0	0.0	0.0	0.0	0.0	0.0	0.000418528	0.0	0.0	0.0	0.0	0.0	0.0	0.0	0.000188698	0.0	0.0	0.0	0.0	0.0	0.0	0.0	1.46286e-05	0.00029291500000000004	0.00011731099999999999	2.9365700000000002e-05	7.351539999999999e-05	0.000500631	0.0	0.000147698	0.0005622099999999999	0.000163042	0.0	0.0	0.0	0.0	0.0	0.0	0.0	0.00116374	0.0	0.0	0.0	0.0	0.0	0.0	0.0	6.229799999999999e-05	1.5643899999999998e-05	0.00022002000000000002	0.0	0.0	0.0	4.80861e-05	0.0	0.0	0.0	0.0	0.0	6.62726e-05	0.0	0.0	0.0	0.00151133	0.0	0.0	0.0	0.0	0.0	0.0	0.0	0.0	0.0	5.4641499999999995e-05	0.0	0.0	0.000261037	0.000131568	0.0	0.0	0.0	0.0	0.0	0.0	0.0	0.0	0.0	0.00134099	0.0	0.0	0.0	0.0	0.0
Sfa-CBas_073-Ex1-cssl.clmp.r1r2_fastp	0.12290899999999999	0.00247967	0.0776965	0.0	0.0	0.0	0.0	0.0	0.0	0.0	0.0	0.0	0.0	0.0	0.0	0.000165312	0.0	0.0	0.0	0.0	0.0	0.0	0.0	0.0	0.0	0.0	0.0	0.0	0.0	0.000661247	0.0	0.0	0.0	0.0	0.0	0.0	0.0	0.0	0.0	0.0	0.0	0.0	0.0	0.0	0.0	0.0	8.283699999999999e-05	0.0	0.0	0.0	0.0	0.0	0.0	0.0	0.0	0.000580731	0.0	0.0	0.0	0.0	0.0	0.0	0.0	0.000581691	0.0	0.0	0.0	0.0	0.0	0.0	0.0	0.00016653500000000002	0.0	0.0	0.0	0.0	0.0	0.0	0.0	8.347669999999999e-05	0.000501038	0.000501214	8.35719e-05	8.3611e-05	0.00125463	0.0	0.000251188	0.00100525	0.000419094	0.0	0.0	0.0	0.0	0.0	0.0	0.0	0.00244791	0.0	0.0	0.0	0.0	0.0	0.0	0.0	0.000256237	0.00017116	0.000343023	0.0	0.0	0.0	0.0	0.0	0.0	0.0	0.0	0.0	0.0	0.0	0.0	0.0	0.00275105	0.0	0.0	0.0	0.0	0.0	0.0	0.0	0.0	0.0	9.21467e-05	0.0	0.0	0.00065424	0.000187822	0.0	0.0	0.0	0.0	0.0	0.0	0.0	0.0	0.0	0.00150147	0.0	0.0	0.0	0.0	0.0
Sfa-CBas_076-Ex1-cssl.clmp.r1r2_fastp	0.0843931	0.00106599	0.0433601	0.0	1.5013899999999999e-05	0.0	0.0	0.0	0.0	0.0	0.0	0.0	0.0	0.0	0.0	1.5013899999999999e-05	0.0	0.0	0.000150139	0.0	0.0	0.0	0.0	1.5013899999999999e-05	0.0	0.0	0.0	0.0	0.0	0.000225208	0.0	0.0	0.0	0.0	0.0	0.0	0.0	0.0	1.5027599999999998e-05	0.0	0.0	0.0	0.0	0.0	0.0	0.0	0.000150518	0.0	0.0	0.0	0.0	0.0	0.0	0.0	0.0	0.00031687100000000004	0.0	0.0	0.0	0.0	0.0	0.0	0.0	0.00039350100000000004	0.0	0.0	0.0	0.0	0.0	0.0	0.0	7.59706e-05	0.0	0.0	0.0	0.0	0.0	0.0	0.0	3.05506e-05	0.000168164	0.000137702	0.0	6.13119e-05	0.000306858	0.0	3.0752e-05	0.000554183	0.000107894	0.0	0.0	0.0	0.0	0.0	0.0	0.0	0.000828145	0.0	0.0	0.0	0.0	0.0	0.0	0.0	9.576389999999999e-05	4.80353e-05	8.03211e-05	0.0	0.0	0.0	1.62936e-05	0.0	0.0	0.0	0.0	0.0	3.33843e-05	0.0	0.0	0.0	0.00100266	0.0	0.0	0.0	0.0	0.0	0.0	0.0	0.0	0.0	0.0	0.0	0.0	0.000328017	0.00018334999999999998	0.0	0.0	0.0	0.0	0.0	0.0	0.0	0.0	0.0	0.0008688779999999999	0.0	0.0	0.0	0.0	0.0
Sfa-CBas_078-Ex1-cssl.clmp.r1r2_fastp	0.086774	0.00125197	0.042426	0.0	1.76334e-05	0.0	0.0	0.0	0.0	0.0	0.0	0.0	0.0	0.0	0.0	0.0	0.0	0.0	0.00028213399999999997	0.0	0.0	0.0	0.0	7.05336e-05	0.0	0.0	0.0	0.0	0.0	0.00022923399999999998	0.0	0.0	0.0	0.0	0.0	0.0	0.0	0.0	3.5306600000000005e-05	0.0	0.0	0.0	0.0	0.0	0.0	0.0	0.000141512	0.0	0.0	0.0	0.0	0.0	0.0	0.0	0.0	0.000230639	0.0	0.0	0.0	0.0	0.0	0.0	0.0	0.00048061999999999996	0.0	0.0	0.0	0.0	0.0	0.0	0.0	0.000125107	0.0	0.0	0.0	0.0	0.0	0.0	0.0	1.79667e-05	0.00034163300000000004	0.00021594500000000002	1.8010999999999997e-05	0.00010816299999999999	0.0005774160000000001	0.0	0.00018081300000000002	0.00081454	0.000163104	0.0	0.0	0.0	0.0	0.0	0.0	0.0	0.000954466	0.0	0.0	0.0	0.0	0.0	0.0	0.0	0.00013106	7.51097e-05	0.000226013	0.0	0.0	0.0	3.81647e-05	0.0	0.0	0.0	0.0	0.0	7.80429e-05	0.0	0.0	0.0	0.00136867	0.0	0.0	0.0	0.0	0.0	0.0	0.0	0.0	0.0	4.16077e-05	0.0	0.0	0.000296008	0.000106318	0.0	0.0	0.0	0.0	0.0	0.0	0.0	0.0	0.0	0.00113842	0.0	0.0	0.0	0.0	0.0
Sfa-CBas_084-Ex1-cssl.clmp.r1r2_fastp	0.07694050000000001	0.00116567	0.0362235	0.0	6.26704e-06	0.0	0.0	0.0	0.0	0.0	0.0	0.0	0.0	0.0	0.0	1.88011e-05	0.0	0.0	8.77386e-05	0.0	0.0	0.0	0.0	1.88011e-05	0.0	0.0	0.0	0.0	0.0	0.00013160800000000002	0.0	1.88011e-05	0.0	0.0	0.0	0.0	0.0	0.0	3.1368599999999996e-05	0.0	0.0	0.0	0.0	0.0	0.0	0.0	0.000163523	0.0	0.0	0.0	0.0	0.0	0.0	0.0	0.0	0.00023375099999999998	0.0	0.0	0.0	0.0	0.0	0.0	6.34835e-06	0.00030496500000000003	0.0	0.0	0.0	0.0	0.0	0.0	6.39483e-06	9.6026e-05	0.0	0.0	0.0	0.0	0.0	0.0	0.0	3.23437e-05	0.00022028100000000001	0.000142767	1.95012e-05	0.000104194	0.000358856	1.3075800000000001e-05	0.000104829	0.000643523	0.000105314	0.0	0.0	0.0	0.0	0.0	0.0	0.0	0.0007156749999999999	0.0	0.0	0.0	0.0	0.0	0.0	0.0	0.00010532600000000001	7.76898e-05	0.000163418	0.0	0.0	0.0	3.6443500000000004e-05	0.0	0.0	0.0	0.0	0.0	3.80386e-05	0.0	0.0	0.0	0.000989187	0.0	0.0	0.0	0.0	0.0	0.0	0.0	0.0	0.0	3.4317000000000004e-05	0.0	0.0	0.000194409	0.00027673300000000004	0.0	0.0	0.0	0.0	0.0	0.0	0.0	0.0	0.0	0.0008319180000000001	0.0	0.0	0.0	0.0	0.0
Sfa-CBas_086-Ex1-cssl.clmp.r1r2_fastp	0.0805467	0.00102728	0.0392393	0.0	0.0	0.0	0.0	0.0	0.0	0.0	0.0	0.0	0.0	0.0	0.0	2.70336e-05	0.0	0.0	0.000135168	0.0	0.0	0.0	0.0	0.0	0.0	0.0	0.0	0.0	0.0	8.11009e-05	0.0	0.0	0.0	0.0	0.0	0.0	0.0	0.0	4.05891e-05	0.0	0.0	0.0	0.0	0.0	0.0	0.0	0.000162636	0.0	0.0	0.0	0.0	0.0	0.0	0.0	0.0	0.000285398	0.0	0.0	0.0	0.0	0.0	0.0	0.0	0.000313591	0.0	0.0	0.0	0.0	0.0	0.0	1.36838e-05	9.5844e-05	0.0	0.0	0.0	0.0	0.0	0.0	0.0	0.0	0.00012404499999999998	0.000124158	2.76175e-05	2.76452e-05	0.00023523100000000003	0.0	4.16072e-05	0.000499927	0.00012515	0.0	0.0	0.0	0.0	0.0	0.0	0.0	0.0005501120000000001	0.0	0.0	0.0	0.0	0.0	0.0	0.0	4.32829e-05	2.8953999999999998e-05	7.26399e-05	0.0	0.0	0.0	0.0	0.0	0.0	0.0	0.0	0.0	1.51268e-05	0.0	0.0	0.0	0.00100191	0.0	0.0	0.0	0.0	0.0	0.0	0.0	0.0	0.0	1.62655e-05	0.0	0.0	0.00013252499999999998	0.000116687	0.0	0.0	0.0	0.0	0.0	0.0	0.0	0.0	0.0	0.000861837	0.0	0.0	0.0	0.0	0.0
Sfa-CBas_088-Ex1-cssl.clmp.r1r2_fastp	0.0859699	0.00141865	0.042858	0.0	2.9866200000000002e-05	0.0	0.0	0.0	0.0	0.0	0.0	0.0	0.0	0.0	0.0	4.47993e-05	0.0	0.0	0.00022399700000000003	0.0	0.0	0.0	0.0	4.47993e-05	0.0	0.0	0.0	0.0	0.0	0.00022399700000000003	0.0	0.0	0.0	0.0	0.0	0.0	0.0	0.0	4.48537e-05	0.0	0.0	0.0	0.0	0.0	0.0	0.0	0.00010489499999999999	0.0	0.0	0.0	0.0	0.0	0.0	0.0	0.0	0.000255611	0.0	0.0	0.0	0.0	0.0	0.0	0.0	0.000558578	0.0	0.0	0.0	0.0	0.0	0.0	0.0	7.58778e-05	0.0	0.0	0.0	0.0	0.0	0.0	0.0	1.52805e-05	0.00022944399999999998	0.000153129	3.0660299999999995e-05	0.000107438	0.000414926	0.0	9.24577e-05	0.000601846	0.000200921	0.0	0.0	0.0	0.0	0.0	0.0	0.0	0.000722841	0.0	0.0	0.0	0.0	0.0	0.0	0.0	0.000128953	4.8542300000000004e-05	0.000113712	0.0	0.0	0.0	1.65195e-05	0.0	0.0	0.0	0.0	0.0	1.6999400000000002e-05	0.0	0.0	0.0	0.0011806	0.0	0.0	0.0	0.0	0.0	0.0	0.0	0.0	0.0	9.22337e-05	0.0	0.0	0.00020712600000000002	0.00030344199999999996	0.0	0.0	0.0	0.0	0.0	0.0	0.0	0.0	0.0	0.0009077289999999999	0.0	0.0	0.0	0.0	0.0
Sfa-CBas_090-Ex1-cssl.clmp.r1r2_fastp	0.112593	0.0028266100000000002	0.07549399999999999	0.0	0.0	0.0	0.0	0.0	0.0	0.0	0.0	0.0	0.0	0.0	0.0	0.000235551	0.0	0.0	0.00047110100000000003	0.0	0.0	0.0	0.0	0.0	0.0	0.0	0.0	0.0	0.0	0.00047110100000000003	0.0	0.0	0.0	0.0	0.0	0.0	0.0	0.0	0.000117896	0.0	0.0	0.0	0.0	0.0	0.0	0.0	0.000236048	0.0	0.0	0.0	0.0	0.0	0.0	0.0	0.0	0.000354636	0.0	0.0	0.0	0.0	0.0	0.0	0.0	0.0008286719999999999	0.0	0.0	0.0	0.0	0.0	0.0	0.00011855399999999999	0.000355731	0.0	0.0	0.0	0.0	0.0	0.0	0.0	0.0	0.000713171	0.000475592	0.0	0.00023795599999999997	0.00119019	0.0	0.000119122	0.000953372	0.000476891	0.0	0.0	0.0	0.0	0.0	0.0	0.0	0.00191562	0.0	0.0	0.0	0.0	0.0	0.0	0.0	0.000120462	0.000120569	0.000362015	0.0	0.0	0.0	0.0	0.0	0.0	0.0	0.0	0.0	0.00012204599999999999	0.0	0.0	0.0	0.00331378	0.0	0.0	0.0	0.0	0.0	0.0	0.0	0.0	0.0	0.000124897	0.0	0.0	0.000503392	0.000504666	0.0	0.0	0.0	0.0	0.0	0.0	0.0	0.0	0.0	0.0022314500000000003	0.0	0.0	0.0	0.0	0.0
Sfa-CBas_091-Ex1-cssl.clmp.r1r2_fastp	0.0917304	0.0012059899999999999	0.0447723	0.0	0.0	0.0	0.0	0.0	0.0	0.0	0.0	0.0	0.0	0.0	0.0	0.0	0.0	0.0	0.000226123	0.0	0.0	0.0	0.0	0.0	0.0	0.0	0.0	0.0	0.0	7.53742e-05	0.0	0.0	0.0	0.0	0.0	0.0	0.0	0.0	1.88629e-05	0.0	0.0	0.0	0.0	0.0	0.0	0.0	0.000188936	0.0	0.0	0.0	0.0	0.0	0.0	0.0	0.0	0.000340873	0.0	0.0	0.0	0.0	0.0	0.0	0.0	0.00037975600000000003	0.0	0.0	0.0	0.0	0.0	0.0	0.0	0.000114301	0.0	0.0	0.0	0.0	0.0	0.0	0.0	1.9131399999999998e-05	0.000210585	0.000191571	3.8340299999999996e-05	3.8368800000000004e-05	0.000575966	1.92149e-05	0.000192315	0.000692978	0.000134879	0.0	0.0	0.0	0.0	0.0	0.0	0.0	0.00109058	0.0	0.0	0.0	0.0	0.0	0.0	0.0	0.000138624	9.926700000000001e-05	0.00015924	0.0	0.0	0.0	0.0	0.0	0.0	0.0	0.0	0.0	8.21054e-05	0.0	0.0	0.0	0.00114567	0.0	0.0	0.0	0.0	0.0	0.0	0.0	0.0	0.0	6.527409999999999e-05	0.0	0.0	0.000265095	0.00028869	0.0	0.0	0.0	0.0	0.0	0.0	0.0	0.0	0.0	0.0010187899999999999	0.0	0.0	0.0	0.0	0.0
Sfa-CBas_092-Ex1-cssl.clmp.r1r2_fastp	0.122751	0.00286134	0.0707466	0.0	0.0	0.0	0.0	0.0	0.0	0.0	0.0	0.0	0.0	0.0	0.0	0.0	0.0	0.0	0.00042920099999999993	0.0	0.0	0.0	0.0	0.0	0.0	0.0	0.0	0.0	0.0	0.00042920099999999993	0.0	0.0	0.0	0.0	0.0	0.0	0.0	0.0	0.000143201	0.0	0.0	0.0	0.0	0.0	0.0	0.0	0.00043019	0.0	0.0	0.0	0.0	0.0	0.0	0.0	0.0	0.000143614	0.0	0.0	0.0	0.0	0.0	0.0	0.0	0.00064731	0.0	0.0	0.0	0.0	0.0	0.0	0.0	0.000144108	0.0	0.0	0.0	0.0	0.0	0.0	0.0	0.0	0.0007224919999999999	0.000361368	0.0	0.000144641	0.00137458	0.0	0.000289607	0.00123136	0.000289859	0.0	0.0	0.0	0.0	0.0	0.0	0.0	0.00160188	0.0	0.0	0.0	0.0	0.0	0.0	0.0	7.33909e-05	7.34709e-05	0.000294249	0.0	0.0	0.0	7.39459e-05	0.0	0.0	0.0	0.0	0.0	7.463990000000001e-05	0.0	0.0	0.0	0.00210456	0.0	0.0	0.0	0.0	0.0	0.0	0.0	0.0	0.0	7.69178e-05	0.0	0.0	0.000310479	0.000233601	7.81263e-05	0.0	0.0	0.0	0.0	0.0	0.0	0.0	0.0	0.00170974	0.0	0.0	0.0	0.0	0.0
Sfa-CBas_096-Ex1-cssl.clmp.r1r2_fastp	0.133622	0.00232863	0.08074869999999999	0.0	6.84891e-05	0.0	0.0	0.0	0.0	0.0	0.0	0.0	0.0	0.0	0.0	0.0	0.0	0.0	0.00041093499999999997	0.0	0.0	0.0	0.0	6.84891e-05	0.0	0.0	0.0	0.0	0.0	0.00041093499999999997	0.0	0.0	0.0	0.0	0.0	0.0	0.0	0.0	6.85572e-05	0.0	0.0	0.0	0.0	0.0	0.0	0.0	0.00027460099999999997	0.0	0.0	0.0	0.0	0.0	0.0	0.0	0.0	0.000893825	0.0	0.0	0.0	0.0	0.0	0.0	0.0	0.00103297	0.0	0.0	0.0	0.0	0.0	0.0	0.0	0.000138004	0.0	0.0	0.0	0.0	0.0	0.0	0.0	6.91766e-05	0.0007612270000000001	0.000207679	6.92527e-05	0.000207855	0.0011783499999999999	0.0	0.000208138	0.00229076	0.00027782100000000004	0.0	0.0	0.0	0.0	0.0	0.0	0.0	0.0018181	0.0	0.0	0.0	0.0	0.0	0.0	0.0	0.000212101	0.000212454	0.000212844	0.0	0.0	0.0	7.14791e-05	0.0	0.0	0.0	0.0	0.0	0.0	0.0	0.0	0.0	0.00205178	0.0	0.0	0.0	0.0	0.0	0.0	0.0	0.0	0.0	0.00015195400000000002	0.0	0.0	0.00030799800000000003	0.000928462	0.0	0.0	0.0	0.0	0.0	0.0	0.0	0.0	0.0	0.00214472	0.0	0.0	0.0	0.0	0.0
