Sample	1	2	3	4	5	6	7	8	9	10	11	12	13	14	15	16	17	18	19	20	21	22	23	24	25	26	27	28	29	30	31	32	33	34	35	36	37	38	39	40	41	42	43	44	45	46	47	48	49	50	51	52	53	54	55	56	57	58	59	60	61	62	63	64	65	66	67	68	69	70	71	72	73	74	75	76	77	78	79	80	81	82	83	84	85	86	87	88	89	90	91	92	93	94	95	96	97	98	99	100	101	102	103	104	105	106	107	108	109	110	111	112	113	114	115	116	117	118	119	120	121	122	123	124	125	126	127	128	129	130	131	132	133	134	135	136	137	138	139	140	141	142	143	144	145	146	147	148	149	150
Sfa-ABas_001-Ex1-cssl.clmp.r1r2_fastp	36.5012	36.271	36.267	36.2765	36.2977	36.2915	36.271	36.2843	36.2744	36.2652	36.296	36.2925	36.2882	36.2599	36.223	36.2259	36.2126	36.2177	36.2258	36.2023	36.1878	36.1857	36.1574	36.1174	36.1078	36.0991	36.0849	36.0661	36.0347	36.0293	36.0006	36.0123	35.9848	35.9717	35.9791	35.9644	35.9546	35.9172	35.9095	35.8747	35.9076	35.8967	35.8869	35.846	35.8347	35.8255	35.7861	35.7731	35.7349	35.7537	35.7719	35.7597	35.7428	35.7182	35.7183	35.6897	35.6666	35.6584	35.6733	35.6325	35.6623	35.6413	35.6499	35.6281	35.6043	35.5838	35.5976	35.5685	35.5479	35.5595	35.5595	35.5092	35.4994	35.4519	35.4323	35.4932	35.4997	35.4522	35.4568	35.4359	35.4282	35.4083	35.3839	35.367	35.4338	35.4275	35.4126	35.3713	35.3568	35.279	35.3376	35.3215	35.3142	35.3045	35.305	35.3131	35.3059	35.3083	35.2476	35.1437	35.1826	35.2313	35.1901	35.2211	35.2375	35.2067	35.1621	35.1015	35.0939	35.1881	35.1615	35.1416	35.142	35.1191	35.0669	35.0552	35.1189	35.0569	35.0622	35.0579	35.0458	35.0623	35.0068	34.9563	34.8557	34.8508	34.9116	34.8856	34.9064	34.8589	34.8302	34.8225	34.8002	34.7997	34.9563	34.8127	34.8043	34.8361	34.7908	34.7575	34.6932	34.7182	34.7535	34.7214	34.6957	34.6451	34.6193	34.6527	34.6727	35.8228
Sfa-ABas_002-Ex1-cssl.clmp.r1r2_fastp	36.4891	36.2457	36.2446	36.2573	36.2759	36.27	36.2524	36.2644	36.257	36.2499	36.2778	36.2782	36.2753	36.2443	36.207	36.2114	36.1988	36.21	36.2155	36.1938	36.1807	36.1743	36.1503	36.1085	36.1038	36.0967	36.0752	36.0598	36.0278	36.0226	35.9927	36.0056	35.9757	35.9682	35.9774	35.9541	35.9536	35.9153	35.909	35.8763	35.9051	35.8953	35.8865	35.8417	35.835	35.8288	35.7912	35.7729	35.7328	35.7584	35.778	35.7666	35.745	35.7211	35.7234	35.6942	35.6743	35.6687	35.6821	35.6441	35.6665	35.6486	35.6551	35.6361	35.6053	35.594	35.6039	35.5754	35.555	35.5683	35.5682	35.515	35.5098	35.4609	35.4449	35.5016	35.5056	35.4708	35.4674	35.455	35.4452	35.4195	35.398	35.3762	35.4486	35.4428	35.4353	35.393	35.3684	35.2915	35.3527	35.3362	35.3263	35.3192	35.318	35.3317	35.3184	35.327	35.2646	35.168	35.2091	35.2575	35.2172	35.2371	35.2571	35.233	35.1931	35.1368	35.1256	35.219	35.1924	35.1828	35.1647	35.1529	35.0936	35.0881	35.1535	35.0924	35.0858	35.0939	35.084	35.0981	35.0346	34.988	34.8948	34.8966	34.9512	34.9286	34.9577	34.9002	34.8789	34.8645	34.8477	34.8301	34.9909	34.8598	34.8468	34.8728	34.824	34.7842	34.7511	34.7678	34.794	34.7572	34.7496	34.6737	34.6698	34.696	34.7373	35.8372
Sfa-ABas_003-Ex1-cssl.clmp.r1r2_fastp	36.5358	36.2815	36.2766	36.285	36.3057	36.3025	36.2772	36.2968	36.2845	36.2798	36.3061	36.3093	36.307	36.2749	36.2359	36.2433	36.2259	36.2355	36.245	36.225	36.2109	36.2029	36.1794	36.1387	36.1278	36.1268	36.1071	36.09	36.0566	36.053	36.024	36.033	36.0071	35.9982	36.0009	35.9865	35.9775	35.9421	35.9339	35.9004	35.9343	35.9257	35.9154	35.8663	35.8613	35.8566	35.8166	35.804	35.7578	35.7808	35.7985	35.7881	35.7672	35.7469	35.7488	35.7115	35.6943	35.6836	35.7073	35.6651	35.6925	35.6714	35.6842	35.6524	35.6294	35.6135	35.6275	35.5984	35.5795	35.5887	35.5912	35.5344	35.5312	35.4768	35.465	35.5213	35.5274	35.4893	35.4869	35.4691	35.4555	35.4404	35.4113	35.3993	35.465	35.4632	35.4442	35.407	35.383	35.3007	35.3659	35.3485	35.3403	35.3337	35.3287	35.3412	35.3365	35.3403	35.2784	35.1765	35.2163	35.2694	35.2161	35.2516	35.2696	35.2329	35.1924	35.1336	35.1283	35.2225	35.1981	35.1747	35.1642	35.1516	35.0927	35.0829	35.1567	35.0881	35.0821	35.0795	35.074	35.0972	35.0365	34.9787	34.8805	34.8848	34.9386	34.9183	34.9346	34.8904	34.8723	34.8534	34.8282	34.8194	34.9773	34.8438	34.837	34.8488	34.8223	34.7669	34.7345	34.7349	34.7752	34.7255	34.7306	34.6599	34.6417	34.6558	34.6912	35.8365
Sfa-ABas_004-Ex1-cssl.clmp.r1r2_fastp	36.4758	36.176	36.1683	36.1851	36.2051	36.1965	36.1718	36.1869	36.1777	36.1746	36.204	36.2019	36.2032	36.1661	36.1263	36.1328	36.1184	36.1278	36.1336	36.111	36.0997	36.0939	36.067	36.0134	36.0036	36.0041	35.9769	35.9651	35.9263	35.9282	35.8963	35.9045	35.8761	35.86	35.8646	35.8564	35.8375	35.7968	35.799	35.7579	35.7948	35.7885	35.7771	35.7282	35.7154	35.7076	35.6584	35.6485	35.6085	35.6247	35.645	35.6388	35.6074	35.5897	35.581	35.5456	35.5269	35.5174	35.5396	35.4923	35.5199	35.503	35.5137	35.482	35.4582	35.4318	35.4449	35.4159	35.3927	35.4042	35.4046	35.3546	35.3457	35.2856	35.2666	35.3333	35.328	35.2884	35.2882	35.2607	35.2554	35.2373	35.2073	35.1912	35.26	35.2516	35.237	35.1937	35.1663	35.0885	35.1506	35.1306	35.1242	35.1162	35.1133	35.1215	35.1124	35.1235	35.0483	34.9302	34.9799	35.0339	34.9841	35.0099	35.0342	35.0137	34.9547	34.8809	34.8679	34.9744	34.9399	34.9275	34.9096	34.9043	34.8276	34.8202	34.8979	34.8261	34.8182	34.8145	34.8054	34.8184	34.7541	34.6912	34.584	34.5852	34.6467	34.6241	34.6438	34.5781	34.5539	34.5423	34.5225	34.5111	34.6867	34.5374	34.5204	34.5381	34.4994	34.4296	34.3842	34.4	34.4382	34.3971	34.377	34.3198	34.3068	34.3184	34.3908	35.6963
Sfa-ABas_005-Ex1-cssl.clmp.r1r2_fastp	36.4577	36.2177	36.2183	36.2387	36.2541	36.2503	36.2294	36.24	36.2327	36.2257	36.2587	36.2602	36.2571	36.2253	36.1849	36.1906	36.1787	36.1876	36.1987	36.1726	36.1583	36.1563	36.1277	36.0831	36.0745	36.0726	36.0483	36.0322	35.9992	35.9968	35.969	35.9713	35.9482	35.9307	35.9373	35.92	35.912	35.8737	35.8703	35.8337	35.8714	35.8591	35.8458	35.8088	35.7946	35.7896	35.745	35.7306	35.6909	35.71	35.7281	35.7165	35.7002	35.6719	35.6723	35.6373	35.6154	35.6051	35.6217	35.5859	35.6097	35.591	35.5983	35.5706	35.5423	35.5262	35.5345	35.5072	35.4862	35.4956	35.4957	35.4454	35.4361	35.3885	35.3678	35.4282	35.4262	35.3858	35.383	35.3657	35.3505	35.3342	35.3081	35.2919	35.3556	35.3545	35.3412	35.2976	35.2703	35.189	35.2528	35.2311	35.2259	35.223	35.2187	35.2279	35.2175	35.2265	35.1567	35.0488	35.0934	35.1509	35.0966	35.1178	35.1429	35.1217	35.0729	35.0019	34.9912	35.101	35.0592	35.0422	35.0313	35.0211	34.9657	34.9501	35.0229	34.956	34.9496	34.9481	34.9307	34.9482	34.8919	34.8215	34.7184	34.733	34.791	34.7735	34.7832	34.7359	34.7011	34.6817	34.6602	34.6422	34.8104	34.6763	34.6688	34.6938	34.6418	34.5936	34.5478	34.561	34.5956	34.5503	34.5402	34.4763	34.4517	34.4844	34.5218	35.7577
Sfa-ABas_006-Ex1-cssl.clmp.r1r2_fastp	36.4854	36.2371	36.236	36.2439	36.2617	36.2541	36.2346	36.2415	36.238	36.2266	36.2604	36.263	36.2572	36.223	36.1857	36.1949	36.1843	36.1886	36.1969	36.1747	36.1579	36.1562	36.1283	36.0844	36.0742	36.0704	36.0494	36.0378	36.0019	35.9981	35.9666	35.9757	35.9465	35.9356	35.9415	35.9248	35.9216	35.8802	35.8765	35.8433	35.8742	35.8701	35.8566	35.8085	35.7999	35.7982	35.7482	35.7365	35.6955	35.7198	35.7387	35.7215	35.7019	35.6843	35.682	35.6443	35.6251	35.6129	35.6271	35.5916	35.6176	35.5981	35.6111	35.5836	35.5557	35.539	35.5566	35.5194	35.4934	35.5065	35.5114	35.4588	35.4564	35.3974	35.3783	35.4446	35.4421	35.3983	35.401	35.3741	35.3662	35.3488	35.3222	35.304	35.3733	35.3668	35.3542	35.3077	35.2805	35.2073	35.2674	35.2494	35.2368	35.2371	35.2302	35.2453	35.2282	35.2373	35.1679	35.058	35.0995	35.1606	35.1112	35.142	35.1693	35.138	35.0908	35.0173	35.0037	35.1076	35.0693	35.0515	35.045	35.0283	34.9618	34.961	35.0302	34.9603	34.9687	34.9618	34.9445	34.9599	34.9114	34.8467	34.7383	34.7483	34.8036	34.7788	34.7944	34.7488	34.7142	34.7132	34.6778	34.6655	34.8395	34.6981	34.6875	34.7081	34.6701	34.6117	34.5725	34.5847	34.6212	34.5709	34.562	34.4932	34.4827	34.5003	34.5538	35.7617
Sfa-ABas_007-Ex1-cssl.clmp.r1r2_fastp	36.4888	36.253	36.2518	36.2711	36.2852	36.2796	36.2602	36.2761	36.2668	36.2636	36.2936	36.2929	36.2848	36.2526	36.2154	36.214	36.2043	36.2119	36.2209	36.1977	36.1888	36.1839	36.1595	36.1155	36.1034	36.1001	36.0847	36.0701	36.0345	36.031	36.0076	36.0103	35.9842	35.9752	35.9856	35.9679	35.9562	35.9194	35.9145	35.8781	35.9107	35.9009	35.8903	35.846	35.8372	35.8357	35.7902	35.7813	35.7405	35.7595	35.7789	35.7689	35.748	35.7311	35.7234	35.6933	35.6747	35.6662	35.6832	35.6494	35.6775	35.6543	35.6684	35.6381	35.6122	35.5921	35.6006	35.5732	35.5607	35.5687	35.5725	35.5239	35.5156	35.46	35.4484	35.5054	35.5102	35.4718	35.4714	35.4491	35.4447	35.4203	35.3995	35.3852	35.445	35.4417	35.4233	35.3823	35.3702	35.2897	35.3503	35.3267	35.3248	35.3155	35.3179	35.3245	35.3146	35.3198	35.2625	35.1575	35.1951	35.2515	35.2048	35.2298	35.2522	35.2255	35.182	35.1196	35.1064	35.2041	35.1738	35.1542	35.1543	35.1316	35.0885	35.0681	35.1302	35.0699	35.0702	35.0632	35.0453	35.0725	35.0147	34.959	34.8601	34.8544	34.9256	34.9028	34.9152	34.8727	34.8476	34.8351	34.8221	34.8032	34.9593	34.8282	34.8089	34.8385	34.79	34.7405	34.6983	34.7167	34.7504	34.7214	34.7008	34.6356	34.6221	34.654	34.6857	35.821
Sfa-ABas_008-Ex1-cssl.clmp.r1r2_fastp	36.4748	36.1965	36.1874	36.1966	36.2185	36.2111	36.1931	36.2085	36.2045	36.2006	36.2352	36.233	36.2301	36.1947	36.1495	36.1528	36.1413	36.152	36.1627	36.1388	36.1295	36.1233	36.0978	36.0604	36.0427	36.0423	36.0245	36.0075	35.9713	35.971	35.9433	35.9472	35.9261	35.922	35.9184	35.9001	35.8988	35.856	35.8564	35.8188	35.8532	35.8445	35.8325	35.7879	35.7701	35.7676	35.7293	35.719	35.6747	35.6873	35.7147	35.7015	35.6902	35.6586	35.6555	35.6266	35.6016	35.5969	35.6159	35.5763	35.6001	35.5827	35.5948	35.5676	35.5379	35.5232	35.5342	35.5062	35.4799	35.5021	35.4986	35.4509	35.4398	35.3904	35.3683	35.4245	35.4298	35.3918	35.3906	35.3784	35.3648	35.3437	35.3255	35.3029	35.3675	35.366	35.3529	35.3114	35.2867	35.2132	35.278	35.2556	35.2533	35.2404	35.2403	35.251	35.2345	35.2513	35.1892	35.0814	35.1256	35.1791	35.1335	35.1631	35.1782	35.151	35.1102	35.0443	35.0362	35.1365	35.1047	35.0896	35.0847	35.0724	35.0125	35.0086	35.0701	35.0043	35.0009	35.0047	34.9864	35.0147	34.9566	34.8923	34.8065	34.8025	34.858	34.8416	34.8531	34.8124	34.7776	34.7761	34.7551	34.7427	34.913	34.7815	34.7641	34.7928	34.7299	34.699	34.6596	34.6621	34.7021	34.6727	34.6559	34.5904	34.5814	34.6116	34.6496	35.8036
Sfa-ABas_009-Ex1-cssl.clmp.r1r2_fastp	36.4465	36.1571	36.1581	36.1771	36.1926	36.1875	36.1727	36.1813	36.1805	36.1713	36.2	36.2002	36.1927	36.1568	36.1198	36.1212	36.1113	36.1206	36.1286	36.1096	36.098	36.09	36.067	36.0224	36.0144	36.0136	35.9896	35.9784	35.94	35.9379	35.9096	35.915	35.8911	35.8812	35.8879	35.8698	35.8676	35.8221	35.8147	35.7736	35.8084	35.8021	35.7912	35.7461	35.7354	35.7288	35.6832	35.6739	35.6346	35.653	35.6761	35.6662	35.6436	35.6243	35.6181	35.587	35.5723	35.559	35.583	35.5386	35.5636	35.5451	35.557	35.5329	35.5013	35.489	35.5033	35.4742	35.4535	35.4693	35.4646	35.412	35.4083	35.354	35.3393	35.3966	35.401	35.367	35.3649	35.3443	35.3368	35.314	35.2885	35.2727	35.347	35.3386	35.3268	35.2892	35.2647	35.1871	35.2473	35.2242	35.2248	35.2112	35.21	35.2258	35.2155	35.2254	35.1599	35.0566	35.0956	35.1599	35.1137	35.1339	35.1521	35.1318	35.0878	35.0273	35.0126	35.1173	35.0826	35.068	35.0565	35.0503	34.983	34.9764	35.0447	34.99	34.9885	34.9773	34.9635	34.9929	34.9345	34.8703	34.779	34.7855	34.8357	34.8183	34.8358	34.7944	34.762	34.7437	34.7299	34.7181	34.8898	34.7491	34.7291	34.7627	34.7163	34.6705	34.6187	34.65	34.6849	34.6446	34.6191	34.5657	34.5514	34.5747	34.6215	35.7855
Sfa-ABas_010-Ex1-cssl.clmp.r1r2_fastp	36.4728	36.2208	36.222	36.2352	36.2513	36.2455	36.226	36.2436	36.2302	36.2259	36.2528	36.2528	36.251	36.2149	36.1754	36.1814	36.1651	36.1728	36.1816	36.1644	36.1459	36.1419	36.1167	36.0729	36.0646	36.0612	36.0353	36.0217	35.99	35.9847	35.9575	35.9612	35.9365	35.9247	35.9312	35.9193	35.9081	35.868	35.8612	35.8284	35.8621	35.8493	35.8343	35.7958	35.7847	35.785	35.7403	35.7286	35.685	35.7086	35.7236	35.7156	35.696	35.6708	35.6768	35.6409	35.6188	35.6083	35.6204	35.59	35.611	35.5904	35.6042	35.576	35.547	35.5298	35.5538	35.5163	35.4967	35.5113	35.5104	35.4575	35.4487	35.3964	35.3819	35.4405	35.4444	35.4009	35.4081	35.3862	35.3684	35.3539	35.3179	35.3065	35.3766	35.373	35.3583	35.3208	35.2921	35.2157	35.2794	35.2625	35.2452	35.2387	35.2323	35.2512	35.2366	35.2398	35.1859	35.0694	35.1126	35.1736	35.1238	35.147	35.1606	35.1343	35.0941	35.0195	35.0199	35.1195	35.0861	35.0689	35.0537	35.0482	34.9769	34.9739	35.0424	34.9734	34.9718	34.9746	34.9577	34.9839	34.9193	34.8594	34.7556	34.7576	34.8117	34.7915	34.8107	34.7569	34.7336	34.7285	34.6894	34.691	34.8661	34.7072	34.6978	34.7299	34.6681	34.6245	34.5859	34.6114	34.6338	34.5926	34.576	34.5141	34.5016	34.5242	34.5645	35.7681
Sfa-ABas_013-Ex1-cssl.clmp.r1r2_fastp	36.5099	36.2312	36.2253	36.2368	36.2544	36.2509	36.2326	36.2515	36.2389	36.2313	36.2629	36.263	36.256	36.2269	36.1902	36.1933	36.183	36.1902	36.1959	36.1723	36.162	36.1536	36.13	36.0938	36.0813	36.0755	36.0565	36.0403	36.0126	36.0041	35.9775	35.9878	35.9585	35.9474	35.955	35.9401	35.9331	35.8907	35.8866	35.8611	35.8891	35.8777	35.8715	35.826	35.8162	35.8178	35.7744	35.7658	35.719	35.741	35.761	35.7516	35.7346	35.7066	35.7078	35.6766	35.6577	35.6502	35.6746	35.634	35.653	35.6354	35.6473	35.6247	35.6025	35.5836	35.5989	35.569	35.5523	35.5641	35.5601	35.5134	35.5016	35.4584	35.4406	35.5011	35.5074	35.4677	35.4704	35.4515	35.4404	35.4159	35.393	35.3811	35.4504	35.4472	35.4343	35.3962	35.3721	35.3029	35.3612	35.3408	35.3319	35.3225	35.3185	35.3349	35.321	35.3299	35.2748	35.1822	35.2138	35.2664	35.2203	35.2497	35.2732	35.2434	35.1981	35.1407	35.1287	35.2253	35.1942	35.1779	35.1754	35.1646	35.1058	35.0958	35.1689	35.1033	35.0981	35.0998	35.0893	35.1134	35.0495	34.9994	34.9064	34.9044	34.9647	34.9366	34.9545	34.9117	34.8911	34.8784	34.8643	34.8474	35.0154	34.8721	34.847	34.8778	34.8456	34.807	34.7499	34.7706	34.8007	34.766	34.7537	34.6917	34.6762	34.7067	34.7455	35.8554
Sfa-ABas_014-Ex1-cssl.clmp.r1r2_fastp	36.4873	36.2482	36.2527	36.2656	36.2852	36.2803	36.2654	36.2776	36.2717	36.2637	36.2926	36.2923	36.2879	36.2561	36.2284	36.2276	36.219	36.2262	36.2268	36.2133	36.2033	36.1954	36.1729	36.136	36.1271	36.1228	36.1035	36.0911	36.0582	36.0484	36.0271	36.0344	36.0059	35.9991	36.0054	35.9846	35.984	35.9452	35.9459	35.9058	35.9409	35.9337	35.9243	35.8825	35.8695	35.8654	35.8264	35.8185	35.7822	35.8008	35.8197	35.8076	35.7826	35.7629	35.7601	35.7336	35.722	35.7081	35.7291	35.6885	35.7096	35.698	35.7023	35.6773	35.6585	35.6403	35.6537	35.6215	35.6101	35.6174	35.6171	35.5721	35.5654	35.5243	35.4998	35.5567	35.564	35.5293	35.5219	35.5078	35.4942	35.4796	35.4606	35.4477	35.5131	35.4988	35.4973	35.4583	35.4365	35.3647	35.4245	35.4014	35.3935	35.3971	35.3869	35.3995	35.3934	35.3905	35.345	35.2406	35.2827	35.3334	35.2955	35.3211	35.3361	35.3096	35.2716	35.2176	35.2054	35.288	35.2623	35.2485	35.2399	35.2272	35.1802	35.1665	35.2346	35.177	35.1777	35.1759	35.1552	35.1889	35.1211	35.0833	34.9839	34.9939	35.0308	35.0289	35.0398	34.9928	34.976	34.9435	34.9486	34.9347	35.0824	34.9518	34.9408	34.9667	34.9307	34.8935	34.8568	34.8698	34.8931	34.8661	34.8515	34.7737	34.7767	34.8057	34.832	35.8858
Sfa-ABas_016-Ex1-cssl.clmp.r1r2_fastp	36.4055	36.1195	36.1219	36.1463	36.1634	36.1625	36.1398	36.1516	36.1389	36.1312	36.1649	36.1711	36.1647	36.129	36.0923	36.0991	36.0851	36.0934	36.1032	36.0753	36.0626	36.0547	36.0297	35.9893	35.9799	35.9719	35.9488	35.9375	35.9016	35.8947	35.8677	35.8749	35.8457	35.8379	35.8427	35.8231	35.8159	35.7742	35.7792	35.7372	35.774	35.7613	35.7529	35.7019	35.6944	35.6908	35.6468	35.6281	35.5875	35.6096	35.6341	35.62	35.6025	35.5762	35.5764	35.54	35.5222	35.51	35.5336	35.4968	35.5269	35.5018	35.5127	35.4859	35.4624	35.439	35.4563	35.4237	35.4017	35.4177	35.4188	35.3648	35.3555	35.3106	35.284	35.352	35.3517	35.3081	35.31	35.2943	35.2778	35.2547	35.2375	35.2234	35.2856	35.2952	35.2664	35.2335	35.2054	35.1335	35.1939	35.1779	35.1653	35.1537	35.1525	35.1663	35.1559	35.1667	35.0959	34.9922	35.0307	35.0896	35.0466	35.0746	35.0894	35.0631	35.0232	34.9605	34.9379	35.0513	35.0112	34.9978	34.977	34.976	34.9211	34.9019	34.9795	34.9062	34.9074	34.9128	34.8961	34.9157	34.8501	34.799	34.6909	34.6978	34.7559	34.7388	34.7462	34.6998	34.6779	34.6688	34.6401	34.6345	34.8012	34.6621	34.6481	34.6755	34.6307	34.5913	34.541	34.555	34.6026	34.5525	34.5374	34.481	34.4664	34.493	34.5467	35.7544
Sfa-ABas_017-Ex1-cssl.clmp.r1r2_fastp	36.4444	36.1355	36.1243	36.1482	36.1632	36.1577	36.1385	36.1466	36.14	36.1346	36.1696	36.17	36.1668	36.1356	36.0963	36.1012	36.0897	36.0999	36.1036	36.0809	36.0657	36.0631	36.0371	35.9936	35.98	35.9798	35.9575	35.9429	35.9091	35.9021	35.8781	35.8804	35.8569	35.8375	35.8492	35.8339	35.8268	35.7881	35.7819	35.7494	35.793	35.7801	35.7709	35.7216	35.7141	35.7043	35.6598	35.6464	35.6008	35.6301	35.6541	35.6405	35.6177	35.5957	35.5991	35.5602	35.5407	35.5288	35.5526	35.5104	35.5417	35.5216	35.5363	35.507	35.4789	35.459	35.4798	35.4432	35.424	35.4429	35.4365	35.3917	35.3885	35.3311	35.3113	35.373	35.376	35.3405	35.3393	35.3202	35.3068	35.2885	35.2676	35.2505	35.3201	35.3097	35.3031	35.2561	35.2352	35.1554	35.2205	35.1928	35.1918	35.178	35.1809	35.2014	35.1829	35.2013	35.13	35.0273	35.0588	35.113	35.0703	35.1006	35.1243	35.0941	35.0375	34.9865	34.9706	35.0725	35.0422	35.0206	35.0151	35.0008	34.9344	34.9268	35.0054	34.9354	34.929	34.9319	34.9127	34.943	34.8746	34.8104	34.7096	34.7078	34.7692	34.7484	34.763	34.7155	34.6955	34.6792	34.6529	34.6519	34.8276	34.6742	34.657	34.6833	34.627	34.5922	34.5387	34.5676	34.5945	34.5579	34.5297	34.4749	34.4619	34.4849	34.533	35.7549
Sfa-ABas_018-Ex1-cssl.clmp.r1r2_fastp	36.476	36.2165	36.2088	36.2265	36.2367	36.2315	36.2139	36.2298	36.2221	36.2183	36.2525	36.2479	36.2414	36.2083	36.1654	36.1653	36.1541	36.1593	36.1728	36.1447	36.134	36.1283	36.1019	36.0651	36.0473	36.0473	36.0243	36.0105	35.9754	35.9704	35.944	35.9487	35.9223	35.9095	35.9187	35.9006	35.8956	35.8548	35.8483	35.8128	35.846	35.8344	35.8308	35.7807	35.772	35.7634	35.7214	35.7117	35.6637	35.6845	35.7094	35.7005	35.6803	35.6509	35.6515	35.6139	35.5999	35.5916	35.6142	35.5727	35.6001	35.5834	35.5921	35.5623	35.5429	35.5174	35.5353	35.5072	35.4796	35.4969	35.501	35.4476	35.4399	35.384	35.369	35.4301	35.4321	35.39	35.3921	35.3763	35.3707	35.3434	35.3196	35.3037	35.3718	35.3675	35.3507	35.3151	35.2939	35.2094	35.2751	35.2575	35.2505	35.2389	35.2368	35.2474	35.2389	35.2405	35.1754	35.0706	35.1147	35.1788	35.1285	35.1573	35.1742	35.1491	35.102	35.0441	35.0208	35.117	35.0878	35.077	35.0718	35.0527	34.9973	34.9868	35.0508	34.9893	34.9815	34.9932	34.9675	34.9972	34.9353	34.884	34.7833	34.7783	34.8414	34.8107	34.8335	34.7811	34.7496	34.7395	34.7202	34.7166	34.8802	34.7373	34.7258	34.7475	34.7125	34.6579	34.615	34.6293	34.6568	34.6295	34.6071	34.5439	34.5267	34.5572	34.606	35.79
Sfa-ABas_019-Ex1-cssl.clmp.r1r2_fastp	36.4818	36.2336	36.2324	36.248	36.2616	36.259	36.2391	36.2517	36.2452	36.2414	36.2732	36.2719	36.2676	36.237	36.1926	36.1947	36.181	36.1933	36.1985	36.1756	36.165	36.1587	36.1336	36.0941	36.0846	36.0794	36.0573	36.0451	36.0131	36.0059	35.9838	35.9829	35.9573	35.9479	35.9522	35.9383	35.9296	35.8924	35.8847	35.8507	35.8819	35.8773	35.8608	35.82	35.8119	35.8057	35.7601	35.7559	35.7088	35.7293	35.7539	35.7477	35.7194	35.6934	35.6996	35.6701	35.6474	35.6407	35.6578	35.6162	35.6437	35.6281	35.6373	35.6117	35.583	35.5602	35.5796	35.5507	35.5284	35.5481	35.5436	35.4951	35.4908	35.4272	35.4202	35.4719	35.4787	35.4425	35.4404	35.4264	35.4126	35.4035	35.3731	35.3573	35.4227	35.4122	35.4028	35.3604	35.3435	35.2634	35.3217	35.3082	35.3009	35.2909	35.2957	35.3079	35.2928	35.2931	35.2346	35.1356	35.1717	35.2341	35.1894	35.2087	35.2353	35.1945	35.1537	35.09	35.0823	35.1825	35.1421	35.1316	35.1288	35.1168	35.0488	35.055	35.1168	35.0486	35.0423	35.0494	35.0259	35.0529	34.9922	34.9479	34.8429	34.841	34.9014	34.8792	34.8874	34.8326	34.8183	34.807	34.7753	34.7836	34.9467	34.8136	34.8004	34.8222	34.7697	34.7208	34.6839	34.6922	34.7298	34.7027	34.6701	34.6218	34.6216	34.6348	34.6764	35.8126
Sfa-ABas_020-Ex1-cssl.clmp.r1r2_fastp	36.466	36.1766	36.1626	36.1804	36.2001	36.189	36.1728	36.1886	36.1825	36.1769	36.2182	36.2152	36.1994	36.1754	36.1329	36.1296	36.1188	36.1277	36.1431	36.1184	36.107	36.1054	36.0805	36.0372	36.0312	36.0163	36.0046	35.993	35.9606	35.9631	35.9292	35.9424	35.9162	35.9081	35.9174	35.893	35.8902	35.8521	35.849	35.8138	35.8517	35.834	35.8253	35.7803	35.7744	35.7635	35.7268	35.713	35.6763	35.7019	35.7181	35.7113	35.6909	35.6649	35.6619	35.6304	35.6131	35.6057	35.6294	35.5858	35.6176	35.5985	35.6101	35.5828	35.5554	35.5395	35.5509	35.5268	35.5026	35.5187	35.5196	35.466	35.4578	35.4213	35.3856	35.4504	35.4514	35.4161	35.4156	35.3964	35.3885	35.3685	35.3563	35.3434	35.4039	35.3991	35.3765	35.3428	35.3212	35.2473	35.301	35.2841	35.289	35.2724	35.2803	35.2883	35.2714	35.2921	35.2233	35.1304	35.169	35.2152	35.1737	35.2004	35.219	35.1936	35.1623	35.0872	35.0846	35.1842	35.1446	35.1369	35.1316	35.1221	35.065	35.0578	35.1218	35.0581	35.0611	35.0601	35.0456	35.0803	35.019	34.9587	34.872	34.8717	34.9278	34.9145	34.9236	34.8794	34.8504	34.84	34.8235	34.8223	34.9938	34.8577	34.8436	34.8539	34.8159	34.7819	34.7468	34.7477	34.7958	34.7556	34.7448	34.7011	34.6749	34.6905	34.7319	35.8345
Sfa-ABas_021-Ex1-cssl.clmp.r1r2_fastp	36.4886	36.2159	36.2032	36.2176	36.2423	36.2258	36.2127	36.2305	36.2182	36.2129	36.2394	36.2445	36.2357	36.2011	36.1641	36.1735	36.1605	36.1732	36.1775	36.1544	36.1354	36.1409	36.1084	36.0724	36.0606	36.0581	36.04	36.0202	35.9832	35.9817	35.9585	35.9658	35.9469	35.9264	35.9357	35.9186	35.9142	35.8762	35.87	35.8388	35.871	35.8571	35.8455	35.8127	35.7995	35.7979	35.7461	35.7306	35.6919	35.7115	35.732	35.7283	35.7001	35.6852	35.6811	35.6536	35.637	35.625	35.6398	35.6066	35.6248	35.608	35.6219	35.593	35.57	35.5583	35.5754	35.5412	35.5197	35.5337	35.5326	35.4813	35.4813	35.4233	35.4105	35.4721	35.4703	35.4366	35.434	35.4206	35.4127	35.3991	35.3626	35.3376	35.4045	35.4044	35.3899	35.351	35.3252	35.2581	35.3144	35.3049	35.2997	35.2823	35.2794	35.2952	35.2766	35.2853	35.2205	35.1146	35.1594	35.2124	35.1568	35.1971	35.2172	35.1897	35.1427	35.07	35.0729	35.169	35.1439	35.1207	35.101	35.1053	35.0417	35.0199	35.1102	35.0349	35.0284	35.0311	35.0123	35.0312	34.9748	34.9252	34.8222	34.8338	34.8757	34.8458	34.8672	34.8052	34.8001	34.7769	34.7613	34.7473	34.923	34.7637	34.7563	34.7701	34.7488	34.677	34.6494	34.6585	34.7011	34.6581	34.6359	34.5851	34.5744	34.5888	34.6341	35.7957
Sfa-ABas_022-Ex1-cssl.clmp.r1r2_fastp	36.4625	36.2134	36.218	36.2367	36.2534	36.2504	36.2353	36.2495	36.2424	36.2392	36.2663	36.2644	36.26	36.2273	36.1909	36.1961	36.1822	36.1918	36.2023	36.1808	36.1692	36.1626	36.1398	36.0995	36.0878	36.0878	36.068	36.052	36.0154	36.0148	35.986	35.9939	35.9665	35.9582	35.9652	35.9506	35.9436	35.9088	35.898	35.8618	35.8979	35.8917	35.8804	35.8418	35.8364	35.8309	35.7874	35.7698	35.7261	35.7528	35.7731	35.7565	35.7459	35.7231	35.7205	35.689	35.6675	35.6606	35.6832	35.6453	35.6639	35.644	35.6541	35.6291	35.6022	35.5857	35.6043	35.5747	35.5562	35.5742	35.57	35.5205	35.5054	35.4569	35.4472	35.508	35.5051	35.4695	35.4701	35.4537	35.4427	35.4193	35.3879	35.3787	35.4463	35.4426	35.4284	35.389	35.3758	35.3007	35.3542	35.3364	35.3244	35.3241	35.3215	35.3319	35.3186	35.327	35.2647	35.1576	35.2104	35.2504	35.2119	35.2395	35.2523	35.2256	35.1827	35.1155	35.1169	35.2141	35.1838	35.1624	35.1509	35.1425	35.0908	35.0705	35.1401	35.0769	35.0727	35.0689	35.059	35.0716	35.0258	34.9613	34.8588	34.8681	34.9216	34.9039	34.9116	34.8703	34.8476	34.8284	34.8066	34.7999	34.9654	34.8153	34.8164	34.8427	34.7859	34.7353	34.6953	34.727	34.757	34.7165	34.6828	34.6394	34.6404	34.6413	34.686	35.8193
Sfa-ABas_023-Ex1-cssl.clmp.r1r2_fastp	36.5026	36.2458	36.2387	36.2566	36.2716	36.2643	36.2406	36.262	36.255	36.248	36.2738	36.278	36.2726	36.2372	36.1973	36.2038	36.1927	36.2004	36.2118	36.1925	36.1797	36.1721	36.1437	36.1049	36.096	36.0881	36.0715	36.055	36.0203	36.021	35.9909	35.9991	35.9712	35.9629	35.9707	35.948	35.9433	35.9076	35.9001	35.8621	35.8947	35.888	35.8778	35.8371	35.8219	35.8214	35.7758	35.7662	35.7238	35.7425	35.7619	35.7508	35.7319	35.7117	35.7054	35.6761	35.6548	35.6476	35.6711	35.6193	35.6511	35.6282	35.6378	35.6099	35.5879	35.5738	35.5813	35.5574	35.5379	35.5534	35.5458	35.4927	35.4898	35.4387	35.4194	35.4688	35.4816	35.4437	35.4394	35.4246	35.4082	35.3876	35.3639	35.3447	35.4113	35.4091	35.3974	35.3601	35.3385	35.2648	35.3121	35.2975	35.2918	35.2846	35.2768	35.2923	35.2842	35.2863	35.2264	35.129	35.1707	35.2225	35.1738	35.2001	35.2105	35.1859	35.1551	35.0847	35.0716	35.1823	35.1345	35.1235	35.1131	35.0979	35.045	35.0316	35.1113	35.0413	35.0394	35.0427	35.0112	35.0516	34.9839	34.9269	34.8302	34.8426	34.8855	34.8722	34.8828	34.8436	34.8052	34.8016	34.7799	34.7803	34.9356	34.7979	34.772	34.8124	34.7615	34.7247	34.6755	34.7017	34.7403	34.6876	34.6728	34.6144	34.605	34.6346	34.6607	35.8076
Sfa-ABas_024-Ex1-cssl.clmp.r1r2_fastp	36.5159	36.2849	36.2828	36.3019	36.3151	36.3077	36.2919	36.3065	36.3004	36.2953	36.3234	36.3218	36.3163	36.2886	36.2521	36.2478	36.2374	36.2506	36.2586	36.2403	36.2234	36.2172	36.1966	36.1557	36.1433	36.1407	36.1195	36.1047	36.0751	36.0731	36.0415	36.0507	36.0267	36.0169	36.0246	36.0013	35.9973	35.9572	35.9558	35.9239	35.9507	35.9457	35.9333	35.8948	35.8827	35.872	35.8358	35.8206	35.7835	35.8062	35.8223	35.8182	35.7925	35.7707	35.7678	35.7431	35.721	35.7119	35.7292	35.691	35.7175	35.7007	35.7099	35.6845	35.6552	35.6372	35.6505	35.6275	35.6062	35.6195	35.615	35.5623	35.5705	35.5103	35.495	35.5527	35.5632	35.5217	35.5181	35.5041	35.4868	35.4726	35.4535	35.4315	35.4974	35.497	35.477	35.4431	35.4242	35.3589	35.4113	35.393	35.3804	35.3808	35.3729	35.3858	35.3738	35.3833	35.3175	35.2265	35.2647	35.3146	35.2811	35.3053	35.3176	35.288	35.2497	35.1939	35.1863	35.2729	35.2407	35.2268	35.2168	35.2151	35.163	35.1476	35.2127	35.1488	35.1539	35.1474	35.1446	35.1603	35.1013	35.051	34.9587	34.9639	35.004	34.9894	35.0116	34.9737	34.9474	34.9415	34.9167	34.9139	35.0611	34.9326	34.9155	34.9558	34.9025	34.8647	34.8241	34.8508	34.8789	34.8355	34.8306	34.7677	34.7531	34.773	34.8105	35.8778
Sfa-ABas_025-Ex1-cssl.clmp.r1r2_fastp	36.5237	36.3086	36.3131	36.3299	36.3407	36.3424	36.3236	36.334	36.3273	36.3157	36.3457	36.3449	36.3427	36.3095	36.2783	36.2814	36.2696	36.2801	36.2845	36.265	36.2491	36.2433	36.2229	36.1809	36.1705	36.1635	36.1477	36.1307	36.0995	36.0988	36.0733	36.0767	36.0543	36.0453	36.0462	36.0331	36.0257	35.9886	35.9792	35.9464	35.9754	35.9672	35.9587	35.9204	35.909	35.9022	35.8661	35.8488	35.8152	35.8299	35.8471	35.8351	35.8203	35.7976	35.7996	35.7672	35.7446	35.7323	35.7554	35.716	35.7329	35.7177	35.728	35.706	35.679	35.6689	35.6716	35.6466	35.6289	35.6408	35.6333	35.5866	35.5823	35.5332	35.5154	35.5688	35.5745	35.5332	35.5362	35.5204	35.5104	35.486	35.4603	35.4495	35.5142	35.5084	35.4958	35.4552	35.4355	35.3649	35.4147	35.3982	35.3882	35.3787	35.3804	35.3942	35.385	35.3939	35.3317	35.236	35.2705	35.3292	35.2728	35.2992	35.3171	35.2923	35.2543	35.1999	35.1879	35.2807	35.2473	35.2414	35.2247	35.2136	35.1555	35.1462	35.216	35.1528	35.1536	35.1516	35.1408	35.1607	35.0964	35.0571	34.9522	34.9618	35.0051	34.9914	35.0046	34.9631	34.9482	34.9254	34.9093	34.9019	35.0574	34.9275	34.912	34.9405	34.8947	34.8457	34.8099	34.8331	34.8493	34.8231	34.8082	34.7405	34.7389	34.7462	34.7904	35.8714
Sfa-ABas_026-Ex1-cssl.clmp.r1r2_fastp	36.5136	36.2463	36.2393	36.2535	36.2691	36.2672	36.2465	36.2629	36.2547	36.2496	36.2807	36.2755	36.2725	36.2404	36.2046	36.2073	36.199	36.2054	36.2131	36.1898	36.1751	36.171	36.1462	36.1063	36.0922	36.0909	36.07	36.0544	36.0208	36.018	35.9893	35.9969	35.969	35.9577	35.9648	35.9488	35.9387	35.9019	35.8997	35.8641	35.8984	35.8862	35.8752	35.8305	35.824	35.8234	35.7818	35.7711	35.7301	35.7417	35.7634	35.7514	35.7278	35.7102	35.705	35.6846	35.6609	35.6531	35.6711	35.6297	35.6569	35.6301	35.6468	35.6211	35.5953	35.5778	35.5972	35.5648	35.5467	35.5578	35.5571	35.5083	35.5019	35.4476	35.4385	35.4955	35.499	35.4629	35.4597	35.4446	35.4355	35.4106	35.3878	35.3731	35.44	35.4322	35.4166	35.3843	35.3669	35.2909	35.3482	35.3328	35.3186	35.3143	35.3121	35.3239	35.3129	35.3238	35.2589	35.161	35.1992	35.2585	35.211	35.2355	35.2556	35.224	35.1931	35.129	35.1124	35.2141	35.1805	35.1598	35.1567	35.1477	35.0888	35.0788	35.1479	35.0808	35.0788	35.0847	35.0649	35.0909	35.0221	34.9826	34.8812	34.8766	34.9389	34.9058	34.9314	34.8872	34.8618	34.8566	34.8321	34.8206	34.9879	34.8443	34.8285	34.8641	34.8148	34.7661	34.7293	34.7432	34.775	34.7456	34.7236	34.6707	34.6629	34.6787	34.7246	35.8468
Sfa-ABas_027-Ex1-cssl.clmp.r1r2_fastp	36.4228	36.1389	36.1341	36.1529	36.1685	36.1622	36.1386	36.152	36.1432	36.134	36.1701	36.17	36.1626	36.1305	36.0928	36.0967	36.0819	36.0887	36.0949	36.0738	36.0574	36.0517	36.0254	35.9806	35.9697	35.9652	35.9406	35.9287	35.8879	35.8811	35.8548	35.8654	35.8309	35.8136	35.8224	35.8038	35.7952	35.7547	35.747	35.7104	35.7431	35.7383	35.7241	35.6715	35.6598	35.6535	35.5993	35.5924	35.5454	35.5704	35.592	35.5805	35.5603	35.5311	35.5319	35.4899	35.4781	35.4643	35.476	35.4385	35.4662	35.4501	35.4547	35.4243	35.394	35.3733	35.39	35.3523	35.3341	35.3485	35.3482	35.2865	35.2797	35.2262	35.2007	35.2726	35.265	35.2243	35.2207	35.1979	35.1886	35.1584	35.1374	35.1234	35.1969	35.1892	35.1706	35.1255	35.1037	35.0176	35.0824	35.0606	35.0526	35.0478	35.0385	35.0559	35.0337	35.0371	34.9778	34.8621	34.9008	34.9655	34.9181	34.941	34.9678	34.9375	34.8872	34.8186	34.8072	34.9125	34.8712	34.8555	34.8499	34.8406	34.7654	34.767	34.8283	34.7666	34.7563	34.7593	34.7414	34.761	34.6903	34.6346	34.5193	34.5309	34.5972	34.5726	34.578	34.5343	34.5078	34.5012	34.4664	34.4647	34.6367	34.4856	34.4669	34.491	34.4516	34.3945	34.3383	34.3585	34.4006	34.3587	34.3288	34.2738	34.2626	34.2888	34.3551	35.6707
Sfa-ABas_028-Ex1-cssl.clmp.r1r2_fastp	36.4005	36.1122	36.1049	36.1287	36.1511	36.1422	36.1167	36.1317	36.1196	36.1111	36.1514	36.145	36.148	36.1116	36.073	36.0812	36.0678	36.0759	36.0847	36.0591	36.0474	36.0422	36.0141	35.9689	35.9599	35.9552	35.9382	35.9176	35.8848	35.8777	35.8492	35.8597	35.8294	35.8119	35.8241	35.8091	35.7997	35.7568	35.7587	35.7234	35.754	35.745	35.7371	35.6815	35.6766	35.6666	35.6261	35.6108	35.5684	35.5925	35.6154	35.6072	35.5876	35.5595	35.5554	35.5233	35.5049	35.4898	35.5091	35.4804	35.5041	35.4839	35.4902	35.4634	35.4365	35.4168	35.4371	35.4012	35.3761	35.395	35.3953	35.3378	35.3381	35.2777	35.26	35.3249	35.3257	35.2874	35.2878	35.2701	35.2517	35.2366	35.2032	35.1915	35.2632	35.255	35.2425	35.1981	35.1849	35.0979	35.1594	35.1327	35.136	35.1211	35.1229	35.1331	35.1245	35.1355	35.0652	34.952	34.995	35.0531	35.0029	35.0363	35.057	35.027	34.9815	34.9144	34.9131	35.0083	34.9743	34.9537	34.9479	34.9404	34.8701	34.866	34.94	34.8641	34.8642	34.8567	34.8497	34.8695	34.7975	34.752	34.6422	34.6403	34.7051	34.6815	34.6971	34.6525	34.619	34.6168	34.5782	34.5748	34.7575	34.6059	34.5956	34.6169	34.5798	34.5277	34.4841	34.5036	34.5291	34.4846	34.4647	34.4073	34.3889	34.4165	34.4776	35.7211
Sfa-ABas_029-Ex1-cssl.clmp.r1r2_fastp	36.454	36.1524	36.1426	36.1583	36.1764	36.1748	36.1496	36.1607	36.1503	36.1441	36.1814	36.1842	36.1812	36.143	36.1081	36.1093	36.0973	36.1069	36.1169	36.0893	36.0794	36.0789	36.0504	36.0071	35.9923	35.9915	35.9752	35.9604	35.9238	35.9206	35.8888	35.8977	35.8703	35.8545	35.8623	35.849	35.8449	35.7993	35.8001	35.7636	35.8058	35.7937	35.7809	35.7292	35.7194	35.7109	35.6684	35.6561	35.609	35.6286	35.6524	35.6397	35.6209	35.5928	35.6001	35.5622	35.5406	35.5328	35.5528	35.512	35.532	35.5163	35.5248	35.4983	35.4725	35.4498	35.4592	35.4357	35.414	35.4233	35.4247	35.3723	35.3739	35.3129	35.2941	35.3537	35.3584	35.3125	35.3155	35.2932	35.2818	35.2675	35.2362	35.2243	35.2904	35.2915	35.2694	35.2203	35.2076	35.1226	35.1776	35.1653	35.1606	35.1526	35.1497	35.1613	35.1523	35.1563	35.0925	34.9863	35.0251	35.0782	35.0305	35.0628	35.0868	35.0599	35.0159	34.9448	34.9355	35.0367	34.9917	34.9862	34.9675	34.9597	34.9059	34.8899	34.9581	34.9055	34.9006	34.8921	34.87	34.8975	34.83	34.7698	34.6756	34.6699	34.7362	34.7272	34.7262	34.6784	34.6483	34.6381	34.6098	34.6104	34.769	34.6503	34.6235	34.6485	34.607	34.5573	34.5104	34.5302	34.5549	34.5211	34.5098	34.4529	34.4222	34.4502	34.4891	35.7386
Sfa-ABas_030-Ex1-cssl.clmp.r1r2_fastp	36.5584	36.3213	36.3061	36.3156	36.328	36.3289	36.305	36.3215	36.3134	36.3103	36.3388	36.3377	36.33	36.2985	36.2595	36.2608	36.249	36.2563	36.2655	36.2392	36.2325	36.2265	36.1983	36.1526	36.1439	36.1411	36.1173	36.103	36.0703	36.0688	36.0417	36.0472	36.0185	36.0084	36.0108	35.9967	35.9878	35.9508	35.9447	35.9028	35.9403	35.9331	35.9258	35.8759	35.8691	35.8608	35.818	35.8073	35.7662	35.784	35.8085	35.7902	35.7711	35.7437	35.7492	35.7105	35.6894	35.6812	35.6978	35.6612	35.6844	35.6624	35.6671	35.6403	35.6157	35.5994	35.6109	35.5777	35.5544	35.5681	35.575	35.517	35.5075	35.4553	35.4407	35.4936	35.4939	35.4504	35.4526	35.438	35.4241	35.4053	35.3783	35.3635	35.4266	35.4207	35.4032	35.3658	35.3435	35.2687	35.3246	35.3091	35.2884	35.2875	35.291	35.2994	35.2781	35.2924	35.2327	35.1272	35.1517	35.2098	35.1654	35.1933	35.2115	35.1811	35.1362	35.0755	35.0671	35.1582	35.1281	35.1186	35.105	35.0934	35.0351	35.0242	35.0921	35.0185	35.0172	35.0168	35.0038	35.0391	34.9451	34.9272	34.8002	34.8172	34.8586	34.8522	34.8546	34.8019	34.7908	34.7655	34.737	34.7375	34.9085	34.7736	34.7648	34.785	34.7233	34.6736	34.6404	34.6543	34.6875	34.6516	34.6388	34.5954	34.5828	34.5984	34.635	35.8045
Sfa-ABas_031-Ex1-cssl.clmp.r1r2_fastp	36.469	36.244	36.239	36.2444	36.2638	36.2625	36.2402	36.2533	36.2506	36.2479	36.2852	36.2825	36.2783	36.2455	36.2076	36.2081	36.1961	36.2035	36.2157	36.1955	36.1839	36.1826	36.1588	36.1204	36.1098	36.1115	36.0917	36.0787	36.0473	36.0503	36.0226	36.0389	36.015	36.0022	36.0143	36.0032	35.9946	35.9551	35.948	35.9259	35.9569	35.9396	35.9429	35.9031	35.9004	35.8866	35.8532	35.845	35.7993	35.8281	35.8482	35.8426	35.8187	35.8032	35.8022	35.7683	35.7473	35.7443	35.7589	35.7293	35.7486	35.739	35.7422	35.7231	35.701	35.6818	35.6985	35.665	35.6454	35.6632	35.6646	35.6211	35.6124	35.5648	35.5523	35.6138	35.6089	35.575	35.5745	35.5572	35.5433	35.5311	35.5061	35.4926	35.5621	35.5581	35.5419	35.5045	35.482	35.4131	35.4735	35.4516	35.4381	35.4349	35.4376	35.4522	35.4434	35.4445	35.3869	35.2891	35.3318	35.3861	35.3332	35.3641	35.3882	35.3596	35.3201	35.2604	35.2486	35.3497	35.3218	35.2977	35.2889	35.28	35.2266	35.2274	35.2889	35.2349	35.2258	35.2325	35.2087	35.2334	35.1696	35.1214	35.0261	35.0379	35.0874	35.0721	35.077	35.0367	35.0096	35.0004	34.9747	34.9745	35.138	34.9961	34.9924	35.0172	34.9668	34.9227	34.8853	34.9005	34.9403	34.9033	34.8943	34.8332	34.821	34.8417	34.8419	35.8878
Sfa-ABas_032-Ex1-cssl.clmp.r1r2_fastp	36.5297	36.2983	36.2937	36.2995	36.3155	36.3089	36.2909	36.3023	36.3014	36.293	36.3263	36.3268	36.3176	36.2864	36.2471	36.2502	36.2389	36.247	36.2531	36.2345	36.2239	36.2156	36.1947	36.149	36.1434	36.1387	36.1207	36.1025	36.0736	36.0669	36.0424	36.0486	36.0216	36.0086	36.0204	36.0035	35.9922	35.9539	35.9553	35.9111	35.9462	35.9382	35.9303	35.8839	35.8809	35.8689	35.8259	35.8213	35.7779	35.7933	35.8155	35.8082	35.7841	35.7593	35.76	35.7296	35.7108	35.6963	35.719	35.6831	35.7071	35.6817	35.6965	35.6699	35.648	35.6238	35.6347	35.6025	35.5871	35.5961	35.5953	35.5535	35.5427	35.4897	35.4739	35.5327	35.5262	35.4917	35.4943	35.4697	35.4627	35.4453	35.4144	35.409	35.4685	35.4654	35.4492	35.4063	35.3867	35.3065	35.3736	35.3522	35.3469	35.3312	35.3299	35.3447	35.3356	35.3444	35.2767	35.1772	35.2196	35.2718	35.2202	35.2479	35.2658	35.2402	35.1993	35.1276	35.1252	35.2187	35.1837	35.1725	35.1647	35.1581	35.1012	35.0815	35.1542	35.0934	35.0899	35.0808	35.0611	35.0828	35.0244	34.9779	34.8781	34.8844	34.9393	34.9131	34.9194	34.8753	34.8627	34.8494	34.8249	34.8202	34.9786	34.8425	34.8284	34.8583	34.7986	34.7547	34.7162	34.7224	34.772	34.7225	34.7132	34.651	34.6389	34.6699	34.7063	35.8337
Sfa-ABas_033-Ex1-cssl.clmp.r1r2_fastp	36.5005	36.2653	36.2678	36.2829	36.2962	36.2928	36.2724	36.2876	36.2775	36.2718	36.2994	36.3038	36.2961	36.262	36.2269	36.2305	36.2168	36.2232	36.2319	36.2108	36.2003	36.1931	36.169	36.1225	36.1164	36.1128	36.0941	36.0788	36.0446	36.0407	36.0114	36.016	35.989	35.9822	35.9864	35.9727	35.9639	35.925	35.917	35.8863	35.9161	35.9085	35.8953	35.8568	35.8466	35.8436	35.8048	35.7863	35.745	35.765	35.7886	35.7747	35.7521	35.7356	35.7298	35.7001	35.6769	35.6722	35.6929	35.6548	35.6772	35.6562	35.6633	35.6385	35.6123	35.601	35.612	35.5828	35.5599	35.5716	35.576	35.525	35.5126	35.4591	35.445	35.5067	35.5067	35.4657	35.4664	35.446	35.4349	35.4182	35.3856	35.3764	35.4401	35.4356	35.4224	35.3803	35.3574	35.2851	35.3391	35.3217	35.3118	35.3057	35.3037	35.3146	35.2932	35.3108	35.2482	35.1427	35.1774	35.239	35.1908	35.2146	35.2323	35.2047	35.1568	35.0953	35.0857	35.1882	35.1496	35.1412	35.1284	35.1168	35.0608	35.0494	35.1095	35.0582	35.0494	35.0485	35.018	35.0596	34.9916	34.93	34.8336	34.8393	34.8896	34.8657	34.8829	34.8372	34.8091	34.7964	34.7704	34.762	34.9286	34.7951	34.7723	34.7945	34.752	34.7024	34.6535	34.6737	34.7121	34.6731	34.6487	34.5841	34.575	34.599	34.6396	35.7971
Sfa-ABas_034-Ex1-cssl.clmp.r1r2_fastp	36.4885	36.2252	36.2208	36.232	36.2496	36.2443	36.2217	36.2415	36.2322	36.2267	36.2585	36.2582	36.2521	36.2185	36.182	36.1861	36.1758	36.1836	36.1919	36.1701	36.1577	36.1546	36.127	36.0845	36.0766	36.0756	36.0521	36.0378	36.0041	35.9978	35.9755	35.9799	35.9521	35.9412	35.9497	35.9385	35.9243	35.8892	35.8857	35.848	35.8809	35.8761	35.8651	35.8183	35.8153	35.8089	35.7692	35.7505	35.7088	35.7295	35.7543	35.7448	35.719	35.6946	35.6951	35.6695	35.6418	35.6398	35.6616	35.6207	35.6455	35.6182	35.6328	35.6053	35.5823	35.5635	35.5811	35.5496	35.529	35.5411	35.5366	35.4854	35.4803	35.4312	35.4199	35.4792	35.4779	35.4404	35.4391	35.4164	35.408	35.3887	35.3542	35.3465	35.4104	35.4086	35.3883	35.3585	35.3304	35.258	35.3182	35.3033	35.2822	35.276	35.2758	35.2943	35.2796	35.2938	35.227	35.1259	35.1625	35.2221	35.1682	35.197	35.2142	35.184	35.1423	35.0825	35.0744	35.1757	35.142	35.1246	35.1164	35.1049	35.0467	35.0323	35.1053	35.0382	35.0398	35.0407	35.0218	35.0408	34.977	34.9228	34.823	34.8185	34.8791	34.858	34.8699	34.8301	34.8083	34.7976	34.7669	34.7627	34.9246	34.7861	34.763	34.7904	34.7459	34.7084	34.6611	34.6821	34.6986	34.6751	34.6549	34.5861	34.5862	34.5925	34.6324	35.804
Sfa-ABas_035-Ex1-cssl.clmp.r1r2_fastp	36.5567	36.3174	36.3107	36.3175	36.3331	36.3264	36.3061	36.3213	36.3145	36.311	36.3397	36.3374	36.3318	36.2975	36.261	36.2619	36.2497	36.2556	36.2622	36.2448	36.228	36.2227	36.2005	36.1586	36.1416	36.1403	36.1203	36.1049	36.0735	36.0708	36.0437	36.0477	36.0228	36.0098	36.014	36.0018	35.993	35.9496	35.9516	35.912	35.9457	35.9336	35.9222	35.8853	35.8745	35.8609	35.8251	35.8144	35.7745	35.7922	35.8181	35.799	35.7851	35.7564	35.7626	35.7275	35.7123	35.7043	35.7163	35.6852	35.7042	35.6825	35.6978	35.6694	35.6452	35.6275	35.6418	35.61	35.5938	35.6048	35.6043	35.5527	35.5504	35.4966	35.4819	35.5405	35.5423	35.4998	35.5016	35.4916	35.4759	35.4496	35.4316	35.4162	35.4772	35.4785	35.4545	35.4239	35.3985	35.3255	35.3869	35.3669	35.3538	35.3473	35.3441	35.3601	35.3389	35.3449	35.2837	35.182	35.2251	35.2778	35.2233	35.2634	35.2749	35.2466	35.199	35.1423	35.1233	35.2302	35.1919	35.1775	35.1715	35.1631	35.1013	35.0887	35.1641	35.0873	35.0925	35.0879	35.0766	35.1029	35.0445	34.9856	34.8833	34.8964	34.9323	34.9258	34.9336	34.8826	34.8493	34.8571	34.8273	34.8246	34.9744	34.8328	34.8359	34.8567	34.8155	34.766	34.7147	34.7223	34.7588	34.7382	34.7144	34.6612	34.6533	34.6747	34.7008	35.8387
Sfa-CBas_001-Ex1-cssl.clmp.r1r2_fastp	36.5045	36.2427	36.2388	36.2485	36.2849	36.2799	36.2521	36.2677	36.2739	36.2556	36.3101	36.3101	36.3111	36.2726	36.2416	36.2468	36.2419	36.2455	36.265	36.2421	36.2365	36.2334	36.2174	36.1639	36.1716	36.1744	36.1591	36.1426	36.1145	36.1117	36.0901	36.0939	36.0719	36.0658	36.0805	36.0716	36.066	36.0237	36.0243	35.9869	36.0302	36.0237	36.0153	35.9767	35.9782	35.9715	35.9378	35.9222	35.8699	35.9059	35.933	35.9202	35.9034	35.8819	35.8853	35.8555	35.8284	35.8205	35.8459	35.811	35.8306	35.8166	35.8233	35.7984	35.7841	35.778	35.7952	35.7666	35.7481	35.7594	35.7663	35.7194	35.7081	35.6424	35.6481	35.7129	35.7178	35.6747	35.6803	35.6644	35.6563	35.6393	35.5974	35.5952	35.6646	35.6626	35.6538	35.6167	35.5878	35.5256	35.5867	35.5787	35.5616	35.5588	35.5643	35.5778	35.5696	35.5835	35.5195	35.4004	35.4709	35.5258	35.4784	35.5048	35.525	35.5083	35.4646	35.3861	35.4043	35.5024	35.4748	35.4632	35.4547	35.444	35.4029	35.388	35.4575	35.3927	35.4001	35.4061	35.3971	35.4156	35.3565	35.307	35.1917	35.218	35.2685	35.2435	35.269	35.2277	35.2071	35.1994	35.1612	35.1677	35.3253	35.1978	35.1847	35.2122	35.1663	35.1276	35.0971	35.1182	35.1534	35.1182	35.1059	35.0422	35.0405	35.0406	35.0231	35.9318
Sfa-CBas_002-Ex1-cssl.clmp.r1r2_fastp	36.3935	36.188	36.1684	36.1898	36.218	36.2052	36.1696	36.1859	36.1881	36.1709	36.2262	36.2265	36.228	36.1856	36.1453	36.1597	36.1544	36.1637	36.1821	36.1551	36.1514	36.152	36.1299	36.071	36.0837	36.0874	36.0731	36.0545	36.0256	36.0205	36.0001	36.0015	35.9829	35.972	35.9868	35.9807	35.9689	35.9226	35.9266	35.8846	35.9339	35.9336	35.9216	35.8831	35.8781	35.8774	35.8321	35.8169	35.7613	35.8072	35.8381	35.8276	35.8053	35.7846	35.7861	35.7581	35.7209	35.7199	35.7449	35.7101	35.732	35.7173	35.7305	35.7049	35.6783	35.6771	35.6925	35.6598	35.6417	35.6556	35.6632	35.6097	35.6051	35.5288	35.5375	35.6104	35.6093	35.5699	35.5697	35.5566	35.5452	35.5295	35.4801	35.4824	35.5583	35.5558	35.5405	35.5023	35.4685	35.4053	35.4711	35.4577	35.44	35.4353	35.4465	35.4629	35.4512	35.4655	35.3956	35.2615	35.3386	35.3951	35.3453	35.3786	35.4023	35.3789	35.3336	35.2418	35.2623	35.3719	35.3394	35.3267	35.321	35.3078	35.2467	35.2431	35.3193	35.252	35.252	35.2565	35.2457	35.2743	35.2052	35.1479	35.018	35.0474	35.1029	35.0862	35.1041	35.0545	35.0274	35.0295	34.9816	34.9884	35.1689	35.023	35.0069	35.0405	34.9843	34.9423	34.9	34.9324	34.9689	34.9373	34.9241	34.851	34.8449	34.8496	34.826	35.8332
Sfa-CBas_003-Ex1-cssl.clmp.r1r2_fastp	36.3727	35.9782	35.9666	36.0009	36.0436	36.0374	36.0063	36.0153	36.0243	36.007	36.0689	36.0673	36.0708	36.0234	35.982	35.9905	35.9835	35.9947	36.0108	35.983	35.974	35.9729	35.9502	35.8957	35.8987	35.8994	35.8826	35.8618	35.8312	35.8221	35.801	35.8056	35.7787	35.7689	35.785	35.7752	35.7681	35.7155	35.7132	35.6732	35.7261	35.7198	35.7125	35.6662	35.6637	35.6558	35.6087	35.5893	35.5432	35.5805	35.6111	35.5997	35.575	35.5466	35.5544	35.5197	35.487	35.4807	35.5101	35.4689	35.4957	35.4791	35.4889	35.4631	35.4385	35.4339	35.4478	35.415	35.3932	35.4127	35.4219	35.358	35.3511	35.2801	35.2799	35.3565	35.3628	35.3134	35.3145	35.2991	35.2867	35.2643	35.2181	35.2174	35.3031	35.2962	35.2762	35.237	35.1979	35.1328	35.2	35.1885	35.1679	35.164	35.1767	35.19	35.1817	35.1918	35.1162	34.9865	35.0501	35.1169	35.0594	35.0951	35.1284	35.0942	35.0518	34.9635	34.9697	35.0933	35.0577	35.0373	35.0324	35.0274	34.9609	34.9548	35.0363	34.9628	34.9607	34.9691	34.9514	34.9776	34.9103	34.8433	34.7196	34.7436	34.8073	34.7846	34.8003	34.7584	34.7285	34.7186	34.6833	34.682	34.8777	34.7216	34.7046	34.7341	34.6864	34.6361	34.5891	34.6174	34.6592	34.6221	34.6042	34.5281	34.5325	34.5422	34.5536	35.7469
Sfa-CBas_006-Ex1-cssl.clmp.r1r2_fastp	36.0589	35.3622	35.3365	35.3613	35.4059	35.4038	35.3664	35.3719	35.3549	35.3459	35.4168	35.4061	35.4094	35.3528	35.3138	35.3041	35.2966	35.2934	35.3159	35.2723	35.2448	35.2509	35.2305	35.1745	35.1529	35.1377	35.1245	35.0902	35.0323	35.0454	34.9833	35.0105	34.9663	34.958	34.9684	34.9549	34.9431	34.8773	34.8891	34.8397	34.8929	34.8633	34.8523	34.7998	34.789	34.7773	34.72	34.7021	34.6648	34.6692	34.7172	34.701	34.6653	34.6282	34.6498	34.5918	34.5787	34.5559	34.5793	34.5358	34.5725	34.5327	34.544	34.5061	34.4813	34.4466	34.4799	34.4246	34.3936	34.4221	34.4256	34.3477	34.3403	34.3099	34.2555	34.358	34.3557	34.3023	34.3168	34.282	34.2594	34.2129	34.2214	34.1939	34.2952	34.2863	34.2736	34.2056	34.1894	34.0864	34.1619	34.1267	34.135	34.1269	34.126	34.152	34.1252	34.1498	34.0598	33.9553	33.9882	34.0781	34.0313	34.0435	34.0894	34.0544	33.9995	33.9461	33.9161	34.0609	34.0178	34.0119	34.0107	33.9992	33.8989	33.9184	34.0235	33.9326	33.926	33.9559	33.941	33.9584	33.8808	33.8199	33.7032	33.7206	33.7914	33.7665	33.8109	33.7602	33.7228	33.7205	33.693	33.6856	33.9055	33.7436	33.7291	33.7713	33.7212	33.6597	33.6007	33.6319	33.679	33.6227	33.6066	33.5612	33.5389	33.5709	33.7325	35.4655
Sfa-CBas_007-Ex1-cssl.clmp.r1r2_fastp	36.3872	36.0445	36.0302	36.0546	36.0919	36.0841	36.0462	36.0658	36.0648	36.0525	36.1155	36.1147	36.1103	36.0657	36.0257	36.0342	36.0266	36.0389	36.0526	36.0265	36.021	36.0207	35.9977	35.9416	35.9463	35.9477	35.9263	35.9101	35.8769	35.8702	35.8461	35.8532	35.829	35.8155	35.8336	35.8225	35.8141	35.7653	35.7717	35.7244	35.7795	35.7721	35.7588	35.7192	35.713	35.7084	35.6597	35.6431	35.5922	35.634	35.6679	35.6555	35.6246	35.6119	35.6082	35.5783	35.5467	35.5425	35.5671	35.5284	35.553	35.5341	35.5512	35.5207	35.4949	35.4877	35.5058	35.4743	35.4504	35.4691	35.4752	35.4165	35.4151	35.3441	35.3488	35.4201	35.4265	35.3763	35.377	35.3612	35.3519	35.3322	35.2893	35.2876	35.3649	35.3599	35.3513	35.3043	35.2798	35.2053	35.2753	35.2657	35.2539	35.2433	35.2512	35.2694	35.2552	35.2717	35.1996	35.0651	35.1354	35.1975	35.1473	35.1793	35.2131	35.1809	35.1385	35.0542	35.0597	35.1834	35.145	35.1344	35.1297	35.1168	35.0562	35.0475	35.1319	35.0625	35.057	35.0672	35.0524	35.0821	35.0126	34.957	34.828	34.855	34.923	34.8915	34.9185	34.8651	34.8439	34.8424	34.7991	34.808	34.9887	34.8407	34.8263	34.8552	34.8074	34.7618	34.7155	34.7483	34.7941	34.7536	34.736	34.674	34.6556	34.6735	34.6741	35.792
Sfa-CBas_008-Ex1-cssl.clmp.r1r2_fastp	36.4899	36.2687	36.2609	36.2685	36.2989	36.2879	36.2592	36.2734	36.2781	36.2624	36.3115	36.3106	36.3114	36.2724	36.2403	36.2459	36.2371	36.2393	36.259	36.2363	36.2303	36.2293	36.2069	36.16	36.1638	36.1615	36.1501	36.1326	36.1051	36.0986	36.0805	36.0822	36.0625	36.0505	36.0663	36.0536	36.0467	36.0038	36.0058	35.9704	36.0101	36.0085	36.0038	35.9626	35.9606	35.9517	35.9174	35.8978	35.8497	35.8864	35.9145	35.9002	35.8809	35.8578	35.8614	35.8343	35.8024	35.797	35.824	35.7847	35.8076	35.7916	35.8037	35.7802	35.7601	35.7548	35.7699	35.7345	35.7201	35.7295	35.7418	35.6894	35.686	35.6165	35.6223	35.6869	35.6863	35.6469	35.6511	35.6386	35.6249	35.612	35.5718	35.5733	35.6386	35.6398	35.6243	35.5861	35.558	35.495	35.5605	35.5442	35.5327	35.5294	35.5345	35.5554	35.54	35.5495	35.4928	35.3668	35.4354	35.4894	35.4429	35.4733	35.4971	35.4764	35.4348	35.3526	35.3676	35.4707	35.4365	35.4233	35.4214	35.4119	35.358	35.353	35.4252	35.3607	35.3639	35.3685	35.3554	35.3793	35.3163	35.2654	35.1461	35.1723	35.2323	35.2067	35.2289	35.1862	35.1587	35.1607	35.1225	35.1207	35.2874	35.1565	35.141	35.1623	35.1198	35.0764	35.0419	35.0688	35.1092	35.0752	35.0624	34.9939	34.9932	34.9938	34.9734	35.913
Sfa-CBas_009-Ex1-cssl.clmp.r1r2_fastp	36.4061	36.1255	36.1061	36.1208	36.1565	36.1481	36.1134	36.1285	36.1304	36.1146	36.1706	36.172	36.1734	36.1307	36.0891	36.0951	36.0895	36.0957	36.1164	36.0923	36.0856	36.0859	36.0631	36.0094	36.0143	36.0148	35.9992	35.9804	35.9508	35.9445	35.9221	35.9273	35.9019	35.892	35.908	35.8978	35.8909	35.8463	35.8452	35.8005	35.8496	35.8485	35.836	35.7933	35.7964	35.7884	35.7444	35.7308	35.681	35.716	35.7488	35.734	35.7138	35.6928	35.6934	35.6641	35.6353	35.6289	35.652	35.6132	35.639	35.6167	35.6313	35.6049	35.5769	35.5739	35.5959	35.5602	35.5488	35.5577	35.5607	35.5088	35.5036	35.4326	35.4349	35.505	35.5081	35.4661	35.4685	35.4543	35.4414	35.4284	35.3812	35.3782	35.4554	35.453	35.439	35.3973	35.3692	35.2999	35.3695	35.3541	35.3388	35.3342	35.3438	35.3583	35.3429	35.3591	35.2951	35.1674	35.2285	35.2898	35.2394	35.2716	35.3017	35.2731	35.2248	35.1436	35.1583	35.2682	35.2363	35.2253	35.2156	35.2091	35.1458	35.1399	35.2151	35.1434	35.1484	35.1574	35.1473	35.1724	35.1049	35.0509	34.9164	34.9473	35.0021	34.9828	35.0078	34.9537	34.9268	34.9271	34.8943	34.8872	35.0669	34.9252	34.9078	34.9348	34.8892	34.8425	34.8042	34.828	34.8714	34.8316	34.8189	34.7492	34.7507	34.7531	34.7469	35.8193
Sfa-CBas_010-Ex1-cssl.clmp.r1r2_fastp	36.3962	36.1235	36.1059	36.1279	36.1594	36.1473	36.1193	36.1267	36.1302	36.1141	36.1661	36.1685	36.1688	36.1262	36.0846	36.095	36.0844	36.0956	36.1117	36.0874	36.0835	36.081	36.0591	36.0034	36.0093	36.0097	35.9928	35.9738	35.9465	35.9375	35.9147	35.9201	35.896	35.8803	35.8974	35.8913	35.8806	35.8326	35.8312	35.789	35.8372	35.8328	35.8264	35.7798	35.775	35.7769	35.7282	35.7109	35.6623	35.6974	35.7278	35.7151	35.6929	35.6727	35.6728	35.6426	35.6114	35.6045	35.6291	35.5925	35.6183	35.5972	35.6088	35.5842	35.5599	35.5521	35.5687	35.5374	35.5184	35.5347	35.5383	35.4832	35.4758	35.4061	35.4065	35.4811	35.4824	35.4354	35.4399	35.4221	35.4113	35.3961	35.3472	35.3497	35.4268	35.422	35.404	35.3685	35.3389	35.2718	35.3376	35.3226	35.3067	35.3056	35.3122	35.3267	35.314	35.3313	35.2618	35.1333	35.2006	35.2604	35.2128	35.2413	35.2678	35.2394	35.2001	35.115	35.1202	35.241	35.2029	35.1912	35.1879	35.1756	35.1163	35.1052	35.1828	35.1162	35.1178	35.1224	35.1082	35.1367	35.0769	35.011	34.892	34.915	34.977	34.9537	34.9742	34.9242	34.903	34.8979	34.856	34.8613	35.0392	34.8988	34.8815	34.915	34.8634	34.8172	34.7741	34.8093	34.8461	34.803	34.7944	34.7287	34.7201	34.7298	34.7195	35.8121
Sfa-CBas_014-Ex1-cssl.clmp.r1r2_fastp	36.4623	36.2611	36.2485	36.2621	36.2848	36.2759	36.246	36.2609	36.2676	36.2504	36.3021	36.3018	36.3005	36.2622	36.2288	36.2385	36.2277	36.2358	36.2528	36.2282	36.2228	36.2226	36.2033	36.1526	36.1591	36.1598	36.1455	36.1336	36.1034	36.098	36.0766	36.0824	36.0594	36.0547	36.0669	36.0616	36.0487	36.0088	36.008	35.9723	36.016	36.0124	36.0016	35.9634	35.961	35.9581	35.9174	35.9014	35.853	35.8919	35.9195	35.9079	35.886	35.8696	35.8696	35.8442	35.8121	35.8084	35.8314	35.7997	35.8194	35.8031	35.8148	35.7894	35.7674	35.7608	35.7796	35.7475	35.7345	35.7492	35.755	35.7047	35.6987	35.6239	35.6332	35.7003	35.7026	35.663	35.6669	35.6541	35.6426	35.6255	35.5815	35.586	35.6518	35.6491	35.6323	35.5939	35.5661	35.5058	35.5701	35.5591	35.5457	35.5381	35.5451	35.5593	35.5483	35.564	35.5023	35.3738	35.4448	35.5006	35.4519	35.4798	35.5047	35.4798	35.4417	35.3561	35.3719	35.4789	35.4459	35.4333	35.4279	35.4192	35.3595	35.3571	35.4279	35.3635	35.3634	35.3712	35.3577	35.3778	35.3212	35.2662	35.1424	35.175	35.2263	35.2036	35.2219	35.1767	35.1558	35.1576	35.1091	35.1127	35.2842	35.1479	35.1329	35.1645	35.1107	35.0673	35.0314	35.0603	35.097	35.0624	35.0498	34.9857	34.976	34.9794	34.959	35.9014
Sfa-CBas_015-Ex1-cssl.clmp.r1r2_fastp	36.3973	36.1445	36.1259	36.1428	36.1702	36.1607	36.127	36.1426	36.1437	36.1279	36.181	36.1801	36.1789	36.1375	36.0988	36.109	36.0969	36.1094	36.1262	36.1019	36.0953	36.0964	36.0718	36.021	36.0236	36.0246	36.0059	35.9907	35.9596	35.956	35.9328	35.9365	35.9137	35.9058	35.9212	35.9087	35.9005	35.8519	35.8554	35.8126	35.8584	35.8561	35.849	35.8072	35.8033	35.7988	35.7552	35.74	35.6885	35.7281	35.7591	35.7482	35.7202	35.7046	35.7058	35.6738	35.6448	35.6402	35.6655	35.6298	35.6532	35.6341	35.6464	35.6224	35.602	35.5927	35.6077	35.5792	35.56	35.5744	35.5839	35.5281	35.5249	35.452	35.4568	35.5259	35.5278	35.4819	35.4867	35.4713	35.4596	35.44	35.4005	35.4039	35.4787	35.4733	35.4621	35.4205	35.3898	35.3247	35.388	35.3756	35.3581	35.3566	35.3621	35.3851	35.3683	35.3827	35.315	35.1847	35.256	35.3141	35.2622	35.2956	35.3216	35.2927	35.2535	35.1648	35.1794	35.2902	35.2613	35.2502	35.2429	35.2313	35.1683	35.1615	35.2381	35.1754	35.1793	35.1755	35.165	35.1951	35.1256	35.0724	34.9414	34.9778	35.0329	35.0084	35.0287	34.9808	34.955	34.9573	34.9141	34.9225	35.1023	34.9604	34.9424	34.9697	34.9215	34.8762	34.8317	34.8649	34.9063	34.8714	34.8531	34.7862	34.7785	34.7864	34.7738	35.8253
Sfa-CBas_016-Ex1-cssl.clmp.r1r2_fastp	36.3355	35.988	35.9663	35.9889	36.0203	36.0088	35.9768	35.9906	35.9928	35.9794	36.0401	36.0381	36.0351	35.9876	35.9465	35.9518	35.9445	35.9545	35.9725	35.9447	35.9359	35.9375	35.9124	35.8581	35.8619	35.8586	35.8398	35.8223	35.7861	35.7825	35.7583	35.7632	35.7385	35.73	35.7444	35.7346	35.7198	35.6716	35.6769	35.6307	35.6814	35.677	35.6639	35.6206	35.6138	35.6068	35.5673	35.5481	35.4998	35.5385	35.563	35.5507	35.5242	35.4978	35.5069	35.4709	35.4384	35.4354	35.4609	35.4211	35.4498	35.4294	35.4407	35.4146	35.3872	35.3808	35.3959	35.3666	35.3439	35.3632	35.3712	35.3084	35.3011	35.234	35.2246	35.3053	35.3104	35.2605	35.2667	35.246	35.2342	35.2151	35.1757	35.1702	35.2536	35.2509	35.2315	35.1951	35.1579	35.0898	35.1568	35.1378	35.1299	35.1301	35.1255	35.1459	35.1353	35.156	35.0785	34.9516	35.0112	35.0836	35.0284	35.071	35.0983	35.0687	35.0126	34.9378	34.9418	35.0643	35.0335	35.0228	35.0127	35.0036	34.9416	34.9298	35.0189	34.9402	34.9456	34.9528	34.937	34.9627	34.901	34.8399	34.7124	34.7313	34.8027	34.7796	34.7988	34.7512	34.7339	34.7231	34.6865	34.6906	34.8763	34.7398	34.7143	34.7446	34.6962	34.6489	34.6006	34.6379	34.6772	34.6333	34.623	34.5588	34.5525	34.5605	34.5739	35.7604
Sfa-CBas_017-Ex1-cssl.clmp.r1r2_fastp	36.4064	36.1758	36.1669	36.1804	36.2102	36.1959	36.1603	36.1748	36.1782	36.1589	36.2156	36.2193	36.2208	36.1781	36.1401	36.1474	36.1396	36.1483	36.1654	36.1424	36.1372	36.1339	36.1148	36.0599	36.0665	36.0693	36.0526	36.0387	36.0101	36.0023	35.9827	35.9857	35.9641	35.9531	35.9672	35.9597	35.9502	35.901	35.9042	35.8622	35.9101	35.9107	35.8977	35.8599	35.8522	35.8493	35.8103	35.7905	35.7377	35.7803	35.8146	35.8016	35.776	35.7569	35.7589	35.7247	35.693	35.6883	35.7161	35.6772	35.7022	35.6843	35.701	35.6764	35.6505	35.6408	35.6595	35.6227	35.6099	35.6188	35.6313	35.5769	35.5744	35.4981	35.5083	35.5775	35.5771	35.5333	35.5369	35.5172	35.5091	35.4893	35.4437	35.4504	35.5244	35.5258	35.5041	35.4689	35.4361	35.3677	35.4335	35.4246	35.408	35.4014	35.414	35.4316	35.4198	35.4309	35.3598	35.2274	35.3011	35.3598	35.3084	35.3444	35.3661	35.3422	35.3019	35.2145	35.2252	35.3388	35.3048	35.294	35.2836	35.2761	35.2136	35.2119	35.2847	35.2167	35.2171	35.2229	35.2086	35.2391	35.1677	35.107	34.9801	35.0145	35.074	35.0506	35.0675	35.0187	34.9979	34.9917	34.9445	34.9509	35.1301	34.9851	34.9707	34.9997	34.9489	34.9027	34.8649	34.8923	34.9305	34.8931	34.8802	34.8104	34.8034	34.8099	34.795	35.8317
Sfa-CBas_019-Ex1-cssl.clmp.r1r2_fastp	36.5299	36.2484	36.2453	36.2602	36.3007	36.2998	36.2701	36.2803	36.2845	36.2681	36.3197	36.3191	36.3202	36.2866	36.2535	36.2601	36.2553	36.2609	36.2741	36.2514	36.2483	36.2422	36.2197	36.1744	36.1767	36.1815	36.1639	36.1433	36.1222	36.1164	36.0928	36.0953	36.0783	36.0669	36.0783	36.0706	36.0659	36.0254	36.0231	35.9882	36.0278	36.0275	36.0158	35.9777	35.9752	35.9738	35.9396	35.9174	35.8671	35.9034	35.9325	35.9204	35.8969	35.879	35.8818	35.8575	35.8256	35.8207	35.844	35.812	35.8329	35.8131	35.8261	35.8047	35.783	35.7762	35.7929	35.7628	35.7457	35.7562	35.7652	35.7145	35.7056	35.6473	35.6506	35.7077	35.7155	35.6793	35.6784	35.6659	35.65	35.6362	35.5964	35.5935	35.6636	35.6603	35.6515	35.6066	35.5806	35.5261	35.5829	35.5705	35.5539	35.5447	35.5576	35.5699	35.5622	35.5718	35.5136	35.3952	35.4582	35.5105	35.4677	35.4937	35.5149	35.4914	35.4543	35.374	35.3847	35.4833	35.4593	35.4457	35.4361	35.4308	35.373	35.3679	35.4401	35.3754	35.3779	35.383	35.373	35.3922	35.329	35.2785	35.1651	35.1914	35.2407	35.2188	35.2354	35.1957	35.1719	35.1718	35.1321	35.1348	35.2956	35.1672	35.1535	35.1779	35.1308	35.0911	35.0547	35.0773	35.114	35.0787	35.0621	34.998	34.9955	34.9982	34.9853	35.9314
Sfa-CBas_020-Ex1-cssl.clmp.r1r2_fastp	36.4003	36.0384	36.0248	36.056	36.0884	36.0836	36.0532	36.0695	36.0697	36.0547	36.115	36.1142	36.108	36.0681	36.03	36.0347	36.0255	36.0367	36.0512	36.0257	36.0143	36.0163	35.9895	35.9374	35.9431	35.9429	35.9224	35.9048	35.8727	35.8682	35.8417	35.8448	35.8222	35.809	35.8293	35.8182	35.808	35.7618	35.7632	35.724	35.7731	35.7695	35.7542	35.7117	35.7101	35.7047	35.657	35.6422	35.5886	35.6289	35.6582	35.6473	35.6239	35.6021	35.6022	35.5702	35.5469	35.529	35.5614	35.523	35.5463	35.5292	35.5428	35.5183	35.4903	35.4847	35.5056	35.467	35.4514	35.4728	35.4732	35.4162	35.4093	35.3415	35.3459	35.4154	35.4215	35.374	35.3784	35.3577	35.3478	35.3289	35.2816	35.2867	35.3624	35.3628	35.3468	35.2981	35.2764	35.2	35.2688	35.2523	35.2454	35.2355	35.2426	35.2603	35.2426	35.2631	35.1983	35.0777	35.1294	35.194	35.1456	35.1749	35.2048	35.1751	35.129	35.0529	35.0603	35.1757	35.1392	35.1345	35.126	35.1137	35.0486	35.0483	35.1234	35.0508	35.0527	35.0664	35.0536	35.0787	35.012	34.9511	34.8322	34.858	34.9146	34.8922	34.9082	34.8673	34.8446	34.8445	34.8049	34.803	34.9812	34.8374	34.822	34.8554	34.8004	34.7531	34.7187	34.7441	34.7849	34.7495	34.7323	34.6748	34.6617	34.6725	34.6847	35.7972
Sfa-CBas_021-Ex1-cssl.clmp.r1r2_fastp	36.4464	36.1249	36.1157	36.1359	36.1658	36.1657	36.1352	36.1488	36.1527	36.1418	36.1974	36.1959	36.1915	36.1538	36.1145	36.1221	36.1135	36.12	36.1379	36.1125	36.1051	36.1051	36.0831	36.0313	36.0366	36.0348	36.0203	36.003	35.9683	35.9622	35.9417	35.9435	35.9252	35.9193	35.936	35.9263	35.9172	35.872	35.872	35.8339	35.8772	35.8708	35.8602	35.8211	35.8197	35.8107	35.7709	35.7526	35.7039	35.7445	35.7682	35.7561	35.7309	35.7137	35.7126	35.6841	35.6537	35.6518	35.6747	35.6335	35.6614	35.6472	35.6497	35.63	35.6038	35.5926	35.6117	35.5787	35.5678	35.5849	35.5874	35.5301	35.5257	35.4602	35.458	35.5326	35.5346	35.4899	35.4989	35.4798	35.4717	35.4492	35.4073	35.405	35.4778	35.4752	35.4616	35.4235	35.3905	35.3278	35.3934	35.3783	35.3649	35.3565	35.3613	35.3842	35.3676	35.3857	35.3189	35.1945	35.2599	35.3222	35.2668	35.2921	35.3284	35.3014	35.2475	35.1733	35.1749	35.2908	35.2665	35.2495	35.2381	35.2308	35.1727	35.1662	35.2392	35.1735	35.177	35.1828	35.1627	35.198	35.1334	35.0719	34.9497	34.9727	35.0291	35.0066	35.0259	34.9832	34.9619	34.9572	34.9177	34.912	35.0987	34.9535	34.9392	34.9681	34.9181	34.8757	34.8343	34.8653	34.9007	34.8605	34.8449	34.7804	34.7672	34.7775	34.7847	35.8458
Sfa-CBas_023-Ex1-cssl.clmp.r1r2_fastp	36.5357	36.3413	36.3403	36.3461	36.3737	36.362	36.3342	36.349	36.3549	36.338	36.3872	36.3864	36.3867	36.3535	36.3206	36.329	36.3208	36.328	36.3438	36.3215	36.3196	36.3162	36.2988	36.2499	36.2604	36.2602	36.2467	36.2331	36.2085	36.2028	36.1847	36.1869	36.1676	36.1591	36.1709	36.1637	36.1557	36.117	36.1207	36.084	36.1256	36.1226	36.1142	36.0796	36.0742	36.072	36.037	36.0188	35.9738	36.0076	36.0372	36.0262	36.0086	35.9895	35.9893	35.9639	35.9346	35.9292	35.9538	35.9204	35.9419	35.9274	35.9348	35.9116	35.8933	35.8906	35.9036	35.8735	35.8597	35.8699	35.8787	35.8314	35.8274	35.7604	35.7687	35.828	35.8259	35.7884	35.7936	35.7795	35.7707	35.7563	35.7162	35.7177	35.7811	35.7807	35.7673	35.727	35.7033	35.6461	35.7041	35.6924	35.6819	35.6743	35.6827	35.6974	35.685	35.6986	35.6415	35.5239	35.5875	35.6398	35.5956	35.6231	35.6432	35.6205	35.5846	35.5065	35.5205	35.6177	35.588	35.5749	35.5724	35.5652	35.5097	35.5054	35.5716	35.5119	35.5112	35.5177	35.5061	35.5275	35.4695	35.4211	35.303	35.3329	35.3836	35.3627	35.3818	35.3382	35.3114	35.3144	35.2723	35.2774	35.4376	35.3063	35.2929	35.3189	35.2686	35.232	35.2036	35.2241	35.2596	35.2257	35.2121	35.1451	35.143	35.1448	35.1099	35.9663
Sfa-CBas_025-Ex1-cssl.clmp.r1r2_fastp	36.3916	36.1053	36.0907	36.1084	36.1365	36.1219	36.1011	36.1106	36.1146	36.0996	36.1552	36.1588	36.1512	36.104	36.0707	36.0777	36.0679	36.0753	36.0893	36.0623	36.0533	36.0524	36.0334	35.9773	35.9807	35.9778	35.9627	35.9428	35.9069	35.9037	35.8793	35.8861	35.8587	35.851	35.8661	35.8588	35.8449	35.8018	35.7986	35.7542	35.8058	35.7974	35.7813	35.7485	35.7429	35.739	35.6915	35.675	35.6227	35.6559	35.6845	35.6719	35.6505	35.6202	35.6213	35.5961	35.5675	35.5571	35.5778	35.5448	35.5599	35.5437	35.5595	35.5289	35.5033	35.4945	35.508	35.4842	35.4537	35.4729	35.4807	35.4272	35.4163	35.3455	35.3497	35.4195	35.4204	35.3745	35.3813	35.3581	35.3537	35.3268	35.2943	35.2907	35.3646	35.3543	35.34	35.3028	35.2746	35.1998	35.2703	35.2552	35.2456	35.2414	35.2459	35.2641	35.2481	35.2619	35.198	35.0689	35.1337	35.196	35.146	35.1736	35.2065	35.1877	35.1334	35.0568	35.0599	35.1796	35.1488	35.1363	35.1305	35.1227	35.0568	35.0542	35.132	35.0553	35.0613	35.0667	35.0532	35.0892	35.0248	34.9613	34.8506	34.8605	34.9287	34.9055	34.9225	34.8787	34.8568	34.8531	34.8155	34.8104	35.0017	34.8537	34.8399	34.8729	34.8192	34.7781	34.7415	34.7613	34.8069	34.7739	34.7563	34.6882	34.6854	34.691	34.6977	35.8138
Sfa-CBas_026-Ex1-cssl.clmp.r1r2_fastp	36.381	36.0183	36.0003	36.0296	36.0658	36.0613	36.0326	36.0422	36.0456	36.0299	36.0918	36.0894	36.0863	36.0418	36.0047	36.0087	36.0042	36.0109	36.0275	36.0006	35.996	35.9958	35.9721	35.9137	35.9191	35.9173	35.9009	35.8761	35.847	35.8397	35.8127	35.8183	35.7931	35.7823	35.7994	35.7866	35.7838	35.7267	35.7327	35.6883	35.7421	35.7317	35.7202	35.6742	35.6748	35.6661	35.6248	35.6042	35.5546	35.5864	35.6198	35.6067	35.5869	35.5598	35.565	35.5301	35.4945	35.4947	35.5213	35.4816	35.5053	35.4812	35.4999	35.4643	35.4423	35.437	35.454	35.4146	35.3966	35.4145	35.4221	35.3629	35.3596	35.2853	35.2843	35.3595	35.3679	35.3182	35.3178	35.3022	35.2943	35.2717	35.2308	35.2295	35.3115	35.3087	35.2909	35.2472	35.2151	35.1427	35.2153	35.2064	35.1858	35.1785	35.1856	35.2065	35.1944	35.2081	35.1338	35.0111	35.0737	35.1371	35.0859	35.1197	35.1477	35.122	35.0717	34.9934	35.0064	35.1193	35.0819	35.0714	35.0655	35.0547	34.9895	34.985	35.0663	34.9985	34.9992	35.0041	34.9865	35.019	34.9469	34.8898	34.7616	34.7821	34.8506	34.8284	34.8531	34.8017	34.7772	34.7709	34.7438	34.7364	34.9249	34.775	34.7616	34.7836	34.7427	34.6968	34.6487	34.6874	34.7186	34.6791	34.6635	34.5987	34.5931	34.6007	34.6245	35.776
Sfa-CBas_027-Ex1-cssl.clmp.r1r2_fastp	36.5446	36.3939	36.3849	36.3929	36.4166	36.4119	36.3837	36.3951	36.3957	36.3821	36.4247	36.4269	36.4246	36.3941	36.3643	36.3712	36.3653	36.3726	36.3832	36.3657	36.3631	36.3594	36.3408	36.2963	36.3043	36.3045	36.2907	36.2783	36.253	36.2474	36.2313	36.235	36.2145	36.2043	36.2187	36.2101	36.2034	36.1651	36.1685	36.1326	36.1668	36.1671	36.1601	36.1285	36.1239	36.1221	36.0865	36.0715	36.0231	36.0605	36.0849	36.0717	36.0546	36.0384	36.0387	36.0207	35.9859	35.9829	36.0027	35.9694	35.991	35.9755	35.9875	35.9645	35.9464	35.9431	35.9562	35.9261	35.9112	35.9238	35.929	35.8832	35.8748	35.8102	35.8206	35.8799	35.8834	35.8472	35.8481	35.8356	35.8254	35.8127	35.7669	35.7728	35.8311	35.83	35.8192	35.7866	35.7587	35.7061	35.7632	35.7501	35.7332	35.7296	35.7374	35.7494	35.7389	35.7513	35.6988	35.5795	35.6437	35.6959	35.6499	35.6758	35.6978	35.6747	35.6406	35.5635	35.5753	35.6707	35.646	35.6324	35.625	35.6176	35.5681	35.5579	35.6248	35.5666	35.5665	35.5766	35.5619	35.5822	35.5303	35.4772	35.36	35.3938	35.4418	35.4185	35.4391	35.3975	35.3745	35.374	35.3334	35.3365	35.4871	35.3648	35.3499	35.376	35.33	35.2936	35.2626	35.2853	35.3226	35.2889	35.2744	35.2121	35.2069	35.2069	35.1683	35.9843
Sfa-CBas_028-Ex1-cssl.clmp.r1r2_fastp	36.4463	36.2114	36.1973	36.2075	36.2348	36.226	36.1978	36.2094	36.215	36.2018	36.2537	36.2559	36.2533	36.2136	36.1782	36.1866	36.1778	36.1862	36.1948	36.1741	36.1692	36.1675	36.1483	36.0971	36.1014	36.1026	36.0846	36.0694	36.0399	36.034	36.0105	36.0165	35.9945	35.9834	36.0012	35.9931	35.9857	35.9388	35.9411	35.8987	35.944	35.9407	35.9292	35.8899	35.8888	35.8843	35.8476	35.828	35.7778	35.8148	35.8424	35.8331	35.808	35.7909	35.7848	35.7628	35.733	35.7289	35.7536	35.7143	35.7343	35.7164	35.7291	35.7063	35.6799	35.672	35.6915	35.6621	35.6487	35.6584	35.6661	35.6142	35.6039	35.5383	35.5401	35.6105	35.6115	35.5734	35.5745	35.5584	35.5478	35.5316	35.4915	35.4866	35.5582	35.556	35.5455	35.5039	35.4773	35.4117	35.4776	35.4628	35.4476	35.4414	35.4487	35.4645	35.4552	35.4732	35.4035	35.2802	35.352	35.4067	35.3589	35.389	35.4099	35.3882	35.3449	35.262	35.2781	35.3838	35.3556	35.3399	35.3384	35.3265	35.2663	35.2635	35.3326	35.2709	35.2691	35.2811	35.2653	35.2912	35.2287	35.1761	35.0523	35.0834	35.1382	35.1136	35.1294	35.085	35.0613	35.0669	35.0226	35.0286	35.1998	35.0561	35.0459	35.0728	35.0272	34.9805	34.9462	34.9723	35.0097	34.9731	34.9596	34.8951	34.8881	34.8902	34.8834	35.8795
Sfa-CBas_029-Ex1-cssl.clmp.r1r2_fastp	36.5143	36.315	36.3047	36.3108	36.3431	36.3375	36.3068	36.3173	36.3215	36.3064	36.3543	36.3525	36.3537	36.3227	36.2868	36.2948	36.285	36.2956	36.3071	36.2857	36.2794	36.2805	36.2618	36.2096	36.219	36.2199	36.2047	36.187	36.1603	36.155	36.1335	36.1376	36.119	36.11	36.1213	36.113	36.1044	36.0647	36.066	36.0243	36.0663	36.0645	36.0552	36.0202	36.0145	36.0124	35.9777	35.9598	35.9128	35.9459	35.975	35.963	35.9439	35.9253	35.9262	35.8989	35.8707	35.8691	35.8893	35.8542	35.8716	35.859	35.8704	35.8453	35.8291	35.8217	35.8357	35.8055	35.7924	35.805	35.8097	35.7592	35.752	35.6859	35.6945	35.7569	35.7526	35.7205	35.7213	35.7091	35.7012	35.6824	35.6405	35.6398	35.7075	35.708	35.693	35.6586	35.629	35.5734	35.6317	35.6221	35.6033	35.5996	35.6072	35.6246	35.61	35.6231	35.5662	35.4469	35.5118	35.5675	35.5187	35.551	35.5685	35.5485	35.5091	35.4266	35.4467	35.5423	35.5192	35.5027	35.4962	35.4901	35.4353	35.4257	35.4958	35.4356	35.4401	35.4411	35.4316	35.4565	35.395	35.3488	35.2311	35.2591	35.3068	35.2862	35.302	35.2622	35.2425	35.2402	35.1986	35.2056	35.3601	35.237	35.2202	35.2474	35.2008	35.1559	35.1284	35.1525	35.1909	35.16	35.1462	35.0709	35.0736	35.0769	35.0491	35.9376
Sfa-CBas_030-Ex1-cssl.clmp.r1r2_fastp	36.4993	36.2684	36.2577	36.2681	36.2973	36.2879	36.2593	36.2717	36.2782	36.2622	36.3152	36.3154	36.3157	36.2763	36.2445	36.2525	36.2468	36.2542	36.2669	36.245	36.2395	36.2385	36.2208	36.1665	36.177	36.1799	36.1629	36.1511	36.1209	36.1145	36.097	36.102	36.081	36.0735	36.0882	36.0798	36.0719	36.0338	36.032	35.9947	36.0366	36.0303	36.023	35.9861	35.9815	35.9814	35.9424	35.9277	35.8757	35.9149	35.9413	35.9326	35.91	35.892	35.8905	35.8669	35.8372	35.8347	35.8572	35.8242	35.8401	35.824	35.8374	35.815	35.7956	35.7889	35.8051	35.7737	35.7587	35.7711	35.7706	35.7262	35.7194	35.6527	35.6595	35.7263	35.7245	35.6883	35.6859	35.6745	35.6683	35.6509	35.6058	35.6068	35.6779	35.6715	35.6617	35.6238	35.5965	35.5346	35.5962	35.5821	35.5691	35.5631	35.573	35.5865	35.5728	35.5934	35.5289	35.405	35.4733	35.5255	35.4796	35.5093	35.5326	35.5103	35.4691	35.386	35.4024	35.5076	35.4746	35.4635	35.4559	35.4439	35.39	35.3862	35.4534	35.3874	35.3899	35.4011	35.3857	35.4119	35.3476	35.2933	35.1757	35.2048	35.2564	35.2383	35.2506	35.2099	35.1848	35.1849	35.1373	35.144	35.3075	35.1815	35.1585	35.1898	35.138	35.0963	35.0572	35.0887	35.1244	35.0886	35.0731	35.0094	35.0051	35.0052	34.9761	35.9106
Sfa-CBas_031-Ex1-cssl.clmp.r1r2_fastp	36.4227	36.2113	36.201	36.2142	36.2423	36.2306	36.1953	36.2114	36.2177	36.1983	36.252	36.2557	36.2505	36.2109	36.1736	36.1856	36.1764	36.1851	36.2024	36.1819	36.175	36.1755	36.1547	36.1027	36.1107	36.1132	36.0984	36.0817	36.0502	36.0444	36.0298	36.0306	36.0097	35.9992	36.0127	36.0081	35.9979	35.9565	35.9566	35.9157	35.9629	35.9555	35.9497	35.9137	35.9122	35.9089	35.8686	35.8486	35.8	35.8404	35.8684	35.8604	35.8332	35.8155	35.8162	35.789	35.7563	35.7521	35.7745	35.7418	35.7654	35.7517	35.7591	35.734	35.711	35.7104	35.7245	35.6953	35.679	35.6931	35.6992	35.6468	35.6405	35.5694	35.5765	35.648	35.6448	35.6033	35.6072	35.5963	35.579	35.5682	35.5221	35.5228	35.5937	35.5939	35.576	35.5439	35.5146	35.447	35.5134	35.5014	35.4848	35.4827	35.4913	35.5074	35.4933	35.5146	35.4449	35.316	35.3867	35.4456	35.389	35.4288	35.4516	35.4235	35.3762	35.3011	35.3158	35.4202	35.3921	35.3755	35.3689	35.3586	35.304	35.2943	35.3729	35.3067	35.3056	35.3149	35.2989	35.3223	35.2639	35.2033	35.0763	35.1096	35.1619	35.1477	35.1597	35.1127	35.0924	35.0912	35.0424	35.0497	35.2217	35.0817	35.0738	35.0952	35.0431	34.9958	34.965	34.9928	35.0296	34.9989	34.9773	34.9129	34.9113	34.9076	34.8902	35.8694
Sfa-CBas_032-Ex1-cssl.clmp.r1r2_fastp	36.3876	36.1432	36.1228	36.1427	36.1707	36.1582	36.1244	36.1383	36.1427	36.1304	36.1845	36.1823	36.1776	36.1378	36.0986	36.1068	36.1009	36.1103	36.1288	36.1053	36.0999	36.0986	36.0775	36.0236	36.0302	36.0317	36.0161	36.0013	35.968	35.9669	35.9427	35.9508	35.9256	35.9198	35.9322	35.9257	35.9171	35.8665	35.8713	35.827	35.8809	35.881	35.8673	35.8288	35.8263	35.8209	35.782	35.7609	35.7145	35.7546	35.786	35.7711	35.7494	35.7299	35.7309	35.7016	35.6702	35.6645	35.695	35.6542	35.6822	35.6618	35.6791	35.6496	35.6321	35.6227	35.6393	35.6068	35.5893	35.6089	35.6105	35.5577	35.5508	35.4807	35.4829	35.5551	35.5567	35.5154	35.5196	35.4992	35.4902	35.4737	35.4301	35.4291	35.5086	35.5049	35.4909	35.4498	35.4201	35.3521	35.4203	35.4078	35.3938	35.3891	35.3963	35.4144	35.4013	35.4143	35.343	35.2142	35.2878	35.3506	35.2952	35.3317	35.3604	35.3296	35.2838	35.2004	35.2133	35.3294	35.2938	35.2825	35.2783	35.2739	35.2108	35.2022	35.2777	35.214	35.2116	35.2174	35.2044	35.2302	35.1649	35.1092	34.9834	35.0081	35.0724	35.0481	35.067	35.0222	34.9921	34.9954	34.9569	34.9557	35.1422	34.9958	34.9785	35.0044	34.9569	34.9073	34.8769	34.9077	34.9454	34.9118	34.8957	34.8279	34.8213	34.8283	34.8104	35.8337
Sfa-CBas_033-Ex1-cssl.clmp.r1r2_fastp	36.4518	36.2654	36.2579	36.271	36.2948	36.2856	36.2538	36.2647	36.2659	36.2501	36.3007	36.3037	36.3053	36.2684	36.2294	36.2426	36.2332	36.2414	36.2559	36.2362	36.2306	36.2303	36.2097	36.1599	36.1675	36.1677	36.1548	36.1366	36.1097	36.1058	36.0854	36.0882	36.0659	36.0585	36.0688	36.063	36.054	36.0158	36.0175	35.9775	36.0232	36.0201	36.0084	35.9739	35.9698	35.9661	35.9276	35.9083	35.8595	35.8954	35.9274	35.9178	35.895	35.883	35.879	35.8486	35.817	35.8119	35.8377	35.8015	35.8239	35.8104	35.8235	35.7995	35.7754	35.7687	35.7867	35.7541	35.7343	35.7502	35.7563	35.7092	35.7054	35.6364	35.641	35.7046	35.7071	35.664	35.6705	35.6534	35.6425	35.6258	35.5847	35.594	35.6602	35.6542	35.6399	35.6017	35.573	35.5133	35.5737	35.5626	35.5494	35.5465	35.5512	35.5705	35.5545	35.5666	35.5043	35.3805	35.4467	35.5013	35.4555	35.4825	35.5077	35.4875	35.4472	35.364	35.3733	35.4757	35.4454	35.4348	35.4269	35.4178	35.3641	35.3569	35.4272	35.3643	35.3633	35.3681	35.3535	35.3762	35.3151	35.2629	35.1431	35.1705	35.2229	35.2016	35.2184	35.1715	35.1464	35.151	35.0993	35.107	35.2725	35.1393	35.1203	35.1549	35.1004	35.0598	35.0205	35.0426	35.0833	35.0471	35.0269	34.9635	34.9611	34.9601	34.9452	35.8949
Sfa-CBas_036-Ex1-cssl.clmp.r1r2_fastp	36.5065	36.1988	36.2	36.2185	36.258	36.2517	36.2213	36.2354	36.2377	36.2236	36.2812	36.2829	36.2823	36.2423	36.2104	36.2177	36.2097	36.2162	36.2335	36.2071	36.203	36.2028	36.1823	36.1314	36.1379	36.1425	36.1248	36.107	36.0802	36.0753	36.0545	36.0583	36.0399	36.0308	36.0418	36.0308	36.0259	35.9848	35.9836	35.9466	35.9937	35.9847	35.9835	35.9406	35.9397	35.937	35.8974	35.8802	35.8337	35.869	35.8968	35.8829	35.8659	35.8423	35.847	35.8186	35.7891	35.7815	35.8054	35.7722	35.7929	35.7793	35.7916	35.7646	35.7423	35.737	35.7532	35.7191	35.7065	35.7192	35.725	35.6767	35.6732	35.6063	35.6104	35.6725	35.6712	35.6342	35.6382	35.6193	35.6132	35.5959	35.5605	35.5569	35.6279	35.6232	35.6096	35.5726	35.5473	35.4831	35.5439	35.5298	35.5186	35.5157	35.5273	35.5365	35.521	35.5342	35.4741	35.3508	35.4155	35.4766	35.4234	35.4534	35.476	35.4558	35.4158	35.3377	35.3502	35.4513	35.4219	35.4119	35.4062	35.3948	35.3375	35.3347	35.4037	35.3385	35.3452	35.3445	35.3388	35.3603	35.2999	35.2482	35.1306	35.1597	35.2093	35.1873	35.2118	35.1667	35.1448	35.1334	35.0998	35.0972	35.2687	35.1352	35.1186	35.1482	35.0973	35.0554	35.0191	35.0473	35.0835	35.0471	35.0338	34.9679	34.9617	34.9707	34.9425	35.9081
Sfa-CBas_039-Ex1-cssl.clmp.r1r2_fastp	36.0599	35.3827	35.3449	35.3875	35.4176	35.4098	35.3736	35.3837	35.3705	35.3686	35.4277	35.4218	35.4149	35.3648	35.3238	35.3186	35.2998	35.3036	35.3074	35.2647	35.2543	35.2509	35.2231	35.167	35.1414	35.1347	35.1126	35.0966	35.0428	35.0349	34.9928	34.9889	34.9578	34.9259	34.9445	34.943	34.9331	34.889	34.8674	34.8268	34.8779	34.8566	34.845	34.7702	34.7564	34.7576	34.6928	34.667	34.6282	34.6443	34.682	34.6565	34.6343	34.5964	34.6025	34.5681	34.5461	34.52	34.5555	34.5079	34.5197	34.5002	34.5125	34.4675	34.449	34.4228	34.4454	34.4135	34.3751	34.3931	34.3993	34.3188	34.3142	34.2649	34.2148	34.3269	34.3219	34.2617	34.2714	34.2388	34.2342	34.2003	34.159	34.1454	34.2466	34.2509	34.2181	34.1564	34.1434	34.0219	34.1277	34.1107	34.0858	34.09	34.0954	34.1106	34.0979	34.0953	34.0074	33.9203	33.9266	34.0419	33.9527	33.9997	34.0546	34.0271	33.9611	33.8875	33.854	34.0258	33.9831	33.9598	33.9683	33.9338	33.854	33.8784	33.9624	33.8937	33.893	33.8913	33.8731	33.9162	33.8351	33.7669	33.6554	33.6475	33.7288	33.7358	33.7497	33.6795	33.6609	33.6388	33.6414	33.6307	33.8564	33.6644	33.6811	33.7294	33.6554	33.5958	33.5346	33.5754	33.6244	33.5649	33.5488	33.4902	33.4897	33.5413	33.6766	35.4403
Sfa-CBas_041-Ex1-cssl.clmp.r1r2_fastp	36.4522	36.1247	36.1196	36.1467	36.1881	36.18	36.1503	36.1628	36.1664	36.1528	36.2064	36.2083	36.2091	36.1661	36.1274	36.1354	36.1294	36.1392	36.156	36.128	36.1267	36.1229	36.101	36.0451	36.0512	36.0521	36.0365	36.0184	35.9902	35.9804	35.9596	35.9579	35.9374	35.9258	35.9396	35.9299	35.9223	35.8787	35.8756	35.833	35.8827	35.8771	35.8667	35.8299	35.8217	35.8174	35.7775	35.7616	35.7071	35.7445	35.7754	35.7586	35.7415	35.7191	35.7226	35.692	35.6591	35.6554	35.6822	35.6407	35.6633	35.6455	35.6572	35.6291	35.6081	35.6031	35.624	35.5842	35.5736	35.5871	35.5932	35.5399	35.5281	35.463	35.4604	35.5347	35.5327	35.4971	35.4992	35.4799	35.4741	35.4553	35.4104	35.4071	35.4807	35.4777	35.4677	35.4271	35.3977	35.3315	35.3968	35.3832	35.3654	35.358	35.37	35.3866	35.3749	35.3844	35.3212	35.1984	35.261	35.3174	35.2698	35.2943	35.3239	35.2961	35.2607	35.1735	35.1848	35.2934	35.2637	35.2501	35.2434	35.2363	35.1716	35.1694	35.2461	35.1744	35.1811	35.1832	35.1708	35.1935	35.128	35.0763	34.9539	34.9802	35.0385	35.0145	35.0388	34.9857	34.9607	34.9687	34.9237	34.9234	35.1022	34.9613	34.9426	34.9719	34.9267	34.88	34.8442	34.8687	34.9079	34.8738	34.8577	34.783	34.7825	34.7883	34.7894	35.8394
Sfa-CBas_042-Ex1-cssl.clmp.r1r2_fastp	36.381	36.0538	36.0349	36.0532	36.0914	36.0821	36.0502	36.0569	36.0611	36.0494	36.104	36.1018	36.098	36.0578	36.0203	36.026	36.0157	36.0223	36.0387	36.0107	36.0081	36.0064	35.9743	35.9231	35.9294	35.9266	35.9104	35.8891	35.8558	35.846	35.8215	35.8271	35.8078	35.794	35.8088	35.7949	35.7858	35.7362	35.7356	35.6934	35.745	35.7448	35.7333	35.6848	35.6795	35.6696	35.6302	35.611	35.564	35.6002	35.6261	35.6165	35.5956	35.5668	35.5707	35.5424	35.509	35.504	35.5306	35.4931	35.5206	35.4988	35.512	35.4853	35.4617	35.4534	35.4708	35.4308	35.4115	35.4293	35.4362	35.3814	35.3684	35.3068	35.3042	35.381	35.3818	35.3428	35.3395	35.3141	35.3059	35.2913	35.2511	35.247	35.3296	35.3247	35.3096	35.2656	35.2411	35.1677	35.2397	35.2227	35.2065	35.2008	35.1997	35.2246	35.2173	35.2275	35.1615	35.0359	35.1033	35.1604	35.1063	35.1389	35.1726	35.1418	35.0979	35.0172	35.0262	35.128	35.1038	35.0883	35.0904	35.0759	35.0144	35.0025	35.0902	35.0142	35.0242	35.0293	35.015	35.0473	34.9773	34.9229	34.7992	34.8152	34.8829	34.8603	34.8784	34.8383	34.7994	34.7962	34.7681	34.7625	34.9497	34.8037	34.7981	34.8288	34.7707	34.7288	34.686	34.7244	34.7495	34.7179	34.7028	34.6406	34.6288	34.6442	34.6601	35.7894
Sfa-CBas_043-Ex1-cssl.clmp.r1r2_fastp	36.4169	36.1652	36.1549	36.1693	36.1998	36.1874	36.1546	36.1701	36.1726	36.1579	36.2125	36.2088	36.2131	36.1679	36.1297	36.1411	36.1306	36.1422	36.1582	36.136	36.1283	36.1314	36.1087	36.0547	36.0623	36.0642	36.0474	36.0307	35.9962	35.994	35.9723	35.9757	35.9529	35.9415	35.9562	35.9485	35.9408	35.8959	35.895	35.8546	35.8998	35.8965	35.8876	35.8504	35.8462	35.8466	35.807	35.7881	35.7366	35.7703	35.8015	35.7876	35.7664	35.7472	35.7494	35.7206	35.6912	35.6854	35.7067	35.67	35.6965	35.6758	35.6913	35.6649	35.6401	35.6357	35.6552	35.6223	35.6055	35.619	35.6243	35.5728	35.567	35.4927	35.5033	35.5721	35.5702	35.5328	35.5348	35.5212	35.5088	35.4908	35.4498	35.4513	35.5243	35.5213	35.5065	35.4712	35.4397	35.3725	35.4413	35.4261	35.4112	35.4083	35.419	35.4294	35.4161	35.4346	35.373	35.248	35.3124	35.3713	35.3187	35.3537	35.3736	35.3518	35.3098	35.2303	35.2427	35.3522	35.3183	35.3066	35.3015	35.2922	35.2334	35.224	35.303	35.2348	35.2375	35.2443	35.2368	35.2571	35.195	35.1409	35.0189	35.0477	35.1025	35.0798	35.1031	35.0533	35.0314	35.0299	34.9902	34.9899	35.1655	35.0314	35.0126	35.0402	34.997	34.9519	34.9131	34.9428	34.9835	34.9483	34.931	34.8645	34.86	34.859	34.8582	35.8604
Sfa-CBas_044-Ex1-cssl.clmp.r1r2_fastp	36.0025	35.2199	35.174	35.2178	35.2668	35.2634	35.2353	35.2336	35.2335	35.2282	35.3048	35.2947	35.2868	35.2228	35.1603	35.1574	35.1458	35.1541	35.1649	35.1274	35.1086	35.1157	35.0632	35.0231	34.9856	34.9943	34.9668	34.9459	34.8889	34.8786	34.8445	34.8298	34.8037	34.7885	34.8232	34.8085	34.7863	34.71	34.7014	34.6682	34.7351	34.6976	34.6813	34.6128	34.6211	34.6007	34.5388	34.5015	34.461	34.4916	34.5283	34.5118	34.481	34.4386	34.4557	34.4007	34.3699	34.3545	34.3764	34.3427	34.3649	34.3443	34.3587	34.3296	34.2779	34.2598	34.2984	34.2428	34.2131	34.2334	34.2407	34.1431	34.1262	34.0751	34.0494	34.1411	34.1649	34.0855	34.0893	34.0786	34.0588	34.0248	33.9928	33.9746	34.0885	34.0745	34.047	33.9905	33.9676	33.8552	33.9617	33.9159	33.9007	33.9005	33.9138	33.9246	33.9056	33.9243	33.8464	33.7061	33.751	33.8375	33.7939	33.8421	33.8936	33.8516	33.7723	33.7177	33.6852	33.8414	33.8042	33.8022	33.8036	33.7851	33.6932	33.6781	33.8023	33.7147	33.7075	33.7285	33.6953	33.737	33.6628	33.5783	33.4643	33.4456	33.559	33.5217	33.5535	33.497	33.4813	33.4522	33.4556	33.4376	33.6777	33.5034	33.4686	33.521	33.4819	33.4082	33.3485	33.3747	33.4249	33.3875	33.3608	33.3146	33.2847	33.349	33.5032	35.3804
Sfa-CBas_046-Ex1-cssl.clmp.r1r2_fastp	36.0349	35.2176	35.1932	35.2192	35.2805	35.2713	35.2424	35.2455	35.2489	35.2187	35.304	35.2978	35.2987	35.2431	35.186	35.1859	35.1813	35.1753	35.1881	35.1531	35.1278	35.1367	35.1061	35.0618	35.0225	35.0284	34.9971	34.9593	34.9359	34.9011	34.8752	34.9008	34.8304	34.8432	34.8504	34.8299	34.8419	34.7614	34.7676	34.7373	34.7787	34.7432	34.7343	34.6524	34.6711	34.6559	34.5821	34.5527	34.5357	34.546	34.5802	34.5683	34.5402	34.4942	34.4983	34.4371	34.4228	34.4026	34.4304	34.3902	34.4305	34.3781	34.4056	34.3676	34.3451	34.3048	34.3511	34.2673	34.2631	34.2941	34.3155	34.209	34.2037	34.1763	34.1008	34.2263	34.2149	34.1539	34.1779	34.1436	34.1196	34.0712	34.061	34.0387	34.1547	34.1187	34.1088	34.0555	34.0383	33.9295	34.0379	33.9964	33.9646	33.9836	33.9584	33.9976	33.982	33.9889	33.9076	33.8201	33.8308	33.9313	33.8573	33.9034	33.953	33.9153	33.8208	33.7898	33.7463	33.913	33.8805	33.8599	33.8483	33.8301	33.7548	33.7753	33.8646	33.7924	33.8045	33.7929	33.7758	33.8154	33.7245	33.6696	33.5437	33.5423	33.6177	33.6118	33.6366	33.5895	33.5629	33.5046	33.5423	33.5351	33.7679	33.5756	33.5574	33.6107	33.566	33.5343	33.4228	33.4714	33.4994	33.4915	33.4449	33.4122	33.3776	33.4434	33.5897	35.4247
Sfa-CBas_048-Ex1-cssl.clmp.r1r2_fastp	36.4912	36.294	36.2827	36.2924	36.3204	36.3109	36.2819	36.2934	36.2986	36.2822	36.3312	36.3335	36.3328	36.2953	36.2595	36.2684	36.258	36.2673	36.2828	36.2614	36.2559	36.2551	36.2345	36.1855	36.1889	36.1906	36.1744	36.1605	36.1338	36.1295	36.1112	36.111	36.0904	36.0822	36.0921	36.0863	36.0781	36.036	36.0371	35.9983	36.0427	36.0395	36.0277	35.9917	35.9856	35.9839	35.9446	35.9261	35.8789	35.9211	35.9496	35.9356	35.9162	35.8965	35.9019	35.8719	35.8375	35.8389	35.8552	35.8242	35.8427	35.8323	35.8407	35.8178	35.7942	35.7931	35.8072	35.775	35.7593	35.7701	35.7795	35.7271	35.7256	35.6573	35.6663	35.727	35.7273	35.6874	35.6935	35.6772	35.6651	35.6498	35.6073	35.6064	35.6793	35.6734	35.6633	35.6235	35.5954	35.5368	35.5968	35.5849	35.5733	35.5668	35.5725	35.588	35.5735	35.5889	35.5274	35.4057	35.4739	35.5285	35.4798	35.51	35.5323	35.5105	35.4682	35.3906	35.4004	35.5044	35.4719	35.4643	35.4556	35.4505	35.393	35.3887	35.4537	35.3942	35.3967	35.3988	35.3884	35.4101	35.3476	35.3006	35.1795	35.2086	35.2609	35.2424	35.2545	35.2155	35.1886	35.1854	35.1493	35.1483	35.3158	35.1864	35.1695	35.1973	35.1524	35.1075	35.0768	35.0989	35.1346	35.0996	35.0837	35.0192	35.0134	35.0136	34.992	35.9185
Sfa-CBas_056-Ex1-cssl.clmp.r1r2_fastp	36.4604	36.2197	36.2103	36.223	36.2507	36.2401	36.2111	36.23	36.2358	36.2182	36.2718	36.2733	36.2725	36.2333	36.1965	36.2044	36.2002	36.207	36.2206	36.1979	36.1914	36.1926	36.1707	36.1224	36.1271	36.1304	36.1167	36.098	36.0702	36.0647	36.0435	36.0481	36.0273	36.0196	36.0356	36.0289	36.0209	35.9766	35.9792	35.939	35.9815	35.9807	35.9681	35.9303	35.9278	35.9224	35.884	35.8678	35.819	35.8577	35.884	35.8736	35.8508	35.8331	35.8326	35.8057	35.7752	35.7725	35.796	35.7605	35.781	35.7664	35.7788	35.7538	35.7288	35.725	35.7448	35.7077	35.6965	35.708	35.7165	35.6621	35.6536	35.5831	35.5955	35.6602	35.6601	35.6216	35.622	35.6072	35.5949	35.581	35.5343	35.5386	35.6087	35.6069	35.5944	35.5562	35.527	35.4631	35.5295	35.5143	35.5009	35.4943	35.5004	35.5212	35.5049	35.5219	35.4565	35.3317	35.4017	35.4558	35.4061	35.4414	35.4639	35.4409	35.3929	35.3178	35.328	35.4332	35.4056	35.3922	35.3862	35.3779	35.3214	35.3142	35.3842	35.3206	35.3237	35.3334	35.3164	35.3442	35.2786	35.224	35.1028	35.132	35.1852	35.1641	35.1829	35.1367	35.1148	35.117	35.0736	35.0769	35.2496	35.1106	35.0995	35.1241	35.0736	35.0332	34.9952	35.0264	35.0665	35.0286	35.0112	34.9452	34.9437	34.9436	34.9243	35.891
Sfa-CBas_059-Ex1-cssl.clmp.r1r2_fastp	36.3787	36.0171	35.9955	36.0138	36.0513	36.0424	36.0064	36.0148	36.0241	36.0089	36.0659	36.0622	36.0557	36.0164	35.976	35.9808	35.9732	35.9861	36.0032	35.9701	35.965	35.9689	35.9421	35.8888	35.8912	35.8866	35.8659	35.8445	35.8137	35.8015	35.7823	35.7911	35.7638	35.753	35.7659	35.7561	35.751	35.6978	35.7024	35.6616	35.7096	35.7036	35.7015	35.6498	35.6533	35.6409	35.6014	35.5776	35.5318	35.5627	35.5958	35.5789	35.5597	35.539	35.5444	35.504	35.4685	35.4698	35.4908	35.4534	35.4831	35.4628	35.4734	35.4452	35.4181	35.4075	35.4303	35.3936	35.3772	35.3961	35.4002	35.3424	35.3399	35.2706	35.2609	35.3437	35.3473	35.3074	35.3062	35.2902	35.2809	35.2622	35.2201	35.2141	35.2978	35.2915	35.2776	35.2391	35.2158	35.1336	35.199	35.1862	35.1722	35.1636	35.1773	35.1974	35.1893	35.192	35.1277	35.0048	35.0561	35.1224	35.0739	35.1081	35.1418	35.1162	35.0613	34.9823	34.98	35.101	35.0764	35.0566	35.0564	35.0398	34.9853	34.9711	35.0497	34.9851	34.9796	34.9896	34.9799	35.0043	34.934	34.8803	34.7505	34.768	34.8349	34.8114	34.829	34.794	34.7658	34.7577	34.7112	34.7185	34.8992	34.7597	34.751	34.7686	34.7246	34.6709	34.6273	34.6581	34.6929	34.6551	34.6465	34.5739	34.561	34.5803	34.5965	35.7736
Sfa-CBas_061-Ex1-cssl.clmp.r1r2_fastp	36.3498	35.9933	35.9847	36.0164	36.0494	36.0348	36.0009	36.018	36.019	35.9966	36.064	36.0605	36.0662	36.0203	35.9806	35.9794	35.9746	35.9856	36.0007	35.9747	35.9637	35.968	35.9401	35.8824	35.8918	35.8868	35.8726	35.8529	35.8212	35.8163	35.7918	35.7938	35.7661	35.7565	35.7666	35.7652	35.7548	35.7011	35.7021	35.6599	35.7195	35.7065	35.6983	35.6441	35.6466	35.6392	35.5915	35.5723	35.5229	35.5595	35.5971	35.5777	35.554	35.5307	35.5329	35.4986	35.4638	35.4567	35.4866	35.4463	35.469	35.4509	35.4659	35.4384	35.4054	35.4018	35.4268	35.3844	35.3673	35.381	35.3879	35.3255	35.3218	35.2503	35.2517	35.328	35.3366	35.2829	35.2844	35.265	35.2574	35.2397	35.1922	35.1894	35.278	35.2759	35.2555	35.2106	35.1735	35.1048	35.1715	35.1574	35.154	35.1449	35.154	35.171	35.1618	35.173	35.1027	34.9665	35.0354	35.1063	35.0504	35.0841	35.113	35.0884	35.0431	34.9546	34.9671	35.0904	35.0509	35.0402	35.0297	35.0247	34.9647	34.9567	35.0365	34.9672	34.9765	34.9758	34.9649	34.9917	34.9237	34.8591	34.732	34.7633	34.8276	34.803	34.8219	34.7837	34.7564	34.7477	34.7076	34.7111	34.901	34.7518	34.7357	34.765	34.7209	34.6734	34.6394	34.6524	34.6994	34.6638	34.6503	34.5794	34.569	34.5843	34.5978	35.7614
Sfa-CBas_062-Ex1-cssl.clmp.r1r2_fastp	36.422	36.1654	36.1513	36.171	36.1992	36.1885	36.158	36.1724	36.1745	36.1571	36.2142	36.2139	36.2151	36.1724	36.1316	36.1419	36.1345	36.143	36.1596	36.1378	36.1312	36.1301	36.1113	36.0537	36.0617	36.0641	36.0444	36.0297	35.9979	35.9922	35.9731	35.9762	35.9509	35.9423	35.9541	35.9478	35.9382	35.8941	35.8917	35.8505	35.8976	35.8932	35.8843	35.8473	35.8438	35.8398	35.8005	35.7846	35.7298	35.77	35.7996	35.7801	35.7618	35.738	35.7431	35.7132	35.6824	35.674	35.7024	35.665	35.6829	35.6717	35.6781	35.654	35.6316	35.625	35.6403	35.611	35.5922	35.6045	35.6104	35.5637	35.5523	35.4862	35.4921	35.5597	35.559	35.5172	35.5225	35.5013	35.4956	35.4796	35.4356	35.4354	35.5102	35.5058	35.4907	35.4552	35.4252	35.3615	35.4269	35.4105	35.3977	35.393	35.3998	35.4137	35.4036	35.4184	35.352	35.2269	35.2927	35.3525	35.3011	35.3327	35.3589	35.3361	35.2886	35.212	35.2175	35.3326	35.3013	35.2857	35.2837	35.2685	35.2124	35.2113	35.2798	35.2159	35.2179	35.2242	35.2123	35.2403	35.1749	35.1203	34.995	35.0216	35.0791	35.0561	35.0783	35.0311	35.0098	35.0087	34.9676	34.9728	35.1435	35.0062	34.9877	35.0194	34.9705	34.9237	34.8895	34.9149	34.9518	34.9238	34.9017	34.835	34.834	34.8361	34.8271	35.8508
Sfa-CBas_066-Ex1-cssl.clmp.r1r2_fastp	36.3964	36.147	36.1332	36.1512	36.1782	36.1629	36.1322	36.1416	36.1428	36.129	36.1835	36.1846	36.1856	36.1446	36.1024	36.1139	36.1042	36.1101	36.1304	36.0986	36.0955	36.0956	36.0728	36.0205	36.0233	36.024	36.0068	35.992	35.958	35.9559	35.9313	35.9359	35.9102	35.9007	35.9163	35.9094	35.8953	35.8493	35.8523	35.8105	35.8588	35.857	35.8494	35.8037	35.7931	35.7904	35.7467	35.7335	35.6822	35.7209	35.7525	35.7435	35.7158	35.6964	35.6979	35.6665	35.6323	35.6301	35.6536	35.6178	35.6456	35.6313	35.6398	35.6115	35.5904	35.5838	35.6003	35.5657	35.5475	35.5586	35.5684	35.5169	35.5104	35.4409	35.4514	35.5173	35.5176	35.4683	35.4787	35.4552	35.446	35.433	35.3878	35.3907	35.4691	35.4607	35.4436	35.4027	35.3716	35.3069	35.3775	35.3618	35.3474	35.3462	35.3539	35.3607	35.3539	35.3666	35.2962	35.1707	35.2328	35.2974	35.2475	35.2791	35.309	35.2827	35.2441	35.1535	35.1705	35.2758	35.2404	35.2282	35.2248	35.2084	35.1492	35.1482	35.2253	35.1562	35.1539	35.1624	35.1524	35.1772	35.1079	35.0518	34.9268	34.9557	35.0119	34.9924	35.0137	34.9606	34.9416	34.9316	34.8881	34.8976	35.0748	34.9327	34.919	34.9475	34.897	34.8496	34.8092	34.8369	34.8766	34.8339	34.8189	34.7515	34.7507	34.758	34.7565	35.8233
Sfa-CBas_067-Ex1-cssl.clmp.r1r2_fastp	36.4099	36.1432	36.1243	36.1458	36.1786	36.1695	36.1405	36.148	36.151	36.1365	36.1931	36.1894	36.1894	36.1493	36.1084	36.1195	36.115	36.1243	36.1412	36.1145	36.1076	36.1063	36.0841	36.0309	36.0375	36.0399	36.022	36.0041	35.9707	35.9628	35.9409	35.9484	35.9253	35.9187	35.9331	35.921	35.9121	35.8652	35.8671	35.8263	35.8758	35.8715	35.8574	35.8163	35.8173	35.808	35.7683	35.7475	35.6966	35.7425	35.7707	35.757	35.7339	35.7144	35.7156	35.6842	35.6512	35.6456	35.6689	35.6352	35.658	35.6449	35.6569	35.6311	35.6079	35.5997	35.6165	35.5823	35.5683	35.5835	35.5841	35.5312	35.5321	35.4576	35.4621	35.5351	35.533	35.4924	35.491	35.4808	35.4705	35.456	35.4067	35.4069	35.4824	35.484	35.4611	35.4216	35.3936	35.3237	35.394	35.3787	35.3669	35.3611	35.3682	35.3845	35.3739	35.3878	35.3209	35.1878	35.2608	35.3191	35.2726	35.3012	35.3261	35.2982	35.2586	35.1719	35.1841	35.2974	35.2676	35.2478	35.247	35.2351	35.1759	35.1655	35.2482	35.1757	35.1763	35.1828	35.1678	35.1953	35.1258	35.073	34.9418	34.9752	35.0265	35.0098	35.0289	34.9807	34.9558	34.9523	34.9103	34.9125	35.0908	34.9514	34.9318	34.9636	34.9119	34.8587	34.8253	34.8523	34.8915	34.8537	34.8423	34.7718	34.7698	34.7724	34.7657	35.8205
Sfa-CBas_073-Ex1-cssl.clmp.r1r2_fastp	36.1134	35.422	35.4039	35.4302	35.4715	35.459	35.4339	35.4394	35.4159	35.4195	35.4856	35.4806	35.48	35.4246	35.3869	35.3764	35.3603	35.3641	35.3682	35.3334	35.3164	35.3095	35.2905	35.2304	35.2085	35.2027	35.1821	35.1483	35.1083	35.0956	35.0479	35.0681	35.0277	35.0115	35.0312	35.0211	34.9997	34.9403	34.936	34.9063	34.9642	34.9423	34.9218	34.8487	34.8508	34.8561	34.7838	34.7751	34.7348	34.74	34.7739	34.7522	34.726	34.6964	34.6804	34.6458	34.6347	34.6061	34.6381	34.5792	34.6192	34.5961	34.5995	34.5778	34.5347	34.5318	34.5436	34.4954	34.4687	34.4867	34.4886	34.4376	34.4111	34.3632	34.3293	34.4279	34.4333	34.386	34.3589	34.3494	34.3329	34.3007	34.2942	34.2662	34.3753	34.3561	34.3352	34.289	34.2707	34.1569	34.2429	34.2129	34.2283	34.2026	34.2142	34.23	34.2253	34.2339	34.1354	34.0457	34.0763	34.1577	34.1035	34.1626	34.1837	34.1562	34.0828	34.0429	33.9871	34.1462	34.1029	34.096	34.0842	34.0825	34.0013	33.9975	34.1021	34.019	34.0302	34.0433	34.0321	34.0604	33.9724	33.9014	33.8116	33.8014	33.8751	33.862	33.8807	33.839	33.8263	33.7858	33.7829	33.7745	33.993	33.8377	33.8127	33.8445	33.8119	33.7513	33.6886	33.7283	33.7735	33.7322	33.7054	33.6301	33.6248	33.6666	33.8477	35.5061
Sfa-CBas_076-Ex1-cssl.clmp.r1r2_fastp	36.3601	36.0169	36.0157	36.0389	36.0719	36.0638	36.0315	36.0467	36.0546	36.0363	36.0996	36.0963	36.0971	36.0496	36.0123	36.0223	36.0153	36.0228	36.0453	36.0138	36.0074	36.0088	35.9868	35.9241	35.9343	35.9379	35.9205	35.9072	35.8696	35.8667	35.8416	35.848	35.8257	35.8156	35.8294	35.8212	35.8124	35.7652	35.7663	35.7285	35.7805	35.7776	35.7585	35.7178	35.7177	35.7111	35.6701	35.6476	35.5931	35.6367	35.6659	35.6572	35.6336	35.6052	35.6099	35.5757	35.546	35.5423	35.5673	35.5253	35.5544	35.5361	35.5484	35.5218	35.4991	35.4898	35.5152	35.4749	35.456	35.4734	35.4827	35.4236	35.4178	35.343	35.3498	35.4192	35.4211	35.38	35.3813	35.3636	35.3564	35.3371	35.2947	35.2944	35.3706	35.3714	35.3508	35.3127	35.282	35.2135	35.2819	35.2693	35.2468	35.2494	35.2579	35.275	35.2614	35.2785	35.2017	35.0726	35.142	35.2073	35.1582	35.1901	35.2219	35.192	35.1475	35.0575	35.068	35.1909	35.1566	35.1435	35.1422	35.1286	35.0692	35.0675	35.1499	35.0769	35.0769	35.0844	35.0742	35.0967	35.0312	34.9743	34.8448	34.8684	34.9337	34.9161	34.9356	34.8845	34.8618	34.8609	34.8233	34.823	35.0098	34.8628	34.8486	34.8763	34.8272	34.7818	34.7423	34.7734	34.8145	34.7849	34.7637	34.6925	34.6966	34.7035	34.696	35.7874
Sfa-CBas_078-Ex1-cssl.clmp.r1r2_fastp	36.3937	36.1292	36.1172	36.1322	36.1618	36.1512	36.1157	36.1288	36.1313	36.1121	36.168	36.173	36.1763	36.1295	36.0923	36.0962	36.0888	36.0995	36.1157	36.0882	36.0866	36.0829	36.0602	36.0093	36.014	36.0118	35.9928	35.9787	35.9426	35.938	35.9162	35.9227	35.8972	35.8901	35.9034	35.8976	35.886	35.8352	35.8405	35.7988	35.8532	35.8458	35.8345	35.7928	35.7928	35.7869	35.7457	35.7304	35.6776	35.7135	35.7462	35.7361	35.7049	35.6864	35.6825	35.6496	35.6221	35.6171	35.6457	35.6037	35.6296	35.6118	35.6286	35.6054	35.5732	35.5679	35.5806	35.5485	35.5278	35.5429	35.5496	35.4984	35.4953	35.4225	35.4255	35.5021	35.4954	35.454	35.4539	35.4406	35.4302	35.4148	35.3721	35.3752	35.4478	35.4503	35.4301	35.3882	35.3602	35.2868	35.3582	35.3518	35.3308	35.3282	35.3385	35.351	35.341	35.3536	35.2839	35.1571	35.2219	35.2846	35.2358	35.2677	35.296	35.2682	35.2293	35.1412	35.1522	35.2723	35.2291	35.2218	35.2138	35.2061	35.1451	35.1397	35.2133	35.1482	35.1489	35.1505	35.1425	35.1661	35.1038	35.049	34.9169	34.9467	35.0035	34.9836	35.007	34.9559	34.9322	34.9322	34.8891	34.8907	35.067	34.9252	34.9127	34.9456	34.8977	34.8483	34.8115	34.8392	34.8778	34.8357	34.8217	34.7562	34.7419	34.7582	34.751	35.819
Sfa-CBas_084-Ex1-cssl.clmp.r1r2_fastp	36.4548	36.2617	36.2521	36.2659	36.2942	36.2826	36.2514	36.2621	36.2684	36.2508	36.3053	36.3047	36.3052	36.2647	36.2251	36.2382	36.235	36.2433	36.2608	36.2354	36.233	36.2322	36.211	36.1586	36.1689	36.1699	36.1561	36.1407	36.1145	36.1097	36.0909	36.0938	36.0752	36.0627	36.079	36.0686	36.0613	36.0184	36.018	35.9767	36.026	36.0222	36.0151	35.9784	35.9745	35.9716	35.9332	35.917	35.8625	35.9052	35.9335	35.9206	35.8998	35.883	35.8836	35.8559	35.8221	35.8177	35.8448	35.8076	35.8325	35.8152	35.8292	35.8044	35.7781	35.7764	35.794	35.7611	35.7446	35.7602	35.7645	35.7149	35.7066	35.6318	35.6455	35.7123	35.712	35.6714	35.6747	35.6588	35.651	35.6335	35.588	35.5892	35.662	35.6591	35.6427	35.6044	35.5751	35.5119	35.5787	35.5653	35.549	35.5436	35.5535	35.5668	35.5587	35.5719	35.5075	35.3743	35.4486	35.5034	35.4551	35.4842	35.5109	35.484	35.4415	35.3533	35.3732	35.4811	35.4465	35.4344	35.429	35.4183	35.3624	35.3532	35.4249	35.3625	35.3658	35.3683	35.3522	35.3785	35.3142	35.2613	35.1257	35.1649	35.2197	35.1939	35.2136	35.1659	35.1413	35.1411	35.0939	35.1003	35.2759	35.1328	35.1192	35.1444	35.0915	35.0503	35.0145	35.0436	35.0812	35.0478	35.0344	34.9603	34.9605	34.9551	34.925	35.8702
Sfa-CBas_086-Ex1-cssl.clmp.r1r2_fastp	36.4919	36.2273	36.2221	36.2401	36.2741	36.2661	36.236	36.2502	36.2578	36.2397	36.296	36.295	36.2981	36.2585	36.2232	36.2319	36.2256	36.2306	36.2503	36.2258	36.2227	36.2193	36.201	36.1485	36.1542	36.1554	36.1442	36.1256	36.0966	36.0952	36.0743	36.079	36.0567	36.0489	36.0615	36.0554	36.0442	36.0049	36.0055	35.9717	36.0114	36.0109	35.9989	35.9615	35.9612	35.9558	35.9178	35.8987	35.8533	35.8901	35.9217	35.9083	35.8885	35.8681	35.8689	35.8372	35.8103	35.806	35.8305	35.7946	35.8193	35.8031	35.8153	35.7908	35.7686	35.7646	35.78	35.748	35.7328	35.7475	35.7557	35.7047	35.6994	35.6338	35.6392	35.7013	35.7006	35.6655	35.6633	35.6536	35.6435	35.6289	35.5817	35.588	35.6583	35.6521	35.641	35.601	35.5747	35.5135	35.5711	35.5589	35.5485	35.543	35.553	35.562	35.5566	35.5675	35.5078	35.3851	35.4484	35.5079	35.4577	35.4891	35.5126	35.489	35.4529	35.374	35.3842	35.4884	35.4555	35.4432	35.4369	35.4266	35.3707	35.3676	35.4414	35.3814	35.3783	35.3853	35.374	35.3955	35.332	35.2803	35.1554	35.1892	35.2441	35.2291	35.2457	35.1977	35.1759	35.1718	35.1324	35.1375	35.3029	35.1686	35.1548	35.1829	35.1303	35.0911	35.051	35.0863	35.1194	35.0827	35.0747	35.0046	34.9974	35.0031	34.9803	35.9156
Sfa-CBas_088-Ex1-cssl.clmp.r1r2_fastp	36.4369	36.1799	36.1736	36.1872	36.2182	36.2078	36.1757	36.1841	36.1894	36.1737	36.2266	36.2262	36.2332	36.1913	36.1515	36.1611	36.1532	36.1606	36.1787	36.15	36.1461	36.1465	36.1233	36.0727	36.0768	36.0755	36.0598	36.0427	36.0142	36.0086	35.9854	35.9866	35.9685	35.9544	35.9694	35.9606	35.9508	35.9048	35.9074	35.863	35.9161	35.9112	35.8953	35.8588	35.8492	35.8447	35.8003	35.7869	35.7343	35.7738	35.8056	35.7957	35.7705	35.75	35.7503	35.7157	35.6834	35.676	35.7053	35.6692	35.6886	35.6756	35.689	35.662	35.6392	35.6319	35.6491	35.6141	35.5906	35.6094	35.6177	35.5672	35.5603	35.4861	35.4971	35.5586	35.5612	35.5193	35.5217	35.5048	35.4964	35.4792	35.4372	35.4402	35.5128	35.5107	35.4904	35.4514	35.4205	35.3575	35.4232	35.4111	35.395	35.3947	35.3993	35.415	35.3977	35.4175	35.3458	35.2254	35.2857	35.3481	35.3001	35.3305	35.3576	35.3334	35.2919	35.2025	35.2185	35.3273	35.2949	35.2819	35.28	35.2672	35.2097	35.2076	35.2748	35.2115	35.2183	35.2219	35.2071	35.232	35.1636	35.1114	34.9881	35.0129	35.0716	35.0506	35.0703	35.0265	34.9927	34.9966	34.9599	34.9595	35.137	34.9965	34.976	35.0091	34.9552	34.9104	34.8785	34.9056	34.9337	34.9034	34.8841	34.8216	34.8176	34.8212	34.8158	35.8471
Sfa-CBas_090-Ex1-cssl.clmp.r1r2_fastp	36.0446	35.2238	35.1927	35.2349	35.2756	35.2699	35.2133	35.221	35.1996	35.2075	35.2763	35.2942	35.2768	35.214	35.1708	35.1757	35.1339	35.1482	35.1754	35.1106	35.0929	35.0982	35.0589	35.012	34.9846	34.9662	34.9506	34.9041	34.8594	34.8353	34.8148	34.8275	34.7624	34.7562	34.797	34.7859	34.7674	34.6986	34.6839	34.6586	34.7064	34.6572	34.6603	34.6095	34.6002	34.5863	34.4933	34.4902	34.4371	34.459	34.491	34.4887	34.4536	34.4047	34.3844	34.3576	34.3374	34.3088	34.3208	34.2925	34.3302	34.3079	34.3124	34.2651	34.2315	34.2227	34.2391	34.1861	34.1618	34.2045	34.197	34.1254	34.1008	34.0664	34.0031	34.1153	34.123	34.0456	34.0481	34.0328	34.0226	33.9995	33.9433	33.9316	34.0156	34.0263	33.9916	33.9549	33.9187	33.8027	33.9025	33.8701	33.8754	33.8537	33.8758	33.8789	33.8568	33.8742	33.7938	33.6763	33.7234	33.8167	33.7017	33.7826	33.816	33.7729	33.6995	33.6451	33.6292	33.7889	33.739	33.7344	33.7221	33.6836	33.6376	33.6242	33.7256	33.6525	33.6528	33.6717	33.6482	33.6777	33.6235	33.5278	33.4216	33.4241	33.5038	33.4873	33.5117	33.47	33.4448	33.417	33.3972	33.3956	33.6348	33.4561	33.451	33.4858	33.4578	33.3652	33.3343	33.3386	33.4096	33.3497	33.3476	33.2658	33.2711	33.3064	33.464	35.3702
Sfa-CBas_091-Ex1-cssl.clmp.r1r2_fastp	36.4598	36.1993	36.1873	36.2025	36.2327	36.2209	36.196	36.2075	36.2076	36.1942	36.2444	36.2462	36.245	36.2066	36.1745	36.1805	36.1728	36.1767	36.193	36.1697	36.163	36.1576	36.1379	36.0916	36.0935	36.0907	36.0743	36.058	36.032	36.0212	35.996	36.0044	35.9808	35.9693	35.9794	35.9721	35.9689	35.9191	35.9259	35.8852	35.9293	35.9242	35.9058	35.8746	35.871	35.8657	35.8267	35.8108	35.7617	35.7955	35.824	35.8086	35.7866	35.7697	35.7705	35.742	35.7084	35.7035	35.7273	35.6932	35.7094	35.697	35.7066	35.6818	35.6586	35.6533	35.6669	35.6376	35.6222	35.6376	35.6383	35.5862	35.5821	35.5137	35.5207	35.5851	35.5856	35.5447	35.5523	35.531	35.5253	35.507	35.4646	35.4639	35.5348	35.5319	35.5198	35.4791	35.4542	35.3938	35.4526	35.4368	35.4259	35.4172	35.4299	35.4402	35.4304	35.4499	35.3856	35.2668	35.3321	35.3886	35.3384	35.3703	35.397	35.3667	35.3323	35.2572	35.2644	35.3736	35.3425	35.3295	35.3183	35.3186	35.2573	35.2563	35.3308	35.2609	35.2614	35.2682	35.2586	35.2871	35.2248	35.1784	35.06	35.0804	35.1343	35.1217	35.1362	35.0913	35.0713	35.0726	35.0377	35.0351	35.199	35.0737	35.0561	35.0847	35.0367	34.9992	34.9682	34.9938	35.0294	34.9986	34.9813	34.916	34.9119	34.9261	34.9136	35.8988
Sfa-CBas_092-Ex1-cssl.clmp.r1r2_fastp	35.9935	35.2417	35.2028	35.2381	35.2778	35.2658	35.2398	35.2464	35.2264	35.2124	35.2858	35.2864	35.283	35.2313	35.1765	35.173	35.1582	35.1602	35.1788	35.1431	35.1218	35.1134	35.0803	35.0182	34.9943	35.0108	34.9766	34.9451	34.9011	34.8816	34.8472	34.863	34.8068	34.8091	34.827	34.809	34.8055	34.723	34.7176	34.69	34.7307	34.7186	34.6897	34.6369	34.6249	34.6137	34.5529	34.5372	34.4918	34.5138	34.5413	34.5407	34.4856	34.461	34.4675	34.4151	34.3834	34.3787	34.4082	34.3622	34.3862	34.3722	34.3746	34.3512	34.2941	34.279	34.2961	34.2689	34.2185	34.2475	34.273	34.1862	34.1826	34.1282	34.0762	34.1697	34.1804	34.1162	34.1211	34.0993	34.0805	34.055	34.0361	34.0167	34.104	34.1043	34.0808	34.0373	33.9976	33.8922	33.9952	33.9598	33.942	33.9597	33.9451	33.9788	33.9575	33.9728	33.8582	33.7612	33.7896	33.9151	33.8088	33.8674	33.922	33.8776	33.8139	33.7499	33.7162	33.8802	33.8218	33.8196	33.7967	33.8081	33.7192	33.7228	33.8248	33.7337	33.7315	33.7565	33.736	33.7615	33.6806	33.6201	33.5156	33.4822	33.5798	33.5551	33.5868	33.5395	33.501	33.49	33.4943	33.4833	33.7153	33.5402	33.5217	33.566	33.5202	33.4583	33.4028	33.4196	33.4664	33.4371	33.4122	33.3483	33.3291	33.3796	33.5365	35.4021
Sfa-CBas_096-Ex1-cssl.clmp.r1r2_fastp	36.1182	35.4578	35.4258	35.4711	35.5036	35.5109	35.4669	35.4717	35.4663	35.4469	35.5055	35.5246	35.5116	35.4675	35.4169	35.4144	35.3895	35.4085	35.4076	35.3717	35.3525	35.352	35.3197	35.2729	35.2418	35.2493	35.2045	35.1823	35.1346	35.1249	35.0924	35.0926	35.0633	35.0461	35.0695	35.0415	35.0367	34.9772	34.9722	34.9413	34.9928	34.9671	34.9581	34.9045	34.8752	34.8761	34.8326	34.7989	34.7611	34.7717	34.8106	34.7854	34.7638	34.7231	34.7138	34.6674	34.6789	34.6495	34.6591	34.6293	34.6656	34.622	34.6413	34.6123	34.5784	34.5672	34.5918	34.5226	34.5124	34.5411	34.521	34.4512	34.4549	34.4155	34.364	34.4643	34.4648	34.3958	34.4064	34.3746	34.3779	34.34	34.3102	34.2987	34.3987	34.3849	34.3507	34.3268	34.2926	34.1915	34.2737	34.2678	34.237	34.2262	34.2478	34.2641	34.2502	34.2591	34.1753	34.081	34.0988	34.1876	34.1278	34.1738	34.2098	34.1802	34.1177	34.0686	34.0388	34.1902	34.1481	34.1277	34.135	34.1177	34.0411	34.0453	34.1243	34.0489	34.0646	34.0616	34.0852	34.0845	34.0166	33.9597	33.8631	33.8481	33.9356	33.919	33.9521	33.9002	33.8696	33.8633	33.8579	33.8536	34.0562	33.8821	33.874	33.8999	33.8844	33.7965	33.7626	33.7933	33.8431	33.7843	33.7803	33.7141	33.7022	33.7481	33.8923	35.5148
