all	0	13231	1600000	0.0082694
all	1	3261	1600000	0.0020381
all	2	5458	1600000	0.0034112
all	3	4431	1600000	0.0027694
all	4	5744	1600000	0.0035900
all	5	6258	1600000	0.0039112
all	6	6483	1600000	0.0040519
all	7	6699	1600000	0.0041869
all	8	8619	1600000	0.0053869
all	9	9308	1600000	0.0058175
all	10	9326	1600000	0.0058287
all	11	10913	1600000	0.0068206
all	12	11663	1600000	0.0072894
all	13	11763	1600000	0.0073519
all	14	13461	1600000	0.0084131
all	15	13553	1600000	0.0084706
all	16	15107	1600000	0.0094419
all	17	14844	1600000	0.0092775
all	18	16362	1600000	0.0102262
all	19	15782	1600000	0.0098638
all	20	16735	1600000	0.0104594
all	21	18426	1600000	0.0115162
all	22	19049	1600000	0.0119056
all	23	18360	1600000	0.0114750
all	24	19075	1600000	0.0119219
all	25	19561	1600000	0.0122256
all	26	20469	1600000	0.0127931
all	27	21079	1600000	0.0131744
all	28	21301	1600000	0.0133131
all	29	21047	1600000	0.0131544
all	30	22215	1600000	0.0138844
all	31	22469	1600000	0.0140431
all	32	23041	1600000	0.0144006
all	33	22632	1600000	0.0141450
all	34	22210	1600000	0.0138813
all	35	22698	1600000	0.0141863
all	36	22300	1600000	0.0139375
all	37	22305	1600000	0.0139406
all	38	23443	1600000	0.0146519
all	39	22001	1600000	0.0137506
all	40	22771	1600000	0.0142319
all	41	21300	1600000	0.0133125
all	42	21755	1600000	0.0135969
all	43	20222	1600000	0.0126387
all	44	21039	1600000	0.0131494
all	45	19968	1600000	0.0124800
all	46	20414	1600000	0.0127587
all	47	21159	1600000	0.0132244
all	48	20021	1600000	0.0125131
all	49	19924	1600000	0.0124525
all	50	20775	1600000	0.0129844
all	51	18955	1600000	0.0118469
all	52	18297	1600000	0.0114356
all	53	17920	1600000	0.0112000
all	54	18228	1600000	0.0113925
all	55	17028	1600000	0.0106425
all	56	16763	1600000	0.0104769
all	57	17156	1600000	0.0107225
all	58	16765	1600000	0.0104781
all	59	16156	1600000	0.0100975
all	60	15419	1600000	0.0096369
all	61	15353	1600000	0.0095956
all	62	15087	1600000	0.0094294
all	63	14767	1600000	0.0092294
all	64	14486	1600000	0.0090537
all	65	13584	1600000	0.0084900
all	66	13419	1600000	0.0083869
all	67	12653	1600000	0.0079081
all	68	12690	1600000	0.0079313
all	69	12272	1600000	0.0076700
all	70	11189	1600000	0.0069931
all	71	11570	1600000	0.0072312
all	72	11454	1600000	0.0071588
all	73	11611	1600000	0.0072569
all	74	10651	1600000	0.0066569
all	75	10650	1600000	0.0066562
all	76	10262	1600000	0.0064137
all	77	9852	1600000	0.0061575
all	78	9046	1600000	0.0056538
all	79	9048	1600000	0.0056550
all	80	8577	1600000	0.0053606
all	81	8221	1600000	0.0051381
all	82	7817	1600000	0.0048856
all	83	7564	1600000	0.0047275
all	84	7729	1600000	0.0048306
all	85	7243	1600000	0.0045269
all	86	7472	1600000	0.0046700
all	87	7251	1600000	0.0045319
all	88	6751	1600000	0.0042194
all	89	6333	1600000	0.0039581
all	90	6296	1600000	0.0039350
all	91	5896	1600000	0.0036850
all	92	6378	1600000	0.0039863
all	93	5401	1600000	0.0033756
all	94	5772	1600000	0.0036075
all	95	4979	1600000	0.0031119
all	96	5144	1600000	0.0032150
all	97	5487	1600000	0.0034294
all	98	5159	1600000	0.0032244
all	99	5169	1600000	0.0032306
all	100	5119	1600000	0.0031994
all	101	4829	1600000	0.0030181
all	102	4656	1600000	0.0029100
all	103	4634	1600000	0.0028962
all	104	4643	1600000	0.0029019
all	105	4626	1600000	0.0028912
all	106	4271	1600000	0.0026694
all	107	3902	1600000	0.0024387
all	108	3945	1600000	0.0024656
all	109	3734	1600000	0.0023338
all	110	3909	1600000	0.0024431
all	111	3757	1600000	0.0023481
all	112	3327	1600000	0.0020794
all	113	3529	1600000	0.0022056
all	114	3369	1600000	0.0021056
all	115	3157	1600000	0.0019731
all	116	3390	1600000	0.0021188
all	117	3278	1600000	0.0020487
all	118	3081	1600000	0.0019256
all	119	3109	1600000	0.0019431
all	120	2666	1600000	0.0016663
all	121	2682	1600000	0.0016763
all	122	2504	1600000	0.0015650
all	123	2590	1600000	0.0016188
all	124	2292	1600000	0.0014325
all	125	2426	1600000	0.0015162
all	126	2441	1600000	0.0015256
all	127	2177	1600000	0.0013606
all	128	2278	1600000	0.0014237
all	129	2013	1600000	0.0012581
all	130	2095	1600000	0.0013094
all	131	1972	1600000	0.0012325
all	132	1990	1600000	0.0012437
all	133	2007	1600000	0.0012544
all	134	2054	1600000	0.0012838
all	135	1830	1600000	0.0011438
all	136	1828	1600000	0.0011425
all	137	1984	1600000	0.0012400
all	138	1868	1600000	0.0011675
all	139	1701	1600000	0.0010631
all	140	1775	1600000	0.0011094
all	141	1496	1600000	0.0009350
all	142	1629	1600000	0.0010181
all	143	1548	1600000	0.0009675
all	144	1463	1600000	0.0009144
all	145	1548	1600000	0.0009675
all	146	1341	1600000	0.0008381
all	147	1341	1600000	0.0008381
all	148	1351	1600000	0.0008444
all	149	1246	1600000	0.0007787
all	150	1164	1600000	0.0007275
all	151	1139	1600000	0.0007119
all	152	1237	1600000	0.0007731
all	153	1182	1600000	0.0007387
all	154	1165	1600000	0.0007281
all	155	1074	1600000	0.0006712
all	156	996	1600000	0.0006225
all	157	975	1600000	0.0006094
all	158	954	1600000	0.0005962
all	159	951	1600000	0.0005944
all	160	867	1600000	0.0005419
all	161	1012	1600000	0.0006325
all	162	961	1600000	0.0006006
all	163	879	1600000	0.0005494
all	164	983	1600000	0.0006144
all	165	998	1600000	0.0006237
all	166	982	1600000	0.0006138
all	167	968	1600000	0.0006050
all	168	842	1600000	0.0005262
all	169	919	1600000	0.0005744
all	170	864	1600000	0.0005400
all	171	876	1600000	0.0005475
all	172	1006	1600000	0.0006288
all	173	817	1600000	0.0005106
all	174	688	1600000	0.0004300
all	175	883	1600000	0.0005519
all	176	798	1600000	0.0004988
all	177	778	1600000	0.0004863
all	178	721	1600000	0.0004506
all	179	830	1600000	0.0005187
all	180	624	1600000	0.0003900
all	181	679	1600000	0.0004244
all	182	678	1600000	0.0004237
all	183	640	1600000	0.0004000
all	184	622	1600000	0.0003887
all	185	726	1600000	0.0004537
all	186	780	1600000	0.0004875
all	187	746	1600000	0.0004662
all	188	630	1600000	0.0003938
all	189	639	1600000	0.0003994
all	190	609	1600000	0.0003806
all	191	596	1600000	0.0003725
all	192	555	1600000	0.0003469
all	193	629	1600000	0.0003931
all	194	601	1600000	0.0003756
all	195	634	1600000	0.0003962
all	196	504	1600000	0.0003150
all	197	534	1600000	0.0003338
all	198	415	1600000	0.0002594
all	199	525	1600000	0.0003281
all	200	542	1600000	0.0003387
all	201	606	1600000	0.0003788
all	202	616	1600000	0.0003850
all	203	423	1600000	0.0002644
all	204	458	1600000	0.0002862
all	205	387	1600000	0.0002419
all	206	514	1600000	0.0003213
all	207	482	1600000	0.0003012
all	208	459	1600000	0.0002869
all	209	539	1600000	0.0003369
all	210	392	1600000	0.0002450
all	211	360	1600000	0.0002250
all	212	381	1600000	0.0002381
all	213	404	1600000	0.0002525
all	214	464	1600000	0.0002900
all	215	486	1600000	0.0003038
all	216	431	1600000	0.0002694
all	217	447	1600000	0.0002794
all	218	395	1600000	0.0002469
all	219	345	1600000	0.0002156
all	220	385	1600000	0.0002406
all	221	360	1600000	0.0002250
all	222	346	1600000	0.0002163
all	223	276	1600000	0.0001725
all	224	401	1600000	0.0002506
all	225	314	1600000	0.0001962
all	226	426	1600000	0.0002662
all	227	295	1600000	0.0001844
all	228	379	1600000	0.0002369
all	229	294	1600000	0.0001838
all	230	348	1600000	0.0002175
all	231	313	1600000	0.0001956
all	232	325	1600000	0.0002031
all	233	294	1600000	0.0001838
all	234	283	1600000	0.0001769
all	235	297	1600000	0.0001856
all	236	310	1600000	0.0001938
all	237	350	1600000	0.0002188
all	238	364	1600000	0.0002275
all	239	313	1600000	0.0001956
all	240	307	1600000	0.0001919
all	241	455	1600000	0.0002844
all	242	290	1600000	0.0001812
all	243	318	1600000	0.0001987
all	244	274	1600000	0.0001712
all	245	280	1600000	0.0001750
all	246	276	1600000	0.0001725
all	247	326	1600000	0.0002037
all	248	284	1600000	0.0001775
all	249	268	1600000	0.0001675
all	250	304	1600000	0.0001900
all	251	289	1600000	0.0001806
all	252	222	1600000	0.0001387
all	253	247	1600000	0.0001544
all	254	287	1600000	0.0001794
all	255	300	1600000	0.0001875
all	256	128	1600000	0.0000800
all	257	155	1600000	0.0000969
all	258	220	1600000	0.0001375
all	259	152	1600000	0.0000950
all	260	170	1600000	0.0001063
all	261	116	1600000	0.0000725
all	262	147	1600000	0.0000919
all	263	157	1600000	0.0000981
all	264	142	1600000	0.0000887
all	265	251	1600000	0.0001569
all	266	174	1600000	0.0001087
all	267	148	1600000	0.0000925
all	268	165	1600000	0.0001031
all	269	153	1600000	0.0000956
all	270	178	1600000	0.0001113
all	271	164	1600000	0.0001025
all	272	147	1600000	0.0000919
all	273	185	1600000	0.0001156
all	274	168	1600000	0.0001050
all	275	256	1600000	0.0001600
all	276	150	1600000	0.0000938
all	277	129	1600000	0.0000806
all	278	143	1600000	0.0000894
all	279	127	1600000	0.0000794
all	280	132	1600000	0.0000825
all	281	112	1600000	0.0000700
all	282	117	1600000	0.0000731
all	283	126	1600000	0.0000788
all	284	128	1600000	0.0000800
all	285	163	1600000	0.0001019
all	286	132	1600000	0.0000825
all	287	184	1600000	0.0001150
all	288	218	1600000	0.0001363
all	289	174	1600000	0.0001087
all	290	132	1600000	0.0000825
all	291	134	1600000	0.0000837
all	292	117	1600000	0.0000731
all	293	140	1600000	0.0000875
all	294	159	1600000	0.0000994
all	295	83	1600000	0.0000519
all	296	74	1600000	0.0000462
all	297	130	1600000	0.0000813
all	298	153	1600000	0.0000956
all	299	113	1600000	0.0000706
all	300	108	1600000	0.0000675
all	301	98	1600000	0.0000613
all	302	86	1600000	0.0000537
all	303	72	1600000	0.0000450
all	304	111	1600000	0.0000694
all	305	88	1600000	0.0000550
all	306	113	1600000	0.0000706
all	307	122	1600000	0.0000762
all	308	143	1600000	0.0000894
all	309	135	1600000	0.0000844
all	310	116	1600000	0.0000725
all	311	111	1600000	0.0000694
all	312	99	1600000	0.0000619
all	313	86	1600000	0.0000537
all	314	71	1600000	0.0000444
all	315	116	1600000	0.0000725
all	316	98	1600000	0.0000613
all	317	148	1600000	0.0000925
all	318	90	1600000	0.0000562
all	319	131	1600000	0.0000819
all	320	84	1600000	0.0000525
all	321	80	1600000	0.0000500
all	322	71	1600000	0.0000444
all	323	119	1600000	0.0000744
all	324	114	1600000	0.0000712
all	325	79	1600000	0.0000494
all	326	88	1600000	0.0000550
all	327	65	1600000	0.0000406
all	328	70	1600000	0.0000437
all	329	100	1600000	0.0000625
all	330	95	1600000	0.0000594
all	331	112	1600000	0.0000700
all	332	102	1600000	0.0000637
all	333	103	1600000	0.0000644
all	334	91	1600000	0.0000569
all	335	71	1600000	0.0000444
all	336	85	1600000	0.0000531
all	337	133	1600000	0.0000831
all	338	74	1600000	0.0000462
all	339	112	1600000	0.0000700
all	340	67	1600000	0.0000419
all	341	71	1600000	0.0000444
all	342	83	1600000	0.0000519
all	343	62	1600000	0.0000388
all	344	101	1600000	0.0000631
all	345	78	1600000	0.0000488
all	346	68	1600000	0.0000425
all	347	52	1600000	0.0000325
all	348	82	1600000	0.0000513
all	349	79	1600000	0.0000494
all	350	80	1600000	0.0000500
all	351	62	1600000	0.0000388
all	352	55	1600000	0.0000344
all	353	55	1600000	0.0000344
all	354	70	1600000	0.0000437
all	355	30	1600000	0.0000188
all	356	65	1600000	0.0000406
all	357	59	1600000	0.0000369
all	358	54	1600000	0.0000337
all	359	83	1600000	0.0000519
all	360	68	1600000	0.0000425
all	361	54	1600000	0.0000337
all	362	50	1600000	0.0000313
all	363	66	1600000	0.0000413
all	364	63	1600000	0.0000394
all	365	53	1600000	0.0000331
all	366	70	1600000	0.0000437
all	367	41	1600000	0.0000256
all	368	58	1600000	0.0000362
all	369	36	1600000	0.0000225
all	370	48	1600000	0.0000300
all	371	28	1600000	0.0000175
all	372	54	1600000	0.0000337
all	373	48	1600000	0.0000300
all	374	103	1600000	0.0000644
all	375	28	1600000	0.0000175
all	376	29	1600000	0.0000181
all	377	47	1600000	0.0000294
all	378	88	1600000	0.0000550
all	379	57	1600000	0.0000356
all	380	82	1600000	0.0000513
all	381	47	1600000	0.0000294
all	382	29	1600000	0.0000181
all	383	54	1600000	0.0000337
all	384	83	1600000	0.0000519
all	385	50	1600000	0.0000313
all	386	50	1600000	0.0000313
all	387	34	1600000	0.0000212
all	388	45	1600000	0.0000281
all	389	42	1600000	0.0000262
all	390	30	1600000	0.0000188
all	391	47	1600000	0.0000294
all	392	27	1600000	0.0000169
all	393	44	1600000	0.0000275
all	394	54	1600000	0.0000337
all	395	50	1600000	0.0000313
all	396	71	1600000	0.0000444
all	397	28	1600000	0.0000175
all	398	66	1600000	0.0000413
all	399	52	1600000	0.0000325
all	400	49	1600000	0.0000306
all	401	49	1600000	0.0000306
all	402	62	1600000	0.0000388
all	403	38	1600000	0.0000238
all	404	52	1600000	0.0000325
all	405	42	1600000	0.0000262
all	406	40	1600000	0.0000250
all	407	27	1600000	0.0000169
all	408	46	1600000	0.0000288
all	409	42	1600000	0.0000262
all	410	26	1600000	0.0000163
all	411	32	1600000	0.0000200
all	412	45	1600000	0.0000281
all	413	26	1600000	0.0000163
all	414	30	1600000	0.0000188
all	415	29	1600000	0.0000181
all	416	54	1600000	0.0000337
all	417	60	1600000	0.0000375
all	418	46	1600000	0.0000288
all	419	43	1600000	0.0000269
all	420	36	1600000	0.0000225
all	421	17	1600000	0.0000106
all	422	31	1600000	0.0000194
all	423	43	1600000	0.0000269
all	424	32	1600000	0.0000200
all	425	28	1600000	0.0000175
all	426	31	1600000	0.0000194
all	427	19	1600000	0.0000119
all	428	17	1600000	0.0000106
all	429	21	1600000	0.0000131
all	430	34	1600000	0.0000212
all	431	35	1600000	0.0000219
all	432	30	1600000	0.0000188
all	433	19	1600000	0.0000119
all	434	13	1600000	0.0000081
all	435	13	1600000	0.0000081
all	436	28	1600000	0.0000175
all	437	6	1600000	0.0000037
all	438	11	1600000	0.0000069
all	439	26	1600000	0.0000163
all	440	22	1600000	0.0000138
all	441	1	1600000	0.0000006
all	442	8	1600000	0.0000050
all	443	32	1600000	0.0000200
all	444	33	1600000	0.0000206
all	445	38	1600000	0.0000238
all	446	42	1600000	0.0000262
all	447	17	1600000	0.0000106
all	448	25	1600000	0.0000156
all	449	25	1600000	0.0000156
all	450	38	1600000	0.0000238
all	451	29	1600000	0.0000181
all	452	15	1600000	0.0000094
all	453	22	1600000	0.0000138
all	454	26	1600000	0.0000163
all	455	42	1600000	0.0000262
all	456	16	1600000	0.0000100
all	457	40	1600000	0.0000250
all	458	16	1600000	0.0000100
all	459	30	1600000	0.0000188
all	460	29	1600000	0.0000181
all	461	9	1600000	0.0000056
all	462	21	1600000	0.0000131
all	463	7	1600000	0.0000044
all	464	9	1600000	0.0000056
all	465	9	1600000	0.0000056
all	466	12	1600000	0.0000075
all	467	15	1600000	0.0000094
all	468	8	1600000	0.0000050
all	469	6	1600000	0.0000037
all	470	2	1600000	0.0000012
all	471	8	1600000	0.0000050
all	472	3	1600000	0.0000019
all	473	10	1600000	0.0000062
all	474	16	1600000	0.0000100
all	475	15	1600000	0.0000094
all	476	10	1600000	0.0000062
all	477	20	1600000	0.0000125
all	478	7	1600000	0.0000044
all	479	18	1600000	0.0000113
all	480	8	1600000	0.0000050
all	481	9	1600000	0.0000056
all	482	8	1600000	0.0000050
all	483	11	1600000	0.0000069
all	484	3	1600000	0.0000019
all	485	1	1600000	0.0000006
all	486	6	1600000	0.0000037
all	487	14	1600000	0.0000088
all	488	1	1600000	0.0000006
all	489	2	1600000	0.0000012
all	490	7	1600000	0.0000044
all	491	8	1600000	0.0000050
all	492	1	1600000	0.0000006
all	493	2	1600000	0.0000012
all	494	6	1600000	0.0000037
all	495	4	1600000	0.0000025
all	496	13	1600000	0.0000081
all	497	7	1600000	0.0000044
all	498	3	1600000	0.0000019
all	499	13	1600000	0.0000081
all	500	11	1600000	0.0000069
all	501	7	1600000	0.0000044
all	502	1	1600000	0.0000006
all	503	4	1600000	0.0000025
all	504	8	1600000	0.0000050
all	505	4	1600000	0.0000025
all	506	5	1600000	0.0000031
all	507	17	1600000	0.0000106
all	508	7	1600000	0.0000044
all	509	2	1600000	0.0000012
all	510	4	1600000	0.0000025
all	512	12	1600000	0.0000075
all	513	5	1600000	0.0000031
all	514	5	1600000	0.0000031
all	515	6	1600000	0.0000037
all	516	2	1600000	0.0000012
all	517	1	1600000	0.0000006
all	518	1	1600000	0.0000006
all	519	3	1600000	0.0000019
all	520	6	1600000	0.0000037
all	521	10	1600000	0.0000062
all	522	6	1600000	0.0000037
all	523	7	1600000	0.0000044
all	524	8	1600000	0.0000050
all	525	4	1600000	0.0000025
all	526	7	1600000	0.0000044
all	527	5	1600000	0.0000031
all	528	3	1600000	0.0000019
all	529	3	1600000	0.0000019
all	530	5	1600000	0.0000031
all	531	4	1600000	0.0000025
all	532	1	1600000	0.0000006
all	533	15	1600000	0.0000094
all	534	18	1600000	0.0000113
all	535	12	1600000	0.0000075
all	536	17	1600000	0.0000106
all	537	3	1600000	0.0000019
all	538	5	1600000	0.0000031
all	539	11	1600000	0.0000069
all	540	3	1600000	0.0000019
all	541	12	1600000	0.0000075
all	542	19	1600000	0.0000119
all	543	9	1600000	0.0000056
all	544	5	1600000	0.0000031
all	545	8	1600000	0.0000050
all	546	2	1600000	0.0000012
all	547	10	1600000	0.0000062
all	548	7	1600000	0.0000044
all	549	5	1600000	0.0000031
all	550	5	1600000	0.0000031
all	551	3	1600000	0.0000019
all	552	8	1600000	0.0000050
all	553	12	1600000	0.0000075
all	554	11	1600000	0.0000069
all	555	2	1600000	0.0000012
all	556	1	1600000	0.0000006
all	557	8	1600000	0.0000050
all	558	7	1600000	0.0000044
all	559	9	1600000	0.0000056
all	560	7	1600000	0.0000044
all	561	5	1600000	0.0000031
all	562	2	1600000	0.0000012
all	563	6	1600000	0.0000037
all	564	7	1600000	0.0000044
all	565	10	1600000	0.0000062
all	566	22	1600000	0.0000138
all	567	2	1600000	0.0000012
all	569	7	1600000	0.0000044
all	570	6	1600000	0.0000037
all	571	4	1600000	0.0000025
all	572	1	1600000	0.0000006
all	573	3	1600000	0.0000019
all	574	2	1600000	0.0000012
all	575	3	1600000	0.0000019
all	576	6	1600000	0.0000037
all	578	1	1600000	0.0000006
all	579	1	1600000	0.0000006
all	580	2	1600000	0.0000012
all	581	3	1600000	0.0000019
all	582	1	1600000	0.0000006
all	583	2	1600000	0.0000012
all	584	2	1600000	0.0000012
all	585	3	1600000	0.0000019
all	586	1	1600000	0.0000006
all	588	10	1600000	0.0000062
all	589	4	1600000	0.0000025
all	590	4	1600000	0.0000025
all	591	6	1600000	0.0000037
all	592	1	1600000	0.0000006
all	593	2	1600000	0.0000012
all	594	8	1600000	0.0000050
all	595	5	1600000	0.0000031
all	596	4	1600000	0.0000025
all	597	2	1600000	0.0000012
all	599	3	1600000	0.0000019
all	600	2	1600000	0.0000012
all	601	5	1600000	0.0000031
all	602	1	1600000	0.0000006
all	603	3	1600000	0.0000019
all	604	1	1600000	0.0000006
all	605	3	1600000	0.0000019
all	606	5	1600000	0.0000031
all	607	9	1600000	0.0000056
all	608	1	1600000	0.0000006
all	609	1	1600000	0.0000006
all	610	2	1600000	0.0000012
all	612	3	1600000	0.0000019
all	613	8	1600000	0.0000050
all	614	2	1600000	0.0000012
all	618	2	1600000	0.0000012
all	621	3	1600000	0.0000019
all	622	1	1600000	0.0000006
all	623	4	1600000	0.0000025
all	624	5	1600000	0.0000031
all	625	2	1600000	0.0000012
all	626	4	1600000	0.0000025
all	627	1	1600000	0.0000006
all	628	4	1600000	0.0000025
all	629	8	1600000	0.0000050
all	630	5	1600000	0.0000031
all	631	1	1600000	0.0000006
all	633	6	1600000	0.0000037
all	634	2	1600000	0.0000012
all	635	1	1600000	0.0000006
all	636	18	1600000	0.0000113
all	637	4	1600000	0.0000025
all	639	4	1600000	0.0000025
all	640	4	1600000	0.0000025
all	641	1	1600000	0.0000006
all	642	2	1600000	0.0000012
all	644	1	1600000	0.0000006
all	646	3	1600000	0.0000019
all	647	1	1600000	0.0000006
all	648	3	1600000	0.0000019
all	649	6	1600000	0.0000037
all	650	1	1600000	0.0000006
all	652	4	1600000	0.0000025
all	653	1	1600000	0.0000006
all	654	1	1600000	0.0000006
all	656	9	1600000	0.0000056
all	657	1	1600000	0.0000006
all	658	4	1600000	0.0000025
all	659	14	1600000	0.0000088
all	660	4	1600000	0.0000025
all	661	3	1600000	0.0000019
all	662	4	1600000	0.0000025
all	663	11	1600000	0.0000069
all	664	5	1600000	0.0000031
all	665	2	1600000	0.0000012
all	666	3	1600000	0.0000019
all	667	7	1600000	0.0000044
all	668	5	1600000	0.0000031
all	669	2	1600000	0.0000012
all	670	2	1600000	0.0000012
all	671	2	1600000	0.0000012
all	673	6	1600000	0.0000037
all	674	17	1600000	0.0000106
all	675	5	1600000	0.0000031
all	676	1	1600000	0.0000006
all	677	2	1600000	0.0000012
all	678	1	1600000	0.0000006
all	679	4	1600000	0.0000025
all	680	5	1600000	0.0000031
all	681	4	1600000	0.0000025
all	682	12	1600000	0.0000075
all	684	2	1600000	0.0000012
all	685	3	1600000	0.0000019
all	686	5	1600000	0.0000031
all	687	12	1600000	0.0000075
all	688	1	1600000	0.0000006
all	691	4	1600000	0.0000025
all	692	4	1600000	0.0000025
all	694	9	1600000	0.0000056
all	695	6	1600000	0.0000037
all	696	1	1600000	0.0000006
all	697	1	1600000	0.0000006
all	698	9	1600000	0.0000056
all	699	1	1600000	0.0000006
all	700	4	1600000	0.0000025
all	701	2	1600000	0.0000012
all	702	2	1600000	0.0000012
all	705	4	1600000	0.0000025
all	706	2	1600000	0.0000012
all	707	4	1600000	0.0000025
all	710	2	1600000	0.0000012
