all	0	1445641	1600000	0.9035257
all	1	56159	1600000	0.0350994
all	2	58604	1600000	0.0366275
all	3	14232	1600000	0.0088950
all	4	11260	1600000	0.0070375
all	5	4479	1600000	0.0027994
all	6	3183	1600000	0.0019894
all	7	1712	1600000	0.0010700
all	8	1178	1600000	0.0007363
all	9	680	1600000	0.0004250
all	10	449	1600000	0.0002806
all	11	301	1600000	0.0001881
all	12	239	1600000	0.0001494
all	13	160	1600000	0.0001000
all	14	285	1600000	0.0001781
all	15	298	1600000	0.0001863
all	16	124	1600000	0.0000775
all	17	54	1600000	0.0000337
all	18	60	1600000	0.0000375
all	19	62	1600000	0.0000388
all	20	64	1600000	0.0000400
all	21	26	1600000	0.0000163
all	22	28	1600000	0.0000175
all	23	5	1600000	0.0000031
all	24	4	1600000	0.0000025
all	25	22	1600000	0.0000138
all	26	15	1600000	0.0000094
all	27	30	1600000	0.0000188
all	28	27	1600000	0.0000169
all	29	12	1600000	0.0000075
all	30	35	1600000	0.0000219
all	31	10	1600000	0.0000062
all	32	16	1600000	0.0000100
all	33	15	1600000	0.0000094
all	34	11	1600000	0.0000069
all	35	2	1600000	0.0000012
all	37	1	1600000	0.0000006
all	38	1	1600000	0.0000006
all	39	1	1600000	0.0000006
all	40	2	1600000	0.0000012
all	41	1	1600000	0.0000006
all	42	1	1600000	0.0000006
all	43	1	1600000	0.0000006
all	45	3	1600000	0.0000019
all	46	1	1600000	0.0000006
all	47	3	1600000	0.0000019
all	49	1	1600000	0.0000006
all	50	2	1600000	0.0000012
all	51	5	1600000	0.0000031
all	52	5	1600000	0.0000031
all	53	1	1600000	0.0000006
all	54	3	1600000	0.0000019
all	56	8	1600000	0.0000050
all	57	3	1600000	0.0000019
all	58	2	1600000	0.0000012
all	59	5	1600000	0.0000031
all	61	1	1600000	0.0000006
all	62	2	1600000	0.0000012
all	63	3	1600000	0.0000019
all	66	2	1600000	0.0000012
all	68	3	1600000	0.0000019
all	70	4	1600000	0.0000025
all	71	2	1600000	0.0000012
all	72	5	1600000	0.0000031
all	73	4	1600000	0.0000025
all	74	3	1600000	0.0000019
all	75	13	1600000	0.0000081
all	76	1	1600000	0.0000006
all	77	14	1600000	0.0000088
all	78	14	1600000	0.0000088
all	79	6	1600000	0.0000037
all	80	14	1600000	0.0000088
all	81	1	1600000	0.0000006
all	82	10	1600000	0.0000062
all	83	26	1600000	0.0000163
all	84	18	1600000	0.0000113
all	85	13	1600000	0.0000081
all	86	11	1600000	0.0000069
all	87	3	1600000	0.0000019
all	89	3	1600000	0.0000019
all	90	1	1600000	0.0000006
all	93	1	1600000	0.0000006
all	94	2	1600000	0.0000012
all	96	1	1600000	0.0000006
all	98	2	1600000	0.0000012
all	100	4	1600000	0.0000025
all	109	3	1600000	0.0000019
all	111	2	1600000	0.0000012
all	114	2	1600000	0.0000012
all	116	2	1600000	0.0000012
all	119	2	1600000	0.0000012
all	120	2	1600000	0.0000012
all	123	2	1600000	0.0000012
all	124	1	1600000	0.0000006
all	125	3	1600000	0.0000019
all	126	1	1600000	0.0000006
all	127	4	1600000	0.0000025
all	129	3	1600000	0.0000019
all	130	1	1600000	0.0000006
all	131	1	1600000	0.0000006
all	132	2	1600000	0.0000012
all	134	2	1600000	0.0000012
all	135	2	1600000	0.0000012
all	137	1	1600000	0.0000006
all	138	10	1600000	0.0000062
all	140	6	1600000	0.0000037
all	142	2	1600000	0.0000012
all	143	1	1600000	0.0000006
all	144	1	1600000	0.0000006
all	146	3	1600000	0.0000019
all	147	4	1600000	0.0000025
all	149	1	1600000	0.0000006
all	150	3	1600000	0.0000019
all	154	4	1600000	0.0000025
all	156	3	1600000	0.0000019
all	157	2	1600000	0.0000012
all	159	2	1600000	0.0000012
all	161	3	1600000	0.0000019
all	163	2	1600000	0.0000012
all	165	3	1600000	0.0000019
all	166	3	1600000	0.0000019
all	167	1	1600000	0.0000006
all	169	1	1600000	0.0000006
all	171	5	1600000	0.0000031
all	172	2	1600000	0.0000012
all	173	4	1600000	0.0000025
all	175	2	1600000	0.0000012
all	176	1	1600000	0.0000006
all	177	3	1600000	0.0000019
all	179	3	1600000	0.0000019
all	180	1	1600000	0.0000006
all	182	2	1600000	0.0000012
all	184	1	1600000	0.0000006
all	185	3	1600000	0.0000019
all	188	3	1600000	0.0000019
all	189	2	1600000	0.0000012
all	190	2	1600000	0.0000012
all	191	3	1600000	0.0000019
all	193	1	1600000	0.0000006
all	195	1	1600000	0.0000006
all	196	1	1600000	0.0000006
all	197	1	1600000	0.0000006
all	198	1	1600000	0.0000006
all	199	2	1600000	0.0000012
all	203	1	1600000	0.0000006
all	204	2	1600000	0.0000012
all	205	1	1600000	0.0000006
all	206	2	1600000	0.0000012
all	208	4	1600000	0.0000025
all	210	1	1600000	0.0000006
all	211	2	1600000	0.0000012
all	212	1	1600000	0.0000006
all	213	1	1600000	0.0000006
all	214	2	1600000	0.0000012
all	215	2	1600000	0.0000012
all	216	2	1600000	0.0000012
all	217	2	1600000	0.0000012
all	218	6	1600000	0.0000037
all	219	3	1600000	0.0000019
all	220	11	1600000	0.0000069
all	221	7	1600000	0.0000044
all	222	5	1600000	0.0000031
all	223	4	1600000	0.0000025
all	224	7	1600000	0.0000044
all	225	10	1600000	0.0000062
all	226	2	1600000	0.0000012
all	227	5	1600000	0.0000031
all	228	2	1600000	0.0000012
all	229	9	1600000	0.0000056
all	230	4	1600000	0.0000025
all	232	4	1600000	0.0000025
all	233	8	1600000	0.0000050
all	234	4	1600000	0.0000025
all	235	4	1600000	0.0000025
all	236	4	1600000	0.0000025
all	237	8	1600000	0.0000050
all	238	8	1600000	0.0000050
all	239	4	1600000	0.0000025
all	240	4	1600000	0.0000025
