all	0	1307794	1600000	0.8173712
all	1	43374	1600000	0.0271087
all	2	42743	1600000	0.0267144
all	3	21156	1600000	0.0132225
all	4	19685	1600000	0.0123031
all	5	15467	1600000	0.0096669
all	6	14867	1600000	0.0092919
all	7	13693	1600000	0.0085581
all	8	11874	1600000	0.0074212
all	9	9023	1600000	0.0056394
all	10	8673	1600000	0.0054206
all	11	8083	1600000	0.0050519
all	12	7982	1600000	0.0049887
all	13	6323	1600000	0.0039519
all	14	4910	1600000	0.0030688
all	15	5733	1600000	0.0035831
all	16	4856	1600000	0.0030350
all	17	4018	1600000	0.0025113
all	18	3643	1600000	0.0022769
all	19	3673	1600000	0.0022956
all	20	3666	1600000	0.0022913
all	21	3199	1600000	0.0019994
all	22	2511	1600000	0.0015694
all	23	2461	1600000	0.0015381
all	24	2360	1600000	0.0014750
all	25	2201	1600000	0.0013756
all	26	2010	1600000	0.0012562
all	27	1972	1600000	0.0012325
all	28	1476	1600000	0.0009225
all	29	1241	1600000	0.0007756
all	30	1291	1600000	0.0008069
all	31	957	1600000	0.0005981
all	32	917	1600000	0.0005731
all	33	1014	1600000	0.0006337
all	34	871	1600000	0.0005444
all	35	1051	1600000	0.0006569
all	36	817	1600000	0.0005106
all	37	509	1600000	0.0003181
all	38	624	1600000	0.0003900
all	39	595	1600000	0.0003719
all	40	681	1600000	0.0004256
all	41	483	1600000	0.0003019
all	42	586	1600000	0.0003662
all	43	467	1600000	0.0002919
all	44	314	1600000	0.0001962
all	45	263	1600000	0.0001644
all	46	267	1600000	0.0001669
all	47	359	1600000	0.0002244
all	48	272	1600000	0.0001700
all	49	291	1600000	0.0001819
all	50	271	1600000	0.0001694
all	51	186	1600000	0.0001162
all	52	216	1600000	0.0001350
all	53	250	1600000	0.0001562
all	54	130	1600000	0.0000813
all	55	134	1600000	0.0000837
all	56	95	1600000	0.0000594
all	57	138	1600000	0.0000863
all	58	55	1600000	0.0000344
all	59	56	1600000	0.0000350
all	60	90	1600000	0.0000562
all	61	135	1600000	0.0000844
all	62	148	1600000	0.0000925
all	63	64	1600000	0.0000400
all	64	80	1600000	0.0000500
all	65	112	1600000	0.0000700
all	66	121	1600000	0.0000756
all	67	103	1600000	0.0000644
all	68	84	1600000	0.0000525
all	69	94	1600000	0.0000587
all	70	98	1600000	0.0000613
all	71	127	1600000	0.0000794
all	72	119	1600000	0.0000744
all	73	50	1600000	0.0000313
all	74	45	1600000	0.0000281
all	75	61	1600000	0.0000381
all	76	64	1600000	0.0000400
all	77	40	1600000	0.0000250
all	78	58	1600000	0.0000362
all	79	87	1600000	0.0000544
all	80	54	1600000	0.0000337
all	81	75	1600000	0.0000469
all	82	37	1600000	0.0000231
all	83	130	1600000	0.0000813
all	84	124	1600000	0.0000775
all	85	160	1600000	0.0001000
all	86	69	1600000	0.0000431
all	87	36	1600000	0.0000225
all	88	48	1600000	0.0000300
all	89	60	1600000	0.0000375
all	90	67	1600000	0.0000419
all	91	63	1600000	0.0000394
all	92	29	1600000	0.0000181
all	93	14	1600000	0.0000088
all	94	43	1600000	0.0000269
all	95	37	1600000	0.0000231
all	96	7	1600000	0.0000044
all	97	52	1600000	0.0000325
all	98	13	1600000	0.0000081
all	99	6	1600000	0.0000037
all	100	4	1600000	0.0000025
all	101	25	1600000	0.0000156
all	102	133	1600000	0.0000831
all	103	77	1600000	0.0000481
all	104	38	1600000	0.0000238
all	105	12	1600000	0.0000075
all	106	8	1600000	0.0000050
all	107	49	1600000	0.0000306
all	108	15	1600000	0.0000094
all	109	71	1600000	0.0000444
all	110	16	1600000	0.0000100
all	111	34	1600000	0.0000212
all	112	67	1600000	0.0000419
all	113	6	1600000	0.0000037
all	114	69	1600000	0.0000431
all	115	51	1600000	0.0000319
all	116	31	1600000	0.0000194
all	117	19	1600000	0.0000119
all	118	41	1600000	0.0000256
all	119	18	1600000	0.0000113
all	120	13	1600000	0.0000081
all	121	22	1600000	0.0000138
all	122	73	1600000	0.0000456
all	123	15	1600000	0.0000094
all	124	15	1600000	0.0000094
all	125	6	1600000	0.0000037
all	126	2	1600000	0.0000012
all	127	20	1600000	0.0000125
all	128	14	1600000	0.0000088
all	129	32	1600000	0.0000200
all	130	15	1600000	0.0000094
all	131	13	1600000	0.0000081
all	132	38	1600000	0.0000238
all	133	8	1600000	0.0000050
all	134	12	1600000	0.0000075
all	135	13	1600000	0.0000081
all	136	7	1600000	0.0000044
all	137	7	1600000	0.0000044
all	138	11	1600000	0.0000069
all	139	2	1600000	0.0000012
all	140	4	1600000	0.0000025
all	141	23	1600000	0.0000144
all	142	25	1600000	0.0000156
all	143	55	1600000	0.0000344
all	144	2	1600000	0.0000012
all	145	14	1600000	0.0000088
all	146	15	1600000	0.0000094
all	147	19	1600000	0.0000119
all	148	5	1600000	0.0000031
all	149	59	1600000	0.0000369
all	150	12	1600000	0.0000075
all	151	3	1600000	0.0000019
all	152	13	1600000	0.0000081
all	153	8	1600000	0.0000050
all	154	24	1600000	0.0000150
all	155	33	1600000	0.0000206
all	156	4	1600000	0.0000025
all	157	5	1600000	0.0000031
all	158	10	1600000	0.0000062
all	160	20	1600000	0.0000125
all	161	3	1600000	0.0000019
all	162	4	1600000	0.0000025
all	163	15	1600000	0.0000094
all	164	3	1600000	0.0000019
all	165	8	1600000	0.0000050
all	166	3	1600000	0.0000019
all	167	4	1600000	0.0000025
all	168	20	1600000	0.0000125
all	169	86	1600000	0.0000537
all	170	112	1600000	0.0000700
all	172	9	1600000	0.0000056
all	173	3	1600000	0.0000019
all	174	5	1600000	0.0000031
all	175	3	1600000	0.0000019
all	176	10	1600000	0.0000062
all	177	11	1600000	0.0000069
all	178	2	1600000	0.0000012
all	179	1	1600000	0.0000006
all	180	1	1600000	0.0000006
all	181	23	1600000	0.0000144
all	182	2	1600000	0.0000012
all	184	3	1600000	0.0000019
all	185	108	1600000	0.0000675
all	186	6	1600000	0.0000037
all	187	3	1600000	0.0000019
all	188	1	1600000	0.0000006
all	189	3	1600000	0.0000019
all	191	1	1600000	0.0000006
all	192	2	1600000	0.0000012
all	195	13	1600000	0.0000081
all	196	20	1600000	0.0000125
all	198	7	1600000	0.0000044
all	199	18	1600000	0.0000113
all	200	17	1600000	0.0000106
all	201	3	1600000	0.0000019
all	202	4	1600000	0.0000025
all	203	7	1600000	0.0000044
all	204	10	1600000	0.0000062
all	205	11	1600000	0.0000069
all	206	3	1600000	0.0000019
all	207	8	1600000	0.0000050
all	211	6	1600000	0.0000037
all	212	3	1600000	0.0000019
all	215	4	1600000	0.0000025
all	217	2	1600000	0.0000012
all	218	6	1600000	0.0000037
all	219	17	1600000	0.0000106
all	220	3	1600000	0.0000019
all	221	1	1600000	0.0000006
all	222	6	1600000	0.0000037
all	223	4	1600000	0.0000025
all	224	6	1600000	0.0000037
all	225	8	1600000	0.0000050
all	226	2	1600000	0.0000012
all	228	2	1600000	0.0000012
all	235	7	1600000	0.0000044
all	238	14	1600000	0.0000088
all	240	3	1600000	0.0000019
all	245	1	1600000	0.0000006
all	247	4	1600000	0.0000025
all	254	3	1600000	0.0000019
all	258	1	1600000	0.0000006
all	262	1	1600000	0.0000006
all	265	4	1600000	0.0000025
all	267	2	1600000	0.0000012
all	271	2	1600000	0.0000012
all	273	4	1600000	0.0000025
all	274	8	1600000	0.0000050
all	276	1	1600000	0.0000006
all	280	1	1600000	0.0000006
all	281	4	1600000	0.0000025
all	282	2	1600000	0.0000012
all	284	14	1600000	0.0000088
all	285	3	1600000	0.0000019
all	286	6	1600000	0.0000037
all	288	2	1600000	0.0000012
all	289	8	1600000	0.0000050
all	290	1	1600000	0.0000006
all	291	3	1600000	0.0000019
all	292	6	1600000	0.0000037
all	293	5	1600000	0.0000031
all	294	11	1600000	0.0000069
all	296	2	1600000	0.0000012
all	298	2	1600000	0.0000012
all	299	16	1600000	0.0000100
all	300	1	1600000	0.0000006
all	302	1	1600000	0.0000006
all	303	2	1600000	0.0000012
all	305	1	1600000	0.0000006
all	309	2	1600000	0.0000012
