all	0	1205068	1600000	0.7531675
all	1	61528	1600000	0.0384550
all	2	70912	1600000	0.0443200
all	3	20628	1600000	0.0128925
all	4	17568	1600000	0.0109800
all	5	13660	1600000	0.0085375
all	6	14931	1600000	0.0093319
all	7	13122	1600000	0.0082012
all	8	13183	1600000	0.0082394
all	9	10421	1600000	0.0065131
all	10	11106	1600000	0.0069413
all	11	9752	1600000	0.0060950
all	12	8578	1600000	0.0053613
all	13	7177	1600000	0.0044856
all	14	8163	1600000	0.0051019
all	15	6867	1600000	0.0042919
all	16	6030	1600000	0.0037688
all	17	4897	1600000	0.0030606
all	18	5788	1600000	0.0036175
all	19	5259	1600000	0.0032869
all	20	5585	1600000	0.0034906
all	21	4760	1600000	0.0029750
all	22	5529	1600000	0.0034556
all	23	4344	1600000	0.0027150
all	24	3973	1600000	0.0024831
all	25	2977	1600000	0.0018606
all	26	3339	1600000	0.0020869
all	27	2590	1600000	0.0016188
all	28	2675	1600000	0.0016719
all	29	2989	1600000	0.0018681
all	30	2668	1600000	0.0016675
all	31	2898	1600000	0.0018112
all	32	2372	1600000	0.0014825
all	33	2633	1600000	0.0016456
all	34	2058	1600000	0.0012862
all	35	1757	1600000	0.0010981
all	36	1853	1600000	0.0011581
all	37	1127	1600000	0.0007044
all	38	1387	1600000	0.0008669
all	39	1519	1600000	0.0009494
all	40	1129	1600000	0.0007056
all	41	1381	1600000	0.0008631
all	42	1051	1600000	0.0006569
all	43	816	1600000	0.0005100
all	44	977	1600000	0.0006106
all	45	754	1600000	0.0004713
all	46	773	1600000	0.0004831
all	47	674	1600000	0.0004213
all	48	698	1600000	0.0004363
all	49	623	1600000	0.0003894
all	50	893	1600000	0.0005581
all	51	388	1600000	0.0002425
all	52	750	1600000	0.0004687
all	53	525	1600000	0.0003281
all	54	617	1600000	0.0003856
all	55	353	1600000	0.0002206
all	56	625	1600000	0.0003906
all	57	743	1600000	0.0004644
all	58	426	1600000	0.0002662
all	59	359	1600000	0.0002244
all	60	419	1600000	0.0002619
all	61	458	1600000	0.0002862
all	62	357	1600000	0.0002231
all	63	366	1600000	0.0002287
all	64	325	1600000	0.0002031
all	65	292	1600000	0.0001825
all	66	354	1600000	0.0002212
all	67	212	1600000	0.0001325
all	68	252	1600000	0.0001575
all	69	213	1600000	0.0001331
all	70	314	1600000	0.0001962
all	71	145	1600000	0.0000906
all	72	114	1600000	0.0000712
all	73	290	1600000	0.0001812
all	74	185	1600000	0.0001156
all	75	186	1600000	0.0001162
all	76	114	1600000	0.0000712
all	77	174	1600000	0.0001087
all	78	289	1600000	0.0001806
all	79	90	1600000	0.0000562
all	80	220	1600000	0.0001375
all	81	113	1600000	0.0000706
all	82	97	1600000	0.0000606
all	83	230	1600000	0.0001438
all	84	125	1600000	0.0000781
all	85	74	1600000	0.0000462
all	86	48	1600000	0.0000300
all	87	185	1600000	0.0001156
all	88	213	1600000	0.0001331
all	89	66	1600000	0.0000413
all	90	76	1600000	0.0000475
all	91	34	1600000	0.0000212
all	92	99	1600000	0.0000619
all	93	24	1600000	0.0000150
all	94	74	1600000	0.0000462
all	95	60	1600000	0.0000375
all	96	49	1600000	0.0000306
all	97	91	1600000	0.0000569
all	98	81	1600000	0.0000506
all	99	79	1600000	0.0000494
all	100	54	1600000	0.0000337
all	101	65	1600000	0.0000406
all	102	66	1600000	0.0000413
all	103	44	1600000	0.0000275
all	104	113	1600000	0.0000706
all	105	107	1600000	0.0000669
all	106	38	1600000	0.0000238
all	107	82	1600000	0.0000513
all	108	62	1600000	0.0000388
all	109	21	1600000	0.0000131
all	110	70	1600000	0.0000437
all	111	113	1600000	0.0000706
all	112	20	1600000	0.0000125
all	113	63	1600000	0.0000394
all	114	6	1600000	0.0000037
all	115	12	1600000	0.0000075
all	116	69	1600000	0.0000431
all	117	54	1600000	0.0000337
all	118	7	1600000	0.0000044
all	119	29	1600000	0.0000181
all	120	38	1600000	0.0000238
all	121	36	1600000	0.0000225
all	122	65	1600000	0.0000406
all	123	27	1600000	0.0000169
all	124	37	1600000	0.0000231
all	125	44	1600000	0.0000275
all	126	51	1600000	0.0000319
all	127	178	1600000	0.0001113
all	128	88	1600000	0.0000550
all	129	20	1600000	0.0000125
all	130	102	1600000	0.0000637
all	131	15	1600000	0.0000094
all	132	11	1600000	0.0000069
all	133	34	1600000	0.0000212
all	134	14	1600000	0.0000088
all	135	12	1600000	0.0000075
all	136	16	1600000	0.0000100
all	137	22	1600000	0.0000138
all	138	14	1600000	0.0000088
all	139	11	1600000	0.0000069
all	140	25	1600000	0.0000156
all	141	14	1600000	0.0000088
all	142	39	1600000	0.0000244
all	143	42	1600000	0.0000262
all	144	74	1600000	0.0000462
all	145	14	1600000	0.0000088
all	146	16	1600000	0.0000100
all	147	17	1600000	0.0000106
all	148	19	1600000	0.0000119
all	149	52	1600000	0.0000325
all	150	22	1600000	0.0000138
all	151	71	1600000	0.0000444
all	152	16	1600000	0.0000100
all	153	29	1600000	0.0000181
all	154	13	1600000	0.0000081
all	155	19	1600000	0.0000119
all	156	54	1600000	0.0000337
all	157	9	1600000	0.0000056
all	158	9	1600000	0.0000056
all	159	35	1600000	0.0000219
all	160	19	1600000	0.0000119
all	161	29	1600000	0.0000181
all	162	41	1600000	0.0000256
all	163	12	1600000	0.0000075
all	164	23	1600000	0.0000144
all	165	57	1600000	0.0000356
all	166	71	1600000	0.0000444
all	167	55	1600000	0.0000344
all	168	30	1600000	0.0000188
all	169	46	1600000	0.0000288
all	170	52	1600000	0.0000325
all	171	27	1600000	0.0000169
all	172	12	1600000	0.0000075
all	173	33	1600000	0.0000206
all	174	13	1600000	0.0000081
all	175	17	1600000	0.0000106
all	176	23	1600000	0.0000144
all	177	13	1600000	0.0000081
all	178	32	1600000	0.0000200
all	179	13	1600000	0.0000081
all	180	9	1600000	0.0000056
all	181	14	1600000	0.0000088
all	182	47	1600000	0.0000294
all	183	17	1600000	0.0000106
all	184	50	1600000	0.0000313
all	185	16	1600000	0.0000100
all	186	23	1600000	0.0000144
all	187	8	1600000	0.0000050
all	188	10	1600000	0.0000062
all	189	16	1600000	0.0000100
all	190	34	1600000	0.0000212
all	191	35	1600000	0.0000219
all	192	33	1600000	0.0000206
all	193	13	1600000	0.0000081
all	194	73	1600000	0.0000456
all	195	24	1600000	0.0000150
all	196	31	1600000	0.0000194
all	197	59	1600000	0.0000369
all	198	17	1600000	0.0000106
all	199	4	1600000	0.0000025
all	200	12	1600000	0.0000075
all	201	10	1600000	0.0000062
all	202	2	1600000	0.0000012
all	203	26	1600000	0.0000163
all	204	27	1600000	0.0000169
all	205	5	1600000	0.0000031
all	206	3	1600000	0.0000019
all	207	2	1600000	0.0000012
all	208	34	1600000	0.0000212
all	209	28	1600000	0.0000175
all	210	9	1600000	0.0000056
all	211	18	1600000	0.0000113
all	212	15	1600000	0.0000094
all	213	6	1600000	0.0000037
all	214	4	1600000	0.0000025
all	215	13	1600000	0.0000081
all	216	11	1600000	0.0000069
all	217	11	1600000	0.0000069
all	218	8	1600000	0.0000050
all	219	22	1600000	0.0000138
all	220	14	1600000	0.0000088
all	221	6	1600000	0.0000037
all	222	6	1600000	0.0000037
all	223	8	1600000	0.0000050
all	224	1	1600000	0.0000006
all	225	23	1600000	0.0000144
all	226	27	1600000	0.0000169
all	227	8	1600000	0.0000050
all	228	12	1600000	0.0000075
all	229	7	1600000	0.0000044
all	230	4	1600000	0.0000025
all	231	40	1600000	0.0000250
all	232	10	1600000	0.0000062
all	233	13	1600000	0.0000081
all	234	11	1600000	0.0000069
all	235	10	1600000	0.0000062
all	236	27	1600000	0.0000169
all	237	7	1600000	0.0000044
all	238	2	1600000	0.0000012
all	239	1	1600000	0.0000006
all	240	6	1600000	0.0000037
all	241	2	1600000	0.0000012
all	242	2	1600000	0.0000012
all	244	2	1600000	0.0000012
all	246	1	1600000	0.0000006
all	247	3	1600000	0.0000019
all	248	4	1600000	0.0000025
all	250	1	1600000	0.0000006
all	251	1	1600000	0.0000006
all	252	4	1600000	0.0000025
all	253	1	1600000	0.0000006
all	254	3	1600000	0.0000019
all	255	6	1600000	0.0000037
all	258	8	1600000	0.0000050
all	259	2	1600000	0.0000012
all	260	8	1600000	0.0000050
all	261	20	1600000	0.0000125
all	262	8	1600000	0.0000050
all	263	8	1600000	0.0000050
all	264	12	1600000	0.0000075
all	265	16	1600000	0.0000100
all	266	8	1600000	0.0000050
all	267	3	1600000	0.0000019
all	268	6	1600000	0.0000037
all	269	10	1600000	0.0000062
all	274	2	1600000	0.0000012
all	276	4	1600000	0.0000025
all	277	1	1600000	0.0000006
all	278	2	1600000	0.0000012
all	279	3	1600000	0.0000019
all	281	20	1600000	0.0000125
all	282	2	1600000	0.0000012
all	283	11	1600000	0.0000069
all	284	6	1600000	0.0000037
all	285	2	1600000	0.0000012
all	288	2	1600000	0.0000012
all	289	2	1600000	0.0000012
all	293	1	1600000	0.0000006
all	308	4	1600000	0.0000025
all	309	1	1600000	0.0000006
all	312	8	1600000	0.0000050
all	313	4	1600000	0.0000025
all	321	1	1600000	0.0000006
all	323	1	1600000	0.0000006
all	324	26	1600000	0.0000163
all	325	2	1600000	0.0000012
all	326	2	1600000	0.0000012
all	327	1	1600000	0.0000006
all	340	1	1600000	0.0000006
all	348	2	1600000	0.0000012
all	351	2	1600000	0.0000012
all	352	2	1600000	0.0000012
all	353	1	1600000	0.0000006
all	354	7	1600000	0.0000044
all	355	12	1600000	0.0000075
all	367	2	1600000	0.0000012
all	370	1	1600000	0.0000006
all	371	2	1600000	0.0000012
all	375	1	1600000	0.0000006
all	380	1	1600000	0.0000006
all	388	1	1600000	0.0000006
all	396	1	1600000	0.0000006
all	397	2	1600000	0.0000012
all	398	2	1600000	0.0000012
all	399	3	1600000	0.0000019
all	402	4	1600000	0.0000025
all	404	2	1600000	0.0000012
all	406	1	1600000	0.0000006
all	408	4	1600000	0.0000025
all	411	3	1600000	0.0000019
all	412	2	1600000	0.0000012
all	413	4	1600000	0.0000025
all	414	5	1600000	0.0000031
all	415	2	1600000	0.0000012
all	416	5	1600000	0.0000031
all	417	1	1600000	0.0000006
all	418	1	1600000	0.0000006
all	420	2	1600000	0.0000012
all	422	1	1600000	0.0000006
all	423	2	1600000	0.0000012
all	424	1	1600000	0.0000006
all	425	4	1600000	0.0000025
all	427	2	1600000	0.0000012
all	428	3	1600000	0.0000019
all	429	1	1600000	0.0000006
all	435	2	1600000	0.0000012
all	442	2	1600000	0.0000012
all	443	1	1600000	0.0000006
all	444	2	1600000	0.0000012
all	445	2	1600000	0.0000012
all	446	4	1600000	0.0000025
all	447	2	1600000	0.0000012
all	450	5	1600000	0.0000031
all	452	1	1600000	0.0000006
all	464	2	1600000	0.0000012
all	467	4	1600000	0.0000025
all	468	2	1600000	0.0000012
all	469	2	1600000	0.0000012
all	470	8	1600000	0.0000050
all	471	2	1600000	0.0000012
all	472	7	1600000	0.0000044
all	473	2	1600000	0.0000012
all	474	2	1600000	0.0000012
all	475	4	1600000	0.0000025
all	478	4	1600000	0.0000025
all	479	2	1600000	0.0000012
all	482	2	1600000	0.0000012
all	483	2	1600000	0.0000012
all	493	2	1600000	0.0000012
