all	0	1161611	1600000	0.7260069
all	1	69118	1600000	0.0431987
all	2	77203	1600000	0.0482519
all	3	23272	1600000	0.0145450
all	4	21098	1600000	0.0131862
all	5	15211	1600000	0.0095069
all	6	14105	1600000	0.0088156
all	7	13611	1600000	0.0085069
all	8	12637	1600000	0.0078981
all	9	11914	1600000	0.0074462
all	10	12510	1600000	0.0078188
all	11	10620	1600000	0.0066375
all	12	9289	1600000	0.0058056
all	13	8152	1600000	0.0050950
all	14	8428	1600000	0.0052675
all	15	7300	1600000	0.0045625
all	16	7672	1600000	0.0047950
all	17	6831	1600000	0.0042694
all	18	5887	1600000	0.0036794
all	19	5710	1600000	0.0035688
all	20	5733	1600000	0.0035831
all	21	4989	1600000	0.0031181
all	22	4566	1600000	0.0028538
all	23	4396	1600000	0.0027475
all	24	4026	1600000	0.0025162
all	25	3458	1600000	0.0021612
all	26	3195	1600000	0.0019969
all	27	3073	1600000	0.0019206
all	28	2978	1600000	0.0018613
all	29	2887	1600000	0.0018044
all	30	2919	1600000	0.0018244
all	31	2587	1600000	0.0016169
all	32	2162	1600000	0.0013512
all	33	2330	1600000	0.0014562
all	34	2310	1600000	0.0014437
all	35	2110	1600000	0.0013187
all	36	1798	1600000	0.0011238
all	37	1422	1600000	0.0008888
all	38	1733	1600000	0.0010831
all	39	2003	1600000	0.0012519
all	40	1285	1600000	0.0008031
all	41	1590	1600000	0.0009938
all	42	1409	1600000	0.0008806
all	43	1309	1600000	0.0008181
all	44	1066	1600000	0.0006663
all	45	1251	1600000	0.0007819
all	46	970	1600000	0.0006063
all	47	1008	1600000	0.0006300
all	48	1050	1600000	0.0006562
all	49	1031	1600000	0.0006444
all	50	1061	1600000	0.0006631
all	51	699	1600000	0.0004369
all	52	566	1600000	0.0003537
all	53	591	1600000	0.0003694
all	54	860	1600000	0.0005375
all	55	890	1600000	0.0005562
all	56	657	1600000	0.0004106
all	57	702	1600000	0.0004387
all	58	376	1600000	0.0002350
all	59	549	1600000	0.0003431
all	60	388	1600000	0.0002425
all	61	734	1600000	0.0004588
all	62	486	1600000	0.0003038
all	63	534	1600000	0.0003338
all	64	335	1600000	0.0002094
all	65	426	1600000	0.0002662
all	66	368	1600000	0.0002300
all	67	428	1600000	0.0002675
all	68	392	1600000	0.0002450
all	69	286	1600000	0.0001787
all	70	360	1600000	0.0002250
all	71	304	1600000	0.0001900
all	72	330	1600000	0.0002062
all	73	327	1600000	0.0002044
all	74	331	1600000	0.0002069
all	75	465	1600000	0.0002906
all	76	445	1600000	0.0002781
all	77	274	1600000	0.0001712
all	78	325	1600000	0.0002031
all	79	234	1600000	0.0001462
all	80	299	1600000	0.0001869
all	81	206	1600000	0.0001288
all	82	509	1600000	0.0003181
all	83	149	1600000	0.0000931
all	84	105	1600000	0.0000656
all	85	225	1600000	0.0001406
all	86	178	1600000	0.0001113
all	87	166	1600000	0.0001037
all	88	155	1600000	0.0000969
all	89	184	1600000	0.0001150
all	90	119	1600000	0.0000744
all	91	145	1600000	0.0000906
all	92	133	1600000	0.0000831
all	93	169	1600000	0.0001056
all	94	83	1600000	0.0000519
all	95	122	1600000	0.0000762
all	96	83	1600000	0.0000519
all	97	186	1600000	0.0001162
all	98	108	1600000	0.0000675
all	99	180	1600000	0.0001125
all	100	84	1600000	0.0000525
all	101	136	1600000	0.0000850
all	102	101	1600000	0.0000631
all	103	110	1600000	0.0000687
all	104	101	1600000	0.0000631
all	105	37	1600000	0.0000231
all	106	80	1600000	0.0000500
all	107	106	1600000	0.0000663
all	108	109	1600000	0.0000681
all	109	61	1600000	0.0000381
all	110	118	1600000	0.0000738
all	111	39	1600000	0.0000244
all	112	49	1600000	0.0000306
all	113	117	1600000	0.0000731
all	114	138	1600000	0.0000863
all	115	63	1600000	0.0000394
all	116	28	1600000	0.0000175
all	117	13	1600000	0.0000081
all	118	41	1600000	0.0000256
all	119	101	1600000	0.0000631
all	120	57	1600000	0.0000356
all	121	122	1600000	0.0000762
all	122	53	1600000	0.0000331
all	123	24	1600000	0.0000150
all	124	39	1600000	0.0000244
all	125	47	1600000	0.0000294
all	126	53	1600000	0.0000331
all	127	110	1600000	0.0000687
all	128	46	1600000	0.0000288
all	129	66	1600000	0.0000413
all	130	45	1600000	0.0000281
all	131	40	1600000	0.0000250
all	132	76	1600000	0.0000475
all	133	73	1600000	0.0000456
all	134	56	1600000	0.0000350
all	135	43	1600000	0.0000269
all	136	33	1600000	0.0000206
all	137	89	1600000	0.0000556
all	138	60	1600000	0.0000375
all	139	82	1600000	0.0000513
all	140	72	1600000	0.0000450
all	141	15	1600000	0.0000094
all	142	34	1600000	0.0000212
all	143	68	1600000	0.0000425
all	144	56	1600000	0.0000350
all	145	57	1600000	0.0000356
all	146	69	1600000	0.0000431
all	147	110	1600000	0.0000687
all	148	93	1600000	0.0000581
all	149	48	1600000	0.0000300
all	150	60	1600000	0.0000375
all	151	20	1600000	0.0000125
all	152	12	1600000	0.0000075
all	153	75	1600000	0.0000469
all	154	20	1600000	0.0000125
all	155	10	1600000	0.0000062
all	156	24	1600000	0.0000150
all	157	69	1600000	0.0000431
all	158	28	1600000	0.0000175
all	159	27	1600000	0.0000169
all	160	18	1600000	0.0000113
all	161	15	1600000	0.0000094
all	162	40	1600000	0.0000250
all	163	37	1600000	0.0000231
all	164	25	1600000	0.0000156
all	165	103	1600000	0.0000644
all	166	25	1600000	0.0000156
all	167	45	1600000	0.0000281
all	168	67	1600000	0.0000419
all	169	47	1600000	0.0000294
all	170	107	1600000	0.0000669
all	171	81	1600000	0.0000506
all	172	60	1600000	0.0000375
all	173	41	1600000	0.0000256
all	174	51	1600000	0.0000319
all	175	32	1600000	0.0000200
all	176	85	1600000	0.0000531
all	177	39	1600000	0.0000244
all	178	65	1600000	0.0000406
all	179	50	1600000	0.0000313
all	180	6	1600000	0.0000037
all	181	3	1600000	0.0000019
all	182	10	1600000	0.0000062
all	183	12	1600000	0.0000075
all	184	30	1600000	0.0000188
all	185	9	1600000	0.0000056
all	186	10	1600000	0.0000062
all	187	19	1600000	0.0000119
all	188	6	1600000	0.0000037
all	189	4	1600000	0.0000025
all	190	13	1600000	0.0000081
all	191	3	1600000	0.0000019
all	192	5	1600000	0.0000031
all	193	10	1600000	0.0000062
all	194	38	1600000	0.0000238
all	195	37	1600000	0.0000231
all	196	14	1600000	0.0000088
all	197	6	1600000	0.0000037
all	198	21	1600000	0.0000131
all	199	4	1600000	0.0000025
all	200	18	1600000	0.0000113
all	201	16	1600000	0.0000100
all	202	7	1600000	0.0000044
all	203	15	1600000	0.0000094
all	204	1	1600000	0.0000006
all	205	33	1600000	0.0000206
all	206	28	1600000	0.0000175
all	207	53	1600000	0.0000331
all	208	14	1600000	0.0000088
all	209	5	1600000	0.0000031
all	210	9	1600000	0.0000056
all	211	9	1600000	0.0000056
all	212	5	1600000	0.0000031
all	213	9	1600000	0.0000056
all	214	7	1600000	0.0000044
all	215	5	1600000	0.0000031
all	216	11	1600000	0.0000069
all	217	3	1600000	0.0000019
all	218	23	1600000	0.0000144
all	219	49	1600000	0.0000306
all	220	20	1600000	0.0000125
all	223	6	1600000	0.0000037
all	224	24	1600000	0.0000150
all	225	26	1600000	0.0000163
all	226	15	1600000	0.0000094
all	227	14	1600000	0.0000088
all	228	18	1600000	0.0000113
all	229	20	1600000	0.0000125
all	230	24	1600000	0.0000150
all	231	8	1600000	0.0000050
all	232	15	1600000	0.0000094
all	233	7	1600000	0.0000044
all	234	13	1600000	0.0000081
all	235	1	1600000	0.0000006
all	236	2	1600000	0.0000012
all	237	3	1600000	0.0000019
all	238	20	1600000	0.0000125
all	239	1	1600000	0.0000006
all	241	23	1600000	0.0000144
all	242	30	1600000	0.0000188
all	243	12	1600000	0.0000075
all	244	22	1600000	0.0000138
all	245	11	1600000	0.0000069
all	246	50	1600000	0.0000313
all	247	20	1600000	0.0000125
all	248	5	1600000	0.0000031
all	249	16	1600000	0.0000100
all	250	51	1600000	0.0000319
all	251	17	1600000	0.0000106
all	252	46	1600000	0.0000288
all	253	2	1600000	0.0000012
all	254	17	1600000	0.0000106
all	255	2	1600000	0.0000012
all	256	1	1600000	0.0000006
all	257	2	1600000	0.0000012
all	258	4	1600000	0.0000025
all	259	3	1600000	0.0000019
all	260	2	1600000	0.0000012
all	261	3	1600000	0.0000019
all	262	1	1600000	0.0000006
all	263	24	1600000	0.0000150
all	264	5	1600000	0.0000031
all	265	3	1600000	0.0000019
all	266	4	1600000	0.0000025
all	267	2	1600000	0.0000012
all	268	4	1600000	0.0000025
all	269	3	1600000	0.0000019
all	270	7	1600000	0.0000044
all	272	9	1600000	0.0000056
all	273	8	1600000	0.0000050
all	274	7	1600000	0.0000044
all	275	19	1600000	0.0000119
all	276	6	1600000	0.0000037
all	277	1	1600000	0.0000006
all	279	3	1600000	0.0000019
all	281	2	1600000	0.0000012
all	282	9	1600000	0.0000056
all	283	2	1600000	0.0000012
all	284	3	1600000	0.0000019
all	285	1	1600000	0.0000006
all	287	2	1600000	0.0000012
all	288	3	1600000	0.0000019
all	290	1	1600000	0.0000006
all	292	2	1600000	0.0000012
all	294	1	1600000	0.0000006
all	297	16	1600000	0.0000100
all	298	4	1600000	0.0000025
all	301	7	1600000	0.0000044
all	302	16	1600000	0.0000100
all	304	2	1600000	0.0000012
all	305	17	1600000	0.0000106
all	306	3	1600000	0.0000019
all	308	1	1600000	0.0000006
all	312	1	1600000	0.0000006
all	313	2	1600000	0.0000012
all	314	1	1600000	0.0000006
all	315	4	1600000	0.0000025
all	316	14	1600000	0.0000088
all	317	12	1600000	0.0000075
all	318	11	1600000	0.0000069
all	319	1	1600000	0.0000006
all	320	5	1600000	0.0000031
all	321	4	1600000	0.0000025
all	322	1	1600000	0.0000006
all	323	1	1600000	0.0000006
all	324	5	1600000	0.0000031
all	325	2	1600000	0.0000012
all	326	4	1600000	0.0000025
all	327	7	1600000	0.0000044
all	328	1	1600000	0.0000006
all	329	3	1600000	0.0000019
all	330	3	1600000	0.0000019
all	331	4	1600000	0.0000025
all	332	13	1600000	0.0000081
all	335	2	1600000	0.0000012
all	336	1	1600000	0.0000006
all	337	5	1600000	0.0000031
all	339	3	1600000	0.0000019
all	341	4	1600000	0.0000025
all	342	3	1600000	0.0000019
all	343	5	1600000	0.0000031
all	344	5	1600000	0.0000031
all	345	8	1600000	0.0000050
all	346	2	1600000	0.0000012
all	347	12	1600000	0.0000075
all	348	6	1600000	0.0000037
all	349	2	1600000	0.0000012
all	350	6	1600000	0.0000037
all	351	22	1600000	0.0000138
all	352	1	1600000	0.0000006
all	353	3	1600000	0.0000019
all	354	6	1600000	0.0000037
all	355	2	1600000	0.0000012
all	356	7	1600000	0.0000044
all	358	2	1600000	0.0000012
all	362	2	1600000	0.0000012
all	363	1	1600000	0.0000006
all	365	1	1600000	0.0000006
all	366	5	1600000	0.0000031
all	368	7	1600000	0.0000044
all	369	4	1600000	0.0000025
all	370	1	1600000	0.0000006
all	371	8	1600000	0.0000050
all	372	4	1600000	0.0000025
all	374	3	1600000	0.0000019
all	375	2	1600000	0.0000012
all	376	6	1600000	0.0000037
all	379	1	1600000	0.0000006
all	380	22	1600000	0.0000138
all	382	4	1600000	0.0000025
all	384	5	1600000	0.0000031
all	385	2	1600000	0.0000012
all	386	2	1600000	0.0000012
all	387	4	1600000	0.0000025
all	388	2	1600000	0.0000012
all	389	2	1600000	0.0000012
all	390	6	1600000	0.0000037
all	391	4	1600000	0.0000025
all	392	12	1600000	0.0000075
all	393	8	1600000	0.0000050
all	394	4	1600000	0.0000025
all	395	4	1600000	0.0000025
all	396	10	1600000	0.0000062
all	397	4	1600000	0.0000025
all	398	12	1600000	0.0000075
all	399	2	1600000	0.0000012
all	400	6	1600000	0.0000037
all	401	8	1600000	0.0000050
all	402	6	1600000	0.0000037
all	403	2	1600000	0.0000012
all	417	2	1600000	0.0000012
all	422	1	1600000	0.0000006
all	424	2	1600000	0.0000012
all	425	1	1600000	0.0000006
all	426	1	1600000	0.0000006
all	428	1	1600000	0.0000006
all	433	1	1600000	0.0000006
all	441	2	1600000	0.0000012
all	442	4	1600000	0.0000025
all	465	26	1600000	0.0000163
all	466	1	1600000	0.0000006
all	467	1	1600000	0.0000006
all	468	3	1600000	0.0000019
all	469	6	1600000	0.0000037
all	470	6	1600000	0.0000037
all	475	1	1600000	0.0000006
all	477	1	1600000	0.0000006
all	480	3	1600000	0.0000019
all	483	4	1600000	0.0000025
all	484	2	1600000	0.0000012
all	485	1	1600000	0.0000006
all	488	12	1600000	0.0000075
all	489	2	1600000	0.0000012
all	493	1	1600000	0.0000006
all	496	3	1600000	0.0000019
all	497	1	1600000	0.0000006
all	499	1	1600000	0.0000006
all	500	2	1600000	0.0000012
all	501	7	1600000	0.0000044
all	503	3	1600000	0.0000019
all	506	5	1600000	0.0000031
all	508	1	1600000	0.0000006
all	509	2	1600000	0.0000012
all	510	4	1600000	0.0000025
all	511	3	1600000	0.0000019
all	512	4	1600000	0.0000025
all	513	5	1600000	0.0000031
all	514	7	1600000	0.0000044
all	515	5	1600000	0.0000031
all	517	4	1600000	0.0000025
all	518	1	1600000	0.0000006
all	519	1	1600000	0.0000006
all	520	10	1600000	0.0000062
all	521	2	1600000	0.0000012
all	522	2	1600000	0.0000012
all	523	1	1600000	0.0000006
all	527	4	1600000	0.0000025
all	528	3	1600000	0.0000019
all	530	6	1600000	0.0000037
all	532	3	1600000	0.0000019
all	533	3	1600000	0.0000019
all	535	3	1600000	0.0000019
all	536	4	1600000	0.0000025
all	538	1	1600000	0.0000006
all	540	2	1600000	0.0000012
all	542	1	1600000	0.0000006
all	544	2	1600000	0.0000012
all	545	2	1600000	0.0000012
all	546	5	1600000	0.0000031
all	547	2	1600000	0.0000012
all	548	2	1600000	0.0000012
all	549	2	1600000	0.0000012
all	550	4	1600000	0.0000025
all	554	4	1600000	0.0000025
all	555	10	1600000	0.0000062
all	556	2	1600000	0.0000012
all	558	2	1600000	0.0000012
all	562	2	1600000	0.0000012
all	565	2	1600000	0.0000012
all	568	4	1600000	0.0000025
all	571	4	1600000	0.0000025
all	575	8	1600000	0.0000050
all	576	6	1600000	0.0000037
all	584	2	1600000	0.0000012
all	589	4	1600000	0.0000025
all	590	6	1600000	0.0000037
all	592	6	1600000	0.0000037
all	593	2	1600000	0.0000012
all	594	6	1600000	0.0000037
all	595	2	1600000	0.0000012
all	623	2	1600000	0.0000012
all	624	4	1600000	0.0000025
all	735	4	1600000	0.0000025
all	749	4	1600000	0.0000025
all	752	2	1600000	0.0000012
all	755	1	1600000	0.0000006
all	757	1	1600000	0.0000006
all	758	1	1600000	0.0000006
all	766	1	1600000	0.0000006
all	768	1	1600000	0.0000006
all	775	1	1600000	0.0000006
all	777	1	1600000	0.0000006
all	781	2	1600000	0.0000012
all	782	10	1600000	0.0000062
all	783	1	1600000	0.0000006
all	784	4	1600000	0.0000025
all	785	4	1600000	0.0000025
all	786	14	1600000	0.0000088
all	787	6	1600000	0.0000037
all	788	4	1600000	0.0000025
all	789	4	1600000	0.0000025
all	798	1	1600000	0.0000006
all	799	1	1600000	0.0000006
all	800	1	1600000	0.0000006
all	812	1	1600000	0.0000006
all	815	1	1600000	0.0000006
all	826	1	1600000	0.0000006
all	828	2	1600000	0.0000012
all	830	2	1600000	0.0000012
all	836	6	1600000	0.0000037
