all	0	1391589	1600000	0.8697431
all	1	78433	1600000	0.0490206
all	2	87904	1600000	0.0549400
all	3	16614	1600000	0.0103838
all	4	11689	1600000	0.0073056
all	5	4587	1600000	0.0028669
all	6	2702	1600000	0.0016887
all	7	1547	1600000	0.0009669
all	8	1115	1600000	0.0006969
all	9	810	1600000	0.0005063
all	10	561	1600000	0.0003506
all	11	492	1600000	0.0003075
all	12	272	1600000	0.0001700
all	13	197	1600000	0.0001231
all	14	168	1600000	0.0001050
all	15	93	1600000	0.0000581
all	16	149	1600000	0.0000931
all	17	66	1600000	0.0000413
all	18	127	1600000	0.0000794
all	19	55	1600000	0.0000344
all	20	33	1600000	0.0000206
all	21	44	1600000	0.0000275
all	22	37	1600000	0.0000231
all	23	31	1600000	0.0000194
all	24	10	1600000	0.0000062
all	25	16	1600000	0.0000100
all	26	27	1600000	0.0000169
all	27	1	1600000	0.0000006
all	28	13	1600000	0.0000081
all	29	26	1600000	0.0000163
all	30	13	1600000	0.0000081
all	31	5	1600000	0.0000031
all	32	6	1600000	0.0000037
all	33	5	1600000	0.0000031
all	34	10	1600000	0.0000062
all	35	12	1600000	0.0000075
all	36	4	1600000	0.0000025
all	37	10	1600000	0.0000062
all	38	1	1600000	0.0000006
all	39	6	1600000	0.0000037
all	40	5	1600000	0.0000031
all	41	16	1600000	0.0000100
all	42	6	1600000	0.0000037
all	43	13	1600000	0.0000081
all	44	5	1600000	0.0000031
all	45	2	1600000	0.0000012
all	46	1	1600000	0.0000006
all	47	2	1600000	0.0000012
all	48	5	1600000	0.0000031
all	49	4	1600000	0.0000025
all	50	7	1600000	0.0000044
all	51	2	1600000	0.0000012
all	52	5	1600000	0.0000031
all	53	8	1600000	0.0000050
all	54	3	1600000	0.0000019
all	55	3	1600000	0.0000019
all	56	8	1600000	0.0000050
all	58	13	1600000	0.0000081
all	59	13	1600000	0.0000081
all	60	13	1600000	0.0000081
all	61	13	1600000	0.0000081
all	62	18	1600000	0.0000113
all	63	14	1600000	0.0000088
all	64	16	1600000	0.0000100
all	65	10	1600000	0.0000062
all	66	7	1600000	0.0000044
all	67	3	1600000	0.0000019
all	68	1	1600000	0.0000006
all	69	2	1600000	0.0000012
all	70	2	1600000	0.0000012
all	73	1	1600000	0.0000006
all	74	3	1600000	0.0000019
all	77	2	1600000	0.0000012
all	78	1	1600000	0.0000006
all	80	1	1600000	0.0000006
all	83	3	1600000	0.0000019
all	91	2	1600000	0.0000012
all	93	4	1600000	0.0000025
all	94	6	1600000	0.0000037
all	95	4	1600000	0.0000025
all	96	3	1600000	0.0000019
all	97	1	1600000	0.0000006
all	98	1	1600000	0.0000006
all	99	3	1600000	0.0000019
all	100	1	1600000	0.0000006
all	101	1	1600000	0.0000006
all	102	5	1600000	0.0000031
all	104	2	1600000	0.0000012
all	105	1	1600000	0.0000006
all	109	2	1600000	0.0000012
all	110	1	1600000	0.0000006
all	112	1	1600000	0.0000006
all	113	2	1600000	0.0000012
all	114	4	1600000	0.0000025
all	115	1	1600000	0.0000006
all	116	1	1600000	0.0000006
all	119	5	1600000	0.0000031
all	121	2	1600000	0.0000012
all	122	4	1600000	0.0000025
all	124	3	1600000	0.0000019
all	125	2	1600000	0.0000012
all	126	3	1600000	0.0000019
all	127	5	1600000	0.0000031
all	128	2	1600000	0.0000012
all	131	3	1600000	0.0000019
all	132	4	1600000	0.0000025
all	133	5	1600000	0.0000031
all	134	5	1600000	0.0000031
all	135	1	1600000	0.0000006
all	136	1	1600000	0.0000006
all	137	4	1600000	0.0000025
all	138	1	1600000	0.0000006
all	139	2	1600000	0.0000012
all	140	6	1600000	0.0000037
all	141	1	1600000	0.0000006
all	142	1	1600000	0.0000006
all	143	2	1600000	0.0000012
all	145	5	1600000	0.0000031
all	146	7	1600000	0.0000044
all	147	15	1600000	0.0000094
all	148	3	1600000	0.0000019
all	149	2	1600000	0.0000012
all	150	4	1600000	0.0000025
all	151	10	1600000	0.0000062
all	152	3	1600000	0.0000019
all	156	2	1600000	0.0000012
all	157	2	1600000	0.0000012
all	159	1	1600000	0.0000006
all	160	2	1600000	0.0000012
all	161	9	1600000	0.0000056
all	162	4	1600000	0.0000025
all	163	8	1600000	0.0000050
all	164	8	1600000	0.0000050
all	165	8	1600000	0.0000050
all	166	6	1600000	0.0000037
all	167	6	1600000	0.0000037
all	168	2	1600000	0.0000012
all	170	4	1600000	0.0000025
all	173	2	1600000	0.0000012
all	174	2	1600000	0.0000012
all	179	2	1600000	0.0000012
all	180	4	1600000	0.0000025
all	182	6	1600000	0.0000037
all	185	4	1600000	0.0000025
all	187	4	1600000	0.0000025
all	196	2	1600000	0.0000012
all	199	2	1600000	0.0000012
all	200	7	1600000	0.0000044
all	201	3	1600000	0.0000019
all	202	5	1600000	0.0000031
all	203	3	1600000	0.0000019
all	204	2	1600000	0.0000012
all	205	3	1600000	0.0000019
all	207	3	1600000	0.0000019
all	208	6	1600000	0.0000037
all	209	2	1600000	0.0000012
all	210	2	1600000	0.0000012
all	216	1	1600000	0.0000006
all	217	1	1600000	0.0000006
all	218	2	1600000	0.0000012
all	219	2	1600000	0.0000012
