all	0	351758	1600000	0.2198488
all	1	50696	1600000	0.0316850
all	2	83975	1600000	0.0524844
all	3	49687	1600000	0.0310544
all	4	60217	1600000	0.0376356
all	5	50377	1600000	0.0314856
all	6	52881	1600000	0.0330506
all	7	51604	1600000	0.0322525
all	8	53081	1600000	0.0331756
all	9	45239	1600000	0.0282744
all	10	46378	1600000	0.0289862
all	11	43000	1600000	0.0268750
all	12	39660	1600000	0.0247875
all	13	36002	1600000	0.0225013
all	14	37208	1600000	0.0232550
all	15	32793	1600000	0.0204956
all	16	31982	1600000	0.0199887
all	17	30409	1600000	0.0190056
all	18	30379	1600000	0.0189869
all	19	26114	1600000	0.0163212
all	20	24063	1600000	0.0150394
all	21	23383	1600000	0.0146144
all	22	21002	1600000	0.0131263
all	23	20015	1600000	0.0125094
all	24	19611	1600000	0.0122569
all	25	17511	1600000	0.0109444
all	26	17300	1600000	0.0108125
all	27	15891	1600000	0.0099319
all	28	14248	1600000	0.0089050
all	29	12462	1600000	0.0077887
all	30	12618	1600000	0.0078862
all	31	12136	1600000	0.0075850
all	32	10846	1600000	0.0067788
all	33	10036	1600000	0.0062725
all	34	8184	1600000	0.0051150
all	35	8707	1600000	0.0054419
all	36	7894	1600000	0.0049337
all	37	7596	1600000	0.0047475
all	38	6983	1600000	0.0043644
all	39	6865	1600000	0.0042906
all	40	6328	1600000	0.0039550
all	41	6278	1600000	0.0039238
all	42	6117	1600000	0.0038231
all	43	4901	1600000	0.0030631
all	44	3997	1600000	0.0024981
all	45	4247	1600000	0.0026544
all	46	4050	1600000	0.0025313
all	47	3980	1600000	0.0024875
all	48	4260	1600000	0.0026625
all	49	2385	1600000	0.0014906
all	50	3296	1600000	0.0020600
all	51	2899	1600000	0.0018119
all	52	3301	1600000	0.0020631
all	53	2377	1600000	0.0014856
all	54	2392	1600000	0.0014950
all	55	2643	1600000	0.0016519
all	56	2109	1600000	0.0013181
all	57	2223	1600000	0.0013894
all	58	1691	1600000	0.0010569
all	59	1942	1600000	0.0012137
all	60	1968	1600000	0.0012300
all	61	1480	1600000	0.0009250
all	62	1492	1600000	0.0009325
all	63	1380	1600000	0.0008625
all	64	1243	1600000	0.0007769
all	65	1539	1600000	0.0009619
all	66	1151	1600000	0.0007194
all	67	1326	1600000	0.0008288
all	68	1285	1600000	0.0008031
all	69	1238	1600000	0.0007738
all	70	1057	1600000	0.0006606
all	71	738	1600000	0.0004612
all	72	974	1600000	0.0006087
all	73	602	1600000	0.0003763
all	74	597	1600000	0.0003731
all	75	695	1600000	0.0004344
all	76	667	1600000	0.0004169
all	77	893	1600000	0.0005581
all	78	795	1600000	0.0004969
all	79	539	1600000	0.0003369
all	80	510	1600000	0.0003188
all	81	540	1600000	0.0003375
all	82	861	1600000	0.0005381
all	83	649	1600000	0.0004056
all	84	560	1600000	0.0003500
all	85	580	1600000	0.0003625
all	86	677	1600000	0.0004231
all	87	804	1600000	0.0005025
all	88	682	1600000	0.0004262
all	89	690	1600000	0.0004312
all	90	531	1600000	0.0003319
all	91	459	1600000	0.0002869
all	92	544	1600000	0.0003400
all	93	505	1600000	0.0003156
all	94	207	1600000	0.0001294
all	95	418	1600000	0.0002613
all	96	342	1600000	0.0002137
all	97	356	1600000	0.0002225
all	98	449	1600000	0.0002806
all	99	313	1600000	0.0001956
all	100	304	1600000	0.0001900
all	101	340	1600000	0.0002125
all	102	287	1600000	0.0001794
all	103	313	1600000	0.0001956
all	104	248	1600000	0.0001550
all	105	277	1600000	0.0001731
all	106	187	1600000	0.0001169
all	107	306	1600000	0.0001913
all	108	289	1600000	0.0001806
all	109	234	1600000	0.0001462
all	110	321	1600000	0.0002006
all	111	203	1600000	0.0001269
all	112	229	1600000	0.0001431
all	113	285	1600000	0.0001781
all	114	246	1600000	0.0001538
all	115	207	1600000	0.0001294
all	116	287	1600000	0.0001794
all	117	142	1600000	0.0000887
all	118	141	1600000	0.0000881
all	119	291	1600000	0.0001819
all	120	119	1600000	0.0000744
all	121	282	1600000	0.0001763
all	122	157	1600000	0.0000981
all	123	174	1600000	0.0001087
all	124	205	1600000	0.0001281
all	125	113	1600000	0.0000706
all	126	208	1600000	0.0001300
all	127	81	1600000	0.0000506
all	128	245	1600000	0.0001531
all	129	246	1600000	0.0001538
all	130	127	1600000	0.0000794
all	131	181	1600000	0.0001131
all	132	111	1600000	0.0000694
all	133	131	1600000	0.0000819
all	134	123	1600000	0.0000769
all	135	147	1600000	0.0000919
all	136	167	1600000	0.0001044
all	137	111	1600000	0.0000694
all	138	152	1600000	0.0000950
all	139	108	1600000	0.0000675
all	140	48	1600000	0.0000300
all	141	155	1600000	0.0000969
all	142	79	1600000	0.0000494
all	143	138	1600000	0.0000863
all	144	117	1600000	0.0000731
all	145	132	1600000	0.0000825
all	146	135	1600000	0.0000844
all	147	51	1600000	0.0000319
all	148	96	1600000	0.0000600
all	149	84	1600000	0.0000525
all	150	48	1600000	0.0000300
all	151	133	1600000	0.0000831
all	152	122	1600000	0.0000762
all	153	47	1600000	0.0000294
all	154	69	1600000	0.0000431
all	155	80	1600000	0.0000500
all	156	83	1600000	0.0000519
all	157	103	1600000	0.0000644
all	158	63	1600000	0.0000394
all	159	64	1600000	0.0000400
all	160	63	1600000	0.0000394
all	161	134	1600000	0.0000837
all	162	46	1600000	0.0000288
all	163	33	1600000	0.0000206
all	164	54	1600000	0.0000337
all	165	42	1600000	0.0000262
all	166	41	1600000	0.0000256
all	167	58	1600000	0.0000362
all	168	37	1600000	0.0000231
all	169	19	1600000	0.0000119
all	170	44	1600000	0.0000275
all	171	136	1600000	0.0000850
all	172	65	1600000	0.0000406
all	173	80	1600000	0.0000500
all	174	59	1600000	0.0000369
all	175	40	1600000	0.0000250
all	176	124	1600000	0.0000775
all	177	79	1600000	0.0000494
all	178	10	1600000	0.0000062
all	179	111	1600000	0.0000694
all	180	26	1600000	0.0000163
all	181	29	1600000	0.0000181
all	182	42	1600000	0.0000262
all	183	31	1600000	0.0000194
all	184	34	1600000	0.0000212
all	185	26	1600000	0.0000163
all	186	115	1600000	0.0000719
all	187	29	1600000	0.0000181
all	188	6	1600000	0.0000037
all	189	27	1600000	0.0000169
all	190	90	1600000	0.0000562
all	191	28	1600000	0.0000175
all	192	12	1600000	0.0000075
all	193	97	1600000	0.0000606
all	194	22	1600000	0.0000138
all	195	21	1600000	0.0000131
all	196	7	1600000	0.0000044
all	197	41	1600000	0.0000256
all	198	35	1600000	0.0000219
all	199	54	1600000	0.0000337
all	200	21	1600000	0.0000131
all	201	41	1600000	0.0000256
all	202	55	1600000	0.0000344
all	203	25	1600000	0.0000156
all	204	26	1600000	0.0000163
all	205	35	1600000	0.0000219
all	206	30	1600000	0.0000188
all	207	25	1600000	0.0000156
all	208	16	1600000	0.0000100
all	209	12	1600000	0.0000075
all	210	29	1600000	0.0000181
all	211	24	1600000	0.0000150
all	212	17	1600000	0.0000106
all	213	74	1600000	0.0000462
all	214	14	1600000	0.0000088
all	215	26	1600000	0.0000163
all	216	13	1600000	0.0000081
all	217	5	1600000	0.0000031
all	218	22	1600000	0.0000138
all	219	11	1600000	0.0000069
all	220	5	1600000	0.0000031
all	221	10	1600000	0.0000062
all	222	4	1600000	0.0000025
all	223	13	1600000	0.0000081
all	224	13	1600000	0.0000081
all	225	17	1600000	0.0000106
all	226	33	1600000	0.0000206
all	227	18	1600000	0.0000113
all	228	11	1600000	0.0000069
all	229	8	1600000	0.0000050
all	230	28	1600000	0.0000175
all	231	15	1600000	0.0000094
all	232	20	1600000	0.0000125
all	233	47	1600000	0.0000294
all	234	15	1600000	0.0000094
all	235	16	1600000	0.0000100
all	236	13	1600000	0.0000081
all	237	38	1600000	0.0000238
all	238	59	1600000	0.0000369
all	239	39	1600000	0.0000244
all	240	18	1600000	0.0000113
all	241	19	1600000	0.0000119
all	242	17	1600000	0.0000106
all	243	11	1600000	0.0000069
all	244	16	1600000	0.0000100
all	245	9	1600000	0.0000056
all	246	29	1600000	0.0000181
all	247	19	1600000	0.0000119
all	248	17	1600000	0.0000106
all	249	20	1600000	0.0000125
all	250	28	1600000	0.0000175
all	251	41	1600000	0.0000256
all	252	4	1600000	0.0000025
all	253	14	1600000	0.0000088
all	254	13	1600000	0.0000081
all	255	11	1600000	0.0000069
all	256	71	1600000	0.0000444
all	257	39	1600000	0.0000244
all	258	30	1600000	0.0000188
all	259	24	1600000	0.0000150
all	260	21	1600000	0.0000131
all	261	15	1600000	0.0000094
all	262	2	1600000	0.0000012
all	263	13	1600000	0.0000081
all	264	14	1600000	0.0000088
all	265	9	1600000	0.0000056
all	266	25	1600000	0.0000156
all	267	41	1600000	0.0000256
all	268	30	1600000	0.0000188
all	269	50	1600000	0.0000313
all	270	10	1600000	0.0000062
all	271	23	1600000	0.0000144
all	272	15	1600000	0.0000094
all	273	5	1600000	0.0000031
all	275	14	1600000	0.0000088
all	276	4	1600000	0.0000025
all	277	14	1600000	0.0000088
all	278	14	1600000	0.0000088
all	279	12	1600000	0.0000075
all	280	48	1600000	0.0000300
all	281	33	1600000	0.0000206
all	282	31	1600000	0.0000194
all	283	42	1600000	0.0000262
all	284	14	1600000	0.0000088
all	285	4	1600000	0.0000025
all	286	12	1600000	0.0000075
all	287	18	1600000	0.0000113
all	288	9	1600000	0.0000056
all	289	2	1600000	0.0000012
all	290	6	1600000	0.0000037
all	291	33	1600000	0.0000206
all	292	10	1600000	0.0000062
all	293	7	1600000	0.0000044
all	294	6	1600000	0.0000037
all	295	37	1600000	0.0000231
all	296	38	1600000	0.0000238
all	298	4	1600000	0.0000025
all	299	5	1600000	0.0000031
all	300	2	1600000	0.0000012
all	301	4	1600000	0.0000025
all	302	5	1600000	0.0000031
all	303	14	1600000	0.0000088
all	304	8	1600000	0.0000050
all	305	27	1600000	0.0000169
all	306	24	1600000	0.0000150
all	307	4	1600000	0.0000025
all	308	10	1600000	0.0000062
all	309	1	1600000	0.0000006
all	310	5	1600000	0.0000031
all	311	3	1600000	0.0000019
all	312	3	1600000	0.0000019
all	313	7	1600000	0.0000044
all	315	7	1600000	0.0000044
all	316	1	1600000	0.0000006
all	317	3	1600000	0.0000019
all	318	1	1600000	0.0000006
all	319	1	1600000	0.0000006
all	321	1	1600000	0.0000006
all	322	6	1600000	0.0000037
all	323	27	1600000	0.0000169
all	324	6	1600000	0.0000037
all	325	5	1600000	0.0000031
all	326	8	1600000	0.0000050
all	327	4	1600000	0.0000025
all	328	2	1600000	0.0000012
all	329	5	1600000	0.0000031
all	330	5	1600000	0.0000031
all	332	3	1600000	0.0000019
all	333	2	1600000	0.0000012
all	335	4	1600000	0.0000025
all	337	3	1600000	0.0000019
all	338	9	1600000	0.0000056
all	339	4	1600000	0.0000025
all	340	3	1600000	0.0000019
all	341	3	1600000	0.0000019
all	342	20	1600000	0.0000125
all	343	2	1600000	0.0000012
all	344	1	1600000	0.0000006
all	345	10	1600000	0.0000062
all	346	2	1600000	0.0000012
all	347	4	1600000	0.0000025
all	348	3	1600000	0.0000019
all	349	2	1600000	0.0000012
all	350	5	1600000	0.0000031
all	351	1	1600000	0.0000006
all	352	2	1600000	0.0000012
all	353	6	1600000	0.0000037
all	354	1	1600000	0.0000006
all	355	2	1600000	0.0000012
all	356	2	1600000	0.0000012
all	359	3	1600000	0.0000019
all	362	15	1600000	0.0000094
all	363	3	1600000	0.0000019
all	364	3	1600000	0.0000019
all	365	4	1600000	0.0000025
all	366	17	1600000	0.0000106
all	367	6	1600000	0.0000037
all	368	9	1600000	0.0000056
all	370	5	1600000	0.0000031
all	371	6	1600000	0.0000037
all	372	10	1600000	0.0000062
all	373	5	1600000	0.0000031
all	374	21	1600000	0.0000131
all	375	2	1600000	0.0000012
all	376	1	1600000	0.0000006
all	378	5	1600000	0.0000031
all	379	2	1600000	0.0000012
all	380	23	1600000	0.0000144
all	381	5	1600000	0.0000031
all	382	5	1600000	0.0000031
all	383	10	1600000	0.0000062
all	384	29	1600000	0.0000181
all	385	8	1600000	0.0000050
all	386	6	1600000	0.0000037
all	387	5	1600000	0.0000031
all	388	19	1600000	0.0000119
all	389	4	1600000	0.0000025
all	390	1	1600000	0.0000006
all	391	2	1600000	0.0000012
all	392	4	1600000	0.0000025
all	393	17	1600000	0.0000106
all	394	2	1600000	0.0000012
all	395	4	1600000	0.0000025
all	398	4	1600000	0.0000025
all	399	5	1600000	0.0000031
all	400	4	1600000	0.0000025
all	401	4	1600000	0.0000025
all	402	5	1600000	0.0000031
all	404	1	1600000	0.0000006
all	409	4	1600000	0.0000025
all	410	4	1600000	0.0000025
all	411	2	1600000	0.0000012
all	412	3	1600000	0.0000019
all	413	3	1600000	0.0000019
all	414	6	1600000	0.0000037
all	415	2	1600000	0.0000012
all	416	8	1600000	0.0000050
all	417	1	1600000	0.0000006
all	420	10	1600000	0.0000062
all	422	3	1600000	0.0000019
all	423	3	1600000	0.0000019
all	425	4	1600000	0.0000025
all	426	2	1600000	0.0000012
all	427	7	1600000	0.0000044
all	428	12	1600000	0.0000075
all	429	6	1600000	0.0000037
all	430	1	1600000	0.0000006
all	433	2	1600000	0.0000012
all	434	1	1600000	0.0000006
all	435	2	1600000	0.0000012
all	436	4	1600000	0.0000025
all	437	3	1600000	0.0000019
all	438	2	1600000	0.0000012
all	440	2	1600000	0.0000012
all	441	2	1600000	0.0000012
all	443	6	1600000	0.0000037
all	444	1	1600000	0.0000006
all	449	8	1600000	0.0000050
all	450	2	1600000	0.0000012
all	454	2	1600000	0.0000012
all	456	3	1600000	0.0000019
all	457	1	1600000	0.0000006
all	468	2	1600000	0.0000012
all	469	2	1600000	0.0000012
all	475	1	1600000	0.0000006
all	477	1	1600000	0.0000006
all	478	1	1600000	0.0000006
all	481	1	1600000	0.0000006
all	490	1	1600000	0.0000006
all	491	2	1600000	0.0000012
all	497	1	1600000	0.0000006
all	500	2	1600000	0.0000012
all	503	1	1600000	0.0000006
all	506	2	1600000	0.0000012
all	508	1	1600000	0.0000006
all	509	1	1600000	0.0000006
all	511	1	1600000	0.0000006
all	514	1	1600000	0.0000006
all	515	1	1600000	0.0000006
all	517	1	1600000	0.0000006
all	524	1	1600000	0.0000006
all	525	1	1600000	0.0000006
all	530	2	1600000	0.0000012
all	531	2	1600000	0.0000012
all	533	1	1600000	0.0000006
all	536	1	1600000	0.0000006
all	542	1	1600000	0.0000006
all	546	1	1600000	0.0000006
all	547	2	1600000	0.0000012
all	554	2	1600000	0.0000012
all	556	2	1600000	0.0000012
all	563	4	1600000	0.0000025
all	564	3	1600000	0.0000019
all	565	1	1600000	0.0000006
all	571	1	1600000	0.0000006
all	572	1	1600000	0.0000006
all	576	1	1600000	0.0000006
all	577	2	1600000	0.0000012
all	581	1	1600000	0.0000006
all	583	2	1600000	0.0000012
all	584	3	1600000	0.0000019
all	585	1	1600000	0.0000006
all	588	1	1600000	0.0000006
all	589	1	1600000	0.0000006
all	591	1	1600000	0.0000006
all	597	1	1600000	0.0000006
all	598	1	1600000	0.0000006
all	599	2	1600000	0.0000012
all	600	4	1600000	0.0000025
all	601	4	1600000	0.0000025
all	602	2	1600000	0.0000012
all	603	2	1600000	0.0000012
all	604	2	1600000	0.0000012
all	605	2	1600000	0.0000012
all	606	5	1600000	0.0000031
all	607	2	1600000	0.0000012
all	608	3	1600000	0.0000019
all	610	2	1600000	0.0000012
all	611	4	1600000	0.0000025
all	612	1	1600000	0.0000006
all	615	2	1600000	0.0000012
all	616	2	1600000	0.0000012
all	617	2	1600000	0.0000012
all	618	6	1600000	0.0000037
all	619	4	1600000	0.0000025
all	622	2	1600000	0.0000012
all	623	4	1600000	0.0000025
all	624	6	1600000	0.0000037
all	625	1	1600000	0.0000006
all	626	6	1600000	0.0000037
all	627	2	1600000	0.0000012
all	628	9	1600000	0.0000056
all	629	4	1600000	0.0000025
all	631	1	1600000	0.0000006
all	632	1	1600000	0.0000006
all	634	2	1600000	0.0000012
all	636	6	1600000	0.0000037
all	637	4	1600000	0.0000025
all	638	2	1600000	0.0000012
all	640	4	1600000	0.0000025
all	641	3	1600000	0.0000019
all	644	1	1600000	0.0000006
all	646	1	1600000	0.0000006
all	647	1	1600000	0.0000006
all	648	2	1600000	0.0000012
all	674	1	1600000	0.0000006
all	677	1	1600000	0.0000006
all	689	1	1600000	0.0000006
all	693	1	1600000	0.0000006
all	695	1	1600000	0.0000006
all	697	1	1600000	0.0000006
all	705	1	1600000	0.0000006
all	708	1	1600000	0.0000006
all	710	2	1600000	0.0000012
all	711	1	1600000	0.0000006
all	721	1	1600000	0.0000006
all	729	1	1600000	0.0000006
all	735	1	1600000	0.0000006
all	736	1	1600000	0.0000006
all	744	1	1600000	0.0000006
all	745	3	1600000	0.0000019
all	746	1	1600000	0.0000006
all	747	2	1600000	0.0000012
all	748	2	1600000	0.0000012
all	749	1	1600000	0.0000006
all	751	1	1600000	0.0000006
all	754	1	1600000	0.0000006
all	757	2	1600000	0.0000012
all	772	1	1600000	0.0000006
all	777	1	1600000	0.0000006
all	780	2	1600000	0.0000012
all	784	2	1600000	0.0000012
all	802	3	1600000	0.0000019
all	806	1	1600000	0.0000006
all	808	2	1600000	0.0000012
all	812	1	1600000	0.0000006
all	814	2	1600000	0.0000012
all	816	1	1600000	0.0000006
all	817	2	1600000	0.0000012
all	823	4	1600000	0.0000025
all	824	1	1600000	0.0000006
all	825	3	1600000	0.0000019
all	826	2	1600000	0.0000012
all	827	1	1600000	0.0000006
all	828	1	1600000	0.0000006
all	831	2	1600000	0.0000012
all	833	2	1600000	0.0000012
all	834	2	1600000	0.0000012
all	842	4	1600000	0.0000025
all	844	1	1600000	0.0000006
all	845	2	1600000	0.0000012
all	847	1	1600000	0.0000006
all	848	1	1600000	0.0000006
all	849	1	1600000	0.0000006
all	850	1	1600000	0.0000006
all	851	1	1600000	0.0000006
all	854	2	1600000	0.0000012
all	855	2	1600000	0.0000012
all	860	2	1600000	0.0000012
all	861	3	1600000	0.0000019
all	862	2	1600000	0.0000012
all	863	2	1600000	0.0000012
all	864	6	1600000	0.0000037
all	872	3	1600000	0.0000019
all	874	15	1600000	0.0000094
all	875	2	1600000	0.0000012
all	876	4	1600000	0.0000025
all	882	2	1600000	0.0000012
all	885	2	1600000	0.0000012
all	886	2	1600000	0.0000012
all	887	5	1600000	0.0000031
all	889	2	1600000	0.0000012
all	890	3	1600000	0.0000019
all	891	1	1600000	0.0000006
all	892	1	1600000	0.0000006
all	893	2	1600000	0.0000012
all	894	1	1600000	0.0000006
all	895	2	1600000	0.0000012
all	897	1	1600000	0.0000006
all	900	1	1600000	0.0000006
all	904	1	1600000	0.0000006
all	906	1	1600000	0.0000006
all	911	2	1600000	0.0000012
all	912	1	1600000	0.0000006
all	930	1	1600000	0.0000006
all	943	1	1600000	0.0000006
all	945	1	1600000	0.0000006
all	946	1	1600000	0.0000006
all	947	1	1600000	0.0000006
all	965	1	1600000	0.0000006
all	969	1	1600000	0.0000006
all	980	2	1600000	0.0000012
all	981	1	1600000	0.0000006
all	988	1	1600000	0.0000006
all	989	2	1600000	0.0000012
all	1010	2	1600000	0.0000012
all	1018	1	1600000	0.0000006
all	1019	7	1600000	0.0000044
all	1020	4	1600000	0.0000025
all	1033	2	1600000	0.0000012
all	1035	3	1600000	0.0000019
all	1038	2	1600000	0.0000012
all	1042	1	1600000	0.0000006
all	1056	1	1600000	0.0000006
all	1063	1	1600000	0.0000006
all	1071	1	1600000	0.0000006
all	1080	2	1600000	0.0000012
all	1087	1	1600000	0.0000006
all	1092	1	1600000	0.0000006
all	1096	2	1600000	0.0000012
all	1100	1	1600000	0.0000006
all	1108	1	1600000	0.0000006
all	1113	1	1600000	0.0000006
all	1117	3	1600000	0.0000019
all	1118	2	1600000	0.0000012
all	1121	2	1600000	0.0000012
all	1125	2	1600000	0.0000012
all	1128	2	1600000	0.0000012
all	1132	1	1600000	0.0000006
all	1135	1	1600000	0.0000006
all	1137	3	1600000	0.0000019
all	1149	2	1600000	0.0000012
all	1151	2	1600000	0.0000012
all	1154	2	1600000	0.0000012
all	1157	2	1600000	0.0000012
all	1169	2	1600000	0.0000012
all	1177	2	1600000	0.0000012
all	1184	2	1600000	0.0000012
all	1185	2	1600000	0.0000012
all	1186	2	1600000	0.0000012
all	1187	2	1600000	0.0000012
all	1193	4	1600000	0.0000025
all	1194	2	1600000	0.0000012
all	1196	2	1600000	0.0000012
all	1200	2	1600000	0.0000012
all	1205	6	1600000	0.0000037
all	1206	14	1600000	0.0000088
all	1208	2	1600000	0.0000012
all	1209	8	1600000	0.0000050
all	1210	4	1600000	0.0000025
all	1211	2	1600000	0.0000012
