all	0	1339865	1600000	0.8374156
all	1	34220	1600000	0.0213875
all	2	37544	1600000	0.0234650
all	3	14953	1600000	0.0093456
all	4	15441	1600000	0.0096506
all	5	12722	1600000	0.0079513
all	6	13900	1600000	0.0086875
all	7	13088	1600000	0.0081800
all	8	11112	1600000	0.0069450
all	9	8207	1600000	0.0051294
all	10	7530	1600000	0.0047063
all	11	7783	1600000	0.0048644
all	12	8451	1600000	0.0052819
all	13	6581	1600000	0.0041131
all	14	5977	1600000	0.0037356
all	15	5837	1600000	0.0036481
all	16	4296	1600000	0.0026850
all	17	4470	1600000	0.0027938
all	18	3248	1600000	0.0020300
all	19	2590	1600000	0.0016188
all	20	2958	1600000	0.0018488
all	21	2822	1600000	0.0017637
all	22	2799	1600000	0.0017494
all	23	2258	1600000	0.0014112
all	24	1974	1600000	0.0012338
all	25	1525	1600000	0.0009531
all	26	1808	1600000	0.0011300
all	27	1654	1600000	0.0010338
all	28	1605	1600000	0.0010031
all	29	1240	1600000	0.0007750
all	30	1213	1600000	0.0007581
all	31	882	1600000	0.0005513
all	32	1056	1600000	0.0006600
all	33	1221	1600000	0.0007631
all	34	952	1600000	0.0005950
all	35	940	1600000	0.0005875
all	36	711	1600000	0.0004444
all	37	909	1600000	0.0005681
all	38	499	1600000	0.0003119
all	39	578	1600000	0.0003612
all	40	804	1600000	0.0005025
all	41	632	1600000	0.0003950
all	42	549	1600000	0.0003431
all	43	518	1600000	0.0003237
all	44	497	1600000	0.0003106
all	45	342	1600000	0.0002137
all	46	333	1600000	0.0002081
all	47	462	1600000	0.0002887
all	48	268	1600000	0.0001675
all	49	405	1600000	0.0002531
all	50	399	1600000	0.0002494
all	51	223	1600000	0.0001394
all	52	478	1600000	0.0002988
all	53	234	1600000	0.0001462
all	54	167	1600000	0.0001044
all	55	190	1600000	0.0001188
all	56	115	1600000	0.0000719
all	57	158	1600000	0.0000988
all	58	188	1600000	0.0001175
all	59	164	1600000	0.0001025
all	60	290	1600000	0.0001812
all	61	101	1600000	0.0000631
all	62	85	1600000	0.0000531
all	63	235	1600000	0.0001469
all	64	199	1600000	0.0001244
all	65	37	1600000	0.0000231
all	66	86	1600000	0.0000537
all	67	212	1600000	0.0001325
all	68	74	1600000	0.0000462
all	69	50	1600000	0.0000313
all	70	86	1600000	0.0000537
all	71	117	1600000	0.0000731
all	72	96	1600000	0.0000600
all	73	96	1600000	0.0000600
all	74	58	1600000	0.0000362
all	75	132	1600000	0.0000825
all	76	76	1600000	0.0000475
all	77	134	1600000	0.0000837
all	78	130	1600000	0.0000813
all	79	82	1600000	0.0000513
all	80	58	1600000	0.0000362
all	81	42	1600000	0.0000262
all	82	72	1600000	0.0000450
all	83	34	1600000	0.0000212
all	84	37	1600000	0.0000231
all	85	58	1600000	0.0000362
all	86	77	1600000	0.0000481
all	87	91	1600000	0.0000569
all	88	67	1600000	0.0000419
all	89	31	1600000	0.0000194
all	90	42	1600000	0.0000262
all	91	6	1600000	0.0000037
all	92	72	1600000	0.0000450
all	93	39	1600000	0.0000244
all	94	44	1600000	0.0000275
all	95	46	1600000	0.0000288
all	96	4	1600000	0.0000025
all	97	7	1600000	0.0000044
all	98	28	1600000	0.0000175
all	99	33	1600000	0.0000206
all	100	20	1600000	0.0000125
all	101	66	1600000	0.0000413
all	102	105	1600000	0.0000656
all	103	32	1600000	0.0000200
all	104	32	1600000	0.0000200
all	105	8	1600000	0.0000050
all	106	65	1600000	0.0000406
all	107	24	1600000	0.0000150
all	108	112	1600000	0.0000700
all	109	20	1600000	0.0000125
all	110	9	1600000	0.0000056
all	111	93	1600000	0.0000581
all	112	21	1600000	0.0000131
all	113	17	1600000	0.0000106
all	114	6	1600000	0.0000037
all	115	15	1600000	0.0000094
all	116	56	1600000	0.0000350
all	117	13	1600000	0.0000081
all	118	24	1600000	0.0000150
all	119	25	1600000	0.0000156
all	120	18	1600000	0.0000113
all	121	42	1600000	0.0000262
all	122	3	1600000	0.0000019
all	123	17	1600000	0.0000106
all	124	22	1600000	0.0000138
all	125	55	1600000	0.0000344
all	126	27	1600000	0.0000169
all	127	10	1600000	0.0000062
all	128	11	1600000	0.0000069
all	129	16	1600000	0.0000100
all	130	3	1600000	0.0000019
all	131	3	1600000	0.0000019
all	132	14	1600000	0.0000088
all	133	13	1600000	0.0000081
all	134	21	1600000	0.0000131
all	135	31	1600000	0.0000194
all	136	32	1600000	0.0000200
all	137	17	1600000	0.0000106
all	138	2	1600000	0.0000012
all	139	9	1600000	0.0000056
all	140	13	1600000	0.0000081
all	141	10	1600000	0.0000062
all	142	2	1600000	0.0000012
all	143	7	1600000	0.0000044
all	144	32	1600000	0.0000200
all	145	18	1600000	0.0000113
all	146	9	1600000	0.0000056
all	147	4	1600000	0.0000025
all	148	3	1600000	0.0000019
all	149	25	1600000	0.0000156
all	150	16	1600000	0.0000100
all	151	21	1600000	0.0000131
all	153	24	1600000	0.0000150
all	154	9	1600000	0.0000056
all	155	9	1600000	0.0000056
all	156	32	1600000	0.0000200
all	157	13	1600000	0.0000081
all	158	3	1600000	0.0000019
all	159	7	1600000	0.0000044
all	160	5	1600000	0.0000031
all	161	39	1600000	0.0000244
all	162	13	1600000	0.0000081
all	163	4	1600000	0.0000025
all	164	21	1600000	0.0000131
all	165	24	1600000	0.0000150
all	166	9	1600000	0.0000056
all	167	94	1600000	0.0000587
all	168	40	1600000	0.0000250
all	169	4	1600000	0.0000025
all	170	5	1600000	0.0000031
all	175	1	1600000	0.0000006
all	176	4	1600000	0.0000025
all	177	1	1600000	0.0000006
all	178	108	1600000	0.0000675
all	179	7	1600000	0.0000044
all	180	14	1600000	0.0000088
all	181	10	1600000	0.0000062
all	182	8	1600000	0.0000050
all	184	5	1600000	0.0000031
all	185	1	1600000	0.0000006
all	187	9	1600000	0.0000056
all	188	23	1600000	0.0000144
all	189	17	1600000	0.0000106
all	190	1	1600000	0.0000006
all	191	1	1600000	0.0000006
all	193	3	1600000	0.0000019
all	195	12	1600000	0.0000075
all	196	7	1600000	0.0000044
all	198	1	1600000	0.0000006
all	201	6	1600000	0.0000037
all	202	2	1600000	0.0000012
all	204	6	1600000	0.0000037
all	209	4	1600000	0.0000025
all	210	7	1600000	0.0000044
all	211	2	1600000	0.0000012
all	212	33	1600000	0.0000206
all	213	4	1600000	0.0000025
all	214	8	1600000	0.0000050
all	216	17	1600000	0.0000106
all	217	14	1600000	0.0000088
all	218	7	1600000	0.0000044
all	219	10	1600000	0.0000062
all	220	6	1600000	0.0000037
all	221	4	1600000	0.0000025
all	222	4	1600000	0.0000025
all	223	4	1600000	0.0000025
all	224	2	1600000	0.0000012
all	225	10	1600000	0.0000062
all	226	2	1600000	0.0000012
all	227	2	1600000	0.0000012
all	230	2	1600000	0.0000012
all	231	6	1600000	0.0000037
all	232	4	1600000	0.0000025
all	240	1	1600000	0.0000006
all	241	21	1600000	0.0000131
all	242	46	1600000	0.0000288
all	264	3	1600000	0.0000019
all	265	4	1600000	0.0000025
all	266	10	1600000	0.0000062
all	282	2	1600000	0.0000012
all	283	8	1600000	0.0000050
all	284	8	1600000	0.0000050
all	285	3	1600000	0.0000019
all	295	1	1600000	0.0000006
all	296	1	1600000	0.0000006
all	303	1	1600000	0.0000006
all	310	1	1600000	0.0000006
all	312	6	1600000	0.0000037
all	320	2	1600000	0.0000012
all	322	6	1600000	0.0000037
all	324	12	1600000	0.0000075
all	326	12	1600000	0.0000075
