all	0	390842	1600000	0.2442763
all	1	50593	1600000	0.0316206
all	2	83618	1600000	0.0522612
all	3	46003	1600000	0.0287519
all	4	54077	1600000	0.0337981
all	5	51897	1600000	0.0324356
all	6	49025	1600000	0.0306406
all	7	47673	1600000	0.0297956
all	8	45595	1600000	0.0284969
all	9	44107	1600000	0.0275669
all	10	43999	1600000	0.0274994
all	11	39871	1600000	0.0249194
all	12	36572	1600000	0.0228575
all	13	37208	1600000	0.0232550
all	14	35017	1600000	0.0218856
all	15	34042	1600000	0.0212763
all	16	31342	1600000	0.0195887
all	17	28545	1600000	0.0178406
all	18	29517	1600000	0.0184481
all	19	25989	1600000	0.0162431
all	20	23357	1600000	0.0145981
all	21	23253	1600000	0.0145331
all	22	21129	1600000	0.0132056
all	23	18373	1600000	0.0114831
all	24	16056	1600000	0.0100350
all	25	17091	1600000	0.0106819
all	26	16550	1600000	0.0103438
all	27	15749	1600000	0.0098431
all	28	14747	1600000	0.0092169
all	29	13624	1600000	0.0085150
all	30	12611	1600000	0.0078819
all	31	11940	1600000	0.0074625
all	32	10652	1600000	0.0066575
all	33	11575	1600000	0.0072344
all	34	9495	1600000	0.0059344
all	35	7870	1600000	0.0049187
all	36	8041	1600000	0.0050256
all	37	7427	1600000	0.0046419
all	38	6783	1600000	0.0042394
all	39	7083	1600000	0.0044269
all	40	6449	1600000	0.0040306
all	41	6367	1600000	0.0039794
all	42	5163	1600000	0.0032269
all	43	5133	1600000	0.0032081
all	44	4667	1600000	0.0029169
all	45	4704	1600000	0.0029400
all	46	4601	1600000	0.0028756
all	47	3787	1600000	0.0023669
all	48	3495	1600000	0.0021844
all	49	3150	1600000	0.0019688
all	50	2979	1600000	0.0018619
all	51	2260	1600000	0.0014125
all	52	2639	1600000	0.0016494
all	53	2340	1600000	0.0014625
all	54	2498	1600000	0.0015612
all	55	2637	1600000	0.0016481
all	56	2271	1600000	0.0014194
all	57	2360	1600000	0.0014750
all	58	2270	1600000	0.0014188
all	59	1799	1600000	0.0011244
all	60	1671	1600000	0.0010444
all	61	1646	1600000	0.0010287
all	62	1920	1600000	0.0012000
all	63	1133	1600000	0.0007081
all	64	1037	1600000	0.0006481
all	65	1111	1600000	0.0006944
all	66	1341	1600000	0.0008381
all	67	1322	1600000	0.0008263
all	68	1162	1600000	0.0007263
all	69	1022	1600000	0.0006387
all	70	1058	1600000	0.0006612
all	71	1488	1600000	0.0009300
all	72	1285	1600000	0.0008031
all	73	695	1600000	0.0004344
all	74	829	1600000	0.0005181
all	75	840	1600000	0.0005250
all	76	743	1600000	0.0004644
all	77	1068	1600000	0.0006675
all	78	696	1600000	0.0004350
all	79	416	1600000	0.0002600
all	80	655	1600000	0.0004094
all	81	600	1600000	0.0003750
all	82	585	1600000	0.0003656
all	83	653	1600000	0.0004081
all	84	434	1600000	0.0002712
all	85	431	1600000	0.0002694
all	86	756	1600000	0.0004725
all	87	859	1600000	0.0005369
all	88	797	1600000	0.0004981
all	89	580	1600000	0.0003625
all	90	610	1600000	0.0003812
all	91	578	1600000	0.0003612
all	92	611	1600000	0.0003819
all	93	512	1600000	0.0003200
all	94	370	1600000	0.0002313
all	95	443	1600000	0.0002769
all	96	602	1600000	0.0003763
all	97	465	1600000	0.0002906
all	98	296	1600000	0.0001850
all	99	320	1600000	0.0002000
all	100	345	1600000	0.0002156
all	101	415	1600000	0.0002594
all	102	320	1600000	0.0002000
all	103	161	1600000	0.0001006
all	104	330	1600000	0.0002062
all	105	133	1600000	0.0000831
all	106	179	1600000	0.0001119
all	107	228	1600000	0.0001425
all	108	270	1600000	0.0001688
all	109	114	1600000	0.0000712
all	110	175	1600000	0.0001094
all	111	244	1600000	0.0001525
all	112	183	1600000	0.0001144
all	113	120	1600000	0.0000750
all	114	258	1600000	0.0001613
all	115	119	1600000	0.0000744
all	116	238	1600000	0.0001487
all	117	149	1600000	0.0000931
all	118	282	1600000	0.0001763
all	119	185	1600000	0.0001156
all	120	235	1600000	0.0001469
all	121	156	1600000	0.0000975
all	122	160	1600000	0.0001000
all	123	276	1600000	0.0001725
all	124	196	1600000	0.0001225
all	125	170	1600000	0.0001063
all	126	75	1600000	0.0000469
all	127	181	1600000	0.0001131
all	128	106	1600000	0.0000663
all	129	144	1600000	0.0000900
all	130	83	1600000	0.0000519
all	131	161	1600000	0.0001006
all	132	222	1600000	0.0001387
all	133	83	1600000	0.0000519
all	134	236	1600000	0.0001475
all	135	171	1600000	0.0001069
all	136	218	1600000	0.0001363
all	137	268	1600000	0.0001675
all	138	187	1600000	0.0001169
all	139	96	1600000	0.0000600
all	140	134	1600000	0.0000837
all	141	47	1600000	0.0000294
all	142	56	1600000	0.0000350
all	143	127	1600000	0.0000794
all	144	80	1600000	0.0000500
all	145	126	1600000	0.0000788
all	146	141	1600000	0.0000881
all	147	196	1600000	0.0001225
all	148	111	1600000	0.0000694
all	149	73	1600000	0.0000456
all	150	80	1600000	0.0000500
all	151	62	1600000	0.0000388
all	152	44	1600000	0.0000275
all	153	51	1600000	0.0000319
all	154	58	1600000	0.0000362
all	155	190	1600000	0.0001188
all	156	62	1600000	0.0000388
all	157	110	1600000	0.0000687
all	158	45	1600000	0.0000281
all	159	84	1600000	0.0000525
all	160	81	1600000	0.0000506
all	161	90	1600000	0.0000562
all	162	140	1600000	0.0000875
all	163	150	1600000	0.0000938
all	164	40	1600000	0.0000250
all	165	20	1600000	0.0000125
all	166	35	1600000	0.0000219
all	167	33	1600000	0.0000206
all	168	46	1600000	0.0000288
all	169	107	1600000	0.0000669
all	170	65	1600000	0.0000406
all	171	73	1600000	0.0000456
all	172	19	1600000	0.0000119
all	173	52	1600000	0.0000325
all	174	105	1600000	0.0000656
all	175	177	1600000	0.0001106
all	176	85	1600000	0.0000531
all	177	48	1600000	0.0000300
all	178	82	1600000	0.0000513
all	179	17	1600000	0.0000106
all	180	89	1600000	0.0000556
all	181	10	1600000	0.0000062
all	182	49	1600000	0.0000306
all	183	22	1600000	0.0000138
all	184	17	1600000	0.0000106
all	185	21	1600000	0.0000131
all	186	68	1600000	0.0000425
all	187	22	1600000	0.0000138
all	188	27	1600000	0.0000169
all	189	33	1600000	0.0000206
all	190	21	1600000	0.0000131
all	191	15	1600000	0.0000094
all	192	23	1600000	0.0000144
all	193	83	1600000	0.0000519
all	194	135	1600000	0.0000844
all	195	39	1600000	0.0000244
all	196	22	1600000	0.0000138
all	197	18	1600000	0.0000113
all	198	14	1600000	0.0000088
all	199	35	1600000	0.0000219
all	200	68	1600000	0.0000425
all	201	129	1600000	0.0000806
all	202	23	1600000	0.0000144
all	203	86	1600000	0.0000537
all	204	39	1600000	0.0000244
all	205	92	1600000	0.0000575
all	206	40	1600000	0.0000250
all	207	18	1600000	0.0000113
all	208	54	1600000	0.0000337
all	209	15	1600000	0.0000094
all	210	37	1600000	0.0000231
all	211	45	1600000	0.0000281
all	212	64	1600000	0.0000400
all	213	36	1600000	0.0000225
all	214	67	1600000	0.0000419
all	215	49	1600000	0.0000306
all	216	13	1600000	0.0000081
all	217	17	1600000	0.0000106
all	218	48	1600000	0.0000300
all	219	30	1600000	0.0000188
all	220	26	1600000	0.0000163
all	221	23	1600000	0.0000144
all	222	41	1600000	0.0000256
all	223	33	1600000	0.0000206
all	224	23	1600000	0.0000144
all	225	8	1600000	0.0000050
all	226	13	1600000	0.0000081
all	227	31	1600000	0.0000194
all	228	12	1600000	0.0000075
all	229	17	1600000	0.0000106
all	230	28	1600000	0.0000175
all	231	16	1600000	0.0000100
all	232	34	1600000	0.0000212
all	233	28	1600000	0.0000175
all	234	40	1600000	0.0000250
all	235	25	1600000	0.0000156
all	236	16	1600000	0.0000100
all	237	6	1600000	0.0000037
all	238	9	1600000	0.0000056
all	239	23	1600000	0.0000144
all	240	12	1600000	0.0000075
all	241	29	1600000	0.0000181
all	242	23	1600000	0.0000144
all	243	16	1600000	0.0000100
all	244	15	1600000	0.0000094
all	245	24	1600000	0.0000150
all	246	21	1600000	0.0000131
all	247	51	1600000	0.0000319
all	248	25	1600000	0.0000156
all	249	5	1600000	0.0000031
all	250	4	1600000	0.0000025
all	251	26	1600000	0.0000163
all	252	7	1600000	0.0000044
all	253	11	1600000	0.0000069
all	254	25	1600000	0.0000156
all	255	35	1600000	0.0000219
all	256	30	1600000	0.0000188
all	257	27	1600000	0.0000169
all	258	34	1600000	0.0000212
all	259	6	1600000	0.0000037
all	260	24	1600000	0.0000150
all	261	21	1600000	0.0000131
all	262	23	1600000	0.0000144
all	263	54	1600000	0.0000337
all	264	11	1600000	0.0000069
all	265	64	1600000	0.0000400
all	266	79	1600000	0.0000494
all	267	63	1600000	0.0000394
all	268	22	1600000	0.0000138
all	269	19	1600000	0.0000119
all	270	10	1600000	0.0000062
all	271	45	1600000	0.0000281
all	272	17	1600000	0.0000106
all	273	9	1600000	0.0000056
all	274	12	1600000	0.0000075
all	275	6	1600000	0.0000037
all	276	10	1600000	0.0000062
all	277	15	1600000	0.0000094
all	278	15	1600000	0.0000094
all	279	20	1600000	0.0000125
all	280	5	1600000	0.0000031
all	281	12	1600000	0.0000075
all	282	13	1600000	0.0000081
all	283	20	1600000	0.0000125
all	284	13	1600000	0.0000081
all	285	32	1600000	0.0000200
all	286	48	1600000	0.0000300
all	287	31	1600000	0.0000194
all	288	14	1600000	0.0000088
all	289	1	1600000	0.0000006
all	290	1	1600000	0.0000006
all	291	5	1600000	0.0000031
all	292	2	1600000	0.0000012
all	293	11	1600000	0.0000069
all	294	10	1600000	0.0000062
all	295	7	1600000	0.0000044
all	296	8	1600000	0.0000050
all	297	4	1600000	0.0000025
all	298	12	1600000	0.0000075
all	299	18	1600000	0.0000113
all	300	4	1600000	0.0000025
all	301	10	1600000	0.0000062
all	302	9	1600000	0.0000056
all	303	24	1600000	0.0000150
all	304	20	1600000	0.0000125
all	305	1	1600000	0.0000006
all	306	9	1600000	0.0000056
all	307	1	1600000	0.0000006
all	308	8	1600000	0.0000050
all	309	9	1600000	0.0000056
all	310	8	1600000	0.0000050
all	311	6	1600000	0.0000037
all	312	15	1600000	0.0000094
all	313	14	1600000	0.0000088
all	314	9	1600000	0.0000056
all	315	8	1600000	0.0000050
all	316	2	1600000	0.0000012
all	317	6	1600000	0.0000037
all	318	16	1600000	0.0000100
all	319	18	1600000	0.0000113
all	320	21	1600000	0.0000131
all	321	34	1600000	0.0000212
all	322	2	1600000	0.0000012
all	323	4	1600000	0.0000025
all	324	2	1600000	0.0000012
all	325	5	1600000	0.0000031
all	326	6	1600000	0.0000037
all	327	1	1600000	0.0000006
all	328	12	1600000	0.0000075
all	329	9	1600000	0.0000056
all	330	23	1600000	0.0000144
all	331	20	1600000	0.0000125
all	332	8	1600000	0.0000050
all	333	8	1600000	0.0000050
all	334	7	1600000	0.0000044
all	335	2	1600000	0.0000012
all	336	11	1600000	0.0000069
all	337	30	1600000	0.0000188
all	338	10	1600000	0.0000062
all	339	3	1600000	0.0000019
all	340	5	1600000	0.0000031
all	341	2	1600000	0.0000012
all	342	2	1600000	0.0000012
all	343	1	1600000	0.0000006
all	344	1	1600000	0.0000006
all	345	4	1600000	0.0000025
all	346	2	1600000	0.0000012
all	347	2	1600000	0.0000012
all	348	2	1600000	0.0000012
all	349	4	1600000	0.0000025
all	350	1	1600000	0.0000006
all	351	2	1600000	0.0000012
all	352	1	1600000	0.0000006
all	353	4	1600000	0.0000025
all	354	2	1600000	0.0000012
all	355	4	1600000	0.0000025
all	356	1	1600000	0.0000006
all	357	2	1600000	0.0000012
all	358	2	1600000	0.0000012
all	359	2	1600000	0.0000012
all	361	5	1600000	0.0000031
all	362	4	1600000	0.0000025
all	363	13	1600000	0.0000081
all	364	29	1600000	0.0000181
all	365	2	1600000	0.0000012
all	366	5	1600000	0.0000031
all	367	9	1600000	0.0000056
all	368	5	1600000	0.0000031
all	369	1	1600000	0.0000006
all	370	5	1600000	0.0000031
all	372	19	1600000	0.0000119
all	373	5	1600000	0.0000031
all	375	8	1600000	0.0000050
all	376	2	1600000	0.0000012
all	378	1	1600000	0.0000006
all	380	2	1600000	0.0000012
all	381	2	1600000	0.0000012
all	383	6	1600000	0.0000037
all	385	1	1600000	0.0000006
all	386	1	1600000	0.0000006
all	388	1	1600000	0.0000006
all	389	1	1600000	0.0000006
all	390	1	1600000	0.0000006
all	392	1	1600000	0.0000006
all	393	1	1600000	0.0000006
all	394	3	1600000	0.0000019
all	395	10	1600000	0.0000062
all	396	2	1600000	0.0000012
all	399	7	1600000	0.0000044
all	400	4	1600000	0.0000025
all	402	4	1600000	0.0000025
all	404	6	1600000	0.0000037
all	405	2	1600000	0.0000012
all	406	4	1600000	0.0000025
all	407	4	1600000	0.0000025
all	409	9	1600000	0.0000056
all	410	9	1600000	0.0000056
all	412	2	1600000	0.0000012
all	414	6	1600000	0.0000037
all	416	3	1600000	0.0000019
all	417	13	1600000	0.0000081
all	418	8	1600000	0.0000050
all	419	11	1600000	0.0000069
all	420	6	1600000	0.0000037
all	421	10	1600000	0.0000062
all	422	1	1600000	0.0000006
all	423	8	1600000	0.0000050
all	424	6	1600000	0.0000037
all	425	7	1600000	0.0000044
all	426	12	1600000	0.0000075
all	427	4	1600000	0.0000025
all	428	16	1600000	0.0000100
all	429	12	1600000	0.0000075
all	430	2	1600000	0.0000012
all	431	16	1600000	0.0000100
all	432	2	1600000	0.0000012
all	433	2	1600000	0.0000012
all	434	34	1600000	0.0000212
all	435	1	1600000	0.0000006
all	436	1	1600000	0.0000006
all	437	4	1600000	0.0000025
all	438	2	1600000	0.0000012
all	440	2	1600000	0.0000012
all	441	2	1600000	0.0000012
all	443	3	1600000	0.0000019
all	446	3	1600000	0.0000019
all	447	2	1600000	0.0000012
all	448	8	1600000	0.0000050
all	449	2	1600000	0.0000012
all	450	2	1600000	0.0000012
all	456	2	1600000	0.0000012
all	459	2	1600000	0.0000012
all	460	2	1600000	0.0000012
all	461	2	1600000	0.0000012
all	464	3	1600000	0.0000019
all	465	4	1600000	0.0000025
all	466	2	1600000	0.0000012
all	467	2	1600000	0.0000012
all	470	2	1600000	0.0000012
all	472	3	1600000	0.0000019
all	474	1	1600000	0.0000006
all	476	2	1600000	0.0000012
all	477	2	1600000	0.0000012
all	479	2	1600000	0.0000012
all	480	4	1600000	0.0000025
all	481	1	1600000	0.0000006
all	482	5	1600000	0.0000031
all	483	12	1600000	0.0000075
all	484	2	1600000	0.0000012
all	487	6	1600000	0.0000037
all	488	5	1600000	0.0000031
all	489	3	1600000	0.0000019
all	491	2	1600000	0.0000012
all	492	8	1600000	0.0000050
all	493	2	1600000	0.0000012
all	495	14	1600000	0.0000088
all	496	1	1600000	0.0000006
all	497	2	1600000	0.0000012
all	498	2	1600000	0.0000012
all	503	4	1600000	0.0000025
all	504	3	1600000	0.0000019
all	506	4	1600000	0.0000025
all	507	9	1600000	0.0000056
all	508	2	1600000	0.0000012
all	510	2	1600000	0.0000012
all	512	2	1600000	0.0000012
all	514	2	1600000	0.0000012
all	515	2	1600000	0.0000012
all	517	1	1600000	0.0000006
all	522	2	1600000	0.0000012
all	523	1	1600000	0.0000006
all	524	1	1600000	0.0000006
all	526	1	1600000	0.0000006
all	527	2	1600000	0.0000012
all	528	16	1600000	0.0000100
all	529	3	1600000	0.0000019
all	531	2	1600000	0.0000012
all	534	2	1600000	0.0000012
all	535	2	1600000	0.0000012
all	536	5	1600000	0.0000031
all	537	1	1600000	0.0000006
all	538	9	1600000	0.0000056
all	539	3	1600000	0.0000019
all	540	2	1600000	0.0000012
all	541	7	1600000	0.0000044
all	543	2	1600000	0.0000012
all	544	4	1600000	0.0000025
all	546	5	1600000	0.0000031
all	547	4	1600000	0.0000025
all	552	1	1600000	0.0000006
all	623	6	1600000	0.0000037
all	639	2	1600000	0.0000012
all	658	1	1600000	0.0000006
all	659	1	1600000	0.0000006
all	681	1	1600000	0.0000006
all	688	8	1600000	0.0000050
all	689	3	1600000	0.0000019
all	690	4	1600000	0.0000025
all	698	1	1600000	0.0000006
all	699	2	1600000	0.0000012
all	724	1	1600000	0.0000006
all	725	3	1600000	0.0000019
all	726	1	1600000	0.0000006
all	727	3	1600000	0.0000019
all	728	3	1600000	0.0000019
all	729	9	1600000	0.0000056
all	734	1	1600000	0.0000006
all	735	1	1600000	0.0000006
all	750	3	1600000	0.0000019
all	751	2	1600000	0.0000012
all	756	1	1600000	0.0000006
all	757	1	1600000	0.0000006
all	758	1	1600000	0.0000006
all	761	4	1600000	0.0000025
all	762	1	1600000	0.0000006
all	763	2	1600000	0.0000012
all	764	1	1600000	0.0000006
all	769	2	1600000	0.0000012
all	776	3	1600000	0.0000019
all	780	4	1600000	0.0000025
all	781	2	1600000	0.0000012
all	784	2	1600000	0.0000012
all	800	1	1600000	0.0000006
all	815	2	1600000	0.0000012
all	817	2	1600000	0.0000012
all	819	2	1600000	0.0000012
all	823	2	1600000	0.0000012
all	827	6	1600000	0.0000037
all	830	2	1600000	0.0000012
all	833	2	1600000	0.0000012
all	834	2	1600000	0.0000012
all	842	2	1600000	0.0000012
all	844	2	1600000	0.0000012
all	848	2	1600000	0.0000012
all	850	2	1600000	0.0000012
all	852	4	1600000	0.0000025
all	856	2	1600000	0.0000012
all	858	13	1600000	0.0000081
all	866	6	1600000	0.0000037
all	867	2	1600000	0.0000012
all	868	2	1600000	0.0000012
all	869	2	1600000	0.0000012
all	871	2	1600000	0.0000012
all	873	2	1600000	0.0000012
all	875	4	1600000	0.0000025
