all	0	1344204	1600000	0.8401275
all	1	32251	1600000	0.0201569
all	2	36068	1600000	0.0225425
all	3	15870	1600000	0.0099188
all	4	17328	1600000	0.0108300
all	5	15271	1600000	0.0095444
all	6	13941	1600000	0.0087131
all	7	11939	1600000	0.0074619
all	8	12664	1600000	0.0079150
all	9	9728	1600000	0.0060800
all	10	8465	1600000	0.0052906
all	11	6340	1600000	0.0039625
all	12	6674	1600000	0.0041712
all	13	6883	1600000	0.0043019
all	14	5209	1600000	0.0032556
all	15	4584	1600000	0.0028650
all	16	5101	1600000	0.0031881
all	17	5095	1600000	0.0031844
all	18	3671	1600000	0.0022944
all	19	3064	1600000	0.0019150
all	20	2401	1600000	0.0015006
all	21	2345	1600000	0.0014656
all	22	2243	1600000	0.0014019
all	23	2457	1600000	0.0015356
all	24	1242	1600000	0.0007762
all	25	2015	1600000	0.0012594
all	26	1398	1600000	0.0008738
all	27	2100	1600000	0.0013125
all	28	1231	1600000	0.0007694
all	29	1248	1600000	0.0007800
all	30	1230	1600000	0.0007687
all	31	1182	1600000	0.0007387
all	32	704	1600000	0.0004400
all	33	1017	1600000	0.0006356
all	34	998	1600000	0.0006237
all	35	715	1600000	0.0004469
all	36	713	1600000	0.0004456
all	37	589	1600000	0.0003681
all	38	625	1600000	0.0003906
all	39	602	1600000	0.0003763
all	40	327	1600000	0.0002044
all	41	402	1600000	0.0002512
all	42	379	1600000	0.0002369
all	43	264	1600000	0.0001650
all	44	260	1600000	0.0001625
all	45	361	1600000	0.0002256
all	46	235	1600000	0.0001469
all	47	380	1600000	0.0002375
all	48	257	1600000	0.0001606
all	49	230	1600000	0.0001438
all	50	61	1600000	0.0000381
all	51	197	1600000	0.0001231
all	52	247	1600000	0.0001544
all	53	209	1600000	0.0001306
all	54	122	1600000	0.0000762
all	55	68	1600000	0.0000425
all	56	136	1600000	0.0000850
all	57	269	1600000	0.0001681
all	58	189	1600000	0.0001181
all	59	82	1600000	0.0000513
all	60	170	1600000	0.0001063
all	61	60	1600000	0.0000375
all	62	149	1600000	0.0000931
all	63	85	1600000	0.0000531
all	64	183	1600000	0.0001144
all	65	153	1600000	0.0000956
all	66	119	1600000	0.0000744
all	67	60	1600000	0.0000375
all	68	162	1600000	0.0001012
all	69	33	1600000	0.0000206
all	70	28	1600000	0.0000175
all	71	19	1600000	0.0000119
all	72	53	1600000	0.0000331
all	73	37	1600000	0.0000231
all	74	45	1600000	0.0000281
all	75	51	1600000	0.0000319
all	76	152	1600000	0.0000950
all	77	101	1600000	0.0000631
all	78	40	1600000	0.0000250
all	79	6	1600000	0.0000037
all	80	66	1600000	0.0000413
all	81	101	1600000	0.0000631
all	82	63	1600000	0.0000394
all	83	63	1600000	0.0000394
all	84	122	1600000	0.0000762
all	85	8	1600000	0.0000050
all	86	38	1600000	0.0000238
all	87	74	1600000	0.0000462
all	88	48	1600000	0.0000300
all	89	17	1600000	0.0000106
all	90	25	1600000	0.0000156
all	91	25	1600000	0.0000156
all	92	13	1600000	0.0000081
all	93	20	1600000	0.0000125
all	94	42	1600000	0.0000262
all	95	47	1600000	0.0000294
all	96	124	1600000	0.0000775
all	97	32	1600000	0.0000200
all	98	52	1600000	0.0000325
all	100	10	1600000	0.0000062
all	101	15	1600000	0.0000094
all	102	24	1600000	0.0000150
all	103	10	1600000	0.0000062
all	104	38	1600000	0.0000238
all	105	27	1600000	0.0000169
all	106	7	1600000	0.0000044
all	107	6	1600000	0.0000037
all	108	18	1600000	0.0000113
all	109	7	1600000	0.0000044
all	110	35	1600000	0.0000219
all	111	47	1600000	0.0000294
all	112	15	1600000	0.0000094
all	113	17	1600000	0.0000106
all	114	13	1600000	0.0000081
all	115	7	1600000	0.0000044
all	116	10	1600000	0.0000062
all	117	48	1600000	0.0000300
all	118	17	1600000	0.0000106
all	119	5	1600000	0.0000031
all	120	21	1600000	0.0000131
all	121	26	1600000	0.0000163
all	122	2	1600000	0.0000012
all	123	33	1600000	0.0000206
all	124	3	1600000	0.0000019
all	125	49	1600000	0.0000306
all	126	81	1600000	0.0000506
all	127	45	1600000	0.0000281
all	128	10	1600000	0.0000062
all	129	1	1600000	0.0000006
all	130	29	1600000	0.0000181
all	131	2	1600000	0.0000012
all	132	1	1600000	0.0000006
all	133	3	1600000	0.0000019
all	134	1	1600000	0.0000006
all	135	5	1600000	0.0000031
all	136	31	1600000	0.0000194
all	137	4	1600000	0.0000025
all	138	2	1600000	0.0000012
all	140	71	1600000	0.0000444
all	141	4	1600000	0.0000025
all	142	30	1600000	0.0000188
all	143	18	1600000	0.0000113
all	144	4	1600000	0.0000025
all	145	1	1600000	0.0000006
all	146	3	1600000	0.0000019
all	147	31	1600000	0.0000194
all	148	13	1600000	0.0000081
all	149	10	1600000	0.0000062
all	150	5	1600000	0.0000031
all	152	2	1600000	0.0000012
all	153	4	1600000	0.0000025
all	154	2	1600000	0.0000012
all	155	6	1600000	0.0000037
all	157	1	1600000	0.0000006
all	158	14	1600000	0.0000088
all	160	2	1600000	0.0000012
all	161	12	1600000	0.0000075
all	162	1	1600000	0.0000006
all	163	1	1600000	0.0000006
all	164	2	1600000	0.0000012
all	165	1	1600000	0.0000006
all	168	2	1600000	0.0000012
all	169	7	1600000	0.0000044
all	170	1	1600000	0.0000006
all	171	1	1600000	0.0000006
all	172	1	1600000	0.0000006
all	173	16	1600000	0.0000100
all	175	6	1600000	0.0000037
all	176	2	1600000	0.0000012
all	177	6	1600000	0.0000037
all	178	2	1600000	0.0000012
all	179	7	1600000	0.0000044
all	180	10	1600000	0.0000062
all	181	16	1600000	0.0000100
all	183	1	1600000	0.0000006
all	184	7	1600000	0.0000044
all	185	4	1600000	0.0000025
all	186	16	1600000	0.0000100
all	187	9	1600000	0.0000056
all	189	5	1600000	0.0000031
all	190	14	1600000	0.0000088
all	199	1	1600000	0.0000006
all	200	2	1600000	0.0000012
all	201	1	1600000	0.0000006
all	212	1	1600000	0.0000006
all	214	1	1600000	0.0000006
all	219	2	1600000	0.0000012
all	220	1	1600000	0.0000006
all	221	7	1600000	0.0000044
all	222	8	1600000	0.0000050
all	223	4	1600000	0.0000025
all	225	4	1600000	0.0000025
all	226	2	1600000	0.0000012
all	227	3	1600000	0.0000019
all	229	4	1600000	0.0000025
all	230	2	1600000	0.0000012
all	231	4	1600000	0.0000025
all	232	2	1600000	0.0000012
all	233	2	1600000	0.0000012
all	235	2	1600000	0.0000012
all	236	2	1600000	0.0000012
all	237	4	1600000	0.0000025
all	239	75	1600000	0.0000469
all	240	1	1600000	0.0000006
all	241	3	1600000	0.0000019
