all	0	1535490	1600000	0.9596813
all	1	24907	1600000	0.0155669
all	2	28156	1600000	0.0175975
all	3	4930	1600000	0.0030813
all	4	3053	1600000	0.0019081
all	5	1153	1600000	0.0007206
all	6	842	1600000	0.0005262
all	7	343	1600000	0.0002144
all	8	266	1600000	0.0001662
all	9	152	1600000	0.0000950
all	10	47	1600000	0.0000294
all	11	43	1600000	0.0000269
all	12	8	1600000	0.0000050
all	13	16	1600000	0.0000100
all	14	24	1600000	0.0000150
all	15	24	1600000	0.0000150
all	16	13	1600000	0.0000081
all	17	25	1600000	0.0000156
all	18	29	1600000	0.0000181
all	19	4	1600000	0.0000025
all	20	5	1600000	0.0000031
all	21	7	1600000	0.0000044
all	22	1	1600000	0.0000006
all	23	3	1600000	0.0000019
all	24	15	1600000	0.0000094
all	25	4	1600000	0.0000025
all	26	24	1600000	0.0000150
all	27	4	1600000	0.0000025
all	28	6	1600000	0.0000037
all	29	4	1600000	0.0000025
all	30	25	1600000	0.0000156
all	31	18	1600000	0.0000113
all	32	8	1600000	0.0000050
all	33	22	1600000	0.0000138
all	34	2	1600000	0.0000012
all	35	2	1600000	0.0000012
all	37	4	1600000	0.0000025
all	38	9	1600000	0.0000056
all	39	1	1600000	0.0000006
all	41	4	1600000	0.0000025
all	43	1	1600000	0.0000006
all	44	2	1600000	0.0000012
all	45	7	1600000	0.0000044
all	46	1	1600000	0.0000006
all	47	10	1600000	0.0000062
all	48	4	1600000	0.0000025
all	49	1	1600000	0.0000006
all	50	11	1600000	0.0000069
all	51	5	1600000	0.0000031
all	52	6	1600000	0.0000037
all	53	5	1600000	0.0000031
all	54	8	1600000	0.0000050
all	55	4	1600000	0.0000025
all	56	13	1600000	0.0000081
all	57	4	1600000	0.0000025
all	58	8	1600000	0.0000050
all	60	1	1600000	0.0000006
all	61	1	1600000	0.0000006
all	62	9	1600000	0.0000056
all	64	6	1600000	0.0000037
all	65	2	1600000	0.0000012
all	66	1	1600000	0.0000006
all	68	11	1600000	0.0000069
all	69	2	1600000	0.0000012
all	70	5	1600000	0.0000031
all	72	8	1600000	0.0000050
all	73	2	1600000	0.0000012
all	75	7	1600000	0.0000044
all	76	2	1600000	0.0000012
all	77	6	1600000	0.0000037
all	78	10	1600000	0.0000062
all	79	5	1600000	0.0000031
all	80	3	1600000	0.0000019
all	81	4	1600000	0.0000025
all	82	5	1600000	0.0000031
all	83	4	1600000	0.0000025
all	84	7	1600000	0.0000044
all	85	6	1600000	0.0000037
all	86	5	1600000	0.0000031
all	87	5	1600000	0.0000031
all	88	6	1600000	0.0000037
all	89	3	1600000	0.0000019
all	90	1	1600000	0.0000006
all	91	19	1600000	0.0000119
all	92	3	1600000	0.0000019
all	93	4	1600000	0.0000025
all	94	7	1600000	0.0000044
all	95	5	1600000	0.0000031
all	96	7	1600000	0.0000044
all	97	2	1600000	0.0000012
all	98	12	1600000	0.0000075
all	99	6	1600000	0.0000037
all	100	3	1600000	0.0000019
all	101	4	1600000	0.0000025
all	102	4	1600000	0.0000025
all	104	4	1600000	0.0000025
all	105	4	1600000	0.0000025
all	106	4	1600000	0.0000025
all	107	2	1600000	0.0000012
