all	0	1227653	1600000	0.7672831
all	1	41717	1600000	0.0260731
all	2	42706	1600000	0.0266913
all	3	22451	1600000	0.0140319
all	4	20811	1600000	0.0130069
all	5	17001	1600000	0.0106256
all	6	15038	1600000	0.0093988
all	7	14921	1600000	0.0093256
all	8	12930	1600000	0.0080812
all	9	10887	1600000	0.0068044
all	10	11853	1600000	0.0074081
all	11	11582	1600000	0.0072387
all	12	9010	1600000	0.0056312
all	13	9949	1600000	0.0062181
all	14	8567	1600000	0.0053544
all	15	7719	1600000	0.0048244
all	16	6849	1600000	0.0042806
all	17	5842	1600000	0.0036512
all	18	6176	1600000	0.0038600
all	19	6085	1600000	0.0038031
all	20	5028	1600000	0.0031425
all	21	5287	1600000	0.0033044
all	22	5214	1600000	0.0032588
all	23	3617	1600000	0.0022606
all	24	4284	1600000	0.0026775
all	25	3543	1600000	0.0022144
all	26	3609	1600000	0.0022556
all	27	2971	1600000	0.0018569
all	28	2138	1600000	0.0013362
all	29	2947	1600000	0.0018419
all	30	2664	1600000	0.0016650
all	31	2590	1600000	0.0016188
all	32	2530	1600000	0.0015812
all	33	1840	1600000	0.0011500
all	34	1838	1600000	0.0011487
all	35	2215	1600000	0.0013844
all	36	1650	1600000	0.0010312
all	37	1888	1600000	0.0011800
all	38	1277	1600000	0.0007981
all	39	1425	1600000	0.0008906
all	40	1487	1600000	0.0009294
all	41	1176	1600000	0.0007350
all	42	1446	1600000	0.0009038
all	43	1193	1600000	0.0007456
all	44	1084	1600000	0.0006775
all	45	707	1600000	0.0004419
all	46	975	1600000	0.0006094
all	47	793	1600000	0.0004956
all	48	758	1600000	0.0004737
all	49	635	1600000	0.0003969
all	50	1010	1600000	0.0006312
all	51	1020	1600000	0.0006375
all	52	793	1600000	0.0004956
all	53	661	1600000	0.0004131
all	54	632	1600000	0.0003950
all	55	506	1600000	0.0003162
all	56	583	1600000	0.0003644
all	57	645	1600000	0.0004031
all	58	624	1600000	0.0003900
all	59	540	1600000	0.0003375
all	60	398	1600000	0.0002488
all	61	446	1600000	0.0002787
all	62	349	1600000	0.0002181
all	63	330	1600000	0.0002062
all	64	546	1600000	0.0003413
all	65	274	1600000	0.0001712
all	66	439	1600000	0.0002744
all	67	437	1600000	0.0002731
all	68	364	1600000	0.0002275
all	69	298	1600000	0.0001863
all	70	344	1600000	0.0002150
all	71	403	1600000	0.0002519
all	72	325	1600000	0.0002031
all	73	291	1600000	0.0001819
all	74	369	1600000	0.0002306
all	75	370	1600000	0.0002313
all	76	334	1600000	0.0002088
all	77	300	1600000	0.0001875
all	78	303	1600000	0.0001894
all	79	265	1600000	0.0001656
all	80	189	1600000	0.0001181
all	81	159	1600000	0.0000994
all	82	210	1600000	0.0001312
all	83	165	1600000	0.0001031
all	84	99	1600000	0.0000619
all	85	201	1600000	0.0001256
all	86	201	1600000	0.0001256
all	87	117	1600000	0.0000731
all	88	56	1600000	0.0000350
all	89	165	1600000	0.0001031
all	90	131	1600000	0.0000819
all	91	202	1600000	0.0001263
all	92	82	1600000	0.0000513
all	93	84	1600000	0.0000525
all	94	83	1600000	0.0000519
all	95	42	1600000	0.0000262
all	96	81	1600000	0.0000506
all	97	102	1600000	0.0000637
all	98	100	1600000	0.0000625
all	99	81	1600000	0.0000506
all	100	69	1600000	0.0000431
all	101	26	1600000	0.0000163
all	102	68	1600000	0.0000425
all	103	120	1600000	0.0000750
all	104	69	1600000	0.0000431
all	105	65	1600000	0.0000406
all	106	20	1600000	0.0000125
all	107	41	1600000	0.0000256
all	108	29	1600000	0.0000181
all	109	54	1600000	0.0000337
all	110	22	1600000	0.0000138
all	111	13	1600000	0.0000081
all	112	77	1600000	0.0000481
all	113	33	1600000	0.0000206
all	114	39	1600000	0.0000244
all	115	55	1600000	0.0000344
all	116	58	1600000	0.0000362
all	117	37	1600000	0.0000231
all	118	43	1600000	0.0000269
all	119	24	1600000	0.0000150
all	120	64	1600000	0.0000400
all	121	16	1600000	0.0000100
all	122	46	1600000	0.0000288
all	123	27	1600000	0.0000169
all	124	44	1600000	0.0000275
all	125	18	1600000	0.0000113
all	126	50	1600000	0.0000313
all	127	48	1600000	0.0000300
all	128	28	1600000	0.0000175
all	129	15	1600000	0.0000094
all	130	26	1600000	0.0000163
all	131	27	1600000	0.0000169
all	132	25	1600000	0.0000156
all	133	32	1600000	0.0000200
all	134	21	1600000	0.0000131
all	135	31	1600000	0.0000194
all	136	32	1600000	0.0000200
all	137	23	1600000	0.0000144
all	138	44	1600000	0.0000275
all	139	40	1600000	0.0000250
all	140	47	1600000	0.0000294
all	141	47	1600000	0.0000294
all	142	36	1600000	0.0000225
all	143	40	1600000	0.0000250
all	144	8	1600000	0.0000050
all	145	74	1600000	0.0000462
all	146	27	1600000	0.0000169
all	147	22	1600000	0.0000138
all	148	69	1600000	0.0000431
all	149	27	1600000	0.0000169
all	150	7	1600000	0.0000044
all	151	41	1600000	0.0000256
all	152	20	1600000	0.0000125
all	153	66	1600000	0.0000413
all	154	24	1600000	0.0000150
all	155	2	1600000	0.0000012
all	156	10	1600000	0.0000062
all	157	38	1600000	0.0000238
all	158	9	1600000	0.0000056
all	159	21	1600000	0.0000131
all	160	17	1600000	0.0000106
all	161	43	1600000	0.0000269
all	162	9	1600000	0.0000056
all	163	22	1600000	0.0000138
all	164	9	1600000	0.0000056
all	165	8	1600000	0.0000050
all	166	18	1600000	0.0000113
all	167	33	1600000	0.0000206
all	168	33	1600000	0.0000206
all	169	40	1600000	0.0000250
all	170	22	1600000	0.0000138
all	171	10	1600000	0.0000062
all	172	33	1600000	0.0000206
all	173	18	1600000	0.0000113
all	174	17	1600000	0.0000106
all	175	6	1600000	0.0000037
all	176	10	1600000	0.0000062
all	177	8	1600000	0.0000050
all	178	34	1600000	0.0000212
all	179	23	1600000	0.0000144
all	180	8	1600000	0.0000050
all	181	11	1600000	0.0000069
all	182	64	1600000	0.0000400
all	183	24	1600000	0.0000150
all	184	29	1600000	0.0000181
all	185	28	1600000	0.0000175
all	186	30	1600000	0.0000188
all	187	13	1600000	0.0000081
all	188	19	1600000	0.0000119
all	189	14	1600000	0.0000088
all	190	27	1600000	0.0000169
all	191	13	1600000	0.0000081
all	192	13	1600000	0.0000081
all	193	43	1600000	0.0000269
all	194	9	1600000	0.0000056
all	195	2	1600000	0.0000012
all	196	19	1600000	0.0000119
all	197	12	1600000	0.0000075
all	198	7	1600000	0.0000044
all	199	14	1600000	0.0000088
all	200	19	1600000	0.0000119
all	201	13	1600000	0.0000081
all	202	26	1600000	0.0000163
all	203	6	1600000	0.0000037
all	204	15	1600000	0.0000094
all	205	8	1600000	0.0000050
all	206	17	1600000	0.0000106
all	207	21	1600000	0.0000131
all	208	11	1600000	0.0000069
all	209	20	1600000	0.0000125
all	210	5	1600000	0.0000031
all	211	18	1600000	0.0000113
all	212	14	1600000	0.0000088
all	213	10	1600000	0.0000062
all	214	37	1600000	0.0000231
all	215	12	1600000	0.0000075
all	216	2	1600000	0.0000012
all	217	6	1600000	0.0000037
all	218	2	1600000	0.0000012
all	219	21	1600000	0.0000131
all	220	2	1600000	0.0000012
all	221	13	1600000	0.0000081
all	222	1	1600000	0.0000006
all	223	12	1600000	0.0000075
all	224	35	1600000	0.0000219
all	225	6	1600000	0.0000037
all	226	29	1600000	0.0000181
all	227	14	1600000	0.0000088
all	228	10	1600000	0.0000062
all	229	5	1600000	0.0000031
all	230	24	1600000	0.0000150
all	231	5	1600000	0.0000031
all	232	21	1600000	0.0000131
all	234	7	1600000	0.0000044
all	235	10	1600000	0.0000062
all	236	6	1600000	0.0000037
all	237	16	1600000	0.0000100
all	239	2	1600000	0.0000012
all	240	3	1600000	0.0000019
all	241	10	1600000	0.0000062
all	242	2	1600000	0.0000012
all	243	2	1600000	0.0000012
all	244	1	1600000	0.0000006
all	245	5	1600000	0.0000031
all	248	1	1600000	0.0000006
all	249	2	1600000	0.0000012
all	250	13	1600000	0.0000081
all	252	2	1600000	0.0000012
all	253	2	1600000	0.0000012
all	256	2	1600000	0.0000012
all	257	7	1600000	0.0000044
all	259	2	1600000	0.0000012
all	260	4	1600000	0.0000025
all	261	8	1600000	0.0000050
all	263	3	1600000	0.0000019
all	264	2	1600000	0.0000012
all	265	1	1600000	0.0000006
all	266	2	1600000	0.0000012
all	267	3	1600000	0.0000019
all	268	2	1600000	0.0000012
all	269	8	1600000	0.0000050
all	270	3	1600000	0.0000019
all	271	1	1600000	0.0000006
all	272	7	1600000	0.0000044
all	273	12	1600000	0.0000075
all	274	8	1600000	0.0000050
all	275	7	1600000	0.0000044
all	276	1	1600000	0.0000006
all	277	7	1600000	0.0000044
all	278	3	1600000	0.0000019
all	279	2	1600000	0.0000012
all	280	1	1600000	0.0000006
all	281	1	1600000	0.0000006
all	282	1	1600000	0.0000006
all	283	7	1600000	0.0000044
all	284	7	1600000	0.0000044
all	285	11	1600000	0.0000069
all	286	9	1600000	0.0000056
all	287	4	1600000	0.0000025
all	288	14	1600000	0.0000088
all	289	17	1600000	0.0000106
all	290	68	1600000	0.0000425
all	291	7	1600000	0.0000044
all	292	33	1600000	0.0000206
all	293	9	1600000	0.0000056
all	294	4	1600000	0.0000025
all	295	17	1600000	0.0000106
all	296	4	1600000	0.0000025
all	297	6	1600000	0.0000037
all	298	5	1600000	0.0000031
all	299	5	1600000	0.0000031
all	300	6	1600000	0.0000037
all	301	1	1600000	0.0000006
all	302	6	1600000	0.0000037
all	303	4	1600000	0.0000025
all	304	4	1600000	0.0000025
all	306	2	1600000	0.0000012
all	310	2	1600000	0.0000012
all	311	1	1600000	0.0000006
all	312	16	1600000	0.0000100
all	313	6	1600000	0.0000037
all	314	1	1600000	0.0000006
all	315	1	1600000	0.0000006
all	316	2	1600000	0.0000012
all	319	8	1600000	0.0000050
all	320	10	1600000	0.0000062
all	321	13	1600000	0.0000081
all	322	5	1600000	0.0000031
all	323	16	1600000	0.0000100
all	324	4	1600000	0.0000025
all	325	3	1600000	0.0000019
all	326	17	1600000	0.0000106
all	327	8	1600000	0.0000050
all	328	3	1600000	0.0000019
all	329	2	1600000	0.0000012
all	331	4	1600000	0.0000025
all	332	1	1600000	0.0000006
all	333	2	1600000	0.0000012
all	334	13	1600000	0.0000081
all	335	17	1600000	0.0000106
all	336	14	1600000	0.0000088
all	337	9	1600000	0.0000056
all	341	1	1600000	0.0000006
all	347	9	1600000	0.0000056
all	348	16	1600000	0.0000100
all	349	9	1600000	0.0000056
all	350	21	1600000	0.0000131
all	351	2	1600000	0.0000012
all	352	2	1600000	0.0000012
all	353	4	1600000	0.0000025
all	354	1	1600000	0.0000006
all	356	10	1600000	0.0000062
all	357	10	1600000	0.0000062
all	358	17	1600000	0.0000106
all	359	3	1600000	0.0000019
all	360	2	1600000	0.0000012
all	361	6	1600000	0.0000037
all	362	5	1600000	0.0000031
all	363	25	1600000	0.0000156
all	364	12	1600000	0.0000075
all	365	1	1600000	0.0000006
all	366	1	1600000	0.0000006
all	368	7	1600000	0.0000044
all	370	6	1600000	0.0000037
all	371	9	1600000	0.0000056
all	372	4	1600000	0.0000025
all	376	4	1600000	0.0000025
all	377	1	1600000	0.0000006
all	378	2	1600000	0.0000012
all	384	2	1600000	0.0000012
all	385	2	1600000	0.0000012
all	392	2	1600000	0.0000012
all	398	2	1600000	0.0000012
all	399	4	1600000	0.0000025
all	400	9	1600000	0.0000056
all	401	7	1600000	0.0000044
all	402	2	1600000	0.0000012
all	403	2	1600000	0.0000012
all	404	3	1600000	0.0000019
all	405	4	1600000	0.0000025
all	406	2	1600000	0.0000012
all	407	4	1600000	0.0000025
all	409	1	1600000	0.0000006
all	410	10	1600000	0.0000062
all	411	1	1600000	0.0000006
all	413	4	1600000	0.0000025
all	414	3	1600000	0.0000019
all	415	6	1600000	0.0000037
all	416	4	1600000	0.0000025
all	417	35	1600000	0.0000219
all	418	10	1600000	0.0000062
all	419	2	1600000	0.0000012
all	420	3	1600000	0.0000019
all	421	6	1600000	0.0000037
all	422	7	1600000	0.0000044
all	424	3	1600000	0.0000019
all	427	2	1600000	0.0000012
all	429	7	1600000	0.0000044
all	430	3	1600000	0.0000019
all	433	2	1600000	0.0000012
all	435	5	1600000	0.0000031
all	436	10	1600000	0.0000062
all	437	1	1600000	0.0000006
all	438	3	1600000	0.0000019
all	439	2	1600000	0.0000012
all	440	2	1600000	0.0000012
all	441	6	1600000	0.0000037
all	442	2	1600000	0.0000012
all	444	1	1600000	0.0000006
all	445	4	1600000	0.0000025
all	446	4	1600000	0.0000025
all	447	3	1600000	0.0000019
all	449	4	1600000	0.0000025
all	450	7	1600000	0.0000044
all	452	3	1600000	0.0000019
all	453	4	1600000	0.0000025
all	454	2	1600000	0.0000012
all	455	4	1600000	0.0000025
all	456	4	1600000	0.0000025
all	460	1	1600000	0.0000006
all	461	5	1600000	0.0000031
all	462	2	1600000	0.0000012
all	464	6	1600000	0.0000037
all	465	7	1600000	0.0000044
all	466	2	1600000	0.0000012
all	467	12	1600000	0.0000075
all	468	41	1600000	0.0000256
all	470	4	1600000	0.0000025
all	471	3	1600000	0.0000019
all	472	2	1600000	0.0000012
all	473	9	1600000	0.0000056
all	476	2	1600000	0.0000012
all	477	4	1600000	0.0000025
all	478	6	1600000	0.0000037
all	479	4	1600000	0.0000025
all	484	2	1600000	0.0000012
all	498	4	1600000	0.0000025
all	499	2	1600000	0.0000012
all	500	4	1600000	0.0000025
all	502	4	1600000	0.0000025
all	505	4	1600000	0.0000025
all	507	4	1600000	0.0000025
all	522	2	1600000	0.0000012
all	523	2	1600000	0.0000012
all	531	2	1600000	0.0000012
all	534	4	1600000	0.0000025
