all	0	1367934	1600000	0.8549588
all	1	37063	1600000	0.0231644
all	2	38055	1600000	0.0237844
all	3	15435	1600000	0.0096469
all	4	15779	1600000	0.0098619
all	5	12199	1600000	0.0076244
all	6	11761	1600000	0.0073506
all	7	12052	1600000	0.0075325
all	8	10393	1600000	0.0064956
all	9	6812	1600000	0.0042575
all	10	7417	1600000	0.0046356
all	11	5572	1600000	0.0034825
all	12	5448	1600000	0.0034050
all	13	4188	1600000	0.0026175
all	14	5106	1600000	0.0031912
all	15	4159	1600000	0.0025994
all	16	2577	1600000	0.0016106
all	17	3341	1600000	0.0020881
all	18	3253	1600000	0.0020331
all	19	2694	1600000	0.0016837
all	20	1867	1600000	0.0011669
all	21	2352	1600000	0.0014700
all	22	1856	1600000	0.0011600
all	23	1760	1600000	0.0011000
all	24	1431	1600000	0.0008944
all	25	1677	1600000	0.0010481
all	26	1593	1600000	0.0009956
all	27	628	1600000	0.0003925
all	28	669	1600000	0.0004181
all	29	560	1600000	0.0003500
all	30	549	1600000	0.0003431
all	31	623	1600000	0.0003894
all	32	949	1600000	0.0005931
all	33	616	1600000	0.0003850
all	34	740	1600000	0.0004625
all	35	941	1600000	0.0005881
all	36	586	1600000	0.0003662
all	37	689	1600000	0.0004306
all	38	677	1600000	0.0004231
all	39	332	1600000	0.0002075
all	40	295	1600000	0.0001844
all	41	378	1600000	0.0002362
all	42	501	1600000	0.0003131
all	43	319	1600000	0.0001994
all	44	491	1600000	0.0003069
all	45	262	1600000	0.0001637
all	46	80	1600000	0.0000500
all	47	352	1600000	0.0002200
all	48	258	1600000	0.0001613
all	49	358	1600000	0.0002238
all	50	95	1600000	0.0000594
all	51	236	1600000	0.0001475
all	52	103	1600000	0.0000644
all	53	228	1600000	0.0001425
all	54	30	1600000	0.0000188
all	55	54	1600000	0.0000337
all	56	55	1600000	0.0000344
all	57	49	1600000	0.0000306
all	58	99	1600000	0.0000619
all	59	153	1600000	0.0000956
all	60	156	1600000	0.0000975
all	61	205	1600000	0.0001281
all	62	67	1600000	0.0000419
all	63	5	1600000	0.0000031
all	64	62	1600000	0.0000388
all	65	122	1600000	0.0000762
all	66	173	1600000	0.0001081
all	67	119	1600000	0.0000744
all	68	96	1600000	0.0000600
all	69	42	1600000	0.0000262
all	70	40	1600000	0.0000250
all	71	29	1600000	0.0000181
all	72	148	1600000	0.0000925
all	73	11	1600000	0.0000069
all	74	41	1600000	0.0000256
all	75	17	1600000	0.0000106
all	76	11	1600000	0.0000069
all	77	3	1600000	0.0000019
all	78	8	1600000	0.0000050
all	79	9	1600000	0.0000056
all	81	4	1600000	0.0000025
all	82	21	1600000	0.0000131
all	83	91	1600000	0.0000569
all	84	43	1600000	0.0000269
all	85	13	1600000	0.0000081
all	86	22	1600000	0.0000138
all	87	24	1600000	0.0000150
all	88	15	1600000	0.0000094
all	89	16	1600000	0.0000100
all	90	24	1600000	0.0000150
all	91	52	1600000	0.0000325
all	92	59	1600000	0.0000369
all	93	64	1600000	0.0000400
all	94	24	1600000	0.0000150
all	95	16	1600000	0.0000100
all	96	104	1600000	0.0000650
all	97	18	1600000	0.0000113
all	98	54	1600000	0.0000337
all	99	7	1600000	0.0000044
all	100	5	1600000	0.0000031
all	101	11	1600000	0.0000069
all	102	50	1600000	0.0000313
all	103	20	1600000	0.0000125
all	104	13	1600000	0.0000081
all	105	13	1600000	0.0000081
all	106	2	1600000	0.0000012
all	107	1	1600000	0.0000006
all	108	2	1600000	0.0000012
all	109	3	1600000	0.0000019
all	110	30	1600000	0.0000188
all	111	53	1600000	0.0000331
all	112	20	1600000	0.0000125
all	113	7	1600000	0.0000044
all	114	12	1600000	0.0000075
all	115	3	1600000	0.0000019
all	116	1	1600000	0.0000006
all	117	2	1600000	0.0000012
all	118	41	1600000	0.0000256
all	119	15	1600000	0.0000094
all	120	1	1600000	0.0000006
all	121	9	1600000	0.0000056
all	122	5	1600000	0.0000031
all	123	1	1600000	0.0000006
all	124	2	1600000	0.0000012
all	125	52	1600000	0.0000325
all	126	1	1600000	0.0000006
all	128	7	1600000	0.0000044
all	129	16	1600000	0.0000100
all	130	6	1600000	0.0000037
all	131	44	1600000	0.0000275
all	132	113	1600000	0.0000706
all	133	56	1600000	0.0000350
all	136	21	1600000	0.0000131
all	137	6	1600000	0.0000037
all	138	10	1600000	0.0000062
all	139	9	1600000	0.0000056
all	140	15	1600000	0.0000094
all	141	1	1600000	0.0000006
all	142	21	1600000	0.0000131
all	143	10	1600000	0.0000062
all	144	8	1600000	0.0000050
all	145	14	1600000	0.0000088
all	146	7	1600000	0.0000044
all	148	1	1600000	0.0000006
all	150	2	1600000	0.0000012
all	151	5	1600000	0.0000031
all	152	14	1600000	0.0000088
all	153	6	1600000	0.0000037
all	154	9	1600000	0.0000056
all	155	22	1600000	0.0000138
all	156	6	1600000	0.0000037
all	157	3	1600000	0.0000019
all	159	14	1600000	0.0000088
all	161	2	1600000	0.0000012
all	162	5	1600000	0.0000031
all	163	1	1600000	0.0000006
all	164	2	1600000	0.0000012
all	166	1	1600000	0.0000006
all	167	1	1600000	0.0000006
all	171	1	1600000	0.0000006
all	177	11	1600000	0.0000069
all	180	1	1600000	0.0000006
all	182	2	1600000	0.0000012
all	184	3	1600000	0.0000019
all	187	2	1600000	0.0000012
all	188	8	1600000	0.0000050
all	189	6	1600000	0.0000037
all	190	8	1600000	0.0000050
all	191	3	1600000	0.0000019
all	192	19	1600000	0.0000119
all	193	8	1600000	0.0000050
all	194	2	1600000	0.0000012
all	195	27	1600000	0.0000169
all	196	3	1600000	0.0000019
all	197	28	1600000	0.0000175
all	198	2	1600000	0.0000012
all	199	3	1600000	0.0000019
all	200	3	1600000	0.0000019
all	201	6	1600000	0.0000037
all	202	2	1600000	0.0000012
all	203	1	1600000	0.0000006
all	204	48	1600000	0.0000300
all	205	68	1600000	0.0000425
all	207	1	1600000	0.0000006
all	208	1	1600000	0.0000006
all	210	18	1600000	0.0000113
all	306	2	1600000	0.0000012
all	310	6	1600000	0.0000037
all	311	32	1600000	0.0000200
all	471	2	1600000	0.0000012
all	531	2	1600000	0.0000012
all	558	4	1600000	0.0000025
all	565	3	1600000	0.0000019
all	568	5	1600000	0.0000031
all	576	1	1600000	0.0000006
all	577	3	1600000	0.0000019
all	578	9	1600000	0.0000056
all	580	1	1600000	0.0000006
all	581	8	1600000	0.0000050
all	583	1	1600000	0.0000006
all	585	2	1600000	0.0000012
all	586	34	1600000	0.0000212
all	587	3	1600000	0.0000019
