all	0	1310354	1600000	0.8189713
all	1	36849	1600000	0.0230306
all	2	38502	1600000	0.0240637
all	3	22507	1600000	0.0140669
all	4	19339	1600000	0.0120869
all	5	14194	1600000	0.0088712
all	6	13698	1600000	0.0085612
all	7	12117	1600000	0.0075731
all	8	12921	1600000	0.0080756
all	9	9086	1600000	0.0056788
all	10	7640	1600000	0.0047750
all	11	8490	1600000	0.0053062
all	12	7943	1600000	0.0049644
all	13	6530	1600000	0.0040813
all	14	5650	1600000	0.0035312
all	15	5391	1600000	0.0033694
all	16	4311	1600000	0.0026944
all	17	5768	1600000	0.0036050
all	18	5123	1600000	0.0032019
all	19	3762	1600000	0.0023513
all	20	3400	1600000	0.0021250
all	21	2887	1600000	0.0018044
all	22	2699	1600000	0.0016869
all	23	2812	1600000	0.0017575
all	24	2421	1600000	0.0015131
all	25	2285	1600000	0.0014281
all	26	2201	1600000	0.0013756
all	27	1779	1600000	0.0011119
all	28	2157	1600000	0.0013481
all	29	1928	1600000	0.0012050
all	30	1343	1600000	0.0008394
all	31	1601	1600000	0.0010006
all	32	1520	1600000	0.0009500
all	33	1026	1600000	0.0006412
all	34	714	1600000	0.0004462
all	35	891	1600000	0.0005569
all	36	867	1600000	0.0005419
all	37	711	1600000	0.0004444
all	38	937	1600000	0.0005856
all	39	747	1600000	0.0004669
all	40	730	1600000	0.0004563
all	41	650	1600000	0.0004063
all	42	490	1600000	0.0003063
all	43	904	1600000	0.0005650
all	44	561	1600000	0.0003506
all	45	437	1600000	0.0002731
all	46	587	1600000	0.0003669
all	47	427	1600000	0.0002669
all	48	465	1600000	0.0002906
all	49	367	1600000	0.0002294
all	50	362	1600000	0.0002263
all	51	226	1600000	0.0001412
all	52	180	1600000	0.0001125
all	53	240	1600000	0.0001500
all	54	245	1600000	0.0001531
all	55	174	1600000	0.0001087
all	56	178	1600000	0.0001113
all	57	145	1600000	0.0000906
all	58	240	1600000	0.0001500
all	59	137	1600000	0.0000856
all	60	195	1600000	0.0001219
all	61	99	1600000	0.0000619
all	62	225	1600000	0.0001406
all	63	224	1600000	0.0001400
all	64	115	1600000	0.0000719
all	65	211	1600000	0.0001319
all	66	174	1600000	0.0001087
all	67	122	1600000	0.0000762
all	68	142	1600000	0.0000887
all	69	86	1600000	0.0000537
all	70	128	1600000	0.0000800
all	71	196	1600000	0.0001225
all	72	249	1600000	0.0001556
all	73	120	1600000	0.0000750
all	74	242	1600000	0.0001513
all	75	188	1600000	0.0001175
all	76	234	1600000	0.0001462
all	77	36	1600000	0.0000225
all	78	165	1600000	0.0001031
all	79	30	1600000	0.0000188
all	80	53	1600000	0.0000331
all	81	13	1600000	0.0000081
all	82	70	1600000	0.0000437
all	83	51	1600000	0.0000319
all	84	38	1600000	0.0000238
all	85	88	1600000	0.0000550
all	86	28	1600000	0.0000175
all	87	24	1600000	0.0000150
all	88	69	1600000	0.0000431
all	89	114	1600000	0.0000712
all	90	72	1600000	0.0000450
all	91	9	1600000	0.0000056
all	92	67	1600000	0.0000419
all	93	34	1600000	0.0000212
all	94	42	1600000	0.0000262
all	95	11	1600000	0.0000069
all	96	24	1600000	0.0000150
all	97	17	1600000	0.0000106
all	98	43	1600000	0.0000269
all	99	7	1600000	0.0000044
all	100	12	1600000	0.0000075
all	101	36	1600000	0.0000225
all	102	59	1600000	0.0000369
all	103	34	1600000	0.0000212
all	104	34	1600000	0.0000212
all	105	21	1600000	0.0000131
all	106	5	1600000	0.0000031
all	107	58	1600000	0.0000362
all	108	24	1600000	0.0000150
all	109	73	1600000	0.0000456
all	110	70	1600000	0.0000437
all	111	34	1600000	0.0000212
all	112	72	1600000	0.0000450
all	113	49	1600000	0.0000306
all	114	59	1600000	0.0000369
all	115	16	1600000	0.0000100
all	116	24	1600000	0.0000150
all	117	17	1600000	0.0000106
all	118	29	1600000	0.0000181
all	119	150	1600000	0.0000938
all	120	70	1600000	0.0000437
all	121	57	1600000	0.0000356
all	122	14	1600000	0.0000088
all	123	29	1600000	0.0000181
all	124	23	1600000	0.0000144
all	125	83	1600000	0.0000519
all	126	7	1600000	0.0000044
all	127	6	1600000	0.0000037
all	128	46	1600000	0.0000288
all	129	39	1600000	0.0000244
all	130	29	1600000	0.0000181
all	131	9	1600000	0.0000056
all	132	37	1600000	0.0000231
all	133	30	1600000	0.0000188
all	134	30	1600000	0.0000188
all	135	18	1600000	0.0000113
all	136	4	1600000	0.0000025
all	137	17	1600000	0.0000106
all	138	11	1600000	0.0000069
all	139	21	1600000	0.0000131
all	140	18	1600000	0.0000113
all	141	53	1600000	0.0000331
all	142	1	1600000	0.0000006
all	143	8	1600000	0.0000050
all	144	7	1600000	0.0000044
all	145	4	1600000	0.0000025
all	146	24	1600000	0.0000150
all	147	18	1600000	0.0000113
all	148	8	1600000	0.0000050
all	149	75	1600000	0.0000469
all	150	49	1600000	0.0000306
all	151	43	1600000	0.0000269
all	152	15	1600000	0.0000094
all	153	14	1600000	0.0000088
all	154	25	1600000	0.0000156
all	155	15	1600000	0.0000094
all	156	46	1600000	0.0000288
all	157	11	1600000	0.0000069
all	158	14	1600000	0.0000088
all	159	8	1600000	0.0000050
all	160	49	1600000	0.0000306
all	161	20	1600000	0.0000125
all	162	8	1600000	0.0000050
all	163	18	1600000	0.0000113
all	164	15	1600000	0.0000094
all	165	20	1600000	0.0000125
all	166	20	1600000	0.0000125
all	167	16	1600000	0.0000100
all	168	23	1600000	0.0000144
all	169	53	1600000	0.0000331
all	170	33	1600000	0.0000206
all	171	77	1600000	0.0000481
all	172	13	1600000	0.0000081
all	173	14	1600000	0.0000088
all	174	10	1600000	0.0000062
all	175	59	1600000	0.0000369
all	176	46	1600000	0.0000288
all	177	18	1600000	0.0000113
all	178	20	1600000	0.0000125
all	179	12	1600000	0.0000075
all	180	5	1600000	0.0000031
all	181	4	1600000	0.0000025
all	182	12	1600000	0.0000075
all	183	15	1600000	0.0000094
all	184	3	1600000	0.0000019
all	185	24	1600000	0.0000150
all	186	17	1600000	0.0000106
all	187	21	1600000	0.0000131
all	188	12	1600000	0.0000075
all	189	23	1600000	0.0000144
all	190	10	1600000	0.0000062
all	192	4	1600000	0.0000025
all	193	2	1600000	0.0000012
all	194	14	1600000	0.0000088
all	195	5	1600000	0.0000031
all	196	14	1600000	0.0000088
all	197	6	1600000	0.0000037
all	198	21	1600000	0.0000131
all	199	18	1600000	0.0000113
all	200	10	1600000	0.0000062
all	201	36	1600000	0.0000225
all	202	7	1600000	0.0000044
all	203	6	1600000	0.0000037
all	204	39	1600000	0.0000244
all	205	18	1600000	0.0000113
all	206	3	1600000	0.0000019
all	207	5	1600000	0.0000031
all	208	10	1600000	0.0000062
all	209	5	1600000	0.0000031
all	215	8	1600000	0.0000050
all	218	1	1600000	0.0000006
all	219	10	1600000	0.0000062
all	221	1	1600000	0.0000006
all	222	8	1600000	0.0000050
all	223	14	1600000	0.0000088
all	224	61	1600000	0.0000381
all	225	2	1600000	0.0000012
all	226	1	1600000	0.0000006
all	227	6	1600000	0.0000037
all	229	4	1600000	0.0000025
all	230	1	1600000	0.0000006
all	231	1	1600000	0.0000006
all	232	1	1600000	0.0000006
all	237	1	1600000	0.0000006
all	240	2	1600000	0.0000012
all	241	1	1600000	0.0000006
all	242	7	1600000	0.0000044
all	243	5	1600000	0.0000031
all	246	3	1600000	0.0000019
all	258	1	1600000	0.0000006
all	259	2	1600000	0.0000012
all	269	12	1600000	0.0000075
all	270	1	1600000	0.0000006
all	274	4	1600000	0.0000025
all	285	2	1600000	0.0000012
all	290	2	1600000	0.0000012
all	292	6	1600000	0.0000037
all	294	2	1600000	0.0000012
all	297	5	1600000	0.0000031
all	298	1	1600000	0.0000006
all	301	2	1600000	0.0000012
all	303	6	1600000	0.0000037
all	304	2	1600000	0.0000012
all	306	2	1600000	0.0000012
all	307	4	1600000	0.0000025
all	308	2	1600000	0.0000012
all	309	2	1600000	0.0000012
all	310	2	1600000	0.0000012
all	319	2	1600000	0.0000012
all	320	2	1600000	0.0000012
all	321	2	1600000	0.0000012
all	326	2	1600000	0.0000012
all	327	8	1600000	0.0000050
all	339	1	1600000	0.0000006
all	341	1	1600000	0.0000006
all	346	3	1600000	0.0000019
all	347	1	1600000	0.0000006
all	348	3	1600000	0.0000019
all	349	1	1600000	0.0000006
all	350	9	1600000	0.0000056
all	351	2	1600000	0.0000012
all	352	1	1600000	0.0000006
all	353	4	1600000	0.0000025
all	354	4	1600000	0.0000025
all	356	3	1600000	0.0000019
all	357	1	1600000	0.0000006
all	359	2	1600000	0.0000012
all	360	4	1600000	0.0000025
all	361	2	1600000	0.0000012
all	362	2	1600000	0.0000012
all	363	6	1600000	0.0000037
all	364	3	1600000	0.0000019
all	367	3	1600000	0.0000019
all	371	4	1600000	0.0000025
