Sample	1	2	3	4	5	6	7	8	9	10	11	12	13	14	15	16	17	18	19	20	21	22	23	24	25	26	27	28	29	30	31	32	33	34	35	36	37	38	39	40	41	42	43	44	45	46	47	48	49	50	51	52	53	54	55	56	57	58	59	60	61	62	63	64	65	66	67	68	69	70	71	72	73	74	75	76	77	78	79	80	81	82	83	84	85	86	87	88	89	90	91	92	93	94	95	96	97	98	99	100	101	102	103	104	105	106	107	108	109	110	111	112	113	114	115	116	117	118	119	120	121	122	123	124	125	126	127	128	129	130	131	132	133	134	135	136	137	138	139	140	141	142	143	144	145	146	147	148	149	150
Hte-ATic_001-Ex1-cssl.clmp.r1r2_fastp	66.00319999999999	47.336	50.6903	50.233399999999996	51.2602	48.9857	50.289899999999996	50.9761	49.5739	48.0952	55.0348	54.9816	51.6605	53.6808	50.9644	52.251999999999995	52.2586	52.2969	51.831700000000005	51.98120000000001	49.6104	51.75189999999999	53.3186	52.9847	54.0762	52.2071	52.6673	52.6408	52.2171	52.903299999999994	50.2451	53.8353	53.506299999999996	53.3858	52.823100000000004	51.702000000000005	49.634499999999996	53.360600000000005	52.7798	52.2451	52.7686	52.2413	52.36150000000001	52.8396	52.80160000000001	48.6555	52.3574	51.7094	53.4097	52.327400000000004	54.0976	51.859	53.4095	52.6995	48.8868	52.5679	54.4493	51.686600000000006	52.7099	52.171800000000005	51.99510000000001	52.406699999999994	51.28549999999999	53.4551	53.979200000000006	51.5587	54.65219999999999	52.158300000000004	51.885000000000005	53.055600000000005	53.3019	51.308	52.182300000000005	51.888400000000004	49.5417	53.1432	53.8345	51.5875	50.749599999999994	54.476	52.443799999999996	53.58389999999999	52.2884	53.4386	51.161	52.3448	51.9219	52.8681	50.915699999999994	53.6908	52.8883	54.191599999999994	52.8661	55.6351	53.9324	55.2971	53.4899	53.1369	55.120599999999996	53.7279	55.15219999999999	52.884299999999996	55.5376	55.2983	55.2594	52.5042	54.643699999999995	52.902800000000006	51.6087	54.0241	56.1673	55.389900000000004	53.357600000000005	53.1187	54.516799999999996	57.79260000000001	54.3378	57.3101	55.4009	56.0635	55.4829	56.8148	54.514799999999994	54.7686	53.3199	51.9559	51.546400000000006	57.4221	55.5948	55.7423	57.19070000000001	53.791	58.0267	55.358700000000006	57.3547	57.5205	56.3918	57.897600000000004	59.485200000000006	58.7511	56.71620000000001	59.683699999999995	59.1561	57.818000000000005	59.6376	57.1187	56.6724	60.2594	58.390100000000004	56.1035
Hte-ATic_002-Ex1-cssl.clmp.r1r2_fastp	69.14489999999999	51.2979	52.0707	53.006699999999995	54.384600000000006	53.357699999999994	53.6336	55.1429	54.1335	53.9911	58.206599999999995	58.5002	58.3485	57.732499999999995	56.124399999999994	56.7005	56.0813	55.7424	56.1781	57.445800000000006	55.846700000000006	56.12350000000001	56.9239	54.8589	55.7388	56.2846	55.9269	56.094500000000004	56.51049999999999	55.932700000000004	56.36449999999999	56.0383	55.7431	56.0323	56.67959999999999	55.9577	56.02310000000001	55.8498	55.179199999999994	55.582100000000004	57.4888	56.076	57.123900000000006	55.9739	55.543699999999994	56.7268	57.215	55.1807	56.080200000000005	57.2901	56.4905	56.4484	56.0542	56.4084	56.5186	56.2371	55.8709	56.112300000000005	57.0558	55.1074	56.8311	56.354000000000006	55.5109	55.2414	56.606199999999994	55.350699999999996	56.897600000000004	56.850100000000005	56.340999999999994	55.7889	57.4249	55.23400000000001	55.8908	56.6102	55.82899999999999	56.1597	55.7717	54.7277	56.7126	55.479800000000004	55.4528	56.5403	55.877500000000005	55.1002	55.5724	56.1933	55.833299999999994	56.6874	56.61279999999999	55.678399999999996	57.059099999999994	56.553	55.899	55.250699999999995	56.4287	55.137899999999995	55.9916	55.6099	56.9244	56.843500000000006	56.1202	55.509100000000004	56.74	56.4951	54.0408	56.94669999999999	57.2389	55.897200000000005	56.5741	55.76370000000001	56.0138	57.070600000000006	57.084999999999994	56.4167	57.9236	57.8626	56.4948	56.441900000000004	57.523199999999996	55.972500000000004	57.4538	57.62389999999999	57.535199999999996	57.1539	57.56099999999999	56.7269	57.9277	56.3955	56.148399999999995	58.058	58.89450000000001	57.711400000000005	57.5138	56.7766	55.9496	57.6823	57.4156	57.38419999999999	57.7611	58.5158	56.8706	56.6051	57.572100000000006	58.114	58.3803	58.2534	57.330099999999995	58.071600000000004	57.993700000000004	58.124900000000004
Hte-ATic_003-Ex1-cssl.clmp.r1r2_fastp	64.39059999999999	45.737899999999996	46.9788	47.5101	49.2343	47.8866	47.3562	48.9984	49.6429	46.3033	52.8743	51.8566	52.1991	50.3738	49.7943	49.6514	51.318299999999994	49.7789	51.172799999999995	50.8274	49.7401	50.235600000000005	50.053599999999996	49.5882	50.6436	49.9222	50.4856	49.241099999999996	49.765100000000004	48.9333	49.692	50.512	49.1798	49.7904	50.5326	48.7062	49.9423	50.4069	49.8257	48.8518	50.480000000000004	49.4479	50.041599999999995	49.8994	49.6248	50.124599999999994	50.6188	49.7078	49.499900000000004	49.3825	50.2413	49.4923	50.5837	49.9189	50.3746	50.107	50.4142	50.12370000000001	49.9687	50.2008	49.3606	50.3154	49.7851	50.387899999999995	50.1584	48.7434	49.727	50.235	50.77080000000001	49.6834	49.8859	49.0351	49.8735	49.4734	49.8344	50.1308	50.77700000000001	49.252	50.707899999999995	49.2143	51.578599999999994	50.197	51.092499999999994	49.845	50.97580000000001	50.4467	49.953599999999994	50.200900000000004	50.4396	49.6605	51.010200000000005	50.9798	49.818	50.6015	51.5641	49.586200000000005	51.351800000000004	50.4841	50.336800000000004	50.65690000000001	51.2105	49.987500000000004	50.8232	51.09629999999999	51.3235	50.7474	51.2899	49.511	51.7346	50.5759	51.43729999999999	50.617900000000006	51.42529999999999	50.076	50.6416	51.41480000000001	51.160000000000004	50.380100000000006	51.763400000000004	50.752900000000004	51.4378	50.820299999999996	51.603	51.2651	51.8939	51.0605	51.229899999999994	51.65110000000001	50.365	51.158899999999996	51.58160000000001	50.5259	51.2093	51.3868	51.22560000000001	52.1254	52.025200000000005	51.3392	52.73179999999999	51.917	51.359	52.3027	51.4045	51.7897	53.03679999999999	52.2123	52.37929999999999	51.848499999999994	52.893299999999996	50.753899999999994
Hte-ATic_004-Ex1-cssl.clmp.r1r2_fastp	64.5732	44.7361	46.7729	45.6933	48.613099999999996	45.5371	46.8175	48.7248	48.016	47.0321	51.8258	51.639199999999995	50.6758	50.0163	49.7429	50.023700000000005	50.3733	49.2052	49.9152	49.8108	48.6646	49.2448	49.8735	48.7719	49.8774	49.271	48.7003	49.166199999999996	50.0668	48.6643	49.3148	49.662299999999995	48.7507	49.669200000000004	48.9333	48.6994	49.5234	48.5214	48.9017	50.0448	49.6905	49.0972	49.8363	49.2396	49.163000000000004	49.0236	49.0476	49.1421	49.1843	48.448600000000006	49.3449	49.7341	48.788399999999996	48.9068	49.511500000000005	50.1113	49.925799999999995	49.294399999999996	49.329499999999996	49.3465	49.4757	49.2062	49.2962	49.586200000000005	49.4676	48.835499999999996	49.3564	49.7856	48.3672	48.7783	49.3136	50.2132	49.512299999999996	50.039199999999994	48.9197	49.7466	49.1981	49.485	49.512699999999995	49.7323	49.7794	49.4245	49.6037	49.0933	49.5089	49.9283	49.3897	49.3289	49.6209	48.8549	49.4775	50.2248	49.0479	49.2953	50.208200000000005	49.7429	50.126400000000004	49.6579	49.1821	50.2328	50.0599	49.198	49.879400000000004	49.6195	48.958600000000004	49.5008	49.4953	49.4019	49.7373	50.35849999999999	49.0486	49.9546	49.973099999999995	49.0316	50.049699999999994	50.4922	49.647000000000006	49.973800000000004	49.7138	49.8136	49.6112	49.6374	49.4412	49.9315	50.2617	49.4031	49.7892	51.027699999999996	48.6865	49.621900000000004	49.2111	48.988	49.975	50.04690000000001	48.7899	50.3766	49.7208	48.5991	49.7934	49.7956	49.78	49.5163	50.1212	50.3769	51.0945	49.7383	49.8591	49.878299999999996	50.379799999999996	49.2259
Hte-ATic_005-Ex1-cssl.clmp.r1r2_fastp	61.5129	42.859700000000004	45.4798	45.3323	45.8823	44.285000000000004	44.4429	45.4671	46.177099999999996	44.2233	49.7485	48.8387	49.492599999999996	47.713899999999995	46.7453	47.3844	48.1999	47.0569	47.9998	48.416599999999995	47.1498	47.5798	47.2776	47.1026	47.387299999999996	46.8014	47.183	47.9928	47.4703	46.0672	47.212199999999996	47.8063	46.8937	46.8979	47.043400000000005	46.6993	48.0017	46.9524	46.8956	46.9793	47.4364	45.9277	47.218700000000005	47.6897	47.4324	46.8249	46.8742	46.9403	47.3309	47.3708	46.6001	47.984700000000004	47.2455	46.9117	46.5096	47.6817	46.3047	47.0345	46.6669	46.5745	47.5518	46.6035	45.678000000000004	47.719899999999996	47.039500000000004	46.7026	46.605000000000004	47.5023	46.7499	46.7883	46.8415	47.4244	46.7044	47.3198	46.393699999999995	47.9795	47.674699999999994	46.5326	47.7256	47.4762	46.7231	47.7763	47.3995	46.7255	47.779700000000005	47.693000000000005	46.990500000000004	47.784	47.515299999999996	47.5327	47.7667	48.1015	47.6643	48.065000000000005	47.592600000000004	47.6415	48.0334	47.3122	47.633900000000004	48.4878	49.039	47.1086	48.4001	48.3458	47.7565	47.889199999999995	48.1408	48.4629	48.9882	48.3688	48.3507	48.9083	49.5627	49.039	49.2873	49.5437	49.280499999999996	49.2	49.5276	48.6621	49.7816	49.031400000000005	49.0685	50.182300000000005	49.9596	49.227	50.039	50.849500000000006	50.054	50.8552	50.6168	50.2548	50.7925	50.357600000000005	50.8513	50.4478	51.757200000000005	50.1653	51.48819999999999	51.6994	51.3195	52.778400000000005	52.5563	50.96960000000001	52.47619999999999	51.8723	51.0204	53.26499999999999	52.6831	51.18279999999999
Hte-ATic_006-Ex1-cssl.clmp.r1r2_fastp	63.6503	43.5552	46.2356	44.7966	46.1527	44.4548	43.9743	46.2239	45.7905	44.3873	50.2633	49.7037	48.9989	48.6513	48.2586	48.6336	48.571999999999996	47.5597	48.198800000000006	48.0568	48.0058	48.0221	47.4497	46.983599999999996	47.5188	46.9782	46.9793	48.1412	47.6415	46.9407	47.843799999999995	47.8649	48.033	47.3225	47.3889	46.9225	48.4672	46.6059	47.634100000000004	47.2026	48.1158	46.7559	47.7282	47.5848	47.1051	47.982200000000006	47.2165	47.725	47.7759	47.6434	47.7281	47.8187	47.2349	47.7261	48.057	47.9238	47.185	47.6153	47.741	47.2822	47.9979	47.2755	47.4056	47.159099999999995	48.056599999999996	47.236200000000004	47.7425	47.7642	47.7434	46.501	47.8209	47.8033	47.194599999999994	47.140100000000004	47.1976	47.8096	47.9454	46.9763	47.637299999999996	47.942499999999995	47.4716	47.4767	47.28	46.7291	47.306599999999996	47.518100000000004	46.6877	47.9359	47.474	46.6282	47.5985	47.916399999999996	47.5343	47.2406	48.0349	47.6713	48.4914	47.2443	48.2329	48.451699999999995	47.6073	47.5413	47.6595	47.4866	47.7932	47.844300000000004	47.4916	47.2161	47.5545	47.3158	47.306	47.6727	48.1187	47.285199999999996	47.4895	47.7457	47.3867	47.7295	47.1038	47.765	47.3939	48.2286	47.8086	48.016799999999996	47.9018	47.9366	47.8604	48.129	47.253299999999996	48.4133	47.815400000000004	48.3106	47.585699999999996	48.2635	47.3794	47.6862	47.6402	47.2237	48.4075	48.0509	47.9665	48.6022	48.2885	48.079699999999995	47.3572	48.16	48.056599999999996	48.3337	47.6162	48.368
Hte-ATic_007-Ex1-cssl.clmp.r1r2_fastp	66.54440000000001	49.9726	49.8313	51.4424	53.44950000000001	50.968199999999996	51.3355	54.0126	52.973499999999994	52.161	57.658100000000005	56.8549	56.470600000000005	55.5747	54.8984	55.0606	54.9535	54.5136	55.42399999999999	55.3697	54.4837	55.073499999999996	55.352900000000005	54.5589	53.755399999999995	54.294	54.103	55.149499999999996	54.7688	53.8423	54.7609	54.7033	52.6755	54.5554	55.345299999999995	54.2714	54.778400000000005	54.99889999999999	54.5511	54.522000000000006	54.5882	53.805800000000005	54.174299999999995	55.452999999999996	53.763799999999996	54.684	54.683499999999995	54.4771	55.184200000000004	54.7899	53.757299999999994	55.34329999999999	55.23780000000001	54.0397	54.7551	54.576499999999996	54.0928	55.1995	55.003800000000005	54.586400000000005	55.1428	54.760799999999996	53.103199999999994	55.3121	54.8177	54.029	54.700199999999995	55.017	54.3503	54.01780000000001	54.4238	55.1326	54.9771	55.007600000000004	54.4964	54.2807	55.1326	52.85530000000001	54.85060000000001	54.6894	54.577200000000005	54.764	54.785700000000006	53.7446	54.779999999999994	54.62010000000001	54.492200000000004	54.506600000000006	55.573899999999995	53.893899999999995	54.210800000000006	55.74980000000001	54.350699999999996	54.168400000000005	54.9199	54.19500000000001	55.4832	55.5333	54.2407	54.8002	54.726	54.1341	55.272	55.6082	54.3302	55.122499999999995	55.264	54.7697	55.21810000000001	55.535500000000006	54.1067	54.644499999999994	55.34289999999999	54.4559	54.9855	55.849000000000004	55.182900000000004	55.7786	55.30500000000001	54.842400000000005	55.9204	55.9354	54.48	55.5296	56.7995	55.003800000000005	55.295300000000005	55.945	56.059000000000005	55.1343	55.896100000000004	54.7505	55.419399999999996	55.5631	55.32359999999999	56.420899999999996	56.6334	55.097300000000004	56.188300000000005	56.2519	56.4002	56.62239999999999	56.009299999999996	55.832300000000004	56.3615	56.647499999999994	55.1866	57.1718	56.427099999999996	56.2571
Hte-ATic_008-Ex1-cssl.clmp.r1r2_fastp	66.9427	51.315599999999996	50.7642	51.24570000000001	53.500899999999994	51.8633	52.48500000000001	54.6489	53.9199	51.6657	57.541	57.071799999999996	57.27569999999999	56.0397	53.815000000000005	53.9777	55.856700000000004	54.3214	54.844300000000004	56.305899999999994	56.4114	54.6296	55.683899999999994	54.3176	56.0838	54.76649999999999	54.7023	54.4323	54.901199999999996	53.6756	53.825500000000005	54.782	54.791900000000005	55.2199	55.035900000000005	54.6439	55.3287	53.3874	54.6884	55.297700000000006	55.4588	52.7736	53.420100000000005	55.57919999999999	53.776599999999995	54.1196	55.2121	54.4896	55.7138	54.1586	53.733	54.7009	54.8744	53.5261	54.1453	55.682900000000004	55.4643	53.4252	56.101800000000004	55.144400000000005	55.350699999999996	54.921	55.139	55.915499999999994	55.474900000000005	52.7019	55.2983	55.1296	55.1644	53.817400000000006	55.2825	55.0968	54.9482	53.8316	54.2369	55.5176	56.2434	54.2282	54.419	56.625899999999994	55.1106	54.762699999999995	55.7092	54.2648	55.938500000000005	54.83090000000001	52.9084	54.790000000000006	55.728	54.259299999999996	55.0334	56.41199999999999	53.5333	53.576100000000004	54.0036	54.737899999999996	54.883	54.1566	54.886599999999994	55.303599999999996	55.129	54.639700000000005	54.989399999999996	55.244400000000006	55.777	54.795300000000005	56.244099999999996	55.3296	55.900099999999995	55.3022	55.77530000000001	56.0056	57.059599999999996	55.4917	56.3001	56.259499999999996	55.9205	55.547999999999995	57.3399	56.236799999999995	55.61469999999999	56.8244	57.06139999999999	56.224799999999995	55.453399999999995	55.7432	57.0026	58.0546	57.2045	57.037400000000005	57.3581	56.8907	57.618199999999995	55.589299999999994	55.6188	57.4551	58.3182	56.64979999999999	57.56250000000001	56.537400000000005	57.8845	57.3105	57.0527	58.76	57.029399999999995	57.63589999999999	57.5633	58.3005	57.550000000000004	56.665699999999994
Hte-ATic_010-Ex1-cssl.clmp.r1r2_fastp	67.1931	50.4262	51.2161	52.973099999999995	54.098	52.4918	51.9768	53.687200000000004	54.8399	50.341100000000004	56.4176	57.7909	56.0755	55.0741	55.0722	55.388099999999994	56.403000000000006	54.045	54.645999999999994	54.5963	54.7523	54.190099999999994	55.638799999999996	54.697799999999994	54.8067	54.947100000000006	55.5092	55.3888	55.5603	52.1559	55.042	54.2566	53.900400000000005	54.6082	56.5086	55.469500000000004	55.766400000000004	55.1779	53.705999999999996	53.8219	55.2341	54.921	54.464999999999996	54.7111	55.352599999999995	53.9766	53.2378	54.541700000000006	54.9161	53.3995	54.6807	55.993300000000005	54.997099999999996	54.7702	55.2859	55.5957	56.1084	53.8698	54.7893	53.6763	54.767999999999994	54.6188	54.8253	54.8087	54.72	54.33369999999999	54.5731	55.85980000000001	55.0179	54.55	55.7125	55.278099999999995	55.7837	55.6293	54.80890000000001	54.925000000000004	56.2092	54.3604	55.3014	55.464999999999996	55.647400000000005	53.6852	56.01819999999999	55.1736	55.6884	54.869299999999996	55.027499999999996	57.0424	57.0715	54.9031	56.4831	55.955600000000004	55.6856	55.41120000000001	56.3821	55.4379	55.823	54.87800000000001	55.4605	55.3488	57.349799999999995	55.702200000000005	56.035999999999994	56.3489	55.442	57.504	57.3342	55.8377	55.874500000000005	55.249700000000004	56.21040000000001	57.070699999999995	57.5936	54.7659	57.440999999999995	56.9743	57.6833	56.530899999999995	58.521100000000004	57.1615	57.556799999999996	56.6361	56.9719	56.3747	57.832899999999995	56.49380000000001	57.270900000000005	57.4867	58.932700000000004	57.752199999999995	58.1035	56.7293	57.8177	59.328199999999995	57.7353	58.633500000000005	59.939	57.433	58.040099999999995	57.7097	58.2033	58.6189	59.5534	58.608000000000004	59.32340000000001	59.967400000000005	57.5704	58.9879	58.9944	60.11
Hte-ATic_011-Ex1-cssl.clmp.r1r2_fastp	60.604800000000004	42.1786	45.6391	44.1	44.971	42.7313	42.7523	44.6665	44.7849	43.6211	47.6623	47.0692	46.9326	46.4903	46.5785	45.2324	46.3288	46.630700000000004	46.1772	45.5901	46.686899999999994	45.8763	46.245999999999995	45.336999999999996	46.421099999999996	45.433099999999996	45.7997	45.9762	47.484700000000004	45.798899999999996	47.0768	46.0406	45.5585	45.5662	46.704499999999996	45.4445	45.262	45.4749	46.3992	46.725899999999996	46.0445	44.811099999999996	46.5812	45.103300000000004	46.441	45.0655	46.5353	45.3351	46.4174	44.8707	45.1595	45.7761	45.9575	45.677099999999996	46.1852	46.9088	46.1696	45.1849	46.1981	45.6416	45.9922	45.2089	45.375	45.583600000000004	45.977000000000004	45.0691	45.460499999999996	45.273	45.911	46.263	46.2706	44.941199999999995	45.4597	45.4318	46.5101	45.1162	46.1517	45.2421	45.8419	46.1362	45.785199999999996	46.8782	46.7234	46.0752	46.793099999999995	46.7079	46.022999999999996	45.882400000000004	46.5225	45.8641	46.7034	46.1007	46.9171	45.712599999999995	46.7033	45.5979	46.4525	45.586	46.5332	46.2839	46.6299	45.7451	46.6431	46.9334	46.7134	46.5061	47.2238	45.803	45.8511	47.797	46.2102	46.1576	46.908899999999996	46.4889	46.923500000000004	47.9767	46.7965	46.988400000000006	47.7683	47.4693	46.2796	47.9107	48.0023	47.8331	47.9443	47.5401	48.9213	48.5827	48.236200000000004	48.517500000000005	48.2803	47.7872	48.5016	48.8338	48.9627	49.7341	49.7422	47.624300000000005	49.6373	48.2563	48.465	48.8375	50.3924	49.1062	51.166900000000005	50.2853	49.3384	50.6049	50.3428	49.9
Hte-ATic_012-Ex1-cssl.clmp.r1r2_fastp	67.3711	49.322500000000005	50.085	52.390899999999995	51.9453	50.8004	51.36110000000001	53.4032	51.6911	51.3065	56.145199999999996	55.220499999999994	55.0056	53.1537	53.1138	54.6967	53.942800000000005	53.21019999999999	54.0934	54.5034	53.6331	53.157900000000005	54.09270000000001	52.671800000000005	54.13210000000001	53.8633	52.26840000000001	54.158899999999996	54.472500000000004	52.5041	53.500099999999996	53.06570000000001	52.4545	53.264599999999994	53.6968	53.179	53.6415	53.0035	53.162600000000005	52.899499999999996	54.1885	52.952	54.007400000000004	54.5118	53.4133	52.432100000000005	52.223200000000006	53.10510000000001	53.164500000000004	52.9362	53.7211	53.50129999999999	54.0471	51.2768	53.4107	54.0683	52.368700000000004	53.2956	52.4145	52.80049999999999	53.860200000000006	52.8391	52.31	52.384100000000004	53.536899999999996	52.8782	54.1493	53.403	53.139	53.310500000000005	53.7009	52.7197	55.0218	53.4726	52.7756	54.074299999999994	54.27570000000001	53.625299999999996	52.9896	54.0509	54.128699999999995	54.124700000000004	54.29619999999999	53.087399999999995	54.271499999999996	54.0837	53.55950000000001	53.9911	54.5798	53.2323	53.5851	54.81510000000001	54.3161	54.232800000000005	54.1764	54.2249	54.668499999999995	53.97729999999999	54.30009999999999	54.290099999999995	56.277699999999996	53.755399999999995	54.3305	55.0334	53.992	54.217000000000006	54.7936	54.027	55.9261	54.5157	54.0059	55.876000000000005	56.3787	53.84870000000001	56.28999999999999	55.49230000000001	55.738699999999994	55.7979	55.872699999999995	55.474000000000004	55.52550000000001	54.538799999999995	55.3754	55.0346	56.0723	55.439400000000006	56.2629	55.176	56.226299999999995	57.863600000000005	55.7006	56.1341	57.6622	57.0518	55.842999999999996	57.76	57.5339	55.2773	57.7054	56.9681	56.267	57.519	57.7747	55.5585	57.6654	57.206900000000005	57.2329	57.6627	57.9676	55.4879
Hte-ATic_013-Ex1-cssl.clmp.r1r2_fastp	65.281	46.79	48.0975	48.464	49.141400000000004	47.7037	47.6763	48.7198	49.5332	48.13	52.8374	52.6437	51.3896	51.458800000000004	51.1351	51.221799999999995	51.3969	50.8766	51.0711	51.181	49.4742	49.858999999999995	49.9555	50.059200000000004	50.1792	50.526	50.1695	51.2811	51.0734	50.380199999999995	51.0912	50.6537	50.1714	50.40090000000001	50.9327	50.22489999999999	49.784299999999995	50.4922	50.1219	49.925999999999995	50.8271	49.6814	50.15540000000001	51.376	50.405699999999996	49.8707	50.0013	48.9492	50.1019	50.40989999999999	49.9819	50.0023	50.7859	50.08820000000001	50.5618	50.822199999999995	50.0642	49.7996	51.217400000000005	50.15579999999999	50.709199999999996	49.8696	49.6835	50.9155	50.4927	50.0243	50.1119	50.7586	49.8613	50.2527	50.6344	50.3001	50.577099999999994	50.459900000000005	50.755300000000005	51.2502	49.768699999999995	49.9055	50.2123	50.79430000000001	50.564	49.927	49.7537	50.2508	51.4027	51.1474	49.7268	50.87199999999999	51.0702	50.03300000000001	51.06810000000001	51.370599999999996	49.8217	51.081500000000005	51.279799999999994	50.8266	50.665400000000005	51.1231	50.4675	51.8943	51.931799999999996	50.3737	51.371100000000006	51.3728	50.514	51.48779999999999	51.3962	51.2329	51.3555	50.7638	50.9549	52.018	51.3272	50.7451	51.889300000000006	51.989399999999996	51.3805	51.574	51.668899999999994	51.1937	52.5659	51.159	50.4922	52.3704	53.0473	51.5716	52.916399999999996	52.5898	52.085800000000006	52.8856	52.539899999999996	51.3234	52.751999999999995	53.512899999999995	51.7892	52.9949	53.2339	51.7329	53.319700000000005	53.1951	52.142999999999994	52.107800000000005	52.1711	53.0747	53.6374	54.1859	52.6417	53.50240000000001	55.129	52.561899999999994
Hte-ATic_014-Ex1-cssl.clmp.r1r2_fastp	68.7833	51.8626	51.6793	52.8747	54.0053	51.703500000000005	51.4692	53.70009999999999	54.182900000000004	53.757299999999994	58.825799999999994	57.9785	57.09459999999999	55.4049	56.618900000000004	56.090399999999995	55.3777	54.513999999999996	56.1429	56.5604	56.5708	54.7044	57.442400000000006	55.4887	55.6797	54.872600000000006	54.9026	55.8152	55.6663	54.825	54.9107	54.3458	55.123400000000004	55.0214	55.8555	55.349599999999995	56.1589	55.779	55.3388	55.6342	55.699200000000005	53.683400000000006	55.7404	54.9464	54.9935	55.4627	55.4729	55.5824	54.849599999999995	54.469	55.2556	56.63120000000001	55.5444	55.955	56.3176	55.442499999999995	54.337599999999995	54.5211	55.3613	55.4604	55.65409999999999	55.9156	55.7908	56.212399999999995	55.7433	54.6481	56.252199999999995	55.7308	56.0867	55.6078	55.7374	55.2937	55.994600000000005	55.631299999999996	56.509	56.464800000000004	56.490899999999996	54.957699999999996	57.3542	56.333999999999996	54.780499999999996	54.9605	56.124300000000005	56.0887	56.23590000000001	55.0287	55.2164	56.4902	55.8123	55.8927	56.330499999999994	56.3072	56.6342	56.123400000000004	56.7809	56.726699999999994	56.3057	55.7709	55.8042	56.962199999999996	56.1597	56.432	57.6314	56.8793	57.038999999999994	56.524300000000004	57.8467	56.756099999999996	56.7837	56.4868	56.62930000000001	56.9302	55.611	56.039300000000004	57.774800000000006	58.0426	56.9149	56.5141	56.6943	56.3623	57.5344	57.532300000000006	55.90389999999999	57.7218	56.363	56.818900000000006	57.37	56.9302	57.4398	57.1326	58.314	55.882	57.5256	57.0555	57.4948	58.22730000000001	56.8734	56.7585	56.6852	57.712799999999994	57.17830000000001	57.8754	59.005799999999994	57.1486	58.639300000000006	57.885200000000005	56.569599999999994	58.23700000000001	57.9551	57.1484
Hte-ATic_015-Ex1-cssl.clmp.r1r2_fastp	62.352399999999996	44.7808	45.806999999999995	47.665600000000005	48.6697	45.8414	46.4576	47.7796	47.9077	46.483999999999995	51.5737	50.2352	50.7152	49.2125	49.7817	49.8269	49.358200000000004	48.451100000000004	49.6184	49.3568	49.4863	48.9612	49.2681	49.2172	50.165099999999995	48.5539	48.7424	49.8659	49.2286	47.7991	48.856500000000004	48.9682	48.9778	48.8192	49.482	49.0514	49.402499999999996	49.6026	47.6978	49.5176	48.8049	48.6236	49.1245	49.47	48.7545	49.4059	48.3919	48.822500000000005	49.8617	49.2682	48.7521	49.7088	49.356	48.727599999999995	49.140499999999996	49.3202	49.0131	48.835	49.5764	48.9809	49.6855	48.8322	48.388	49.5319	48.9086	48.2126	49.1409	48.9641	49.2128	48.8572	48.9729	48.765	49.6066	48.446099999999994	49.2266	49.7849	49.525000000000006	48.2108	49.282900000000005	48.9944	49.0938	49.3346	48.7938	49.1626	49.4728	49.516799999999996	49.079699999999995	49.9957	49.6824	48.3872	49.1839	49.1149	49.2827	50.2943	49.485600000000005	49.356	50.3069	49.507	49.201299999999996	50.6784	50.8726	49.347	50.3042	49.2309	49.8291	50.1536	50.682	50.333600000000004	51.766999999999996	50.6499	50.3012	51.306700000000006	51.2525	50.1509	51.2231	51.681	51.1153	51.0529	50.888	50.9224	52.127500000000005	52.263999999999996	51.4741	50.958499999999994	51.1345	51.747600000000006	51.702000000000005	51.65	51.195	52.04410000000001	52.189600000000006	51.9031	51.929	52.8158	52.269	53.308699999999995	53.5111	52.26690000000001	53.300599999999996	52.993	53.32900000000001	53.4762	53.6471	52.5231	54.30779999999999	54.8972	53.2601	54.2486	53.256099999999996	53.852500000000006
Hte-ATic_017-Ex1-cssl.clmp.r1r2_fastp	61.285500000000006	42.227199999999996	45.5633	44.9497	44.8024	43.7932	42.8337	44.8797	45.2337	44.2489	48.7109	48.6259	47.9516	46.753499999999995	47.1799	46.447500000000005	46.6919	46.6954	46.395199999999996	47.5956	46.4136	46.4481	46.549099999999996	46.9086	46.3926	45.8844	45.787800000000004	46.847	46.577200000000005	45.7999	46.5864	46.5898	46.0901	45.7839	46.2819	46.5199	45.9733	46.7796	45.5017	46.806799999999996	46.2572	46.5123	46.9247	46.6893	46.4822	45.8641	45.726299999999995	46.3095	46.2841	45.9424	45.5237	45.8497	46.1567	45.571400000000004	46.3758	46.3634	46.1383	45.3536	46.4975	46.1405	46.069500000000005	45.9089	45.910000000000004	46.7368	46.468900000000005	45.558	46.582	46.2485	45.4793	45.723	46.9323	46.5476	45.9166	45.5235	46.0212	46.381	46.137	45.3443	46.7292	46.7777	46.539199999999994	45.8667	46.2754	46.4532	46.281800000000004	45.1214	46.382200000000005	47.3344	46.081	45.8211	46.3972	46.9186	46.8424	46.186	46.8335	47.8009	46.7887	45.9034	45.8451	47.190799999999996	46.823	46.7106	46.3426	47.5396	46.6431	46.970800000000004	46.8806	48.0692	46.8964	46.569500000000005	47.193400000000004	48.5683	47.8603	46.868300000000005	47.4433	48.416399999999996	47.7935	47.7035	48.4824	47.8371	49.0573	49.4186	47.430699999999995	48.473699999999994	48.4539	47.9141	49.3208	49.3891	48.937999999999995	49.1519	49.143	49.0674	48.8058	49.4703	49.6744	49.5035	50.050799999999995	49.788399999999996	50.100500000000004	50.2352	50.4852	50.3569	50.361999999999995	51.087700000000005	51.4155	51.580400000000004	51.295	50.828700000000005	49.6846	51.026
Hte-ATic_019-Ex1-cssl.clmp.r1r2_fastp	67.502	49.334	51.239599999999996	51.9568	53.46379999999999	51.241099999999996	51.661	54.3903	52.8151	52.1767	57.47839999999999	57.1149	55.72430000000001	54.3441	54.9871	55.6035	55.106	53.8859	54.5732	54.679100000000005	54.34290000000001	53.622800000000005	54.9829	53.3084	54.3184	54.240100000000005	54.513	55.016799999999996	55.071400000000004	53.648799999999994	54.867200000000004	54.506600000000006	53.8867	53.897099999999995	54.374100000000006	54.684999999999995	54.6468	54.6053	53.7743	54.14639999999999	54.7976	53.05760000000001	54.9242	54.5902	53.1671	53.6375	54.6756	54.5497	54.0438	54.2884	53.229499999999994	54.795899999999996	55.0743	53.2654	53.602799999999995	54.7063	53.9722	53.8608	54.564299999999996	54.1672	54.886199999999995	54.212199999999996	53.6486	55.1452	54.0605	52.7292	53.776599999999995	54.4616	53.7044	53.067600000000006	55.22709999999999	54.1643	54.31589999999999	53.760200000000005	53.6038	54.9042	54.49040000000001	53.5451	54.144400000000005	55.0825	54.657199999999996	54.2085	54.697700000000005	53.8759	54.657999999999994	54.2471	54.277	54.882	55.2649	53.7304	54.8119	55.3297	54.4666	53.8516	55.3909	54.3038	54.667	54.3637	54.966	54.7755	54.5606	54.860600000000005	54.684900000000006	54.4982	54.8081	55.341300000000004	54.9729	55.029700000000005	55.3558	54.919799999999995	54.8778	56.352999999999994	55.850100000000005	54.539899999999996	54.928	56.0505	54.6512	55.533	55.362	54.5324	55.710899999999995	55.661	55.208999999999996	55.5011	55.4997	54.838	56.0597	55.9642	55.099399999999996	55.416	56.48570000000001	55.554199999999994	57.2564	55.603199999999994	55.0103	56.9992	56.941900000000004	55.37069999999999	56.2395	56.6482	56.87910000000001	56.7279	56.5083	56.0369	57.504	56.9526	56.1687	56.725	57.0462	57.4639
Hte-ATic_020-Ex1-cssl.clmp.r1r2_fastp	65.8682	49.1062	49.9548	50.943000000000005	51.1624	49.6278	50.055099999999996	51.639900000000004	51.1769	50.937200000000004	54.8658	54.462900000000005	54.1362	53.0663	52.7879	53.5598	52.967200000000005	51.7327	53.4084	53.97	52.303399999999996	53.053399999999996	52.818	52.452	52.345	52.760799999999996	52.3549	53.489	52.6496	51.9193	53.311	52.754999999999995	52.1251	53.3782	52.5163	51.893699999999995	52.75919999999999	53.0949	52.4412	53.787600000000005	52.9381	51.5717	52.8968	52.4755	52.1072	52.6759	52.7702	52.2051	53.2354	51.94069999999999	52.4709	53.3915	52.9567	51.831700000000005	52.4944	52.5293	51.8309	52.815599999999996	52.919700000000006	52.290000000000006	52.8586	52.4529	51.860099999999996	52.706900000000005	52.246	51.8449	52.49979999999999	52.415299999999995	52.505900000000004	52.404799999999994	52.82	52.44220000000001	53.2238	53.4214	52.18429999999999	52.849000000000004	52.8647	52.327	53.3248	53.3474	52.615100000000005	52.88119999999999	52.62329999999999	51.680899999999994	53.2025	52.9608	52.135299999999994	53.3662	53.1985	52.3349	53.0509	53.292899999999996	52.373099999999994	52.8761	53.1293	52.532500000000006	53.4343	52.6871	52.6865	54.22	53.5491	52.4392	53.8358	53.915800000000004	53.1571	53.479600000000005	53.83520000000001	53.0693	53.6736	53.6432	53.230999999999995	54.7743	53.8125	53.1969	54.2428	55.2614	53.6456	54.025999999999996	54.378499999999995	53.38699999999999	54.647400000000005	54.285700000000006	53.6711	55.1547	55.585499999999996	54.118	55.9056	55.9577	54.05950000000001	54.9162	55.53360000000001	54.034499999999994	54.805499999999995	55.894600000000004	54.9266	55.4088	55.4777	54.5319	56.2863	55.192600000000006	55.4535	55.98030000000001	55.494699999999995	55.0226	55.6241	54.8875	54.95290000000001	56.150299999999994	56.2443	54.920100000000005
Hte-ATic_021-Ex1-cssl.clmp.r1r2_fastp	58.4163	40.4814	44.5619	43.0283	43.6516	42.1324	41.2025	42.8771	43.7558	42.2556	47.355599999999995	46.285399999999996	45.8604	45.3056	45.1337	44.5303	45.3231	44.600899999999996	45.1878	44.9839	45.7072	44.904500000000006	44.4088	43.8503	44.6913	44.197199999999995	44.0669	45.3326	44.7701	44.8942	44.6862	44.8616	44.334	44.4865	45.1264	44.3227	44.718799999999995	44.2975	44.662600000000005	45.057	45.0932	44.4706	45.5822	44.582100000000004	44.6757	44.446600000000004	44.4907	45.2155	44.7279	44.101099999999995	44.8133	44.5035	44.7462	44.6623	45.1663	44.5017	44.5739	43.6572	44.7265	44.3676	44.885999999999996	44.474999999999994	44.5734	44.1572	45.1293	43.6919	44.661899999999996	44.4641	44.966899999999995	44.4989	45.3536	44.622	44.2971	44.1332	45.175599999999996	45.0443	45.3746	44.644800000000004	44.987300000000005	44.608	44.9754	44.5159	45.2808	45.2608	44.7272	45.0602	44.384	44.3681	44.9225	44.695	45.1178	45.7024	44.8785	44.8701	45.764500000000005	44.9185	45.3043	45.9897	45.0728	45.5152	45.7922	44.9234	45.183299999999996	45.8133	45.5378	45.6195	45.6527	45.117200000000004	45.894600000000004	46.0811	45.776	46.576	46.5091	45.5766	46.571	46.3162	46.5127	46.7046	46.2179	46.176899999999996	47.1434	47.6101	46.793600000000005	46.6626	46.6021	47.140100000000004	47.4132	47.2007	47.5679	48.864000000000004	49.8884	48.0933	48.733399999999996	47.1565	47.5166	49.1446	49.704	49.3154	48.3564	49.9711	48.2046	49.8913	49.4562	49.7183	49.6815	49.6066	49.199799999999996	50.580400000000004	50.4404	50.604499999999994
Hte-ATic_022-Ex1-cssl.clmp.r1r2_fastp	65.34219999999999	48.2027	49.314	50.02569999999999	50.8123	49.4785	48.7568	50.4875	50.741499999999995	49.3487	54.1751	53.4929	53.6196	52.4026	52.0811	53.166999999999994	52.15729999999999	52.6495	52.3544	52.7091	52.4348	52.6537	51.762600000000006	51.526300000000006	52.7829	52.264500000000005	51.0289	51.7858	52.38660000000001	51.8359	52.4886	52.5041	51.674699999999994	53.0073	52.183800000000005	52.2329	52.3215	52.276900000000005	52.031099999999995	52.2244	52.791999999999994	51.959500000000006	52.4881	51.9525	51.0227	52.3254	52.66610000000001	52.203500000000005	52.483000000000004	51.896699999999996	51.804399999999994	51.9606	52.3647	52.4794	51.59160000000001	52.174600000000005	52.014700000000005	51.9706	52.7811	51.7331	52.556400000000004	52.20439999999999	52.3699	52.7187	52.7983	52.749500000000005	51.91139999999999	52.1856	51.9823	51.60510000000001	51.76690000000001	51.6883	53.7133	52.1893	51.286500000000004	52.5135	52.144	51.3507	52.617999999999995	51.99	52.074200000000005	51.7517	51.8675	52.149	52.495999999999995	52.8408	51.833	52.7173	53.4026	52.3527	52.707800000000006	52.34609999999999	52.232800000000005	53.676199999999994	53.1154	52.5613	53.156000000000006	53.8368	53.062200000000004	53.0907	53.313	53.053799999999995	52.5634	52.9741	54.252900000000004	53.544599999999996	53.4292	53.0179	53.699799999999996	54.0308	53.4354	53.971599999999995	53.9647	53.7046	54.1674	54.7869	53.7927	54.515499999999996	55.1558	53.8509	55.128	53.7806	54.0511	54.9383	54.7308	54.0412	54.722	54.6335	54.114200000000004	53.7662	54.898	54.4852	55.4392	55.0037	55.6072	55.521699999999996	55.53360000000001	55.5296	56.4936	55.7612	56.070699999999995	56.5156	55.921699999999994	55.7231	55.5411	56.9689	55.125800000000005	57.172599999999996	56.525400000000005	55.6799
Hte-ATic_023-Ex1-cssl.clmp.r1r2_fastp	65.6728	48.7064	49.4076	50.2146	50.2786	49.3125	48.7875	50.2293	50.753400000000006	49.2043	54.512499999999996	54.0087	53.5332	52.475300000000004	51.8362	52.4188	53.500400000000006	51.0466	52.4667	52.6159	51.8877	52.5031	52.8881	51.4637	52.2118	52.6072	51.4111	50.8934	52.519099999999995	51.0806	51.8412	52.2207	51.6756	52.111200000000004	52.357	52.50169999999999	52.2968	51.8373	51.1638	52.0655	51.7821	50.881699999999995	51.8339	52.0452	51.0783	51.8092	52.3895	51.1642	51.8378	52.221700000000006	51.973	52.6437	50.415699999999994	50.829299999999996	51.9771	52.1313	51.5832	51.3686	52.235200000000006	50.994099999999996	51.9829	51.153999999999996	51.2354	51.7118	52.23950000000001	51.6366	52.991200000000006	51.849999999999994	50.5239	51.2957	52.6139	51.7111	51.5077	51.406	51.1426	52.810199999999995	51.5879	51.532	52.182300000000005	52.4161	51.1498	52.2088	53.0889	51.9078	51.803999999999995	52.7718	52.329499999999996	51.6316	53.051700000000004	51.408	52.4459	52.7172	51.7936	52.4822	53.3089	51.46659999999999	53.1854	53.65299999999999	53.060300000000005	53.122800000000005	53.4338	52.4018	52.8732	53.0002	51.894600000000004	52.629599999999996	53.54750000000001	51.9391	52.668099999999995	52.202000000000005	52.3724	53.0712	52.8407	51.940799999999996	54.3188	53.593599999999995	52.7224	52.9973	53.907799999999995	52.2802	53.912800000000004	53.7118	53.0409	53.6735	54.561099999999996	52.725	55.19539999999999	53.507400000000004	53.6288	54.0075	54.473099999999995	52.4649	54.651799999999994	54.6767	53.6501	53.779999999999994	53.751099999999994	52.906	55.427499999999995	53.79429999999999	54.4574	54.6531	55.6755	54.2044	55.2748	54.5176	54.919	55.547000000000004	55.3473	54.376599999999996
Hte-ATic_024-Ex1-cssl.clmp.r1r2_fastp	64.9516	48.0582	48.3014	50.03530000000001	49.962	48.674299999999995	47.983399999999996	50.1409	49.4612	49.2438	53.6083	53.0982	52.1331	52.7157	51.583800000000004	52.2556	52.25149999999999	51.1186	52.805400000000006	52.6165	51.2663	51.9474	51.3684	50.388999999999996	50.848499999999994	51.042100000000005	50.2166	51.047799999999995	51.4554	49.6753	51.227199999999996	51.948499999999996	50.9135	52.1745	51.4765	51.252900000000004	50.8945	51.642500000000005	50.256	51.3309	51.6219	50.782000000000004	50.922999999999995	51.9804	51.41759999999999	51.95380000000001	51.46659999999999	51.256	50.97540000000001	50.9614	50.9699	51.1287	51.05539999999999	50.7636	50.932500000000005	51.346000000000004	51.5612	51.5365	51.5323	50.418	51.322500000000005	51.6557	50.85960000000001	51.4947	51.5184	50.9891	51.56849999999999	51.2881	50.7887	51.707499999999996	51.896	52.3329	51.5736	52.226099999999995	50.5182	51.773599999999995	52.0405	51.2389	51.736599999999996	51.376200000000004	50.8737	51.8037	52.2887	51.3699	51.8338	51.6143	51.0533	51.3172	51.602000000000004	51.1787	52.4127	52.074299999999994	50.9929	51.797000000000004	52.5562	51.539500000000004	53.113	52.9829	51.0734	53.1064	52.790400000000005	52.10399999999999	51.61409999999999	53.41669999999999	51.6502	52.5831	52.867200000000004	51.8435	52.05030000000001	53.6967	51.0532	53.4555	52.1714	51.9611	53.1892	52.532599999999995	51.682700000000004	53.8142	52.7469	53.294	54.74869999999999	54.0627	52.839499999999994	53.263799999999996	52.9742	52.6582	53.3128	53.845299999999995	52.6412	53.752599999999994	54.7433	54.51859999999999	54.910599999999995	54.4863	53.016799999999996	55.6781	54.301	54.0737	54.1087	55.2732	53.691	54.30120000000001	55.0617	54.7124	55.222899999999996	55.6232	54.671099999999996	55.5434	55.22319999999999	55.784800000000004
Hte-ATic_025-Ex1-cssl.clmp.r1r2_fastp	64.8401	48.8122	49.7847	50.9432	51.8042	49.0317	49.8608	51.2146	50.83839999999999	48.478500000000004	54.3756	54.3445	53.6914	52.1007	52.5038	52.9414	53.858700000000006	52.00280000000001	53.0222	53.316900000000004	52.22130000000001	51.3528	52.2389	51.8924	53.074200000000005	52.7504	52.011399999999995	53.1196	52.69239999999999	51.572399999999995	53.3465	52.9488	52.1802	52.149	52.9532	52.3088	52.5386	51.4266	51.9348	52.3155	53.2084	50.59590000000001	52.7838	53.1354	53.135299999999994	51.3474	52.9983	52.0933	52.2603	52.1184	51.786500000000004	52.1799	53.2851	51.3867	52.709399999999995	52.6673	52.376	50.8737	52.639100000000006	51.617000000000004	52.5357	52.1508	52.214400000000005	52.134899999999995	53.205999999999996	51.7077	52.321600000000004	53.494699999999995	52.898999999999994	51.7646	52.9002	52.2384	52.5423	52.2922	52.2686	52.5365	53.1362	52.0217	52.9262	53.8814	52.564299999999996	52.4443	53.3407	53.375499999999995	53.5045	53.245	53.2946	53.490899999999996	54.2034	52.017199999999995	52.712	53.841499999999996	52.7729	53.3618	54.519099999999995	53.21789999999999	54.0959	53.5289	53.203199999999995	53.5866	54.1876	53.917300000000004	53.70589999999999	54.803999999999995	53.239599999999996	52.7878	54.5108	54.085899999999995	54.4084	55.232400000000005	54.3064	54.745900000000006	55.260200000000005	53.9427	54.64869999999999	55.54090000000001	54.9331	54.727599999999995	55.578399999999995	54.7956	55.141799999999996	56.5713	54.6183	55.62859999999999	55.976400000000005	54.3894	55.3008	56.3736	55.1784	55.724700000000006	56.281499999999994	55.692299999999996	55.542199999999994	56.8315	56.055600000000005	55.510099999999994	57.02739999999999	55.6195	57.3721	57.127700000000004	56.064	57.857499999999995	57.5519	56.0886	57.564099999999996	58.034200000000006	57.066399999999994	57.9353	57.569	56.474199999999996
Hte-ATic_026-Ex1-cssl.clmp.r1r2_fastp	61.77550000000001	40.868700000000004	44.0303	42.426700000000004	43.8307	42.8476	41.6092	42.9975	43.442	41.842600000000004	48.025	47.3033	45.8628	45.0805	45.5037	45.7273	45.2422	44.8361	45.1049	45.4127	45.6156	44.4762	44.8436	44.8003	44.8852	44.9622	44.692	44.337199999999996	44.961	44.5504	45.3489	44.4575	44.449	43.938300000000005	45.1652	44.9533	44.3546	44.272099999999995	44.385999999999996	44.6204	45.0155	43.9645	44.230599999999995	44.3559	44.336999999999996	44.4788	44.237300000000005	44.0654	44.305299999999995	44.7224	45.0264	44.0435	44.6017	44.3004	44.661899999999996	44.7171	44.4388	43.9708	44.4236	44.5996	45.0531	44.3833	44.2458	44.647	44.4262	44.8892	44.3621	44.4339	44.2087	44.3898	44.941199999999995	44.3198	44.0962	44.2988	44.5354	44.5431	44.2043	43.686	44.466	44.433099999999996	44.745200000000004	44.1039	44.249	44.1264	44.391999999999996	44.676700000000004	44.0901	44.1785	44.314	44.3652	44.8105	44.117200000000004	44.0794	44.217099999999995	44.4572	44.791199999999996	44.0907	44.1839	44.4309	44.7536	44.7384	44.203900000000004	43.8649	44.317099999999996	44.589	44.628299999999996	44.2019	44.2188	44.3619	44.6147	44.824999999999996	44.3986	44.2353	44.269999999999996	44.4432	44.9796	44.2329	44.0929	44.223800000000004	44.785599999999995	45.0633	44.3412	44.1879	44.6939	44.6256	45.1821	44.277100000000004	43.998	44.9444	44.7754	45.3583	44.4859	44.0709	44.954100000000004	44.938	45.2631	44.860699999999994	44.852799999999995	44.8497	44.878800000000005	45.6823	44.898700000000005	44.918	44.7878	45.3735	45.5182	44.7718	44.8662	44.982299999999995	44.9327
Hte-ATic_027-Ex1-cssl.clmp.r1r2_fastp	60.349799999999995	41.5363	43.4101	43.3429	44.4114	42.7784	41.6494	43.6473	44.5767	42.1014	48.114200000000004	47.1917	46.7107	45.0046	45.5633	45.8657	46.324799999999996	45.2468	45.6449	45.252900000000004	46.038000000000004	44.221700000000006	45.056400000000004	44.8465	45.6123	45.0509	44.3699	44.5957	45.4949	44.4429	45.322	45.5643	45.5156	44.15	45.1999	44.5054	44.8585	44.069199999999995	44.6135	44.061499999999995	45.0814	44.476	44.8558	44.8155	45.138600000000004	44.3476	44.772	43.7558	44.601400000000005	45.1623	44.9379	43.6762	44.7265	44.4366	44.797	45.2506	44.3074	44.6412	44.744099999999996	45.0527	45.0038	44.5361	44.6067	44.478899999999996	45.274300000000004	44.0465	45.0034	44.899	45.5129	44.2531	45.1519	44.4836	45.068000000000005	45.2485	44.6402	45.2099	45.039	44.2692	44.6827	45.3981	45.1212	43.971	45.1258	44.9027	44.9017	44.9737	44.356	45.285399999999996	45.523799999999994	43.8668	45.483200000000004	45.4322	44.7577	43.9961	44.7827	44.7586	44.7896	44.1564	44.671499999999995	45.4149	44.0762	44.015100000000004	45.3541	45.0739	45.5684	45.095200000000006	44.8176	45.4353	44.3039	44.8247	44.2807	44.5754	44.3959	44.8069	45.6582	46.5676	44.3761	44.1004	45.8871	44.5261	44.874900000000004	44.610699999999994	44.2228	45.675900000000006	45.895399999999995	44.8738	44.8204	45.9341	45.813700000000004	45.0629	45.514700000000005	45.5401	44.2659	46.8162	45.6441	46.3621	45.1614	45.2748	45.0466	46.5344	45.7713	46.1534	45.471000000000004	47.04	46.2146	47.294399999999996	45.4424	46.4794	47.1082	44.2615
Hte-ATic_029-Ex1-cssl.clmp.r1r2_fastp	66.9836	51.2274	50.986399999999996	53.2096	52.844899999999996	51.927	52.919700000000006	54.4301	53.30780000000001	52.20740000000001	56.746399999999994	56.561499999999995	56.5438	54.266400000000004	54.513999999999996	55.3988	56.0542	53.8319	55.5011	56.3692	54.0372	54.064299999999996	55.16140000000001	54.4484	54.508199999999995	53.7244	54.0439	55.894	54.4138	52.775000000000006	54.7909	55.2289	54.018	53.9821	55.211	54.4095	54.7099	53.9261	54.1417	55.1242	54.1673	53.4791	54.222	55.305899999999994	54.0698	54.9781	54.778800000000004	54.41049999999999	54.4411	54.0073	53.6337	55.1983	54.12709999999999	53.47110000000001	54.5751	55.5822	53.4656	53.94520000000001	53.742999999999995	54.2235	54.061800000000005	54.4253	53.8292	55.0114	54.37800000000001	53.7931	54.856899999999996	55.2826	54.057599999999994	53.735699999999994	54.581500000000005	54.608900000000006	54.3624	53.8421	54.0709	55.4775	54.4791	53.3234	54.6045	54.819399999999995	53.7925	53.5847	54.551	53.998999999999995	54.614399999999996	54.6809	54.31550000000001	55.576899999999995	54.6821	53.607099999999996	54.6207	55.620999999999995	54.065	54.3948	54.7025	54.65	55.0606	54.230500000000006	53.8359	56.1059	55.016799999999996	54.0145	55.3762	56.0222	54.2049	55.259899999999995	56.0597	55.408199999999994	55.2211	56.2025	54.5977	56.20230000000001	55.75560000000001	54.1783	55.954499999999996	56.6488	55.2318	55.6227	55.5427	55.831399999999995	56.5085	55.3101	55.5434	56.842999999999996	56.600300000000004	55.2304	56.4144	57.2446	55.1348	56.105000000000004	56.4045	56.6362	56.9415	56.7566	56.727199999999996	57.694100000000006	57.2241	56.782900000000005	57.7677	57.620099999999994	57.091800000000006	56.852000000000004	58.3371	56.9065	58.568200000000004	57.599999999999994	56.816900000000004	58.571600000000004	57.816599999999994	57.4672
Hte-ATic_030-Ex1-cssl.clmp.r1r2_fastp	61.487	44.0758	45.241	45.7538	46.354600000000005	45.321600000000004	45.2113	46.624300000000005	46.3835	45.312400000000004	50.2475	49.6528	48.9474	48.4202	48.013	48.1641	48.3358	47.5796	48.4028	48.094300000000004	47.8118	47.9254	47.8945	47.1611	47.877199999999995	47.6359	47.4057	47.625099999999996	47.9318	47.3761	47.891600000000004	47.7971	47.764	47.538000000000004	47.885600000000004	47.3487	47.8643	47.740899999999996	47.400999999999996	47.775800000000004	48.0287	47.6321	47.9093	47.5509	47.313100000000006	47.7226	47.9064	47.265	48.029500000000006	47.772	47.1363	47.6352	47.804	47.0377	47.7626	47.8651	47.5826	47.8074	48.1059	47.3412	48.0593	47.7005	47.2226	47.7912	47.6412	47.1507	47.592600000000004	47.8251	47.431400000000004	47.5382	47.6213	46.9675	48.0072	47.7149	47.351	47.7017	47.810900000000004	47.4796	47.9722	47.7775	47.779500000000006	48.018100000000004	47.9317	47.4448	48.1827	47.918	47.8387	48.065400000000004	48.2712	47.328199999999995	48.2464	48.1317	47.9183	47.9773	48.1839	47.6962	48.69	48.4141	47.8814	48.6571	48.4649	48.1448	48.7095	48.4885	48.460300000000004	48.8334	49.4496	48.6769	49.0147	49.075	48.4325	48.997600000000006	49.2983	48.4047	49.1452	49.375099999999996	48.7647	49.073899999999995	49.4923	48.680299999999995	49.4039	49.540099999999995	49.235600000000005	49.9666	49.6282	49.496	50.154399999999995	49.9694	49.4799	49.765	50.3967	49.5897	50.370099999999994	50.2287	49.8289	50.2518	50.7471	50.0054	50.8143	50.584799999999994	50.1917	50.755799999999994	50.983999999999995	50.572399999999995	51.1798	51.0745	50.3637	51.2507	51.5934	51.23180000000001
Hte-ATic_031-Ex1-cssl.clmp.r1r2_fastp	64.3167	45.3611	47.288000000000004	47.0682	48.6626	47.6648	46.0379	49.6377	48.603699999999996	45.844	52.1466	52.2465	50.9353	50.3059	49.9959	50.7185	50.661699999999996	49.3948	50.1784	50.266299999999994	49.2535	50.279399999999995	50.0254	49.5243	49.8121	49.4071	48.5593	50.0317	49.283300000000004	48.865700000000004	49.886	50.309400000000004	49.5613	50.354	49.9572	49.6369	50.047399999999996	49.5551	48.9651	49.0845	50.6401	48.0832	50.7651	49.7089	49.8858	48.7926	49.6925	49.0189	50.5658	48.8478	49.0847	49.9115	49.934	49.4441	50.2845	49.4135	49.6791	49.2125	50.348000000000006	48.8144	51.2175	48.838100000000004	49.675599999999996	49.736599999999996	49.9634	48.6932	49.038	49.341499999999996	49.3793	48.8202	50.2613	49.4598	50.193799999999996	48.5098	49.1986	49.1271	49.7952	48.4324	49.645	48.6498	49.9675	49.3229	49.763600000000004	48.8771	50.302899999999994	48.8738	48.8599	49.085499999999996	50.109899999999996	48.8386	49.674	49.3594	49.2127	49.4677	49.9882	47.598400000000005	49.8634	49.9674	49.403000000000006	49.737500000000004	49.5867	49.4768	49.661300000000004	50.185100000000006	49.1314	48.841	49.686099999999996	48.5106	49.8749	49.577	48.9021	49.2579	50.6167	49.1387	49.3055	49.911899999999996	49.7073	49.9728	50.110299999999995	50.1726	49.8705	49.5695	48.747	49.435	50.1144	49.6982	49.7064	50.35190000000001	49.1411	50.2022	50.3253	49.7719	49.7309	49.7373	49.9324	49.518299999999996	51.2842	49.8565	50.997099999999996	48.5623	48.9349	49.9078	50.5514	48.702600000000004	49.753	49.2097	49.4005	49.8542	50.5247	48.504000000000005
Hte-ATic_032-Ex1-cssl.clmp.r1r2_fastp	63.700900000000004	46.965	48.734899999999996	48.417100000000005	50.270199999999996	47.6366	47.6066	50.6896	49.857099999999996	48.4134	53.5312	53.3955	52.4309	52.00320000000001	50.7782	51.682700000000004	52.379200000000004	51.080000000000005	51.00320000000001	52.0578	51.8614	50.904700000000005	51.547399999999996	51.7825	51.2787	50.7312	49.6575	50.94649999999999	51.3896	49.058800000000005	50.7378	51.821799999999996	50.566900000000004	50.3285	52.053799999999995	51.0413	51.27159999999999	50.3468	50.2219	51.194300000000005	51.0023	50.0658	50.800999999999995	51.565099999999994	49.755	50.808	50.83410000000001	51.2957	51.05	51.302099999999996	49.566700000000004	51.7177	51.0254	49.7126	50.2095	51.2212	50.4065	51.305299999999995	51.155899999999995	51.0988	51.162600000000005	51.279799999999994	49.9547	51.418299999999995	50.4385	49.7801	50.5505	51.1781	50.6913	50.1683	50.9699	50.5131	51.081900000000005	50.681200000000004	50.246599999999994	51.6844	51.7269	50.2703	51.0506	51.14959999999999	49.9641	49.9247	50.6254	51.8837	51.526	50.6865	51.1383	52.061	52.059200000000004	50.2489	52.078100000000006	51.775800000000004	50.6815	51.2505	51.596	51.4208	51.82600000000001	51.118300000000005	51.590599999999995	51.944500000000005	51.516099999999994	50.9684	51.6304	52.7934	51.71790000000001	51.738099999999996	52.241400000000006	52.6567	52.3945	52.4224	51.8883	52.44220000000001	52.661199999999994	51.2212	52.5002	52.2619	51.774699999999996	51.974399999999996	52.40240000000001	52.6298	52.9631	53.8285	52.412800000000004	53.1888	53.208999999999996	52.7725	53.8441	53.8282	53.5497	53.718500000000006	54.142199999999995	53.2153	54.1501	54.634899999999995	53.203	54.7278	54.7428	54.089200000000005	54.2753	54.543	53.925599999999996	54.9238	54.171	53.66180000000001	54.796299999999995	55.477399999999996	55.1941	55.0906	55.172900000000006	54.5133
Hte-ATic_033-Ex1-cssl.clmp.r1r2_fastp	66.22630000000001	50.9895	50.2136	51.992799999999995	54.1062	51.7055	51.3243	53.3619	53.0208	52.33370000000001	57.133500000000005	55.096999999999994	56.001	54.5764	53.9838	54.463899999999995	56.0405	53.768899999999995	55.170300000000005	54.724	55.2412	53.26070000000001	55.1605	52.745	54.496599999999994	54.610499999999995	53.9247	54.2096	55.307700000000004	53.3085	54.4601	54.89659999999999	54.083000000000006	53.5723	54.4791	53.3208	54.6827	54.9459	53.235699999999994	54.1828	54.8762	53.162	53.5536	54.995000000000005	54.110400000000006	54.657	54.667699999999996	53.3335	54.828900000000004	54.789	53.3896	53.7745	55.176899999999996	53.1926	53.758399999999995	54.9095	54.0123	54.0146	54.4203	52.8228	53.8913	54.8801	53.714600000000004	53.7341	54.9743	53.691500000000005	53.9254	54.853300000000004	53.7594	53.7629	54.4016	53.42170000000001	53.839099999999995	55.1665	53.507400000000004	54.9997	54.7501	53.7888	53.8648	55.2225	54.5987	54.1486	55.210899999999995	53.757999999999996	54.8345	55.3891	54.203100000000006	54.203199999999995	55.2442	54.365300000000005	55.2936	56.049400000000006	54.6629	54.1197	56.0311	54.3481	55.8158	55.267500000000005	54.937400000000004	55.4238	56.403099999999995	53.634800000000006	55.7187	55.75170000000001	54.97109999999999	54.901900000000005	56.14019999999999	54.818900000000006	55.2153	56.2543	54.5898	55.545199999999994	57.0007	55.5195	55.6199	56.0111	54.5934	56.4576	57.4495	56.2369	56.988099999999996	57.203199999999995	55.8743	56.7033	57.576499999999996	55.206500000000005	56.367900000000006	57.050599999999996	55.3965	55.69840000000001	57.2132	55.84519999999999	56.1732	57.4099	55.8917	57.0165	57.7851	55.6621	57.165299999999995	58.3155	56.4142	56.1742	58.209	56.5145	57.1933	58.3836	56.96210000000001	57.4109	58.67099999999999	57.511100000000006
Hte-ATic_034-Ex1-cssl.clmp.r1r2_fastp	63.768299999999996	47.4525	48.7045	50.0744	50.296	47.3279	48.43	50.91290000000001	49.6523	48.6224	52.7265	53.40089999999999	52.242	51.0857	51.7548	52.303399999999996	51.543099999999995	51.346199999999996	50.9908	52.76349999999999	51.435900000000004	50.711	51.0899	52.2254	51.253499999999995	50.4409	50.796600000000005	52.5294	51.50019999999999	49.406299999999995	51.3627	52.3326	50.7061	51.0892	51.2533	52.2974	51.6853	51.6101	51.09780000000001	51.6594	50.641400000000004	50.2347	50.925	51.8158	51.444500000000005	51.301399999999994	50.9218	52.5193	51.8508	51.8964	51.4064	51.143899999999995	50.5216	50.414899999999996	51.342200000000005	51.54220000000001	51.4629	50.2155	51.341800000000006	51.5864	50.426899999999996	51.101200000000006	50.1839	52.42099999999999	51.8412	49.448100000000004	50.8713	51.46039999999999	50.3502	50.4396	51.3463	51.771100000000004	50.5861	50.897000000000006	50.382400000000004	52.830299999999994	52.377399999999994	50.342299999999994	51.0025	52.147299999999994	51.5414	49.9946	51.5616	52.1717	51.916	51.5927	50.925200000000004	52.7521	52.6083	50.0706	50.7795	52.8152	51.242200000000004	51.1172	52.07770000000001	52.2058	51.605500000000006	51.1519	51.8856	52.609899999999996	51.638600000000004	51.0692	50.5419	53.291599999999995	51.556900000000006	50.730399999999996	52.6221	53.400499999999994	52.3107	52.9496	51.5217	53.0278	52.9943	52.0597	51.3215	53.005	52.2713	51.8853	52.56269999999999	51.8669	52.4251	52.6456	52.056000000000004	53.801500000000004	52.900000000000006	52.6759	53.625	54.274699999999996	51.8401	53.2821	52.928799999999995	53.30200000000001	53.7757	53.5788	52.075700000000005	53.474900000000005	54.67100000000001	53.0692	54.346399999999996	54.542500000000004	54.015800000000006	54.2495	53.903	54.514300000000006	54.2466	54.648300000000006	52.84759999999999	55.1688	55.8566	54.156400000000005
Hte-ATic_035-Ex1-cssl.clmp.r1r2_fastp	59.0982	41.5574	45.1229	45.0754	45.2701	42.0008	42.5745	44.7055	45.5735	41.956900000000005	48.005900000000004	47.8862	47.5435	44.9441	46.2076	46.3347	47.3354	43.8997	45.9995	47.334700000000005	46.2637	43.9824	46.2287	46.4292	46.4026	45.010099999999994	44.583099999999995	46.0356	46.1565	43.9261	45.6048	46.1017	45.887499999999996	44.351400000000005	45.5532	45.4025	46.4145	43.9488	45.476499999999994	45.4826	46.2176	43.5011	45.584599999999995	45.4591	44.7656	44.202999999999996	45.5781	45.050000000000004	45.524100000000004	43.8368	44.981500000000004	45.2006	45.1318	43.4624	44.8912	45.8505	45.1185	43.9394	45.4652	45.5207	45.2221	43.7441	45.011	45.8828	44.806000000000004	43.3689	44.981700000000004	44.9362	45.6322	43.5358	44.939499999999995	44.8911	45.799800000000005	43.855199999999996	44.177699999999994	45.9836	44.699	43.833	45.378600000000006	45.2771	45.074	44.4305	44.8218	45.134600000000006	45.500099999999996	44.259	45.346	45.2613	45.8204	43.939699999999995	44.757000000000005	45.604299999999995	44.6068	44.1316	45.2944	44.8641	45.3459	43.9487	44.5179	45.844699999999996	45.873000000000005	44.231500000000004	45.089800000000004	44.7263	45.346399999999996	44.2464	45.0706	43.989200000000004	46.4508	44.6407	45.053599999999996	45.778	46.1899	44.3973	44.737	45.2019	46.5158	44.5531	45.5021	44.9174	46.9191	45.9333	45.3222	45.942499999999995	46.428399999999996	44.749	45.9184	45.914500000000004	46.7455	45.4649	46.8946	46.4225	47.075	46.6409	45.9859	47.7969	48.268499999999996	46.3831	46.970299999999995	46.9336	47.4869	46.7479	46.4787	46.8183	48.8008	46.3639	46.6559	48.0985	47.1207	46.9202
Hte-ATic_036-Ex1-cssl.clmp.r1r2_fastp	62.81060000000001	45.9974	47.9194	47.3412	48.3742	47.1916	46.8768	47.923500000000004	48.1199	47.119299999999996	51.493100000000005	52.00320000000001	49.985600000000005	49.568400000000004	49.2936	50.00320000000001	49.8504	49.7939	49.7128	50.0839	49.336	50.098699999999994	49.8446	49.1749	49.554700000000004	49.6436	49.3077	49.7767	49.723	49.5747	49.3584	49.5987	49.438500000000005	50.1152	49.8606	49.1519	50.1618	50.0014	49.2886	49.5289	49.5592	49.0344	49.3303	49.4778	48.8875	49.2669	49.8067	49.898199999999996	49.8799	49.9166	49.3195	50.236000000000004	50.1163	49.2718	49.3855	50.326899999999995	49.858999999999995	49.6755	50.151900000000005	48.9728	50.397000000000006	50.1745	49.6589	49.783899999999996	49.7249	49.195499999999996	49.5166	50.402100000000004	49.5928	50.1565	49.6927	49.715199999999996	49.9848	50.0221	49.4154	50.4166	49.9347	50.029	49.4274	50.25619999999999	49.808099999999996	49.8061	49.4474	50.110600000000005	49.9459	49.8127	48.7839	50.1248	50.4907	49.9262	49.8721	50.336499999999994	50.0827	50.38629999999999	49.8257	50.240399999999994	50.147600000000004	49.884699999999995	49.4782	50.513200000000005	50.4694	50.368100000000005	50.1283	50.352399999999996	49.7606	50.8251	50.1157	50.4342	51.04070000000001	50.9012	50.731899999999996	51.920500000000004	51.66420000000001	51.1027	51.38740000000001	51.9617	51.3661	50.71059999999999	51.635	50.702999999999996	51.696200000000005	52.867399999999996	51.121	51.7173	52.2975	52.0633	52.0319	51.6363	51.8541	52.8867	52.7413	52.4213	53.2856	53.4823	51.9077	53.185300000000005	54.2485	51.896100000000004	53.0177	53.7219	53.397099999999995	53.608	52.642900000000004	52.50359999999999	55.0877	54.210899999999995	53.2173	54.203199999999995	55.385799999999996	54.337199999999996
Hte-ATic_037-Ex1-cssl.clmp.r1r2_fastp	64.8813	47.1162	48.571	49.2878	49.924	48.5498	48.7738	50.5737	49.8139	49.186099999999996	53.424099999999996	53.283100000000005	52.7412	51.341499999999996	51.085899999999995	51.9159	51.9103	50.7216	51.4947	52.3273	51.2787	50.3996	51.5282	51.7111	52.451899999999995	50.5912	51.0265	52.1663	51.121300000000005	50.036899999999996	50.72839999999999	50.961999999999996	50.8852	51.9147	51.6598	50.9486	51.1498	51.1008	50.5835	52.11559999999999	50.789899999999996	50.527100000000004	51.56190000000001	51.408500000000004	51.1043	51.2173	50.861999999999995	51.255700000000004	51.497099999999996	51.0873	50.403299999999994	51.3285	51.0633	50.2509	50.523300000000006	52.194700000000005	50.993900000000004	50.749599999999994	51.16030000000001	50.8584	51.8862	50.9367	51.0045	51.2027	51.11409999999999	50.1528	51.3274	51.78509999999999	50.9691	50.5652	51.2938	50.3718	51.632999999999996	49.758	50.5645	51.9342	52.5583	50.0283	51.730900000000005	52.24529999999999	51.302400000000006	50.9084	51.2382	51.479299999999995	50.940799999999996	51.214499999999994	50.3165	51.7657	51.8162	51.101200000000006	51.661	52.0394	51.4545	51.0693	51.4747	51.6384	52.1091	51.618399999999994	50.86730000000001	52.1378	52.9536	51.3809	51.4818	51.5323	52.7737	51.8281	52.372	52.7071	52.292899999999996	52.5076	51.57580000000001	52.1346	51.6304	51.8451	53.190099999999994	52.487300000000005	53.6115	52.2777	52.67659999999999	52.9347	53.3776	52.8493	52.405199999999994	53.264100000000006	53.5208	52.09160000000001	52.6038	53.341899999999995	52.912099999999995	54.1375	54.21	54.0294	54.3619	54.046400000000006	52.9579	53.807	53.557900000000004	53.9613	53.8973	54.154500000000006	54.4739	54.8191	54.389900000000004	54.637899999999995	54.248200000000004	55.8697	53.7015	56.0975	54.771899999999995	53.762
Hte-ATic_038-Ex1-cssl.clmp.r1r2_fastp	58.8832	42.2383	44.607200000000006	43.7969	44.5094	42.5392	42.7014	43.8763	44.7204	43.278800000000004	47.6317	47.9416	46.639199999999995	46.320899999999995	45.421800000000005	45.242399999999996	45.6145	46.2663	45.6924	46.1205	46.1544	45.408500000000004	45.6126	45.3546	45.590399999999995	45.745200000000004	45.0687	45.7559	46.1268	45.0249	45.730900000000005	45.294000000000004	44.5717	44.9356	44.741	45.2057	45.9302	45.5059	45.5981	45.511	46.1824	44.540800000000004	45.6714	45.7065	45.7159	45.9125	45.5696	44.8574	45.3226	45.5698	45.5407	45.125	45.6751	45.2693	45.724900000000005	45.5075	45.1303	45.8039	46.4193	45.027899999999995	46.1976	45.286	45.373200000000004	45.425900000000006	45.1372	45.0989	45.8497	44.8431	45.3764	45.3741	44.8037	45.1113	45.4249	46.0042	45.7314	45.5586	45.7143	44.927499999999995	45.0445	45.629599999999996	45.2538	45.1317	45.1361	45.0268	45.2083	45.4296	45.776	45.1672	46.1877	43.955	45.5317	46.021699999999996	44.9577	45.6903	45.9296	45.259899999999995	45.5844	46.0821	46.2151	45.730599999999995	45.9737	45.3149	46.7911	45.6892	46.6525	45.5387	46.7363	46.0888	46.846	46.3657	47.0869	46.2314	47.3475	46.7703	45.923	46.7359	47.2251	46.502700000000004	46.8898	45.800000000000004	47.9117	46.469300000000004	46.7576	46.6674	47.8097	47.1455	48.320299999999996	48.6968	48.072199999999995	48.71	48.0149	46.0111	47.323	47.9908	48.0325	49.0337	49.5207	47.801300000000005	48.5938	47.9135	50.3944	49.6306	50.1839	48.9917	50.9131	50.1764	49.9857	49.5626	50.2204	50.4776
Hte-ATic_039-Ex1-cssl.clmp.r1r2_fastp	70.3388	54.7254	53.99929999999999	56.144499999999994	57.265100000000004	54.8454	55.7357	57.3666	56.928	56.532199999999996	61.67550000000001	59.4932	60.449799999999996	59.28639999999999	58.225300000000004	58.583	59.6374	56.755599999999994	59.249300000000005	58.416500000000006	57.2249	59.23349999999999	59.334399999999995	57.125899999999994	59.141	57.687999999999995	57.2515	57.8532	59.2106	57.362199999999994	58.7433	58.610099999999996	57.5066	58.2021	58.69799999999999	57.4084	58.788799999999995	58.2975	57.422	58.5692	58.6209	56.216699999999996	58.5487	58.221199999999996	57.8711	58.768299999999996	59.243100000000005	56.8095	59.5104	58.324600000000004	58.3788	59.055	59.1013	57.091300000000004	58.2631	58.4546	57.786	58.328	58.0838	57.735499999999995	59.2977	58.4356	57.4091	58.873799999999996	59.33389999999999	57.5511	58.6617	58.614999999999995	58.068299999999994	58.296499999999995	59.050999999999995	58.5021	59.3654	58.86409999999999	58.2783	58.9364	59.361399999999996	57.5099	58.644200000000005	59.131699999999995	58.2646	58.8346	58.775	57.7034	58.8252	58.5253	57.980399999999996	59.19799999999999	59.2445	57.5989	58.366099999999996	58.7069	57.8701	58.7951	59.1755	58.1477	59.0752	59.3745	58.153299999999994	59.1936	59.35850000000001	57.74209999999999	59.672599999999996	59.7047	59.179899999999996	59.133199999999995	59.927	57.9022	59.37050000000001	59.39640000000001	58.3461	59.1104	59.4634	58.534	59.4722	59.163	58.8649	59.436699999999995	59.833000000000006	59.343900000000005	59.89640000000001	59.857499999999995	58.904900000000005	59.266600000000004	60.3155	58.5283	59.2615	59.3937	58.9816	59.1777	59.5263	58.1972	60.0213	59.6345	58.973299999999995	59.541	59.6978	58.7344	60.0042	59.738	59.2913	60.335899999999995	60.1988	58.6742	59.6804	59.7363	58.6388	59.9774	60.793699999999994	59.826
Hte-ATic_041-Ex1-cssl.clmp.r1r2_fastp	54.6001	36.115700000000004	42.3683	40.5718	40.498400000000004	38.880900000000004	38.8234	39.7238	40.0038	39.4084	43.0094	43.5565	42.0954	41.591699999999996	42.059000000000005	42.0688	41.7521	41.5298	42.018499999999996	42.4124	42.1426	41.4373	41.6281	42.629400000000004	41.6273	41.3441	41.7794	42.5694	41.4399	41.7799	41.824	42.3534	41.7104	41.2216	41.6957	42.009600000000006	41.47	41.3374	41.8043	42.1763	41.6244	41.612300000000005	41.7688	42.166199999999996	41.2865	41.4979	41.3696	42.3518	41.4897	41.4059	41.4991	42.1057	41.1094	41.391099999999994	41.483399999999996	42.274699999999996	41.618300000000005	41.1139	41.6937	41.8961	41.3204	41.3014	41.3589	41.6896	41.0336	40.9872	41.1582	41.8121	41.1173	40.9417	41.3482	41.9194	41.165800000000004	41.2256	41.354800000000004	41.8423	40.995799999999996	40.7768	41.5777	41.6207	41.091899999999995	40.8369	40.999	41.4811	40.806599999999996	40.8034	41.0596	41.5542	40.7099	40.6929	40.9341	41.3572	41.0375	40.478500000000004	40.9215	41.0492	40.5538	40.8348	41.0816	41.2902	40.7181	40.5989	40.8847	40.6745	40.6545	40.733599999999996	40.6678	41.0204	40.740500000000004	40.4653	40.9371	40.7072	40.382600000000004	40.2762	40.5759	40.6657	40.409299999999995	40.2865	40.8781	40.5047	40.4173	40.1107	40.9104	40.5327	40.2769	40.1004	40.919200000000004	40.3032	40.3472	40.4096	41.016200000000005	40.460499999999996	40.617999999999995	40.8187	41.0756	40.462399999999995	40.4342	40.3913	40.978300000000004	40.6547	40.3401	40.8459	40.889399999999995	40.5473	40.9551	40.797	40.616600000000005	41.3414	40.4786	39.7029
Hte-ATic_044-Ex1-cssl.clmp.r1r2_fastp	64.6685	46.792	47.1363	48.6725	49.390699999999995	47.5417	47.669200000000004	50.0931	49.1789	48.6804	53.5693	52.410900000000005	51.5269	51.1973	50.834999999999994	50.9415	51.2389	50.240300000000005	51.3694	51.306799999999996	50.289300000000004	51.3511	50.51330000000001	49.8628	50.8406	50.1052	50.2435	50.8223	50.2139	49.5371	50.6072	50.8359	50.0857	50.8411	50.7152	49.9918	50.557700000000004	50.4376	49.9596	50.7829	50.354600000000005	50.1042	50.8483	50.807	50.501	50.5297	50.4895	50.48160000000001	50.6046	51.2316	50.1185	50.952	51.000299999999996	49.8332	51.1239	50.8591	50.1163	50.6743	50.011799999999994	50.578599999999994	50.219100000000005	50.1926	49.7427	51.087199999999996	50.936400000000006	50.4192	50.8328	51.261	50.1147	50.705299999999994	50.131800000000005	50.158199999999994	51.137600000000006	50.5977	49.2809	50.302800000000005	50.998	50.097	50.512100000000004	50.627900000000004	50.391200000000005	50.8829	50.224999999999994	50.889300000000006	51.078100000000006	51.0042	50.2915	51.3189	51.502	50.779799999999994	51.1303	51.257600000000004	50.051199999999994	51.4401	50.8122	50.4544	51.78939999999999	51.818799999999996	51.305299999999995	51.275000000000006	51.904700000000005	50.9472	51.88890000000001	51.863499999999995	51.7238	52.2389	52.458099999999995	51.749500000000005	52.8387	52.4726	52.41329999999999	52.5899	52.558800000000005	51.485800000000005	51.8397	52.7423	52.7154	52.8436	53.5091	52.2169	53.4229	54.0635	52.39040000000001	52.559400000000004	53.0303	52.882799999999996	52.982099999999996	53.2521	52.67230000000001	53.7225	53.075	53.06269999999999	53.77380000000001	53.8277	53.83090000000001	54.4129	54.6033	53.1327	53.8586	55.029700000000005	53.452299999999994	54.759100000000004	55.7304	54.1212	55.021	54.815999999999995	53.72169999999999	54.2091	55.218900000000005	54.6712
Hte-ATic_045-Ex1-cssl.clmp.r1r2_fastp	67.94200000000001	52.993100000000005	52.04220000000001	52.8387	54.1102	52.415299999999995	53.1643	54.1767	53.559599999999996	52.0536	57.0362	56.544200000000004	56.4201	55.725899999999996	54.919	55.1118	56.507	55.056799999999996	55.944799999999994	55.8345	54.7201	55.28229999999999	56.2331	54.48610000000001	55.37	55.3243	54.262	54.36149999999999	55.730199999999996	54.445	55.361000000000004	55.265699999999995	54.3767	54.795899999999996	56.1759	54.2983	54.557500000000005	54.894200000000005	53.993100000000005	54.2407	55.406800000000004	54.260299999999994	55.1663	54.981500000000004	54.6985	55.23400000000001	55.2002	54.3384	54.8574	55.0975	54.291	54.7516	55.649	53.832	54.4477	56.3042	54.61240000000001	55.30969999999999	55.6095	54.6462	55.964400000000005	54.760600000000004	54.5468	54.7789	55.1014	54.4915	54.9979	55.3524	54.760600000000004	54.9777	56.230000000000004	54.401900000000005	54.8292	56.1505	55.2527	54.385799999999996	55.196999999999996	54.4723	54.806999999999995	55.396	54.919700000000006	55.3346	55.40389999999999	54.4358	55.330400000000004	55.2025	55.0828	54.84	55.8528	54.9929	55.725899999999996	55.7307	54.58	55.723299999999995	55.9964	55.2827	55.305899999999994	55.682500000000005	55.0728	55.3064	55.7437	55.081199999999995	55.353300000000004	56.353500000000004	55.323699999999995	56.2424	56.2515	55.4512	55.5642	55.8601	55.574999999999996	56.106500000000004	56.2903	55.684400000000004	55.2764	56.9805	55.196400000000004	56.3005	56.4234	56.7163	57.0439	56.4489	55.3697	56.3438	57.2447	56.385799999999996	55.7141	57.0866	56.49999999999999	57.7365	57.352599999999995	56.755	56.6526	57.292500000000004	56.4392	57.254099999999994	56.9657	56.055299999999995	57.5693	57.7938	57.513400000000004	56.8043	56.90110000000001	56.8369	58.1549	57.885600000000004	56.208800000000004	56.853699999999996	57.6345	56.8121
Hte-ATic_046-Ex1-cssl.clmp.r1r2_fastp	63.4932	46.131699999999995	48.3539	48.917899999999996	48.8031	48.4258	47.2678	48.9369	49.060199999999995	48.2183	53.033300000000004	53.305499999999995	52.5443	50.314499999999995	50.6964	51.0721	51.593900000000005	50.9509	51.018699999999995	51.314499999999995	50.2292	50.680800000000005	50.271	50.2456	50.7545	51.02569999999999	49.4709	49.9615	50.5206	49.8896	49.7113	50.7742	49.7008	50.698100000000004	50.6803	50.24459999999999	50.9194	49.876599999999996	49.254599999999996	50.521899999999995	50.8274	49.9084	49.8153	49.9292	49.977	51.035399999999996	50.6604	50.482400000000005	51.1702	50.0149	49.6488	49.945699999999995	50.725699999999996	49.497	50.0701	50.510600000000004	49.5848	49.8707	49.5215	49.8023	50.573	49.6305	49.5191	50.3944	50.503600000000006	49.6951	49.7379	50.1192	50.2329	50.1975	50.016400000000004	49.6072	50.62910000000001	49.8485	50.4	50.81529999999999	50.7074	50.0773	51.0282	50.735600000000005	50.5352	50.4521	50.2621	50.860499999999995	51.2728	50.072700000000005	49.980000000000004	50.84760000000001	50.6389	49.336200000000005	50.7632	50.4713	50.279799999999994	50.4768	50.7147	50.812599999999996	50.842600000000004	50.65579999999999	49.362	50.428399999999996	50.8362	50.364200000000004	51.0145	51.5221	50.893699999999995	51.465700000000005	50.804300000000005	51.1425	52.0458	51.8775	50.9535	51.202999999999996	51.6277	51.3311	52.0913	52.2887	51.378800000000005	51.42	51.1524	51.692099999999996	52.2779	51.9748	52.2581	52.287499999999994	52.1874	51.797000000000004	51.9116	52.388999999999996	51.847699999999996	52.3402	52.2026	52.049800000000005	53.7949	52.8741	52.048300000000005	53.05800000000001	53.6258	52.966	53.6769	53.77459999999999	52.6859	53.4175	52.8214	52.7047	54.4036	54.2338	52.578	54.2042	53.6516	53.585499999999996
Hte-ATic_047-Ex1-cssl.clmp.r1r2_fastp	61.4951	42.6363	45.3341	44.5326	44.6305	43.0896	43.5687	44.4792	45.0213	43.2665	48.4623	49.1708	47.3611	45.7838	46.414100000000005	46.6553	46.499	46.3847	46.971000000000004	47.2147	46.9263	46.1135	46.298	46.5268	46.2774	45.7076	45.425399999999996	46.1752	45.8823	46.3182	45.6005	46.037499999999994	45.7067	46.433400000000006	46.2202	45.9927	46.923700000000004	45.3439	46.6359	46.848800000000004	46.3487	45.388	46.2015	46.2814	45.7776	45.9713	44.8391	45.407	46.4066	45.6958	45.7883	45.8021	46.3926	45.284	46.483000000000004	46.1844	45.5783	45.7642	46.077600000000004	46.1081	45.8775	45.277499999999996	45.882	46.110099999999996	45.7391	46.0455	45.304899999999996	46.263	45.6654	44.866	45.2309	45.6799	45.9736	45.344899999999996	45.0116	45.5507	46.231100000000005	44.961800000000004	45.9356	45.7224	45.6955	45.3288	46.0563	45.623999999999995	45.8491	46.0569	46.0565	45.4625	46.286	45.1274	45.9764	45.9469	46.075300000000006	46.2625	45.7272	45.5693	47.4311	46.2542	45.469500000000004	47.5118	46.061800000000005	45.908	46.344	45.567	46.2256	46.939	45.8986	46.049	47.0743	46.314	47.1662	46.062	46.6068	46.4678	47.0224	46.5916	47.112300000000005	47.7222	47.5389	46.5076	46.827200000000005	47.2329	46.6515	48.3371	46.8058	48.2511	48.5482	47.8155	48.9482	49.2857	49.3666	46.7488	48.7704	49.6417	48.3739	47.7306	49.148199999999996	47.4981	49.1703	49.2803	48.997800000000005	50.0682	50.55500000000001	48.714400000000005	49.9247	50.14809999999999	48.0798	48.8358	49.7963	48.552
Hte-ATic_048-Ex1-cssl.clmp.r1r2_fastp	62.8694	46.2445	47.355799999999995	47.6854	48.0345	46.0693	46.4867	47.925200000000004	47.0994	46.0096	51.2149	52.085800000000006	50.481500000000004	49.825599999999994	50.595800000000004	48.7797	49.255500000000005	49.3842	49.582300000000004	50.11879999999999	49.4428	48.816900000000004	49.5191	49.9022	49.155	48.7138	48.7979	49.4695	49.9854	48.930800000000005	49.4777	49.9639	49.0207	48.3063	49.058	49.0912	48.9802	48.2666	49.1479	48.9678	49.477	48.9309	48.5421	50.001200000000004	48.350100000000005	49.0438	48.9571	48.5275	49.2385	48.8555	48.2845	49.2297	49.4692	48.705799999999996	49.1023	49.8973	49.3386	48.5317	48.9718	49.0492	48.4914	49.0617	48.5269	49.6929	49.6132	48.7178	49.1067	49.7638	48.9291	47.9123	49.7114	49.954	49.2672	48.8528	48.437999999999995	49.4355	49.372899999999994	48.315000000000005	48.3789	48.8785	49.0991	48.9271	49.7407	49.6743	50.302400000000006	49.1033	48.5603	49.5174	49.635200000000005	49.3541	48.8512	49.2385	49.959199999999996	50.187000000000005	49.9322	49.5933	50.49400000000001	48.822900000000004	49.451	49.812400000000004	50.51989999999999	49.4151	50.088699999999996	50.325900000000004	50.72560000000001	50.3402	49.576100000000004	50.4989	50.075	50.1488	50.3708	50.5954	51.193999999999996	50.065099999999994	50.7089	50.8019	51.170899999999996	50.6613	51.4832	50.9023	51.6992	51.1758	51.715500000000006	51.33219999999999	51.8768	51.9255	51.54	51.8891	51.6667	52.0204	51.9729	51.5239	53.5218	51.937599999999996	52.209700000000005	51.65070000000001	53.6613	52.5572	52.554	53.2195	53.0015	52.680800000000005	52.7954	51.8489	54.324799999999996	53.5347	54.2484	52.8958	54.3724	52.4819
Hte-ATic_049-Ex1-cssl.clmp.r1r2_fastp	59.5511	40.9002	43.971900000000005	43.6512	43.372699999999995	41.5716	41.8022	43.8817	43.353199999999994	41.5531	46.0197	47.2998	46.2706	44.7518	44.4595	45.5897	45.0672	44.486	44.7252	45.5609	45.266	44.345099999999995	43.739	45.7229	44.7451	43.655899999999995	43.5996	44.9681	45.2881	43.0925	44.518	44.8847	44.5045	43.9654	44.5799	44.4041	44.343199999999996	43.422	43.2732	45.0597	44.4152	43.427	43.7357	44.752199999999995	44.324000000000005	42.6324	43.9977	43.8874	44.4317	43.3322	43.4367	44.7816	45.0406	42.7127	43.6515	44.7859	43.9343	43.3058	44.028800000000004	43.867200000000004	44.0178	43.4023	43.2973	44.4349	44.3729	43.3799	43.5247	45.5415	43.4739	43.3603	44.3181	44.3975	44.0653	43.5231	43.431	44.9435	43.5594	43.7578	43.6521	45.8943	44.417699999999996	44.3018	44.1492	44.900600000000004	44.4346	43.661899999999996	44.4562	44.8677	44.7076	43.356	44.4546	44.7492	44.197399999999995	44.5424	44.3932	44.7685	44.9095	43.7061	44.709900000000005	45.0108	44.6136	43.7502	44.9505	45.4968	43.8908	45.0204	44.615100000000005	44.5647	45.4916	45.6095	45.190200000000004	45.6419	45.1269	45.2272	44.746900000000004	46.125899999999994	45.3214	45.277899999999995	46.102199999999996	47.0437	46.363	46.6308	45.9507	47.467999999999996	45.7682	46.3752	46.9547	47.055	45.8074	47.2305	47.459	47.3782	47.1449	48.0269	46.6329	48.3319	48.4925	48.0114	47.9082	48.9336	49.1398	49.1518	48.8939	48.770799999999994	48.9786	50.5505	48.066700000000004	49.919799999999995	51.182399999999994	48.2108
Hte-ATic_050-Ex1-cssl.clmp.r1r2_fastp	57.77250000000001	39.3101	42.0552	41.1518	41.5029	39.670100000000005	39.5451	40.6584	41.3992	40.2579	45.0888	43.4165	43.5641	42.063	43.0541	42.4751	42.9878	42.9888	42.6919	42.9167	42.660399999999996	42.2354	42.629400000000004	42.621199999999995	42.524699999999996	42.7065	42.0073	42.4553	43.3521	42.287400000000005	42.581599999999995	42.9295	42.5529	42.1964	42.4684	42.306	42.4962	42.666900000000005	42.612	42.6449	42.7343	42.1516	42.7849	42.692600000000006	42.7319	42.262499999999996	42.8809	43.0784	42.338	42.6745	42.6529	42.6984	42.559799999999996	42.2765	41.6229	42.8033	42.048	41.5345	42.4683	42.1353	42.3489	41.822700000000005	41.629599999999996	42.1236	42.810900000000004	41.6502	41.7126	42.2865	41.7327	41.802299999999995	42.2521	42.1199	41.685100000000006	41.835499999999996	42.2848	42.0365	42.5253	40.9285	42.2306	42.0011	41.9206	41.6224	41.9269	41.5499	41.9313	41.6008	41.8379	41.9647	42.239599999999996	41.4561	42.3232	42.5077	42.187599999999996	41.7233	42.2616	42.0766	41.8572	42.1186	41.856100000000005	41.766	42.1844	41.9581	41.625	41.7032	42.2641	41.4448	42.795100000000005	41.8466	42.2414	42.4979	41.918499999999995	42.928399999999996	42.553000000000004	41.1571	42.9807	43.6819	42.687000000000005	42.0088	43.5282	42.6123	43.3286	42.931799999999996	43.2104	43.4987	43.614399999999996	43.1401	42.7227	44.2624	42.956	43.735800000000005	44.2202	43.1645	43.5105	45.305	44.441900000000004	44.3884	44.4097	43.898199999999996	45.7913	46.0151	44.9475	44.9152	45.4089	45.2806	44.9737	45.1067	44.0709	45.854	46.5574	44.3717
Hte-ATic_051-Ex1-cssl.clmp.r1r2_fastp	59.481899999999996	38.069199999999995	42.0272	41.0358	41.0124	39.472699999999996	39.3316	40.5208	40.8626	39.3516	44.6296	44.229400000000005	43.394800000000004	42.2324	42.4021	42.2093	42.596000000000004	42.5414	42.4037	42.8199	42.911899999999996	42.2858	42.1985	42.050399999999996	42.280499999999996	42.089999999999996	41.8489	42.7408	42.343199999999996	42.1758	42.2948	42.4617	42.3735	42.1035	42.1658	42.418	42.2446	41.6543	42.0772	42.3714	42.3672	41.9815	42.2003	42.3335	41.6819	42.154599999999995	41.8881	42.0366	42.1687	42.1165	41.681400000000004	41.7468	42.371900000000004	41.506	41.7915	41.9031	41.9119	41.497099999999996	41.803000000000004	41.9275	41.8057	41.6997	41.4008	42.2143	41.781600000000005	41.9809	41.704299999999996	42.202	41.758	41.867599999999996	41.8172	42.102000000000004	41.910599999999995	41.5425	41.7996	41.915200000000006	42.257600000000004	41.7699	42.1629	42.375299999999996	42.179100000000005	41.7536	42.0625	42.0411	42.0327	42.121399999999994	41.8524	42.111399999999996	41.9315	41.7304	42.2644	42.3562	41.8378	41.9247	42.1528	41.9651	42.070800000000006	42.4947	41.8865	42.4876	42.5061	42.1779	41.9652	42.5188	41.929899999999996	42.459799999999994	42.582	42.7168	42.466	42.66	42.4306	43.0234	42.6446	42.481700000000004	42.5749	43.2731	42.6302	43.1026	43.2254	43.227900000000005	43.2256	42.924299999999995	43.209199999999996	43.167699999999996	43.135	43.2628	43.5338	42.950300000000006	43.2199	43.9009	43.7752	43.5377	44.2802	43.8469	43.5693	44.4034	44.0463	43.6554	44.0715	44.4838	44.0636	45.108399999999996	45.0305	44.722699999999996	45.121	44.6716	44.9242	45.1823	45.4168	43.9153
Hte-ATic_054-Ex1-cssl.clmp.r1r2_fastp	69.0668	51.6162	52.6774	53.711600000000004	54.851499999999994	53.218900000000005	53.852999999999994	55.5602	54.5901	52.7651	58.099500000000006	57.5757	58.042300000000004	56.5383	56.5415	56.083000000000006	56.895300000000006	56.0061	56.62350000000001	56.519	56.501900000000006	56.2608	56.0481	55.8017	56.6407	56.218599999999995	55.141799999999996	56.2913	56.7233	54.9098	55.7784	56.2095	56.0582	56.6338	56.4531	55.3404	56.1661	55.3845	55.1477	55.69349999999999	56.0292	55.2753	56.3654	56.0944	55.52550000000001	55.60230000000001	55.8025	55.8629	56.032000000000004	55.3979	55.43900000000001	56.397	56.2855	55.1477	56.272800000000004	55.319700000000005	55.728	56.261799999999994	55.7789	55.5442	56.2177	55.9383	55.37069999999999	56.1859	56.004799999999996	54.924499999999995	56.4281	56.37839999999999	55.8495	56.313500000000005	56.4075	55.667	55.86259999999999	55.4756	55.857	56.7961	55.797399999999996	55.1396	56.5109	56.3095	55.95830000000001	55.8392	55.7447	55.9387	56.9931	56.2842	56.30500000000001	56.148900000000005	56.7188	55.5561	56.22089999999999	56.874100000000006	56.6871	56.930899999999994	56.5736	55.795300000000005	56.2242	57.052099999999996	55.5756	56.8032	56.950199999999995	56.39809999999999	56.937400000000004	56.4291	56.3978	56.6133	56.5516	55.6453	57.2822	57.109500000000004	56.1045	56.550599999999996	56.631299999999996	56.1468	57.4052	57.520700000000005	57.3496	57.227	57.57020000000001	56.654700000000005	57.1682	56.909	57.656	57.4394	57.6349	57.141299999999994	56.964499999999994	57.943999999999996	56.578300000000006	57.3114	57.3229	56.836200000000005	57.2488	57.680299999999995	57.246900000000004	57.855500000000006	58.554399999999994	57.499900000000004	57.970600000000005	58.7151	56.8573	58.38719999999999	58.1589	56.9888	59.083200000000005	58.7338	58.1621	59.1936	59.665400000000005	58.590900000000005
Hte-ATic_055-Ex1-cssl.clmp.r1r2_fastp	65.0531	48.6248	49.518299999999996	49.9987	50.4799	48.8085	49.0956	50.525200000000005	50.610200000000006	48.8882	54.13249999999999	53.906699999999994	52.7417	52.2894	51.4425	52.5847	52.6671	52.1628	51.9967	52.893100000000004	51.3564	52.521499999999996	52.1164	51.657	51.711600000000004	51.6412	50.9521	52.3537	51.684	51.1681	51.8026	52.980700000000006	51.048	52.0408	52.5072	51.500299999999996	51.818299999999994	52.1188	50.85849999999999	51.904300000000006	52.0242	51.3544	51.1412	52.2764	51.592800000000004	51.8957	51.87500000000001	51.2978	52.022999999999996	52.027	51.8922	52.0948	52.314400000000006	51.3589	51.30630000000001	52.4414	51.609	52.1365	52.0144	51.59589999999999	51.4319	51.9107	51.595800000000004	51.952299999999994	51.9386	51.2038	52.0678	52.305	51.32449999999999	51.6566	51.218799999999995	50.9415	51.96229999999999	51.9903	51.622800000000005	51.99700000000001	52.2034	51.6091	50.9262	52.223600000000005	51.510999999999996	51.92790000000001	52.0149	51.507000000000005	51.9372	51.9228	51.6251	52.29240000000001	52.2903	51.8073	51.768800000000006	52.8151	51.499700000000004	53.2378	52.0381	52.2949	52.6493	52.48009999999999	51.8648	52.5362	53.133399999999995	52.485099999999996	52.989399999999996	52.788500000000006	51.5495	52.7231	52.8858	53.30629999999999	52.879799999999996	53.1111	51.841	53.8034	53.4842	52.8463	52.2996	53.18469999999999	52.977700000000006	53.6256	53.7063	53.404700000000005	54.1427	53.9033	52.9694	54.203199999999995	54.2315	53.5189	54.0056	54.6523	53.322599999999994	54.618500000000004	54.2989	54.8916	54.5171	53.8987	53.3262	55.1177	54.9277	53.9031	54.3257	54.6554	55.0832	56.433299999999996	55.1864	54.5069	55.6904	56.0249	54.75790000000001	56.348600000000005	55.7995	55.142100000000006
Hte-ATic_056-Ex1-cssl.clmp.r1r2_fastp	63.539	46.8156	49.291000000000004	49.498599999999996	49.746	47.8273	47.936099999999996	50.104499999999994	49.641400000000004	48.2365	54.1034	52.8148	52.2899	51.6073	51.642900000000004	50.86429999999999	52.047	50.4749	51.1696	51.653099999999995	50.8318	51.1697	51.647299999999994	51.226400000000005	51.066	50.5063	50.5328	50.9437	51.0494	50.637	51.149699999999996	51.48310000000001	50.995000000000005	50.707100000000004	51.3479	51.1185	50.6162	50.5316	50.8424	51.2215	50.7307	49.8997	50.91909999999999	51.2912	50.281	50.971900000000005	51.691500000000005	50.874900000000004	50.9239	51.3117	51.099399999999996	51.483000000000004	51.1124	50.868	51.1076	51.3632	50.1815	50.529999999999994	50.739599999999996	50.6124	50.1488	51.0337	50.6247	50.634299999999996	51.415	50.765899999999995	51.632999999999996	51.983999999999995	50.7058	50.634299999999996	50.9798	51.0714	51.0049	51.056999999999995	51.3176	50.573100000000004	51.254	50.799499999999995	51.9871	51.6375	51.12520000000001	50.6788	51.5139	51.0947	51.061	50.5757	51.3598	51.0879	51.8593	50.9389	51.242900000000006	51.7709	50.97239999999999	50.976600000000005	51.2084	52.211	51.7715	51.1753	51.4324	51.556400000000004	52.1579	51.0312	51.9116	52.288000000000004	51.516099999999994	51.1345	51.6757	51.9929	52.2598	51.3493	51.776599999999995	52.329899999999995	52.122299999999996	51.483000000000004	52.534499999999994	52.3929	52.688100000000006	52.3247	52.688599999999994	52.4666	52.092499999999994	52.73910000000001	52.3999	52.263000000000005	52.9742	52.490899999999996	52.9981	54.0037	52.2705	52.7686	53.12820000000001	53.0745	53.3748	52.715199999999996	52.6869	53.8666	54.183899999999994	53.04990000000001	54.9446	54.9462	53.864599999999996	54.3771	53.4743	53.2656	53.2755	53.703	52.9765	54.069599999999994	54.155	55.5577
Hte-ATic_057-Ex1-cssl.clmp.r1r2_fastp	67.4621	51.155300000000004	51.3133	53.135600000000004	54.134899999999995	50.9117	52.3602	53.802499999999995	53.620999999999995	52.1331	56.3791	56.4018	56.7064	54.7964	54.767999999999994	54.4507	55.935500000000005	52.9447	54.1461	55.7534	55.2099	54.311	54.649800000000006	53.72710000000001	55.0443	54.1059	53.847699999999996	55.4295	54.8229	53.0443	54.9998	55.233900000000006	54.34909999999999	53.5116	55.557199999999995	54.016299999999994	53.9574	53.7795	53.4642	54.0701	55.1351	53.671	54.857299999999995	55.9305	53.8879	54.0903	54.5775	53.5211	55.252	53.825900000000004	53.318200000000004	55.13439999999999	54.2883	53.23759999999999	54.439499999999995	54.8115	53.608	53.5639	55.0396	54.0007	54.2637	53.8344	53.6197	54.9619	54.8447	52.9229	54.7235	55.2236	54.054500000000004	53.3485	54.7893	54.324099999999994	54.546499999999995	53.8857	54.1778	55.7485	54.6925	53.467699999999994	54.9404	55.4285	53.7216	53.6173	54.1497	54.187	54.8426	55.0527	54.393100000000004	54.9009	55.3504	53.8816	54.69070000000001	55.8303	54.783899999999996	53.8291	54.84830000000001	54.7494	55.7245	54.6952	55.0492	55.3164	55.622099999999996	54.5586	55.6001	56.1233	55.2869	55.8403	55.4782	55.1994	56.022099999999995	55.2759	55.942099999999996	55.2097	56.511900000000004	54.7578	55.9122	56.93820000000001	56.4945	55.8235	56.497600000000006	56.834700000000005	57.9572	56.27140000000001	55.6585	56.8806	56.8971	56.1848	55.969500000000004	57.4628	57.018899999999995	56.725300000000004	57.2508	57.0681	58.776700000000005	57.748200000000004	57.117	57.4774	58.82469999999999	57.072	58.1027	58.228	57.57299999999999	58.059799999999996	57.6877	56.908	58.769499999999994	59.291799999999995	57.723800000000004	58.431999999999995	59.888600000000004	58.144600000000004
Hte-ATic_058-Ex1-cssl.clmp.r1r2_fastp	63.763999999999996	45.5586	47.5483	48.3647	49.152	46.3675	46.3354	47.6537	48.0701	46.889900000000004	51.5691	51.4945	50.36279999999999	48.725699999999996	49.7049	49.9754	49.2933	48.4061	50.718700000000005	50.2614	49.801	49.5114	49.5582	49.8583	50.3517	48.4953	49.0415	49.8413	49.186	47.8221	49.511500000000005	50.025600000000004	48.9692	49.010799999999996	49.353	48.5349	49.0926	48.4024	48.950700000000005	49.747400000000006	49.591	47.6689	49.8446	49.4833	48.9461	48.551	49.510799999999996	49.5523	49.2492	49.2224	48.7503	50.012299999999996	48.5692	48.775400000000005	48.7085	49.7508	49.4295	49.046299999999995	49.07	49.6177	49.988899999999994	49.398599999999995	48.575	49.585499999999996	49.567099999999996	48.620200000000004	48.733399999999996	49.289300000000004	49.2836	49.0277	48.6623	49.9655	50.085100000000004	49.223800000000004	48.9869	49.9045	49.1718	48.6877	49.6062	50.5783	49.1663	48.9166	49.1396	50.0673	50.4928	49.1547	48.9948	50.2814	49.9088	48.9205	50.0451	49.8139	50.248400000000004	49.915	50.098600000000005	50.1829	50.57000000000001	49.8337	49.430600000000005	51.9224	50.451	49.9148	51.540200000000006	51.5486	50.7382	50.902	51.331700000000005	50.72	52.056400000000004	51.49399999999999	51.021499999999996	52.8958	50.6718	51.2662	51.123	52.6952	51.955200000000005	51.688500000000005	52.75959999999999	52.9347	52.1715	52.861599999999996	52.5867	52.796699999999994	52.079699999999995	53.4222	52.8329	54.2609	53.2639	53.4229	53.19160000000001	53.5824	54.7048	54.354800000000004	52.80479999999999	53.9199	52.9181	53.7311	55.00620000000001	56.1284	53.46189999999999	55.2087	55.3269	55.303599999999996	54.22559999999999	54.946600000000004	54.6833	55.44369999999999	53.812099999999994	56.0277
Hte-ATic_059-Ex1-cssl.clmp.r1r2_fastp	61.6351	43.954100000000004	45.9653	46.2701	47.890899999999995	44.870599999999996	45.3382	47.341899999999995	46.4647	45.1076	50.4039	50.0494	48.9756	49.2	48.1372	48.269600000000004	48.9005	48.0548	48.566900000000004	48.509600000000006	47.8427	47.77	48.4339	48.106500000000004	48.1098	47.8808	47.7574	48.0933	47.8793	47.5358	47.7825	48.4571	47.5593	47.7158	48.7344	47.4632	48.5765	47.8795	47.6875	48.3439	48.4188	47.4157	48.6456	48.0554	47.6661	48.011700000000005	48.1316	47.9049	48.2784	47.2524	47.3501	48.0035	48.002	47.2114	47.7688	47.801500000000004	47.5546	47.3728	47.7317	47.795300000000005	48.4333	47.919	47.5796	48.347899999999996	48.1708	46.9042	47.5008	47.9689	48.2743	47.530499999999996	47.9808	48.533100000000005	48.046	47.8344	48.1773	48.701899999999995	47.7652	47.558099999999996	48.3147	47.9791	47.835699999999996	47.5099	47.504200000000004	47.9084	48.4276	48.5861	47.9728	48.3214	48.216	47.9803	48.674	49.0587	48.0603	48.0783	48.2465	48.139900000000004	48.3535	48.3179	47.5967	49.8923	49.662800000000004	48.5137	48.7589	48.864000000000004	48.1585	48.3384	48.9511	49.5732	49.2684	49.2728	49.006699999999995	49.7804	49.4929	48.3627	49.2675	50.053599999999996	48.7453	50.2286	50.169200000000004	49.522	50.520399999999995	49.3923	49.9604	50.9471	50.4629	49.972899999999996	50.8135	50.6977	50.1479	50.3162	51.367	50.8608	51.6774	50.4231	50.3	50.915200000000006	51.5842	49.9034	50.9846	51.3454	51.80970000000001	51.67850000000001	52.3494	51.391299999999994	52.0977	52.5219	51.6462	52.530699999999996	53.206900000000005	51.949400000000004
Hte-ATic_060-Ex1-cssl.clmp.r1r2_fastp	61.8656	45.333	47.7214	47.3357	47.625	46.164100000000005	46.001999999999995	48.6391	47.8249	46.2087	51.511799999999994	51.2409	50.0875	48.7185	48.9907	49.5708	49.3099	49.0456	49.2686	49.7133	48.955	48.4786	49.011900000000004	48.55	49.3163	48.4455	48.5191	49.826100000000004	49.4769	47.9151	48.8073	50.0323	48.3718	48.4121	48.8284	49.2038	49.0974	48.473	48.2043	48.710300000000004	48.5309	48.1559	48.599399999999996	49.5068	48.4529	48.137299999999996	48.6239	48.7797	48.8013	48.1098	48.1977	48.971599999999995	49.087199999999996	48.8292	48.6836	49.497600000000006	48.601	48.481	49.2153	48.4837	48.7127	48.7735	48.2582	49.538900000000005	48.6435	47.9392	48.3814	49.3954	48.3367	48.3834	48.5675	48.7885	48.6109	49.025200000000005	48.4573	49.2855	49.4011	48.6639	48.841699999999996	49.4922	49.0533	48.4043	48.958	49.143	48.6689	49.1499	48.891600000000004	49.8102	49.2772	48.3539	48.699999999999996	49.7655	49.1975	48.4477	49.1893	49.0234	49.432500000000005	49.0043	48.514	50.00940000000001	49.703599999999994	48.772999999999996	48.916199999999996	50.1159	49.709399999999995	50.0996	49.043	49.214200000000005	49.7994	49.786500000000004	49.290299999999995	50.299099999999996	50.6182	49.1859	49.7983	50.618700000000004	50.0341	49.8711	50.652699999999996	50.4459	51.503600000000006	51.0985	50.795100000000005	51.038700000000006	51.2146	50.9417	50.593999999999994	51.444900000000004	51.3713	51.15650000000001	51.74379999999999	51.364200000000004	52.1633	51.691500000000005	51.2512	51.161500000000004	51.622800000000005	52.1364	51.2723	52.561400000000006	51.748400000000004	52.034400000000005	52.23179999999999	52.669	53.568599999999996	53.437900000000006	51.8605	52.3622	53.383199999999995	52.039500000000004
Hte-ATic_061-Ex1-cssl.clmp.r1r2_fastp	64.5067	47.3305	49.1172	49.289699999999996	50.7748	48.7658	49.7909	49.9381	50.2075	49.5788	54.723299999999995	53.1139	52.8791	52.422999999999995	52.2158	52.356199999999994	52.3508	51.7972	52.525	52.5505	52.2537	52.4056	51.868	51.297000000000004	52.3781	52.144999999999996	51.1057	51.88739999999999	52.405199999999994	51.3923	52.0749	51.741899999999994	51.893299999999996	51.41759999999999	51.8528	50.9367	52.5452	52.0907	52.242599999999996	52.3088	52.2374	51.9232	53.051700000000004	52.440200000000004	51.4622	51.7065	52.7575	51.98310000000001	52.5949	51.904799999999994	51.978	51.9358	52.275099999999995	51.4756	53.203500000000005	52.0986	51.9992	52.11599999999999	52.2956	50.6368	53.0836	51.878899999999994	51.9377	52.2721	52.2839	51.4554	52.3079	52.719300000000004	52.2119	51.9372	53.0423	52.120200000000004	53.060700000000004	52.4853	52.2779	53.05839999999999	52.987700000000004	51.8629	52.7617	52.2551	52.412400000000005	53.004200000000004	53.2047	51.91289999999999	53.65220000000001	53.122899999999994	52.566	53.7392	53.15109999999999	52.31249999999999	52.9385	53.252	52.239999999999995	53.2556	53.419700000000006	52.7067	54.0343	53.714600000000004	52.731700000000004	53.2883	53.6938	52.3064	54.3223	53.84949999999999	52.818	54.293899999999994	54.211200000000005	53.256499999999996	54.705999999999996	54.3462	53.6787	53.9729	53.6788	53.41289999999999	53.7987	54.032199999999996	54.0433	55.019600000000004	55.1809	54.1639	55.232400000000005	55.475300000000004	54.8044	55.0622	55.1871	54.9331	54.8105	55.1852	54.8183	56.675399999999996	55.954899999999995	54.665299999999995	54.9358	56.6051	54.8162	55.946	57.1707	55.953399999999995	56.2126	56.531	55.359	57.3456	57.72730000000001	55.9523	57.658	57.98609999999999	56.1957	56.3719	57.1727	57.671099999999996
Hte-ATic_062-Ex1-cssl.clmp.r1r2_fastp	64.41170000000001	47.4281	48.777300000000004	48.147	50.60170000000001	48.7739	47.2877	50.449	49.036699999999996	48.645300000000006	53.9026	53.0492	53.1177	51.9034	52.0255	52.2863	52.268499999999996	51.5698	51.3095	52.1069	52.1101	52.047399999999996	52.5745	50.4851	51.8262	50.8985	50.53339999999999	51.4137	52.12989999999999	51.49510000000001	52.0044	51.17230000000001	51.4586	51.5672	52.1614	51.2316	51.6138	52.38850000000001	51.8037	51.903600000000004	52.2224	50.927299999999995	51.04149999999999	51.6462	51.4131	52.492000000000004	52.1186	50.9765	51.8999	51.188599999999994	51.042500000000004	52.120400000000004	52.3242	51.3726	51.6879	51.9378	51.67850000000001	51.29860000000001	52.0184	51.6749	52.1269	50.922900000000006	51.3868	52.151199999999996	51.9622	50.435300000000005	52.31400000000001	52.235600000000005	51.491	51.5682	51.9554	50.881299999999996	52.2605	51.8959	51.4691	52.304899999999996	51.910900000000005	51.7046	51.4991	52.928399999999996	50.5428	51.4119	52.9838	52.438700000000004	52.2783	52.3436	52.656099999999995	52.2377	52.594300000000004	51.998200000000004	51.769299999999994	53.1854	51.4788	52.2254	52.574	52.446099999999994	52.164500000000004	52.900800000000004	52.1186	53.1025	53.037800000000004	51.6679	52.0438	53.2992	51.3724	53.697300000000006	52.1873	52.0889	53.1003	54.000899999999994	52.4949	54.046099999999996	53.227599999999995	52.3113	52.7503	53.76220000000001	51.866800000000005	53.36	53.286	51.3041	53.7793	53.094699999999996	52.493	53.939499999999995	53.3883	52.607000000000006	53.1254	53.766000000000005	51.439	53.77380000000001	53.6543	53.5242	54.3188	54.8068	53.325500000000005	54.346399999999996	53.7774	53.705099999999995	54.1169	54.4057	52.5783	55.2021	53.866099999999996	53.4218	54.223299999999995	54.4582	52.8267	54.495599999999996	54.397600000000004	52.2561
Hte-ATic_063-Ex1-cssl.clmp.r1r2_fastp	63.123	44.5366	46.1607	46.082	47.4179	47.138000000000005	45.7305	46.835100000000004	48.1335	45.3146	51.780899999999995	50.918600000000005	50.6821	49.5884	49.3162	48.9395	49.308	47.9267	49.5259	49.001400000000004	48.9124	49.4827	49.8978	48.6108	49.9311	48.5475	49.1103	48.631099999999996	50.2984	47.4392	49.6237	48.7429	48.8442	49.4757	48.8634	49.3128	48.7253	48.593599999999995	48.4991	48.728100000000005	50.24849999999999	48.4433	49.1522	49.7772	48.6958	49.2986	49.3502	48.2073	49.081599999999995	49.3189	49.1831	47.597899999999996	49.0947	49.0485	49.7073	50.4159	49.9398	48.6948	48.4929	48.591	49.7285	49.425599999999996	49.0768	49.7295	48.450199999999995	49.2925	48.3009	49.1292	48.5959	50.731700000000004	47.882799999999996	49.1712	48.8523	49.301	48.2967	49.1851	48.3463	48.0624	49.3229	49.2346	48.8525	49.3981	49.3412	48.3761	49.3016	49.3545	47.2984	48.4777	48.9334	48.0441	49.228699999999996	48.753	47.2114	48.7016	49.3466	47.8037	49.4201	48.9731	48.3003	49.3639	49.0912	48.4343	49.209599999999995	49.1366	48.429899999999996	49.3228	49.811899999999994	47.386	49.462	49.058	48.0304	49.216300000000004	48.9885	48.2604	49.3622	48.8342	48.7366	49.0633	50.0854	47.9593	49.5954	49.2508	48.1144	48.5009	48.6836	49.1564	48.8387	49.0645	48.2852	49.7303	49.4114	48.2568	49.296099999999996	49.659	48.9675	49.985800000000005	49.6661	46.9035	48.863	49.4135	48.2906	49.5695	49.3929	48.4269	50.330299999999994	50.3925	48.7655	48.0425	50.251000000000005	48.5914
