Sample	1	2	3	4	5	6	7	8	9	10	11	12	13	14	15	16	17	18	19	20	21	22	23	24	25	26	27	28	29	30	31	32	33	34	35	36	37	38	39	40	41	42	43	44	45	46	47	48	49	50	51	52	53	54	55	56	57	58	59	60	61	62	63	64	65	66	67	68	69	70	71	72	73	74	75	76	77	78	79	80	81	82	83	84	85	86	87	88	89	90	91	92	93	94	95	96	97	98	99	100	101	102	103	104	105	106	107	108	109	110	111	112	113	114	115	116	117	118	119	120	121	122	123	124	125	126	127	128	129	130	131	132	133	134	135	136	137	138	139	140	141	142	143	144	145	146	147	148	149	150
Hte-ATic_001-Ex1-cssl.clmp.r1r2_fastp	0.0	0.0166138	0.008306889999999999	0.0	0.0	0.0	0.0	0.0	0.0	0.0	0.0	0.0	0.0	0.00166138	0.0	0.0	0.0	0.0	0.0	0.00166138	0.0	0.0	0.0	0.0	0.0	0.0	0.0	0.0	0.0	0.0	0.0	0.0	0.0	0.0	0.0	0.0	0.0	0.0	0.0	0.0	0.0	0.0	0.0	0.0	0.0	0.0	0.0	0.0	0.00172557	0.025965500000000002	0.0	0.0	0.0	0.0	0.0	0.0	0.0	0.0	0.0	0.0	0.0	0.0	0.0	0.0	0.0	0.0	0.0	0.0	0.0	0.0	0.0	0.0	0.0	0.0	0.0	0.0	0.0	0.0	0.0	0.0	0.0	0.0	0.0	0.0	0.0	0.0	0.00212247	0.0236325	0.0	0.0	0.0	0.0	0.0	0.0	0.0	0.00467115	0.0	0.0	0.0	0.0	0.0	0.00757365	0.0	0.0	0.0	0.0	0.0	0.0	0.0	0.0	0.0	0.0	0.0	0.0	0.0	0.0	0.0	0.0	0.0	0.0	0.0	0.0	0.0	0.0	0.0	0.0	0.0	0.0	0.0	0.0	0.0	0.0	0.0	0.0	0.0	0.0	0.0	0.0	0.0	0.0	0.0	0.0	0.0	0.0	0.0	0.0	0.0	0.0	0.0	0.0
Hte-ATic_002-Ex1-cssl.clmp.r1r2_fastp	0.0	0.0233138	0.0118144	0.0012602000000000002	0.0	0.0	0.0	0.0	0.0	0.0	0.0	0.0	0.000315051	0.00267793	0.0	0.0	0.0	0.000945153	0.00015752500000000002	0.00299298	0.0	0.0	0.000945153	0.0	0.0	0.0	0.0	0.0	0.00015752500000000002	0.0	0.0	0.0	0.0	0.0	0.0	0.0	0.0	0.0	0.0	0.0	0.0	0.0	0.0	0.0	0.0	0.0	0.0	0.00048085099999999997	0.00449565	0.0339391	0.0	0.0	0.0	0.0	0.0	0.0	0.0	0.0	0.0	0.000163674	0.0	0.0	0.0	0.0	0.0	0.0	0.0	0.0	0.0	0.000167083	0.0	0.0	0.0	0.000337537	0.0	0.0	0.0	0.0	0.0	0.0	0.0	0.0	0.0	0.0	0.0	0.00104943	0.00386172	0.039281899999999995	0.0	0.0	0.0	0.0	0.0	0.0	0.0	0.0005480249999999999	0.0	0.0	0.000927042	0.0	0.0007495959999999999	0.00471023	0.0	0.0	0.0	0.0	0.0	0.0	0.0	0.0	0.0	0.0	0.0	0.0	0.0	0.0	0.000206666	0.0	0.0	0.0	0.0	0.000214215	0.0	0.001952	0.0	0.0	0.0	0.0	0.0	0.0	0.0	0.0	0.0	0.0	0.0	0.0	0.0	0.0	0.0	0.0	0.0	0.0	0.0	0.0	0.00025438399999999997	0.000513413	0.0	0.0	0.0	0.0
Hte-ATic_003-Ex1-cssl.clmp.r1r2_fastp	0.0	0.022471	0.009939110000000001	0.0009506979999999999	0.0	0.0	0.0	0.0	0.0	0.0	0.0	0.0	0.0	0.0032842300000000004	0.0	0.0	0.0	0.000691416	8.64271e-05	0.0021606800000000003	0.0	0.0	0.000172854	0.0	0.0	0.0	0.0	0.0	0.0	0.0	0.0	0.0	0.0	0.0	0.0	0.0	0.0	0.0	0.0	0.0	0.0	0.0	0.0	0.0	0.0	0.0	0.0	0.000176595	0.00389195	0.027115499999999997	0.0	0.0	0.0	0.0	0.0	0.0	0.0	0.0	0.0	0.0	0.0	0.0	0.0	9.14078e-05	0.0	0.0	0.0	0.0	0.0	9.29094e-05	0.0	0.0	0.0	0.000282518	0.0	0.0	0.0	0.0	0.0	0.000289446	0.0	0.0	0.0	0.0	0.0	0.00019784500000000001	0.00437356	0.031660100000000004	0.0	0.0	0.0	0.0	0.0	0.0	0.00010364699999999999	0.000312809	0.0	0.0	0.0	0.0	0.00118553	0.0037991599999999998	0.0	0.0	0.0	0.0	0.0	0.0	0.0	0.0	0.0	0.0	0.0	0.0	0.0	0.0	0.0	0.0	0.0	0.00012526600000000002	0.0	0.000382169	0.000128372	0.0005177179999999999	0.0	0.0	0.0	0.0	0.0	0.0	0.0	0.0	0.0	0.0	0.0	0.0	0.000435672	0.0	0.0	0.0	0.0	0.0	0.0	0.0	0.0	0.00031683	0.0	0.0	0.0	0.0
Hte-ATic_004-Ex1-cssl.clmp.r1r2_fastp	0.0	0.0199487	0.010492099999999999	0.000483187	0.0	0.0	0.0	0.0	0.0	0.0	0.0	6.902670000000001e-05	6.902670000000001e-05	0.00338231	6.902670000000001e-05	0.0	6.902670000000001e-05	0.0006902669999999999	0.000276107	0.0020708	0.0	0.0	0.000483187	0.0	0.0	0.0	0.0	0.0	0.00020708	0.0	0.0	0.0	0.0	0.0	0.0	0.0	0.0	0.0	0.0	0.0	0.0	0.0	0.0	0.0	0.0	0.0	7.0476e-05	0.000141194	0.0041018700000000005	0.0306092	0.0	0.0	0.0	0.0	0.0	0.0	0.0	0.0	0.0	0.0	0.0	0.0	0.0	0.0	0.0	0.0	0.0	0.0	0.0	0.00022307999999999999	0.0	0.0	0.0	0.000150532	0.0	0.0	0.0	0.0	0.0	0.0	0.0	0.0	0.0	0.0	0.0	7.87243e-05	0.00442762	0.0349498	0.0	0.0	0.0	0.0	0.0	0.0	0.0	0.000495905	0.0	0.0	0.000420141	0.0	0.00119085	0.00196935	0.0	0.0	0.0	0.0	0.0	0.0	0.0	0.0	0.0	0.0	0.0	0.0	9.38975e-05	0.0	0.0	0.0	0.0	9.75913e-05	0.0	0.00019832700000000001	0.000299936	0.00110847	0.0	0.0	0.0	0.0	0.00010518	0.0	0.0	0.0	0.0	0.0	0.0	0.000111806	0.00022560800000000003	0.0	0.0	0.0	0.0	0.0	0.0	0.0	0.0	0.000244374	0.0	0.0	0.0	0.0
Hte-ATic_005-Ex1-cssl.clmp.r1r2_fastp	0.0	0.0201804	0.010643699999999999	0.0010217899999999999	0.0	0.0	0.0	0.0	0.0	0.0	0.0	0.0	8.51494e-05	0.00246933	8.51494e-05	0.0	0.0	0.000596045	0.000255448	0.0017881400000000001	0.0	0.0	0.000425747	0.0	0.0	0.0	0.0	0.0	8.51494e-05	0.0	8.51494e-05	0.0	0.0	0.0	0.0	0.0	0.0	0.0	0.0	0.0	0.0	0.0	0.0	0.0	0.0	0.0	8.6907e-05	8.70643e-05	0.0034010700000000004	0.0273435	0.0	0.0	0.0	0.0	0.0	0.0	0.0	0.0	0.0	8.923460000000001e-05	0.0	0.0	0.0	0.0	0.0	0.0	0.0	0.0	0.0	0.000183442	0.0	0.0	0.0	0.0007447069999999999	0.0	0.0	0.0	0.0	0.0	0.0	0.0	0.0	0.0	0.0	0.0	9.8586e-05	0.0035704699999999996	0.031370600000000005	0.0	0.0	0.0	0.0	0.0	0.0	0.000105182	0.00031818300000000004	0.0	0.0	0.00010888300000000001	0.0	0.0007762	0.0034709599999999995	0.0	0.0	0.0	0.0	0.0	0.0	0.0	0.0	0.0	0.0	0.0	0.0	0.0	0.0	0.0	0.0	0.00013419499999999998	0.000271417	0.000137352	0.000694512	0.0	0.00142223	0.0	0.0	0.0	0.0	0.0	0.0	0.0	0.0	0.0	0.0	0.0	0.0	0.000336139	0.0	0.0	0.0	0.0	0.0	0.0	0.0	0.0	0.000187694	0.0	0.0	0.0	0.0
Hte-ATic_006-Ex1-cssl.clmp.r1r2_fastp	0.0	0.0192568	0.0106567	0.000747835	0.0	0.0	0.0	0.0	0.0	0.0	0.0	0.0	0.000124639	0.0025551	0.000124639	0.0	0.0	0.000685516	0.000249278	0.00130871	0.0	0.0	0.000747835	0.0	0.0	6.23196e-05	0.0	0.0	0.000186959	0.0	0.0	0.0	0.0	0.0	0.0	0.0	0.0	0.0	0.0	0.0	0.0	0.0	0.0	0.0	0.0	0.0	0.0	0.00019118	0.0031272500000000003	0.028067599999999998	0.0	0.0	0.0	0.0	0.0	0.0	0.0	0.0	0.0	0.0	0.0	0.0	0.0	0.0	0.0	0.0	0.0	0.0	0.0	0.000133903	0.0	0.0	0.0	0.000135454	0.0	0.0	0.0	0.0	0.0	0.0	0.0	0.0	0.0	0.0	0.0	0.00021272699999999998	0.00349095	0.036017900000000005	0.0	0.0	0.0	0.0	0.0	0.0	0.0	0.000297908	0.0	0.0	0.000378755	7.61822e-05	0.000689603	0.0037005499999999995	0.0	0.0	0.0	0.0	0.0	0.0	0.0	0.0	0.0	0.0	0.0	0.0	0.0	0.0	0.0	0.0	0.0	0.0	0.0	0.000267063	0.0	0.00144621	0.0	0.0	0.0	0.0	9.39649e-05	0.0	0.0	0.0	0.0	0.0	0.0	0.0	0.000300301	0.0	0.0	0.0	0.0	0.0	0.0	0.0	0.0	0.00021659100000000003	0.0	0.0	0.0	0.0
Hte-ATic_007-Ex1-cssl.clmp.r1r2_fastp	0.0	0.0212274	0.00776879	0.0015318699999999998	0.0	0.0	0.0	0.0	0.0	0.0	0.0	0.0	0.0	0.00273549	0.00010942	0.0	0.0	0.000875357	0.00021883899999999997	0.0021883899999999997	0.0	0.0	0.0006565179999999999	0.00021883899999999997	0.0	0.0	0.0	0.00010942	0.00010942	0.0	0.0	0.0	0.0	0.0	0.0	0.0	0.0	0.0	0.0	0.0	0.0	0.0	0.0	0.0	0.0	0.0	0.0	0.00022338000000000002	0.00380354	0.0301434	0.0	0.0	0.0	0.0	0.0	0.0	0.0	0.0	0.0	0.000114502	0.0	0.0	0.0	0.0	0.0	0.0	0.0	0.0	0.0	0.000352761	0.0	0.0	0.0	0.000476096	0.0	0.0	0.0	0.0	0.00012124799999999999	0.0	0.0	0.0	0.0	0.0	0.0	0.000250228	0.0031447800000000002	0.0327553	0.0	0.0	0.0	0.0	0.0	0.0	0.0	0.000663668	0.0	0.0	0.000135557	0.00027314799999999997	0.000688065	0.0048528700000000004	0.0	0.0	0.0	0.0	0.0	0.0	0.0	0.0	0.0	0.0	0.0	0.0	0.0	0.0	0.0	0.0	0.0	0.0	0.0	0.00049886	0.0	0.000848169	0.0	0.0	0.0	0.0	0.0	0.0	0.0	0.0	0.0	0.0	0.0	0.0	0.000388174	0.0	0.0	0.0	0.0	0.0	0.0	0.0	0.0	0.000214717	0.0	0.0	0.0	0.0
Hte-ATic_008-Ex1-cssl.clmp.r1r2_fastp	0.0	0.0190601	0.00762406	0.000635338	0.0	0.0	0.0	0.0	0.0	0.0	0.0	0.0	0.000317669	0.00285902	0.0	0.0	0.0	0.000317669	0.0	0.00127068	0.0	0.0	0.000317669	0.0	0.0	0.0	0.0	0.0	0.0	0.0	0.0	0.0	0.0	0.0	0.0	0.0	0.0	0.0	0.0	0.0	0.0	0.0	0.0	0.0	0.0	0.0	0.0	0.0	0.00195388	0.024481600000000003	0.0	0.0	0.0	0.0	0.0	0.0	0.0	0.0	0.0	0.0	0.0	0.0	0.0	0.000338087	0.0	0.0	0.0	0.0	0.0	0.00034537099999999997	0.0	0.0	0.0	0.0	0.0	0.0	0.0	0.0	0.0	0.000359019	0.0	0.0	0.0	0.0	0.0	0.0	0.00223421	0.0326028	0.0	0.0	0.0	0.0	0.0	0.0	0.0	0.00039588000000000004	0.0	0.0	0.000404622	0.0	0.0	0.00415388	0.0	0.0	0.0	0.0	0.0	0.0	0.0	0.0	0.0	0.0	0.0	0.0	0.0	0.0	0.0	0.0	0.0	0.0	0.0	0.00102858	0.0	0.00158109	0.0	0.0	0.0	0.0	0.0	0.0	0.0	0.0	0.0	0.0	0.0	0.0	0.0	0.0	0.0	0.0	0.0	0.0	0.0	0.0	0.0	0.0	0.0	0.0	0.0	0.0
Hte-ATic_010-Ex1-cssl.clmp.r1r2_fastp	0.0	0.019789300000000003	0.00753878	0.00070676	0.0	0.0	0.0	0.0	0.0	0.0	0.0	0.0	0.0	0.00306263	0.0	0.0	0.0	0.00047117400000000004	0.0	0.0009423470000000001	0.0	0.0	0.00023558700000000002	0.0	0.0	0.0	0.0	0.0	0.00023558700000000002	0.0	0.0	0.0	0.0	0.0	0.0	0.0	0.0	0.0	0.0	0.0	0.0	0.0	0.0	0.0	0.0	0.0	0.0	0.00024066	0.005786299999999999	0.0306763	0.0	0.0	0.0	0.0	0.0	0.0	0.0	0.0	0.0	0.0	0.0	0.0	0.0	0.0	0.0	0.0	0.0	0.0	0.0	0.000253663	0.0	0.0	0.0	0.000513562	0.0	0.0	0.0	0.0	0.0	0.0	0.0	0.0	0.0	0.0	0.0	0.000812702	0.00626263	0.034209699999999996	0.0	0.0	0.0	0.0	0.0	0.0	0.0	0.00057385	0.0	0.0	0.00058493	0.0	0.0023756100000000002	0.0035875	0.0	0.0	0.0	0.0	0.0	0.0	0.0	0.0	0.0	0.0	0.0	0.0	0.0	0.0	0.0	0.0	0.0	0.0	0.0	0.000352188	0.0	0.000717746	0.0	0.0	0.0	0.0	0.0	0.0	0.0	0.0	0.0	0.0	0.0	0.0	0.000405923	0.0	0.0	0.0	0.0	0.0	0.0	0.0	0.0	0.00043880000000000004	0.0	0.0	0.0	0.0
Hte-ATic_011-Ex1-cssl.clmp.r1r2_fastp	0.0	0.0173964	0.006598629999999999	0.000599875	0.0	0.0	0.0	0.0	0.0	0.0	0.0	0.0	0.00019995800000000003	0.00279942	0.00019995800000000003	0.0	0.0	0.00139971	0.00019995800000000003	0.00219954	0.0	0.0	0.00019995800000000003	0.0	0.0	0.0	0.0	0.0	0.00019995800000000003	0.0	0.0	0.0	0.0	0.0	0.0	0.0	0.0	0.0	0.0	0.0	0.0	0.0	0.0	0.0	0.0	0.0	0.0	0.0	0.00267404	0.0241235	0.0	0.0	0.0	0.0	0.0	0.0	0.0	0.000211533	0.0	0.0	0.0	0.0	0.0	0.0	0.0	0.0	0.0	0.0	0.0	0.0	0.0	0.0	0.0	0.0	0.0	0.0	0.0	0.0	0.0	0.000472473	0.0	0.0	0.0	0.0	0.0	0.000248003	0.00200278	0.027304000000000002	0.0	0.0	0.0	0.0	0.0	0.0	0.000272342	0.0	0.0	0.0	0.0	0.0	0.0	0.00267848	0.0	0.0	0.0	0.0	0.0	0.0	0.0	0.0	0.0	0.0	0.0	0.0	0.0	0.0	0.0	0.0	0.0	0.0	0.0	0.0	0.0	0.0	0.0	0.0	0.0	0.0	0.0	0.0	0.0	0.0	0.0	0.0	0.0	0.0	0.0	0.0	0.0	0.0	0.0	0.0	0.0	0.0	0.0	0.000576991	0.0	0.0	0.0	0.0
Hte-ATic_012-Ex1-cssl.clmp.r1r2_fastp	0.0	0.0214179	0.0101823	0.000526669	0.0	0.0	0.0	0.0	0.0	0.0	0.0	0.0	0.000351112	0.00122889	0.000175556	0.0	0.000175556	0.000877781	0.0	0.0015800100000000002	0.0	0.0	0.000351112	0.0	0.0	0.0	0.0	0.0	0.000175556	0.0	0.0	0.0	0.0	0.0	0.0	0.0	0.0	0.0	0.0	0.0	0.0	0.0	0.0	0.0	0.0	0.0	0.0	0.0	0.0037719000000000003	0.029505200000000002	0.0	0.0	0.0	0.0	0.0	0.0	0.0	0.0	0.0	0.0	0.0	0.0	0.0	0.0	0.0	0.0	0.0	0.0	0.0	0.000377176	0.0	0.0	0.0	0.000191019	0.0	0.0	0.0	0.0	0.0	0.0	0.0	0.0	0.0	0.0	0.0	0.000400748	0.005235200000000001	0.0342006	0.0	0.0	0.0	0.0	0.0	0.0	0.0	0.000636839	0.0	0.0	0.000217003	0.0	0.0013213	0.00221836	0.0	0.0	0.0	0.0	0.0	0.0	0.0	0.0	0.0	0.0	0.0	0.0	0.0	0.0	0.0	0.0	0.0	0.000257784	0.0	0.00026245800000000003	0.000264957	0.0008016890000000001	0.0	0.0	0.0	0.0	0.0	0.0	0.0	0.0	0.0	0.0	0.0	0.0	0.0	0.0	0.0	0.0	0.0	0.0	0.0	0.0	0.0	0.0	0.0	0.0	0.0	0.0
Hte-ATic_013-Ex1-cssl.clmp.r1r2_fastp	0.0	0.017320099999999998	0.010504300000000001	0.000641484	0.0	0.0	0.0	0.0	0.0	0.0	0.0	0.0	0.000160371	0.00224519	0.0	0.0	0.0	0.00048111299999999997	0.000400928	0.0019244499999999999	0.0	8.01855e-05	0.00048111299999999997	0.0	0.0	0.0	0.0	0.0	0.000240557	0.0	8.01855e-05	0.0	0.0	0.0	0.0	0.0	0.0	0.0	0.0	0.0	0.0	0.0	0.0	0.0	0.0	0.0	0.0	8.17036e-05	0.0039285100000000005	0.029679800000000003	0.0	0.0	0.0	0.0	0.0	0.0	0.0	0.0	0.0	8.36124e-05	0.0	0.0	0.0	0.0	0.0	0.0	0.0	0.0	8.55075e-05	0.000257229	0.0	0.0	8.65733e-05	0.000260538	0.0	0.0	0.0	0.0	0.0	8.86341e-05	0.0	0.0	0.0	0.0	0.0	0.000181755	0.00447463	0.0338513	0.0	0.0	0.0	0.0	0.0	0.0	9.5122e-05	0.00028708	0.0	0.0	9.739849999999999e-05	0.0	0.000888577	0.0031806	0.0	0.0	0.0	0.0	0.0	0.0	0.0	0.0	0.0	0.0	0.0	0.0	0.0	0.0	0.00011097800000000001	0.0	0.0	0.0	0.0	0.000115637	0.0	0.000587974	0.0	0.0	0.0	0.0	0.0	0.0	0.0	0.0	0.0	0.0	0.0	0.000391953	0.000395461	0.0	0.0	0.0	0.0	0.0	0.0	0.0	0.00014149899999999998	0.000142703	0.0	0.0	0.0	0.0
Hte-ATic_014-Ex1-cssl.clmp.r1r2_fastp	0.0	0.0191408	0.0106338	0.000212675	0.0	0.0	0.0	0.0	0.0	0.0	0.0	0.0	0.0	0.00127605	0.0	0.0	0.000212675	0.000425351	0.000212675	0.00191408	0.0	0.0	0.00106338	0.0	0.0	0.0	0.0	0.0	0.0	0.0	0.0	0.0	0.0	0.0	0.0	0.0	0.0	0.0	0.0	0.0	0.0	0.0	0.0	0.0	0.0	0.0	0.0	0.0	0.0065328700000000005	0.029006300000000002	0.0	0.0	0.0	0.0	0.0	0.0	0.0	0.0	0.0	0.0	0.0	0.0	0.0	0.0	0.0	0.0	0.0	0.0	0.0	0.00022725799999999998	0.0	0.0	0.0	0.000459632	0.0	0.0	0.0	0.0	0.0	0.000468917	0.0	0.0	0.0	0.0	0.0	0.0	0.00579355	0.0337114	0.0	0.0	0.0	0.0	0.0	0.0	0.0	0.00025312999999999996	0.0	0.0	0.0	0.0	0.00183138	0.00289735	0.0	0.0	0.0	0.0	0.0	0.0	0.0	0.0	0.0	0.0	0.0	0.0	0.0	0.0	0.0	0.0	0.0	0.000298369	0.0	0.000302904	0.0	0.00123172	0.0	0.0	0.0	0.0	0.0	0.0	0.0	0.0	0.0	0.0	0.0	0.0	0.000343165	0.0	0.0	0.0	0.0	0.0	0.0	0.0	0.0	0.0	0.0	0.0	0.0	0.0
Hte-ATic_015-Ex1-cssl.clmp.r1r2_fastp	0.0	0.0182485	0.008638940000000001	0.000485334	0.0	0.0	0.0	0.0	0.0	0.0	0.0	0.0	0.0	0.00242667	9.70667e-05	0.0	0.0	0.000679467	9.70667e-05	0.0018442699999999999	0.0	0.0	0.000388267	0.0	0.0	0.0	0.0	0.0	0.0	0.0	0.0	0.0	0.0	0.0	0.0	0.0	0.0	0.0	0.0	0.0	0.0	0.0	0.0	0.0	0.0	0.0	0.0	9.94535e-05	0.00308992	0.0240637	0.0	0.0	0.0	0.0	0.0	0.0	0.0	0.0	0.0	0.0	0.0	0.0	0.0	0.0	0.0	0.0	0.0	0.0	0.000105195	0.000422215	0.0	0.0	0.0	0.000321709	0.0	0.0	0.0	0.0	0.00010967	0.00011024	0.0	0.0	0.0	0.0	0.0	0.000113995	0.00378597	0.0273626	0.0	0.0	0.0	0.0	0.0	0.0	0.00012158700000000001	0.000368167	0.0	0.0	0.000126251	0.000127416	0.000514561	0.00350815	0.0	0.0	0.0	0.0	0.0	0.0	0.0	0.0	0.0	0.0	0.0	0.0	0.0	0.0	0.0	0.0	0.0	0.000159997	0.0	0.0	0.0	0.000842155	0.0	0.0	0.0	0.0	0.0	0.0	0.0	0.0	0.0	0.0	0.0	0.00019808499999999997	0.000401206	0.0	0.0	0.0	0.0	0.0	0.0	0.0	0.0	0.000683407	0.0	0.0	0.0	0.0
Hte-ATic_017-Ex1-cssl.clmp.r1r2_fastp	0.0	0.019355300000000002	0.006451779999999999	0.000806472	0.0	0.0	0.0	0.0	0.0	0.0	0.0	0.0	0.0	0.0016129399999999998	0.0	0.0	0.0	0.0	0.00048388299999999995	0.00225812	0.0	0.0	0.000806472	0.0	0.0	0.0	0.0	0.0	0.000161294	0.0	0.0	0.0	0.0	0.0	0.000161583	0.0	0.0	0.0	0.0	0.0	0.0	0.0	0.0	0.0	0.0	0.0	0.0	0.0	0.0021464500000000003	0.022005399999999998	0.0	0.0	0.0	0.0	0.0	0.0	0.0	0.0	0.0	0.0	0.0	0.0	0.0	0.0	0.0	0.0	0.0	0.0	0.0	0.000350787	0.0	0.0	0.0	0.000178508	0.0	0.0	0.0	0.0	0.0	0.00018424699999999999	0.0	0.0	0.0	0.0	0.0	0.0	0.0027038599999999998	0.025120200000000002	0.0	0.0	0.0	0.0	0.0	0.0	0.0	0.0	0.0	0.0	0.000217163	0.0	0.000444682	0.0022526300000000003	0.0	0.0	0.0	0.0	0.0	0.0	0.0	0.0	0.0	0.0	0.0	0.0	0.0	0.0	0.0	0.0	0.0	0.0	0.0	0.0	0.0	0.0	0.0	0.0	0.0	0.0	0.000332875	0.0	0.0	0.0	0.0	0.0	0.0	0.0	0.0	0.0	0.0	0.0	0.0	0.0	0.0	0.0	0.0	0.0	0.0	0.0	0.0	0.0
Hte-ATic_019-Ex1-cssl.clmp.r1r2_fastp	0.0	0.022062699999999998	0.0102242	0.000538115	0.0	0.0	0.0	0.0	0.0	0.0	0.0	0.0	0.0	0.00295963	0.0	0.0	0.0	0.000403587	0.0	0.00215246	0.0	0.0	0.000672644	0.0	0.0	0.0	0.0	0.0	0.0	0.0	0.0	0.0	0.0	0.0	0.0	0.0	0.0	0.0	0.0	0.0	0.0	0.0	0.0	0.0	0.0	0.0	0.0	0.0	0.00399375	0.0292461	0.0	0.0	0.0	0.0	0.0	0.0	0.0	0.0	0.0	0.0	0.0	0.0	0.0	0.0	0.0	0.0	0.0	0.0	0.0	0.000287603	0.0	0.0	0.0	0.000145543	0.0	0.0	0.0	0.0	0.0	0.000148628	0.0	0.0	0.0	0.0	0.0	0.0	0.0042957	0.0317631	0.0	0.0	0.0	0.0	0.0	0.0	0.0	0.00112958	0.0	0.0	0.000329466	0.0	0.0010036	0.00471821	0.0	0.0	0.0	0.0	0.0	0.0	0.0	0.0	0.0	0.0	0.0	0.0	0.0	0.0	0.0	0.0	0.0	0.0	0.0	0.000200921	0.00020277800000000003	0.000818868	0.0	0.0	0.0	0.0	0.0	0.0	0.0	0.0	0.0	0.0	0.0	0.0	0.00047019200000000003	0.0	0.0	0.0	0.0	0.0	0.0	0.0	0.0	0.0	0.0	0.0	0.0	0.0
Hte-ATic_020-Ex1-cssl.clmp.r1r2_fastp	0.0	0.016423899999999998	0.00863308	0.00105281	0.0	0.0	0.0	0.0	0.0	0.0	0.0	0.0	0.000421126	0.0016844999999999998	0.0	0.0	0.0	0.000315844	0.000105281	0.0016844999999999998	0.0	0.0	0.000421126	0.000105281	0.0	0.0	0.0	0.0	0.0	0.0	0.0	0.0	0.0	0.0	0.0	0.0	0.0	0.0	0.0	0.0	0.0	0.0	0.0	0.0	0.0	0.0	0.0	0.0	0.00292129	0.0255962	0.0	0.0	0.0	0.0	0.0	0.0	0.0	0.0	0.0	0.000222573	0.0	0.0	0.0	0.0	0.0	0.0	0.0	0.0	0.0	0.000114775	0.0	0.0	0.00011598600000000001	0.000232857	0.0	0.0	0.0	0.0	0.0	0.0	0.0	0.0	0.0	0.0	0.0	0.000246742	0.00397076	0.029214300000000002	0.0	0.0	0.0	0.0	0.0	0.0	0.0	0.000264087	0.0	0.0	0.000405656	0.000136384	0.00041250000000000005	0.00222011	0.0	0.0	0.0	0.0	0.0	0.0	0.0	0.0	0.0	0.0	0.0	0.0	0.00015703	0.0	0.0	0.0	0.0	0.0	0.0	0.000338185	0.0	0.00086236	0.0	0.0	0.0	0.0	0.0	0.0	0.0	0.0	0.0	0.0	0.0	0.0	0.0	0.0	0.0	0.0	0.0	0.0	0.0	0.0	0.0	0.000221647	0.0	0.0	0.0	0.0
Hte-ATic_021-Ex1-cssl.clmp.r1r2_fastp	0.0	0.0194927	0.00752164	0.000423754	0.0	0.0	0.0	0.0	0.0	0.0	0.0	0.0	0.0	0.00222471	0.0	0.0	0.0	0.00127126	0.00010593899999999999	0.0020128299999999997	0.0	0.0	0.000423754	0.0	0.0	0.0	0.0	0.0	0.0	0.0	0.0	0.0	0.0	0.0	0.0	0.0	0.0	0.0	0.0	0.0	0.0	0.0	0.0	0.0	0.0	0.0	0.0	0.000108892	0.00141894	0.0159775	0.0	0.0	0.0	0.0	0.0	0.0	0.0	0.000112348	0.000112753	0.0	0.0	0.0	0.0	0.0	0.0	0.0	0.0	0.00011701	0.0	0.000472985	0.0	0.0	0.000120284	0.0	0.0	0.0	0.0	0.0	0.0	0.0	0.0	0.0	0.0	0.0	0.0	0.00026710899999999997	0.00135017	0.0182874	0.0	0.0	0.0	0.0	0.0	0.000147039	0.0	0.000453875	0.0	0.0	0.000316794	0.0	0.000490948	0.0024967799999999997	0.0	0.0	0.0	0.0	0.0	0.0	0.0	0.0	0.0	0.0	0.0	0.0	0.0	0.0	0.00022072300000000003	0.0	0.0	0.0	0.0	0.0	0.0	0.000255093	0.0	0.0	0.0	0.0	0.0	0.0	0.0	0.0	0.0	0.0	0.0	0.0	0.0	0.0	0.0	0.0	0.0	0.0	0.0	0.0	0.0	0.0008153219999999999	0.0	0.0	0.0	0.0
Hte-ATic_022-Ex1-cssl.clmp.r1r2_fastp	0.0	0.0168999	0.0105482	0.000340266	0.0	0.0	0.0	0.0	0.0	0.0	0.0	0.0	0.000226844	0.0020415999999999998	0.0	0.0	0.0	0.000680532	0.000453688	0.00181475	0.0	0.000113422	0.000340266	0.0	0.0	0.0	0.0	0.0	0.0	0.0	0.0	0.0	0.0	0.0	0.0	0.0	0.0	0.0	0.0	0.0	0.0	0.0	0.0	0.0	0.0	0.0	0.0	0.0	0.0034885999999999997	0.025627	0.0	0.0	0.0	0.0	0.0	0.0	0.0	0.00011851099999999999	0.0	0.0	0.0	0.0	0.0	0.0	0.0	0.0	0.0	0.0	0.000122185	0.0	0.0	0.0	0.000123783	0.00024838	0.0	0.0	0.0	0.0	0.0	0.000127252	0.0	0.0	0.0	0.0	0.0	0.0	0.00303074	0.033127500000000004	0.0	0.0	0.0	0.0	0.0	0.0	0.000138811	0.000139894	0.0	0.0	0.00014332399999999999	0.0	0.000873579	0.00249553	0.0	0.0	0.0	0.0	0.0	0.0	0.0	0.0	0.0	0.0	0.0	0.0	0.0	0.0	0.0	0.0	0.0	0.0	0.0	0.00017737099999999998	0.0	0.0005426750000000001	0.0	0.0	0.0	0.0	0.0	0.0	0.0	0.0	0.0	0.0	0.0	0.0	0.000412042	0.0	0.0	0.0	0.0	0.0	0.0	0.0	0.0	0.0	0.0	0.0	0.0	0.0
Hte-ATic_023-Ex1-cssl.clmp.r1r2_fastp	0.0	0.020143400000000002	0.0097032	0.000859778	0.0	0.0	0.0	0.0	0.0	0.0	0.0	0.0	0.0	0.0031934599999999995	0.0	0.0	0.0	0.000245651	0.000245651	0.0017195599999999998	0.0	0.00012282500000000002	0.000491302	0.0	0.0	0.0	0.0	0.0	0.0	0.0	0.0	0.0	0.0	0.0	0.0	0.0	0.0	0.0	0.0	0.0	0.0	0.0	0.0	0.0	0.0	0.0	0.0	0.000250661	0.00338969	0.0294301	0.0	0.0	0.0	0.0	0.0	0.0	0.0	0.0	0.0	0.0	0.0	0.0	0.0	0.00012927900000000002	0.0	0.0	0.0	0.0	0.0	0.00026282000000000003	0.0	0.0	0.0	0.00013311	0.0	0.0	0.0	0.0	0.0	0.000136048	0.0	0.0	0.0	0.0	0.0	0.000279143	0.0040666700000000005	0.0343905	0.0	0.0	0.0	0.0	0.0	0.0	0.0	0.000442721	0.0	0.0	0.000301158	0.0	0.0010694300000000001	0.00354004	0.0	0.0	0.0	0.0	0.0	0.0	0.0	0.0	0.0	0.0	0.0	0.0	0.0	0.0	0.0	0.0	0.0	0.0	0.0	0.000723301	0.0	0.0022079400000000002	0.0	0.0	0.0	0.0	0.0	0.0	0.0	0.0	0.0	0.0	0.0	0.00020340200000000002	0.0	0.0	0.0	0.0	0.0	0.0	0.0	0.0	0.0	0.0	0.0	0.0	0.0	0.0
Hte-ATic_024-Ex1-cssl.clmp.r1r2_fastp	0.0	0.019318	0.00996566	0.00045995300000000003	0.0	0.0	0.0	0.0	0.0	0.0	0.0	0.0	0.000153318	0.0027597200000000002	0.000153318	0.0	0.0	0.00045995300000000003	0.0	0.0027597200000000002	0.0	0.0	0.000766589	0.0	0.0	0.0	0.0	0.0	0.0	0.0	0.0	0.0	0.0	0.0	0.0	0.0	0.0	0.0	0.0	0.0	0.0	0.0	0.0	0.0	0.0	0.0	0.0	0.00015674799999999998	0.0031417100000000002	0.027226300000000002	0.0	0.0	0.0	0.0	0.0	0.0	0.0	0.0	0.0	0.0	0.0	0.0	0.0	0.0	0.0	0.0	0.0	0.0	0.0	0.000665842	0.0	0.0	0.0	0.000676727	0.0	0.0	0.0	0.0	0.0	0.000348254	0.0	0.0	0.0	0.0	0.0	0.0	0.0032691799999999996	0.0307181	0.0	0.0	0.0	0.0	0.0	0.0	0.0	0.000583986	0.0	0.0	0.000399577	0.0	0.000610913	0.00493386	0.0	0.0	0.0	0.0	0.0	0.0	0.0	0.0	0.0	0.0	0.0	0.0	0.0	0.0	0.000245242	0.0	0.0	0.0	0.0	0.000259655	0.0	0.00132983	0.0	0.0	0.0	0.0	0.0	0.0	0.0	0.0	0.0	0.0	0.0	0.0	0.0	0.0	0.0	0.0	0.0	0.0	0.0	0.0	0.0	0.0007024819999999999	0.0	0.0	0.0	0.0
Hte-ATic_025-Ex1-cssl.clmp.r1r2_fastp	0.0	0.020324000000000002	0.00922508	0.000576567	0.0	0.0	0.0	0.0	0.0	0.0	0.0	0.0	0.000144142	0.0027387	0.0	0.0	0.0	0.000720709	0.000144142	0.00201799	0.0	0.0	0.000432426	0.0	0.0	0.0	0.0	0.0	0.0	0.0	0.0	0.0	0.0	0.0	0.0	0.0	0.0	0.0	0.0	0.0	0.0	0.0	0.0	0.0	0.0	0.0	0.0	0.0	0.0031194900000000004	0.0299418	0.0	0.0	0.0	0.0	0.0	0.0	0.0	0.0	0.0	0.0	0.0	0.0	0.0	0.0	0.0	0.0	0.0	0.0	0.0	0.000318126	0.0	0.0	0.0	0.0	0.0	0.0	0.0	0.0	0.0	0.000166695	0.0	0.0	0.0	0.0	0.0	0.00017251499999999998	0.00329938	0.0339183	0.0	0.0	0.0	0.0	0.0	0.0	0.000184188	0.000742652	0.0	0.0	0.0	0.0	0.000969135	0.00273981	0.0	0.0	0.0	0.0	0.0	0.0	0.0	0.0	0.0	0.0	0.0	0.0	0.0	0.0	0.0	0.0	0.0	0.0	0.0	0.0	0.0	0.0012284	0.0	0.0	0.0	0.0	0.0	0.0	0.0	0.0	0.0	0.0	0.0	0.0	0.0	0.0	0.0	0.0	0.0	0.0	0.0	0.0	0.0	0.0	0.0	0.0	0.0	0.0
Hte-ATic_026-Ex1-cssl.clmp.r1r2_fastp	0.0	0.0180633	0.0103014	0.000628911	0.0	0.0	0.0	0.0	0.0	0.0	7.9609e-06	0.0	4.77654e-05	0.0026669000000000003	3.18436e-05	7.9609e-06	4.77654e-05	0.000517459	0.000167179	0.00160014	7.9609e-06	0.0	0.000429889	7.9609e-06	0.0	0.0	1.59218e-05	0.0	0.000127374	0.0	1.59218e-05	0.0	0.0	0.0	0.0	0.0	0.0	0.0	0.0	0.0	0.0	0.0	0.0	0.0	0.0	0.0	8.12686e-06	9.77123e-05	0.0029125899999999996	0.024852400000000004	0.0	0.0	0.0	0.0	0.0	0.0	8.3078e-06	4.1642e-05	8.349669999999999e-06	4.18636e-05	0.0	0.0	0.0	0.0	0.0	0.0	8.54725e-06	0.0	8.60406e-06	0.000207207	0.0	8.69534e-06	2.6183499999999998e-05	0.00011388400000000001	0.0	0.0	0.0	0.0	8.936849999999999e-06	0.000107715	0.0	0.0	0.0	0.0	9.185050000000001e-06	0.000147727	0.00278445	0.026830700000000002	0.0	0.0	0.0	0.0	9.615060000000001e-06	0.0	6.82044e-05	0.000402193	0.0	1.98954e-05	0.00015031000000000002	2.0190100000000002e-05	0.0005899459999999999	0.00326017	0.0	0.0	0.0	0.0	0.0	0.0	0.0	0.0	0.0	0.0	0.0	0.0	0.0	0.0	1.1729699999999999e-05	1.1848699999999999e-05	0.0	3.62813e-05	0.0	0.000185243	6.24113e-05	0.0009209029999999999	0.0	0.0	0.0	0.0	4.00253e-05	2.69962e-05	0.0	0.0	0.0	0.0	0.0	2.9046999999999998e-05	0.000470508	0.0	0.0	0.0	0.0	0.0	1.5935699999999997e-05	0.0	1.62973e-05	0.000198019	0.0	0.0	0.0	0.0
Hte-ATic_027-Ex1-cssl.clmp.r1r2_fastp	0.0	0.0179946	0.00670145	0.000744605	0.0	0.0	0.0	0.0	0.0	0.0	0.0	0.0	0.000248202	0.00260612	0.0	0.0	0.0	0.00037230300000000004	0.000124101	0.00111691	0.0	0.0	0.000496404	0.0	0.0	0.0	0.0	0.0	0.0	0.0	0.0	0.0	0.0	0.0	0.000124418	0.0	0.0	0.0	0.0	0.0	0.0	0.0	0.0	0.0	0.0	0.0	0.0	0.0	0.0012735700000000001	0.0176137	0.0	0.0	0.0	0.0	0.0	0.0	0.0	0.0	0.0	0.000131477	0.0	0.0	0.0	0.0	0.0	0.0	0.0	0.0	0.0	0.00054684	0.0	0.0	0.0	0.0	0.0	0.0	0.0	0.0	0.000143655	0.0	0.0	0.0	0.0	0.0	0.0	0.0	0.00106557	0.019652	0.0	0.0	0.0	0.0	0.0	0.0	0.0	0.000332048	0.0	0.0	0.0	0.0	0.000176161	0.00410254	0.0	0.0	0.0	0.0	0.0	0.0	0.0	0.0	0.0	0.0	0.0	0.0	0.0	0.0	0.0	0.0	0.0	0.0	0.0	0.000237174	0.0	0.000980907	0.0	0.0	0.0	0.0	0.0	0.0	0.0	0.0	0.0	0.0	0.0	0.0	0.000302174	0.0	0.0	0.0	0.0	0.0	0.0	0.0	0.0	0.0	0.0	0.0	0.0	0.0
Hte-ATic_029-Ex1-cssl.clmp.r1r2_fastp	0.0	0.0197512	0.0102583	0.0005358839999999999	0.0	0.0	0.0	0.0	0.0	0.0	0.0	0.0	0.00015311	0.00222009	7.65548e-05	0.0	0.0	0.000229665	0.000229665	0.00168421	0.0	0.0	0.000306219	0.0	0.0	0.0	0.0	7.65548e-05	0.000229665	0.0	0.0	0.0	0.0	0.0	0.0	0.0	0.0	0.0	0.0	0.0	0.0	0.0	0.0	0.0	0.0	0.0	0.0	0.0	0.00476256	0.0309732	0.0	0.0	0.0	0.0	0.0	0.0	0.0	0.0	0.0	0.0	0.0	0.0	0.0	0.0	0.0	0.0	0.0	0.0	8.13281e-05	0.000244584	0.0	0.0	0.0	0.000412447	0.0	0.0	0.0	0.0	0.0	0.0	0.0	0.0	0.0	0.0	0.0	8.58606e-05	0.0052571	0.0405665	0.0	0.0	0.0	0.0	0.0	0.0	8.918290000000001e-05	0.000179276	0.0	0.0	9.10226e-05	0.0	0.000919852	0.00388216	0.0	0.0	0.0	0.0	0.0	0.0	0.0	0.0	0.0	0.0	0.0	0.0	9.99301e-05	0.0	0.0	0.0	0.0	0.000103284	0.0	0.000314462	0.0	0.00169887	0.0	0.0	0.0	0.0	0.0	0.0	0.0	0.0	0.0	0.0	0.0	0.000115847	0.00011674100000000001	0.0	0.0	0.0	0.0	0.0	0.0	0.0	0.000123958	0.000125093	0.0	0.0	0.0	0.0
Hte-ATic_030-Ex1-cssl.clmp.r1r2_fastp	0.0	0.0228771	0.00922788	0.000862247	0.0	0.0	0.0	0.0	1.83457e-05	1.83457e-05	0.0	0.0	0.00011007399999999999	0.00234825	5.5036999999999995e-05	0.0	7.338269999999999e-05	0.0008439010000000001	0.00022014799999999998	0.0022565199999999997	0.0	0.0	0.00055037	0.0	0.0	0.0	1.83457e-05	0.0	0.000183457	0.0	1.83457e-05	0.0	0.0	0.0	0.0	0.0	0.0	0.0	0.0	0.0	0.0	0.0	0.0	0.0	0.0	0.0	1.87035e-05	9.36882e-05	0.00291003	0.0243263	0.0	0.0	0.0	0.0	0.0	0.0	0.0	3.83319e-05	1.9215e-05	3.85255e-05	0.0	0.0	0.0	0.0	0.0	0.0	0.0	0.0	1.9777600000000002e-05	0.000238153	0.0	0.0	0.0	0.000161178	0.0	0.0	0.0	0.0	0.0	0.000269248	0.0	0.0	0.0	0.0	2.13093e-05	4.28856e-05	0.00299957	0.0278765	0.0	0.0	0.0	0.0	0.0	2.27581e-05	6.88598e-05	0.000416843	0.0	0.0	0.000190483	0.0	0.000898598	0.00355779	0.0	0.0	0.0	0.0	0.0	0.0	0.0	0.0	0.0	0.0	0.0	0.0	0.0	0.0	0.0	0.0	0.0	0.0	0.0	0.000186558	3.15036e-05	0.000861658	0.0	0.0	0.0	0.0	0.0	0.0	0.0	0.0	0.0	0.0	0.0	0.000224952	0.000228133	0.0	0.0	0.0	0.0	0.0	0.0	0.0	0.0	4.32136e-05	0.0	0.0	0.0	0.0
Hte-ATic_031-Ex1-cssl.clmp.r1r2_fastp	0.0	0.0211012	0.0107872	0.0008516180000000001	0.0	0.0	0.0	0.0	0.0	0.0	0.0	0.0	0.0	0.00359572	9.462420000000001e-05	9.462420000000001e-05	0.0	0.000283873	0.0	0.00170324	0.0	0.0	0.0007569940000000001	0.0	0.0	0.0	0.0	0.0	0.0	0.0	0.0	0.0	0.0	0.0	0.0	0.0	0.0	0.0	0.0	0.0	0.0	0.0	0.0	0.0	0.0	0.0	0.0	0.0	0.00311287	0.029150099999999998	0.0	0.0	0.0	0.0	0.0	0.0	0.0	0.0	0.0	0.0	0.0	0.0	0.0	0.0	0.0	0.0	0.0	0.0	0.0	0.0	0.0	0.0	0.0	0.0	0.0	0.0	0.0	0.0	0.0	0.000106664	0.0	0.0	0.0	0.0	0.0	0.0	0.0039569800000000006	0.036552600000000005	0.0	0.0	0.0	0.0	0.0	0.0	0.0	0.000115336	0.0	0.0	0.000117591	0.0	0.0007150570000000001	0.00383927	0.0	0.0	0.0	0.0	0.0	0.0	0.0	0.0	0.0	0.0	0.0	0.0	0.0	0.0	0.0	0.0	0.0	0.000137318	0.0	0.0	0.0	0.0005666530000000001	0.0	0.0	0.0	0.0	0.0	0.0	0.0	0.0	0.0	0.0	0.0	0.0	0.000316963	0.0	0.0	0.0	0.0	0.0	0.0	0.0	0.0	0.0	0.0	0.0	0.0	0.0
Hte-ATic_032-Ex1-cssl.clmp.r1r2_fastp	0.0	0.0205741	0.00704592	0.0010333999999999999	0.0	0.0	0.0	0.0	0.0	0.0	0.0	0.0	9.39456e-05	0.0017849699999999999	0.0	0.0	0.0	0.000657619	0.000375782	0.00216075	0.0	0.0	0.00046972800000000004	0.0	0.0	0.0	0.0	0.0	0.0	0.0	0.0	0.0	0.0	0.0	0.0	0.0	0.0	0.0	0.0	0.0	0.0	0.0	0.0	0.0	0.0	0.0	0.0	0.000383555	0.0042264500000000005	0.0277137	0.0	0.0	0.0	0.0	0.0	0.0	0.0	0.0	0.0	0.0	0.0	0.0	0.0	0.0	0.0	0.0	0.0	0.0	0.000100412	0.00010070400000000002	0.0	0.0	0.0	0.0	0.0	0.0	0.0	0.0	0.0	0.0	0.0	0.0	0.0	0.0	0.0	0.00042736	0.00440059	0.0348361	0.0	0.0	0.0	0.0	0.0	0.0	0.000224202	0.000338287	0.0	0.0	0.00011515	0.0	0.000583687	0.00387779	0.0	0.0	0.0	0.0	0.0	0.0	0.0	0.0	0.0	0.0	0.0	0.0	0.0	0.0	0.00013328800000000002	0.0	0.0	0.000137128	0.0	0.0	0.0	0.000854936	0.0	0.0	0.0	0.0	0.0	0.0	0.0	0.0	0.0	0.0	0.0	0.0	0.0	0.0	0.0	0.0	0.0	0.0	0.0	0.0	0.000175899	0.000177783	0.0	0.0	0.0	0.0
Hte-ATic_033-Ex1-cssl.clmp.r1r2_fastp	0.0	0.0205052	0.00625409	0.00041010399999999995	0.0	0.0	0.0	0.0	0.0	0.0	0.0	0.0	0.0	0.00215305	0.0	0.0	0.0	0.000717682	0.00010252599999999999	0.00123031	0.0	0.0	0.00051263	0.0	0.0	0.0	0.0	0.0	0.0	0.0	0.0	0.0	0.0	0.0	0.0	0.0	0.0	0.0	0.0	0.0	0.0	0.0	0.0	0.0	0.0	0.0	0.0	0.0	0.0018025200000000002	0.0197798	0.0	0.0	0.0	0.0	0.0	0.0	0.0	0.000109077	0.0	0.0	0.0	0.0	0.0	0.0	0.0	0.0	0.0	0.0	0.000113854	0.0	0.0	0.0	0.0	0.000116581	0.0	0.0	0.0	0.0	0.0	0.0	0.0	0.0	0.0	0.0	0.0	0.000125575	0.00113889	0.0215746	0.0	0.0	0.0	0.0	0.0	0.0	0.0	0.00027520999999999996	0.0	0.0	0.0	0.0	0.000436547	0.0033841699999999997	0.0	0.0	0.0	0.0	0.0	0.0	0.0	0.0	0.0	0.0	0.0	0.0	0.0	0.0	0.0	0.0	0.0	0.0	0.0	0.00019297	0.0	0.000595723	0.0	0.0	0.0	0.0	0.0	0.0	0.0	0.0	0.0	0.0	0.0	0.000239401	0.000242804	0.0	0.0	0.0	0.0	0.0	0.0	0.0	0.0	0.0	0.0	0.0	0.0	0.0
Hte-ATic_034-Ex1-cssl.clmp.r1r2_fastp	0.0	0.0201175	0.00845271	0.00033810899999999996	0.0	0.0	0.0	0.0	0.0	0.0	0.0	0.0	0.0	0.00236676	0.0	0.0	0.0	0.000845271	0.000169054	0.0018595999999999999	0.0	0.000169054	0.000507163	0.0	0.0	0.0	0.0	0.0	0.000169054	0.0	0.0	0.0	0.0	0.0	0.0	0.0	0.0	0.0	0.0	0.0	0.0	0.0	0.0	0.0	0.0	0.0	0.0	0.000173318	0.0024310900000000003	0.0271403	0.0	0.0	0.0	0.0	0.0	0.0	0.0	0.0	0.0	0.0	0.0	0.0	0.0	0.0	0.0	0.0	0.0	0.0	0.000183311	0.000368023	0.0	0.0	0.0	0.00018665	0.0	0.0	0.0	0.0	0.0	0.000191586	0.0	0.0	0.0	0.0	0.0	0.00039639399999999995	0.0025919899999999997	0.0281038	0.0	0.0	0.0	0.0	0.0	0.0	0.000210547	0.00021225200000000001	0.0	0.000216134	0.00021802899999999998	0.000219915	0.000666107	0.0026909900000000003	0.0	0.0	0.0	0.0	0.0	0.0	0.0	0.0	0.0	0.0	0.0	0.0	0.0	0.0	0.0	0.0	0.0	0.0	0.0	0.000279324	0.0005659339999999999	0.00114668	0.0	0.0	0.0	0.0	0.0	0.0	0.0	0.0	0.0	0.0	0.0	0.000338322	0.0	0.0	0.0	0.0	0.0	0.0	0.0	0.0	0.0	0.0	0.0	0.0	0.0	0.0
Hte-ATic_035-Ex1-cssl.clmp.r1r2_fastp	0.0	0.0163229	0.00842758	0.000887114	0.0	0.0	0.0	0.0	0.0	0.0	0.0	0.0	0.0	0.00239521	8.87114e-05	0.0	0.0	0.000798402	0.000177423	0.00150809	0.0	0.0	0.000177423	0.0	0.0	0.0	0.0	0.0	0.0	0.0	0.0	0.0	0.0	0.0	0.0	0.0	0.0	0.0	0.0	0.0	0.0	0.0	0.0	0.0	0.0	0.0	0.0	0.0	0.00300934	0.0213881	0.0	0.0	0.0	0.0	0.0	9.2736e-05	0.0	0.0	0.0	0.0	0.0	0.0	0.0	0.0	0.0	0.0	0.0	0.0	0.0	9.68176e-05	0.0	0.0	0.0	9.836420000000001e-05	0.0	0.0	0.0	0.0	0.0	0.00010101600000000001	0.0	0.0	0.0	0.0	0.0	0.000209135	0.002735	0.022127599999999997	0.0	0.0	0.0	0.0	0.0	0.0	0.0	0.000224383	0.0	0.0	0.000230552	0.0	0.0009399820000000001	0.0020168599999999997	0.0	0.0	0.0	0.0	0.0	0.0	0.0	0.0	0.0	0.0	0.0	0.0	0.0	0.0	0.0	0.0	0.0	0.0	0.0	0.0	0.0	0.000154396	0.0	0.0	0.0	0.0	0.0	0.000167884	0.0	0.0	0.0	0.0	0.0	0.0	0.0	0.0	0.0	0.0	0.0	0.0	0.0	0.0	0.0	0.0	0.0	0.0	0.0	0.0
Hte-ATic_036-Ex1-cssl.clmp.r1r2_fastp	0.0	0.0179679	0.0068528600000000005	0.00100286	0.0	0.0	0.0	0.0	0.0	0.0	0.0	0.0	0.000334286	0.00267429	0.0	0.0	8.357139999999999e-05	0.0009192860000000001	0.000167143	0.00142071	0.0	0.0	0.000668572	8.357139999999999e-05	0.0	0.0	0.0	0.0	0.0	0.0	0.0	0.0	0.0	0.0	0.0	0.0	0.0	0.0	0.0	0.0	0.0	0.0	0.0	0.0	0.0	0.0	0.0	0.0	0.0031780199999999997	0.023679	0.0	0.0	0.0	0.0	0.0	0.0	0.0	0.0	0.0	8.840200000000001e-05	0.0	0.0	0.0	0.0	0.0	0.0	0.0	0.0	0.0	0.000183104	0.0	0.0	0.0	0.000372458	0.0	0.0	0.0	0.0	0.000190798	0.000191894	0.0	0.0	0.0	0.0	0.0	9.96249e-05	0.0031113	0.0280098	0.0	0.0	0.0	0.0	0.0	0.0	0.0	0.000325181	0.0	0.0	0.00033530100000000003	0.00011290300000000001	0.000570751	0.0033460800000000004	0.0	0.0	0.0	0.0	0.0	0.0	0.0	0.0	0.0	0.0	0.0	0.0	0.0	0.0	0.0	0.0	0.0	0.00028772499999999996	0.000145884	0.00014781699999999998	0.0	0.00243006	0.0	0.0	0.0	0.0	0.0	0.0	0.0	0.0	0.0	0.0	0.0	0.0	0.0	0.0	0.0	0.0	0.0	0.0	0.0	0.0	0.0	0.0	0.0	0.0	0.0	0.0
Hte-ATic_037-Ex1-cssl.clmp.r1r2_fastp	0.0	0.023254999999999998	0.00541153	0.0010237999999999998	0.0	0.0	0.0	0.0	0.0	0.0	0.0	0.0	0.0005850310000000001	0.00219386	0.0	0.0	0.0	0.0005850310000000001	0.0	0.00190135	0.0	0.0	0.000438773	0.0	0.0	0.000146258	0.0	0.0	0.0	0.0	0.0	0.0	0.0	0.0	0.0	0.0	0.0	0.0	0.0	0.0	0.0	0.0	0.0	0.0	0.0	0.0	0.00014962	0.000149988	0.00240441	0.0233432	0.0	0.0	0.0	0.0	0.0	0.0	0.0	0.0	0.0	0.0	0.0	0.0	0.0	0.0	0.0	0.0	0.0	0.0	0.0	0.0	0.0	0.0	0.0	0.0006505360000000001	0.0	0.0	0.0	0.0	0.0	0.0	0.0	0.0	0.0	0.0	0.00017234099999999998	0.000173449	0.0022696599999999997	0.0302312	0.0	0.0	0.0	0.0	0.0	0.0	0.0	0.000187119	0.0	0.0	0.0	0.0	0.000983818	0.0037768899999999998	0.0	0.0	0.0	0.0	0.0	0.0	0.0	0.0	0.0	0.0	0.0	0.0	0.0	0.0	0.0	0.0	0.0	0.0	0.0	0.000252339	0.0	0.00103364	0.0	0.0	0.0	0.0	0.0	0.0	0.0	0.0	0.0	0.0	0.0	0.00030558399999999997	0.0009289589999999999	0.0	0.0	0.0	0.0	0.0	0.0	0.0	0.0	0.0	0.0	0.0	0.0	0.0
Hte-ATic_038-Ex1-cssl.clmp.r1r2_fastp	0.0	0.0190584	0.00683774	0.000290967	0.0	0.0	0.0	0.0	0.0	0.0	0.0	0.0	0.0	0.00290967	0.0	0.0	0.0	0.000872902	0.0	0.0010183899999999999	0.0	0.0	0.000436451	0.0	0.0	0.0	0.000145484	0.000145484	0.0	0.0	0.0	0.0	0.0	0.0	0.0	0.0	0.0	0.0	0.0	0.0	0.0	0.0	0.0	0.0	0.0	0.0	0.0	0.000299826	0.00255498	0.019449499999999998	0.0	0.0	0.0	0.0	0.0	0.0	0.0	0.0	0.0	0.0	0.0	0.0	0.0	0.0	0.0	0.0	0.0	0.0	0.0	0.000326478	0.0	0.0	0.0	0.0	0.0	0.0	0.0	0.0	0.00017280599999999999	0.000174188	0.0	0.0	0.0	0.0	0.0	0.000734753	0.00315176	0.0226638	0.0	0.0	0.0	0.0	0.0	0.0	0.0	0.00020550900000000001	0.0	0.0	0.0008570339999999999	0.000217752	0.0008839309999999999	0.00201766	0.0	0.0	0.0	0.0	0.0	0.0	0.0	0.0	0.0	0.0	0.0	0.0	0.0	0.0	0.0	0.0	0.0	0.0	0.0	0.000310936	0.0	0.000321169	0.0	0.0	0.0	0.0	0.0	0.0	0.0	0.0	0.0	0.0	0.0	0.0	0.0	0.0	0.0	0.0	0.0	0.0	0.0	0.0	0.0	0.0	0.0	0.0	0.0	0.0
Hte-ATic_039-Ex1-cssl.clmp.r1r2_fastp	0.0	0.0233493	0.00884158	0.000684911	0.0	0.0	0.0	0.0	0.0	0.0	0.0	0.0	0.00012452899999999999	0.002117	0.0	0.0	0.0	0.000560382	0.0	0.00193021	0.0	0.0	0.000622647	0.0	0.0	0.0	0.0	0.0	0.00012452899999999999	0.0	0.0	0.0	0.0	0.0	0.0	0.0	0.0	0.0	0.0	0.0	0.0	0.0	0.0	0.0	0.0	0.0	6.336300000000001e-05	0.00025382199999999996	0.00432245	0.0346431	0.0	0.0	0.0	0.0	0.0	0.0	0.0	6.46116e-05	0.0	0.0	0.0	0.0	0.0	0.0	0.0	0.0	0.0	0.0	0.0	0.00033182	0.0	0.0	0.0	0.0	0.0	0.0	0.0	0.0	0.0	6.85157e-05	0.0	0.0	0.0	0.0	6.97826e-05	0.000350386	0.006263919999999999	0.0428421	0.0	0.0	0.0	0.0	0.0	0.0	0.0	0.000512581	0.0	0.0	0.00014883	0.0	0.00112855	0.003935	0.0	0.0	0.0	0.0	0.0	0.0	0.0	0.0	0.0	0.0	0.0	0.0	0.0	0.0	0.0	0.0	0.0	0.0	8.589680000000001e-05	0.000259392	8.71005e-05	0.000877288	0.0	0.0	0.0	0.0	0.0	0.0	0.0	0.0	0.0	0.0	0.0	9.61881e-05	0.00019391900000000002	0.0	0.0	0.0	0.0	0.0	0.0	0.0	0.0	0.00010342800000000001	0.0	0.0	0.0	0.0
Hte-ATic_041-Ex1-cssl.clmp.r1r2_fastp	0.0	0.018521	0.007859759999999999	0.0005836449999999999	0.0	0.0	0.0	0.0	0.0	1.2969900000000001e-05	0.0	0.0	5.1879600000000004e-05	0.0018806299999999999	6.48495e-05	0.0	6.48495e-05	0.00102462	0.000116729	0.00124511	0.0	0.0	0.000324247	2.5939800000000002e-05	0.0	0.0	0.0	0.0	7.78194e-05	0.0	0.0	0.0	0.0	0.0	1.3005600000000001e-05	0.0	0.0	0.0	0.0	0.0	0.0	0.0	0.0	0.0	0.0	0.0	0.0	9.325039999999999e-05	0.0018691299999999999	0.0160042	0.0	0.0	0.0	0.0	0.0	0.0	0.0	4.09661e-05	0.0	1.37334e-05	0.0	0.0	0.0	0.0	0.0	0.0	0.0	0.0	1.4123e-05	0.00014176100000000001	0.0	0.0	0.0	0.00010085500000000001	0.0	0.0	0.0	0.0	1.4748299999999999e-05	0.00019272200000000002	0.0	0.0	0.0	0.0	0.0	7.678370000000001e-05	0.00188593	0.0162681	0.0	0.0	0.0	0.0	0.0	0.0	3.29945e-05	0.00043315199999999996	0.0	0.0	8.5993e-05	0.0	0.000404893	0.0034035000000000003	0.0	0.0	0.0	0.0	0.0	0.0	0.0	0.0	0.0	0.0	0.0	0.0	0.0	0.0	0.0	0.0	0.0	2.35976e-05	4.80993e-05	7.35932e-05	0.0	0.000561243	0.0	0.0	0.0	0.0	2.8345600000000002e-05	0.0	0.0	0.0	0.0	0.0	0.0	3.33787e-05	0.00020538499999999999	0.0	0.0	0.0	0.0	0.0	0.0	4.10522e-05	4.20787e-05	0.000216402	0.0	0.0	0.0	0.0
Hte-ATic_044-Ex1-cssl.clmp.r1r2_fastp	0.0	0.0203188	0.00981695	0.000570753	0.0	0.0	0.0	0.0	0.0	0.0	0.0	0.0	0.00011415100000000001	0.00136981	0.0	0.0	0.0	0.000799054	0.00011415100000000001	0.0023971599999999997	0.0	0.0	0.00034245200000000003	0.0	0.0	0.0	0.0	0.0	0.00022830099999999998	0.0	0.0	0.0	0.0	0.0	0.0	0.0	0.0	0.0	0.0	0.0	0.0	0.0	0.0	0.0	0.0	0.0	0.0	0.00035083099999999996	0.00328038	0.0259571	0.0	0.0	0.0	0.0	0.0	0.0	0.0	0.0	0.0	0.00012045099999999999	0.0	0.0	0.0	0.0	0.0	0.0	0.0	0.000123513	0.0	0.000497863	0.0	0.0	0.0	0.000252961	0.0	0.0	0.0	0.0	0.0	0.0	0.0	0.0	0.0	0.0	0.0	0.00053852	0.00338692	0.0321738	0.0	0.0	0.0	0.0	0.0	0.0	0.0	0.000870431	0.0	0.0	0.0	0.0	0.00045575	0.00352591	0.0	0.0	0.0	0.0	0.0	0.0	0.0	0.0	0.0	0.0	0.0	0.0	0.0	0.0	0.000179426	0.0	0.0	0.0	0.0	0.000378857	0.0	0.000966873	0.0	0.0	0.0	0.0	0.0	0.0	0.0	0.0	0.0	0.0	0.0	0.0	0.00022305200000000003	0.0	0.0	0.0	0.0	0.0	0.0	0.0	0.0	0.0007402470000000001	0.0	0.0	0.0	0.0
Hte-ATic_045-Ex1-cssl.clmp.r1r2_fastp	0.0	0.0239277	0.00841526	0.00081111	0.0	0.0	0.0	0.0	0.00010138900000000001	0.0	0.0	0.0	0.00010138900000000001	0.00223055	0.000202777	0.0	0.00010138900000000001	0.0006083320000000001	0.000405555	0.0027375000000000003	0.0	0.0	0.0007097210000000001	0.0	0.0	0.0	0.0	0.0	0.00010138900000000001	0.0	0.0	0.0	0.0	0.0	0.0	0.0	0.0	0.0	0.0	0.0	0.0	0.0	0.0	0.0	0.0	0.0	0.000103248	0.000103392	0.00352195	0.0316525	0.0	0.0	0.0	0.0	0.0	0.0	0.0	0.00010543100000000001	0.0	0.0	0.0	0.0	0.0	0.0	0.0	0.0	0.0	0.0	0.0	0.000108559	0.0	0.0	0.0	0.00043987599999999996	0.0	0.0	0.0	0.0	0.0	0.0	0.0	0.0	0.0	0.0	0.0	0.00023002699999999997	0.00358186	0.0354296	0.0	0.0	0.0	0.0	0.0	0.0	0.0	0.000607039	0.0	0.0	0.000371208	0.0	0.000626676	0.00378631	0.0	0.0	0.0	0.0	0.0	0.0	0.0	0.0	0.0	0.0	0.0	0.0	0.0	0.0	0.0	0.0	0.0	0.00014557600000000002	0.0	0.000592443	0.000149331	0.00105593	0.000152156	0.0	0.000154969	0.0	0.0	0.0	0.0	0.0	0.0	0.0	0.0	0.0	0.0	0.0	0.0	0.0	0.0	0.0	0.0	0.0	0.000183523	0.000556735	0.0	0.0	0.0	0.0
Hte-ATic_046-Ex1-cssl.clmp.r1r2_fastp	0.0	0.0182251	0.0100016	0.0007779	0.0	0.0	0.0	0.0	0.0	0.0	0.0	0.0	0.000111129	0.00266708	0.000111129	0.0	0.0	0.000333386	0.000222257	0.0014446700000000001	0.0	0.0	0.000555643	0.0	0.0	0.0	0.0	0.0	0.000111129	0.0	0.0	0.0	0.0	0.0	0.0	0.0	0.0	0.0	0.0	0.0	0.0	0.0	0.0	0.0	0.0	0.0	0.0	0.0	0.00261766	0.0265696	0.0	0.0	0.0	0.0	0.0	0.0	0.0	0.0	0.0	0.0	0.0	0.0	0.0	0.0	0.0	0.0	0.0	0.0	0.000119664	0.000120041	0.0	0.0	0.0	0.00012166399999999999	0.0	0.0	0.0	0.0	0.0	0.0	0.0	0.0	0.0	0.0	0.0	0.00012836399999999998	0.00361321	0.0335156	0.0	0.0	0.0	0.0	0.0	0.0	0.0	0.000274333	0.0	0.0	0.0	0.0	0.000716027	0.00361244	0.0	0.0	0.0	0.0	0.0	0.0	0.0	0.0	0.0	0.0	0.0	0.0	0.000163989	0.0	0.00016786699999999998	0.0	0.0	0.0	0.0	0.0005324790000000001	0.0	0.0014514299999999999	0.0	0.0	0.0	0.0	0.0	0.0	0.0	0.0	0.0	0.0	0.0	0.0	0.00020850700000000003	0.0	0.0	0.0	0.0	0.0	0.0	0.0	0.0	0.00023016499999999998	0.0	0.0	0.0	0.0
Hte-ATic_047-Ex1-cssl.clmp.r1r2_fastp	0.0	0.0209856	0.00975647	0.000736338	0.0	0.0	0.0	0.0	0.0	0.0	0.0	0.0	0.000184084	0.00257718	0.0	0.0	0.0	0.000368169	0.000184084	0.00128859	0.0	0.0	0.000736338	0.0	0.0	0.0	0.0	0.0	0.000184084	0.0	0.0	0.0	0.0	0.0	0.0	0.0	0.0	0.0	0.0	0.0	0.0	0.0	0.0	0.0	0.0	0.0	0.000188744	0.0	0.00189682	0.0205442	0.0	0.0	0.0	0.0	0.0	0.0	0.0	0.0	0.0	0.0	0.0	0.0	0.0	0.0	0.0	0.0	0.0	0.0	0.0	0.0	0.0	0.0	0.0	0.000208638	0.0	0.0	0.0	0.0	0.0	0.0	0.0	0.0	0.0	0.0	0.000224758	0.0	0.0025148500000000003	0.0232958	0.0	0.0	0.0	0.0	0.0	0.0	0.0	0.0	0.0	0.0	0.000260411	0.0	0.000535179	0.00406611	0.0	0.0	0.0	0.0	0.0	0.0	0.0	0.0	0.0	0.0	0.0	0.0	0.0	0.0	0.0	0.0	0.0	0.0	0.0	0.0	0.000378079	0.00192485	0.0	0.0	0.0	0.0	0.0	0.0	0.0	0.0	0.0	0.0	0.0	0.0	0.00048397600000000006	0.0	0.0	0.0	0.0	0.0	0.0	0.0	0.0	0.0	0.0	0.0	0.0	0.0
Hte-ATic_048-Ex1-cssl.clmp.r1r2_fastp	0.0	0.0168609	0.00728735	0.000714446	0.0	0.0	0.0	0.0	0.0	0.0	0.0	0.0	0.0	0.0018575599999999999	0.0	0.0	0.000142889	0.000714446	0.0	0.00242912	0.0	0.0	0.00042866800000000005	0.0	0.0	0.0	0.0	0.0	0.000142889	0.0	0.0	0.0	0.0	0.0	0.0	0.0	0.0	0.0	0.0	0.0	0.0	0.0	0.0	0.0	0.0	0.0	0.0	0.000146514	0.00337693	0.0235441	0.0	0.0	0.0	0.0	0.0	0.0	0.0	0.0	0.0	0.0	0.0	0.0	0.0	0.0	0.0	0.0	0.0	0.0	0.0	0.000156563	0.0	0.0	0.0	0.0	0.0	0.0	0.0	0.0	0.0	0.0	0.0	0.0	0.0	0.0	0.0	0.000171447	0.00310883	0.0236577	0.0	0.0	0.0	0.0	0.0	0.0	0.0	0.000747655	0.0	0.0	0.000193133	0.0	0.000395238	0.00419877	0.0	0.0	0.0	0.0	0.0	0.0	0.0	0.0	0.0	0.0	0.0	0.0	0.0	0.0	0.0	0.0	0.0	0.0	0.0	0.0	0.0	0.00026891700000000003	0.0	0.0	0.0	0.0	0.0	0.0	0.0	0.0	0.0	0.0	0.0	0.0	0.000325214	0.0	0.0	0.0	0.0	0.0	0.0	0.0	0.0	0.000742459	0.0	0.0	0.0	0.0
Hte-ATic_049-Ex1-cssl.clmp.r1r2_fastp	0.0	0.015061799999999998	0.00810285	0.0008579490000000001	0.0	0.0	0.0	0.0	0.0	0.0	0.0	0.0	0.0	0.00152524	9.53277e-05	0.0	0.0	0.0009532769999999999	9.53277e-05	0.0008579490000000001	0.0	0.0	0.000571966	0.0	0.0	0.0	0.0	0.0	9.53277e-05	0.0	0.0	0.0	0.0	0.0	0.0	0.0	0.0	0.0	0.0	0.0	0.0	0.0	0.0	0.0	0.0	0.0	0.0	0.0	0.001773	0.0201477	0.0	0.0	0.0	0.0	0.0	0.0	0.0	0.000101337	0.0	0.00010207400000000001	0.0	0.0	0.0	0.0	0.0	0.0	0.0	0.0	0.0	0.000212807	0.0	0.0	0.0	0.000108658	0.0	0.0	0.0	0.0	0.0	0.000338744	0.0	0.0	0.0	0.0	0.0	0.0	0.00226658	0.0229804	0.0	0.0	0.0	0.0	0.0	0.0	0.0	0.000390986	0.0	0.0	0.000134927	0.0	0.000414785	0.00266021	0.0	0.0	0.0	0.0	0.0	0.0	0.0	0.0	0.0	0.0	0.0	0.0	0.0	0.0	0.0	0.0	0.0	0.0	0.0	0.0	0.0	0.000960604	0.0	0.0	0.0	0.0	0.0	0.0	0.0	0.0	0.0	0.0	0.0	0.0	0.000237053	0.0	0.0	0.0	0.0	0.0	0.0	0.0	0.0	0.0005468960000000001	0.0	0.0	0.0	0.0
Hte-ATic_050-Ex1-cssl.clmp.r1r2_fastp	0.0	0.0181846	0.00688693	0.00046428699999999997	0.0	0.0	0.0	0.0	0.0	0.0	0.0	0.0	0.0	0.00185715	0.0	7.73812e-05	0.0	0.00154762	7.73812e-05	0.00116072	0.0	0.0	0.0006964310000000001	0.0	0.0	0.0	0.0	0.0	7.73812e-05	0.0	0.0	0.0	0.0	0.0	0.0	0.0	0.0	0.0	0.0	0.0	0.0	0.0	0.0	0.0	0.0	0.0	0.0	0.0	0.00185023	0.0120301	0.0	0.0	0.0	0.0	0.0	0.0	0.0	0.0	0.0	0.0	0.0	0.0	0.0	0.0	0.0	0.0	0.0	0.0	0.0	0.00017715300000000002	0.0	0.0	0.0	0.000272775	0.0	0.0	0.0	0.0	0.0	0.0	0.0	0.0	0.0	0.0	0.0	0.00010149100000000001	0.0015403100000000002	0.0139283	0.0	0.0	0.0	0.0	0.0	0.0	0.000114556	0.00023274099999999999	0.0	0.0	0.000489197	0.0	0.000380586	0.00335917	0.0	0.0	0.0	0.0	0.0	0.0	0.0	0.0	0.0	0.0	0.0	0.0	0.0	0.0	0.0	0.0	0.0	0.0	0.0	0.0	0.0	0.00062286	0.0	0.0	0.0	0.0	0.0	0.0	0.0	0.0	0.0	0.0	0.0	0.0	0.000862815	0.0	0.0	0.0	0.0	0.0	0.0	0.0	0.0	0.0	0.0	0.0	0.0	0.0
Hte-ATic_051-Ex1-cssl.clmp.r1r2_fastp	0.0	0.0193072	0.007561839999999999	0.000560136	0.0	0.0	0.0	0.0	0.0	0.0	1.7504299999999998e-05	0.0	3.50085e-05	0.0018729600000000001	5.2512799999999996e-05	0.0	0.0	0.00117279	7.0017e-05	0.00155788	0.0	0.0	0.000437606	1.7504299999999998e-05	0.0	0.0	0.0	1.7504299999999998e-05	0.000140034	0.0	3.50085e-05	0.0	0.0	0.0	0.0	0.0	1.76031e-05	0.0	0.0	0.0	0.0	0.0	0.0	0.0	0.0	0.0	0.0	1.80051e-05	0.0017149	0.0162718	0.0	0.0	0.0	0.0	0.0	1.84376e-05	0.0	1.85625e-05	0.0	1.86943e-05	0.0	0.0	0.0	1.89896e-05	0.0	0.0	0.0	0.0	1.94172e-05	0.000136615	0.0	0.0	0.0	0.00015965399999999999	0.0	0.0	0.0	0.0	2.0616399999999998e-05	0.000186905	0.0	0.0	0.0	0.0	0.0	4.37153e-05	0.0016334	0.0189761	0.0	0.0	0.0	0.0	0.0	0.0	0.0	0.00031879200000000003	0.0	0.0	0.000204746	0.0	0.000501335	0.0037243300000000005	0.0	0.0	0.0	0.0	0.0	0.0	0.0	0.0	0.0	0.0	0.0	0.0	0.0	0.0	0.0	0.0	0.0	0.0	0.0	7.74405e-05	0.0	0.000564718	4.1173e-05	0.0	0.0	0.0	8.9363e-05	0.0	0.0	0.0	0.0	0.0	0.0	5.20068e-05	0.00031943200000000003	0.0	0.0	0.0	0.0	0.0	0.0	0.0	0.0	0.000196126	0.0	0.0	0.0	0.0
Hte-ATic_054-Ex1-cssl.clmp.r1r2_fastp	0.0	0.0195915	0.008364930000000001	0.00044026	0.0	0.0	0.0	0.0	0.0	0.0	0.0	0.0	0.000110065	0.00209123	0.000110065	0.0	0.0	0.00033019500000000003	0.00033019500000000003	0.0026415600000000003	0.0	0.0	0.00022013	0.0	0.0	0.0	0.0	0.0	0.000550324	0.0	0.0	0.0	0.0	0.0	0.0	0.0	0.0	0.0	0.0	0.0	0.0	0.0	0.0	0.0	0.0	0.0	0.0	0.000224334	0.00415532	0.032959800000000004	0.0	0.0	0.0	0.0	0.0	0.0	0.0	0.0	0.0	0.0	0.0	0.0	0.0	0.0	0.0	0.0	0.0	0.0	0.000233624	0.00023414199999999998	0.0	0.0	0.0	0.000236631	0.0	0.0	0.0	0.0	0.0	0.000120605	0.0	0.0	0.0	0.0	0.0	0.000370172	0.00384303	0.0368631	0.0	0.0	0.0	0.0	0.0	0.0	0.000258766	0.0009109929999999999	0.0	0.0	0.000265111	0.0	0.000805295	0.00446173	0.0	0.0	0.0	0.0	0.0	0.0	0.0	0.0	0.0	0.0	0.0	0.0	0.0	0.0	0.0	0.0	0.0	0.0	0.0	0.000157629	0.0	0.0009615540000000001	0.0	0.0	0.0	0.0	0.0	0.0	0.0	0.0	0.0	0.0	0.0	0.0	0.000180104	0.0	0.0	0.0	0.0	0.0	0.0	0.0	0.0	0.00019500099999999999	0.0	0.0	0.0	0.0
Hte-ATic_055-Ex1-cssl.clmp.r1r2_fastp	0.0	0.0192182	0.00907526	0.000622812	0.0	0.0	0.0	0.0	0.0	0.0	0.0	0.0	8.897310000000001e-05	0.00222433	0.0	0.0	0.0	0.0008897309999999999	0.000177946	0.00204638	0.0	0.0	0.0008007579999999999	0.0	0.0	0.0	0.0	0.0	0.000177946	0.0	0.0	0.0	0.0	0.0	0.0	0.0	0.0	0.0	0.0	0.0	0.0	0.0	0.0	0.0	0.0	0.0	0.0	0.0	0.0031961900000000002	0.0282826	0.0	0.0	0.0	0.0	0.0	0.0	0.0	0.0	0.0	9.39117e-05	0.0	0.0	0.0	0.0	0.0	0.0	0.0	0.0	0.000193068	0.000193715	0.0	0.0	0.0	0.00029497299999999997	0.0	0.0	0.0	0.0	0.0	0.000403538	0.0	0.0	0.0	0.0	0.0	0.000208245	0.00419029	0.0325821	0.0	0.0	0.0	0.0	0.0	0.0	0.0	0.000223074	0.0	0.0	0.000342876	0.0	0.000814177	0.00399008	0.0	0.0	0.0	0.0	0.0	0.0	0.0	0.0	0.0	0.0	0.0	0.0	0.0	0.0	0.0	0.0	0.0	0.0	0.0	0.000143091	0.0	0.00117022	0.0	0.0	0.0	0.0	0.0	0.0	0.0	0.0	0.0	0.0	0.0	0.0	0.00033857200000000004	0.0	0.0	0.0	0.0	0.0	0.0	0.000182845	0.0	0.0	0.0	0.0	0.0	0.0
Hte-ATic_056-Ex1-cssl.clmp.r1r2_fastp	0.0	0.0214701	0.00756655	0.0008512369999999999	0.0	0.0	0.0	0.0	0.0	0.0	0.0	0.0	9.45819e-05	0.00189164	0.0	0.0	0.0	0.00028374600000000003	0.00037832800000000004	0.00179706	0.0	0.0	0.000567491	9.45819e-05	0.0	0.0	0.0	0.0	0.00018916400000000002	0.0	0.0	0.0	0.0	0.0	0.0	0.0	0.0	0.0	0.0	0.0	0.0	0.0	0.0	0.0	0.0	0.0	0.0	9.69795e-05	0.0034017799999999996	0.025516200000000003	0.0	0.0	0.0	0.0	0.0	9.871519999999999e-05	0.0	9.92185e-05	0.0	0.000299262	0.0	0.0	0.0	0.0	0.0	0.0	0.0	0.0	0.0	0.000308196	0.0	0.0	0.0	0.00041648499999999997	0.0	0.0	0.0	0.0	0.0	0.000106796	0.0	0.0	0.0	0.0	0.0	0.00022027800000000002	0.0033225	0.026072900000000003	0.0	0.0	0.0	0.0	0.0	0.0	0.0	0.0	0.0	0.0	0.0	0.0	0.0007396270000000001	0.00397987	0.0	0.0	0.0	0.0	0.0	0.0	0.0	0.0	0.0	0.0	0.0	0.0	0.0	0.0	0.0	0.0	0.0	0.0	0.0	0.000306959	0.0	0.00062798	0.0	0.0	0.0	0.0	0.0	0.0	0.0	0.0	0.0	0.0	0.0	0.0	0.000184123	0.0	0.0	0.0	0.0	0.0	0.0	0.0	0.0	0.0	0.0	0.0	0.0	0.0
Hte-ATic_057-Ex1-cssl.clmp.r1r2_fastp	0.0	0.0210651	0.009090319999999999	0.000699255	0.0	0.0	0.0	0.0	0.0	0.0	0.0	0.0	0.000174814	0.00244739	0.0	0.0	8.74069e-05	0.000611849	0.00043703499999999995	0.00209777	0.0	0.0	0.0012237	0.0	0.0	0.0	0.0	0.0	0.000174814	0.0	8.74069e-05	0.0	0.0	0.0	0.0	0.0	0.0	0.0	0.0	0.0	0.0	0.0	0.0	0.0	0.0	0.0	0.0	8.91917e-05	0.00393157	0.0295457	0.0	0.0	0.0	0.0	0.0	0.0	0.0	9.11285e-05	9.133310000000001e-05	9.15479e-05	0.0	0.0	0.0	0.0	0.0	0.0	0.0	0.0	0.0	0.00037676	0.0	0.0	0.0	0.000381528	0.0	0.0	0.0	0.0	0.0	0.00019488100000000002	0.0	0.0	0.0	0.0	0.0	0.00020005	0.00391952	0.0345535	0.0	0.0	0.0	0.0	0.0	0.0	0.000105246	0.000317892	0.0	0.0	0.000324403	0.0	0.000877565	0.00298454	0.0	0.0	0.0	0.0	0.0	0.0	0.0	0.0	0.0	0.0	0.0	0.0	0.0	0.0	0.0	0.0	0.0	0.0	0.0	0.0	0.0	0.00106099	0.0	0.0	0.0	0.0	0.0	0.0	0.0	0.0	0.0	0.0	0.0	0.0	0.000298686	0.0	0.0	0.0	0.0	0.0	0.0	0.0	0.0	0.000162618	0.0	0.0	0.0	0.0
Hte-ATic_058-Ex1-cssl.clmp.r1r2_fastp	0.0	0.0172019	0.00819686	0.000808141	0.0	0.0	0.0	0.0	0.0	0.0	0.0	0.0	0.0	0.00219353	0.0	0.0	0.0	0.0009235900000000001	0.0	0.00253987	0.0	0.0	0.00034634600000000003	0.0	0.0	0.0	0.0	0.0	0.0	0.0	0.0	0.0	0.0	0.0	0.0	0.0	0.0	0.0	0.0	0.0	0.0	0.0	0.0	0.0	0.0	0.0	0.0	0.00023673799999999998	0.00213469	0.0242446	0.0	0.0	0.0	0.0	0.0	0.0	0.0	0.0	0.0	0.0	0.0	0.0	0.0	0.0	0.0	0.0	0.0	0.0	0.0	0.0006298650000000001	0.0	0.0	0.000127555	0.0	0.0	0.0	0.0	0.0	0.0	0.000132161	0.0	0.0	0.0	0.0	0.0	0.000274373	0.00248652	0.0283866	0.0	0.0	0.0	0.0	0.0	0.0	0.0	0.0011936800000000001	0.0	0.0	0.000307345	0.0	0.0006291760000000001	0.00238543	0.0	0.0	0.0	0.0	0.0	0.0	0.0	0.0	0.0	0.0	0.0	0.0	0.0	0.0	0.0	0.0	0.0	0.0	0.0	0.0	0.00020611999999999998	0.00041798899999999996	0.0	0.0	0.0	0.0	0.0	0.0	0.0	0.0	0.0	0.0	0.0	0.00024578699999999997	0.000746977	0.0	0.0	0.0	0.0	0.0	0.0	0.0	0.0	0.000280451	0.0	0.0	0.0	0.0
Hte-ATic_059-Ex1-cssl.clmp.r1r2_fastp	0.0	0.021006	0.00838119	0.000742637	0.0	0.0	0.0	0.0	0.0	0.0	0.0	0.0	0.0	0.00222791	0.0	0.0	0.0	0.000848728	0.0	0.00159137	0.0	0.0	0.000848728	0.0	0.0	0.0	0.0	0.0	0.000106091	0.0	0.0	0.0	0.0	0.0	0.0	0.0	0.0	0.0	0.0	0.0	0.0	0.0	0.0	0.0	0.0	0.0	0.0	0.00010832499999999999	0.0036886099999999997	0.025861900000000004	0.0	0.0	0.0	0.0	0.0	0.0	0.0	0.0	0.0	0.000111113	0.0	0.0	0.0	0.0	0.0	0.0	0.0	0.0	0.0	0.000114423	0.0	0.0	0.0	0.00023212700000000002	0.0	0.0	0.0	0.0	0.0	0.0	0.0	0.0	0.0	0.0	0.0	0.00024645	0.0038433699999999996	0.030323299999999997	0.0	0.0	0.0	0.0	0.0	0.0	0.0	0.000398541	0.0	0.0	0.00027344	0.0	0.000975088	0.00337435	0.0	0.0	0.0	0.0	0.0	0.0	0.0	0.0	0.0	0.0	0.0	0.0	0.0	0.0	0.0	0.0	0.0	0.0	0.0	0.00017721	0.000358808	0.000728712	0.0	0.0	0.0	0.0	0.000194221	0.0	0.0	0.0	0.0	0.0	0.0	0.0	0.0	0.0	0.0	0.0	0.0	0.0	0.0	0.0	0.0	0.0	0.0	0.0	0.0	0.0
Hte-ATic_060-Ex1-cssl.clmp.r1r2_fastp	0.0	0.0197166	0.00913474	0.00045221500000000006	0.0	0.0	0.0	0.0	0.0	0.0	0.0	0.0	0.000180886	0.00153753	0.0	9.0443e-05	0.0	0.000723544	0.000180886	0.0018088600000000002	0.0	0.0	0.00045221500000000006	0.0	0.0	0.0	0.0	0.0	0.000180886	0.0	0.0	0.0	0.0	0.0	0.0	0.0	0.0	0.0	0.0	0.0	0.0	0.0	0.0	0.0	0.0	0.0	0.0	0.00027801	0.00408555	0.028582100000000003	0.0	0.0	0.0	0.0	0.0	0.0	0.0	9.50154e-05	0.0	0.0	0.0	0.0	0.0	0.0	0.0	0.0	0.0	0.0	0.0	9.84819e-05	0.0	0.0	0.0	0.000300034	0.0	0.0	0.0	0.0	0.0	0.0	0.0	0.0	0.0	0.0	0.0	0.000318318	0.00373682	0.0307346	0.0	0.0	0.0	0.0	0.0	0.0	0.00011292	0.00045538999999999996	0.0	0.0	0.00011679799999999999	0.0	0.00118935	0.00420387	0.0	0.0	0.0	0.0	0.0	0.0	0.0	0.0	0.0	0.0	0.0	0.0	0.0	0.0	0.00014145599999999998	0.0	0.0	0.000146303	0.0	0.000299755	0.000151734	0.0007674989999999999	0.0	0.0	0.0	0.0	0.0	0.0	0.0	0.0	0.0	0.0	0.0	0.0	0.000360305	0.0	0.0	0.0	0.0	0.0	0.0	0.0	0.0	0.000607485	0.0	0.0	0.0	0.0
Hte-ATic_061-Ex1-cssl.clmp.r1r2_fastp	0.0	0.018015800000000002	0.0086476	0.0006305540000000001	0.0	0.0	0.0	0.0	0.0	0.0	0.0	0.0	0.00018015799999999998	0.00261229	9.00791e-05	0.0	0.0	0.000540475	0.00018015799999999998	0.0016214200000000002	0.0	0.0	0.00045039600000000004	9.00791e-05	0.0	0.0	0.0	0.0	0.00018015799999999998	0.0	0.0	0.0	0.0	0.0	0.0	0.0	0.0	0.0	0.0	0.0	0.0	0.0	0.0	0.0	0.0	0.0	0.0	9.28279e-05	0.00241981	0.0240806	0.0	0.0	0.0	0.0	0.0	9.492619999999999e-05	0.0	9.55035e-05	0.0	0.0	0.0	0.0	0.0	0.0	0.0	0.0	0.0	0.0	0.0	0.000299157	0.0	0.0	0.0	0.00010150400000000001	0.0	0.0	0.0	0.0	0.0	0.0	0.0	0.0	0.0	0.0	0.0	0.00010924300000000001	0.00286088	0.025283499999999997	0.0	0.0	0.0	0.0	0.0	0.0	0.0	0.000356438	0.0	0.0	0.000122596	0.0	0.000501392	0.00392905	0.0	0.0	0.0	0.0	0.0	0.0	0.0	0.0	0.0	0.0	0.0	0.0	0.0	0.0	0.0	0.0	0.0	0.0	0.00016050399999999998	0.0	0.0	0.0011679099999999999	0.0	0.0	0.0	0.0	0.0	0.00036297900000000004	0.0	0.0	0.0	0.0	0.0	0.0	0.0	0.0	0.0	0.0	0.0	0.0	0.0	0.0	0.0	0.0	0.0	0.0	0.0	0.0
Hte-ATic_062-Ex1-cssl.clmp.r1r2_fastp	0.0	0.022764899999999998	0.00875574	0.000538815	0.0	0.0	0.0	0.0	0.0	0.0	0.0	0.0	0.0	0.00202056	0.000134704	0.0	0.0	0.00026940700000000004	0.000134704	0.00175115	0.0	0.0	0.0	0.0	0.0	0.0	0.0	0.0	0.000134704	0.0	0.0	0.0	0.0	0.0	0.000135052	0.0	0.0	0.0	0.0	0.0	0.0	0.0	0.0	0.0	0.0	0.0	0.0	0.000138262	0.00221688	0.0249934	0.0	0.0	0.0	0.0	0.0	0.0	0.0	0.0	0.0	0.0	0.0	0.0	0.0	0.0	0.0	0.0	0.0	0.0	0.0	0.00044332899999999996	0.0	0.0	0.0	0.0	0.0	0.0	0.0	0.0	0.0	0.0	0.0	0.0	0.0	0.0	0.0	0.00015981199999999998	0.0020899	0.030587700000000002	0.0	0.0	0.0	0.0	0.0	0.0	0.0	0.000513303	0.0	0.0	0.0	0.0	0.000178665	0.00432707	0.0	0.0	0.0	0.0	0.0	0.0	0.0	0.0	0.0	0.0	0.0	0.0	0.0	0.0	0.0	0.0	0.0	0.00021814500000000002	0.0	0.0	0.0	0.0011438	0.0	0.0	0.0	0.0	0.0	0.0	0.0	0.0	0.0	0.0	0.0	0.0	0.0	0.0	0.0	0.0	0.0	0.0	0.0	0.0	0.0	0.000296237	0.0	0.0	0.0	0.0
Hte-ATic_063-Ex1-cssl.clmp.r1r2_fastp	0.0	0.0209166	0.008695660000000001	0.00047003599999999996	0.0	0.0	0.0	0.0	0.0	0.0	0.0	0.0	0.0	0.00293772	0.00011750899999999999	0.0	0.0	0.000587545	0.0	0.0025851999999999997	0.0	0.0	0.000352527	0.0	0.0	0.0	0.0	0.0	0.0	0.0	0.0	0.0	0.0	0.0	0.0	0.0	0.0	0.0	0.0	0.0	0.0	0.0	0.0	0.0	0.0	0.0	0.0	0.000240418	0.0028899900000000003	0.024014300000000002	0.0	0.0	0.0	0.0	0.0	0.0	0.0	0.000123046	0.0	0.0	0.0	0.0	0.0	0.0	0.0	0.0	0.0	0.0	0.0	0.00038242599999999995	0.0	0.0	0.0	0.00012924600000000002	0.0	0.0	0.0	0.0	0.0	0.000132626	0.0	0.0	0.0	0.0	0.0	0.000273798	0.00371681	0.0283881	0.0	0.0	0.0	0.0	0.0	0.0	0.0	0.0005830659999999999	0.0	0.0	0.0	0.000150298	0.0007571720000000001	0.0018322299999999998	0.0	0.0	0.0	0.0	0.0	0.0	0.0	0.0	0.0	0.0	0.0	0.0	0.0	0.0	0.0	0.0	0.0	0.0	0.0	0.00018413700000000002	0.0	0.00037666800000000003	0.0	0.0	0.0	0.0	0.0	0.0	0.0	0.0	0.0	0.0	0.0	0.0	0.0	0.0	0.0	0.0	0.0	0.0	0.0	0.0	0.0	0.00047222000000000003	0.0	0.0	0.0	0.0
