all	0	7288	1220025	0.0059736
all	1	1468	1220025	0.0012033
all	2	2480	1220025	0.0020327
all	3	2444	1220025	0.0020032
all	4	2497	1220025	0.0020467
all	5	2976	1220025	0.0024393
all	6	3010	1220025	0.0024672
all	7	3304	1220025	0.0027081
all	8	3513	1220025	0.0028794
all	9	3842	1220025	0.0031491
all	10	4723	1220025	0.0038712
all	11	5195	1220025	0.0042581
all	12	4955	1220025	0.0040614
all	13	5984	1220025	0.0049048
all	14	6113	1220025	0.0050106
all	15	6454	1220025	0.0052901
all	16	7134	1220025	0.0058474
all	17	7587	1220025	0.0062187
all	18	7724	1220025	0.0063310
all	19	8333	1220025	0.0068302
all	20	9048	1220025	0.0074162
all	21	9473	1220025	0.0077646
all	22	9036	1220025	0.0074064
all	23	9855	1220025	0.0080777
all	24	10114	1220025	0.0082900
all	25	9734	1220025	0.0079785
all	26	10333	1220025	0.0084695
all	27	11164	1220025	0.0091506
all	28	11574	1220025	0.0094867
all	29	12360	1220025	0.0101309
all	30	12128	1220025	0.0099408
all	31	13494	1220025	0.0110604
all	32	12799	1220025	0.0104908
all	33	14234	1220025	0.0116670
all	34	14186	1220025	0.0116276
all	35	13892	1220025	0.0113867
all	36	14646	1220025	0.0120047
all	37	14345	1220025	0.0117580
all	38	14412	1220025	0.0118129
all	39	14852	1220025	0.0121735
all	40	15677	1220025	0.0128497
all	41	15310	1220025	0.0125489
all	42	15120	1220025	0.0123932
all	43	15357	1220025	0.0125874
all	44	15013	1220025	0.0123055
all	45	16206	1220025	0.0132833
all	46	15670	1220025	0.0128440
all	47	15586	1220025	0.0127751
all	48	15283	1220025	0.0125268
all	49	15207	1220025	0.0124645
all	50	15348	1220025	0.0125801
all	51	15528	1220025	0.0127276
all	52	15299	1220025	0.0125399
all	53	15343	1220025	0.0125760
all	54	15061	1220025	0.0123448
all	55	14480	1220025	0.0118686
all	56	14598	1220025	0.0119653
all	57	13893	1220025	0.0113875
all	58	14049	1220025	0.0115153
all	59	13198	1220025	0.0108178
all	60	13903	1220025	0.0113957
all	61	13264	1220025	0.0108719
all	62	12930	1220025	0.0105981
all	63	12977	1220025	0.0106367
all	64	12705	1220025	0.0104137
all	65	12205	1220025	0.0100039
all	66	12227	1220025	0.0100219
all	67	11981	1220025	0.0098203
all	68	11588	1220025	0.0094982
all	69	11347	1220025	0.0093006
all	70	11645	1220025	0.0095449
all	71	11396	1220025	0.0093408
all	72	11677	1220025	0.0095711
all	73	11133	1220025	0.0091252
all	74	10494	1220025	0.0086015
all	75	10739	1220025	0.0088023
all	76	9546	1220025	0.0078244
all	77	9475	1220025	0.0077662
all	78	9530	1220025	0.0078113
all	79	9527	1220025	0.0078089
all	80	9420	1220025	0.0077212
all	81	8972	1220025	0.0073539
all	82	8823	1220025	0.0072318
all	83	8282	1220025	0.0067884
all	84	8291	1220025	0.0067958
all	85	8363	1220025	0.0068548
all	86	7527	1220025	0.0061695
all	87	7431	1220025	0.0060909
all	88	6955	1220025	0.0057007
all	89	6841	1220025	0.0056073
all	90	7188	1220025	0.0058917
all	91	6685	1220025	0.0054794
all	92	6829	1220025	0.0055974
all	93	6396	1220025	0.0052425
all	94	6160	1220025	0.0050491
all	95	6184	1220025	0.0050687
all	96	5939	1220025	0.0048679
all	97	6065	1220025	0.0049712
all	98	5643	1220025	0.0046253
all	99	5562	1220025	0.0045589
all	100	5085	1220025	0.0041679
all	101	5026	1220025	0.0041196
all	102	5216	1220025	0.0042753
all	103	5099	1220025	0.0041794
all	104	4673	1220025	0.0038302
all	105	4438	1220025	0.0036376
all	106	4132	1220025	0.0033868
all	107	4462	1220025	0.0036573
all	108	4127	1220025	0.0033827
all	109	3961	1220025	0.0032467
all	110	3995	1220025	0.0032745
all	111	3769	1220025	0.0030893
all	112	3588	1220025	0.0029409
all	113	3524	1220025	0.0028885
all	114	3293	1220025	0.0026991
all	115	3408	1220025	0.0027934
all	116	3123	1220025	0.0025598
all	117	3078	1220025	0.0025229
all	118	3157	1220025	0.0025877
all	119	3102	1220025	0.0025426
all	120	3100	1220025	0.0025409
all	121	2741	1220025	0.0022467
all	122	2748	1220025	0.0022524
all	123	2745	1220025	0.0022500
all	124	2824	1220025	0.0023147
all	125	2497	1220025	0.0020467
all	126	2444	1220025	0.0020032
all	127	2281	1220025	0.0018696
all	128	2309	1220025	0.0018926
all	129	2131	1220025	0.0017467
all	130	2162	1220025	0.0017721
all	131	1957	1220025	0.0016041
all	132	1967	1220025	0.0016123
all	133	1856	1220025	0.0015213
all	134	1797	1220025	0.0014729
all	135	1711	1220025	0.0014024
all	136	1829	1220025	0.0014991
all	137	1734	1220025	0.0014213
all	138	1673	1220025	0.0013713
all	139	1637	1220025	0.0013418
all	140	1650	1220025	0.0013524
all	141	1578	1220025	0.0012934
all	142	1647	1220025	0.0013500
all	143	1625	1220025	0.0013319
all	144	1455	1220025	0.0011926
all	145	1341	1220025	0.0010992
all	146	1427	1220025	0.0011696
all	147	1455	1220025	0.0011926
all	148	1434	1220025	0.0011754
all	149	1383	1220025	0.0011336
all	150	1309	1220025	0.0010729
all	151	1218	1220025	0.0009983
all	152	1167	1220025	0.0009565
all	153	1111	1220025	0.0009106
all	154	1253	1220025	0.0010270
all	155	1060	1220025	0.0008688
all	156	1005	1220025	0.0008238
all	157	991	1220025	0.0008123
all	158	918	1220025	0.0007524
all	159	970	1220025	0.0007951
all	160	1028	1220025	0.0008426
all	161	966	1220025	0.0007918
all	162	1009	1220025	0.0008270
all	163	1055	1220025	0.0008647
all	164	899	1220025	0.0007369
all	165	802	1220025	0.0006574
all	166	895	1220025	0.0007336
all	167	850	1220025	0.0006967
all	168	1008	1220025	0.0008262
all	169	962	1220025	0.0007885
all	170	902	1220025	0.0007393
all	171	782	1220025	0.0006410
all	172	881	1220025	0.0007221
all	173	830	1220025	0.0006803
all	174	823	1220025	0.0006746
all	175	748	1220025	0.0006131
all	176	717	1220025	0.0005877
all	177	835	1220025	0.0006844
all	178	685	1220025	0.0005615
all	179	657	1220025	0.0005385
all	180	639	1220025	0.0005238
all	181	604	1220025	0.0004951
all	182	721	1220025	0.0005910
all	183	628	1220025	0.0005147
all	184	568	1220025	0.0004656
all	185	661	1220025	0.0005418
all	186	595	1220025	0.0004877
all	187	575	1220025	0.0004713
all	188	580	1220025	0.0004754
all	189	632	1220025	0.0005180
all	190	490	1220025	0.0004016
all	191	512	1220025	0.0004197
all	192	535	1220025	0.0004385
all	193	408	1220025	0.0003344
all	194	519	1220025	0.0004254
all	195	409	1220025	0.0003352
all	196	454	1220025	0.0003721
all	197	450	1220025	0.0003688
all	198	423	1220025	0.0003467
all	199	480	1220025	0.0003934
all	200	392	1220025	0.0003213
all	201	321	1220025	0.0002631
all	202	411	1220025	0.0003369
all	203	376	1220025	0.0003082
all	204	341	1220025	0.0002795
all	205	376	1220025	0.0003082
all	206	382	1220025	0.0003131
all	207	397	1220025	0.0003254
all	208	368	1220025	0.0003016
all	209	396	1220025	0.0003246
all	210	363	1220025	0.0002975
all	211	376	1220025	0.0003082
all	212	347	1220025	0.0002844
all	213	359	1220025	0.0002943
all	214	314	1220025	0.0002574
all	215	331	1220025	0.0002713
all	216	330	1220025	0.0002705
all	217	305	1220025	0.0002500
all	218	357	1220025	0.0002926
all	219	348	1220025	0.0002852
all	220	336	1220025	0.0002754
all	221	320	1220025	0.0002623
all	222	289	1220025	0.0002369
all	223	312	1220025	0.0002557
all	224	272	1220025	0.0002229
all	225	343	1220025	0.0002811
all	226	310	1220025	0.0002541
all	227	273	1220025	0.0002238
all	228	270	1220025	0.0002213
all	229	257	1220025	0.0002107
all	230	235	1220025	0.0001926
all	231	260	1220025	0.0002131
all	232	265	1220025	0.0002172
all	233	303	1220025	0.0002484
all	234	267	1220025	0.0002188
all	235	245	1220025	0.0002008
all	236	224	1220025	0.0001836
all	237	191	1220025	0.0001566
all	238	267	1220025	0.0002188
all	239	240	1220025	0.0001967
all	240	226	1220025	0.0001852
all	241	219	1220025	0.0001795
all	242	266	1220025	0.0002180
all	243	217	1220025	0.0001779
all	244	266	1220025	0.0002180
all	245	312	1220025	0.0002557
all	246	195	1220025	0.0001598
all	247	261	1220025	0.0002139
all	248	216	1220025	0.0001770
all	249	267	1220025	0.0002188
all	250	209	1220025	0.0001713
all	251	240	1220025	0.0001967
all	252	239	1220025	0.0001959
all	253	182	1220025	0.0001492
all	254	214	1220025	0.0001754
all	255	165	1220025	0.0001352
all	256	157	1220025	0.0001287
all	257	168	1220025	0.0001377
all	258	223	1220025	0.0001828
all	259	196	1220025	0.0001607
all	260	186	1220025	0.0001525
all	261	215	1220025	0.0001762
all	262	169	1220025	0.0001385
all	263	167	1220025	0.0001369
all	264	150	1220025	0.0001229
all	265	155	1220025	0.0001270
all	266	146	1220025	0.0001197
all	267	90	1220025	0.0000738
all	268	108	1220025	0.0000885
all	269	111	1220025	0.0000910
all	270	173	1220025	0.0001418
all	271	145	1220025	0.0001189
all	272	131	1220025	0.0001074
all	273	123	1220025	0.0001008
all	274	146	1220025	0.0001197
all	275	140	1220025	0.0001148
all	276	124	1220025	0.0001016
all	277	126	1220025	0.0001033
all	278	103	1220025	0.0000844
all	279	122	1220025	0.0001000
all	280	139	1220025	0.0001139
all	281	189	1220025	0.0001549
all	282	119	1220025	0.0000975
all	283	146	1220025	0.0001197
all	284	119	1220025	0.0000975
all	285	117	1220025	0.0000959
all	286	72	1220025	0.0000590
all	287	121	1220025	0.0000992
all	288	96	1220025	0.0000787
all	289	91	1220025	0.0000746
all	290	96	1220025	0.0000787
all	291	115	1220025	0.0000943
all	292	71	1220025	0.0000582
all	293	76	1220025	0.0000623
all	294	124	1220025	0.0001016
all	295	87	1220025	0.0000713
all	296	103	1220025	0.0000844
all	297	69	1220025	0.0000566
all	298	82	1220025	0.0000672
all	299	78	1220025	0.0000639
all	300	90	1220025	0.0000738
all	301	83	1220025	0.0000680
all	302	63	1220025	0.0000516
all	303	93	1220025	0.0000762
all	304	72	1220025	0.0000590
all	305	53	1220025	0.0000434
all	306	44	1220025	0.0000361
all	307	39	1220025	0.0000320
all	308	59	1220025	0.0000484
all	309	73	1220025	0.0000598
all	310	46	1220025	0.0000377
all	311	78	1220025	0.0000639
all	312	76	1220025	0.0000623
all	313	53	1220025	0.0000434
all	314	79	1220025	0.0000648
all	315	51	1220025	0.0000418
all	316	81	1220025	0.0000664
all	317	52	1220025	0.0000426
all	318	76	1220025	0.0000623
all	319	60	1220025	0.0000492
all	320	49	1220025	0.0000402
all	321	88	1220025	0.0000721
all	322	84	1220025	0.0000689
all	323	76	1220025	0.0000623
all	324	73	1220025	0.0000598
all	325	64	1220025	0.0000525
all	326	49	1220025	0.0000402
all	327	80	1220025	0.0000656
all	328	62	1220025	0.0000508
all	329	57	1220025	0.0000467
all	330	33	1220025	0.0000270
all	331	30	1220025	0.0000246
all	332	37	1220025	0.0000303
all	333	41	1220025	0.0000336
all	334	52	1220025	0.0000426
all	335	27	1220025	0.0000221
all	336	36	1220025	0.0000295
all	337	51	1220025	0.0000418
all	338	44	1220025	0.0000361
all	339	42	1220025	0.0000344
all	340	52	1220025	0.0000426
all	341	53	1220025	0.0000434
all	342	44	1220025	0.0000361
all	343	50	1220025	0.0000410
all	344	37	1220025	0.0000303
all	345	51	1220025	0.0000418
all	346	22	1220025	0.0000180
all	347	32	1220025	0.0000262
all	348	35	1220025	0.0000287
all	349	27	1220025	0.0000221
all	350	22	1220025	0.0000180
all	351	46	1220025	0.0000377
all	352	23	1220025	0.0000189
all	353	28	1220025	0.0000230
all	354	25	1220025	0.0000205
all	355	45	1220025	0.0000369
all	356	30	1220025	0.0000246
all	357	34	1220025	0.0000279
all	358	29	1220025	0.0000238
all	359	27	1220025	0.0000221
all	360	27	1220025	0.0000221
all	361	27	1220025	0.0000221
all	362	15	1220025	0.0000123
all	363	45	1220025	0.0000369
all	364	17	1220025	0.0000139
all	365	21	1220025	0.0000172
all	366	18	1220025	0.0000148
all	367	38	1220025	0.0000311
all	368	13	1220025	0.0000107
all	369	19	1220025	0.0000156
all	370	20	1220025	0.0000164
all	371	15	1220025	0.0000123
all	372	27	1220025	0.0000221
all	373	24	1220025	0.0000197
all	374	23	1220025	0.0000189
all	375	39	1220025	0.0000320
all	376	11	1220025	0.0000090
all	377	22	1220025	0.0000180
all	378	25	1220025	0.0000205
all	379	6	1220025	0.0000049
all	380	41	1220025	0.0000336
all	381	20	1220025	0.0000164
all	382	25	1220025	0.0000205
all	383	29	1220025	0.0000238
all	384	26	1220025	0.0000213
all	385	14	1220025	0.0000115
all	386	26	1220025	0.0000213
all	387	21	1220025	0.0000172
all	388	25	1220025	0.0000205
all	389	10	1220025	0.0000082
all	390	20	1220025	0.0000164
all	391	13	1220025	0.0000107
all	392	12	1220025	0.0000098
all	393	4	1220025	0.0000033
all	394	8	1220025	0.0000066
all	395	21	1220025	0.0000172
all	396	21	1220025	0.0000172
all	397	16	1220025	0.0000131
all	398	19	1220025	0.0000156
all	399	16	1220025	0.0000131
all	400	23	1220025	0.0000189
all	401	20	1220025	0.0000164
all	402	23	1220025	0.0000189
all	403	10	1220025	0.0000082
all	404	14	1220025	0.0000115
all	405	12	1220025	0.0000098
all	406	23	1220025	0.0000189
all	407	10	1220025	0.0000082
all	408	7	1220025	0.0000057
all	409	29	1220025	0.0000238
all	410	8	1220025	0.0000066
all	411	7	1220025	0.0000057
all	412	11	1220025	0.0000090
all	413	18	1220025	0.0000148
all	414	8	1220025	0.0000066
all	415	15	1220025	0.0000123
all	416	10	1220025	0.0000082
all	417	10	1220025	0.0000082
all	418	20	1220025	0.0000164
all	419	22	1220025	0.0000180
all	420	11	1220025	0.0000090
all	421	12	1220025	0.0000098
all	422	14	1220025	0.0000115
all	423	16	1220025	0.0000131
all	424	6	1220025	0.0000049
all	425	8	1220025	0.0000066
all	426	26	1220025	0.0000213
all	427	22	1220025	0.0000180
all	428	24	1220025	0.0000197
all	429	9	1220025	0.0000074
all	430	10	1220025	0.0000082
all	431	16	1220025	0.0000131
all	432	16	1220025	0.0000131
all	433	3	1220025	0.0000025
all	434	3	1220025	0.0000025
all	435	17	1220025	0.0000139
all	436	9	1220025	0.0000074
all	437	13	1220025	0.0000107
all	438	13	1220025	0.0000107
all	439	8	1220025	0.0000066
all	440	3	1220025	0.0000025
all	441	6	1220025	0.0000049
all	442	10	1220025	0.0000082
all	443	10	1220025	0.0000082
all	444	12	1220025	0.0000098
all	445	18	1220025	0.0000148
all	446	11	1220025	0.0000090
all	447	16	1220025	0.0000131
all	448	14	1220025	0.0000115
all	449	3	1220025	0.0000025
all	450	7	1220025	0.0000057
all	451	15	1220025	0.0000123
all	452	23	1220025	0.0000189
all	453	22	1220025	0.0000180
all	454	13	1220025	0.0000107
all	455	11	1220025	0.0000090
all	456	7	1220025	0.0000057
all	457	10	1220025	0.0000082
all	458	21	1220025	0.0000172
all	459	4	1220025	0.0000033
all	460	9	1220025	0.0000074
all	461	4	1220025	0.0000033
all	462	7	1220025	0.0000057
all	463	6	1220025	0.0000049
all	464	10	1220025	0.0000082
all	465	8	1220025	0.0000066
all	466	18	1220025	0.0000148
all	467	4	1220025	0.0000033
all	468	9	1220025	0.0000074
all	469	5	1220025	0.0000041
all	470	6	1220025	0.0000049
all	471	1	1220025	0.0000008
all	472	7	1220025	0.0000057
all	473	5	1220025	0.0000041
all	474	8	1220025	0.0000066
all	475	4	1220025	0.0000033
all	476	2	1220025	0.0000016
all	477	2	1220025	0.0000016
all	478	3	1220025	0.0000025
all	479	4	1220025	0.0000033
all	480	6	1220025	0.0000049
all	481	12	1220025	0.0000098
all	482	8	1220025	0.0000066
all	483	1	1220025	0.0000008
all	484	8	1220025	0.0000066
all	485	6	1220025	0.0000049
all	486	1	1220025	0.0000008
all	487	11	1220025	0.0000090
all	488	16	1220025	0.0000131
all	489	1	1220025	0.0000008
all	490	11	1220025	0.0000090
all	491	32	1220025	0.0000262
all	492	4	1220025	0.0000033
all	493	7	1220025	0.0000057
all	494	4	1220025	0.0000033
all	495	6	1220025	0.0000049
all	496	9	1220025	0.0000074
all	497	9	1220025	0.0000074
all	498	6	1220025	0.0000049
all	499	4	1220025	0.0000033
all	500	7	1220025	0.0000057
all	501	5	1220025	0.0000041
all	502	3	1220025	0.0000025
all	503	5	1220025	0.0000041
all	504	6	1220025	0.0000049
all	505	6	1220025	0.0000049
all	506	7	1220025	0.0000057
all	508	4	1220025	0.0000033
all	509	5	1220025	0.0000041
all	510	12	1220025	0.0000098
all	511	3	1220025	0.0000025
all	512	2	1220025	0.0000016
all	513	1	1220025	0.0000008
all	514	6	1220025	0.0000049
all	515	1	1220025	0.0000008
all	516	8	1220025	0.0000066
all	517	1	1220025	0.0000008
all	518	10	1220025	0.0000082
all	519	1	1220025	0.0000008
all	520	2	1220025	0.0000016
all	521	7	1220025	0.0000057
all	522	2	1220025	0.0000016
all	523	4	1220025	0.0000033
all	524	2	1220025	0.0000016
all	525	3	1220025	0.0000025
all	526	4	1220025	0.0000033
all	527	2	1220025	0.0000016
all	528	4	1220025	0.0000033
all	529	7	1220025	0.0000057
all	530	1	1220025	0.0000008
all	531	4	1220025	0.0000033
all	532	4	1220025	0.0000033
all	533	7	1220025	0.0000057
all	534	6	1220025	0.0000049
all	535	5	1220025	0.0000041
all	536	3	1220025	0.0000025
all	537	1	1220025	0.0000008
all	538	2	1220025	0.0000016
all	539	1	1220025	0.0000008
all	540	2	1220025	0.0000016
all	541	3	1220025	0.0000025
all	542	8	1220025	0.0000066
all	543	8	1220025	0.0000066
all	544	4	1220025	0.0000033
all	545	1	1220025	0.0000008
all	546	8	1220025	0.0000066
all	548	1	1220025	0.0000008
all	550	3	1220025	0.0000025
all	551	1	1220025	0.0000008
all	552	9	1220025	0.0000074
all	553	4	1220025	0.0000033
all	554	1	1220025	0.0000008
all	555	9	1220025	0.0000074
all	556	1	1220025	0.0000008
all	557	3	1220025	0.0000025
all	558	15	1220025	0.0000123
all	559	7	1220025	0.0000057
all	560	1	1220025	0.0000008
all	561	5	1220025	0.0000041
all	562	3	1220025	0.0000025
all	563	2	1220025	0.0000016
all	564	7	1220025	0.0000057
all	565	3	1220025	0.0000025
all	566	5	1220025	0.0000041
all	567	1	1220025	0.0000008
all	568	2	1220025	0.0000016
all	569	7	1220025	0.0000057
all	570	2	1220025	0.0000016
all	571	8	1220025	0.0000066
all	572	3	1220025	0.0000025
all	573	3	1220025	0.0000025
all	574	1	1220025	0.0000008
all	575	1	1220025	0.0000008
all	576	2	1220025	0.0000016
all	577	8	1220025	0.0000066
all	578	2	1220025	0.0000016
all	579	3	1220025	0.0000025
all	580	3	1220025	0.0000025
all	582	3	1220025	0.0000025
all	584	2	1220025	0.0000016
all	585	2	1220025	0.0000016
all	587	2	1220025	0.0000016
all	589	1	1220025	0.0000008
all	591	1	1220025	0.0000008
all	592	1	1220025	0.0000008
all	593	1	1220025	0.0000008
all	594	2	1220025	0.0000016
all	595	2	1220025	0.0000016
all	596	1	1220025	0.0000008
all	599	1	1220025	0.0000008
all	601	4	1220025	0.0000033
all	602	1	1220025	0.0000008
all	603	1	1220025	0.0000008
all	604	2	1220025	0.0000016
all	605	2	1220025	0.0000016
all	606	2	1220025	0.0000016
all	607	1	1220025	0.0000008
all	608	1	1220025	0.0000008
all	609	4	1220025	0.0000033
all	610	2	1220025	0.0000016
all	611	4	1220025	0.0000033
all	612	2	1220025	0.0000016
all	613	5	1220025	0.0000041
all	614	1	1220025	0.0000008
all	615	3	1220025	0.0000025
all	617	1	1220025	0.0000008
all	618	10	1220025	0.0000082
all	619	3	1220025	0.0000025
all	620	2	1220025	0.0000016
all	621	1	1220025	0.0000008
all	622	5	1220025	0.0000041
all	623	1	1220025	0.0000008
all	624	2	1220025	0.0000016
all	625	1	1220025	0.0000008
all	626	2	1220025	0.0000016
all	627	3	1220025	0.0000025
all	628	2	1220025	0.0000016
all	629	1	1220025	0.0000008
all	630	3	1220025	0.0000025
all	631	1	1220025	0.0000008
all	632	6	1220025	0.0000049
all	633	7	1220025	0.0000057
all	635	1	1220025	0.0000008
all	636	4	1220025	0.0000033
all	637	6	1220025	0.0000049
all	638	9	1220025	0.0000074
all	642	1	1220025	0.0000008
all	643	5	1220025	0.0000041
all	644	2	1220025	0.0000016
all	646	2	1220025	0.0000016
all	647	2	1220025	0.0000016
all	648	2	1220025	0.0000016
all	649	6	1220025	0.0000049
all	650	1	1220025	0.0000008
all	651	3	1220025	0.0000025
all	653	2	1220025	0.0000016
all	659	2	1220025	0.0000016
all	660	1	1220025	0.0000008
all	661	7	1220025	0.0000057
all	664	1	1220025	0.0000008
all	666	2	1220025	0.0000016
all	667	1	1220025	0.0000008
all	668	2	1220025	0.0000016
all	669	5	1220025	0.0000041
all	670	3	1220025	0.0000025
all	671	3	1220025	0.0000025
all	672	1	1220025	0.0000008
all	673	7	1220025	0.0000057
all	674	3	1220025	0.0000025
all	677	2	1220025	0.0000016
all	678	1	1220025	0.0000008
all	679	5	1220025	0.0000041
all	680	2	1220025	0.0000016
all	681	4	1220025	0.0000033
all	683	2	1220025	0.0000016
all	684	2	1220025	0.0000016
all	685	2	1220025	0.0000016
all	686	2	1220025	0.0000016
all	687	1	1220025	0.0000008
all	688	3	1220025	0.0000025
all	689	4	1220025	0.0000033
all	690	1	1220025	0.0000008
all	691	4	1220025	0.0000033
all	692	2	1220025	0.0000016
all	700	1	1220025	0.0000008
all	701	5	1220025	0.0000041
all	702	3	1220025	0.0000025
all	732	1	1220025	0.0000008
all	739	1	1220025	0.0000008
all	740	1	1220025	0.0000008
all	746	1	1220025	0.0000008
all	758	1	1220025	0.0000008
all	759	3	1220025	0.0000025
all	760	1	1220025	0.0000008
