all	0	13002	1220025	0.0106572
all	1	4277	1220025	0.0035057
all	2	4869	1220025	0.0039909
all	3	5505	1220025	0.0045122
all	4	7655	1220025	0.0062745
all	5	6706	1220025	0.0054966
all	6	8796	1220025	0.0072097
all	7	8868	1220025	0.0072687
all	8	9761	1220025	0.0080007
all	9	9626	1220025	0.0078900
all	10	10933	1220025	0.0089613
all	11	11321	1220025	0.0092793
all	12	12395	1220025	0.0101596
all	13	13091	1220025	0.0107301
all	14	14435	1220025	0.0118317
all	15	13743	1220025	0.0112645
all	16	13838	1220025	0.0113424
all	17	15455	1220025	0.0126678
all	18	15762	1220025	0.0129194
all	19	16392	1220025	0.0134358
all	20	16553	1220025	0.0135678
all	21	16957	1220025	0.0138989
all	22	16763	1220025	0.0137399
all	23	17200	1220025	0.0140981
all	24	16824	1220025	0.0137899
all	25	17521	1220025	0.0143612
all	26	17547	1220025	0.0143825
all	27	17902	1220025	0.0146735
all	28	17452	1220025	0.0143046
all	29	17387	1220025	0.0142513
all	30	18151	1220025	0.0148776
all	31	17809	1220025	0.0145972
all	32	17293	1220025	0.0141743
all	33	17074	1220025	0.0139948
all	34	16943	1220025	0.0138874
all	35	17144	1220025	0.0140522
all	36	16354	1220025	0.0134046
all	37	16692	1220025	0.0136817
all	38	17357	1220025	0.0142268
all	39	17133	1220025	0.0140432
all	40	15442	1220025	0.0126571
all	41	15312	1220025	0.0125506
all	42	13849	1220025	0.0113514
all	43	14915	1220025	0.0122252
all	44	14362	1220025	0.0117719
all	45	14490	1220025	0.0118768
all	46	14588	1220025	0.0119571
all	47	13896	1220025	0.0113899
all	48	13715	1220025	0.0112416
all	49	12710	1220025	0.0104178
all	50	13136	1220025	0.0107670
all	51	12654	1220025	0.0103719
all	52	12372	1220025	0.0101408
all	53	12549	1220025	0.0102859
all	54	12362	1220025	0.0101326
all	55	11726	1220025	0.0096113
all	56	11846	1220025	0.0097096
all	57	11547	1220025	0.0094646
all	58	10444	1220025	0.0085605
all	59	10722	1220025	0.0087883
all	60	10408	1220025	0.0085310
all	61	10166	1220025	0.0083326
all	62	10092	1220025	0.0082720
all	63	9752	1220025	0.0079933
all	64	8726	1220025	0.0071523
all	65	8527	1220025	0.0069892
all	66	8613	1220025	0.0070597
all	67	8269	1220025	0.0067777
all	68	7982	1220025	0.0065425
all	69	7725	1220025	0.0063318
all	70	7742	1220025	0.0063458
all	71	7796	1220025	0.0063900
all	72	7577	1220025	0.0062105
all	73	7089	1220025	0.0058105
all	74	7029	1220025	0.0057614
all	75	6372	1220025	0.0052228
all	76	6409	1220025	0.0052532
all	77	6077	1220025	0.0049810
all	78	5934	1220025	0.0048638
all	79	5544	1220025	0.0045442
all	80	5656	1220025	0.0046360
all	81	5173	1220025	0.0042401
all	82	5165	1220025	0.0042335
all	83	5428	1220025	0.0044491
all	84	4826	1220025	0.0039557
all	85	4853	1220025	0.0039778
all	86	4785	1220025	0.0039221
all	87	4515	1220025	0.0037007
all	88	4406	1220025	0.0036114
all	89	4162	1220025	0.0034114
all	90	4383	1220025	0.0035925
all	91	4054	1220025	0.0033229
all	92	4238	1220025	0.0034737
all	93	3747	1220025	0.0030712
all	94	3695	1220025	0.0030286
all	95	3435	1220025	0.0028155
all	96	3468	1220025	0.0028426
all	97	3604	1220025	0.0029540
all	98	3460	1220025	0.0028360
all	99	3367	1220025	0.0027598
all	100	3175	1220025	0.0026024
all	101	3104	1220025	0.0025442
all	102	2873	1220025	0.0023549
all	103	2828	1220025	0.0023180
all	104	2776	1220025	0.0022754
all	105	2814	1220025	0.0023065
all	106	2693	1220025	0.0022073
all	107	2535	1220025	0.0020778
all	108	2650	1220025	0.0021721
all	109	2781	1220025	0.0022795
all	110	2402	1220025	0.0019688
all	111	2320	1220025	0.0019016
all	112	2325	1220025	0.0019057
all	113	2371	1220025	0.0019434
all	114	2090	1220025	0.0017131
all	115	1891	1220025	0.0015500
all	116	2069	1220025	0.0016959
all	117	1768	1220025	0.0014492
all	118	2073	1220025	0.0016991
all	119	2002	1220025	0.0016409
all	120	1755	1220025	0.0014385
all	121	1666	1220025	0.0013655
all	122	1682	1220025	0.0013787
all	123	1800	1220025	0.0014754
all	124	1778	1220025	0.0014573
all	125	1726	1220025	0.0014147
all	126	1546	1220025	0.0012672
all	127	1524	1220025	0.0012492
all	128	1551	1220025	0.0012713
all	129	1534	1220025	0.0012574
all	130	1561	1220025	0.0012795
all	131	1384	1220025	0.0011344
all	132	1363	1220025	0.0011172
all	133	1376	1220025	0.0011278
all	134	1332	1220025	0.0010918
all	135	1271	1220025	0.0010418
all	136	1417	1220025	0.0011615
all	137	1258	1220025	0.0010311
all	138	1370	1220025	0.0011229
all	139	1242	1220025	0.0010180
all	140	1150	1220025	0.0009426
all	141	955	1220025	0.0007828
all	142	1077	1220025	0.0008828
all	143	1010	1220025	0.0008279
all	144	1063	1220025	0.0008713
all	145	1090	1220025	0.0008934
all	146	968	1220025	0.0007934
all	147	987	1220025	0.0008090
all	148	1062	1220025	0.0008705
all	149	1033	1220025	0.0008467
all	150	888	1220025	0.0007279
all	151	995	1220025	0.0008156
all	152	911	1220025	0.0007467
all	153	993	1220025	0.0008139
all	154	931	1220025	0.0007631
all	155	946	1220025	0.0007754
all	156	867	1220025	0.0007106
all	157	970	1220025	0.0007951
all	158	756	1220025	0.0006197
all	159	835	1220025	0.0006844
all	160	759	1220025	0.0006221
all	161	783	1220025	0.0006418
all	162	770	1220025	0.0006311
all	163	711	1220025	0.0005828
all	164	749	1220025	0.0006139
all	165	725	1220025	0.0005943
all	166	727	1220025	0.0005959
all	167	737	1220025	0.0006041
all	168	705	1220025	0.0005779
all	169	549	1220025	0.0004500
all	170	580	1220025	0.0004754
all	171	594	1220025	0.0004869
all	172	623	1220025	0.0005106
all	173	545	1220025	0.0004467
all	174	653	1220025	0.0005352
all	175	647	1220025	0.0005303
all	176	619	1220025	0.0005074
all	177	661	1220025	0.0005418
all	178	525	1220025	0.0004303
all	179	533	1220025	0.0004369
all	180	550	1220025	0.0004508
all	181	577	1220025	0.0004729
all	182	528	1220025	0.0004328
all	183	491	1220025	0.0004025
all	184	539	1220025	0.0004418
all	185	477	1220025	0.0003910
all	186	547	1220025	0.0004484
all	187	537	1220025	0.0004402
all	188	500	1220025	0.0004098
all	189	378	1220025	0.0003098
all	190	411	1220025	0.0003369
all	191	492	1220025	0.0004033
all	192	453	1220025	0.0003713
all	193	438	1220025	0.0003590
all	194	400	1220025	0.0003279
all	195	429	1220025	0.0003516
all	196	400	1220025	0.0003279
all	197	368	1220025	0.0003016
all	198	333	1220025	0.0002729
all	199	372	1220025	0.0003049
all	200	333	1220025	0.0002729
all	201	323	1220025	0.0002647
all	202	317	1220025	0.0002598
all	203	368	1220025	0.0003016
all	204	308	1220025	0.0002525
all	205	279	1220025	0.0002287
all	206	367	1220025	0.0003008
all	207	321	1220025	0.0002631
all	208	287	1220025	0.0002352
all	209	318	1220025	0.0002607
all	210	377	1220025	0.0003090
all	211	339	1220025	0.0002779
all	212	289	1220025	0.0002369
all	213	281	1220025	0.0002303
all	214	298	1220025	0.0002443
all	215	241	1220025	0.0001975
all	216	288	1220025	0.0002361
all	217	269	1220025	0.0002205
all	218	286	1220025	0.0002344
all	219	305	1220025	0.0002500
all	220	295	1220025	0.0002418
all	221	308	1220025	0.0002525
all	222	333	1220025	0.0002729
all	223	320	1220025	0.0002623
all	224	301	1220025	0.0002467
all	225	305	1220025	0.0002500
all	226	381	1220025	0.0003123
all	227	282	1220025	0.0002311
all	228	276	1220025	0.0002262
all	229	277	1220025	0.0002270
all	230	255	1220025	0.0002090
all	231	229	1220025	0.0001877
all	232	220	1220025	0.0001803
all	233	254	1220025	0.0002082
all	234	214	1220025	0.0001754
all	235	228	1220025	0.0001869
all	236	252	1220025	0.0002066
all	237	232	1220025	0.0001902
all	238	173	1220025	0.0001418
all	239	236	1220025	0.0001934
all	240	206	1220025	0.0001688
all	241	240	1220025	0.0001967
all	242	214	1220025	0.0001754
all	243	234	1220025	0.0001918
all	244	221	1220025	0.0001811
all	245	259	1220025	0.0002123
all	246	174	1220025	0.0001426
all	247	220	1220025	0.0001803
all	248	197	1220025	0.0001615
all	249	188	1220025	0.0001541
all	250	221	1220025	0.0001811
all	251	168	1220025	0.0001377
all	252	220	1220025	0.0001803
all	253	197	1220025	0.0001615
all	254	239	1220025	0.0001959
all	255	219	1220025	0.0001795
all	256	211	1220025	0.0001729
all	257	236	1220025	0.0001934
all	258	212	1220025	0.0001738
all	259	226	1220025	0.0001852
all	260	233	1220025	0.0001910
all	261	145	1220025	0.0001189
all	262	169	1220025	0.0001385
all	263	135	1220025	0.0001107
all	264	135	1220025	0.0001107
all	265	206	1220025	0.0001688
all	266	214	1220025	0.0001754
all	267	199	1220025	0.0001631
all	268	152	1220025	0.0001246
all	269	177	1220025	0.0001451
all	270	139	1220025	0.0001139
all	271	163	1220025	0.0001336
all	272	120	1220025	0.0000984
all	273	148	1220025	0.0001213
all	274	161	1220025	0.0001320
all	275	151	1220025	0.0001238
all	276	135	1220025	0.0001107
all	277	110	1220025	0.0000902
all	278	126	1220025	0.0001033
all	279	201	1220025	0.0001648
all	280	164	1220025	0.0001344
all	281	140	1220025	0.0001148
all	282	128	1220025	0.0001049
all	283	160	1220025	0.0001311
all	284	111	1220025	0.0000910
all	285	140	1220025	0.0001148
all	286	125	1220025	0.0001025
all	287	126	1220025	0.0001033
all	288	105	1220025	0.0000861
all	289	113	1220025	0.0000926
all	290	86	1220025	0.0000705
all	291	138	1220025	0.0001131
all	292	137	1220025	0.0001123
all	293	145	1220025	0.0001189
all	294	122	1220025	0.0001000
all	295	137	1220025	0.0001123
all	296	145	1220025	0.0001189
all	297	89	1220025	0.0000729
all	298	140	1220025	0.0001148
all	299	151	1220025	0.0001238
all	300	115	1220025	0.0000943
all	301	91	1220025	0.0000746
all	302	99	1220025	0.0000811
all	303	115	1220025	0.0000943
all	304	88	1220025	0.0000721
all	305	90	1220025	0.0000738
all	306	78	1220025	0.0000639
all	307	79	1220025	0.0000648
all	308	95	1220025	0.0000779
all	309	67	1220025	0.0000549
all	310	84	1220025	0.0000689
all	311	55	1220025	0.0000451
all	312	83	1220025	0.0000680
all	313	98	1220025	0.0000803
all	314	76	1220025	0.0000623
all	315	82	1220025	0.0000672
all	316	88	1220025	0.0000721
all	317	48	1220025	0.0000393
all	318	78	1220025	0.0000639
all	319	69	1220025	0.0000566
all	320	77	1220025	0.0000631
all	321	51	1220025	0.0000418
all	322	86	1220025	0.0000705
all	323	96	1220025	0.0000787
all	324	101	1220025	0.0000828
all	325	98	1220025	0.0000803
all	326	98	1220025	0.0000803
all	327	66	1220025	0.0000541
all	328	57	1220025	0.0000467
all	329	61	1220025	0.0000500
all	330	97	1220025	0.0000795
all	331	76	1220025	0.0000623
all	332	71	1220025	0.0000582
all	333	85	1220025	0.0000697
all	334	59	1220025	0.0000484
all	335	68	1220025	0.0000557
all	336	45	1220025	0.0000369
all	337	62	1220025	0.0000508
all	338	116	1220025	0.0000951
all	339	70	1220025	0.0000574
all	340	49	1220025	0.0000402
all	341	59	1220025	0.0000484
all	342	67	1220025	0.0000549
all	343	68	1220025	0.0000557
all	344	37	1220025	0.0000303
all	345	43	1220025	0.0000352
all	346	55	1220025	0.0000451
all	347	67	1220025	0.0000549
all	348	42	1220025	0.0000344
all	349	64	1220025	0.0000525
all	350	30	1220025	0.0000246
all	351	54	1220025	0.0000443
all	352	37	1220025	0.0000303
all	353	41	1220025	0.0000336
all	354	70	1220025	0.0000574
all	355	73	1220025	0.0000598
all	356	46	1220025	0.0000377
all	357	52	1220025	0.0000426
all	358	29	1220025	0.0000238
all	359	41	1220025	0.0000336
all	360	58	1220025	0.0000475
all	361	27	1220025	0.0000221
all	362	33	1220025	0.0000270
all	363	36	1220025	0.0000295
all	364	37	1220025	0.0000303
all	365	47	1220025	0.0000385
all	366	41	1220025	0.0000336
all	367	39	1220025	0.0000320
all	368	30	1220025	0.0000246
all	369	36	1220025	0.0000295
all	370	39	1220025	0.0000320
all	371	41	1220025	0.0000336
all	372	57	1220025	0.0000467
all	373	45	1220025	0.0000369
all	374	46	1220025	0.0000377
all	375	39	1220025	0.0000320
all	376	37	1220025	0.0000303
all	377	43	1220025	0.0000352
all	378	27	1220025	0.0000221
all	379	55	1220025	0.0000451
all	380	64	1220025	0.0000525
all	381	56	1220025	0.0000459
all	382	39	1220025	0.0000320
all	383	30	1220025	0.0000246
all	384	18	1220025	0.0000148
all	385	38	1220025	0.0000311
all	386	28	1220025	0.0000230
all	387	39	1220025	0.0000320
all	388	52	1220025	0.0000426
all	389	33	1220025	0.0000270
all	390	34	1220025	0.0000279
all	391	49	1220025	0.0000402
all	392	46	1220025	0.0000377
all	393	42	1220025	0.0000344
all	394	46	1220025	0.0000377
all	395	52	1220025	0.0000426
all	396	34	1220025	0.0000279
all	397	45	1220025	0.0000369
all	398	28	1220025	0.0000230
all	399	32	1220025	0.0000262
all	400	56	1220025	0.0000459
all	401	45	1220025	0.0000369
all	402	42	1220025	0.0000344
all	403	49	1220025	0.0000402
all	404	61	1220025	0.0000500
all	405	46	1220025	0.0000377
all	406	28	1220025	0.0000230
all	407	26	1220025	0.0000213
all	408	29	1220025	0.0000238
all	409	17	1220025	0.0000139
all	410	25	1220025	0.0000205
all	411	16	1220025	0.0000131
all	412	19	1220025	0.0000156
all	413	21	1220025	0.0000172
all	414	36	1220025	0.0000295
all	415	40	1220025	0.0000328
all	416	24	1220025	0.0000197
all	417	15	1220025	0.0000123
all	418	19	1220025	0.0000156
all	419	28	1220025	0.0000230
all	420	23	1220025	0.0000189
all	421	32	1220025	0.0000262
all	422	17	1220025	0.0000139
all	423	27	1220025	0.0000221
all	424	24	1220025	0.0000197
all	425	24	1220025	0.0000197
all	426	21	1220025	0.0000172
all	427	22	1220025	0.0000180
all	428	38	1220025	0.0000311
all	429	34	1220025	0.0000279
all	430	18	1220025	0.0000148
all	431	26	1220025	0.0000213
all	432	19	1220025	0.0000156
all	433	32	1220025	0.0000262
all	434	26	1220025	0.0000213
all	435	10	1220025	0.0000082
all	436	42	1220025	0.0000344
all	437	35	1220025	0.0000287
all	438	28	1220025	0.0000230
all	439	13	1220025	0.0000107
all	440	31	1220025	0.0000254
all	441	15	1220025	0.0000123
all	442	21	1220025	0.0000172
all	443	31	1220025	0.0000254
all	444	35	1220025	0.0000287
all	445	27	1220025	0.0000221
all	446	15	1220025	0.0000123
all	447	29	1220025	0.0000238
all	448	20	1220025	0.0000164
all	449	13	1220025	0.0000107
all	450	29	1220025	0.0000238
all	451	19	1220025	0.0000156
all	452	22	1220025	0.0000180
all	453	32	1220025	0.0000262
all	454	18	1220025	0.0000148
all	455	21	1220025	0.0000172
all	456	33	1220025	0.0000270
all	457	56	1220025	0.0000459
all	458	39	1220025	0.0000320
all	459	44	1220025	0.0000361
all	460	19	1220025	0.0000156
all	461	12	1220025	0.0000098
all	462	12	1220025	0.0000098
all	463	17	1220025	0.0000139
all	464	26	1220025	0.0000213
all	465	16	1220025	0.0000131
all	466	14	1220025	0.0000115
all	467	19	1220025	0.0000156
all	468	17	1220025	0.0000139
all	469	21	1220025	0.0000172
all	470	5	1220025	0.0000041
all	471	6	1220025	0.0000049
all	472	9	1220025	0.0000074
all	473	6	1220025	0.0000049
all	474	20	1220025	0.0000164
all	475	13	1220025	0.0000107
all	476	13	1220025	0.0000107
all	477	8	1220025	0.0000066
all	478	10	1220025	0.0000082
all	479	13	1220025	0.0000107
all	480	6	1220025	0.0000049
all	481	19	1220025	0.0000156
all	482	15	1220025	0.0000123
all	483	14	1220025	0.0000115
all	484	12	1220025	0.0000098
all	485	8	1220025	0.0000066
all	486	8	1220025	0.0000066
all	487	1	1220025	0.0000008
all	488	13	1220025	0.0000107
all	489	5	1220025	0.0000041
all	490	5	1220025	0.0000041
all	491	13	1220025	0.0000107
all	492	8	1220025	0.0000066
all	493	5	1220025	0.0000041
all	494	6	1220025	0.0000049
all	495	4	1220025	0.0000033
all	496	7	1220025	0.0000057
all	497	7	1220025	0.0000057
all	498	8	1220025	0.0000066
all	499	7	1220025	0.0000057
all	500	1	1220025	0.0000008
all	501	4	1220025	0.0000033
all	502	11	1220025	0.0000090
all	503	20	1220025	0.0000164
all	504	3	1220025	0.0000025
all	505	16	1220025	0.0000131
all	506	2	1220025	0.0000016
all	507	5	1220025	0.0000041
all	508	1	1220025	0.0000008
all	509	2	1220025	0.0000016
all	510	2	1220025	0.0000016
all	511	3	1220025	0.0000025
all	512	4	1220025	0.0000033
all	513	14	1220025	0.0000115
all	514	10	1220025	0.0000082
all	515	1	1220025	0.0000008
all	516	7	1220025	0.0000057
all	517	17	1220025	0.0000139
all	518	8	1220025	0.0000066
all	519	8	1220025	0.0000066
all	520	1	1220025	0.0000008
all	522	14	1220025	0.0000115
all	523	6	1220025	0.0000049
all	524	2	1220025	0.0000016
all	525	1	1220025	0.0000008
all	526	13	1220025	0.0000107
all	527	1	1220025	0.0000008
all	528	3	1220025	0.0000025
all	529	5	1220025	0.0000041
all	530	2	1220025	0.0000016
all	531	4	1220025	0.0000033
all	532	3	1220025	0.0000025
all	533	6	1220025	0.0000049
all	534	4	1220025	0.0000033
all	535	8	1220025	0.0000066
all	536	10	1220025	0.0000082
all	537	2	1220025	0.0000016
all	538	2	1220025	0.0000016
all	539	2	1220025	0.0000016
all	540	1	1220025	0.0000008
all	541	3	1220025	0.0000025
all	543	4	1220025	0.0000033
all	544	1	1220025	0.0000008
all	545	5	1220025	0.0000041
all	547	4	1220025	0.0000033
all	548	8	1220025	0.0000066
all	549	3	1220025	0.0000025
all	550	10	1220025	0.0000082
all	551	1	1220025	0.0000008
all	552	2	1220025	0.0000016
all	553	4	1220025	0.0000033
all	554	15	1220025	0.0000123
all	555	2	1220025	0.0000016
all	556	1	1220025	0.0000008
all	557	2	1220025	0.0000016
all	558	11	1220025	0.0000090
all	559	5	1220025	0.0000041
all	560	3	1220025	0.0000025
all	561	6	1220025	0.0000049
all	562	4	1220025	0.0000033
all	563	3	1220025	0.0000025
all	564	2	1220025	0.0000016
all	565	1	1220025	0.0000008
all	566	2	1220025	0.0000016
all	567	1	1220025	0.0000008
all	568	6	1220025	0.0000049
all	569	1	1220025	0.0000008
all	570	3	1220025	0.0000025
all	571	7	1220025	0.0000057
all	572	5	1220025	0.0000041
all	573	11	1220025	0.0000090
all	574	13	1220025	0.0000107
all	575	17	1220025	0.0000139
all	576	12	1220025	0.0000098
all	577	13	1220025	0.0000107
all	578	22	1220025	0.0000180
all	579	4	1220025	0.0000033
all	580	10	1220025	0.0000082
all	581	10	1220025	0.0000082
all	582	6	1220025	0.0000049
all	583	11	1220025	0.0000090
all	584	5	1220025	0.0000041
all	585	3	1220025	0.0000025
all	586	8	1220025	0.0000066
all	587	5	1220025	0.0000041
all	588	11	1220025	0.0000090
all	589	2	1220025	0.0000016
all	590	4	1220025	0.0000033
all	591	9	1220025	0.0000074
all	592	6	1220025	0.0000049
all	593	13	1220025	0.0000107
all	594	5	1220025	0.0000041
all	595	20	1220025	0.0000164
all	596	26	1220025	0.0000213
all	597	16	1220025	0.0000131
all	598	2	1220025	0.0000016
all	599	4	1220025	0.0000033
all	600	5	1220025	0.0000041
all	601	4	1220025	0.0000033
all	602	6	1220025	0.0000049
all	603	8	1220025	0.0000066
all	604	10	1220025	0.0000082
all	605	7	1220025	0.0000057
all	606	3	1220025	0.0000025
all	607	7	1220025	0.0000057
all	608	7	1220025	0.0000057
all	609	10	1220025	0.0000082
all	610	6	1220025	0.0000049
all	611	10	1220025	0.0000082
all	612	11	1220025	0.0000090
all	613	1	1220025	0.0000008
all	614	7	1220025	0.0000057
all	615	3	1220025	0.0000025
all	616	9	1220025	0.0000074
all	617	6	1220025	0.0000049
all	618	5	1220025	0.0000041
all	619	11	1220025	0.0000090
all	620	1	1220025	0.0000008
all	621	9	1220025	0.0000074
all	622	1	1220025	0.0000008
all	623	7	1220025	0.0000057
all	624	2	1220025	0.0000016
all	625	1	1220025	0.0000008
all	626	3	1220025	0.0000025
all	627	7	1220025	0.0000057
all	628	8	1220025	0.0000066
all	629	1	1220025	0.0000008
all	630	2	1220025	0.0000016
all	631	1	1220025	0.0000008
all	634	2	1220025	0.0000016
all	635	3	1220025	0.0000025
all	636	2	1220025	0.0000016
all	637	1	1220025	0.0000008
all	638	2	1220025	0.0000016
all	639	1	1220025	0.0000008
all	640	7	1220025	0.0000057
all	641	6	1220025	0.0000049
all	642	3	1220025	0.0000025
all	643	8	1220025	0.0000066
all	644	6	1220025	0.0000049
all	645	3	1220025	0.0000025
all	646	10	1220025	0.0000082
all	647	5	1220025	0.0000041
all	648	6	1220025	0.0000049
all	649	2	1220025	0.0000016
all	650	3	1220025	0.0000025
all	651	8	1220025	0.0000066
all	652	1	1220025	0.0000008
all	653	1	1220025	0.0000008
all	655	3	1220025	0.0000025
all	659	1	1220025	0.0000008
all	660	2	1220025	0.0000016
all	663	5	1220025	0.0000041
all	664	3	1220025	0.0000025
all	666	4	1220025	0.0000033
all	667	1	1220025	0.0000008
all	669	1	1220025	0.0000008
all	674	2	1220025	0.0000016
all	676	3	1220025	0.0000025
all	677	3	1220025	0.0000025
all	678	4	1220025	0.0000033
all	679	1	1220025	0.0000008
all	680	2	1220025	0.0000016
all	681	2	1220025	0.0000016
all	684	1	1220025	0.0000008
all	686	1	1220025	0.0000008
all	688	1	1220025	0.0000008
all	693	3	1220025	0.0000025
all	694	4	1220025	0.0000033
all	695	3	1220025	0.0000025
all	696	3	1220025	0.0000025
all	699	1	1220025	0.0000008
all	701	3	1220025	0.0000025
all	702	2	1220025	0.0000016
all	703	2	1220025	0.0000016
all	705	3	1220025	0.0000025
all	707	5	1220025	0.0000041
all	708	2	1220025	0.0000016
all	709	6	1220025	0.0000049
all	710	2	1220025	0.0000016
all	711	6	1220025	0.0000049
all	712	8	1220025	0.0000066
all	713	4	1220025	0.0000033
all	714	6	1220025	0.0000049
all	716	2	1220025	0.0000016
all	717	1	1220025	0.0000008
all	719	1	1220025	0.0000008
all	721	1	1220025	0.0000008
all	722	2	1220025	0.0000016
all	725	1	1220025	0.0000008
all	727	1	1220025	0.0000008
all	728	1	1220025	0.0000008
all	729	6	1220025	0.0000049
all	731	1	1220025	0.0000008
all	732	1	1220025	0.0000008
all	733	1	1220025	0.0000008
all	735	1	1220025	0.0000008
all	736	1	1220025	0.0000008
all	737	1	1220025	0.0000008
all	738	1	1220025	0.0000008
all	739	7	1220025	0.0000057
all	740	5	1220025	0.0000041
all	741	1	1220025	0.0000008
all	742	1	1220025	0.0000008
all	743	3	1220025	0.0000025
all	744	4	1220025	0.0000033
all	746	5	1220025	0.0000041
all	747	2	1220025	0.0000016
all	750	1	1220025	0.0000008
all	753	3	1220025	0.0000025
all	754	3	1220025	0.0000025
all	755	4	1220025	0.0000033
all	756	1	1220025	0.0000008
all	757	3	1220025	0.0000025
all	758	1	1220025	0.0000008
all	759	1	1220025	0.0000008
all	761	3	1220025	0.0000025
all	762	1	1220025	0.0000008
all	764	1	1220025	0.0000008
all	770	3	1220025	0.0000025
all	773	1	1220025	0.0000008
all	775	2	1220025	0.0000016
all	777	3	1220025	0.0000025
all	779	1	1220025	0.0000008
all	780	1	1220025	0.0000008
all	781	1	1220025	0.0000008
all	782	1	1220025	0.0000008
all	783	1	1220025	0.0000008
all	785	6	1220025	0.0000049
all	786	6	1220025	0.0000049
all	788	3	1220025	0.0000025
all	789	1	1220025	0.0000008
all	790	1	1220025	0.0000008
all	792	2	1220025	0.0000016
all	793	2	1220025	0.0000016
all	795	5	1220025	0.0000041
all	796	3	1220025	0.0000025
all	797	2	1220025	0.0000016
all	798	2	1220025	0.0000016
all	799	6	1220025	0.0000049
all	800	2	1220025	0.0000016
all	801	4	1220025	0.0000033
all	803	2	1220025	0.0000016
all	804	3	1220025	0.0000025
all	805	3	1220025	0.0000025
all	806	5	1220025	0.0000041
all	807	4	1220025	0.0000033
all	808	1	1220025	0.0000008
all	810	1	1220025	0.0000008
all	811	1	1220025	0.0000008
all	812	3	1220025	0.0000025
all	814	2	1220025	0.0000016
all	815	1	1220025	0.0000008
all	816	1	1220025	0.0000008
all	817	1	1220025	0.0000008
all	818	1	1220025	0.0000008
all	819	4	1220025	0.0000033
all	820	1	1220025	0.0000008
all	822	4	1220025	0.0000033
all	823	4	1220025	0.0000033
all	824	2	1220025	0.0000016
all	826	6	1220025	0.0000049
all	828	3	1220025	0.0000025
all	829	1	1220025	0.0000008
all	830	4	1220025	0.0000033
all	831	3	1220025	0.0000025
all	832	1	1220025	0.0000008
all	833	3	1220025	0.0000025
all	834	4	1220025	0.0000033
all	835	4	1220025	0.0000033
all	836	1	1220025	0.0000008
all	837	2	1220025	0.0000016
all	838	2	1220025	0.0000016
all	839	2	1220025	0.0000016
all	841	2	1220025	0.0000016
all	842	2	1220025	0.0000016
all	843	8	1220025	0.0000066
all	844	10	1220025	0.0000082
all	845	3	1220025	0.0000025
all	846	2	1220025	0.0000016
all	847	4	1220025	0.0000033
all	848	1	1220025	0.0000008
all	849	2	1220025	0.0000016
all	850	1	1220025	0.0000008
all	851	3	1220025	0.0000025
all	853	1	1220025	0.0000008
all	854	3	1220025	0.0000025
all	855	3	1220025	0.0000025
all	857	3	1220025	0.0000025
all	863	1	1220025	0.0000008
all	868	2	1220025	0.0000016
all	870	2	1220025	0.0000016
all	872	3	1220025	0.0000025
all	873	4	1220025	0.0000033
all	877	1	1220025	0.0000008
all	880	2	1220025	0.0000016
all	884	4	1220025	0.0000033
all	885	1	1220025	0.0000008
all	886	3	1220025	0.0000025
all	887	1	1220025	0.0000008
all	888	1	1220025	0.0000008
all	890	1	1220025	0.0000008
all	891	1	1220025	0.0000008
all	892	1	1220025	0.0000008
all	904	13	1220025	0.0000107
all	905	1	1220025	0.0000008
all	908	5	1220025	0.0000041
all	910	5	1220025	0.0000041
all	936	3	1220025	0.0000025
all	941	1	1220025	0.0000008
all	947	2	1220025	0.0000016
all	959	1	1220025	0.0000008
all	960	1	1220025	0.0000008
all	1012	1	1220025	0.0000008
all	1041	1	1220025	0.0000008
all	1042	1	1220025	0.0000008
all	1048	1	1220025	0.0000008
all	1049	2	1220025	0.0000016
all	1052	4	1220025	0.0000033
all	1056	1	1220025	0.0000008
all	1119	1	1220025	0.0000008
all	1128	1	1220025	0.0000008
all	1129	1	1220025	0.0000008
all	1133	1	1220025	0.0000008
all	1150	1	1220025	0.0000008
all	1152	2	1220025	0.0000016
all	1153	3	1220025	0.0000025
all	1165	3	1220025	0.0000025
all	1182	2	1220025	0.0000016
all	1185	2	1220025	0.0000016
all	1187	1	1220025	0.0000008
all	1209	1	1220025	0.0000008
all	1236	1	1220025	0.0000008
all	1241	1	1220025	0.0000008
all	1283	6	1220025	0.0000049
all	1298	2	1220025	0.0000016
all	1403	1	1220025	0.0000008
all	1405	1	1220025	0.0000008
all	1407	2	1220025	0.0000016
all	1450	2	1220025	0.0000016
all	1452	2	1220025	0.0000016
all	1457	2	1220025	0.0000016
all	1464	2	1220025	0.0000016
all	1466	1	1220025	0.0000008
all	1467	1	1220025	0.0000008
all	1469	1	1220025	0.0000008
all	1471	1	1220025	0.0000008
all	1472	1	1220025	0.0000008
all	1476	1	1220025	0.0000008
all	1482	1	1220025	0.0000008
all	1485	1	1220025	0.0000008
all	1488	1	1220025	0.0000008
all	1491	2	1220025	0.0000016
all	1497	2	1220025	0.0000016
all	1503	1	1220025	0.0000008
all	1504	1	1220025	0.0000008
all	1507	1	1220025	0.0000008
all	1508	1	1220025	0.0000008
all	1511	1	1220025	0.0000008
all	1512	3	1220025	0.0000025
