all	0	8530	1220025	0.0069917
all	1	2806	1220025	0.0023000
all	2	4123	1220025	0.0033794
all	3	4492	1220025	0.0036819
all	4	4367	1220025	0.0035794
all	5	5341	1220025	0.0043778
all	6	5389	1220025	0.0044171
all	7	7271	1220025	0.0059597
all	8	7991	1220025	0.0065499
all	9	8762	1220025	0.0071818
all	10	8206	1220025	0.0067261
all	11	9515	1220025	0.0077990
all	12	10479	1220025	0.0085892
all	13	11766	1220025	0.0096441
all	14	11615	1220025	0.0095203
all	15	12198	1220025	0.0099982
all	16	12765	1220025	0.0104629
all	17	13491	1220025	0.0110580
all	18	13962	1220025	0.0114440
all	19	14349	1220025	0.0117612
all	20	15566	1220025	0.0127588
all	21	15081	1220025	0.0123612
all	22	15933	1220025	0.0130596
all	23	16465	1220025	0.0134956
all	24	17303	1220025	0.0141825
all	25	18713	1220025	0.0153382
all	26	17447	1220025	0.0143005
all	27	18433	1220025	0.0151087
all	28	18860	1220025	0.0154587
all	29	18767	1220025	0.0153825
all	30	19688	1220025	0.0161374
all	31	18954	1220025	0.0155357
all	32	17772	1220025	0.0145669
all	33	18994	1220025	0.0155685
all	34	18436	1220025	0.0151112
all	35	17927	1220025	0.0146940
all	36	17953	1220025	0.0147153
all	37	18362	1220025	0.0150505
all	38	17826	1220025	0.0146112
all	39	17734	1220025	0.0145358
all	40	17817	1220025	0.0146038
all	41	19015	1220025	0.0155857
all	42	18333	1220025	0.0150267
all	43	17104	1220025	0.0140194
all	44	17203	1220025	0.0141005
all	45	17280	1220025	0.0141636
all	46	17223	1220025	0.0141169
all	47	16866	1220025	0.0138243
all	48	15781	1220025	0.0129350
all	49	14252	1220025	0.0116817
all	50	15678	1220025	0.0128506
all	51	15474	1220025	0.0126833
all	52	14752	1220025	0.0120916
all	53	14611	1220025	0.0119760
all	54	13842	1220025	0.0113457
all	55	13835	1220025	0.0113399
all	56	13551	1220025	0.0111071
all	57	12743	1220025	0.0104449
all	58	12557	1220025	0.0102924
all	59	12183	1220025	0.0099859
all	60	11944	1220025	0.0097900
all	61	10847	1220025	0.0088908
all	62	10605	1220025	0.0086924
all	63	9975	1220025	0.0081761
all	64	10422	1220025	0.0085424
all	65	10380	1220025	0.0085080
all	66	9395	1220025	0.0077007
all	67	9367	1220025	0.0076777
all	68	8644	1220025	0.0070851
all	69	8434	1220025	0.0069130
all	70	8035	1220025	0.0065859
all	71	8223	1220025	0.0067400
all	72	7716	1220025	0.0063245
all	73	8139	1220025	0.0066712
all	74	7011	1220025	0.0057466
all	75	6967	1220025	0.0057105
all	76	6870	1220025	0.0056310
all	77	6157	1220025	0.0050466
all	78	5911	1220025	0.0048450
all	79	5581	1220025	0.0045745
all	80	5577	1220025	0.0045712
all	81	5307	1220025	0.0043499
all	82	5045	1220025	0.0041352
all	83	5176	1220025	0.0042425
all	84	5191	1220025	0.0042548
all	85	4720	1220025	0.0038688
all	86	4831	1220025	0.0039598
all	87	4655	1220025	0.0038155
all	88	4436	1220025	0.0036360
all	89	3940	1220025	0.0032294
all	90	4069	1220025	0.0033352
all	91	4214	1220025	0.0034540
all	92	3860	1220025	0.0031639
all	93	3926	1220025	0.0032180
all	94	3964	1220025	0.0032491
all	95	3710	1220025	0.0030409
all	96	3567	1220025	0.0029237
all	97	3307	1220025	0.0027106
all	98	3196	1220025	0.0026196
all	99	2869	1220025	0.0023516
all	100	3015	1220025	0.0024713
all	101	2984	1220025	0.0024459
all	102	2912	1220025	0.0023868
all	103	2763	1220025	0.0022647
all	104	2976	1220025	0.0024393
all	105	2641	1220025	0.0021647
all	106	2516	1220025	0.0020623
all	107	2410	1220025	0.0019754
all	108	2334	1220025	0.0019131
all	109	2478	1220025	0.0020311
all	110	2310	1220025	0.0018934
all	111	2461	1220025	0.0020172
all	112	2118	1220025	0.0017360
all	113	1823	1220025	0.0014942
all	114	1972	1220025	0.0016164
all	115	2115	1220025	0.0017336
all	116	1767	1220025	0.0014483
all	117	1911	1220025	0.0015664
all	118	1676	1220025	0.0013737
all	119	1585	1220025	0.0012992
all	120	1685	1220025	0.0013811
all	121	1509	1220025	0.0012369
all	122	1606	1220025	0.0013164
all	123	1512	1220025	0.0012393
all	124	1414	1220025	0.0011590
all	125	1497	1220025	0.0012270
all	126	1505	1220025	0.0012336
all	127	1473	1220025	0.0012074
all	128	1462	1220025	0.0011983
all	129	1219	1220025	0.0009992
all	130	1206	1220025	0.0009885
all	131	1257	1220025	0.0010303
all	132	1264	1220025	0.0010360
all	133	1357	1220025	0.0011123
all	134	1127	1220025	0.0009238
all	135	1143	1220025	0.0009369
all	136	1181	1220025	0.0009680
all	137	1033	1220025	0.0008467
all	138	978	1220025	0.0008016
all	139	1083	1220025	0.0008877
all	140	1102	1220025	0.0009033
all	141	1036	1220025	0.0008492
all	142	846	1220025	0.0006934
all	143	892	1220025	0.0007311
all	144	810	1220025	0.0006639
all	145	827	1220025	0.0006779
all	146	876	1220025	0.0007180
all	147	796	1220025	0.0006524
all	148	777	1220025	0.0006369
all	149	900	1220025	0.0007377
all	150	804	1220025	0.0006590
all	151	788	1220025	0.0006459
all	152	704	1220025	0.0005770
all	153	724	1220025	0.0005934
all	154	787	1220025	0.0006451
all	155	695	1220025	0.0005697
all	156	728	1220025	0.0005967
all	157	744	1220025	0.0006098
all	158	739	1220025	0.0006057
all	159	602	1220025	0.0004934
all	160	520	1220025	0.0004262
all	161	579	1220025	0.0004746
all	162	540	1220025	0.0004426
all	163	641	1220025	0.0005254
all	164	587	1220025	0.0004811
all	165	629	1220025	0.0005156
all	166	610	1220025	0.0005000
all	167	575	1220025	0.0004713
all	168	560	1220025	0.0004590
all	169	572	1220025	0.0004688
all	170	494	1220025	0.0004049
all	171	528	1220025	0.0004328
all	172	594	1220025	0.0004869
all	173	493	1220025	0.0004041
all	174	403	1220025	0.0003303
all	175	392	1220025	0.0003213
all	176	342	1220025	0.0002803
all	177	381	1220025	0.0003123
all	178	395	1220025	0.0003238
all	179	388	1220025	0.0003180
all	180	396	1220025	0.0003246
all	181	424	1220025	0.0003475
all	182	363	1220025	0.0002975
all	183	330	1220025	0.0002705
all	184	362	1220025	0.0002967
all	185	337	1220025	0.0002762
all	186	485	1220025	0.0003975
all	187	438	1220025	0.0003590
all	188	350	1220025	0.0002869
all	189	353	1220025	0.0002893
all	190	380	1220025	0.0003115
all	191	430	1220025	0.0003525
all	192	429	1220025	0.0003516
all	193	241	1220025	0.0001975
all	194	246	1220025	0.0002016
all	195	274	1220025	0.0002246
all	196	253	1220025	0.0002074
all	197	242	1220025	0.0001984
all	198	247	1220025	0.0002025
all	199	271	1220025	0.0002221
all	200	250	1220025	0.0002049
all	201	244	1220025	0.0002000
all	202	263	1220025	0.0002156
all	203	249	1220025	0.0002041
all	204	238	1220025	0.0001951
all	205	245	1220025	0.0002008
all	206	246	1220025	0.0002016
all	207	216	1220025	0.0001770
all	208	238	1220025	0.0001951
all	209	153	1220025	0.0001254
all	210	167	1220025	0.0001369
all	211	222	1220025	0.0001820
all	212	196	1220025	0.0001607
all	213	266	1220025	0.0002180
all	214	156	1220025	0.0001279
all	215	165	1220025	0.0001352
all	216	144	1220025	0.0001180
all	217	120	1220025	0.0000984
all	218	131	1220025	0.0001074
all	219	137	1220025	0.0001123
all	220	162	1220025	0.0001328
all	221	208	1220025	0.0001705
all	222	155	1220025	0.0001270
all	223	177	1220025	0.0001451
all	224	182	1220025	0.0001492
all	225	184	1220025	0.0001508
all	226	121	1220025	0.0000992
all	227	138	1220025	0.0001131
all	228	152	1220025	0.0001246
all	229	120	1220025	0.0000984
all	230	113	1220025	0.0000926
all	231	158	1220025	0.0001295
all	232	132	1220025	0.0001082
all	233	131	1220025	0.0001074
all	234	126	1220025	0.0001033
all	235	129	1220025	0.0001057
all	236	117	1220025	0.0000959
all	237	105	1220025	0.0000861
all	238	94	1220025	0.0000770
all	239	81	1220025	0.0000664
all	240	80	1220025	0.0000656
all	241	77	1220025	0.0000631
all	242	89	1220025	0.0000729
all	243	89	1220025	0.0000729
all	244	94	1220025	0.0000770
all	245	106	1220025	0.0000869
all	246	98	1220025	0.0000803
all	247	108	1220025	0.0000885
all	248	101	1220025	0.0000828
all	249	73	1220025	0.0000598
all	250	116	1220025	0.0000951
all	251	94	1220025	0.0000770
all	252	74	1220025	0.0000607
all	253	68	1220025	0.0000557
all	254	66	1220025	0.0000541
all	255	84	1220025	0.0000689
all	256	73	1220025	0.0000598
all	257	73	1220025	0.0000598
all	258	88	1220025	0.0000721
all	259	58	1220025	0.0000475
all	260	89	1220025	0.0000729
all	261	71	1220025	0.0000582
all	262	75	1220025	0.0000615
all	263	78	1220025	0.0000639
all	264	127	1220025	0.0001041
all	265	56	1220025	0.0000459
all	266	60	1220025	0.0000492
all	267	60	1220025	0.0000492
all	268	85	1220025	0.0000697
all	269	55	1220025	0.0000451
all	270	65	1220025	0.0000533
all	271	77	1220025	0.0000631
all	272	56	1220025	0.0000459
all	273	44	1220025	0.0000361
all	274	89	1220025	0.0000729
all	275	66	1220025	0.0000541
all	276	53	1220025	0.0000434
all	277	77	1220025	0.0000631
all	278	23	1220025	0.0000189
all	279	43	1220025	0.0000352
all	280	77	1220025	0.0000631
all	281	40	1220025	0.0000328
all	282	45	1220025	0.0000369
all	283	35	1220025	0.0000287
all	284	54	1220025	0.0000443
all	285	42	1220025	0.0000344
all	286	31	1220025	0.0000254
all	287	51	1220025	0.0000418
all	288	44	1220025	0.0000361
all	289	63	1220025	0.0000516
all	290	59	1220025	0.0000484
all	291	26	1220025	0.0000213
all	292	42	1220025	0.0000344
all	293	41	1220025	0.0000336
all	294	63	1220025	0.0000516
all	295	56	1220025	0.0000459
all	296	47	1220025	0.0000385
all	297	63	1220025	0.0000516
all	298	31	1220025	0.0000254
all	299	42	1220025	0.0000344
all	300	24	1220025	0.0000197
all	301	25	1220025	0.0000205
all	302	44	1220025	0.0000361
all	303	58	1220025	0.0000475
all	304	20	1220025	0.0000164
all	305	45	1220025	0.0000369
all	306	51	1220025	0.0000418
all	307	49	1220025	0.0000402
all	308	50	1220025	0.0000410
all	309	33	1220025	0.0000270
all	310	36	1220025	0.0000295
all	311	37	1220025	0.0000303
all	312	43	1220025	0.0000352
all	313	49	1220025	0.0000402
all	314	30	1220025	0.0000246
all	315	36	1220025	0.0000295
all	316	48	1220025	0.0000393
all	317	34	1220025	0.0000279
all	318	20	1220025	0.0000164
all	319	29	1220025	0.0000238
all	320	28	1220025	0.0000230
all	321	28	1220025	0.0000230
all	322	30	1220025	0.0000246
all	323	17	1220025	0.0000139
all	324	35	1220025	0.0000287
all	325	38	1220025	0.0000311
all	326	26	1220025	0.0000213
all	327	13	1220025	0.0000107
all	328	25	1220025	0.0000205
all	329	12	1220025	0.0000098
all	330	14	1220025	0.0000115
all	331	17	1220025	0.0000139
all	332	52	1220025	0.0000426
all	333	26	1220025	0.0000213
all	334	46	1220025	0.0000377
all	335	36	1220025	0.0000295
all	336	29	1220025	0.0000238
all	337	18	1220025	0.0000148
all	338	25	1220025	0.0000205
all	339	17	1220025	0.0000139
all	340	11	1220025	0.0000090
all	341	10	1220025	0.0000082
all	342	12	1220025	0.0000098
all	343	18	1220025	0.0000148
all	344	13	1220025	0.0000107
all	345	19	1220025	0.0000156
all	346	19	1220025	0.0000156
all	347	3	1220025	0.0000025
all	348	6	1220025	0.0000049
all	349	26	1220025	0.0000213
all	350	6	1220025	0.0000049
all	351	12	1220025	0.0000098
all	352	7	1220025	0.0000057
all	353	21	1220025	0.0000172
all	354	10	1220025	0.0000082
all	355	16	1220025	0.0000131
all	356	14	1220025	0.0000115
all	357	15	1220025	0.0000123
all	358	11	1220025	0.0000090
all	359	7	1220025	0.0000057
all	360	27	1220025	0.0000221
all	361	10	1220025	0.0000082
all	362	38	1220025	0.0000311
all	363	11	1220025	0.0000090
all	364	8	1220025	0.0000066
all	365	12	1220025	0.0000098
all	366	8	1220025	0.0000066
all	367	8	1220025	0.0000066
all	368	12	1220025	0.0000098
all	369	6	1220025	0.0000049
all	370	17	1220025	0.0000139
all	371	3	1220025	0.0000025
all	372	5	1220025	0.0000041
all	373	10	1220025	0.0000082
all	374	7	1220025	0.0000057
all	375	17	1220025	0.0000139
all	376	4	1220025	0.0000033
all	377	4	1220025	0.0000033
all	378	4	1220025	0.0000033
all	379	7	1220025	0.0000057
all	380	10	1220025	0.0000082
all	381	4	1220025	0.0000033
all	383	7	1220025	0.0000057
all	384	9	1220025	0.0000074
all	385	8	1220025	0.0000066
all	386	8	1220025	0.0000066
all	387	7	1220025	0.0000057
all	388	6	1220025	0.0000049
all	389	18	1220025	0.0000148
all	390	9	1220025	0.0000074
all	391	4	1220025	0.0000033
all	392	12	1220025	0.0000098
all	393	7	1220025	0.0000057
all	394	9	1220025	0.0000074
all	395	9	1220025	0.0000074
all	396	6	1220025	0.0000049
all	397	4	1220025	0.0000033
all	398	5	1220025	0.0000041
all	399	5	1220025	0.0000041
all	400	8	1220025	0.0000066
all	401	9	1220025	0.0000074
all	402	2	1220025	0.0000016
all	403	5	1220025	0.0000041
all	404	4	1220025	0.0000033
all	405	8	1220025	0.0000066
all	406	14	1220025	0.0000115
all	407	18	1220025	0.0000148
all	408	4	1220025	0.0000033
all	409	5	1220025	0.0000041
all	410	3	1220025	0.0000025
all	411	5	1220025	0.0000041
all	412	10	1220025	0.0000082
all	413	4	1220025	0.0000033
all	414	3	1220025	0.0000025
all	415	13	1220025	0.0000107
all	416	7	1220025	0.0000057
all	417	12	1220025	0.0000098
all	418	11	1220025	0.0000090
all	419	9	1220025	0.0000074
all	420	9	1220025	0.0000074
all	421	4	1220025	0.0000033
all	422	23	1220025	0.0000189
all	423	6	1220025	0.0000049
all	424	2	1220025	0.0000016
all	425	6	1220025	0.0000049
all	426	8	1220025	0.0000066
all	427	14	1220025	0.0000115
all	428	10	1220025	0.0000082
all	429	20	1220025	0.0000164
all	430	4	1220025	0.0000033
all	431	7	1220025	0.0000057
all	432	4	1220025	0.0000033
all	433	4	1220025	0.0000033
all	434	13	1220025	0.0000107
all	435	2	1220025	0.0000016
all	436	4	1220025	0.0000033
all	437	3	1220025	0.0000025
all	438	5	1220025	0.0000041
all	439	6	1220025	0.0000049
all	440	6	1220025	0.0000049
all	442	3	1220025	0.0000025
all	443	1	1220025	0.0000008
all	444	2	1220025	0.0000016
all	445	2	1220025	0.0000016
all	446	5	1220025	0.0000041
all	447	3	1220025	0.0000025
all	448	3	1220025	0.0000025
all	450	2	1220025	0.0000016
all	451	8	1220025	0.0000066
all	453	2	1220025	0.0000016
all	456	1	1220025	0.0000008
all	457	2	1220025	0.0000016
all	458	1	1220025	0.0000008
all	461	3	1220025	0.0000025
all	462	1	1220025	0.0000008
all	463	1	1220025	0.0000008
all	464	1	1220025	0.0000008
all	465	4	1220025	0.0000033
all	466	1	1220025	0.0000008
all	467	1	1220025	0.0000008
all	468	1	1220025	0.0000008
all	469	12	1220025	0.0000098
all	470	5	1220025	0.0000041
all	471	10	1220025	0.0000082
all	472	2	1220025	0.0000016
all	473	1	1220025	0.0000008
all	474	2	1220025	0.0000016
all	475	2	1220025	0.0000016
all	476	2	1220025	0.0000016
all	477	2	1220025	0.0000016
all	478	2	1220025	0.0000016
all	479	2	1220025	0.0000016
all	480	4	1220025	0.0000033
all	481	5	1220025	0.0000041
all	482	3	1220025	0.0000025
all	483	1	1220025	0.0000008
all	484	3	1220025	0.0000025
all	485	7	1220025	0.0000057
all	486	10	1220025	0.0000082
all	487	6	1220025	0.0000049
all	488	16	1220025	0.0000131
all	489	7	1220025	0.0000057
all	490	2	1220025	0.0000016
all	491	2	1220025	0.0000016
all	492	3	1220025	0.0000025
all	493	3	1220025	0.0000025
all	494	3	1220025	0.0000025
all	495	4	1220025	0.0000033
all	496	6	1220025	0.0000049
all	497	3	1220025	0.0000025
all	499	3	1220025	0.0000025
all	500	6	1220025	0.0000049
all	501	1	1220025	0.0000008
all	502	2	1220025	0.0000016
all	503	2	1220025	0.0000016
all	504	4	1220025	0.0000033
all	505	2	1220025	0.0000016
all	506	5	1220025	0.0000041
all	507	17	1220025	0.0000139
all	508	1	1220025	0.0000008
all	509	4	1220025	0.0000033
all	510	17	1220025	0.0000139
all	511	4	1220025	0.0000033
all	512	1	1220025	0.0000008
all	513	5	1220025	0.0000041
all	514	4	1220025	0.0000033
all	515	10	1220025	0.0000082
all	516	5	1220025	0.0000041
all	517	3	1220025	0.0000025
all	518	5	1220025	0.0000041
all	519	3	1220025	0.0000025
all	520	1	1220025	0.0000008
all	521	6	1220025	0.0000049
all	522	1	1220025	0.0000008
all	524	1	1220025	0.0000008
all	525	8	1220025	0.0000066
all	526	5	1220025	0.0000041
all	527	1	1220025	0.0000008
all	528	2	1220025	0.0000016
all	529	8	1220025	0.0000066
all	530	3	1220025	0.0000025
all	531	1	1220025	0.0000008
all	532	5	1220025	0.0000041
all	533	6	1220025	0.0000049
all	534	2	1220025	0.0000016
all	535	6	1220025	0.0000049
all	536	3	1220025	0.0000025
all	537	2	1220025	0.0000016
all	538	2	1220025	0.0000016
all	539	5	1220025	0.0000041
all	540	1	1220025	0.0000008
all	541	3	1220025	0.0000025
all	542	2	1220025	0.0000016
all	543	4	1220025	0.0000033
all	544	2	1220025	0.0000016
all	546	2	1220025	0.0000016
all	547	2	1220025	0.0000016
all	548	2	1220025	0.0000016
all	550	3	1220025	0.0000025
all	551	2	1220025	0.0000016
all	554	5	1220025	0.0000041
all	555	1	1220025	0.0000008
all	556	1	1220025	0.0000008
all	557	2	1220025	0.0000016
all	558	2	1220025	0.0000016
all	559	3	1220025	0.0000025
all	560	2	1220025	0.0000016
all	561	1	1220025	0.0000008
all	564	1	1220025	0.0000008
all	570	1	1220025	0.0000008
all	577	1	1220025	0.0000008
all	583	7	1220025	0.0000057
all	587	1	1220025	0.0000008
all	589	1	1220025	0.0000008
all	591	1	1220025	0.0000008
all	592	1	1220025	0.0000008
all	593	1	1220025	0.0000008
all	595	2	1220025	0.0000016
all	596	6	1220025	0.0000049
all	598	3	1220025	0.0000025
all	599	2	1220025	0.0000016
all	600	4	1220025	0.0000033
all	604	1	1220025	0.0000008
all	605	1	1220025	0.0000008
all	606	1	1220025	0.0000008
all	608	3	1220025	0.0000025
all	609	2	1220025	0.0000016
all	611	1	1220025	0.0000008
all	613	6	1220025	0.0000049
all	616	1	1220025	0.0000008
all	617	2	1220025	0.0000016
all	618	7	1220025	0.0000057
all	619	1	1220025	0.0000008
all	620	1	1220025	0.0000008
all	622	8	1220025	0.0000066
all	623	16	1220025	0.0000131
all	624	5	1220025	0.0000041
all	627	2	1220025	0.0000016
all	632	4	1220025	0.0000033
all	633	1	1220025	0.0000008
all	634	11	1220025	0.0000090
all	636	1	1220025	0.0000008
all	638	1	1220025	0.0000008
all	640	1	1220025	0.0000008
all	646	1	1220025	0.0000008
all	657	1	1220025	0.0000008
all	679	1	1220025	0.0000008
all	692	1	1220025	0.0000008
all	699	1	1220025	0.0000008
all	702	1	1220025	0.0000008
all	704	2	1220025	0.0000016
all	705	5	1220025	0.0000041
