all	0	6979	1220025	0.0057204
all	1	2664	1220025	0.0021836
all	2	3370	1220025	0.0027622
all	3	2449	1220025	0.0020073
all	4	3488	1220025	0.0028590
all	5	3859	1220025	0.0031630
all	6	4450	1220025	0.0036475
all	7	4253	1220025	0.0034860
all	8	5513	1220025	0.0045188
all	9	6233	1220025	0.0051089
all	10	6002	1220025	0.0049196
all	11	6436	1220025	0.0052753
all	12	8173	1220025	0.0066990
all	13	8191	1220025	0.0067138
all	14	8588	1220025	0.0070392
all	15	9217	1220025	0.0075548
all	16	10017	1220025	0.0082105
all	17	10991	1220025	0.0090088
all	18	11410	1220025	0.0093523
all	19	11086	1220025	0.0090867
all	20	12089	1220025	0.0099088
all	21	12240	1220025	0.0100326
all	22	12794	1220025	0.0104867
all	23	14266	1220025	0.0116932
all	24	13762	1220025	0.0112801
all	25	15224	1220025	0.0124784
all	26	15143	1220025	0.0124120
all	27	15150	1220025	0.0124178
all	28	16198	1220025	0.0132768
all	29	15289	1220025	0.0125317
all	30	16259	1220025	0.0133268
all	31	16324	1220025	0.0133801
all	32	16844	1220025	0.0138063
all	33	15928	1220025	0.0130555
all	34	15780	1220025	0.0129342
all	35	16345	1220025	0.0133973
all	36	16369	1220025	0.0134169
all	37	15733	1220025	0.0128956
all	38	16618	1220025	0.0136210
all	39	16191	1220025	0.0132710
all	40	16064	1220025	0.0131669
all	41	16721	1220025	0.0137055
all	42	16123	1220025	0.0132153
all	43	16254	1220025	0.0133227
all	44	15820	1220025	0.0129669
all	45	15996	1220025	0.0131112
all	46	16380	1220025	0.0134260
all	47	16245	1220025	0.0133153
all	48	15949	1220025	0.0130727
all	49	15473	1220025	0.0126825
all	50	15171	1220025	0.0124350
all	51	15129	1220025	0.0124006
all	52	14665	1220025	0.0120202
all	53	14316	1220025	0.0117342
all	54	13992	1220025	0.0114686
all	55	14064	1220025	0.0115276
all	56	13974	1220025	0.0114539
all	57	13433	1220025	0.0110104
all	58	13862	1220025	0.0113621
all	59	13218	1220025	0.0108342
all	60	13117	1220025	0.0107514
all	61	13041	1220025	0.0106891
all	62	12184	1220025	0.0099867
all	63	11696	1220025	0.0095867
all	64	11475	1220025	0.0094055
all	65	11774	1220025	0.0096506
all	66	11015	1220025	0.0090285
all	67	10780	1220025	0.0088359
all	68	10442	1220025	0.0085588
all	69	10429	1220025	0.0085482
all	70	9880	1220025	0.0080982
all	71	9598	1220025	0.0078671
all	72	8937	1220025	0.0073253
all	73	9346	1220025	0.0076605
all	74	8754	1220025	0.0071753
all	75	8504	1220025	0.0069703
all	76	8585	1220025	0.0070367
all	77	7828	1220025	0.0064163
all	78	8149	1220025	0.0066794
all	79	7520	1220025	0.0061638
all	80	7373	1220025	0.0060433
all	81	7172	1220025	0.0058786
all	82	6843	1220025	0.0056089
all	83	6752	1220025	0.0055343
all	84	6795	1220025	0.0055696
all	85	6525	1220025	0.0053483
all	86	6207	1220025	0.0050876
all	87	6258	1220025	0.0051294
all	88	5863	1220025	0.0048056
all	89	5670	1220025	0.0046474
all	90	5522	1220025	0.0045261
all	91	5480	1220025	0.0044917
all	92	4842	1220025	0.0039688
all	93	5097	1220025	0.0041778
all	94	5109	1220025	0.0041876
all	95	4668	1220025	0.0038262
all	96	4320	1220025	0.0035409
all	97	4251	1220025	0.0034844
all	98	4180	1220025	0.0034262
all	99	4111	1220025	0.0033696
all	100	4244	1220025	0.0034786
all	101	3989	1220025	0.0032696
all	102	4005	1220025	0.0032827
all	103	3733	1220025	0.0030598
all	104	3588	1220025	0.0029409
all	105	3404	1220025	0.0027901
all	106	3174	1220025	0.0026016
all	107	3375	1220025	0.0027663
all	108	3096	1220025	0.0025377
all	109	2867	1220025	0.0023500
all	110	2951	1220025	0.0024188
all	111	3241	1220025	0.0026565
all	112	2930	1220025	0.0024016
all	113	2735	1220025	0.0022418
all	114	2751	1220025	0.0022549
all	115	2641	1220025	0.0021647
all	116	2666	1220025	0.0021852
all	117	2289	1220025	0.0018762
all	118	2433	1220025	0.0019942
all	119	2442	1220025	0.0020016
all	120	2229	1220025	0.0018270
all	121	2376	1220025	0.0019475
all	122	2244	1220025	0.0018393
all	123	1922	1220025	0.0015754
all	124	2199	1220025	0.0018024
all	125	2070	1220025	0.0016967
all	126	1972	1220025	0.0016164
all	127	1779	1220025	0.0014582
all	128	1870	1220025	0.0015328
all	129	1884	1220025	0.0015442
all	130	1880	1220025	0.0015410
all	131	1671	1220025	0.0013696
all	132	1546	1220025	0.0012672
all	133	1479	1220025	0.0012123
all	134	1479	1220025	0.0012123
all	135	1358	1220025	0.0011131
all	136	1237	1220025	0.0010139
all	137	1369	1220025	0.0011221
all	138	1274	1220025	0.0010442
all	139	1261	1220025	0.0010336
all	140	1246	1220025	0.0010213
all	141	1306	1220025	0.0010705
all	142	1341	1220025	0.0010992
all	143	1187	1220025	0.0009729
all	144	1084	1220025	0.0008885
all	145	1073	1220025	0.0008795
all	146	1159	1220025	0.0009500
all	147	1208	1220025	0.0009901
all	148	1079	1220025	0.0008844
all	149	995	1220025	0.0008156
all	150	949	1220025	0.0007779
all	151	963	1220025	0.0007893
all	152	1024	1220025	0.0008393
all	153	1036	1220025	0.0008492
all	154	980	1220025	0.0008033
all	155	948	1220025	0.0007770
all	156	873	1220025	0.0007156
all	157	918	1220025	0.0007524
all	158	875	1220025	0.0007172
all	159	968	1220025	0.0007934
all	160	827	1220025	0.0006779
all	161	738	1220025	0.0006049
all	162	883	1220025	0.0007238
all	163	802	1220025	0.0006574
all	164	731	1220025	0.0005992
all	165	761	1220025	0.0006238
all	166	757	1220025	0.0006205
all	167	699	1220025	0.0005729
all	168	654	1220025	0.0005361
all	169	699	1220025	0.0005729
all	170	725	1220025	0.0005943
all	171	649	1220025	0.0005320
all	172	608	1220025	0.0004984
all	173	560	1220025	0.0004590
all	174	641	1220025	0.0005254
all	175	652	1220025	0.0005344
all	176	531	1220025	0.0004352
all	177	556	1220025	0.0004557
all	178	524	1220025	0.0004295
all	179	515	1220025	0.0004221
all	180	503	1220025	0.0004123
all	181	521	1220025	0.0004270
all	182	420	1220025	0.0003443
all	183	395	1220025	0.0003238
all	184	448	1220025	0.0003672
all	185	544	1220025	0.0004459
all	186	489	1220025	0.0004008
all	187	492	1220025	0.0004033
all	188	484	1220025	0.0003967
all	189	486	1220025	0.0003984
all	190	417	1220025	0.0003418
all	191	482	1220025	0.0003951
all	192	486	1220025	0.0003984
all	193	434	1220025	0.0003557
all	194	362	1220025	0.0002967
all	195	352	1220025	0.0002885
all	196	377	1220025	0.0003090
all	197	352	1220025	0.0002885
all	198	332	1220025	0.0002721
all	199	377	1220025	0.0003090
all	200	328	1220025	0.0002688
all	201	416	1220025	0.0003410
all	202	330	1220025	0.0002705
all	203	355	1220025	0.0002910
all	204	384	1220025	0.0003147
all	205	326	1220025	0.0002672
all	206	296	1220025	0.0002426
all	207	353	1220025	0.0002893
all	208	264	1220025	0.0002164
all	209	315	1220025	0.0002582
all	210	305	1220025	0.0002500
all	211	280	1220025	0.0002295
all	212	237	1220025	0.0001943
all	213	233	1220025	0.0001910
all	214	305	1220025	0.0002500
all	215	274	1220025	0.0002246
all	216	307	1220025	0.0002516
all	217	230	1220025	0.0001885
all	218	204	1220025	0.0001672
all	219	259	1220025	0.0002123
all	220	273	1220025	0.0002238
all	221	263	1220025	0.0002156
all	222	243	1220025	0.0001992
all	223	184	1220025	0.0001508
all	224	161	1220025	0.0001320
all	225	197	1220025	0.0001615
all	226	209	1220025	0.0001713
all	227	140	1220025	0.0001148
all	228	158	1220025	0.0001295
all	229	200	1220025	0.0001639
all	230	238	1220025	0.0001951
all	231	202	1220025	0.0001656
all	232	214	1220025	0.0001754
all	233	203	1220025	0.0001664
all	234	195	1220025	0.0001598
all	235	152	1220025	0.0001246
all	236	192	1220025	0.0001574
all	237	158	1220025	0.0001295
all	238	155	1220025	0.0001270
all	239	145	1220025	0.0001189
all	240	171	1220025	0.0001402
all	241	118	1220025	0.0000967
all	242	133	1220025	0.0001090
all	243	170	1220025	0.0001393
all	244	187	1220025	0.0001533
all	245	128	1220025	0.0001049
all	246	161	1220025	0.0001320
all	247	185	1220025	0.0001516
all	248	128	1220025	0.0001049
all	249	179	1220025	0.0001467
all	250	121	1220025	0.0000992
all	251	115	1220025	0.0000943
all	252	137	1220025	0.0001123
all	253	115	1220025	0.0000943
all	254	150	1220025	0.0001229
all	255	179	1220025	0.0001467
all	256	134	1220025	0.0001098
all	257	144	1220025	0.0001180
all	258	125	1220025	0.0001025
all	259	129	1220025	0.0001057
all	260	137	1220025	0.0001123
all	261	97	1220025	0.0000795
all	262	98	1220025	0.0000803
all	263	109	1220025	0.0000893
all	264	109	1220025	0.0000893
all	265	91	1220025	0.0000746
all	266	99	1220025	0.0000811
all	267	119	1220025	0.0000975
all	268	104	1220025	0.0000852
all	269	91	1220025	0.0000746
all	270	105	1220025	0.0000861
all	271	79	1220025	0.0000648
all	272	127	1220025	0.0001041
all	273	90	1220025	0.0000738
all	274	96	1220025	0.0000787
all	275	71	1220025	0.0000582
all	276	76	1220025	0.0000623
all	277	100	1220025	0.0000820
all	278	66	1220025	0.0000541
all	279	67	1220025	0.0000549
all	280	99	1220025	0.0000811
all	281	49	1220025	0.0000402
all	282	77	1220025	0.0000631
all	283	69	1220025	0.0000566
all	284	49	1220025	0.0000402
all	285	66	1220025	0.0000541
all	286	49	1220025	0.0000402
all	287	66	1220025	0.0000541
all	288	31	1220025	0.0000254
all	289	62	1220025	0.0000508
all	290	48	1220025	0.0000393
all	291	75	1220025	0.0000615
all	292	65	1220025	0.0000533
all	293	79	1220025	0.0000648
all	294	70	1220025	0.0000574
all	295	78	1220025	0.0000639
all	296	72	1220025	0.0000590
all	297	87	1220025	0.0000713
all	298	107	1220025	0.0000877
all	299	78	1220025	0.0000639
all	300	66	1220025	0.0000541
all	301	81	1220025	0.0000664
all	302	80	1220025	0.0000656
all	303	70	1220025	0.0000574
all	304	92	1220025	0.0000754
all	305	78	1220025	0.0000639
all	306	89	1220025	0.0000729
all	307	90	1220025	0.0000738
all	308	84	1220025	0.0000689
all	309	81	1220025	0.0000664
all	310	76	1220025	0.0000623
all	311	83	1220025	0.0000680
all	312	60	1220025	0.0000492
all	313	74	1220025	0.0000607
all	314	66	1220025	0.0000541
all	315	62	1220025	0.0000508
all	316	55	1220025	0.0000451
all	317	72	1220025	0.0000590
all	318	75	1220025	0.0000615
all	319	65	1220025	0.0000533
all	320	69	1220025	0.0000566
all	321	92	1220025	0.0000754
all	322	63	1220025	0.0000516
all	323	72	1220025	0.0000590
all	324	56	1220025	0.0000459
all	325	65	1220025	0.0000533
all	326	44	1220025	0.0000361
all	327	61	1220025	0.0000500
all	328	62	1220025	0.0000508
all	329	65	1220025	0.0000533
all	330	28	1220025	0.0000230
all	331	44	1220025	0.0000361
all	332	31	1220025	0.0000254
all	333	57	1220025	0.0000467
all	334	33	1220025	0.0000270
all	335	48	1220025	0.0000393
all	336	34	1220025	0.0000279
all	337	43	1220025	0.0000352
all	338	41	1220025	0.0000336
all	339	45	1220025	0.0000369
all	340	51	1220025	0.0000418
all	341	30	1220025	0.0000246
all	342	39	1220025	0.0000320
all	343	48	1220025	0.0000393
all	344	63	1220025	0.0000516
all	345	42	1220025	0.0000344
all	346	26	1220025	0.0000213
all	347	48	1220025	0.0000393
all	348	49	1220025	0.0000402
all	349	23	1220025	0.0000189
all	350	30	1220025	0.0000246
all	351	41	1220025	0.0000336
all	352	26	1220025	0.0000213
all	353	68	1220025	0.0000557
all	354	46	1220025	0.0000377
all	355	49	1220025	0.0000402
all	356	54	1220025	0.0000443
all	357	56	1220025	0.0000459
all	358	32	1220025	0.0000262
all	359	49	1220025	0.0000402
all	360	54	1220025	0.0000443
all	361	32	1220025	0.0000262
all	362	32	1220025	0.0000262
all	363	23	1220025	0.0000189
all	364	36	1220025	0.0000295
all	365	40	1220025	0.0000328
all	366	42	1220025	0.0000344
all	367	45	1220025	0.0000369
all	368	41	1220025	0.0000336
all	369	21	1220025	0.0000172
all	370	30	1220025	0.0000246
all	371	26	1220025	0.0000213
all	372	41	1220025	0.0000336
all	373	23	1220025	0.0000189
all	374	26	1220025	0.0000213
all	375	36	1220025	0.0000295
all	376	21	1220025	0.0000172
all	377	47	1220025	0.0000385
all	378	39	1220025	0.0000320
all	379	37	1220025	0.0000303
all	380	29	1220025	0.0000238
all	381	28	1220025	0.0000230
all	382	25	1220025	0.0000205
all	383	22	1220025	0.0000180
all	384	19	1220025	0.0000156
all	385	21	1220025	0.0000172
all	386	23	1220025	0.0000189
all	387	36	1220025	0.0000295
all	388	12	1220025	0.0000098
all	389	23	1220025	0.0000189
all	390	15	1220025	0.0000123
all	391	16	1220025	0.0000131
all	392	11	1220025	0.0000090
all	393	14	1220025	0.0000115
all	394	8	1220025	0.0000066
all	395	10	1220025	0.0000082
all	396	14	1220025	0.0000115
all	397	23	1220025	0.0000189
all	398	19	1220025	0.0000156
all	399	14	1220025	0.0000115
all	400	16	1220025	0.0000131
all	401	16	1220025	0.0000131
all	402	18	1220025	0.0000148
all	403	5	1220025	0.0000041
all	404	14	1220025	0.0000115
all	405	12	1220025	0.0000098
all	406	20	1220025	0.0000164
all	407	28	1220025	0.0000230
all	408	32	1220025	0.0000262
all	409	19	1220025	0.0000156
all	410	23	1220025	0.0000189
all	411	22	1220025	0.0000180
all	412	10	1220025	0.0000082
all	413	14	1220025	0.0000115
all	414	16	1220025	0.0000131
all	415	22	1220025	0.0000180
all	416	18	1220025	0.0000148
all	417	11	1220025	0.0000090
all	418	24	1220025	0.0000197
all	419	28	1220025	0.0000230
all	420	22	1220025	0.0000180
all	421	22	1220025	0.0000180
all	422	10	1220025	0.0000082
all	423	11	1220025	0.0000090
all	424	10	1220025	0.0000082
all	425	27	1220025	0.0000221
all	426	14	1220025	0.0000115
all	427	22	1220025	0.0000180
all	428	20	1220025	0.0000164
all	429	14	1220025	0.0000115
all	430	16	1220025	0.0000131
all	431	6	1220025	0.0000049
all	432	4	1220025	0.0000033
all	433	8	1220025	0.0000066
all	434	29	1220025	0.0000238
all	435	18	1220025	0.0000148
all	436	9	1220025	0.0000074
all	437	6	1220025	0.0000049
all	438	11	1220025	0.0000090
all	439	7	1220025	0.0000057
all	440	20	1220025	0.0000164
all	441	9	1220025	0.0000074
all	442	9	1220025	0.0000074
all	443	3	1220025	0.0000025
all	444	6	1220025	0.0000049
all	445	5	1220025	0.0000041
all	446	6	1220025	0.0000049
all	447	4	1220025	0.0000033
all	448	5	1220025	0.0000041
all	449	9	1220025	0.0000074
all	450	15	1220025	0.0000123
all	451	3	1220025	0.0000025
all	452	6	1220025	0.0000049
all	453	4	1220025	0.0000033
all	454	2	1220025	0.0000016
all	455	3	1220025	0.0000025
all	456	9	1220025	0.0000074
all	457	5	1220025	0.0000041
all	458	9	1220025	0.0000074
all	459	10	1220025	0.0000082
all	460	6	1220025	0.0000049
all	461	2	1220025	0.0000016
all	462	1	1220025	0.0000008
all	463	7	1220025	0.0000057
all	464	12	1220025	0.0000098
all	465	15	1220025	0.0000123
all	466	4	1220025	0.0000033
all	467	2	1220025	0.0000016
all	468	5	1220025	0.0000041
all	469	6	1220025	0.0000049
all	470	1	1220025	0.0000008
all	472	4	1220025	0.0000033
all	473	4	1220025	0.0000033
all	474	10	1220025	0.0000082
all	475	2	1220025	0.0000016
all	476	7	1220025	0.0000057
all	477	3	1220025	0.0000025
all	478	2	1220025	0.0000016
all	479	3	1220025	0.0000025
all	481	2	1220025	0.0000016
all	482	6	1220025	0.0000049
all	483	3	1220025	0.0000025
all	484	12	1220025	0.0000098
all	485	7	1220025	0.0000057
all	486	11	1220025	0.0000090
all	487	11	1220025	0.0000090
all	488	7	1220025	0.0000057
all	489	5	1220025	0.0000041
all	490	2	1220025	0.0000016
all	491	4	1220025	0.0000033
all	492	2	1220025	0.0000016
all	493	7	1220025	0.0000057
all	494	3	1220025	0.0000025
all	495	2	1220025	0.0000016
all	496	1	1220025	0.0000008
all	497	12	1220025	0.0000098
all	498	4	1220025	0.0000033
all	499	11	1220025	0.0000090
all	500	2	1220025	0.0000016
all	501	3	1220025	0.0000025
all	502	2	1220025	0.0000016
all	504	1	1220025	0.0000008
all	505	2	1220025	0.0000016
all	506	2	1220025	0.0000016
all	507	2	1220025	0.0000016
all	509	1	1220025	0.0000008
all	510	4	1220025	0.0000033
all	511	3	1220025	0.0000025
all	512	6	1220025	0.0000049
all	513	5	1220025	0.0000041
all	514	3	1220025	0.0000025
all	515	5	1220025	0.0000041
all	516	1	1220025	0.0000008
all	517	1	1220025	0.0000008
all	518	1	1220025	0.0000008
all	519	4	1220025	0.0000033
all	521	1	1220025	0.0000008
all	523	2	1220025	0.0000016
all	524	3	1220025	0.0000025
all	525	3	1220025	0.0000025
all	526	1	1220025	0.0000008
all	527	8	1220025	0.0000066
all	528	6	1220025	0.0000049
all	529	2	1220025	0.0000016
all	530	8	1220025	0.0000066
all	531	1	1220025	0.0000008
all	532	2	1220025	0.0000016
all	533	1	1220025	0.0000008
all	536	2	1220025	0.0000016
all	537	2	1220025	0.0000016
all	538	2	1220025	0.0000016
all	539	3	1220025	0.0000025
all	540	1	1220025	0.0000008
all	541	3	1220025	0.0000025
all	542	3	1220025	0.0000025
all	543	1	1220025	0.0000008
all	545	1	1220025	0.0000008
all	547	1	1220025	0.0000008
all	549	2	1220025	0.0000016
all	550	4	1220025	0.0000033
all	552	3	1220025	0.0000025
all	553	1	1220025	0.0000008
all	554	2	1220025	0.0000016
all	555	2	1220025	0.0000016
all	558	1	1220025	0.0000008
all	559	2	1220025	0.0000016
all	560	3	1220025	0.0000025
all	561	1	1220025	0.0000008
all	562	3	1220025	0.0000025
all	566	2	1220025	0.0000016
all	567	1	1220025	0.0000008
all	569	1	1220025	0.0000008
all	570	2	1220025	0.0000016
all	571	1	1220025	0.0000008
all	573	3	1220025	0.0000025
all	574	3	1220025	0.0000025
all	575	2	1220025	0.0000016
all	576	4	1220025	0.0000033
all	577	1	1220025	0.0000008
all	578	2	1220025	0.0000016
all	580	3	1220025	0.0000025
all	581	2	1220025	0.0000016
all	582	3	1220025	0.0000025
all	583	7	1220025	0.0000057
all	584	1	1220025	0.0000008
all	585	4	1220025	0.0000033
all	587	1	1220025	0.0000008
all	588	1	1220025	0.0000008
all	590	2	1220025	0.0000016
all	591	3	1220025	0.0000025
all	592	2	1220025	0.0000016
all	595	1	1220025	0.0000008
all	596	4	1220025	0.0000033
all	599	1	1220025	0.0000008
all	600	2	1220025	0.0000016
all	601	2	1220025	0.0000016
all	602	2	1220025	0.0000016
all	603	1	1220025	0.0000008
all	604	3	1220025	0.0000025
all	605	1	1220025	0.0000008
all	606	5	1220025	0.0000041
all	607	2	1220025	0.0000016
all	608	4	1220025	0.0000033
all	609	1	1220025	0.0000008
all	610	7	1220025	0.0000057
all	611	2	1220025	0.0000016
all	612	5	1220025	0.0000041
all	613	1	1220025	0.0000008
all	614	11	1220025	0.0000090
all	615	3	1220025	0.0000025
all	617	4	1220025	0.0000033
all	618	2	1220025	0.0000016
all	619	4	1220025	0.0000033
all	621	1	1220025	0.0000008
all	622	2	1220025	0.0000016
all	623	1	1220025	0.0000008
all	624	2	1220025	0.0000016
all	625	2	1220025	0.0000016
all	626	2	1220025	0.0000016
all	628	1	1220025	0.0000008
all	629	2	1220025	0.0000016
all	630	5	1220025	0.0000041
all	631	2	1220025	0.0000016
all	632	3	1220025	0.0000025
all	633	3	1220025	0.0000025
all	634	4	1220025	0.0000033
all	635	11	1220025	0.0000090
all	636	5	1220025	0.0000041
all	637	2	1220025	0.0000016
all	638	3	1220025	0.0000025
all	639	1	1220025	0.0000008
all	640	6	1220025	0.0000049
all	641	1	1220025	0.0000008
all	642	1	1220025	0.0000008
all	643	3	1220025	0.0000025
all	644	2	1220025	0.0000016
all	646	3	1220025	0.0000025
all	648	1	1220025	0.0000008
all	650	1	1220025	0.0000008
all	653	2	1220025	0.0000016
all	655	1	1220025	0.0000008
all	656	7	1220025	0.0000057
all	657	2	1220025	0.0000016
all	658	3	1220025	0.0000025
all	659	20	1220025	0.0000164
all	660	4	1220025	0.0000033
all	661	2	1220025	0.0000016
all	662	1	1220025	0.0000008
all	663	6	1220025	0.0000049
all	665	2	1220025	0.0000016
all	666	8	1220025	0.0000066
all	669	1	1220025	0.0000008
all	670	3	1220025	0.0000025
all	671	1	1220025	0.0000008
all	672	1	1220025	0.0000008
all	673	1	1220025	0.0000008
all	674	1	1220025	0.0000008
all	675	2	1220025	0.0000016
all	676	1	1220025	0.0000008
all	677	2	1220025	0.0000016
all	678	1	1220025	0.0000008
all	687	2	1220025	0.0000016
all	688	1	1220025	0.0000008
all	689	3	1220025	0.0000025
all	694	1	1220025	0.0000008
all	695	1	1220025	0.0000008
all	696	1	1220025	0.0000008
all	698	4	1220025	0.0000033
all	699	4	1220025	0.0000033
all	700	1	1220025	0.0000008
all	701	1	1220025	0.0000008
all	702	3	1220025	0.0000025
all	703	1	1220025	0.0000008
all	704	2	1220025	0.0000016
all	705	1	1220025	0.0000008
all	706	1	1220025	0.0000008
all	707	2	1220025	0.0000016
all	708	3	1220025	0.0000025
all	709	1	1220025	0.0000008
all	710	3	1220025	0.0000025
all	713	1	1220025	0.0000008
all	715	2	1220025	0.0000016
all	716	3	1220025	0.0000025
all	717	2	1220025	0.0000016
all	718	3	1220025	0.0000025
all	719	1	1220025	0.0000008
all	722	2	1220025	0.0000016
