all	0	9199	1220025	0.0075400
all	1	2802	1220025	0.0022967
all	2	3381	1220025	0.0027713
all	3	2669	1220025	0.0021877
all	4	3668	1220025	0.0030065
all	5	4028	1220025	0.0033016
all	6	4489	1220025	0.0036794
all	7	4809	1220025	0.0039417
all	8	5748	1220025	0.0047114
all	9	5833	1220025	0.0047810
all	10	7637	1220025	0.0062597
all	11	7100	1220025	0.0058196
all	12	7798	1220025	0.0063917
all	13	8776	1220025	0.0071933
all	14	9679	1220025	0.0079334
all	15	9748	1220025	0.0079900
all	16	10919	1220025	0.0089498
all	17	11446	1220025	0.0093818
all	18	11692	1220025	0.0095834
all	19	12549	1220025	0.0102859
all	20	13119	1220025	0.0107531
all	21	14204	1220025	0.0116424
all	22	13596	1220025	0.0111440
all	23	14908	1220025	0.0122194
all	24	15429	1220025	0.0126465
all	25	15558	1220025	0.0127522
all	26	16335	1220025	0.0133891
all	27	15728	1220025	0.0128915
all	28	16315	1220025	0.0133727
all	29	16755	1220025	0.0137333
all	30	16450	1220025	0.0134833
all	31	17201	1220025	0.0140989
all	32	16893	1220025	0.0138464
all	33	17720	1220025	0.0145243
all	34	18118	1220025	0.0148505
all	35	18609	1220025	0.0152530
all	36	17680	1220025	0.0144915
all	37	17820	1220025	0.0146063
all	38	17694	1220025	0.0145030
all	39	17417	1220025	0.0142759
all	40	17165	1220025	0.0140694
all	41	17649	1220025	0.0144661
all	42	17298	1220025	0.0141784
all	43	16994	1220025	0.0139292
all	44	16507	1220025	0.0135301
all	45	16002	1220025	0.0131161
all	46	15903	1220025	0.0130350
all	47	15792	1220025	0.0129440
all	48	16173	1220025	0.0132563
all	49	15765	1220025	0.0129219
all	50	16132	1220025	0.0132227
all	51	15349	1220025	0.0125809
all	52	14992	1220025	0.0122883
all	53	14779	1220025	0.0121137
all	54	14340	1220025	0.0117539
all	55	14098	1220025	0.0115555
all	56	13607	1220025	0.0111530
all	57	13913	1220025	0.0114039
all	58	13048	1220025	0.0106949
all	59	13414	1220025	0.0109949
all	60	12570	1220025	0.0103031
all	61	11892	1220025	0.0097473
all	62	12356	1220025	0.0101277
all	63	11392	1220025	0.0093375
all	64	11266	1220025	0.0092342
all	65	11149	1220025	0.0091383
all	66	10573	1220025	0.0086662
all	67	10639	1220025	0.0087203
all	68	10130	1220025	0.0083031
all	69	9930	1220025	0.0081392
all	70	9207	1220025	0.0075466
all	71	9301	1220025	0.0076236
all	72	8938	1220025	0.0073261
all	73	8797	1220025	0.0072105
all	74	8466	1220025	0.0069392
all	75	8443	1220025	0.0069203
all	76	8088	1220025	0.0066294
all	77	7790	1220025	0.0063851
all	78	7284	1220025	0.0059704
all	79	7077	1220025	0.0058007
all	80	6901	1220025	0.0056564
all	81	6576	1220025	0.0053901
all	82	6461	1220025	0.0052958
all	83	6279	1220025	0.0051466
all	84	6428	1220025	0.0052687
all	85	5892	1220025	0.0048294
all	86	5397	1220025	0.0044237
all	87	5194	1220025	0.0042573
all	88	5074	1220025	0.0041589
all	89	5094	1220025	0.0041753
all	90	4845	1220025	0.0039712
all	91	4784	1220025	0.0039212
all	92	4603	1220025	0.0037729
all	93	4419	1220025	0.0036221
all	94	4228	1220025	0.0034655
all	95	4393	1220025	0.0036007
all	96	4326	1220025	0.0035458
all	97	4237	1220025	0.0034729
all	98	3794	1220025	0.0031098
all	99	3700	1220025	0.0030327
all	100	3438	1220025	0.0028180
all	101	3387	1220025	0.0027762
all	102	3278	1220025	0.0026868
all	103	3141	1220025	0.0025745
all	104	3241	1220025	0.0026565
all	105	2929	1220025	0.0024008
all	106	2718	1220025	0.0022278
all	107	2668	1220025	0.0021868
all	108	2618	1220025	0.0021459
all	109	2578	1220025	0.0021131
all	110	2526	1220025	0.0020704
all	111	2528	1220025	0.0020721
all	112	2486	1220025	0.0020377
all	113	2309	1220025	0.0018926
all	114	2391	1220025	0.0019598
all	115	2261	1220025	0.0018532
all	116	2370	1220025	0.0019426
all	117	2066	1220025	0.0016934
all	118	2017	1220025	0.0016532
all	119	1998	1220025	0.0016377
all	120	1880	1220025	0.0015410
all	121	1847	1220025	0.0015139
all	122	1698	1220025	0.0013918
all	123	1821	1220025	0.0014926
all	124	1785	1220025	0.0014631
all	125	1702	1220025	0.0013951
all	126	1613	1220025	0.0013221
all	127	1559	1220025	0.0012778
all	128	1662	1220025	0.0013623
all	129	1560	1220025	0.0012787
all	130	1512	1220025	0.0012393
all	131	1397	1220025	0.0011451
all	132	1359	1220025	0.0011139
all	133	1331	1220025	0.0010910
all	134	1351	1220025	0.0011074
all	135	1244	1220025	0.0010197
all	136	1056	1220025	0.0008656
all	137	1189	1220025	0.0009746
all	138	1058	1220025	0.0008672
all	139	995	1220025	0.0008156
all	140	983	1220025	0.0008057
all	141	991	1220025	0.0008123
all	142	1094	1220025	0.0008967
all	143	1034	1220025	0.0008475
all	144	1046	1220025	0.0008574
all	145	990	1220025	0.0008115
all	146	1020	1220025	0.0008360
all	147	982	1220025	0.0008049
all	148	934	1220025	0.0007656
all	149	856	1220025	0.0007016
all	150	849	1220025	0.0006959
all	151	949	1220025	0.0007779
all	152	903	1220025	0.0007401
all	153	830	1220025	0.0006803
all	154	766	1220025	0.0006279
all	155	845	1220025	0.0006926
all	156	734	1220025	0.0006016
all	157	743	1220025	0.0006090
all	158	776	1220025	0.0006361
all	159	734	1220025	0.0006016
all	160	777	1220025	0.0006369
all	161	800	1220025	0.0006557
all	162	711	1220025	0.0005828
all	163	671	1220025	0.0005500
all	164	591	1220025	0.0004844
all	165	633	1220025	0.0005188
all	166	684	1220025	0.0005606
all	167	628	1220025	0.0005147
all	168	610	1220025	0.0005000
all	169	687	1220025	0.0005631
all	170	609	1220025	0.0004992
all	171	686	1220025	0.0005623
all	172	622	1220025	0.0005098
all	173	524	1220025	0.0004295
all	174	571	1220025	0.0004680
all	175	594	1220025	0.0004869
all	176	579	1220025	0.0004746
all	177	518	1220025	0.0004246
all	178	511	1220025	0.0004188
all	179	499	1220025	0.0004090
all	180	490	1220025	0.0004016
all	181	432	1220025	0.0003541
all	182	482	1220025	0.0003951
all	183	548	1220025	0.0004492
all	184	517	1220025	0.0004238
all	185	430	1220025	0.0003525
all	186	419	1220025	0.0003434
all	187	417	1220025	0.0003418
all	188	418	1220025	0.0003426
all	189	391	1220025	0.0003205
all	190	389	1220025	0.0003188
all	191	342	1220025	0.0002803
all	192	343	1220025	0.0002811
all	193	367	1220025	0.0003008
all	194	353	1220025	0.0002893
all	195	304	1220025	0.0002492
all	196	313	1220025	0.0002566
all	197	412	1220025	0.0003377
all	198	371	1220025	0.0003041
all	199	403	1220025	0.0003303
all	200	334	1220025	0.0002738
all	201	277	1220025	0.0002270
all	202	265	1220025	0.0002172
all	203	318	1220025	0.0002607
all	204	288	1220025	0.0002361
all	205	245	1220025	0.0002008
all	206	193	1220025	0.0001582
all	207	262	1220025	0.0002147
all	208	257	1220025	0.0002107
all	209	232	1220025	0.0001902
all	210	257	1220025	0.0002107
all	211	268	1220025	0.0002197
all	212	272	1220025	0.0002229
all	213	240	1220025	0.0001967
all	214	268	1220025	0.0002197
all	215	221	1220025	0.0001811
all	216	255	1220025	0.0002090
all	217	242	1220025	0.0001984
all	218	298	1220025	0.0002443
all	219	265	1220025	0.0002172
all	220	232	1220025	0.0001902
all	221	237	1220025	0.0001943
all	222	249	1220025	0.0002041
all	223	189	1220025	0.0001549
all	224	216	1220025	0.0001770
all	225	253	1220025	0.0002074
all	226	276	1220025	0.0002262
all	227	246	1220025	0.0002016
all	228	182	1220025	0.0001492
all	229	230	1220025	0.0001885
all	230	217	1220025	0.0001779
all	231	220	1220025	0.0001803
all	232	220	1220025	0.0001803
all	233	211	1220025	0.0001729
all	234	177	1220025	0.0001451
all	235	201	1220025	0.0001648
all	236	203	1220025	0.0001664
all	237	187	1220025	0.0001533
all	238	175	1220025	0.0001434
all	239	192	1220025	0.0001574
all	240	174	1220025	0.0001426
all	241	155	1220025	0.0001270
all	242	172	1220025	0.0001410
all	243	218	1220025	0.0001787
all	244	185	1220025	0.0001516
all	245	173	1220025	0.0001418
all	246	171	1220025	0.0001402
all	247	147	1220025	0.0001205
all	248	151	1220025	0.0001238
all	249	145	1220025	0.0001189
all	250	126	1220025	0.0001033
all	251	115	1220025	0.0000943
all	252	140	1220025	0.0001148
all	253	144	1220025	0.0001180
all	254	154	1220025	0.0001262
all	255	137	1220025	0.0001123
all	256	162	1220025	0.0001328
all	257	141	1220025	0.0001156
all	258	150	1220025	0.0001229
all	259	151	1220025	0.0001238
all	260	109	1220025	0.0000893
all	261	126	1220025	0.0001033
all	262	95	1220025	0.0000779
all	263	101	1220025	0.0000828
all	264	113	1220025	0.0000926
all	265	87	1220025	0.0000713
all	266	67	1220025	0.0000549
all	267	89	1220025	0.0000729
all	268	88	1220025	0.0000721
all	269	79	1220025	0.0000648
all	270	74	1220025	0.0000607
all	271	111	1220025	0.0000910
all	272	74	1220025	0.0000607
all	273	71	1220025	0.0000582
all	274	72	1220025	0.0000590
all	275	92	1220025	0.0000754
all	276	99	1220025	0.0000811
all	277	81	1220025	0.0000664
all	278	81	1220025	0.0000664
all	279	67	1220025	0.0000549
all	280	87	1220025	0.0000713
all	281	75	1220025	0.0000615
all	282	72	1220025	0.0000590
all	283	73	1220025	0.0000598
all	284	93	1220025	0.0000762
all	285	98	1220025	0.0000803
all	286	127	1220025	0.0001041
all	287	79	1220025	0.0000648
all	288	69	1220025	0.0000566
all	289	69	1220025	0.0000566
all	290	62	1220025	0.0000508
all	291	50	1220025	0.0000410
all	292	43	1220025	0.0000352
all	293	56	1220025	0.0000459
all	294	52	1220025	0.0000426
all	295	71	1220025	0.0000582
all	296	58	1220025	0.0000475
all	297	46	1220025	0.0000377
all	298	40	1220025	0.0000328
all	299	61	1220025	0.0000500
all	300	99	1220025	0.0000811
all	301	48	1220025	0.0000393
all	302	38	1220025	0.0000311
all	303	51	1220025	0.0000418
all	304	56	1220025	0.0000459
all	305	55	1220025	0.0000451
all	306	49	1220025	0.0000402
all	307	68	1220025	0.0000557
all	308	57	1220025	0.0000467
all	309	36	1220025	0.0000295
all	310	60	1220025	0.0000492
all	311	43	1220025	0.0000352
all	312	46	1220025	0.0000377
all	313	35	1220025	0.0000287
all	314	35	1220025	0.0000287
all	315	55	1220025	0.0000451
all	316	38	1220025	0.0000311
all	317	38	1220025	0.0000311
all	318	53	1220025	0.0000434
all	319	46	1220025	0.0000377
all	320	49	1220025	0.0000402
all	321	73	1220025	0.0000598
all	322	39	1220025	0.0000320
all	323	67	1220025	0.0000549
all	324	61	1220025	0.0000500
all	325	26	1220025	0.0000213
all	326	20	1220025	0.0000164
all	327	36	1220025	0.0000295
all	328	61	1220025	0.0000500
all	329	29	1220025	0.0000238
all	330	33	1220025	0.0000270
all	331	39	1220025	0.0000320
all	332	44	1220025	0.0000361
all	333	55	1220025	0.0000451
all	334	23	1220025	0.0000189
all	335	59	1220025	0.0000484
all	336	47	1220025	0.0000385
all	337	23	1220025	0.0000189
all	338	53	1220025	0.0000434
all	339	32	1220025	0.0000262
all	340	46	1220025	0.0000377
all	341	44	1220025	0.0000361
all	342	43	1220025	0.0000352
all	343	33	1220025	0.0000270
all	344	29	1220025	0.0000238
all	345	50	1220025	0.0000410
all	346	33	1220025	0.0000270
all	347	35	1220025	0.0000287
all	348	32	1220025	0.0000262
all	349	48	1220025	0.0000393
all	350	32	1220025	0.0000262
all	351	24	1220025	0.0000197
all	352	33	1220025	0.0000270
all	353	38	1220025	0.0000311
all	354	27	1220025	0.0000221
all	355	49	1220025	0.0000402
all	356	25	1220025	0.0000205
all	357	15	1220025	0.0000123
all	358	53	1220025	0.0000434
all	359	39	1220025	0.0000320
all	360	13	1220025	0.0000107
all	361	35	1220025	0.0000287
all	362	27	1220025	0.0000221
all	363	22	1220025	0.0000180
all	364	27	1220025	0.0000221
all	365	15	1220025	0.0000123
all	366	32	1220025	0.0000262
all	367	28	1220025	0.0000230
all	368	30	1220025	0.0000246
all	369	21	1220025	0.0000172
all	370	42	1220025	0.0000344
all	371	15	1220025	0.0000123
all	372	39	1220025	0.0000320
all	373	25	1220025	0.0000205
all	374	24	1220025	0.0000197
all	375	36	1220025	0.0000295
all	376	25	1220025	0.0000205
all	377	21	1220025	0.0000172
all	378	16	1220025	0.0000131
all	379	14	1220025	0.0000115
all	380	19	1220025	0.0000156
all	381	14	1220025	0.0000115
all	382	29	1220025	0.0000238
all	383	20	1220025	0.0000164
all	384	26	1220025	0.0000213
all	385	14	1220025	0.0000115
all	386	15	1220025	0.0000123
all	387	12	1220025	0.0000098
all	388	5	1220025	0.0000041
all	389	29	1220025	0.0000238
all	390	17	1220025	0.0000139
all	391	13	1220025	0.0000107
all	392	15	1220025	0.0000123
all	393	23	1220025	0.0000189
all	394	6	1220025	0.0000049
all	395	8	1220025	0.0000066
all	396	10	1220025	0.0000082
all	397	9	1220025	0.0000074
all	398	8	1220025	0.0000066
all	399	10	1220025	0.0000082
all	400	2	1220025	0.0000016
all	401	8	1220025	0.0000066
all	402	13	1220025	0.0000107
all	403	3	1220025	0.0000025
all	404	6	1220025	0.0000049
all	405	8	1220025	0.0000066
all	406	10	1220025	0.0000082
all	407	22	1220025	0.0000180
all	408	8	1220025	0.0000066
all	409	21	1220025	0.0000172
all	410	8	1220025	0.0000066
all	411	8	1220025	0.0000066
all	412	5	1220025	0.0000041
all	413	1	1220025	0.0000008
all	414	10	1220025	0.0000082
all	415	7	1220025	0.0000057
all	416	5	1220025	0.0000041
all	417	16	1220025	0.0000131
all	418	8	1220025	0.0000066
all	419	11	1220025	0.0000090
all	420	23	1220025	0.0000189
all	421	18	1220025	0.0000148
all	422	9	1220025	0.0000074
all	423	12	1220025	0.0000098
all	424	7	1220025	0.0000057
all	425	13	1220025	0.0000107
all	426	6	1220025	0.0000049
all	427	2	1220025	0.0000016
all	428	10	1220025	0.0000082
all	429	5	1220025	0.0000041
all	430	24	1220025	0.0000197
all	431	8	1220025	0.0000066
all	432	5	1220025	0.0000041
all	433	10	1220025	0.0000082
all	434	9	1220025	0.0000074
all	435	5	1220025	0.0000041
all	436	11	1220025	0.0000090
all	437	8	1220025	0.0000066
all	438	20	1220025	0.0000164
all	439	18	1220025	0.0000148
all	440	14	1220025	0.0000115
all	441	11	1220025	0.0000090
all	442	6	1220025	0.0000049
all	443	13	1220025	0.0000107
all	444	11	1220025	0.0000090
all	445	3	1220025	0.0000025
all	446	4	1220025	0.0000033
all	447	5	1220025	0.0000041
all	448	2	1220025	0.0000016
all	449	3	1220025	0.0000025
all	450	5	1220025	0.0000041
all	451	20	1220025	0.0000164
all	452	7	1220025	0.0000057
all	453	10	1220025	0.0000082
all	454	5	1220025	0.0000041
all	455	7	1220025	0.0000057
all	456	5	1220025	0.0000041
all	457	10	1220025	0.0000082
all	458	8	1220025	0.0000066
all	459	7	1220025	0.0000057
all	460	8	1220025	0.0000066
all	461	10	1220025	0.0000082
all	462	8	1220025	0.0000066
all	463	14	1220025	0.0000115
all	464	7	1220025	0.0000057
all	465	6	1220025	0.0000049
all	466	4	1220025	0.0000033
all	467	11	1220025	0.0000090
all	468	6	1220025	0.0000049
all	469	3	1220025	0.0000025
all	470	2	1220025	0.0000016
all	471	8	1220025	0.0000066
all	472	6	1220025	0.0000049
all	473	2	1220025	0.0000016
all	474	5	1220025	0.0000041
all	475	13	1220025	0.0000107
all	476	3	1220025	0.0000025
all	477	4	1220025	0.0000033
all	478	3	1220025	0.0000025
all	479	4	1220025	0.0000033
all	480	4	1220025	0.0000033
all	481	5	1220025	0.0000041
all	482	4	1220025	0.0000033
all	483	1	1220025	0.0000008
all	485	2	1220025	0.0000016
all	486	2	1220025	0.0000016
all	487	6	1220025	0.0000049
all	488	10	1220025	0.0000082
all	489	3	1220025	0.0000025
all	490	6	1220025	0.0000049
all	491	10	1220025	0.0000082
all	492	2	1220025	0.0000016
all	493	4	1220025	0.0000033
all	495	1	1220025	0.0000008
all	496	2	1220025	0.0000016
all	497	6	1220025	0.0000049
all	498	2	1220025	0.0000016
all	499	1	1220025	0.0000008
all	500	5	1220025	0.0000041
all	501	6	1220025	0.0000049
all	503	5	1220025	0.0000041
all	504	3	1220025	0.0000025
all	505	2	1220025	0.0000016
all	506	4	1220025	0.0000033
all	509	1	1220025	0.0000008
all	515	3	1220025	0.0000025
all	517	8	1220025	0.0000066
all	520	4	1220025	0.0000033
all	521	3	1220025	0.0000025
all	522	9	1220025	0.0000074
all	523	7	1220025	0.0000057
all	524	5	1220025	0.0000041
all	525	8	1220025	0.0000066
all	526	6	1220025	0.0000049
all	527	8	1220025	0.0000066
all	528	1	1220025	0.0000008
all	529	8	1220025	0.0000066
all	530	5	1220025	0.0000041
all	531	4	1220025	0.0000033
all	532	6	1220025	0.0000049
all	533	4	1220025	0.0000033
all	535	1	1220025	0.0000008
all	536	2	1220025	0.0000016
all	537	2	1220025	0.0000016
all	539	1	1220025	0.0000008
all	540	1	1220025	0.0000008
all	541	2	1220025	0.0000016
all	543	3	1220025	0.0000025
all	544	2	1220025	0.0000016
all	545	1	1220025	0.0000008
all	546	8	1220025	0.0000066
all	547	5	1220025	0.0000041
all	548	1	1220025	0.0000008
all	549	3	1220025	0.0000025
all	550	1	1220025	0.0000008
all	551	4	1220025	0.0000033
all	552	2	1220025	0.0000016
all	553	2	1220025	0.0000016
all	556	5	1220025	0.0000041
all	557	1	1220025	0.0000008
all	558	2	1220025	0.0000016
all	559	1	1220025	0.0000008
all	560	1	1220025	0.0000008
all	565	2	1220025	0.0000016
all	566	8	1220025	0.0000066
all	567	2	1220025	0.0000016
all	570	1	1220025	0.0000008
all	572	1	1220025	0.0000008
all	573	3	1220025	0.0000025
all	575	2	1220025	0.0000016
all	576	2	1220025	0.0000016
all	577	1	1220025	0.0000008
all	578	3	1220025	0.0000025
all	579	2	1220025	0.0000016
all	581	2	1220025	0.0000016
all	582	2	1220025	0.0000016
all	586	11	1220025	0.0000090
all	587	2	1220025	0.0000016
all	588	2	1220025	0.0000016
all	590	2	1220025	0.0000016
all	592	5	1220025	0.0000041
all	593	8	1220025	0.0000066
all	594	3	1220025	0.0000025
all	595	4	1220025	0.0000033
all	596	2	1220025	0.0000016
all	597	1	1220025	0.0000008
all	598	1	1220025	0.0000008
all	599	1	1220025	0.0000008
all	600	1	1220025	0.0000008
all	601	3	1220025	0.0000025
all	603	1	1220025	0.0000008
all	604	1	1220025	0.0000008
all	607	2	1220025	0.0000016
all	609	1	1220025	0.0000008
all	611	1	1220025	0.0000008
all	612	3	1220025	0.0000025
all	615	1	1220025	0.0000008
all	617	1	1220025	0.0000008
all	618	2	1220025	0.0000016
all	623	2	1220025	0.0000016
all	625	1	1220025	0.0000008
all	627	2	1220025	0.0000016
all	635	1	1220025	0.0000008
all	640	1	1220025	0.0000008
all	641	1	1220025	0.0000008
all	648	6	1220025	0.0000049
all	653	1	1220025	0.0000008
all	656	1	1220025	0.0000008
all	657	3	1220025	0.0000025
all	659	1	1220025	0.0000008
all	661	1	1220025	0.0000008
all	662	3	1220025	0.0000025
all	664	1	1220025	0.0000008
all	668	1	1220025	0.0000008
all	676	1	1220025	0.0000008
all	677	1	1220025	0.0000008
all	682	1	1220025	0.0000008
all	685	1	1220025	0.0000008
all	686	1	1220025	0.0000008
all	687	1	1220025	0.0000008
all	688	2	1220025	0.0000016
all	692	2	1220025	0.0000016
all	694	1	1220025	0.0000008
all	697	3	1220025	0.0000025
all	698	1	1220025	0.0000008
all	699	1	1220025	0.0000008
all	701	2	1220025	0.0000016
all	705	1	1220025	0.0000008
all	706	1	1220025	0.0000008
all	707	2	1220025	0.0000016
all	713	1	1220025	0.0000008
all	714	1	1220025	0.0000008
all	715	1	1220025	0.0000008
all	716	2	1220025	0.0000016
all	719	3	1220025	0.0000025
all	720	1	1220025	0.0000008
all	723	1	1220025	0.0000008
all	724	1	1220025	0.0000008
all	725	1	1220025	0.0000008
all	727	1	1220025	0.0000008
all	729	1	1220025	0.0000008
all	730	1	1220025	0.0000008
all	731	1	1220025	0.0000008
all	732	1	1220025	0.0000008
all	735	2	1220025	0.0000016
all	736	1	1220025	0.0000008
all	738	1	1220025	0.0000008
all	739	1	1220025	0.0000008
all	749	1	1220025	0.0000008
all	751	2	1220025	0.0000016
all	753	1	1220025	0.0000008
all	755	1	1220025	0.0000008
all	759	1	1220025	0.0000008
all	763	2	1220025	0.0000016
all	764	1	1220025	0.0000008
all	766	1	1220025	0.0000008
all	768	1	1220025	0.0000008
all	769	2	1220025	0.0000016
all	772	1	1220025	0.0000008
all	777	1	1220025	0.0000008
all	779	1	1220025	0.0000008
all	780	2	1220025	0.0000016
all	782	3	1220025	0.0000025
all	786	1	1220025	0.0000008
all	787	2	1220025	0.0000016
all	788	1	1220025	0.0000008
all	789	1	1220025	0.0000008
all	790	1	1220025	0.0000008
all	793	1	1220025	0.0000008
all	794	7	1220025	0.0000057
all	797	1	1220025	0.0000008
all	801	1	1220025	0.0000008
all	802	2	1220025	0.0000016
all	806	4	1220025	0.0000033
all	807	1	1220025	0.0000008
all	808	5	1220025	0.0000041
all	809	1	1220025	0.0000008
all	810	1	1220025	0.0000008
all	811	1	1220025	0.0000008
all	812	2	1220025	0.0000016
all	816	1	1220025	0.0000008
all	817	2	1220025	0.0000016
all	822	2	1220025	0.0000016
all	823	1	1220025	0.0000008
all	826	1	1220025	0.0000008
all	829	1	1220025	0.0000008
all	830	1	1220025	0.0000008
all	831	1	1220025	0.0000008
all	833	1	1220025	0.0000008
all	835	1	1220025	0.0000008
all	837	2	1220025	0.0000016
