all	0	10216	1220025	0.0083736
all	1	3599	1220025	0.0029499
all	2	3522	1220025	0.0028868
all	3	3738	1220025	0.0030639
all	4	4893	1220025	0.0040106
all	5	5731	1220025	0.0046974
all	6	6803	1220025	0.0055761
all	7	6700	1220025	0.0054917
all	8	7734	1220025	0.0063392
all	9	7526	1220025	0.0061687
all	10	8976	1220025	0.0073572
all	11	9546	1220025	0.0078244
all	12	10271	1220025	0.0084187
all	13	10948	1220025	0.0089736
all	14	10507	1220025	0.0086121
all	15	11671	1220025	0.0095662
all	16	12204	1220025	0.0100031
all	17	13025	1220025	0.0106760
all	18	13284	1220025	0.0108883
all	19	12949	1220025	0.0106137
all	20	13305	1220025	0.0109055
all	21	14343	1220025	0.0117563
all	22	14853	1220025	0.0121743
all	23	14389	1220025	0.0117940
all	24	15646	1220025	0.0128243
all	25	15028	1220025	0.0123178
all	26	15259	1220025	0.0125071
all	27	15824	1220025	0.0129702
all	28	15763	1220025	0.0129202
all	29	16005	1220025	0.0131186
all	30	16357	1220025	0.0134071
all	31	16501	1220025	0.0135251
all	32	16675	1220025	0.0136678
all	33	16357	1220025	0.0134071
all	34	16906	1220025	0.0138571
all	35	17203	1220025	0.0141005
all	36	16185	1220025	0.0132661
all	37	15741	1220025	0.0129022
all	38	15590	1220025	0.0127784
all	39	15067	1220025	0.0123497
all	40	15035	1220025	0.0123235
all	41	14262	1220025	0.0116899
all	42	15685	1220025	0.0128563
all	43	15443	1220025	0.0126579
all	44	15362	1220025	0.0125915
all	45	14561	1220025	0.0119350
all	46	14505	1220025	0.0118891
all	47	13785	1220025	0.0112989
all	48	14286	1220025	0.0117096
all	49	13608	1220025	0.0111539
all	50	13509	1220025	0.0110727
all	51	13135	1220025	0.0107662
all	52	12480	1220025	0.0102293
all	53	12992	1220025	0.0106490
all	54	11948	1220025	0.0097932
all	55	11733	1220025	0.0096170
all	56	12154	1220025	0.0099621
all	57	10784	1220025	0.0088392
all	58	10439	1220025	0.0085564
all	59	11182	1220025	0.0091654
all	60	10785	1220025	0.0088400
all	61	10573	1220025	0.0086662
all	62	9935	1220025	0.0081433
all	63	10197	1220025	0.0083580
all	64	9551	1220025	0.0078285
all	65	9489	1220025	0.0077777
all	66	9443	1220025	0.0077400
all	67	9325	1220025	0.0076433
all	68	8958	1220025	0.0073425
all	69	8625	1220025	0.0070695
all	70	8325	1220025	0.0068236
all	71	8395	1220025	0.0068810
all	72	7732	1220025	0.0063376
all	73	8282	1220025	0.0067884
all	74	7285	1220025	0.0059712
all	75	7833	1220025	0.0064204
all	76	7685	1220025	0.0062991
all	77	7365	1220025	0.0060368
all	78	7325	1220025	0.0060040
all	79	6781	1220025	0.0055581
all	80	6483	1220025	0.0053138
all	81	6592	1220025	0.0054032
all	82	6066	1220025	0.0049720
all	83	5916	1220025	0.0048491
all	84	5809	1220025	0.0047614
all	85	5669	1220025	0.0046466
all	86	5998	1220025	0.0049163
all	87	5620	1220025	0.0046065
all	88	5326	1220025	0.0043655
all	89	5291	1220025	0.0043368
all	90	4899	1220025	0.0040155
all	91	4881	1220025	0.0040007
all	92	4432	1220025	0.0036327
all	93	5058	1220025	0.0041458
all	94	4644	1220025	0.0038065
all	95	4845	1220025	0.0039712
all	96	4480	1220025	0.0036721
all	97	4071	1220025	0.0033368
all	98	4239	1220025	0.0034745
all	99	3688	1220025	0.0030229
all	100	3922	1220025	0.0032147
all	101	3645	1220025	0.0029876
all	102	3459	1220025	0.0028352
all	103	3757	1220025	0.0030794
all	104	3490	1220025	0.0028606
all	105	3657	1220025	0.0029975
all	106	3154	1220025	0.0025852
all	107	3126	1220025	0.0025622
all	108	3043	1220025	0.0024942
all	109	3065	1220025	0.0025122
all	110	3244	1220025	0.0026590
all	111	3318	1220025	0.0027196
all	112	3124	1220025	0.0025606
all	113	2535	1220025	0.0020778
all	114	2656	1220025	0.0021770
all	115	2845	1220025	0.0023319
all	116	2534	1220025	0.0020770
all	117	2432	1220025	0.0019934
all	118	2670	1220025	0.0021885
all	119	2143	1220025	0.0017565
all	120	2463	1220025	0.0020188
all	121	2019	1220025	0.0016549
all	122	2114	1220025	0.0017328
all	123	2248	1220025	0.0018426
all	124	2263	1220025	0.0018549
all	125	1956	1220025	0.0016032
all	126	2005	1220025	0.0016434
all	127	1997	1220025	0.0016369
all	128	2001	1220025	0.0016401
all	129	1821	1220025	0.0014926
all	130	1904	1220025	0.0015606
all	131	1630	1220025	0.0013360
all	132	1703	1220025	0.0013959
all	133	1774	1220025	0.0014541
all	134	1751	1220025	0.0014352
all	135	1523	1220025	0.0012483
all	136	1536	1220025	0.0012590
all	137	1576	1220025	0.0012918
all	138	1490	1220025	0.0012213
all	139	1538	1220025	0.0012606
all	140	1310	1220025	0.0010737
all	141	1542	1220025	0.0012639
all	142	1438	1220025	0.0011787
all	143	1473	1220025	0.0012074
all	144	1358	1220025	0.0011131
all	145	1355	1220025	0.0011106
all	146	1298	1220025	0.0010639
all	147	1294	1220025	0.0010606
all	148	1212	1220025	0.0009934
all	149	1282	1220025	0.0010508
all	150	1231	1220025	0.0010090
all	151	1260	1220025	0.0010328
all	152	1180	1220025	0.0009672
all	153	1135	1220025	0.0009303
all	154	991	1220025	0.0008123
all	155	915	1220025	0.0007500
all	156	1118	1220025	0.0009164
all	157	1030	1220025	0.0008442
all	158	944	1220025	0.0007738
all	159	1043	1220025	0.0008549
all	160	913	1220025	0.0007483
all	161	1022	1220025	0.0008377
all	162	860	1220025	0.0007049
all	163	936	1220025	0.0007672
all	164	999	1220025	0.0008188
all	165	944	1220025	0.0007738
all	166	885	1220025	0.0007254
all	167	838	1220025	0.0006869
all	168	997	1220025	0.0008172
all	169	924	1220025	0.0007574
all	170	933	1220025	0.0007647
all	171	878	1220025	0.0007197
all	172	876	1220025	0.0007180
all	173	885	1220025	0.0007254
all	174	766	1220025	0.0006279
all	175	755	1220025	0.0006188
all	176	643	1220025	0.0005270
all	177	728	1220025	0.0005967
all	178	687	1220025	0.0005631
all	179	670	1220025	0.0005492
all	180	673	1220025	0.0005516
all	181	635	1220025	0.0005205
all	182	667	1220025	0.0005467
all	183	646	1220025	0.0005295
all	184	629	1220025	0.0005156
all	185	564	1220025	0.0004623
all	186	621	1220025	0.0005090
all	187	598	1220025	0.0004902
all	188	581	1220025	0.0004762
all	189	596	1220025	0.0004885
all	190	420	1220025	0.0003443
all	191	436	1220025	0.0003574
all	192	471	1220025	0.0003861
all	193	535	1220025	0.0004385
all	194	525	1220025	0.0004303
all	195	453	1220025	0.0003713
all	196	511	1220025	0.0004188
all	197	457	1220025	0.0003746
all	198	484	1220025	0.0003967
all	199	460	1220025	0.0003770
all	200	511	1220025	0.0004188
all	201	447	1220025	0.0003664
all	202	538	1220025	0.0004410
all	203	312	1220025	0.0002557
all	204	397	1220025	0.0003254
all	205	413	1220025	0.0003385
all	206	391	1220025	0.0003205
all	207	369	1220025	0.0003025
all	208	442	1220025	0.0003623
all	209	444	1220025	0.0003639
all	210	455	1220025	0.0003729
all	211	406	1220025	0.0003328
all	212	374	1220025	0.0003066
all	213	420	1220025	0.0003443
all	214	459	1220025	0.0003762
all	215	320	1220025	0.0002623
all	216	338	1220025	0.0002770
all	217	368	1220025	0.0003016
all	218	342	1220025	0.0002803
all	219	359	1220025	0.0002943
all	220	316	1220025	0.0002590
all	221	296	1220025	0.0002426
all	222	203	1220025	0.0001664
all	223	268	1220025	0.0002197
all	224	348	1220025	0.0002852
all	225	311	1220025	0.0002549
all	226	273	1220025	0.0002238
all	227	325	1220025	0.0002664
all	228	281	1220025	0.0002303
all	229	266	1220025	0.0002180
all	230	336	1220025	0.0002754
all	231	272	1220025	0.0002229
all	232	274	1220025	0.0002246
all	233	260	1220025	0.0002131
all	234	336	1220025	0.0002754
all	235	247	1220025	0.0002025
all	236	263	1220025	0.0002156
all	237	369	1220025	0.0003025
all	238	258	1220025	0.0002115
all	239	280	1220025	0.0002295
all	240	256	1220025	0.0002098
all	241	359	1220025	0.0002943
all	242	275	1220025	0.0002254
all	243	227	1220025	0.0001861
all	244	249	1220025	0.0002041
all	245	272	1220025	0.0002229
all	246	157	1220025	0.0001287
all	247	194	1220025	0.0001590
all	248	291	1220025	0.0002385
all	249	283	1220025	0.0002320
all	250	285	1220025	0.0002336
all	251	195	1220025	0.0001598
all	252	183	1220025	0.0001500
all	253	182	1220025	0.0001492
all	254	176	1220025	0.0001443
all	255	181	1220025	0.0001484
all	256	169	1220025	0.0001385
all	257	163	1220025	0.0001336
all	258	198	1220025	0.0001623
all	259	201	1220025	0.0001648
all	260	197	1220025	0.0001615
all	261	151	1220025	0.0001238
all	262	184	1220025	0.0001508
all	263	176	1220025	0.0001443
all	264	176	1220025	0.0001443
all	265	237	1220025	0.0001943
all	266	163	1220025	0.0001336
all	267	160	1220025	0.0001311
all	268	163	1220025	0.0001336
all	269	138	1220025	0.0001131
all	270	152	1220025	0.0001246
all	271	170	1220025	0.0001393
all	272	211	1220025	0.0001729
all	273	182	1220025	0.0001492
all	274	210	1220025	0.0001721
all	275	153	1220025	0.0001254
all	276	168	1220025	0.0001377
all	277	166	1220025	0.0001361
all	278	214	1220025	0.0001754
all	279	180	1220025	0.0001475
all	280	127	1220025	0.0001041
all	281	162	1220025	0.0001328
all	282	133	1220025	0.0001090
all	283	117	1220025	0.0000959
all	284	142	1220025	0.0001164
all	285	113	1220025	0.0000926
all	286	186	1220025	0.0001525
all	287	157	1220025	0.0001287
all	288	166	1220025	0.0001361
all	289	118	1220025	0.0000967
all	290	164	1220025	0.0001344
all	291	146	1220025	0.0001197
all	292	166	1220025	0.0001361
all	293	135	1220025	0.0001107
all	294	137	1220025	0.0001123
all	295	98	1220025	0.0000803
all	296	94	1220025	0.0000770
all	297	163	1220025	0.0001336
all	298	179	1220025	0.0001467
all	299	179	1220025	0.0001467
all	300	112	1220025	0.0000918
all	301	214	1220025	0.0001754
all	302	135	1220025	0.0001107
all	303	149	1220025	0.0001221
all	304	125	1220025	0.0001025
all	305	135	1220025	0.0001107
all	306	141	1220025	0.0001156
all	307	160	1220025	0.0001311
all	308	126	1220025	0.0001033
all	309	82	1220025	0.0000672
all	310	62	1220025	0.0000508
all	311	124	1220025	0.0001016
all	312	85	1220025	0.0000697
all	313	93	1220025	0.0000762
all	314	105	1220025	0.0000861
all	315	105	1220025	0.0000861
all	316	127	1220025	0.0001041
all	317	125	1220025	0.0001025
all	318	124	1220025	0.0001016
all	319	93	1220025	0.0000762
all	320	105	1220025	0.0000861
all	321	73	1220025	0.0000598
all	322	61	1220025	0.0000500
all	323	103	1220025	0.0000844
all	324	107	1220025	0.0000877
all	325	104	1220025	0.0000852
all	326	71	1220025	0.0000582
all	327	76	1220025	0.0000623
all	328	95	1220025	0.0000779
all	329	108	1220025	0.0000885
all	330	95	1220025	0.0000779
all	331	89	1220025	0.0000729
all	332	94	1220025	0.0000770
all	333	80	1220025	0.0000656
all	334	82	1220025	0.0000672
all	335	79	1220025	0.0000648
all	336	102	1220025	0.0000836
all	337	93	1220025	0.0000762
all	338	90	1220025	0.0000738
all	339	78	1220025	0.0000639
all	340	74	1220025	0.0000607
all	341	112	1220025	0.0000918
all	342	68	1220025	0.0000557
all	343	73	1220025	0.0000598
all	344	70	1220025	0.0000574
all	345	106	1220025	0.0000869
all	346	116	1220025	0.0000951
all	347	151	1220025	0.0001238
all	348	99	1220025	0.0000811
all	349	110	1220025	0.0000902
all	350	97	1220025	0.0000795
all	351	63	1220025	0.0000516
all	352	63	1220025	0.0000516
all	353	58	1220025	0.0000475
all	354	115	1220025	0.0000943
all	355	60	1220025	0.0000492
all	356	58	1220025	0.0000475
all	357	96	1220025	0.0000787
all	358	58	1220025	0.0000475
all	359	60	1220025	0.0000492
all	360	100	1220025	0.0000820
all	361	86	1220025	0.0000705
all	362	76	1220025	0.0000623
all	363	50	1220025	0.0000410
all	364	75	1220025	0.0000615
all	365	59	1220025	0.0000484
all	366	39	1220025	0.0000320
all	367	89	1220025	0.0000729
all	368	54	1220025	0.0000443
all	369	51	1220025	0.0000418
all	370	34	1220025	0.0000279
all	371	41	1220025	0.0000336
all	372	38	1220025	0.0000311
all	373	40	1220025	0.0000328
all	374	62	1220025	0.0000508
all	375	57	1220025	0.0000467
all	376	50	1220025	0.0000410
all	377	42	1220025	0.0000344
all	378	62	1220025	0.0000508
all	379	39	1220025	0.0000320
all	380	48	1220025	0.0000393
all	381	57	1220025	0.0000467
all	382	67	1220025	0.0000549
all	383	65	1220025	0.0000533
all	384	42	1220025	0.0000344
all	385	60	1220025	0.0000492
all	386	41	1220025	0.0000336
all	387	47	1220025	0.0000385
all	388	32	1220025	0.0000262
all	389	38	1220025	0.0000311
all	390	40	1220025	0.0000328
all	391	61	1220025	0.0000500
all	392	30	1220025	0.0000246
all	393	10	1220025	0.0000082
all	394	26	1220025	0.0000213
all	395	32	1220025	0.0000262
all	396	26	1220025	0.0000213
all	397	42	1220025	0.0000344
all	398	14	1220025	0.0000115
all	399	30	1220025	0.0000246
all	400	39	1220025	0.0000320
all	401	33	1220025	0.0000270
all	402	38	1220025	0.0000311
all	403	30	1220025	0.0000246
all	404	52	1220025	0.0000426
all	405	51	1220025	0.0000418
all	406	42	1220025	0.0000344
all	407	35	1220025	0.0000287
all	408	48	1220025	0.0000393
all	409	29	1220025	0.0000238
all	410	46	1220025	0.0000377
all	411	31	1220025	0.0000254
all	412	18	1220025	0.0000148
all	413	26	1220025	0.0000213
all	414	34	1220025	0.0000279
all	415	31	1220025	0.0000254
all	416	14	1220025	0.0000115
all	417	23	1220025	0.0000189
all	418	21	1220025	0.0000172
all	419	30	1220025	0.0000246
all	420	18	1220025	0.0000148
all	421	37	1220025	0.0000303
all	422	30	1220025	0.0000246
all	423	27	1220025	0.0000221
all	424	25	1220025	0.0000205
all	425	15	1220025	0.0000123
all	426	25	1220025	0.0000205
all	427	11	1220025	0.0000090
all	428	23	1220025	0.0000189
all	429	17	1220025	0.0000139
all	430	8	1220025	0.0000066
all	431	30	1220025	0.0000246
all	432	36	1220025	0.0000295
all	433	17	1220025	0.0000139
all	434	15	1220025	0.0000123
all	435	38	1220025	0.0000311
all	436	46	1220025	0.0000377
all	437	17	1220025	0.0000139
all	438	31	1220025	0.0000254
all	439	15	1220025	0.0000123
all	440	12	1220025	0.0000098
all	441	33	1220025	0.0000270
all	442	31	1220025	0.0000254
all	443	11	1220025	0.0000090
all	444	42	1220025	0.0000344
all	445	18	1220025	0.0000148
all	446	25	1220025	0.0000205
all	447	44	1220025	0.0000361
all	448	21	1220025	0.0000172
all	449	20	1220025	0.0000164
all	450	19	1220025	0.0000156
all	451	19	1220025	0.0000156
all	452	23	1220025	0.0000189
all	453	23	1220025	0.0000189
all	454	23	1220025	0.0000189
all	455	10	1220025	0.0000082
all	456	40	1220025	0.0000328
all	457	10	1220025	0.0000082
all	458	11	1220025	0.0000090
all	459	29	1220025	0.0000238
all	460	24	1220025	0.0000197
all	461	17	1220025	0.0000139
all	462	16	1220025	0.0000131
all	463	11	1220025	0.0000090
all	464	10	1220025	0.0000082
all	465	19	1220025	0.0000156
all	466	12	1220025	0.0000098
all	467	16	1220025	0.0000131
all	468	14	1220025	0.0000115
all	469	14	1220025	0.0000115
all	470	16	1220025	0.0000131
all	471	12	1220025	0.0000098
all	472	17	1220025	0.0000139
all	473	49	1220025	0.0000402
all	474	15	1220025	0.0000123
all	475	15	1220025	0.0000123
all	476	26	1220025	0.0000213
all	477	23	1220025	0.0000189
all	478	21	1220025	0.0000172
all	479	8	1220025	0.0000066
all	480	10	1220025	0.0000082
all	481	7	1220025	0.0000057
all	482	14	1220025	0.0000115
all	483	7	1220025	0.0000057
all	484	11	1220025	0.0000090
all	485	21	1220025	0.0000172
all	486	25	1220025	0.0000205
all	487	7	1220025	0.0000057
all	488	9	1220025	0.0000074
all	489	5	1220025	0.0000041
all	490	2	1220025	0.0000016
all	491	11	1220025	0.0000090
all	492	9	1220025	0.0000074
all	493	8	1220025	0.0000066
all	494	25	1220025	0.0000205
all	495	27	1220025	0.0000221
all	496	6	1220025	0.0000049
all	497	8	1220025	0.0000066
all	498	7	1220025	0.0000057
all	499	15	1220025	0.0000123
all	500	10	1220025	0.0000082
all	501	19	1220025	0.0000156
all	502	8	1220025	0.0000066
all	503	23	1220025	0.0000189
all	504	6	1220025	0.0000049
all	505	9	1220025	0.0000074
all	506	16	1220025	0.0000131
all	507	12	1220025	0.0000098
all	508	21	1220025	0.0000172
all	509	17	1220025	0.0000139
all	510	11	1220025	0.0000090
all	511	12	1220025	0.0000098
all	512	10	1220025	0.0000082
all	513	1	1220025	0.0000008
all	514	6	1220025	0.0000049
all	515	2	1220025	0.0000016
all	516	6	1220025	0.0000049
all	517	7	1220025	0.0000057
all	518	6	1220025	0.0000049
all	519	9	1220025	0.0000074
all	520	8	1220025	0.0000066
all	521	10	1220025	0.0000082
all	522	8	1220025	0.0000066
all	523	9	1220025	0.0000074
all	524	5	1220025	0.0000041
all	525	7	1220025	0.0000057
all	526	3	1220025	0.0000025
all	527	6	1220025	0.0000049
all	528	1	1220025	0.0000008
all	529	5	1220025	0.0000041
all	530	4	1220025	0.0000033
all	531	11	1220025	0.0000090
all	532	18	1220025	0.0000148
all	533	9	1220025	0.0000074
all	534	6	1220025	0.0000049
all	535	12	1220025	0.0000098
all	536	22	1220025	0.0000180
all	537	25	1220025	0.0000205
all	538	13	1220025	0.0000107
all	539	3	1220025	0.0000025
all	540	8	1220025	0.0000066
all	541	1	1220025	0.0000008
all	542	6	1220025	0.0000049
all	543	1	1220025	0.0000008
all	544	1	1220025	0.0000008
all	545	5	1220025	0.0000041
all	546	5	1220025	0.0000041
all	547	5	1220025	0.0000041
all	548	1	1220025	0.0000008
all	549	5	1220025	0.0000041
all	550	4	1220025	0.0000033
all	551	6	1220025	0.0000049
all	552	12	1220025	0.0000098
all	553	2	1220025	0.0000016
all	554	2	1220025	0.0000016
all	555	2	1220025	0.0000016
all	556	5	1220025	0.0000041
all	557	4	1220025	0.0000033
all	558	1	1220025	0.0000008
all	559	4	1220025	0.0000033
all	560	2	1220025	0.0000016
all	561	9	1220025	0.0000074
all	562	11	1220025	0.0000090
all	563	5	1220025	0.0000041
all	564	1	1220025	0.0000008
all	565	2	1220025	0.0000016
all	566	5	1220025	0.0000041
all	568	4	1220025	0.0000033
all	569	2	1220025	0.0000016
all	570	7	1220025	0.0000057
all	571	5	1220025	0.0000041
all	572	15	1220025	0.0000123
all	573	4	1220025	0.0000033
all	574	4	1220025	0.0000033
all	575	3	1220025	0.0000025
all	576	4	1220025	0.0000033
all	577	6	1220025	0.0000049
all	578	1	1220025	0.0000008
all	579	3	1220025	0.0000025
all	580	4	1220025	0.0000033
all	581	7	1220025	0.0000057
all	582	28	1220025	0.0000230
all	583	10	1220025	0.0000082
all	584	44	1220025	0.0000361
all	585	16	1220025	0.0000131
all	586	9	1220025	0.0000074
all	587	10	1220025	0.0000082
all	588	9	1220025	0.0000074
all	589	19	1220025	0.0000156
all	590	18	1220025	0.0000148
all	591	15	1220025	0.0000123
all	592	10	1220025	0.0000082
all	593	5	1220025	0.0000041
all	594	15	1220025	0.0000123
all	595	5	1220025	0.0000041
all	596	9	1220025	0.0000074
all	597	1	1220025	0.0000008
all	598	5	1220025	0.0000041
all	599	13	1220025	0.0000107
all	600	5	1220025	0.0000041
all	601	1	1220025	0.0000008
all	602	5	1220025	0.0000041
all	603	5	1220025	0.0000041
all	604	2	1220025	0.0000016
all	605	1	1220025	0.0000008
all	606	3	1220025	0.0000025
all	607	9	1220025	0.0000074
all	608	12	1220025	0.0000098
all	609	8	1220025	0.0000066
all	611	6	1220025	0.0000049
all	612	5	1220025	0.0000041
all	613	1	1220025	0.0000008
all	614	3	1220025	0.0000025
all	615	5	1220025	0.0000041
all	616	7	1220025	0.0000057
all	617	7	1220025	0.0000057
all	618	4	1220025	0.0000033
all	619	9	1220025	0.0000074
all	620	4	1220025	0.0000033
all	621	13	1220025	0.0000107
all	622	6	1220025	0.0000049
all	623	4	1220025	0.0000033
all	624	3	1220025	0.0000025
all	625	5	1220025	0.0000041
all	626	13	1220025	0.0000107
all	627	2	1220025	0.0000016
all	628	1	1220025	0.0000008
all	629	5	1220025	0.0000041
all	630	2	1220025	0.0000016
all	631	5	1220025	0.0000041
all	632	7	1220025	0.0000057
all	633	6	1220025	0.0000049
all	634	7	1220025	0.0000057
all	635	2	1220025	0.0000016
all	636	5	1220025	0.0000041
all	637	3	1220025	0.0000025
all	638	3	1220025	0.0000025
all	639	9	1220025	0.0000074
all	640	4	1220025	0.0000033
all	641	6	1220025	0.0000049
all	642	6	1220025	0.0000049
all	643	7	1220025	0.0000057
all	644	10	1220025	0.0000082
all	645	4	1220025	0.0000033
all	646	7	1220025	0.0000057
all	647	2	1220025	0.0000016
all	648	5	1220025	0.0000041
all	649	7	1220025	0.0000057
all	650	9	1220025	0.0000074
all	651	17	1220025	0.0000139
all	652	20	1220025	0.0000164
all	653	7	1220025	0.0000057
all	654	6	1220025	0.0000049
all	655	11	1220025	0.0000090
all	656	9	1220025	0.0000074
all	657	1	1220025	0.0000008
all	658	1	1220025	0.0000008
all	659	2	1220025	0.0000016
all	660	8	1220025	0.0000066
all	661	3	1220025	0.0000025
all	662	11	1220025	0.0000090
all	663	6	1220025	0.0000049
all	664	4	1220025	0.0000033
all	665	11	1220025	0.0000090
all	666	2	1220025	0.0000016
all	667	2	1220025	0.0000016
all	668	7	1220025	0.0000057
all	669	6	1220025	0.0000049
all	670	6	1220025	0.0000049
all	671	8	1220025	0.0000066
all	672	7	1220025	0.0000057
all	673	2	1220025	0.0000016
all	674	15	1220025	0.0000123
all	675	11	1220025	0.0000090
all	676	5	1220025	0.0000041
all	677	8	1220025	0.0000066
all	678	2	1220025	0.0000016
all	679	11	1220025	0.0000090
all	680	9	1220025	0.0000074
all	681	1	1220025	0.0000008
all	682	6	1220025	0.0000049
all	683	2	1220025	0.0000016
all	685	1	1220025	0.0000008
all	686	2	1220025	0.0000016
all	687	7	1220025	0.0000057
all	688	4	1220025	0.0000033
all	689	2	1220025	0.0000016
all	690	6	1220025	0.0000049
all	691	3	1220025	0.0000025
all	692	8	1220025	0.0000066
all	693	1	1220025	0.0000008
all	694	3	1220025	0.0000025
all	695	5	1220025	0.0000041
all	696	10	1220025	0.0000082
all	697	19	1220025	0.0000156
all	698	6	1220025	0.0000049
all	699	1	1220025	0.0000008
all	700	4	1220025	0.0000033
all	701	3	1220025	0.0000025
all	702	5	1220025	0.0000041
all	703	2	1220025	0.0000016
all	704	2	1220025	0.0000016
all	705	2	1220025	0.0000016
all	706	6	1220025	0.0000049
all	707	5	1220025	0.0000041
all	708	5	1220025	0.0000041
all	709	1	1220025	0.0000008
all	711	2	1220025	0.0000016
all	712	2	1220025	0.0000016
all	713	3	1220025	0.0000025
all	714	4	1220025	0.0000033
all	715	4	1220025	0.0000033
all	717	3	1220025	0.0000025
all	719	2	1220025	0.0000016
all	720	2	1220025	0.0000016
all	721	1	1220025	0.0000008
all	722	3	1220025	0.0000025
all	724	2	1220025	0.0000016
all	725	1	1220025	0.0000008
all	726	2	1220025	0.0000016
all	727	3	1220025	0.0000025
all	729	6	1220025	0.0000049
all	731	2	1220025	0.0000016
all	732	1	1220025	0.0000008
all	733	1	1220025	0.0000008
all	734	1	1220025	0.0000008
all	735	7	1220025	0.0000057
all	737	2	1220025	0.0000016
all	738	4	1220025	0.0000033
all	740	1	1220025	0.0000008
all	741	1	1220025	0.0000008
all	742	1	1220025	0.0000008
all	744	3	1220025	0.0000025
all	745	1	1220025	0.0000008
all	746	2	1220025	0.0000016
all	747	1	1220025	0.0000008
all	748	1	1220025	0.0000008
all	752	5	1220025	0.0000041
all	753	2	1220025	0.0000016
all	754	3	1220025	0.0000025
all	755	2	1220025	0.0000016
all	756	1	1220025	0.0000008
all	757	2	1220025	0.0000016
all	758	3	1220025	0.0000025
all	759	8	1220025	0.0000066
all	760	2	1220025	0.0000016
all	761	4	1220025	0.0000033
all	763	3	1220025	0.0000025
all	764	2	1220025	0.0000016
all	765	1	1220025	0.0000008
all	768	2	1220025	0.0000016
all	769	2	1220025	0.0000016
all	770	1	1220025	0.0000008
all	771	1	1220025	0.0000008
all	772	2	1220025	0.0000016
all	773	4	1220025	0.0000033
all	774	5	1220025	0.0000041
all	775	1	1220025	0.0000008
all	776	1	1220025	0.0000008
all	777	3	1220025	0.0000025
all	778	1	1220025	0.0000008
all	779	4	1220025	0.0000033
all	780	2	1220025	0.0000016
all	781	3	1220025	0.0000025
all	783	2	1220025	0.0000016
all	784	2	1220025	0.0000016
all	785	3	1220025	0.0000025
all	786	2	1220025	0.0000016
all	788	2	1220025	0.0000016
all	789	2	1220025	0.0000016
all	792	1	1220025	0.0000008
all	794	2	1220025	0.0000016
all	795	1	1220025	0.0000008
all	796	2	1220025	0.0000016
all	797	3	1220025	0.0000025
all	799	1	1220025	0.0000008
all	800	1	1220025	0.0000008
all	802	3	1220025	0.0000025
all	803	2	1220025	0.0000016
all	806	1	1220025	0.0000008
all	813	1	1220025	0.0000008
all	814	7	1220025	0.0000057
all	815	1	1220025	0.0000008
all	817	1	1220025	0.0000008
all	818	2	1220025	0.0000016
all	819	1	1220025	0.0000008
all	821	2	1220025	0.0000016
all	831	1	1220025	0.0000008
all	832	1	1220025	0.0000008
all	849	1	1220025	0.0000008
all	850	1	1220025	0.0000008
all	851	2	1220025	0.0000016
all	854	1	1220025	0.0000008
all	855	2	1220025	0.0000016
all	860	1	1220025	0.0000008
all	864	2	1220025	0.0000016
all	868	1	1220025	0.0000008
all	870	1	1220025	0.0000008
all	875	1	1220025	0.0000008
all	878	1	1220025	0.0000008
all	879	1	1220025	0.0000008
all	880	3	1220025	0.0000025
all	881	2	1220025	0.0000016
all	882	2	1220025	0.0000016
all	886	1	1220025	0.0000008
all	887	2	1220025	0.0000016
all	889	1	1220025	0.0000008
all	890	8	1220025	0.0000066
all	895	1	1220025	0.0000008
all	898	6	1220025	0.0000049
all	901	1	1220025	0.0000008
all	917	1	1220025	0.0000008
all	921	1	1220025	0.0000008
all	925	1	1220025	0.0000008
all	926	1	1220025	0.0000008
all	929	1	1220025	0.0000008
all	930	1	1220025	0.0000008
all	931	7	1220025	0.0000057
all	932	3	1220025	0.0000025
all	934	1	1220025	0.0000008
all	938	1	1220025	0.0000008
all	940	1	1220025	0.0000008
all	942	1	1220025	0.0000008
all	943	1	1220025	0.0000008
all	944	3	1220025	0.0000025
all	945	10	1220025	0.0000082
all	946	2	1220025	0.0000016
all	949	1	1220025	0.0000008
all	955	7	1220025	0.0000057
all	957	1	1220025	0.0000008
all	958	4	1220025	0.0000033
all	959	3	1220025	0.0000025
all	965	5	1220025	0.0000041
all	969	1	1220025	0.0000008
all	973	1	1220025	0.0000008
all	981	1	1220025	0.0000008
all	983	2	1220025	0.0000016
all	985	2	1220025	0.0000016
all	988	1	1220025	0.0000008
all	990	1	1220025	0.0000008
all	991	1	1220025	0.0000008
all	993	2	1220025	0.0000016
all	994	1	1220025	0.0000008
all	998	1	1220025	0.0000008
all	1000	1	1220025	0.0000008
all	1006	1	1220025	0.0000008
all	1009	1	1220025	0.0000008
all	1010	1	1220025	0.0000008
all	1011	1	1220025	0.0000008
all	1022	1	1220025	0.0000008
all	1029	6	1220025	0.0000049
all	1030	2	1220025	0.0000016
all	1044	1	1220025	0.0000008
all	1045	1	1220025	0.0000008
all	1047	7	1220025	0.0000057
all	1048	5	1220025	0.0000041
all	1052	1	1220025	0.0000008
all	1053	6	1220025	0.0000049
all	1054	1	1220025	0.0000008
all	1057	1	1220025	0.0000008
all	1059	1	1220025	0.0000008
all	1062	2	1220025	0.0000016
all	1063	2	1220025	0.0000016
all	1064	1	1220025	0.0000008
all	1065	4	1220025	0.0000033
all	1067	3	1220025	0.0000025
all	1069	1	1220025	0.0000008
all	1070	2	1220025	0.0000016
all	1073	1	1220025	0.0000008
all	1075	1	1220025	0.0000008
all	1094	2	1220025	0.0000016
all	1097	2	1220025	0.0000016
all	1101	3	1220025	0.0000025
all	1102	6	1220025	0.0000049
all	1103	4	1220025	0.0000033
all	1105	1	1220025	0.0000008
all	1106	1	1220025	0.0000008
all	1107	1	1220025	0.0000008
all	1108	4	1220025	0.0000033
all	1109	7	1220025	0.0000057
all	1110	2	1220025	0.0000016
all	1112	2	1220025	0.0000016
all	1118	1	1220025	0.0000008
all	1124	1	1220025	0.0000008
all	1126	2	1220025	0.0000016
all	1127	2	1220025	0.0000016
all	1130	1	1220025	0.0000008
all	1131	2	1220025	0.0000016
all	1132	3	1220025	0.0000025
all	1133	1	1220025	0.0000008
all	1134	1	1220025	0.0000008
all	1141	3	1220025	0.0000025
all	1149	1	1220025	0.0000008
all	1151	1	1220025	0.0000008
all	1152	1	1220025	0.0000008
all	1153	5	1220025	0.0000041
all	1155	1	1220025	0.0000008
all	1156	4	1220025	0.0000033
all	1157	1	1220025	0.0000008
all	1158	1	1220025	0.0000008
all	1169	2	1220025	0.0000016
all	1171	1	1220025	0.0000008
all	1173	2	1220025	0.0000016
all	1176	1	1220025	0.0000008
all	1179	1	1220025	0.0000008
all	1180	2	1220025	0.0000016
all	1185	2	1220025	0.0000016
all	1187	1	1220025	0.0000008
all	1189	2	1220025	0.0000016
all	1193	5	1220025	0.0000041
all	1199	1	1220025	0.0000008
all	1200	1	1220025	0.0000008
