Sample	1	2	3	4	5	6	7	8	9	10	11	12	13	14	15	16	17	18	19	20	21	22	23	24	25	26	27	28	29	30	31	32	33	34	35	36	37	38	39	40	41	42	43	44	45	46	47	48	49	50	51	52	53	54	55	56	57	58	59	60	61	62	63	64	65	66	67	68	69	70	71	72	73	74	75	76	77	78	79	80	81	82	83	84	85	86	87	88	89	90	91	92	93	94	95	96	97	98	99	100	101	102	103	104	105	106	107	108	109	110	111	112	113	114	115	116	117	118	119	120	121	122	123	124	125	126	127	128	129	130	131	132	133	134	135	136	137	138	139	140	141	142	143	144	145	146	147	148	149	150
Sfa-ABas_001-Ex1-cssl	36.547	36.4986	36.5279	36.5455	36.5688	36.5667	36.5504	36.554	36.5373	36.5428	36.5376	36.5199	36.5227	36.5134	36.491	36.495	36.4801	36.4807	36.4745	36.4669	36.4644	36.4444	36.4149	36.4049	36.3886	36.3483	36.3427	36.3415	36.3143	36.3008	36.2909	36.2867	36.2809	36.2788	36.266	36.2596	36.2443	36.2255	36.2098	36.2006	36.1872	36.1843	36.1747	36.1662	36.1443	36.1313	36.1235	36.0983	36.1052	36.0894	36.0694	36.0601	36.063	36.0609	36.0356	36.0276	36.0091	36.0164	36.0187	36.006	35.9978	35.9839	35.9447	35.9151	35.9143	35.9373	35.8848	35.8943	35.9093	35.9029	35.8692	35.8374	35.8171	35.8426	35.8149	35.8019	35.7829	35.8053	35.7831	35.7668	35.7408	35.7673	35.7446	35.727	35.7294	35.7175	35.7044	35.6751	35.6543	35.6262	35.612	35.6026	35.6146	35.611	35.5651	35.5423	35.5222	35.508	35.535	35.4942	35.5024	35.4837	35.448	35.4282	35.4094	35.3843	35.3693	35.3572	35.3029	35.2886	35.2462	35.2263	35.2043	35.2051	35.2125	35.1605	35.1156	35.1315	35.1077	35.0689	35.0092	35.0228	35.0287	34.9911	34.9429	34.9086	34.895	34.836	34.7904	34.843	34.788	34.7415	34.6802	34.6292	34.6138	34.5585	34.4811	34.5112	34.4073	34.3266	34.2472	34.2591	34.2061	34.0353	33.9085	33.9286	33.9903	33.8925	33.753	33.7071
Sfa-ABas_002-Ex1-cssl	36.5291	36.4883	36.5138	36.5315	36.5549	36.5502	36.5318	36.5403	36.5232	36.5296	36.5215	36.5032	36.5083	36.4967	36.4757	36.4792	36.4636	36.4655	36.4592	36.4486	36.4474	36.4262	36.3967	36.386	36.3678	36.3265	36.3213	36.3195	36.2906	36.2759	36.2672	36.2631	36.2561	36.2529	36.2403	36.2303	36.2177	36.1971	36.1833	36.1708	36.1598	36.155	36.1429	36.1377	36.1134	36.0986	36.0896	36.0654	36.0746	36.0586	36.0385	36.0289	36.0331	36.0281	36.0008	35.9945	35.9708	35.9785	35.982	35.9714	35.9662	35.9495	35.9116	35.881	35.8769	35.8996	35.8484	35.8565	35.8746	35.8645	35.827	35.8041	35.7814	35.8006	35.7786	35.7602	35.7446	35.7671	35.7418	35.7263	35.7018	35.7268	35.7055	35.6877	35.6886	35.674	35.6626	35.6326	35.6103	35.5854	35.5736	35.5544	35.5688	35.5663	35.5213	35.4954	35.477	35.4596	35.4856	35.4438	35.4557	35.436	35.4006	35.3791	35.3578	35.3349	35.3154	35.3043	35.2469	35.233	35.1901	35.1677	35.1454	35.1433	35.1536	35.1028	35.0573	35.0702	35.0437	35.0041	34.9437	34.9574	34.9622	34.9212	34.8714	34.836	34.8213	34.764	34.7189	34.7639	34.7164	34.6645	34.6068	34.5604	34.5447	34.4974	34.4248	34.4587	34.3601	34.289	34.2138	34.2273	34.181	34.0178	33.901	33.9243	33.9861	33.9045	33.7817	33.7362
Sfa-ABas_003-Ex1-cssl	36.531	36.484	36.5142	36.5318	36.5559	36.5495	36.5285	36.5357	36.5147	36.521	36.5117	36.4965	36.5	36.4922	36.4722	36.4738	36.4585	36.4581	36.4498	36.4426	36.4406	36.4198	36.3894	36.3787	36.3612	36.3208	36.313	36.3113	36.2856	36.2698	36.2623	36.2579	36.2495	36.2462	36.233	36.2221	36.2087	36.1879	36.1775	36.1677	36.1589	36.1551	36.1467	36.1354	36.1075	36.0971	36.0799	36.0578	36.0675	36.053	36.0393	36.0306	36.034	36.0313	36.0011	35.9915	35.9674	35.971	35.9777	35.9663	35.9646	35.9555	35.9182	35.8875	35.8797	35.9016	35.8453	35.8509	35.8661	35.8604	35.8308	35.8043	35.7828	35.8094	35.7835	35.7614	35.7427	35.7589	35.7345	35.7165	35.6954	35.7245	35.7053	35.6928	35.6941	35.6803	35.663	35.6292	35.6055	35.5757	35.5646	35.557	35.5724	35.5735	35.5323	35.5053	35.4835	35.4693	35.489	35.4422	35.4554	35.4359	35.4038	35.3878	35.3724	35.3485	35.328	35.3163	35.2565	35.2373	35.1899	35.1726	35.1522	35.1572	35.1673	35.1209	35.0729	35.0871	35.0575	35.0159	34.9535	34.9625	34.9677	34.9293	34.8827	34.8517	34.8384	34.7753	34.736	34.7828	34.7271	34.6723	34.6106	34.5647	34.5497	34.5014	34.4322	34.4659	34.3657	34.2859	34.2002	34.2094	34.1607	33.9927	33.8717	33.9032	33.9684	33.8807	33.7437	33.7025
Sfa-ABas_004-Ex1-cssl	36.541	36.4904	36.5219	36.5357	36.5605	36.5543	36.5364	36.543	36.5246	36.5327	36.5253	36.5071	36.509	36.4972	36.4766	36.4807	36.4639	36.4665	36.4581	36.4514	36.4476	36.4284	36.3977	36.3867	36.3696	36.3272	36.3196	36.3194	36.2922	36.2756	36.2681	36.2607	36.2546	36.2517	36.2398	36.2288	36.2159	36.1967	36.181	36.1713	36.158	36.1527	36.1452	36.1371	36.1113	36.0981	36.0855	36.0611	36.0692	36.052	36.0299	36.025	36.0259	36.023	35.9941	35.9866	35.965	35.9757	35.9786	35.9679	35.9598	35.9464	35.9022	35.8752	35.8693	35.8889	35.842	35.8472	35.8661	35.8564	35.82	35.7914	35.7665	35.7931	35.7659	35.7475	35.7294	35.7527	35.7261	35.7083	35.6827	35.7132	35.6887	35.6672	35.6666	35.6525	35.6401	35.6042	35.5807	35.5502	35.533	35.5142	35.5265	35.5215	35.4698	35.4349	35.4149	35.3914	35.4129	35.3646	35.3667	35.341	35.301	35.2732	35.2476	35.2131	35.183	35.1623	35.1015	35.0741	35.0176	34.9909	34.9583	34.9477	34.9482	34.8873	34.8257	34.8301	34.792	34.7457	34.6709	34.6645	34.6616	34.6108	34.5477	34.4942	34.4663	34.3986	34.3385	34.3685	34.3007	34.2435	34.1602	34.1037	34.0714	34.0051	33.9045	33.9204	33.7986	33.7063	33.6063	33.5859	33.5265	33.3316	33.1831	33.1666	33.1853	33.0682	32.9028	32.8191
Sfa-ABas_005-Ex1-cssl	36.5354	36.4872	36.5191	36.5368	36.561	36.5571	36.5359	36.5411	36.5204	36.5245	36.5194	36.5047	36.5088	36.4984	36.4776	36.4785	36.4627	36.4634	36.4554	36.447	36.4428	36.4219	36.391	36.3834	36.3605	36.3172	36.3121	36.312	36.2847	36.2669	36.2601	36.2564	36.2475	36.242	36.2279	36.2159	36.1985	36.1826	36.1685	36.1587	36.1497	36.1472	36.1366	36.1237	36.0972	36.0807	36.0678	36.0409	36.0544	36.0379	36.0214	36.0141	36.0153	36.0169	35.985	35.9747	35.9492	35.9531	35.9602	35.9476	35.9474	35.9351	35.8957	35.867	35.8602	35.8825	35.8241	35.8307	35.8491	35.8443	35.8076	35.7833	35.7618	35.7891	35.7651	35.7432	35.7232	35.7381	35.7144	35.6901	35.6704	35.7015	35.6773	35.6626	35.6624	35.6416	35.6218	35.5863	35.5552	35.5193	35.5065	35.4867	35.5001	35.4937	35.4403	35.4037	35.3807	35.344	35.3586	35.3015	35.2966	35.2645	35.219	35.1888	35.1542	35.1156	35.0785	35.0465	34.9695	34.9322	34.8652	34.8258	34.7842	34.7651	34.7565	34.6877	34.6189	34.6117	34.558	34.4998	34.413	34.3997	34.3825	34.3207	34.2502	34.1928	34.1621	34.0891	34.0111	34.0386	33.9621	33.8935	33.812	33.7551	33.7204	33.662	33.5668	33.586	33.4717	33.3878	33.2879	33.2806	33.2195	33.0446	32.9114	32.9046	32.9371	32.8531	32.7037	32.6357
Sfa-ABas_006-Ex1-cssl	36.5439	36.4979	36.529	36.5443	36.5658	36.564	36.5445	36.5524	36.532	36.5377	36.5306	36.5138	36.5153	36.5064	36.4828	36.4854	36.4709	36.4725	36.4662	36.4565	36.456	36.4324	36.4038	36.3925	36.3736	36.3318	36.3256	36.3277	36.2981	36.2838	36.2772	36.2685	36.2628	36.2597	36.2456	36.2346	36.2195	36.2013	36.1899	36.1782	36.166	36.1626	36.1532	36.1437	36.118	36.1014	36.0875	36.0655	36.0747	36.0605	36.0414	36.0331	36.0369	36.0375	36.0066	35.997	35.973	35.979	35.9873	35.9735	35.9679	35.956	35.9216	35.8874	35.8835	35.9072	35.8515	35.8611	35.8773	35.8652	35.8319	35.807	35.7843	35.8074	35.7836	35.7636	35.7463	35.7622	35.7415	35.7182	35.6982	35.7227	35.7018	35.6808	35.6865	35.6662	35.6495	35.6155	35.5881	35.5582	35.5398	35.5254	35.5355	35.5253	35.4781	35.4463	35.4209	35.3945	35.4147	35.3582	35.3571	35.3322	35.2894	35.2578	35.2256	35.1943	35.1585	35.1337	35.065	35.0337	34.9721	34.9362	34.8997	34.886	34.8771	34.8147	34.7473	34.7491	34.7023	34.6465	34.5637	34.5597	34.5472	34.4879	34.4194	34.3721	34.3336	34.2609	34.1907	34.2225	34.145	34.083	34.0017	33.9406	33.9049	33.842	33.7445	33.7676	33.647	33.5501	33.4468	33.4404	33.3776	33.1923	33.0603	33.0368	33.0686	32.9631	32.8097	32.7375
Sfa-ABas_007-Ex1-cssl	36.5253	36.4828	36.509	36.525	36.5509	36.5462	36.5278	36.5348	36.5174	36.5235	36.5154	36.5005	36.502	36.4904	36.472	36.4731	36.4588	36.4579	36.4541	36.4438	36.4423	36.4197	36.3912	36.381	36.3652	36.3212	36.3142	36.3138	36.2866	36.2714	36.2628	36.2578	36.2516	36.249	36.2362	36.2279	36.2145	36.1952	36.1812	36.1671	36.1592	36.1523	36.1421	36.1326	36.1067	36.0974	36.0862	36.0557	36.0638	36.05	36.0303	36.02	36.0232	36.0182	35.9919	35.9854	35.9659	35.9712	35.9771	35.9631	35.9575	35.9441	35.9037	35.8725	35.8696	35.8915	35.8415	35.8507	35.8661	35.8572	35.8191	35.7916	35.7722	35.7916	35.7694	35.7498	35.7346	35.7586	35.7333	35.7141	35.6852	35.709	35.6902	35.6748	35.6713	35.6567	35.6394	35.6116	35.5873	35.5591	35.542	35.5262	35.5362	35.5272	35.4786	35.4442	35.4292	35.4053	35.4229	35.3774	35.3826	35.3569	35.3151	35.293	35.2586	35.2279	35.2038	35.1843	35.1244	35.1038	35.0486	35.021	34.9888	34.9791	34.9804	34.9218	34.8678	34.8718	34.839	34.7917	34.7246	34.7229	34.7219	34.6715	34.6152	34.5717	34.5467	34.4784	34.4267	34.4522	34.3923	34.3341	34.2595	34.1969	34.1567	34.0836	33.9839	33.9758	33.8415	33.7307	33.5951	33.5501	33.4421	33.2262	33.0412	32.9629	32.9069	32.743	32.5287	32.3694
Sfa-ABas_008-Ex1-cssl	36.5177	36.4723	36.4998	36.5142	36.5377	36.5317	36.5147	36.5263	36.5095	36.5133	36.504	36.4887	36.4918	36.4785	36.4575	36.4591	36.4456	36.4457	36.4421	36.4351	36.4311	36.4075	36.3812	36.3707	36.3531	36.3086	36.3055	36.3068	36.279	36.2637	36.2544	36.2503	36.245	36.2414	36.2284	36.2161	36.2068	36.1861	36.1773	36.1616	36.1519	36.1469	36.1354	36.1288	36.0969	36.0898	36.0783	36.0498	36.056	36.0442	36.0238	36.0134	36.0201	36.0174	35.9854	35.9777	35.9592	35.9641	35.9717	35.9558	35.9523	35.9345	35.9015	35.871	35.8641	35.884	35.8326	35.8458	35.862	35.8516	35.8126	35.7867	35.7622	35.7888	35.7612	35.7412	35.7291	35.7508	35.7236	35.7081	35.6825	35.71	35.6861	35.6696	35.6658	35.6523	35.6389	35.6088	35.5855	35.5555	35.5388	35.528	35.5435	35.5386	35.4914	35.4573	35.4467	35.4271	35.4534	35.4027	35.4152	35.3935	35.358	35.3354	35.314	35.2884	35.2659	35.2566	35.1976	35.1816	35.1346	35.1207	35.0889	35.0882	35.095	35.0467	34.9975	35.0081	34.9828	34.943	34.8803	34.8887	34.8896	34.8518	34.7991	34.7644	34.7461	34.6908	34.6422	34.6741	34.6217	34.5697	34.4997	34.448	34.4136	34.3482	34.2596	34.2617	34.142	34.0329	33.9177	33.8835	33.7802	33.5762	33.4056	33.3394	33.3024	33.1429	32.9434	32.8029
Sfa-ABas_009-Ex1-cssl	36.5336	36.4849	36.5123	36.5301	36.5524	36.5488	36.5312	36.539	36.5215	36.5264	36.5217	36.5044	36.5077	36.4972	36.474	36.4751	36.4635	36.4639	36.4557	36.45	36.4468	36.4256	36.3959	36.3881	36.3713	36.3287	36.3221	36.3219	36.2934	36.2792	36.2703	36.2651	36.2598	36.2567	36.2433	36.2327	36.2201	36.1984	36.187	36.1745	36.1629	36.1582	36.1437	36.1367	36.1083	36.0936	36.0873	36.0593	36.0626	36.0518	36.0279	36.0168	36.0243	36.0183	35.9892	35.9816	35.9603	35.9666	35.9718	35.9556	35.9519	35.9346	35.8952	35.8643	35.8593	35.8802	35.8246	35.8372	35.8546	35.8431	35.8046	35.778	35.7517	35.7726	35.7498	35.7323	35.7165	35.7388	35.7151	35.6959	35.6698	35.6916	35.6736	35.6514	35.6483	35.6346	35.6159	35.5798	35.5589	35.5258	35.5079	35.4872	35.4984	35.4847	35.4362	35.4025	35.3849	35.3597	35.3867	35.338	35.351	35.3292	35.2893	35.2679	35.2468	35.2252	35.2049	35.1936	35.1441	35.1331	35.0932	35.0743	35.0493	35.0587	35.0615	35.0206	34.979	34.9927	34.9758	34.9431	34.8906	34.9066	34.9117	34.8743	34.8293	34.8	34.7846	34.7338	34.6949	34.7404	34.6854	34.6396	34.5807	34.5275	34.5025	34.4438	34.3574	34.3722	34.2581	34.1633	34.0666	34.0379	33.9559	33.7644	33.5943	33.5668	33.5591	33.4181	33.2364	33.1331
Sfa-ABas_010-Ex1-cssl	36.5246	36.4731	36.5043	36.5213	36.545	36.5384	36.5212	36.5284	36.5112	36.5168	36.5073	36.4892	36.4933	36.4831	36.4613	36.4652	36.4494	36.4502	36.4431	36.4362	36.4326	36.4129	36.3793	36.3698	36.3534	36.3097	36.3031	36.3034	36.2773	36.2596	36.2507	36.2441	36.2372	36.2337	36.2201	36.2142	36.2001	36.1816	36.1671	36.155	36.142	36.1345	36.125	36.1171	36.0964	36.0803	36.0727	36.0426	36.0484	36.034	36.0094	36.0007	36.0026	36.0015	35.9735	35.9659	35.9417	35.9527	35.9566	35.9417	35.9356	35.9197	35.8761	35.8465	35.8431	35.8667	35.8141	35.8245	35.8413	35.8295	35.7926	35.7632	35.7377	35.7629	35.7378	35.7196	35.7049	35.725	35.6995	35.6839	35.6568	35.6826	35.6573	35.6366	35.6414	35.618	35.6014	35.5689	35.5425	35.5092	35.4888	35.4697	35.4795	35.4693	35.4197	35.3838	35.3598	35.3384	35.3583	35.3151	35.3155	35.2931	35.2511	35.2274	35.2053	35.1753	35.151	35.1354	35.0764	35.0554	35.0065	34.9846	34.9563	34.9488	34.9538	34.9017	34.8476	34.8601	34.8272	34.7857	34.7213	34.7267	34.7272	34.6842	34.6269	34.5878	34.5636	34.5016	34.4533	34.4866	34.4293	34.3851	34.3108	34.2521	34.2284	34.1657	34.0713	34.0855	33.9693	33.8683	33.767	33.7525	33.6664	33.4709	33.3184	33.2956	33.3013	33.1702	32.9924	32.9033
Sfa-ABas_013-Ex1-cssl	36.5303	36.4887	36.5154	36.532	36.556	36.5516	36.5341	36.5408	36.5269	36.5313	36.5253	36.5067	36.5073	36.4981	36.4746	36.4772	36.466	36.4654	36.459	36.451	36.4477	36.4264	36.3967	36.389	36.3718	36.3289	36.3219	36.3214	36.2958	36.2809	36.2707	36.2659	36.26	36.2546	36.2468	36.2336	36.2224	36.2031	36.1903	36.1762	36.1671	36.1626	36.1503	36.1443	36.1184	36.1086	36.0974	36.0724	36.0787	36.0661	36.0449	36.0372	36.0419	36.0376	36.011	36.0037	35.9831	35.9899	35.9936	35.9828	35.9758	35.9602	35.9238	35.8951	35.8924	35.9112	35.8624	35.8712	35.8856	35.8791	35.8445	35.8168	35.7938	35.818	35.7936	35.7766	35.7628	35.7829	35.7587	35.7403	35.7177	35.7456	35.725	35.7073	35.7059	35.6941	35.6822	35.6542	35.6343	35.6084	35.596	35.5852	35.6014	35.6007	35.5578	35.528	35.519	35.5004	35.5318	35.4925	35.5029	35.4884	35.454	35.4431	35.4216	35.4027	35.3884	35.3808	35.3279	35.3199	35.2802	35.2647	35.2445	35.2547	35.2667	35.2243	35.18	35.2003	35.1799	35.1482	35.0913	35.1099	35.1194	35.0856	35.0461	35.0128	35.0015	34.953	34.9125	34.9678	34.9174	34.8751	34.8235	34.7751	34.766	34.7238	34.6553	34.6919	34.6038	34.5334	34.4642	34.4776	34.4322	34.2755	34.1604	34.1894	34.2506	34.1653	34.0388	34.0017
Sfa-ABas_014-Ex1-cssl	36.5282	36.4855	36.5151	36.5334	36.5591	36.5529	36.534	36.5427	36.522	36.525	36.5208	36.5034	36.5076	36.4991	36.4781	36.4788	36.4641	36.4659	36.4592	36.4545	36.4503	36.4248	36.3996	36.3895	36.3719	36.3308	36.3252	36.3255	36.2982	36.2855	36.2763	36.2721	36.264	36.258	36.2448	36.2313	36.222	36.2016	36.1932	36.1797	36.1727	36.1699	36.1594	36.1473	36.117	36.1015	36.0966	36.0668	36.078	36.0666	36.0521	36.0471	36.0461	36.0451	36.0118	36.0044	35.9806	35.9809	35.9878	35.9738	35.9745	35.9637	35.9278	35.897	35.8927	35.9084	35.853	35.8617	35.8807	35.8687	35.8319	35.8144	35.7952	35.8221	35.7907	35.7715	35.756	35.7736	35.7483	35.7315	35.7081	35.7362	35.7231	35.7078	35.7081	35.6948	35.6791	35.6477	35.6246	35.5999	35.5856	35.5777	35.5984	35.5989	35.555	35.5292	35.5149	35.4991	35.5223	35.4764	35.4919	35.4707	35.4471	35.4357	35.4161	35.4104	35.3893	35.3788	35.3245	35.3147	35.2743	35.262	35.2426	35.2493	35.2715	35.2278	35.1857	35.2026	35.1832	35.1469	35.0931	35.107	35.113	35.078	35.0396	35.0148	35.0005	34.9575	34.9165	34.9601	34.9109	34.8623	34.8098	34.7577	34.7504	34.7021	34.6315	34.6663	34.5625	34.4875	34.4106	34.418	34.3686	34.1963	34.0732	34.0987	34.1506	34.0626	33.936	33.8863
Sfa-ABas_016-Ex1-cssl	36.5348	36.4969	36.5214	36.5373	36.5623	36.5601	36.5429	36.5491	36.5327	36.5369	36.5295	36.516	36.5188	36.5088	36.4879	36.4873	36.4728	36.475	36.4689	36.4611	36.4575	36.4365	36.4074	36.3977	36.3816	36.3407	36.3331	36.3333	36.3062	36.2892	36.2798	36.2752	36.2691	36.2638	36.2538	36.2397	36.2275	36.2078	36.199	36.1811	36.1712	36.1655	36.154	36.1476	36.117	36.109	36.1003	36.07	36.0769	36.0652	36.0456	36.0354	36.0371	36.0344	36.0037	35.9971	35.9795	35.9854	35.9891	35.9771	35.9732	35.9543	35.9172	35.8873	35.8836	35.9047	35.8536	35.8597	35.8798	35.8687	35.8331	35.8071	35.784	35.8062	35.7802	35.7644	35.7475	35.7698	35.7422	35.7277	35.6998	35.7266	35.7022	35.684	35.6832	35.6672	35.6553	35.6235	35.6031	35.5765	35.5615	35.5469	35.5562	35.5546	35.507	35.4742	35.4614	35.4424	35.4685	35.4223	35.4339	35.411	35.3793	35.3574	35.3339	35.3133	35.2896	35.2766	35.2262	35.2054	35.1642	35.1465	35.1238	35.1203	35.1326	35.0833	35.035	35.0498	35.0266	34.9908	34.9299	34.9423	34.9398	34.9026	34.85	34.8162	34.7992	34.7415	34.6884	34.729	34.6673	34.6187	34.553	34.495	34.4674	34.41	34.3169	34.3329	34.2167	34.127	34.0285	34.0108	33.9407	33.7507	33.6126	33.585	33.591	33.4724	33.3123	33.2169
Sfa-ABas_017-Ex1-cssl	36.5313	36.4862	36.514	36.5308	36.5534	36.5506	36.5316	36.539	36.5209	36.5286	36.5187	36.5022	36.504	36.4912	36.4715	36.4726	36.4601	36.4588	36.4548	36.4463	36.4424	36.4212	36.3898	36.3806	36.3627	36.3206	36.3156	36.3157	36.2884	36.2721	36.2635	36.2602	36.2524	36.2489	36.2367	36.2262	36.2144	36.1955	36.1821	36.1705	36.1597	36.1541	36.1435	36.1364	36.1116	36.1024	36.0868	36.0618	36.0696	36.0554	36.0337	36.0286	36.0287	36.0286	36.0012	35.9938	35.9712	35.9798	35.9841	35.9717	35.9644	35.9522	35.9096	35.8828	35.8786	35.9023	35.8509	35.8621	35.8764	35.8694	35.8309	35.8044	35.7814	35.8058	35.7811	35.7617	35.7474	35.7693	35.7465	35.7253	35.7001	35.7278	35.7056	35.6909	35.6899	35.6737	35.6616	35.6311	35.6079	35.5842	35.5668	35.5568	35.5658	35.5626	35.5179	35.4901	35.4736	35.4545	35.4804	35.4372	35.4508	35.4256	35.3935	35.3733	35.3509	35.3308	35.3065	35.2971	35.243	35.2247	35.1815	35.164	35.1427	35.1381	35.1464	35.0962	35.0482	35.061	35.0345	34.996	34.9353	34.9397	34.9418	34.901	34.8493	34.8105	34.7884	34.7305	34.6717	34.7109	34.6513	34.5968	34.5282	34.4705	34.4363	34.374	34.2788	34.2928	34.1667	34.0668	33.9638	33.9425	33.8646	33.6685	33.5226	33.4912	33.4823	33.3658	33.1909	33.0883
Sfa-ABas_018-Ex1-cssl	36.5345	36.4912	36.5167	36.533	36.5574	36.5526	36.5357	36.5424	36.525	36.5323	36.5257	36.5083	36.5123	36.5012	36.4796	36.4817	36.4687	36.4691	36.4642	36.4571	36.4536	36.4339	36.4051	36.3942	36.3775	36.3378	36.3302	36.3288	36.3039	36.2855	36.2794	36.2731	36.2662	36.266	36.2545	36.2432	36.2331	36.2115	36.1997	36.1873	36.1786	36.1717	36.1606	36.1552	36.1308	36.1206	36.1085	36.0805	36.0894	36.0733	36.0528	36.0445	36.0472	36.0437	36.0164	36.0128	35.99	35.9977	36.0035	35.9881	35.9851	35.9696	35.9323	35.9034	35.8997	35.9214	35.8687	35.882	35.8978	35.8865	35.8524	35.8204	35.7996	35.8219	35.8001	35.7833	35.7692	35.7888	35.7668	35.7482	35.7256	35.7487	35.726	35.7105	35.7079	35.6925	35.6819	35.6487	35.6287	35.6028	35.5883	35.5737	35.5821	35.5796	35.5324	35.5076	35.4893	35.4684	35.4965	35.4517	35.4634	35.4429	35.4049	35.3863	35.3648	35.3423	35.3198	35.3076	35.2542	35.2383	35.1921	35.1733	35.1485	35.1487	35.1516	35.1039	35.0557	35.065	35.042	35.0062	34.9439	34.9549	34.9602	34.9207	34.8681	34.8331	34.8189	34.7592	34.7161	34.7505	34.7017	34.6523	34.5903	34.5364	34.5111	34.4501	34.3656	34.3697	34.2536	34.1495	34.0387	34.0087	33.9087	33.7099	33.5393	33.482	33.4478	33.2897	33.0912	32.9547
Sfa-ABas_019-Ex1-cssl	36.5192	36.4788	36.5018	36.5193	36.5428	36.5382	36.5219	36.5278	36.514	36.517	36.5075	36.4931	36.4964	36.4869	36.4624	36.4648	36.451	36.4513	36.4471	36.438	36.4345	36.4136	36.3831	36.3739	36.3565	36.3108	36.3038	36.3044	36.277	36.2604	36.2545	36.2508	36.2429	36.2368	36.2266	36.2169	36.203	36.1846	36.1679	36.1591	36.1461	36.1408	36.1295	36.1243	36.0988	36.0865	36.076	36.0472	36.0546	36.0431	36.0184	36.0107	36.0128	36.0124	35.987	35.9762	35.958	35.9645	35.9663	35.955	35.9487	35.9363	35.8937	35.8662	35.861	35.8853	35.8347	35.8462	35.8634	35.8519	35.8161	35.7875	35.7657	35.7876	35.765	35.7479	35.7306	35.7543	35.7309	35.7088	35.6878	35.7103	35.6886	35.6702	35.6704	35.6517	35.6403	35.6078	35.5825	35.5554	35.5391	35.5201	35.5313	35.5232	35.4736	35.4384	35.4202	35.396	35.4198	35.3676	35.3739	35.3446	35.3042	35.2768	35.2442	35.2138	35.1837	35.1646	35.1009	35.075	35.019	34.9927	34.9589	34.9435	34.9426	34.8842	34.8282	34.8234	34.7875	34.7437	34.6713	34.6706	34.657	34.611	34.5527	34.5066	34.4756	34.4103	34.3505	34.3761	34.3154	34.2584	34.1862	34.1241	34.0866	34.0218	33.9208	33.9192	33.7892	33.6814	33.5662	33.5247	33.4123	33.2113	33.0409	32.9758	32.9326	32.7782	32.582	32.436
Sfa-ABas_020-Ex1-cssl	36.5143	36.4709	36.5013	36.5156	36.5419	36.5362	36.5174	36.5252	36.509	36.5089	36.5017	36.4879	36.493	36.4846	36.4624	36.4616	36.4495	36.45	36.4421	36.4384	36.4367	36.4143	36.385	36.379	36.3622	36.3207	36.3139	36.3143	36.288	36.2752	36.2703	36.2666	36.2631	36.2605	36.2467	36.2302	36.221	36.2044	36.1952	36.1836	36.1787	36.1731	36.1626	36.152	36.1256	36.1131	36.0982	36.0731	36.0857	36.0761	36.059	36.0555	36.0565	36.0535	36.0247	36.0132	35.9946	35.9944	36.004	35.9934	35.9918	35.9811	35.9482	35.9214	35.9108	35.928	35.8728	35.8824	35.899	35.8907	35.8578	35.8349	35.8183	35.8386	35.8122	35.7951	35.7748	35.7941	35.7684	35.7493	35.7299	35.7611	35.7447	35.7296	35.7312	35.7194	35.6993	35.669	35.6427	35.6164	35.6028	35.5988	35.616	35.6214	35.5778	35.5433	35.5383	35.5184	35.545	35.4976	35.5171	35.4986	35.4695	35.4592	35.4447	35.4282	35.4097	35.3993	35.3457	35.3338	35.2902	35.2771	35.259	35.2676	35.2822	35.2426	35.1999	35.2145	35.1924	35.1554	35.1	35.1129	35.1151	35.0802	35.0382	35.0019	34.9894	34.9351	34.886	34.926	34.8679	34.8074	34.7435	34.6915	34.6563	34.5871	34.4976	34.4963	34.3633	34.2526	34.1257	34.0768	33.9625	33.7472	33.5701	33.4956	33.4448	33.2766	33.0711	32.9131
Sfa-ABas_021-Ex1-cssl	36.5194	36.4718	36.5007	36.5184	36.5435	36.5361	36.5188	36.5277	36.5073	36.5152	36.5067	36.4883	36.4906	36.4804	36.4586	36.4633	36.4455	36.4477	36.4403	36.4343	36.4311	36.4095	36.3823	36.3658	36.3523	36.306	36.3015	36.3024	36.2736	36.2547	36.2508	36.2438	36.2347	36.2335	36.218	36.2123	36.1971	36.1776	36.164	36.1532	36.1443	36.136	36.1226	36.1139	36.0901	36.0763	36.068	36.0359	36.0492	36.0348	36.008	35.9978	36.004	36.003	35.9747	35.965	35.9419	35.9532	35.9559	35.9426	35.9368	35.9231	35.8734	35.846	35.8441	35.8614	35.8135	35.8199	35.8402	35.8239	35.7907	35.7563	35.7374	35.7639	35.7353	35.7195	35.6997	35.726	35.6972	35.6766	35.6536	35.681	35.6612	35.638	35.6375	35.6203	35.6003	35.5684	35.5436	35.5135	35.4919	35.4737	35.4788	35.4744	35.4201	35.3885	35.3708	35.3507	35.372	35.3288	35.3359	35.3109	35.2815	35.2627	35.237	35.2176	35.1976	35.1923	35.1373	35.1316	35.0889	35.0727	35.0487	35.054	35.0632	35.0251	34.977	34.9986	34.9769	34.9383	34.8936	34.9023	34.9032	34.8718	34.8212	34.7787	34.7702	34.7146	34.6673	34.7104	34.6591	34.6033	34.5419	34.4899	34.4586	34.3944	34.3018	34.3123	34.192	34.0902	33.9833	33.9626	33.8561	33.6525	33.4839	33.4498	33.439	33.2948	33.0972	32.9873
Sfa-ABas_022-Ex1-cssl	36.5223	36.4744	36.5063	36.5224	36.5485	36.5404	36.5199	36.5289	36.5062	36.5122	36.5063	36.4908	36.4946	36.4855	36.4642	36.4647	36.4468	36.449	36.4422	36.435	36.4312	36.4112	36.3787	36.3708	36.3509	36.3112	36.3019	36.3068	36.2784	36.2625	36.2544	36.2513	36.2435	36.2405	36.2254	36.2169	36.2003	36.1812	36.1703	36.1611	36.1511	36.15	36.1356	36.1287	36.0991	36.0831	36.0702	36.0442	36.0556	36.0412	36.0255	36.0206	36.0211	36.0168	35.9876	35.9757	35.9513	35.9578	35.9625	35.9514	35.9472	35.9396	35.8979	35.8666	35.858	35.8795	35.8228	35.8301	35.8477	35.8371	35.8027	35.7811	35.7591	35.7876	35.7585	35.7386	35.7192	35.7377	35.7108	35.687	35.6709	35.6995	35.6794	35.6641	35.6671	35.6475	35.6297	35.5901	35.5644	35.5282	35.5142	35.5022	35.5134	35.5085	35.4591	35.4289	35.4077	35.3842	35.4091	35.3607	35.3673	35.3477	35.3122	35.2943	35.2766	35.2597	35.2418	35.2312	35.1745	35.1578	35.1129	35.0967	35.0745	35.0794	35.0913	35.0474	35.002	35.0198	34.9911	34.9557	34.8983	34.909	34.9099	34.873	34.831	34.7952	34.7848	34.7272	34.6828	34.7305	34.671	34.6172	34.5549	34.501	34.4828	34.4226	34.3381	34.3548	34.2418	34.1397	34.0421	34.0188	33.9344	33.7412	33.583	33.5645	33.569	33.4403	33.263	33.1698
Sfa-ABas_023-Ex1-cssl	36.5324	36.489	36.5145	36.5297	36.5524	36.5433	36.5243	36.5346	36.5171	36.5231	36.5147	36.4986	36.5015	36.4912	36.4664	36.4672	36.4546	36.4558	36.4501	36.4449	36.4422	36.418	36.3883	36.3794	36.3624	36.3188	36.3112	36.3135	36.2856	36.2701	36.2656	36.2585	36.2515	36.2487	36.232	36.2197	36.2103	36.1874	36.1793	36.1653	36.1567	36.1533	36.1409	36.1312	36.0974	36.0861	36.0741	36.0445	36.0511	36.0423	36.0243	36.0135	36.0195	36.0132	35.9815	35.9724	35.9477	35.9475	35.9583	35.9409	35.9402	35.9258	35.8891	35.8561	35.8493	35.8664	35.8158	35.8258	35.8439	35.8289	35.7924	35.7652	35.7437	35.7682	35.7399	35.7203	35.7037	35.7261	35.6961	35.6763	35.6517	35.6792	35.6591	35.6408	35.6371	35.6211	35.5979	35.5587	35.5311	35.4959	35.4769	35.4559	35.4643	35.4529	35.4028	35.3676	35.3442	35.3176	35.3343	35.2768	35.2862	35.2584	35.2148	35.1864	35.1556	35.1327	35.1023	35.0854	35.0272	35.0023	34.9458	34.9228	34.8934	34.8847	34.8839	34.8374	34.7824	34.7877	34.7621	34.7181	34.6487	34.6549	34.6549	34.6115	34.5565	34.5207	34.4953	34.4362	34.3884	34.4215	34.3544	34.2975	34.2356	34.1684	34.1407	34.0709	33.9827	33.996	33.8705	33.7683	33.6694	33.6382	33.5463	33.3607	33.1966	33.1634	33.1584	33.0314	32.8517	32.7615
Sfa-ABas_024-Ex1-cssl	36.5295	36.4896	36.5136	36.5296	36.5554	36.5487	36.5319	36.5397	36.5239	36.5286	36.5226	36.5073	36.5094	36.4986	36.4768	36.4774	36.4661	36.4664	36.4615	36.454	36.4511	36.4293	36.4011	36.3932	36.3776	36.3333	36.3263	36.3256	36.299	36.2823	36.2752	36.271	36.2641	36.2629	36.2477	36.237	36.2272	36.2072	36.1934	36.18	36.1691	36.1638	36.1534	36.1443	36.1125	36.105	36.0982	36.0715	36.0778	36.0652	36.0428	36.0395	36.0379	36.0356	36.0058	35.9994	35.9777	35.9789	35.9881	35.9721	35.9705	35.9505	35.9106	35.8829	35.8767	35.8974	35.8472	35.8569	35.8732	35.8645	35.8268	35.8019	35.7763	35.7966	35.7741	35.7559	35.737	35.762	35.7372	35.7189	35.6949	35.7183	35.6964	35.6785	35.6801	35.6614	35.6523	35.6218	35.6009	35.5753	35.5628	35.5529	35.5668	35.565	35.5222	35.4882	35.482	35.4669	35.4997	35.4615	35.4749	35.4566	35.4232	35.4143	35.3935	35.3804	35.364	35.358	35.3085	35.3016	35.2622	35.2554	35.2333	35.2425	35.2629	35.2224	35.1778	35.2015	35.1848	35.1524	35.1012	35.1212	35.1341	35.1005	35.0597	35.0315	35.0214	34.9768	34.9407	34.9941	34.9484	34.9144	34.8641	34.8219	34.8094	34.7732	34.7016	34.7427	34.6499	34.5829	34.5128	34.5315	34.4826	34.3172	34.2121	34.2341	34.2831	34.1973	34.0724	34.0225
Sfa-ABas_025-Ex1-cssl	36.5319	36.4907	36.5168	36.5357	36.5593	36.5559	36.5369	36.5451	36.5263	36.5325	36.5254	36.5101	36.5142	36.503	36.4805	36.4843	36.4677	36.4698	36.4626	36.4532	36.4512	36.429	36.3972	36.3895	36.3727	36.3288	36.3207	36.3207	36.2921	36.2756	36.2641	36.2594	36.2522	36.25	36.2357	36.2221	36.2124	36.1902	36.1807	36.1638	36.1517	36.147	36.1355	36.1277	36.1015	36.0894	36.0792	36.0542	36.0633	36.046	36.0272	36.0189	36.019	36.0162	35.9906	35.9843	35.9624	35.964	35.9762	35.959	35.9556	35.9383	35.9051	35.8709	35.8686	35.8879	35.8382	35.8515	35.8698	35.8608	35.8222	35.7953	35.7714	35.7949	35.7717	35.7518	35.7342	35.757	35.7331	35.7137	35.6851	35.7092	35.6889	35.6676	35.6633	35.6464	35.6307	35.5948	35.5699	35.5399	35.5179	35.499	35.5028	35.4905	35.4382	35.399	35.3764	35.345	35.3628	35.3057	35.305	35.2664	35.2189	35.1833	35.1452	35.1045	35.0631	35.0405	34.9636	34.9256	34.8644	34.826	34.78	34.7616	34.7586	34.682	34.6149	34.6111	34.5681	34.5148	34.4303	34.4287	34.4188	34.3604	34.2926	34.2411	34.2102	34.1439	34.0857	34.1293	34.0635	34.0189	33.9475	33.8919	33.8715	33.8229	33.7346	33.7863	33.6834	33.6115	33.5417	33.5681	33.5338	33.3791	33.2693	33.2994	33.3811	33.3161	33.2105	33.1849
Sfa-ABas_026-Ex1-cssl	36.5292	36.4836	36.5145	36.5292	36.5538	36.5479	36.5282	36.5388	36.5214	36.5275	36.5182	36.5009	36.5035	36.4917	36.4703	36.4725	36.4585	36.4593	36.4535	36.4454	36.4416	36.4181	36.3915	36.3802	36.3638	36.3201	36.3136	36.3109	36.2873	36.2715	36.2613	36.2568	36.2488	36.2485	36.2358	36.2239	36.2118	36.1939	36.1805	36.1673	36.1566	36.1534	36.1447	36.1335	36.1091	36.0969	36.0889	36.0645	36.071	36.055	36.0378	36.0287	36.0302	36.0303	36.0016	35.9951	35.9737	35.981	35.9864	35.9719	35.967	35.9531	35.9132	35.8859	35.8799	35.9013	35.8509	35.8618	35.8751	35.8682	35.8309	35.8067	35.7818	35.806	35.7824	35.7636	35.7489	35.7679	35.7464	35.7263	35.7047	35.7287	35.7095	35.6901	35.6958	35.6793	35.6685	35.6359	35.6185	35.5901	35.579	35.5682	35.5807	35.5793	35.5361	35.506	35.4958	35.4779	35.5062	35.461	35.4755	35.4599	35.4239	35.408	35.3879	35.3684	35.3525	35.3453	35.2963	35.2789	35.2372	35.2201	35.2016	35.2059	35.2189	35.172	35.1309	35.1478	35.1279	35.0921	35.0341	35.0499	35.0592	35.0226	34.9786	34.9489	34.9336	34.882	34.8388	34.8869	34.8366	34.7977	34.7353	34.6909	34.6749	34.6256	34.5524	34.5894	34.4902	34.41	34.3327	34.3489	34.2938	34.1274	33.9991	34.0271	34.0824	33.9932	33.8528	33.812
Sfa-ABas_027-Ex1-cssl	36.5502	36.506	36.5324	36.549	36.5722	36.569	36.5506	36.5563	36.5404	36.5477	36.5423	36.5225	36.5263	36.5151	36.495	36.4973	36.4819	36.4841	36.4772	36.4691	36.4682	36.4472	36.4165	36.4092	36.3903	36.3495	36.3417	36.3432	36.3146	36.3008	36.2904	36.2859	36.278	36.2761	36.2646	36.2547	36.241	36.2197	36.2072	36.1966	36.1849	36.1765	36.169	36.1618	36.1275	36.1242	36.1124	36.0784	36.0837	36.0777	36.0523	36.0412	36.0485	36.0458	36.0149	36.0059	35.9829	35.9945	35.9941	35.9809	35.9786	35.9623	35.92	35.8921	35.8924	35.9084	35.8602	35.8657	35.8831	35.8708	35.8372	35.8165	35.7952	35.8157	35.794	35.7789	35.7599	35.783	35.76	35.7378	35.7135	35.7385	35.7136	35.6944	35.6942	35.6812	35.6627	35.6332	35.6092	35.5792	35.5631	35.5488	35.5534	35.5485	35.498	35.4643	35.444	35.4188	35.4403	35.3941	35.3995	35.3718	35.3331	35.3068	35.2748	35.2464	35.2164	35.1967	35.1336	35.11	35.0579	35.0283	34.995	34.9913	34.989	34.9275	34.8687	34.8765	34.8398	34.7974	34.7264	34.7328	34.7261	34.6747	34.6207	34.5737	34.5501	34.4853	34.4351	34.4695	34.4086	34.3598	34.2899	34.2383	34.213	34.1598	34.0683	34.1007	33.9891	33.9106	33.8236	33.8247	33.7633	33.5949	33.4656	33.4635	33.4937	33.3978	33.2497	33.1771
Sfa-ABas_028-Ex1-cssl	36.5287	36.492	36.5146	36.5358	36.5581	36.5541	36.5369	36.544	36.5257	36.533	36.5244	36.51	36.5113	36.5005	36.4807	36.483	36.4663	36.4675	36.4638	36.4558	36.453	36.4299	36.4033	36.3927	36.3752	36.3346	36.3268	36.3276	36.3009	36.2844	36.2757	36.2719	36.2663	36.2635	36.2505	36.2422	36.2298	36.2115	36.197	36.1847	36.1729	36.1659	36.158	36.1509	36.126	36.1161	36.1026	36.0808	36.0855	36.0727	36.0502	36.0428	36.0436	36.0415	36.0154	36.0094	35.9886	35.9951	36.0016	35.9877	35.9806	35.9674	35.9269	35.8959	35.8922	35.9155	35.8634	35.8729	35.8912	35.8839	35.846	35.8187	35.7951	35.816	35.7934	35.7737	35.7577	35.78	35.7571	35.7396	35.7133	35.7395	35.7187	35.6991	35.7034	35.6909	35.677	35.6485	35.6276	35.6006	35.5898	35.5742	35.5913	35.5889	35.5424	35.5141	35.5011	35.4866	35.5159	35.4759	35.4875	35.467	35.4341	35.418	35.4002	35.383	35.3632	35.3547	35.3013	35.2907	35.2528	35.2392	35.2143	35.2154	35.2255	35.1799	35.1382	35.1547	35.1294	35.0967	35.0413	35.0496	35.0561	35.0182	34.9706	34.9345	34.9196	34.8589	34.8136	34.8551	34.7963	34.7507	34.688	34.6355	34.6094	34.5526	34.4684	34.4931	34.3786	34.2878	34.1939	34.1895	34.1147	33.9352	33.7984	33.7747	33.7855	33.6783	33.5155	33.4249
Sfa-ABas_029-Ex1-cssl	36.5319	36.4872	36.5144	36.5321	36.5557	36.5509	36.5321	36.5376	36.5179	36.5249	36.5155	36.4986	36.5045	36.4964	36.4751	36.4763	36.459	36.4601	36.4527	36.4459	36.4426	36.4216	36.3936	36.3839	36.3636	36.3219	36.3138	36.3137	36.2878	36.2755	36.2675	36.265	36.2563	36.2534	36.2394	36.2251	36.2121	36.1945	36.1869	36.1745	36.1655	36.1613	36.1503	36.1408	36.1121	36.0991	36.0858	36.0595	36.0692	36.0567	36.0428	36.0397	36.0423	36.0354	36.0032	35.9913	35.9707	35.9678	35.98	35.9668	35.9682	35.9563	35.9197	35.891	35.8858	35.9029	35.8477	35.856	35.8762	35.8675	35.8309	35.8049	35.7871	35.8133	35.7847	35.7625	35.7416	35.7645	35.7366	35.7138	35.6957	35.7234	35.7086	35.686	35.6906	35.6727	35.6521	35.6192	35.5915	35.5579	35.5415	35.5281	35.5456	35.5439	35.4884	35.4553	35.4371	35.4106	35.424	35.3757	35.3778	35.351	35.3126	35.2905	35.2652	35.2356	35.2033	35.1852	35.1147	35.0864	35.0378	35.0057	34.9676	34.9682	34.9685	34.9125	34.8565	34.8603	34.8203	34.7763	34.6997	34.6947	34.6932	34.6429	34.5842	34.5443	34.5245	34.4581	34.4005	34.4261	34.3594	34.3043	34.2296	34.1706	34.1453	34.0908	33.9987	34.0202	33.9064	33.8163	33.7183	33.7099	33.6383	33.4604	33.3252	33.3083	33.3341	33.2324	33.0788	33.0063
Sfa-ABas_030-Ex1-cssl	36.5162	36.4786	36.5053	36.5196	36.5419	36.5377	36.5265	36.5242	36.5049	36.5152	36.5073	36.4898	36.4956	36.4824	36.4622	36.4633	36.4432	36.4452	36.4403	36.4307	36.4279	36.4085	36.3765	36.3669	36.3467	36.3018	36.2938	36.2921	36.2611	36.2455	36.2392	36.2276	36.2257	36.2214	36.2044	36.1968	36.1857	36.1621	36.1455	36.1362	36.1214	36.09	36.0763	36.0858	35.8069	36.0076	36.0397	35.7448	35.7229	35.8912	35.7318	35.6818	35.7927	35.7951	35.6605	35.6478	35.6212	35.6768	35.6265	35.6216	35.7699	35.6031	35.5675	35.5631	35.6548	35.5429	35.5092	35.5106	35.5243	35.5065	35.4943	35.526	35.5942	35.678	35.6875	35.6847	35.6757	35.7036	35.6883	35.6647	35.6431	35.6694	35.6433	35.6228	35.6206	35.6003	35.5797	35.5418	35.5066	35.4694	35.4441	35.4139	35.4091	35.3881	35.3194	35.2685	35.2267	35.1809	35.175	35.1044	35.0771	35.017	34.9492	34.8909	34.8227	34.7558	34.6871	34.6246	34.5213	34.456	34.3582	34.2898	34.212	34.1559	34.1041	34.0032	33.8986	33.8524	33.7681	33.6803	33.5664	33.5239	33.471	33.3796	33.2839	33.2022	33.1307	33.0372	32.946	32.9372	32.8479	32.7692	32.6781	32.6036	32.544	32.4745	32.3616	32.3507	32.2236	32.1287	32.0081	31.9773	31.8976	31.7157	31.5817	31.5243	31.5061	31.3974	31.2483	31.1474
Sfa-ABas_031-Ex1-cssl	36.5068	36.4725	36.5028	36.5135	36.5425	36.536	36.5148	36.5198	36.4984	36.5049	36.5028	36.487	36.4909	36.4836	36.4639	36.4678	36.4538	36.4517	36.4462	36.44	36.4382	36.4181	36.3907	36.3837	36.3644	36.3263	36.3227	36.3206	36.2995	36.2859	36.2794	36.2764	36.2705	36.2661	36.2572	36.2506	36.2375	36.2184	36.2096	36.2045	36.198	36.1949	36.1876	36.1761	36.1579	36.1424	36.1293	36.1085	36.1194	36.1059	36.0913	36.0891	36.0916	36.0896	36.0651	36.0582	36.0348	36.0422	36.0498	36.0407	36.0378	36.0285	35.9934	35.9673	35.9652	35.9846	35.931	35.9417	35.9546	35.953	35.921	35.8991	35.8869	35.907	35.89	35.8704	35.854	35.8684	35.8464	35.8294	35.8115	35.8385	35.8194	35.8083	35.8095	35.7941	35.7802	35.7463	35.7197	35.6914	35.6781	35.6632	35.6696	35.6668	35.6269	35.5945	35.5721	35.5423	35.5533	35.5072	35.5038	35.4738	35.4354	35.4046	35.3781	35.3481	35.3117	35.2815	35.2164	35.1809	35.1202	35.087	35.0455	35.032	35.0232	34.9597	34.8976	34.8877	34.8386	34.7848	34.7099	34.6928	34.6786	34.6223	34.5556	34.5041	34.473	34.3979	34.3367	34.3583	34.2912	34.2377	34.1644	34.1103	34.0763	34.0193	33.9405	33.9525	33.8493	33.768	33.6742	33.6665	33.5969	33.4434	33.3199	33.3051	33.3165	33.2062	33.0749	33.0003
Sfa-ABas_032-Ex1-cssl	36.5324	36.4861	36.5143	36.5287	36.5522	36.5468	36.5271	36.5362	36.5172	36.5237	36.516	36.4991	36.5025	36.4886	36.4672	36.4698	36.4539	36.4554	36.4502	36.4418	36.4403	36.4167	36.3876	36.3796	36.3601	36.3158	36.3131	36.3103	36.2834	36.2697	36.2639	36.2567	36.2515	36.2482	36.2358	36.2217	36.2084	36.1904	36.176	36.1665	36.159	36.1518	36.1402	36.134	36.1072	36.0953	36.0797	36.0533	36.0609	36.0504	36.029	36.0219	36.0232	36.0238	35.9928	35.9832	35.9656	35.9661	35.9743	35.9621	35.959	35.946	35.9051	35.8768	35.8721	35.8911	35.8399	35.8483	35.864	35.8576	35.8214	35.796	35.7757	35.8012	35.7788	35.753	35.7373	35.7564	35.7337	35.7105	35.6893	35.7144	35.6935	35.6772	35.6771	35.6582	35.6399	35.6042	35.5778	35.5464	35.5278	35.5104	35.516	35.5112	35.4602	35.4206	35.3972	35.3663	35.3811	35.3242	35.326	35.2945	35.2462	35.2131	35.183	35.1407	35.1104	35.0824	35.0099	34.9809	34.916	34.88	34.8433	34.8285	34.82	34.75	34.6882	34.6802	34.636	34.5856	34.5041	34.4945	34.4853	34.4269	34.3597	34.3174	34.2798	34.2071	34.1466	34.1683	34.099	34.0363	33.9638	33.9006	33.8561	33.791	33.6903	33.6881	33.5656	33.4586	33.3401	33.298	33.1999	33.0071	32.8479	32.7781	32.7532	32.6033	32.4179	32.2947
Sfa-ABas_033-Ex1-cssl	36.5297	36.4844	36.512	36.5261	36.5514	36.5462	36.5263	36.5335	36.5133	36.5223	36.5141	36.4997	36.4989	36.4905	36.4683	36.4694	36.4555	36.4561	36.4508	36.4414	36.4368	36.4171	36.3849	36.3753	36.3585	36.3139	36.3066	36.3051	36.2779	36.2619	36.2509	36.2446	36.2361	36.2323	36.2203	36.2109	36.1964	36.1746	36.1617	36.1469	36.1347	36.1288	36.1186	36.1073	36.0851	36.0688	36.0588	36.0324	36.0397	36.0206	35.9983	35.9883	35.9909	35.9851	35.9599	35.9493	35.9289	35.9362	35.9396	35.9278	35.9193	35.9019	35.8608	35.8287	35.824	35.8468	35.7939	35.8039	35.8197	35.8094	35.774	35.7464	35.7195	35.742	35.7159	35.6995	35.6842	35.7066	35.6813	35.6601	35.6333	35.6572	35.6318	35.611	35.6092	35.5862	35.5694	35.5327	35.5006	35.4687	35.4444	35.4189	35.4168	35.4021	35.3465	35.3045	35.2703	35.24	35.2526	35.1973	35.1902	35.1555	35.1051	35.0693	35.0281	34.9872	34.9507	34.9264	34.8497	34.8166	34.7558	34.7185	34.6738	34.6495	34.642	34.5742	34.5074	34.5072	34.4619	34.4109	34.3336	34.3232	34.3123	34.2597	34.1895	34.1402	34.1086	34.0367	33.9775	34.0111	33.9452	33.8895	33.8181	33.7546	33.7283	33.6652	33.5752	33.5952	33.4762	33.3896	33.296	33.2839	33.2174	33.0357	32.8972	32.882	32.9072	32.7974	32.6478	32.5733
Sfa-ABas_034-Ex1-cssl	36.5177	36.4713	36.5001	36.516	36.5392	36.5338	36.5158	36.5242	36.5044	36.5102	36.4999	36.4837	36.4846	36.4726	36.4536	36.4545	36.4392	36.4409	36.4367	36.4251	36.4215	36.401	36.3687	36.3594	36.3422	36.2967	36.291	36.2898	36.2613	36.2454	36.2354	36.2308	36.2226	36.2197	36.2084	36.1979	36.1861	36.1629	36.1514	36.1373	36.1256	36.1202	36.1096	36.1025	36.0776	36.0608	36.0469	36.0229	36.031	36.0133	35.9929	35.9831	35.9873	35.9836	35.9548	35.9439	35.926	35.9335	35.936	35.9235	35.9152	35.8994	35.8599	35.8251	35.8214	35.8459	35.7933	35.8004	35.8184	35.8072	35.7732	35.7417	35.7171	35.7428	35.7175	35.6967	35.6799	35.7016	35.6777	35.6565	35.6329	35.6595	35.6338	35.6143	35.6144	35.5969	35.5811	35.5416	35.5176	35.4862	35.4659	35.4465	35.451	35.4407	35.3909	35.3553	35.3283	35.3029	35.3165	35.2676	35.2702	35.2378	35.1932	35.165	35.132	35.0971	35.0641	35.0408	34.9757	34.949	34.8893	34.854	34.8238	34.8071	34.8024	34.7371	34.6752	34.675	34.6335	34.5799	34.5074	34.5016	34.4905	34.4346	34.3686	34.3179	34.2902	34.2201	34.1613	34.1881	34.1213	34.0675	33.9992	33.9365	33.9112	33.8535	33.7608	33.7823	33.6725	33.5868	33.4962	33.4904	33.4257	33.2556	33.1172	33.1093	33.1356	33.0388	32.89	32.8218
Sfa-ABas_035-Ex1-cssl	36.5504	36.4984	36.5268	36.5411	36.5651	36.5581	36.5401	36.5459	36.527	36.5365	36.5327	36.5141	36.5171	36.5057	36.4829	36.4884	36.4726	36.4751	36.467	36.4616	36.4564	36.4374	36.4092	36.3979	36.3838	36.3379	36.3321	36.3328	36.3053	36.2885	36.2823	36.2764	36.271	36.2658	36.2562	36.2447	36.2347	36.2153	36.2021	36.1879	36.1787	36.1734	36.1641	36.1554	36.1323	36.1197	36.1114	36.0862	36.0944	36.077	36.0554	36.0484	36.052	36.046	36.0198	36.0139	35.9945	35.9993	36.0045	35.9912	35.9836	35.9696	35.9319	35.9014	35.8962	35.9186	35.871	35.8771	35.8951	35.8856	35.8477	35.8174	35.7959	35.816	35.7927	35.7793	35.7616	35.7809	35.7606	35.7397	35.7161	35.7375	35.7156	35.7035	35.7005	35.685	35.675	35.6469	35.6241	35.5987	35.5857	35.5695	35.5854	35.5841	35.539	35.51	35.4989	35.4843	35.5157	35.4715	35.4873	35.4726	35.4386	35.4231	35.4032	35.3855	35.3725	35.3643	35.3162	35.3054	35.2641	35.2522	35.234	35.24	35.2558	35.2094	35.1675	35.1878	35.1702	35.1364	35.0788	35.0985	35.1067	35.0731	35.0287	34.9982	34.9907	34.9404	34.8972	34.9519	34.9037	34.8636	34.8091	34.7591	34.7497	34.7013	34.628	34.6632	34.564	34.4825	34.4104	34.4218	34.3674	34.1956	34.0723	34.0875	34.1389	34.0457	33.8954	33.8456
Sfa-CBas_001-Ex1-cssl	36.4497	36.4533	36.4823	36.4947	36.5269	36.5229	36.5029	36.5103	36.4911	36.4969	36.4951	36.4806	36.4851	36.4726	36.451	36.4561	36.4405	36.4409	36.4381	36.4274	36.4274	36.4042	36.3773	36.3674	36.3474	36.3072	36.299	36.2977	36.2724	36.2551	36.2483	36.2412	36.234	36.2322	36.219	36.214	36.1988	36.1762	36.1633	36.1525	36.1424	36.1346	36.1232	36.116	36.0946	36.0823	36.0696	36.0486	36.0525	36.0336	36.0145	36.0037	36.007	36.0015	35.9768	35.967	35.9457	35.9533	35.955	35.946	35.9343	35.9209	35.8765	35.8501	35.8434	35.8676	35.8197	35.8239	35.8372	35.8295	35.7978	35.7669	35.7479	35.7635	35.7403	35.7277	35.703	35.7233	35.7043	35.6855	35.6643	35.6873	35.6613	35.6494	35.6501	35.6384	35.6206	35.5923	35.5715	35.5514	35.5386	35.5316	35.5394	35.5393	35.5049	35.4839	35.4691	35.4568	35.4828	35.4484	35.4581	35.4515	35.4222	35.4118	35.3998	35.3887	35.3709	35.3687	35.3237	35.3206	35.2892	35.2806	35.2678	35.2806	35.2977	35.2616	35.2269	35.2516	35.2363	35.2157	35.168	35.1907	35.2075	35.184	35.1494	35.1377	35.1321	35.0929	35.0638	35.1297	35.0941	35.0739	35.0352	35.0144	35.019	35.0084	34.9618	35.0201	34.9618	34.9169	34.885	34.9284	34.9119	34.8031	34.7327	34.788	34.8635	34.8226	34.744	34.7436
Sfa-CBas_002-Ex1-cssl	36.4741	36.4703	36.4995	36.5113	36.5449	36.5397	36.5169	36.5235	36.5055	36.5109	36.51	36.4979	36.4988	36.4874	36.4672	36.4709	36.458	36.46	36.4543	36.4457	36.4427	36.4227	36.3946	36.3849	36.366	36.3278	36.3188	36.317	36.2902	36.2747	36.2664	36.2633	36.2547	36.2519	36.2395	36.2355	36.2183	36.1983	36.1847	36.1714	36.1622	36.157	36.1445	36.1365	36.1169	36.1018	36.0891	36.0639	36.0709	36.0574	36.0338	36.0261	36.0269	36.0234	35.9972	35.9892	35.9674	35.9773	35.9781	35.9668	35.9574	35.9445	35.9009	35.8694	35.8683	35.8912	35.8395	35.8479	35.8628	35.8527	35.8177	35.7881	35.7702	35.791	35.769	35.7526	35.7301	35.751	35.7299	35.7128	35.6888	35.7149	35.6881	35.676	35.6753	35.6658	35.6484	35.6188	35.5983	35.578	35.5633	35.5524	35.5592	35.5567	35.5198	35.4976	35.4776	35.4659	35.4906	35.4559	35.4618	35.4508	35.4197	35.4069	35.3916	35.3742	35.3584	35.3512	35.3074	35.2989	35.2603	35.2502	35.2307	35.2366	35.2458	35.2131	35.1771	35.1934	35.1698	35.1477	35.0916	35.1098	35.1167	35.0913	35.0483	35.0275	35.0142	34.9732	34.9359	34.9835	34.941	34.9127	34.8639	34.8286	34.8232	34.7956	34.7365	34.7766	34.7005	34.6465	34.5921	34.6057	34.5716	34.4444	34.3531	34.3754	34.4133	34.3482	34.2462	34.2093
Sfa-CBas_003-Ex1-cssl	36.453	36.4545	36.4828	36.4968	36.5302	36.5258	36.5046	36.5104	36.4939	36.4978	36.4967	36.4847	36.4856	36.474	36.45	36.4562	36.4409	36.4427	36.4368	36.4253	36.4274	36.4046	36.375	36.3654	36.3478	36.304	36.295	36.2952	36.266	36.2505	36.2429	36.2353	36.2303	36.2252	36.216	36.2054	36.1884	36.1682	36.1566	36.1442	36.1336	36.1278	36.1173	36.1069	36.0883	36.0731	36.0577	36.035	36.0422	36.0237	36.0036	35.9985	35.9992	35.9926	35.9669	35.9598	35.9365	35.9428	35.9476	35.9346	35.9258	35.9139	35.8686	35.8366	35.8355	35.8595	35.8049	35.8179	35.8278	35.8201	35.7885	35.7592	35.7376	35.7586	35.7322	35.7153	35.696	35.7147	35.6929	35.6721	35.6598	35.6822	35.6535	35.6397	35.6424	35.6273	35.6134	35.584	35.5661	35.5417	35.5294	35.5192	35.5265	35.5275	35.4866	35.4686	35.4462	35.4347	35.4585	35.4262	35.436	35.4199	35.3935	35.3841	35.3615	35.3483	35.3325	35.3283	35.2811	35.2738	35.236	35.2268	35.2084	35.2187	35.2358	35.1991	35.1611	35.1815	35.1641	35.1373	35.0868	35.1069	35.1174	35.0921	35.0518	35.0289	35.0236	34.9826	34.9457	35.0042	34.9654	34.9341	34.8955	34.8651	34.8636	34.841	34.783	34.8253	34.7596	34.7067	34.663	34.6823	34.6533	34.5284	34.4461	34.475	34.5283	34.466	34.3716	34.3422
Sfa-CBas_006-Ex1-cssl	36.4891	36.4782	36.5062	36.5206	36.556	36.5528	36.5343	36.5387	36.5214	36.5233	36.5238	36.508	36.5159	36.5039	36.4842	36.4887	36.472	36.4733	36.4695	36.4613	36.4587	36.4381	36.4128	36.4	36.3816	36.3431	36.3386	36.3331	36.3104	36.2973	36.2873	36.2881	36.2849	36.2748	36.2642	36.2629	36.2454	36.2253	36.2135	36.205	36.1913	36.1933	36.1862	36.1825	36.1635	36.1446	36.1354	36.1083	36.1171	36.0945	36.0843	36.078	36.0806	36.0827	36.058	36.0437	36.0267	36.0382	36.0358	36.0316	36.0227	36.0101	35.9743	35.9506	35.9466	35.9694	35.922	35.9251	35.9363	35.9288	35.9043	35.8748	35.8575	35.8821	35.86	35.849	35.8227	35.8424	35.8225	35.8024	35.7864	35.8069	35.7928	35.777	35.7821	35.7751	35.7603	35.7274	35.7031	35.6909	35.6759	35.6713	35.6846	35.6852	35.6561	35.6367	35.6184	35.6125	35.6342	35.6097	35.6161	35.6123	35.5871	35.5728	35.5634	35.5604	35.5468	35.5464	35.5033	35.4977	35.4637	35.4567	35.4508	35.4619	35.4797	35.4577	35.4206	35.453	35.4398	35.4163	35.373	35.3922	35.4058	35.3922	35.3558	35.352	35.3456	35.305	35.2834	35.3419	35.3159	35.288	35.2598	35.232	35.2466	35.2302	35.1842	35.2475	35.1931	35.1577	35.1199	35.1644	35.1535	35.0492	34.9759	35.0296	35.1061	35.0737	34.9993	35.0019
Sfa-CBas_007-Ex1-cssl	36.4636	36.4573	36.4883	36.501	36.5335	36.5284	36.5073	36.5108	36.4942	36.5009	36.4985	36.4842	36.4893	36.4765	36.4539	36.4589	36.4425	36.4442	36.4399	36.4287	36.4279	36.4097	36.3761	36.3656	36.3464	36.3067	36.2981	36.2963	36.2711	36.2526	36.2448	36.2434	36.2308	36.2296	36.2204	36.2112	36.1951	36.1754	36.161	36.1459	36.1371	36.1306	36.1205	36.1112	36.0921	36.0774	36.0662	36.0386	36.0448	36.0248	36.0054	35.9999	35.9966	35.9955	35.9709	35.9606	35.9363	35.9501	35.9498	35.9451	35.9307	35.9212	35.8734	35.8443	35.8417	35.8634	35.8125	35.8208	35.8357	35.8295	35.7968	35.7655	35.7408	35.7647	35.7398	35.721	35.7037	35.7164	35.7051	35.6832	35.6621	35.6836	35.6622	35.6451	35.6474	35.637	35.6185	35.5898	35.5699	35.5514	35.5357	35.53	35.5377	35.5338	35.4936	35.4714	35.4518	35.4374	35.4681	35.4334	35.4404	35.4309	35.4079	35.395	35.3752	35.3615	35.3452	35.3348	35.2936	35.2857	35.251	35.2438	35.2267	35.2388	35.253	35.2211	35.1787	35.2005	35.1841	35.1577	35.1041	35.1285	35.1403	35.1142	35.077	35.0553	35.0529	35.0067	34.9762	35.0297	34.9883	34.9607	34.9176	34.8852	34.8866	34.8618	34.8142	34.853	34.7829	34.7329	34.6754	34.6966	34.6672	34.5447	34.4596	34.4804	34.5353	34.4686	34.3684	34.3389
Sfa-CBas_008-Ex1-cssl	36.4657	36.4579	36.491	36.5031	36.5348	36.5296	36.5101	36.5179	36.4994	36.5028	36.5043	36.49	36.4889	36.4756	36.4531	36.46	36.4452	36.4495	36.444	36.4325	36.4324	36.4104	36.3802	36.3671	36.3487	36.3062	36.3001	36.2994	36.2711	36.2593	36.2471	36.242	36.2335	36.2287	36.2169	36.2112	36.1964	36.1762	36.1614	36.1505	36.1402	36.1339	36.1213	36.1138	36.093	36.0777	36.0663	36.0369	36.0473	36.0319	36.0084	36.0026	36.0029	35.9953	35.9692	35.9632	35.9386	35.9499	35.951	35.9402	35.9329	35.9189	35.8772	35.8434	35.8418	35.8632	35.8133	35.8206	35.8371	35.8238	35.7962	35.767	35.7439	35.7615	35.7436	35.7254	35.7055	35.7258	35.7033	35.6851	35.6644	35.687	35.6635	35.6475	35.6505	35.6362	35.6206	35.5891	35.5663	35.546	35.5384	35.5236	35.5318	35.5327	35.4911	35.4659	35.4503	35.4392	35.4655	35.4285	35.4331	35.4198	35.3979	35.3844	35.3641	35.3546	35.3352	35.3288	35.2879	35.2738	35.239	35.2287	35.2162	35.2216	35.2381	35.1996	35.1643	35.185	35.1689	35.139	35.089	35.1057	35.1182	35.0962	35.0574	35.0333	35.0285	34.9864	34.9462	34.9997	34.9637	34.9347	34.8911	34.8554	34.8537	34.8314	34.7748	34.8181	34.751	34.6919	34.6457	34.6669	34.6347	34.5115	34.421	34.4479	34.4912	34.4326	34.3357	34.3026
Sfa-CBas_009-Ex1-cssl	36.4772	36.4761	36.5065	36.5198	36.5492	36.5458	36.5235	36.5303	36.5118	36.5169	36.5176	36.5014	36.506	36.4926	36.4744	36.4773	36.4631	36.4644	36.4587	36.4497	36.4475	36.4249	36.3979	36.3875	36.3683	36.3277	36.3205	36.3172	36.2914	36.2746	36.2671	36.261	36.2515	36.2479	36.2363	36.2305	36.2149	36.1952	36.1802	36.1658	36.161	36.1517	36.1375	36.1315	36.1124	36.0986	36.0835	36.0593	36.0668	36.0451	36.0256	36.0175	36.0181	36.0127	35.9903	35.9814	35.959	35.9669	35.9697	35.9589	35.9464	35.9335	35.8879	35.8624	35.8602	35.8823	35.8308	35.8398	35.8553	35.8412	35.8098	35.7813	35.7577	35.7788	35.7571	35.7374	35.7183	35.7351	35.7149	35.6947	35.6753	35.6994	35.6711	35.6565	35.6619	35.6467	35.634	35.6059	35.5832	35.56	35.5474	35.5415	35.5498	35.5485	35.5158	35.4921	35.4757	35.4627	35.4923	35.4569	35.468	35.4539	35.4293	35.4169	35.4026	35.3941	35.3738	35.3744	35.3337	35.3233	35.2883	35.285	35.2693	35.2775	35.2933	35.2611	35.2227	35.2465	35.2287	35.207	35.1608	35.1774	35.1961	35.1742	35.1416	35.1213	35.1168	35.0771	35.0452	35.1054	35.073	35.0485	35.0068	34.9799	34.9842	34.9685	34.9214	34.9768	34.9148	34.8753	34.8359	34.8725	34.8548	34.7401	34.6645	34.718	34.7823	34.7441	34.6572	34.654
Sfa-CBas_010-Ex1-cssl	36.4844	36.4804	36.5106	36.5233	36.5534	36.5517	36.5308	36.5337	36.5172	36.5219	36.5235	36.5083	36.5115	36.4997	36.4775	36.4824	36.4691	36.4689	36.4637	36.4539	36.4552	36.4327	36.4033	36.394	36.3769	36.3364	36.3309	36.3273	36.3019	36.2857	36.2769	36.273	36.2655	36.2588	36.2497	36.2405	36.2247	36.2049	36.1906	36.1777	36.1673	36.1634	36.1508	36.1441	36.1213	36.1072	36.0928	36.0692	36.0763	36.0586	36.0366	36.0292	36.0304	36.0279	36.0054	35.9935	35.9708	35.978	35.9785	35.9687	35.9577	35.9451	35.9053	35.8741	35.8709	35.8925	35.8377	35.8493	35.8613	35.8521	35.8206	35.7929	35.7696	35.7882	35.7665	35.7467	35.7305	35.7484	35.7228	35.7034	35.6852	35.7102	35.6824	35.6662	35.6698	35.6563	35.6414	35.6146	35.593	35.5697	35.5617	35.5498	35.5598	35.56	35.5237	35.5034	35.4831	35.4719	35.5016	35.4718	35.4775	35.4679	35.4425	35.4307	35.4174	35.3987	35.3852	35.3836	35.34	35.3354	35.304	35.2924	35.2791	35.2907	35.3079	35.2771	35.2396	35.2637	35.2469	35.2271	35.1799	35.2032	35.2161	35.1956	35.1598	35.1414	35.1403	35.0998	35.0729	35.1295	35.0973	35.0717	35.031	35.005	35.0144	34.9929	34.9464	35.0006	34.9408	34.9027	34.8603	34.8964	34.8776	34.7626	34.6859	34.7357	34.8049	34.7628	34.6752	34.6689
Sfa-CBas_014-Ex1-cssl	36.463	36.4604	36.4947	36.5096	36.5415	36.5369	36.5144	36.5236	36.5056	36.5137	36.5122	36.4989	36.5033	36.4906	36.4704	36.4764	36.4615	36.4636	36.4596	36.4491	36.4495	36.4303	36.3993	36.3908	36.3739	36.3328	36.3264	36.3279	36.2996	36.2851	36.2785	36.2714	36.2653	36.2629	36.2535	36.2458	36.232	36.2105	36.1984	36.1849	36.1757	36.1696	36.1574	36.1488	36.1308	36.1149	36.1053	36.077	36.0841	36.0666	36.046	36.0389	36.0408	36.0365	36.0118	36.0026	35.9808	35.9884	35.9923	35.9818	35.9716	35.9595	35.9213	35.8902	35.8861	35.9101	35.856	35.8671	35.88	35.8694	35.8368	35.8078	35.7882	35.8109	35.7914	35.7707	35.7536	35.7701	35.7517	35.733	35.7144	35.7359	35.7138	35.697	35.6979	35.6881	35.6684	35.6416	35.6209	35.6019	35.5937	35.5815	35.5887	35.5851	35.5506	35.5278	35.5097	35.4995	35.5273	35.4896	35.4976	35.4842	35.4583	35.4471	35.4289	35.418	35.4005	35.3951	35.3544	35.3476	35.311	35.2992	35.2849	35.2924	35.3086	35.2667	35.2344	35.255	35.2345	35.2118	35.1627	35.1812	35.194	35.1655	35.1294	35.1077	35.0948	35.0557	35.0255	35.0754	35.0372	35.0047	34.9612	34.9259	34.9283	34.9027	34.847	34.89	34.8222	34.769	34.7164	34.7391	34.7057	34.5818	34.4932	34.5214	34.5674	34.5028	34.4032	34.3738
Sfa-CBas_015-Ex1-cssl	36.4862	36.4799	36.5087	36.5206	36.5512	36.5474	36.5262	36.5314	36.5139	36.5238	36.5198	36.5067	36.5101	36.4981	36.4761	36.4796	36.4662	36.4678	36.4611	36.4536	36.45	36.4306	36.4021	36.392	36.376	36.3346	36.3294	36.327	36.2995	36.2869	36.2796	36.2732	36.2663	36.2607	36.2532	36.2443	36.2291	36.2087	36.1964	36.1832	36.1727	36.1718	36.1578	36.1519	36.1296	36.1156	36.1069	36.0764	36.0816	36.0684	36.0489	36.0399	36.0426	36.0388	36.0125	36.0044	35.9851	35.9924	35.9948	35.9844	35.9739	35.9607	35.9176	35.8914	35.8891	35.9135	35.8577	35.8701	35.8841	35.8721	35.8397	35.8108	35.7953	35.8168	35.7945	35.7793	35.7597	35.7807	35.7587	35.7409	35.7231	35.7444	35.7162	35.7035	35.7096	35.694	35.6834	35.6535	35.6269	35.6099	35.5991	35.587	35.5953	35.5936	35.5593	35.536	35.5175	35.5043	35.5323	35.5019	35.508	35.4949	35.4741	35.4559	35.4407	35.4276	35.4126	35.407	35.3715	35.3586	35.3256	35.3169	35.3055	35.3078	35.3301	35.2957	35.2601	35.2813	35.2641	35.2413	35.1907	35.2127	35.2252	35.1968	35.1606	35.1453	35.1362	35.0936	35.069	35.1163	35.081	35.0542	35.0125	34.9781	34.9778	34.9606	34.9086	34.9588	34.8879	34.8338	34.7845	34.8116	34.7792	34.6583	34.5775	34.6023	34.6531	34.5882	34.4915	34.4633
Sfa-CBas_016-Ex1-cssl	36.46	36.4623	36.4955	36.5108	36.5446	36.5396	36.5188	36.5306	36.5124	36.5168	36.5151	36.5034	36.5086	36.4944	36.4749	36.4781	36.4624	36.4651	36.4611	36.4522	36.448	36.4289	36.4008	36.387	36.3717	36.334	36.3267	36.322	36.2967	36.2789	36.2715	36.2687	36.2608	36.259	36.2443	36.2387	36.221	36.2031	36.1868	36.1765	36.1663	36.1578	36.1491	36.1397	36.1099	36.1004	36.0958	36.0585	36.0654	36.0516	36.0246	36.0177	36.0238	36.0183	35.9871	35.981	35.9582	35.974	35.97	35.9612	35.9577	35.9354	35.8936	35.8626	35.8648	35.8831	35.8337	35.8421	35.8571	35.8471	35.814	35.786	35.7657	35.7958	35.7732	35.7528	35.7367	35.7571	35.7405	35.7163	35.6991	35.7209	35.6967	35.6809	35.6849	35.6719	35.6589	35.6306	35.6113	35.5865	35.5735	35.5637	35.5746	35.5711	35.5351	35.5132	35.5	35.4844	35.5105	35.4811	35.4898	35.4799	35.4508	35.4431	35.4294	35.4151	35.4008	35.3974	35.3507	35.3467	35.312	35.3038	35.2924	35.3002	35.316	35.2818	35.2408	35.2672	35.2501	35.227	35.1848	35.2059	35.2187	35.2019	35.1612	35.1413	35.1364	35.0944	35.0711	35.1258	35.0915	35.0717	35.0317	35.0017	35.006	34.9851	34.9368	34.9926	34.9254	34.8834	34.8415	34.8728	34.8535	34.7341	34.6582	34.6965	34.76	34.7134	34.62	34.6043
Sfa-CBas_017-Ex1-cssl	36.4391	36.4536	36.4904	36.5028	36.5379	36.5335	36.51	36.5181	36.5004	36.5044	36.5038	36.4894	36.4941	36.4808	36.4607	36.4665	36.4504	36.4527	36.448	36.4368	36.4344	36.4113	36.3825	36.3727	36.3537	36.3109	36.3018	36.299	36.2694	36.2536	36.244	36.238	36.2285	36.2239	36.2115	36.2049	36.1858	36.1655	36.1502	36.1376	36.1239	36.12	36.1044	36.0956	36.0722	36.0557	36.0429	36.0158	36.0182	36.0033	35.9788	35.9726	35.971	35.9671	35.9449	35.9313	35.907	35.9144	35.9187	35.9015	35.8922	35.8757	35.8332	35.8045	35.7979	35.8205	35.765	35.7733	35.7896	35.7747	35.7404	35.7117	35.6855	35.7065	35.6889	35.6659	35.6458	35.6634	35.6409	35.6222	35.5988	35.62	35.5942	35.5771	35.5764	35.562	35.546	35.5179	35.4913	35.4672	35.4482	35.4384	35.4456	35.4404	35.3978	35.3732	35.3512	35.3363	35.3604	35.3206	35.3262	35.3113	35.2798	35.264	35.2422	35.233	35.209	35.1999	35.1559	35.1458	35.108	35.0916	35.0755	35.0805	35.0927	35.058	35.0172	35.0414	35.0169	34.992	34.9425	34.9596	34.965	34.9381	34.8999	34.88	34.8666	34.8286	34.7964	34.846	34.807	34.7788	34.7373	34.7014	34.6966	34.6747	34.6208	34.6669	34.5939	34.5452	34.5005	34.5207	34.4862	34.3704	34.2797	34.3136	34.3563	34.3013	34.2056	34.1775
Sfa-CBas_019-Ex1-cssl	36.4345	36.4448	36.478	36.4904	36.5247	36.5209	36.5008	36.5056	36.488	36.4928	36.494	36.4799	36.4836	36.4705	36.4474	36.4536	36.4402	36.4386	36.4343	36.4241	36.4222	36.4011	36.3706	36.3592	36.3397	36.2968	36.2862	36.2863	36.259	36.2387	36.2305	36.2256	36.2178	36.2121	36.1992	36.1912	36.1751	36.1554	36.1398	36.1251	36.117	36.1119	36.0964	36.0862	36.0681	36.0538	36.037	36.0133	36.0179	36.0007	35.976	35.971	35.9732	35.9665	35.9398	35.9272	35.9033	35.9144	35.9143	35.905	35.8912	35.8793	35.8333	35.8055	35.802	35.8241	35.7727	35.7796	35.7914	35.7824	35.7508	35.7173	35.6949	35.7154	35.6903	35.674	35.654	35.6703	35.6483	35.6315	35.6101	35.6319	35.6117	35.5932	35.5933	35.5833	35.5682	35.5395	35.5118	35.4977	35.481	35.4724	35.4857	35.4826	35.4464	35.4205	35.4042	35.3924	35.4225	35.3846	35.3964	35.3845	35.3554	35.351	35.3321	35.3176	35.3066	35.2948	35.2566	35.2464	35.2137	35.2044	35.1892	35.2011	35.2179	35.1819	35.146	35.1748	35.1536	35.1331	35.0843	35.1054	35.1227	35.1	35.063	35.0474	35.044	35.0067	34.9779	35.0379	35.0071	34.9835	34.9458	34.9247	34.9294	34.9121	34.8666	34.925	34.8648	34.8223	34.7918	34.8313	34.8198	34.6991	34.6349	34.686	34.7618	34.7215	34.6427	34.6403
Sfa-CBas_020-Ex1-cssl	36.4801	36.4668	36.4941	36.5017	36.5351	36.533	36.5118	36.5147	36.4978	36.5036	36.4998	36.4885	36.4908	36.4791	36.4573	36.4585	36.4457	36.4487	36.4414	36.4311	36.4302	36.4119	36.3783	36.369	36.3521	36.31	36.304	36.3026	36.2764	36.2607	36.2546	36.2505	36.2378	36.2352	36.223	36.2209	36.2024	36.1856	36.1707	36.1585	36.151	36.1433	36.1323	36.1267	36.0949	36.089	36.0778	36.0436	36.0524	36.04	36.0142	36.0082	36.0133	36.0089	35.981	35.9732	35.9494	35.9593	35.9642	35.9541	35.9474	35.9342	35.8893	35.8585	35.8622	35.8802	35.8362	35.8416	35.855	35.8446	35.816	35.7841	35.7644	35.7942	35.7699	35.7519	35.736	35.7528	35.7345	35.7124	35.693	35.7192	35.6962	35.6834	35.6815	35.6733	35.6577	35.6302	35.6134	35.59	35.5784	35.5666	35.5747	35.5756	35.5419	35.5237	35.5029	35.4851	35.5166	35.4827	35.4894	35.4774	35.4551	35.4436	35.4306	35.4161	35.4035	35.3969	35.3616	35.3457	35.3139	35.3045	35.2942	35.3009	35.3159	35.282	35.2486	35.2671	35.2535	35.223	35.1754	35.193	35.2095	35.1824	35.1487	35.1285	35.1201	35.0776	35.0489	35.0982	35.0581	35.0282	34.9901	34.9553	34.9529	34.9311	34.8749	34.9172	34.8468	34.8001	34.7445	34.7639	34.7287	34.6071	34.5166	34.5356	34.5934	34.5237	34.424	34.3923
Sfa-CBas_021-Ex1-cssl	36.4466	36.4465	36.4832	36.4944	36.528	36.5226	36.4997	36.507	36.4904	36.4962	36.4968	36.48	36.4873	36.4734	36.4521	36.457	36.4425	36.4421	36.4393	36.4294	36.4282	36.4088	36.3777	36.3705	36.349	36.3085	36.3026	36.3007	36.2753	36.2555	36.2512	36.2466	36.2368	36.2369	36.2238	36.2181	36.2007	36.1816	36.1729	36.1581	36.147	36.1399	36.1288	36.1214	36.1007	36.0916	36.0792	36.0507	36.059	36.0398	36.0225	36.0129	36.0156	36.0143	35.9875	35.9778	35.9507	35.9637	35.9692	35.9585	35.9485	35.9365	35.8915	35.8627	35.8586	35.8827	35.83	35.8416	35.8537	35.8475	35.8153	35.7858	35.7608	35.7839	35.7622	35.7447	35.7224	35.7449	35.721	35.7032	35.6839	35.7078	35.6874	35.6709	35.6774	35.6654	35.6491	35.6222	35.5974	35.5797	35.5701	35.5614	35.5683	35.5686	35.5319	35.5112	35.4936	35.4774	35.5062	35.4733	35.4847	35.4731	35.4436	35.4342	35.4145	35.4061	35.395	35.3864	35.3413	35.3334	35.2991	35.2922	35.2744	35.2903	35.3072	35.2694	35.2323	35.2548	35.2416	35.2136	35.1626	35.1849	35.1941	35.1703	35.1339	35.1134	35.1028	35.0658	35.0288	35.0849	35.0471	35.0155	34.9765	34.9425	34.9421	34.9169	34.8617	34.9066	34.8321	34.7831	34.7312	34.7505	34.7188	34.5999	34.5073	34.5412	34.5862	34.524	34.4274	34.3931
Sfa-CBas_023-Ex1-cssl	36.4515	36.4547	36.4893	36.5012	36.5334	36.5277	36.5054	36.5147	36.496	36.5029	36.4993	36.4843	36.49	36.4778	36.4563	36.4629	36.4469	36.4501	36.4436	36.4333	36.4319	36.4115	36.3808	36.3727	36.3543	36.3117	36.3024	36.3004	36.2727	36.2575	36.2477	36.2446	36.2339	36.2308	36.2183	36.21	36.1952	36.1736	36.159	36.1469	36.1341	36.131	36.1165	36.1086	36.0844	36.0716	36.0619	36.0311	36.0363	36.0196	35.9938	35.9866	35.9901	35.9837	35.958	35.9482	35.9247	35.9358	35.9353	35.9239	35.915	35.898	35.8571	35.8243	35.8229	35.8433	35.7925	35.8005	35.8121	35.801	35.7697	35.7348	35.7167	35.7388	35.7156	35.6968	35.6772	35.6934	35.6759	35.6544	35.6318	35.6534	35.627	35.6126	35.6115	35.5986	35.5805	35.5511	35.5269	35.5078	35.491	35.4796	35.4844	35.4796	35.4397	35.4156	35.3945	35.3797	35.4015	35.3671	35.3697	35.3559	35.326	35.3114	35.2878	35.2746	35.2525	35.2421	35.1996	35.1871	35.1548	35.1378	35.1192	35.123	35.1355	35.0998	35.0631	35.0822	35.0596	35.034	34.9867	35.001	35.0079	34.9843	34.9468	34.9242	34.9143	34.8707	34.8391	34.8886	34.8518	34.8221	34.776	34.7438	34.7378	34.7169	34.6569	34.6984	34.6332	34.5806	34.5274	34.5492	34.516	34.3879	34.3037	34.3278	34.372	34.3131	34.2093	34.1752
Sfa-CBas_025-Ex1-cssl	36.4536	36.4494	36.4836	36.4974	36.5331	36.5289	36.5073	36.5185	36.5013	36.5048	36.5036	36.4902	36.4937	36.4794	36.4574	36.4631	36.4459	36.4475	36.4466	36.4344	36.4348	36.4132	36.3782	36.3689	36.3528	36.3096	36.3001	36.3024	36.2754	36.2556	36.252	36.2447	36.2326	36.2345	36.2172	36.2079	36.1982	36.1716	36.1611	36.1513	36.1367	36.1278	36.1138	36.1075	36.0754	36.0695	36.0609	36.0178	36.0247	36.017	35.9885	35.979	35.9813	35.975	35.9462	35.9368	35.9107	35.9253	35.9231	35.9184	35.9093	35.8948	35.8508	35.8215	35.821	35.8334	35.7829	35.7949	35.8072	35.7978	35.7657	35.7331	35.718	35.7446	35.726	35.7088	35.6837	35.7061	35.6853	35.6665	35.6474	35.6687	35.6493	35.6319	35.6359	35.6161	35.6063	35.5711	35.5556	35.5347	35.5164	35.509	35.5238	35.5157	35.4799	35.4589	35.4403	35.4234	35.4556	35.4248	35.4315	35.4189	35.3904	35.3766	35.3569	35.3513	35.3334	35.3279	35.2827	35.278	35.2416	35.232	35.2204	35.226	35.2442	35.2072	35.1649	35.1949	35.1751	35.151	35.1002	35.1199	35.1363	35.1111	35.0737	35.0571	35.0546	35.001	34.9787	35.0302	34.9939	34.9685	34.9231	34.8881	34.8965	34.8759	34.8199	34.869	34.8017	34.7548	34.6994	34.7255	34.7016	34.5734	34.4962	34.5338	34.5877	34.5267	34.4341	34.4024
Sfa-CBas_026-Ex1-cssl	36.4599	36.4617	36.4894	36.5021	36.5352	36.5313	36.5115	36.5155	36.4982	36.5032	36.5001	36.4865	36.4894	36.4775	36.456	36.4608	36.4452	36.4467	36.4372	36.4283	36.4251	36.4046	36.3745	36.365	36.3438	36.2988	36.2937	36.2887	36.2599	36.2469	36.2334	36.2315	36.2186	36.215	36.2053	36.1972	36.1816	36.1595	36.1424	36.1307	36.119	36.1124	36.0978	36.0898	36.0687	36.0554	36.0367	36.0143	36.0201	36.0038	35.9796	35.9746	35.9732	35.9666	35.9399	35.9309	35.9055	35.9131	35.9217	35.9056	35.8919	35.8826	35.8369	35.8076	35.8031	35.8286	35.7744	35.7796	35.7925	35.7841	35.7516	35.7222	35.695	35.7143	35.6918	35.6699	35.6508	35.6667	35.6494	35.6302	35.6073	35.6305	35.6027	35.5901	35.5894	35.5781	35.5577	35.5288	35.5108	35.4893	35.4777	35.4667	35.4761	35.4765	35.4358	35.416	35.4001	35.3873	35.4133	35.3763	35.389	35.3791	35.3514	35.3407	35.3199	35.3116	35.2973	35.2944	35.2494	35.24	35.2103	35.1996	35.191	35.1947	35.2125	35.1797	35.1453	35.1708	35.1551	35.1304	35.0818	35.1057	35.1151	35.0945	35.0579	35.0431	35.0431	34.9971	34.9749	35.0344	35.0033	34.9766	34.9425	34.9097	34.9188	34.9035	34.8597	34.9164	34.8493	34.8122	34.7748	34.8155	34.7966	34.6839	34.6151	34.6639	34.7374	34.6965	34.6147	34.6071
Sfa-CBas_027-Ex1-cssl	36.4635	36.4659	36.4973	36.5097	36.5408	36.5357	36.5129	36.5192	36.5019	36.5085	36.5058	36.4927	36.4956	36.4847	36.4619	36.4679	36.4533	36.4534	36.4471	36.4371	36.4369	36.4156	36.3879	36.3755	36.3591	36.3157	36.3082	36.3052	36.2791	36.2632	36.254	36.2486	36.2418	36.2352	36.2236	36.217	36.1999	36.1804	36.1623	36.1543	36.1425	36.1352	36.1241	36.1139	36.0918	36.0816	36.0658	36.0421	36.0474	36.0285	36.0073	36.0006	35.9995	35.9953	35.9679	35.9625	35.9398	35.9454	35.9446	35.9344	35.9225	35.9103	35.867	35.8363	35.8324	35.8561	35.8026	35.8084	35.823	35.8118	35.7804	35.7482	35.7255	35.7466	35.7227	35.7058	35.6864	35.7012	35.6797	35.6606	35.6383	35.6652	35.6363	35.6239	35.6208	35.6075	35.5949	35.5663	35.5425	35.5254	35.5095	35.4984	35.5075	35.5074	35.4738	35.453	35.4339	35.4213	35.4492	35.4148	35.4245	35.4103	35.3862	35.3764	35.3557	35.3443	35.3308	35.3258	35.2849	35.2748	35.2425	35.2331	35.2221	35.2304	35.2422	35.2112	35.1688	35.1949	35.1769	35.1542	35.1061	35.1282	35.1434	35.1165	35.0803	35.0674	35.0596	35.023	34.9898	35.0536	35.0151	34.9925	34.9481	34.9228	34.9277	34.9112	34.8619	34.914	34.853	34.8106	34.7761	34.8077	34.7909	34.6784	34.5975	34.6454	34.7194	34.6727	34.5915	34.5825
Sfa-CBas_028-Ex1-cssl	36.4506	36.4544	36.4932	36.5043	36.5383	36.531	36.5064	36.5163	36.4985	36.4994	36.5011	36.4876	36.4919	36.4803	36.4575	36.4642	36.4477	36.4492	36.4437	36.4326	36.4313	36.4101	36.3783	36.3706	36.3517	36.3082	36.2989	36.2972	36.2726	36.2564	36.249	36.2438	36.2348	36.2314	36.2189	36.2084	36.1929	36.1748	36.1604	36.1493	36.137	36.1311	36.1219	36.1098	36.0898	36.0752	36.0577	36.0286	36.0363	36.0201	36.0027	35.9954	35.9936	35.9944	35.9641	35.9549	35.9313	35.9421	35.9417	35.9285	35.922	35.9069	35.8683	35.8376	35.8372	35.8534	35.8026	35.8049	35.8205	35.8097	35.7787	35.749	35.7295	35.7538	35.733	35.7145	35.6951	35.7064	35.6865	35.6625	35.645	35.6686	35.6496	35.6344	35.6367	35.6245	35.6099	35.579	35.5511	35.5298	35.5164	35.5056	35.5171	35.5169	35.4842	35.4638	35.441	35.4315	35.4544	35.4202	35.4283	35.4102	35.3863	35.3758	35.3583	35.3518	35.3362	35.3274	35.2868	35.2785	35.2372	35.2254	35.2122	35.2193	35.2379	35.2021	35.1734	35.1973	35.1758	35.1482	35.0988	35.1154	35.1269	35.1003	35.0699	35.0467	35.0425	35.0051	34.9742	35.0245	34.9864	34.9603	34.917	34.8834	34.879	34.8607	34.8068	34.8585	34.7926	34.7409	34.6945	34.7185	34.6832	34.5692	34.4839	34.514	34.5657	34.5114	34.4153	34.3904
Sfa-CBas_029-Ex1-cssl	36.4443	36.4582	36.4904	36.5032	36.5338	36.5304	36.5099	36.5148	36.4977	36.5026	36.5025	36.4877	36.4906	36.4774	36.4572	36.4618	36.4471	36.4479	36.4404	36.4306	36.4312	36.4074	36.3754	36.3643	36.3459	36.3033	36.2932	36.2935	36.2646	36.2477	36.2405	36.232	36.2218	36.2167	36.2033	36.1979	36.179	36.1612	36.1445	36.1314	36.1184	36.1113	36.1026	36.0892	36.0709	36.0562	36.041	36.0134	36.0214	36.0018	35.9813	35.971	35.9707	35.9662	35.9392	35.929	35.9059	35.9099	35.9138	35.9037	35.8912	35.8771	35.8325	35.8009	35.7971	35.8194	35.7684	35.7771	35.7853	35.776	35.7418	35.7079	35.6844	35.7085	35.6819	35.6638	35.6475	35.6605	35.6384	35.6182	35.5968	35.6193	35.5936	35.58	35.5798	35.5658	35.5504	35.5246	35.4979	35.4783	35.4671	35.4557	35.4636	35.4641	35.4253	35.4017	35.3856	35.3741	35.4017	35.3663	35.3763	35.3646	35.3366	35.3226	35.3073	35.2946	35.2803	35.2779	35.2382	35.2287	35.1982	35.1889	35.1751	35.1839	35.1974	35.1652	35.1314	35.1562	35.1359	35.1153	35.0682	35.0909	35.1018	35.0854	35.0488	35.032	35.0272	34.9875	34.9614	35.0158	34.9845	34.9591	34.9249	34.8991	34.9013	34.8841	34.8416	34.8963	34.8339	34.7993	34.7578	34.7923	34.7761	34.6594	34.5922	34.6429	34.7157	34.6741	34.5902	34.5818
Sfa-CBas_030-Ex1-cssl	36.4519	36.4537	36.493	36.5032	36.5363	36.5278	36.506	36.5115	36.4975	36.5039	36.5017	36.4866	36.4928	36.481	36.4576	36.4653	36.4501	36.4522	36.4479	36.4342	36.4354	36.4146	36.3859	36.3764	36.3593	36.3191	36.3095	36.3071	36.2804	36.2667	36.2572	36.2571	36.2485	36.2431	36.2321	36.2273	36.2102	36.1901	36.1763	36.1646	36.1541	36.1488	36.1401	36.1311	36.1112	36.0995	36.08	36.0541	36.063	36.0452	36.0232	36.016	36.0152	36.0182	35.989	35.9817	35.9604	35.9699	35.9681	35.9608	35.9491	35.9348	35.8943	35.8626	35.865	35.8878	35.8342	35.839	35.8513	35.8412	35.8113	35.7817	35.7607	35.7814	35.7607	35.7399	35.7233	35.7413	35.7184	35.696	35.6803	35.7032	35.6763	35.6643	35.669	35.6593	35.6408	35.611	35.5858	35.5619	35.5485	35.5413	35.5504	35.5479	35.5135	35.4908	35.4719	35.4562	35.4823	35.4445	35.4587	35.4401	35.4101	35.4005	35.3871	35.3699	35.3556	35.35	35.3091	35.2978	35.2635	35.2472	35.2326	35.2454	35.2541	35.2237	35.1806	35.209	35.187	35.1603	35.1085	35.124	35.1367	35.1097	35.0773	35.0557	35.0457	35.0012	34.9668	35.0213	34.9792	34.9465	34.9002	34.8699	34.8674	34.842	34.7858	34.8326	34.76	34.7016	34.6556	34.6779	34.6387	34.5122	34.4231	34.4496	34.4998	34.4358	34.3295	34.2986
Sfa-CBas_031-Ex1-cssl	36.4475	36.4518	36.4901	36.502	36.5354	36.5287	36.5068	36.5144	36.4935	36.4966	36.4985	36.4838	36.4884	36.4762	36.4554	36.4602	36.4445	36.447	36.4415	36.4298	36.4288	36.4065	36.3752	36.3632	36.3455	36.3047	36.2932	36.2923	36.2632	36.249	36.2378	36.236	36.224	36.2213	36.2069	36.198	36.1807	36.1596	36.1447	36.1343	36.1237	36.1153	36.1042	36.0953	36.0732	36.054	36.0439	36.0121	36.0205	36.0035	35.9782	35.9762	35.9767	35.9718	35.9452	35.9322	35.9089	35.9153	35.9162	35.9051	35.8986	35.8849	35.8472	35.8168	35.8113	35.8288	35.7795	35.7844	35.7952	35.7833	35.7527	35.7186	35.7045	35.729	35.7096	35.6871	35.6671	35.677	35.657	35.6377	35.6142	35.6366	35.6173	35.5997	35.6032	35.5919	35.5739	35.5417	35.5125	35.4878	35.4705	35.4599	35.4696	35.4678	35.4305	35.4078	35.3878	35.3687	35.3928	35.3502	35.3483	35.3385	35.3108	35.2952	35.2804	35.2697	35.2497	35.2402	35.1965	35.1824	35.1452	35.1276	35.1085	35.1209	35.133	35.1028	35.0675	35.0882	35.0622	35.0359	34.9857	35.0049	35.012	34.9903	34.9524	34.9314	34.9291	34.8885	34.8564	34.9065	34.8649	34.8394	34.7954	34.7613	34.7616	34.7412	34.6889	34.73	34.6639	34.6173	34.5693	34.5874	34.551	34.4331	34.3444	34.3825	34.4321	34.3662	34.2752	34.2489
Sfa-CBas_032-Ex1-cssl	36.4873	36.4722	36.5035	36.5152	36.5473	36.5421	36.5204	36.5262	36.5085	36.5143	36.514	36.4979	36.5037	36.4897	36.4712	36.476	36.4603	36.4641	36.4576	36.448	36.4479	36.4279	36.3979	36.3887	36.3703	36.3339	36.3248	36.3247	36.3002	36.2844	36.2769	36.2758	36.2673	36.2624	36.2498	36.2463	36.2309	36.2109	36.1993	36.1885	36.1776	36.1722	36.1602	36.1544	36.1313	36.118	36.1094	36.081	36.0856	36.072	36.0484	36.0413	36.0458	36.041	36.0195	36.0104	35.9873	35.9987	35.9976	35.9909	35.9818	35.9683	35.9254	35.9009	35.8968	35.9217	35.87	35.8782	35.8907	35.8806	35.8513	35.8212	35.803	35.8311	35.8061	35.7924	35.7725	35.7904	35.7718	35.7544	35.7314	35.7558	35.733	35.7174	35.72	35.7056	35.6941	35.6646	35.6441	35.6243	35.6125	35.6004	35.6077	35.6064	35.5718	35.5484	35.5298	35.5158	35.544	35.5082	35.5164	35.5032	35.4778	35.4634	35.4428	35.4341	35.4191	35.4087	35.367	35.3577	35.3206	35.311	35.2977	35.2994	35.3156	35.2832	35.2439	35.2654	35.2474	35.2196	35.1689	35.1857	35.1989	35.1657	35.1285	35.111	35.0962	35.0568	35.0219	35.0744	35.0348	35.0032	34.9607	34.922	34.9169	34.8958	34.8385	34.8773	34.8043	34.7492	34.6916	34.7173	34.6753	34.5499	34.4586	34.4849	34.5259	34.4601	34.3531	34.3185
Sfa-CBas_033-Ex1-cssl	36.4399	36.4537	36.4871	36.4992	36.5319	36.5284	36.5057	36.5108	36.4911	36.4931	36.4927	36.4795	36.4836	36.4704	36.4501	36.456	36.4387	36.4381	36.4346	36.4209	36.42	36.3976	36.3662	36.3573	36.3378	36.292	36.2838	36.2797	36.2516	36.2374	36.2258	36.2218	36.2097	36.2049	36.1922	36.1798	36.1623	36.1452	36.1317	36.1158	36.1062	36.0995	36.0859	36.0747	36.0526	36.0327	36.0196	35.9892	35.9964	35.9808	35.9578	35.9491	35.9528	35.9461	35.9167	35.909	35.8803	35.8866	35.8867	35.8764	35.8642	35.857	35.8108	35.7827	35.7818	35.7983	35.7456	35.7465	35.7599	35.7458	35.7158	35.6865	35.6682	35.6904	35.6673	35.6492	35.6287	35.6434	35.6175	35.5922	35.5763	35.5964	35.5734	35.5597	35.5614	35.5498	35.53	35.4963	35.4711	35.4422	35.4273	35.4132	35.4239	35.4201	35.3829	35.3561	35.3347	35.3154	35.3335	35.2933	35.2972	35.2806	35.2491	35.2384	35.2179	35.2037	35.1809	35.1754	35.1272	35.1078	35.0653	35.0513	35.0257	35.0341	35.0458	35.0087	34.9711	34.9876	34.9661	34.9357	34.8757	34.8904	34.8947	34.8665	34.8267	34.8054	34.7991	34.7513	34.718	34.7628	34.7247	34.6868	34.6425	34.608	34.6009	34.5737	34.5143	34.5635	34.4882	34.4323	34.3795	34.3907	34.3551	34.2239	34.1338	34.162	34.2071	34.1474	34.0425	34.0111
Sfa-CBas_036-Ex1-cssl	36.4517	36.455	36.4878	36.4994	36.5317	36.5271	36.506	36.5107	36.4962	36.5038	36.5004	36.487	36.4903	36.4788	36.4558	36.4624	36.4484	36.4498	36.4435	36.4344	36.4341	36.4129	36.3838	36.3757	36.3544	36.3125	36.3055	36.3061	36.2787	36.2632	36.2551	36.2504	36.2399	36.2361	36.2241	36.2201	36.2055	36.1854	36.1686	36.1576	36.148	36.1437	36.1311	36.1249	36.1021	36.0925	36.0752	36.0525	36.0618	36.0426	36.0207	36.0186	36.0183	36.0139	35.9884	35.9788	35.9561	35.968	35.9661	35.9585	35.9516	35.9382	35.8969	35.8631	35.8633	35.8838	35.8362	35.8443	35.8608	35.8482	35.8161	35.7898	35.7675	35.7894	35.765	35.7456	35.727	35.7453	35.7245	35.705	35.6878	35.7094	35.6834	35.6684	35.6745	35.6633	35.6487	35.6163	35.5953	35.5772	35.5672	35.5531	35.5648	35.5632	35.5258	35.5039	35.4814	35.4677	35.4986	35.4646	35.4689	35.4617	35.4327	35.4264	35.4076	35.3921	35.3744	35.3706	35.3315	35.3254	35.2867	35.2774	35.2614	35.2727	35.2905	35.2525	35.215	35.2369	35.2163	35.1917	35.1486	35.167	35.1773	35.1577	35.1177	35.0999	35.0937	35.0542	35.0249	35.0774	35.041	35.0137	34.9715	34.9408	34.9443	34.9226	34.87	34.9171	34.8509	34.7971	34.7571	34.782	34.747	34.6259	34.547	34.5766	34.6308	34.5739	34.4787	34.4492
Sfa-CBas_039-Ex1-cssl	36.4831	36.48	36.5074	36.5272	36.5592	36.5554	36.5325	36.5433	36.5256	36.5335	36.5336	36.5169	36.5231	36.5119	36.4901	36.4961	36.4799	36.4817	36.4764	36.4685	36.469	36.4467	36.42	36.4062	36.4016	36.354	36.3492	36.349	36.3225	36.3035	36.2959	36.3003	36.2873	36.2852	36.2768	36.2649	36.2521	36.2343	36.2257	36.2036	36.2033	36.1982	36.1834	36.1807	36.1546	36.1461	36.1332	36.1144	36.1193	36.0998	36.0848	36.0768	36.0735	36.0741	36.0573	36.0476	36.0255	36.0329	36.0328	36.0288	36.0162	36.0021	35.9653	35.9302	35.9399	35.9527	35.9086	35.9169	35.9274	35.9231	35.8893	35.8675	35.8358	35.8637	35.843	35.8277	35.8128	35.8237	35.8026	35.7901	35.7687	35.7895	35.7735	35.7558	35.7606	35.7492	35.7401	35.711	35.684	35.6651	35.6555	35.6532	35.6647	35.6697	35.6261	35.6094	35.594	35.5846	35.6177	35.5855	35.5954	35.5899	35.562	35.5532	35.5455	35.5251	35.5143	35.5107	35.4752	35.475	35.4391	35.4342	35.4262	35.4407	35.4575	35.4238	35.3983	35.4185	35.4027	35.3941	35.3386	35.3578	35.3915	35.3552	35.3339	35.317	35.3181	35.2815	35.2568	35.3257	35.2864	35.2633	35.2413	35.2113	35.2219	35.2086	35.174	35.2287	35.1697	35.1406	35.1037	35.1466	35.1213	35.0294	34.9595	35.0104	35.0901	35.0603	34.9787	34.9966
Sfa-CBas_041-Ex1-cssl	36.4629	36.4632	36.4957	36.5066	36.5359	36.531	36.5105	36.513	36.4971	36.5032	36.4995	36.4859	36.4891	36.4769	36.4538	36.4606	36.444	36.4443	36.4382	36.4282	36.426	36.404	36.376	36.3627	36.3446	36.2987	36.2917	36.2882	36.26	36.2412	36.2364	36.2261	36.2172	36.2129	36.2027	36.1952	36.1778	36.158	36.1403	36.1227	36.1162	36.1082	36.0976	36.0859	36.0318	36.0403	36.038	35.9999	35.9961	36.0003	35.9698	35.9554	35.9671	35.9632	35.9246	35.9132	35.8771	35.8999	35.885	35.8767	35.8921	35.8515	35.8046	35.7851	35.7962	35.788	35.749	35.7411	35.7543	35.7457	35.7199	35.7031	35.6906	35.7172	35.6935	35.6775	35.656	35.6704	35.6532	35.6324	35.6108	35.6334	35.614	35.5968	35.5947	35.5842	35.5673	35.5411	35.516	35.4957	35.4842	35.4733	35.4835	35.4807	35.4472	35.4265	35.4069	35.3897	35.4197	35.3856	35.3976	35.3809	35.3526	35.3458	35.3293	35.3193	35.2981	35.2967	35.2545	35.2443	35.2124	35.1972	35.1838	35.1928	35.2123	35.1745	35.1425	35.1669	35.1468	35.1217	35.0737	35.0972	35.1083	35.0872	35.052	35.0347	35.0277	34.9948	34.9586	35.0142	34.9812	34.9594	34.9197	34.8904	34.8924	34.8773	34.8292	34.8778	34.8195	34.775	34.7313	34.7733	34.753	34.6351	34.5598	34.6073	34.6788	34.635	34.5523	34.5397
Sfa-CBas_042-Ex1-cssl	36.4929	36.4768	36.5043	36.5132	36.5433	36.5408	36.5186	36.5246	36.5051	36.5134	36.5086	36.4946	36.4961	36.4867	36.4654	36.4686	36.457	36.4547	36.4502	36.4413	36.4389	36.42	36.3865	36.3789	36.3623	36.3185	36.3134	36.3105	36.2838	36.2656	36.2614	36.2581	36.2445	36.2446	36.2331	36.2272	36.2098	36.1926	36.1758	36.1701	36.1608	36.1535	36.1454	36.1378	36.1188	36.1032	36.0904	36.0614	36.0732	36.0557	36.0311	36.0264	36.0302	36.0268	35.9993	35.9913	35.9747	35.9773	35.9825	35.9754	35.9634	35.9503	35.9104	35.8787	35.8787	35.8976	35.8493	35.8615	35.8663	35.8574	35.8274	35.7987	35.7776	35.8017	35.7772	35.759	35.7382	35.7577	35.7351	35.7179	35.7017	35.718	35.6981	35.6836	35.6901	35.6781	35.6618	35.6347	35.6098	35.5879	35.5758	35.565	35.5797	35.5781	35.5457	35.5196	35.5071	35.4901	35.5164	35.4834	35.4948	35.476	35.4518	35.4429	35.4292	35.4206	35.4091	35.4009	35.3615	35.3462	35.3144	35.3124	35.2925	35.3055	35.3214	35.2896	35.2547	35.2762	35.2614	35.2353	35.1836	35.2091	35.2167	35.1978	35.1609	35.1408	35.1336	35.0873	35.0625	35.1173	35.0789	35.0533	35.0071	34.9728	34.9734	34.9458	34.8993	34.9394	34.8761	34.8217	34.7719	34.7874	34.7553	34.6365	34.5399	34.5638	34.6177	34.5453	34.4418	34.41
Sfa-CBas_043-Ex1-cssl	36.477	36.4738	36.5065	36.5148	36.546	36.5404	36.5184	36.5236	36.5054	36.5082	36.5055	36.4917	36.4958	36.4848	36.4657	36.4684	36.4524	36.4539	36.4497	36.4382	36.4359	36.4166	36.3829	36.3756	36.356	36.3134	36.303	36.3021	36.2758	36.2599	36.2526	36.2483	36.2375	36.2335	36.221	36.212	36.1933	36.1752	36.1614	36.1455	36.1404	36.1341	36.1235	36.1133	36.0771	36.0725	36.0619	36.0329	36.0311	36.025	36.0036	35.9942	35.9995	35.9968	35.9634	35.9535	35.9235	35.9347	35.9321	35.9212	35.922	35.9016	35.861	35.8381	35.8391	35.8484	35.7972	35.7989	35.8083	35.7971	35.7718	35.75	35.7359	35.7575	35.7371	35.7192	35.6994	35.7147	35.6903	35.6703	35.6509	35.6749	35.654	35.6402	35.6444	35.632	35.6176	35.5853	35.562	35.5391	35.5264	35.5159	35.5321	35.5305	35.4968	35.4787	35.4587	35.4442	35.4669	35.437	35.4458	35.4308	35.4055	35.3959	35.3828	35.375	35.3554	35.3568	35.313	35.3021	35.2692	35.2562	35.2425	35.2531	35.2724	35.24	35.2074	35.2337	35.2173	35.1941	35.1434	35.1626	35.1764	35.1526	35.1198	35.1014	35.1037	35.065	35.0385	35.0962	35.0587	35.0313	34.9939	34.9672	34.9715	34.9596	34.9078	34.9634	34.9055	34.8598	34.8235	34.8557	34.837	34.7236	34.6509	34.6962	34.7746	34.7308	34.6513	34.6425
Sfa-CBas_044-Ex1-cssl	36.4627	36.4625	36.4933	36.5083	36.5482	36.5431	36.5226	36.5343	36.5169	36.522	36.5259	36.51	36.514	36.5012	36.4813	36.4876	36.4754	36.4755	36.4689	36.4608	36.464	36.4439	36.4154	36.4096	36.3844	36.3492	36.3424	36.3457	36.3187	36.3028	36.2974	36.2946	36.2916	36.286	36.2751	36.2715	36.258	36.2375	36.2241	36.2162	36.2062	36.199	36.1881	36.184	36.1672	36.1491	36.1417	36.1182	36.1309	36.1062	36.0904	36.0804	36.0874	36.0798	36.063	36.058	36.03	36.044	36.0491	36.0383	36.0285	36.0164	35.9814	35.9499	35.9395	35.9677	35.9229	35.9258	35.9441	35.9365	35.9132	35.8776	35.8564	35.8813	35.8567	35.8469	35.8263	35.8467	35.8284	35.8047	35.7772	35.811	35.7896	35.7726	35.7762	35.7629	35.7602	35.7247	35.7146	35.6981	35.6882	35.6709	35.6892	35.6863	35.6508	35.6289	35.6149	35.6082	35.643	35.6051	35.6269	35.6105	35.5805	35.5746	35.5619	35.5486	35.5313	35.5375	35.4961	35.4903	35.4518	35.4504	35.4496	35.4552	35.4725	35.4463	35.4105	35.4312	35.4191	35.3921	35.3509	35.3815	35.3934	35.3786	35.3364	35.329	35.3224	35.2909	35.2631	35.3226	35.2977	35.2688	35.2356	35.2034	35.2179	35.1965	35.156	35.211	35.1569	35.11	35.0693	35.1127	35.0828	34.9758	34.8922	34.943	35.0035	34.9651	34.8735	34.8592
Sfa-CBas_046-Ex1-cssl	36.4532	36.4591	36.4896	36.5054	36.5422	36.5351	36.5155	36.5216	36.5105	36.5134	36.5139	36.5012	36.5068	36.491	36.4744	36.4791	36.4636	36.4674	36.4579	36.4488	36.4527	36.4338	36.4006	36.3919	36.3833	36.3405	36.3289	36.3288	36.3071	36.2849	36.2806	36.2738	36.2687	36.2622	36.2561	36.2493	36.2314	36.2147	36.2051	36.1913	36.189	36.1773	36.1704	36.1665	36.1443	36.1335	36.1169	36.0976	36.109	36.0793	36.08	36.0659	36.0691	36.0567	36.0396	36.0322	36.0123	36.0232	36.0253	36.0183	36.0045	35.9917	35.9552	35.9303	35.9196	35.9357	35.8952	35.9029	35.9215	35.9109	35.8774	35.8427	35.8252	35.8553	35.8264	35.8093	35.8006	35.8187	35.7989	35.7827	35.7604	35.7908	35.7573	35.7518	35.7551	35.7398	35.7364	35.7028	35.6963	35.6651	35.6638	35.644	35.6597	35.6638	35.6237	35.6069	35.5929	35.5848	35.6124	35.5738	35.5934	35.5844	35.5606	35.549	35.533	35.529	35.5022	35.5064	35.4647	35.4639	35.4375	35.4361	35.4243	35.4323	35.463	35.422	35.3906	35.4147	35.3986	35.3771	35.3392	35.364	35.382	35.3626	35.3248	35.3112	35.3152	35.273	35.251	35.3082	35.2734	35.2646	35.2383	35.2019	35.2149	35.2074	35.1663	35.22	35.1738	35.1448	35.1091	35.1414	35.1393	35.0229	34.9623	35.0268	35.0996	35.058	34.9836	34.9797
Sfa-CBas_048-Ex1-cssl	36.4585	36.4636	36.4934	36.506	36.5398	36.5356	36.5134	36.5208	36.5034	36.5096	36.5058	36.4941	36.4978	36.485	36.4629	36.4709	36.4549	36.4568	36.451	36.4408	36.441	36.4178	36.3902	36.3808	36.3624	36.3203	36.3102	36.3059	36.2798	36.2643	36.2557	36.2518	36.2419	36.2391	36.2283	36.22	36.2052	36.1845	36.1709	36.1604	36.1453	36.1422	36.1283	36.1211	36.1	36.0847	36.0723	36.0439	36.0532	36.0333	36.0128	36.0033	36.006	36.0024	35.9754	35.9651	35.9415	35.9517	35.954	35.9401	35.9328	35.9163	35.8753	35.8465	35.8413	35.8657	35.8132	35.823	35.8365	35.8245	35.791	35.7621	35.7424	35.7608	35.7381	35.7237	35.6984	35.718	35.7012	35.6767	35.6584	35.6782	35.6556	35.6395	35.6414	35.6294	35.6112	35.5842	35.5595	35.5382	35.5331	35.5161	35.5274	35.522	35.4877	35.465	35.4431	35.4315	35.4533	35.419	35.4276	35.4123	35.3845	35.3748	35.3515	35.3416	35.322	35.3169	35.2722	35.2642	35.229	35.2141	35.2019	35.2096	35.2207	35.1891	35.1498	35.1726	35.1493	35.1253	35.0795	35.0974	35.1052	35.0838	35.0443	35.0253	35.0139	34.9711	34.9394	34.9937	34.9541	34.9264	34.8841	34.8545	34.8475	34.8261	34.7692	34.8184	34.7448	34.6958	34.6476	34.671	34.6376	34.5143	34.4287	34.46	34.5008	34.4451	34.349	34.3124
Sfa-CBas_056-Ex1-cssl	36.448	36.4492	36.4863	36.5006	36.5355	36.5278	36.5066	36.5185	36.501	36.5081	36.5054	36.4926	36.4968	36.482	36.463	36.4692	36.4528	36.4561	36.4519	36.441	36.4413	36.421	36.391	36.3816	36.3649	36.3243	36.3168	36.3149	36.2882	36.2737	36.2646	36.259	36.2519	36.2485	36.2357	36.2319	36.213	36.1948	36.1814	36.1685	36.1593	36.151	36.1417	36.1329	36.1127	36.1003	36.0878	36.0587	36.0666	36.0477	36.0233	36.018	36.021	36.0166	35.9929	35.982	35.9631	35.97	35.9711	35.9633	35.951	35.9368	35.8938	35.8639	35.86	35.8845	35.8336	35.8417	35.8554	35.8443	35.8111	35.7787	35.7615	35.7796	35.7601	35.7406	35.723	35.7405	35.7195	35.7012	35.6813	35.7032	35.6777	35.6628	35.6635	35.6517	35.6357	35.608	35.5878	35.5646	35.5537	35.541	35.5526	35.5506	35.5131	35.4904	35.4721	35.4607	35.4851	35.456	35.4639	35.446	35.419	35.4103	35.3921	35.3822	35.3673	35.3616	35.3201	35.3094	35.2757	35.2657	35.2557	35.2575	35.272	35.2361	35.2012	35.2256	35.2032	35.1765	35.1333	35.1504	35.1623	35.1356	35.1008	35.0793	35.0704	35.0298	35.0013	35.0516	35.0194	34.989	34.9505	34.9154	34.9199	34.8889	34.8417	34.8891	34.8238	34.7742	34.7286	34.7554	34.7239	34.6084	34.529	34.5564	34.6105	34.5538	34.461	34.4406
Sfa-CBas_059-Ex1-cssl	36.4496	36.4558	36.4926	36.5071	36.5448	36.5367	36.5149	36.524	36.5098	36.5168	36.517	36.5005	36.502	36.4894	36.4684	36.4753	36.4601	36.4644	36.4618	36.4499	36.4505	36.4297	36.3986	36.3884	36.3725	36.3286	36.3216	36.3238	36.2986	36.2828	36.275	36.2687	36.2587	36.2572	36.2446	36.2388	36.2239	36.2037	36.1922	36.1843	36.1702	36.1677	36.1581	36.144	36.1239	36.1122	36.0951	36.0741	36.0817	36.0668	36.0456	36.0373	36.0389	36.0386	36.0114	36.0053	35.9821	35.9911	35.9935	35.9881	35.9756	35.965	35.9222	35.8894	35.8847	35.91	35.864	35.8699	35.8809	35.8761	35.8462	35.8173	35.7931	35.8157	35.7935	35.7772	35.7602	35.7738	35.7555	35.7354	35.7188	35.7479	35.7221	35.7036	35.7061	35.6913	35.6797	35.6523	35.6365	35.6038	35.5993	35.5907	35.5984	35.6024	35.565	35.545	35.5211	35.516	35.5343	35.505	35.5168	35.5047	35.4798	35.4708	35.4535	35.4406	35.4249	35.4189	35.3809	35.3789	35.3423	35.332	35.3206	35.329	35.3435	35.3113	35.2697	35.3004	35.285	35.2539	35.2105	35.2295	35.2415	35.2232	35.1878	35.1703	35.1643	35.1219	35.0955	35.1469	35.1142	35.0935	35.0474	35.0196	35.0169	35.0028	34.9619	35.0114	34.9423	34.9037	34.8556	34.891	34.8588	34.7474	34.6648	34.7065	34.7665	34.7136	34.6267	34.6112
Sfa-CBas_061-Ex1-cssl	36.438	36.4455	36.4768	36.4931	36.5267	36.523	36.5009	36.5119	36.4945	36.4977	36.4939	36.4797	36.4843	36.4712	36.4503	36.4516	36.4368	36.4394	36.4302	36.4186	36.4188	36.3974	36.3649	36.3553	36.3349	36.2895	36.2782	36.2778	36.2502	36.2314	36.2221	36.2158	36.208	36.2018	36.1878	36.1766	36.1624	36.1419	36.1297	36.114	36.1008	36.0933	36.0805	36.0724	36.038	36.0276	36.0232	35.9795	35.9913	35.974	35.9435	35.938	35.9391	35.9366	35.9006	35.8949	35.8717	35.8778	35.8795	35.8691	35.86	35.8425	35.7944	35.7615	35.7617	35.7848	35.7284	35.7371	35.7519	35.7375	35.7021	35.6797	35.6581	35.6786	35.6588	35.6384	35.6206	35.633	35.6166	35.5979	35.5722	35.5963	35.5707	35.5586	35.554	35.5401	35.5281	35.4947	35.4659	35.4455	35.4299	35.4223	35.427	35.4248	35.3851	35.3644	35.3421	35.3322	35.3518	35.3209	35.3278	35.3165	35.2888	35.2741	35.2527	35.2397	35.2238	35.2167	35.1768	35.1693	35.1338	35.1211	35.1116	35.1127	35.13	35.0929	35.0614	35.0831	35.065	35.0419	34.9915	35.0149	35.022	35.0015	34.9651	34.9447	34.9383	34.8957	34.8651	34.9265	34.8899	34.8617	34.8204	34.7905	34.7896	34.7735	34.7253	34.774	34.7029	34.6598	34.6152	34.6475	34.6158	34.4983	34.4203	34.4539	34.5118	34.4562	34.3712	34.3456
Sfa-CBas_062-Ex1-cssl	36.4707	36.4669	36.5006	36.5128	36.5416	36.5375	36.5161	36.5225	36.5055	36.51	36.5096	36.4919	36.495	36.4792	36.4585	36.4626	36.4477	36.4523	36.4474	36.4354	36.4336	36.4115	36.3786	36.3682	36.3477	36.3079	36.3013	36.2995	36.2719	36.2535	36.2454	36.2388	36.2289	36.224	36.2116	36.2044	36.1863	36.1664	36.1498	36.1415	36.1306	36.1238	36.1111	36.0983	36.0783	36.0642	36.0499	36.0247	36.0331	36.0136	35.9919	35.9829	35.9866	35.9814	35.9473	35.9431	35.9193	35.929	35.9276	35.9203	35.9076	35.895	35.8484	35.8205	35.8166	35.8339	35.7846	35.7934	35.8053	35.798	35.7667	35.7315	35.7135	35.732	35.7089	35.6859	35.6708	35.6862	35.6661	35.6462	35.6207	35.6505	35.623	35.6092	35.6117	35.5985	35.5804	35.5525	35.5259	35.5103	35.4968	35.4873	35.4982	35.4918	35.4589	35.4373	35.4191	35.4041	35.4336	35.4001	35.4091	35.3979	35.3727	35.3619	35.3412	35.332	35.3188	35.3112	35.2675	35.2638	35.2266	35.2199	35.2071	35.2191	35.2365	35.1996	35.1667	35.1924	35.1753	35.1443	35.1055	35.1272	35.1346	35.1173	35.0845	35.0667	35.0587	35.0247	34.9884	35.0559	35.0203	34.996	34.9612	34.9344	34.9411	34.9194	34.8773	34.9371	34.8717	34.8288	34.7938	34.8306	34.8117	34.6969	34.628	34.6745	34.745	34.7065	34.6223	34.615
Sfa-CBas_066-Ex1-cssl	36.4583	36.4693	36.4981	36.5146	36.5486	36.5437	36.522	36.5281	36.5116	36.5164	36.5169	36.5032	36.5059	36.4933	36.471	36.4758	36.4627	36.4638	36.4578	36.448	36.4468	36.4256	36.3948	36.3853	36.3672	36.3247	36.3165	36.3118	36.2849	36.2689	36.2609	36.2557	36.2463	36.2405	36.229	36.2204	36.2039	36.1857	36.1715	36.1552	36.1444	36.1398	36.128	36.1207	36.0962	36.0844	36.0696	36.0417	36.0495	36.0324	36.0079	36.0029	35.9997	35.9973	35.976	35.9647	35.9448	35.9491	35.9507	35.9398	35.9289	35.9177	35.8776	35.8467	35.8415	35.8652	35.8119	35.8198	35.836	35.8241	35.7897	35.7563	35.7374	35.7604	35.7345	35.7172	35.6975	35.7147	35.6928	35.6749	35.6514	35.6752	35.6479	35.6298	35.6339	35.62	35.6082	35.5772	35.5543	35.535	35.518	35.5073	35.5137	35.5119	35.4757	35.451	35.4325	35.4176	35.4437	35.4028	35.4161	35.3949	35.3714	35.3598	35.3413	35.3296	35.3111	35.3029	35.2622	35.2545	35.2179	35.2051	35.1925	35.1992	35.2165	35.1765	35.1435	35.1634	35.1463	35.1191	35.0776	35.0901	35.0985	35.0786	35.0419	35.019	35.0139	34.9729	34.9392	34.9922	34.9546	34.9248	34.8865	34.8505	34.8483	34.8293	34.7776	34.8189	34.7535	34.7039	34.6575	34.6737	34.6518	34.5257	34.4363	34.4712	34.5218	34.462	34.3669	34.3367
Sfa-CBas_067-Ex1-cssl	36.4696	36.4641	36.4928	36.5021	36.536	36.534	36.5115	36.5143	36.4978	36.5016	36.4977	36.485	36.4873	36.4745	36.4552	36.4582	36.4418	36.4422	36.4382	36.4281	36.4252	36.4053	36.3711	36.3616	36.3417	36.3013	36.2911	36.2878	36.2595	36.2452	36.2375	36.2297	36.219	36.215	36.2041	36.1972	36.1781	36.1574	36.1447	36.1341	36.1188	36.1178	36.1009	36.0943	36.0745	36.0575	36.0438	36.0157	36.0219	36.004	35.9826	35.9777	35.9799	35.9727	35.9473	35.9378	35.914	35.9238	35.9233	35.9152	35.9014	35.8884	35.8492	35.8179	35.8111	35.835	35.786	35.7913	35.8045	35.7913	35.7623	35.7306	35.7112	35.7338	35.7131	35.6915	35.671	35.689	35.6674	35.6465	35.6245	35.6468	35.6236	35.6103	35.6138	35.5984	35.5866	35.5559	35.5276	35.5099	35.4952	35.4854	35.4905	35.494	35.4553	35.4338	35.411	35.3973	35.4215	35.3886	35.3922	35.3767	35.3486	35.3367	35.32	35.3035	35.2849	35.2784	35.2334	35.2229	35.1859	35.1694	35.1501	35.1558	35.1681	35.1301	35.0924	35.1122	35.0842	35.0551	35.0063	35.0209	35.0296	34.9957	34.9572	34.9276	34.9194	34.8691	34.835	34.8807	34.8382	34.8086	34.7579	34.7155	34.7045	34.6792	34.6148	34.6488	34.5741	34.5159	34.4551	34.4641	34.4235	34.2882	34.1891	34.2041	34.2404	34.1696	34.0587	34.0117
Sfa-CBas_073-Ex1-cssl	36.486	36.4813	36.506	36.5216	36.5569	36.5521	36.5296	36.5371	36.5198	36.5256	36.522	36.5115	36.5128	36.5003	36.4803	36.4869	36.47	36.4689	36.4669	36.456	36.4537	36.4316	36.4093	36.3948	36.3795	36.3372	36.3299	36.3291	36.2996	36.2833	36.282	36.2771	36.2687	36.2651	36.2531	36.2472	36.2316	36.2087	36.2029	36.1831	36.1783	36.1775	36.1653	36.1586	36.1418	36.1236	36.1116	36.0902	36.1065	36.0777	36.0634	36.0507	36.0589	36.0602	36.0365	36.0204	36.0026	36.0115	36.0206	36.0085	35.9972	35.9902	35.9497	35.9191	35.9225	35.9451	35.8926	35.8943	35.9143	35.9092	35.8752	35.8445	35.8264	35.8407	35.8254	35.8112	35.7921	35.8041	35.7895	35.7666	35.7549	35.7739	35.7523	35.7387	35.7437	35.7306	35.7191	35.6885	35.6698	35.6512	35.6455	35.6363	35.6474	35.6483	35.6146	35.6056	35.5873	35.5725	35.6061	35.5711	35.5842	35.5735	35.5604	35.5467	35.5326	35.5151	35.5137	35.5095	35.4732	35.467	35.4381	35.4332	35.4232	35.4312	35.4528	35.4195	35.386	35.4196	35.4055	35.3863	35.3382	35.3648	35.3909	35.3603	35.3375	35.3171	35.3189	35.2781	35.254	35.3195	35.2866	35.2591	35.232	35.2112	35.2231	35.2077	35.1636	35.2283	35.1691	35.1271	35.0989	35.125	35.1291	35.0205	34.9523	34.9997	35.0792	35.038	34.955	34.9511
Sfa-CBas_076-Ex1-cssl	36.4606	36.4556	36.485	36.497	36.5276	36.5239	36.5019	36.508	36.4913	36.4956	36.4909	36.4784	36.4805	36.4694	36.4455	36.4509	36.4353	36.4343	36.4301	36.4195	36.4181	36.3957	36.3681	36.3576	36.3392	36.2961	36.2856	36.2841	36.2562	36.2401	36.2319	36.2255	36.2197	36.2151	36.2024	36.1972	36.18	36.1581	36.1457	36.1351	36.1213	36.118	36.1034	36.0971	36.0686	36.0582	36.0493	36.0153	36.0205	36.0084	35.9831	35.9749	35.9776	35.9775	35.945	35.9378	35.9125	35.9249	35.9248	35.9137	35.9025	35.8881	35.8454	35.8136	35.814	35.8378	35.7836	35.7947	35.8056	35.7944	35.7653	35.7335	35.7145	35.7379	35.7164	35.6962	35.6791	35.6954	35.6752	35.6589	35.6376	35.6592	35.6355	35.6215	35.6224	35.609	35.5949	35.5688	35.5481	35.5278	35.5145	35.5054	35.5109	35.512	35.4705	35.4515	35.4338	35.4217	35.4506	35.4131	35.4213	35.4094	35.3808	35.3741	35.3537	35.3447	35.3267	35.3212	35.2774	35.2727	35.2354	35.2291	35.2143	35.2246	35.2356	35.2034	35.1706	35.1849	35.1702	35.1461	35.0976	35.1188	35.1303	35.1076	35.0691	35.0495	35.0429	34.9939	34.9668	35.0202	34.9844	34.9535	34.9173	34.876	34.8757	34.8541	34.7968	34.8445	34.769	34.7189	34.6716	34.6859	34.6567	34.535	34.4445	34.4664	34.5111	34.4517	34.3453	34.3104
Sfa-CBas_078-Ex1-cssl	36.4672	36.4626	36.4945	36.5066	36.5399	36.5347	36.5146	36.5215	36.5033	36.5078	36.5064	36.4905	36.4929	36.4755	36.4564	36.4609	36.4485	36.4506	36.447	36.4341	36.4327	36.411	36.3791	36.3706	36.3503	36.3086	36.3018	36.2985	36.2717	36.2534	36.2452	36.2396	36.231	36.228	36.2137	36.2041	36.1932	36.1688	36.1586	36.1466	36.1321	36.1256	36.1136	36.1062	36.0856	36.0705	36.0547	36.0334	36.0381	36.0221	36.0003	35.9926	35.9922	35.9887	35.9601	35.953	35.9303	35.9399	35.9409	35.9319	35.925	35.9077	35.8672	35.8319	35.8316	35.8548	35.7983	35.814	35.8217	35.8107	35.7796	35.7513	35.7269	35.7503	35.7284	35.7116	35.6918	35.7097	35.6868	35.6676	35.6474	35.6703	35.6422	35.6252	35.6276	35.6165	35.5966	35.5691	35.543	35.5266	35.5066	35.5021	35.5039	35.5074	35.4628	35.4423	35.4154	35.4027	35.4284	35.3991	35.403	35.3873	35.3605	35.3488	35.3272	35.3129	35.2976	35.2925	35.2448	35.2403	35.2065	35.1944	35.1823	35.1902	35.2069	35.1677	35.13	35.1601	35.1323	35.109	35.0602	35.0831	35.0888	35.0672	35.0311	35.0136	35.0079	34.9631	34.9306	34.9881	34.9555	34.9252	34.8801	34.8483	34.8543	34.8321	34.7797	34.8262	34.7581	34.7115	34.6646	34.6952	34.6541	34.5381	34.4534	34.4924	34.5484	34.4913	34.3907	34.3669
Sfa-CBas_084-Ex1-cssl	36.4531	36.4586	36.489	36.5011	36.5317	36.5281	36.5042	36.5101	36.4894	36.4952	36.4939	36.4766	36.4824	36.4693	36.4474	36.4522	36.4378	36.4399	36.4322	36.4232	36.4216	36.3996	36.3666	36.3581	36.3374	36.2962	36.2844	36.2851	36.257	36.2393	36.23	36.2251	36.2158	36.2124	36.1976	36.1903	36.173	36.1538	36.1382	36.1281	36.1129	36.1079	36.0951	36.0874	36.0656	36.0523	36.0376	36.011	36.017	35.9985	35.9754	35.9686	35.9673	35.9631	35.9375	35.9308	35.9058	35.9116	35.9141	35.9018	35.8895	35.8758	35.8317	35.8024	35.7987	35.8219	35.7666	35.7764	35.789	35.779	35.7443	35.7137	35.6896	35.7122	35.6878	35.672	35.6503	35.6674	35.6461	35.626	35.6051	35.624	35.6009	35.5817	35.5815	35.5684	35.5528	35.521	35.4939	35.475	35.4537	35.443	35.4468	35.4435	35.4009	35.3768	35.3522	35.3384	35.3574	35.3214	35.3212	35.3015	35.2709	35.2552	35.2281	35.2125	35.1876	35.18	35.1313	35.1185	35.0743	35.0583	35.035	35.0375	35.0399	35.0009	34.9604	34.9771	34.9459	34.9185	34.8614	34.8709	34.8727	34.8422	34.7947	34.7672	34.7519	34.7021	34.66	34.7017	34.6552	34.6177	34.5648	34.5242	34.5075	34.4738	34.4042	34.4328	34.3512	34.2854	34.2197	34.221	34.1736	34.0376	33.935	33.9353	33.962	33.8859	33.766	33.7101
Sfa-CBas_086-Ex1-cssl	36.4359	36.4418	36.4734	36.4875	36.5225	36.5157	36.4967	36.5048	36.486	36.491	36.4902	36.4765	36.4818	36.4674	36.4441	36.4513	36.4358	36.4354	36.432	36.4238	36.4213	36.3996	36.371	36.3595	36.3401	36.2982	36.2861	36.2865	36.2582	36.2413	36.2335	36.2305	36.2204	36.2196	36.2063	36.1977	36.1821	36.1619	36.147	36.1344	36.1239	36.1153	36.1044	36.0971	36.0658	36.0564	36.0456	36.0139	36.0227	36.0063	35.9828	35.9749	35.9781	35.9708	35.9426	35.9353	35.9115	35.9243	35.9248	35.914	35.9109	35.8885	35.8462	35.8167	35.8129	35.8323	35.7822	35.7903	35.8051	35.7967	35.7632	35.7331	35.7139	35.7386	35.7181	35.6992	35.6779	35.6955	35.676	35.6583	35.6393	35.6579	35.6379	35.6199	35.6252	35.6082	35.5927	35.5635	35.5441	35.5237	35.5127	35.5024	35.5098	35.5053	35.4686	35.4457	35.4273	35.4124	35.4394	35.4024	35.414	35.3985	35.3743	35.3617	35.3428	35.3267	35.3192	35.3078	35.2651	35.2538	35.2191	35.2106	35.1953	35.2017	35.2191	35.1809	35.1444	35.1662	35.1438	35.1229	35.0717	35.0948	35.104	35.0785	35.0427	35.0224	35.0174	34.9731	34.9425	34.9935	34.9591	34.9317	34.8903	34.8551	34.8569	34.8382	34.7835	34.8252	34.7657	34.7151	34.6693	34.6964	34.6641	34.5384	34.4598	34.4891	34.5426	34.4859	34.3901	34.3656
Sfa-CBas_088-Ex1-cssl	36.4498	36.4611	36.4916	36.5059	36.5379	36.5337	36.512	36.5155	36.4995	36.5042	36.5008	36.4845	36.4892	36.4763	36.4567	36.4599	36.4473	36.4461	36.4385	36.4286	36.4269	36.4062	36.3751	36.3643	36.3458	36.3021	36.2914	36.2905	36.2603	36.2428	36.2351	36.2252	36.2188	36.2136	36.2003	36.1918	36.1717	36.1495	36.1359	36.1209	36.1122	36.1023	36.0892	36.0803	36.0579	36.0408	36.0273	35.997	36.005	35.9826	35.9628	35.9574	35.9567	35.95	35.9238	35.911	35.888	35.8957	35.8981	35.8868	35.8736	35.8595	35.818	35.7841	35.78	35.8019	35.7491	35.7571	35.7659	35.7565	35.7221	35.6883	35.6693	35.6923	35.6677	35.6508	35.6256	35.6421	35.6202	35.5984	35.5771	35.5992	35.5723	35.5585	35.5565	35.5459	35.5242	35.4937	35.4681	35.4439	35.4264	35.4152	35.4218	35.4182	35.3826	35.3584	35.3345	35.3153	35.3392	35.3079	35.3106	35.2973	35.2661	35.2532	35.2325	35.2212	35.1985	35.1919	35.1413	35.1343	35.0959	35.0792	35.0619	35.0677	35.079	35.0465	35.0061	35.0283	35.0049	34.9765	34.9236	34.9374	34.9432	34.9246	34.8823	34.8575	34.8464	34.8066	34.7681	34.8165	34.7757	34.7478	34.6944	34.6607	34.6563	34.6312	34.5753	34.6175	34.5525	34.4892	34.4361	34.4566	34.4237	34.2987	34.2041	34.2279	34.2763	34.215	34.1126	34.0815
Sfa-CBas_090-Ex1-cssl	36.4532	36.4658	36.4979	36.5139	36.5518	36.5419	36.5222	36.5334	36.5195	36.5274	36.5303	36.5184	36.523	36.5057	36.4848	36.4929	36.4821	36.4789	36.4735	36.4682	36.4665	36.445	36.4153	36.4111	36.3891	36.3533	36.3441	36.3449	36.3198	36.3045	36.3015	36.2968	36.2909	36.2819	36.2718	36.2679	36.2552	36.2377	36.2232	36.2126	36.2001	36.2012	36.1857	36.1793	36.1664	36.1462	36.1375	36.1139	36.1303	36.1092	36.0906	36.0758	36.0786	36.0736	36.0473	36.0446	36.0279	36.0353	36.0309	36.0272	36.0164	36.0027	35.9714	35.9322	35.9298	35.9502	35.9008	35.9136	35.9305	35.922	35.8837	35.8536	35.8305	35.8481	35.8291	35.8123	35.7979	35.8177	35.7972	35.7741	35.7589	35.7796	35.753	35.747	35.7498	35.7296	35.7282	35.7016	35.6762	35.6511	35.634	35.648	35.6493	35.6425	35.6165	35.5886	35.5799	35.5581	35.5939	35.5628	35.5816	35.5683	35.5505	35.537	35.5274	35.5108	35.4973	35.5012	35.4638	35.4569	35.4304	35.4186	35.4066	35.4104	35.443	35.3981	35.3777	35.3941	35.3785	35.3568	35.321	35.3413	35.3646	35.3386	35.3148	35.2904	35.2829	35.2534	35.2319	35.2854	35.2584	35.2488	35.2064	35.1906	35.2004	35.183	35.1339	35.2131	35.1434	35.1168	35.0909	35.1313	35.1295	35.0073	34.9455	35.0094	35.0808	35.0517	34.9864	34.9719
Sfa-CBas_091-Ex1-cssl	36.4659	36.4634	36.4921	36.503	36.5364	36.534	36.5139	36.5222	36.5056	36.508	36.5055	36.4905	36.4921	36.4827	36.4623	36.4657	36.4525	36.4514	36.4463	36.435	36.4338	36.4138	36.3835	36.3722	36.3527	36.31	36.3012	36.3004	36.2722	36.2563	36.2507	36.241	36.2357	36.2299	36.2159	36.2126	36.1942	36.1771	36.1586	36.1493	36.1334	36.1304	36.118	36.1062	36.0773	36.0688	36.0597	36.0331	36.0403	36.025	36.0042	35.9946	35.9952	35.9933	35.9632	35.9524	35.9242	35.9346	35.9301	35.9224	35.9159	35.9027	35.8529	35.8246	35.8275	35.8408	35.7921	35.791	35.8098	35.7971	35.7678	35.7414	35.7189	35.7451	35.7203	35.7046	35.6839	35.7048	35.6782	35.6621	35.639	35.6635	35.6405	35.6273	35.629	35.6148	35.6036	35.573	35.5499	35.5262	35.5129	35.5014	35.5145	35.5153	35.481	35.4575	35.4448	35.4281	35.4588	35.4234	35.4315	35.4193	35.3976	35.3949	35.3718	35.3645	35.3462	35.3427	35.3034	35.2956	35.2628	35.2518	35.2396	35.2533	35.2752	35.2407	35.2095	35.2325	35.2149	35.1933	35.1493	35.1673	35.1878	35.1645	35.129	35.1146	35.1139	35.078	35.0434	35.1108	35.0799	35.056	35.0178	34.9974	35.0027	34.9888	34.9426	35.0061	34.9474	34.9043	34.877	34.9165	34.8994	34.7946	34.7202	34.7799	34.8503	34.8175	34.7351	34.7395
Sfa-CBas_092-Ex1-cssl	36.4599	36.4661	36.4941	36.5175	36.5537	36.5464	36.5279	36.5383	36.5207	36.5256	36.5268	36.5129	36.5174	36.5038	36.4853	36.489	36.4753	36.4788	36.4703	36.4621	36.4621	36.4417	36.4126	36.4017	36.3862	36.3423	36.3367	36.3378	36.3128	36.2957	36.2904	36.2854	36.2767	36.2781	36.2634	36.2566	36.2425	36.2243	36.2069	36.1979	36.1902	36.1822	36.1751	36.1595	36.1484	36.1328	36.1192	36.1013	36.1102	36.0861	36.0726	36.0592	36.0674	36.0614	36.0411	36.0276	36.011	36.0126	36.0236	36.0182	36.001	35.9868	35.9548	35.9212	35.9176	35.9458	35.8871	35.8963	35.9202	35.9071	35.8766	35.8482	35.8282	35.8447	35.8247	35.8116	35.7908	35.8057	35.7886	35.7702	35.7531	35.7797	35.7553	35.7406	35.7418	35.7293	35.7188	35.6962	35.6718	35.6511	35.6426	35.6364	35.647	35.6495	35.6169	35.5918	35.5764	35.567	35.5984	35.5674	35.5855	35.5734	35.5478	35.5378	35.5246	35.5145	35.4954	35.4981	35.457	35.4599	35.4279	35.4195	35.4149	35.4226	35.4468	35.4142	35.3801	35.3985	35.3939	35.3716	35.3262	35.3435	35.3702	35.3471	35.3151	35.2928	35.2968	35.2654	35.2353	35.3007	35.2657	35.2488	35.2118	35.1868	35.2081	35.1845	35.1504	35.2114	35.152	35.1139	35.0841	35.1281	35.109	35.0037	34.9441	35.0059	35.0784	35.0393	34.9653	34.979
Sfa-CBas_096-Ex1-cssl	36.5074	36.4863	36.5097	36.5234	36.5552	36.5536	36.532	36.5373	36.5202	36.5261	36.5233	36.5102	36.5093	36.4981	36.4782	36.4814	36.4674	36.4728	36.4691	36.4571	36.4556	36.4361	36.4066	36.3967	36.3785	36.3421	36.3328	36.3356	36.3058	36.2956	36.2889	36.2831	36.2738	36.275	36.2611	36.2597	36.2424	36.2249	36.2137	36.2045	36.1963	36.1893	36.1796	36.1705	36.1544	36.1418	36.1247	36.1091	36.1216	36.0994	36.0803	36.0765	36.0752	36.0693	36.0529	36.0437	36.0247	36.0299	36.0397	36.0268	36.0187	36.0115	35.9745	35.9439	35.9393	35.9677	35.9164	35.9268	35.9387	35.9326	35.9034	35.8758	35.8489	35.8701	35.8512	35.836	35.8211	35.8395	35.8165	35.7996	35.7874	35.8058	35.7867	35.7749	35.7768	35.7589	35.748	35.7262	35.7087	35.6968	35.6794	35.6708	35.6841	35.6885	35.6473	35.6337	35.6198	35.5985	35.6368	35.6067	35.6238	35.6096	35.5886	35.5741	35.5677	35.5605	35.5409	35.5478	35.5025	35.5006	35.4777	35.4664	35.4558	35.4677	35.4939	35.4631	35.429	35.45	35.443	35.4152	35.3767	35.408	35.4154	35.4056	35.3744	35.3567	35.3593	35.3226	35.2929	35.3568	35.3223	35.3115	35.2702	35.2471	35.2599	35.2458	35.2049	35.2647	35.2078	35.1728	35.1368	35.1849	35.1719	35.06	34.998	35.0624	35.1319	35.0925	35.0125	35.0176
