Sample	1	2	3	4	5	6	7	8	9	10	11	12	13	14	15	16	17	18	19	20	21	22	23	24	25	26	27	28	29	30	31	32	33	34	35	36	37	38	39	40	41	42	43	44	45	46	47	48	49	50	51	52	53	54	55	56	57	58	59	60	61	62	63	64	65	66	67	68	69	70	71	72	73	74	75	76	77	78	79	80	81	82	83	84	85	86	87	88	89	90	91	92	93	94	95	96	97	98	99	100	101	102	103	104	105	106	107	108	109	110	111	112	113	114	115	116	117	118	119	120	121	122	123	124	125	126	127	128	129	130	131	132	133	134	135	136	137	138	139	140	141	142	143	144	145	146	147	148	149	150
Sfa-ABas_001-Ex1-cssl	36.5594	36.5108	36.5398	36.5569	36.5801	36.5777	36.5618	36.5655	36.5494	36.555	36.55	36.5325	36.5353	36.5265	36.504	36.5088	36.4944	36.4954	36.4897	36.4831	36.4815	36.4626	36.4346	36.4265	36.4123	36.3774	36.3739	36.3743	36.3494	36.3375	36.3297	36.327	36.3229	36.3226	36.3113	36.3065	36.2928	36.2756	36.2618	36.2541	36.2418	36.2411	36.2328	36.225	36.2093	36.1955	36.1853	36.1637	36.1725	36.1556	36.1375	36.1294	36.1319	36.1311	36.1089	36.1019	36.0855	36.0921	36.0966	36.0852	36.0739	36.0637	36.0263	35.9961	35.9931	36.0202	35.9682	35.9793	35.9955	35.9893	35.9552	35.9226	35.9009	35.9266	35.8988	35.8872	35.8686	35.892	35.8718	35.8557	35.8309	35.8589	35.8382	35.822	35.8257	35.816	35.8061	35.7807	35.763	35.7377	35.728	35.7233	35.7393	35.7415	35.7009	35.6843	35.6723	35.6636	35.6965	35.6646	35.6798	35.6704	35.6427	35.6322	35.6233	35.6093	35.6025	35.6008	35.5576	35.5553	35.5259	35.5179	35.5085	35.5187	35.5391	35.5022	35.4669	35.4991	35.4879	35.4611	35.4159	35.44	35.4585	35.4334	35.4028	35.3838	35.388	35.3507	35.3181	35.388	35.3524	35.3345	35.2969	35.2746	35.287	35.2712	35.2236	35.2968	35.2304	35.2019	35.1633	35.2202	35.2125	35.1074	35.0465	35.1151	35.2313	35.2531	35.3467	36.2533
Sfa-ABas_002-Ex1-cssl	36.5436	36.5025	36.5275	36.5451	36.5682	36.5634	36.5457	36.5541	36.5379	36.5438	36.5364	36.5187	36.524	36.5127	36.4918	36.4957	36.4815	36.4834	36.4776	36.4683	36.4684	36.4484	36.4209	36.4124	36.3966	36.3617	36.3595	36.3596	36.3337	36.3213	36.3147	36.3123	36.3077	36.3061	36.2961	36.2873	36.2769	36.2587	36.2472	36.2358	36.2265	36.2237	36.2138	36.2098	36.1916	36.1766	36.1657	36.1454	36.1558	36.1393	36.1211	36.1136	36.1172	36.114	36.0905	36.0848	36.0638	36.0713	36.0771	36.0685	36.0602	36.0477	36.0112	35.9803	35.9746	36.0032	35.9507	35.9611	35.98	35.97	35.9323	35.9085	35.8858	35.9059	35.8841	35.867	35.8514	35.8756	35.8512	35.8381	35.8147	35.8417	35.8225	35.8063	35.8102	35.7973	35.7881	35.7617	35.7436	35.7221	35.7147	35.701	35.72	35.7234	35.6863	35.6653	35.6553	35.6432	35.6766	35.6432	35.663	35.6529	35.6262	35.6149	35.6045	35.5955	35.5839	35.5852	35.5411	35.5383	35.5077	35.4989	35.488	35.4998	35.5228	35.4887	35.4571	35.4826	35.4733	35.4466	35.4061	35.4304	35.4466	35.4235	35.3894	35.3783	35.3781	35.3443	35.3136	35.3726	35.3478	35.3212	35.2911	35.2687	35.2815	35.2698	35.2219	35.2877	35.23	35.1988	35.1713	35.2189	35.2136	35.1109	35.0482	35.1198	35.2229	35.2551	35.3532	36.2464
Sfa-ABas_003-Ex1-cssl	36.5441	36.4971	36.5266	36.5438	36.5678	36.5614	36.5408	36.5482	36.5275	36.5339	36.5252	36.5099	36.5138	36.5063	36.4862	36.4888	36.4735	36.4738	36.4662	36.4597	36.4585	36.4391	36.4104	36.4016	36.3866	36.3513	36.3461	36.3464	36.323	36.3086	36.303	36.3005	36.2935	36.2921	36.2805	36.2713	36.2593	36.2404	36.2317	36.2233	36.216	36.2135	36.2058	36.1965	36.1721	36.1622	36.1446	36.1239	36.1356	36.1202	36.1086	36.1017	36.1047	36.1035	36.0759	36.0662	36.0446	36.048	36.0568	36.0461	36.0431	36.0362	36.0001	35.9691	35.9612	35.9859	35.9286	35.9355	35.9525	35.9465	35.917	35.8902	35.8696	35.8964	35.871	35.8491	35.8316	35.8487	35.8245	35.8084	35.789	35.819	35.8025	35.7918	35.7963	35.7832	35.7692	35.738	35.717	35.6914	35.6832	35.68	35.7007	35.7058	35.6706	35.6501	35.6358	35.6268	35.6531	35.6156	35.6361	35.6258	35.6021	35.594	35.5889	35.5754	35.562	35.561	35.5139	35.5038	35.4714	35.4642	35.4559	35.4722	35.4982	35.4624	35.4299	35.4547	35.4409	35.4099	35.3647	35.3861	35.407	35.3831	35.3559	35.337	35.3425	35.3035	35.2745	35.3404	35.3005	35.2704	35.2444	35.2202	35.2283	35.2148	35.1729	35.2396	35.1828	35.1479	35.1069	35.1593	35.1461	35.0352	34.9762	35.0565	35.17	35.193	35.2899	36.2238
Sfa-ABas_004-Ex1-cssl	36.5548	36.5044	36.5354	36.5489	36.5734	36.5668	36.5494	36.5562	36.538	36.5462	36.5394	36.5213	36.5232	36.5117	36.4914	36.496	36.4803	36.4824	36.4749	36.4688	36.4665	36.4481	36.4188	36.4102	36.3952	36.3582	36.353	36.3545	36.3294	36.3152	36.3092	36.3038	36.2994	36.2981	36.2876	36.2785	36.267	36.25	36.2351	36.2269	36.2152	36.2113	36.2051	36.1976	36.1774	36.1621	36.1498	36.1297	36.1392	36.1205	36.1011	36.0973	36.0972	36.0948	36.0692	36.0627	36.0424	36.0525	36.0574	36.0473	36.0372	36.0273	35.9834	35.9557	35.9491	35.9726	35.9251	35.9308	35.9507	35.9418	35.905	35.8766	35.8496	35.8769	35.8506	35.8327	35.8153	35.8399	35.8132	35.7973	35.7734	35.8059	35.7845	35.765	35.7678	35.7558	35.7484	35.7175	35.6988	35.6728	35.6631	35.6524	35.6709	35.6748	35.6326	35.6072	35.5993	35.5854	35.6201	35.5832	35.5999	35.5903	35.5635	35.5534	35.5448	35.5271	35.5154	35.5124	35.4721	35.4652	35.4272	35.4233	35.4116	35.4233	35.4485	35.4094	35.3715	35.4014	35.3889	35.3615	35.3102	35.3328	35.3546	35.3279	35.2938	35.2682	35.2673	35.2326	35.2031	35.2707	35.2312	35.2093	35.17	35.142	35.1607	35.1389	35.0875	35.1593	35.0904	35.0565	35.0229	35.0712	35.0726	34.951	34.882	34.9593	35.0667	35.1013	35.2023	36.19
Sfa-ABas_005-Ex1-cssl	36.5485	36.5004	36.5318	36.549	36.5726	36.5688	36.5481	36.5537	36.5335	36.5375	36.5331	36.5185	36.5229	36.5126	36.4921	36.4934	36.4781	36.4795	36.4723	36.4644	36.4616	36.4421	36.413	36.4074	36.3875	36.3498	36.3474	36.3489	36.3241	36.308	36.3035	36.3018	36.2948	36.2912	36.2787	36.2688	36.2533	36.2386	36.2265	36.2187	36.2112	36.2103	36.2008	36.189	36.1672	36.1497	36.1373	36.1142	36.1284	36.1114	36.0969	36.091	36.0929	36.0945	36.0654	36.0561	36.032	36.0357	36.0444	36.032	36.0309	36.0218	35.983	35.9543	35.9466	35.972	35.913	35.9208	35.9394	35.9346	35.8987	35.8739	35.8518	35.8802	35.8558	35.8352	35.8158	35.8328	35.8101	35.7884	35.771	35.8053	35.7847	35.7742	35.7772	35.7605	35.748	35.7181	35.6944	35.6653	35.6621	35.6521	35.6784	35.6853	35.6449	35.6224	35.6141	35.5937	35.6271	35.5874	35.6036	35.5962	35.5716	35.5666	35.5585	35.5443	35.5327	35.5306	35.4841	35.4747	35.4409	35.4338	35.4256	35.44	35.4673	35.4315	35.4012	35.4271	35.4083	35.3823	35.3318	35.3587	35.3805	35.3531	35.3248	35.3007	35.303	35.2717	35.2344	35.3027	35.2597	35.24	35.2038	35.1805	35.1966	35.1835	35.137	35.2117	35.1448	35.104	35.0644	35.1172	35.1137	34.9985	34.9259	35.0137	35.1289	35.1666	35.2595	36.2132
Sfa-ABas_006-Ex1-cssl	36.5561	36.5106	36.5411	36.5553	36.5774	36.5748	36.5561	36.5645	36.5448	36.5497	36.5432	36.5269	36.5283	36.5199	36.4967	36.4998	36.4857	36.4881	36.4821	36.4736	36.4742	36.4519	36.4245	36.4155	36.3988	36.3627	36.3587	36.3626	36.3361	36.3239	36.319	36.3124	36.3083	36.3068	36.2947	36.2857	36.2728	36.2561	36.2464	36.2356	36.2253	36.2232	36.2155	36.2073	36.1859	36.1686	36.1552	36.1367	36.1469	36.1324	36.1146	36.1077	36.112	36.1134	36.0845	36.0761	36.0535	36.0592	36.0696	36.0571	36.0504	36.0408	36.0071	35.9728	35.9679	35.9949	35.9389	35.9485	35.9671	35.9551	35.9212	35.896	35.8744	35.8976	35.8741	35.8559	35.8392	35.8561	35.8362	35.815	35.7975	35.825	35.8074	35.7893	35.7974	35.781	35.7699	35.7402	35.7193	35.6968	35.6854	35.6798	35.6998	35.7005	35.6646	35.6443	35.633	35.6196	35.6543	35.6143	35.6326	35.6271	35.6012	35.5881	35.5779	35.5705	35.5554	35.5559	35.5077	35.5043	35.4646	35.4596	35.4485	35.4652	35.4858	35.4528	35.4149	35.4471	35.4331	35.4034	35.3574	35.3811	35.4041	35.381	35.344	35.3286	35.3326	35.2929	35.2584	35.3331	35.2918	35.2676	35.2323	35.2107	35.2237	35.2066	35.1655	35.2375	35.1703	35.1276	35.0891	35.1427	35.1367	35.0291	34.9654	35.0455	35.1543	35.1785	35.2822	36.222
Sfa-ABas_007-Ex1-cssl	36.5404	36.4973	36.5236	36.5391	36.5645	36.5599	36.5416	36.549	36.5325	36.5382	36.5307	36.5159	36.5178	36.5067	36.4882	36.4897	36.476	36.4761	36.4726	36.4634	36.4631	36.4416	36.4154	36.407	36.3935	36.3556	36.3512	36.3529	36.3282	36.3144	36.3085	36.3057	36.3014	36.3003	36.2895	36.2823	36.2709	36.2532	36.2414	36.2285	36.2225	36.2182	36.2089	36.2009	36.183	36.1705	36.1582	36.1359	36.1462	36.1286	36.113	36.1044	36.1058	36.1031	36.0797	36.0741	36.0562	36.0603	36.0694	36.0557	36.0469	36.0384	35.9984	35.9674	35.9624	35.9882	35.9392	35.9485	35.9656	35.9572	35.9183	35.8898	35.869	35.8878	35.8653	35.8455	35.8312	35.857	35.8319	35.8146	35.7862	35.8119	35.7956	35.782	35.7821	35.7718	35.7569	35.7333	35.7143	35.6904	35.6811	35.6713	35.6895	35.6897	35.6496	35.6249	35.6209	35.6087	35.6381	35.6058	35.628	35.615	35.5864	35.5804	35.5621	35.5498	35.5407	35.5409	35.4967	35.4984	35.4597	35.4548	35.4439	35.4525	35.478	35.4406	35.4033	35.4364	35.4268	35.3994	35.356	35.3785	35.4003	35.3743	35.3449	35.3217	35.3233	35.2898	35.2569	35.3218	35.2912	35.2654	35.2285	35.2123	35.2192	35.2042	35.1586	35.2262	35.169	35.1323	35.0952	35.1537	35.155	35.0373	34.9731	35.0506	35.1572	35.184	35.2897	36.2222
Sfa-ABas_008-Ex1-cssl	36.5342	36.488	36.5155	36.5292	36.5525	36.5461	36.5298	36.5415	36.5253	36.5292	36.52	36.5052	36.5087	36.4956	36.4751	36.4769	36.4641	36.465	36.4619	36.4557	36.4534	36.4305	36.4062	36.3983	36.3826	36.3445	36.3443	36.3474	36.3221	36.309	36.3015	36.2998	36.2959	36.2943	36.2841	36.2737	36.2662	36.2468	36.24	36.2262	36.2189	36.2159	36.207	36.2015	36.1786	36.1666	36.155	36.1355	36.1439	36.129	36.1135	36.1054	36.1098	36.1082	36.0805	36.0738	36.0569	36.0615	36.0716	36.0564	36.0501	36.0374	36.0051	35.9752	35.9661	35.9905	35.9401	35.9538	35.9714	35.9617	35.923	35.8951	35.87	35.8956	35.8678	35.8479	35.8371	35.8602	35.8335	35.819	35.7949	35.8238	35.8019	35.7871	35.7858	35.7742	35.7642	35.7374	35.7169	35.6905	35.6785	35.6728	35.6949	35.6948	35.6542	35.6277	35.6257	35.6123	35.6481	35.6048	35.6289	35.6181	35.5907	35.5787	35.5694	35.5563	35.5436	35.5469	35.4993	35.4966	35.4604	35.4636	35.4442	35.454	35.4818	35.4484	35.4099	35.437	35.4275	35.402	35.3522	35.3801	35.3972	35.377	35.3415	35.3256	35.3275	35.2952	35.2662	35.3305	35.2999	35.2782	35.2387	35.2242	35.2297	35.2114	35.1749	35.2434	35.1784	35.1474	35.1183	35.1732	35.1692	35.0595	34.9937	35.0702	35.1799	35.2007	35.3017	36.2273
Sfa-ABas_009-Ex1-cssl	36.5476	36.4989	36.526	36.5433	36.5654	36.5613	36.5444	36.5524	36.5359	36.5405	36.5366	36.5198	36.5233	36.513	36.4902	36.4917	36.4807	36.4818	36.4744	36.4696	36.4676	36.4476	36.4199	36.4148	36.4	36.3637	36.3597	36.3622	36.336	36.3242	36.3169	36.3138	36.3111	36.3099	36.2987	36.2898	36.2798	36.2596	36.25	36.2397	36.2301	36.2276	36.2155	36.2096	36.191	36.1762	36.1644	36.1451	36.1507	36.1354	36.117	36.108	36.1112	36.1091	36.0844	36.078	36.0589	36.0628	36.0723	36.0566	36.0488	36.0376	35.9994	35.9677	35.9606	35.9869	35.9305	35.9451	35.9636	35.9531	35.9145	35.8863	35.8572	35.8779	35.8554	35.8382	35.8238	35.8466	35.8232	35.8061	35.7799	35.8044	35.7879	35.7665	35.7654	35.7536	35.7372	35.7033	35.6855	35.6544	35.6399	35.6237	35.6375	35.6278	35.5818	35.5542	35.541	35.5194	35.5505	35.5068	35.5272	35.5102	35.4729	35.4561	35.4413	35.4272	35.4091	35.4052	35.3583	35.3555	35.3222	35.3105	35.2913	35.3055	35.3157	35.2816	35.2465	35.2684	35.2591	35.2332	35.1904	35.2159	35.2333	35.2026	35.1687	35.1482	35.1448	35.1173	35.0869	35.1539	35.1144	35.0883	35.0561	35.0304	35.0396	35.0231	34.9787	35.0467	34.9848	34.9474	34.9207	34.973	34.9622	34.8648	34.7954	34.8799	34.9794	35.0158	35.1347	36.1934
Sfa-ABas_010-Ex1-cssl	36.5381	36.4864	36.5177	36.5333	36.5573	36.5505	36.5335	36.5412	36.5241	36.5295	36.5206	36.5026	36.5068	36.497	36.4755	36.4799	36.4643	36.4658	36.4594	36.4534	36.4504	36.4318	36.3998	36.3923	36.3781	36.3395	36.3357	36.3373	36.3136	36.2978	36.2901	36.2855	36.2797	36.2777	36.2664	36.2614	36.249	36.2315	36.2187	36.2079	36.1961	36.1905	36.1827	36.1751	36.1607	36.1445	36.1339	36.1088	36.1162	36.0996	36.078	36.0709	36.0707	36.0715	36.0467	36.0399	36.017	36.0265	36.0331	36.0188	36.0101	35.9976	35.9546	35.9244	35.9193	35.9467	35.8933	35.9049	35.9228	35.9113	35.8743	35.8433	35.8169	35.8412	35.8161	35.7976	35.784	35.8053	35.78	35.7652	35.7388	35.7658	35.7424	35.723	35.7289	35.708	35.6938	35.6632	35.6411	35.6101	35.5937	35.5779	35.5935	35.5882	35.5448	35.5129	35.4963	35.4819	35.5091	35.4733	35.485	35.4716	35.4384	35.4251	35.4116	35.395	35.3794	35.3751	35.3292	35.3191	35.2877	35.2805	35.2637	35.27	35.291	35.2564	35.2156	35.251	35.2332	35.2039	35.1584	35.1811	35.2	35.1724	35.1366	35.1169	35.1106	35.0738	35.044	35.1024	35.0751	35.0623	35.0163	34.9889	35.0062	34.9877	34.9375	35.0046	34.9501	34.9076	34.8746	34.9317	34.9181	34.8104	34.7462	34.8212	34.9336	34.9613	35.0765	36.1638
Sfa-ABas_013-Ex1-cssl	36.5455	36.5034	36.5298	36.546	36.5698	36.5651	36.548	36.5549	36.5417	36.5459	36.5402	36.5222	36.5231	36.5143	36.4909	36.4942	36.4832	36.4836	36.4775	36.4706	36.4686	36.4488	36.4207	36.4149	36.4005	36.3633	36.3589	36.3608	36.3373	36.3245	36.3161	36.3134	36.3089	36.3054	36.3	36.2886	36.2791	36.2612	36.2508	36.2385	36.2309	36.228	36.2176	36.2135	36.1928	36.1821	36.1701	36.1479	36.1564	36.143	36.124	36.1179	36.1228	36.1193	36.0953	36.0892	36.0711	36.0774	36.0837	36.0737	36.0649	36.0527	36.0177	35.9883	35.9854	36.0074	35.9584	35.9696	35.9845	35.9785	35.9433	35.9152	35.8917	35.9162	35.892	35.8759	35.8632	35.8843	35.8605	35.8433	35.8216	35.851	35.8319	35.8156	35.8161	35.8053	35.7957	35.7701	35.7516	35.7286	35.72	35.712	35.7314	35.7348	35.6962	35.6701	35.6676	35.6513	35.688	35.6543	35.6691	35.6623	35.6317	35.6279	35.6124	35.6032	35.5941	35.5947	35.5474	35.5494	35.5155	35.5095	35.4955	35.5116	35.532	35.4989	35.4633	35.4926	35.4781	35.4571	35.4123	35.4375	35.4558	35.4325	35.4067	35.3834	35.38	35.3512	35.3228	35.3944	35.3527	35.3348	35.3042	35.2751	35.2882	35.2742	35.2306	35.2966	35.2403	35.2102	35.1784	35.2276	35.2186	35.1139	35.0602	35.1238	35.2356	35.2503	35.3488	36.246
Sfa-ABas_014-Ex1-cssl	36.5415	36.4987	36.5283	36.5459	36.571	36.5652	36.5465	36.5555	36.5355	36.5387	36.535	36.5177	36.5224	36.514	36.4933	36.4942	36.4805	36.4835	36.4775	36.4734	36.4707	36.4464	36.4229	36.415	36.3992	36.3643	36.3617	36.3645	36.3395	36.3288	36.3223	36.3194	36.3141	36.3097	36.2989	36.2871	36.28	36.2617	36.2557	36.244	36.2382	36.2375	36.2287	36.2179	36.195	36.1793	36.1717	36.1458	36.1599	36.1461	36.1332	36.1307	36.1302	36.1286	36.1002	36.0936	36.0729	36.0727	36.0835	36.0706	36.0678	36.0616	36.0271	35.9955	35.9897	36.0112	35.9547	35.9668	35.9867	35.9742	35.937	35.9186	35.8989	35.9259	35.895	35.8778	35.8628	35.8813	35.8559	35.8414	35.8197	35.8488	35.8377	35.8238	35.8249	35.8135	35.7993	35.7692	35.7502	35.7267	35.7163	35.7124	35.7357	35.7401	35.7005	35.6797	35.671	35.6593	35.6882	35.6463	35.6669	35.653	35.6344	35.6268	35.6147	35.6136	35.6015	35.5963	35.5475	35.5471	35.5121	35.5069	35.4915	35.5119	35.54	35.5103	35.4755	35.4999	35.4866	35.4607	35.4175	35.4382	35.453	35.4269	35.4067	35.3928	35.3879	35.3662	35.3368	35.3916	35.3592	35.3366	35.3087	35.2835	35.2996	35.2844	35.2421	35.311	35.2481	35.2176	35.1905	35.2324	35.2341	35.1316	35.0745	35.1428	35.254	35.2746	35.3769	36.2601
Sfa-ABas_016-Ex1-cssl	36.5491	36.511	36.5352	36.5508	36.5754	36.5731	36.5562	36.5627	36.5471	36.5511	36.5445	36.5313	36.5345	36.5245	36.5039	36.5043	36.4904	36.4929	36.4878	36.481	36.4782	36.459	36.4318	36.4246	36.4111	36.3763	36.3717	36.3742	36.3494	36.3346	36.3274	36.3252	36.321	36.3183	36.311	36.2991	36.2891	36.2711	36.2631	36.2474	36.2406	36.2375	36.2269	36.2213	36.2003	36.1885	36.1793	36.1562	36.1657	36.1498	36.1345	36.1256	36.1256	36.125	36.0997	36.0942	36.079	36.0825	36.0907	36.0789	36.0705	36.0582	36.0233	35.9919	35.9853	36.0131	35.9615	35.9695	35.9899	35.9808	35.9444	35.9169	35.892	35.9131	35.8874	35.8727	35.8572	35.8815	35.8545	35.8416	35.815	35.8443	35.8232	35.807	35.8076	35.7951	35.7866	35.7577	35.741	35.7189	35.7095	35.7009	35.7162	35.7191	35.6786	35.6539	35.6482	35.6369	35.6716	35.6348	35.6551	35.6426	35.619	35.6086	35.5961	35.585	35.5715	35.571	35.527	35.5215	35.4926	35.4867	35.4761	35.4855	35.5099	35.4772	35.4411	35.4707	35.4617	35.4363	35.3887	35.4169	35.4312	35.4101	35.3771	35.3589	35.3601	35.3276	35.2945	35.3588	35.3252	35.3092	35.2763	35.2539	35.2667	35.2527	35.2109	35.2767	35.2196	35.1859	35.1506	35.2083	35.2054	35.1021	35.0446	35.115	35.2179	35.2426	35.3427	36.2468
Sfa-ABas_017-Ex1-cssl	36.5458	36.5005	36.5281	36.544	36.5666	36.5637	36.545	36.5529	36.5354	36.5427	36.5335	36.5168	36.5193	36.5067	36.4871	36.4892	36.4766	36.4762	36.4731	36.4652	36.4623	36.4428	36.4133	36.4056	36.3902	36.3539	36.3516	36.3533	36.3286	36.3143	36.3082	36.3059	36.2995	36.2983	36.2882	36.2796	36.2704	36.2523	36.2404	36.2306	36.2211	36.2181	36.2088	36.2027	36.183	36.1721	36.157	36.1366	36.146	36.1304	36.1108	36.1077	36.1068	36.1071	36.0834	36.0773	36.0557	36.064	36.0704	36.0595	36.0498	36.041	36.0	35.9722	35.9665	35.9944	35.9419	35.9545	35.9696	35.9632	35.9243	35.8969	35.8739	35.8982	35.8745	35.8555	35.8417	35.8647	35.8422	35.8231	35.7985	35.8282	35.8078	35.7952	35.7948	35.7816	35.7737	35.745	35.7256	35.7056	35.693	35.6874	35.7022	35.7048	35.6648	35.6436	35.6367	35.623	35.6577	35.6224	35.6458	35.6297	35.6046	35.596	35.5864	35.5762	35.5612	35.5656	35.5198	35.5139	35.4846	35.4804	35.4701	35.4796	35.505	35.4709	35.4355	35.4641	35.4541	35.4268	35.3812	35.4065	35.429	35.4034	35.3719	35.3566	35.3563	35.3196	35.2893	35.3586	35.327	35.3015	35.2733	35.2478	35.263	35.2417	35.2011	35.2747	35.2087	35.1777	35.1432	35.1926	35.1849	35.0777	35.0179	35.0894	35.1918	35.2276	35.3232	36.2357
Sfa-ABas_018-Ex1-cssl	36.5492	36.5055	36.5305	36.5462	36.5705	36.5656	36.5489	36.5557	36.5388	36.5461	36.5403	36.5228	36.527	36.5162	36.4947	36.4974	36.4851	36.4858	36.4816	36.4751	36.4729	36.4545	36.4271	36.4185	36.4039	36.3701	36.365	36.3656	36.3428	36.3268	36.3223	36.3186	36.3128	36.314	36.3047	36.295	36.2865	36.267	36.2565	36.246	36.2382	36.2343	36.2249	36.2196	36.2031	36.1887	36.1764	36.1565	36.1675	36.1484	36.1327	36.1258	36.1265	36.1251	36.101	36.098	36.0769	36.0831	36.0918	36.0769	36.0705	36.0597	36.0225	35.9936	35.9886	36.0143	35.9617	35.9762	35.9918	35.9818	35.9477	35.9147	35.8919	35.9138	35.8917	35.8755	35.8615	35.8823	35.8611	35.843	35.8223	35.8461	35.8255	35.8111	35.8107	35.7985	35.7893	35.7594	35.7434	35.7217	35.7113	35.7011	35.7154	35.7184	35.6765	35.6585	35.6478	35.6331	35.6696	35.6348	35.6557	35.6438	35.6152	35.6082	35.5978	35.5843	35.5721	35.5737	35.5298	35.5273	35.4932	35.4862	35.4759	35.4893	35.5058	35.4732	35.4358	35.4635	35.4555	35.4328	35.3875	35.4131	35.4371	35.4119	35.3776	35.3546	35.3614	35.3229	35.294	35.3556	35.3289	35.3082	35.2732	35.2504	35.2584	35.2455	35.2053	35.271	35.2104	35.1744	35.1385	35.1959	35.1908	35.0808	35.0145	35.0954	35.2036	35.2256	35.3254	36.2351
Sfa-ABas_019-Ex1-cssl	36.5351	36.4943	36.5171	36.5341	36.5575	36.5524	36.5366	36.5427	36.5295	36.5323	36.5236	36.5092	36.5125	36.5036	36.4795	36.4824	36.4691	36.4702	36.4662	36.458	36.4556	36.4364	36.4078	36.4009	36.3861	36.3471	36.3428	36.3456	36.3206	36.3059	36.3019	36.3	36.294	36.2905	36.2822	36.274	36.2626	36.2449	36.231	36.2231	36.2122	36.2091	36.1999	36.1957	36.1772	36.1618	36.1518	36.1292	36.1388	36.1254	36.104	36.0982	36.0987	36.0994	36.0769	36.0674	36.0504	36.057	36.0606	36.0498	36.0414	36.0329	35.9915	35.9635	35.9564	35.9841	35.9342	35.9461	35.9644	35.9535	35.9183	35.8877	35.8648	35.887	35.8637	35.8473	35.8302	35.8551	35.8325	35.8124	35.7928	35.8163	35.797	35.7818	35.7843	35.7701	35.763	35.7349	35.7151	35.6927	35.6822	35.6722	35.6919	35.6932	35.6521	35.6284	35.6225	35.6086	35.6472	35.608	35.6307	35.6179	35.5937	35.5825	35.5681	35.557	35.5491	35.5457	35.5011	35.5013	35.4656	35.4616	35.4497	35.4609	35.4829	35.4486	35.4162	35.4412	35.4326	35.4074	35.365	35.3902	35.4009	35.3855	35.3506	35.3328	35.3288	35.2982	35.2633	35.3278	35.3038	35.2816	35.2474	35.2211	35.2363	35.2241	35.176	35.2435	35.1835	35.1512	35.1247	35.1762	35.1597	35.0555	34.9933	35.0754	35.1896	35.2143	35.3086	36.2283
Sfa-ABas_020-Ex1-cssl	36.5291	36.4853	36.5152	36.5296	36.5556	36.5493	36.5312	36.5391	36.5235	36.5232	36.5169	36.5032	36.5082	36.5005	36.4788	36.4786	36.4668	36.4683	36.4607	36.4581	36.4571	36.4358	36.4085	36.4045	36.3897	36.3542	36.3506	36.3527	36.3286	36.3174	36.3141	36.3125	36.3111	36.3095	36.2975	36.2833	36.2759	36.2609	36.2532	36.2432	36.2408	36.237	36.2288	36.2185	36.1998	36.1845	36.17	36.1514	36.1654	36.1541	36.14	36.1381	36.1391	36.1368	36.1116	36.1013	36.0828	36.0831	36.0948	36.0853	36.082	36.0745	36.0426	36.0161	36.0046	36.0245	35.9701	35.9809	35.9989	35.9917	35.9586	35.9358	35.9179	35.9383	35.9119	35.8946	35.8752	35.8963	35.8701	35.852	35.8335	35.8659	35.8512	35.8375	35.8403	35.83	35.811	35.7829	35.7589	35.7347	35.7231	35.7225	35.7433	35.7527	35.7131	35.6816	35.683	35.6656	35.6973	35.6546	35.6797	35.6686	35.6445	35.6427	35.6331	35.6249	35.6113	35.6098	35.5585	35.559	35.5219	35.5154	35.5082	35.5255	35.5522	35.5278	35.4877	35.5195	35.5099	35.4812	35.4363	35.4628	35.4794	35.4601	35.4334	35.4104	35.415	35.3939	35.3574	35.4184	35.3856	35.3545	35.3295	35.322	35.3302	35.3186	35.2823	35.3458	35.2838	35.2625	35.2201	35.274	35.2728	35.1706	35.1101	35.193	35.2916	35.302	35.3942	36.2593
Sfa-ABas_021-Ex1-cssl	36.5338	36.4864	36.5149	36.5322	36.5567	36.5492	36.5325	36.5412	36.5217	36.5296	36.5214	36.5026	36.5059	36.4959	36.4741	36.48	36.4624	36.4647	36.4583	36.4525	36.4512	36.4305	36.4041	36.3896	36.3788	36.3384	36.336	36.3392	36.3129	36.2953	36.2935	36.2882	36.2818	36.2805	36.2671	36.2634	36.2489	36.2314	36.2193	36.2097	36.2021	36.1957	36.1847	36.1766	36.1596	36.1447	36.1332	36.108	36.1223	36.1047	36.0826	36.0731	36.0771	36.0785	36.0526	36.0448	36.0235	36.0323	36.0391	36.0261	36.017	36.0087	35.9589	35.9302	35.9268	35.9488	35.9001	35.9084	35.9292	35.914	35.8788	35.8445	35.8227	35.8495	35.821	35.804	35.7852	35.813	35.7835	35.7651	35.7424	35.7705	35.7516	35.7301	35.7303	35.7149	35.6956	35.665	35.6435	35.6135	35.5963	35.5813	35.589	35.5887	35.5373	35.5093	35.4953	35.478	35.5049	35.4649	35.4757	35.4574	35.4312	35.4146	35.3926	35.3796	35.3638	35.3657	35.3127	35.3163	35.2788	35.2678	35.2506	35.2626	35.2806	35.2492	35.207	35.2421	35.2263	35.1966	35.1619	35.1743	35.1898	35.1719	35.1314	35.0999	35.1057	35.0725	35.0428	35.1045	35.0754	35.0444	35.0163	35.0003	35.0042	34.9806	34.9413	35.0124	34.9543	34.9186	34.8836	34.9521	34.9261	34.8225	34.7546	34.8365	34.9356	34.9693	35.0993	36.1714
Sfa-ABas_022-Ex1-cssl	36.5353	36.4873	36.5188	36.5342	36.5602	36.5521	36.5321	36.5409	36.5188	36.5245	36.5194	36.5039	36.508	36.499	36.4779	36.4789	36.4619	36.4647	36.458	36.4517	36.4491	36.4302	36.3993	36.3927	36.3756	36.3408	36.3343	36.3409	36.3143	36.3002	36.2943	36.2928	36.2868	36.2853	36.2722	36.2651	36.25	36.2325	36.2231	36.2151	36.2067	36.2074	36.1942	36.1885	36.1643	36.149	36.1333	36.1117	36.1248	36.1089	36.0954	36.0923	36.0917	36.0886	36.0623	36.0519	36.0286	36.0338	36.0415	36.0312	36.0244	36.0203	35.9789	35.9467	35.9377	35.9634	35.9057	35.9139	35.9328	35.9228	35.8879	35.8657	35.8427	35.8711	35.8427	35.8224	35.8032	35.8231	35.7964	35.7732	35.7582	35.7876	35.7683	35.7552	35.7586	35.7409	35.7242	35.6866	35.6625	35.628	35.6167	35.6088	35.6234	35.6223	35.5752	35.5486	35.5326	35.512	35.542	35.4988	35.5102	35.4952	35.4651	35.454	35.4413	35.4306	35.418	35.4174	35.3624	35.3566	35.3189	35.3091	35.2968	35.3092	35.3289	35.2997	35.2597	35.2903	35.2694	35.2446	35.1972	35.2185	35.2349	35.2085	35.1793	35.1603	35.1656	35.1282	35.0981	35.1668	35.131	35.1	35.066	35.0391	35.0588	35.0403	34.9956	35.0704	35.0137	34.9706	34.9402	34.9881	34.9818	34.8742	34.8071	34.8864	34.9986	35.0213	35.1335	36.1847
Sfa-ABas_023-Ex1-cssl	36.5451	36.5015	36.5267	36.5415	36.5641	36.555	36.5362	36.5464	36.53	36.5361	36.5279	36.5121	36.5152	36.5049	36.4807	36.4818	36.47	36.4715	36.4665	36.4622	36.4611	36.4379	36.41	36.403	36.3888	36.3502	36.3454	36.3499	36.3243	36.3112	36.3088	36.3031	36.2983	36.2977	36.2827	36.2719	36.2647	36.2437	36.2375	36.2252	36.2182	36.2165	36.2057	36.1975	36.1717	36.1605	36.1447	36.1215	36.1308	36.1183	36.1044	36.0962	36.0987	36.0949	36.0678	36.0592	36.0368	36.0354	36.0491	36.0331	36.0293	36.0199	35.9843	35.95	35.9421	35.964	35.9115	35.9232	35.9429	35.9272	35.8913	35.8633	35.8396	35.8641	35.8355	35.8167	35.8003	35.8237	35.7936	35.7765	35.7532	35.7817	35.7635	35.7491	35.7467	35.7341	35.7143	35.6773	35.6552	35.6236	35.61	35.5949	35.6089	35.6044	35.5624	35.5358	35.5214	35.5019	35.5276	35.4795	35.5038	35.4861	35.451	35.4361	35.4172	35.4083	35.3906	35.3869	35.3402	35.3324	35.2886	35.2843	35.2691	35.279	35.2965	35.2668	35.2256	35.248	35.242	35.2167	35.1618	35.1917	35.2081	35.1807	35.1464	35.1321	35.1207	35.0975	35.0676	35.1225	35.0887	35.0537	35.0332	34.994	35.0083	34.9898	34.9455	35.0228	34.954	34.9242	34.8931	34.9484	34.9346	34.8315	34.7667	34.8403	34.9492	34.9838	35.1053	36.1774
Sfa-ABas_024-Ex1-cssl	36.5424	36.5026	36.5261	36.5419	36.5675	36.5606	36.5442	36.5519	36.5368	36.5418	36.5363	36.5207	36.5231	36.5132	36.4913	36.4928	36.4819	36.4825	36.4789	36.4722	36.4706	36.4501	36.4237	36.4182	36.4054	36.3667	36.3621	36.364	36.3401	36.326	36.3205	36.3189	36.3132	36.3132	36.3005	36.2921	36.2837	36.2655	36.2531	36.2417	36.2329	36.2297	36.2222	36.2141	36.1924	36.1802	36.1709	36.1494	36.1599	36.143	36.1232	36.1201	36.1193	36.1181	36.094	36.0891	36.0698	36.0696	36.0834	36.0684	36.0608	36.048	36.0104	35.9807	35.9711	36.0003	35.9495	35.9618	35.9792	35.9704	35.932	35.9041	35.8766	35.898	35.8744	35.8574	35.8394	35.8655	35.8411	35.823	35.8007	35.8249	35.8051	35.7885	35.7918	35.7746	35.767	35.7376	35.7191	35.695	35.6839	35.6775	35.6949	35.6952	35.6559	35.624	35.6216	35.6086	35.6464	35.6132	35.6306	35.6155	35.5856	35.5805	35.5643	35.5549	35.5411	35.5388	35.4952	35.4952	35.4592	35.4581	35.442	35.4536	35.4806	35.4461	35.4031	35.4346	35.425	35.3979	35.3555	35.3781	35.3993	35.3748	35.3404	35.3215	35.3214	35.2908	35.2611	35.3259	35.2903	35.2728	35.2409	35.2168	35.229	35.2156	35.1654	35.2418	35.1744	35.147	35.1119	35.1644	35.166	35.0547	34.9963	35.0686	35.1713	35.2001	35.3094	36.2275
Sfa-ABas_025-Ex1-cssl	36.5458	36.5047	36.5302	36.5487	36.5722	36.5688	36.5501	36.5584	36.5406	36.5466	36.5399	36.5249	36.5291	36.5184	36.4959	36.5005	36.4845	36.4873	36.4807	36.4725	36.472	36.451	36.4213	36.4157	36.4016	36.3637	36.3587	36.361	36.3351	36.3206	36.3118	36.3092	36.3037	36.3034	36.2917	36.2802	36.2719	36.252	36.2447	36.2293	36.2183	36.2159	36.206	36.2	36.1789	36.1672	36.1557	36.1339	36.1453	36.127	36.1094	36.1018	36.1029	36.1018	36.0787	36.0731	36.0531	36.054	36.0689	36.0526	36.0467	36.0333	36.0009	35.9676	35.9617	35.9863	35.9358	35.9507	35.9703	35.9601	35.9217	35.8938	35.8699	35.8937	35.8722	35.8542	35.8381	35.8639	35.8428	35.8262	35.8012	35.8298	35.8144	35.7988	35.7992	35.7879	35.7803	35.7536	35.7356	35.7138	35.705	35.6956	35.7116	35.7135	35.6769	35.6542	35.6528	35.6338	35.673	35.6374	35.6558	35.6415	35.6209	35.6101	35.5941	35.5874	35.5718	35.5767	35.5313	35.5286	35.4946	35.4922	35.4738	35.4904	35.5179	35.4771	35.4462	35.4703	35.456	35.4365	35.3884	35.4153	35.4297	35.4049	35.3745	35.3525	35.3524	35.3231	35.2963	35.356	35.3182	35.3024	35.2671	35.2387	35.2493	35.2372	35.188	35.2546	35.1944	35.1578	35.1244	35.1764	35.1665	35.0641	35.0068	35.0725	35.1724	35.2154	35.3232	36.2426
Sfa-ABas_026-Ex1-cssl	36.5436	36.4975	36.5279	36.5422	36.5667	36.5606	36.5413	36.5521	36.535	36.5413	36.5323	36.5154	36.5181	36.5065	36.4855	36.4883	36.4748	36.4759	36.4704	36.4637	36.4607	36.4387	36.4138	36.4044	36.3904	36.3522	36.3481	36.3479	36.3263	36.3117	36.304	36.301	36.2947	36.2957	36.2854	36.2754	36.265	36.2484	36.2369	36.225	36.2154	36.2135	36.2065	36.1964	36.1774	36.1651	36.1553	36.1339	36.1424	36.1254	36.11	36.1024	36.1038	36.1045	36.079	36.0732	36.0536	36.0609	36.0685	36.0549	36.0474	36.0369	35.9983	35.9706	35.9633	35.9893	35.9379	35.951	35.9655	35.9581	35.9206	35.896	35.8702	35.8948	35.8722	35.8536	35.8397	35.8594	35.8394	35.8205	35.7996	35.8246	35.8075	35.7897	35.7966	35.7829	35.7743	35.7443	35.7286	35.7038	35.6964	35.6893	35.7065	35.7091	35.6706	35.6458	35.642	35.629	35.6617	35.6232	35.6447	35.6352	35.6068	35.5977	35.5846	35.5724	35.5655	35.5655	35.5266	35.516	35.4866	35.4776	35.4666	35.4788	35.5026	35.467	35.4336	35.462	35.4524	35.4289	35.3816	35.4038	35.4251	35.4006	35.3689	35.3523	35.349	35.3146	35.2834	35.3484	35.3153	35.2992	35.2632	35.2382	35.2472	35.2337	35.1877	35.2543	35.1962	35.1635	35.1306	35.1844	35.1775	35.0707	35.0058	35.0884	35.1867	35.2183	35.3127	36.2356
Sfa-ABas_027-Ex1-cssl	36.5631	36.5187	36.5449	36.561	36.5841	36.5805	36.5621	36.5682	36.5532	36.56	36.5557	36.5357	36.5397	36.5286	36.509	36.512	36.4969	36.4997	36.4931	36.4863	36.4864	36.4663	36.4372	36.432	36.4157	36.3801	36.375	36.3785	36.3527	36.3407	36.332	36.3291	36.3229	36.3234	36.3135	36.306	36.2949	36.2745	36.2628	36.2532	36.2446	36.2397	36.2325	36.2259	36.207	36.1942	36.1798	36.1592	36.1672	36.1512	36.1334	36.1257	36.1251	36.1256	36.1037	36.096	36.0758	36.083	36.0888	36.0764	36.0633	36.0582	36.0183	35.9878	35.9815	36.0088	35.9583	35.9673	35.9849	35.9737	35.9383	35.9138	35.8889	35.9075	35.8858	35.871	35.8525	35.877	35.8554	35.8357	35.8119	35.8393	35.8167	35.8	35.8037	35.7933	35.7792	35.7547	35.7367	35.7099	35.7022	35.6941	35.7082	35.7108	35.6694	35.6469	35.6378	35.6234	35.6569	35.623	35.6438	35.6318	35.6057	35.5947	35.5806	35.5695	35.5587	35.5562	35.5121	35.5076	35.4738	35.4675	35.4543	35.4707	35.4938	35.4528	35.4155	35.4461	35.433	35.4063	35.3628	35.3905	35.407	35.3798	35.346	35.3295	35.3279	35.2866	35.2662	35.3316	35.2919	35.2747	35.2392	35.2167	35.2264	35.2078	35.1595	35.235	35.1724	35.1399	35.1048	35.1583	35.1452	35.0397	34.9722	35.0514	35.1653	35.187	35.285	36.2177
Sfa-ABas_028-Ex1-cssl	36.5432	36.5063	36.5285	36.5493	36.5715	36.5669	36.5504	36.5575	36.5397	36.5471	36.539	36.5246	36.5266	36.5157	36.4963	36.4989	36.4829	36.4848	36.4817	36.4746	36.4728	36.4513	36.4264	36.4178	36.4029	36.3679	36.3624	36.3649	36.3409	36.326	36.3195	36.3172	36.3135	36.3124	36.3015	36.2951	36.2842	36.2677	36.2544	36.2444	36.2347	36.2302	36.2226	36.2168	36.1982	36.1861	36.1722	36.1556	36.1618	36.1476	36.1276	36.122	36.1222	36.1213	36.0991	36.0942	36.0743	36.0811	36.0897	36.077	36.0673	36.0578	36.0188	35.9869	35.982	36.0093	35.9568	35.9685	35.9874	35.9802	35.9424	35.9141	35.8908	35.9114	35.8898	35.8701	35.8562	35.8786	35.8567	35.8397	35.8151	35.8423	35.8227	35.8046	35.8093	35.7997	35.7871	35.7612	35.742	35.7186	35.7113	35.6991	35.7199	35.721	35.6797	35.6545	35.6482	35.6366	35.6736	35.639	35.6565	35.644	35.617	35.6074	35.5968	35.5883	35.5754	35.5742	35.5287	35.5289	35.4962	35.4936	35.4785	35.4883	35.5102	35.4757	35.4435	35.4737	35.4604	35.4371	35.3952	35.4199	35.4383	35.4136	35.3832	35.3625	35.3692	35.3304	35.3006	35.3706	35.3339	35.3143	35.2822	35.2614	35.2708	35.2544	35.2106	35.2793	35.2176	35.1803	35.1545	35.2105	35.1994	35.0972	35.0343	35.0982	35.2086	35.234	35.3315	36.2387
Sfa-ABas_029-Ex1-cssl	36.5457	36.501	36.5278	36.545	36.5687	36.5634	36.545	36.5506	36.5321	36.5387	36.5298	36.5131	36.5194	36.5114	36.4905	36.4925	36.4751	36.4772	36.4702	36.4645	36.4625	36.4426	36.4164	36.4093	36.3914	36.3553	36.3499	36.352	36.3289	36.3184	36.3126	36.3115	36.3052	36.3044	36.2921	36.2799	36.269	36.2537	36.2469	36.2364	36.2288	36.2268	36.2178	36.2089	36.1858	36.1718	36.1584	36.1372	36.1487	36.1345	36.1227	36.1218	36.1236	36.1174	36.0898	36.0785	36.0608	36.0567	36.0714	36.0587	36.058	36.0502	36.0144	35.9855	35.9785	35.9992	35.9434	35.9519	35.9745	35.9659	35.9293	35.9028	35.8854	35.9108	35.8837	35.8619	35.8417	35.8671	35.839	35.8192	35.8021	35.8317	35.8204	35.8021	35.8099	35.7945	35.7791	35.7496	35.728	35.6993	35.6905	35.6858	35.7116	35.7194	35.6734	35.6489	35.6426	35.6289	35.6541	35.6199	35.6377	35.6273	35.6012	35.5987	35.5912	35.58	35.5668	35.5678	35.5148	35.5085	35.479	35.47	35.4527	35.4786	35.5002	35.4684	35.4356	35.4633	35.4493	35.4245	35.3756	35.3917	35.4165	35.3931	35.363	35.3509	35.3523	35.3239	35.2908	35.3471	35.3076	35.2911	35.2529	35.2377	35.2498	35.2316	35.1944	35.2645	35.1963	35.165	35.1267	35.1794	35.1663	35.0664	35.0009	35.0777	35.1866	35.2098	35.3112	36.2311
Sfa-ABas_030-Ex1-cssl	36.5386	36.4917	36.5227	36.5372	36.5597	36.5548	36.5371	36.5402	36.523	36.5307	36.5251	36.5062	36.507	36.4976	36.4746	36.4789	36.4624	36.4639	36.4567	36.4487	36.4484	36.4254	36.3947	36.3895	36.3716	36.3328	36.3283	36.3284	36.3024	36.2862	36.28	36.2749	36.2703	36.2679	36.2562	36.2466	36.235	36.2148	36.203	36.1931	36.1832	36.1784	36.1714	36.1609	36.1421	36.1269	36.112	36.0921	36.0989	36.0817	36.0618	36.0567	36.056	36.0535	36.0298	36.0235	36.0037	36.004	36.014	36.003	35.9941	35.9828	35.9445	35.9111	35.907	35.9352	35.8794	35.89	35.9097	35.8989	35.8643	35.8331	35.8088	35.8345	35.811	35.7907	35.7751	35.7983	35.7794	35.7575	35.7342	35.764	35.7409	35.7248	35.7289	35.7151	35.7048	35.6772	35.6543	35.6311	35.6223	35.6131	35.628	35.6335	35.5919	35.5688	35.5608	35.5477	35.5802	35.5509	35.567	35.5513	35.5291	35.522	35.507	35.4942	35.479	35.4768	35.4297	35.4296	35.3989	35.3911	35.3766	35.3916	35.4144	35.3772	35.3392	35.3665	35.3524	35.322	35.2795	35.3031	35.3196	35.2931	35.2552	35.2419	35.2304	35.204	35.1632	35.2372	35.1987	35.1812	35.1441	35.1099	35.1207	35.1107	35.0534	35.124	35.06	35.0212	34.9919	35.0422	35.0306	34.9157	34.8539	34.936	35.0519	35.0916	35.1987	36.1955
Sfa-ABas_031-Ex1-cssl	36.5216	36.486	36.5154	36.5257	36.5548	36.5484	36.5272	36.5326	36.5117	36.5181	36.5166	36.5007	36.5049	36.4978	36.4785	36.483	36.4694	36.4678	36.4627	36.4574	36.4568	36.4376	36.4113	36.4062	36.3892	36.355	36.3538	36.3539	36.3346	36.3224	36.3179	36.3159	36.3121	36.3091	36.3011	36.2962	36.2845	36.2674	36.2594	36.2553	36.2498	36.2488	36.2431	36.232	36.2179	36.2009	36.1883	36.1712	36.1832	36.1694	36.1567	36.1554	36.1579	36.1562	36.1343	36.1285	36.1055	36.1133	36.1225	36.1143	36.1104	36.1032	36.069	36.0438	36.0407	36.0627	36.0089	36.02	36.0333	36.0328	36.0011	35.9786	35.9656	35.9859	35.9693	35.9512	35.9337	35.9497	35.9297	35.9134	35.8968	35.9258	35.9103	35.901	35.9062	35.8945	35.886	35.8561	35.8359	35.8144	35.8083	35.802	35.8194	35.8262	35.7995	35.7798	35.7711	35.7546	35.7842	35.7558	35.7698	35.76	35.7406	35.7347	35.7335	35.7276	35.7166	35.7137	35.6767	35.6685	35.6351	35.6331	35.6228	35.6399	35.6671	35.6377	35.6087	35.6368	35.6234	35.6022	35.5619	35.5795	35.6017	35.5849	35.5534	35.5382	35.5479	35.5115	35.4923	35.5572	35.5258	35.5097	35.4725	35.4574	35.4706	35.4576	35.4322	35.5002	35.4503	35.4149	35.3849	35.4328	35.4245	35.324	35.2684	35.3466	35.451	35.4623	35.5112	36.2925
Sfa-ABas_032-Ex1-cssl	36.5468	36.5001	36.5276	36.5418	36.5649	36.5595	36.5399	36.5493	36.5308	36.5373	36.53	36.5135	36.5168	36.5034	36.4825	36.4852	36.4703	36.4718	36.4679	36.46	36.4592	36.4374	36.4099	36.4039	36.3868	36.3478	36.3478	36.3472	36.3226	36.3106	36.3067	36.3023	36.2979	36.2964	36.286	36.2736	36.2622	36.2455	36.2324	36.2248	36.2185	36.2138	36.2037	36.1985	36.1793	36.1636	36.1477	36.1292	36.1383	36.1252	36.1069	36.1021	36.1018	36.1031	36.0755	36.0676	36.0505	36.0504	36.0603	36.0492	36.0431	36.0348	35.9945	35.966	35.9596	35.983	35.9309	35.9398	35.9575	35.9502	35.9137	35.888	35.8666	35.8908	35.8677	35.8434	35.8274	35.8476	35.8255	35.8047	35.7843	35.8132	35.7938	35.7805	35.7843	35.7695	35.7564	35.7257	35.7069	35.6834	35.6726	35.664	35.6818	35.6879	35.6498	35.6253	35.6165	35.6011	35.6331	35.5949	35.6163	35.6061	35.5768	35.5681	35.5605	35.5424	35.5376	35.5351	35.4855	35.4887	35.4504	35.4379	35.432	35.4498	35.4739	35.4323	35.3991	35.4272	35.4151	35.3919	35.3408	35.3611	35.3866	35.3566	35.3204	35.3095	35.3105	35.2734	35.2475	35.3079	35.2783	35.254	35.2199	35.1971	35.2081	35.1915	35.1407	35.2108	35.1529	35.1179	35.0812	35.135	35.1289	35.0208	34.9612	35.0253	35.1507	35.1701	35.2729	36.2158
Sfa-ABas_033-Ex1-cssl	36.5433	36.498	36.5253	36.5388	36.5638	36.5584	36.539	36.5462	36.5271	36.5356	36.5281	36.5138	36.5132	36.5051	36.4829	36.4845	36.4714	36.4724	36.4676	36.4589	36.4558	36.437	36.4066	36.3995	36.3847	36.3458	36.3407	36.3413	36.3166	36.3026	36.2936	36.2889	36.282	36.2801	36.2701	36.2623	36.2497	36.2291	36.2174	36.2044	36.1937	36.1892	36.1809	36.1708	36.1533	36.1375	36.125	36.1037	36.1122	36.0911	36.0714	36.0623	36.063	36.0603	36.0374	36.0276	36.0083	36.0145	36.0201	36.0089	35.998	35.9834	35.9425	35.9103	35.9034	35.93	35.8765	35.8869	35.9037	35.8933	35.8573	35.8285	35.8004	35.8221	35.7961	35.7808	35.7648	35.7887	35.7647	35.7445	35.7195	35.746	35.7246	35.7058	35.7079	35.6901	35.6787	35.6467	35.6216	35.5977	35.582	35.5667	35.5737	35.571	35.5284	35.5006	35.4811	35.4631	35.494	35.4562	35.4669	35.4533	35.4218	35.4079	35.3902	35.3734	35.3615	35.3602	35.309	35.3038	35.2711	35.2631	35.2423	35.249	35.2729	35.2345	35.1937	35.2283	35.2093	35.1853	35.1367	35.1601	35.176	35.1496	35.11	35.0902	35.0869	35.0472	35.0194	35.0852	35.0443	35.0302	34.9915	34.9555	34.971	34.9496	34.9065	34.9754	34.9074	34.8739	34.8423	34.8896	34.875	34.7661	34.7029	34.7792	34.8927	34.9333	35.0564	36.1602
Sfa-ABas_034-Ex1-cssl	36.5321	36.4856	36.514	36.5294	36.5524	36.5466	36.5295	36.5377	36.5189	36.5241	36.5147	36.4986	36.4998	36.4882	36.4692	36.4705	36.4559	36.4582	36.4543	36.4439	36.4413	36.4222	36.3916	36.3843	36.3696	36.33	36.3264	36.3274	36.3016	36.2874	36.279	36.276	36.2692	36.2679	36.2589	36.2495	36.2396	36.2185	36.208	36.196	36.1857	36.1818	36.1724	36.1665	36.1461	36.1306	36.1154	36.095	36.1043	36.0848	36.0674	36.0587	36.0622	36.0601	36.0329	36.0236	36.0068	36.014	36.0188	36.0069	35.9965	35.9837	35.9444	35.9098	35.9054	35.9331	35.8801	35.8881	35.9066	35.8962	35.8616	35.8298	35.804	35.8298	35.8047	35.7847	35.768	35.791	35.7677	35.7485	35.7249	35.7536	35.7288	35.7123	35.7153	35.7004	35.6881	35.6527	35.6334	35.6059	35.5927	35.5796	35.591	35.5893	35.5487	35.5218	35.5066	35.4895	35.5182	35.4806	35.4973	35.4832	35.4522	35.4416	35.4258	35.4108	35.3986	35.3928	35.347	35.3431	35.3041	35.2954	35.289	35.2988	35.3183	35.2789	35.2459	35.2702	35.2587	35.2291	35.1849	35.2069	35.2269	35.1998	35.1646	35.1405	35.1475	35.1094	35.078	35.1397	35.1064	35.0901	35.0533	35.0238	35.0409	35.0239	34.9744	35.0454	34.9859	34.9507	34.9171	34.9714	34.9583	34.8562	34.7865	34.8658	34.9727	35.0098	35.1186	36.1777
Sfa-ABas_035-Ex1-cssl	36.5616	36.51	36.5376	36.5518	36.5755	36.5683	36.5508	36.5568	36.5386	36.5478	36.5446	36.5259	36.5293	36.5179	36.4955	36.501	36.4862	36.4891	36.4812	36.4766	36.473	36.4546	36.4278	36.4184	36.4066	36.3662	36.3621	36.3647	36.3391	36.3244	36.3193	36.3156	36.3115	36.3079	36.3001	36.29	36.2811	36.2633	36.2515	36.2386	36.2312	36.227	36.2195	36.2115	36.1935	36.1792	36.1698	36.1479	36.1573	36.1392	36.1192	36.1131	36.116	36.1115	36.0877	36.0827	36.0647	36.069	36.0769	36.0639	36.0543	36.0427	36.0065	35.975	35.9688	35.9945	35.9469	35.9538	35.9719	35.9634	35.9248	35.8934	35.8712	35.8915	35.8677	35.8545	35.8376	35.8579	35.8373	35.8171	35.7943	35.8168	35.7969	35.7849	35.7834	35.7694	35.7604	35.734	35.7125	35.6895	35.6791	35.6647	35.6851	35.6862	35.6434	35.6189	35.6126	35.6005	35.637	35.5948	35.6162	35.6071	35.5758	35.5653	35.5499	35.5387	35.528	35.5249	35.483	35.4798	35.4455	35.4396	35.4279	35.44	35.4606	35.424	35.3865	35.4159	35.4075	35.3772	35.3321	35.3614	35.3754	35.3534	35.317	35.2967	35.2996	35.2667	35.2279	35.2996	35.2618	35.2399	35.2092	35.1801	35.1923	35.172	35.1325	35.2022	35.1315	35.0939	35.0662	35.1211	35.1053	34.9987	34.9402	35.0125	35.1186	35.1534	35.2519	36.2047
Sfa-CBas_001-Ex1-cssl	36.4733	36.4721	36.5	36.5116	36.5443	36.5399	36.5205	36.5285	36.51	36.5165	36.5159	36.5019	36.5069	36.495	36.4744	36.4804	36.4663	36.4675	36.4662	36.4575	36.4594	36.4386	36.4139	36.407	36.3905	36.359	36.3546	36.3562	36.3344	36.3209	36.3164	36.3127	36.3086	36.3092	36.2986	36.2971	36.286	36.2661	36.2566	36.2489	36.241	36.2373	36.2277	36.2244	36.2092	36.1971	36.1859	36.1686	36.1757	36.1581	36.1413	36.1329	36.1383	36.1356	36.1151	36.1066	36.0886	36.0978	36.1023	36.096	36.0843	36.0742	36.0334	36.0074	36.0022	36.0312	35.983	35.9902	36.0065	36.0004	35.9693	35.9385	35.9206	35.9379	35.9156	35.9035	35.8813	35.9031	35.8868	35.8682	35.8493	35.8745	35.8507	35.84	35.8429	35.8325	35.8173	35.7896	35.7708	35.752	35.7418	35.736	35.747	35.7484	35.7152	35.6954	35.6817	35.673	35.7016	35.6676	35.6804	35.6767	35.6484	35.6402	35.6309	35.62	35.6054	35.6033	35.5608	35.5606	35.5298	35.5234	35.5131	35.5286	35.548	35.5138	35.4796	35.5081	35.4947	35.4758	35.4308	35.4561	35.4743	35.4538	35.4203	35.4123	35.41	35.3742	35.3481	35.4154	35.3836	35.3684	35.3325	35.3187	35.3248	35.3233	35.2805	35.3491	35.2975	35.2608	35.2372	35.2923	35.2852	35.1874	35.1312	35.2094	35.3167	35.34	35.42	36.2651
Sfa-CBas_002-Ex1-cssl	36.4988	36.4901	36.5181	36.5293	36.563	36.5576	36.5356	36.5424	36.5255	36.5314	36.5313	36.5194	36.5215	36.5107	36.4915	36.496	36.4842	36.4867	36.4825	36.4753	36.4742	36.4559	36.4309	36.424	36.4089	36.3787	36.3731	36.3747	36.3508	36.3385	36.3331	36.3328	36.3266	36.3268	36.3174	36.3167	36.302	36.2846	36.2745	36.2635	36.2576	36.2551	36.2458	36.2402	36.2262	36.212	36.2006	36.1808	36.19	36.1772	36.157	36.1514	36.1542	36.153	36.13	36.1236	36.1045	36.1156	36.1185	36.1098	36.1008	36.0906	36.0491	36.0196	36.0202	36.0457	35.9945	36.0056	36.0218	36.0133	35.9795	35.9511	35.9338	35.9561	35.9356	35.9203	35.8995	35.9229	35.9032	35.8875	35.8646	35.893	35.8689	35.8583	35.8603	35.8531	35.8378	35.811	35.7929	35.7757	35.7632	35.755	35.7669	35.7681	35.7332	35.7155	35.6988	35.6921	35.7206	35.6906	35.7016	35.6954	35.6691	35.662	35.6518	35.6386	35.6284	35.6276	35.5878	35.5854	35.5536	35.5497	35.5362	35.5486	35.5668	35.5393	35.5087	35.5361	35.5182	35.5046	35.4554	35.4827	35.5002	35.4805	35.4471	35.4358	35.4321	35.402	35.3743	35.4381	35.4071	35.3924	35.3572	35.3374	35.3488	35.3412	35.3002	35.3666	35.3155	35.2879	35.2615	35.3084	35.3051	35.2061	35.1524	35.2269	35.3295	35.3552	35.438	36.2732
Sfa-CBas_003-Ex1-cssl	36.4829	36.4781	36.5048	36.5178	36.5511	36.5463	36.526	36.5319	36.5164	36.521	36.5205	36.5091	36.5108	36.5002	36.4773	36.4848	36.4708	36.4732	36.4686	36.4583	36.4622	36.4416	36.4148	36.4077	36.3938	36.3592	36.3537	36.3565	36.3319	36.3202	36.3147	36.3106	36.3078	36.3061	36.2994	36.292	36.2789	36.2622	36.2531	36.2452	36.2368	36.2335	36.2263	36.2184	36.2033	36.1908	36.1778	36.1582	36.1673	36.1512	36.1336	36.1286	36.1323	36.128	36.1046	36.0984	36.0799	36.0879	36.0948	36.0843	36.0768	36.0673	36.0233	35.9943	35.9946	36.0202	35.9671	35.9813	35.994	35.9874	35.9567	35.9283	35.9089	35.9301	35.9073	35.8909	35.8737	35.895	35.8746	35.8548	35.8439	35.8687	35.8424	35.83	35.8348	35.8221	35.8106	35.7829	35.7678	35.7455	35.7359	35.7285	35.7398	35.7438	35.7064	35.6914	35.6726	35.6647	35.6941	35.6648	35.6793	35.6669	35.6468	35.6405	35.6214	35.6132	35.6011	35.6026	35.5595	35.5566	35.5233	35.5204	35.5059	35.5219	35.5455	35.5131	35.4794	35.5066	35.4948	35.4725	35.4278	35.455	35.4724	35.4519	35.417	35.4027	35.4054	35.3701	35.3399	35.4124	35.382	35.3615	35.3322	35.3121	35.3263	35.3184	35.2739	35.3395	35.2926	35.2559	35.2395	35.285	35.2803	35.1766	35.1275	35.1992	35.3114	35.3314	35.4142	36.2635
Sfa-CBas_006-Ex1-cssl	36.5122	36.4978	36.5248	36.5386	36.5734	36.5698	36.5521	36.5569	36.5401	36.5423	36.5435	36.5288	36.5367	36.5254	36.5062	36.5114	36.4951	36.498	36.4953	36.4882	36.4869	36.4689	36.4455	36.4351	36.4197	36.3887	36.3868	36.3852	36.3654	36.3534	36.3477	36.3501	36.3489	36.3419	36.333	36.3339	36.3188	36.3016	36.291	36.2849	36.2754	36.2787	36.2729	36.2701	36.2542	36.2361	36.2291	36.204	36.215	36.1945	36.1865	36.1813	36.1861	36.1913	36.168	36.1542	36.1389	36.1506	36.1515	36.1486	36.142	36.1318	36.0959	36.073	36.0709	36.0945	36.0469	36.0532	36.0644	36.058	36.0352	36.0055	35.988	36.0155	35.9954	35.9834	35.9602	35.9795	35.9609	35.9422	35.9256	35.9483	35.9339	35.9191	35.9251	35.9177	35.9043	35.8736	35.8504	35.8374	35.8243	35.8192	35.8353	35.8393	35.8095	35.7903	35.7734	35.7675	35.79	35.7659	35.7736	35.77	35.7473	35.7335	35.7239	35.7214	35.7092	35.7097	35.6659	35.6614	35.6285	35.6195	35.6174	35.6296	35.65	35.627	35.5886	35.625	35.6116	35.5848	35.5441	35.5642	35.5787	35.5669	35.53	35.5266	35.5245	35.486	35.465	35.5273	35.5042	35.4805	35.451	35.4294	35.4472	35.4352	35.3958	35.4645	35.4183	35.3886	35.3578	35.4088	35.4066	35.3104	35.2489	35.3189	35.4232	35.4447	35.5087	36.3
Sfa-CBas_007-Ex1-cssl	36.4881	36.4761	36.5065	36.518	36.5507	36.5456	36.5253	36.529	36.5133	36.5205	36.519	36.5051	36.5115	36.4991	36.4777	36.4834	36.4684	36.4713	36.4683	36.4582	36.4593	36.443	36.4125	36.4057	36.3898	36.3584	36.353	36.3547	36.3333	36.318	36.3139	36.3145	36.3051	36.3066	36.3013	36.2949	36.2821	36.2654	36.2547	36.243	36.2364	36.2324	36.2261	36.2176	36.2045	36.1905	36.1821	36.1589	36.1671	36.1496	36.1331	36.1294	36.1296	36.1289	36.1086	36.0997	36.0776	36.0934	36.0959	36.0929	36.0794	36.0723	36.0266	35.9997	35.9991	36.0228	35.9741	35.9841	36.0013	35.9957	35.9636	35.9329	35.9096	35.935	35.9113	35.8938	35.8787	35.8926	35.8831	35.8626	35.8439	35.8681	35.8493	35.8327	35.8386	35.8294	35.8136	35.7872	35.7699	35.7531	35.7399	35.7363	35.748	35.7461	35.7095	35.6903	35.6732	35.6635	35.6957	35.6653	35.6755	35.6707	35.6499	35.6415	35.6265	35.6156	35.6027	35.5962	35.5559	35.555	35.5218	35.5194	35.5057	35.5226	35.5412	35.5145	35.4754	35.503	35.4901	35.4673	35.4209	35.4513	35.4686	35.4464	35.4154	35.3992	35.4059	35.3656	35.3417	35.409	35.3765	35.3587	35.3278	35.3047	35.322	35.3094	35.2771	35.3391	35.2882	35.2579	35.225	35.2756	35.2733	35.1724	35.121	35.1851	35.3025	35.3207	35.398	36.2573
Sfa-CBas_008-Ex1-cssl	36.4888	36.476	36.5082	36.5195	36.5517	36.5462	36.5277	36.5355	36.5181	36.5219	36.5242	36.5101	36.5103	36.4979	36.4767	36.4842	36.4709	36.4756	36.4715	36.4618	36.4632	36.444	36.4168	36.406	36.3913	36.3578	36.3549	36.3579	36.3337	36.3249	36.316	36.3142	36.3085	36.3065	36.298	36.2956	36.2836	36.2666	36.2554	36.2473	36.2403	36.2365	36.2263	36.2216	36.2074	36.1928	36.1827	36.1586	36.1722	36.1569	36.1373	36.1342	36.1357	36.1308	36.1084	36.1046	36.0831	36.0951	36.0985	36.0909	36.0841	36.0738	36.0339	36.0017	36.0021	36.026	35.977	35.9871	36.0055	35.9945	35.9671	35.9387	35.9169	35.9357	35.9197	35.9022	35.8849	35.9062	35.8854	35.8691	35.8501	35.876	35.8546	35.841	35.8459	35.8349	35.8212	35.7924	35.7729	35.7549	35.7509	35.74	35.7516	35.7568	35.7178	35.6975	35.6846	35.6767	35.7089	35.6764	35.6851	35.6761	35.6589	35.65	35.6349	35.6298	35.6146	35.6145	35.5762	35.5664	35.5362	35.5309	35.5236	35.5348	35.5564	35.5244	35.4927	35.5213	35.5115	35.487	35.4428	35.4657	35.4848	35.4693	35.439	35.4199	35.4252	35.39	35.3585	35.425	35.4004	35.3788	35.3478	35.3239	35.3373	35.3319	35.2899	35.3578	35.3102	35.2735	35.2522	35.3027	35.2936	35.1984	35.1424	35.2134	35.3154	35.3434	35.4222	36.2649
Sfa-CBas_009-Ex1-cssl	36.5013	36.4946	36.5246	36.5368	36.5665	36.5628	36.5414	36.548	36.5308	36.5366	36.5381	36.5222	36.5277	36.515	36.4982	36.5019	36.4889	36.4909	36.4865	36.4788	36.4786	36.4589	36.4343	36.4269	36.4114	36.3789	36.3755	36.376	36.3537	36.341	36.3363	36.333	36.3265	36.3261	36.3184	36.3156	36.3022	36.2861	36.2739	36.2636	36.2605	36.2551	36.2439	36.2404	36.2261	36.2135	36.2009	36.1796	36.1891	36.1708	36.1531	36.1478	36.1505	36.1483	36.128	36.1212	36.1013	36.1113	36.1162	36.108	36.0963	36.0862	36.0423	36.0185	36.0175	36.0423	35.9921	36.0037	36.0211	36.0079	35.9782	35.9506	35.9283	35.9518	35.9314	35.9119	35.8952	35.9142	35.8954	35.8765	35.8588	35.884	35.8589	35.8455	35.853	35.8401	35.8288	35.8021	35.7815	35.7604	35.75	35.7455	35.7565	35.757	35.7251	35.704	35.6893	35.6783	35.712	35.677	35.6914	35.6794	35.6571	35.6473	35.6356	35.6291	35.6099	35.6148	35.5758	35.5681	35.5353	35.5337	35.5202	35.5328	35.5511	35.5214	35.4841	35.5135	35.497	35.4771	35.4344	35.4546	35.4761	35.4564	35.4296	35.4119	35.4092	35.3748	35.3476	35.414	35.3855	35.3689	35.3303	35.3097	35.3207	35.3137	35.2738	35.3439	35.2908	35.2609	35.2342	35.284	35.2793	35.1791	35.1228	35.2022	35.3005	35.3322	35.4106	36.2653
Sfa-CBas_010-Ex1-cssl	36.5071	36.4981	36.5275	36.5395	36.5698	36.5679	36.5476	36.5511	36.5354	36.5404	36.5428	36.5281	36.532	36.5205	36.4996	36.5057	36.4934	36.4938	36.4901	36.4819	36.4843	36.4646	36.4383	36.4315	36.4179	36.3854	36.383	36.383	36.3608	36.3469	36.3419	36.3411	36.3362	36.3327	36.3264	36.3202	36.3073	36.2903	36.2789	36.2692	36.2623	36.2619	36.2515	36.2469	36.2284	36.2154	36.2035	36.1834	36.192	36.1769	36.1573	36.1523	36.155	36.1542	36.1346	36.1246	36.105	36.1141	36.116	36.1094	36.0995	36.089	36.0521	36.0214	36.0206	36.0445	35.9911	36.0053	36.019	36.0111	35.9808	35.9529	35.9316	35.9522	35.9315	35.9139	35.8995	35.9191	35.8955	35.8781	35.861	35.8876	35.861	35.847	35.8523	35.8398	35.827	35.8012	35.7824	35.7609	35.7542	35.7444	35.7569	35.7583	35.7249	35.706	35.688	35.6785	35.7094	35.6817	35.6904	35.6832	35.6587	35.6488	35.639	35.6222	35.6105	35.612	35.569	35.5671	35.5376	35.528	35.517	35.5307	35.5515	35.5208	35.4845	35.5131	35.4987	35.4802	35.4344	35.4633	35.4778	35.4605	35.4262	35.4106	35.4142	35.3749	35.3506	35.4188	35.3887	35.3679	35.331	35.3107	35.33	35.3155	35.2778	35.3438	35.2928	35.2654	35.2373	35.2901	35.2806	35.1783	35.1227	35.2009	35.3022	35.3327	35.4144	36.2655
Sfa-CBas_014-Ex1-cssl	36.486	36.4781	36.5118	36.526	36.5578	36.5532	36.5317	36.5408	36.5236	36.532	36.5316	36.5185	36.5238	36.5121	36.4925	36.4997	36.4859	36.4885	36.4861	36.4764	36.4788	36.4614	36.4336	36.4276	36.4143	36.3809	36.378	36.3826	36.3575	36.3457	36.3419	36.3379	36.3348	36.3352	36.3286	36.3242	36.3122	36.2945	36.2851	36.275	36.2682	36.2658	36.2564	36.2502	36.2382	36.2221	36.2146	36.1927	36.2024	36.1855	36.1692	36.1634	36.1675	36.1659	36.1435	36.1376	36.118	36.1272	36.1328	36.1246	36.1154	36.106	36.0692	36.0394	36.0374	36.064	36.0116	36.025	36.0394	36.0301	35.9999	35.9717	35.953	35.9762	35.9577	35.938	35.9232	35.9413	35.9256	35.9071	35.8903	35.9141	35.8947	35.8796	35.8828	35.8751	35.8577	35.8333	35.8145	35.7983	35.792	35.7831	35.7942	35.7933	35.7614	35.7429	35.727	35.7195	35.7517	35.719	35.7313	35.7204	35.6987	35.6915	35.6774	35.6699	35.6568	35.6554	35.6189	35.6163	35.5831	35.5764	35.5687	35.5802	35.6018	35.5646	35.5365	35.5633	35.5481	35.5311	35.4872	35.5121	35.5307	35.5095	35.4807	35.4646	35.4602	35.4293	35.4068	35.4691	35.4416	35.421	35.3876	35.3652	35.3846	35.3731	35.3329	35.4006	35.3519	35.3235	35.2942	35.3464	35.3415	35.2421	35.1884	35.2637	35.3659	35.3906	35.4607	36.279
Sfa-CBas_015-Ex1-cssl	36.5074	36.4966	36.5244	36.5358	36.5667	36.5628	36.5417	36.5474	36.5308	36.5407	36.5379	36.5253	36.5298	36.5183	36.4972	36.5015	36.489	36.4919	36.4862	36.4797	36.4776	36.4607	36.4347	36.4279	36.4153	36.3824	36.38	36.3806	36.357	36.3461	36.3421	36.3388	36.3343	36.3325	36.3281	36.3224	36.3098	36.2929	36.2828	36.2724	36.2641	36.2655	36.2558	36.2516	36.2379	36.2221	36.2138	36.1926	36.2005	36.1863	36.1711	36.164	36.1667	36.1657	36.1431	36.1366	36.1202	36.1281	36.1339	36.1265	36.1135	36.1059	36.0644	36.0386	36.0366	36.0653	36.0104	36.0245	36.0415	36.0309	35.999	35.9705	35.9544	35.9764	35.9542	35.9398	35.9221	35.9438	35.9239	35.9068	35.8907	35.9142	35.8884	35.8771	35.8846	35.8719	35.8633	35.8342	35.8119	35.7954	35.7878	35.7787	35.7905	35.7908	35.7593	35.7389	35.7228	35.7128	35.7446	35.7161	35.7266	35.717	35.6991	35.6849	35.6721	35.6619	35.6522	35.6489	35.6177	35.6078	35.5783	35.5734	35.5651	35.5725	35.5975	35.5678	35.5339	35.5614	35.5473	35.5285	35.4806	35.5081	35.5266	35.5026	35.4713	35.4615	35.4602	35.4243	35.4039	35.4633	35.4352	35.4151	35.3835	35.3591	35.3735	35.3689	35.3284	35.4023	35.346	35.3123	35.2879	35.3385	35.3298	35.235	35.1863	35.2502	35.3605	35.3761	35.4463	36.2764
Sfa-CBas_016-Ex1-cssl	36.4834	36.4807	36.5133	36.5278	36.5621	36.5565	36.5362	36.5488	36.5312	36.5359	36.5353	36.5237	36.5295	36.5171	36.4982	36.5023	36.4872	36.4913	36.4891	36.4812	36.4792	36.4616	36.4365	36.4256	36.4134	36.384	36.381	36.3796	36.3574	36.3437	36.3387	36.3395	36.334	36.335	36.3246	36.3222	36.307	36.2926	36.2797	36.2722	36.2654	36.2608	36.2557	36.2482	36.2362	36.2218	36.2131	36.1918	36.2029	36.1829	36.1648	36.1629	36.1665	36.1625	36.1394	36.1352	36.1149	36.131	36.1317	36.1248	36.1159	36.1027	36.0635	36.0327	36.0317	36.0594	36.0111	36.0214	36.0377	36.0293	35.9967	35.9668	35.9433	35.9723	35.9506	35.9297	35.9158	35.9368	35.9216	35.9	35.8849	35.9086	35.8857	35.8725	35.8778	35.8676	35.857	35.8292	35.8122	35.7888	35.7786	35.7719	35.7862	35.784	35.7505	35.7302	35.7197	35.7074	35.7376	35.7096	35.722	35.7156	35.6883	35.6837	35.6723	35.6608	35.6498	35.6498	35.6044	35.6027	35.5705	35.566	35.5582	35.5681	35.5876	35.5563	35.5182	35.5477	35.5346	35.515	35.4746	35.4993	35.5177	35.5045	35.4669	35.4517	35.4515	35.4112	35.3941	35.4568	35.4281	35.4154	35.3816	35.3573	35.372	35.3629	35.3213	35.3952	35.3364	35.3117	35.2834	35.3346	35.3313	35.2266	35.1728	35.2416	35.3529	35.3785	35.4402	36.2734
Sfa-CBas_017-Ex1-cssl	36.4686	36.4756	36.5109	36.5225	36.5574	36.5533	36.5306	36.5388	36.5223	36.5272	36.5276	36.5137	36.5192	36.5074	36.4881	36.4948	36.4801	36.4831	36.4803	36.4708	36.4706	36.4503	36.4244	36.4178	36.4036	36.3697	36.3655	36.367	36.3414	36.3293	36.3226	36.3205	36.314	36.3134	36.3053	36.302	36.2866	36.27	36.2579	36.2487	36.2396	36.239	36.2278	36.2218	36.2068	36.1933	36.1793	36.1603	36.166	36.1511	36.1313	36.1278	36.128	36.1267	36.1091	36.0978	36.0764	36.0859	36.0929	36.0788	36.0687	36.0578	36.0165	35.99	35.9857	36.0124	35.9583	35.9693	35.9877	35.9749	35.9421	35.9132	35.889	35.9113	35.8944	35.8738	35.8559	35.8762	35.855	35.839	35.8183	35.8417	35.8199	35.8044	35.8069	35.7965	35.7838	35.7592	35.7353	35.7152	35.7004	35.6946	35.7068	35.7062	35.6676	35.6483	35.6311	35.6211	35.651	35.6165	35.6281	35.6188	35.5918	35.5828	35.5657	35.5628	35.5453	35.5427	35.503	35.4972	35.4651	35.4538	35.4449	35.4552	35.4745	35.4443	35.4097	35.44	35.422	35.4032	35.3585	35.383	35.3947	35.3746	35.3418	35.3287	35.3232	35.2937	35.2685	35.333	35.3025	35.2819	35.2516	35.2287	35.2377	35.2311	35.1915	35.2592	35.2053	35.1782	35.1538	35.2017	35.191	35.1002	35.0404	35.1192	35.2229	35.2544	35.3509	36.2481
Sfa-CBas_019-Ex1-cssl	36.4607	36.4649	36.4971	36.5087	36.5436	36.5401	36.5205	36.5256	36.5089	36.5147	36.5169	36.5033	36.508	36.4955	36.4743	36.4811	36.4691	36.4688	36.4663	36.4578	36.4571	36.4394	36.4127	36.4039	36.3884	36.3551	36.349	36.3527	36.3297	36.3129	36.3081	36.3055	36.3015	36.2998	36.2906	36.2859	36.2738	36.2569	36.2449	36.2341	36.2292	36.2286	36.2164	36.2086	36.1944	36.182	36.1685	36.1481	36.1562	36.1412	36.1182	36.1167	36.1221	36.1176	36.0946	36.0842	36.0639	36.0776	36.0795	36.0733	36.0599	36.0509	36.0079	35.9812	35.9798	36.0046	35.9549	35.9649	35.9796	35.972	35.9417	35.9087	35.8883	35.9104	35.8876	35.873	35.8554	35.8746	35.8533	35.8379	35.8192	35.8426	35.8246	35.8079	35.8108	35.803	35.7889	35.7623	35.7374	35.7243	35.7112	35.7042	35.7203	35.7195	35.6845	35.6605	35.6471	35.6369	35.6718	35.6356	35.6492	35.6402	35.6136	35.612	35.5974	35.5847	35.5755	35.5672	35.5315	35.5228	35.4942	35.4876	35.474	35.4906	35.5091	35.4775	35.4415	35.4748	35.4565	35.4371	35.3911	35.415	35.4348	35.4155	35.3801	35.3672	35.3671	35.3324	35.3077	35.3731	35.3454	35.326	35.2927	35.2754	35.2876	35.2762	35.237	35.3074	35.2558	35.2205	35.1997	35.2544	35.25	35.1385	35.0907	35.1654	35.2776	35.3009	35.3867	36.2535
Sfa-CBas_020-Ex1-cssl	36.5028	36.4848	36.511	36.5185	36.5522	36.5496	36.529	36.5323	36.5164	36.5225	36.5194	36.509	36.5118	36.501	36.4802	36.482	36.4702	36.4741	36.4679	36.4596	36.4605	36.4438	36.4132	36.4074	36.3937	36.3585	36.3568	36.3581	36.3354	36.3229	36.3189	36.3186	36.3089	36.3093	36.3005	36.2999	36.2847	36.2705	36.2577	36.2494	36.245	36.2396	36.2326	36.2288	36.2102	36.1993	36.1858	36.1654	36.1778	36.1604	36.1415	36.1397	36.1431	36.1397	36.1181	36.1115	36.0903	36.1014	36.1089	36.1008	36.0902	36.0842	36.0416	36.0115	36.0125	36.0377	35.9937	36.001	36.0165	36.008	35.979	35.9466	35.9245	35.9539	35.9296	35.9124	35.898	35.9154	35.899	35.8776	35.8617	35.8884	35.8672	35.8558	35.8566	35.85	35.835	35.81	35.7954	35.7736	35.7631	35.7528	35.7639	35.7692	35.7349	35.7197	35.7017	35.687	35.7218	35.6901	35.7009	35.6911	35.671	35.6644	35.6549	35.6432	35.6331	35.6292	35.597	35.5838	35.5563	35.5503	35.5451	35.5561	35.5757	35.5441	35.5127	35.5395	35.5297	35.5053	35.4608	35.4823	35.5071	35.4846	35.4558	35.4422	35.4424	35.4068	35.3855	35.4462	35.4143	35.3959	35.3634	35.3456	35.3611	35.3522	35.3096	35.3785	35.326	35.3017	35.2723	35.3249	35.3168	35.2202	35.1665	35.2283	35.3483	35.3653	35.4352	36.2704
Sfa-CBas_021-Ex1-cssl	36.4719	36.4662	36.5018	36.5125	36.546	36.5407	36.5184	36.526	36.5101	36.5169	36.5183	36.5015	36.5098	36.4969	36.4763	36.4824	36.4699	36.4697	36.4678	36.4593	36.4598	36.4431	36.4155	36.4106	36.3929	36.3614	36.3591	36.3592	36.3382	36.322	36.3197	36.3193	36.3111	36.3145	36.3049	36.3022	36.2876	36.2724	36.2665	36.2536	36.2464	36.2427	36.2339	36.2293	36.2142	36.2044	36.1941	36.1716	36.181	36.1631	36.1487	36.1414	36.1455	36.1465	36.1233	36.1138	36.0907	36.1054	36.1134	36.1045	36.0949	36.0865	36.0434	36.0162	36.0135	36.0387	35.9874	36.0004	36.0158	36.0108	35.9801	35.9518	35.9273	35.952	35.9299	35.9139	35.8926	35.9175	35.895	35.8776	35.8599	35.8853	35.8669	35.8516	35.8598	35.8497	35.8356	35.8093	35.7862	35.7706	35.7629	35.7568	35.7663	35.7673	35.7335	35.7149	35.6991	35.6854	35.7176	35.6873	35.702	35.6939	35.6686	35.6608	35.6448	35.6398	35.6311	35.6264	35.5834	35.579	35.5485	35.546	35.5328	35.5527	35.5741	35.5406	35.5075	35.5345	35.5274	35.5038	35.4564	35.4831	35.4996	35.482	35.4499	35.4376	35.436	35.406	35.3752	35.4434	35.4123	35.391	35.3637	35.3441	35.3544	35.3465	35.3053	35.3718	35.3179	35.2921	35.2625	35.3113	35.3083	35.214	35.1491	35.2293	35.3337	35.3548	35.4338	36.2659
Sfa-CBas_023-Ex1-cssl	36.4763	36.4735	36.5073	36.5188	36.5508	36.5451	36.5236	36.5333	36.5153	36.5225	36.5206	36.506	36.5124	36.5011	36.4805	36.4877	36.4733	36.4769	36.4728	36.4641	36.4645	36.4462	36.4187	36.4135	36.3991	36.3655	36.3603	36.3619	36.3381	36.326	36.3192	36.3195	36.3121	36.3124	36.3036	36.2991	36.2874	36.2697	36.2583	36.2497	36.2398	36.2406	36.2293	36.2244	36.208	36.1946	36.1866	36.1638	36.1721	36.1552	36.1348	36.1301	36.1355	36.1314	36.1103	36.102	36.0816	36.0943	36.0975	36.0891	36.0799	36.0669	36.0291	35.9974	35.9973	36.0215	35.9725	35.9836	35.9975	35.9879	35.9584	35.9243	35.9072	35.9296	35.908	35.8912	35.8743	35.8932	35.8782	35.8581	35.8391	35.8629	35.8405	35.8286	35.831	35.8211	35.8072	35.7815	35.7614	35.7465	35.7338	35.7275	35.737	35.7381	35.7033	35.6843	35.6691	35.6613	35.689	35.6608	35.6711	35.6634	35.6389	35.6321	35.6155	35.6097	35.5937	35.5915	35.554	35.5495	35.5226	35.5127	35.5013	35.5122	35.5325	35.5036	35.4713	35.499	35.4843	35.4627	35.4228	35.4452	35.4599	35.4432	35.4116	35.3979	35.3977	35.3612	35.3383	35.4029	35.3755	35.3568	35.3223	35.3028	35.3141	35.3078	35.2637	35.3289	35.2827	35.2537	35.2249	35.2785	35.2732	35.1713	35.1206	35.1943	35.3008	35.331	35.4127	36.2636
Sfa-CBas_025-Ex1-cssl	36.4782	36.4685	36.5026	36.5156	36.5515	36.5472	36.5258	36.5375	36.5218	36.525	36.5257	36.5122	36.5164	36.503	36.4821	36.489	36.473	36.4761	36.4758	36.4662	36.4674	36.4481	36.4162	36.41	36.3979	36.3635	36.3578	36.3637	36.3412	36.3253	36.3237	36.3191	36.3111	36.3151	36.3023	36.298	36.29	36.2676	36.2598	36.2535	36.2426	36.2393	36.2272	36.2234	36.2118	36.1955	36.1856	36.1629	36.1746	36.1598	36.1429	36.1373	36.1369	36.1348	36.1129	36.1054	36.083	36.0975	36.1002	36.0962	36.0839	36.0775	36.0359	36.0077	36.0047	36.0265	35.9757	35.9892	36.0042	35.9973	35.9661	35.9309	35.9116	35.936	35.9165	35.8981	35.8763	35.8986	35.8807	35.8639	35.8463	35.8704	35.8531	35.8381	35.8432	35.8267	35.8197	35.7859	35.7722	35.7538	35.7393	35.7332	35.7505	35.7476	35.713	35.6937	35.6773	35.6645	35.7003	35.6725	35.6831	35.6743	35.6481	35.6357	35.6225	35.6173	35.6042	35.6012	35.558	35.558	35.5247	35.5176	35.5113	35.5204	35.5432	35.5104	35.4711	35.5075	35.4922	35.4712	35.4242	35.4497	35.472	35.4492	35.418	35.4067	35.4076	35.3627	35.3473	35.4068	35.3778	35.3596	35.325	35.3	35.3221	35.312	35.2702	35.3411	35.2884	35.2574	35.2267	35.2783	35.2748	35.1665	35.1183	35.1956	35.3044	35.3246	35.4062	36.2596
Sfa-CBas_026-Ex1-cssl	36.4863	36.4822	36.5095	36.5214	36.5547	36.551	36.5319	36.5362	36.5198	36.5254	36.5237	36.5103	36.5141	36.5038	36.4827	36.4888	36.4748	36.4771	36.4691	36.4621	36.4605	36.4425	36.4157	36.41	36.3939	36.3571	36.3564	36.3565	36.3319	36.322	36.3125	36.3134	36.3036	36.3034	36.2972	36.2931	36.2808	36.262	36.2488	36.2415	36.233	36.2299	36.2181	36.2137	36.1965	36.1859	36.1703	36.1516	36.1602	36.1466	36.1251	36.122	36.1228	36.1196	36.0954	36.089	36.0665	36.0767	36.0872	36.074	36.0626	36.055	36.0117	35.9833	35.9811	36.0089	35.9558	35.9647	35.9796	35.9724	35.9419	35.9135	35.8879	35.9094	35.8885	35.8686	35.8514	35.8698	35.8545	35.8371	35.8156	35.842	35.816	35.8043	35.8067	35.7974	35.779	35.7523	35.7359	35.7159	35.7062	35.6973	35.7108	35.7126	35.6736	35.6553	35.6413	35.6304	35.6596	35.625	35.6395	35.6339	35.6082	35.6005	35.5827	35.5756	35.562	35.5623	35.5195	35.5137	35.4839	35.4763	35.4692	35.4766	35.4985	35.4662	35.4328	35.4624	35.4477	35.4239	35.3769	35.405	35.4161	35.3994	35.3635	35.3516	35.3552	35.3142	35.2927	35.3601	35.3309	35.3118	35.2822	35.2541	35.2675	35.2612	35.2223	35.2902	35.2338	35.207	35.1772	35.2329	35.2259	35.1238	35.0739	35.1476	35.2595	35.2852	35.3743	36.249
Sfa-CBas_027-Ex1-cssl	36.4863	36.4831	36.5141	36.5257	36.5571	36.552	36.5299	36.5365	36.5198	36.5274	36.5257	36.5129	36.5168	36.5067	36.4849	36.4919	36.4787	36.48	36.4755	36.4671	36.4685	36.4498	36.4253	36.4158	36.4034	36.369	36.3654	36.3659	36.3438	36.33	36.3241	36.3214	36.3186	36.315	36.3066	36.3032	36.289	36.2736	36.2587	36.2531	36.2448	36.2407	36.2325	36.2254	36.2085	36.1989	36.1853	36.1648	36.1737	36.1567	36.1384	36.1335	36.1345	36.1327	36.1088	36.1058	36.0859	36.0936	36.0959	36.0881	36.0768	36.0679	36.0269	35.9984	35.9953	36.0226	35.9707	35.9789	35.9955	35.9866	35.9557	35.9233	35.903	35.9247	35.9028	35.8868	35.8701	35.8867	35.8669	35.8501	35.8288	35.8576	35.8312	35.8196	35.8204	35.8082	35.7968	35.7694	35.7473	35.7323	35.7176	35.7087	35.7201	35.722	35.6899	35.6697	35.6546	35.6432	35.6734	35.6416	35.6538	35.6415	35.6203	35.6132	35.5955	35.5872	35.575	35.5729	35.535	35.5281	35.4972	35.4901	35.4831	35.4934	35.5106	35.4819	35.4404	35.4726	35.4563	35.4387	35.3923	35.4193	35.438	35.4138	35.3817	35.3714	35.3688	35.3366	35.3063	35.3767	35.3423	35.3263	35.2857	35.2689	35.28	35.2722	35.2344	35.2967	35.249	35.2166	35.1966	35.2431	35.2394	35.1424	35.0836	35.1589	35.2653	35.2947	35.3901	36.2571
Sfa-CBas_028-Ex1-cssl	36.4778	36.4751	36.5128	36.5231	36.5574	36.5496	36.5261	36.5362	36.5192	36.5209	36.5237	36.5111	36.5158	36.5049	36.4842	36.4912	36.476	36.479	36.475	36.4659	36.4666	36.4479	36.4195	36.4146	36.3999	36.3657	36.3606	36.3618	36.3414	36.3293	36.3254	36.3236	36.3175	36.3178	36.3092	36.3021	36.2903	36.2755	36.2652	36.2574	36.2485	36.2459	36.2389	36.2306	36.2189	36.2022	36.1872	36.166	36.177	36.1614	36.1477	36.144	36.145	36.1471	36.121	36.1138	36.0933	36.1061	36.108	36.0978	36.0915	36.081	36.0439	36.0154	36.0164	36.0367	35.9879	35.9924	36.011	36.0013	35.9717	35.9426	35.9241	35.9488	35.9301	35.9127	35.8951	35.9099	35.8913	35.8696	35.8547	35.8795	35.8636	35.8495	35.8556	35.8465	35.8338	35.8051	35.7801	35.7596	35.7502	35.7418	35.7577	35.7602	35.7311	35.7137	35.6938	35.6872	35.7146	35.6832	35.6966	35.6823	35.6611	35.6553	35.6417	35.638	35.6279	35.6229	35.5847	35.5814	35.5438	35.537	35.5284	35.5407	35.5643	35.5314	35.5074	35.5373	35.5193	35.4973	35.4521	35.474	35.4921	35.4715	35.4459	35.429	35.4299	35.4006	35.3763	35.4358	35.4087	35.3894	35.3567	35.3335	35.3432	35.339	35.2947	35.3707	35.3199	35.2876	35.2654	35.3116	35.2976	35.2096	35.1522	35.2257	35.3318	35.3596	35.4326	36.27
Sfa-CBas_029-Ex1-cssl	36.4709	36.4778	36.5082	36.5208	36.5517	36.5482	36.5286	36.5338	36.5175	36.5233	36.5245	36.5103	36.5142	36.5016	36.4836	36.4888	36.4752	36.4776	36.4715	36.4632	36.4663	36.4451	36.4163	36.4085	36.395	36.3613	36.3563	36.3606	36.3352	36.3228	36.3194	36.3147	36.3074	36.3069	36.2973	36.2952	36.2803	36.2659	36.2532	36.2438	36.2348	36.2309	36.2254	36.2163	36.2017	36.1884	36.1765	36.154	36.1638	36.1468	36.129	36.1225	36.1249	36.1231	36.1002	36.091	36.0724	36.0785	36.0861	36.0776	36.0679	36.056	36.0141	35.9851	35.9832	36.0085	35.9591	35.9694	35.9816	35.9735	35.9414	35.9086	35.8878	35.9143	35.8892	35.8728	35.8584	35.8744	35.854	35.837	35.8168	35.8416	35.8192	35.807	35.8085	35.7971	35.7837	35.7604	35.7367	35.7188	35.7092	35.7002	35.7112	35.714	35.6771	35.6569	35.6418	35.6328	35.6642	35.6304	35.6445	35.6343	35.6102	35.5981	35.5867	35.5761	35.5635	35.5647	35.527	35.5201	35.4916	35.4836	35.4727	35.4839	35.502	35.4706	35.4374	35.4675	35.4504	35.4296	35.388	35.412	35.4264	35.4128	35.3777	35.3653	35.3615	35.3273	35.3021	35.3639	35.3372	35.3158	35.2847	35.2666	35.2753	35.2688	35.2312	35.2977	35.246	35.223	35.19	35.2407	35.2369	35.134	35.0856	35.1616	35.2708	35.2982	35.3876	36.2573
Sfa-CBas_030-Ex1-cssl	36.4779	36.4731	36.5116	36.521	36.5542	36.5459	36.5249	36.5303	36.5171	36.5244	36.5226	36.5083	36.5156	36.5042	36.4819	36.4904	36.4766	36.4796	36.4763	36.4643	36.4671	36.4486	36.4229	36.4159	36.4025	36.3708	36.365	36.3665	36.3437	36.3327	36.3261	36.3281	36.3225	36.3207	36.3132	36.3108	36.2958	36.2793	36.269	36.2599	36.2527	36.2506	36.2439	36.2377	36.2226	36.2119	36.1942	36.173	36.1854	36.1699	36.1498	36.1454	36.1463	36.1523	36.1258	36.1203	36.1014	36.1126	36.1127	36.1071	36.0979	36.0849	36.0466	36.017	36.0209	36.0455	35.9935	35.9999	36.0157	36.0067	35.9782	35.9487	35.9298	35.9528	35.9327	35.9144	35.8992	35.9191	35.8981	35.8772	35.8624	35.8887	35.8638	35.8537	35.8604	35.8528	35.8374	35.8092	35.7876	35.765	35.7553	35.7512	35.7635	35.7644	35.7319	35.7138	35.6972	35.6854	35.7157	35.682	35.7002	35.6863	35.6598	35.6545	35.6456	35.6331	35.6222	35.6211	35.5843	35.5775	35.5457	35.5369	35.527	35.5438	35.5594	35.5343	35.4937	35.5295	35.5127	35.4912	35.4442	35.468	35.4861	35.468	35.4413	35.4266	35.4249	35.3894	35.3624	35.4309	35.3994	35.3761	35.3409	35.3248	35.3361	35.3276	35.2876	35.3611	35.306	35.2694	35.2508	35.3041	35.2889	35.1877	35.1341	35.208	35.3197	35.3461	35.4191	36.2641
Sfa-CBas_031-Ex1-cssl	36.4741	36.4723	36.5093	36.5209	36.5546	36.5475	36.5261	36.5345	36.5149	36.5185	36.5218	36.5074	36.5127	36.5016	36.4822	36.4874	36.4739	36.4769	36.473	36.4632	36.4643	36.4451	36.4169	36.4078	36.3946	36.3624	36.3563	36.3587	36.334	36.324	36.3167	36.3177	36.309	36.3108	36.3004	36.2949	36.2805	36.2637	36.2531	36.2454	36.2385	36.2349	36.2274	36.2207	36.2053	36.1874	36.1779	36.1548	36.1662	36.149	36.1296	36.1293	36.132	36.1296	36.1082	36.0979	36.077	36.0858	36.0895	36.0811	36.0748	36.0664	36.0295	36.0019	35.9967	36.0189	35.9706	35.9781	35.992	35.9809	35.9526	35.9189	35.9057	35.9314	35.9146	35.8945	35.8766	35.8891	35.872	35.8541	35.8333	35.859	35.843	35.8287	35.8356	35.8283	35.8138	35.785	35.7602	35.7396	35.7273	35.7235	35.737	35.7409	35.7081	35.6904	35.6766	35.6635	35.6922	35.6567	35.6621	35.6595	35.6365	35.6267	35.6186	35.6138	35.6001	35.5973	35.5585	35.5499	35.519	35.5064	35.4945	35.5114	35.5321	35.5072	35.4751	35.5061	35.4834	35.4623	35.4182	35.4449	35.459	35.4417	35.4081	35.3945	35.4018	35.3671	35.3423	35.4074	35.3736	35.356	35.3221	35.2992	35.3178	35.3067	35.2693	35.336	35.2858	35.2586	35.2373	35.2824	35.2678	35.1766	35.1177	35.202	35.3091	35.3287	35.412	36.263
Sfa-CBas_032-Ex1-cssl	36.5078	36.4889	36.5195	36.5309	36.5628	36.5574	36.5359	36.5424	36.5255	36.5315	36.532	36.5162	36.5229	36.5094	36.4919	36.4972	36.4828	36.4873	36.4818	36.4733	36.4747	36.4567	36.4292	36.4224	36.4071	36.3778	36.3725	36.3752	36.3538	36.3405	36.3357	36.3371	36.331	36.3293	36.3203	36.3186	36.3057	36.2882	36.2789	36.2712	36.2629	36.2607	36.2509	36.2477	36.234	36.2192	36.21	36.1906	36.1986	36.1817	36.1637	36.1595	36.1635	36.1606	36.1432	36.1356	36.1157	36.127	36.1297	36.1247	36.1133	36.1051	36.0638	36.0397	36.0353	36.0644	36.0142	36.0247	36.0386	36.0297	36.0011	35.9696	35.951	35.9787	35.9544	35.9411	35.9229	35.9428	35.9257	35.9089	35.8872	35.914	35.8925	35.879	35.883	35.8707	35.8623	35.8334	35.8155	35.7977	35.7888	35.7787	35.7896	35.7915	35.7591	35.738	35.7232	35.7122	35.7452	35.7127	35.7253	35.7154	35.6931	35.6833	35.6683	35.6622	35.6519	35.6465	35.6084	35.6049	35.5715	35.5677	35.5583	35.5664	35.5889	35.5618	35.5261	35.5556	35.5433	35.5206	35.4762	35.5019	35.5207	35.4948	35.4648	35.454	35.4478	35.4171	35.3901	35.4578	35.4278	35.4078	35.3784	35.3518	35.365	35.361	35.3187	35.3858	35.3325	35.3012	35.2725	35.3302	35.3152	35.2199	35.167	35.2413	35.3432	35.3651	35.4361	36.2692
Sfa-CBas_033-Ex1-cssl	36.4692	36.4761	36.5086	36.5199	36.5526	36.5488	36.527	36.5325	36.5138	36.5165	36.5173	36.5047	36.5098	36.4976	36.4783	36.4856	36.4701	36.4709	36.4686	36.4565	36.458	36.4382	36.41	36.4043	36.3899	36.3542	36.3499	36.3499	36.3263	36.3157	36.3075	36.3072	36.2985	36.2974	36.2887	36.2798	36.2665	36.2524	36.243	36.2306	36.2244	36.2218	36.2124	36.2041	36.1899	36.1724	36.1586	36.1364	36.1464	36.1321	36.113	36.1079	36.1122	36.109	36.0843	36.0782	36.0533	36.062	36.0642	36.057	36.0445	36.0414	35.9975	35.9721	35.9715	35.9931	35.942	35.945	35.9617	35.9491	35.9202	35.8917	35.875	35.8977	35.8765	35.8594	35.8418	35.8584	35.8351	35.812	35.7975	35.8212	35.801	35.7892	35.7948	35.7868	35.7691	35.739	35.7166	35.6913	35.6809	35.6699	35.6862	35.6873	35.6546	35.6339	35.6184	35.605	35.6298	35.5949	35.6062	35.5964	35.5715	35.5682	35.5545	35.5478	35.5313	35.5349	35.4926	35.4818	35.4456	35.4393	35.4218	35.4393	35.4609	35.4306	35.4009	35.4272	35.414	35.3912	35.3401	35.3624	35.3761	35.3582	35.3268	35.3135	35.3166	35.2801	35.2556	35.3177	35.2914	35.2656	35.2348	35.2133	35.2249	35.2171	35.1701	35.2499	35.1972	35.1654	35.1389	35.1847	35.179	35.0753	35.0214	35.1025	35.214	35.2481	35.3361	36.2446
Sfa-CBas_036-Ex1-cssl	36.4756	36.4736	36.5055	36.5166	36.5488	36.5442	36.5241	36.529	36.5149	36.5231	36.5207	36.5073	36.5115	36.5013	36.479	36.4869	36.4738	36.4763	36.4714	36.4637	36.4649	36.4466	36.4197	36.4144	36.3972	36.3628	36.3601	36.3632	36.3403	36.3275	36.3223	36.3204	36.3132	36.3138	36.3052	36.3034	36.2901	36.2737	36.2616	36.2539	36.2465	36.245	36.2359	36.2322	36.2139	36.2049	36.1902	36.1718	36.184	36.1653	36.1466	36.1466	36.1474	36.1456	36.1239	36.1156	36.0953	36.109	36.1095	36.104	36.0982	36.0884	36.0479	36.0173	36.0186	36.0412	35.9953	36.0048	36.0227	36.0111	35.9806	35.9551	35.9326	35.9564	35.9339	35.9152	35.8996	35.9186	35.9	35.8824	35.8665	35.8898	35.8662	35.8531	35.8613	35.8516	35.8396	35.8095	35.7898	35.7748	35.7678	35.7558	35.7705	35.7716	35.7369	35.7178	35.6989	35.6893	35.7231	35.6935	35.7017	35.697	35.6714	35.6682	35.6538	35.6435	35.6292	35.63	35.593	35.5895	35.5551	35.5511	35.5393	35.5543	35.5771	35.5441	35.5103	35.5384	35.5202	35.5006	35.461	35.4856	35.5026	35.4877	35.4528	35.4403	35.4402	35.4057	35.3832	35.4463	35.4189	35.4003	35.3671	35.344	35.3588	35.3517	35.3108	35.3779	35.3256	35.295	35.2724	35.3229	35.3134	35.2138	35.1598	35.2335	35.341	35.3615	35.4394	36.271
Sfa-CBas_039-Ex1-cssl	36.504	36.4987	36.5247	36.5437	36.5759	36.5714	36.549	36.5609	36.5431	36.5514	36.5528	36.5362	36.5438	36.5321	36.5106	36.5173	36.5023	36.5048	36.5015	36.4947	36.496	36.4753	36.4516	36.4409	36.4383	36.3993	36.399	36.4002	36.3768	36.3613	36.3558	36.3624	36.3537	36.3531	36.3479	36.3385	36.3292	36.313	36.3062	36.2874	36.2902	36.2869	36.2754	36.2736	36.2511	36.2434	36.2327	36.2151	36.2227	36.2058	36.1917	36.1855	36.1838	36.1873	36.1709	36.1626	36.1429	36.1512	36.1534	36.1519	36.1422	36.13	36.0945	36.061	36.0705	36.0863	36.0414	36.0517	36.065	36.0618	36.0298	36.0068	35.9778	36.0058	35.9869	35.9721	35.959	35.9716	35.9513	35.9395	35.9194	35.942	35.9267	35.9089	35.9157	35.905	35.8978	35.87	35.8443	35.8257	35.8166	35.8151	35.8287	35.8341	35.7923	35.7759	35.7598	35.7533	35.7874	35.7548	35.7679	35.7638	35.7356	35.7287	35.7212	35.7027	35.691	35.6898	35.6546	35.6548	35.6179	35.6161	35.6073	35.6236	35.6438	35.6088	35.5833	35.6063	35.5877	35.5792	35.5249	35.5453	35.5802	35.5471	35.5232	35.5109	35.512	35.4777	35.4542	35.5284	35.4891	35.4668	35.447	35.4203	35.4347	35.4252	35.3942	35.4543	35.4013	35.3774	35.3447	35.3997	35.3808	35.2961	35.238	35.3025	35.4091	35.4327	35.4947	36.3006
Sfa-CBas_041-Ex1-cssl	36.4897	36.4832	36.5148	36.5255	36.5553	36.5501	36.5295	36.5328	36.5184	36.525	36.5227	36.5092	36.5126	36.5018	36.4793	36.4876	36.4726	36.4738	36.4691	36.4607	36.4603	36.4403	36.4158	36.4059	36.392	36.3549	36.3523	36.3533	36.328	36.3132	36.3112	36.3053	36.2988	36.2985	36.2912	36.2866	36.2728	36.257	36.2425	36.2348	36.2258	36.2234	36.2153	36.2061	36.1923	36.178	36.1651	36.1466	36.1522	36.1376	36.119	36.111	36.1141	36.1124	36.092	36.0826	36.0603	36.0738	36.0774	36.0706	36.0586	36.0455	36.0056	35.9762	35.9747	35.9986	35.9509	35.9576	35.9736	35.9664	35.9345	35.9057	35.8846	35.9079	35.8852	35.8693	35.8487	35.8647	35.8493	35.8295	35.8099	35.8356	35.8169	35.8014	35.8017	35.7929	35.779	35.7538	35.7314	35.713	35.7042	35.6942	35.7076	35.7069	35.6765	35.6578	35.6395	35.6259	35.6585	35.6282	35.6427	35.6286	35.6025	35.5999	35.5857	35.5809	35.5612	35.5635	35.5242	35.518	35.4887	35.4757	35.4663	35.4781	35.5009	35.4663	35.4377	35.4665	35.4484	35.4256	35.3807	35.4082	35.4262	35.4076	35.3732	35.3623	35.3576	35.3303	35.2993	35.3616	35.3327	35.32	35.2853	35.2615	35.2755	35.2682	35.2294	35.2898	35.2413	35.2081	35.1813	35.2365	35.2293	35.1269	35.0711	35.1469	35.2593	35.2848	35.3755	36.2495
Sfa-CBas_042-Ex1-cssl	36.514	36.4943	36.5209	36.529	36.5592	36.5566	36.535	36.5415	36.5231	36.5314	36.5275	36.5146	36.5166	36.508	36.4868	36.492	36.4808	36.4793	36.4761	36.4693	36.4681	36.451	36.42	36.4151	36.4023	36.3664	36.3646	36.3653	36.3417	36.3251	36.3235	36.3232	36.3124	36.3153	36.3072	36.3043	36.2901	36.2745	36.2611	36.2579	36.2506	36.2458	36.2407	36.2349	36.2189	36.2048	36.1948	36.1691	36.1825	36.1664	36.1439	36.1424	36.1475	36.1456	36.12	36.1132	36.0989	36.1042	36.1095	36.1049	36.0945	36.0835	36.0447	36.0155	36.0173	36.0372	35.9909	36.0045	36.0118	36.0041	35.9747	35.948	35.9272	35.9527	35.9299	35.9132	35.8937	35.9163	35.8946	35.8772	35.8626	35.882	35.8635	35.8503	35.8586	35.8469	35.8332	35.8081	35.7843	35.7649	35.7551	35.7445	35.7635	35.7643	35.7337	35.7095	35.6993	35.6867	35.7154	35.684	35.6974	35.6816	35.66	35.6532	35.6434	35.6357	35.626	35.6212	35.584	35.5698	35.5425	35.5429	35.5258	35.541	35.5601	35.5306	35.5	35.5242	35.5124	35.4897	35.441	35.4706	35.4831	35.4697	35.4363	35.4247	35.4211	35.3809	35.3607	35.4264	35.3963	35.3781	35.3387	35.3193	35.3355	35.3215	35.2873	35.3528	35.3049	35.2721	35.2508	35.2941	35.2899	35.1934	35.1343	35.2033	35.3168	35.3351	35.4174	36.2652
Sfa-CBas_043-Ex1-cssl	36.5017	36.493	36.5249	36.5328	36.5643	36.5583	36.5371	36.5427	36.5256	36.5288	36.5277	36.5142	36.5187	36.5084	36.49	36.4939	36.4791	36.4817	36.4788	36.469	36.4686	36.4511	36.4213	36.4167	36.4014	36.3681	36.3621	36.3641	36.3414	36.329	36.3252	36.3246	36.3169	36.3159	36.3067	36.3007	36.2855	36.2719	36.2596	36.2508	36.2464	36.2446	36.2358	36.2294	36.2127	36.1981	36.184	36.1659	36.1705	36.1573	36.142	36.137	36.1395	36.1402	36.1168	36.1092	36.0866	36.0943	36.1011	36.0926	36.0826	36.0751	36.0389	36.0118	36.0089	36.0338	35.9799	35.9891	36.0009	35.9911	35.9623	35.9361	35.9193	35.9413	35.9219	35.904	35.8862	35.9033	35.8799	35.8611	35.8451	35.8705	35.8525	35.8399	35.8473	35.8366	35.8236	35.7925	35.7717	35.7511	35.7403	35.7314	35.7503	35.7512	35.7197	35.7032	35.6862	35.6746	35.7004	35.6722	35.685	35.6727	35.6494	35.6427	35.6338	35.6282	35.6111	35.6148	35.5741	35.5643	35.5349	35.5253	35.5144	35.528	35.5506	35.5203	35.4908	35.5212	35.5055	35.4838	35.4374	35.4606	35.4764	35.4549	35.4248	35.4098	35.4159	35.3811	35.3591	35.4235	35.3919	35.368	35.337	35.3179	35.3293	35.3254	35.282	35.349	35.3013	35.2696	35.2439	35.2913	35.2838	35.1873	35.1326	35.2017	35.3168	35.3385	35.4201	36.2658
Sfa-CBas_044-Ex1-cssl	36.4876	36.4837	36.5133	36.5269	36.567	36.5615	36.542	36.554	36.5373	36.542	36.5469	36.5314	36.5357	36.5237	36.5035	36.5111	36.4999	36.5013	36.4957	36.4891	36.4923	36.4743	36.4482	36.4437	36.423	36.3939	36.3906	36.3956	36.3708	36.3574	36.3547	36.3536	36.3533	36.3483	36.342	36.3411	36.3288	36.3106	36.2997	36.294	36.288	36.2817	36.2735	36.2699	36.2579	36.2402	36.2343	36.2128	36.2274	36.2049	36.1916	36.183	36.192	36.1892	36.1706	36.1683	36.1418	36.1575	36.1623	36.155	36.1449	36.1353	36.0997	36.0705	36.0624	36.0911	36.0458	36.0516	36.0697	36.0645	36.0404	36.008	35.9868	36.0119	35.9879	35.9795	35.9593	35.983	35.9656	35.9422	35.9152	35.9502	35.9313	35.9136	35.9183	35.9066	35.9032	35.8711	35.8606	35.845	35.8366	35.8215	35.8405	35.8386	35.8056	35.7823	35.7714	35.764	35.8014	35.7636	35.7861	35.7704	35.7413	35.7371	35.7249	35.7142	35.6985	35.7043	35.6604	35.66	35.6226	35.6234	35.6225	35.6301	35.6476	35.622	35.5885	35.6117	35.5973	35.5756	35.5327	35.5684	35.5793	35.5676	35.5247	35.5217	35.5164	35.4857	35.4603	35.5211	35.4988	35.4766	35.4477	35.4199	35.4333	35.425	35.3884	35.4555	35.4092	35.3752	35.3517	35.4053	35.3873	35.2955	35.2279	35.3028	35.4107	35.4321	35.4936	36.2888
Sfa-CBas_046-Ex1-cssl	36.4783	36.4795	36.5097	36.5243	36.5617	36.5536	36.5346	36.541	36.5297	36.5336	36.5351	36.5229	36.5288	36.5123	36.4973	36.5022	36.4889	36.4928	36.485	36.4779	36.4817	36.4653	36.4345	36.429	36.4209	36.3867	36.3794	36.3824	36.3645	36.3444	36.3426	36.3401	36.3385	36.3328	36.3293	36.3267	36.3111	36.2949	36.2888	36.2764	36.277	36.2681	36.2634	36.2616	36.2418	36.232	36.2179	36.2009	36.2149	36.1876	36.1895	36.1762	36.1819	36.1724	36.1567	36.1508	36.1316	36.1435	36.1477	36.1426	36.1316	36.1192	36.0836	36.0609	36.0502	36.0705	36.031	36.0393	36.0603	36.0512	36.018	35.9857	35.9668	35.9976	35.9716	35.9539	35.9462	35.9667	35.9471	35.9343	35.9131	35.9438	35.9106	35.9064	35.9112	35.895	35.8909	35.8612	35.8513	35.8232	35.8229	35.8057	35.8219	35.8274	35.7876	35.7735	35.7592	35.7504	35.7783	35.7431	35.7624	35.7547	35.7307	35.72	35.7041	35.7026	35.6768	35.682	35.6409	35.6389	35.6102	35.6134	35.5988	35.6104	35.64	35.6031	35.5709	35.5942	35.5785	35.5583	35.5196	35.5455	35.5634	35.5465	35.5097	35.4982	35.5017	35.4556	35.4403	35.5025	35.4661	35.4563	35.4351	35.4018	35.4172	35.4157	35.3767	35.4334	35.3937	35.366	35.3397	35.3824	35.3828	35.2734	35.2219	35.3056	35.3995	35.4156	35.4754	36.2882
Sfa-CBas_048-Ex1-cssl	36.4819	36.481	36.5102	36.5223	36.5562	36.552	36.5303	36.5384	36.5216	36.5286	36.5262	36.5151	36.5196	36.5079	36.4864	36.4951	36.4807	36.4838	36.4795	36.4705	36.4727	36.4522	36.4277	36.4206	36.4069	36.3737	36.3677	36.3667	36.3443	36.3319	36.3267	36.3261	36.3191	36.3203	36.3124	36.3068	36.2959	36.2785	36.2678	36.2606	36.249	36.2487	36.2376	36.2342	36.2179	36.2041	36.1942	36.1702	36.1829	36.164	36.1471	36.1398	36.1444	36.1434	36.12	36.1116	36.0914	36.1026	36.1079	36.0966	36.0893	36.076	36.0377	36.0109	36.0077	36.0352	35.9835	35.9953	36.0109	36.0003	35.969	35.9409	35.9227	35.9431	35.9224	35.9092	35.8861	35.9069	35.8919	35.8693	35.853	35.8757	35.8549	35.8413	35.8449	35.8359	35.8214	35.7961	35.7747	35.7558	35.7537	35.7407	35.7556	35.7543	35.7228	35.7032	35.6858	35.6782	35.7054	35.6743	35.6892	35.6783	35.6544	35.6493	35.6316	35.6257	35.6115	35.6107	35.5713	35.5687	35.5378	35.5274	35.5219	35.5341	35.5505	35.5259	35.4912	35.5203	35.5035	35.4833	35.4424	35.4675	35.4826	35.467	35.4329	35.4212	35.4166	35.3815	35.3569	35.423	35.393	35.3759	35.3422	35.3253	35.3326	35.3268	35.283	35.3561	35.3007	35.2748	35.2446	35.2987	35.2911	35.1917	35.1396	35.2144	35.3146	35.3445	35.4272	36.2687
Sfa-CBas_056-Ex1-cssl	36.474	36.4688	36.505	36.5185	36.5535	36.5454	36.5251	36.5373	36.5207	36.528	36.5266	36.5141	36.5194	36.505	36.4872	36.4945	36.4794	36.4836	36.4809	36.4714	36.4741	36.4555	36.4287	36.4225	36.4094	36.3772	36.3739	36.375	36.3516	36.3407	36.335	36.3328	36.3277	36.3275	36.3191	36.3184	36.302	36.2875	36.2768	36.2672	36.2621	36.2574	36.2507	36.2445	36.2318	36.2186	36.2079	36.1865	36.1969	36.1788	36.1583	36.1561	36.1597	36.1582	36.1385	36.1293	36.1135	36.1231	36.126	36.1205	36.1092	36.0983	36.0573	36.029	36.0274	36.0549	36.0052	36.0158	36.0319	36.0225	35.9896	35.959	35.942	35.9618	35.9437	35.9252	35.9097	35.9286	35.9105	35.8925	35.8752	35.8993	35.8765	35.8635	35.867	35.8572	35.8438	35.8171	35.7997	35.7785	35.7709	35.7603	35.7759	35.7759	35.7412	35.7215	35.7052	35.6988	35.7262	35.6997	35.7119	35.6965	35.6734	35.6685	35.6546	35.648	35.6348	35.6344	35.5974	35.5896	35.5585	35.5535	35.5477	35.5537	35.5738	35.5421	35.5103	35.542	35.524	35.5006	35.4609	35.4854	35.504	35.4819	35.452	35.4364	35.4353	35.4006	35.3784	35.4392	35.4154	35.3942	35.3647	35.3401	35.358	35.3409	35.3051	35.3728	35.3232	35.293	35.2685	35.321	35.3113	35.215	35.1671	35.2339	35.3401	35.3644	35.4402	36.2739
Sfa-CBas_059-Ex1-cssl	36.4731	36.4741	36.5098	36.5239	36.5617	36.5536	36.5324	36.5419	36.528	36.5359	36.537	36.521	36.524	36.5115	36.4913	36.4992	36.4848	36.4905	36.4889	36.4779	36.4808	36.4624	36.4333	36.4267	36.4139	36.3782	36.3746	36.3806	36.3582	36.3463	36.3402	36.3373	36.3297	36.3311	36.3211	36.3196	36.3072	36.2893	36.281	36.2756	36.2657	36.2647	36.2577	36.2471	36.2307	36.2204	36.2049	36.1896	36.1987	36.1854	36.1661	36.1614	36.1644	36.1652	36.1419	36.1379	36.1168	36.1278	36.1328	36.128	36.1167	36.1092	36.0675	36.037	36.0341	36.0627	36.017	36.0257	36.0393	36.035	36.0053	35.9786	35.9562	35.9794	35.9571	35.9415	35.9273	35.9429	35.9264	35.9085	35.8922	35.9225	35.8996	35.8832	35.8867	35.8741	35.8641	35.837	35.8241	35.7942	35.7916	35.7852	35.7965	35.8016	35.7672	35.749	35.7261	35.7252	35.7447	35.7193	35.7352	35.7242	35.7017	35.6953	35.6823	35.6705	35.6571	35.6548	35.6189	35.619	35.5867	35.5794	35.5725	35.5807	35.6017	35.5726	35.5318	35.5683	35.5553	35.5278	35.4868	35.5074	35.527	35.5113	35.4781	35.4655	35.4676	35.4284	35.4051	35.4684	35.4384	35.4273	35.3873	35.3661	35.3734	35.368	35.3358	35.4042	35.3477	35.3212	35.2937	35.3442	35.3303	35.2356	35.1741	35.2536	35.3597	35.3789	35.4498	36.2706
Sfa-CBas_061-Ex1-cssl	36.4672	36.4686	36.4989	36.5145	36.5479	36.5445	36.5225	36.5346	36.5179	36.5219	36.5194	36.5054	36.5109	36.4989	36.479	36.4814	36.4681	36.4725	36.4653	36.4559	36.4584	36.4382	36.4099	36.404	36.3887	36.3536	36.3472	36.3504	36.3277	36.3129	36.3063	36.3042	36.3003	36.299	36.2889	36.2824	36.271	36.2549	36.246	36.2335	36.2234	36.2209	36.2127	36.2071	36.1894	36.1793	36.1677	36.1412	36.1557	36.1348	36.1132	36.1107	36.1109	36.1122	36.0842	36.0808	36.0592	36.0675	36.0745	36.0664	36.0541	36.043	35.999	35.9668	35.9668	35.9974	35.9417	35.9531	35.9704	35.9588	35.9237	35.899	35.876	35.8961	35.876	35.8573	35.8416	35.8579	35.842	35.8249	35.8028	35.8277	35.8052	35.7948	35.7932	35.7811	35.7725	35.7392	35.7155	35.6969	35.6844	35.6777	35.6858	35.6881	35.6502	35.6328	35.6139	35.6071	35.6311	35.6029	35.6138	35.6054	35.5806	35.5701	35.5518	35.5422	35.53	35.5265	35.4883	35.482	35.4512	35.4414	35.435	35.44	35.4612	35.4286	35.3972	35.4225	35.4094	35.39	35.3414	35.3719	35.3812	35.3658	35.3311	35.3177	35.3136	35.2774	35.2504	35.3235	35.2937	35.2708	35.234	35.2146	35.2242	35.2178	35.1821	35.2464	35.1926	35.1659	35.1415	35.1942	35.1781	35.0829	35.0306	35.1019	35.2092	35.2374	35.3375	36.2433
Sfa-CBas_062-Ex1-cssl	36.496	36.486	36.5189	36.5308	36.5596	36.5556	36.535	36.5418	36.5258	36.5309	36.5317	36.5145	36.5188	36.5036	36.4842	36.4896	36.4761	36.4817	36.4782	36.4686	36.4685	36.4491	36.419	36.4121	36.3966	36.3655	36.3629	36.3647	36.3414	36.3262	36.3216	36.3181	36.3122	36.3105	36.302	36.2987	36.284	36.2673	36.254	36.2495	36.2412	36.2385	36.2289	36.2199	36.2063	36.1922	36.1798	36.1597	36.1709	36.1536	36.1346	36.1274	36.1335	36.1313	36.1014	36.0989	36.079	36.0906	36.0911	36.0882	36.075	36.0662	36.0228	35.9961	35.9933	36.0144	35.9656	35.9785	35.993	35.9865	35.9566	35.922	35.906	35.9253	35.9049	35.8832	35.87	35.8873	35.8691	35.8502	35.8274	35.8594	35.834	35.8218	35.8268	35.8152	35.7994	35.7732	35.7485	35.7334	35.7237	35.716	35.7306	35.7249	35.6945	35.6748	35.6587	35.6457	35.6783	35.6473	35.6596	35.6498	35.6272	35.619	35.6016	35.5948	35.5838	35.5794	35.5363	35.5347	35.5015	35.4968	35.4868	35.5013	35.5216	35.4866	35.4554	35.4852	35.4674	35.4391	35.4029	35.43	35.4389	35.424	35.3918	35.378	35.3728	35.3413	35.3093	35.3831	35.3505	35.3323	35.3025	35.2805	35.2952	35.2817	35.2438	35.3152	35.2599	35.2289	35.2043	35.2555	35.2443	35.1443	35.0946	35.1648	35.2742	35.3058	35.3855	36.2506
Sfa-CBas_066-Ex1-cssl	36.4833	36.4885	36.5163	36.5324	36.5663	36.5618	36.5404	36.5472	36.5313	36.5366	36.5381	36.5252	36.5288	36.517	36.4964	36.5019	36.4899	36.4923	36.4883	36.4799	36.4804	36.4613	36.4335	36.4272	36.4132	36.3796	36.3756	36.3746	36.3516	36.3392	36.3339	36.3321	36.3257	36.3242	36.3164	36.311	36.2977	36.2838	36.2726	36.2603	36.2523	36.2516	36.2426	36.2379	36.2199	36.2102	36.1955	36.1744	36.1843	36.169	36.1477	36.1455	36.1446	36.1445	36.1273	36.1173	36.0996	36.1068	36.1113	36.1032	36.0921	36.0841	36.0449	36.016	36.0131	36.0395	35.9881	35.9985	36.0161	36.0062	35.9734	35.94	35.9224	35.9471	35.9229	35.9064	35.8896	35.9093	35.8892	35.8725	35.8517	35.8778	35.853	35.8378	35.8443	35.8332	35.8231	35.7935	35.7759	35.7578	35.7449	35.7358	35.7464	35.7473	35.7148	35.6941	35.6782	35.6672	35.6982	35.6602	35.677	35.6601	35.6392	35.6322	35.6182	35.6097	35.5946	35.5902	35.5521	35.5498	35.5149	35.5078	35.4981	35.509	35.5307	35.495	35.4659	35.49	35.4779	35.4556	35.4182	35.4343	35.4515	35.4329	35.4031	35.3871	35.3852	35.3529	35.3251	35.3903	35.3598	35.3389	35.3092	35.2856	35.2996	35.2939	35.2542	35.3176	35.2685	35.2401	35.2183	35.2636	35.2614	35.1618	35.1034	35.1814	35.2862	35.3141	35.3947	36.2653
Sfa-CBas_067-Ex1-cssl	36.4967	36.4858	36.5135	36.522	36.5563	36.5543	36.532	36.5352	36.5196	36.5243	36.5215	36.509	36.5126	36.5002	36.4819	36.486	36.471	36.4725	36.4701	36.4615	36.4602	36.4427	36.4115	36.405	36.3898	36.358	36.3526	36.3528	36.3279	36.3171	36.3133	36.3081	36.3006	36.3007	36.2934	36.2894	36.2738	36.2565	36.2466	36.2391	36.2282	36.2302	36.2159	36.2114	36.1964	36.181	36.1701	36.1461	36.1545	36.1389	36.1202	36.1181	36.1219	36.117	36.0953	36.087	36.0666	36.0785	36.0795	36.0741	36.0622	36.0514	36.0138	35.9849	35.9789	36.0065	35.9584	35.9669	35.9807	35.9697	35.9415	35.9108	35.8936	35.9185	35.8986	35.8791	35.8608	35.8802	35.8609	35.8414	35.8212	35.8449	35.8246	35.8131	35.8187	35.8065	35.7971	35.7686	35.7429	35.728	35.7176	35.7112	35.7194	35.7267	35.691	35.6741	35.6548	35.6466	35.6757	35.6468	35.6565	35.6459	35.6224	35.6152	35.605	35.5922	35.5805	35.5806	35.5414	35.5362	35.5058	35.4956	35.4848	35.4989	35.5196	35.4882	35.4579	35.4878	35.4654	35.4469	35.4066	35.4309	35.4484	35.426	35.3948	35.3772	35.3795	35.3439	35.3189	35.3832	35.3559	35.3412	35.3075	35.2813	35.291	35.2868	35.2483	35.3104	35.2652	35.2368	35.2098	35.2581	35.2519	35.1502	35.095	35.1691	35.2787	35.3062	35.3928	36.257
Sfa-CBas_073-Ex1-cssl	36.5086	36.5001	36.5247	36.5389	36.5746	36.5694	36.5478	36.5561	36.5392	36.545	36.5427	36.5323	36.5338	36.522	36.5034	36.5112	36.4942	36.4947	36.4933	36.4842	36.4831	36.4641	36.4446	36.4315	36.4195	36.3856	36.382	36.3851	36.3577	36.3449	36.3457	36.3441	36.3378	36.3369	36.3288	36.3245	36.3099	36.293	36.2874	36.2714	36.2692	36.2708	36.2602	36.2566	36.2409	36.2257	36.2157	36.1968	36.2132	36.1883	36.1757	36.1643	36.1746	36.1773	36.1561	36.1416	36.1256	36.1362	36.1462	36.136	36.1272	36.1206	36.082	36.0533	36.0566	36.0819	36.028	36.0332	36.0551	36.0507	36.0168	35.9871	35.9712	35.9877	35.9725	35.9591	35.9415	35.9546	35.9398	35.9188	35.9074	35.9276	35.9075	35.8952	35.9017	35.8885	35.8793	35.8493	35.8322	35.8124	35.809	35.8	35.813	35.8148	35.7805	35.7729	35.7566	35.7405	35.7768	35.7422	35.7572	35.746	35.7338	35.7216	35.7085	35.6905	35.6909	35.6879	35.6506	35.6457	35.6159	35.6116	35.6037	35.6094	35.6324	35.5991	35.567	35.6027	35.5889	35.5664	35.521	35.5477	35.5766	35.5434	35.523	35.5033	35.5029	35.4666	35.446	35.5137	35.4838	35.4598	35.4286	35.4158	35.4304	35.4218	35.3817	35.4513	35.3988	35.3682	35.3448	35.385	35.3959	35.2923	35.2379	35.3021	35.4123	35.4249	35.4884	36.2938
Sfa-CBas_076-Ex1-cssl	36.4881	36.4778	36.5064	36.518	36.5486	36.5448	36.5239	36.5296	36.5142	36.5191	36.5154	36.5036	36.5061	36.4961	36.4731	36.4796	36.4655	36.4658	36.463	36.4534	36.454	36.4345	36.4094	36.4023	36.3876	36.3536	36.3477	36.3498	36.3247	36.3125	36.3077	36.3037	36.3025	36.301	36.2919	36.2894	36.2759	36.2569	36.2468	36.2397	36.2291	36.2291	36.2183	36.2154	36.1974	36.1856	36.1764	36.1546	36.1625	36.1467	36.1292	36.1245	36.1265	36.1289	36.1024	36.0964	36.0747	36.0873	36.0912	36.0826	36.0695	36.0613	36.0206	35.9909	35.9908	36.0203	35.9679	35.9802	35.9948	35.9849	35.956	35.9236	35.904	35.9282	35.9074	35.8874	35.8712	35.8908	35.8725	35.8561	35.8374	35.8612	35.8401	35.828	35.8301	35.8191	35.8069	35.7825	35.7639	35.7452	35.7353	35.7286	35.7368	35.7411	35.7005	35.6855	35.6716	35.6619	35.6951	35.6613	35.672	35.6641	35.6375	35.6343	35.6175	35.6117	35.5977	35.5969	35.5547	35.5525	35.52	35.5168	35.5073	35.5219	35.5376	35.5084	35.4796	35.5007	35.4897	35.4706	35.4267	35.4523	35.4709	35.4528	35.4203	35.4065	35.4056	35.3659	35.3433	35.4089	35.3818	35.3616	35.3362	35.3048	35.3217	35.3167	35.2732	35.3476	35.2933	35.2657	35.2413	35.2897	35.2872	35.1909	35.1364	35.2091	35.3121	35.3415	35.4209	36.2707
Sfa-CBas_078-Ex1-cssl	36.4924	36.4826	36.5132	36.525	36.558	36.5529	36.5339	36.5409	36.5243	36.5288	36.5284	36.5126	36.5164	36.4994	36.4819	36.4864	36.4757	36.4789	36.4767	36.4652	36.4658	36.4468	36.4174	36.4123	36.3958	36.3626	36.3596	36.3607	36.3371	36.324	36.3182	36.3166	36.3105	36.311	36.3001	36.2939	36.2855	36.2645	36.2565	36.2488	36.2371	36.2345	36.226	36.22	36.206	36.1923	36.1777	36.162	36.1702	36.1546	36.1367	36.1307	36.132	36.1314	36.1066	36.1003	36.0813	36.0924	36.0955	36.0902	36.0826	36.0686	36.0302	35.997	35.9977	36.0232	35.9691	35.9861	35.9968	35.9871	35.9565	35.9289	35.9058	35.9314	35.9115	35.8957	35.8772	35.8971	35.8757	35.8588	35.8411	35.8654	35.8413	35.8251	35.8302	35.8222	35.8044	35.7786	35.7562	35.7416	35.726	35.7246	35.7303	35.7366	35.6965	35.6789	35.6539	35.6461	35.6749	35.6493	35.6595	35.646	35.6239	35.6159	35.5989	35.5892	35.5771	35.5757	35.5306	35.5308	35.5001	35.4904	35.4839	35.4962	35.5171	35.4793	35.4462	35.4833	35.4585	35.4388	35.3936	35.4214	35.433	35.4139	35.3822	35.3694	35.369	35.3293	35.3027	35.3702	35.3463	35.3207	35.2833	35.2608	35.2821	35.2712	35.2288	35.2974	35.2454	35.2165	35.1899	35.2448	35.2289	35.1321	35.0761	35.1569	35.2657	35.2908	35.3715	36.2537
Sfa-CBas_084-Ex1-cssl	36.4813	36.4806	36.51	36.521	36.5519	36.5482	36.5251	36.5309	36.5114	36.5177	36.518	36.501	36.5078	36.4954	36.4751	36.4808	36.4675	36.4705	36.4644	36.4572	36.4574	36.4379	36.4082	36.4026	36.3863	36.3537	36.3464	36.3505	36.3263	36.312	36.3067	36.3044	36.2983	36.2983	36.2877	36.283	36.2696	36.2539	36.2421	36.2348	36.2234	36.2215	36.2119	36.2072	36.19	36.1783	36.1661	36.1439	36.1528	36.1359	36.1155	36.112	36.1122	36.1104	36.0886	36.0836	36.0616	36.0695	36.0743	36.0652	36.0544	36.0429	36.0014	35.974	35.9719	35.9981	35.9452	35.9561	35.9717	35.9634	35.9298	35.9002	35.8783	35.9029	35.88	35.8656	35.8468	35.8662	35.8478	35.829	35.8105	35.8327	35.8126	35.7967	35.8014	35.7916	35.7797	35.752	35.7294	35.7155	35.6998	35.6938	35.7048	35.7073	35.6709	35.653	35.6358	35.6295	35.6567	35.6286	35.6378	35.6271	35.6051	35.5985	35.5803	35.5743	35.5575	35.5603	35.5216	35.5193	35.4844	35.4792	35.4664	35.4792	35.4952	35.4659	35.4348	35.4659	35.4453	35.4292	35.3826	35.4054	35.42	35.4038	35.3675	35.3561	35.3542	35.3188	35.2952	35.3587	35.3284	35.3109	35.2772	35.2577	35.2687	35.2606	35.2151	35.2822	35.231	35.2002	35.1748	35.2235	35.2172	35.1205	35.0716	35.1423	35.2521	35.2887	35.3775	36.256
Sfa-CBas_086-Ex1-cssl	36.4611	36.4612	36.4918	36.5055	36.5408	36.5338	36.5159	36.5242	36.5062	36.5119	36.5122	36.4989	36.5056	36.4919	36.4696	36.4775	36.4638	36.4641	36.4624	36.4553	36.455	36.4359	36.4105	36.4024	36.3872	36.3549	36.3471	36.3503	36.3262	36.3129	36.309	36.3089	36.3015	36.3043	36.2942	36.2895	36.2772	36.2602	36.2492	36.2402	36.233	36.2293	36.221	36.2164	36.1969	36.1843	36.1742	36.1556	36.1673	36.1469	36.1315	36.1268	36.129	36.1252	36.1026	36.0972	36.0771	36.0908	36.0955	36.0874	36.0799	36.0652	36.0253	35.9975	35.9932	36.0186	35.97	35.9798	35.9971	35.9901	35.9578	35.9262	35.9067	35.9319	35.911	35.8937	35.8748	35.8943	35.8759	35.8601	35.8433	35.8646	35.8472	35.8308	35.8377	35.825	35.8113	35.7839	35.7659	35.7493	35.7411	35.734	35.7461	35.7454	35.711	35.6917	35.6763	35.665	35.6964	35.6635	35.68	35.6694	35.6477	35.6406	35.6255	35.6129	35.612	35.6045	35.5653	35.5605	35.5283	35.5246	35.5146	35.5263	35.5497	35.5156	35.484	35.5115	35.4962	35.4802	35.4337	35.4609	35.4789	35.458	35.4278	35.4126	35.4145	35.3768	35.3553	35.4163	35.3888	35.3693	35.3401	35.3159	35.33	35.3259	35.2825	35.3455	35.3029	35.2719	35.246	35.2988	35.2906	35.1875	35.1354	35.2103	35.3183	35.3437	35.4226	36.2651
Sfa-CBas_088-Ex1-cssl	36.4796	36.4837	36.5128	36.5267	36.5584	36.554	36.533	36.5372	36.5216	36.5274	36.525	36.5092	36.5154	36.5032	36.4845	36.4893	36.4778	36.4775	36.4718	36.4634	36.4641	36.446	36.4179	36.4109	36.396	36.3612	36.3558	36.3584	36.3335	36.3186	36.3145	36.3083	36.3055	36.3043	36.2956	36.2895	36.2731	36.255	36.2442	36.2346	36.2287	36.2229	36.2131	36.207	36.1911	36.1769	36.1648	36.1412	36.1521	36.131	36.1144	36.1125	36.1135	36.1098	36.0869	36.0768	36.0558	36.0666	36.0707	36.0627	36.0514	36.0407	36.0009	35.9696	35.9669	35.9919	35.9411	35.9507	35.9625	35.9551	35.922	35.8884	35.8713	35.897	35.8737	35.858	35.8349	35.854	35.8346	35.8142	35.7962	35.8212	35.7973	35.7847	35.7863	35.7786	35.76	35.7327	35.7099	35.6887	35.6758	35.6683	35.6789	35.679	35.6467	35.6272	35.6071	35.5933	35.6225	35.5954	35.6044	35.5951	35.5687	35.5609	35.5459	35.5385	35.5221	35.5215	35.4759	35.475	35.4422	35.4297	35.4187	35.4312	35.4518	35.4226	35.3875	35.4173	35.3997	35.3767	35.3302	35.3529	35.3635	35.3526	35.3191	35.3012	35.2997	35.2694	35.2387	35.303	35.2709	35.2575	35.217	35.1959	35.2079	35.1985	35.1572	35.2274	35.1822	35.1437	35.116	35.1691	35.1646	35.0641	35.0103	35.0828	35.1944	35.2267	35.3218	36.2418
Sfa-CBas_090-Ex1-cssl	36.4773	36.4861	36.5169	36.5321	36.5697	36.5603	36.5412	36.5516	36.5382	36.5465	36.5513	36.5396	36.545	36.5284	36.5077	36.5167	36.5073	36.5045	36.5007	36.4966	36.4944	36.4768	36.449	36.4475	36.4287	36.4013	36.396	36.397	36.3765	36.3641	36.3614	36.3602	36.355	36.3504	36.3428	36.3418	36.3337	36.3181	36.3068	36.2998	36.2887	36.2927	36.2807	36.2774	36.2653	36.2475	36.2413	36.2192	36.236	36.2182	36.202	36.1921	36.1949	36.1922	36.1675	36.1658	36.1495	36.1629	36.1568	36.155	36.1464	36.1342	36.1052	36.0686	36.0666	36.088	36.0392	36.053	36.0728	36.0638	36.0268	35.9978	35.9768	35.997	35.9792	35.9631	35.9505	35.9724	35.9497	35.928	35.9151	35.9397	35.91	35.9053	35.9096	35.8896	35.8913	35.8648	35.842	35.8183	35.8014	35.8167	35.823	35.8145	35.7871	35.7628	35.7542	35.7333	35.7693	35.74	35.7609	35.7492	35.7307	35.7187	35.7099	35.6955	35.6793	35.6843	35.6477	35.6423	35.6172	35.6085	35.5938	35.5978	35.6322	35.5881	35.5685	35.5878	35.5758	35.5519	35.5159	35.5399	35.5627	35.5353	35.5126	35.4919	35.4837	35.4545	35.4307	35.4913	35.4645	35.454	35.4151	35.4018	35.4129	35.3993	35.3523	35.4334	35.3715	35.3514	35.3242	35.3701	35.3779	35.2557	35.2039	35.2861	35.3825	35.408	35.4823	36.2832
Sfa-CBas_091-Ex1-cssl	36.4895	36.4818	36.5099	36.5202	36.5539	36.5512	36.5318	36.541	36.525	36.5279	36.5266	36.5118	36.514	36.5053	36.4862	36.4906	36.4786	36.479	36.4754	36.4653	36.4661	36.4486	36.4212	36.413	36.3984	36.3641	36.3595	36.3627	36.3385	36.3255	36.3233	36.3172	36.315	36.3128	36.3018	36.3013	36.2859	36.2732	36.2579	36.2515	36.2401	36.2408	36.2306	36.2226	36.2078	36.1932	36.1834	36.1618	36.1735	36.1561	36.139	36.134	36.1346	36.1359	36.1117	36.1037	36.0829	36.093	36.0951	36.0909	36.0769	36.0725	36.0277	35.9982	35.9981	36.024	35.9726	35.9784	36.0	35.987	35.9571	35.9273	35.9036	35.93	35.9064	35.8908	35.8718	35.8944	35.8703	35.8545	35.8335	35.8601	35.8388	35.8274	35.831	35.8164	35.8084	35.7797	35.7581	35.7363	35.7248	35.7148	35.7294	35.7316	35.6987	35.677	35.6645	35.65	35.6827	35.6479	35.6588	35.6486	35.6272	35.6251	35.6046	35.5991	35.582	35.5807	35.5423	35.5364	35.5047	35.4942	35.4837	35.5	35.5218	35.4896	35.4572	35.4836	35.4665	35.4469	35.4027	35.423	35.4458	35.4234	35.3888	35.377	35.3778	35.3444	35.312	35.3827	35.3535	35.3343	35.2987	35.2816	35.2917	35.2809	35.2406	35.315	35.2608	35.2241	35.2061	35.2557	35.2489	35.152	35.0899	35.1722	35.2733	35.3081	35.3892	36.2592
Sfa-CBas_092-Ex1-cssl	36.4842	36.4862	36.5131	36.5353	36.5712	36.5646	36.5472	36.5573	36.5396	36.5452	36.5474	36.5337	36.5386	36.5261	36.5084	36.5125	36.4999	36.505	36.4972	36.4896	36.4911	36.4732	36.446	36.4384	36.4258	36.3905	36.3874	36.3923	36.3711	36.356	36.3539	36.3501	36.3461	36.3489	36.3369	36.3341	36.3215	36.3071	36.2921	36.2849	36.2788	36.2743	36.2688	36.2563	36.2478	36.2336	36.2208	36.2059	36.216	36.1959	36.1829	36.173	36.1815	36.1788	36.1593	36.1487	36.1335	36.1369	36.1502	36.1454	36.1302	36.1183	36.0875	36.0559	36.052	36.0842	36.0272	36.0375	36.0621	36.0486	36.0206	35.9923	35.9737	35.9908	35.9722	35.9611	35.9429	35.9586	35.9412	35.9234	35.9095	35.9346	35.9109	35.8983	35.9004	35.8914	35.8814	35.8589	35.8356	35.8163	35.8059	35.802	35.8132	35.8162	35.7844	35.7618	35.7469	35.7389	35.7715	35.7414	35.7611	35.7498	35.7233	35.7141	35.7037	35.6953	35.676	35.6803	35.6392	35.6407	35.6115	35.6046	35.5996	35.6081	35.6336	35.6029	35.5671	35.5885	35.5857	35.5627	35.5182	35.5363	35.5657	35.5445	35.5133	35.4929	35.4931	35.4635	35.4339	35.5058	35.4696	35.4557	35.4217	35.4024	35.4231	35.406	35.3706	35.4402	35.3795	35.3514	35.3251	35.3783	35.3666	35.2677	35.2161	35.2949	35.3981	35.4074	35.4775	36.2896
Sfa-CBas_096-Ex1-cssl	36.5276	36.5037	36.5261	36.54	36.5716	36.5701	36.5486	36.554	36.5381	36.5444	36.5422	36.5293	36.5293	36.5186	36.4989	36.5037	36.4908	36.4964	36.4945	36.483	36.483	36.4657	36.4383	36.4318	36.4156	36.3862	36.3809	36.3865	36.3601	36.3508	36.3466	36.3431	36.3371	36.3403	36.3299	36.3316	36.3164	36.3008	36.2927	36.285	36.28	36.2765	36.2677	36.2608	36.2482	36.2362	36.2213	36.2082	36.2205	36.2039	36.1848	36.1824	36.1832	36.1798	36.1661	36.1579	36.14	36.1469	36.1579	36.1468	36.1386	36.1346	36.0992	36.0695	36.0665	36.0971	36.0457	36.0572	36.0711	36.0664	36.036	36.01	35.9836	36.008	35.9884	35.9748	35.9618	35.9806	35.959	35.9431	35.931	35.9525	35.9336	35.9219	35.9257	35.9091	35.8985	35.8774	35.8612	35.8493	35.8335	35.8251	35.8399	35.8448	35.8051	35.7919	35.7778	35.7585	35.7974	35.7688	35.7861	35.7731	35.7526	35.7395	35.7333	35.727	35.7081	35.7168	35.6697	35.6685	35.6459	35.6383	35.6251	35.6382	35.6664	35.6366	35.6032	35.6243	35.6185	35.5912	35.5548	35.5852	35.5939	35.5883	35.5524	35.5356	35.5389	35.5065	35.4767	35.5445	35.5135	35.5061	35.4695	35.4482	35.462	35.4564	35.4191	35.4882	35.4345	35.4073	35.3757	35.438	35.4308	35.3221	35.2749	35.3574	35.4528	35.4642	35.5269	36.3077
