Sample	1	2	3	4	5	6	7	8	9	10	11	12	13	14	15	16	17	18	19	20	21	22	23	24	25	26	27	28	29	30	31	32	33	34	35	36	37	38	39	40	41	42	43	44	45	46	47	48	49	50	51	52	53	54	55	56	57	58	59	60	61	62	63	64	65	66	67	68	69	70	71	72	73	74	75	76	77	78	79	80	81	82	83	84	85	86	87	88	89	90	91	92	93	94	95	96	97	98	99	100	101	102	103	104	105	106	107	108	109	110	111	112	113	114	115	116	117	118	119	120	121	122	123	124	125	126	127	128	129	130	131	132	133	134	135	136	137	138	139	140	141	142	143	144	145	146	147	148	149	150
Sfa-ABas_001-Ex1-cssl	0.0268843	0.0	3.57096e-05	0.0	5.10138e-06	1.02028e-05	0.00017344700000000002	0.0	0.0	9.18248e-05	0.0	0.0	0.0	0.0	0.0	0.0	1.02028e-05	0.0	0.0	0.0	0.0	0.0	0.0	0.00204565	0.0	0.0	0.0	5.10138e-06	0.0	0.0	0.0	0.000168345	2.04055e-05	5.1016599999999995e-06	0.0	0.0	0.0	0.0	0.0	5.1052199999999995e-06	0.0	0.0	0.0	0.0	0.0	0.0	0.0	0.0	0.000435378	0.0	0.0	0.0	0.0	0.0	0.0	0.0	0.0	0.0	0.0	0.0	0.0	0.0	0.0	0.0	0.0	5.22185e-06	8.89244e-05	0.0	1.0501500000000001e-05	0.0	5.27249e-06	0.0	0.0	0.0012155	0.0	0.0	0.0	0.0	0.0	0.0	5.40847e-06	0.0	0.0	0.0	0.0	0.0	0.0	0.0	0.0	0.0	1.1316e-05	7.97961e-05	0.0	0.0	0.0	0.0	5.99274e-06	0.0	0.0	0.0021101799999999997	0.0	0.0	0.0	0.0	0.0	0.0	0.0	0.0	0.0	0.0	0.0	0.0	0.0	0.0	0.0	0.0	0.0	0.0	0.0	0.0	9.81869e-06	0.0	2.06934e-05	1.06269e-05	0.0013755599999999998	1.12163e-05	0.0	4.7405e-05	1.2185700000000001e-05	0.0	0.0	1.32665e-05	9.55748e-05	0.0	0.0	0.0	0.0	0.0	0.0	0.0	0.0	0.0	0.0	1.90084e-05	1.9597e-05	2.0222499999999998e-05	0.0	8.62748e-05	0.0	0.0
Sfa-ABas_002-Ex1-cssl	0.027778600000000004	0.0	3.94396e-05	0.0	0.0	0.0	0.000157758	0.0	0.0	0.00010517199999999999	0.0	0.0	0.0	0.0	0.0	0.0	1.97198e-05	0.0	0.0	0.0	0.0	0.0	0.0	0.00211659	0.0	0.0	0.0	0.0	0.0	0.0	0.0	0.000151185	4.6012799999999994e-05	1.31475e-05	0.0	0.0	0.0	0.0	0.0	1.31598e-05	0.0	0.0	0.0	0.0	0.0	0.0	0.0	0.0	0.000416085	0.0	0.0	0.0	0.0	0.0	0.0	0.0	0.0	0.0	0.0	0.0	0.0	0.0	0.0	0.0	0.0	0.0	0.00011478499999999999	6.7652800000000006e-06	2.03363e-05	0.0	1.36149e-05	0.0	0.0	0.0013161100000000001	0.0	0.0	0.0	0.0	0.0	0.0	0.0	0.0	0.0	0.0	0.0	0.0	0.0	0.0	0.0	0.0	2.19312e-05	8.09593e-05	0.0	0.0	0.0	0.0	0.0	0.0	0.0	0.00204818	0.0	0.0	0.0	0.0	0.0	0.0	0.0	0.0	0.0	0.0	0.0	0.0	0.0	0.0	0.0	0.0	0.0	1.08774e-05	0.0	0.0	0.0	1.18314e-05	0.0	1.2356500000000001e-05	0.0016043099999999999	2.5832499999999997e-05	0.0	1.35141e-05	0.0	0.0	0.0	0.0	3.04072e-05	0.0	0.0	0.0	0.0	0.0	0.0	0.0	0.0	0.0	0.0	0.000140614	2.0612e-05	0.0	2.17424e-05	0.00011182	0.0	0.0
Sfa-ABas_003-Ex1-cssl	0.027902899999999998	0.0	6.33678e-05	0.0	7.0408599999999995e-06	0.0	0.000147858	0.0	0.0	7.04086e-05	0.0	0.0	0.0	0.0	0.0	0.0	7.0408599999999995e-06	0.0	0.0	0.0	0.0	0.0	0.0	0.0021685899999999998	0.0	0.0	0.0	0.0	0.0	0.0	0.0	0.000119695	2.8163400000000002e-05	0.0	0.0	0.0	0.0	0.0	0.0	0.0	0.0	0.0	0.0	0.0	0.0	0.0	0.0	0.0	0.00047363900000000004	0.0	0.0	0.0	0.0	0.0	0.0	0.0	0.0	0.0	0.0	0.0	0.0	0.0	0.0	0.0	0.0	0.0	0.000101055	0.0	0.0	0.0	0.0	0.0	0.0	0.00138445	0.0	0.0	0.0	0.0	0.0	0.0	7.467269999999999e-06	0.0	0.0	0.0	0.0	0.0	0.0	0.0	0.0	0.0	1.56248e-05	9.440740000000001e-05	0.0	0.0	0.0	0.0	0.0	0.0	0.0	0.0023498399999999997	0.0	0.0	0.0	0.0	9.21606e-06	0.0	9.53767e-06	0.0	0.0	0.0	0.0	0.0	0.0	0.0	0.0	0.0	0.0	1.18948e-05	0.0	0.0	0.0	0.0	0.0	0.0	0.0013569300000000001	0.0	0.0	0.0	0.0	0.0	0.0	1.6694799999999998e-05	3.42725e-05	0.0	0.0	0.0	0.0	0.0	0.0	0.0	0.0	0.0	0.0	0.000187352	0.0	2.48473e-05	0.0	2.6426099999999998e-05	0.0	0.0
Sfa-ABas_004-Ex1-cssl	0.0272697	0.0	4.59638e-05	0.0	1.31325e-05	6.56626e-06	0.000124759	0.0	0.0	8.53614e-05	0.0	0.0	0.0	0.0	0.0	0.0	2.6265e-05	0.0	0.0	0.0	0.0	0.0	0.0	0.0023769900000000003	0.0	0.0	0.0	0.0	0.0	0.0	0.0	0.00011162599999999999	3.93976e-05	0.0	0.0	0.0	0.0	0.0	0.0	2.6291000000000003e-05	0.0	0.0	0.0	0.0	0.0	0.0	0.0	0.0	0.00048184499999999995	0.0	0.0	0.0	0.0	0.0	0.0	0.0	0.0	0.0	0.0	0.0	0.0	0.0	0.0	0.0	0.0	0.0	0.00010154700000000001	6.78457e-06	6.800080000000001e-06	0.0	6.83378e-06	0.0	0.0	0.0014054	0.0	0.0	0.0	0.0	0.0	0.0	7.0491299999999995e-06	0.0	0.0	0.0	0.0	0.0	0.0	0.0	0.0	0.0	7.42156e-06	5.98267e-05	0.0	0.0	0.0	0.0	7.85643e-06	0.0	0.0	0.00204098	0.0	0.0	0.0	0.0	0.0	0.0	0.0	0.0	0.0	0.0	0.0	0.0	0.0	0.0	0.0	0.0	0.0	4.58313e-05	0.0	0.0	0.0	0.0	0.0	0.0	0.0014339799999999998	0.0	0.0	4.3798400000000004e-05	0.0	0.0	0.0	0.0	6.66376e-05	0.0	0.0	0.0	0.0	0.0	0.0	0.0	0.0	0.0	0.0	0.000137861	0.0	0.0	2.5218799999999996e-05	2.6069399999999998e-05	0.0	0.0
Sfa-ABas_005-Ex1-cssl	0.0261371	0.0	4.04913e-05	0.0	0.0	2.0245599999999998e-05	0.00020920500000000001	0.0	0.0	0.00011472499999999998	0.0	0.0	0.0	0.0	0.0	0.0	2.69942e-05	0.0	0.0	1.34971e-05	0.0	0.0	0.0	0.00226076	0.0	0.0	0.0	0.0	0.0	0.0	0.0	0.000188959	4.04913e-05	0.0	0.0	0.0	0.0	0.0	0.0	2.02752e-05	0.0	0.0	0.0	0.0	0.0	0.0	0.0	0.0	0.000530328	0.0	0.0	0.0	0.0	0.0	0.0	0.0	0.0	0.0	0.0	0.0	0.0	0.0	0.0	0.0	0.0	0.0	7.75422e-05	7.0715299999999995e-06	0.0	0.0	0.0	0.0	0.0	0.00140154	0.0	0.0	0.0	0.0	0.0	0.0	0.0	0.0	0.0	0.0	0.0	0.0	0.0	0.0	0.0	0.0	7.94539e-06	7.21173e-05	0.0	0.0	0.0	0.0	8.44044e-06	0.0	0.0	0.00217697	8.90379e-06	0.0	0.0	0.0	0.0	0.0	0.0	0.0	0.0	0.0	0.0	0.0	0.0	0.0	0.0	0.0	0.0	2.4482e-05	0.0	0.0	0.0	0.0	2.7441399999999998e-05	2.80918e-05	0.0015394900000000001	0.0	1.5106500000000002e-05	1.5486800000000002e-05	0.0	3.25918e-05	0.0	1.71589e-05	8.808210000000001e-05	0.0	0.0	0.0	0.0	0.0	0.0	0.0	0.0	0.0	0.0	4.81399e-05	0.0	0.0	0.0	0.00010882100000000001	0.0	0.0
Sfa-ABas_006-Ex1-cssl	0.027168599999999998	0.0	4.16825e-05	0.0	8.33649e-06	8.33649e-06	0.000158393	0.0	0.0	0.00010003800000000001	0.0	0.0	0.0	0.0	0.0	0.0	1.6673e-05	0.0	0.0	0.0	0.0	0.0	0.0	0.00223418	0.0	0.0	0.0	0.0	0.0	0.0	0.0	0.00016673	2.5009500000000002e-05	0.0	0.0	0.0	0.0	0.0	0.0	0.0	0.0	0.0	0.0	0.0	0.0	0.0	0.0	0.0	0.000520124	0.0	0.0	0.0	0.0	0.0	0.0	0.0	0.0	0.0	0.0	0.0	0.0	0.0	0.0	0.0	0.0	0.0	7.78369e-05	0.0	1.73926e-05	0.0	0.0	0.0	0.0	0.00147556	0.0	8.900259999999999e-06	0.0	0.0	0.0	0.0	1.81656e-05	0.0	0.0	0.0	0.0	0.0	0.0	0.0	0.0	0.0	2.88762e-05	7.76334e-05	0.0	0.0	0.0	0.0	1.02029e-05	0.0	0.0	0.00225893	1.0758e-05	1.09192e-05	0.0	0.0	0.0	0.0	1.1874e-05	0.0	0.0	0.0	0.0	0.0	0.0	0.0	0.0	0.0	0.0	0.0	1.52214e-05	0.0	0.0	0.0	0.0	1.71275e-05	0.00157961	0.0	0.0	0.0	0.0	0.0	0.0	0.0	0.000108058	0.0	0.0	0.0	0.0	0.0	0.0	0.0	0.0	0.0	0.0	5.97265e-05	0.0	0.0	0.0	0.000101748	0.0	0.0
Sfa-ABas_007-Ex1-cssl	0.026908599999999998	0.0	4.7662e-05	0.0	3.40443e-05	6.80886e-06	0.000170221	0.0	0.0	7.48974e-05	0.0	0.0	0.0	0.0	0.0	0.0	2.0426600000000002e-05	0.0	0.0	0.0	0.0	0.0	0.0	0.0024239500000000002	0.0	0.0	0.0	0.0	0.0	0.0	0.0	0.000163413	4.08531e-05	0.0	0.0	0.0	0.0	0.0	0.0	1.36304e-05	0.0	0.0	0.0	0.0	0.0	0.0	0.0	0.0	0.000540265	0.0	0.0	0.0	0.0	0.0	0.0	0.0	0.0	0.0	0.0	0.0	0.0	0.0	0.0	0.0	0.0	0.0	7.672009999999999e-05	6.98624e-06	1.39972e-05	0.0	0.0	0.0	0.0	0.00156197	0.0	0.0	0.0	0.0	0.0	0.0	0.0	0.0	0.0	0.0	0.0	0.0	0.0	0.0	0.0	0.0	7.5011900000000004e-06	6.04264e-05	0.0	0.0	0.0	0.0	0.0	0.0	0.0	0.002053	0.0	0.0	0.0	0.0	0.0	0.0	0.0	0.0	0.0	0.0	0.0	0.0	0.0	0.0	0.0	0.0	0.0	0.0	0.0	0.0	2.4701999999999998e-05	0.0	1.2958500000000001e-05	0.0	0.0013736900000000001	0.0	0.0	4.4009200000000005e-05	0.0	1.54483e-05	0.0	1.62832e-05	0.000117048	0.0	0.0	0.0	0.0	0.0	0.0	0.0	0.0	0.0	0.0	9.17637e-05	0.0	0.0	2.51175e-05	7.781240000000001e-05	0.0	0.0
Sfa-ABas_008-Ex1-cssl	0.0274076	0.0	3.28235e-05	0.0	0.0	0.0	0.000150988	0.0	0.0	6.56469e-05	0.0	0.0	0.0	0.0	0.0	0.0	1.96941e-05	0.0	0.0	6.56469e-06	0.0	0.0	0.0	0.00225825	0.0	0.0	0.0	0.0	0.0	6.56469e-06	0.0	0.0001116	2.6258800000000003e-05	0.0	0.0	0.0	0.0	0.0	0.0	1.97085e-05	0.0	0.0	0.0	0.0	0.0	0.0	0.0	0.0	0.000375396	0.0	0.0	0.0	0.0	0.0	0.0	0.0	0.0	0.0	0.0	0.0	0.0	0.0	0.0	0.0	0.0	0.0	0.000113506	0.0	1.33859e-05	0.0	0.0	0.0	0.0	0.00138166	0.0	1.3522099999999999e-05	0.0	0.0	0.0	0.0	0.0	0.0	0.0	0.0	0.0	0.0	0.0	0.0	0.0	0.0	2.82024e-05	0.000113441	0.0	0.0	0.0	0.0	0.0	1.48628e-05	0.0	0.00217046	0.0	0.0	0.0	0.0	0.0	0.0	8.33318e-06	0.0	0.0	0.0	0.0	0.0	0.0	0.0	0.0	0.0	0.0	3.02187e-05	0.0	0.0	1.0678e-05	0.0	2.2229399999999998e-05	4.53675e-05	0.00157464	1.18199e-05	0.0	1.2331399999999999e-05	0.0	2.57656e-05	0.0	1.3468599999999998e-05	5.5104499999999994e-05	0.0	0.0	0.0	0.0	0.0	0.0	0.0	0.0	0.0	0.0	0.000107933	1.8444300000000002e-05	1.89205e-05	0.0	7.97944e-05	0.0	0.0
Sfa-ABas_009-Ex1-cssl	0.026455899999999997	0.0	2.86319e-05	0.0	5.72639e-06	0.0	0.00019469700000000002	0.0	0.0	0.000108801	0.0	0.0	0.0	0.0	0.0	0.0	2.29055e-05	0.0	0.0	0.0	0.0	0.0	0.0	0.00231919	0.0	0.0	0.0	0.0	0.0	0.0	0.0	0.000183244	4.00847e-05	0.0	0.0	0.0	0.0	0.0	0.0	5.7304e-06	0.0	0.0	0.0	0.0	0.0	0.0	0.0	0.0	0.000373326	0.0	0.0	0.0	0.0	0.0	0.0	0.0	5.76636e-06	0.0	0.0	0.0	0.0	0.0	0.0	0.0	0.0	0.0	0.00011047800000000001	0.0	2.3309799999999998e-05	0.0	5.84141e-06	0.0	0.0	0.00131371	0.0	0.0	0.0	0.0	0.0	0.0	5.93339e-06	0.0	0.0	0.0	0.0	0.0	0.0	0.0	0.0	0.0	3.0630100000000003e-05	0.00012936500000000002	0.0	0.0	0.0	0.0	6.404e-06	0.0	0.0	0.00216398	0.0	0.0	0.0	0.0	0.0	0.0	7.33213e-06	0.0	0.0	0.0	0.0	0.0	0.0	0.0	0.0	0.0	0.0	0.0	0.0	0.0	0.0	0.0	0.0	2.08621e-05	0.00135668	0.0	0.0	8.04924e-05	0.0	0.0	0.0	1.2735699999999999e-05	5.22971e-05	0.0	0.0	0.0	0.0	0.0	0.0	0.0	0.0	0.0	0.0	0.00017785	0.0	1.8853e-05	1.9433e-05	8.023390000000001e-05	0.0	0.0
Sfa-ABas_010-Ex1-cssl	0.026344600000000003	0.0	4.48473e-05	6.406760000000001e-06	6.406760000000001e-06	6.406760000000001e-06	0.00011532199999999999	0.0	0.0	5.12541e-05	0.0	0.0	0.0	0.0	0.0	0.0	6.406760000000001e-06	0.0	0.0	0.0	0.0	0.0	0.0	0.00218471	0.0	0.0	0.0	0.0	0.0	0.0	0.0	0.000108915	2.5627099999999997e-05	0.0	0.0	0.0	0.0	0.0	0.0	6.4106900000000004e-06	0.0	0.0	0.0	0.0	0.0	0.0	0.0	0.0	0.000514254	0.0	0.0	0.0	0.0	0.0	0.0	0.0	0.0	0.0	0.0	0.0	0.0	0.0	0.0	0.0	0.0	0.0	6.5456e-05	0.0	0.0	0.0	0.0	0.0	0.0	0.00143867	0.0	0.0	0.0	0.0	0.0	0.0	0.0	0.0	0.0	0.0	0.0	0.0	0.0	0.0	0.0	0.0	1.4048500000000001e-05	7.06958e-05	0.0	0.0	0.0	0.0	1.47581e-05	7.4597800000000004e-06	0.0	0.00219928	0.0	0.0	0.0	0.0	0.0	0.0	0.0	0.0	0.0	0.0	0.0	0.0	0.0	0.0	0.0	0.0	0.0	0.0	0.0	0.0	1.1062e-05	0.0	0.0	0.0	0.00144999	2.4722e-05	0.0	2.58994e-05	0.0	1.35769e-05	0.0	0.0	7.30702e-05	0.0	0.0	0.0	0.0	0.0	0.0	0.0	0.0	0.0	0.0	9.80466e-05	0.0	0.0	0.0	2.19675e-05	0.0	0.0
Sfa-ABas_013-Ex1-cssl	0.026633100000000003	0.0	3.69733e-05	6.16221e-06	6.16221e-06	6.16221e-06	0.000197191	0.0	0.0	9.24331e-05	0.0	0.0	0.0	0.0	0.0	0.0	1.2324399999999998e-05	0.0	0.0	0.0	0.0	0.0	0.0	0.00226153	0.0	0.0	0.0	0.0	0.0	0.0	0.0	0.000172542	4.31355e-05	0.0	0.0	0.0	0.0	0.0	0.0	6.16659e-06	0.0	0.0	0.0	0.0	0.0	0.0	0.0	0.0	0.00046367900000000004	0.0	0.0	0.0	0.0	0.0	0.0	0.0	0.0	0.0	0.0	0.0	0.0	0.0	0.0	0.0	0.0	0.0	8.78353e-05	0.0	0.0	0.0	6.30838e-06	0.0	0.0	0.0012487099999999999	0.0	0.0	0.0	0.0	0.0	0.0	0.0	0.0	0.0	0.0	0.0	0.0	0.0	0.0	0.0	0.0	6.650630000000001e-06	7.35626e-05	0.0	0.0	0.0	0.0	1.3887e-05	0.0	0.0	0.00214098	0.0	0.0	0.0	0.0	0.0	0.0	0.0	0.0	0.0	0.0	0.0	0.0	0.0	0.0	0.0	0.0	0.0	9.50484e-06	0.0	0.0	0.0	1.02854e-05	1.0499200000000001e-05	1.07165e-05	0.0015540600000000001	2.23586e-05	0.0	3.5009500000000004e-05	0.0	0.0	0.0	1.27683e-05	3.91954e-05	0.0	0.0	0.0	0.0	0.0	0.0	0.0	0.0	0.0	0.0	0.000137678	0.0	0.0	1.86303e-05	7.66665e-05	0.0	0.0
Sfa-ABas_014-Ex1-cssl	0.0264075	0.0	4.1391e-05	0.0	0.0	0.0	0.000144869	0.0	0.0	7.24343e-05	0.0	0.0	0.0	0.0	0.0	0.0	0.0	0.0	0.0	0.0	0.0	0.0	0.0	0.00196607	0.0	0.0	0.0	0.0	0.0	0.0	0.0	0.000144869	4.1391e-05	0.0	0.0	0.0	0.0	0.0	0.0	0.0	0.0	0.0	0.0	0.0	0.0	0.0	0.0	0.0	0.000342516	0.0	0.0	0.0	0.0	0.0	0.0	0.0	0.0	0.0	0.0	0.0	0.0	0.0	0.0	0.0	0.0	0.0	8.422220000000001e-05	0.0	1.05551e-05	0.0	2.11687e-05	0.0	0.0	0.0012442100000000002	0.0	0.0	0.0	0.0	0.0	0.0	1.07821e-05	0.0	0.0	0.0	0.0	0.0	0.0	0.0	0.0	0.0	0.0	6.74802e-05	0.0	0.0	0.0	0.0	0.0	0.0	0.0	0.00211029	0.0	0.0	0.0	0.0	0.0	0.0	0.0	0.0	0.0	0.0	0.0	0.0	0.0	0.0	0.0	0.0	0.0	1.6614700000000002e-05	0.0	0.0	0.0	0.0	1.85155e-05	3.78651e-05	0.00106509	1.98131e-05	0.0	2.0748999999999997e-05	0.0	2.17605e-05	0.0	0.0	7.01656e-05	0.0	0.0	0.0	0.0	0.0	0.0	0.0	0.0	0.0	0.0	6.20578e-05	0.0	0.0	0.0	3.46051e-05	0.0	0.0
Sfa-ABas_016-Ex1-cssl	0.0268453	0.0	3.0963499999999996e-05	0.0	6.192699999999999e-06	0.0	0.00015481700000000002	0.0	0.0	9.28904e-05	0.0	0.0	0.0	0.0	0.0	0.0	1.8578099999999998e-05	0.0	0.0	6.192699999999999e-06	0.0	0.0	0.0	0.00233465	0.0	0.0	0.0	0.0	0.0	0.0	0.0	0.00015481700000000002	2.4770799999999997e-05	0.0	0.0	0.0	0.0	0.0	0.0	6.1983599999999996e-06	0.0	0.0	0.0	0.0	0.0	0.0	0.0	0.0	0.000491185	0.0	0.0	0.0	0.0	0.0	0.0	0.0	0.0	0.0	0.0	0.0	0.0	0.0	0.0	0.0	0.0	0.0	8.215679999999999e-05	0.0	2.53514e-05	0.0	6.356920000000001e-06	0.0	0.0	0.0013224	0.0	0.0	0.0	0.0	0.0	0.0	0.0	0.0	0.0	0.0	0.0	0.0	0.0	0.0	0.0	0.0	1.34453e-05	8.1172e-05	0.0	0.0	0.0	0.0	7.04961e-06	0.0	0.0	0.0022316000000000003	0.0	0.0	0.0	0.0	0.0	0.0	0.0	0.0	0.0	0.0	0.0	0.0	0.0	0.0	0.0	0.0	0.0	0.0	0.0	0.0	0.0	0.0	0.0	1.1212300000000001e-05	0.00136386	1.17161e-05	0.0	1.22549e-05	0.0	1.2830200000000001e-05	0.0	0.0	6.88313e-05	0.0	0.0	0.0	0.0	0.0	0.0	0.0	0.0	0.0	0.0	3.63751e-05	0.0	0.0	0.0	2.0267700000000002e-05	0.0	0.0
Sfa-ABas_017-Ex1-cssl	0.0275987	0.0	5.28205e-05	0.0	6.602560000000001e-06	6.602560000000001e-06	0.000191474	0.0	0.0	0.000112244	0.0	0.0	0.0	0.0	0.0	0.0	6.602560000000001e-06	0.0	0.0	0.0	0.0	0.0	0.0	0.00236372	0.0	0.0	0.0	0.0	0.0	0.0	0.0	0.000198077	3.3012800000000003e-05	0.0	0.0	0.0	0.0	0.0	0.0	0.0	0.0	0.0	0.0	0.0	0.0	0.0	0.0	0.0	0.00045049300000000005	0.0	0.0	0.0	0.0	0.0	0.0	0.0	0.0	0.0	0.0	0.0	0.0	0.0	0.0	0.0	0.0	0.0	6.7326e-05	0.0	1.35042e-05	0.0	0.0	0.0	0.0	0.00132127	0.0	0.0	0.0	0.0	0.0	0.0	0.0	0.0	0.0	0.0	0.0	0.0	0.0	0.0	0.0	0.0	7.19044e-06	8.68454e-05	0.0	0.0	0.0	0.0	0.0	7.64818e-06	0.0	0.0023676	0.0	0.0	0.0	0.0	0.0	0.0	0.0	0.0	0.0	0.0	0.0	0.0	0.0	0.0	0.0	0.0	0.0	1.0968799999999999e-05	0.0	0.0	0.0	1.20316e-05	0.0	1.2621099999999998e-05	0.00142266	0.0	0.0	0.0	0.0	0.0	0.0	3.0942300000000004e-05	0.000127043	0.0	0.0	0.0	0.0	0.0	0.0	0.0	0.0	0.0	0.0	0.00017333	2.2298e-05	0.0	0.0	9.772060000000001e-05	0.0	0.0
Sfa-ABas_018-Ex1-cssl	0.027062899999999997	0.0	3.34937e-05	0.0	6.69874e-06	0.0	0.000147372	0.0	0.0	8.70837e-05	0.0	0.0	0.0	0.0	0.0	0.0	6.69874e-06	0.0	0.0	0.0	0.0	0.0	0.0	0.00217039	0.0	0.0	0.0	0.0	0.0	0.0	0.0	0.000133975	2.6795e-05	0.0	0.0	0.0	0.0	0.0	0.0	0.0	0.0	0.0	0.0	0.0	0.0	0.0	0.0	0.0	0.00036951999999999997	0.0	0.0	0.0	0.0	0.0	0.0	0.0	0.0	0.0	0.0	0.0	0.0	0.0	0.0	0.0	0.0	0.0	8.16716e-05	0.0	2.04647e-05	0.0	0.0	0.0	6.85725e-06	0.0012635300000000001	0.0	0.0	0.0	0.0	0.0	0.0	0.0	0.0	0.0	0.0	0.0	0.0	0.0	0.0	0.0	0.0	1.4323199999999999e-05	6.478839999999999e-05	0.0	0.0	7.33827e-06	0.0	7.458330000000001e-06	0.0	0.0	0.00215143	0.0	0.0	0.0	0.0	0.0	0.0	8.42045e-06	0.0	0.0	0.0	0.0	0.0	0.0	0.0	0.0	0.0	0.0	1.01891e-05	1.0389400000000001e-05	0.0	0.0	0.0	0.0	0.0	0.00126923	1.20101e-05	0.0	5.02245e-05	0.0	0.0	0.0	2.7509600000000002e-05	7.03978e-05	0.0	0.0	0.0	0.0	0.0	0.0	0.0	0.0	0.0	0.0	0.00016815	1.91825e-05	0.0	0.0	4.17226e-05	0.0	0.0
Sfa-ABas_019-Ex1-cssl	0.0270327	0.0	3.72248e-05	0.0	1.48899e-05	7.44497e-06	0.000148899	0.0	0.0	6.700469999999999e-05	0.0	0.0	0.0	0.0	0.0	0.0	7.44497e-06	0.0	0.0	0.0	0.0	0.0	0.0	0.00218882	0.0	0.0	0.0	0.0	0.0	0.0	0.0	0.000134009	2.97799e-05	0.0	0.0	0.0	0.0	0.0	0.0	0.0	0.0	0.0	0.0	0.0	0.0	0.0	0.0	0.0	0.000418849	0.0	0.0	0.0	0.0	0.0	0.0	0.0	0.0	0.0	0.0	0.0	0.0	0.0	0.0	0.0	0.0	0.0	9.166549999999999e-05	0.0	1.53339e-05	0.0	7.69767e-06	0.0	0.0	0.0013947299999999998	0.0	0.0	0.0	0.0	0.0	0.0	0.0	0.0	0.0	0.0	0.0	0.0	0.0	0.0	0.0	0.0	1.64735e-05	0.00011607800000000001	0.0	0.0	0.0	0.0	1.7319200000000002e-05	0.0	0.0	0.00217934	0.0	0.0	0.0	0.0	0.0	0.0	0.0	0.0	0.0	0.0	0.0	0.0	0.0	0.0	0.0	0.0	0.0	1.23116e-05	0.0	0.0	0.0	0.0	0.0	2.8067500000000002e-05	0.00149262	1.46855e-05	0.0	3.07754e-05	0.0	3.22722e-05	0.0	0.0	0.000104124	0.0	0.0	0.0	0.0	0.0	0.0	0.0	0.0	0.0	0.0	0.000231879	0.0	0.0	2.51913e-05	2.59428e-05	0.0	0.0
Sfa-ABas_020-Ex1-cssl	0.0261077	0.0	4.22455e-05	0.0	0.0	0.0	0.000126737	0.0	0.0	8.4491e-05	0.0	0.0	0.0	0.0	0.0	0.0	0.0	0.0	0.0	0.0	0.0	0.0	0.0	0.00228126	0.0	0.0	0.0	0.0	0.0	0.0	0.0	0.000105614	4.22455e-05	0.0	0.0	0.0	0.0	0.0	0.0	0.0	0.0	0.0	0.0	0.0	0.0	0.0	0.0	0.0	0.00033862899999999996	0.0	0.0	0.0	0.0	0.0	0.0	0.0	0.0	0.0	0.0	0.0	0.0	0.0	0.0	0.0	0.0	0.0	7.47334e-05	0.0	0.0	0.0	0.0	0.0	0.0	0.0013542399999999998	0.0	0.0	0.0	0.0	0.0	0.0	0.0	0.0	0.0	0.0	0.0	0.0	0.0	0.0	0.0	0.0	0.0	7.86779e-05	0.0	0.0	0.0	0.0	0.0	0.0	0.0	0.0021666199999999997	0.0	0.0	0.0	0.0	0.0	0.0	0.0	0.0	0.0	0.0	0.0	0.0	0.0	0.0	0.0	0.0	0.0	1.59032e-05	0.0	0.0	0.0	0.0	1.74662e-05	1.7796499999999998e-05	0.00166865	5.55045e-05	0.0	0.0	0.0	6.01209e-05	0.0	0.0	0.00017042900000000002	0.0	0.0	0.0	0.0	0.0	0.0	0.0	0.0	0.0	0.0	5.40049e-05	0.0	0.0	2.8866500000000002e-05	8.86318e-05	0.0	0.0
Sfa-ABas_021-Ex1-cssl	0.0272792	0.0	5.16977e-05	0.0	0.0	0.0	0.000189558	0.0	0.0	8.61629e-05	0.0	0.0	0.0	0.0	0.0	0.0	0.0	0.0	0.0	0.0	0.0	0.0	0.0	0.0024642600000000002	0.0	0.0	0.0	0.0	0.0	0.0	0.0	0.00017232600000000002	1.72326e-05	0.0	0.0	0.0	0.0	0.0	0.0	0.0	0.0	0.0	0.0	0.0	0.0	0.0	0.0	0.0	0.000328279	0.0	0.0	0.0	0.0	0.0	0.0	0.0	0.0	0.0	0.0	0.0	0.0	0.0	0.0	0.0	0.0	0.0	6.99587e-05	0.0	0.0	0.0	0.0	0.0	0.0	0.0013234199999999998	0.0	0.0	0.0	0.0	0.0	0.0	0.0	0.0	0.0	0.0	0.0	0.0	0.0	0.0	0.0	0.0	0.0	7.4569e-05	0.0	0.0	0.0	0.0	0.0	0.0	0.0	0.00219862	0.0	0.0	0.0	0.0	0.0	0.0	0.0	0.0	0.0	0.0	0.0	0.0	0.0	0.0	0.0	0.0	0.0	2.82e-05	0.0	0.0	0.0	0.0	3.17027e-05	0.0	0.00182968	0.0	0.0	0.0	0.0	0.0	0.0	3.98106e-05	0.000163457	0.0	0.0	0.0	0.0	0.0	0.0	0.0	0.0	0.0	0.0	0.0	0.0	0.0	0.0	0.000188827	0.0	0.0
Sfa-ABas_022-Ex1-cssl	0.0263594	0.0	5.02084e-05	7.17262e-06	0.0	0.0	0.000129107	0.0	0.0	8.607149999999999e-05	0.0	0.0	0.0	0.0	0.0	0.0	7.17262e-06	0.0	0.0	0.0	0.0	0.0	0.0	0.00239566	0.0	0.0	0.0	0.0	0.0	0.0	0.0	0.000107589	1.4345200000000001e-05	0.0	0.0	0.0	0.0	0.0	0.0	7.17614e-06	0.0	0.0	0.0	0.0	0.0	0.0	0.0	0.0	0.0005823649999999999	0.0	0.0	0.0	0.0	0.0	0.0	0.0	0.0	0.0	0.0	0.0	0.0	0.0	0.0	0.0	0.0	0.0	8.00695e-05	0.0	7.29637e-06	0.0	0.0	0.0	0.0	0.00147643	0.0	0.0	0.0	0.0	0.0	0.0	0.0	0.0	0.0	0.0	0.0	0.0	0.0	0.0	0.0	0.0	0.0	6.95879e-05	0.0	0.0	0.0	0.0	1.60628e-05	8.11064e-06	0.0	0.00232885	0.0	0.0	0.0	0.0	0.0	0.0	0.0	0.0	0.0	0.0	0.0	0.0	0.0	0.0	0.0	0.0	0.0	0.0	0.0	0.0	0.0	1.20079e-05	0.0	1.25212e-05	0.00133016	1.3068900000000001e-05	0.0	4.0982e-05	0.0	1.4289799999999998e-05	0.0	1.49588e-05	1.53081e-05	0.0	0.0	0.0	0.0	0.0	0.0	0.0	0.0	0.0	0.0	6.05532e-05	2.07116e-05	2.12735e-05	2.18459e-05	6.73898e-05	0.0	0.0
Sfa-ABas_023-Ex1-cssl	0.027222200000000002	0.0	5.01946e-05	8.36577e-06	8.36577e-06	0.0	0.00010875500000000001	0.0	0.0	4.18289e-05	0.0	0.0	0.0	0.0	0.0	0.0	8.36577e-06	0.0	0.0	0.0	0.0	0.0	0.0	0.00230895	0.0	0.0	0.0	0.0	0.0	0.0	0.0	9.20235e-05	1.67315e-05	0.0	0.0	0.0	0.0	0.0	0.0	0.0	0.0	0.0	0.0	0.0	0.0	0.0	0.0	0.0	0.000411929	0.0	0.0	0.0	0.0	0.0	0.0	0.0	0.0	0.0	0.0	0.0	0.0	0.0	0.0	0.0	0.0	0.0	0.000128881	8.608039999999999e-06	0.0	0.0	8.659650000000001e-06	0.0	0.0	0.0012989199999999998	0.0	0.0	0.0	0.0	0.0	0.0	0.0	0.0	0.0	0.0	0.0	0.0	0.0	0.0	0.0	0.0	1.85906e-05	0.000131075	0.0	0.0	0.0	0.0	9.81642e-06	0.0	0.0	0.0021392	0.0	0.0	0.0	0.0	0.0	0.0	0.0	0.0	0.0	0.0	0.0	0.0	0.0	0.0	0.0	0.0	0.0	0.0	0.0	0.0	1.5128199999999999e-05	0.0	1.58329e-05	0.0	0.00144294	0.0	0.0	3.56684e-05	0.0	3.74961e-05	0.0	0.0	4.0466700000000003e-05	0.0	0.0	0.0	0.0	0.0	0.0	0.0	0.0	0.0	0.0	0.00010948699999999999	0.0	0.0	0.0	3.0781600000000004e-05	0.0	0.0
Sfa-ABas_024-Ex1-cssl	0.027642299999999998	0.0	4.8495299999999996e-05	0.0	0.0	8.08255e-06	0.000202064	0.0	0.0	0.00010507299999999999	0.0	0.0	0.0	0.0	0.0	0.0	3.23302e-05	0.0	0.0	0.0	0.0	0.0	0.0	0.00218229	0.0	0.0	0.0	0.0	0.0	0.0	0.0	0.000202064	4.04128e-05	0.0	0.0	0.0	0.0	0.0	0.0	0.0	0.0	0.0	0.0	0.0	0.0	0.0	0.0	0.0	0.000380933	0.0	0.0	0.0	0.0	0.0	0.0	0.0	0.0	0.0	0.0	0.0	0.0	0.0	0.0	0.0	0.0	0.0	0.00010663799999999999	0.0	8.220560000000001e-06	0.0	0.0	0.0	0.0	0.0014142199999999999	0.0	0.0	0.0	0.0	0.0	0.0	0.0	0.0	0.0	0.0	0.0	0.0	0.0	0.0	0.0	0.0	8.62329e-06	9.536720000000001e-05	0.0	0.0	0.0	0.0	0.0	9.08295e-06	0.0	0.00231953	0.0	0.0	0.0	0.0	0.0	0.0	0.0	0.0	0.0	0.0	0.0	0.0	0.0	0.0	0.0	0.0	0.0	3.70968e-05	0.0	0.0	1.3130299999999999e-05	0.0	0.0	2.7950300000000002e-05	0.00145593	0.0	1.49126e-05	3.0493999999999996e-05	0.0	0.0	0.0	0.0	0.000136857	0.0	0.0	0.0	0.0	0.0	0.0	0.0	0.0	0.0	0.0	6.78353e-05	0.0	0.0	0.0	0.000151282	0.0	0.0
Sfa-ABas_025-Ex1-cssl	0.027202200000000003	0.0	0.000155557	0.0	2.029e-05	2.029e-05	0.000175847	0.0	0.0	7.43968e-05	0.0	0.0	0.0	0.0	0.0	0.0	0.0	0.0	0.0	0.0	0.0	0.0	0.0	0.0025092	0.0	0.0	0.0	0.0	0.0	0.0	0.0	0.000175847	2.7053399999999997e-05	0.0	0.0	0.0	0.0	0.0	0.0	6.7839e-06	0.0	0.0	0.0	0.0	0.0	0.0	0.0	0.0	0.000699435	0.0	0.0	0.0	0.0	0.0	0.0	0.0	0.0	0.0	0.0	0.0	0.0	0.0	0.0	0.0	0.0	0.0	7.97217e-05	7.2808199999999995e-06	1.4630500000000002e-05	0.0	1.4775999999999999e-05	0.0	0.0	0.0016441799999999999	0.0	7.59465e-06	0.0	0.0	0.0	0.0	7.84379e-06	0.0	0.0	0.0	0.0	0.0	0.0	0.0	0.0	0.0	1.70637e-05	7.76433e-05	0.0	0.0	0.0	0.0	0.0	1.8711e-05	0.0	0.00231087	0.0	0.0	0.0	0.0	0.0	0.0	0.0	0.0	0.0	0.0	0.0	0.0	0.0	0.0	0.0	0.0	0.0	0.0	1.47573e-05	0.0	1.55556e-05	1.59757e-05	1.64087e-05	3.37103e-05	0.0015414299999999999	0.0	0.0	1.88269e-05	0.0	0.0	0.0	2.11317e-05	0.00010876	0.0	0.0	0.0	0.0	0.0	0.0	0.0	0.0	0.0	0.0	9.185339999999999e-05	0.0	3.26468e-05	0.0	6.982990000000001e-05	0.0	0.0
Sfa-ABas_026-Ex1-cssl	0.027419500000000003	0.0	2.0670599999999998e-05	0.0	5.16764e-06	0.0	0.000155029	0.0	0.0	0.000113688	0.0	0.0	0.0	0.0	0.0	0.0	0.0	0.0	0.0	0.0	0.0	0.0	0.0	0.00232544	0.0	0.0	0.0	0.0	0.0	0.0	0.0	0.000149862	3.6173499999999995e-05	0.0	0.0	0.0	0.0	0.0	0.0	5.1712199999999994e-06	0.0	0.0	0.0	0.0	0.0	0.0	0.0	0.0	0.00044594000000000003	0.0	0.0	0.0	0.0	0.0	0.0	0.0	0.0	0.0	0.0	0.0	0.0	0.0	0.0	0.0	0.0	0.0	5.27312e-05	0.0	0.0	0.0	0.0	0.0	0.0	0.00142419	0.0	0.0	0.0	0.0	0.0	0.0	0.0	0.0	0.0	0.0	0.0	0.0	0.0	0.0	0.0	0.0	5.62842e-06	6.23058e-05	0.0	0.0	0.0	0.0	5.9137799999999995e-06	5.979439999999999e-06	0.0	0.0021813600000000002	0.0	0.0	0.0	0.0	0.0	0.0	0.0	0.0	0.0	0.0	0.0	0.0	0.0	0.0	0.0	0.0	0.0	0.0	0.0	0.0	2.73147e-05	0.0	0.0	9.76528e-06	0.0012704	2.0502199999999998e-05	1.05087e-05	2.1552899999999998e-05	0.0	0.0	0.0	1.19416e-05	7.35411e-05	0.0	0.0	0.0	0.0	0.0	0.0	0.0	0.0	0.0	0.0	8.35443e-05	0.0	1.77116e-05	1.8246400000000002e-05	5.64781e-05	0.0	0.0
Sfa-ABas_027-Ex1-cssl	0.027080399999999998	0.0	2.43584e-05	0.0	6.0896e-06	1.21792e-05	0.000176598	0.0	0.0	7.91647e-05	0.0	0.0	0.0	0.0	0.0	0.0	6.0896e-06	0.0	0.0	6.0896e-06	0.0	0.0	0.0	0.00227751	0.0	6.0896e-06	0.0	0.0	0.0	0.0	0.0	0.000164419	1.82688e-05	0.0	0.0	0.0	0.0	0.0	0.0	6.0961e-06	0.0	0.0	0.0	0.0	0.0	0.0	0.0	0.0	0.000465245	0.0	0.0	0.0	0.0	0.0	0.0	0.0	0.0	0.0	0.0	0.0	0.0	0.0	0.0	0.0	0.0	0.0	8.15137e-05	0.0	2.51855e-05	0.0	6.3247100000000005e-06	0.0	0.0	0.0013442600000000001	0.0	0.0	0.0	0.0	0.0	0.0	0.0	0.0	0.0	0.0	0.0	0.0	0.0	0.0	0.0	0.0	4.07367e-05	8.88192e-05	0.0	0.0	0.0	0.0	7.107690000000001e-06	1.4355e-05	0.0	0.0021627499999999997	0.0	0.0	0.0	0.0	0.0	0.0	0.0	0.0	0.0	0.0	0.0	0.0	0.0	0.0	0.0	0.0	0.0	0.0	0.0	0.0	0.0	0.0	1.0603299999999999e-05	0.0	0.0012802	1.12651e-05	0.0	2.3489400000000002e-05	0.0	1.22592e-05	0.0	0.0	3.92917e-05	0.0	0.0	0.0	0.0	0.0	0.0	0.0	0.0	0.0	0.0	5.14691e-05	0.0	0.0	0.0	3.81313e-05	0.0	0.0
Sfa-ABas_028-Ex1-cssl	0.0270498	0.0	3.7187e-05	0.0	0.0	0.0	0.00017106	0.0	0.0	8.92488e-05	0.0	0.0	0.0	0.0	0.0	0.0	2.23122e-05	0.0	0.0	7.4374e-06	0.0	0.0	0.0	0.00220147	0.0	0.0	0.0	0.0	0.0	0.0	0.0	0.000141311	2.97496e-05	0.0	0.0	0.0	0.0	0.0	0.0	7.441390000000001e-06	0.0	0.0	0.0	0.0	0.0	0.0	0.0	0.0	0.00043984799999999995	0.0	0.0	0.0	0.0	0.0	0.0	0.0	0.0	0.0	0.0	0.0	0.0	0.0	0.0	0.0	0.0	0.0	6.78809e-05	0.0	2.26766e-05	0.0	0.0	0.0	0.0	0.00151393	0.0	0.0	0.0	0.0	0.0	0.0	0.0	0.0	0.0	0.0	0.0	0.0	0.0	0.0	0.0	0.0	3.17478e-05	6.38189e-05	0.0	0.0	0.0	0.0	8.2629e-06	8.33847e-06	0.0	0.00229694	0.0	0.0	0.0	8.92587e-06	0.0	0.0	0.0	0.0	0.0	0.0	0.0	0.0	0.0	0.0	0.0	0.0	0.0	2.23413e-05	1.1379799999999999e-05	0.0	0.0	1.20464e-05	0.0	1.2529899999999998e-05	0.00130393	0.0	0.0	0.0	0.0	1.41889e-05	0.0	0.0	4.54554e-05	0.0	0.0	0.0	0.0	0.0	0.0	0.0	0.0	0.0	0.0	3.93753e-05	0.0	0.0	0.0	0.00010905	0.0	0.0
Sfa-ABas_029-Ex1-cssl	0.026917500000000004	0.0	3.31906e-05	0.0	1.65953e-05	2.48929e-05	0.00017425	0.0	0.0	6.63811e-05	0.0	0.0	0.0	0.0	0.0	0.0	2.48929e-05	8.29764e-06	0.0	2.48929e-05	0.0	0.0	0.0	0.00223207	0.0	8.29764e-06	0.0	0.0	0.0	0.0	0.0	0.00014935800000000002	1.65953e-05	0.0	0.0	0.0	0.0	0.0	0.0	2.49222e-05	0.0	0.0	0.0	8.31932e-06	0.0	0.0	0.0	0.0	0.00045894599999999995	0.0	0.0	0.0	0.0	0.0	0.0	0.0	0.0	0.0	0.0	0.0	0.0	0.0	0.0	0.0	0.0	0.0	5.9917e-05	0.0	8.59776e-06	8.61803e-06	0.0	0.0	0.0	0.00131454	0.0	0.0	0.0	0.0	0.0	0.0	0.0	0.0	0.0	0.0	0.0	0.0	0.0	0.0	0.0	0.0	0.0	3.75817e-05	0.0	0.0	0.0	0.0	0.0	0.0	0.0	0.00192249	0.0	0.0	0.0	0.0	0.0	0.0	1.1262700000000001e-05	0.0	0.0	0.0	0.0	0.0	0.0	0.0	0.0	0.0	0.0	0.0	0.0	0.0	0.0	0.0	0.0	1.56515e-05	0.00131203	0.0	0.0	3.4239399999999996e-05	0.0	0.0	0.0	0.0	3.8551000000000004e-05	0.0	0.0	0.0	0.0	0.0	0.0	0.0	0.0	0.0	0.0	0.000102544	0.0	0.0	2.78392e-05	8.600010000000001e-05	0.0	0.0
Sfa-ABas_030-Ex1-cssl	0.027315100000000002	0.0	7.80837e-05	0.0	0.0	7.09852e-06	0.000134872	0.0	0.0	7.80837e-05	0.0	0.0	0.0	0.0	0.0	0.0	2.83941e-05	0.0	0.0	7.09852e-06	0.0	0.0	0.0	0.00235671	0.0	0.0	0.0	0.0	0.0	0.0	0.0	0.000134872	1.4197e-05	0.0	0.0	0.0	0.0	0.0	0.0	1.4230900000000001e-05	0.0	0.0	0.0	0.0	0.0	0.0	0.0	0.0	0.0005175760000000001	0.0	0.0	0.0	0.0	0.0	0.0	0.0	0.0	0.0	0.0	0.0	0.0	0.0	0.0	0.0	0.0	0.0	9.917989999999999e-05	7.66801e-06	7.70826e-06	0.0	0.0	0.0	0.0	0.00128552	0.0	0.0	0.0	0.0	0.0	0.0	0.0	0.0	0.0	0.0	0.0	0.0	0.0	0.0	0.0	0.0	0.0	9.240990000000001e-05	0.0	0.0	0.0	0.0	9.912290000000001e-06	0.0	0.0	0.0021078200000000003	0.0	0.0	0.0	0.0	0.0	0.0	0.0	0.0	0.0	0.0	0.0	0.0	0.0	0.0	0.0	0.0	0.0	1.58315e-05	0.0	0.0	1.7200200000000002e-05	0.0	0.0	3.74645e-05	0.0014080199999999998	1.98584e-05	0.0	2.1078199999999998e-05	0.0	2.2394799999999998e-05	0.0	0.0	4.91515e-05	0.0	0.0	0.0	0.0	0.0	0.0	0.0	0.0	0.0	0.0	0.00014141	0.0	0.0	0.0	8.13969e-05	0.0	0.0
Sfa-ABas_031-Ex1-cssl	0.0263275	0.0	4.60673e-05	0.0	0.0	0.0	0.00023033699999999997	0.0	0.0	8.44568e-05	0.0	0.0	0.0	0.0	0.0	0.0	3.07115e-05	0.0	0.0	0.0	0.0	0.0	0.0	0.00217284	0.0	0.0	0.0	0.0	0.0	0.0	0.0	0.000184269	2.30337e-05	0.0	0.0	0.0	0.0	0.0	0.0	7.686e-06	0.0	0.0	0.0	0.0	0.0	0.0	0.0	0.0	0.000378197	0.0	0.0	0.0	0.0	0.0	0.0	0.0	7.779820000000001e-06	0.0	0.0	0.0	0.0	0.0	0.0	0.0	0.0	0.0	9.4965e-05	0.0	3.9751999999999995e-05	0.0	0.0	0.0	0.0	0.0012322400000000001	0.0	0.0	0.0	0.0	0.0	0.0	0.0	0.0	0.0	0.0	0.0	0.0	0.0	0.0	0.0	0.0	8.610189999999999e-06	6.92984e-05	0.0	0.0	0.0	0.0	0.0	0.0	0.0	0.0020136299999999998	0.0	0.0	0.0	0.0	0.0	0.0	0.0	0.0	0.0	0.0	0.0	0.0	0.0	0.0	0.0	0.0	0.0	0.0	0.0	0.0	0.0	0.0	2.4476399999999998e-05	1.2422799999999999e-05	0.0013993	0.0	0.0	2.63759e-05	0.0	0.0	0.0	1.4065500000000001e-05	4.29157e-05	0.0	0.0	0.0	0.0	0.0	0.0	0.0	0.0	0.0	0.0	7.03086e-05	0.0	0.0	0.0	7.61976e-05	0.0	0.0
Sfa-ABas_032-Ex1-cssl	0.0264653	0.0	7.11859e-05	0.0	1.58191e-05	0.0	0.000134462	0.0	0.0	9.491460000000001e-05	0.0	0.0	0.0	0.0	0.0	0.0	7.90955e-06	0.0	0.0	7.90955e-06	0.0	0.0	0.0	0.00225422	0.0	0.0	0.0	0.0	0.0	0.0	0.0	0.000158191	3.16382e-05	0.0	0.0	0.0	0.0	0.0	0.0	7.919330000000001e-06	0.0	0.0	0.0	0.0	0.0	0.0	0.0	0.0	0.000453572	0.0	0.0	0.0	0.0	0.0	0.0	0.0	0.0	0.0	0.0	0.0	0.0	0.0	0.0	0.0	0.0	0.0	7.35573e-05	0.0	0.0	0.0	8.251549999999999e-06	0.0	8.29607e-06	0.00141431	0.0	0.0	0.0	0.0	0.0	0.0	8.50799e-06	0.0	0.0	0.0	0.0	0.0	0.0	0.0	0.0	0.0	2.68134e-05	9.0033e-05	0.0	0.0	0.0	0.0	0.0	0.0	0.0	0.0021693899999999998	0.0	0.0	0.0	0.0	0.0	0.0	0.0	0.0	0.0	0.0	0.0	0.0	0.0	0.0	0.0	0.0	0.0	0.0	0.0	0.0	0.0	0.0	1.4940900000000001e-05	0.0	0.00106322	0.0	0.0	5.0323699999999994e-05	0.0	0.0	0.0	3.69984e-05	9.48464e-05	0.0	0.0	0.0	0.0	0.0	0.0	0.0	0.0	0.0	0.0	2.5568399999999997e-05	5.25927e-05	2.7073799999999998e-05	2.78666e-05	2.8726899999999998e-05	0.0	0.0
Sfa-ABas_033-Ex1-cssl	0.0269831	0.0	9.31019e-05	0.0	3.83361e-05	1.09532e-05	0.000164297	0.0	0.0	9.31019e-05	0.0	0.0	0.0	0.0	0.0	0.0	1.09532e-05	0.0	0.0	0.0	0.0	0.0	0.0	0.00228373	0.0	0.0	0.0	0.0	0.0	0.0	5.47658e-06	0.00016977399999999998	2.19063e-05	0.0	0.0	0.0	0.0	0.0	0.0	5.48503e-06	0.0	0.0	0.0	0.0	0.0	0.0	0.0	0.0	0.000524299	0.0	0.0	0.0	0.0	0.0	0.0	5.57179e-06	5.5815199999999995e-06	0.0	0.0	0.0	0.0	0.0	0.0	0.0	0.0	0.0	7.42526e-05	0.0	2.29817e-05	0.0	1.15637e-05	0.0	0.0	0.00131434	0.0	5.8849e-06	0.0	0.0	0.0	0.0	0.0	0.0	0.0	0.0	0.0	0.0	0.0	0.0	0.0	0.0	1.27364e-05	4.49387e-05	0.0	0.0	0.0	0.0	0.0	0.0	6.9220299999999995e-06	0.00213279	0.0	0.0	0.0	0.0	0.0	0.0	0.0	0.0	0.0	0.0	0.0	0.0	0.0	0.0	0.0	0.0	0.0	1.95577e-05	0.0	0.0	0.0	0.0	0.0	4.4926700000000005e-05	0.0014960099999999999	0.0	0.0	1.2396200000000002e-05	0.0	1.30504e-05	0.0	1.37559e-05	5.65123e-05	0.0	0.0	0.0	0.0	0.0	0.0	0.0	0.0	0.0	0.0	7.790259999999999e-05	0.0	0.0	2.1356499999999998e-05	8.83029e-05	0.0	0.0
Sfa-ABas_034-Ex1-cssl	0.027774300000000002	0.0	5.24836e-05	0.0	5.24836e-06	0.0	0.00019943800000000002	0.0	0.0	0.00012071199999999999	0.0	0.0	0.0	0.0	0.0	0.0	3.67385e-05	0.0	0.0	0.0	0.0	0.0	0.0	0.00238276	0.0	0.0	0.0	0.0	0.0	0.0	0.0	0.00020993399999999997	5.24836e-05	0.0	0.0	0.0	0.0	0.0	0.0	1.05079e-05	0.0	0.0	0.0	0.0	0.0	0.0	0.0	0.0	0.000590982	0.0	0.0	0.0	0.0	0.0	0.0	0.0	0.0	0.0	0.0	0.0	0.0	0.0	0.0	0.0	0.0	0.0	0.000146294	0.0	1.6334799999999998e-05	0.0	0.0	0.0	0.0	0.00141343	0.0	0.0	0.0	0.0	0.0	0.0	0.0	0.0	0.0	0.0	0.0	0.0	0.0	0.0	0.0	0.0	2.9761100000000002e-05	0.000155834	0.0	0.0	0.0	0.0	0.0	6.32047e-06	0.0	0.0023131700000000002	0.0	6.62208e-06	0.0	6.79793e-06	0.0	0.0	0.0	0.0	0.0	0.0	0.0	0.0	0.0	0.0	0.0	0.0	0.0	0.0	0.0	0.0	0.0	0.0	0.0	9.610070000000001e-06	0.00130434	2.00229e-05	0.0	3.13268e-05	0.0	0.0	0.0	2.28017e-05	0.000139932	0.0	0.0	0.0	0.0	0.0	0.0	0.0	0.0	0.0	0.0	0.000122086	1.5652e-05	1.6068899999999998e-05	1.64931e-05	6.78284e-05	0.0	0.0
Sfa-ABas_035-Ex1-cssl	0.0272954	0.0	3.57832e-05	0.0	7.1566400000000005e-06	7.1566400000000005e-06	0.000178916	0.0	0.0	0.00010019300000000001	0.0	0.0	0.0	0.0	0.0	0.0	7.1566400000000005e-06	0.0	0.0	0.0	0.0	0.0	0.0	0.0021183699999999996	0.0	0.0	0.0	0.0	0.0	0.0	0.0	0.000157446	6.44098e-05	0.0	0.0	0.0	0.0	0.0	0.0	0.0	0.0	0.0	0.0	0.0	0.0	0.0	0.0	0.0	0.000445062	0.0	0.0	0.0	0.0	0.0	0.0	0.0	0.0	0.0	0.0	0.0	0.0	0.0	0.0	0.0	0.0	0.0	0.000116616	0.0	7.30795e-06	0.0	7.328980000000001e-06	0.0	0.0	0.00142129	0.0	0.0	0.0	0.0	0.0	0.0	0.0	0.0	0.0	0.0	0.0	0.0	0.0	0.0	0.0	0.0	1.55188e-05	0.000132804	0.0	0.0	0.0	8.09382e-06	8.184550000000001e-06	0.0	0.0	0.00217745	0.0	0.0	0.0	0.0	0.0	0.0	9.55291e-06	0.0	0.0	0.0	0.0	0.0	0.0	0.0	0.0	0.0	0.0	0.0	0.0	0.0	0.0	1.3335000000000002e-05	0.0	1.40298e-05	0.0013103	0.0	0.0	6.23495e-05	0.0	0.0	0.0	1.7405900000000002e-05	5.37099e-05	0.0	0.0	0.0	0.0	0.0	0.0	0.0	0.0	0.0	0.0	0.00012529	0.0	0.0	2.7563399999999998e-05	0.000171206	0.0	0.0
Sfa-CBas_001-Ex1-cssl	0.0257085	0.0	8.0289e-06	0.0	0.0	0.0	0.000128462	0.0	0.0	7.22601e-05	0.0	0.0	0.0	0.0	0.0	0.0	1.60578e-05	0.0	0.0	0.0	0.0	0.0	0.0	0.0017984700000000001	0.0	0.0	0.0	0.0	0.0	0.0	0.0	0.000112405	4.01445e-05	8.02966e-06	0.0	0.0	0.0	0.0	0.0	0.0	0.0	0.0	0.0	0.0	0.0	0.0	0.0	0.0	0.000201119	0.0	0.0	0.0	0.0	0.0	0.0	0.0	0.0	0.0	0.0	0.0	0.0	0.0	0.0	0.0	0.0	0.0	0.000113109	0.0	2.4254e-05	0.0	0.0	0.0	0.0	0.00093964	0.0	0.0	0.0	0.0	0.0	0.0	0.0	0.0	0.0	0.0	0.0	0.0	0.0	0.0	0.0	0.0	1.64022e-05	0.000114954	0.0	0.0	0.0	0.0	0.0	0.0	0.0	0.00172376	0.0	0.0	0.0	0.0	0.0	0.0	0.0	0.0	0.0	0.0	0.0	0.0	0.0	0.0	0.0	0.0	0.0	0.0	0.0	0.0	8.91548e-06	0.0	8.99181e-06	1.80634e-05	0.0011973700000000001	9.1117e-06	0.0	9.20005e-06	0.0	1.85788e-05	0.0	0.0	5.66072e-05	0.0	0.0	0.0	0.0	0.0	0.0	0.0	0.0	0.0	0.0	0.00012117100000000001	0.0	2.0481e-05	1.03162e-05	3.12156e-05	0.0	0.0
Sfa-CBas_002-Ex1-cssl	0.0263126	0.0	3.16856e-05	4.5265100000000005e-06	0.0	9.053020000000001e-06	0.00014032200000000002	0.0	0.0	9.505680000000001e-05	0.0	0.0	0.0	0.0	0.0	0.0	4.5265100000000005e-06	0.0	0.0	0.0	0.0	0.0	0.0	0.00202788	0.0	0.0	0.0	0.0	0.0	0.0	0.0	0.00015390100000000002	3.62121e-05	0.0	0.0	0.0	0.0	0.0	0.0	0.0	0.0	0.0	0.0	0.0	0.0	0.0	0.0	0.0	0.0002949	0.0	0.0	0.0	0.0	0.0	0.0	0.0	0.0	0.0	0.0	0.0	0.0	0.0	0.0	0.0	0.0	0.0	0.000104979	0.0	1.37069e-05	0.0	0.0	0.0	0.0	0.00114568	0.0	0.0	0.0	0.0	0.0	0.0	0.0	0.0	0.0	0.0	0.0	0.0	0.0	0.0	0.0	0.0	2.33386e-05	0.000107561	0.0	0.0	0.0	0.0	0.0	4.74285e-06	0.0	0.00209467	0.0	0.0	0.0	0.0	0.0	0.0	0.0	0.0	0.0	0.0	0.0	0.0	0.0	0.0	0.0	0.0	0.0	1.03116e-05	5.18382e-06	0.0	1.0484199999999999e-05	5.27223e-06	0.0	3.2013e-05	0.00144396	0.0	0.0	3.28196e-05	0.0	5.54165e-06	0.0	0.0	5.65659e-05	0.0	0.0	0.0	0.0	0.0	0.0	0.0	0.0	0.0	0.0	9.892049999999999e-05	1.2470800000000001e-05	6.29435e-06	1.90625e-05	5.78208e-05	0.0	0.0
Sfa-CBas_003-Ex1-cssl	0.024975699999999997	0.0	1.3715400000000001e-05	0.0	6.85769e-06	0.0	0.000137154	0.0	0.0	6.85769e-05	0.0	0.0	0.0	0.0	0.0	0.0	6.85769e-06	0.0	0.0	6.85769e-06	0.0	0.0	0.0	0.00183786	0.0	0.0	0.0	0.0	0.0	0.0	0.0	0.000109723	2.7430800000000002e-05	6.8584e-06	0.0	0.0	0.0	0.0	0.0	6.86275e-06	0.0	0.0	0.0	0.0	0.0	0.0	0.0	0.0	0.000185556	0.0	0.0	0.0	0.0	0.0	0.0	0.0	0.0	0.0	0.0	0.0	0.0	0.0	0.0	0.0	0.0	0.0	0.000145071	0.0	2.0741e-05	0.0	0.0	0.0	0.0	0.00101871	0.0	0.0	0.0	0.0	0.0	0.0	0.0	0.0	0.0	0.0	0.0	0.0	0.0	0.0	0.0	0.0	2.10892e-05	0.000147835	0.0	0.0	0.0	0.0	0.0	0.0	0.0	0.00185232	0.0	0.0	0.0	0.0	0.0	0.0	0.0	0.0	0.0	0.0	0.0	0.0	0.0	0.0	0.0	0.0	0.0	7.60845e-06	0.0	0.0	0.0	0.0	0.0	1.56361e-05	0.00131185	0.0	0.0	3.18997e-05	0.0	8.05839e-06	0.0	1.62946e-05	4.09625e-05	0.0	0.0	0.0	0.0	0.0	0.0	0.0	0.0	0.0	8.75187e-06	0.000158571	8.86884e-06	8.93807e-06	9.0068e-06	9.999299999999999e-05	0.0	0.0
Sfa-CBas_006-Ex1-cssl	0.0274341	0.0	1.22255e-05	0.0	1.22255e-05	1.22255e-05	0.000146706	0.0	0.0	7.33531e-05	0.0	0.0	0.0	0.0	0.0	0.0	1.22255e-05	0.0	0.0	0.0	0.0	0.0	0.0	0.0019071799999999999	0.0	0.0	0.0	0.0	0.0	0.0	0.0	0.00012225500000000001	3.66765e-05	0.0	0.0	0.0	0.0	0.0	0.0	0.0	0.0	0.0	0.0	0.0	0.0	0.0	0.0	0.0	0.000171278	0.0	0.0	0.0	0.0	0.0	0.0	0.0	0.0	0.0	0.0	0.0	0.0	0.0	0.0	0.0	0.0	0.0	2.45027e-05	0.0	1.22545e-05	0.0	0.0	0.0	0.0	0.00100563	0.0	0.0	0.0	0.0	0.0	0.0	0.0	0.0	0.0	0.0	0.0	0.0	0.0	0.0	0.0	0.0	1.2339e-05	2.46984e-05	0.0	0.0	0.0	0.0	0.0	0.0	0.0	0.0017453	0.0	0.0	0.0	0.0	0.0	0.0	0.0	0.0	0.0	0.0	0.0	0.0	0.0	0.0	0.0	0.0	0.0	0.0	0.0	0.0	0.0	0.0	0.0	1.3229900000000002e-05	0.00122116	2.66333e-05	0.0	1.3415e-05	0.0	0.0	0.0	0.0	5.47697e-05	0.0	0.0	0.0	0.0	0.0	0.0	0.0	0.0	0.0	0.0	5.7933500000000004e-05	1.4555400000000001e-05	0.0	1.47295e-05	8.900499999999999e-05	0.0	0.0
Sfa-CBas_007-Ex1-cssl	0.0242115	0.0	0.0	0.0	0.0	0.0	0.00019003	0.0	0.0	0.00011229000000000001	0.0	0.0	0.0	0.0	0.0	0.0	8.63771e-06	0.0	0.0	0.0	0.0	0.0	0.0	0.00169299	0.0	0.0	0.0	0.0	0.0	0.0	0.0	0.000172754	1.72754e-05	0.0	0.0	0.0	0.0	0.0	0.0	8.64419e-06	0.0	0.0	0.0	0.0	0.0	0.0	0.0	0.0	0.000173118	0.0	0.0	0.0	0.0	0.0	0.0	0.0	0.0	0.0	0.0	0.0	0.0	0.0	0.0	0.0	0.0	0.0	7.82499e-05	0.0	2.6102100000000002e-05	0.0	0.0	0.0	0.0	0.000897941	0.0	8.72621e-06	0.0	0.0	0.0	0.0	0.0	0.0	0.0	0.0	0.0	0.0	0.0	0.0	0.0	0.0	8.83136e-06	0.000106121	0.0	0.0	0.0	0.0	8.9193e-06	0.0	0.0	0.0017869499999999998	0.0	0.0	0.0	0.0	0.0	0.0	0.0	0.0	0.0	0.0	0.0	0.0	0.0	0.0	0.0	0.0	0.0	0.0	0.0	0.0	0.0	0.0	0.0	9.80171e-06	0.0011916399999999999	0.0	0.0	2.9993000000000002e-05	0.0	2.0203e-05	0.0	1.02119e-05	0.000112974	0.0	0.0	0.0	0.0	0.0	0.0	0.0	0.0	0.0	0.0	0.00012149	1.11215e-05	0.0	1.1288000000000001e-05	3.41756e-05	0.0	0.0
Sfa-CBas_008-Ex1-cssl	0.0270491	0.0	2.16105e-05	0.0	0.0	7.203490000000001e-06	0.000172884	0.0	0.0	8.64419e-05	0.0	0.0	0.0	0.0	0.0	0.0	7.203490000000001e-06	0.0	0.0	0.0	0.0	0.0	0.0	0.00190892	0.0	0.0	0.0	0.0	0.0	0.0	0.0	0.00015847700000000002	1.4407e-05	0.0	0.0	0.0	0.0	0.0	0.0	7.20994e-06	0.0	0.0	0.0	0.0	0.0	0.0	0.0	0.0	0.00023832299999999997	0.0	0.0	0.0	0.0	0.0	0.0	0.0	0.0	0.0	0.0	0.0	0.0	0.0	0.0	0.0	0.0	0.0	9.44057e-05	0.0	7.268400000000001e-06	0.0	0.0	0.0	0.0	0.00116601	0.0	0.0	0.0	0.0	0.0	0.0	0.0	0.0	0.0	0.0	0.0	0.0	0.0	0.0	0.0	0.0	0.0	9.641260000000001e-05	0.0	0.0	0.0	0.0	7.48966e-06	0.0	0.0	0.00188656	0.0	0.0	0.0	0.0	0.0	0.0	7.71491e-06	0.0	0.0	0.0	0.0	0.0	0.0	0.0	0.0	0.0	0.0	0.0	0.0	0.0	0.0	0.0	0.0	8.317759999999999e-06	0.00124577	0.0	0.0	8.50007e-06	0.0	0.0	0.0	0.0	7.00127e-05	0.0	0.0	0.0	0.0	0.0	0.0	0.0	0.0	0.0	0.0	0.00015134500000000002	0.0	9.60615e-06	9.68478e-06	1.95513e-05	0.0	0.0
Sfa-CBas_009-Ex1-cssl	0.026384200000000003	0.0	1.6147e-05	0.0	0.0	5.38234e-06	0.00016146999999999998	0.0	0.0	7.53528e-05	0.0	0.0	0.0	0.0	0.0	0.0	5.38234e-06	5.38234e-06	0.0	1.07647e-05	0.0	0.0	0.0	0.0019107299999999998	0.0	0.0	0.0	0.0	0.0	0.0	0.0	0.00016146999999999998	1.6147e-05	0.0	0.0	0.0	0.0	0.0	0.0	1.07721e-05	0.0	0.0	0.0	0.0	0.0	0.0	0.0	0.0	0.0001564	0.0	0.0	0.0	0.0	0.0	0.0	0.0	0.0	0.0	0.0	0.0	0.0	0.0	0.0	0.0	0.0	0.0	6.50207e-05	0.0	5.422559999999999e-06	0.0	0.0	0.0	0.0	0.0010978399999999999	0.0	0.0	0.0	0.0	0.0	0.0	0.0	0.0	0.0	0.0	0.0	0.0	0.0	0.0	0.0	0.0	1.65368e-05	6.62454e-05	0.0	0.0	0.0	0.0	0.0	0.0	0.0	0.0019861699999999998	5.62549e-06	0.0	0.0	0.0	0.0	0.0	0.0	0.0	0.0	0.0	0.0	0.0	0.0	0.0	0.0	0.0	0.0	0.0	0.0	0.0	0.0	0.0	0.0	6.167709999999999e-06	0.00130841	0.0	0.0	1.89098e-05	0.0	0.0	0.0	6.450969999999999e-06	3.8942699999999996e-05	0.0	0.0	0.0	0.0	0.0	0.0	0.0	0.0	0.0	6.96979e-06	8.42114e-05	7.06909e-06	7.1268e-06	0.0	7.98214e-05	0.0	0.0
Sfa-CBas_010-Ex1-cssl	0.0269032	0.0	0.0	0.0	0.0	0.0	0.000113205	0.0	0.0	7.35834e-05	0.0	0.0	0.0	0.0	0.0	0.0	5.6602599999999996e-06	0.0	0.0	0.0	0.0	0.0	0.0	0.00185657	0.0	0.0	0.0	0.0	0.0	0.0	0.0	0.000113205	3.3961600000000004e-05	0.0	0.0	0.0	0.0	0.0	0.0	0.0	0.0	0.0	0.0	0.0	0.0	0.0	0.0	0.0	0.00020984900000000002	0.0	0.0	0.0	0.0	0.0	0.0	0.0	0.0	0.0	0.0	0.0	0.0	0.0	0.0	0.0	0.0	0.0	5.1261099999999996e-05	0.0	0.0	0.0	5.703579999999999e-06	0.0	0.0	0.00108503	0.0	0.0	0.0	0.0	0.0	0.0	0.0	0.0	0.0	0.0	0.0	0.0	0.0	0.0	0.0	0.0	1.1569699999999999e-05	4.63453e-05	0.0	0.0	0.0	0.0	0.0	0.0	0.0	0.0021021	0.0	0.0	0.0	0.0	0.0	0.0	0.0	0.0	0.0	0.0	0.0	0.0	0.0	0.0	0.0	0.0	0.0	0.0	0.0	0.0	6.39602e-06	0.0	0.0	6.497440000000001e-06	0.0013326899999999999	6.56959e-06	0.0	2.65817e-05	0.0	6.725970000000001e-06	0.0	0.0	6.85557e-05	0.0	0.0	0.0	0.0	0.0	0.0	0.0	0.0	0.0	0.0	6.69301e-05	0.0	0.0	7.62346e-06	5.388659999999999e-05	0.0	0.0
Sfa-CBas_014-Ex1-cssl	0.0268752	0.0	2.01918e-05	0.0	0.0	0.0	0.000134612	0.0	0.0	8.74977e-05	0.0	0.0	0.0	0.0	0.0	0.0	1.3461199999999999e-05	0.0	0.0	6.7305900000000006e-06	0.0	0.0	0.0	0.00186437	0.0	0.0	0.0	0.0	0.0	0.0	0.0	0.00011442	1.3461199999999999e-05	0.0	0.0	0.0	0.0	0.0	0.0	1.3471199999999999e-05	0.0	0.0	0.0	0.0	0.0	0.0	0.0	0.0	0.000222568	0.0	0.0	0.0	0.0	0.0	0.0	0.0	0.0	0.0	0.0	0.0	0.0	0.0	0.0	0.0	0.0	0.0	0.000101615	0.0	6.77917e-06	0.0	0.0	0.0	0.0	0.00105291	0.0	0.0	0.0	0.0	0.0	0.0	0.0	0.0	0.0	0.0	0.0	0.0	0.0	0.0	0.0	0.0	0.0	9.649e-05	0.0	0.0	0.0	0.0	0.0	0.0	0.0	0.0019090099999999998	0.0	0.0	0.0	0.0	0.0	0.0	0.0	0.0	0.0	0.0	0.0	0.0	0.0	0.0	0.0	0.0	0.0	0.0	0.0	0.0	0.0	7.53234e-06	0.0	2.2799e-05	0.00123673	1.53379e-05	0.0	1.54828e-05	0.0	7.81734e-06	0.0	1.57946e-05	8.73197e-05	0.0	0.0	0.0	0.0	0.0	0.0	0.0	0.0	0.0	0.0	0.000152869	8.547e-06	8.61058e-06	8.67296e-06	9.62289e-05	0.0	0.0
Sfa-CBas_015-Ex1-cssl	0.0269116	0.0	0.0	0.0	0.0	0.0	0.000150168	0.0	0.0	7.90356e-05	0.0	0.0	0.0	0.0	0.0	0.0	1.58071e-05	0.0	0.0	0.0	0.0	0.0	0.0	0.00180992	0.0	0.0	0.0	0.0	0.0	0.0	0.0	0.000165975	4.74214e-05	0.0	0.0	0.0	0.0	0.0	0.0	0.0	0.0	0.0	0.0	0.0	0.0	0.0	0.0	0.0	0.00015045800000000002	0.0	0.0	0.0	0.0	0.0	0.0	0.0	0.0	0.0	0.0	0.0	0.0	0.0	0.0	0.0	0.0	0.0	8.74614e-05	0.0	2.38676e-05	0.0	0.0	0.0	0.0	0.0010281399999999999	0.0	0.0	0.0	0.0	0.0	0.0	0.0	0.0	0.0	0.0	0.0	0.0	0.0	0.0	0.0	0.0	2.41924e-05	8.07404e-05	0.0	0.0	0.0	0.0	0.0	0.0	0.0	0.0019489	0.0	0.0	0.0	0.0	0.0	0.0	0.0	0.0	0.0	0.0	0.0	0.0	0.0	0.0	0.0	0.0	0.0	0.0	0.0	0.0	0.0	0.0	8.93013e-06	8.977370000000001e-06	0.00125469	1.81521e-05	0.0	1.83545e-05	0.0	1.8574e-05	0.0	9.40273e-06	5.67836e-05	0.0	0.0	0.0	0.0	0.0	0.0	0.0	0.0	0.0	0.0	8.23323e-05	0.0	1.04653e-05	0.0	6.39728e-05	0.0	0.0
Sfa-CBas_016-Ex1-cssl	0.0261698	0.0	7.53956e-06	0.0	0.0	0.0	0.000135712	0.0	0.0	6.03165e-05	0.0	0.0	0.0	0.0	0.0	0.0	2.26187e-05	0.0	0.0	0.0	0.0	0.0	0.0	0.00175672	0.0	0.0	0.0	0.0	0.0	0.0	0.0	0.000135712	2.26187e-05	0.0	0.0	0.0	0.0	0.0	0.0	7.54533e-06	0.0	0.0	0.0	0.0	0.0	0.0	0.0	0.0	0.00015863	0.0	0.0	0.0	0.0	0.0	0.0	0.0	0.0	0.0	0.0	0.0	0.0	0.0	0.0	0.0	0.0	0.0	7.57905e-05	0.0	7.5829199999999996e-06	0.0	0.0	0.0	0.0	0.000987184	0.0	0.0	0.0	0.0	0.0	0.0	0.0	0.0	0.0	0.0	0.0	0.0	0.0	0.0	0.0	0.0	2.29762e-05	6.89919e-05	0.0	0.0	0.0	0.0	0.0	0.0	0.0	0.0019038	0.0	0.0	0.0	0.0	0.0	0.0	0.0	0.0	0.0	0.0	0.0	0.0	0.0	0.0	0.0	0.0	0.0	0.0	0.0	0.0	8.111250000000001e-06	0.0	8.15957e-06	8.18461e-06	0.00140398	8.23646e-06	0.0	8.2899e-06	0.0	8.34628e-06	0.0	0.0	6.75139e-05	0.0	0.0	0.0	0.0	0.0	0.0	0.0	0.0	0.0	0.0	0.000115448	0.0	0.0	0.0	8.17944e-05	0.0	0.0
Sfa-CBas_017-Ex1-cssl	0.0268499	0.0	2.19991e-05	0.0	0.0	0.0	0.000197992	0.0	0.0	0.000115495	0.0	0.0	0.0	0.0	0.0	0.0	1.09995e-05	0.0	0.0	0.0	0.0	0.0	0.0	0.00206792	0.0	0.0	0.0	0.0	0.0	0.0	0.0	0.000175993	4.9498e-05	0.0	0.0	0.0	0.0	0.0	0.0	5.50526e-06	0.0	0.0	0.0	0.0	0.0	0.0	0.0	0.0	0.000275811	0.0	0.0	0.0	0.0	0.0	0.0	0.0	0.0	0.0	0.0	0.0	0.0	0.0	0.0	0.0	0.0	0.0	7.77216e-05	0.0	5.5569e-06	0.0	0.0	0.0	0.0	0.00125924	0.0	0.0	0.0	0.0	0.0	0.0	0.0	0.0	0.0	0.0	0.0	0.0	0.0	0.0	0.0	0.0	0.0	7.93246e-05	0.0	0.0	0.0	0.0	0.0	0.0	0.0	0.0021062	0.0	0.0	0.0	0.0	0.0	0.0	0.0	0.0	0.0	0.0	0.0	0.0	0.0	0.0	0.0	0.0	0.0	6.10858e-06	0.0	0.0	1.2371599999999999e-05	1.24258e-05	0.0	6.268810000000001e-06	0.00134775	1.89819e-05	0.0	1.91653e-05	0.0	0.0	0.0	6.519860000000001e-06	9.17671e-05	0.0	0.0	0.0	0.0	0.0	0.0	0.0	0.0	0.0	6.98144e-06	9.132259999999999e-05	0.0	1.42466e-05	7.176819999999999e-06	5.0693e-05	0.0	0.0
Sfa-CBas_019-Ex1-cssl	0.0263165	0.0	2.18455e-05	0.0	7.28183e-06	0.0	0.000145637	0.0	0.0	7.28183e-05	0.0	0.0	0.0	0.0	0.0	0.0	0.0	0.0	0.0	0.0	0.0	0.0	0.0	0.00197337	0.0	0.0	0.0	0.0	0.0	0.0	0.0	0.000152918	7.28183e-06	0.0	0.0	0.0	0.0	0.0	0.0	0.0	0.0	0.0	0.0	0.0	0.0	0.0	0.0	0.0	0.000262868	0.0	0.0	0.0	0.0	0.0	0.0	0.0	0.0	0.0	0.0	0.0	0.0	0.0	0.0	0.0	0.0	0.0	5.14235e-05	0.0	7.35308e-06	0.0	0.0	0.0	0.0	0.0012017	0.0	0.0	0.0	0.0	0.0	0.0	0.0	0.0	0.0	0.0	0.0	0.0	0.0	0.0	0.0	0.0	0.0	5.99788e-05	0.0	0.0	0.0	0.0	0.0	0.0	0.0	0.00195014	0.0	0.0	0.0	0.0	0.0	0.0	0.0	0.0	0.0	0.0	0.0	0.0	0.0	0.0	0.0	0.0	0.0	0.0	0.0	0.0	0.0	0.0	0.0	0.0	0.0014535899999999998	8.39372e-06	0.0	2.5425700000000003e-05	0.0	0.0	0.0	8.64989e-06	8.6965e-05	0.0	0.0	0.0	0.0	0.0	0.0	0.0	0.0	0.0	0.0	9.30723e-05	9.36651e-06	0.0	1.9005100000000002e-05	5.75036e-05	0.0	0.0
Sfa-CBas_020-Ex1-cssl	0.0261081	0.0	7.90916e-06	0.0	0.0	0.0	0.000221457	0.0	0.0	0.000110728	0.0	0.0	0.0	0.0	0.0	0.0	7.90916e-06	0.0	0.0	0.0	0.0	0.0	0.0	0.00162929	0.0	0.0	0.0	0.0	0.0	0.0	0.0	0.000205638	3.16366e-05	0.0	0.0	0.0	0.0	0.0	0.0	0.0	0.0	0.0	0.0	0.0	0.0	0.0	0.0	0.0	0.000110905	0.0	0.0	0.0	0.0	0.0	0.0	0.0	0.0	0.0	0.0	0.0	0.0	0.0	0.0	0.0	0.0	0.0	6.3615e-05	0.0	0.0	0.0	0.0	0.0	0.0	0.0009965150000000001	0.0	0.0	0.0	0.0	0.0	0.0	0.0	0.0	0.0	0.0	0.0	0.0	0.0	0.0	0.0	0.0	0.0	6.46651e-05	0.0	0.0	0.0	0.0	0.0	8.17348e-06	0.0	0.0018067	0.0	0.0	0.0	0.0	0.0	0.0	0.0	0.0	0.0	0.0	0.0	0.0	0.0	0.0	0.0	0.0	0.0	0.0	0.0	0.0	0.0	0.0	0.0	0.0	0.0013741600000000001	9.1521e-06	0.0	3.70301e-05	0.0	1.87389e-05	0.0	9.48756e-06	0.000124137	0.0	0.0	0.0	0.0	0.0	0.0	0.0	0.0	0.0	0.0	9.33498e-05	0.0	0.0	0.0	5.3695599999999995e-05	0.0	0.0
Sfa-CBas_021-Ex1-cssl	0.025644399999999998	0.0	2.47851e-05	0.0	0.0	8.26171e-06	9.914050000000001e-05	0.0	0.0	5.7832e-05	0.0	0.0	0.0	0.0	0.0	0.0	8.26171e-06	0.0	0.0	0.0	0.0	0.0	0.0	0.0019414999999999999	0.0	0.0	0.0	0.0	0.0	0.0	0.0	9.914050000000001e-05	1.6523400000000002e-05	0.0	0.0	0.0	0.0	0.0	0.0	0.0	0.0	0.0	0.0	0.0	0.0	0.0	0.0	0.0	0.000190299	0.0	0.0	0.0	0.0	0.0	0.0	0.0	0.0	0.0	0.0	0.0	0.0	0.0	0.0	0.0	0.0	0.0	9.13197e-05	0.0	0.0	0.0	8.31196e-06	0.0	0.0	0.0011233	0.0	0.0	0.0	0.0	0.0	0.0	0.0	0.0	0.0	0.0	0.0	0.0	0.0	0.0	0.0	0.0	8.41647e-06	9.2694e-05	0.0	0.0	0.0	0.0	8.491269999999999e-06	0.0	0.0	0.00192194	0.0	0.0	0.0	0.0	0.0	0.0	0.0	0.0	0.0	0.0	0.0	0.0	0.0	0.0	0.0	0.0	0.0	0.0	0.0	0.0	0.0	0.0	0.0	0.0	0.00138235	9.31966e-06	0.0	9.40381e-06	0.0	0.0	0.0	1.91725e-05	5.78071e-05	0.0	0.0	0.0	0.0	0.0	0.0	0.0	0.0	0.0	0.0	0.00011315699999999999	0.0	0.0	1.04896e-05	8.45938e-05	0.0	0.0
Sfa-CBas_023-Ex1-cssl	0.0270398	0.0	2.43514e-05	0.0	4.87029e-06	9.74058e-06	0.00016072	0.0	0.0	9.25355e-05	0.0	0.0	0.0	0.0	0.0	0.0	1.9481200000000002e-05	0.0	0.0	4.87029e-06	0.0	0.0	0.0	0.00195786	0.0	0.0	0.0	0.0	0.0	4.87029e-06	0.0	0.000146109	3.89623e-05	0.0	0.0	0.0	0.0	0.0	0.0	1.46276e-05	0.0	0.0	0.0	0.0	0.0	0.0	0.0	0.0	0.000239484	0.0	0.0	0.0	0.0	0.0	0.0	0.0	0.0	0.0	0.0	0.0	0.0	0.0	0.0	0.0	0.0	0.0	8.86673e-05	0.0	4.9318200000000005e-06	0.0	4.938e-06	0.0	0.0	0.00108364	0.0	0.0	0.0	0.0	0.0	0.0	0.0	0.0	0.0	0.0	0.0	0.0	0.0	0.0	0.0	0.0	1.00861e-05	8.588709999999999e-05	0.0	0.0	0.0	0.0	5.10767e-06	0.0	0.0	0.00192116	0.0	0.0	0.0	0.0	0.0	0.0	0.0	0.0	0.0	0.0	0.0	0.0	0.0	0.0	0.0	0.0	0.0	0.0	0.0	0.0	5.63001e-06	0.0	0.0	2.86134e-05	0.00126025	2.3150700000000002e-05	0.0	2.9278e-05	0.0	0.0	0.0	1.8004e-05	7.24804e-05	0.0	0.0	0.0	0.0	0.0	0.0	0.0	0.0	0.0	0.0	0.000124464	0.0	6.65902e-06	1.34312e-05	7.46113e-05	0.0	0.0
Sfa-CBas_025-Ex1-cssl	0.025726299999999997	0.0	9.956e-06	0.0	9.956e-06	0.0	0.000159296	0.0	0.0	6.9692e-05	0.0	0.0	0.0	0.0	0.0	0.0	0.0	0.0	0.0	0.0	0.0	0.0	0.0	0.00195138	0.0	0.0	0.0	0.0	0.0	0.0	0.0	0.00014934	1.9912e-05	0.0	0.0	0.0	0.0	0.0	0.0	9.9639e-06	0.0	0.0	0.0	0.0	0.0	0.0	0.0	0.0	0.000169592	0.0	0.0	0.0	0.0	0.0	0.0	0.0	0.0	0.0	0.0	0.0	0.0	0.0	0.0	0.0	0.0	0.0	0.000140183	0.0	1.0019e-05	0.0	0.0	0.0	0.0	0.00100351	0.0	1.00429e-05	0.0	0.0	0.0	0.0	0.0	0.0	0.0	0.0	0.0	0.0	0.0	0.0	0.0	0.0	2.02791e-05	0.00013195	0.0	0.0	0.0	0.0	0.0	0.0	0.0	0.00192035	0.0	0.0	0.0	0.0	0.0	0.0	0.0	0.0	0.0	0.0	0.0	0.0	0.0	0.0	0.0	0.0	0.0	0.0	0.0	0.0	1.0853800000000001e-05	0.0	0.0	0.0	0.0013210000000000001	0.0	0.0	3.3401899999999996e-05	0.0	1.12234e-05	0.0	2.2630100000000002e-05	5.68302e-05	0.0	0.0	0.0	0.0	0.0	0.0	0.0	0.0	0.0	0.0	0.00012032500000000001	0.0	0.0	0.0	3.70221e-05	0.0	0.0
Sfa-CBas_026-Ex1-cssl	0.024693000000000003	0.0	7.3316400000000005e-06	0.0	0.0	0.0	0.000131969	0.0	0.0	5.13215e-05	0.0	0.0	0.0	0.0	0.0	0.0	0.0	0.0	0.0	0.0	0.0	0.0	0.0	0.00169361	0.0	0.0	0.0	0.0	0.0	0.0	0.0	0.000139301	7.3316400000000005e-06	0.0	0.0	0.0	0.0	0.0	0.0	7.33773e-06	0.0	0.0	0.0	0.0	0.0	0.0	0.0	0.0	0.000154308	0.0	0.0	0.0	0.0	0.0	0.0	0.0	0.0	0.0	0.0	0.0	0.0	0.0	0.0	0.0	0.0	0.0	6.64142e-05	0.0	2.21525e-05	0.0	0.0	0.0	0.0	0.000828555	0.0	0.0	0.0	0.0	0.0	0.0	0.0	0.0	0.0	0.0	0.0	0.0	0.0	0.0	0.0	0.0	7.484400000000001e-06	7.493e-05	0.0	0.0	0.0	0.0	0.0	0.0	0.0	0.0017927800000000001	0.0	0.0	0.0	0.0	0.0	0.0	0.0	0.0	0.0	0.0	0.0	0.0	0.0	0.0	0.0	0.0	0.0	0.0	0.0	0.0	0.0	0.0	8.21674e-06	2.4761599999999997e-05	0.00121889	0.0	0.0	1.68283e-05	0.0	0.0	0.0	1.71812e-05	5.1839199999999997e-05	0.0	0.0	0.0	0.0	0.0	0.0	0.0	0.0	0.0	0.0	6.50132e-05	9.349650000000001e-06	9.420940000000001e-06	9.494429999999999e-06	2.87444e-05	0.0	0.0
Sfa-CBas_027-Ex1-cssl	0.0271243	0.0	2.00871e-05	0.0	6.69571e-06	6.69571e-06	0.00014730600000000002	0.0	0.0	8.70443e-05	0.0	0.0	0.0	0.0	0.0	0.0	0.0	0.0	0.0	0.0	0.0	0.0	0.0	0.00197524	0.0	0.0	0.0	0.0	0.0	0.0	0.0	0.00014061	3.34786e-05	0.0	0.0	0.0	0.0	0.0	0.0	6.70092e-06	0.0	0.0	0.0	0.0	0.0	0.0	0.0	0.0	0.00020805799999999998	0.0	0.0	0.0	0.0	0.0	0.0	0.0	0.0	0.0	0.0	0.0	0.0	0.0	0.0	0.0	0.0	0.0	6.754350000000001e-05	0.0	1.35228e-05	0.0	6.76928e-06	0.0	0.0	0.00104447	0.0	0.0	0.0	0.0	0.0	0.0	0.0	0.0	0.0	0.0	0.0	0.0	0.0	0.0	0.0	0.0	1.38356e-05	7.62485e-05	0.0	0.0	0.0	0.0	0.0	0.0	0.0	0.0018427299999999999	0.0	0.0	0.0	0.0	0.0	0.0	0.0	0.0	0.0	0.0	0.0	0.0	0.0	0.0	0.0	0.0	0.0	0.0	0.0	0.0	0.0	0.0	0.0	0.0	0.00120405	8.13637e-06	0.0	1.64988e-05	0.0	0.0	0.0	2.54845e-05	5.99226e-05	0.0	0.0	0.0	0.0	0.0	0.0	0.0	0.0	0.0	0.0	9.43177e-05	0.0	9.61861e-06	0.0	2.9489400000000003e-05	0.0	0.0
Sfa-CBas_028-Ex1-cssl	0.0271701	0.0	6.56283e-06	0.0	0.0	0.0	0.000131257	0.0	0.0	5.9065500000000006e-05	0.0	0.0	0.0	0.0	0.0	0.0	0.0	0.0	0.0	6.56283e-06	0.0	0.0	0.0	0.00183759	0.0	0.0	0.0	0.0	0.0	0.0	0.0	0.000131257	1.3125699999999999e-05	0.0	0.0	0.0	0.0	0.0	0.0	1.31369e-05	0.0	0.0	0.0	0.0	0.0	0.0	0.0	0.0	0.000190752	0.0	0.0	0.0	0.0	0.0	0.0	0.0	0.0	0.0	0.0	0.0	0.0	0.0	0.0	0.0	0.0	0.0	7.92763e-05	0.0	0.0	0.0	6.61577e-06	0.0	0.0	0.00127834	0.0	0.0	0.0	0.0	0.0	0.0	0.0	0.0	0.0	0.0	0.0	0.0	0.0	0.0	0.0	0.0	6.7004400000000005e-06	8.04988e-05	0.0	0.0	0.0	0.0	0.0	0.0	0.0	0.00180015	0.0	0.0	0.0	0.0	0.0	0.0	0.0	0.0	0.0	0.0	0.0	0.0	0.0	0.0	0.0	0.0	0.0	0.0	0.0	0.0	0.0	0.0	7.27458e-06	7.30361e-06	0.00145191	2.2091200000000003e-05	0.0	2.97024e-05	0.0	1.4986099999999999e-05	0.0	1.51241e-05	4.55843e-05	0.0	0.0	0.0	0.0	0.0	0.0	0.0	0.0	0.0	0.0	0.000113266	0.0	0.0	8.25259e-06	6.656589999999999e-05	0.0	0.0
Sfa-CBas_029-Ex1-cssl	0.0282456	0.0	1.37081e-05	6.854070000000001e-06	0.0	6.854070000000001e-06	0.00015764400000000002	0.0	0.0	6.16867e-05	0.0	0.0	0.0	0.0	0.0	0.0	1.37081e-05	0.0	0.0	6.854070000000001e-06	0.0	0.0	0.0	0.00198768	0.0	0.0	0.0	0.0	0.0	0.0	0.0	0.000123373	2.05622e-05	0.0	0.0	0.0	0.0	0.0	0.0	6.86107e-06	0.0	0.0	0.0	0.0	0.0	0.0	0.0	0.0	0.00028182	0.0	0.0	0.0	0.0	0.0	0.0	0.0	0.0	0.0	0.0	0.0	0.0	0.0	0.0	0.0	0.0	0.0	4.841039999999999e-05	0.0	0.0	0.0	0.0	0.0	0.0	0.00120782	0.0	0.0	0.0	0.0	0.0	0.0	0.0	0.0	0.0	0.0	0.0	0.0	0.0	0.0	0.0	0.0	7.06227e-06	4.2448e-05	0.0	0.0	0.0	0.0	0.0	0.0	0.0	0.0020917500000000003	0.0	0.0	0.0	0.0	0.0	0.0	0.0	0.0	0.0	0.0	0.0	0.0	0.0	0.0	0.0	0.0	0.0	0.0	0.0	0.0	0.0	0.0	0.0	0.0	0.0014726799999999999	0.0	0.0	3.29543e-05	0.0	8.34216e-06	0.0	8.450029999999999e-06	7.65523e-05	0.0	0.0	0.0	0.0	0.0	0.0	0.0	0.0	0.0	0.0	4.62025e-05	9.31373e-06	0.0	9.47827e-06	5.7463099999999995e-05	0.0	0.0
Sfa-CBas_030-Ex1-cssl	0.026309100000000002	0.0	1.62754e-05	0.0	0.0	8.13768e-06	0.00020344200000000002	0.0	0.0	0.00010579	0.0	0.0	0.0	0.0	0.0	0.0	1.62754e-05	0.0	0.0	0.0	0.0	0.0	0.0	0.00179843	0.0	0.0	0.0	0.0	0.0	0.0	0.0	0.00021158	3.25507e-05	0.0	0.0	0.0	0.0	0.0	0.0	0.0	0.0	0.0	0.0	0.0	0.0	0.0	0.0	0.0	8.154640000000001e-05	0.0	0.0	0.0	0.0	0.0	0.0	0.0	0.0	0.0	0.0	0.0	0.0	0.0	0.0	0.0	0.0	0.0	4.91525e-05	0.0	8.19832e-06	0.0	0.0	0.0	0.0	0.00110921	0.0	0.0	0.0	0.0	0.0	0.0	0.0	0.0	0.0	0.0	0.0	0.0	0.0	0.0	0.0	0.0	1.66581e-05	5.0042899999999995e-05	0.0	0.0	0.0	0.0	0.0	0.0	0.0	0.00198108	0.0	0.0	0.0	0.0	0.0	0.0	0.0	0.0	0.0	0.0	0.0	0.0	0.0	0.0	0.0	0.0	0.0	0.0	0.0	0.0	9.10178e-06	9.14262e-06	0.0	9.22727e-06	0.00129791	1.8631000000000002e-05	0.0	9.409630000000001e-06	0.0	0.0	0.0	0.0	8.69507e-05	0.0	0.0	0.0	0.0	0.0	0.0	0.0	0.0	0.0	0.0	5.18959e-05	1.04507e-05	1.05312e-05	0.0	9.63424e-05	0.0	0.0
Sfa-CBas_031-Ex1-cssl	0.026664499999999997	0.0	2.5354500000000003e-05	0.0	8.4515e-06	0.0	0.000126773	0.0	0.0	5.0709000000000005e-05	0.0	0.0	0.0	0.0	0.0	0.0	8.4515e-06	0.0	0.0	0.0	0.0	0.0	0.0	0.00194385	0.0	0.0	0.0	0.0	0.0	0.0	0.0	0.00010141800000000001	1.6903e-05	0.0	0.0	0.0	0.0	0.0	0.0	8.46152e-06	0.0	0.0	0.0	0.0	0.0	0.0	0.0	0.0	0.000220511	0.0	0.0	0.0	0.0	0.0	0.0	0.0	0.0	0.0	0.0	0.0	0.0	0.0	0.0	0.0	0.0	0.0	0.000128124	0.0	8.55044e-06	0.0	0.0	0.0	0.0	0.000986087	0.0	0.0	0.0	0.0	0.0	0.0	0.0	0.0	0.0	0.0	0.0	0.0	0.0	0.0	0.0	0.0	3.48484e-05	7.85279e-05	0.0	0.0	0.0	0.0	0.0	0.0	0.0	0.0019068000000000002	8.891009999999999e-06	0.0	0.0	0.0	0.0	0.0	0.0	0.0	0.0	0.0	0.0	0.0	0.0	0.0	0.0	0.0	0.0	0.0	9.47365e-06	0.0	0.0	0.0	0.0	0.0	0.00138277	9.7859e-06	9.83497e-06	4.9414e-05	0.0	4.99267e-05	0.0	2.0181899999999997e-05	3.04404e-05	0.0	0.0	0.0	0.0	0.0	0.0	0.0	0.0	0.0	0.0	0.000119721	2.1916100000000002e-05	1.10426e-05	5.56278e-05	4.49057e-05	0.0	0.0
Sfa-CBas_032-Ex1-cssl	0.0262283	0.0	1.22964e-05	0.0	0.0	6.14822e-06	0.000110668	0.0	0.0	2.45929e-05	0.0	0.0	0.0	0.0	0.0	0.0	6.14822e-06	0.0	0.0	0.0	0.0	0.0	0.0	0.0017952799999999998	0.0	0.0	0.0	0.0	0.0	0.0	0.0	6.76305e-05	1.22964e-05	0.0	0.0	0.0	0.0	0.0	0.0	1.84555e-05	0.0	0.0	0.0	0.0	0.0	0.0	0.0	0.0	0.00023404800000000002	0.0	0.0	0.0	0.0	0.0	0.0	0.0	0.0	0.0	0.0	0.0	0.0	0.0	0.0	0.0	0.0	0.0	0.000111393	0.0	1.2386700000000001e-05	0.0	0.0	0.0	0.0	0.00118567	0.0	0.0	0.0	0.0	0.0	0.0	6.234350000000001e-06	0.0	0.0	0.0	0.0	0.0	0.0	0.0	0.0	0.0	1.2601600000000001e-05	0.000113591	0.0	0.0	0.0	0.0	0.0	0.0	0.0	0.0020358999999999998	0.0	0.0	0.0	0.0	0.0	0.0	0.0	0.0	0.0	0.0	0.0	0.0	0.0	0.0	0.0	0.0	0.0	1.3764799999999999e-05	0.0	0.0	0.0	0.0	7.05687e-06	1.4188e-05	0.00149794	7.17242e-06	0.0	7.25497e-06	0.0	7.3406099999999995e-06	0.0	1.4863900000000002e-05	2.9916e-05	0.0	0.0	0.0	0.0	0.0	0.0	0.0	0.0	0.0	0.0	0.00015416199999999998	3.2706900000000004e-05	8.2471e-06	2.4954499999999996e-05	5.87998e-05	0.0	0.0
Sfa-CBas_033-Ex1-cssl	0.0261618	0.0	1.72875e-05	0.0	0.0	0.0	0.00015558800000000002	0.0	0.0	8.067500000000001e-05	0.0	0.0	0.0	0.0	0.0	0.0	0.0	0.0	0.0	0.0	0.0	0.0	0.0	0.00176333	0.0	0.0	0.0	0.0	0.0	0.0	0.0	0.000144063	2.88125e-05	0.0	0.0	0.0	0.0	0.0	0.0	0.0	0.0	0.0	0.0	0.0	0.0	0.0	0.0	0.0	0.000184964	0.0	0.0	0.0	0.0	0.0	0.0	0.0	0.0	0.0	0.0	0.0	0.0	0.0	0.0	0.0	0.0	0.0	9.323030000000001e-05	0.0	1.16684e-05	0.0	0.0	0.0	0.0	0.00103047	0.0	0.0	0.0	0.0	0.0	0.0	5.89158e-06	0.0	0.0	0.0	0.0	0.0	0.0	0.0	0.0	0.0	1.79178e-05	7.18064e-05	0.0	0.0	0.0	0.0	0.0	6.06922e-06	0.0	0.00181325	0.0	0.0	0.0	0.0	0.0	0.0	0.0	0.0	0.0	0.0	0.0	0.0	0.0	0.0	0.0	0.0	0.0	6.58535e-06	6.619359999999999e-06	0.0	0.0	1.3452e-05	6.763150000000001e-06	1.3603699999999998e-05	0.00129291	1.3760899999999999e-05	0.0	3.48147e-05	0.0	7.04901e-06	0.0	1.42816e-05	9.343900000000001e-05	0.0	0.0	0.0	0.0	0.0	0.0	0.0	0.0	0.0	0.0	0.00011720200000000001	0.0	7.9441e-06	1.60297e-05	4.85928e-05	0.0	0.0
Sfa-CBas_036-Ex1-cssl	0.026149600000000002	0.0	2.90632e-05	0.0	7.265810000000001e-06	0.0	0.000167114	0.0	0.0	7.992390000000001e-05	0.0	0.0	0.0	0.0	0.0	0.0	1.45316e-05	0.0	0.0	7.265810000000001e-06	0.0	0.0	0.0	0.0018891099999999998	0.0	0.0	0.0	0.0	0.0	0.0	0.0	0.000174379	4.35948e-05	0.0	0.0	0.0	0.0	0.0	0.0	1.4541800000000002e-05	0.0	0.0	0.0	0.0	0.0	0.0	0.0	0.0	0.00022569299999999998	0.0	0.0	0.0	0.0	0.0	0.0	0.0	0.0	0.0	0.0	0.0	0.0	0.0	0.0	0.0	0.0	0.0	0.00011700799999999999	0.0	2.19545e-05	0.0	0.0	0.0	0.0	0.00110723	0.0	0.0	0.0	0.0	0.0	0.0	0.0	0.0	0.0	0.0	0.0	0.0	0.0	0.0	0.0	0.0	2.2277e-05	0.00011152900000000001	0.0	0.0	0.0	0.0	0.0	0.0	0.0	0.00187057	0.0	0.0	0.0	0.0	0.0	0.0	0.0	0.0	0.0	0.0	0.0	0.0	0.0	0.0	0.0	0.0	0.0	7.99516e-06	0.0	0.0	0.0	0.0	0.0	8.20597e-06	0.0011708200000000002	0.0	0.0	3.34698e-05	0.0	8.452909999999999e-06	0.0	1.70864e-05	7.73132e-05	0.0	0.0	0.0	0.0	0.0	0.0	0.0	0.0	0.0	0.0	0.00013831599999999998	0.0	0.0	2.8266000000000003e-05	3.80127e-05	0.0	0.0
Sfa-CBas_039-Ex1-cssl	0.0266971	0.0	0.0	0.0	0.0	0.0	0.000211623	0.0	0.0	9.767220000000001e-05	0.0	0.0	0.0	0.0	0.0	0.0	0.0	0.0	0.0	0.0	0.0	0.0	0.0	0.00157903	0.0	0.0	0.0	0.0	0.0	0.0	0.0	0.000211623	0.0	0.0	0.0	0.0	0.0	0.0	0.0	1.62852e-05	0.0	0.0	0.0	0.0	0.0	0.0	0.0	0.0	0.00013034600000000002	0.0	0.0	0.0	0.0	0.0	0.0	0.0	0.0	0.0	0.0	0.0	0.0	0.0	0.0	0.0	0.0	0.0	6.52767e-05	0.0	0.0	0.0	0.0	0.0	0.0	0.00101272	0.0	0.0	0.0	0.0	0.0	0.0	0.0	0.0	0.0	0.0	0.0	0.0	0.0	0.0	0.0	0.0	0.0	4.92686e-05	0.0	0.0	0.0	0.0	0.0	0.0	0.0	0.0018868600000000002	0.0	0.0	0.0	0.0	0.0	0.0	0.0	0.0	0.0	0.0	0.0	0.0	0.0	0.0	0.0	0.0	0.0	0.0	0.0	0.0	0.0	0.0	3.46836e-05	3.47816e-05	0.00141242	1.7485599999999997e-05	0.0	3.5181599999999995e-05	0.0	0.0	0.0	3.5679499999999996e-05	7.16107e-05	0.0	0.0	0.0	0.0	0.0	0.0	0.0	0.0	0.0	0.0	7.52852e-05	0.0	0.0	3.82299e-05	1.9245e-05	0.0	0.0
Sfa-CBas_041-Ex1-cssl	0.0261391	0.0	0.0	0.0	0.0	0.0	0.000154272	0.0	0.0	7.37823e-05	0.0	0.0	0.0	0.0	0.0	0.0	6.707490000000001e-06	0.0	0.0	0.0	0.0	0.0	0.0	0.00173724	0.0	0.0	0.0	0.0	0.0	0.0	0.0	0.00014085699999999998	3.35374e-05	0.0	0.0	0.0	0.0	0.0	0.0	0.0	0.0	0.0	0.0	0.0	0.0	0.0	0.0	0.0	0.000228679	0.0	0.0	0.0	0.0	0.0	0.0	0.0	0.0	0.0	0.0	0.0	0.0	0.0	0.0	0.0	0.0	0.0	6.76877e-05	0.0	6.7753999999999995e-06	0.0	0.0	0.0	0.0	0.000944458	0.0	0.0	0.0	0.0	0.0	0.0	0.0	0.0	0.0	0.0	0.0	0.0	0.0	0.0	0.0	0.0	0.0	5.54278e-05	0.0	0.0	0.0	0.0	0.0	0.0	0.0	0.00177324	0.0	0.0	0.0	0.0	0.0	0.0	0.0	0.0	0.0	0.0	0.0	0.0	0.0	0.0	0.0	0.0	0.0	1.52606e-05	0.0	0.0	0.0	0.0	7.851179999999999e-06	1.5797400000000002e-05	0.00116035	1.59933e-05	0.0	2.43034e-05	0.0	0.0	0.0	0.0	5.031e-05	0.0	0.0	0.0	0.0	0.0	0.0	0.0	0.0	0.0	0.0	8.27611e-05	0.0	0.0	0.0	5.7377400000000004e-05	0.0	0.0
Sfa-CBas_042-Ex1-cssl	0.0253724	0.0	2.56805e-05	0.0	0.0	0.0	0.00015408299999999998	0.0	0.0	0.000102722	0.0	0.0	0.0	0.0	0.0	0.0	0.0	0.0	0.0	0.0	0.0	0.0	0.0	0.0018875199999999997	0.0	0.0	0.0	0.0	0.0	0.0	0.0	0.00015408299999999998	0.0	0.0	0.0	0.0	0.0	0.0	0.0	0.0	0.0	0.0	0.0	0.0	0.0	0.0	0.0	0.0	0.000270065	0.0	0.0	0.0	0.0	0.0	0.0	0.0	0.0	0.0	0.0	0.0	0.0	0.0	0.0	0.0	0.0	0.0	5.16061e-05	0.0	1.29085e-05	0.0	0.0	0.0	0.0	0.00106019	0.0	0.0	0.0	0.0	0.0	0.0	0.0	0.0	0.0	0.0	0.0	0.0	0.0	0.0	0.0	0.0	2.61481e-05	5.23658e-05	0.0	0.0	0.0	0.0	1.32038e-05	0.0	0.0	0.0019673800000000003	0.0	0.0	0.0	0.0	0.0	0.0	0.0	0.0	0.0	0.0	0.0	0.0	0.0	0.0	0.0	0.0	0.0	0.0	0.0	0.0	0.0	0.0	0.0	0.0	0.0014777500000000001	1.4863500000000001e-05	0.0	3.0102199999999998e-05	0.0	3.05041e-05	0.0	1.54666e-05	6.23037e-05	0.0	0.0	0.0	0.0	0.0	0.0	0.0	0.0	0.0	0.0	0.00010241300000000001	0.0	1.73845e-05	3.51009e-05	3.54878e-05	0.0	0.0
Sfa-CBas_043-Ex1-cssl	0.0265697	0.0	2.31807e-05	0.0	0.0	0.0	0.000148357	0.0	0.0	6.4906e-05	0.0	0.0	0.0	0.0	0.0	0.0	1.39084e-05	0.0	0.0	0.0	0.0	0.0	0.0	0.00189618	0.0	0.0	0.0	0.0	0.0	0.0	0.0	0.000148357	3.70891e-05	0.0	0.0	0.0	0.0	0.0	0.0	4.6402e-06	0.0	0.0	0.0	0.0	0.0	0.0	0.0	0.0	0.00024633900000000004	0.0	0.0	0.0	0.0	0.0	0.0	0.0	0.0	0.0	0.0	0.0	0.0	0.0	0.0	0.0	0.0	0.0	0.00012618	0.0	0.0	0.0	9.36327e-06	0.0	0.0	0.00107374	0.0	0.0	0.0	0.0	0.0	0.0	0.0	0.0	0.0	0.0	0.0	0.0	0.0	0.0	0.0	0.0	4.76112e-06	0.000128757	0.0	0.0	0.0	0.0	0.0	0.0	0.0	0.00201376	0.0	0.0	0.0	0.0	0.0	0.0	0.0	0.0	0.0	0.0	0.0	0.0	0.0	0.0	0.0	0.0	0.0	5.19463e-06	0.0	0.0	1.05437e-05	1.0597400000000001e-05	5.32626e-06	5.35468e-06	0.0011951099999999999	1.62404e-05	5.44357e-06	0.0	0.0	5.538830000000001e-06	0.0	5.60641e-06	6.7698e-05	0.0	0.0	0.0	0.0	0.0	0.0	0.0	0.0	0.0	0.0	0.00014664000000000002	0.0	6.2083e-06	6.260540000000001e-06	5.69054e-05	0.0	0.0
Sfa-CBas_044-Ex1-cssl	0.0267531	0.0	0.0	0.0	0.0	0.0	0.000166065	0.0	0.0	9.963920000000001e-05	0.0	0.0	0.0	0.0	0.0	0.0	0.0	0.0	0.0	0.0	0.0	0.0	0.0	0.0018765400000000001	0.0	0.0	0.0	0.0	0.0	0.0	0.0	0.000182672	4.981960000000001e-05	0.0	0.0	0.0	0.0	0.0	0.0	0.0	0.0	0.0	0.0	0.0	0.0	0.0	0.0	0.0	8.309969999999999e-05	0.0	0.0	0.0	0.0	0.0	0.0	0.0	0.0	0.0	0.0	0.0	0.0	0.0	0.0	0.0	0.0	0.0	8.31889e-05	0.0	0.0	0.0	0.0	0.0	0.0	0.000965589	0.0	0.0	0.0	0.0	0.0	0.0	0.0	0.0	0.0	0.0	0.0	0.0	0.0	0.0	0.0	0.0	1.6707300000000002e-05	8.35777e-05	0.0	0.0	0.0	0.0	0.0	0.0	0.0	0.0016138500000000002	0.0	0.0	0.0	0.0	0.0	0.0	0.0	0.0	0.0	0.0	0.0	0.0	0.0	0.0	0.0	0.0	0.0	0.0	0.0	0.0	0.0	0.0	5.23125e-05	0.0	0.00141922	1.75611e-05	1.76071e-05	0.0	0.0	0.0	0.0	0.0	0.000143268	0.0	0.0	0.0	0.0	0.0	0.0	0.0	0.0	0.0	0.0	0.000130755	0.0	0.0	0.0	5.7160399999999996e-05	0.0	0.0
Sfa-CBas_046-Ex1-cssl	0.0250368	0.0	0.0	0.0	0.0	0.0	0.000127608	0.0	0.0	0.000127608	0.0	0.0	0.0	0.0	0.0	0.0	0.0	0.0	0.0	0.0	0.0	0.0	0.0	0.00170995	0.0	0.0	0.0	0.0	0.0	0.0	0.0	0.000127608	0.000102087	0.0	0.0	0.0	0.0	0.0	0.0	0.0	0.0	0.0	0.0	0.0	0.0	0.0	0.0	0.0	0.000102176	0.0	0.0	0.0	0.0	0.0	0.0	0.0	0.0	0.0	0.0	0.0	0.0	0.0	0.0	0.0	0.0	0.0	5.1153200000000003e-05	0.0	0.0	0.0	0.0	0.0	0.0	0.0010750100000000002	0.0	0.0	0.0	0.0	0.0	0.0	0.0	0.0	0.0	0.0	0.0	0.0	0.0	0.0	0.0	0.0	0.0	7.71569e-05	0.0	0.0	0.0	0.0	0.0	0.0	0.0	0.00176023	0.0	0.0	0.0	0.0	0.0	0.0	0.0	0.0	0.0	0.0	0.0	0.0	0.0	0.0	0.0	0.0	0.0	0.0	0.0	0.0	0.0	0.0	0.0	0.0	0.0011906	0.0	0.0	2.7282700000000002e-05	0.0	0.0	0.0	0.0	0.00011074	0.0	0.0	0.0	0.0	0.0	0.0	0.0	0.0	0.0	0.0	0.00011546999999999999	2.8973900000000004e-05	0.0	0.0	0.0	0.0	0.0
Sfa-CBas_048-Ex1-cssl	0.0271535	0.0	1.9990299999999997e-05	0.0	0.0	6.66343e-06	0.000139932	0.0	0.0	9.328799999999999e-05	0.0	0.0	0.0	0.0	0.0	0.0	6.66343e-06	0.0	0.0	0.0	0.0	0.0	0.0	0.00193239	0.0	0.0	0.0	0.0	0.0	0.0	0.0	0.000146595	2.6653700000000002e-05	0.0	0.0	0.0	0.0	0.0	0.0	6.66933e-06	0.0	0.0	0.0	0.0	0.0	0.0	0.0	0.0	0.00024049500000000002	0.0	0.0	0.0	0.0	0.0	0.0	0.0	0.0	0.0	0.0	0.0	0.0	0.0	0.0	0.0	0.0	0.0	5.3741999999999995e-05	0.0	1.34474e-05	0.0	6.7300800000000005e-06	0.0	0.0	0.00110545	0.0	0.0	0.0	0.0	0.0	0.0	0.0	0.0	0.0	0.0	0.0	0.0	0.0	0.0	0.0	0.0	2.7374200000000003e-05	6.853850000000001e-05	0.0	0.0	0.0	0.0	0.0	0.0	0.0	0.00203476	0.0	0.0	0.0	0.0	0.0	0.0	0.0	0.0	0.0	0.0	0.0	0.0	0.0	0.0	0.0	0.0	0.0	0.0	0.0	0.0	0.0	0.0	7.62495e-06	2.29938e-05	0.00138672	2.32345e-05	0.0	3.9144600000000005e-05	0.0	7.91963e-06	0.0	8.01273e-06	7.25496e-05	0.0	0.0	0.0	0.0	0.0	0.0	0.0	0.0	0.0	0.0	8.70136e-05	8.76359e-06	0.0	8.90616e-06	7.19171e-05	0.0	0.0
Sfa-CBas_056-Ex1-cssl	0.0266932	0.0	0.0	0.0	0.0	0.0	0.000121984	0.0	0.0	5.8339899999999993e-05	0.0	0.0	0.0	0.0	0.0	0.0	0.0	0.0	0.0	0.0	0.0	0.0	0.0	0.0020047700000000003	0.0	0.0	0.0	0.0	0.0	0.0	0.0	0.000132591	1.59109e-05	0.0	0.0	0.0	0.0	0.0	0.0	0.0	0.0	0.0	0.0	0.0	0.0	0.0	0.0	0.0	0.00020726599999999998	0.0	0.0	0.0	0.0	0.0	0.0	0.0	0.0	0.0	0.0	0.0	0.0	0.0	0.0	0.0	0.0	0.0	8.53688e-05	0.0	0.0	0.0	0.0	0.0	0.0	0.0011178499999999999	0.0	0.0	0.0	0.0	0.0	0.0	0.0	0.0	0.0	0.0	0.0	0.0	0.0	0.0	0.0	0.0	1.0815e-05	6.49603e-05	0.0	0.0	0.0	0.0	0.0	0.0	0.0	0.00198838	0.0	0.0	0.0	0.0	0.0	0.0	0.0	0.0	0.0	0.0	0.0	0.0	0.0	0.0	0.0	0.0	0.0	5.73601e-06	0.0	0.0	0.0	0.0	0.0	1.1712e-05	0.00129305	2.3599000000000002e-05	0.0	1.78357e-05	0.0	5.9929799999999995e-06	0.0	0.0	4.85569e-05	0.0	0.0	0.0	0.0	0.0	0.0	0.0	0.0	0.0	0.0	0.000115748	0.0	0.0	1.3096600000000001e-05	7.259519999999999e-05	0.0	0.0
Sfa-CBas_059-Ex1-cssl	0.0268421	0.0	1.3261900000000001e-05	0.0	0.0	1.3261900000000001e-05	0.000251976	0.0	0.0	0.00017240500000000001	0.0	0.0	0.0	0.0	0.0	0.0	0.0	0.0	0.0	0.0	0.0	0.0	0.0	0.0018831899999999999	0.0	0.0	0.0	0.0	0.0	0.0	0.0	0.000251976	3.97857e-05	0.0	0.0	0.0	0.0	0.0	0.0	0.0	0.0	0.0	0.0	0.0	0.0	0.0	0.0	0.0	0.00014613	0.0	0.0	0.0	0.0	0.0	0.0	0.0	0.0	0.0	0.0	0.0	0.0	0.0	0.0	0.0	0.0	0.0	2.6655800000000003e-05	0.0	0.0	0.0	0.0	0.0	0.0	0.00101494	0.0	0.0	0.0	0.0	0.0	0.0	0.0	0.0	0.0	0.0	0.0	0.0	0.0	0.0	0.0	0.0	0.0	4.0457500000000004e-05	0.0	0.0	0.0	0.0	0.0	0.0	0.0	0.0018526900000000002	0.0	0.0	0.0	0.0	0.0	0.0	0.0	0.0	0.0	0.0	0.0	0.0	0.0	0.0	0.0	0.0	0.0	0.0	0.0	0.0	0.0	0.0	0.0	2.89531e-05	0.0012347900000000001	1.4577e-05	0.0	2.93644e-05	0.0	0.0	0.0	1.49163e-05	0.000179731	0.0	0.0	0.0	0.0	0.0	0.0	0.0	0.0	0.0	0.0	3.16759e-05	1.59197e-05	1.60198e-05	0.0	3.24607e-05	0.0	0.0
Sfa-CBas_061-Ex1-cssl	0.0258194	0.0	0.0	0.0	0.0	0.0	0.000184125	0.0	0.0	0.000100432	0.0	0.0	0.0	0.0	0.0	0.0	0.0	0.0	0.0	0.0	0.0	0.0	0.0	0.0017994	0.0	0.0	0.0	0.0	0.0	0.0	0.0	0.000167386	4.18466e-05	0.0	0.0	0.0	0.0	0.0	0.0	0.0	0.0	0.0	0.0	0.0	0.0	0.0	0.0	0.0	0.000142612	0.0	0.0	0.0	0.0	0.0	0.0	0.0	0.0	0.0	0.0	0.0	0.0	0.0	0.0	0.0	0.0	0.0	6.738540000000001e-05	0.0	0.0	0.0	8.43367e-06	0.0	0.0	0.00107217	0.0	0.0	0.0	0.0	0.0	0.0	0.0	0.0	0.0	0.0	0.0	0.0	0.0	0.0	0.0	0.0	8.52607e-06	7.68113e-05	0.0	0.0	0.0	0.0	0.0	0.0	0.0	0.00191617	0.0	0.0	0.0	0.0	0.0	0.0	0.0	0.0	0.0	0.0	0.0	0.0	0.0	0.0	0.0	0.0	0.0	9.05391e-06	0.0	0.0	9.149539999999999e-06	0.0	0.0	1.85054e-05	0.00137512	1.86563e-05	0.0	1.88177e-05	0.0	0.0	0.0	9.578590000000001e-06	8.66253e-05	0.0	0.0	0.0	0.0	0.0	0.0	0.0	0.0	0.0	0.0	0.000112731	0.0	0.0	1.04548e-05	4.21771e-05	0.0	0.0
Sfa-CBas_062-Ex1-cssl	0.0262637	0.0	1.19871e-05	0.0	0.0	0.0	0.000137851	0.0	0.0	7.79159e-05	0.0	0.0	0.0	0.0	0.0	0.0	5.993530000000001e-06	0.0	0.0	0.0	0.0	0.0	0.0	0.0019419	0.0	0.0	0.0	0.0	0.0	0.0	0.0	0.000131858	3.59612e-05	0.0	0.0	0.0	0.0	0.0	0.0	0.0	0.0	0.0	0.0	0.0	0.0	0.0	0.0	0.0	0.00019224099999999998	0.0	0.0	0.0	0.0	0.0	0.0	0.0	0.0	0.0	0.0	0.0	0.0	0.0	0.0	0.0	0.0	0.0	6.63992e-05	0.0	6.040779999999999e-06	0.0	6.0455200000000005e-06	0.0	0.0	0.00110172	0.0	0.0	0.0	0.0	0.0	0.0	0.0	0.0	0.0	0.0	0.0	0.0	0.0	0.0	0.0	0.0	1.83995e-05	6.75546e-05	0.0	0.0	0.0	0.0	0.0	0.0	0.0	0.00196437	0.0	0.0	0.0	0.0	0.0	0.0	0.0	0.0	0.0	0.0	0.0	0.0	0.0	0.0	0.0	0.0	0.0	6.6498e-06	0.0	0.0	6.7451399999999994e-06	0.0	6.81334e-06	3.42483e-05	0.00137024	2.07686e-05	0.0	2.0999699999999998e-05	0.0	2.12415e-05	0.0	0.0	7.931299999999999e-05	0.0	0.0	0.0	0.0	0.0	0.0	0.0	0.0	0.0	0.0	0.000109492	0.0	0.0	8.01867e-06	8.908890000000001e-05	0.0	0.0
Sfa-CBas_066-Ex1-cssl	0.026601499999999997	0.0	1.5501999999999998e-05	0.0	7.75101e-06	0.0	0.000186024	0.0	0.0	0.00010076300000000001	0.0	0.0	0.0	0.0	0.0	0.0	7.75101e-06	0.0	0.0	0.0	0.0	0.0	0.0	0.00198426	0.0	0.0	0.0	0.0	0.0	0.0	0.0	0.000186024	6.97591e-05	0.0	0.0	0.0	0.0	0.0	0.0	7.75816e-06	0.0	0.0	0.0	0.0	0.0	0.0	0.0	0.0	0.00022534400000000002	0.0	0.0	0.0	0.0	0.0	0.0	0.0	0.0	0.0	0.0	0.0	0.0	0.0	0.0	0.0	0.0	0.0	8.58861e-05	0.0	7.81383e-06	0.0	0.0	0.0	0.0	0.00105704	0.0	0.0	0.0	0.0	0.0	0.0	0.0	0.0	0.0	0.0	0.0	0.0	0.0	0.0	0.0	0.0	2.37941e-05	7.941610000000001e-05	0.0	0.0	0.0	0.0	0.0	0.0	0.0	0.00195031	0.0	0.0	0.0	8.141729999999999e-06	0.0	0.0	0.0	0.0	0.0	0.0	0.0	0.0	0.0	0.0	0.0	0.0	0.0	0.0	0.0	0.0	8.64893e-06	0.0	8.7252e-06	8.76466e-06	0.0013912400000000002	8.84852e-06	0.0	8.93493e-06	0.0	9.024539999999999e-06	0.0	9.11733e-06	7.33324e-05	0.0	0.0	0.0	0.0	0.0	0.0	0.0	0.0	0.0	0.0	0.00010806	0.0	9.95929e-06	0.0	5.05834e-05	0.0	0.0
Sfa-CBas_067-Ex1-cssl	0.026093699999999997	0.0	1.46429e-05	0.0	0.0	0.0	0.00015375000000000002	0.0	0.0	9.51789e-05	0.0	0.0	0.0	0.0	0.0	0.0	7.32145e-06	0.0	0.0	0.0	0.0	0.0	0.0	0.0021598299999999997	0.0	0.0	0.0	0.0	0.0	0.0	0.0	0.000124465	2.19644e-05	0.0	0.0	0.0	0.0	0.0	0.0	7.327489999999999e-06	0.0	0.0	0.0	0.0	0.0	0.0	0.0	0.0	0.000264237	0.0	0.0	0.0	0.0	0.0	0.0	0.0	0.0	0.0	0.0	0.0	0.0	0.0	0.0	0.0	0.0	0.0	6.6512e-05	0.0	7.39908e-06	0.0	0.0	0.0	0.0	0.00124734	0.0	0.0	0.0	0.0	0.0	0.0	0.0	0.0	0.0	0.0	0.0	0.0	0.0	0.0	0.0	0.0	7.5864e-06	6.08271e-05	0.0	0.0	0.0	0.0	0.0	0.0	0.0	0.00225941	0.0	0.0	0.0	0.0	0.0	0.0	1.60613e-05	0.0	0.0	0.0	0.0	0.0	0.0	0.0	0.0	0.0	0.0	1.7090500000000002e-05	0.0	0.0	0.0	8.771820000000001e-06	8.833040000000001e-06	0.0	0.0014604400000000001	0.0	0.0	9.15763e-06	0.0	0.0	0.0	9.44937e-06	0.000114294	0.0	0.0	0.0	0.0	0.0	0.0	0.0	0.0	0.0	0.0	9.48782e-05	0.0	1.07564e-05	1.08717e-05	2.2010199999999998e-05	0.0	0.0
Sfa-CBas_073-Ex1-cssl	0.027456699999999997	0.0	1.5144399999999999e-05	0.0	1.5144399999999999e-05	0.0	0.00013629900000000002	0.0	0.0	9.08662e-05	0.0	0.0	0.0	0.0	0.0	0.0	0.0	0.0	0.0	0.0	0.0	0.0	0.0	0.0020596300000000002	0.0	0.0	0.0	0.0	0.0	0.0	0.0	0.000121155	0.0	0.0	0.0	0.0	0.0	0.0	0.0	0.0	0.0	0.0	0.0	0.0	0.0	0.0	0.0	0.0	0.000136409	0.0	0.0	0.0	0.0	0.0	0.0	0.0	0.0	0.0	0.0	0.0	0.0	0.0	0.0	0.0	0.0	0.0	7.58837e-05	0.0	1.51798e-05	0.0	0.0	0.0	0.0	0.00106338	0.0	0.0	0.0	0.0	0.0	0.0	0.0	0.0	0.0	0.0	0.0	0.0	0.0	0.0	0.0	0.0	0.0	6.1195e-05	0.0	0.0	0.0	0.0	0.0	0.0	0.0	0.00225785	0.0	0.0	0.0	0.0	0.0	0.0	0.0	0.0	0.0	0.0	0.0	0.0	0.0	0.0	0.0	0.0	0.0	1.62574e-05	0.0	0.0	1.64434e-05	1.65138e-05	0.0	1.66556e-05	0.0015555	3.36067e-05	0.0	3.39166e-05	0.0	1.71233e-05	0.0	1.72977e-05	6.95586e-05	0.0	0.0	0.0	0.0	0.0	0.0	0.0	0.0	0.0	0.0	0.00011173	1.8735e-05	1.88677e-05	0.0	0.000114954	0.0	0.0
Sfa-CBas_076-Ex1-cssl	0.0250468	0.0	7.232699999999999e-06	0.0	0.0	0.0	0.000151887	0.0	0.0	7.2327e-05	0.0	0.0	0.0	0.0	0.0	0.0	7.232699999999999e-06	0.0	0.0	0.0	0.0	0.0	0.0	0.00182264	0.0	0.0	0.0	0.0	0.0	0.0	0.0	0.000115723	2.8930799999999998e-05	0.0	0.0	0.0	0.0	0.0	0.0	0.0	0.0	0.0	0.0	0.0	0.0	0.0	0.0	0.0	0.00020291799999999998	0.0	0.0	0.0	0.0	0.0	0.0	0.0	0.0	0.0	0.0	0.0	0.0	0.0	0.0	0.0	0.0	0.0	8.00607e-05	0.0	7.28332e-06	0.0	0.0	0.0	0.0	0.00106552	0.0	0.0	0.0	0.0	0.0	0.0	0.0	0.0	0.0	0.0	0.0	0.0	0.0	0.0	0.0	0.0	0.0	8.889480000000001e-05	0.0	0.0	0.0	0.0	0.0	0.0	0.0	0.0018685000000000002	0.0	0.0	0.0	0.0	0.0	0.0	0.0	0.0	0.0	0.0	0.0	0.0	0.0	0.0	0.0	0.0	0.0	0.0	0.0	0.0	0.0	0.0	0.0	8.339950000000001e-06	0.00118272	0.0	0.0	0.0	0.0	1.7291e-05	0.0	8.75647e-06	6.16901e-05	0.0	0.0	0.0	0.0	0.0	0.0	0.0	0.0	0.0	0.0	0.00011513	0.0	9.7608e-06	9.85079e-06	5.97374e-05	0.0	0.0
Sfa-CBas_078-Ex1-cssl	0.0280205	0.0	1.68595e-05	0.0	8.42974e-06	0.0	0.00016859499999999998	0.0	0.0	6.743790000000001e-05	0.0	0.0	0.0	0.0	0.0	0.0	8.42974e-06	0.0	0.0	0.0	0.0	0.0	0.0	0.00214958	0.0	0.0	0.0	0.0	0.0	0.0	0.0	0.00017702499999999998	1.68595e-05	0.0	0.0	0.0	0.0	0.0	0.0	8.43708e-06	0.0	0.0	0.0	0.0	0.0	0.0	0.0	0.0	0.000304198	0.0	0.0	0.0	0.0	0.0	0.0	0.0	0.0	0.0	0.0	0.0	0.0	0.0	0.0	0.0	0.0	0.0	5.9429400000000004e-05	0.0	0.0	0.0	0.0	0.0	0.0	0.00117472	0.0	0.0	0.0	0.0	0.0	0.0	0.0	0.0	0.0	0.0	0.0	0.0	0.0	0.0	0.0	0.0	0.0	6.03629e-05	0.0	0.0	0.0	0.0	0.0	0.0	0.0	0.00219345	0.0	0.0	0.0	0.0	0.0	0.0	0.0	0.0	0.0	0.0	0.0	0.0	0.0	0.0	0.0	0.0	0.0	9.22716e-06	0.0	0.0	0.0	0.0	0.0	0.0	0.0015957999999999999	1.9083800000000002e-05	0.0	1.92594e-05	0.0	9.72544e-06	0.0	9.82473e-06	8.88851e-05	0.0	0.0	0.0	0.0	0.0	0.0	0.0	0.0	0.0	0.0	0.000105802	0.0	0.0	0.0	4.3608e-05	0.0	0.0
Sfa-CBas_084-Ex1-cssl	0.026463099999999996	0.0	4.25658e-05	4.25658e-06	1.27697e-05	0.0	0.000170263	0.0	0.0	8.51316e-05	0.0	0.0	0.0	0.0	0.0	0.0	8.51316e-06	0.0	0.0	0.0	0.0	0.0	0.0	0.00217511	0.0	0.0	0.0	0.0	0.0	0.0	0.0	0.000153237	4.25658e-05	0.0	0.0	0.0	0.0	0.0	0.0	0.0	0.0	0.0	0.0	0.0	0.0	0.0	0.0	0.0	0.000350393	0.0	0.0	0.0	0.0	0.0	0.0	0.0	0.0	0.0	0.0	0.0	0.0	0.0	0.0	0.0	0.0	0.0	9.06967e-05	0.0	1.29791e-05	0.0	0.0	0.0	0.0	0.0012348799999999998	0.0	0.0	0.0	0.0	4.37525e-06	0.0	4.38799e-06	0.0	0.0	0.0	0.0	0.0	0.0	0.0	0.0	0.0	1.34365e-05	9.43275e-05	0.0	0.0	0.0	0.0	4.5707300000000005e-06	0.0	0.0	0.00209371	0.0	0.0	0.0	0.0	0.0	0.0	0.0	0.0	0.0	0.0	0.0	0.0	0.0	0.0	0.0	0.0	0.0	0.0	0.0	0.0	0.0	0.0	0.0	1.09222e-05	0.00130538	1.11136e-05	0.0	5.65718e-06	0.0	5.76415e-06	0.0	0.0	6.52498e-05	0.0	0.0	0.0	0.0	0.0	0.0	0.0	0.0	0.0	0.0	0.00012046499999999999	6.770939999999999e-06	6.85745e-06	0.0	5.6357500000000004e-05	0.0	0.0
Sfa-CBas_086-Ex1-cssl	0.0241337	0.0	1.55701e-05	0.0	7.78506e-06	0.0	0.000171271	0.0	0.0	7.78506e-05	0.0	0.0	0.0	0.0	0.0	0.0	7.78506e-06	0.0	0.0	0.0	0.0	0.0	0.0	0.00165043	0.0	0.0	0.0	0.0	0.0	0.0	0.0	0.00014013100000000002	3.11402e-05	0.0	0.0	0.0	0.0	0.0	0.0	7.79179e-06	0.0	0.0	0.0	0.0	0.0	0.0	0.0	0.0	0.00024973	0.0	0.0	0.0	0.0	0.0	0.0	0.0	0.0	0.0	0.0	0.0	0.0	0.0	0.0	0.0	0.0	0.0	7.84456e-05	0.0	1.57021e-05	0.0	0.0	0.0	0.0	0.000960028	0.0	0.0	0.0	0.0	0.0	0.0	0.0	0.0	0.0	0.0	0.0	0.0	0.0	0.0	0.0	0.0	1.5957e-05	4.79358e-05	0.0	0.0	0.0	0.0	0.0	0.0	0.0	0.0017436	0.0	0.0	0.0	0.0	0.0	0.0	0.0	0.0	0.0	0.0	0.0	0.0	0.0	0.0	0.0	0.0	0.0	0.0	0.0	0.0	0.0	0.0	0.0	8.82356e-06	0.00124094	0.0	0.0	1.79802e-05	0.0	0.0	0.0	0.0	9.22257e-05	0.0	0.0	0.0	0.0	0.0	0.0	0.0	0.0	0.0	0.0	8.88564e-05	9.93624e-06	0.0	2.01643e-05	5.0851000000000005e-05	0.0	0.0
Sfa-CBas_088-Ex1-cssl	0.0269382	0.0	2.25361e-05	7.51204e-06	0.0	0.0	0.000187801	0.0	0.0	9.76565e-05	0.0	0.0	0.0	0.0	0.0	0.0	7.51204e-06	0.0	0.0	0.0	0.0	0.0	0.0	0.00196815	0.0	0.0	0.0	0.0	0.0	0.0	0.0	0.000165265	3.75602e-05	0.0	0.0	0.0	0.0	0.0	0.0	0.0	0.0	0.0	0.0	0.0	0.0	0.0	0.0	0.0	0.00023351400000000001	0.0	0.0	0.0	0.0	0.0	0.0	0.0	0.0	0.0	0.0	0.0	0.0	0.0	0.0	0.0	0.0	0.0	6.06372e-05	0.0	7.58709e-06	0.0	0.0	0.0	0.0	0.0009434760000000001	0.0	0.0	0.0	0.0	0.0	0.0	0.0	0.0	0.0	0.0	0.0	0.0	0.0	0.0	0.0	0.0	1.54783e-05	6.97691e-05	0.0	0.0	0.0	0.0	7.83283e-06	0.0	0.0	0.00193413	0.0	0.0	0.0	0.0	0.0	0.0	0.0	0.0	0.0	0.0	0.0	0.0	0.0	0.0	0.0	0.0	0.0	0.0	0.0	0.0	0.0	8.64445e-06	0.0	0.0	0.00137121	8.83983e-06	0.0	1.78815e-05	0.0	9.04863e-06	0.0	1.8324e-05	9.22108e-05	0.0	0.0	0.0	0.0	0.0	0.0	0.0	0.0	0.0	0.0	0.00012019699999999999	0.0	0.0	0.0	4.15165e-05	0.0	0.0
Sfa-CBas_090-Ex1-cssl	0.0264801	0.0	0.0	0.0	0.0	0.0	0.000117169	0.0	0.0	7.03013e-05	0.0	0.0	0.0	0.0	0.0	0.0	0.0	0.0	0.0	0.0	0.0	0.0	0.0	0.0017575300000000002	0.0	0.0	0.0	0.0	0.0	0.0	0.0	9.3735e-05	2.34338e-05	0.0	0.0	0.0	0.0	0.0	0.0	0.0	0.0	0.0	0.0	0.0	0.0	0.0	0.0	0.0	0.000117274	0.0	0.0	0.0	0.0	0.0	0.0	0.0	0.0	0.0	0.0	0.0	0.0	0.0	0.0	0.0	0.0	0.0	9.39302e-05	0.0	0.0	0.0	0.0	0.0	0.0	0.000845871	0.0	0.0	0.0	0.0	0.0	0.0	0.0	0.0	0.0	0.0	0.0	0.0	0.0	0.0	0.0	0.0	0.0	0.00011791	0.0	0.0	0.0	0.0	0.0	0.0	0.0	0.00163384	0.0	0.0	0.0	0.0	0.0	0.0	0.0	0.0	0.0	0.0	0.0	0.0	0.0	0.0	0.0	0.0	0.0	0.0	0.0	0.0	0.0	0.0	0.0	0.0	0.00141694	0.0	2.4520699999999997e-05	0.0	0.0	4.93312e-05	0.0	2.4768600000000002e-05	7.44842e-05	0.0	0.0	0.0	0.0	0.0	0.0	0.0	0.0	0.0	0.0	0.000154373	0.0	0.0	0.0	5.2340700000000005e-05	0.0	0.0
Sfa-CBas_091-Ex1-cssl	0.0274109	0.0	7.95672e-06	0.0	0.0	0.0	0.00011935099999999999	0.0	0.0	5.5697000000000006e-05	0.0	0.0	0.0	0.0	0.0	0.0	0.0	0.0	0.0	0.0	0.0	0.0	0.0	0.0017823099999999998	0.0	0.0	0.0	0.0	0.0	0.0	0.0	0.00011139400000000001	1.59134e-05	0.0	0.0	0.0	0.0	0.0	0.0	0.0	0.0	0.0	0.0	0.0	0.0	0.0	0.0	0.0	0.000143476	0.0	0.0	0.0	0.0	0.0	0.0	0.0	0.0	0.0	0.0	0.0	0.0	0.0	0.0	0.0	0.0	0.0	0.00010396500000000001	0.0	0.0	0.0	0.0	0.0	0.0	0.000993633	0.0	0.0	0.0	0.0	0.0	0.0	0.0	0.0	0.0	0.0	0.0	0.0	0.0	0.0	0.0	0.0	8.090370000000001e-06	7.289219999999999e-05	0.0	0.0	0.0	0.0	0.0	0.0	0.0	0.0018447000000000001	0.0	0.0	0.0	0.0	0.0	0.0	0.0	0.0	0.0	0.0	0.0	0.0	0.0	0.0	0.0	0.0	0.0	1.7269e-05	0.0	0.0	0.0	8.77286e-06	1.76232e-05	8.849e-06	0.00134202	8.92914e-06	0.0	9.01387e-06	0.0	9.10328e-06	0.0	1.8398100000000003e-05	8.32463e-05	0.0	0.0	0.0	0.0	0.0	0.0	0.0	0.0	0.0	0.0	7.94017e-05	9.99377e-06	0.0	3.04457e-05	3.07234e-05	0.0	0.0
Sfa-CBas_092-Ex1-cssl	0.0255769	0.0	0.0	0.0	0.0	0.0	0.000175385	0.0	0.0	0.00010230800000000001	0.0	0.0	0.0	0.0	0.0	0.0	0.0	0.0	0.0	0.0	0.0	0.0	0.0	0.0019000000000000002	0.0	0.0	0.0	0.0	0.0	0.0	0.0	0.000175385	4.38462e-05	1.46162e-05	0.0	0.0	0.0	0.0	0.0	0.0	0.0	0.0	0.0	0.0	0.0	0.0	0.0	0.0	0.000204809	0.0	0.0	0.0	0.0	0.0	0.0	0.0	0.0	0.0	0.0	0.0	0.0	0.0	0.0	0.0	0.0	0.0	4.39463e-05	0.0	1.46521e-05	0.0	0.0	0.0	0.0	0.00105561	0.0	0.0	0.0	0.0	0.0	0.0	0.0	0.0	0.0	0.0	0.0	0.0	0.0	0.0	0.0	0.0	1.47245e-05	4.41948e-05	0.0	0.0	0.0	0.0	0.0	0.0	0.0	0.00194163	0.0	0.0	0.0	0.0	0.0	0.0	0.0	0.0	0.0	0.0	0.0	0.0	0.0	0.0	0.0	0.0	0.0	0.0	0.0	0.0	0.0	0.0	0.0	4.63869e-05	0.00124011	1.55405e-05	0.0	1.56233e-05	0.0	0.0	0.0	0.0	6.34614e-05	0.0	0.0	0.0	0.0	0.0	0.0	0.0	0.0	0.0	0.0	6.6343e-05	0.0	0.0	0.0	8.45586e-05	0.0	0.0
Sfa-CBas_096-Ex1-cssl	0.026455	0.0	2.34738e-05	0.0	0.0	0.0	0.000176054	0.0	0.0	8.21584e-05	0.0	0.0	0.0	0.0	0.0	0.0	0.0	0.0	0.0	0.0	0.0	0.0	0.0	0.0018074799999999998	0.0	0.0	0.0	0.0	0.0	0.0	0.0	0.000176054	1.17369e-05	0.0	0.0	0.0	0.0	0.0	0.0	0.0	0.0	0.0	0.0	0.0	0.0	0.0	0.0	0.0	0.000140958	0.0	0.0	0.0	0.0	0.0	0.0	0.0	0.0	0.0	0.0	0.0	0.0	0.0	0.0	0.0	0.0	0.0	5.88217e-05	0.0	3.53031e-05	0.0	0.0	0.0	0.0	0.00107171	0.0	0.0	0.0	0.0	0.0	0.0	0.0	0.0	0.0	0.0	0.0	0.0	0.0	0.0	0.0	0.0	2.37036e-05	5.93109e-05	0.0	0.0	0.0	0.0	0.0	0.0	0.0	0.00200141	0.0	0.0	0.0	0.0	0.0	0.0	0.0	0.0	0.0	0.0	0.0	0.0	0.0	0.0	0.0	0.0	0.0	1.25432e-05	0.0	0.0	0.0	0.0	0.0	1.28272e-05	0.0012106299999999999	0.0	0.0	2.6088300000000002e-05	0.0	0.0	0.0	0.0	6.68106e-05	0.0	0.0	0.0	0.0	0.0	0.0	0.0	0.0	0.0	0.0	4.28053e-05	0.0	0.0	0.0	1.46914e-05	0.0	0.0
