all	0	8344	1220025	0.0068392
all	1	2195	1220025	0.0017991
all	2	3101	1220025	0.0025418
all	3	2512	1220025	0.0020590
all	4	3212	1220025	0.0026327
all	5	3745	1220025	0.0030696
all	6	3960	1220025	0.0032458
all	7	4727	1220025	0.0038745
all	8	5572	1220025	0.0045671
all	9	6262	1220025	0.0051327
all	10	6476	1220025	0.0053081
all	11	7779	1220025	0.0063761
all	12	8412	1220025	0.0068949
all	13	9311	1220025	0.0076318
all	14	9070	1220025	0.0074343
all	15	8869	1220025	0.0072695
all	16	9690	1220025	0.0079425
all	17	10464	1220025	0.0085769
all	18	11702	1220025	0.0095916
all	19	11103	1220025	0.0091006
all	20	11561	1220025	0.0094760
all	21	11867	1220025	0.0097269
all	22	12165	1220025	0.0099711
all	23	12890	1220025	0.0105654
all	24	13791	1220025	0.0113039
all	25	14162	1220025	0.0116080
all	26	13651	1220025	0.0111891
all	27	14821	1220025	0.0121481
all	28	14419	1220025	0.0118186
all	29	14501	1220025	0.0118858
all	30	14938	1220025	0.0122440
all	31	15139	1220025	0.0124088
all	32	15668	1220025	0.0128424
all	33	15343	1220025	0.0125760
all	34	15937	1220025	0.0130628
all	35	15960	1220025	0.0130817
all	36	16031	1220025	0.0131399
all	37	16004	1220025	0.0131178
all	38	15724	1220025	0.0128883
all	39	15644	1220025	0.0128227
all	40	15993	1220025	0.0131087
all	41	16754	1220025	0.0137325
all	42	16140	1220025	0.0132292
all	43	16528	1220025	0.0135473
all	44	17008	1220025	0.0139407
all	45	16251	1220025	0.0133202
all	46	16308	1220025	0.0133669
all	47	15721	1220025	0.0128858
all	48	15795	1220025	0.0129465
all	49	15519	1220025	0.0127202
all	50	14978	1220025	0.0122768
all	51	15805	1220025	0.0129547
all	52	14506	1220025	0.0118899
all	53	14999	1220025	0.0122940
all	54	14796	1220025	0.0121276
all	55	14563	1220025	0.0119366
all	56	14009	1220025	0.0114826
all	57	13446	1220025	0.0110211
all	58	13097	1220025	0.0107350
all	59	12958	1220025	0.0106211
all	60	12968	1220025	0.0106293
all	61	12257	1220025	0.0100465
all	62	11648	1220025	0.0095473
all	63	11748	1220025	0.0096293
all	64	12095	1220025	0.0099137
all	65	11666	1220025	0.0095621
all	66	11179	1220025	0.0091629
all	67	11292	1220025	0.0092555
all	68	10634	1220025	0.0087162
all	69	10173	1220025	0.0083384
all	70	9553	1220025	0.0078302
all	71	9454	1220025	0.0077490
all	72	9362	1220025	0.0076736
all	73	9060	1220025	0.0074261
all	74	8939	1220025	0.0073269
all	75	8799	1220025	0.0072121
all	76	8452	1220025	0.0069277
all	77	8561	1220025	0.0070171
all	78	8050	1220025	0.0065982
all	79	8133	1220025	0.0066663
all	80	7545	1220025	0.0061843
all	81	7500	1220025	0.0061474
all	82	7470	1220025	0.0061228
all	83	7365	1220025	0.0060368
all	84	7024	1220025	0.0057573
all	85	6657	1220025	0.0054564
all	86	6931	1220025	0.0056810
all	87	6397	1220025	0.0052433
all	88	6221	1220025	0.0050991
all	89	5846	1220025	0.0047917
all	90	5915	1220025	0.0048483
all	91	5316	1220025	0.0043573
all	92	5358	1220025	0.0043917
all	93	5016	1220025	0.0041114
all	94	5106	1220025	0.0041852
all	95	4802	1220025	0.0039360
all	96	4654	1220025	0.0038147
all	97	4337	1220025	0.0035548
all	98	4346	1220025	0.0035622
all	99	4302	1220025	0.0035262
all	100	4022	1220025	0.0032967
all	101	4045	1220025	0.0033155
all	102	3991	1220025	0.0032712
all	103	3886	1220025	0.0031852
all	104	3825	1220025	0.0031352
all	105	3676	1220025	0.0030131
all	106	3705	1220025	0.0030368
all	107	3517	1220025	0.0028827
all	108	3187	1220025	0.0026122
all	109	3202	1220025	0.0026245
all	110	2992	1220025	0.0024524
all	111	3166	1220025	0.0025950
all	112	2999	1220025	0.0024581
all	113	2883	1220025	0.0023631
all	114	2653	1220025	0.0021745
all	115	2505	1220025	0.0020532
all	116	2619	1220025	0.0021467
all	117	2552	1220025	0.0020918
all	118	2451	1220025	0.0020090
all	119	2223	1220025	0.0018221
all	120	2427	1220025	0.0019893
all	121	2327	1220025	0.0019073
all	122	2091	1220025	0.0017139
all	123	1994	1220025	0.0016344
all	124	1861	1220025	0.0015254
all	125	2137	1220025	0.0017516
all	126	1783	1220025	0.0014614
all	127	1767	1220025	0.0014483
all	128	1718	1220025	0.0014082
all	129	1779	1220025	0.0014582
all	130	1811	1220025	0.0014844
all	131	1573	1220025	0.0012893
all	132	1560	1220025	0.0012787
all	133	1532	1220025	0.0012557
all	134	1587	1220025	0.0013008
all	135	1458	1220025	0.0011951
all	136	1386	1220025	0.0011360
all	137	1234	1220025	0.0010115
all	138	1411	1220025	0.0011565
all	139	1332	1220025	0.0010918
all	140	1206	1220025	0.0009885
all	141	1132	1220025	0.0009278
all	142	1185	1220025	0.0009713
all	143	1136	1220025	0.0009311
all	144	1278	1220025	0.0010475
all	145	1178	1220025	0.0009656
all	146	1061	1220025	0.0008697
all	147	1110	1220025	0.0009098
all	148	1080	1220025	0.0008852
all	149	974	1220025	0.0007983
all	150	1008	1220025	0.0008262
all	151	1028	1220025	0.0008426
all	152	1025	1220025	0.0008401
all	153	1038	1220025	0.0008508
all	154	1052	1220025	0.0008623
all	155	944	1220025	0.0007738
all	156	921	1220025	0.0007549
all	157	1000	1220025	0.0008197
all	158	753	1220025	0.0006172
all	159	726	1220025	0.0005951
all	160	758	1220025	0.0006213
all	161	770	1220025	0.0006311
all	162	777	1220025	0.0006369
all	163	824	1220025	0.0006754
all	164	683	1220025	0.0005598
all	165	659	1220025	0.0005402
all	166	686	1220025	0.0005623
all	167	708	1220025	0.0005803
all	168	699	1220025	0.0005729
all	169	598	1220025	0.0004902
all	170	653	1220025	0.0005352
all	171	598	1220025	0.0004902
all	172	627	1220025	0.0005139
all	173	601	1220025	0.0004926
all	174	534	1220025	0.0004377
all	175	525	1220025	0.0004303
all	176	563	1220025	0.0004615
all	177	531	1220025	0.0004352
all	178	516	1220025	0.0004229
all	179	494	1220025	0.0004049
all	180	524	1220025	0.0004295
all	181	521	1220025	0.0004270
all	182	475	1220025	0.0003893
all	183	503	1220025	0.0004123
all	184	508	1220025	0.0004164
all	185	388	1220025	0.0003180
all	186	504	1220025	0.0004131
all	187	389	1220025	0.0003188
all	188	408	1220025	0.0003344
all	189	426	1220025	0.0003492
all	190	500	1220025	0.0004098
all	191	445	1220025	0.0003647
all	192	398	1220025	0.0003262
all	193	511	1220025	0.0004188
all	194	389	1220025	0.0003188
all	195	441	1220025	0.0003615
all	196	395	1220025	0.0003238
all	197	327	1220025	0.0002680
all	198	459	1220025	0.0003762
all	199	417	1220025	0.0003418
all	200	456	1220025	0.0003738
all	201	416	1220025	0.0003410
all	202	402	1220025	0.0003295
all	203	399	1220025	0.0003270
all	204	340	1220025	0.0002787
all	205	313	1220025	0.0002566
all	206	358	1220025	0.0002934
all	207	318	1220025	0.0002607
all	208	275	1220025	0.0002254
all	209	306	1220025	0.0002508
all	210	292	1220025	0.0002393
all	211	329	1220025	0.0002697
all	212	296	1220025	0.0002426
all	213	252	1220025	0.0002066
all	214	315	1220025	0.0002582
all	215	248	1220025	0.0002033
all	216	278	1220025	0.0002279
all	217	335	1220025	0.0002746
all	218	309	1220025	0.0002533
all	219	293	1220025	0.0002402
all	220	285	1220025	0.0002336
all	221	272	1220025	0.0002229
all	222	271	1220025	0.0002221
all	223	267	1220025	0.0002188
all	224	216	1220025	0.0001770
all	225	227	1220025	0.0001861
all	226	257	1220025	0.0002107
all	227	258	1220025	0.0002115
all	228	239	1220025	0.0001959
all	229	197	1220025	0.0001615
all	230	183	1220025	0.0001500
all	231	228	1220025	0.0001869
all	232	210	1220025	0.0001721
all	233	187	1220025	0.0001533
all	234	198	1220025	0.0001623
all	235	208	1220025	0.0001705
all	236	219	1220025	0.0001795
all	237	208	1220025	0.0001705
all	238	190	1220025	0.0001557
all	239	129	1220025	0.0001057
all	240	208	1220025	0.0001705
all	241	199	1220025	0.0001631
all	242	205	1220025	0.0001680
all	243	231	1220025	0.0001893
all	244	211	1220025	0.0001729
all	245	224	1220025	0.0001836
all	246	209	1220025	0.0001713
all	247	228	1220025	0.0001869
all	248	166	1220025	0.0001361
all	249	147	1220025	0.0001205
all	250	195	1220025	0.0001598
all	251	184	1220025	0.0001508
all	252	151	1220025	0.0001238
all	253	157	1220025	0.0001287
all	254	142	1220025	0.0001164
all	255	163	1220025	0.0001336
all	256	194	1220025	0.0001590
all	257	197	1220025	0.0001615
all	258	145	1220025	0.0001189
all	259	176	1220025	0.0001443
all	260	185	1220025	0.0001516
all	261	197	1220025	0.0001615
all	262	143	1220025	0.0001172
all	263	200	1220025	0.0001639
all	264	145	1220025	0.0001189
all	265	148	1220025	0.0001213
all	266	181	1220025	0.0001484
all	267	160	1220025	0.0001311
all	268	130	1220025	0.0001066
all	269	123	1220025	0.0001008
all	270	140	1220025	0.0001148
all	271	115	1220025	0.0000943
all	272	121	1220025	0.0000992
all	273	97	1220025	0.0000795
all	274	99	1220025	0.0000811
all	275	110	1220025	0.0000902
all	276	122	1220025	0.0001000
all	277	98	1220025	0.0000803
all	278	83	1220025	0.0000680
all	279	126	1220025	0.0001033
all	280	117	1220025	0.0000959
all	281	121	1220025	0.0000992
all	282	132	1220025	0.0001082
all	283	135	1220025	0.0001107
all	284	92	1220025	0.0000754
all	285	129	1220025	0.0001057
all	286	48	1220025	0.0000393
all	287	79	1220025	0.0000648
all	288	57	1220025	0.0000467
all	289	52	1220025	0.0000426
all	290	64	1220025	0.0000525
all	291	47	1220025	0.0000385
all	292	79	1220025	0.0000648
all	293	71	1220025	0.0000582
all	294	89	1220025	0.0000729
all	295	78	1220025	0.0000639
all	296	66	1220025	0.0000541
all	297	72	1220025	0.0000590
all	298	73	1220025	0.0000598
all	299	66	1220025	0.0000541
all	300	84	1220025	0.0000689
all	301	71	1220025	0.0000582
all	302	68	1220025	0.0000557
all	303	56	1220025	0.0000459
all	304	72	1220025	0.0000590
all	305	65	1220025	0.0000533
all	306	46	1220025	0.0000377
all	307	71	1220025	0.0000582
all	308	69	1220025	0.0000566
all	309	32	1220025	0.0000262
all	310	82	1220025	0.0000672
all	311	56	1220025	0.0000459
all	312	64	1220025	0.0000525
all	313	51	1220025	0.0000418
all	314	53	1220025	0.0000434
all	315	65	1220025	0.0000533
all	316	58	1220025	0.0000475
all	317	52	1220025	0.0000426
all	318	69	1220025	0.0000566
all	319	53	1220025	0.0000434
all	320	63	1220025	0.0000516
all	321	75	1220025	0.0000615
all	322	57	1220025	0.0000467
all	323	24	1220025	0.0000197
all	324	43	1220025	0.0000352
all	325	57	1220025	0.0000467
all	326	43	1220025	0.0000352
all	327	67	1220025	0.0000549
all	328	46	1220025	0.0000377
all	329	39	1220025	0.0000320
all	330	38	1220025	0.0000311
all	331	44	1220025	0.0000361
all	332	37	1220025	0.0000303
all	333	46	1220025	0.0000377
all	334	45	1220025	0.0000369
all	335	75	1220025	0.0000615
all	336	30	1220025	0.0000246
all	337	44	1220025	0.0000361
all	338	42	1220025	0.0000344
all	339	38	1220025	0.0000311
all	340	67	1220025	0.0000549
all	341	38	1220025	0.0000311
all	342	39	1220025	0.0000320
all	343	50	1220025	0.0000410
all	344	44	1220025	0.0000361
all	345	69	1220025	0.0000566
all	346	43	1220025	0.0000352
all	347	61	1220025	0.0000500
all	348	46	1220025	0.0000377
all	349	47	1220025	0.0000385
all	350	56	1220025	0.0000459
all	351	56	1220025	0.0000459
all	352	60	1220025	0.0000492
all	353	44	1220025	0.0000361
all	354	46	1220025	0.0000377
all	355	53	1220025	0.0000434
all	356	21	1220025	0.0000172
all	357	31	1220025	0.0000254
all	358	27	1220025	0.0000221
all	359	44	1220025	0.0000361
all	360	24	1220025	0.0000197
all	361	40	1220025	0.0000328
all	362	49	1220025	0.0000402
all	363	23	1220025	0.0000189
all	364	33	1220025	0.0000270
all	365	23	1220025	0.0000189
all	366	27	1220025	0.0000221
all	367	38	1220025	0.0000311
all	368	28	1220025	0.0000230
all	369	46	1220025	0.0000377
all	370	37	1220025	0.0000303
all	371	30	1220025	0.0000246
all	372	28	1220025	0.0000230
all	373	43	1220025	0.0000352
all	374	19	1220025	0.0000156
all	375	20	1220025	0.0000164
all	376	34	1220025	0.0000279
all	377	32	1220025	0.0000262
all	378	25	1220025	0.0000205
all	379	21	1220025	0.0000172
all	380	18	1220025	0.0000148
all	381	44	1220025	0.0000361
all	382	23	1220025	0.0000189
all	383	30	1220025	0.0000246
all	384	35	1220025	0.0000287
all	385	9	1220025	0.0000074
all	386	19	1220025	0.0000156
all	387	14	1220025	0.0000115
all	388	21	1220025	0.0000172
all	389	27	1220025	0.0000221
all	390	35	1220025	0.0000287
all	391	38	1220025	0.0000311
all	392	29	1220025	0.0000238
all	393	21	1220025	0.0000172
all	394	26	1220025	0.0000213
all	395	25	1220025	0.0000205
all	396	10	1220025	0.0000082
all	397	24	1220025	0.0000197
all	398	15	1220025	0.0000123
all	399	13	1220025	0.0000107
all	400	9	1220025	0.0000074
all	401	9	1220025	0.0000074
all	402	11	1220025	0.0000090
all	403	21	1220025	0.0000172
all	404	10	1220025	0.0000082
all	405	17	1220025	0.0000139
all	406	11	1220025	0.0000090
all	407	12	1220025	0.0000098
all	408	9	1220025	0.0000074
all	409	17	1220025	0.0000139
all	410	24	1220025	0.0000197
all	411	2	1220025	0.0000016
all	412	8	1220025	0.0000066
all	413	7	1220025	0.0000057
all	414	11	1220025	0.0000090
all	415	20	1220025	0.0000164
all	416	8	1220025	0.0000066
all	417	9	1220025	0.0000074
all	418	17	1220025	0.0000139
all	419	31	1220025	0.0000254
all	420	28	1220025	0.0000230
all	421	13	1220025	0.0000107
all	422	6	1220025	0.0000049
all	423	8	1220025	0.0000066
all	424	15	1220025	0.0000123
all	425	19	1220025	0.0000156
all	426	15	1220025	0.0000123
all	427	13	1220025	0.0000107
all	428	9	1220025	0.0000074
all	429	29	1220025	0.0000238
all	430	10	1220025	0.0000082
all	431	6	1220025	0.0000049
all	432	5	1220025	0.0000041
all	433	4	1220025	0.0000033
all	434	2	1220025	0.0000016
all	435	2	1220025	0.0000016
all	436	3	1220025	0.0000025
all	437	6	1220025	0.0000049
all	438	4	1220025	0.0000033
all	439	2	1220025	0.0000016
all	440	8	1220025	0.0000066
all	441	6	1220025	0.0000049
all	442	6	1220025	0.0000049
all	443	8	1220025	0.0000066
all	444	7	1220025	0.0000057
all	445	5	1220025	0.0000041
all	446	1	1220025	0.0000008
all	447	9	1220025	0.0000074
all	448	3	1220025	0.0000025
all	449	8	1220025	0.0000066
all	450	8	1220025	0.0000066
all	451	12	1220025	0.0000098
all	452	6	1220025	0.0000049
all	453	6	1220025	0.0000049
all	454	9	1220025	0.0000074
all	455	18	1220025	0.0000148
all	456	4	1220025	0.0000033
all	457	3	1220025	0.0000025
all	458	1	1220025	0.0000008
all	459	4	1220025	0.0000033
all	460	14	1220025	0.0000115
all	461	3	1220025	0.0000025
all	462	13	1220025	0.0000107
all	463	11	1220025	0.0000090
all	464	7	1220025	0.0000057
all	465	3	1220025	0.0000025
all	466	8	1220025	0.0000066
all	467	7	1220025	0.0000057
all	468	5	1220025	0.0000041
all	469	5	1220025	0.0000041
all	470	2	1220025	0.0000016
all	471	1	1220025	0.0000008
all	472	9	1220025	0.0000074
all	473	14	1220025	0.0000115
all	474	6	1220025	0.0000049
all	475	5	1220025	0.0000041
all	476	5	1220025	0.0000041
all	477	6	1220025	0.0000049
all	478	2	1220025	0.0000016
all	479	3	1220025	0.0000025
all	480	9	1220025	0.0000074
all	481	6	1220025	0.0000049
all	483	1	1220025	0.0000008
all	484	10	1220025	0.0000082
all	485	4	1220025	0.0000033
all	486	6	1220025	0.0000049
all	487	4	1220025	0.0000033
all	488	4	1220025	0.0000033
all	489	1	1220025	0.0000008
all	490	3	1220025	0.0000025
all	491	2	1220025	0.0000016
all	492	12	1220025	0.0000098
all	493	1	1220025	0.0000008
all	494	1	1220025	0.0000008
all	495	9	1220025	0.0000074
all	496	1	1220025	0.0000008
all	497	2	1220025	0.0000016
all	498	2	1220025	0.0000016
all	499	5	1220025	0.0000041
all	500	3	1220025	0.0000025
all	501	3	1220025	0.0000025
all	502	2	1220025	0.0000016
all	503	2	1220025	0.0000016
all	504	6	1220025	0.0000049
all	505	4	1220025	0.0000033
all	506	9	1220025	0.0000074
all	507	4	1220025	0.0000033
all	508	1	1220025	0.0000008
all	509	6	1220025	0.0000049
all	510	4	1220025	0.0000033
all	511	2	1220025	0.0000016
all	512	6	1220025	0.0000049
all	513	1	1220025	0.0000008
all	514	9	1220025	0.0000074
all	515	4	1220025	0.0000033
all	516	7	1220025	0.0000057
all	518	8	1220025	0.0000066
all	519	8	1220025	0.0000066
all	520	1	1220025	0.0000008
all	521	2	1220025	0.0000016
all	522	5	1220025	0.0000041
all	523	8	1220025	0.0000066
all	524	3	1220025	0.0000025
all	525	5	1220025	0.0000041
all	526	2	1220025	0.0000016
all	527	2	1220025	0.0000016
all	529	6	1220025	0.0000049
all	530	9	1220025	0.0000074
all	531	12	1220025	0.0000098
all	534	1	1220025	0.0000008
all	535	4	1220025	0.0000033
all	536	3	1220025	0.0000025
all	538	4	1220025	0.0000033
all	539	2	1220025	0.0000016
all	541	5	1220025	0.0000041
all	542	5	1220025	0.0000041
all	545	1	1220025	0.0000008
all	546	2	1220025	0.0000016
all	549	1	1220025	0.0000008
all	550	3	1220025	0.0000025
all	552	2	1220025	0.0000016
all	553	2	1220025	0.0000016
all	554	4	1220025	0.0000033
all	555	1	1220025	0.0000008
all	556	4	1220025	0.0000033
all	557	5	1220025	0.0000041
all	559	1	1220025	0.0000008
all	562	1	1220025	0.0000008
all	563	1	1220025	0.0000008
all	564	1	1220025	0.0000008
all	565	1	1220025	0.0000008
all	566	1	1220025	0.0000008
all	567	2	1220025	0.0000016
all	568	1	1220025	0.0000008
all	569	2	1220025	0.0000016
all	571	1	1220025	0.0000008
all	575	2	1220025	0.0000016
all	580	1	1220025	0.0000008
all	582	1	1220025	0.0000008
all	583	2	1220025	0.0000016
all	584	4	1220025	0.0000033
all	585	1	1220025	0.0000008
all	587	1	1220025	0.0000008
all	591	1	1220025	0.0000008
all	592	1	1220025	0.0000008
all	594	4	1220025	0.0000033
all	597	1	1220025	0.0000008
all	598	1	1220025	0.0000008
all	601	1	1220025	0.0000008
all	602	3	1220025	0.0000025
all	604	1	1220025	0.0000008
all	605	8	1220025	0.0000066
all	606	2	1220025	0.0000016
all	607	1	1220025	0.0000008
all	608	1	1220025	0.0000008
all	610	2	1220025	0.0000016
all	612	3	1220025	0.0000025
all	613	1	1220025	0.0000008
all	614	4	1220025	0.0000033
all	615	1	1220025	0.0000008
all	616	1	1220025	0.0000008
all	618	14	1220025	0.0000115
all	620	1	1220025	0.0000008
all	632	1	1220025	0.0000008
all	640	1	1220025	0.0000008
all	642	1	1220025	0.0000008
all	651	1	1220025	0.0000008
all	661	1	1220025	0.0000008
all	667	1	1220025	0.0000008
all	669	1	1220025	0.0000008
all	676	2	1220025	0.0000016
all	681	1	1220025	0.0000008
all	701	1	1220025	0.0000008
all	707	1	1220025	0.0000008
all	709	1	1220025	0.0000008
all	714	1	1220025	0.0000008
all	724	1	1220025	0.0000008
all	727	2	1220025	0.0000016
all	728	2	1220025	0.0000016
all	729	1	1220025	0.0000008
all	730	1	1220025	0.0000008
all	732	1	1220025	0.0000008
all	734	1	1220025	0.0000008
all	738	1	1220025	0.0000008
all	741	3	1220025	0.0000025
all	746	1	1220025	0.0000008
all	747	1	1220025	0.0000008
all	751	1	1220025	0.0000008
all	752	2	1220025	0.0000016
all	753	1	1220025	0.0000008
all	754	1	1220025	0.0000008
all	755	2	1220025	0.0000016
all	756	2	1220025	0.0000016
all	757	1	1220025	0.0000008
all	758	1	1220025	0.0000008
all	759	1	1220025	0.0000008
all	761	1	1220025	0.0000008
all	767	2	1220025	0.0000016
all	771	1	1220025	0.0000008
all	775	2	1220025	0.0000016
all	780	1	1220025	0.0000008
all	782	1	1220025	0.0000008
all	789	1	1220025	0.0000008
all	803	2	1220025	0.0000016
all	807	1	1220025	0.0000008
all	823	1	1220025	0.0000008
all	827	1	1220025	0.0000008
all	836	1	1220025	0.0000008
all	838	1	1220025	0.0000008
all	839	1	1220025	0.0000008
all	840	1	1220025	0.0000008
all	842	1	1220025	0.0000008
all	843	3	1220025	0.0000025
all	845	2	1220025	0.0000016
all	846	1	1220025	0.0000008
all	849	1	1220025	0.0000008
all	851	1	1220025	0.0000008
all	854	1	1220025	0.0000008
all	855	1	1220025	0.0000008
all	856	1	1220025	0.0000008
all	857	2	1220025	0.0000016
all	858	5	1220025	0.0000041
all	859	2	1220025	0.0000016
all	860	1	1220025	0.0000008
all	866	3	1220025	0.0000025
all	868	1	1220025	0.0000008
all	871	1	1220025	0.0000008
all	875	2	1220025	0.0000016
all	881	1	1220025	0.0000008
all	883	1	1220025	0.0000008
all	890	1	1220025	0.0000008
all	891	1	1220025	0.0000008
all	892	1	1220025	0.0000008
all	893	1	1220025	0.0000008
all	900	4	1220025	0.0000033
all	903	1	1220025	0.0000008
all	906	2	1220025	0.0000016
all	909	1	1220025	0.0000008
all	912	1	1220025	0.0000008
all	913	2	1220025	0.0000016
all	915	1	1220025	0.0000008
all	917	2	1220025	0.0000016
all	918	3	1220025	0.0000025
all	921	2	1220025	0.0000016
all	922	1	1220025	0.0000008
all	923	3	1220025	0.0000025
all	927	1	1220025	0.0000008
all	928	2	1220025	0.0000016
all	930	1	1220025	0.0000008
all	934	1	1220025	0.0000008
all	936	1	1220025	0.0000008
all	938	1	1220025	0.0000008
all	942	2	1220025	0.0000016
all	945	2	1220025	0.0000016
all	949	1	1220025	0.0000008
all	950	2	1220025	0.0000016
all	951	4	1220025	0.0000033
all	952	2	1220025	0.0000016
all	953	2	1220025	0.0000016
all	958	2	1220025	0.0000016
all	959	1	1220025	0.0000008
all	960	3	1220025	0.0000025
all	962	1	1220025	0.0000008
all	963	2	1220025	0.0000016
all	966	1	1220025	0.0000008
all	968	1	1220025	0.0000008
all	969	2	1220025	0.0000016
all	970	1	1220025	0.0000008
all	971	1	1220025	0.0000008
all	972	2	1220025	0.0000016
all	973	1	1220025	0.0000008
all	974	1	1220025	0.0000008
all	975	2	1220025	0.0000016
