all	0	12604	1220025	0.0103309
all	1	4467	1220025	0.0036614
all	2	6320	1220025	0.0051802
all	3	5684	1220025	0.0046589
all	4	7654	1220025	0.0062736
all	5	8236	1220025	0.0067507
all	6	8410	1220025	0.0068933
all	7	9080	1220025	0.0074425
all	8	9670	1220025	0.0079261
all	9	9824	1220025	0.0080523
all	10	10589	1220025	0.0086793
all	11	11759	1220025	0.0096383
all	12	11396	1220025	0.0093408
all	13	12575	1220025	0.0103072
all	14	13070	1220025	0.0107129
all	15	14664	1220025	0.0120194
all	16	15462	1220025	0.0126735
all	17	15715	1220025	0.0128809
all	18	15640	1220025	0.0128194
all	19	15829	1220025	0.0129743
all	20	15961	1220025	0.0130825
all	21	16151	1220025	0.0132383
all	22	16861	1220025	0.0138202
all	23	15880	1220025	0.0130161
all	24	16194	1220025	0.0132735
all	25	17417	1220025	0.0142759
all	26	16448	1220025	0.0134817
all	27	17706	1220025	0.0145128
all	28	17470	1220025	0.0143194
all	29	17455	1220025	0.0143071
all	30	18622	1220025	0.0152636
all	31	16743	1220025	0.0137235
all	32	16875	1220025	0.0138317
all	33	16793	1220025	0.0137645
all	34	16513	1220025	0.0135350
all	35	17519	1220025	0.0143595
all	36	16825	1220025	0.0137907
all	37	16912	1220025	0.0138620
all	38	16958	1220025	0.0138997
all	39	16411	1220025	0.0134514
all	40	15565	1220025	0.0127579
all	41	15790	1220025	0.0129424
all	42	16424	1220025	0.0134620
all	43	16124	1220025	0.0132161
all	44	15195	1220025	0.0124547
all	45	14651	1220025	0.0120088
all	46	14503	1220025	0.0118875
all	47	14946	1220025	0.0122506
all	48	14372	1220025	0.0117801
all	49	13476	1220025	0.0110457
all	50	13726	1220025	0.0112506
all	51	13186	1220025	0.0108080
all	52	13058	1220025	0.0107031
all	53	12378	1220025	0.0101457
all	54	12210	1220025	0.0100080
all	55	12227	1220025	0.0100219
all	56	11935	1220025	0.0097826
all	57	11244	1220025	0.0092162
all	58	10741	1220025	0.0088039
all	59	10323	1220025	0.0084613
all	60	10434	1220025	0.0085523
all	61	9953	1220025	0.0081580
all	62	10140	1220025	0.0083113
all	63	9458	1220025	0.0077523
all	64	9912	1220025	0.0081244
all	65	9053	1220025	0.0074203
all	66	8744	1220025	0.0071671
all	67	8736	1220025	0.0071605
all	68	8865	1220025	0.0072662
all	69	8329	1220025	0.0068269
all	70	7821	1220025	0.0064105
all	71	8175	1220025	0.0067007
all	72	8180	1220025	0.0067048
all	73	7547	1220025	0.0061859
all	74	7253	1220025	0.0059450
all	75	7510	1220025	0.0061556
all	76	7006	1220025	0.0057425
all	77	7121	1220025	0.0058368
all	78	6940	1220025	0.0056884
all	79	6185	1220025	0.0050696
all	80	6119	1220025	0.0050155
all	81	5973	1220025	0.0048958
all	82	5548	1220025	0.0045474
all	83	5522	1220025	0.0045261
all	84	5116	1220025	0.0041934
all	85	5155	1220025	0.0042253
all	86	4914	1220025	0.0040278
all	87	4901	1220025	0.0040171
all	88	4531	1220025	0.0037139
all	89	4602	1220025	0.0037721
all	90	4654	1220025	0.0038147
all	91	4607	1220025	0.0037762
all	92	4456	1220025	0.0036524
all	93	3893	1220025	0.0031909
all	94	3760	1220025	0.0030819
all	95	3873	1220025	0.0031745
all	96	3444	1220025	0.0028229
all	97	3100	1220025	0.0025409
all	98	2975	1220025	0.0024385
all	99	3189	1220025	0.0026139
all	100	2772	1220025	0.0022721
all	101	2851	1220025	0.0023368
all	102	2924	1220025	0.0023967
all	103	2762	1220025	0.0022639
all	104	2552	1220025	0.0020918
all	105	2619	1220025	0.0021467
all	106	2663	1220025	0.0021827
all	107	2486	1220025	0.0020377
all	108	2427	1220025	0.0019893
all	109	2466	1220025	0.0020213
all	110	2270	1220025	0.0018606
all	111	2204	1220025	0.0018065
all	112	2311	1220025	0.0018942
all	113	2444	1220025	0.0020032
all	114	2130	1220025	0.0017459
all	115	1901	1220025	0.0015582
all	116	1947	1220025	0.0015959
all	117	1903	1220025	0.0015598
all	118	1883	1220025	0.0015434
all	119	1599	1220025	0.0013106
all	120	1844	1220025	0.0015114
all	121	1752	1220025	0.0014360
all	122	1759	1220025	0.0014418
all	123	1613	1220025	0.0013221
all	124	1570	1220025	0.0012869
all	125	1560	1220025	0.0012787
all	126	1704	1220025	0.0013967
all	127	1446	1220025	0.0011852
all	128	1517	1220025	0.0012434
all	129	1396	1220025	0.0011442
all	130	1365	1220025	0.0011188
all	131	1357	1220025	0.0011123
all	132	1268	1220025	0.0010393
all	133	1317	1220025	0.0010795
all	134	1387	1220025	0.0011369
all	135	1375	1220025	0.0011270
all	136	1195	1220025	0.0009795
all	137	1174	1220025	0.0009623
all	138	1084	1220025	0.0008885
all	139	1042	1220025	0.0008541
all	140	1118	1220025	0.0009164
all	141	1196	1220025	0.0009803
all	142	1103	1220025	0.0009041
all	143	950	1220025	0.0007787
all	144	1066	1220025	0.0008738
all	145	887	1220025	0.0007270
all	146	1023	1220025	0.0008385
all	147	881	1220025	0.0007221
all	148	835	1220025	0.0006844
all	149	669	1220025	0.0005483
all	150	860	1220025	0.0007049
all	151	690	1220025	0.0005656
all	152	732	1220025	0.0006000
all	153	758	1220025	0.0006213
all	154	670	1220025	0.0005492
all	155	716	1220025	0.0005869
all	156	666	1220025	0.0005459
all	157	630	1220025	0.0005164
all	158	736	1220025	0.0006033
all	159	610	1220025	0.0005000
all	160	647	1220025	0.0005303
all	161	749	1220025	0.0006139
all	162	582	1220025	0.0004770
all	163	608	1220025	0.0004984
all	164	617	1220025	0.0005057
all	165	680	1220025	0.0005574
all	166	608	1220025	0.0004984
all	167	626	1220025	0.0005131
all	168	577	1220025	0.0004729
all	169	678	1220025	0.0005557
all	170	562	1220025	0.0004606
all	171	577	1220025	0.0004729
all	172	489	1220025	0.0004008
all	173	519	1220025	0.0004254
all	174	655	1220025	0.0005369
all	175	527	1220025	0.0004320
all	176	436	1220025	0.0003574
all	177	485	1220025	0.0003975
all	178	487	1220025	0.0003992
all	179	454	1220025	0.0003721
all	180	447	1220025	0.0003664
all	181	537	1220025	0.0004402
all	182	501	1220025	0.0004106
all	183	475	1220025	0.0003893
all	184	554	1220025	0.0004541
all	185	436	1220025	0.0003574
all	186	525	1220025	0.0004303
all	187	517	1220025	0.0004238
all	188	429	1220025	0.0003516
all	189	408	1220025	0.0003344
all	190	352	1220025	0.0002885
all	191	401	1220025	0.0003287
all	192	405	1220025	0.0003320
all	193	360	1220025	0.0002951
all	194	334	1220025	0.0002738
all	195	311	1220025	0.0002549
all	196	347	1220025	0.0002844
all	197	365	1220025	0.0002992
all	198	366	1220025	0.0003000
all	199	456	1220025	0.0003738
all	200	400	1220025	0.0003279
all	201	256	1220025	0.0002098
all	202	387	1220025	0.0003172
all	203	383	1220025	0.0003139
all	204	344	1220025	0.0002820
all	205	304	1220025	0.0002492
all	206	356	1220025	0.0002918
all	207	364	1220025	0.0002984
all	208	251	1220025	0.0002057
all	209	248	1220025	0.0002033
all	210	255	1220025	0.0002090
all	211	317	1220025	0.0002598
all	212	258	1220025	0.0002115
all	213	320	1220025	0.0002623
all	214	237	1220025	0.0001943
all	215	308	1220025	0.0002525
all	216	265	1220025	0.0002172
all	217	253	1220025	0.0002074
all	218	265	1220025	0.0002172
all	219	223	1220025	0.0001828
all	220	263	1220025	0.0002156
all	221	281	1220025	0.0002303
all	222	255	1220025	0.0002090
all	223	208	1220025	0.0001705
all	224	195	1220025	0.0001598
all	225	193	1220025	0.0001582
all	226	208	1220025	0.0001705
all	227	209	1220025	0.0001713
all	228	194	1220025	0.0001590
all	229	176	1220025	0.0001443
all	230	147	1220025	0.0001205
all	231	111	1220025	0.0000910
all	232	161	1220025	0.0001320
all	233	157	1220025	0.0001287
all	234	197	1220025	0.0001615
all	235	212	1220025	0.0001738
all	236	196	1220025	0.0001607
all	237	182	1220025	0.0001492
all	238	145	1220025	0.0001189
all	239	109	1220025	0.0000893
all	240	177	1220025	0.0001451
all	241	132	1220025	0.0001082
all	242	96	1220025	0.0000787
all	243	164	1220025	0.0001344
all	244	104	1220025	0.0000852
all	245	92	1220025	0.0000754
all	246	120	1220025	0.0000984
all	247	142	1220025	0.0001164
all	248	112	1220025	0.0000918
all	249	109	1220025	0.0000893
all	250	122	1220025	0.0001000
all	251	129	1220025	0.0001057
all	252	145	1220025	0.0001189
all	253	93	1220025	0.0000762
all	254	144	1220025	0.0001180
all	255	138	1220025	0.0001131
all	256	140	1220025	0.0001148
all	257	85	1220025	0.0000697
all	258	83	1220025	0.0000680
all	259	111	1220025	0.0000910
all	260	140	1220025	0.0001148
all	261	124	1220025	0.0001016
all	262	156	1220025	0.0001279
all	263	169	1220025	0.0001385
all	264	117	1220025	0.0000959
all	265	128	1220025	0.0001049
all	266	122	1220025	0.0001000
all	267	113	1220025	0.0000926
all	268	135	1220025	0.0001107
all	269	152	1220025	0.0001246
all	270	106	1220025	0.0000869
all	271	76	1220025	0.0000623
all	272	88	1220025	0.0000721
all	273	93	1220025	0.0000762
all	274	105	1220025	0.0000861
all	275	99	1220025	0.0000811
all	276	135	1220025	0.0001107
all	277	140	1220025	0.0001148
all	278	91	1220025	0.0000746
all	279	119	1220025	0.0000975
all	280	123	1220025	0.0001008
all	281	101	1220025	0.0000828
all	282	93	1220025	0.0000762
all	283	73	1220025	0.0000598
all	284	69	1220025	0.0000566
all	285	77	1220025	0.0000631
all	286	83	1220025	0.0000680
all	287	82	1220025	0.0000672
all	288	132	1220025	0.0001082
all	289	110	1220025	0.0000902
all	290	108	1220025	0.0000885
all	291	79	1220025	0.0000648
all	292	91	1220025	0.0000746
all	293	82	1220025	0.0000672
all	294	94	1220025	0.0000770
all	295	64	1220025	0.0000525
all	296	91	1220025	0.0000746
all	297	80	1220025	0.0000656
all	298	72	1220025	0.0000590
all	299	86	1220025	0.0000705
all	300	61	1220025	0.0000500
all	301	62	1220025	0.0000508
all	302	68	1220025	0.0000557
all	303	71	1220025	0.0000582
all	304	103	1220025	0.0000844
all	305	66	1220025	0.0000541
all	306	63	1220025	0.0000516
all	307	58	1220025	0.0000475
all	308	53	1220025	0.0000434
all	309	100	1220025	0.0000820
all	310	81	1220025	0.0000664
all	311	71	1220025	0.0000582
all	312	88	1220025	0.0000721
all	313	52	1220025	0.0000426
all	314	50	1220025	0.0000410
all	315	59	1220025	0.0000484
all	316	55	1220025	0.0000451
all	317	63	1220025	0.0000516
all	318	51	1220025	0.0000418
all	319	61	1220025	0.0000500
all	320	48	1220025	0.0000393
all	321	43	1220025	0.0000352
all	322	56	1220025	0.0000459
all	323	41	1220025	0.0000336
all	324	52	1220025	0.0000426
all	325	42	1220025	0.0000344
all	326	28	1220025	0.0000230
all	327	37	1220025	0.0000303
all	328	39	1220025	0.0000320
all	329	32	1220025	0.0000262
all	330	64	1220025	0.0000525
all	331	75	1220025	0.0000615
all	332	32	1220025	0.0000262
all	333	26	1220025	0.0000213
all	334	25	1220025	0.0000205
all	335	34	1220025	0.0000279
all	336	46	1220025	0.0000377
all	337	61	1220025	0.0000500
all	338	30	1220025	0.0000246
all	339	29	1220025	0.0000238
all	340	37	1220025	0.0000303
all	341	42	1220025	0.0000344
all	342	28	1220025	0.0000230
all	343	11	1220025	0.0000090
all	344	37	1220025	0.0000303
all	345	34	1220025	0.0000279
all	346	17	1220025	0.0000139
all	347	18	1220025	0.0000148
all	348	38	1220025	0.0000311
all	349	25	1220025	0.0000205
all	350	16	1220025	0.0000131
all	351	30	1220025	0.0000246
all	352	31	1220025	0.0000254
all	353	28	1220025	0.0000230
all	354	33	1220025	0.0000270
all	355	26	1220025	0.0000213
all	356	17	1220025	0.0000139
all	357	27	1220025	0.0000221
all	358	35	1220025	0.0000287
all	359	31	1220025	0.0000254
all	360	37	1220025	0.0000303
all	361	16	1220025	0.0000131
all	362	20	1220025	0.0000164
all	363	5	1220025	0.0000041
all	364	8	1220025	0.0000066
all	365	13	1220025	0.0000107
all	366	20	1220025	0.0000164
all	367	23	1220025	0.0000189
all	368	13	1220025	0.0000107
all	369	34	1220025	0.0000279
all	370	19	1220025	0.0000156
all	371	23	1220025	0.0000189
all	372	25	1220025	0.0000205
all	373	23	1220025	0.0000189
all	374	12	1220025	0.0000098
all	375	10	1220025	0.0000082
all	376	17	1220025	0.0000139
all	377	16	1220025	0.0000131
all	378	18	1220025	0.0000148
all	379	15	1220025	0.0000123
all	380	3	1220025	0.0000025
all	381	17	1220025	0.0000139
all	382	8	1220025	0.0000066
all	383	15	1220025	0.0000123
all	384	4	1220025	0.0000033
all	385	9	1220025	0.0000074
all	386	10	1220025	0.0000082
all	387	20	1220025	0.0000164
all	388	16	1220025	0.0000131
all	389	15	1220025	0.0000123
all	390	20	1220025	0.0000164
all	391	19	1220025	0.0000156
all	392	9	1220025	0.0000074
all	393	18	1220025	0.0000148
all	394	13	1220025	0.0000107
all	395	4	1220025	0.0000033
all	396	11	1220025	0.0000090
all	397	13	1220025	0.0000107
all	398	7	1220025	0.0000057
all	399	3	1220025	0.0000025
all	400	11	1220025	0.0000090
all	401	9	1220025	0.0000074
all	402	9	1220025	0.0000074
all	403	16	1220025	0.0000131
all	404	11	1220025	0.0000090
all	405	12	1220025	0.0000098
all	406	8	1220025	0.0000066
all	407	7	1220025	0.0000057
all	408	11	1220025	0.0000090
all	409	12	1220025	0.0000098
all	410	11	1220025	0.0000090
all	411	3	1220025	0.0000025
all	412	14	1220025	0.0000115
all	413	3	1220025	0.0000025
all	414	4	1220025	0.0000033
all	415	10	1220025	0.0000082
all	416	8	1220025	0.0000066
all	417	14	1220025	0.0000115
all	418	8	1220025	0.0000066
all	419	8	1220025	0.0000066
all	420	9	1220025	0.0000074
all	421	8	1220025	0.0000066
all	422	6	1220025	0.0000049
all	423	8	1220025	0.0000066
all	424	15	1220025	0.0000123
all	425	10	1220025	0.0000082
all	426	9	1220025	0.0000074
all	427	7	1220025	0.0000057
all	428	5	1220025	0.0000041
all	429	8	1220025	0.0000066
all	430	14	1220025	0.0000115
all	431	13	1220025	0.0000107
all	432	5	1220025	0.0000041
all	433	5	1220025	0.0000041
all	434	12	1220025	0.0000098
all	435	6	1220025	0.0000049
all	436	7	1220025	0.0000057
all	437	5	1220025	0.0000041
all	438	1	1220025	0.0000008
all	439	7	1220025	0.0000057
all	440	1	1220025	0.0000008
all	441	1	1220025	0.0000008
all	442	5	1220025	0.0000041
all	443	2	1220025	0.0000016
all	444	4	1220025	0.0000033
all	445	8	1220025	0.0000066
all	446	8	1220025	0.0000066
all	447	16	1220025	0.0000131
all	448	12	1220025	0.0000098
all	449	4	1220025	0.0000033
all	450	9	1220025	0.0000074
all	451	10	1220025	0.0000082
all	452	9	1220025	0.0000074
all	453	3	1220025	0.0000025
all	454	8	1220025	0.0000066
all	455	7	1220025	0.0000057
all	456	9	1220025	0.0000074
all	457	14	1220025	0.0000115
all	458	5	1220025	0.0000041
all	459	8	1220025	0.0000066
all	460	12	1220025	0.0000098
all	461	8	1220025	0.0000066
all	462	1	1220025	0.0000008
all	463	8	1220025	0.0000066
all	464	18	1220025	0.0000148
all	465	24	1220025	0.0000197
all	466	15	1220025	0.0000123
all	467	9	1220025	0.0000074
all	468	12	1220025	0.0000098
all	469	7	1220025	0.0000057
all	470	16	1220025	0.0000131
all	471	11	1220025	0.0000090
all	472	7	1220025	0.0000057
all	473	9	1220025	0.0000074
all	474	5	1220025	0.0000041
all	475	5	1220025	0.0000041
all	476	4	1220025	0.0000033
all	477	8	1220025	0.0000066
all	478	14	1220025	0.0000115
all	479	5	1220025	0.0000041
all	480	15	1220025	0.0000123
all	481	12	1220025	0.0000098
all	482	16	1220025	0.0000131
all	483	2	1220025	0.0000016
all	485	7	1220025	0.0000057
all	486	6	1220025	0.0000049
all	487	12	1220025	0.0000098
all	488	4	1220025	0.0000033
all	489	10	1220025	0.0000082
all	490	8	1220025	0.0000066
all	491	7	1220025	0.0000057
all	492	3	1220025	0.0000025
all	493	15	1220025	0.0000123
all	494	2	1220025	0.0000016
all	495	1	1220025	0.0000008
all	496	5	1220025	0.0000041
all	498	13	1220025	0.0000107
all	499	13	1220025	0.0000107
all	500	4	1220025	0.0000033
all	501	11	1220025	0.0000090
all	502	3	1220025	0.0000025
all	503	7	1220025	0.0000057
all	504	11	1220025	0.0000090
all	505	2	1220025	0.0000016
all	506	2	1220025	0.0000016
all	507	11	1220025	0.0000090
all	508	7	1220025	0.0000057
all	509	3	1220025	0.0000025
all	510	3	1220025	0.0000025
all	511	5	1220025	0.0000041
all	512	6	1220025	0.0000049
all	513	8	1220025	0.0000066
all	514	6	1220025	0.0000049
all	515	10	1220025	0.0000082
all	516	4	1220025	0.0000033
all	517	4	1220025	0.0000033
all	518	3	1220025	0.0000025
all	519	3	1220025	0.0000025
all	520	1	1220025	0.0000008
all	521	11	1220025	0.0000090
all	522	6	1220025	0.0000049
all	525	10	1220025	0.0000082
all	527	1	1220025	0.0000008
all	529	2	1220025	0.0000016
all	530	2	1220025	0.0000016
all	531	4	1220025	0.0000033
all	532	2	1220025	0.0000016
all	533	1	1220025	0.0000008
all	534	11	1220025	0.0000090
all	535	5	1220025	0.0000041
all	537	6	1220025	0.0000049
all	541	4	1220025	0.0000033
all	542	6	1220025	0.0000049
all	543	5	1220025	0.0000041
all	544	1	1220025	0.0000008
all	545	19	1220025	0.0000156
all	546	1	1220025	0.0000008
all	547	2	1220025	0.0000016
all	549	2	1220025	0.0000016
all	550	1	1220025	0.0000008
all	551	1	1220025	0.0000008
all	552	2	1220025	0.0000016
all	553	2	1220025	0.0000016
all	554	1	1220025	0.0000008
all	555	1	1220025	0.0000008
all	556	12	1220025	0.0000098
all	557	1	1220025	0.0000008
all	558	4	1220025	0.0000033
all	559	1	1220025	0.0000008
all	560	1	1220025	0.0000008
all	561	3	1220025	0.0000025
all	562	4	1220025	0.0000033
all	563	3	1220025	0.0000025
all	564	2	1220025	0.0000016
all	565	4	1220025	0.0000033
all	566	7	1220025	0.0000057
all	567	2	1220025	0.0000016
all	568	1	1220025	0.0000008
all	569	4	1220025	0.0000033
all	570	3	1220025	0.0000025
all	571	5	1220025	0.0000041
all	572	4	1220025	0.0000033
all	576	3	1220025	0.0000025
all	577	1	1220025	0.0000008
all	578	1	1220025	0.0000008
all	580	3	1220025	0.0000025
all	581	1	1220025	0.0000008
all	582	2	1220025	0.0000016
all	584	1	1220025	0.0000008
all	585	3	1220025	0.0000025
all	586	2	1220025	0.0000016
all	588	2	1220025	0.0000016
all	589	1	1220025	0.0000008
all	590	1	1220025	0.0000008
all	593	3	1220025	0.0000025
all	594	1	1220025	0.0000008
all	595	1	1220025	0.0000008
all	596	3	1220025	0.0000025
all	597	1	1220025	0.0000008
all	598	6	1220025	0.0000049
all	599	1	1220025	0.0000008
all	600	1	1220025	0.0000008
all	601	1	1220025	0.0000008
all	603	1	1220025	0.0000008
all	604	4	1220025	0.0000033
all	605	10	1220025	0.0000082
all	606	1	1220025	0.0000008
all	608	1	1220025	0.0000008
all	609	2	1220025	0.0000016
all	612	1	1220025	0.0000008
all	613	6	1220025	0.0000049
all	614	1	1220025	0.0000008
all	616	7	1220025	0.0000057
all	619	1	1220025	0.0000008
all	621	2	1220025	0.0000016
all	622	1	1220025	0.0000008
all	623	1	1220025	0.0000008
all	624	1	1220025	0.0000008
all	625	1	1220025	0.0000008
all	626	2	1220025	0.0000016
all	627	2	1220025	0.0000016
all	629	2	1220025	0.0000016
all	630	1	1220025	0.0000008
all	631	2	1220025	0.0000016
all	632	1	1220025	0.0000008
all	633	1	1220025	0.0000008
all	634	4	1220025	0.0000033
all	635	3	1220025	0.0000025
all	637	6	1220025	0.0000049
all	638	3	1220025	0.0000025
all	639	1	1220025	0.0000008
all	640	2	1220025	0.0000016
all	645	1	1220025	0.0000008
all	646	1	1220025	0.0000008
all	648	1	1220025	0.0000008
all	649	2	1220025	0.0000016
all	650	2	1220025	0.0000016
all	651	2	1220025	0.0000016
all	652	3	1220025	0.0000025
all	653	1	1220025	0.0000008
all	654	1	1220025	0.0000008
all	655	1	1220025	0.0000008
all	657	4	1220025	0.0000033
all	658	3	1220025	0.0000025
all	659	1	1220025	0.0000008
all	660	1	1220025	0.0000008
all	661	2	1220025	0.0000016
all	662	1	1220025	0.0000008
all	665	3	1220025	0.0000025
all	666	3	1220025	0.0000025
all	667	1	1220025	0.0000008
all	668	1	1220025	0.0000008
all	669	1	1220025	0.0000008
all	670	1	1220025	0.0000008
all	673	1	1220025	0.0000008
all	674	5	1220025	0.0000041
all	675	2	1220025	0.0000016
all	676	3	1220025	0.0000025
all	677	6	1220025	0.0000049
all	679	1	1220025	0.0000008
all	680	1	1220025	0.0000008
all	681	3	1220025	0.0000025
all	683	1	1220025	0.0000008
all	684	4	1220025	0.0000033
all	685	1	1220025	0.0000008
all	686	2	1220025	0.0000016
all	687	4	1220025	0.0000033
all	688	1	1220025	0.0000008
all	689	8	1220025	0.0000066
all	690	5	1220025	0.0000041
all	691	6	1220025	0.0000049
all	692	3	1220025	0.0000025
all	693	5	1220025	0.0000041
all	694	2	1220025	0.0000016
all	695	2	1220025	0.0000016
all	696	4	1220025	0.0000033
all	697	2	1220025	0.0000016
all	698	5	1220025	0.0000041
all	699	2	1220025	0.0000016
all	700	7	1220025	0.0000057
all	701	2	1220025	0.0000016
all	702	1	1220025	0.0000008
all	703	1	1220025	0.0000008
all	704	1	1220025	0.0000008
all	705	4	1220025	0.0000033
all	706	1	1220025	0.0000008
all	707	2	1220025	0.0000016
all	708	2	1220025	0.0000016
all	709	2	1220025	0.0000016
all	711	1	1220025	0.0000008
all	714	1	1220025	0.0000008
all	715	2	1220025	0.0000016
all	716	1	1220025	0.0000008
all	718	1	1220025	0.0000008
all	719	2	1220025	0.0000016
all	720	1	1220025	0.0000008
all	721	1	1220025	0.0000008
all	724	1	1220025	0.0000008
all	725	2	1220025	0.0000016
all	726	2	1220025	0.0000016
all	728	3	1220025	0.0000025
all	729	2	1220025	0.0000016
all	730	1	1220025	0.0000008
all	731	1	1220025	0.0000008
all	732	1	1220025	0.0000008
all	735	3	1220025	0.0000025
all	737	2	1220025	0.0000016
all	738	2	1220025	0.0000016
