all	0	862412	1219833	0.7069919
all	1	119157	1219833	0.0976830
all	2	108020	1219833	0.0885531
all	3	28542	1219833	0.0233983
all	4	21893	1219833	0.0179475
all	5	9967	1219833	0.0081708
all	6	8739	1219833	0.0071641
all	7	4918	1219833	0.0040317
all	8	4385	1219833	0.0035948
all	9	3089	1219833	0.0025323
all	10	2337	1219833	0.0019158
all	11	1703	1219833	0.0013961
all	12	1564	1219833	0.0012821
all	13	1157	1219833	0.0009485
all	14	1285	1219833	0.0010534
all	15	808	1219833	0.0006624
all	16	708	1219833	0.0005804
all	17	565	1219833	0.0004632
all	18	467	1219833	0.0003828
all	19	869	1219833	0.0007124
all	20	391	1219833	0.0003205
all	21	527	1219833	0.0004320
all	22	399	1219833	0.0003271
all	23	434	1219833	0.0003558
all	24	330	1219833	0.0002705
all	25	426	1219833	0.0003492
all	26	209	1219833	0.0001713
all	27	318	1219833	0.0002607
all	28	308	1219833	0.0002525
all	29	357	1219833	0.0002927
all	30	395	1219833	0.0003238
all	31	308	1219833	0.0002525
all	32	323	1219833	0.0002648
all	33	254	1219833	0.0002082
all	34	213	1219833	0.0001746
all	35	248	1219833	0.0002033
all	36	277	1219833	0.0002271
all	37	200	1219833	0.0001640
all	38	161	1219833	0.0001320
all	39	247	1219833	0.0002025
all	40	194	1219833	0.0001590
all	41	239	1219833	0.0001959
all	42	268	1219833	0.0002197
all	43	198	1219833	0.0001623
all	44	297	1219833	0.0002435
all	45	247	1219833	0.0002025
all	46	177	1219833	0.0001451
all	47	171	1219833	0.0001402
all	48	175	1219833	0.0001435
all	49	198	1219833	0.0001623
all	50	158	1219833	0.0001295
all	51	173	1219833	0.0001418
all	52	164	1219833	0.0001344
all	53	162	1219833	0.0001328
all	54	152	1219833	0.0001246
all	55	185	1219833	0.0001517
all	56	164	1219833	0.0001344
all	57	200	1219833	0.0001640
all	58	177	1219833	0.0001451
all	59	180	1219833	0.0001476
all	60	167	1219833	0.0001369
all	61	177	1219833	0.0001451
all	62	159	1219833	0.0001303
all	63	143	1219833	0.0001172
all	64	256	1219833	0.0002099
all	65	159	1219833	0.0001303
all	66	119	1219833	0.0000976
all	67	138	1219833	0.0001131
all	68	119	1219833	0.0000976
all	69	119	1219833	0.0000976
all	70	132	1219833	0.0001082
all	71	170	1219833	0.0001394
all	72	113	1219833	0.0000926
all	73	156	1219833	0.0001279
all	74	118	1219833	0.0000967
all	75	143	1219833	0.0001172
all	76	154	1219833	0.0001262
all	77	177	1219833	0.0001451
all	78	171	1219833	0.0001402
all	79	138	1219833	0.0001131
all	80	128	1219833	0.0001049
all	81	132	1219833	0.0001082
all	82	142	1219833	0.0001164
all	83	137	1219833	0.0001123
all	84	118	1219833	0.0000967
all	85	109	1219833	0.0000894
all	86	105	1219833	0.0000861
all	87	130	1219833	0.0001066
all	88	120	1219833	0.0000984
all	89	100	1219833	0.0000820
all	90	86	1219833	0.0000705
all	91	113	1219833	0.0000926
all	92	160	1219833	0.0001312
all	93	120	1219833	0.0000984
all	94	130	1219833	0.0001066
all	95	113	1219833	0.0000926
all	96	120	1219833	0.0000984
all	97	134	1219833	0.0001099
all	98	121	1219833	0.0000992
all	99	146	1219833	0.0001197
all	100	122	1219833	0.0001000
all	101	131	1219833	0.0001074
all	102	113	1219833	0.0000926
all	103	79	1219833	0.0000648
all	104	97	1219833	0.0000795
all	105	96	1219833	0.0000787
all	106	120	1219833	0.0000984
all	107	111	1219833	0.0000910
all	108	91	1219833	0.0000746
all	109	99	1219833	0.0000812
all	110	95	1219833	0.0000779
all	111	99	1219833	0.0000812
all	112	117	1219833	0.0000959
all	113	95	1219833	0.0000779
all	114	99	1219833	0.0000812
all	115	98	1219833	0.0000803
all	116	74	1219833	0.0000607
all	117	105	1219833	0.0000861
all	118	107	1219833	0.0000877
all	119	89	1219833	0.0000730
all	120	83	1219833	0.0000680
all	121	84	1219833	0.0000689
all	122	101	1219833	0.0000828
all	123	102	1219833	0.0000836
all	124	90	1219833	0.0000738
all	125	106	1219833	0.0000869
all	126	89	1219833	0.0000730
all	127	89	1219833	0.0000730
all	128	70	1219833	0.0000574
all	129	78	1219833	0.0000639
all	130	83	1219833	0.0000680
all	131	91	1219833	0.0000746
all	132	83	1219833	0.0000680
all	133	97	1219833	0.0000795
all	134	108	1219833	0.0000885
all	135	91	1219833	0.0000746
all	136	87	1219833	0.0000713
all	137	79	1219833	0.0000648
all	138	79	1219833	0.0000648
all	139	84	1219833	0.0000689
all	140	84	1219833	0.0000689
all	141	100	1219833	0.0000820
all	142	94	1219833	0.0000771
all	143	75	1219833	0.0000615
all	144	90	1219833	0.0000738
all	145	76	1219833	0.0000623
all	146	90	1219833	0.0000738
all	147	77	1219833	0.0000631
all	148	92	1219833	0.0000754
all	149	83	1219833	0.0000680
all	150	87	1219833	0.0000713
all	151	83	1219833	0.0000680
all	152	83	1219833	0.0000680
all	153	87	1219833	0.0000713
all	154	82	1219833	0.0000672
all	155	101	1219833	0.0000828
all	156	59	1219833	0.0000484
all	157	80	1219833	0.0000656
all	158	87	1219833	0.0000713
all	159	75	1219833	0.0000615
all	160	80	1219833	0.0000656
all	161	60	1219833	0.0000492
all	162	71	1219833	0.0000582
all	163	69	1219833	0.0000566
all	164	68	1219833	0.0000557
all	165	72	1219833	0.0000590
all	166	109	1219833	0.0000894
all	167	94	1219833	0.0000771
all	168	108	1219833	0.0000885
all	169	94	1219833	0.0000771
all	170	90	1219833	0.0000738
all	171	84	1219833	0.0000689
all	172	79	1219833	0.0000648
all	173	75	1219833	0.0000615
all	174	91	1219833	0.0000746
all	175	85	1219833	0.0000697
all	176	73	1219833	0.0000598
all	177	94	1219833	0.0000771
all	178	82	1219833	0.0000672
all	179	89	1219833	0.0000730
all	180	78	1219833	0.0000639
all	181	93	1219833	0.0000762
all	182	82	1219833	0.0000672
all	183	80	1219833	0.0000656
all	184	77	1219833	0.0000631
all	185	68	1219833	0.0000557
all	186	65	1219833	0.0000533
all	187	84	1219833	0.0000689
all	188	77	1219833	0.0000631
all	189	70	1219833	0.0000574
all	190	62	1219833	0.0000508
all	191	78	1219833	0.0000639
all	192	74	1219833	0.0000607
all	193	57	1219833	0.0000467
all	194	65	1219833	0.0000533
all	195	78	1219833	0.0000639
all	196	106	1219833	0.0000869
all	197	75	1219833	0.0000615
all	198	64	1219833	0.0000525
all	199	90	1219833	0.0000738
all	200	72	1219833	0.0000590
all	201	71	1219833	0.0000582
all	202	76	1219833	0.0000623
all	203	73	1219833	0.0000598
all	204	80	1219833	0.0000656
all	205	88	1219833	0.0000721
all	206	78	1219833	0.0000639
all	207	75	1219833	0.0000615
all	208	75	1219833	0.0000615
all	209	57	1219833	0.0000467
all	210	60	1219833	0.0000492
all	211	76	1219833	0.0000623
all	212	82	1219833	0.0000672
all	213	62	1219833	0.0000508
all	214	76	1219833	0.0000623
all	215	71	1219833	0.0000582
all	216	52	1219833	0.0000426
all	217	65	1219833	0.0000533
all	218	85	1219833	0.0000697
all	219	73	1219833	0.0000598
all	220	79	1219833	0.0000648
all	221	78	1219833	0.0000639
all	222	75	1219833	0.0000615
all	223	64	1219833	0.0000525
all	224	63	1219833	0.0000516
all	225	80	1219833	0.0000656
all	226	60	1219833	0.0000492
all	227	47	1219833	0.0000385
all	228	71	1219833	0.0000582
all	229	52	1219833	0.0000426
all	230	61	1219833	0.0000500
all	231	74	1219833	0.0000607
all	232	63	1219833	0.0000516
all	233	65	1219833	0.0000533
all	234	77	1219833	0.0000631
all	235	93	1219833	0.0000762
all	236	85	1219833	0.0000697
all	237	68	1219833	0.0000557
all	238	80	1219833	0.0000656
all	239	67	1219833	0.0000549
all	240	72	1219833	0.0000590
all	241	78	1219833	0.0000639
all	242	71	1219833	0.0000582
all	243	68	1219833	0.0000557
all	244	56	1219833	0.0000459
all	245	44	1219833	0.0000361
all	246	72	1219833	0.0000590
all	247	66	1219833	0.0000541
all	248	69	1219833	0.0000566
all	249	78	1219833	0.0000639
all	250	49	1219833	0.0000402
all	251	42	1219833	0.0000344
all	252	54	1219833	0.0000443
all	253	59	1219833	0.0000484
all	254	54	1219833	0.0000443
all	255	61	1219833	0.0000500
all	256	54	1219833	0.0000443
all	257	60	1219833	0.0000492
all	258	64	1219833	0.0000525
all	259	68	1219833	0.0000557
all	260	54	1219833	0.0000443
all	261	66	1219833	0.0000541
all	262	54	1219833	0.0000443
all	263	56	1219833	0.0000459
all	264	55	1219833	0.0000451
all	265	73	1219833	0.0000598
all	266	81	1219833	0.0000664
all	267	78	1219833	0.0000639
all	268	81	1219833	0.0000664
all	269	75	1219833	0.0000615
all	270	62	1219833	0.0000508
all	271	79	1219833	0.0000648
all	272	76	1219833	0.0000623
all	273	79	1219833	0.0000648
all	274	68	1219833	0.0000557
all	275	66	1219833	0.0000541
all	276	56	1219833	0.0000459
all	277	65	1219833	0.0000533
all	278	50	1219833	0.0000410
all	279	73	1219833	0.0000598
all	280	63	1219833	0.0000516
all	281	47	1219833	0.0000385
all	282	58	1219833	0.0000475
all	283	63	1219833	0.0000516
all	284	64	1219833	0.0000525
all	285	54	1219833	0.0000443
all	286	45	1219833	0.0000369
all	287	70	1219833	0.0000574
all	288	71	1219833	0.0000582
all	289	64	1219833	0.0000525
all	290	75	1219833	0.0000615
all	291	69	1219833	0.0000566
all	292	85	1219833	0.0000697
all	293	61	1219833	0.0000500
all	294	61	1219833	0.0000500
all	295	52	1219833	0.0000426
all	296	51	1219833	0.0000418
all	297	71	1219833	0.0000582
all	298	64	1219833	0.0000525
all	299	66	1219833	0.0000541
all	300	58	1219833	0.0000475
all	301	62	1219833	0.0000508
all	302	44	1219833	0.0000361
all	303	61	1219833	0.0000500
all	304	48	1219833	0.0000393
all	305	41	1219833	0.0000336
all	306	39	1219833	0.0000320
all	307	43	1219833	0.0000353
all	308	39	1219833	0.0000320
all	309	35	1219833	0.0000287
all	310	49	1219833	0.0000402
all	311	36	1219833	0.0000295
all	312	34	1219833	0.0000279
all	313	46	1219833	0.0000377
all	314	51	1219833	0.0000418
all	315	54	1219833	0.0000443
all	316	46	1219833	0.0000377
all	317	40	1219833	0.0000328
all	318	46	1219833	0.0000377
all	319	31	1219833	0.0000254
all	320	43	1219833	0.0000353
all	321	39	1219833	0.0000320
all	322	43	1219833	0.0000353
all	323	41	1219833	0.0000336
all	324	31	1219833	0.0000254
all	325	34	1219833	0.0000279
all	326	42	1219833	0.0000344
all	327	40	1219833	0.0000328
all	328	47	1219833	0.0000385
all	329	36	1219833	0.0000295
all	330	34	1219833	0.0000279
all	331	38	1219833	0.0000312
all	332	32	1219833	0.0000262
all	333	30	1219833	0.0000246
all	334	42	1219833	0.0000344
all	335	48	1219833	0.0000393
all	336	31	1219833	0.0000254
all	337	44	1219833	0.0000361
all	338	41	1219833	0.0000336
all	339	45	1219833	0.0000369
all	340	43	1219833	0.0000353
all	341	43	1219833	0.0000353
all	342	43	1219833	0.0000353
all	343	48	1219833	0.0000393
all	344	50	1219833	0.0000410
all	345	47	1219833	0.0000385
all	346	27	1219833	0.0000221
all	347	37	1219833	0.0000303
all	348	38	1219833	0.0000312
all	349	31	1219833	0.0000254
all	350	30	1219833	0.0000246
all	351	25	1219833	0.0000205
all	352	34	1219833	0.0000279
all	353	36	1219833	0.0000295
all	354	36	1219833	0.0000295
all	355	39	1219833	0.0000320
all	356	40	1219833	0.0000328
all	357	45	1219833	0.0000369
all	358	28	1219833	0.0000230
all	359	39	1219833	0.0000320
all	360	25	1219833	0.0000205
all	361	29	1219833	0.0000238
all	362	27	1219833	0.0000221
all	363	38	1219833	0.0000312
all	364	23	1219833	0.0000189
all	365	30	1219833	0.0000246
all	366	30	1219833	0.0000246
all	367	21	1219833	0.0000172
all	368	21	1219833	0.0000172
all	369	31	1219833	0.0000254
all	370	25	1219833	0.0000205
all	371	30	1219833	0.0000246
all	372	32	1219833	0.0000262
all	373	29	1219833	0.0000238
all	374	37	1219833	0.0000303
all	375	27	1219833	0.0000221
all	376	25	1219833	0.0000205
all	377	42	1219833	0.0000344
all	378	28	1219833	0.0000230
all	379	28	1219833	0.0000230
all	380	34	1219833	0.0000279
all	381	36	1219833	0.0000295
all	382	30	1219833	0.0000246
all	383	35	1219833	0.0000287
all	384	27	1219833	0.0000221
all	385	26	1219833	0.0000213
all	386	31	1219833	0.0000254
all	387	37	1219833	0.0000303
all	388	23	1219833	0.0000189
all	389	42	1219833	0.0000344
all	390	28	1219833	0.0000230
all	391	36	1219833	0.0000295
all	392	32	1219833	0.0000262
all	393	34	1219833	0.0000279
all	394	35	1219833	0.0000287
all	395	20	1219833	0.0000164
all	396	34	1219833	0.0000279
all	397	29	1219833	0.0000238
all	398	31	1219833	0.0000254
all	399	29	1219833	0.0000238
all	400	30	1219833	0.0000246
all	401	21	1219833	0.0000172
all	402	12	1219833	0.0000098
all	403	19	1219833	0.0000156
all	404	17	1219833	0.0000139
all	405	24	1219833	0.0000197
all	406	16	1219833	0.0000131
all	407	35	1219833	0.0000287
all	408	21	1219833	0.0000172
all	409	26	1219833	0.0000213
all	410	17	1219833	0.0000139
all	411	25	1219833	0.0000205
all	412	16	1219833	0.0000131
all	413	22	1219833	0.0000180
all	414	28	1219833	0.0000230
all	415	20	1219833	0.0000164
all	416	29	1219833	0.0000238
all	417	20	1219833	0.0000164
all	418	23	1219833	0.0000189
all	419	16	1219833	0.0000131
all	420	16	1219833	0.0000131
all	421	20	1219833	0.0000164
all	422	16	1219833	0.0000131
all	423	14	1219833	0.0000115
all	424	11	1219833	0.0000090
all	425	13	1219833	0.0000107
all	426	19	1219833	0.0000156
all	427	21	1219833	0.0000172
all	428	20	1219833	0.0000164
all	429	14	1219833	0.0000115
all	430	16	1219833	0.0000131
all	431	23	1219833	0.0000189
all	432	19	1219833	0.0000156
all	433	10	1219833	0.0000082
all	434	16	1219833	0.0000131
all	435	22	1219833	0.0000180
all	436	19	1219833	0.0000156
all	437	16	1219833	0.0000131
all	438	20	1219833	0.0000164
all	439	19	1219833	0.0000156
all	440	15	1219833	0.0000123
all	441	11	1219833	0.0000090
all	442	11	1219833	0.0000090
all	443	18	1219833	0.0000148
all	444	13	1219833	0.0000107
all	445	21	1219833	0.0000172
all	446	15	1219833	0.0000123
all	447	23	1219833	0.0000189
all	448	24	1219833	0.0000197
all	449	20	1219833	0.0000164
all	450	24	1219833	0.0000197
all	451	19	1219833	0.0000156
all	452	17	1219833	0.0000139
all	453	15	1219833	0.0000123
all	454	33	1219833	0.0000271
all	455	18	1219833	0.0000148
all	456	17	1219833	0.0000139
all	457	10	1219833	0.0000082
all	458	13	1219833	0.0000107
all	459	15	1219833	0.0000123
all	460	11	1219833	0.0000090
all	461	17	1219833	0.0000139
all	462	13	1219833	0.0000107
all	463	19	1219833	0.0000156
all	464	12	1219833	0.0000098
all	465	24	1219833	0.0000197
all	466	17	1219833	0.0000139
all	467	21	1219833	0.0000172
all	468	24	1219833	0.0000197
all	469	11	1219833	0.0000090
all	470	17	1219833	0.0000139
all	471	20	1219833	0.0000164
all	472	19	1219833	0.0000156
all	473	6	1219833	0.0000049
all	474	4	1219833	0.0000033
all	475	11	1219833	0.0000090
all	476	6	1219833	0.0000049
all	477	5	1219833	0.0000041
all	478	8	1219833	0.0000066
all	479	11	1219833	0.0000090
all	480	5	1219833	0.0000041
all	481	16	1219833	0.0000131
all	482	12	1219833	0.0000098
all	483	9	1219833	0.0000074
all	484	14	1219833	0.0000115
all	485	19	1219833	0.0000156
all	486	12	1219833	0.0000098
all	487	15	1219833	0.0000123
all	488	12	1219833	0.0000098
all	489	5	1219833	0.0000041
all	490	9	1219833	0.0000074
all	491	9	1219833	0.0000074
all	492	10	1219833	0.0000082
all	493	12	1219833	0.0000098
all	494	17	1219833	0.0000139
all	495	6	1219833	0.0000049
all	496	11	1219833	0.0000090
all	497	12	1219833	0.0000098
all	498	10	1219833	0.0000082
all	499	7	1219833	0.0000057
all	500	11	1219833	0.0000090
all	501	6	1219833	0.0000049
all	502	7	1219833	0.0000057
all	503	4	1219833	0.0000033
all	504	9	1219833	0.0000074
all	505	7	1219833	0.0000057
all	506	7	1219833	0.0000057
all	507	5	1219833	0.0000041
all	508	4	1219833	0.0000033
all	509	10	1219833	0.0000082
all	510	4	1219833	0.0000033
all	511	10	1219833	0.0000082
all	512	4	1219833	0.0000033
all	513	5	1219833	0.0000041
all	514	6	1219833	0.0000049
all	515	5	1219833	0.0000041
all	516	5	1219833	0.0000041
all	517	7	1219833	0.0000057
all	518	4	1219833	0.0000033
all	519	8	1219833	0.0000066
all	520	10	1219833	0.0000082
all	521	8	1219833	0.0000066
all	522	9	1219833	0.0000074
all	523	8	1219833	0.0000066
all	524	10	1219833	0.0000082
all	525	8	1219833	0.0000066
all	526	6	1219833	0.0000049
all	527	2	1219833	0.0000016
all	528	5	1219833	0.0000041
all	529	11	1219833	0.0000090
all	530	5	1219833	0.0000041
all	531	3	1219833	0.0000025
all	532	6	1219833	0.0000049
all	533	6	1219833	0.0000049
all	534	9	1219833	0.0000074
all	535	4	1219833	0.0000033
all	536	7	1219833	0.0000057
all	537	6	1219833	0.0000049
all	538	10	1219833	0.0000082
all	539	7	1219833	0.0000057
all	540	6	1219833	0.0000049
all	541	9	1219833	0.0000074
all	542	11	1219833	0.0000090
all	543	10	1219833	0.0000082
all	544	7	1219833	0.0000057
all	545	7	1219833	0.0000057
all	546	10	1219833	0.0000082
all	547	6	1219833	0.0000049
all	548	10	1219833	0.0000082
all	549	9	1219833	0.0000074
all	550	6	1219833	0.0000049
all	551	13	1219833	0.0000107
all	552	11	1219833	0.0000090
all	553	11	1219833	0.0000090
all	554	10	1219833	0.0000082
all	555	7	1219833	0.0000057
all	556	5	1219833	0.0000041
all	557	8	1219833	0.0000066
all	558	7	1219833	0.0000057
all	559	8	1219833	0.0000066
all	560	9	1219833	0.0000074
all	561	7	1219833	0.0000057
all	562	4	1219833	0.0000033
all	563	4	1219833	0.0000033
all	564	3	1219833	0.0000025
all	565	4	1219833	0.0000033
all	567	4	1219833	0.0000033
all	568	4	1219833	0.0000033
all	569	3	1219833	0.0000025
all	570	3	1219833	0.0000025
all	571	3	1219833	0.0000025
all	572	2	1219833	0.0000016
all	573	6	1219833	0.0000049
all	574	5	1219833	0.0000041
all	575	3	1219833	0.0000025
all	576	4	1219833	0.0000033
all	577	4	1219833	0.0000033
all	578	2	1219833	0.0000016
all	579	5	1219833	0.0000041
all	580	3	1219833	0.0000025
all	581	5	1219833	0.0000041
all	582	2	1219833	0.0000016
all	583	6	1219833	0.0000049
all	584	10	1219833	0.0000082
all	585	6	1219833	0.0000049
all	586	4	1219833	0.0000033
all	587	9	1219833	0.0000074
all	588	8	1219833	0.0000066
all	589	10	1219833	0.0000082
all	590	8	1219833	0.0000066
all	591	7	1219833	0.0000057
all	592	14	1219833	0.0000115
all	593	3	1219833	0.0000025
all	594	6	1219833	0.0000049
all	595	3	1219833	0.0000025
all	596	3	1219833	0.0000025
all	597	5	1219833	0.0000041
all	598	4	1219833	0.0000033
all	599	2	1219833	0.0000016
all	600	1	1219833	0.0000008
all	602	1	1219833	0.0000008
all	603	1	1219833	0.0000008
all	604	1	1219833	0.0000008
all	609	2	1219833	0.0000016
all	612	2	1219833	0.0000016
all	614	2	1219833	0.0000016
all	615	2	1219833	0.0000016
all	616	1	1219833	0.0000008
all	617	2	1219833	0.0000016
all	618	1	1219833	0.0000008
all	619	1	1219833	0.0000008
all	620	3	1219833	0.0000025
all	621	1	1219833	0.0000008
all	622	1	1219833	0.0000008
all	623	3	1219833	0.0000025
all	624	1	1219833	0.0000008
all	625	2	1219833	0.0000016
all	626	2	1219833	0.0000016
all	627	1	1219833	0.0000008
all	628	1	1219833	0.0000008
all	629	1	1219833	0.0000008
all	630	1	1219833	0.0000008
all	631	5	1219833	0.0000041
all	632	2	1219833	0.0000016
all	633	1	1219833	0.0000008
all	634	1	1219833	0.0000008
all	635	3	1219833	0.0000025
all	636	3	1219833	0.0000025
all	638	2	1219833	0.0000016
all	640	5	1219833	0.0000041
all	642	3	1219833	0.0000025
all	643	1	1219833	0.0000008
all	645	6	1219833	0.0000049
all	646	3	1219833	0.0000025
all	647	3	1219833	0.0000025
all	648	2	1219833	0.0000016
all	649	1	1219833	0.0000008
all	650	1	1219833	0.0000008
all	651	4	1219833	0.0000033
all	652	3	1219833	0.0000025
all	653	2	1219833	0.0000016
all	654	3	1219833	0.0000025
all	655	1	1219833	0.0000008
all	656	1	1219833	0.0000008
all	657	2	1219833	0.0000016
all	658	4	1219833	0.0000033
all	659	7	1219833	0.0000057
all	660	6	1219833	0.0000049
all	661	6	1219833	0.0000049
all	662	4	1219833	0.0000033
all	663	4	1219833	0.0000033
all	664	3	1219833	0.0000025
all	665	3	1219833	0.0000025
all	666	2	1219833	0.0000016
all	667	5	1219833	0.0000041
all	668	4	1219833	0.0000033
all	669	8	1219833	0.0000066
all	670	3	1219833	0.0000025
all	671	3	1219833	0.0000025
all	672	4	1219833	0.0000033
all	673	3	1219833	0.0000025
all	675	1	1219833	0.0000008
all	677	1	1219833	0.0000008
all	678	1	1219833	0.0000008
all	680	2	1219833	0.0000016
all	682	1	1219833	0.0000008
all	684	1	1219833	0.0000008
all	686	1	1219833	0.0000008
all	688	2	1219833	0.0000016
all	689	1	1219833	0.0000008
all	693	3	1219833	0.0000025
all	694	2	1219833	0.0000016
all	696	1	1219833	0.0000008
all	699	3	1219833	0.0000025
all	700	3	1219833	0.0000025
all	701	1	1219833	0.0000008
all	702	2	1219833	0.0000016
all	703	1	1219833	0.0000008
all	704	2	1219833	0.0000016
all	706	1	1219833	0.0000008
all	707	1	1219833	0.0000008
all	710	4	1219833	0.0000033
all	711	1	1219833	0.0000008
all	715	1	1219833	0.0000008
all	717	1	1219833	0.0000008
all	723	1	1219833	0.0000008
all	727	2	1219833	0.0000016
all	728	3	1219833	0.0000025
all	729	4	1219833	0.0000033
all	730	1	1219833	0.0000008
all	731	1	1219833	0.0000008
all	732	1	1219833	0.0000008
all	733	3	1219833	0.0000025
all	734	4	1219833	0.0000033
all	735	2	1219833	0.0000016
all	737	3	1219833	0.0000025
all	738	1	1219833	0.0000008
all	739	2	1219833	0.0000016
all	740	2	1219833	0.0000016
all	741	1	1219833	0.0000008
all	742	2	1219833	0.0000016
all	743	3	1219833	0.0000025
all	744	1	1219833	0.0000008
all	745	2	1219833	0.0000016
all	746	2	1219833	0.0000016
all	747	3	1219833	0.0000025
all	748	2	1219833	0.0000016
all	749	1	1219833	0.0000008
all	750	3	1219833	0.0000025
all	751	4	1219833	0.0000033
all	752	3	1219833	0.0000025
all	753	1	1219833	0.0000008
all	754	2	1219833	0.0000016
all	755	1	1219833	0.0000008
