all	0	374794	1600000	0.2342463
all	1	50233	1600000	0.0313956
all	2	81066	1600000	0.0506663
all	3	39815	1600000	0.0248844
all	4	49322	1600000	0.0308263
all	5	43601	1600000	0.0272506
all	6	45878	1600000	0.0286737
all	7	40558	1600000	0.0253488
all	8	45783	1600000	0.0286144
all	9	39824	1600000	0.0248900
all	10	40084	1600000	0.0250525
all	11	39084	1600000	0.0244275
all	12	36231	1600000	0.0226444
all	13	35928	1600000	0.0224550
all	14	34440	1600000	0.0215250
all	15	30580	1600000	0.0191125
all	16	28161	1600000	0.0176006
all	17	28190	1600000	0.0176187
all	18	26818	1600000	0.0167613
all	19	27383	1600000	0.0171144
all	20	24353	1600000	0.0152206
all	21	24958	1600000	0.0155987
all	22	22140	1600000	0.0138375
all	23	19608	1600000	0.0122550
all	24	18761	1600000	0.0117256
all	25	19781	1600000	0.0123631
all	26	18415	1600000	0.0115094
all	27	15782	1600000	0.0098638
all	28	14752	1600000	0.0092200
all	29	14615	1600000	0.0091344
all	30	15275	1600000	0.0095469
all	31	14087	1600000	0.0088044
all	32	11648	1600000	0.0072800
all	33	10878	1600000	0.0067987
all	34	10780	1600000	0.0067375
all	35	10886	1600000	0.0068038
all	36	9637	1600000	0.0060231
all	37	9367	1600000	0.0058544
all	38	7739	1600000	0.0048369
all	39	6738	1600000	0.0042113
all	40	7574	1600000	0.0047338
all	41	8084	1600000	0.0050525
all	42	8546	1600000	0.0053412
all	43	7018	1600000	0.0043862
all	44	7048	1600000	0.0044050
all	45	5572	1600000	0.0034825
all	46	5364	1600000	0.0033525
all	47	5835	1600000	0.0036469
all	48	4491	1600000	0.0028069
all	49	4545	1600000	0.0028406
all	50	4232	1600000	0.0026450
all	51	3945	1600000	0.0024656
all	52	4013	1600000	0.0025081
all	53	3001	1600000	0.0018756
all	54	3398	1600000	0.0021238
all	55	2829	1600000	0.0017681
all	56	2505	1600000	0.0015656
all	57	2516	1600000	0.0015725
all	58	2710	1600000	0.0016938
all	59	2492	1600000	0.0015575
all	60	2566	1600000	0.0016038
all	61	2493	1600000	0.0015581
all	62	1996	1600000	0.0012475
all	63	2111	1600000	0.0013194
all	64	1669	1600000	0.0010431
all	65	1292	1600000	0.0008075
all	66	1178	1600000	0.0007363
all	67	1217	1600000	0.0007606
all	68	1464	1600000	0.0009150
all	69	1182	1600000	0.0007387
all	70	1419	1600000	0.0008869
all	71	1018	1600000	0.0006363
all	72	1494	1600000	0.0009338
all	73	891	1600000	0.0005569
all	74	1227	1600000	0.0007669
all	75	993	1600000	0.0006206
all	76	1162	1600000	0.0007263
all	77	979	1600000	0.0006119
all	78	906	1600000	0.0005663
all	79	983	1600000	0.0006144
all	80	995	1600000	0.0006219
all	81	466	1600000	0.0002913
all	82	1062	1600000	0.0006637
all	83	830	1600000	0.0005187
all	84	981	1600000	0.0006131
all	85	660	1600000	0.0004125
all	86	863	1600000	0.0005394
all	87	799	1600000	0.0004994
all	88	561	1600000	0.0003506
all	89	803	1600000	0.0005019
all	90	596	1600000	0.0003725
all	91	778	1600000	0.0004863
all	92	785	1600000	0.0004906
all	93	737	1600000	0.0004606
all	94	830	1600000	0.0005187
all	95	502	1600000	0.0003138
all	96	460	1600000	0.0002875
all	97	507	1600000	0.0003169
all	98	447	1600000	0.0002794
all	99	305	1600000	0.0001906
all	100	344	1600000	0.0002150
all	101	570	1600000	0.0003563
all	102	375	1600000	0.0002344
all	103	406	1600000	0.0002538
all	104	465	1600000	0.0002906
all	105	350	1600000	0.0002188
all	106	477	1600000	0.0002981
all	107	594	1600000	0.0003713
all	108	452	1600000	0.0002825
all	109	406	1600000	0.0002538
all	110	382	1600000	0.0002387
all	111	368	1600000	0.0002300
all	112	471	1600000	0.0002944
all	113	285	1600000	0.0001781
all	114	488	1600000	0.0003050
all	115	269	1600000	0.0001681
all	116	516	1600000	0.0003225
all	117	496	1600000	0.0003100
all	118	265	1600000	0.0001656
all	119	270	1600000	0.0001688
all	120	285	1600000	0.0001781
all	121	226	1600000	0.0001412
all	122	180	1600000	0.0001125
all	123	337	1600000	0.0002106
all	124	339	1600000	0.0002119
all	125	247	1600000	0.0001544
all	126	314	1600000	0.0001962
all	127	186	1600000	0.0001162
all	128	193	1600000	0.0001206
all	129	181	1600000	0.0001131
all	130	164	1600000	0.0001025
all	131	173	1600000	0.0001081
all	132	204	1600000	0.0001275
all	133	121	1600000	0.0000756
all	134	111	1600000	0.0000694
all	135	100	1600000	0.0000625
all	136	170	1600000	0.0001063
all	137	117	1600000	0.0000731
all	138	69	1600000	0.0000431
all	139	86	1600000	0.0000537
all	140	196	1600000	0.0001225
all	141	149	1600000	0.0000931
all	142	104	1600000	0.0000650
all	143	161	1600000	0.0001006
all	144	260	1600000	0.0001625
all	145	244	1600000	0.0001525
all	146	54	1600000	0.0000337
all	147	131	1600000	0.0000819
all	148	120	1600000	0.0000750
all	149	86	1600000	0.0000537
all	150	63	1600000	0.0000394
all	151	93	1600000	0.0000581
all	152	109	1600000	0.0000681
all	153	130	1600000	0.0000813
all	154	150	1600000	0.0000938
all	155	127	1600000	0.0000794
all	156	153	1600000	0.0000956
all	157	186	1600000	0.0001162
all	158	71	1600000	0.0000444
all	159	118	1600000	0.0000738
all	160	172	1600000	0.0001075
all	161	150	1600000	0.0000938
all	162	105	1600000	0.0000656
all	163	71	1600000	0.0000444
all	164	78	1600000	0.0000488
all	165	193	1600000	0.0001206
all	166	144	1600000	0.0000900
all	167	142	1600000	0.0000887
all	168	95	1600000	0.0000594
all	169	88	1600000	0.0000550
all	170	174	1600000	0.0001087
all	171	118	1600000	0.0000738
all	172	107	1600000	0.0000669
all	173	159	1600000	0.0000994
all	174	84	1600000	0.0000525
all	175	68	1600000	0.0000425
all	176	31	1600000	0.0000194
all	177	82	1600000	0.0000513
all	178	113	1600000	0.0000706
all	179	32	1600000	0.0000200
all	180	51	1600000	0.0000319
all	181	71	1600000	0.0000444
all	182	115	1600000	0.0000719
all	183	85	1600000	0.0000531
all	184	96	1600000	0.0000600
all	185	87	1600000	0.0000544
all	186	27	1600000	0.0000169
all	187	22	1600000	0.0000138
all	188	75	1600000	0.0000469
all	189	18	1600000	0.0000113
all	190	18	1600000	0.0000113
all	191	55	1600000	0.0000344
all	192	94	1600000	0.0000587
all	193	34	1600000	0.0000212
all	194	118	1600000	0.0000738
all	195	17	1600000	0.0000106
all	196	26	1600000	0.0000163
all	197	6	1600000	0.0000037
all	198	24	1600000	0.0000150
all	199	15	1600000	0.0000094
all	200	18	1600000	0.0000113
all	201	34	1600000	0.0000212
all	202	34	1600000	0.0000212
all	203	12	1600000	0.0000075
all	204	52	1600000	0.0000325
all	205	64	1600000	0.0000400
all	206	27	1600000	0.0000169
all	207	20	1600000	0.0000125
all	208	33	1600000	0.0000206
all	209	38	1600000	0.0000238
all	210	77	1600000	0.0000481
all	211	15	1600000	0.0000094
all	212	25	1600000	0.0000156
all	213	27	1600000	0.0000169
all	214	44	1600000	0.0000275
all	215	30	1600000	0.0000188
all	216	17	1600000	0.0000106
all	217	14	1600000	0.0000088
all	218	22	1600000	0.0000138
all	219	36	1600000	0.0000225
all	220	16	1600000	0.0000100
all	221	15	1600000	0.0000094
all	222	15	1600000	0.0000094
all	223	19	1600000	0.0000119
all	224	17	1600000	0.0000106
all	225	89	1600000	0.0000556
all	226	30	1600000	0.0000188
all	227	33	1600000	0.0000206
all	228	19	1600000	0.0000119
all	229	89	1600000	0.0000556
all	230	29	1600000	0.0000181
all	231	109	1600000	0.0000681
all	232	17	1600000	0.0000106
all	233	16	1600000	0.0000100
all	234	52	1600000	0.0000325
all	235	58	1600000	0.0000362
all	236	33	1600000	0.0000206
all	237	50	1600000	0.0000313
all	238	86	1600000	0.0000537
all	239	54	1600000	0.0000337
all	240	87	1600000	0.0000544
all	241	46	1600000	0.0000288
all	242	70	1600000	0.0000437
all	243	32	1600000	0.0000200
all	244	54	1600000	0.0000337
all	245	72	1600000	0.0000450
all	246	69	1600000	0.0000431
all	247	33	1600000	0.0000206
all	248	51	1600000	0.0000319
all	249	50	1600000	0.0000313
all	250	33	1600000	0.0000206
all	251	11	1600000	0.0000069
all	252	11	1600000	0.0000069
all	253	44	1600000	0.0000275
all	254	24	1600000	0.0000150
all	255	58	1600000	0.0000362
all	256	44	1600000	0.0000275
all	257	72	1600000	0.0000450
all	258	29	1600000	0.0000181
all	259	52	1600000	0.0000325
all	260	42	1600000	0.0000262
all	261	29	1600000	0.0000181
all	262	68	1600000	0.0000425
all	263	21	1600000	0.0000131
all	264	5	1600000	0.0000031
all	265	22	1600000	0.0000138
all	266	83	1600000	0.0000519
all	267	19	1600000	0.0000119
all	268	32	1600000	0.0000200
all	269	45	1600000	0.0000281
all	270	32	1600000	0.0000200
all	271	32	1600000	0.0000200
all	272	8	1600000	0.0000050
all	273	17	1600000	0.0000106
all	274	22	1600000	0.0000138
all	275	16	1600000	0.0000100
all	276	35	1600000	0.0000219
all	277	57	1600000	0.0000356
all	278	26	1600000	0.0000163
all	279	19	1600000	0.0000119
all	280	26	1600000	0.0000163
all	281	15	1600000	0.0000094
all	282	19	1600000	0.0000119
all	283	10	1600000	0.0000062
all	284	9	1600000	0.0000056
all	285	14	1600000	0.0000088
all	286	36	1600000	0.0000225
all	287	26	1600000	0.0000163
all	288	2	1600000	0.0000012
all	289	12	1600000	0.0000075
all	290	15	1600000	0.0000094
all	291	15	1600000	0.0000094
all	292	13	1600000	0.0000081
all	293	27	1600000	0.0000169
all	294	42	1600000	0.0000262
all	295	8	1600000	0.0000050
all	296	28	1600000	0.0000175
all	297	47	1600000	0.0000294
all	298	42	1600000	0.0000262
all	299	63	1600000	0.0000394
all	300	21	1600000	0.0000131
all	301	10	1600000	0.0000062
all	302	12	1600000	0.0000075
all	303	31	1600000	0.0000194
all	304	4	1600000	0.0000025
all	305	6	1600000	0.0000037
all	306	5	1600000	0.0000031
all	307	10	1600000	0.0000062
all	308	18	1600000	0.0000113
all	309	12	1600000	0.0000075
all	310	5	1600000	0.0000031
all	311	5	1600000	0.0000031
all	312	12	1600000	0.0000075
all	313	27	1600000	0.0000169
all	314	12	1600000	0.0000075
all	315	10	1600000	0.0000062
all	316	27	1600000	0.0000169
all	317	19	1600000	0.0000119
all	318	7	1600000	0.0000044
all	319	10	1600000	0.0000062
all	320	4	1600000	0.0000025
all	321	7	1600000	0.0000044
all	322	14	1600000	0.0000088
all	323	3	1600000	0.0000019
all	324	12	1600000	0.0000075
all	325	19	1600000	0.0000119
all	326	18	1600000	0.0000113
all	327	14	1600000	0.0000088
all	328	59	1600000	0.0000369
all	329	19	1600000	0.0000119
all	330	7	1600000	0.0000044
all	331	21	1600000	0.0000131
all	332	7	1600000	0.0000044
all	333	13	1600000	0.0000081
all	334	20	1600000	0.0000125
all	335	36	1600000	0.0000225
all	336	37	1600000	0.0000231
all	337	13	1600000	0.0000081
all	338	16	1600000	0.0000100
all	339	34	1600000	0.0000212
all	340	35	1600000	0.0000219
all	341	10	1600000	0.0000062
all	342	9	1600000	0.0000056
all	343	12	1600000	0.0000075
all	344	8	1600000	0.0000050
all	345	8	1600000	0.0000050
all	346	16	1600000	0.0000100
all	347	8	1600000	0.0000050
all	348	16	1600000	0.0000100
all	349	4	1600000	0.0000025
all	350	24	1600000	0.0000150
all	351	5	1600000	0.0000031
all	352	11	1600000	0.0000069
all	353	20	1600000	0.0000125
all	354	32	1600000	0.0000200
all	355	45	1600000	0.0000281
all	356	6	1600000	0.0000037
all	357	2	1600000	0.0000012
all	358	19	1600000	0.0000119
all	359	52	1600000	0.0000325
all	360	10	1600000	0.0000062
all	361	1	1600000	0.0000006
all	362	5	1600000	0.0000031
all	363	9	1600000	0.0000056
all	364	3	1600000	0.0000019
all	365	6	1600000	0.0000037
all	366	4	1600000	0.0000025
all	367	8	1600000	0.0000050
all	368	11	1600000	0.0000069
all	369	6	1600000	0.0000037
all	370	3	1600000	0.0000019
all	371	10	1600000	0.0000062
all	373	4	1600000	0.0000025
all	374	4	1600000	0.0000025
all	375	14	1600000	0.0000088
all	376	5	1600000	0.0000031
all	377	12	1600000	0.0000075
all	378	41	1600000	0.0000256
all	379	11	1600000	0.0000069
all	380	13	1600000	0.0000081
all	381	14	1600000	0.0000088
all	382	10	1600000	0.0000062
all	383	5	1600000	0.0000031
all	384	2	1600000	0.0000012
all	385	15	1600000	0.0000094
all	386	3	1600000	0.0000019
all	387	8	1600000	0.0000050
all	388	2	1600000	0.0000012
all	389	4	1600000	0.0000025
all	390	15	1600000	0.0000094
all	391	12	1600000	0.0000075
all	392	7	1600000	0.0000044
all	393	2	1600000	0.0000012
all	394	1	1600000	0.0000006
all	396	2	1600000	0.0000012
all	398	5	1600000	0.0000031
all	399	8	1600000	0.0000050
all	400	1	1600000	0.0000006
all	401	1	1600000	0.0000006
all	402	8	1600000	0.0000050
all	404	9	1600000	0.0000056
all	405	11	1600000	0.0000069
all	406	12	1600000	0.0000075
all	407	7	1600000	0.0000044
all	408	8	1600000	0.0000050
all	409	1	1600000	0.0000006
all	410	2	1600000	0.0000012
all	411	3	1600000	0.0000019
all	412	6	1600000	0.0000037
all	413	26	1600000	0.0000163
all	414	7	1600000	0.0000044
all	415	1	1600000	0.0000006
all	416	3	1600000	0.0000019
all	417	10	1600000	0.0000062
all	418	15	1600000	0.0000094
all	419	6	1600000	0.0000037
all	420	8	1600000	0.0000050
all	421	15	1600000	0.0000094
all	422	9	1600000	0.0000056
all	424	8	1600000	0.0000050
all	426	3	1600000	0.0000019
all	427	4	1600000	0.0000025
all	428	6	1600000	0.0000037
all	429	8	1600000	0.0000050
all	430	13	1600000	0.0000081
all	431	10	1600000	0.0000062
all	432	4	1600000	0.0000025
all	434	4	1600000	0.0000025
all	435	6	1600000	0.0000037
all	436	5	1600000	0.0000031
all	437	11	1600000	0.0000069
all	438	10	1600000	0.0000062
all	439	4	1600000	0.0000025
all	440	3	1600000	0.0000019
all	441	9	1600000	0.0000056
all	442	11	1600000	0.0000069
all	443	2	1600000	0.0000012
all	445	2	1600000	0.0000012
all	446	5	1600000	0.0000031
all	447	5	1600000	0.0000031
all	449	3	1600000	0.0000019
all	450	21	1600000	0.0000131
all	451	3	1600000	0.0000019
all	452	2	1600000	0.0000012
all	453	6	1600000	0.0000037
all	454	2	1600000	0.0000012
all	455	1	1600000	0.0000006
all	456	1	1600000	0.0000006
all	457	9	1600000	0.0000056
all	458	2	1600000	0.0000012
all	460	7	1600000	0.0000044
all	461	7	1600000	0.0000044
all	462	9	1600000	0.0000056
all	463	5	1600000	0.0000031
all	464	8	1600000	0.0000050
all	466	3	1600000	0.0000019
all	468	7	1600000	0.0000044
all	469	6	1600000	0.0000037
all	470	2	1600000	0.0000012
all	472	12	1600000	0.0000075
all	473	11	1600000	0.0000069
all	474	8	1600000	0.0000050
all	475	1	1600000	0.0000006
all	476	2	1600000	0.0000012
all	479	9	1600000	0.0000056
all	480	6	1600000	0.0000037
all	481	1	1600000	0.0000006
all	483	1	1600000	0.0000006
all	485	8	1600000	0.0000050
all	486	9	1600000	0.0000056
all	487	18	1600000	0.0000113
all	488	6	1600000	0.0000037
all	489	6	1600000	0.0000037
all	490	3	1600000	0.0000019
all	491	5	1600000	0.0000031
all	493	12	1600000	0.0000075
all	494	2	1600000	0.0000012
all	495	1	1600000	0.0000006
all	496	2	1600000	0.0000012
all	499	2	1600000	0.0000012
all	500	4	1600000	0.0000025
all	501	3	1600000	0.0000019
all	502	3	1600000	0.0000019
all	504	16	1600000	0.0000100
all	505	2	1600000	0.0000012
all	506	8	1600000	0.0000050
all	507	6	1600000	0.0000037
all	508	18	1600000	0.0000113
all	509	12	1600000	0.0000075
all	510	4	1600000	0.0000025
all	511	3	1600000	0.0000019
all	514	4	1600000	0.0000025
all	515	5	1600000	0.0000031
all	516	3	1600000	0.0000019
all	517	2	1600000	0.0000012
all	519	5	1600000	0.0000031
all	520	4	1600000	0.0000025
all	521	4	1600000	0.0000025
all	523	4	1600000	0.0000025
all	524	2	1600000	0.0000012
all	525	2	1600000	0.0000012
all	527	1	1600000	0.0000006
all	528	3	1600000	0.0000019
all	529	1	1600000	0.0000006
all	530	3	1600000	0.0000019
all	531	15	1600000	0.0000094
all	532	2	1600000	0.0000012
all	533	6	1600000	0.0000037
all	534	3	1600000	0.0000019
all	535	1	1600000	0.0000006
all	536	7	1600000	0.0000044
all	537	11	1600000	0.0000069
all	538	4	1600000	0.0000025
all	539	7	1600000	0.0000044
all	540	1	1600000	0.0000006
all	541	3	1600000	0.0000019
all	542	3	1600000	0.0000019
all	545	2	1600000	0.0000012
all	546	2	1600000	0.0000012
all	547	2	1600000	0.0000012
all	549	2	1600000	0.0000012
all	550	3	1600000	0.0000019
all	551	2	1600000	0.0000012
all	552	2	1600000	0.0000012
all	554	5	1600000	0.0000031
all	555	1	1600000	0.0000006
all	556	2	1600000	0.0000012
all	557	7	1600000	0.0000044
all	559	1	1600000	0.0000006
all	561	1	1600000	0.0000006
all	564	4	1600000	0.0000025
all	565	5	1600000	0.0000031
all	566	3	1600000	0.0000019
all	567	1	1600000	0.0000006
all	568	2	1600000	0.0000012
all	569	4	1600000	0.0000025
all	570	1	1600000	0.0000006
all	571	14	1600000	0.0000088
all	573	1	1600000	0.0000006
all	574	1	1600000	0.0000006
all	575	1	1600000	0.0000006
all	581	1	1600000	0.0000006
all	582	9	1600000	0.0000056
all	584	2	1600000	0.0000012
all	585	1	1600000	0.0000006
all	586	12	1600000	0.0000075
all	587	1	1600000	0.0000006
all	588	8	1600000	0.0000050
all	590	26	1600000	0.0000163
all	592	1	1600000	0.0000006
all	598	1	1600000	0.0000006
all	599	1	1600000	0.0000006
all	607	1	1600000	0.0000006
all	615	1	1600000	0.0000006
all	619	3	1600000	0.0000019
all	620	2	1600000	0.0000012
all	621	2	1600000	0.0000012
all	622	2	1600000	0.0000012
all	623	1	1600000	0.0000006
all	624	2	1600000	0.0000012
all	625	2	1600000	0.0000012
all	626	1	1600000	0.0000006
all	627	6	1600000	0.0000037
all	635	3	1600000	0.0000019
all	638	1	1600000	0.0000006
all	640	1	1600000	0.0000006
all	642	2	1600000	0.0000012
all	643	2	1600000	0.0000012
all	644	1	1600000	0.0000006
all	645	2	1600000	0.0000012
all	646	6	1600000	0.0000037
all	647	2	1600000	0.0000012
all	650	1	1600000	0.0000006
all	652	2	1600000	0.0000012
all	656	1	1600000	0.0000006
all	657	6	1600000	0.0000037
all	658	1	1600000	0.0000006
all	659	2	1600000	0.0000012
all	660	8	1600000	0.0000050
all	661	4	1600000	0.0000025
all	662	5	1600000	0.0000031
all	663	2	1600000	0.0000012
all	664	7	1600000	0.0000044
all	665	1	1600000	0.0000006
all	666	2	1600000	0.0000012
all	669	1	1600000	0.0000006
all	681	1	1600000	0.0000006
all	682	2	1600000	0.0000012
all	685	2	1600000	0.0000012
all	686	3	1600000	0.0000019
all	691	2	1600000	0.0000012
all	692	5	1600000	0.0000031
all	693	1	1600000	0.0000006
all	694	3	1600000	0.0000019
all	695	3	1600000	0.0000019
all	696	5	1600000	0.0000031
all	697	1	1600000	0.0000006
all	699	1	1600000	0.0000006
all	701	1	1600000	0.0000006
all	702	5	1600000	0.0000031
all	703	3	1600000	0.0000019
all	704	3	1600000	0.0000019
all	705	1	1600000	0.0000006
all	706	1	1600000	0.0000006
all	707	6	1600000	0.0000037
all	710	1	1600000	0.0000006
all	711	2	1600000	0.0000012
all	712	1	1600000	0.0000006
all	713	1	1600000	0.0000006
all	714	4	1600000	0.0000025
all	715	1	1600000	0.0000006
all	716	2	1600000	0.0000012
all	717	3	1600000	0.0000019
all	718	2	1600000	0.0000012
all	720	3	1600000	0.0000019
all	721	4	1600000	0.0000025
all	722	3	1600000	0.0000019
all	723	2	1600000	0.0000012
all	725	1	1600000	0.0000006
all	726	4	1600000	0.0000025
all	732	2	1600000	0.0000012
all	733	3	1600000	0.0000019
all	734	3	1600000	0.0000019
all	735	6	1600000	0.0000037
all	736	12	1600000	0.0000075
all	737	19	1600000	0.0000119
all	738	2	1600000	0.0000012
all	739	2	1600000	0.0000012
all	741	5	1600000	0.0000031
all	742	1	1600000	0.0000006
all	745	1	1600000	0.0000006
all	747	2	1600000	0.0000012
all	750	2	1600000	0.0000012
all	751	1	1600000	0.0000006
all	752	3	1600000	0.0000019
all	754	1	1600000	0.0000006
all	758	2	1600000	0.0000012
all	761	1	1600000	0.0000006
all	764	1	1600000	0.0000006
all	772	1	1600000	0.0000006
all	778	2	1600000	0.0000012
all	779	2	1600000	0.0000012
all	781	7	1600000	0.0000044
all	782	6	1600000	0.0000037
all	785	2	1600000	0.0000012
all	789	2	1600000	0.0000012
all	792	2	1600000	0.0000012
all	793	2	1600000	0.0000012
all	796	2	1600000	0.0000012
all	813	8	1600000	0.0000050
all	814	4	1600000	0.0000025
all	815	2	1600000	0.0000012
all	820	3	1600000	0.0000019
all	821	1	1600000	0.0000006
all	822	5	1600000	0.0000031
all	823	6	1600000	0.0000037
all	825	2	1600000	0.0000012
all	826	2	1600000	0.0000012
all	829	2	1600000	0.0000012
all	831	2	1600000	0.0000012
all	834	9	1600000	0.0000056
all	837	4	1600000	0.0000025
all	843	2	1600000	0.0000012
all	845	2	1600000	0.0000012
all	847	3	1600000	0.0000019
all	848	5	1600000	0.0000031
all	849	2	1600000	0.0000012
all	852	2	1600000	0.0000012
all	853	2	1600000	0.0000012
all	858	4	1600000	0.0000025
all	859	3	1600000	0.0000019
all	864	2	1600000	0.0000012
all	865	6	1600000	0.0000037
all	866	4	1600000	0.0000025
all	870	2	1600000	0.0000012
all	871	4	1600000	0.0000025
all	874	1	1600000	0.0000006
all	876	1	1600000	0.0000006
all	878	3	1600000	0.0000019
all	879	4	1600000	0.0000025
all	880	1	1600000	0.0000006
all	882	1	1600000	0.0000006
all	890	3	1600000	0.0000019
all	891	2	1600000	0.0000012
all	892	2	1600000	0.0000012
all	894	3	1600000	0.0000019
all	896	1	1600000	0.0000006
all	897	3	1600000	0.0000019
all	900	1	1600000	0.0000006
all	901	3	1600000	0.0000019
all	902	3	1600000	0.0000019
all	904	5	1600000	0.0000031
all	905	4	1600000	0.0000025
all	906	5	1600000	0.0000031
all	907	2	1600000	0.0000012
all	908	4	1600000	0.0000025
all	909	4	1600000	0.0000025
all	910	3	1600000	0.0000019
all	911	7	1600000	0.0000044
all	912	4	1600000	0.0000025
all	913	5	1600000	0.0000031
all	915	3	1600000	0.0000019
all	921	1	1600000	0.0000006
