all	0	1409912	1600000	0.8811950
all	1	70442	1600000	0.0440262
all	2	76549	1600000	0.0478431
all	3	16976	1600000	0.0106100
all	4	11591	1600000	0.0072444
all	5	4568	1600000	0.0028550
all	6	3569	1600000	0.0022306
all	7	1561	1600000	0.0009756
all	8	1205	1600000	0.0007531
all	9	777	1600000	0.0004856
all	10	674	1600000	0.0004213
all	11	368	1600000	0.0002300
all	12	133	1600000	0.0000831
all	13	133	1600000	0.0000831
all	14	141	1600000	0.0000881
all	15	140	1600000	0.0000875
all	16	98	1600000	0.0000613
all	17	101	1600000	0.0000631
all	18	40	1600000	0.0000250
all	19	149	1600000	0.0000931
all	20	81	1600000	0.0000506
all	21	69	1600000	0.0000431
all	22	22	1600000	0.0000138
all	23	55	1600000	0.0000344
all	24	53	1600000	0.0000331
all	25	11	1600000	0.0000069
all	26	17	1600000	0.0000106
all	27	13	1600000	0.0000081
all	28	7	1600000	0.0000044
all	29	14	1600000	0.0000088
all	30	9	1600000	0.0000056
all	31	5	1600000	0.0000031
all	32	10	1600000	0.0000062
all	33	2	1600000	0.0000012
all	34	3	1600000	0.0000019
all	35	8	1600000	0.0000050
all	36	3	1600000	0.0000019
all	37	2	1600000	0.0000012
all	38	2	1600000	0.0000012
all	39	2	1600000	0.0000012
all	40	14	1600000	0.0000088
all	41	1	1600000	0.0000006
all	42	9	1600000	0.0000056
all	43	6	1600000	0.0000037
all	44	18	1600000	0.0000113
all	45	5	1600000	0.0000031
all	46	7	1600000	0.0000044
all	47	11	1600000	0.0000069
all	48	20	1600000	0.0000125
all	49	29	1600000	0.0000181
all	50	10	1600000	0.0000062
all	51	4	1600000	0.0000025
all	52	3	1600000	0.0000019
all	53	3	1600000	0.0000019
all	54	5	1600000	0.0000031
all	55	1	1600000	0.0000006
all	56	1	1600000	0.0000006
all	57	1	1600000	0.0000006
all	58	1	1600000	0.0000006
all	61	1	1600000	0.0000006
all	64	1	1600000	0.0000006
all	65	2	1600000	0.0000012
all	67	1	1600000	0.0000006
all	68	1	1600000	0.0000006
all	69	1	1600000	0.0000006
all	70	1	1600000	0.0000006
all	71	3	1600000	0.0000019
all	72	4	1600000	0.0000025
all	73	2	1600000	0.0000012
all	74	8	1600000	0.0000050
all	75	5	1600000	0.0000031
all	77	3	1600000	0.0000019
all	78	7	1600000	0.0000044
all	80	1	1600000	0.0000006
all	84	2	1600000	0.0000012
all	86	1	1600000	0.0000006
all	89	2	1600000	0.0000012
all	90	1	1600000	0.0000006
all	92	1	1600000	0.0000006
all	93	2	1600000	0.0000012
all	98	1	1600000	0.0000006
all	99	4	1600000	0.0000025
all	103	3	1600000	0.0000019
all	107	2	1600000	0.0000012
all	111	4	1600000	0.0000025
all	113	1	1600000	0.0000006
all	116	2	1600000	0.0000012
all	118	2	1600000	0.0000012
all	120	6	1600000	0.0000037
all	124	12	1600000	0.0000075
all	125	1	1600000	0.0000006
all	130	1	1600000	0.0000006
all	132	2	1600000	0.0000012
all	133	1	1600000	0.0000006
all	134	1	1600000	0.0000006
all	135	1	1600000	0.0000006
all	138	4	1600000	0.0000025
all	140	2	1600000	0.0000012
all	142	3	1600000	0.0000019
all	145	1	1600000	0.0000006
all	148	1	1600000	0.0000006
all	150	1	1600000	0.0000006
all	151	3	1600000	0.0000019
all	152	2	1600000	0.0000012
all	153	6	1600000	0.0000037
all	156	1	1600000	0.0000006
all	157	3	1600000	0.0000019
all	158	3	1600000	0.0000019
all	159	2	1600000	0.0000012
all	160	1	1600000	0.0000006
all	161	3	1600000	0.0000019
all	163	3	1600000	0.0000019
all	164	3	1600000	0.0000019
all	165	2	1600000	0.0000012
all	167	7	1600000	0.0000044
all	168	1	1600000	0.0000006
all	169	5	1600000	0.0000031
all	170	2	1600000	0.0000012
all	172	5	1600000	0.0000031
all	173	1	1600000	0.0000006
all	175	2	1600000	0.0000012
all	176	2	1600000	0.0000012
all	179	2	1600000	0.0000012
all	180	2	1600000	0.0000012
all	181	2	1600000	0.0000012
all	182	6	1600000	0.0000037
all	183	4	1600000	0.0000025
all	184	7	1600000	0.0000044
all	185	7	1600000	0.0000044
all	186	6	1600000	0.0000037
all	187	2	1600000	0.0000012
all	188	5	1600000	0.0000031
all	189	3	1600000	0.0000019
all	190	2	1600000	0.0000012
all	191	1	1600000	0.0000006
all	192	1	1600000	0.0000006
all	193	6	1600000	0.0000037
all	194	1	1600000	0.0000006
all	195	1	1600000	0.0000006
all	196	6	1600000	0.0000037
all	198	1	1600000	0.0000006
all	199	3	1600000	0.0000019
all	200	3	1600000	0.0000019
all	201	9	1600000	0.0000056
all	202	12	1600000	0.0000075
all	203	2	1600000	0.0000012
all	204	2	1600000	0.0000012
all	205	5	1600000	0.0000031
all	206	2	1600000	0.0000012
all	207	2	1600000	0.0000012
all	208	6	1600000	0.0000037
all	210	1	1600000	0.0000006
all	211	1	1600000	0.0000006
all	214	1	1600000	0.0000006
all	217	4	1600000	0.0000025
all	219	1	1600000	0.0000006
all	220	1	1600000	0.0000006
all	222	1	1600000	0.0000006
all	224	2	1600000	0.0000012
all	225	1	1600000	0.0000006
all	226	1	1600000	0.0000006
all	227	6	1600000	0.0000037
all	228	2	1600000	0.0000012
all	229	8	1600000	0.0000050
all	230	14	1600000	0.0000088
all	231	8	1600000	0.0000050
all	232	4	1600000	0.0000025
all	233	4	1600000	0.0000025
all	234	2	1600000	0.0000012
