all	0	1433380	1600000	0.8958625
all	1	64291	1600000	0.0401819
all	2	72379	1600000	0.0452369
all	3	12517	1600000	0.0078231
all	4	7935	1600000	0.0049594
all	5	3551	1600000	0.0022194
all	6	1882	1600000	0.0011763
all	7	1630	1600000	0.0010188
all	8	686	1600000	0.0004288
all	9	450	1600000	0.0002812
all	10	186	1600000	0.0001162
all	11	175	1600000	0.0001094
all	12	53	1600000	0.0000331
all	13	154	1600000	0.0000962
all	14	9	1600000	0.0000056
all	15	79	1600000	0.0000494
all	16	31	1600000	0.0000194
all	17	5	1600000	0.0000031
all	18	18	1600000	0.0000113
all	19	26	1600000	0.0000163
all	20	12	1600000	0.0000075
all	21	26	1600000	0.0000163
all	22	5	1600000	0.0000031
all	23	18	1600000	0.0000113
all	25	4	1600000	0.0000025
all	26	2	1600000	0.0000012
all	27	1	1600000	0.0000006
all	28	18	1600000	0.0000113
all	29	8	1600000	0.0000050
all	31	10	1600000	0.0000062
all	32	6	1600000	0.0000037
all	33	12	1600000	0.0000075
all	34	19	1600000	0.0000119
all	35	5	1600000	0.0000031
all	36	35	1600000	0.0000219
all	37	28	1600000	0.0000175
all	38	11	1600000	0.0000069
all	39	1	1600000	0.0000006
all	40	2	1600000	0.0000012
all	41	1	1600000	0.0000006
all	42	2	1600000	0.0000012
all	43	3	1600000	0.0000019
all	44	1	1600000	0.0000006
all	45	2	1600000	0.0000012
all	47	1	1600000	0.0000006
all	50	1	1600000	0.0000006
all	51	2	1600000	0.0000012
all	53	3	1600000	0.0000019
all	54	4	1600000	0.0000025
all	55	2	1600000	0.0000012
all	56	2	1600000	0.0000012
all	58	3	1600000	0.0000019
all	59	1	1600000	0.0000006
all	60	3	1600000	0.0000019
all	62	3	1600000	0.0000019
all	65	1	1600000	0.0000006
all	66	3	1600000	0.0000019
all	67	1	1600000	0.0000006
all	69	4	1600000	0.0000025
all	70	5	1600000	0.0000031
all	72	2	1600000	0.0000012
all	73	2	1600000	0.0000012
all	74	5	1600000	0.0000031
all	76	3	1600000	0.0000019
all	77	8	1600000	0.0000050
all	78	2	1600000	0.0000012
all	80	8	1600000	0.0000050
all	81	13	1600000	0.0000081
all	82	5	1600000	0.0000031
all	83	2	1600000	0.0000012
all	85	2	1600000	0.0000012
all	86	8	1600000	0.0000050
all	89	1	1600000	0.0000006
all	91	4	1600000	0.0000025
all	93	1	1600000	0.0000006
all	95	2	1600000	0.0000012
all	96	2	1600000	0.0000012
all	97	2	1600000	0.0000012
all	98	2	1600000	0.0000012
all	99	3	1600000	0.0000019
all	100	7	1600000	0.0000044
all	101	2	1600000	0.0000012
all	102	4	1600000	0.0000025
all	103	2	1600000	0.0000012
all	104	4	1600000	0.0000025
all	105	12	1600000	0.0000075
all	106	1	1600000	0.0000006
all	107	3	1600000	0.0000019
all	108	2	1600000	0.0000012
all	109	2	1600000	0.0000012
all	111	2	1600000	0.0000012
all	112	3	1600000	0.0000019
all	113	3	1600000	0.0000019
all	114	1	1600000	0.0000006
all	115	1	1600000	0.0000006
all	117	4	1600000	0.0000025
all	118	2	1600000	0.0000012
all	120	11	1600000	0.0000069
all	121	8	1600000	0.0000050
all	122	8	1600000	0.0000050
all	123	5	1600000	0.0000031
all	124	3	1600000	0.0000019
all	125	9	1600000	0.0000056
all	127	1	1600000	0.0000006
all	128	4	1600000	0.0000025
all	129	6	1600000	0.0000037
all	130	7	1600000	0.0000044
all	131	9	1600000	0.0000056
all	132	5	1600000	0.0000031
all	133	7	1600000	0.0000044
all	134	8	1600000	0.0000050
all	135	13	1600000	0.0000081
all	136	9	1600000	0.0000056
all	137	8	1600000	0.0000050
all	138	5	1600000	0.0000031
all	139	12	1600000	0.0000075
all	140	5	1600000	0.0000031
all	141	6	1600000	0.0000037
all	142	1	1600000	0.0000006
all	143	7	1600000	0.0000044
all	144	2	1600000	0.0000012
all	145	1	1600000	0.0000006
