all	0	1214585	1600000	0.7591156
all	1	60773	1600000	0.0379831
all	2	60700	1600000	0.0379375
all	3	20070	1600000	0.0125437
all	4	18366	1600000	0.0114788
all	5	13731	1600000	0.0085819
all	6	15167	1600000	0.0094794
all	7	15152	1600000	0.0094700
all	8	12720	1600000	0.0079500
all	9	11123	1600000	0.0069519
all	10	9949	1600000	0.0062181
all	11	7985	1600000	0.0049906
all	12	8157	1600000	0.0050981
all	13	6665	1600000	0.0041656
all	14	7163	1600000	0.0044769
all	15	7189	1600000	0.0044931
all	16	6594	1600000	0.0041213
all	17	5866	1600000	0.0036663
all	18	4938	1600000	0.0030863
all	19	5163	1600000	0.0032269
all	20	4295	1600000	0.0026844
all	21	4400	1600000	0.0027500
all	22	4060	1600000	0.0025375
all	23	3222	1600000	0.0020137
all	24	4057	1600000	0.0025356
all	25	3424	1600000	0.0021400
all	26	3456	1600000	0.0021600
all	27	3612	1600000	0.0022575
all	28	3227	1600000	0.0020169
all	29	3300	1600000	0.0020625
all	30	2035	1600000	0.0012719
all	31	2418	1600000	0.0015113
all	32	2437	1600000	0.0015231
all	33	1790	1600000	0.0011187
all	34	1689	1600000	0.0010556
all	35	2097	1600000	0.0013106
all	36	1786	1600000	0.0011162
all	37	1430	1600000	0.0008937
all	38	1694	1600000	0.0010587
all	39	1239	1600000	0.0007744
all	40	931	1600000	0.0005819
all	41	1440	1600000	0.0009000
all	42	1305	1600000	0.0008156
all	43	1300	1600000	0.0008125
all	44	820	1600000	0.0005125
all	45	636	1600000	0.0003975
all	46	831	1600000	0.0005194
all	47	1080	1600000	0.0006750
all	48	887	1600000	0.0005544
all	49	1001	1600000	0.0006256
all	50	669	1600000	0.0004181
all	51	616	1600000	0.0003850
all	52	504	1600000	0.0003150
all	53	630	1600000	0.0003938
all	54	754	1600000	0.0004713
all	55	783	1600000	0.0004894
all	56	506	1600000	0.0003162
all	57	459	1600000	0.0002869
all	58	713	1600000	0.0004456
all	59	497	1600000	0.0003106
all	60	354	1600000	0.0002212
all	61	510	1600000	0.0003188
all	62	513	1600000	0.0003206
all	63	492	1600000	0.0003075
all	64	364	1600000	0.0002275
all	65	470	1600000	0.0002937
all	66	459	1600000	0.0002869
all	67	471	1600000	0.0002944
all	68	383	1600000	0.0002394
all	69	327	1600000	0.0002044
all	70	238	1600000	0.0001487
all	71	226	1600000	0.0001412
all	72	212	1600000	0.0001325
all	73	199	1600000	0.0001244
all	74	420	1600000	0.0002625
all	75	165	1600000	0.0001031
all	76	216	1600000	0.0001350
all	77	228	1600000	0.0001425
all	78	215	1600000	0.0001344
all	79	215	1600000	0.0001344
all	80	230	1600000	0.0001438
all	81	177	1600000	0.0001106
all	82	268	1600000	0.0001675
all	83	194	1600000	0.0001212
all	84	220	1600000	0.0001375
all	85	220	1600000	0.0001375
all	86	191	1600000	0.0001194
all	87	149	1600000	0.0000931
all	88	122	1600000	0.0000762
all	89	115	1600000	0.0000719
all	90	111	1600000	0.0000694
all	91	114	1600000	0.0000712
all	92	168	1600000	0.0001050
all	93	73	1600000	0.0000456
all	94	108	1600000	0.0000675
all	95	155	1600000	0.0000969
all	96	247	1600000	0.0001544
all	97	155	1600000	0.0000969
all	98	220	1600000	0.0001375
all	99	156	1600000	0.0000975
all	100	78	1600000	0.0000488
all	101	112	1600000	0.0000700
all	102	110	1600000	0.0000687
all	103	44	1600000	0.0000275
all	104	78	1600000	0.0000488
all	105	65	1600000	0.0000406
all	106	41	1600000	0.0000256
all	107	87	1600000	0.0000544
all	108	92	1600000	0.0000575
all	109	78	1600000	0.0000488
all	110	17	1600000	0.0000106
all	111	66	1600000	0.0000413
all	112	21	1600000	0.0000131
all	113	76	1600000	0.0000475
all	114	121	1600000	0.0000756
all	115	58	1600000	0.0000362
all	116	88	1600000	0.0000550
all	117	27	1600000	0.0000169
all	118	15	1600000	0.0000094
all	119	117	1600000	0.0000731
all	120	33	1600000	0.0000206
all	121	44	1600000	0.0000275
all	122	68	1600000	0.0000425
all	123	58	1600000	0.0000362
all	124	106	1600000	0.0000663
all	125	69	1600000	0.0000431
all	126	38	1600000	0.0000238
all	127	101	1600000	0.0000631
all	128	42	1600000	0.0000262
all	129	17	1600000	0.0000106
all	130	33	1600000	0.0000206
all	131	11	1600000	0.0000069
all	132	40	1600000	0.0000250
all	133	58	1600000	0.0000362
all	134	72	1600000	0.0000450
all	135	32	1600000	0.0000200
all	136	60	1600000	0.0000375
all	137	29	1600000	0.0000181
all	138	14	1600000	0.0000088
all	139	8	1600000	0.0000050
all	140	37	1600000	0.0000231
all	141	40	1600000	0.0000250
all	142	67	1600000	0.0000419
all	143	130	1600000	0.0000813
all	144	73	1600000	0.0000456
all	145	17	1600000	0.0000106
all	146	52	1600000	0.0000325
all	147	25	1600000	0.0000156
all	148	11	1600000	0.0000069
all	149	130	1600000	0.0000813
all	150	9	1600000	0.0000056
all	151	32	1600000	0.0000200
all	152	28	1600000	0.0000175
all	153	59	1600000	0.0000369
all	154	56	1600000	0.0000350
all	155	23	1600000	0.0000144
all	156	17	1600000	0.0000106
all	157	8	1600000	0.0000050
all	158	22	1600000	0.0000138
all	159	27	1600000	0.0000169
all	160	22	1600000	0.0000138
all	161	49	1600000	0.0000306
all	162	71	1600000	0.0000444
all	163	28	1600000	0.0000175
all	164	18	1600000	0.0000113
all	165	19	1600000	0.0000119
all	166	4	1600000	0.0000025
all	167	30	1600000	0.0000188
all	168	14	1600000	0.0000088
all	169	8	1600000	0.0000050
all	170	4	1600000	0.0000025
all	171	26	1600000	0.0000163
all	172	12	1600000	0.0000075
all	173	54	1600000	0.0000337
all	174	25	1600000	0.0000156
all	175	33	1600000	0.0000206
all	176	11	1600000	0.0000069
all	177	13	1600000	0.0000081
all	178	15	1600000	0.0000094
all	179	15	1600000	0.0000094
all	180	27	1600000	0.0000169
all	181	37	1600000	0.0000231
all	182	25	1600000	0.0000156
all	183	30	1600000	0.0000188
all	184	15	1600000	0.0000094
all	185	15	1600000	0.0000094
all	186	17	1600000	0.0000106
all	187	38	1600000	0.0000238
all	188	12	1600000	0.0000075
all	189	67	1600000	0.0000419
all	190	18	1600000	0.0000113
all	191	22	1600000	0.0000138
all	192	28	1600000	0.0000175
all	193	5	1600000	0.0000031
all	194	37	1600000	0.0000231
all	195	16	1600000	0.0000100
all	196	22	1600000	0.0000138
all	197	24	1600000	0.0000150
all	198	11	1600000	0.0000069
all	199	34	1600000	0.0000212
all	200	19	1600000	0.0000119
all	201	27	1600000	0.0000169
all	202	14	1600000	0.0000088
all	203	19	1600000	0.0000119
all	204	16	1600000	0.0000100
all	205	14	1600000	0.0000088
all	206	67	1600000	0.0000419
all	207	19	1600000	0.0000119
all	208	42	1600000	0.0000262
all	209	10	1600000	0.0000062
all	210	10	1600000	0.0000062
all	211	7	1600000	0.0000044
all	212	14	1600000	0.0000088
all	213	25	1600000	0.0000156
all	214	14	1600000	0.0000088
all	215	8	1600000	0.0000050
all	216	6	1600000	0.0000037
all	217	2	1600000	0.0000012
all	218	11	1600000	0.0000069
all	219	11	1600000	0.0000069
all	220	17	1600000	0.0000106
all	221	19	1600000	0.0000119
all	222	3	1600000	0.0000019
all	223	36	1600000	0.0000225
all	224	7	1600000	0.0000044
all	225	6	1600000	0.0000037
all	226	5	1600000	0.0000031
all	227	7	1600000	0.0000044
all	228	23	1600000	0.0000144
all	229	2	1600000	0.0000012
all	230	14	1600000	0.0000088
all	231	2	1600000	0.0000012
all	232	6	1600000	0.0000037
all	233	5	1600000	0.0000031
all	234	5	1600000	0.0000031
all	235	13	1600000	0.0000081
all	236	46	1600000	0.0000288
all	237	18	1600000	0.0000113
all	238	5	1600000	0.0000031
all	239	23	1600000	0.0000144
all	240	4	1600000	0.0000025
all	242	23	1600000	0.0000144
all	243	16	1600000	0.0000100
all	244	6	1600000	0.0000037
all	245	2	1600000	0.0000012
all	246	19	1600000	0.0000119
all	247	8	1600000	0.0000050
all	248	11	1600000	0.0000069
all	249	15	1600000	0.0000094
all	250	7	1600000	0.0000044
all	251	3	1600000	0.0000019
all	252	1	1600000	0.0000006
all	253	1	1600000	0.0000006
all	254	2	1600000	0.0000012
all	256	5	1600000	0.0000031
all	258	9	1600000	0.0000056
all	259	10	1600000	0.0000062
all	260	2	1600000	0.0000012
all	261	6	1600000	0.0000037
all	262	26	1600000	0.0000163
all	263	19	1600000	0.0000119
all	264	3	1600000	0.0000019
all	265	4	1600000	0.0000025
all	266	2	1600000	0.0000012
all	268	28	1600000	0.0000175
all	269	36	1600000	0.0000225
all	270	2	1600000	0.0000012
all	271	8	1600000	0.0000050
all	272	10	1600000	0.0000062
all	273	53	1600000	0.0000331
all	274	25	1600000	0.0000156
all	275	8	1600000	0.0000050
all	276	11	1600000	0.0000069
all	281	1	1600000	0.0000006
all	282	3	1600000	0.0000019
all	283	3	1600000	0.0000019
all	284	5	1600000	0.0000031
all	285	4	1600000	0.0000025
all	286	3	1600000	0.0000019
all	288	5	1600000	0.0000031
all	293	1	1600000	0.0000006
all	294	1	1600000	0.0000006
all	295	45	1600000	0.0000281
all	296	6	1600000	0.0000037
all	299	1	1600000	0.0000006
all	300	11	1600000	0.0000069
all	301	3	1600000	0.0000019
all	309	1	1600000	0.0000006
all	314	4	1600000	0.0000025
all	316	2	1600000	0.0000012
all	318	2	1600000	0.0000012
all	323	1	1600000	0.0000006
all	328	3	1600000	0.0000019
all	329	2	1600000	0.0000012
all	330	3	1600000	0.0000019
all	331	4	1600000	0.0000025
all	332	11	1600000	0.0000069
all	333	1	1600000	0.0000006
all	334	1	1600000	0.0000006
all	335	1	1600000	0.0000006
all	336	2	1600000	0.0000012
all	338	2	1600000	0.0000012
all	339	1	1600000	0.0000006
all	340	5	1600000	0.0000031
all	341	1	1600000	0.0000006
all	342	1	1600000	0.0000006
all	343	2	1600000	0.0000012
all	345	1	1600000	0.0000006
all	346	2	1600000	0.0000012
all	348	9	1600000	0.0000056
all	350	3	1600000	0.0000019
all	351	3	1600000	0.0000019
all	352	1	1600000	0.0000006
all	353	4	1600000	0.0000025
all	354	1	1600000	0.0000006
all	356	4	1600000	0.0000025
all	357	1	1600000	0.0000006
all	359	1	1600000	0.0000006
all	360	1	1600000	0.0000006
all	361	1	1600000	0.0000006
all	362	1	1600000	0.0000006
all	363	2	1600000	0.0000012
all	364	2	1600000	0.0000012
all	368	2	1600000	0.0000012
all	369	4	1600000	0.0000025
all	370	5	1600000	0.0000031
all	372	8	1600000	0.0000050
all	374	2	1600000	0.0000012
all	375	4	1600000	0.0000025
all	376	8	1600000	0.0000050
all	377	6	1600000	0.0000037
all	378	6	1600000	0.0000037
all	379	4	1600000	0.0000025
all	381	2	1600000	0.0000012
all	382	12	1600000	0.0000075
all	384	13	1600000	0.0000081
all	385	1	1600000	0.0000006
all	388	2	1600000	0.0000012
all	390	5	1600000	0.0000031
all	392	1	1600000	0.0000006
all	393	1	1600000	0.0000006
all	395	2	1600000	0.0000012
all	396	19	1600000	0.0000119
all	400	4	1600000	0.0000025
all	401	1	1600000	0.0000006
all	403	1	1600000	0.0000006
all	406	4	1600000	0.0000025
all	407	8	1600000	0.0000050
all	410	2	1600000	0.0000012
all	412	1	1600000	0.0000006
all	413	3	1600000	0.0000019
all	415	3	1600000	0.0000019
all	416	3	1600000	0.0000019
all	417	2	1600000	0.0000012
all	418	5	1600000	0.0000031
all	419	2	1600000	0.0000012
all	421	2	1600000	0.0000012
all	422	1	1600000	0.0000006
all	424	2	1600000	0.0000012
all	426	4	1600000	0.0000025
all	427	20	1600000	0.0000125
all	428	3	1600000	0.0000019
all	430	8	1600000	0.0000050
all	432	7	1600000	0.0000044
all	434	5	1600000	0.0000031
all	435	11	1600000	0.0000069
all	436	3	1600000	0.0000019
all	437	11	1600000	0.0000069
all	438	26	1600000	0.0000163
all	439	10	1600000	0.0000062
all	440	8	1600000	0.0000050
all	441	17	1600000	0.0000106
all	442	2	1600000	0.0000012
all	444	3	1600000	0.0000019
all	445	2	1600000	0.0000012
all	446	11	1600000	0.0000069
all	447	2	1600000	0.0000012
all	448	6	1600000	0.0000037
all	449	8	1600000	0.0000050
all	450	7	1600000	0.0000044
all	451	3	1600000	0.0000019
all	452	5	1600000	0.0000031
all	453	7	1600000	0.0000044
all	454	4	1600000	0.0000025
all	455	2	1600000	0.0000012
all	456	7	1600000	0.0000044
all	457	5	1600000	0.0000031
all	458	6	1600000	0.0000037
all	459	11	1600000	0.0000069
all	460	2	1600000	0.0000012
all	461	10	1600000	0.0000062
all	462	2	1600000	0.0000012
all	463	3	1600000	0.0000019
all	464	2	1600000	0.0000012
all	465	2	1600000	0.0000012
all	466	8	1600000	0.0000050
all	467	11	1600000	0.0000069
all	468	2	1600000	0.0000012
all	469	6	1600000	0.0000037
all	470	2	1600000	0.0000012
all	471	1	1600000	0.0000006
all	472	5	1600000	0.0000031
all	473	22	1600000	0.0000138
all	475	2	1600000	0.0000012
all	478	1	1600000	0.0000006
all	481	1	1600000	0.0000006
all	483	2	1600000	0.0000012
all	485	2	1600000	0.0000012
all	486	1	1600000	0.0000006
all	487	2	1600000	0.0000012
all	488	5	1600000	0.0000031
all	489	3	1600000	0.0000019
all	490	1	1600000	0.0000006
all	491	2	1600000	0.0000012
all	492	1	1600000	0.0000006
all	493	21	1600000	0.0000131
all	494	5	1600000	0.0000031
all	495	1	1600000	0.0000006
all	499	2	1600000	0.0000012
