all	0	1351526	1600000	0.8447037
all	1	91362	1600000	0.0571012
all	2	105765	1600000	0.0661031
all	3	20940	1600000	0.0130875
all	4	15624	1600000	0.0097650
all	5	5078	1600000	0.0031737
all	6	3091	1600000	0.0019319
all	7	1676	1600000	0.0010475
all	8	979	1600000	0.0006119
all	9	578	1600000	0.0003612
all	10	629	1600000	0.0003931
all	11	665	1600000	0.0004156
all	12	323	1600000	0.0002019
all	13	223	1600000	0.0001394
all	14	199	1600000	0.0001244
all	15	101	1600000	0.0000631
all	16	217	1600000	0.0001356
all	17	12	1600000	0.0000075
all	18	53	1600000	0.0000331
all	19	19	1600000	0.0000119
all	20	53	1600000	0.0000331
all	21	29	1600000	0.0000181
all	22	11	1600000	0.0000069
all	23	20	1600000	0.0000125
all	24	14	1600000	0.0000088
all	25	21	1600000	0.0000131
all	26	25	1600000	0.0000156
all	27	40	1600000	0.0000250
all	28	32	1600000	0.0000200
all	29	24	1600000	0.0000150
all	30	38	1600000	0.0000238
all	31	34	1600000	0.0000212
all	32	29	1600000	0.0000181
all	33	29	1600000	0.0000181
all	34	3	1600000	0.0000019
all	35	3	1600000	0.0000019
all	36	3	1600000	0.0000019
all	37	18	1600000	0.0000113
all	38	1	1600000	0.0000006
all	39	2	1600000	0.0000012
all	40	1	1600000	0.0000006
all	41	2	1600000	0.0000012
all	42	4	1600000	0.0000025
all	43	3	1600000	0.0000019
all	44	2	1600000	0.0000012
all	46	5	1600000	0.0000031
all	47	4	1600000	0.0000025
all	48	3	1600000	0.0000019
all	49	5	1600000	0.0000031
all	50	1	1600000	0.0000006
all	51	6	1600000	0.0000037
all	52	6	1600000	0.0000037
all	53	9	1600000	0.0000056
all	54	2	1600000	0.0000012
all	55	11	1600000	0.0000069
all	56	9	1600000	0.0000056
all	57	13	1600000	0.0000081
all	58	7	1600000	0.0000044
all	59	9	1600000	0.0000056
all	60	5	1600000	0.0000031
all	61	14	1600000	0.0000088
all	62	9	1600000	0.0000056
all	63	9	1600000	0.0000056
all	64	7	1600000	0.0000044
all	65	23	1600000	0.0000144
all	66	1	1600000	0.0000006
all	67	13	1600000	0.0000081
all	68	7	1600000	0.0000044
all	69	18	1600000	0.0000113
all	76	1	1600000	0.0000006
all	78	1	1600000	0.0000006
all	82	1	1600000	0.0000006
all	84	1	1600000	0.0000006
all	87	1	1600000	0.0000006
all	88	1	1600000	0.0000006
all	89	1	1600000	0.0000006
all	91	1	1600000	0.0000006
all	98	1	1600000	0.0000006
all	99	1	1600000	0.0000006
all	101	1	1600000	0.0000006
all	104	1	1600000	0.0000006
all	107	1	1600000	0.0000006
all	110	1	1600000	0.0000006
all	114	4	1600000	0.0000025
all	118	1	1600000	0.0000006
all	119	1	1600000	0.0000006
all	121	4	1600000	0.0000025
all	122	1	1600000	0.0000006
all	123	4	1600000	0.0000025
all	124	2	1600000	0.0000012
all	125	2	1600000	0.0000012
all	126	2	1600000	0.0000012
all	127	3	1600000	0.0000019
all	128	2	1600000	0.0000012
all	129	2	1600000	0.0000012
all	130	3	1600000	0.0000019
all	133	2	1600000	0.0000012
all	134	4	1600000	0.0000025
all	138	1	1600000	0.0000006
all	139	4	1600000	0.0000025
all	141	3	1600000	0.0000019
all	143	1	1600000	0.0000006
all	144	1	1600000	0.0000006
all	145	3	1600000	0.0000019
all	146	4	1600000	0.0000025
all	147	3	1600000	0.0000019
all	149	1	1600000	0.0000006
all	150	1	1600000	0.0000006
all	151	2	1600000	0.0000012
all	152	2	1600000	0.0000012
all	153	1	1600000	0.0000006
all	154	4	1600000	0.0000025
all	155	6	1600000	0.0000037
all	157	1	1600000	0.0000006
all	158	1	1600000	0.0000006
all	160	3	1600000	0.0000019
all	161	8	1600000	0.0000050
all	163	1	1600000	0.0000006
all	165	2	1600000	0.0000012
all	168	1	1600000	0.0000006
all	172	2	1600000	0.0000012
all	175	1	1600000	0.0000006
all	176	3	1600000	0.0000019
all	177	3	1600000	0.0000019
all	179	2	1600000	0.0000012
all	180	1	1600000	0.0000006
all	181	3	1600000	0.0000019
all	182	1	1600000	0.0000006
all	185	7	1600000	0.0000044
all	186	7	1600000	0.0000044
all	187	5	1600000	0.0000031
all	188	3	1600000	0.0000019
all	189	5	1600000	0.0000031
all	190	3	1600000	0.0000019
all	191	4	1600000	0.0000025
all	192	1	1600000	0.0000006
all	193	3	1600000	0.0000019
all	194	4	1600000	0.0000025
all	195	6	1600000	0.0000037
all	196	6	1600000	0.0000037
all	197	8	1600000	0.0000050
all	198	2	1600000	0.0000012
all	199	9	1600000	0.0000056
all	200	9	1600000	0.0000056
all	201	6	1600000	0.0000037
all	202	2	1600000	0.0000012
all	205	2	1600000	0.0000012
all	206	2	1600000	0.0000012
all	207	4	1600000	0.0000025
all	208	10	1600000	0.0000062
all	209	4	1600000	0.0000025
all	210	6	1600000	0.0000037
all	211	4	1600000	0.0000025
all	212	2	1600000	0.0000012
all	214	2	1600000	0.0000012
all	215	2	1600000	0.0000012
all	216	2	1600000	0.0000012
all	218	4	1600000	0.0000025
all	220	2	1600000	0.0000012
all	231	2	1600000	0.0000012
all	232	2	1600000	0.0000012
all	234	1	1600000	0.0000006
all	243	4	1600000	0.0000025
all	245	1	1600000	0.0000006
all	247	2	1600000	0.0000012
all	248	4	1600000	0.0000025
all	249	1	1600000	0.0000006
all	250	2	1600000	0.0000012
all	253	1	1600000	0.0000006
all	256	1	1600000	0.0000006
all	257	2	1600000	0.0000012
all	258	1	1600000	0.0000006
all	260	1	1600000	0.0000006
all	261	1	1600000	0.0000006
all	263	1	1600000	0.0000006
all	264	8	1600000	0.0000050
all	265	1	1600000	0.0000006
all	266	4	1600000	0.0000025
all	267	1	1600000	0.0000006
all	268	2	1600000	0.0000012
all	269	2	1600000	0.0000012
all	271	1	1600000	0.0000006
