all	0	1342371	1600000	0.8389819
all	1	27089	1600000	0.0169306
all	2	34612	1600000	0.0216325
all	3	16337	1600000	0.0102106
all	4	15800	1600000	0.0098750
all	5	12272	1600000	0.0076700
all	6	14506	1600000	0.0090663
all	7	11427	1600000	0.0071419
all	8	10917	1600000	0.0068231
all	9	10006	1600000	0.0062538
all	10	9402	1600000	0.0058763
all	11	8176	1600000	0.0051100
all	12	6615	1600000	0.0041344
all	13	7668	1600000	0.0047925
all	14	5486	1600000	0.0034287
all	15	5469	1600000	0.0034181
all	16	4017	1600000	0.0025106
all	17	3637	1600000	0.0022731
all	18	4011	1600000	0.0025069
all	19	3176	1600000	0.0019850
all	20	3041	1600000	0.0019006
all	21	2500	1600000	0.0015625
all	22	2517	1600000	0.0015731
all	23	2436	1600000	0.0015225
all	24	2377	1600000	0.0014856
all	25	1333	1600000	0.0008331
all	26	1494	1600000	0.0009338
all	27	1599	1600000	0.0009994
all	28	2075	1600000	0.0012969
all	29	1856	1600000	0.0011600
all	30	1791	1600000	0.0011194
all	31	1332	1600000	0.0008325
all	32	1258	1600000	0.0007862
all	33	1163	1600000	0.0007269
all	34	1271	1600000	0.0007944
all	35	1090	1600000	0.0006813
all	36	796	1600000	0.0004975
all	37	870	1600000	0.0005438
all	38	778	1600000	0.0004863
all	39	732	1600000	0.0004575
all	40	500	1600000	0.0003125
all	41	873	1600000	0.0005456
all	42	722	1600000	0.0004513
all	43	710	1600000	0.0004438
all	44	578	1600000	0.0003612
all	45	682	1600000	0.0004262
all	46	820	1600000	0.0005125
all	47	613	1600000	0.0003831
all	48	613	1600000	0.0003831
all	49	522	1600000	0.0003263
all	50	544	1600000	0.0003400
all	51	315	1600000	0.0001969
all	52	432	1600000	0.0002700
all	53	437	1600000	0.0002731
all	54	472	1600000	0.0002950
all	55	314	1600000	0.0001962
all	56	265	1600000	0.0001656
all	57	290	1600000	0.0001812
all	58	123	1600000	0.0000769
all	59	195	1600000	0.0001219
all	60	109	1600000	0.0000681
all	61	83	1600000	0.0000519
all	62	90	1600000	0.0000562
all	63	75	1600000	0.0000469
all	64	273	1600000	0.0001706
all	65	177	1600000	0.0001106
all	66	124	1600000	0.0000775
all	67	130	1600000	0.0000813
all	68	56	1600000	0.0000350
all	69	21	1600000	0.0000131
all	70	81	1600000	0.0000506
all	71	108	1600000	0.0000675
all	72	67	1600000	0.0000419
all	73	34	1600000	0.0000212
all	74	19	1600000	0.0000119
all	75	25	1600000	0.0000156
all	76	111	1600000	0.0000694
all	77	98	1600000	0.0000613
all	78	121	1600000	0.0000756
all	79	72	1600000	0.0000450
all	80	41	1600000	0.0000256
all	81	32	1600000	0.0000200
all	82	72	1600000	0.0000450
all	83	64	1600000	0.0000400
all	84	54	1600000	0.0000337
all	85	36	1600000	0.0000225
all	86	85	1600000	0.0000531
all	87	103	1600000	0.0000644
all	88	26	1600000	0.0000163
all	89	48	1600000	0.0000300
all	90	39	1600000	0.0000244
all	91	95	1600000	0.0000594
all	92	62	1600000	0.0000388
all	93	32	1600000	0.0000200
all	94	2	1600000	0.0000012
all	95	34	1600000	0.0000212
all	96	58	1600000	0.0000362
all	97	31	1600000	0.0000194
all	98	49	1600000	0.0000306
all	99	62	1600000	0.0000388
all	100	69	1600000	0.0000431
all	101	60	1600000	0.0000375
all	102	27	1600000	0.0000169
all	103	24	1600000	0.0000150
all	104	45	1600000	0.0000281
all	105	58	1600000	0.0000362
all	106	28	1600000	0.0000175
all	107	6	1600000	0.0000037
all	108	54	1600000	0.0000337
all	109	21	1600000	0.0000131
all	110	16	1600000	0.0000100
all	111	66	1600000	0.0000413
all	112	3	1600000	0.0000019
all	113	25	1600000	0.0000156
all	114	14	1600000	0.0000088
all	115	11	1600000	0.0000069
all	116	65	1600000	0.0000406
all	117	26	1600000	0.0000163
all	118	40	1600000	0.0000250
all	119	41	1600000	0.0000256
all	120	49	1600000	0.0000306
all	121	28	1600000	0.0000175
all	122	19	1600000	0.0000119
all	123	15	1600000	0.0000094
all	124	12	1600000	0.0000075
all	125	15	1600000	0.0000094
all	126	4	1600000	0.0000025
all	127	22	1600000	0.0000138
all	128	25	1600000	0.0000156
all	129	47	1600000	0.0000294
all	130	16	1600000	0.0000100
all	131	17	1600000	0.0000106
all	132	17	1600000	0.0000106
all	133	10	1600000	0.0000062
all	134	6	1600000	0.0000037
all	135	9	1600000	0.0000056
all	136	3	1600000	0.0000019
all	137	4	1600000	0.0000025
all	139	10	1600000	0.0000062
all	140	119	1600000	0.0000744
all	141	26	1600000	0.0000163
all	142	16	1600000	0.0000100
all	143	17	1600000	0.0000106
all	144	9	1600000	0.0000056
all	145	24	1600000	0.0000150
all	146	14	1600000	0.0000088
all	147	53	1600000	0.0000331
all	150	4	1600000	0.0000025
all	152	2	1600000	0.0000012
all	154	15	1600000	0.0000094
all	156	6	1600000	0.0000037
all	157	16	1600000	0.0000100
all	158	10	1600000	0.0000062
all	159	1	1600000	0.0000006
all	160	4	1600000	0.0000025
all	161	2	1600000	0.0000012
all	162	12	1600000	0.0000075
all	163	6	1600000	0.0000037
all	164	2	1600000	0.0000012
all	165	2	1600000	0.0000012
all	170	4	1600000	0.0000025
all	171	14	1600000	0.0000088
all	181	1	1600000	0.0000006
all	185	5	1600000	0.0000031
all	188	2	1600000	0.0000012
all	189	3	1600000	0.0000019
all	190	4	1600000	0.0000025
all	192	4	1600000	0.0000025
all	196	8	1600000	0.0000050
all	197	2	1600000	0.0000012
all	198	6	1600000	0.0000037
all	207	2	1600000	0.0000012
all	208	2	1600000	0.0000012
all	210	5	1600000	0.0000031
all	211	4	1600000	0.0000025
all	212	2	1600000	0.0000012
all	213	8	1600000	0.0000050
all	214	4	1600000	0.0000025
all	215	3	1600000	0.0000019
all	216	2	1600000	0.0000012
all	217	16	1600000	0.0000100
all	218	9	1600000	0.0000056
all	219	1	1600000	0.0000006
all	221	3	1600000	0.0000019
all	222	8	1600000	0.0000050
all	225	2	1600000	0.0000012
all	227	5	1600000	0.0000031
all	228	5	1600000	0.0000031
all	229	7	1600000	0.0000044
all	230	7	1600000	0.0000044
all	231	2	1600000	0.0000012
all	233	14	1600000	0.0000088
all	234	2	1600000	0.0000012
all	236	9	1600000	0.0000056
all	238	6	1600000	0.0000037
all	243	1	1600000	0.0000006
all	250	1	1600000	0.0000006
all	252	1	1600000	0.0000006
all	253	1	1600000	0.0000006
all	254	2	1600000	0.0000012
all	255	1	1600000	0.0000006
all	268	4	1600000	0.0000025
all	276	2	1600000	0.0000012
all	280	1	1600000	0.0000006
all	281	1	1600000	0.0000006
all	282	1	1600000	0.0000006
all	285	1	1600000	0.0000006
all	287	2	1600000	0.0000012
all	288	1	1600000	0.0000006
all	289	1	1600000	0.0000006
all	290	2	1600000	0.0000012
all	294	1	1600000	0.0000006
all	296	2	1600000	0.0000012
all	297	3	1600000	0.0000019
all	298	3	1600000	0.0000019
all	299	3	1600000	0.0000019
all	301	2	1600000	0.0000012
all	302	4	1600000	0.0000025
all	303	4	1600000	0.0000025
all	304	2	1600000	0.0000012
all	307	1	1600000	0.0000006
all	308	1	1600000	0.0000006
all	310	2	1600000	0.0000012
all	312	1	1600000	0.0000006
all	313	5	1600000	0.0000031
all	314	1	1600000	0.0000006
all	316	2	1600000	0.0000012
all	317	14	1600000	0.0000088
all	318	16	1600000	0.0000100
all	319	2	1600000	0.0000012
all	320	5	1600000	0.0000031
all	321	25	1600000	0.0000156
all	323	13	1600000	0.0000081
all	324	23	1600000	0.0000144
all	325	2	1600000	0.0000012
all	326	2	1600000	0.0000012
all	327	2	1600000	0.0000012
all	328	9	1600000	0.0000056
all	329	2	1600000	0.0000012
all	330	2	1600000	0.0000012
all	331	2	1600000	0.0000012
all	332	1	1600000	0.0000006
all	335	2	1600000	0.0000012
all	337	4	1600000	0.0000025
all	338	4	1600000	0.0000025
all	339	6	1600000	0.0000037
all	340	2	1600000	0.0000012
all	341	8	1600000	0.0000050
all	342	4	1600000	0.0000025
