all	0	7697	1220025	0.0063089
all	1	1400	1220025	0.0011475
all	2	1339	1220025	0.0010975
all	3	1485	1220025	0.0012172
all	4	2060	1220025	0.0016885
all	5	2214	1220025	0.0018147
all	6	2691	1220025	0.0022057
all	7	2851	1220025	0.0023368
all	8	2307	1220025	0.0018909
all	9	2530	1220025	0.0020737
all	10	4005	1220025	0.0032827
all	11	3572	1220025	0.0029278
all	12	4106	1220025	0.0033655
all	13	4222	1220025	0.0034606
all	14	4456	1220025	0.0036524
all	15	4773	1220025	0.0039122
all	16	5796	1220025	0.0047507
all	17	6556	1220025	0.0053737
all	18	6386	1220025	0.0052343
all	19	6694	1220025	0.0054868
all	20	6798	1220025	0.0055720
all	21	6578	1220025	0.0053917
all	22	8195	1220025	0.0067171
all	23	8059	1220025	0.0066056
all	24	8360	1220025	0.0068523
all	25	8938	1220025	0.0073261
all	26	9202	1220025	0.0075425
all	27	10186	1220025	0.0083490
all	28	10105	1220025	0.0082826
all	29	10219	1220025	0.0083761
all	30	11200	1220025	0.0091801
all	31	11011	1220025	0.0090252
all	32	11680	1220025	0.0095736
all	33	11649	1220025	0.0095482
all	34	11771	1220025	0.0096482
all	35	12606	1220025	0.0103326
all	36	13507	1220025	0.0110711
all	37	13097	1220025	0.0107350
all	38	12897	1220025	0.0105711
all	39	13704	1220025	0.0112326
all	40	12181	1220025	0.0099842
all	41	13432	1220025	0.0110096
all	42	13989	1220025	0.0114662
all	43	14066	1220025	0.0115293
all	44	14467	1220025	0.0118580
all	45	14693	1220025	0.0120432
all	46	13988	1220025	0.0114653
all	47	14183	1220025	0.0116252
all	48	14063	1220025	0.0115268
all	49	14750	1220025	0.0120899
all	50	14001	1220025	0.0114760
all	51	14159	1220025	0.0116055
all	52	14069	1220025	0.0115317
all	53	14227	1220025	0.0116612
all	54	13903	1220025	0.0113957
all	55	14015	1220025	0.0114875
all	56	13790	1220025	0.0113030
all	57	13595	1220025	0.0111432
all	58	13401	1220025	0.0109842
all	59	13427	1220025	0.0110055
all	60	13287	1220025	0.0108908
all	61	13493	1220025	0.0110596
all	62	12881	1220025	0.0105580
all	63	13212	1220025	0.0108293
all	64	12661	1220025	0.0103777
all	65	12032	1220025	0.0098621
all	66	12460	1220025	0.0102129
all	67	12759	1220025	0.0104580
all	68	12736	1220025	0.0104391
all	69	11801	1220025	0.0096728
all	70	12038	1220025	0.0098670
all	71	11387	1220025	0.0093334
all	72	11744	1220025	0.0096260
all	73	11122	1220025	0.0091162
all	74	10844	1220025	0.0088883
all	75	10266	1220025	0.0084146
all	76	9984	1220025	0.0081834
all	77	10255	1220025	0.0084056
all	78	10288	1220025	0.0084326
all	79	9948	1220025	0.0081539
all	80	9816	1220025	0.0080457
all	81	8838	1220025	0.0072441
all	82	9015	1220025	0.0073892
all	83	8669	1220025	0.0071056
all	84	8694	1220025	0.0071261
all	85	8313	1220025	0.0068138
all	86	8589	1220025	0.0070400
all	87	8071	1220025	0.0066154
all	88	8470	1220025	0.0069425
all	89	8331	1220025	0.0068285
all	90	7783	1220025	0.0063794
all	91	7545	1220025	0.0061843
all	92	7542	1220025	0.0061818
all	93	7062	1220025	0.0057884
all	94	7153	1220025	0.0058630
all	95	6951	1220025	0.0056974
all	96	6497	1220025	0.0053253
all	97	6347	1220025	0.0052024
all	98	6059	1220025	0.0049663
all	99	6004	1220025	0.0049212
all	100	5969	1220025	0.0048925
all	101	5845	1220025	0.0047909
all	102	5554	1220025	0.0045524
all	103	5790	1220025	0.0047458
all	104	5238	1220025	0.0042934
all	105	5210	1220025	0.0042704
all	106	4875	1220025	0.0039958
all	107	4935	1220025	0.0040450
all	108	4830	1220025	0.0039589
all	109	4777	1220025	0.0039155
all	110	4413	1220025	0.0036171
all	111	4741	1220025	0.0038860
all	112	4562	1220025	0.0037393
all	113	4447	1220025	0.0036450
all	114	4208	1220025	0.0034491
all	115	4237	1220025	0.0034729
all	116	4171	1220025	0.0034188
all	117	4029	1220025	0.0033024
all	118	3829	1220025	0.0031385
all	119	3651	1220025	0.0029926
all	120	3524	1220025	0.0028885
all	121	3295	1220025	0.0027008
all	122	3210	1220025	0.0026311
all	123	3148	1220025	0.0025803
all	124	3288	1220025	0.0026950
all	125	3409	1220025	0.0027942
all	126	3123	1220025	0.0025598
all	127	3022	1220025	0.0024770
all	128	2977	1220025	0.0024401
all	129	3014	1220025	0.0024704
all	130	2729	1220025	0.0022368
all	131	2719	1220025	0.0022286
all	132	2598	1220025	0.0021295
all	133	2642	1220025	0.0021655
all	134	2753	1220025	0.0022565
all	135	2631	1220025	0.0021565
all	136	2561	1220025	0.0020991
all	137	2262	1220025	0.0018541
all	138	2471	1220025	0.0020254
all	139	2210	1220025	0.0018114
all	140	2144	1220025	0.0017573
all	141	2242	1220025	0.0018377
all	142	2041	1220025	0.0016729
all	143	1890	1220025	0.0015491
all	144	1829	1220025	0.0014991
all	145	1891	1220025	0.0015500
all	146	1941	1220025	0.0015910
all	147	1746	1220025	0.0014311
all	148	1672	1220025	0.0013705
all	149	1705	1220025	0.0013975
all	150	1475	1220025	0.0012090
all	151	1589	1220025	0.0013024
all	152	1668	1220025	0.0013672
all	153	1675	1220025	0.0013729
all	154	1512	1220025	0.0012393
all	155	1352	1220025	0.0011082
all	156	1339	1220025	0.0010975
all	157	1559	1220025	0.0012778
all	158	1413	1220025	0.0011582
all	159	1300	1220025	0.0010656
all	160	1352	1220025	0.0011082
all	161	1267	1220025	0.0010385
all	162	1202	1220025	0.0009852
all	163	1149	1220025	0.0009418
all	164	1364	1220025	0.0011180
all	165	1132	1220025	0.0009278
all	166	1024	1220025	0.0008393
all	167	1121	1220025	0.0009188
all	168	1198	1220025	0.0009819
all	169	1096	1220025	0.0008983
all	170	1106	1220025	0.0009065
all	171	1068	1220025	0.0008754
all	172	1081	1220025	0.0008860
all	173	1087	1220025	0.0008910
all	174	1016	1220025	0.0008328
all	175	1003	1220025	0.0008221
all	176	919	1220025	0.0007533
all	177	871	1220025	0.0007139
all	178	963	1220025	0.0007893
all	179	945	1220025	0.0007746
all	180	956	1220025	0.0007836
all	181	770	1220025	0.0006311
all	182	935	1220025	0.0007664
all	183	893	1220025	0.0007320
all	184	920	1220025	0.0007541
all	185	820	1220025	0.0006721
all	186	845	1220025	0.0006926
all	187	683	1220025	0.0005598
all	188	740	1220025	0.0006065
all	189	672	1220025	0.0005508
all	190	644	1220025	0.0005279
all	191	689	1220025	0.0005647
all	192	779	1220025	0.0006385
all	193	706	1220025	0.0005787
all	194	628	1220025	0.0005147
all	195	661	1220025	0.0005418
all	196	666	1220025	0.0005459
all	197	614	1220025	0.0005033
all	198	686	1220025	0.0005623
all	199	620	1220025	0.0005082
all	200	665	1220025	0.0005451
all	201	610	1220025	0.0005000
all	202	583	1220025	0.0004779
all	203	562	1220025	0.0004606
all	204	532	1220025	0.0004361
all	205	548	1220025	0.0004492
all	206	591	1220025	0.0004844
all	207	556	1220025	0.0004557
all	208	589	1220025	0.0004828
all	209	534	1220025	0.0004377
all	210	496	1220025	0.0004065
all	211	539	1220025	0.0004418
all	212	471	1220025	0.0003861
all	213	495	1220025	0.0004057
all	214	427	1220025	0.0003500
all	215	514	1220025	0.0004213
all	216	396	1220025	0.0003246
all	217	447	1220025	0.0003664
all	218	417	1220025	0.0003418
all	219	386	1220025	0.0003164
all	220	381	1220025	0.0003123
all	221	420	1220025	0.0003443
all	222	400	1220025	0.0003279
all	223	374	1220025	0.0003066
all	224	372	1220025	0.0003049
all	225	359	1220025	0.0002943
all	226	361	1220025	0.0002959
all	227	326	1220025	0.0002672
all	228	370	1220025	0.0003033
all	229	381	1220025	0.0003123
all	230	386	1220025	0.0003164
all	231	312	1220025	0.0002557
all	232	308	1220025	0.0002525
all	233	343	1220025	0.0002811
all	234	292	1220025	0.0002393
all	235	335	1220025	0.0002746
all	236	334	1220025	0.0002738
all	237	269	1220025	0.0002205
all	238	283	1220025	0.0002320
all	239	308	1220025	0.0002525
all	240	334	1220025	0.0002738
all	241	249	1220025	0.0002041
all	242	303	1220025	0.0002484
all	243	229	1220025	0.0001877
all	244	270	1220025	0.0002213
all	245	286	1220025	0.0002344
all	246	263	1220025	0.0002156
all	247	278	1220025	0.0002279
all	248	246	1220025	0.0002016
all	249	192	1220025	0.0001574
all	250	292	1220025	0.0002393
all	251	226	1220025	0.0001852
all	252	240	1220025	0.0001967
all	253	246	1220025	0.0002016
all	254	233	1220025	0.0001910
all	255	254	1220025	0.0002082
all	256	269	1220025	0.0002205
all	257	267	1220025	0.0002188
all	258	245	1220025	0.0002008
all	259	253	1220025	0.0002074
all	260	224	1220025	0.0001836
all	261	254	1220025	0.0002082
all	262	259	1220025	0.0002123
all	263	303	1220025	0.0002484
all	264	199	1220025	0.0001631
all	265	208	1220025	0.0001705
all	266	200	1220025	0.0001639
all	267	221	1220025	0.0001811
all	268	186	1220025	0.0001525
all	269	234	1220025	0.0001918
all	270	208	1220025	0.0001705
all	271	206	1220025	0.0001688
all	272	176	1220025	0.0001443
all	273	204	1220025	0.0001672
all	274	204	1220025	0.0001672
all	275	171	1220025	0.0001402
all	276	217	1220025	0.0001779
all	277	203	1220025	0.0001664
all	278	184	1220025	0.0001508
all	279	169	1220025	0.0001385
all	280	177	1220025	0.0001451
all	281	155	1220025	0.0001270
all	282	206	1220025	0.0001688
all	283	138	1220025	0.0001131
all	284	172	1220025	0.0001410
all	285	168	1220025	0.0001377
all	286	150	1220025	0.0001229
all	287	140	1220025	0.0001148
all	288	129	1220025	0.0001057
all	289	140	1220025	0.0001148
all	290	159	1220025	0.0001303
all	291	169	1220025	0.0001385
all	292	160	1220025	0.0001311
all	293	118	1220025	0.0000967
all	294	137	1220025	0.0001123
all	295	128	1220025	0.0001049
all	296	131	1220025	0.0001074
all	297	170	1220025	0.0001393
all	298	151	1220025	0.0001238
all	299	161	1220025	0.0001320
all	300	131	1220025	0.0001074
all	301	201	1220025	0.0001648
all	302	107	1220025	0.0000877
all	303	126	1220025	0.0001033
all	304	126	1220025	0.0001033
all	305	106	1220025	0.0000869
all	306	149	1220025	0.0001221
all	307	116	1220025	0.0000951
all	308	138	1220025	0.0001131
all	309	145	1220025	0.0001189
all	310	140	1220025	0.0001148
all	311	88	1220025	0.0000721
all	312	133	1220025	0.0001090
all	313	112	1220025	0.0000918
all	314	127	1220025	0.0001041
all	315	137	1220025	0.0001123
all	316	145	1220025	0.0001189
all	317	108	1220025	0.0000885
all	318	77	1220025	0.0000631
all	319	101	1220025	0.0000828
all	320	127	1220025	0.0001041
all	321	107	1220025	0.0000877
all	322	108	1220025	0.0000885
all	323	128	1220025	0.0001049
all	324	60	1220025	0.0000492
all	325	61	1220025	0.0000500
all	326	72	1220025	0.0000590
all	327	85	1220025	0.0000697
all	328	76	1220025	0.0000623
all	329	99	1220025	0.0000811
all	330	94	1220025	0.0000770
all	331	84	1220025	0.0000689
all	332	66	1220025	0.0000541
all	333	78	1220025	0.0000639
all	334	77	1220025	0.0000631
all	335	57	1220025	0.0000467
all	336	59	1220025	0.0000484
all	337	72	1220025	0.0000590
all	338	64	1220025	0.0000525
all	339	49	1220025	0.0000402
all	340	96	1220025	0.0000787
all	341	70	1220025	0.0000574
all	342	86	1220025	0.0000705
all	343	64	1220025	0.0000525
all	344	72	1220025	0.0000590
all	345	84	1220025	0.0000689
all	346	51	1220025	0.0000418
all	347	47	1220025	0.0000385
all	348	75	1220025	0.0000615
all	349	67	1220025	0.0000549
all	350	74	1220025	0.0000607
all	351	63	1220025	0.0000516
all	352	45	1220025	0.0000369
all	353	40	1220025	0.0000328
all	354	82	1220025	0.0000672
all	355	54	1220025	0.0000443
all	356	116	1220025	0.0000951
all	357	57	1220025	0.0000467
all	358	51	1220025	0.0000418
all	359	40	1220025	0.0000328
all	360	41	1220025	0.0000336
all	361	62	1220025	0.0000508
all	362	51	1220025	0.0000418
all	363	36	1220025	0.0000295
all	364	57	1220025	0.0000467
all	365	73	1220025	0.0000598
all	366	55	1220025	0.0000451
all	367	43	1220025	0.0000352
all	368	61	1220025	0.0000500
all	369	42	1220025	0.0000344
all	370	54	1220025	0.0000443
all	371	46	1220025	0.0000377
all	372	40	1220025	0.0000328
all	373	42	1220025	0.0000344
all	374	41	1220025	0.0000336
all	375	34	1220025	0.0000279
all	376	41	1220025	0.0000336
all	377	52	1220025	0.0000426
all	378	46	1220025	0.0000377
all	379	30	1220025	0.0000246
all	380	66	1220025	0.0000541
all	381	38	1220025	0.0000311
all	382	33	1220025	0.0000270
all	383	49	1220025	0.0000402
all	384	28	1220025	0.0000230
all	385	21	1220025	0.0000172
all	386	34	1220025	0.0000279
all	387	51	1220025	0.0000418
all	388	25	1220025	0.0000205
all	389	35	1220025	0.0000287
all	390	32	1220025	0.0000262
all	391	43	1220025	0.0000352
all	392	33	1220025	0.0000270
all	393	42	1220025	0.0000344
all	394	44	1220025	0.0000361
all	395	41	1220025	0.0000336
all	396	34	1220025	0.0000279
all	397	30	1220025	0.0000246
all	398	23	1220025	0.0000189
all	399	28	1220025	0.0000230
all	400	22	1220025	0.0000180
all	401	20	1220025	0.0000164
all	402	25	1220025	0.0000205
all	403	28	1220025	0.0000230
all	404	22	1220025	0.0000180
all	405	29	1220025	0.0000238
all	406	46	1220025	0.0000377
all	407	41	1220025	0.0000336
all	408	41	1220025	0.0000336
all	409	25	1220025	0.0000205
all	410	27	1220025	0.0000221
all	411	24	1220025	0.0000197
all	412	26	1220025	0.0000213
all	413	29	1220025	0.0000238
all	414	37	1220025	0.0000303
all	415	25	1220025	0.0000205
all	416	14	1220025	0.0000115
all	417	35	1220025	0.0000287
all	418	25	1220025	0.0000205
all	419	18	1220025	0.0000148
all	420	31	1220025	0.0000254
all	421	37	1220025	0.0000303
all	422	14	1220025	0.0000115
all	423	19	1220025	0.0000156
all	424	53	1220025	0.0000434
all	425	33	1220025	0.0000270
all	426	57	1220025	0.0000467
all	427	48	1220025	0.0000393
all	428	20	1220025	0.0000164
all	429	25	1220025	0.0000205
all	430	32	1220025	0.0000262
all	431	27	1220025	0.0000221
all	432	41	1220025	0.0000336
all	433	26	1220025	0.0000213
all	434	18	1220025	0.0000148
all	435	26	1220025	0.0000213
all	436	25	1220025	0.0000205
all	437	34	1220025	0.0000279
all	438	13	1220025	0.0000107
all	439	20	1220025	0.0000164
all	440	25	1220025	0.0000205
all	441	14	1220025	0.0000115
all	442	18	1220025	0.0000148
all	443	21	1220025	0.0000172
all	444	21	1220025	0.0000172
all	445	29	1220025	0.0000238
all	446	25	1220025	0.0000205
all	447	30	1220025	0.0000246
all	448	20	1220025	0.0000164
all	449	35	1220025	0.0000287
all	450	48	1220025	0.0000393
all	451	54	1220025	0.0000443
all	452	31	1220025	0.0000254
all	453	23	1220025	0.0000189
all	454	42	1220025	0.0000344
all	455	10	1220025	0.0000082
all	456	30	1220025	0.0000246
all	457	24	1220025	0.0000197
all	458	24	1220025	0.0000197
all	459	22	1220025	0.0000180
all	460	23	1220025	0.0000189
all	461	28	1220025	0.0000230
all	462	11	1220025	0.0000090
all	463	5	1220025	0.0000041
all	464	6	1220025	0.0000049
all	465	9	1220025	0.0000074
all	466	21	1220025	0.0000172
all	467	10	1220025	0.0000082
all	468	6	1220025	0.0000049
all	469	31	1220025	0.0000254
all	470	16	1220025	0.0000131
all	471	21	1220025	0.0000172
all	472	22	1220025	0.0000180
all	473	19	1220025	0.0000156
all	474	17	1220025	0.0000139
all	475	17	1220025	0.0000139
all	476	21	1220025	0.0000172
all	477	27	1220025	0.0000221
all	478	7	1220025	0.0000057
all	479	29	1220025	0.0000238
all	480	10	1220025	0.0000082
all	481	26	1220025	0.0000213
all	482	8	1220025	0.0000066
all	483	4	1220025	0.0000033
all	484	5	1220025	0.0000041
all	485	21	1220025	0.0000172
all	486	15	1220025	0.0000123
all	487	7	1220025	0.0000057
all	488	31	1220025	0.0000254
all	489	23	1220025	0.0000189
all	490	9	1220025	0.0000074
all	491	13	1220025	0.0000107
all	492	29	1220025	0.0000238
all	493	17	1220025	0.0000139
all	494	14	1220025	0.0000115
all	495	15	1220025	0.0000123
all	496	11	1220025	0.0000090
all	497	15	1220025	0.0000123
all	498	16	1220025	0.0000131
all	499	4	1220025	0.0000033
all	500	8	1220025	0.0000066
all	502	8	1220025	0.0000066
all	503	6	1220025	0.0000049
all	504	11	1220025	0.0000090
all	505	5	1220025	0.0000041
all	506	4	1220025	0.0000033
all	507	6	1220025	0.0000049
all	508	9	1220025	0.0000074
all	509	14	1220025	0.0000115
all	510	7	1220025	0.0000057
all	511	6	1220025	0.0000049
all	512	3	1220025	0.0000025
all	513	5	1220025	0.0000041
all	514	6	1220025	0.0000049
all	515	7	1220025	0.0000057
all	516	4	1220025	0.0000033
all	517	8	1220025	0.0000066
all	518	4	1220025	0.0000033
all	519	2	1220025	0.0000016
all	520	9	1220025	0.0000074
all	521	9	1220025	0.0000074
all	522	3	1220025	0.0000025
all	523	1	1220025	0.0000008
all	524	5	1220025	0.0000041
all	525	2	1220025	0.0000016
all	526	2	1220025	0.0000016
all	527	4	1220025	0.0000033
all	528	13	1220025	0.0000107
all	529	5	1220025	0.0000041
all	530	8	1220025	0.0000066
all	531	5	1220025	0.0000041
all	532	5	1220025	0.0000041
all	533	9	1220025	0.0000074
all	534	5	1220025	0.0000041
all	536	4	1220025	0.0000033
all	537	6	1220025	0.0000049
all	538	5	1220025	0.0000041
all	539	4	1220025	0.0000033
all	540	6	1220025	0.0000049
all	541	7	1220025	0.0000057
all	542	2	1220025	0.0000016
all	544	1	1220025	0.0000008
all	545	3	1220025	0.0000025
all	546	22	1220025	0.0000180
all	547	8	1220025	0.0000066
all	548	8	1220025	0.0000066
all	549	6	1220025	0.0000049
all	550	1	1220025	0.0000008
all	551	1	1220025	0.0000008
all	556	2	1220025	0.0000016
all	557	17	1220025	0.0000139
all	558	5	1220025	0.0000041
all	559	5	1220025	0.0000041
all	560	5	1220025	0.0000041
all	562	3	1220025	0.0000025
all	563	10	1220025	0.0000082
all	564	5	1220025	0.0000041
all	565	1	1220025	0.0000008
all	566	3	1220025	0.0000025
all	567	1	1220025	0.0000008
all	568	3	1220025	0.0000025
all	569	7	1220025	0.0000057
all	570	5	1220025	0.0000041
all	571	2	1220025	0.0000016
all	572	6	1220025	0.0000049
all	573	6	1220025	0.0000049
all	574	6	1220025	0.0000049
all	575	5	1220025	0.0000041
all	576	3	1220025	0.0000025
all	577	5	1220025	0.0000041
all	578	2	1220025	0.0000016
all	580	1	1220025	0.0000008
all	581	8	1220025	0.0000066
all	582	1	1220025	0.0000008
all	583	2	1220025	0.0000016
all	584	3	1220025	0.0000025
all	585	4	1220025	0.0000033
all	586	3	1220025	0.0000025
all	587	1	1220025	0.0000008
all	588	4	1220025	0.0000033
all	589	2	1220025	0.0000016
all	590	4	1220025	0.0000033
all	591	4	1220025	0.0000033
all	592	5	1220025	0.0000041
all	593	2	1220025	0.0000016
all	594	3	1220025	0.0000025
all	595	1	1220025	0.0000008
all	596	1	1220025	0.0000008
all	597	3	1220025	0.0000025
all	598	1	1220025	0.0000008
all	600	1	1220025	0.0000008
all	601	1	1220025	0.0000008
all	603	3	1220025	0.0000025
all	606	1	1220025	0.0000008
all	607	1	1220025	0.0000008
all	608	5	1220025	0.0000041
all	614	2	1220025	0.0000016
all	616	2	1220025	0.0000016
all	619	1	1220025	0.0000008
all	624	4	1220025	0.0000033
all	625	1	1220025	0.0000008
all	626	1	1220025	0.0000008
all	627	6	1220025	0.0000049
all	629	1	1220025	0.0000008
all	652	3	1220025	0.0000025
all	654	2	1220025	0.0000016
all	657	1	1220025	0.0000008
all	660	1	1220025	0.0000008
all	661	3	1220025	0.0000025
all	663	2	1220025	0.0000016
all	667	1	1220025	0.0000008
all	673	1	1220025	0.0000008
all	674	1	1220025	0.0000008
all	677	4	1220025	0.0000033
all	683	1	1220025	0.0000008
all	684	1	1220025	0.0000008
all	687	3	1220025	0.0000025
all	690	6	1220025	0.0000049
all	691	2	1220025	0.0000016
all	694	1	1220025	0.0000008
all	695	6	1220025	0.0000049
all	696	1	1220025	0.0000008
all	697	4	1220025	0.0000033
all	698	1	1220025	0.0000008
all	699	1	1220025	0.0000008
all	700	6	1220025	0.0000049
all	701	3	1220025	0.0000025
all	703	5	1220025	0.0000041
all	705	1	1220025	0.0000008
all	708	1	1220025	0.0000008
all	709	1	1220025	0.0000008
all	710	3	1220025	0.0000025
all	711	3	1220025	0.0000025
all	712	2	1220025	0.0000016
all	714	3	1220025	0.0000025
all	715	1	1220025	0.0000008
all	717	1	1220025	0.0000008
all	718	3	1220025	0.0000025
all	719	5	1220025	0.0000041
all	720	2	1220025	0.0000016
all	723	2	1220025	0.0000016
all	728	1	1220025	0.0000008
all	729	1	1220025	0.0000008
all	734	1	1220025	0.0000008
all	735	1	1220025	0.0000008
all	737	4	1220025	0.0000033
all	738	1	1220025	0.0000008
all	740	5	1220025	0.0000041
all	741	5	1220025	0.0000041
all	742	6	1220025	0.0000049
all	743	2	1220025	0.0000016
all	745	3	1220025	0.0000025
all	746	5	1220025	0.0000041
all	747	4	1220025	0.0000033
all	748	6	1220025	0.0000049
all	749	4	1220025	0.0000033
all	750	2	1220025	0.0000016
all	751	4	1220025	0.0000033
all	752	2	1220025	0.0000016
all	753	1	1220025	0.0000008
all	754	1	1220025	0.0000008
all	755	2	1220025	0.0000016
all	763	1	1220025	0.0000008
all	765	7	1220025	0.0000057
all	766	1	1220025	0.0000008
all	768	2	1220025	0.0000016
all	769	8	1220025	0.0000066
all	771	5	1220025	0.0000041
all	774	1	1220025	0.0000008
all	782	1	1220025	0.0000008
all	784	1	1220025	0.0000008
all	785	1	1220025	0.0000008
all	786	7	1220025	0.0000057
all	787	1	1220025	0.0000008
all	788	1	1220025	0.0000008
all	789	2	1220025	0.0000016
all	790	4	1220025	0.0000033
all	791	5	1220025	0.0000041
all	793	7	1220025	0.0000057
all	795	2	1220025	0.0000016
all	800	1	1220025	0.0000008
all	805	2	1220025	0.0000016
all	807	2	1220025	0.0000016
all	808	3	1220025	0.0000025
all	809	1	1220025	0.0000008
all	812	1	1220025	0.0000008
all	819	1	1220025	0.0000008
all	821	4	1220025	0.0000033
all	822	3	1220025	0.0000025
all	823	4	1220025	0.0000033
all	825	6	1220025	0.0000049
all	826	2	1220025	0.0000016
all	828	3	1220025	0.0000025
all	837	1	1220025	0.0000008
all	838	1	1220025	0.0000008
all	839	1	1220025	0.0000008
all	840	1	1220025	0.0000008
all	841	1	1220025	0.0000008
all	845	1	1220025	0.0000008
all	849	1	1220025	0.0000008
all	856	1	1220025	0.0000008
all	862	1	1220025	0.0000008
all	864	2	1220025	0.0000016
all	866	2	1220025	0.0000016
all	869	1	1220025	0.0000008
all	876	2	1220025	0.0000016
all	922	1	1220025	0.0000008
all	924	1	1220025	0.0000008
all	926	2	1220025	0.0000016
all	928	1	1220025	0.0000008
all	935	1	1220025	0.0000008
all	937	2	1220025	0.0000016
all	938	1	1220025	0.0000008
all	943	1	1220025	0.0000008
all	945	1	1220025	0.0000008
all	962	1	1220025	0.0000008
all	981	2	1220025	0.0000016
all	986	1	1220025	0.0000008
all	988	1	1220025	0.0000008
all	995	6	1220025	0.0000049
all	997	1	1220025	0.0000008
all	1009	1	1220025	0.0000008
all	1045	3	1220025	0.0000025
all	1064	1	1220025	0.0000008
all	1065	1	1220025	0.0000008
all	1066	3	1220025	0.0000025
all	1067	1	1220025	0.0000008
all	1072	2	1220025	0.0000016
all	1073	3	1220025	0.0000025
all	1074	1	1220025	0.0000008
all	1075	1	1220025	0.0000008
all	1076	2	1220025	0.0000016
all	1082	1	1220025	0.0000008
