all	0	6107	1220025	0.0050056
all	1	1888	1220025	0.0015475
all	2	2518	1220025	0.0020639
all	3	1712	1220025	0.0014032
all	4	2468	1220025	0.0020229
all	5	2462	1220025	0.0020180
all	6	3021	1220025	0.0024762
all	7	3160	1220025	0.0025901
all	8	3880	1220025	0.0031803
all	9	3288	1220025	0.0026950
all	10	3549	1220025	0.0029090
all	11	4047	1220025	0.0033171
all	12	5035	1220025	0.0041270
all	13	4805	1220025	0.0039384
all	14	5200	1220025	0.0042622
all	15	5791	1220025	0.0047466
all	16	6611	1220025	0.0054187
all	17	7438	1220025	0.0060966
all	18	7864	1220025	0.0064458
all	19	7626	1220025	0.0062507
all	20	7395	1220025	0.0060614
all	21	7852	1220025	0.0064359
all	22	8264	1220025	0.0067736
all	23	8233	1220025	0.0067482
all	24	8907	1220025	0.0073007
all	25	9609	1220025	0.0078761
all	26	9804	1220025	0.0080359
all	27	10180	1220025	0.0083441
all	28	11129	1220025	0.0091219
all	29	11341	1220025	0.0092957
all	30	11440	1220025	0.0093769
all	31	12155	1220025	0.0099629
all	32	12053	1220025	0.0098793
all	33	11981	1220025	0.0098203
all	34	12590	1220025	0.0103195
all	35	12546	1220025	0.0102834
all	36	13115	1220025	0.0107498
all	37	12693	1220025	0.0104039
all	38	12554	1220025	0.0102900
all	39	12974	1220025	0.0106342
all	40	13411	1220025	0.0109924
all	41	12640	1220025	0.0103604
all	42	13426	1220025	0.0110047
all	43	13813	1220025	0.0113219
all	44	13188	1220025	0.0108096
all	45	13516	1220025	0.0110785
all	46	13498	1220025	0.0110637
all	47	13593	1220025	0.0111416
all	48	13695	1220025	0.0112252
all	49	13331	1220025	0.0109268
all	50	13767	1220025	0.0112842
all	51	13213	1220025	0.0108301
all	52	13838	1220025	0.0113424
all	53	13722	1220025	0.0112473
all	54	13816	1220025	0.0113244
all	55	13425	1220025	0.0110039
all	56	13855	1220025	0.0113563
all	57	13203	1220025	0.0108219
all	58	13154	1220025	0.0107817
all	59	13058	1220025	0.0107031
all	60	12880	1220025	0.0105572
all	61	13068	1220025	0.0107113
all	62	13105	1220025	0.0107416
all	63	12751	1220025	0.0104514
all	64	12076	1220025	0.0098982
all	65	11231	1220025	0.0092055
all	66	11905	1220025	0.0097580
all	67	11664	1220025	0.0095605
all	68	12033	1220025	0.0098629
all	69	11462	1220025	0.0093949
all	70	11507	1220025	0.0094318
all	71	10981	1220025	0.0090006
all	72	11311	1220025	0.0092711
all	73	10868	1220025	0.0089080
all	74	10477	1220025	0.0085875
all	75	10598	1220025	0.0086867
all	76	10201	1220025	0.0083613
all	77	9962	1220025	0.0081654
all	78	9956	1220025	0.0081605
all	79	9614	1220025	0.0078802
all	80	9095	1220025	0.0074548
all	81	9079	1220025	0.0074417
all	82	8456	1220025	0.0069310
all	83	8397	1220025	0.0068826
all	84	8001	1220025	0.0065581
all	85	8373	1220025	0.0068630
all	86	8103	1220025	0.0066417
all	87	7408	1220025	0.0060720
all	88	7561	1220025	0.0061974
all	89	7519	1220025	0.0061630
all	90	6746	1220025	0.0055294
all	91	6559	1220025	0.0053761
all	92	6896	1220025	0.0056523
all	93	6565	1220025	0.0053810
all	94	6456	1220025	0.0052917
all	95	6471	1220025	0.0053040
all	96	6117	1220025	0.0050138
all	97	5868	1220025	0.0048097
all	98	6093	1220025	0.0049942
all	99	5763	1220025	0.0047237
all	100	5815	1220025	0.0047663
all	101	5608	1220025	0.0045966
all	102	5617	1220025	0.0046040
all	103	5490	1220025	0.0044999
all	104	5260	1220025	0.0043114
all	105	4952	1220025	0.0040589
all	106	5068	1220025	0.0041540
all	107	4649	1220025	0.0038106
all	108	4729	1220025	0.0038762
all	109	4480	1220025	0.0036721
all	110	4646	1220025	0.0038081
all	111	4402	1220025	0.0036081
all	112	4347	1220025	0.0035630
all	113	4178	1220025	0.0034245
all	114	4142	1220025	0.0033950
all	115	4170	1220025	0.0034180
all	116	3721	1220025	0.0030499
all	117	3820	1220025	0.0031311
all	118	3627	1220025	0.0029729
all	119	3602	1220025	0.0029524
all	120	3363	1220025	0.0027565
all	121	3340	1220025	0.0027376
all	122	3398	1220025	0.0027852
all	123	3179	1220025	0.0026057
all	124	3126	1220025	0.0025622
all	125	3067	1220025	0.0025139
all	126	3069	1220025	0.0025155
all	127	3063	1220025	0.0025106
all	128	3017	1220025	0.0024729
all	129	2800	1220025	0.0022950
all	130	2824	1220025	0.0023147
all	131	2811	1220025	0.0023041
all	132	2729	1220025	0.0022368
all	133	2578	1220025	0.0021131
all	134	2600	1220025	0.0021311
all	135	2557	1220025	0.0020959
all	136	2395	1220025	0.0019631
all	137	2258	1220025	0.0018508
all	138	2563	1220025	0.0021008
all	139	2153	1220025	0.0017647
all	140	2107	1220025	0.0017270
all	141	2046	1220025	0.0016770
all	142	2083	1220025	0.0017073
all	143	2070	1220025	0.0016967
all	144	2087	1220025	0.0017106
all	145	1828	1220025	0.0014983
all	146	2014	1220025	0.0016508
all	147	1932	1220025	0.0015836
all	148	1863	1220025	0.0015270
all	149	1766	1220025	0.0014475
all	150	1831	1220025	0.0015008
all	151	1637	1220025	0.0013418
all	152	1872	1220025	0.0015344
all	153	1574	1220025	0.0012901
all	154	1521	1220025	0.0012467
all	155	1655	1220025	0.0013565
all	156	1553	1220025	0.0012729
all	157	1536	1220025	0.0012590
all	158	1496	1220025	0.0012262
all	159	1565	1220025	0.0012828
all	160	1419	1220025	0.0011631
all	161	1334	1220025	0.0010934
all	162	1449	1220025	0.0011877
all	163	1390	1220025	0.0011393
all	164	1263	1220025	0.0010352
all	165	1427	1220025	0.0011696
all	166	1362	1220025	0.0011164
all	167	1224	1220025	0.0010033
all	168	1390	1220025	0.0011393
all	169	1128	1220025	0.0009246
all	170	1056	1220025	0.0008656
all	171	1144	1220025	0.0009377
all	172	1207	1220025	0.0009893
all	173	1106	1220025	0.0009065
all	174	1057	1220025	0.0008664
all	175	1085	1220025	0.0008893
all	176	930	1220025	0.0007623
all	177	970	1220025	0.0007951
all	178	1014	1220025	0.0008311
all	179	943	1220025	0.0007729
all	180	931	1220025	0.0007631
all	181	898	1220025	0.0007361
all	182	931	1220025	0.0007631
all	183	853	1220025	0.0006992
all	184	943	1220025	0.0007729
all	185	909	1220025	0.0007451
all	186	793	1220025	0.0006500
all	187	752	1220025	0.0006164
all	188	895	1220025	0.0007336
all	189	698	1220025	0.0005721
all	190	739	1220025	0.0006057
all	191	627	1220025	0.0005139
all	192	745	1220025	0.0006106
all	193	819	1220025	0.0006713
all	194	788	1220025	0.0006459
all	195	632	1220025	0.0005180
all	196	702	1220025	0.0005754
all	197	664	1220025	0.0005443
all	198	601	1220025	0.0004926
all	199	689	1220025	0.0005647
all	200	748	1220025	0.0006131
all	201	681	1220025	0.0005582
all	202	637	1220025	0.0005221
all	203	701	1220025	0.0005746
all	204	587	1220025	0.0004811
all	205	653	1220025	0.0005352
all	206	726	1220025	0.0005951
all	207	642	1220025	0.0005262
all	208	551	1220025	0.0004516
all	209	621	1220025	0.0005090
all	210	594	1220025	0.0004869
all	211	575	1220025	0.0004713
all	212	692	1220025	0.0005672
all	213	520	1220025	0.0004262
all	214	516	1220025	0.0004229
all	215	535	1220025	0.0004385
all	216	431	1220025	0.0003533
all	217	623	1220025	0.0005106
all	218	558	1220025	0.0004574
all	219	436	1220025	0.0003574
all	220	450	1220025	0.0003688
all	221	407	1220025	0.0003336
all	222	438	1220025	0.0003590
all	223	414	1220025	0.0003393
all	224	482	1220025	0.0003951
all	225	392	1220025	0.0003213
all	226	399	1220025	0.0003270
all	227	365	1220025	0.0002992
all	228	412	1220025	0.0003377
all	229	295	1220025	0.0002418
all	230	303	1220025	0.0002484
all	231	353	1220025	0.0002893
all	232	377	1220025	0.0003090
all	233	299	1220025	0.0002451
all	234	329	1220025	0.0002697
all	235	352	1220025	0.0002885
all	236	347	1220025	0.0002844
all	237	414	1220025	0.0003393
all	238	459	1220025	0.0003762
all	239	414	1220025	0.0003393
all	240	352	1220025	0.0002885
all	241	333	1220025	0.0002729
all	242	338	1220025	0.0002770
all	243	290	1220025	0.0002377
all	244	289	1220025	0.0002369
all	245	274	1220025	0.0002246
all	246	327	1220025	0.0002680
all	247	311	1220025	0.0002549
all	248	321	1220025	0.0002631
all	249	262	1220025	0.0002147
all	250	255	1220025	0.0002090
all	251	271	1220025	0.0002221
all	252	232	1220025	0.0001902
all	253	238	1220025	0.0001951
all	254	217	1220025	0.0001779
all	255	237	1220025	0.0001943
all	256	281	1220025	0.0002303
all	257	244	1220025	0.0002000
all	258	247	1220025	0.0002025
all	259	276	1220025	0.0002262
all	260	260	1220025	0.0002131
all	261	263	1220025	0.0002156
all	262	235	1220025	0.0001926
all	263	269	1220025	0.0002205
all	264	196	1220025	0.0001607
all	265	232	1220025	0.0001902
all	266	288	1220025	0.0002361
all	267	283	1220025	0.0002320
all	268	259	1220025	0.0002123
all	269	225	1220025	0.0001844
all	270	250	1220025	0.0002049
all	271	249	1220025	0.0002041
all	272	216	1220025	0.0001770
all	273	227	1220025	0.0001861
all	274	215	1220025	0.0001762
all	275	265	1220025	0.0002172
all	276	186	1220025	0.0001525
all	277	187	1220025	0.0001533
all	278	208	1220025	0.0001705
all	279	194	1220025	0.0001590
all	280	214	1220025	0.0001754
all	281	198	1220025	0.0001623
all	282	201	1220025	0.0001648
all	283	243	1220025	0.0001992
all	284	207	1220025	0.0001697
all	285	188	1220025	0.0001541
all	286	187	1220025	0.0001533
all	287	168	1220025	0.0001377
all	288	219	1220025	0.0001795
all	289	187	1220025	0.0001533
all	290	175	1220025	0.0001434
all	291	197	1220025	0.0001615
all	292	169	1220025	0.0001385
all	293	170	1220025	0.0001393
all	294	194	1220025	0.0001590
all	295	240	1220025	0.0001967
all	296	215	1220025	0.0001762
all	297	154	1220025	0.0001262
all	298	170	1220025	0.0001393
all	299	171	1220025	0.0001402
all	300	139	1220025	0.0001139
all	301	151	1220025	0.0001238
all	302	134	1220025	0.0001098
all	303	149	1220025	0.0001221
all	304	191	1220025	0.0001566
all	305	156	1220025	0.0001279
all	306	126	1220025	0.0001033
all	307	145	1220025	0.0001189
all	308	121	1220025	0.0000992
all	309	119	1220025	0.0000975
all	310	131	1220025	0.0001074
all	311	107	1220025	0.0000877
all	312	112	1220025	0.0000918
all	313	105	1220025	0.0000861
all	314	115	1220025	0.0000943
all	315	100	1220025	0.0000820
all	316	95	1220025	0.0000779
all	317	129	1220025	0.0001057
all	318	121	1220025	0.0000992
all	319	112	1220025	0.0000918
all	320	112	1220025	0.0000918
all	321	133	1220025	0.0001090
all	322	110	1220025	0.0000902
all	323	119	1220025	0.0000975
all	324	103	1220025	0.0000844
all	325	119	1220025	0.0000975
all	326	77	1220025	0.0000631
all	327	97	1220025	0.0000795
all	328	82	1220025	0.0000672
all	329	62	1220025	0.0000508
all	330	81	1220025	0.0000664
all	331	72	1220025	0.0000590
all	332	92	1220025	0.0000754
all	333	81	1220025	0.0000664
all	334	81	1220025	0.0000664
all	335	97	1220025	0.0000795
all	336	71	1220025	0.0000582
all	337	66	1220025	0.0000541
all	338	75	1220025	0.0000615
all	339	88	1220025	0.0000721
all	340	84	1220025	0.0000689
all	341	94	1220025	0.0000770
all	342	73	1220025	0.0000598
all	343	78	1220025	0.0000639
all	344	78	1220025	0.0000639
all	345	96	1220025	0.0000787
all	346	87	1220025	0.0000713
all	347	95	1220025	0.0000779
all	348	70	1220025	0.0000574
all	349	90	1220025	0.0000738
all	350	91	1220025	0.0000746
all	351	72	1220025	0.0000590
all	352	62	1220025	0.0000508
all	353	72	1220025	0.0000590
all	354	67	1220025	0.0000549
all	355	61	1220025	0.0000500
all	356	84	1220025	0.0000689
all	357	65	1220025	0.0000533
all	358	57	1220025	0.0000467
all	359	58	1220025	0.0000475
all	360	75	1220025	0.0000615
all	361	77	1220025	0.0000631
all	362	53	1220025	0.0000434
all	363	70	1220025	0.0000574
all	364	89	1220025	0.0000729
all	365	70	1220025	0.0000574
all	366	92	1220025	0.0000754
all	367	39	1220025	0.0000320
all	368	50	1220025	0.0000410
all	369	49	1220025	0.0000402
all	370	61	1220025	0.0000500
all	371	59	1220025	0.0000484
all	372	65	1220025	0.0000533
all	373	46	1220025	0.0000377
all	374	64	1220025	0.0000525
all	375	46	1220025	0.0000377
all	376	59	1220025	0.0000484
all	377	47	1220025	0.0000385
all	378	56	1220025	0.0000459
all	379	45	1220025	0.0000369
all	380	65	1220025	0.0000533
all	381	64	1220025	0.0000525
all	382	52	1220025	0.0000426
all	383	52	1220025	0.0000426
all	384	54	1220025	0.0000443
all	385	53	1220025	0.0000434
all	386	76	1220025	0.0000623
all	387	42	1220025	0.0000344
all	388	65	1220025	0.0000533
all	389	61	1220025	0.0000500
all	390	67	1220025	0.0000549
all	391	57	1220025	0.0000467
all	392	81	1220025	0.0000664
all	393	64	1220025	0.0000525
all	394	34	1220025	0.0000279
all	395	61	1220025	0.0000500
all	396	40	1220025	0.0000328
all	397	55	1220025	0.0000451
all	398	61	1220025	0.0000500
all	399	45	1220025	0.0000369
all	400	49	1220025	0.0000402
all	401	57	1220025	0.0000467
all	402	45	1220025	0.0000369
all	403	30	1220025	0.0000246
all	404	71	1220025	0.0000582
all	405	76	1220025	0.0000623
all	406	55	1220025	0.0000451
all	407	56	1220025	0.0000459
all	408	49	1220025	0.0000402
all	409	63	1220025	0.0000516
all	410	43	1220025	0.0000352
all	411	33	1220025	0.0000270
all	412	51	1220025	0.0000418
all	413	56	1220025	0.0000459
all	414	30	1220025	0.0000246
all	415	42	1220025	0.0000344
all	416	44	1220025	0.0000361
all	417	64	1220025	0.0000525
all	418	49	1220025	0.0000402
all	419	66	1220025	0.0000541
all	420	51	1220025	0.0000418
all	421	36	1220025	0.0000295
all	422	35	1220025	0.0000287
all	423	70	1220025	0.0000574
all	424	51	1220025	0.0000418
all	425	49	1220025	0.0000402
all	426	39	1220025	0.0000320
all	427	46	1220025	0.0000377
all	428	51	1220025	0.0000418
all	429	34	1220025	0.0000279
all	430	53	1220025	0.0000434
all	431	64	1220025	0.0000525
all	432	26	1220025	0.0000213
all	433	46	1220025	0.0000377
all	434	35	1220025	0.0000287
all	435	27	1220025	0.0000221
all	436	13	1220025	0.0000107
all	437	43	1220025	0.0000352
all	438	27	1220025	0.0000221
all	439	26	1220025	0.0000213
all	440	44	1220025	0.0000361
all	441	27	1220025	0.0000221
all	442	72	1220025	0.0000590
all	443	43	1220025	0.0000352
all	444	15	1220025	0.0000123
all	445	30	1220025	0.0000246
all	446	46	1220025	0.0000377
all	447	12	1220025	0.0000098
all	448	49	1220025	0.0000402
all	449	29	1220025	0.0000238
all	450	46	1220025	0.0000377
all	451	26	1220025	0.0000213
all	452	29	1220025	0.0000238
all	453	47	1220025	0.0000385
all	454	40	1220025	0.0000328
all	455	44	1220025	0.0000361
all	456	35	1220025	0.0000287
all	457	40	1220025	0.0000328
all	458	42	1220025	0.0000344
all	459	11	1220025	0.0000090
all	460	48	1220025	0.0000393
all	461	31	1220025	0.0000254
all	462	21	1220025	0.0000172
all	463	40	1220025	0.0000328
all	464	12	1220025	0.0000098
all	465	36	1220025	0.0000295
all	466	46	1220025	0.0000377
all	467	34	1220025	0.0000279
all	468	29	1220025	0.0000238
all	469	42	1220025	0.0000344
all	470	18	1220025	0.0000148
all	471	20	1220025	0.0000164
all	472	30	1220025	0.0000246
all	473	53	1220025	0.0000434
all	474	31	1220025	0.0000254
all	475	29	1220025	0.0000238
all	476	24	1220025	0.0000197
all	477	27	1220025	0.0000221
all	478	16	1220025	0.0000131
all	479	26	1220025	0.0000213
all	480	17	1220025	0.0000139
all	481	24	1220025	0.0000197
all	482	17	1220025	0.0000139
all	483	9	1220025	0.0000074
all	484	35	1220025	0.0000287
all	485	24	1220025	0.0000197
all	486	9	1220025	0.0000074
all	487	11	1220025	0.0000090
all	488	13	1220025	0.0000107
all	489	18	1220025	0.0000148
all	490	21	1220025	0.0000172
all	491	18	1220025	0.0000148
all	492	18	1220025	0.0000148
all	493	16	1220025	0.0000131
all	494	26	1220025	0.0000213
all	495	18	1220025	0.0000148
all	496	18	1220025	0.0000148
all	497	16	1220025	0.0000131
all	498	16	1220025	0.0000131
all	499	15	1220025	0.0000123
all	500	14	1220025	0.0000115
all	501	22	1220025	0.0000180
all	502	19	1220025	0.0000156
all	503	15	1220025	0.0000123
all	504	18	1220025	0.0000148
all	505	19	1220025	0.0000156
all	506	26	1220025	0.0000213
all	507	9	1220025	0.0000074
all	508	13	1220025	0.0000107
all	509	19	1220025	0.0000156
all	510	30	1220025	0.0000246
all	511	16	1220025	0.0000131
all	512	18	1220025	0.0000148
all	513	32	1220025	0.0000262
all	514	11	1220025	0.0000090
all	515	20	1220025	0.0000164
all	516	11	1220025	0.0000090
all	517	13	1220025	0.0000107
all	518	16	1220025	0.0000131
all	519	11	1220025	0.0000090
all	520	16	1220025	0.0000131
all	521	9	1220025	0.0000074
all	522	13	1220025	0.0000107
all	523	21	1220025	0.0000172
all	524	15	1220025	0.0000123
all	525	4	1220025	0.0000033
all	526	9	1220025	0.0000074
all	527	9	1220025	0.0000074
all	528	8	1220025	0.0000066
all	529	13	1220025	0.0000107
all	530	11	1220025	0.0000090
all	531	14	1220025	0.0000115
all	532	15	1220025	0.0000123
all	533	5	1220025	0.0000041
all	534	9	1220025	0.0000074
all	535	9	1220025	0.0000074
all	536	16	1220025	0.0000131
all	537	9	1220025	0.0000074
all	538	9	1220025	0.0000074
all	539	4	1220025	0.0000033
all	540	6	1220025	0.0000049
all	541	19	1220025	0.0000156
all	542	11	1220025	0.0000090
all	543	6	1220025	0.0000049
all	544	12	1220025	0.0000098
all	545	13	1220025	0.0000107
all	546	9	1220025	0.0000074
all	547	9	1220025	0.0000074
all	548	8	1220025	0.0000066
all	549	6	1220025	0.0000049
all	550	10	1220025	0.0000082
all	551	8	1220025	0.0000066
all	552	9	1220025	0.0000074
all	553	9	1220025	0.0000074
all	554	15	1220025	0.0000123
all	555	23	1220025	0.0000189
all	556	8	1220025	0.0000066
all	557	9	1220025	0.0000074
all	558	12	1220025	0.0000098
all	559	14	1220025	0.0000115
all	560	11	1220025	0.0000090
all	561	17	1220025	0.0000139
all	562	8	1220025	0.0000066
all	563	11	1220025	0.0000090
all	564	14	1220025	0.0000115
all	565	9	1220025	0.0000074
all	566	16	1220025	0.0000131
all	567	8	1220025	0.0000066
all	568	15	1220025	0.0000123
all	569	29	1220025	0.0000238
all	570	18	1220025	0.0000148
all	571	16	1220025	0.0000131
all	572	4	1220025	0.0000033
all	573	13	1220025	0.0000107
all	574	8	1220025	0.0000066
all	575	9	1220025	0.0000074
all	576	5	1220025	0.0000041
all	577	8	1220025	0.0000066
all	578	8	1220025	0.0000066
all	579	10	1220025	0.0000082
all	580	5	1220025	0.0000041
all	581	12	1220025	0.0000098
all	582	4	1220025	0.0000033
all	583	4	1220025	0.0000033
all	584	6	1220025	0.0000049
all	585	3	1220025	0.0000025
all	586	17	1220025	0.0000139
all	587	12	1220025	0.0000098
all	588	13	1220025	0.0000107
all	589	24	1220025	0.0000197
all	590	10	1220025	0.0000082
all	591	5	1220025	0.0000041
all	592	11	1220025	0.0000090
all	593	11	1220025	0.0000090
all	594	4	1220025	0.0000033
all	595	12	1220025	0.0000098
all	596	7	1220025	0.0000057
all	597	13	1220025	0.0000107
all	598	4	1220025	0.0000033
all	599	2	1220025	0.0000016
all	600	4	1220025	0.0000033
all	601	6	1220025	0.0000049
all	602	10	1220025	0.0000082
all	603	3	1220025	0.0000025
all	604	2	1220025	0.0000016
all	605	2	1220025	0.0000016
all	606	4	1220025	0.0000033
all	607	6	1220025	0.0000049
all	608	6	1220025	0.0000049
all	609	6	1220025	0.0000049
all	610	5	1220025	0.0000041
all	611	2	1220025	0.0000016
all	612	2	1220025	0.0000016
all	613	7	1220025	0.0000057
all	614	6	1220025	0.0000049
all	615	7	1220025	0.0000057
all	616	6	1220025	0.0000049
all	617	6	1220025	0.0000049
all	618	4	1220025	0.0000033
all	619	6	1220025	0.0000049
all	620	8	1220025	0.0000066
all	621	3	1220025	0.0000025
all	622	9	1220025	0.0000074
all	623	9	1220025	0.0000074
all	624	11	1220025	0.0000090
all	625	8	1220025	0.0000066
all	626	8	1220025	0.0000066
all	627	11	1220025	0.0000090
all	628	10	1220025	0.0000082
all	629	3	1220025	0.0000025
all	630	16	1220025	0.0000131
all	631	2	1220025	0.0000016
all	632	14	1220025	0.0000115
all	633	6	1220025	0.0000049
all	634	19	1220025	0.0000156
all	635	9	1220025	0.0000074
all	636	7	1220025	0.0000057
all	637	9	1220025	0.0000074
all	638	4	1220025	0.0000033
all	639	5	1220025	0.0000041
all	640	6	1220025	0.0000049
all	641	4	1220025	0.0000033
all	642	4	1220025	0.0000033
all	643	3	1220025	0.0000025
all	644	8	1220025	0.0000066
all	645	7	1220025	0.0000057
all	646	14	1220025	0.0000115
all	647	6	1220025	0.0000049
all	648	3	1220025	0.0000025
all	649	14	1220025	0.0000115
all	650	4	1220025	0.0000033
all	651	7	1220025	0.0000057
all	652	3	1220025	0.0000025
all	653	2	1220025	0.0000016
all	654	1	1220025	0.0000008
all	655	4	1220025	0.0000033
all	656	24	1220025	0.0000197
all	657	7	1220025	0.0000057
all	658	6	1220025	0.0000049
all	659	4	1220025	0.0000033
all	660	2	1220025	0.0000016
all	661	2	1220025	0.0000016
all	662	4	1220025	0.0000033
all	663	2	1220025	0.0000016
all	664	1	1220025	0.0000008
all	665	1	1220025	0.0000008
all	666	4	1220025	0.0000033
all	667	3	1220025	0.0000025
all	668	9	1220025	0.0000074
all	669	4	1220025	0.0000033
all	670	4	1220025	0.0000033
all	671	5	1220025	0.0000041
all	672	1	1220025	0.0000008
all	673	2	1220025	0.0000016
all	674	2	1220025	0.0000016
all	675	1	1220025	0.0000008
all	676	7	1220025	0.0000057
all	677	4	1220025	0.0000033
all	681	1	1220025	0.0000008
all	682	1	1220025	0.0000008
all	683	2	1220025	0.0000016
all	684	1	1220025	0.0000008
all	686	4	1220025	0.0000033
all	687	2	1220025	0.0000016
all	688	5	1220025	0.0000041
all	689	3	1220025	0.0000025
all	691	1	1220025	0.0000008
all	692	2	1220025	0.0000016
all	693	2	1220025	0.0000016
all	694	4	1220025	0.0000033
all	695	3	1220025	0.0000025
all	696	1	1220025	0.0000008
all	698	3	1220025	0.0000025
all	699	3	1220025	0.0000025
all	701	2	1220025	0.0000016
all	702	2	1220025	0.0000016
all	703	1	1220025	0.0000008
all	706	1	1220025	0.0000008
all	711	2	1220025	0.0000016
all	712	1	1220025	0.0000008
all	713	2	1220025	0.0000016
all	716	2	1220025	0.0000016
all	717	1	1220025	0.0000008
all	718	8	1220025	0.0000066
all	719	2	1220025	0.0000016
all	722	2	1220025	0.0000016
all	723	2	1220025	0.0000016
all	724	1	1220025	0.0000008
all	725	3	1220025	0.0000025
all	726	3	1220025	0.0000025
all	727	4	1220025	0.0000033
all	728	4	1220025	0.0000033
all	729	1	1220025	0.0000008
all	733	7	1220025	0.0000057
all	734	2	1220025	0.0000016
all	737	1	1220025	0.0000008
all	738	3	1220025	0.0000025
all	739	2	1220025	0.0000016
all	740	1	1220025	0.0000008
all	743	5	1220025	0.0000041
all	744	4	1220025	0.0000033
all	745	2	1220025	0.0000016
all	747	1	1220025	0.0000008
all	748	1	1220025	0.0000008
all	749	1	1220025	0.0000008
all	750	2	1220025	0.0000016
all	751	2	1220025	0.0000016
all	752	1	1220025	0.0000008
all	753	1	1220025	0.0000008
all	754	7	1220025	0.0000057
all	755	4	1220025	0.0000033
all	756	1	1220025	0.0000008
all	757	8	1220025	0.0000066
all	758	2	1220025	0.0000016
all	759	3	1220025	0.0000025
all	760	3	1220025	0.0000025
all	761	1	1220025	0.0000008
all	764	1	1220025	0.0000008
all	765	4	1220025	0.0000033
all	767	1	1220025	0.0000008
all	768	1	1220025	0.0000008
all	771	1	1220025	0.0000008
all	773	1	1220025	0.0000008
all	774	1	1220025	0.0000008
all	775	1	1220025	0.0000008
all	777	1	1220025	0.0000008
all	778	4	1220025	0.0000033
all	780	13	1220025	0.0000107
all	781	10	1220025	0.0000082
all	783	1	1220025	0.0000008
all	784	3	1220025	0.0000025
all	785	9	1220025	0.0000074
all	786	2	1220025	0.0000016
all	791	5	1220025	0.0000041
all	795	1	1220025	0.0000008
all	797	4	1220025	0.0000033
all	801	1	1220025	0.0000008
all	804	5	1220025	0.0000041
all	806	1	1220025	0.0000008
all	807	1	1220025	0.0000008
all	808	8	1220025	0.0000066
all	809	4	1220025	0.0000033
all	810	1	1220025	0.0000008
all	811	4	1220025	0.0000033
all	812	2	1220025	0.0000016
all	813	9	1220025	0.0000074
all	814	2	1220025	0.0000016
all	815	1	1220025	0.0000008
all	818	3	1220025	0.0000025
all	819	4	1220025	0.0000033
all	823	1	1220025	0.0000008
all	825	2	1220025	0.0000016
all	826	3	1220025	0.0000025
all	828	1	1220025	0.0000008
all	832	1	1220025	0.0000008
all	833	1	1220025	0.0000008
