3.78711
4.94652
5.88225
6.35564
8.44502
8.64436
9.676
9.99579
12.2224
14.4888
14.7481
14.7491
14.7745
14.9706
15.155
15.6702
15.9333
15.9787
15.9947
16.4899
17.0842
17.1613
17.7213
18.3219
18.4979
19.9606
20.3928
20.669
21.0637
21.309
21.944
22.3054
22.5433
22.6752
23.1692
23.5323
23.8748
24.6068
24.8377
25.2611
25.8659
27.8379
28.9309
29.6311
29.7556
29.9883
30.1053
30.4119
30.6088
30.7775
31.0169
31.1053
31.2006
31.5894
32.7676
34.3072
34.654
34.6695
35.8648
37.2251
38.023
38.1172
38.6986
38.9442
39.0393
39.4342
39.8997
41.1302
42.3069
42.8906
42.9731
43.058
44.0025
45.1595
46.0917
47.2609
47.2831
47.8366
48.9038
49.87
49.9695
53.4113
56.4688
57.063
57.2165
58.5089
66.7529
