Sample	fastp_mqc-generalstats-fastp-pct_duplication	fastp_mqc-generalstats-fastp-after_filtering_q30_rate	fastp_mqc-generalstats-fastp-after_filtering_q30_bases	fastp_mqc-generalstats-fastp-after_filtering_gc_content	fastp_mqc-generalstats-fastp-pct_surviving	fastp_mqc-generalstats-fastp-pct_adapter
Sgr-AJol_001-Ex1-cssl.clmp.r1r2_fastp	12.3986	0.930628	1579567365.0	0.436215	99.07986858079279	1.2416213894956962
Sgr-AJol_002-Ex1-cssl.clmp.r1r2_fastp	10.7712	0.932112	695470269.0	0.43258	99.17523206848696	1.2941734448091857
Sgr-AJol_003-Ex1-cssl.clmp.r1r2_fastp	12.4227	0.930556	1747844897.0	0.431814	99.10473260559093	1.2770124744158866
Sgr-AJol_004-Ex1-cssl.clmp.r1r2_fastp	9.911620000000001	0.937942	1430777025.0	0.429389	99.20762938919208	1.2069603176543768
Sgr-AJol_005-Ex1-cssl.clmp.r1r2_fastp	11.0621	0.937341	837373847.0	0.422418	99.13661853434641	1.3162106679566943
Sgr-AJol_006-Ex1-cssl.clmp.r1r2_fastp	15.9819	0.921645	829409095.0	0.44851	99.01536510902388	1.205715031545726
Sgr-AJol_007-Ex1-cssl.clmp.r1r2_fastp	11.1461	0.937305	928419389.0	0.426393	99.11437213105063	1.3651206557240436
Sgr-AJol_008-Ex1-cssl.clmp.r1r2_fastp	11.3457	0.937182	599010562.0	0.426683	99.16717859767041	1.2605949642049812
Sgr-AJol_009-Ex1-cssl.clmp.r1r2_fastp	13.5933	0.930226	370361019.0	0.441403	99.10008433450689	1.2639748273879896
Sgr-AJol_010-Ex1-cssl.clmp.r1r2_fastp	13.4994	0.929531	544026474.0	0.42373	99.06831411018976	1.2958459765009855
Sgr-AJol_011-Ex1-cssl.clmp.r1r2_fastp	13.3947	0.926531	272281879.0	0.444905	99.12944298586474	1.1329856274763626
Sgr-AJol_012-Ex1-cssl.clmp.r1r2_fastp	15.376500000000002	0.923922	675557983.0	0.446746	99.10191168300618	1.1515765568878435
Sgr-AJol_013-Ex1-cssl.clmp.r1r2_fastp	8.93331	0.941108	1088957897.0	0.425054	99.25068528528512	1.1932962158846494
Sgr-AJol_014-Ex1-cssl.clmp.r1r2_fastp	10.053700000000001	0.936073	1283061765.0	0.424738	99.22379210879888	1.2111905270393581
Sgr-AJol_015-Ex1-cssl.clmp.r1r2_fastp	10.917	0.935459	877684109.0	0.41874	99.1996113694561	1.212878601442361
Sgr-AJol_016-Ex1-cssl.clmp.r1r2_fastp	10.3324	0.937829	1216044130.0	0.427197	99.23552330439205	1.1888461382300586
Sgr-AJol_017-Ex1-cssl.clmp.r1r2_fastp	12.534400000000002	0.929148	1287856871.0	0.446754	99.19214647938782	1.1310296763125605
Sgr-AJol_018-Ex1-cssl.clmp.r1r2_fastp	15.3354	0.924419	934889830.0	0.447839	99.03814821548444	1.2409270810024613
Sgr-AJol_020-Ex1-cssl.clmp.r1r2_fastp	15.734200000000001	0.923799	682518171.0	0.468239	99.11166597822444	1.0997620977484044
Sgr-AJol_021-Ex1-cssl.clmp.r1r2_fastp	13.6569	0.930512	564047578.0	0.451626	99.13805005442595	1.1899588862519639
Sgr-AJol_022-Ex1-cssl.clmp.r1r2_fastp	16.7033	0.919161	480218699.0	0.440386	99.1020472062766	1.1285685494796713
Sgr-AJol_023-Ex1-cssl.clmp.r1r2_fastp	13.252	0.930874	544640555.0	0.436989	99.17445715819227	1.153909186406708
Sgr-AJol_024-Ex1-cssl.clmp.r1r2_fastp	12.553600000000001	0.935007	609433158.0	0.412056	99.21256088043991	1.2148008673856734
Sgr-AJol_025-Ex1-cssl.clmp.r1r2_fastp	11.0445	0.938906	1340866336.0	0.424246	99.25100510660577	1.197739828790004
Sgr-AJol_026-Ex1-cssl.clmp.r1r2_fastp	11.9956	0.934877	1558073860.0	0.419067	99.21672523939785	1.2591603700267386
Sgr-AJol_027-Ex1-cssl.clmp.r1r2_fastp	16.308600000000002	0.923037	1362641335.0	0.440431	99.14567366036631	1.166208542299271
Sgr-AJol_028-Ex1-cssl.clmp.r1r2_fastp	11.2137	0.938999	1331858103.0	0.424452	99.27862952064348	1.205861397778128
Sgr-AJol_029-Ex1-cssl.clmp.r1r2_fastp	16.2219	0.927431	1352398519.0	0.44821	99.16801340149337	1.197677469359436
Sgr-AJol_030-Ex1-cssl.clmp.r1r2_fastp	16.1097	0.924819	1668503470.0	0.436515	99.0907018939296	1.1849701580507315
Sgr-AJol_031-Ex1-cssl.clmp.r1r2_fastp	17.647199999999998	0.921004	1680264643.0	0.451135	99.09627211738301	1.1822225768120238
Sgr-AJol_032-Ex1-cssl.clmp.r1r2_fastp	13.075899999999999	0.932492	1048654507.0	0.446717	99.19017464593301	1.1671405908909678
Sgr-AJol_034-Ex1-cssl.clmp.r1r2_fastp	14.523	0.928171	1076630501.0	0.442761	99.18094553038846	1.1424923278919215
Sgr-AJol_035-Ex1-cssl.clmp.r1r2_fastp	17.4849	0.92386	1210822759.0	0.446258	99.13632731187128	1.1198696928295968
Sgr-AJol_036-Ex1-cssl.clmp.r1r2_fastp	17.857300000000002	0.920775	382078541.0	0.430866	99.20611323965434	1.1439170763986173
Sgr-AJol_037-Ex1-cssl.clmp.r1r2_fastp	10.5896	0.936723	1194321315.0	0.418239	99.18502288858528	1.222933230950214
Sgr-AJol_038-Ex1-cssl.clmp.r1r2_fastp	14.421100000000001	0.924085	1072308261.0	0.435275	99.08778566926674	1.2599562155772759
Sgr-AJol_039-Ex1-cssl.clmp.r1r2_fastp	11.8179	0.9348	1747764827.0	0.41663	99.14290623142978	1.2634556151818803
Sgr-AJol_041-Ex1-cssl.clmp.r1r2_fastp	12.7093	0.933694	1358481476.0	0.430287	99.14934430446746	1.2682117617562525
Sgr-AJol_042-Ex1-cssl.clmp.r1r2_fastp	18.9828	0.918618	1784999899.0	0.445026	98.95145234690894	1.2368899585939954
Sgr-AJol_043-Ex1-cssl.clmp.r1r2_fastp	17.7482	0.922133	2185379697.0	0.446734	98.9873866032905	1.2638590127712
Sgr-AJol_044-Ex1-cssl.clmp.r1r2_fastp	15.415000000000001	0.926602	1313256622.0	0.439994	99.09448465143579	1.2191543047361295
Sgr-AJol_045-Ex1-cssl.clmp.r1r2_fastp	16.912	0.92329	991581794.0	0.448036	99.05451606324334	1.208185794679531
Sgr-AJol_046-Ex1-cssl.clmp.r1r2_fastp	17.4227	0.915586	1349511383.0	0.453618	99.04607201419908	1.1371315489106282
Sgr-AJol_047-Ex1-cssl.clmp.r1r2_fastp	16.1251	0.924477	1430572296.0	0.432744	99.033737631701	1.2758230529951582
Sgr-AJol_048-Ex1-cssl.clmp.r1r2_fastp	16.2886	0.925573	1857870132.0	0.435068	99.0974921554678	1.1493978427287739
Sgr-AJol_049-Ex1-cssl.clmp.r1r2_fastp	12.148200000000001	0.93688	1542431754.0	0.426357	99.20557187942106	1.1556749904709094
Sgr-AJol_050-Ex1-cssl.clmp.r1r2_fastp	15.282699999999998	0.922467	1541041016.0	0.437675	99.1123731116661	1.1660258620265744
Sgr-AJol_051-Ex1-cssl.clmp.r1r2_fastp	11.4419	0.933697	2084054324.0	0.432761	99.17827570751558	1.239762664879209
Sgr-AJol_052-Ex1-cssl.clmp.r1r2_fastp	9.571200000000001	0.941576	1742302299.0	0.427551	99.27600923575415	1.1963008701986606
Sgr-AJol_053-Ex1-cssl.clmp.r1r2_fastp	16.244	0.925219	1773397765.0	0.445175	99.13620670758439	1.1573283960668879
Sgr-AJol_054-Ex1-cssl.clmp.r1r2_fastp	17.6589	0.920248	1803986592.0	0.449319	99.00253466362011	1.1718633653325135
Sgr-AJol_055-Ex1-cssl.clmp.r1r2_fastp	15.0162	0.923289	985259634.0	0.448395	99.10109374383137	1.1153980987959855
Sgr-AJol_056-Ex1-cssl.clmp.r1r2_fastp	16.2408	0.923558	1506765414.0	0.448383	99.14385802353986	1.0821300478270144
Sgr-AJol_057-Ex1-cssl.clmp.r1r2_fastp	13.342200000000002	0.933761	1612315357.0	0.428497	99.18115121364492	1.2136032161731185
Sgr-AJol_058-Ex1-cssl.clmp.r1r2_fastp	15.473799999999999	0.921604	1146232164.0	0.446455	99.11463101755785	1.1286814953947697
Sgr-AJol_059-Ex1-cssl.clmp.r1r2_fastp	19.6324	0.916437	1231953608.0	0.457177	99.07515046981831	1.095692556760563
Sgr-AJol_060-Ex1-cssl.clmp.r1r2_fastp	18.9362	0.921182	1358821901.0	0.439879	99.11831065829438	1.1579710993450902
Sgr-AJol_061-Ex1-cssl.clmp.r1r2_fastp	11.3767	0.936402	1586887216.0	0.421161	99.22605137782081	1.215515367399671
Sgr-AJol_062-Ex1-cssl.clmp.r1r2_fastp	11.247300000000001	0.934557	1236093574.0	0.420331	99.23402891457039	1.2591426172035016
Sgr-AJol_063-Ex1-cssl.clmp.r1r2_fastp	11.6191	0.934937	1601946285.0	0.421442	99.19535650921999	1.2563032983400644
Sgr-AJol_064-Ex1-cssl.clmp.r1r2_fastp	11.4004	0.938242	1342163930.0	0.420655	99.2561729807634	1.2473311365855866
Sgr-AJol_066-Ex1-cssl.clmp.r1r2_fastp	12.0244	0.934685	2219884606.0	0.429288	99.16898899096076	1.250699806736917
Sgr-AJol_067-Ex1-cssl.clmp.r1r2_fastp	15.5805	0.924345	2505980803.0	0.450973	99.09968498384703	1.2258772730667629
Sgr-AJol_068-Ex1-cssl.clmp.r1r2_fastp	15.560199999999998	0.926198	1235791051.0	0.444604	99.1749777142276	1.2041931517004356
Sgr-AJol_069-Ex1-cssl.clmp.r1r2_fastp	26.7428	0.909847	2501528588.0	0.442171	98.99797203655032	1.1626095590568386
Sgr-AJol_070-Ex1-cssl.clmp.r1r2_fastp	17.8854	0.917583	871250455.0	0.453453	99.07676555991479	1.2684924417275587
Sgr-AJol_071-Ex1-cssl.clmp.r1r2_fastp	16.6127	0.926053	1447605517.0	0.44356	99.09524282521217	1.1994620203705413
Sgr-AJol_072-Ex1-cssl.clmp.r1r2_fastp	16.7364	0.925833	2070093349.0	0.435757	99.11709550724382	1.2182305492563403
Sgr-AJol_073-Ex1-cssl.clmp.r1r2_fastp	13.059299999999999	0.931013	841344995.0	0.44035	99.18197621182726	1.140710177977895
Sgr-AJol_074-Ex1-cssl.clmp.r1r2_fastp	13.0022	0.931738	1602504409.0	0.42227	99.1554192858115	1.2456643732951942
Sgr-AJol_075-Ex1-cssl.clmp.r1r2_fastp	13.111600000000001	0.932057	1562499871.0	0.426653	99.18214700445253	1.2226095668310415
Sgr-AJol_076-Ex1-cssl.clmp.r1r2_fastp	18.0213	0.921133	1084482838.0	0.449446	99.14786727536644	1.1348218339964145
Sgr-AJol_077-Ex1-cssl.clmp.r1r2_fastp	17.128899999999998	0.924355	1763831577.0	0.441803	99.15670856632255	1.1397400258224561
Sgr-AJol_078-Ex1-cssl.clmp.r1r2_fastp	19.7102	0.917761	2130655405.0	0.442867	99.02702016230485	1.171586499782256
Sgr-AJol_079-Ex1-cssl.clmp.r1r2_fastp	18.1362	0.920241	1896293631.0	0.440555	99.12798364837153	1.13156359176242
Sgr-AJol_080-Ex1-cssl.clmp.r1r2_fastp	17.7292	0.925034	1591526677.0	0.442684	99.10115542467958	1.1336869010157302
Sgr-AJol_081-Ex1-cssl.clmp.r1r2_fastp	15.979199999999999	0.927801	2121234514.0	0.443305	99.12899516424952	1.1502056616370866
Sgr-AJol_082-Ex1-cssl.clmp.r1r2_fastp	15.983600000000001	0.92311	2192203540.0	0.445831	99.10135674712183	1.1543757091689604
Sgr-AJol_083-Ex1-cssl.clmp.r1r2_fastp	16.2294	0.926465	1983954954.0	0.443762	99.1052996873602	1.146308792256154
Sgr-AJol_084-Ex1-cssl.clmp.r1r2_fastp	15.6395	0.929431	2051942934.0	0.433711	99.12966722800441	1.1672686855876337
Sgr-AJol_085-Ex1-cssl.clmp.r1r2_fastp	15.1032	0.92116	1227443312.0	0.440456	99.05376184984436	1.132996558357028
Sgr-AJol_086-Ex1-cssl.clmp.r1r2_fastp	16.087699999999998	0.91711	1389031832.0	0.447711	99.0429906595038	1.1650050395641809
Sgr-AJol_087-Ex1-cssl.clmp.r1r2_fastp	11.795	0.93254	1644980155.0	0.438264	99.13366622161936	1.2423169198230617
Sgr-AJol_088-Ex1-cssl.clmp.r1r2_fastp	15.8664	0.922327	1669606286.0	0.440572	99.0836469038544	1.1799855914606745
Sgr-AJol_089-Ex1-cssl.clmp.r1r2_fastp	11.347	0.934946	1165516552.0	0.428881	99.20495127107081	1.235356142332023
Sgr-AJol_090-Ex1-cssl.clmp.r1r2_fastp	16.0154	0.920123	2023990250.0	0.424649	98.98735433740406	1.2101159795014331
Sgr-AJol_091-Ex1-cssl.clmp.r1r2_fastp	14.2629	0.927702	1823837624.0	0.429039	99.10370054779524	1.2105727835985907
Sgr-AJol_092-Ex1-cssl.clmp.r1r2_fastp	19.493299999999998	0.915604	1632350807.0	0.44382	99.01503715984921	1.132653650408717
Sgr-AJol_093-Ex1-cssl.clmp.r1r2_fastp	22.2516	0.909984	1380812565.0	0.457387	99.04846197476066	1.044439003923274
Sgr-AJol_094-Ex1-cssl.clmp.r1r2_fastp	15.509300000000001	0.922997	2240976650.0	0.430524	99.05799790426349	1.191784822313133
Sgr-AJol_095-Ex1-cssl.clmp.r1r2_fastp	15.2704	0.920678	855203693.0	0.419161	98.90450178490141	1.2265159296364736
Sgr-AJol_096-Ex1-cssl.clmp.r1r2_fastp	19.170499999999997	0.916911	709451083.0	0.453006	99.0661014335096	1.0744724303564974
Sgr-AMvi_001-Ex1-cssl.clmp.r1r2_fastp	32.4042	0.887759	3265409726.0	0.474625	98.8497045360323	1.0905094762851324
Sgr-AMvi_002-Ex1-cssl.clmp.r1r2_fastp	37.139	0.895097	4800284905.0	0.465324	98.94842850059348	1.1729701096185774
Sgr-AMvi_003-Ex1-cssl.clmp.r1r2_fastp	34.900999999999996	0.892982	4497000703.0	0.469596	98.98476475045368	1.1343595536197066
Sgr-AMvi_004-Ex1-cssl.clmp.r1r2_fastp	29.6412	0.898177	3776733270.0	0.474719	99.00083102490461	0.855053574072325
Sgr-AMvi_005-Ex1-cssl.clmp.r1r2_fastp	29.2658	0.897557	3719566138.0	0.468657	98.94471310938513	0.9270909976669055
Sgr-AMvi_006-Ex1-cssl.clmp.r1r2_fastp	24.9585	0.905233	2737943835.0	0.482917	98.9158335117919	1.0233914916555702
Sgr-AMvi_009-Ex1-cssl.clmp.r1r2_fastp	33.311600000000006	0.893857	3376323155.0	0.474378	98.87565035345253	0.9359024626144886
Sgr-AMvi_011-Ex1-cssl.clmp.r1r2_fastp	30.8934	0.898705	2457637465.0	0.481216	98.99479513039655	0.9413247593137121
Sgr-AMvi_012-Ex1-cssl.clmp.r1r2_fastp	29.697000000000003	0.888847	339575632.0	0.465348	98.75672242393722	0.9466989112549746
Sgr-AMvi_013-Ex1-cssl.clmp.r1r2_fastp	30.077399999999997	0.888533	3004319384.0	0.469535	98.80902095088464	1.031992784632592
Sgr-AMvi_014-Ex1-cssl.clmp.r1r2_fastp	33.278200000000005	0.888069	4579643777.0	0.479742	98.9421387993936	0.7870980441262421
Sgr-AMvi_015-Ex1-cssl.clmp.r1r2_fastp	26.7859	0.878896	550054199.0	0.488346	98.69216132600437	0.6517318790329215
Sgr-AMvi_018-Ex1-cssl.clmp.r1r2_fastp	26.023200000000003	0.903796	3008814113.0	0.4884	98.89708446949234	0.9240504348770372
Sgr-AMvi_019-Ex1-cssl.clmp.r1r2_fastp	36.6987	0.891585	1673743951.0	0.478194	98.94061419813258	0.8120852893008026
Sgr-AMvi_020-Ex1-cssl.clmp.r1r2_fastp	32.148900000000005	0.891415	2227055003.0	0.472795	98.84263205786301	0.879460583360765
Sgr-AMvi_022-Ex1-cssl.clmp.r1r2_fastp	35.6568	0.890981	4084903845.0	0.471064	98.85502846733324	1.009351554273491
Sgr-AMvi_023-Ex1-cssl.clmp.r1r2_fastp	30.5622	0.894528	3381173005.0	0.475262	98.93489984571418	0.9030721779250847
Sgr-AMvi_025-Ex1-cssl.clmp.r1r2_fastp	22.8831	0.885625	704102528.0	0.491592	98.85582324244584	0.7912479176745639
Sgr-AMvi_027-Ex1-cssl.clmp.r1r2_fastp	37.181	0.884829	2688432255.0	0.481227	98.89771175574438	0.7462469049373519
Sgr-AMvi_029-Ex1-cssl.clmp.r1r2_fastp	29.015400000000003	0.893327	3377586825.0	0.477895	98.77904430195058	0.9857849529173859
Sgr-AMvi_030-Ex1-cssl.clmp.r1r2_fastp	28.893200000000004	0.896705	3415146706.0	0.488561	98.84462240283119	0.9886250320222327
Sgr-AMvi_031-Ex1-cssl.clmp.r1r2_fastp	30.739	0.897703	3028745466.0	0.468369	98.85590623457021	0.9647677562042659
Sgr-AMvi_032-Ex1-cssl.clmp.r1r2_fastp	34.1889	0.890413	2742394301.0	0.459278	98.92684678124826	1.0322772712792585
Sgr-AMvi_033-Ex1-cssl.clmp.r1r2_fastp	33.5882	0.893478	3341925357.0	0.464359	98.85903617030127	1.1068561957209555
Sgr-AMvi_034-Ex1-cssl.clmp.r1r2_fastp	35.0779	0.888736	4024078593.0	0.472637	98.85253604416097	1.1335798388608762
Sgr-AMvi_035-Ex1-cssl.clmp.r1r2_fastp	28.6152	0.893165	4331715677.0	0.48063	98.81283350315032	0.9670463505227427
Sgr-AMvi_036-Ex1-cssl.clmp.r1r2_fastp	31.113000000000003	0.893203	2176504993.0	0.460733	98.7571640257586	1.2639952062064455
Sgr-AMvi_037-Ex1-cssl.clmp.r1r2_fastp	27.6068	0.888655	4624037920.0	0.482929	98.84899468805891	0.8818886570233765
Sgr-AMvi_038-Ex1-cssl.clmp.r1r2_fastp	29.006300000000003	0.886957	5085366706.0	0.483438	98.84128887555758	0.7536320685403048
Sgr-AMvi_039-Ex1-cssl.clmp.r1r2_fastp	28.8433	0.893934	4162909744.0	0.467552	98.61172095072476	1.1535971232411104
Sgr-AMvi_041-Ex1-cssl.clmp.r1r2_fastp	27.688000000000002	0.899111	3659399248.0	0.484906	98.81425106121033	0.8447282093711695
Sgr-AMvi_042-Ex1-cssl.clmp.r1r2_fastp	26.1119	0.900149	2808025646.0	0.467439	98.87090600785834	1.066770397164445
Sgr-AMvi_043-Ex1-cssl.clmp.r1r2_fastp	24.1585	0.905214	2707749327.0	0.451771	98.84230342761235	1.0413679061381473
Sgr-AMvi_044-Ex1-cssl.clmp.r1r2_fastp	32.8581	0.893493	4478456527.0	0.463112	98.87305132771877	0.9575560578169018
Sgr-AMvi_045-Ex1-cssl.clmp.r1r2_fastp	25.964	0.902556	3420988234.0	0.458209	98.82304228418502	1.0639855028167822
Sgr-AMvi_046-Ex1-cssl.clmp.r1r2_fastp	22.9956	0.899726	3023134064.0	0.451859	98.86583741345535	1.2366729513511385
Sgr-AMvi_047-Ex1-cssl.clmp.r1r2_fastp	30.703799999999998	0.889908	2976633632.0	0.461152	98.51628036187749	1.0772781703152796
Sgr-AMvi_048-Ex1-cssl.clmp.r1r2_fastp	28.500799999999998	0.893748	1892810352.0	0.463337	98.71160048766326	1.1729452439844508
Sgr-AMvi_049-Ex1-cssl.clmp.r1r2_fastp	18.1373	0.891423	506796325.0	0.48865	98.87214236743573	0.817087333969906
Sgr-AMvi_050-Ex1-cssl.clmp.r1r2_fastp	19.0694	0.880544	270371720.0	0.491841	98.81768040944964	0.5858105091819859
Sgr-AMvi_051-Ex1-cssl.clmp.r1r2_fastp	16.4181	0.916733	1506114324.0	0.458737	99.03801434931006	1.077042121018081
Sgr-AMvi_052-Ex1-cssl.clmp.r1r2_fastp	12.535599999999999	0.885151	32341341.0	0.47775	60.62184363819537	21.17733102566421
Sgr-AMvi_053-Ex1-cssl.clmp.r1r2_fastp	12.8958	0.925806	1257948805.0	0.448719	99.1192098245744	1.1598793742373303
Sgr-AMvi_054-Ex1-cssl.clmp.r1r2_fastp	16.8679	0.919187	2160176125.0	0.452479	99.04288420640673	1.2731837382461089
Sgr-AMvi_055-Ex1-cssl.clmp.r1r2_fastp	12.843399999999999	0.891547	123036379.0	0.483022	98.83759733036707	0.7188203695162647
Sgr-AMvi_056-Ex1-cssl.clmp.r1r2_fastp	13.1411	0.879818	90207137.0	0.484332	98.65259426301076	0.6960469714352236
Sgr-AMvi_057-Ex1-cssl.clmp.r1r2_fastp	13.031899999999998	0.890697	50466780.0	0.479776	62.00839737598043	20.52523169784847
Sgr-AMvi_058-Ex1-cssl.clmp.r1r2_fastp	14.4095	0.914781	889940247.0	0.462629	99.03276178347812	1.3499679825235835
Sgr-AMvi_059-Ex1-cssl.clmp.r1r2_fastp	13.3874	0.882976	128465384.0	0.486915	98.69080406761496	0.6976881993306522
Sgr-AMvi_060-Ex1-cssl.clmp.r1r2_fastp	16.1875	0.881133	36727671.0	0.482483	56.578839427544395	23.10107465936803
Sgr-AMvi_061-Ex1-cssl.clmp.r1r2_fastp	14.4812	0.908707	1279261394.0	0.48768	99.07662430047775	0.9169316922594838
Sgr-AMvi_062-Ex1-cssl.clmp.r1r2_fastp	21.1947	0.900709	1562868833.0	0.486207	99.02165843328439	0.8931960521304605
Sgr-AMvi_063-Ex1-cssl.clmp.r1r2_fastp	22.6168	0.891032	464654983.0	0.491192	98.98574850934048	0.6578088995524823
Sgr-AMvi_064-Ex1-cssl.clmp.r1r2_fastp	11.877600000000001	0.896237	48585528.0	0.479282	64.00468065547938	19.486276955979324
Sgr-AMvi_065-Ex1-cssl.clmp.r1r2_fastp	14.982899999999999	0.885827	219850079.0	0.489418	98.84477844801619	0.6431456751600719
Sgr-AMvi_066-Ex1-cssl.clmp.r1r2_fastp	15.6243	0.921843	2028413828.0	0.448495	99.01661393714966	1.334347375502755
Sgr-AMvi_067-Ex1-cssl.clmp.r1r2_fastp	11.517	0.924234	614042367.0	0.460032	99.10751606564897	1.0509514304030354
Sgr-AMvi_068-Ex1-cssl.clmp.r1r2_fastp	17.055999999999997	0.911218	868686745.0	0.48188	98.99888880946656	1.1061405112961755
Sgr-AMvi_069-Ex1-cssl.clmp.r1r2_fastp	14.421999999999999	0.887467	128991570.0	0.485728	98.79557691469594	0.673658131374561
Sgr-AMvi_070-Ex1-cssl.clmp.r1r2_fastp	14.1321	0.881625	160034913.0	0.48758	98.73275276295004	0.6777748223990903
Sgr-AMvi_071-Ex1-cssl.clmp.r1r2_fastp	14.4679	0.881069	155747025.0	0.487723	98.68739482154494	0.6068810570174188
Sgr-AMvi_072-Ex1-cssl.clmp.r1r2_fastp	15.789700000000002	0.881226	87205048.0	0.487842	98.73227807511802	0.5860075977022541
Sgr-AMvi_073-Ex1-cssl.clmp.r1r2_fastp	14.848500000000001	0.87699	182056181.0	0.489671	98.67895977100345	0.6267421868045894
Sgr-AMvi_074-Ex1-cssl.clmp.r1r2_fastp	19.2149	0.899853	939665873.0	0.490797	99.08985851387342	0.7833768659931443
Sgr-AMvi_075-Ex1-cssl.clmp.r1r2_fastp	15.8732	0.879508	160920245.0	0.488121	98.73131280385522	0.6326906896467148
Sgr-AMvi_076-Ex1-cssl.clmp.r1r2_fastp	11.9801	0.905007	52747962.0	0.474512	69.59505905606409	16.73032282867369
Sgr-AMvi_077-Ex1-cssl.clmp.r1r2_fastp	13.4837	0.922561	801494505.0	0.459885	99.13124653384165	1.167598346501015
Sgr-AMvi_078-Ex1-cssl.clmp.r1r2_fastp	11.5958	0.884039	114837958.0	0.485264	98.69639008340188	0.760835774007232
Sgr-AMvi_079-Ex1-cssl.clmp.r1r2_fastp	13.6711	0.933119	1812870557.0	0.429003	99.16715193761138	1.2225365020900796
Sgr-AMvi_080-Ex1-cssl.clmp.r1r2_fastp	13.950999999999999	0.93165	970741746.0	0.423871	99.16695939720192	1.256393326847283
Sgr-AMvi_081-Ex1-cssl.clmp.r1r2_fastp	15.393200000000002	0.930754	1393864631.0	0.420221	99.13016769960839	1.3409694073319325
Sgr-AMvi_082-Ex1-cssl.clmp.r1r2_fastp	10.9606	0.901021	189271012.0	0.477122	98.97084879889158	0.9691982102736181
Sgr-AMvi_083-Ex1-cssl.clmp.r1r2_fastp	14.7618	0.877754	106367511.0	0.488114	98.61436023794387	0.6232539503510635
Sgr-AMvi_084-Ex1-cssl.clmp.r1r2_fastp	12.0607	0.919837	169739932.0	0.44726	99.02006148002704	1.0655398010750958
Sgr-AMvi_085-Ex1-cssl.clmp.r1r2_fastp	16.8712	0.911432	537738217.0	0.476698	99.12378203987947	1.050998040308073
Sgr-AMvi_086-Ex1-cssl.clmp.r1r2_fastp	18.1929	0.874167	52202825.0	0.493448	98.73379018803715	0.47757047238599126
Sgr-AMvi_087-Ex1-cssl.clmp.r1r2_fastp	19.0536	0.876275	40576646.0	0.492071	98.7685935975389	0.5079018794926093
Sgr-AMvi_088-Ex1-cssl.clmp.r1r2_fastp	19.5655	0.886363	19677974.0	0.490136	98.89986184311518	0.600385474765048
Sgr-AMvi_089-Ex1-cssl.clmp.r1r2_fastp	11.758000000000001	0.907925	75892767.0	0.477164	99.12860001112689	0.82545007222173
Sgr-AMvi_090-Ex1-cssl.clmp.r1r2_fastp	15.087900000000001	0.882759	32034995.0	0.488615	98.70139444748705	0.6598348569743439
Sgr-AMvi_091-Ex1-cssl.clmp.r1r2_fastp	11.283999999999999	0.910659	54083775.0	0.479543	99.08654136440876	0.80621278382054
Sgr-AMvi_092-Ex1-cssl.clmp.r1r2_fastp	16.7846	0.873504	20893295.0	0.490024	98.6382140087878	0.5403528043422072
Sgr-AMvi_093-Ex1-cssl.clmp.r1r2_fastp	16.3901	0.876865	19351763.0	0.489786	98.6882566905059	0.5684513873025356
Sgr-AMvi_094-Ex1-cssl.clmp.r1r2_fastp	11.6637	0.904927	33300841.0	0.471664	76.15292514759919	13.466103794228149
Sgr-AMvi_095-Ex1-cssl.clmp.r1r2_fastp	17.417099999999998	0.873314	16635856.0	0.489827	63.06164443719494	19.48612906059047
Sgr-AMvi_096-Ex1-cssl.clmp.r1r2_fastp	17.1709	0.890085	23045357.0	0.479367	98.78725456774184	0.7238755630344748
Sgr-APal_002-Ex1-cssl.clmp.r1r2_fastp	13.1487	0.909327	328112036.0	0.456559	99.01452736239663	1.0195022087071186
Sgr-APal_003-Ex1-cssl.clmp.r1r2_fastp	10.5907	0.89477	199088049.0	0.476231	98.84263887745381	0.9017940105553753
Sgr-APal_004-Ex1-cssl.clmp.r1r2_fastp	10.8618	0.901753	336557475.0	0.46437	98.90089268418674	0.9656788758313424
Sgr-APal_007-Ex1-cssl.clmp.r1r2_fastp	16.413800000000002	0.915964	535697505.0	0.441049	99.09528849667059	1.0912894426310833
Sgr-APal_008-Ex1-cssl.clmp.r1r2_fastp	18.331	0.917268	360800829.0	0.43351	99.03586942170892	1.1183502706569646
Sgr-APal_009-Ex1-cssl.clmp.r1r2_fastp	10.8658	0.889751	227352534.0	0.481166	98.83241106893715	0.7838328411404173
Sgr-APal_010-Ex1-cssl.clmp.r1r2_fastp	14.854700000000001	0.914391	1558736661.0	0.43977	98.97159001790938	1.1648574477660445
Sgr-APal_011-Ex1-cssl.clmp.r1r2_fastp	12.8943	0.884155	245518746.0	0.48099	98.72385401844099	0.7961346855627845
Sgr-APal_013-Ex1-cssl.clmp.r1r2_fastp	14.0052	0.905035	284396528.0	0.462744	98.96176237159426	1.036264757077535
Sgr-APal_014-Ex1-cssl.clmp.r1r2_fastp	15.939	0.909085	736995255.0	0.454281	98.87117864249697	1.2666873261503355
Sgr-APal_015-Ex1-cssl.clmp.r1r2_fastp	13.3577	0.891742	151031759.0	0.47515	98.80940801120556	0.9293664226255709
Sgr-APal_016-Ex1-cssl.clmp.r1r2_fastp	13.565	0.908822	82488381.0	0.457013	99.01368535237557	1.0196335301545352
Sgr-APal_017-Ex1-cssl.clmp.r1r2_fastp	13.253400000000001	0.901205	382971282.0	0.465844	98.91337676610728	0.9689258140199892
Sgr-APal_018-Ex1-cssl.clmp.r1r2_fastp	15.9132	0.899828	510609832.0	0.461186	98.9077452063014	0.9679684333575838
Sgr-APal_019-Ex1-cssl.clmp.r1r2_fastp	11.3509	0.880242	229763257.0	0.483933	98.70375773398985	0.7594123822042285
Sgr-APal_020-Ex1-cssl.clmp.r1r2_fastp	14.8837	0.907232	924051728.0	0.461257	98.89192099425502	1.0940379164117542
Sgr-APal_021-Ex1-cssl.clmp.r1r2_fastp	11.5829	0.885021	126818953.0	0.479015	98.7728777495153	0.7796931451808888
Sgr-APal_022-Ex1-cssl.clmp.r1r2_fastp	18.3038	0.918376	2781439239.0	0.440278	99.06447102241394	1.1415896748989514
Sgr-APal_023-Ex1-cssl.clmp.r1r2_fastp	20.1661	0.90424	1264951165.0	0.452613	98.91837906128296	1.1629584208205392
Sgr-APal_024-Ex1-cssl.clmp.r1r2_fastp	15.25	0.917684	366999733.0	0.451986	99.04712318471091	1.1633815108353414
Sgr-APal_025-Ex1-cssl.clmp.r1r2_fastp	10.8482	0.886847	173912611.0	0.482259	98.85078574699935	0.8027955605143219
Sgr-APal_026-Ex1-cssl.clmp.r1r2_fastp	12.864900000000002	0.906748	369532961.0	0.458977	99.04023729107966	0.9913286298935444
Sgr-APal_027-Ex1-cssl.clmp.r1r2_fastp	10.0954	0.88461	183261723.0	0.482808	98.79375478876213	0.8410159495485493
Sgr-APal_028-Ex1-cssl.clmp.r1r2_fastp	10.998199999999999	0.908894	546536316.0	0.456621	98.94937387357035	1.0795210006853426
Sgr-APal_029-Ex1-cssl.clmp.r1r2_fastp	16.2077	0.910422	514892051.0	0.443858	98.91971200594723	1.1286615357831926
Sgr-APal_030-Ex1-cssl.clmp.r1r2_fastp	15.4097	0.927801	4227358633.0	0.437666	99.12137656236465	1.2323759152539782
Sgr-APal_031-Ex1-cssl.clmp.r1r2_fastp	10.681899999999999	0.889618	98076092.0	0.477532	98.86632944182871	0.8742758125776696
Sgr-APal_032-Ex1-cssl.clmp.r1r2_fastp	13.2135	0.917961	141421248.0	0.446014	99.06756507004117	1.1547719514666228
Sgr-APal_033-Ex1-cssl.clmp.r1r2_fastp	12.812399999999998	0.888353	247179687.0	0.480901	98.82589686020728	0.7749039016286329
Sgr-APal_034-Ex1-cssl.clmp.r1r2_fastp	12.640799999999999	0.891215	260567397.0	0.479391	98.90076434353533	0.8131712194020705
Sgr-APal_035-Ex1-cssl.clmp.r1r2_fastp	12.1512	0.88189	235781852.0	0.484812	98.75219723708693	0.7530338596900085
Sgr-APal_037-Ex1-cssl.clmp.r1r2_fastp	14.4422	0.927773	2573752202.0	0.412721	99.06582338086562	1.2649155226075974
Sgr-APal_038-Ex1-cssl.clmp.r1r2_fastp	16.0157	0.923366	2467183427.0	0.422766	99.02945503822028	1.2457736101911088
Sgr-APal_039-Ex1-cssl.clmp.r1r2_fastp	21.5388	0.911916	1044870416.0	0.447916	99.06581096443587	1.2373055815122782
Sgr-APal_044-Ex1-cssl.clmp.r1r2_fastp	17.8765	0.905799	1495776870.0	0.445923	98.8158845889354	1.1990173941451565
Sgr-APal_045-Ex1-cssl.clmp.r1r2_fastp	20.1096	0.911923	1627314774.0	0.453438	98.94944137329036	1.0726780850310247
Sgr-APal_047-Ex1-cssl.clmp.r1r2_fastp	24.1094	0.904342	2045553773.0	0.450707	98.83417615725124	1.295135326173229
Sgr-CJol_001-Ex1-cssl.clmp.r1r2_fastp	60.5896	0.877396	248309651.0	0.489794	97.88307230532828	1.6942590832727262
Sgr-CJol_002-Ex1-cssl.clmp.r1r2_fastp	60.550000000000004	0.872493	232440017.0	0.490294	97.82705456950161	1.6755333805282724
Sgr-CJol_003-Ex1-cssl.clmp.r1r2_fastp	66.0153	0.868698	226261263.0	0.474857	97.59485681463545	1.563622221149779
Sgr-CJol_004-Ex1-cssl.clmp.r1r2_fastp	57.1357	0.872052	149770265.0	0.482733	97.5372278767227	1.9781067129149528
Sgr-CJol_006-Ex1-cssl.clmp.r1r2_fastp	58.63270000000001	0.874237	253462698.0	0.481929	97.75291602443073	1.7530503278721805
Sgr-CJol_007-Ex1-cssl.clmp.r1r2_fastp	59.2874	0.87147	402041485.0	0.479201	97.5188925799785	1.8118715154877743
Sgr-CJol_008-Ex1-cssl.clmp.r1r2_fastp	58.235899999999994	0.872275	316429487.0	0.482382	97.51919298404827	1.8186327496859445
Sgr-CJol_009-Ex1-cssl.clmp.r1r2_fastp	58.5589	0.870412	354993895.0	0.486076	97.57968987042021	1.9689082900653312
Sgr-CJol_010-Ex1-cssl.clmp.r1r2_fastp	64.23910000000001	0.864773	308869132.0	0.498343	97.64345808685152	1.4743496419808657
Sgr-CJol_012-Ex1-cssl.clmp.r1r2_fastp	58.1708	0.873655	211534488.0	0.485082	97.67196588828283	1.7300807777737723
Sgr-CJol_017-Ex1-cssl.clmp.r1r2_fastp	63.0125	0.869501	318564729.0	0.484374	97.47024674645162	1.6163128772860764
Sgr-CJol_020-Ex1-cssl.clmp.r1r2_fastp	61.6354	0.875632	423361618.0	0.48843	97.81016522191516	1.7784559082484437
Sgr-CJol_021-Ex1-cssl.clmp.r1r2_fastp	60.476	0.867385	178106166.0	0.494445	97.6102120613753	1.7620504673629096
Sgr-CJol_023-Ex1-cssl.clmp.r1r2_fastp	59.6732	0.877536	408412751.0	0.48979	97.83392981805855	1.810387956738133
Sgr-CJol_024-Ex1-cssl.clmp.r1r2_fastp	59.9391	0.874527	214528939.0	0.484453	97.64054378654102	1.8349892295312704
Sgr-CJol_025-Ex1-cssl.clmp.r1r2_fastp	62.993500000000004	0.875774	546746473.0	0.48524	97.88075800700004	1.7172799443356417
Sgr-CJol_028-Ex1-cssl.clmp.r1r2_fastp	64.8196	0.869683	258253391.0	0.482683	97.76942996898877	1.5752581604271236
Sgr-CJol_032-Ex1-cssl.clmp.r1r2_fastp	57.83279999999999	0.874007	216537218.0	0.482078	97.52656784573819	1.9490210815210323
Sgr-CJol_034-Ex1-cssl.clmp.r1r2_fastp	60.1786	0.872036	428462640.0	0.507186	97.7587221071398	1.9207970763217281
Sgr-CJol_035-Ex1-cssl.clmp.r1r2_fastp	60.4946	0.874377	339252492.0	0.495606	97.7259282753979	1.6933591219367483
Sgr-CJol_036-Ex1-cssl.clmp.r1r2_fastp	65.7805	0.866466	311006390.0	0.498512	97.57613877783167	1.7640977600829721
Sgr-CJol_037-Ex1-cssl.clmp.r1r2_fastp	62.2453	0.869968	394454393.0	0.494619	97.74855579811789	1.9534994007087445
Sgr-CJol_041-Ex1-cssl.clmp.r1r2_fastp	64.78110000000001	0.870547	459442347.0	0.494088	97.79005428700228	1.5665603205352465
Sgr-CJol_042-Ex1-cssl.clmp.r1r2_fastp	64.7948	0.872182	281076745.0	0.489971	97.86179279063319	1.6641104467360663
Sgr-CJol_044-Ex1-cssl.clmp.r1r2_fastp	58.086099999999995	0.870129	160766124.0	0.592418	97.38005058057601	1.6234115808942282
Sgr-CJol_046-Ex1-cssl.clmp.r1r2_fastp	56.9739	0.870359	61046162.0	0.539722	97.48969576039745	1.5690661184508872
Sgr-CJol_048-Ex1-cssl.clmp.r1r2_fastp	62.775400000000005	0.868798	224530166.0	0.479733	97.68340194974351	1.8218416576963485
Sgr-CJol_049-Ex1-cssl.clmp.r1r2_fastp	68.6781	0.868752	244064009.0	0.476627	97.85821497623166	1.3834879123115615
Sgr-CJol_051-Ex1-cssl.clmp.r1r2_fastp	72.5146	0.866389	347323006.0	0.487567	98.07209752033079	1.700091750409987
Sgr-CJol_053-Ex1-cssl.clmp.r1r2_fastp	60.0951	0.873077	315475503.0	0.486542	97.6248020719917	1.752215464383469
Sgr-CJol_054-Ex1-cssl.clmp.r1r2_fastp	63.924400000000006	0.870291	256705434.0	0.484498	97.68211632031213	1.710928286117331
Sgr-CJol_056-Ex1-cssl.clmp.r1r2_fastp	58.0421	0.877806	218043892.0	0.483684	97.66451887018344	1.9693835482029982
Sgr-CJol_057-Ex1-cssl.clmp.r1r2_fastp	61.8559	0.868265	368027885.0	0.484316	97.57683856256573	1.6656645568757722
Sgr-CJol_058-Ex1-cssl.clmp.r1r2_fastp	69.4717	0.862107	375100116.0	0.511627	97.64193161298812	3.344260856942041
Sgr-CJol_059-Ex1-cssl.clmp.r1r2_fastp	58.8956	0.875224	281966592.0	0.484515	97.7601702736184	1.8720675330002132
Sgr-CJol_061-Ex1-cssl.clmp.r1r2_fastp	64.53410000000001	0.871653	269470672.0	0.501759	97.8543816664684	1.7095825471236397
Sgr-CJol_064-Ex1-cssl.clmp.r1r2_fastp	61.2001	0.866554	408822902.0	0.483993	97.40852739266352	1.8136466294856057
Sgr-CJol_066-Ex1-cssl.clmp.r1r2_fastp	60.962	0.870573	184809522.0	0.481536	97.58310454624107	1.6891486034159904
Sgr-CJol_068-Ex1-cssl.clmp.r1r2_fastp	60.731500000000004	0.868777	260982656.0	0.48637	97.46799773642996	1.638077385993504
Sgr-CJol_070-Ex1-cssl.clmp.r1r2_fastp	58.8921	0.874094	412799923.0	0.49351	97.70638804541647	1.9632334649340195
Sgr-CJol_072-Ex1-cssl.clmp.r1r2_fastp	60.4856	0.872674	279738602.0	0.486336	97.47240234134452	2.0057143556801083
Sgr-CJol_073-Ex1-cssl.clmp.r1r2_fastp	66.08030000000001	0.867588	232194066.0	0.493449	97.65145595473079	1.3567061315636468
Sgr-CJol_075-Ex1-cssl.clmp.r1r2_fastp	64.8405	0.867478	193988415.0	0.483786	97.59464963031584	1.5219975179598328
Sgr-CJol_076-Ex1-cssl.clmp.r1r2_fastp	63.9258	0.872554	294237551.0	0.476977	97.65785905168256	1.7659674664820793
Sgr-CJol_078-Ex1-cssl.clmp.r1r2_fastp	61.605399999999996	0.868537	219439280.0	0.481078	97.5780364200147	1.5731352582981049
Sgr-CJol_079-Ex1-cssl.clmp.r1r2_fastp	69.1647	0.868088	235163769.0	0.483399	97.71865192041993	1.4856602187107035
Sgr-CJol_080-Ex1-cssl.clmp.r1r2_fastp	68.512	0.866409	311048896.0	0.498276	97.76313880948267	1.3127184827847538
Sgr-CJol_081-Ex1-cssl.clmp.r1r2_fastp	60.2299	0.875616	155100310.0	0.482647	97.85824556677424	1.704648476151499
Sgr-CJol_082-Ex1-cssl.clmp.r1r2_fastp	63.983599999999996	0.871963	87272407.0	0.47528	97.85114280132838	1.5847821840203165
Sgr-CJol_084-Ex1-cssl.clmp.r1r2_fastp	62.409099999999995	0.868295	182278233.0	0.482885	97.46248484108757	1.5776466649272876
Sgr-CJol_085-Ex1-cssl.clmp.r1r2_fastp	60.7734	0.871582	172918367.0	0.477049	97.74610235538314	1.6704443792234058
Sgr-CJol_086-Ex1-cssl.clmp.r1r2_fastp	59.3818	0.870711	367474801.0	0.48274	97.49871836670764	1.6916448617752247
Sgr-CJol_087-Ex1-cssl.clmp.r1r2_fastp	61.353	0.875756	266147621.0	0.485069	97.92682642445513	1.8574684968562443
Sgr-CJol_088-Ex1-cssl.clmp.r1r2_fastp	58.9936	0.87343	342679474.0	0.482959	97.50411664564797	1.903817971103354
Sgr-CJol_089-Ex1-cssl.clmp.r1r2_fastp	58.8711	0.871253	250525104.0	0.485833	97.57085853301824	1.725185861690728
Sgr-CJol_090-Ex1-cssl.clmp.r1r2_fastp	59.91180000000001	0.869728	217873140.0	0.483002	97.51179392594443	1.5557143591966904
Sgr-CJol_091-Ex1-cssl.clmp.r1r2_fastp	59.459399999999995	0.871057	376005568.0	0.483386	97.52085003005409	1.8936690209042946
Sgr-CJol_092-Ex1-cssl.clmp.r1r2_fastp	59.1497	0.870772	303030984.0	0.48249	97.54521147270545	1.8731434629905028
Sgr-CJol_093-Ex1-cssl.clmp.r1r2_fastp	59.525099999999995	0.872463	269760118.0	0.487781	97.53810341470323	1.7788231753730683
Sgr-CJol_094-Ex1-cssl.clmp.r1r2_fastp	60.779700000000005	0.874442	301186870.0	0.493436	97.7424738028139	1.7601525749689682
Sgr-CJol_096-Ex1-cssl.clmp.r1r2_fastp	64.0725	0.870085	336651211.0	0.486379	97.58576328278254	1.6801575201380754
Sgr-CMas_001-Ex1-cssl.clmp.r1r2_fastp	61.790299999999995	0.873005	949273596.0	0.476275	97.67179083825941	1.5511405915143859
Sgr-CMas_002-Ex1-cssl.clmp.r1r2_fastp	61.3761	0.866406	341944043.0	0.484515	97.53495070745053	1.5133656326078049
Sgr-CMas_003-Ex1-cssl.clmp.r1r2_fastp	64.8823	0.870923	270662310.0	0.486078	97.88652946708171	1.4520944610141928
Sgr-CMas_004-Ex1-cssl.clmp.r1r2_fastp	66.661	0.86724	464865187.0	0.484867	97.71294462264329	1.5352423879666686
Sgr-CMas_005-Ex1-cssl.clmp.r1r2_fastp	65.1389	0.868175	282103816.0	0.487805	97.6646598822591	1.4202523527072333
Sgr-CMas_006-Ex1-cssl.clmp.r1r2_fastp	62.672200000000004	0.866535	306960231.0	0.481532	97.72889169942043	1.4867802220816957
Sgr-CMas_007-Ex1-cssl.clmp.r1r2_fastp	62.212	0.866417	176920999.0	0.481338	97.61042160871007	1.5334538623758953
Sgr-CMas_008-Ex1-cssl.clmp.r1r2_fastp	59.7603	0.876651	330700984.0	0.482033	97.95016220236816	1.687874283652235
Sgr-CMas_009-Ex1-cssl.clmp.r1r2_fastp	66.199	0.867633	446526226.0	0.485153	97.77850127619425	1.429252137827081
Sgr-CMas_010-Ex1-cssl.clmp.r1r2_fastp	56.7884	0.879195	256216588.0	0.478624	97.95072207652225	1.7054729922387348
Sgr-CMas_011-Ex1-cssl.clmp.r1r2_fastp	64.4453	0.873763	341050139.0	0.483063	97.90490287172588	1.4324606371402815
Sgr-CMas_012-Ex1-cssl.clmp.r1r2_fastp	64.536	0.867169	445873523.0	0.483527	97.69147908599834	1.4491080002730372
Sgr-CMas_013-Ex1-cssl.clmp.r1r2_fastp	62.3708	0.86426	463661204.0	0.484135	97.51593523252212	1.3136646173396134
Sgr-CMas_014-Ex1-cssl.clmp.r1r2_fastp	61.971399999999996	0.866293	345976309.0	0.480653	97.56672021868405	1.3829608670631115
Sgr-CMas_015-Ex1-cssl.clmp.r1r2_fastp	60.641999999999996	0.866783	602746206.0	0.485221	97.61801116974931	1.3357855723731331
Sgr-CMas_016-Ex1-cssl.clmp.r1r2_fastp	64.059	0.871469	524996566.0	0.482698	97.72891087412566	1.4228822220407091
Sgr-CMas_017-Ex1-cssl.clmp.r1r2_fastp	59.7557	0.875131	339878420.0	0.480318	97.83985164333816	1.5325755420842584
Sgr-CMas_018-Ex1-cssl.clmp.r1r2_fastp	62.920500000000004	0.874888	343198870.0	0.485206	97.91490803120648	1.508169925855033
Sgr-CMas_019-Ex1-cssl.clmp.r1r2_fastp	59.787	0.877129	336265399.0	0.481867	97.85652261761012	1.6882026661022085
Sgr-CMas_020-Ex1-cssl.clmp.r1r2_fastp	66.1074	0.868534	331419064.0	0.485623	97.6703289171399	1.3997446240312341
Sgr-CMas_021-Ex1-cssl.clmp.r1r2_fastp	64.65990000000001	0.868463	260388099.0	0.486524	97.72935525853367	1.381210593293097
Sgr-CMas_022-Ex1-cssl.clmp.r1r2_fastp	63.9324	0.86732	501224142.0	0.486175	97.65176039367618	1.3950351954625466
Sgr-CMas_023-Ex1-cssl.clmp.r1r2_fastp	66.1147	0.869011	440942759.0	0.481908	97.71026387122588	1.4454026821053343
Sgr-CMas_024-Ex1-cssl.clmp.r1r2_fastp	66.2482	0.869128	482971665.0	0.481769	97.855567683835	1.4395538955304854
Sgr-CMas_026-Ex1-cssl.clmp.r1r2_fastp	64.7333	0.870144	349290687.0	0.485355	97.79311417223818	1.4049548321128158
Sgr-CMas_028-Ex1-cssl.clmp.r1r2_fastp	66.0676	0.869175	554090547.0	0.485504	97.65832460057291	1.4860850050736174
Sgr-CMas_030-Ex1-cssl.clmp.r1r2_fastp	65.6917	0.868996	569545190.0	0.493997	97.64467723813807	1.4529150532279833
Sgr-CMas_031-Ex1-cssl.clmp.r1r2_fastp	64.86800000000001	0.865895	331043875.0	0.486086	97.61209868306089	1.3534130804301896
Sgr-CMas_032-Ex1-cssl.clmp.r1r2_fastp	60.953599999999994	0.872644	497799336.0	0.486854	97.70897893796942	1.5421470402857291
Sgr-CMas_033-Ex1-cssl.clmp.r1r2_fastp	59.117	0.871877	195772780.0	0.488058	97.76624385852418	1.4856320252750659
Sgr-CMas_034-Ex1-cssl.clmp.r1r2_fastp	62.9102	0.867098	611637735.0	0.486907	97.50962064657091	1.3410332265516678
Sgr-CMas_035-Ex1-cssl.clmp.r1r2_fastp	62.0541	0.867921	469995932.0	0.486411	97.59398793458234	1.3597422647583952
Sgr-CMas_036-Ex1-cssl.clmp.r1r2_fastp	65.44529999999999	0.871184	377813777.0	0.488147	97.8987760589878	1.3623410442183717
Sgr-CMas_038-Ex1-cssl.clmp.r1r2_fastp	62.7599	0.876853	637542264.0	0.486853	97.82613418599763	1.7733167963490837
Sgr-CMas_040-Ex1-cssl.clmp.r1r2_fastp	64.4216	0.867002	531530906.0	0.479261	97.47686204069623	1.3720435159336828
Sgr-CMas_042-Ex1-cssl.clmp.r1r2_fastp	62.707100000000004	0.868929	313189026.0	0.484102	97.75822417492456	1.3422613648671726
Sgr-CMas_043-Ex1-cssl.clmp.r1r2_fastp	63.282000000000004	0.868475	533246477.0	0.494376	97.72359340490964	1.413327617134358
Sgr-CMas_044-Ex1-cssl.clmp.r1r2_fastp	63.0479	0.868278	273530986.0	0.489629	97.85198518831123	1.361572336482201
Sgr-CMas_045-Ex1-cssl.clmp.r1r2_fastp	61.5288	0.869306	465335583.0	0.48881	97.6606912227673	1.4345711453383363
Sgr-CMas_046-Ex1-cssl.clmp.r1r2_fastp	10.155100000000001	0.91401	18233462.0	0.46356	98.89057627433023	1.7041304877059158
Sgr-CMas_047-Ex1-cssl.clmp.r1r2_fastp	64.7999	0.866923	781762926.0	0.481523	97.63324909755016	1.3307791560302051
Sgr-CMas_048-Ex1-cssl.clmp.r1r2_fastp	63.56810000000001	0.869751	306962399.0	0.485475	97.67568592937373	1.3081472315821436
Sgr-CMas_049-Ex1-cssl.clmp.r1r2_fastp	59.319	0.864298	589943980.0	0.483323	97.41330484870363	1.3645591498933063
Sgr-CMas_050-Ex1-cssl.clmp.r1r2_fastp	64.1377	0.869124	673829341.0	0.487111	97.68224184917442	1.4809884044916373
Sgr-CMas_052-Ex1-cssl.clmp.r1r2_fastp	67.74860000000001	0.870659	341177778.0	0.489307	98.00300010688342	1.3266443153380156
Sgr-CMas_054-Ex1-cssl.clmp.r1r2_fastp	66.2699	0.868606	400809867.0	0.486863	97.93866969429025	1.3048778573633515
Sgr-CMas_055-Ex1-cssl.clmp.r1r2_fastp	14.0339	0.903387	9119414.0	0.472853	98.77452080621268	1.5441935628675316
Sgr-CMas_056-Ex1-cssl.clmp.r1r2_fastp	56.2214	0.87052	239858354.0	0.486276	97.71254888402824	1.4158343424305548
Sgr-CMas_057-Ex1-cssl.clmp.r1r2_fastp	64.7887	0.870972	288257142.0	0.48847	97.99111061693138	1.3620097379416893
Sgr-CMas_058-Ex1-cssl.clmp.r1r2_fastp	64.5829	0.869008	639985513.0	0.484946	97.63996949589425	1.3367688441327463
Sgr-CMas_059-Ex1-cssl.clmp.r1r2_fastp	67.3504	0.874365	304889732.0	0.481602	98.04139632063293	1.391324335409848
Sgr-CMas_061-Ex1-cssl.clmp.r1r2_fastp	65.8419	0.870381	506541094.0	0.483912	97.78687208982245	1.365033876358568
Sgr-CMas_062-Ex1-cssl.clmp.r1r2_fastp	61.59010000000001	0.865917	470512971.0	0.483577	97.63310920513906	1.3264153607228575
Sgr-CMas_063-Ex1-cssl.clmp.r1r2_fastp	63.24849999999999	0.866744	794400676.0	0.483094	97.5052334797813	1.4312098074876873
Sgr-CMas_065-Ex1-cssl.clmp.r1r2_fastp	60.9701	0.868597	251277382.0	0.481495	97.46453906540334	1.439978688907379
Sgr-CMas_067-Ex1-cssl.clmp.r1r2_fastp	64.751	0.871937	315000513.0	0.486744	97.80768981883047	1.495071877575752
Sgr-CMas_069-Ex1-cssl.clmp.r1r2_fastp	62.574799999999996	0.869112	289908672.0	0.49123	97.67638615671125	1.2987330117204137
Sgr-CMas_071-Ex1-cssl.clmp.r1r2_fastp	62.609	0.869295	277649111.0	0.485712	97.63101139666279	1.3708529393464852
Sgr-CMas_074-Ex1-cssl.clmp.r1r2_fastp	63.457699999999996	0.866715	348004065.0	0.484974	97.879907259398	1.2824491939018927
Sgr-CMas_077-Ex1-cssl.clmp.r1r2_fastp	61.421899999999994	0.86734	588749905.0	0.485737	97.49305856597314	1.4834325500776762
Sgr-CMas_083-Ex1-cssl.clmp.r1r2_fastp	63.7637	0.869281	489968633.0	0.48681	97.74732687098044	1.3872064217218334
Sgr-CMas_090-Ex1-cssl.clmp.r1r2_fastp	66.8925	0.868349	376472249.0	0.492808	97.89242367933817	1.4215247361350773
Sgr-CMas_091-Ex1-cssl.clmp.r1r2_fastp	63.6965	0.877025	3992443452.0	0.475199	97.73300283895333	1.5805861574502127
Sgr-CMas_092-Ex1-cssl.clmp.r1r2_fastp	61.055800000000005	0.876472	204591951.0	0.487229	98.00440202456666	1.3224305739142062
Sgr-CMvi_001-Ex1-cssl.clmp.r1r2_fastp	64.8613	0.868096	244816769.0	0.488266	97.70601812462095	1.2143583299518743
Sgr-CMvi_003-Ex1-cssl.clmp.r1r2_fastp	66.3423	0.867284	402185396.0	0.482121	97.59390408363868	1.2785315539446735
Sgr-CMvi_004-Ex1-cssl.clmp.r1r2_fastp	59.3307	0.873412	116730361.0	0.482878	97.66524978888462	1.6050079931734933
Sgr-CMvi_005-Ex1-cssl.clmp.r1r2_fastp	53.8988	0.873217	246644543.0	0.472844	97.72460203503964	1.3416141894534583
Sgr-CMvi_007-Ex1-cssl.clmp.r1r2_fastp	60.5413	0.872379	160080237.0	0.486423	97.67791156334977	1.395981535579689
Sgr-CMvi_008-Ex1-cssl.clmp.r1r2_fastp	61.6235	0.869189	144375839.0	0.482553	97.59036845657891	1.3964050462025464
Sgr-CMvi_009-Ex1-cssl.clmp.r1r2_fastp	63.557900000000004	0.862746	256549764.0	0.484042	97.44981598563248	1.0813527897689528
Sgr-CMvi_010-Ex1-cssl.clmp.r1r2_fastp	64.1674	0.863905	442417671.0	0.487649	97.39721577167883	1.1986379660935376
Sgr-CMvi_012-Ex1-cssl.clmp.r1r2_fastp	63.3338	0.872115	472425294.0	0.480776	97.72473892310099	1.2747391049727375
Sgr-CMvi_013-Ex1-cssl.clmp.r1r2_fastp	36.0243	0.879236	37865359.0	0.48215	97.88126388958511	1.3612489626324906
Sgr-CMvi_015-Ex1-cssl.clmp.r1r2_fastp	61.6142	0.868758	159163593.0	0.476201	97.65002509252028	1.3120570230878024
Sgr-CMvi_016-Ex1-cssl.clmp.r1r2_fastp	55.5704	0.874556	79839174.0	0.480096	97.84015730291051	1.749431620342871
Sgr-CMvi_017-Ex1-cssl.clmp.r1r2_fastp	63.582499999999996	0.863809	647974678.0	0.483008	97.36216875599357	1.423579118895075
Sgr-CMvi_018-Ex1-cssl.clmp.r1r2_fastp	64.5386	0.86384	343358716.0	0.480568	97.40396922417665	1.1959144638499013
Sgr-CMvi_019-Ex1-cssl.clmp.r1r2_fastp	54.30199999999999	0.875968	98571905.0	0.47806	97.78171442257266	1.6630947809174585
Sgr-CMvi_020-Ex1-cssl.clmp.r1r2_fastp	47.2553	0.875442	81643261.0	0.484713	97.85268076230983	1.3881788810731228
Sgr-CMvi_023-Ex1-cssl.clmp.r1r2_fastp	18.4102	0.901627	14405952.0	0.467947	98.66415831765615	1.6785521576176516
Sgr-CMvi_024-Ex1-cssl.clmp.r1r2_fastp	61.538000000000004	0.867792	178569497.0	0.478832	97.49766954773963	1.3232507519670895
Sgr-CMvi_025-Ex1-cssl.clmp.r1r2_fastp	65.0155	0.868028	217134890.0	0.482372	97.72031813183834	1.355955603548166
Sgr-CMvi_027-Ex1-cssl.clmp.r1r2_fastp	62.086200000000005	0.868939	213294798.0	0.488133	97.47586729689614	1.5872755627267037
Sgr-CMvi_028-Ex1-cssl.clmp.r1r2_fastp	60.1753	0.870072	425384929.0	0.482014	97.53980738402903	1.4382926152207132
Sgr-CMvi_030-Ex1-cssl.clmp.r1r2_fastp	18.2244	0.900472	19832978.0	0.466018	98.64335491319946	1.7854933817162177
Sgr-CMvi_032-Ex1-cssl.clmp.r1r2_fastp	35.8857	0.891642	79366694.0	0.471204	98.27916224323116	1.6234118653087053
Sgr-CMvi_033-Ex1-cssl.clmp.r1r2_fastp	64.2663	0.863562	492438699.0	0.480663	97.37124152588925	1.3677519699036609
Sgr-CMvi_034-Ex1-cssl.clmp.r1r2_fastp	40.996	0.882432	43776678.0	0.479285	98.00279241892082	1.545492755653682
Sgr-CMvi_036-Ex1-cssl.clmp.r1r2_fastp	63.5433	0.867282	443878948.0	0.484215	97.52208666386201	1.3311278540559146
Sgr-CMvi_038-Ex1-cssl.clmp.r1r2_fastp	44.8439	0.88619	80270149.0	0.47796	98.20029389314959	1.559295279536002
Sgr-CMvi_042-Ex1-cssl.clmp.r1r2_fastp	46.0599	0.875372	43424929.0	0.485663	97.87421682310014	1.4018442513725282
Sgr-CMvi_043-Ex1-cssl.clmp.r1r2_fastp	63.4494	0.866628	186416069.0	0.482282	97.41234014901407	1.3477726983563385
Sgr-CMvi_044-Ex1-cssl.clmp.r1r2_fastp	62.6598	0.862909	248614351.0	0.481546	97.34917238411272	1.175902629180493
Sgr-CMvi_046-Ex1-cssl.clmp.r1r2_fastp	58.19069999999999	0.871418	218686675.0	0.485711	97.57786512885123	1.5033745176224809
Sgr-CMvi_047-Ex1-cssl.clmp.r1r2_fastp	64.46	0.868113	334798529.0	0.482027	97.55682289279831	1.1497946772264296
Sgr-CMvi_049-Ex1-cssl.clmp.r1r2_fastp	61.534800000000004	0.871316	219205609.0	0.500595	97.65874986610578	1.4529714780949043
Sgr-CMvi_051-Ex1-cssl.clmp.r1r2_fastp	44.8648	0.879835	114956214.0	0.469925	97.89226824615857	1.5663010930735535
Sgr-CMvi_052-Ex1-cssl.clmp.r1r2_fastp	41.7806	0.875863	53270675.0	0.46505	98.04291214672567	1.3739555541354465
Sgr-CMvi_053-Ex1-cssl.clmp.r1r2_fastp	63.6463	0.868363	393410245.0	0.478198	97.5835943321013	1.2817607376333322
Sgr-CMvi_054-Ex1-cssl.clmp.r1r2_fastp	63.7791	0.864129	309835718.0	0.481644	97.4264076081851	1.36706122245984
Sgr-CMvi_055-Ex1-cssl.clmp.r1r2_fastp	62.892700000000005	0.866752	155078133.0	0.495627	97.71086991684004	1.1206516707289185
Sgr-CMvi_057-Ex1-cssl.clmp.r1r2_fastp	61.6528	0.877246	151095759.0	0.479649	97.79452995287083	1.6083546914448112
Sgr-CMvi_058-Ex1-cssl.clmp.r1r2_fastp	65.7181	0.863664	580548566.0	0.479953	97.23729528596907	1.2656909291530043
Sgr-CMvi_060-Ex1-cssl.clmp.r1r2_fastp	53.575700000000005	0.87288	74830698.0	0.480804	97.9473604641544	1.3845903706218106
Sgr-CMvi_061-Ex1-cssl.clmp.r1r2_fastp	49.3044	0.880849	50354200.0	0.480751	97.98035614867504	1.523561819133643
Sgr-CMvi_063-Ex1-cssl.clmp.r1r2_fastp	63.574299999999994	0.868729	191370615.0	0.483694	97.52380762043708	1.3024936240988523
Sgr-CMvi_064-Ex1-cssl.clmp.r1r2_fastp	57.6242	0.875636	327179881.0	0.473553	97.55408275767562	1.8167944637195483
Sgr-CMvi_065-Ex1-cssl.clmp.r1r2_fastp	50.674699999999994	0.871559	94951758.0	0.484971	97.72869310966979	1.4129140966779514
Sgr-CMvi_066-Ex1-cssl.clmp.r1r2_fastp	58.406800000000004	0.875449	79539636.0	0.483063	98.00352334875893	1.419856962557846
Sgr-CMvi_067-Ex1-cssl.clmp.r1r2_fastp	38.1909	0.886651	30343805.0	0.486912	97.99231422007271	1.6516837653422378
Sgr-CMvi_070-Ex1-cssl.clmp.r1r2_fastp	60.04730000000001	0.876266	140567133.0	0.479496	97.91507277045675	1.4864854866038728
Sgr-CMvi_071-Ex1-cssl.clmp.r1r2_fastp	63.0077	0.868692	329218544.0	0.48152	97.58972387435266	1.343766254325064
Sgr-CMvi_072-Ex1-cssl.clmp.r1r2_fastp	64.9667	0.868032	314546713.0	0.490662	97.43542004794843	1.314466961588639
Sgr-CMvi_074-Ex1-cssl.clmp.r1r2_fastp	53.405499999999996	0.881644	71512204.0	0.477205	98.06524494090797	1.640871843980985
Sgr-CMvi_076-Ex1-cssl.clmp.r1r2_fastp	65.57600000000001	0.862409	247054412.0	0.481677	97.61865260150736	1.0068891481499553
Sgr-CMvi_077-Ex1-cssl.clmp.r1r2_fastp	62.969699999999996	0.869585	235585939.0	0.486308	97.54776561056636	1.203678035539655
Sgr-CMvi_083-Ex1-cssl.clmp.r1r2_fastp	38.5428	0.8854	34883988.0	0.478157	98.10641434520349	1.6604114907288308
Sgr-CMvi_084-Ex1-cssl.clmp.r1r2_fastp	19.4349	0.903578	15542119.0	0.470647	98.82478777129396	1.5570208099216074
Sgr-CMvi_085-Ex1-cssl.clmp.r1r2_fastp	63.2691	0.870926	175147913.0	0.489696	97.73036968112784	1.3439277165961667
Sgr-CMvi_086-Ex1-cssl.clmp.r1r2_fastp	57.1022	0.883349	79835675.0	0.48023	98.14710357176125	1.5248036100559932
Sgr-CMvi_087-Ex1-cssl.clmp.r1r2_fastp	54.201	0.87059	73500528.0	0.476734	97.66154111955771	1.4046302695231514
Sgr-CMvi_088-Ex1-cssl.clmp.r1r2_fastp	45.6356	0.881149	36442417.0	0.477455	98.12506140944059	1.435102503193291
Sgr-CMvi_089-Ex1-cssl.clmp.r1r2_fastp	64.6957	0.865206	418481056.0	0.48368	97.44090815106937	1.3226387214878992
Sgr-CMvi_092-Ex1-cssl.clmp.r1r2_fastp	10.7466	0.908628	15546116.0	0.463834	98.94558639259911	1.9302034178463836
